{"region": {"us": {"histType": {"histogram": {"labels": ["0", "100", "200", "300", "400", "500", "600", "700", "800", "900", "1000", "1100", "1200", "1300", "1400", "1500", "1600", "1700", "1800", "1900", "2000", "2100", "2200", "2300", "2400", "2500", "2600", "2700", "2800", "2900", "3000", "3100", "3200"], "data": [[0.0, 0.0, 0.0027816411682892906, 0.005563282336578581, 0.004172461752433936, 0.006954102920723227, 0.012517385257301807, 0.013908205841446454, 0.03616133518776078, 0.048678720445062586, 0.08205841446453407, 0.10152990264255911, 0.11821974965229486, 0.13212795549374132, 0.13212795549374132, 0.09874826147426982, 0.06675938803894298, 0.043115438108484005, 0.04450625869262865, 0.01808066759388039, 0.013908205841446454, 0.008344923504867872, 0.004172461752433936, 0.005563282336578581, 0.0, 0.0, 0.0, 0.0, 0.0, 0.0, 0.0, 0.0, 0.0], [0.0, 0.00025246149962130775, 0.00025246149962130775, 0.00025246149962130775, 0.001009845998485231, 0.002019691996970462, 0.004796768492804847, 0.009341075485988387, 0.01565261297652108, 0.028780610956829083, 0.03837414794243878, 0.05478414541782378, 0.08255491037616763, 0.0941681393587478, 0.1300176723049735, 0.13607674829588487, 0.14390305478414542, 0.08331229487503156, 0.1045190608432214, 0.03357737944963393, 0.017167381974248927, 0.00681646048977531, 0.004039383993940924, 0.002777076495834385, 0.0017672304973491543, 0.0017672304973491543, 0.001009845998485231, 0.001009845998485231, 0.0, 0.0, 0.0, 0.0, 0.0], [0.00011924636298592893, 0.0, 0.0, 0.00023849272597185786, 0.00023849272597185786, 0.00023849272597185786, 0.00023849272597185786, 0.0005962318149296446, 0.0025041736227045075, 0.003458144526591939, 0.005246839971380873, 0.007035535416169807, 0.012043882661578822, 0.019198664440734557, 0.025041736227045076, 0.03863582160744097, 0.08824230860958741, 0.16145957548294776, 0.36870975435249226, 0.08728833770569998, 0.052229906987836874, 0.06081564512282375, 0.023849272597185785, 0.009778201764846173, 0.019317910803720487, 0.006320057238254234, 0.0023849272597185785, 0.004173622704507512, 0.00011924636298592893, 0.0004769854519437157, 0.0, 0.0, 0.0], [0.0, 0.0, 0.0, 0.0, 0.0001162655505173817, 0.0, 0.0008138588536216719, 0.0017439832577607255, 0.004766887571212649, 0.007906057435181956, 0.011510289501220789, 0.01302174165794675, 0.026159748866410884, 0.0286013254272759, 0.04243692593884432, 0.05069178002557842, 0.07092198581560284, 0.043483315893500754, 0.26671317288687363, 0.1542843855365655, 0.08940820834786653, 0.09731426578304848, 0.0324380885943495, 0.013603069410533658, 0.027903732124171608, 0.006743401930008139, 0.004650622020695268, 0.001976514358795489, 0.0027903732124171608, 0.0, 0.0, 0.0, 0.0], [0.0, 0.0, 0.0, 0.0, 0.010256410256410256, 0.005128205128205128, 0.03076923076923077, 0.02564102564102564, 0.05641025641025641, 0.05128205128205128, 0.07179487179487179, 0.09230769230769231, 0.10256410256410256, 0.11794871794871795, 0.09230769230769231, 0.10256410256410256, 0.07692307692307693, 0.03076923076923077, 0.06153846153846154, 0.03076923076923077, 0.035897435897435895, 0.005128205128205128, 0.0, 0.0, 0.0, 0.0, 0.0, 0.0, 0.0, 0.0, 0.0, 0.0, 0.0], [0.0, 0.0, 0.0, 0.0, 0.0, 0.0, 0.0, 0.0013837147418839808, 0.0012772751463544438, 0.004683342203299627, 0.007131452900478978, 0.011495476317189994, 0.02160723789249601, 0.0679084619478446, 0.12208621607237892, 0.14922831293241084, 0.1775412453432677, 0.11048430015965939, 0.14976051091005854, 0.05588078765300692, 0.033102714209686, 0.0397019691325173, 0.015327301756253327, 0.00808940926024481, 0.012240553485896753, 0.004789781798829164, 0.0028738690792974985, 0.0013837147418839808, 0.0013837147418839808, 0.0006386375731772219, 0.0, 0.0, 0.0], [0.0, 0.0, 0.00040510431436094796, 0.002228073728985214, 0.0016204172574437918, 0.0034433866720680576, 0.007089325501316589, 0.01276078590236986, 0.019039902774964552, 0.03564917966376342, 0.05003038282357707, 0.06886773344136116, 0.09357909661737898, 0.11322665586388495, 0.12153129430828438, 0.12011342920802107, 0.1199108770508406, 0.06704476402673688, 0.07251367227060969, 0.028762406319627305, 0.017622037674701236, 0.01579906826007697, 0.008304638444399434, 0.005063803929511849, 0.006481669029775167, 0.0036459388292485314, 0.0024306258861656878, 0.0014178651002633178, 0.0010127607859023698, 0.00020255215718047398, 0.00020255215718047398, 0.0, 0.0], [0.002688172043010753, 0.002688172043010753, 0.0, 0.008064516129032258, 0.005376344086021506, 0.01881720430107527, 0.013440860215053764, 0.03763440860215054, 0.056451612903225805, 0.12365591397849462, 0.11559139784946236, 0.12903225806451613, 0.09946236559139784, 0.11021505376344086, 0.06989247311827956, 0.06989247311827956, 0.051075268817204304, 0.013440860215053764, 0.024193548387096774, 0.03225806451612903, 0.010752688172043012, 0.002688172043010753, 0.002688172043010753, 0.0, 0.0, 0.0, 0.0, 0.0, 0.0, 0.0, 0.0, 0.0, 0.0], [0.00021161781822029416, 0.00021161781822029416, 0.0005290445455507353, 0.0003174267273304412, 0.0005290445455507353, 0.0012697069093217648, 0.0015871336366522061, 0.00433816527351603, 0.007724050365040736, 0.01629457200296265, 0.02571156491376574, 0.0343878954607978, 0.041371283462067504, 0.04613268437202413, 0.0579832821923606, 0.0665538038302825, 0.20304729658237222, 0.13268437202412442, 0.14527563220823192, 0.06475505237541002, 0.042852608189609565, 0.04253518146227912, 0.02169082636758015, 0.012908686911437943, 0.018199132366945297, 0.005078827637287059, 0.002433604909533383, 0.002962649455084118, 0.0004232356364405883, 0.0, 0.0, 0.0, 0.0], [0.0, 0.0, 0.0, 0.0, 0.0003913894324853229, 0.0007827788649706458, 0.0011741682974559687, 0.0015655577299412916, 0.0023483365949119373, 0.00939334637964775, 0.012915851272015656, 0.01604696673189824, 0.022309197651663407, 0.037573385518591, 0.06183953033268102, 0.07827788649706457, 0.10371819960861056, 0.08845401174168298, 0.17729941291585127, 0.06966731898238747, 0.0735812133072407, 0.09706457925636008, 0.043052837573385516, 0.016829745596868884, 0.04735812133072407, 0.0136986301369863, 0.01213307240704501, 0.008610567514677104, 0.0027397260273972603, 0.0011741682974559687, 0.0, 0.0, 0.0], [0.0, 0.0, 0.000177367860943597, 0.0, 0.0008868393047179851, 0.000532103582830791, 0.0012415750266051792, 0.004434196523589925, 0.008513657325292657, 0.014721532458318552, 0.02146151117417524, 0.029975168499467898, 0.0535650940049663, 0.06367506207875133, 0.1012770485987939, 0.1250443419652359, 0.15306846399432422, 0.09648811635331678, 0.14402270308620077, 0.06190138346931536, 0.03742461865909897, 0.03742461865909897, 0.012770485987938986, 0.00833628946434906, 0.013479957431713374, 0.0033699893579283435, 0.002837885775097552, 0.001418942887548776, 0.0019510464703795672, 0.0, 0.0, 0.0, 0.0], [0.0, 0.0, 0.00042710706150341686, 0.00042710706150341686, 0.00042710706150341686, 0.003274487471526196, 0.006264236902050114, 0.012528473804100227, 0.021212984054669703, 0.03630410022779043, 0.05908314350797267, 0.07431662870159453, 0.09766514806378132, 0.1191628701594533, 0.13838268792710706, 0.1217255125284738, 0.10335990888382687, 0.06007972665148064, 0.06235763097949886, 0.0270501138952164, 0.018223234624145785, 0.015375854214123007, 0.007972665148063782, 0.00412870159453303, 0.0038439635535307518, 0.0035592255125284737, 0.0014236902050113896, 0.0002847380410022779, 0.0011389521640091116, 0.0, 0.0, 0.0, 0.0], [0.0, 0.0, 0.0, 0.0, 0.00012717792191275595, 0.0005087116876510238, 0.0016533129848658272, 0.0020348467506040952, 0.004324049345033702, 0.00534147272033575, 0.01348085972275213, 0.019585399974564415, 0.027851964898893553, 0.03370214930688033, 0.04832761032684726, 0.04489380643520285, 0.22446903217601424, 0.15426681928017297, 0.21404044257916827, 0.07503497392852601, 0.03980668955869261, 0.041841536309296705, 0.016151596082920005, 0.010555767518758743, 0.01348085972275213, 0.0038153376573826785, 0.0017804909067785832, 0.0010174233753020476, 0.0019076688286913392, 0.0, 0.0, 0.0, 0.0], [0.00020644095788604458, 0.0, 0.0, 0.00010322047894302229, 0.00010322047894302229, 0.00030966143682906687, 0.0012386457473162675, 0.0015483071841453345, 0.004232039636663914, 0.00990916597853014, 0.015999174236168454, 0.019095788604459124, 0.02518579686209744, 0.06358381502890173, 0.14058629232039638, 0.14781172584640792, 0.17031379025598678, 0.11003303055326177, 0.13604459124690338, 0.054810074318744836, 0.030656482246077622, 0.03230800990916598, 0.012283236994219654, 0.005780346820809248, 0.009289843104872006, 0.003199834847233691, 0.0019611890999174236, 0.002167630057803468, 0.0005161023947151115, 0.0006193228736581337, 0.00010322047894302229, 0.0, 0.0], [0.0, 0.0, 0.0, 0.00018008283810552856, 0.0005402485143165856, 0.00018008283810552856, 0.0012605798667386999, 0.0018008283810552854, 0.0039618224383216275, 0.006843147848010085, 0.014406627048442283, 0.025211597334773996, 0.043940212497748966, 0.0650099045560958, 0.09580406987214118, 0.11831442463533225, 0.15865298037097064, 0.11741401044480461, 0.15253016387538268, 0.07041238969926165, 0.043940212497748966, 0.03691698181163335, 0.015667206915180983, 0.006482982171799027, 0.010444804610120656, 0.0045020709526382135, 0.002881325409688457, 0.0009004141905276427, 0.0009004141905276427, 0.0009004141905276427, 0.0, 0.0, 0.0], [0.0, 0.0, 0.0002482005460412013, 0.0002482005460412013, 0.001737403822288409, 0.003226607098535617, 0.0014892032762472078, 0.005460412012906428, 0.011417225117895259, 0.017622238768925293, 0.03077686770910896, 0.047158103747828244, 0.06602134524695955, 0.09257880367336808, 0.114668652271035, 0.12881608339538347, 0.1303052866716307, 0.0955572102258625, 0.10225862496897493, 0.045420699925539834, 0.029535864978902954, 0.03127326880119136, 0.014147431124348473, 0.006453214197071234, 0.012410027302060065, 0.005460412012906428, 0.0022338049143708115, 0.002730206006453214, 0.0004964010920824026, 0.0002482005460412013, 0.0, 0.0, 0.0], [0.00018501387604070305, 0.0, 0.0005550416281221092, 0.0012950971322849213, 0.0005550416281221092, 0.0014801110083256244, 0.003515263644773358, 0.007030527289546716, 0.011840888066604995, 0.019796484736355226, 0.03200740055504163, 0.052543940795559664, 0.07474560592044403, 0.10212765957446808, 0.12432932469935246, 0.12784458834412582, 0.13617021276595745, 0.07937095282146162, 0.11304347826086956, 0.039777983348751156, 0.023311748381128584, 0.022941720629047178, 0.009990749306197965, 0.004810360777058279, 0.005180388529139685, 0.0018501387604070306, 0.0007400555041628122, 0.0012950971322849213, 0.0012950971322849213, 0.0003700277520814061, 0.0, 0.0, 0.0], [0.0, 0.0, 0.00012537612838515547, 0.00025075225677031093, 0.00037612838515546637, 0.00025075225677031093, 0.0008776328986960883, 0.001629889669007021, 0.0027582748244734203, 0.0062688064192577735, 0.01241223671013039, 0.014543630892678034, 0.027457372116349046, 0.03385155466399198, 0.1453109327983952, 0.1570962888665998, 0.17414744232698096, 0.11246238716148445, 0.17527582748244735, 0.047642928786359076, 0.025325977933801404, 0.028836509528585758, 0.010280842527582748, 0.006394182547642928, 0.008650952858575728, 0.0031344032096288867, 0.0012537612838515546, 0.0010030090270812437, 0.001880641925777332, 0.0005015045135406219, 0.0, 0.0, 0.0], [0.0, 0.0, 0.0, 0.006211180124223602, 0.006211180124223602, 0.006211180124223602, 0.0, 0.018633540372670808, 0.049689440993788817, 0.09316770186335403, 0.062111801242236024, 0.08074534161490683, 0.07453416149068323, 0.062111801242236024, 0.043478260869565216, 0.12422360248447205, 0.08695652173913043, 0.08695652173913043, 0.037267080745341616, 0.043478260869565216, 0.049689440993788817, 0.012422360248447204, 0.031055900621118012, 0.0, 0.006211180124223602, 0.006211180124223602, 0.0, 0.012422360248447204, 0.0, 0.0, 0.0, 0.0, 0.0], [0.00022224691632403602, 0.00011112345816201801, 0.0, 0.0, 0.0, 0.00011112345816201801, 0.00022224691632403602, 0.001000111123458162, 0.002333592621402378, 0.004556061784642738, 0.007556395155017224, 0.009889987776419602, 0.021780197799755527, 0.029781086787420825, 0.05167240804533837, 0.1593510390043338, 0.22669185465051672, 0.14968329814423825, 0.15468385376152907, 0.06522946994110457, 0.03755972885876208, 0.03755972885876208, 0.013557061895766196, 0.006889654406045116, 0.010890098899877763, 0.004000444493832648, 0.001889098788754306, 0.00222246916324036, 0.00055561729081009, 0.0, 0.0, 0.0, 0.0], [0.0, 0.0, 0.0, 0.00012020675561966583, 0.0, 0.00012020675561966583, 0.0009616540449573266, 0.0003606202668589975, 0.0012020675561966582, 0.0022839283567736507, 0.004447649957927635, 0.006731578314701286, 0.011419641783868253, 0.01610770525303522, 0.027767760548142804, 0.10337780983291261, 0.1886043995672557, 0.15146051208077893, 0.21228513042432984, 0.0918379612934247, 0.05830027647553793, 0.0576992426974396, 0.02043514845534319, 0.01093881476138959, 0.01959370116600553, 0.007332612092799616, 0.003365789157350643, 0.0009616540449573266, 0.0015626878230556556, 0.00024041351123933166, 0.0004808270224786633, 0.0, 0.0], [0.00019710259189908348, 9.855129594954174e-05, 0.0, 0.00019710259189908348, 0.00019710259189908348, 0.0005913077756972504, 0.0007884103675963339, 0.001872474623041293, 0.002956538878486252, 0.005617423869123879, 0.009953680890903715, 0.013304424953188135, 0.017443579383068886, 0.024637823987385433, 0.033704543214743275, 0.14112545579974375, 0.1683256134818173, 0.13945008376860155, 0.190105449886666, 0.08534542229230314, 0.05104957130186262, 0.05735685424263329, 0.02138563122105056, 0.011136296442298216, 0.014388489208633094, 0.00453335961367892, 0.0023652311027890015, 0.001478269439243126, 0.00039420518379816696, 0.0, 0.0, 0.0, 0.0], [0.0, 0.0, 0.0, 0.0014388489208633094, 0.0014388489208633094, 0.0, 0.0, 0.007194244604316547, 0.007194244604316547, 0.0057553956834532375, 0.012949640287769784, 0.025899280575539568, 0.04316546762589928, 0.08633093525179857, 0.1223021582733813, 0.17410071942446043, 0.17410071942446043, 0.1237410071942446, 0.12086330935251799, 0.04892086330935252, 0.02302158273381295, 0.012949640287769784, 0.0014388489208633094, 0.007194244604316547, 0.0, 0.0, 0.0, 0.0, 0.0, 0.0, 0.0, 0.0, 0.0], [0.0, 0.0, 0.0, 9.189487226612754e-05, 0.0, 9.189487226612754e-05, 0.00027568461679838266, 0.0007351589781290203, 0.001654107700790296, 0.00487042823010476, 0.007351589781290204, 0.01240580775592722, 0.02141150523800772, 0.027568461679838265, 0.04061753354162838, 0.048612387428781476, 0.08757581326961955, 0.16724866752435213, 0.2845065245359309, 0.0967653004962323, 0.05890461312258776, 0.07608895423635362, 0.020124977026281934, 0.010292225693806285, 0.02021687189854806, 0.00523800771916927, 0.002481161551185444, 0.0023892666789193163, 0.0022973718066531886, 0.0001837897445322551, 0.0, 0.0, 0.0], [9.953219866626854e-05, 9.953219866626854e-05, 9.953219866626854e-05, 0.0, 0.0003981287946650742, 0.0003981287946650742, 0.00029859659599880563, 0.0008957897879964168, 0.001094854185328954, 0.005175674330645964, 0.00955509107196178, 0.019209714342589827, 0.03254702896386981, 0.044789489399820845, 0.06479546133174081, 0.0762416641783617, 0.09604857171294914, 0.20812182741116753, 0.23021797551507914, 0.09147009057430079, 0.0458843435851498, 0.04160445904250025, 0.014830297601274012, 0.006370060714641187, 0.0041803523439832785, 0.0017915795759928337, 0.00338409475465313, 0.0003981287946650742, 0.0, 0.0, 0.0, 0.0, 0.0], [0.0, 0.00010694043417816276, 0.0, 0.00010694043417816276, 0.00010694043417816276, 0.0005347021708908138, 0.0007485830392471393, 0.0017110469468506041, 0.0023526895519195806, 0.004598438669660999, 0.008448294300074858, 0.013902256443161159, 0.0502620040637365, 0.0833065982247888, 0.11196663458453641, 0.14051973051010588, 0.15827184258368088, 0.11592343064912844, 0.13806010052400813, 0.06384343920436317, 0.03914019890920757, 0.03400705806865576, 0.014650839482408298, 0.006309485616511603, 0.005881723879798952, 0.0025665704202759063, 0.0012832852101379532, 0.001390225644316116, 0.0, 0.0, 0.0, 0.0, 0.0], [0.0, 0.0, 0.0, 0.0, 0.00023869196801527628, 0.0, 0.000835421888053467, 0.002386919680152763, 0.0048931853443131635, 0.007876834944504118, 0.016589091777061703, 0.025420694593626926, 0.042129132354696265, 0.06719178899630028, 0.10347296813462227, 0.12567132116004295, 0.15312089748179974, 0.09822174483828619, 0.16660699367466283, 0.05955364601981143, 0.0372359470103831, 0.03854875283446712, 0.01599236185702351, 0.006564029120420098, 0.012650674304809643, 0.005012531328320802, 0.0040577634562596965, 0.002386919680152763, 0.0020288817281298483, 0.00047738393603055255, 0.000835421888053467, 0.0, 0.0], [0.0, 0.00017250301880282904, 0.00017250301880282904, 0.0003450060376056581, 0.0010350181128169743, 0.0010350181128169743, 0.0017250301880282904, 0.0025875452820424355, 0.005520096601690529, 0.01794031395549422, 0.042435742625495945, 0.05968604450577885, 0.07900638261169571, 0.1045368293945144, 0.12609970674486803, 0.11833707089874072, 0.14628255994479902, 0.07745385544247024, 0.11471450750388132, 0.029843022252889425, 0.023805416594790407, 0.020872865275142316, 0.008452647921338624, 0.004485078488873555, 0.007072623770915991, 0.0020700362256339485, 0.0020700362256339485, 0.0003450060376056581, 0.0010350181128169743, 0.0008625150940141452, 0.0, 0.0, 0.0], [0.0, 0.0, 0.0, 0.0007262164124909223, 0.0009682885499878964, 0.002178649237472767, 0.0038731541999515854, 0.006778019849915275, 0.01355603969983055, 0.015250544662309368, 0.02638586298717018, 0.042846768336964415, 0.053982086661825225, 0.08206245461147423, 0.12345679012345678, 0.13168724279835392, 0.14911643669813604, 0.09610263858629872, 0.11038489469862019, 0.04793028322440087, 0.02783829581215202, 0.02251270878721859, 0.012345679012345678, 0.009682885499878963, 0.008714596949891068, 0.0031469377874606633, 0.002662793512466715, 0.0033890099249576375, 0.0014524328249818446, 0.0009682885499878964, 0.0, 0.0, 0.0], [0.00022426553038797938, 0.0, 0.0, 0.0, 0.00044853106077595876, 0.00044853106077595876, 0.0016819914779098452, 0.0033639829558196905, 0.004933841668535546, 0.009531285041489123, 0.01749271137026239, 0.041264857591388204, 0.08432383942588025, 0.11975779322718098, 0.14700605516932047, 0.1511549674814981, 0.1380354339538013, 0.08062345817447858, 0.0956492487104732, 0.034200493384166857, 0.02074456156088809, 0.02433281004709576, 0.009194886745907155, 0.004373177842565598, 0.00717649697241534, 0.002242655303879794, 0.0005606638259699485, 0.0008970621215519175, 0.00011213276519398969, 0.00022426553038797938, 0.0, 0.0, 0.0], [0.0, 0.0, 0.0, 0.0002827654460624912, 0.0001413827230312456, 0.0001413827230312456, 0.0014138272303124558, 0.00042414816909373674, 0.0021207408454686836, 0.004665629860031105, 0.007776049766718507, 0.00933125972006221, 0.014562420472218295, 0.06164286724162307, 0.11409585748621519, 0.13883783401668315, 0.1733352184363071, 0.11098543757952778, 0.1665488477308073, 0.05909797822706065, 0.03704227343418634, 0.04114237240209247, 0.018803902163155663, 0.007917432489749753, 0.01470380319524954, 0.004948395306093595, 0.005089778029124841, 0.0022621235684999294, 0.0018379753994061925, 0.0005655308921249824, 0.0002827654460624912, 0.0, 0.0], [0.0, 0.0, 0.00017247326664367022, 0.00034494653328734045, 0.0010348395998620215, 0.0013797861331493618, 0.002242152466367713, 0.004656778199379096, 0.0075888237323214905, 0.018282166264229044, 0.030355294929285962, 0.04173853052776819, 0.06795446705760608, 0.09106588478785788, 0.11693687478440842, 0.13194204898240772, 0.14556743704725766, 0.08968609865470852, 0.12383580545015523, 0.04501552259399793, 0.027423249396343566, 0.02190410486374612, 0.010348395998620214, 0.004656778199379096, 0.005519144532597447, 0.0012073128665056915, 0.002414625733011383, 0.003966885132804415, 0.0025870989996550535, 0.00017247326664367022, 0.0, 0.0, 0.0], [0.00011770244821092278, 0.0, 0.0, 0.0, 0.00011770244821092278, 0.001059322033898305, 0.0007062146892655367, 0.0023540489642184556, 0.002824858757062147, 0.005767419962335217, 0.014006591337099812, 0.021892655367231638, 0.03507532956685499, 0.0423728813559322, 0.058498116760828625, 0.11652542372881355, 0.20939265536723164, 0.1497175141242938, 0.1606638418079096, 0.07203389830508475, 0.04472693032015066, 0.0330743879472693, 0.013300376647834275, 0.005532015065913371, 0.005532015065913371, 0.0020009416195856874, 0.002236346516007533, 0.00035310734463276836, 0.00011770244821092278, 0.0, 0.0, 0.0, 0.0], [0.0, 0.0, 0.0, 0.00014887598630340925, 0.00014887598630340925, 0.00044662795891022776, 0.000595503945213637, 0.001637635849337502, 0.0026797677534613666, 0.005657287479529552, 0.023671281822242072, 0.032901592973053444, 0.06788744975435462, 0.0964716391246092, 0.13294625576894448, 0.14589846657734107, 0.1558731576596695, 0.10331993449456603, 0.1110614857823433, 0.042578532082775046, 0.02590442161679321, 0.02054488610987048, 0.00982581509602501, 0.0044662795891022775, 0.007741551287777281, 0.0025308917671579573, 0.0026797677534613666, 0.001191007890427274, 0.001191007890427274, 0.0, 0.0, 0.0, 0.0], [0.0, 0.0, 0.0, 0.00015489467162329616, 0.0, 0.00046468401486988845, 0.0009293680297397769, 0.0009293680297397769, 0.0023234200743494425, 0.0018587360594795538, 0.005266418835192069, 0.010997521685254027, 0.039962825278810406, 0.06412639405204461, 0.09216232961586121, 0.11771995043370508, 0.15566914498141263, 0.10982032218091697, 0.17967781908302355, 0.07032218091697645, 0.041666666666666664, 0.046158612143742256, 0.0202912019826518, 0.011152416356877323, 0.015799256505576207, 0.006350681536555143, 0.0027881040892193307, 0.0007744733581164808, 0.0023234200743494425, 0.0003097893432465923, 0.0, 0.0, 0.0], [0.0, 0.0, 0.0001162385214460072, 0.0, 0.0002324770428920144, 0.0003487155643380216, 0.0003487155643380216, 0.0012786237359060793, 0.001046146693014065, 0.0037196326862722305, 0.006741834243868418, 0.016157154480995, 0.026851098454027666, 0.044635592235266766, 0.05532953620829943, 0.15820062768801582, 0.18156457049866326, 0.10996164128792282, 0.18156457049866326, 0.064396140881088, 0.04417063814948274, 0.03998605137742648, 0.023596419853539462, 0.01208880623038475, 0.01627339300244101, 0.004533302336394281, 0.00290596303615018, 0.00209229338602813, 0.001046146693014065, 0.0008136696501220504, 0.0, 0.0, 0.0], [0.0, 0.0, 0.0, 0.0, 9.473285335354301e-05, 9.473285335354301e-05, 9.473285335354301e-05, 0.0008525956801818871, 0.0017999242137173171, 0.004831375521030693, 0.00909435392194013, 0.01667298219022357, 0.028419856006062904, 0.03609321712769989, 0.054660856384994315, 0.058639636225843124, 0.07161803713527852, 0.07682834406972339, 0.3285335354300872, 0.11462675255778704, 0.06527093596059114, 0.07218643425539978, 0.018378173550587344, 0.008999621068586585, 0.019609700644183402, 0.0049261083743842365, 0.0029367184539598333, 0.0024630541871921183, 0.0017999242137173171, 0.00047366426676771507, 0.0, 0.0, 0.0], [0.0, 0.0, 0.0, 0.0, 0.0, 0.00010065425264217414, 0.0006039255158530448, 0.003019627579265224, 0.005334675390035229, 0.009864116758933065, 0.018117765475591345, 0.03361852038248616, 0.05052843482637141, 0.07710115752390538, 0.11444388525415199, 0.13628585807750376, 0.17362858580775037, 0.10920986411675894, 0.1553095118268747, 0.047710115752390536, 0.024458983392048314, 0.025666834423754403, 0.006945143432310015, 0.0033215903371917464, 0.002415702063412179, 0.0008052340211373931, 0.0006039255158530448, 0.0006039255158530448, 0.0003019627579265224, 0.0, 0.0, 0.0, 0.0], [0.0, 0.002976190476190476, 0.0, 0.002976190476190476, 0.005952380952380952, 0.020833333333333332, 0.020833333333333332, 0.03869047619047619, 0.08333333333333333, 0.05952380952380952, 0.050595238095238096, 0.07738095238095238, 0.08035714285714286, 0.11904761904761904, 0.125, 0.10714285714285714, 0.07738095238095238, 0.047619047619047616, 0.03869047619047619, 0.01488095238095238, 0.011904761904761904, 0.008928571428571428, 0.0, 0.005952380952380952, 0.0, 0.0, 0.0, 0.0, 0.0, 0.0, 0.0, 0.0, 0.0]]}, "ranks": {"labels": ["Unranked", "Combatatent I", "Combatatent II", "Challenger I", "Challenger II", "Rival I", "Rival II", "Duelist", "Elite"], "data": [[0.13073713490959665, 0.1835883171070932, 0.25034770514603616, 0.23087621696801114, 0.10987482614742698, 0.05702364394993046, 0.019471488178025034, 0.01808066759388039, 0.0], [0.06235799040646301, 0.09315829336026256, 0.17672304973491543, 0.26609442060085836, 0.22721534965917697, 0.1239585963140621, 0.03130522595304216, 0.01363292097955062, 0.00555415299166877], [0.0076317672310994514, 0.012282375387550679, 0.03124254710231338, 0.06367755783448605, 0.2497018840925352, 0.41616980682089194, 0.09205819222513713, 0.09444311948485572, 0.03279274982113046], [0.015347052668294385, 0.02453203115916754, 0.05476107429368678, 0.09312870596442274, 0.1144053017091036, 0.3500755726078363, 0.16033019416346936, 0.14335542378793165, 0.04406464364608766], [0.1794871794871795, 0.1641025641025641, 0.2205128205128205, 0.19487179487179487, 0.1076923076923077, 0.09230769230769231, 0.035897435897435895, 0.005128205128205128, 0.0], [0.007344332091538052, 0.018626929217668974, 0.0895156998403406, 0.2713145290047898, 0.2880255455029271, 0.18147951037786056, 0.0572645023948909, 0.06311868014901544, 0.0233102714209686], [0.08223617581527243, 0.11889811626493822, 0.20680575248126393, 0.24164472351630545, 0.18695564107757748, 0.09054081425967186, 0.028357302005266358, 0.02916751063398825, 0.015393963945716021], [0.26881720430107525, 0.2446236559139785, 0.20967741935483872, 0.13978494623655913, 0.06451612903225806, 0.04032258064516129, 0.026881720430107527, 0.005376344086021506, 0.0], [0.033012379642365884, 0.06009946037456354, 0.08750396783409163, 0.1245370860226431, 0.33573166860649667, 0.18188551476034281, 0.07099777801290869, 0.07713469474129722, 0.029097450005290446], [0.015655577299412915, 0.028962818003913895, 0.059882583170254404, 0.1401174168297456, 0.19217221135029355, 0.2117416829745597, 0.10880626223091977, 0.1569471624266145, 0.08571428571428572], [0.030507272082298687, 0.05143667967364313, 0.11724015608371763, 0.2263213905640298, 0.249556580347641, 0.18073785030152537, 0.06261085491308975, 0.05853139411138702, 0.02305782192266761], [0.08086560364464693, 0.1333997722095672, 0.21682801822323464, 0.26010820045558086, 0.16343963553530752, 0.07645216400911162, 0.03117881548974943, 0.027477220956719818, 0.010250569476082005], [0.013989571410403153, 0.033066259697316545, 0.06155411420577388, 0.0932214167620501, 0.3787358514561872, 0.2571537581075925, 0.07172834795879435, 0.06854889991097546, 0.02200178049090678], [0.017650701899256813, 0.03509496284062758, 0.08876961189099918, 0.28839801816680427, 0.28034682080924855, 0.16690751445086704, 0.05460363336085879, 0.05037159372419488, 0.017857142857142856], [0.01476679272465334, 0.03961822438321628, 0.10895011705384477, 0.21411849450747344, 0.27606699081577524, 0.1912479740680713, 0.075634792004322, 0.05906717089861336, 0.020529443544030253], [0.04144949118888062, 0.0779349714569372, 0.15860014892032762, 0.24348473566641846, 0.2258624968974932, 0.12707867957309507, 0.05013651030032266, 0.05187391412261107, 0.023579051873914122], [0.04625346901017576, 0.0845513413506013, 0.1768732654949121, 0.25217391304347825, 0.21554116558741906, 0.13728029602220165, 0.03885291396854764, 0.03774283071230342, 0.010730804810360777], [0.012537612838515547, 0.026955867602808426, 0.06130892678034102, 0.302407221664995, 0.2866098294884654, 0.20248244734202608, 0.045762286860581744, 0.04551153460381144, 0.016424272818455366], [0.18012422360248448, 0.14285714285714285, 0.13664596273291926, 0.16770186335403728, 0.17391304347826086, 0.055900621118012424, 0.07453416149068323, 0.043478260869565216, 0.024844720496894408], [0.008556506278475385, 0.017446382931436827, 0.051561284587176355, 0.21102344704967219, 0.376375152794755, 0.19346594066007333, 0.06400711190132237, 0.0580064451605734, 0.019557728636515167], [0.005048683736025965, 0.011179228272628922, 0.027527347036903474, 0.13114557038105543, 0.3400649116480346, 0.2631325880514485, 0.09929078014184398, 0.08907320591417238, 0.03353768481788676], [0.012516014585591801, 0.02325810584409185, 0.04208140337045432, 0.17482999901448704, 0.30777569725041887, 0.2370158667586479, 0.08948457672218389, 0.08987878190598206, 0.023159554548142308], [0.02302158273381295, 0.03884892086330935, 0.12949640287769784, 0.29640287769784174, 0.29784172661870506, 0.14964028776978416, 0.04316546762589928, 0.02158273381294964, 0.0], [0.007719169270354714, 0.019757397537217423, 0.048979966917845986, 0.08922992097040985, 0.2548244807939717, 0.34102187097959935, 0.09915456717515163, 0.10650615695644183, 0.03280646939900753], [0.008559769085299094, 0.028764805414551606, 0.07733651836369065, 0.14103712551010253, 0.30417039912411664, 0.2815765900268737, 0.08599581964765601, 0.06280481735841545, 0.009754155469294317], [0.010266281681103625, 0.022350550743236018, 0.1335686022885253, 0.2524863650946423, 0.27419527323280934, 0.17409902684204898, 0.0669447117955299, 0.05496738316757566, 0.011121805154528928], [0.016231053825038786, 0.042009786370688626, 0.10932092135099654, 0.22914428929466524, 0.2513426423200859, 0.19787564148466405, 0.06552094522019335, 0.06110514381191073, 0.027449576321756774], [0.03053303432810074, 0.1021217871312748, 0.1835432120062101, 0.24443677764360877, 0.22373641538726927, 0.13092979127134724, 0.0374331550802139, 0.033810591685354496, 0.013455235466620665], [0.043330912611958365, 0.0692326313241346, 0.13604454127329943, 0.2551440329218107, 0.24521907528443476, 0.1374969740982813, 0.048656499636891795, 0.04454127329944323, 0.020334059549745823], [0.020632428795694102, 0.058757568961650596, 0.20408163265306123, 0.29816102265081856, 0.21865889212827988, 0.11426328773267548, 0.03633101592285266, 0.037900874635568516, 0.011213276519398968], [0.009189876997030963, 0.017107309486780714, 0.07620528771384137, 0.25293369150289835, 0.28432065601583484, 0.19835996041283754, 0.06432913897921674, 0.06786370705499788, 0.029690371836561574], [0.035701966195239736, 0.07209382545705416, 0.15902035184546395, 0.24887892376681614, 0.2352535357019662, 0.15022421524663676, 0.04605036219385995, 0.03690927906174543, 0.01586754053121766], [0.012947269303201506, 0.03589924670433145, 0.0774482109227872, 0.1750235404896422, 0.3591101694915254, 0.20009416195856874, 0.07733050847457627, 0.05190677966101695, 0.010240112994350282], [0.011314574959059104, 0.05657287479529552, 0.16435908887896383, 0.27884472234628555, 0.2591930921542355, 0.13458389161828196, 0.044960547863629595, 0.034836980794997766, 0.015334226589251154], [0.006660470879801735, 0.016263940520446097, 0.10408921933085502, 0.2098822800495663, 0.26548946716232963, 0.2177819083023544, 0.07388475836431227, 0.07760223048327138, 0.028345724907063198], [0.00709054980820644, 0.02289898872486342, 0.07148669068929443, 0.21353016389631524, 0.29152621178658605, 0.2163198884110194, 0.07381146111821457, 0.07567127746135069, 0.027664768104149716], [0.007768093974990527, 0.025767336112163697, 0.06451307313376278, 0.11330049261083744, 0.1484463812050019, 0.39172034861690036, 0.11671087533156499, 0.0995642288745737, 0.03220917014020462], [0.018922999496728737, 0.051736285858077505, 0.1276295923502768, 0.25072974333165576, 0.2828384499245093, 0.18278812279818824, 0.04469048817312531, 0.03593356819325617, 0.004730749874182184], [0.23511904761904762, 0.12797619047619047, 0.19940476190476192, 0.23214285714285715, 0.125, 0.041666666666666664, 0.023809523809523808, 0.01488095238095238, 0.0]]}, "ranksDetailed": {"labels": ["Unranked", "Combatatant", "Challenger", "Rival", "Duelist", "Elite"], "data": [[0.13073713490959665, 0.4339360222531293, 0.34075104311543813, 0.07649513212795549, 0.01808066759388039, 0.0], [0.06235799040646301, 0.269881343095178, 0.49330977026003536, 0.15526382226710428, 0.01363292097955062, 0.00555415299166877], [0.0076317672310994514, 0.04352492248986406, 0.3133794419270212, 0.5082279990460291, 0.09444311948485572, 0.03279274982113046], [0.015347052668294385, 0.07929310545285433, 0.20753400767352634, 0.5104057667713057, 0.14335542378793165, 0.04406464364608766], [0.1794871794871795, 0.38461538461538464, 0.30256410256410254, 0.1282051282051282, 0.005128205128205128, 0.0], [0.007344332091538052, 0.10814262905800957, 0.5593400745077168, 0.23874401277275145, 0.06311868014901544, 0.0233102714209686], [0.08223617581527243, 0.32570386874620216, 0.4286003645938829, 0.11889811626493822, 0.02916751063398825, 0.015393963945716021], [0.26881720430107525, 0.4543010752688172, 0.20430107526881722, 0.06720430107526881, 0.005376344086021506, 0.0], [0.033012379642365884, 0.14760342820865516, 0.4602687546291398, 0.2528832927732515, 0.07713469474129722, 0.029097450005290446], [0.015655577299412915, 0.0888454011741683, 0.33228962818003915, 0.32054794520547947, 0.1569471624266145, 0.08571428571428572], [0.030507272082298687, 0.16867683575736075, 0.4758779709116708, 0.2433487052146151, 0.05853139411138702, 0.02305782192266761], [0.08086560364464693, 0.35022779043280183, 0.42354783599088835, 0.10763097949886105, 0.027477220956719818, 0.010250569476082005], [0.013989571410403153, 0.09462037390309043, 0.4719572682182373, 0.32888210606638685, 0.06854889991097546, 0.02200178049090678], [0.017650701899256813, 0.12386457473162675, 0.5687448389760529, 0.22151114781172584, 0.05037159372419488, 0.017857142857142856], [0.01476679272465334, 0.14856834143706105, 0.4901854853232487, 0.2668827660723933, 0.05906717089861336, 0.020529443544030253], [0.04144949118888062, 0.23653512037726482, 0.46934723256391164, 0.17721518987341772, 0.05187391412261107, 0.023579051873914122], [0.04625346901017576, 0.26142460684551344, 0.46771507863089734, 0.1761332099907493, 0.03774283071230342, 0.010730804810360777], [0.012537612838515547, 0.08826479438314945, 0.5890170511534604, 0.24824473420260781, 0.04551153460381144, 0.016424272818455366], [0.18012422360248448, 0.2795031055900621, 0.3416149068322981, 0.13043478260869565, 0.043478260869565216, 0.024844720496894408], [0.008556506278475385, 0.06900766751861317, 0.5873985998444271, 0.2574730525613957, 0.0580064451605734, 0.019557728636515167], [0.005048683736025965, 0.03870657530953239, 0.47121048202909005, 0.36242336819329246, 0.08907320591417238, 0.03353768481788676], [0.012516014585591801, 0.06533950921454618, 0.4826056962649059, 0.3265004434808318, 0.08987878190598206, 0.023159554548142308], [0.02302158273381295, 0.1683453237410072, 0.5942446043165468, 0.19280575539568345, 0.02158273381294964, 0.0], [0.007719169270354714, 0.06873736445506341, 0.34405440176438157, 0.44017643815475094, 0.10650615695644183, 0.03280646939900753], [0.008559769085299094, 0.10610132377824226, 0.44520752463421914, 0.3675724096745297, 0.06280481735841545, 0.009754155469294317], [0.010266281681103625, 0.15591915303176132, 0.5266816383274516, 0.24104373863757886, 0.05496738316757566, 0.011121805154528928], [0.016231053825038786, 0.15133070772168516, 0.48048693161475114, 0.2633965867048574, 0.06110514381191073, 0.027449576321756774], [0.03053303432810074, 0.2856649991374849, 0.46817319303087807, 0.16836294635156115, 0.033810591685354496, 0.013455235466620665], [0.043330912611958365, 0.20527717259743403, 0.5003631082062454, 0.18615347373517308, 0.04454127329944323, 0.020334059549745823], [0.020632428795694102, 0.2628392016147118, 0.5168199147790985, 0.15059430365552814, 0.037900874635568516, 0.011213276519398968], [0.009189876997030963, 0.09331259720062209, 0.5372543475187332, 0.2626890993920543, 0.06786370705499788, 0.029690371836561574], [0.035701966195239736, 0.2311141773025181, 0.48413245946878236, 0.19627457744049673, 0.03690927906174543, 0.01586754053121766], [0.012947269303201506, 0.11334745762711865, 0.5341337099811676, 0.277424670433145, 0.05190677966101695, 0.010240112994350282], [0.011314574959059104, 0.22093196367425935, 0.538037814500521, 0.17954443948191157, 0.034836980794997766, 0.015334226589251154], [0.006660470879801735, 0.12035315985130111, 0.4753717472118959, 0.2916666666666667, 0.07760223048327138, 0.028345724907063198], [0.00709054980820644, 0.09438567941415785, 0.5050563756829013, 0.290131349529234, 0.07567127746135069, 0.027664768104149716], [0.007768093974990527, 0.0902804092459265, 0.26174687381583933, 0.5084312239484653, 0.0995642288745737, 0.03220917014020462], [0.018922999496728737, 0.1793658782083543, 0.5335681932561651, 0.22747861097131353, 0.03593356819325617, 0.004730749874182184], [0.23511904761904762, 0.3273809523809524, 0.35714285714285715, 0.06547619047619048, 0.01488095238095238, 0.0]]}}}, "eu": {"histType": {"histogram": {"labels": ["0", "100", "200", "300", "400", "500", "600", "700", "800", "900", "1000", "1100", "1200", "1300", "1400", "1500", "1600", "1700", "1800", "1900", "2000", "2100", "2200", "2300", "2400", "2500", "2600", "2700", "2800", "2900", "3000", "3100", "3200"], "data": [[0.0, 0.0, 0.0018587360594795538, 0.0, 0.0018587360594795538, 0.007434944237918215, 0.013011152416356878, 0.026022304832713755, 0.05018587360594796, 0.07806691449814127, 0.07806691449814127, 0.10780669144981413, 0.10223048327137546, 0.11895910780669144, 0.1412639405204461, 0.09293680297397769, 0.06505576208178439, 0.03345724907063197, 0.03531598513011153, 0.016728624535315983, 0.013011152416356878, 0.0055762081784386614, 0.0037174721189591076, 0.007434944237918215, 0.0, 0.0, 0.0, 0.0, 0.0, 0.0, 0.0, 0.0, 0.0], [0.0, 0.0002782415136338342, 0.0008347245409015025, 0.0011129660545353367, 0.001669449081803005, 0.0038953811908736783, 0.006956037840845854, 0.010851419031719533, 0.019476905954368393, 0.034223706176961605, 0.045075125208681135, 0.06204785754034502, 0.08152476349471341, 0.10434056761268781, 0.1352253756260434, 0.13077351140790205, 0.1416249304396216, 0.06844741235392321, 0.09515859766277128, 0.024207011686143573, 0.012242626599888704, 0.009181969949916527, 0.004173622704507512, 0.0027824151363383415, 0.0022259321090706734, 0.0011129660545353367, 0.0005564830272676684, 0.0, 0.0, 0.0, 0.0, 0.0, 0.0], [0.0, 0.0, 0.0, 0.00012030798845043312, 0.00012030798845043312, 0.00012030798845043312, 0.0, 0.0007218479307025986, 0.0019249278152069298, 0.0026467757459095282, 0.005895091434071222, 0.009504331087584215, 0.01203079884504331, 0.015158806544754572, 0.025024061597690085, 0.03500962463907603, 0.18034167468719922, 0.15387391722810395, 0.3259143407122233, 0.08000481231953802, 0.0519730510105871, 0.05209335899903754, 0.01828681424446583, 0.007820019249278153, 0.011790182868142445, 0.005173243503368624, 0.0019249278152069298, 0.002165543792107796, 0.00012030798845043312, 0.00024061597690086623, 0.0, 0.0, 0.0], [0.0, 0.0, 0.0, 0.00011174432897530451, 0.00011174432897530451, 0.00022348865795060902, 0.0007822103028271315, 0.0021231422505307855, 0.002458375237456699, 0.005698960777740529, 0.011286177226505755, 0.016985138004246284, 0.020672700860431333, 0.026148172980221252, 0.043021566655492234, 0.05363727790814616, 0.07531567772935524, 0.05140239132864007, 0.2758967482400268, 0.14761425857637725, 0.09241256006257682, 0.08827801989049056, 0.030841434797184042, 0.01340931947703654, 0.024025030729690467, 0.00793384735724662, 0.004358028830036876, 0.001564420605654263, 0.0034640741982344394, 0.00022348865795060902, 0.0, 0.0, 0.0], [0.0, 0.0, 0.0, 0.0, 0.0, 0.021621621621621623, 0.02702702702702703, 0.05405405405405406, 0.06486486486486487, 0.04864864864864865, 0.07567567567567568, 0.08108108108108109, 0.06486486486486487, 0.11891891891891893, 0.0918918918918919, 0.14594594594594595, 0.032432432432432434, 0.06486486486486487, 0.032432432432432434, 0.04864864864864865, 0.005405405405405406, 0.005405405405405406, 0.0, 0.005405405405405406, 0.010810810810810811, 0.0, 0.0, 0.0, 0.0, 0.0, 0.0, 0.0, 0.0], [0.0, 0.0, 0.0001060332944544587, 0.0002120665889089174, 0.0003180998833633761, 0.0001060332944544587, 0.0002120665889089174, 0.0011663662389990457, 0.0019085993001802565, 0.003923231894814972, 0.007846463789629944, 0.011981762273353833, 0.018449793235075816, 0.09055243346410773, 0.1288304527621673, 0.13741914961297846, 0.16307920687095748, 0.11112289258827272, 0.15003711165305905, 0.05619764606086311, 0.03605132011451596, 0.0395504188315131, 0.01452