{"region": {"us": {"histType": {"histogram": {"labels": ["0", "100", "200", "300", "400", "500", "600", "700", "800", "900", "1000", "1100", "1200", "1300", "1400", "1500", "1600", "1700", "1800", "1900", "2000", "2100", "2200", "2300", "2400", "2500", "2600", "2700", "2800", "2900", "3000", "3100"], "data": [[0.0, 0.0, 0.0, 0.008, 0.0, 0.016, 0.024, 0.024, 0.08, 0.048, 0.056, 0.128, 0.088, 0.168, 0.104, 0.072, 0.056, 0.032, 0.04, 0.056, 0.0, 0.0, 0.0, 0.0, 0.0, 0.0, 0.0, 0.0, 0.0, 0.0, 0.0, 0.0], [0.0, 0.0016666666666666668, 0.0, 0.0008333333333333334, 0.0016666666666666668, 0.0008333333333333334, 0.0033333333333333335, 0.011666666666666667, 0.018333333333333333, 0.03833333333333333, 0.051666666666666666, 0.0725, 0.0975, 0.1025, 0.16, 0.125, 0.11583333333333333, 0.06333333333333334, 0.07583333333333334, 0.024166666666666666, 0.010833333333333334, 0.0125, 0.006666666666666667, 0.0016666666666666668, 0.0033333333333333335, 0.0, 0.0, 0.0, 0.0, 0.0, 0.0, 0.0], [0.0, 0.0, 0.00027427317608337906, 0.00027427317608337906, 0.00027427317608337906, 0.0005485463521667581, 0.0008228195282501371, 0.0024684585847504115, 0.007679648930334613, 0.011793746571585299, 0.014810751508502468, 0.027153044432254525, 0.046352166758091055, 0.06582556226001098, 0.08173340647284695, 0.10148107515085025, 0.14454196379594075, 0.09599561162918267, 0.1727921009325288, 0.06171146461876029, 0.047174986286341196, 0.0575973669775096, 0.022216127262753703, 0.010148107515085025, 0.018650575973669776, 0.004388370817334065, 0.0032912781130005485, 0.0, 0.0, 0.0, 0.0, 0.0], [0.0, 0.00021934634788330776, 0.0, 0.0, 0.0004386926957666155, 0.000877385391533231, 0.002632156174599693, 0.0039482342618995395, 0.010967317394165387, 0.025444176354463697, 0.03377933757402939, 0.038385610879578855, 0.0679973678438254, 0.09431892958982233, 0.1215178767273525, 0.13423996490458434, 0.1506909409958324, 0.0934415441982891, 0.1131827155077868, 0.043211230533011624, 0.023908751919280543, 0.023470059223513928, 0.008115814871682387, 0.0039482342618995395, 0.0030708488703663083, 0.0015354244351831541, 0.0006580390436499232, 0.0, 0.0, 0.0, 0.0, 0.0], [0.0, 0.0, 0.0, 0.0, 0.0, 0.0, 0.0, 0.08888888888888889, 0.06666666666666667, 0.08888888888888889, 0.044444444444444446, 0.1111111111111111, 0.1111111111111111, 0.1111111111111111, 0.0, 0.0, 0.06666666666666667, 0.044444444444444446, 0.06666666666666667, 0.1111111111111111, 0.022222222222222223, 0.022222222222222223, 0.022222222222222223, 0.022222222222222223, 0.0, 0.0, 0.0, 0.0, 0.0, 0.0, 0.0, 0.0], [0.0, 0.0, 0.0, 0.0, 0.0, 0.0, 0.00018910741301059002, 0.00283661119515885, 0.0018910741301059002, 0.009644478063540091, 0.015506807866868382, 0.023071104387291982, 0.054841149773071106, 0.09228441754916793, 0.1193267776096823, 0.12405446293494705, 0.15052950075642965, 0.10117246596066566, 0.1229198184568835, 0.056921331316187596, 0.03385022692889561, 0.04576399394856279, 0.01758698940998487, 0.006429652042360061, 0.012859304084720122, 0.00510590015128593, 0.00283661119515885, 0.00037821482602118004, 0.0, 0.0, 0.0, 0.0], [0.0, 0.0, 0.0, 0.0015915119363395225, 0.0015915119363395225, 0.0015915119363395225, 0.003713527851458886, 0.01273209549071618, 0.022811671087533156, 0.0376657824933687, 0.058355437665782495, 0.06790450928381962, 0.1039787798408488, 0.12625994694960213, 0.13527851458885942, 0.09761273209549072, 0.1103448275862069, 0.06206896551724138, 0.05570291777188329, 0.028116710875331564, 0.01803713527851459, 0.01750663129973475, 0.01220159151193634, 0.007427055702917772, 0.01220159151193634, 0.003713527851458886, 0.0015915119363395225, 0.0, 0.0, 0.0, 0.0, 0.0], [0.0, 0.0, 0.008695652173913044, 0.017391304347826087, 0.017391304347826087, 0.008695652173913044, 0.02608695652173913, 0.08695652173913043, 0.08695652173913043, 0.12173913043478261, 0.12173913043478261, 0.14782608695652175, 0.09565217391304348, 0.0782608695652174, 0.043478260869565216, 0.034782608695652174, 0.034782608695652174, 0.034782608695652174, 0.017391304347826087, 0.017391304347826087, 0.0, 0.0, 0.0, 0.0, 0.0, 0.0, 0.0, 0.0, 0.0, 0.0, 0.0, 0.0], [0.00019554165037152912, 0.00019554165037152912, 0.0009777082518576457, 0.0005866249511145874, 0.001368791552600704, 0.0017598748533437622, 0.0037152913570590537, 0.010950332420805632, 0.02248728979272585, 0.05123191239734063, 0.07313257723895189, 0.0973797418850215, 0.11556511536957371, 0.13003519749706688, 0.13453265545561205, 0.0946421587798201, 0.08114978490418459, 0.0496675791943684, 0.050840829096597574, 0.02737583105201408, 0.01798983183418068, 0.01583887368009386, 0.010363707469691045, 0.0037152913570590537, 0.0035197497066875244, 0.0005866249511145874, 0.00019554165037152912, 0.0, 0.0, 0.0, 0.0, 0.0], [0.0, 0.0, 0.0004967709885742673, 0.0, 0.0014903129657228018, 0.0014903129657228018, 0.004967709885742673, 0.005961251862891207, 0.015896671634376552, 0.02533532041728763, 0.031793343268753105, 0.05067064083457526, 0.07898658718330849, 0.10630899155489319, 0.12071535022354694, 0.13114754098360656, 0.15896671634376552, 0.07998012916045703, 0.10034773969200199, 0.03229011425732737, 0.015399900645802286, 0.02036761053154496, 0.009438648782911079, 0.003974167908594138, 0.003477396920019871, 0.0004967709885742673, 0.0, 0.0, 0.0, 0.0, 0.0, 0.0], [0.0, 0.0, 0.0008556759840273817, 0.001426126640045636, 0.0017113519680547634, 0.002852253280091272, 0.007415858528237307, 0.009982886480319452, 0.019680547632629778, 0.03964632059326868, 0.07843696520250998, 0.08300057045065602, 0.11152310325156874, 0.11608670849971478, 0.14403879064460925, 0.11466058185966914, 0.08956075299486595, 0.05533371363377068, 0.05276668568168853, 0.026240730176839703, 0.01540216771249287, 0.015972618368511125, 0.005704506560182544, 0.0034227039361095267, 0.002852253280091272, 0.001426126640045636, 0.0, 0.0, 0.0, 0.0, 0.0, 0.0], [0.0, 0.0, 0.0, 0.0, 0.0002718129926610492, 0.0008154389779831476, 0.002989942919271541, 0.0062516988312041315, 0.011416145691764067, 0.017939657515629245, 0.03506387605327534, 0.05218809459092145, 0.07203044305517804, 0.09404729546072302, 0.1386246262571351, 0.11986952976352269, 0.15493340581679804, 0.09024191356346833, 0.1022016852405545, 0.04022832291383528, 0.02337591736885023, 0.0176678445229682, 0.008426202772492526, 0.005979885838543082, 0.0051644468605599346, 0.0002718129926610492, 0.0, 0.0, 0.0, 0.0, 0.0, 0.0], [0.0, 0.0, 0.0, 0.0005001250312578145, 0.0005001250312578145, 0.0015003750937734434, 0.002500625156289072, 0.007251812953238309, 0.014253563390847712, 0.03700925231307827, 0.05451362840710178, 0.06451612903225806, 0.08802200550137534, 0.11877969492373093, 0.13878469617404351, 0.12253063265816454, 0.13328332083020755, 0.07426856714178545, 0.0695173793448362, 0.028257064266066518, 0.01700425106276569, 0.012003000750187547, 0.006501625406351588, 0.002250562640660165, 0.0042510627656914225, 0.002000500125031258, 0.0, 0.0, 0.0, 0.0, 0.0, 0.0], [0.0, 0.0, 0.0, 0.0, 0.0, 0.0008159934720522236, 0.0, 0.0008159934720522236, 0.005303957568339453, 0.0069359445124439, 0.01835985312117503, 0.02692778457772338, 0.05344757241942064, 0.07711138310893513, 0.10852713178294573, 0.12851897184822522, 0.17095063239494085, 0.11179110567115463, 0.12729498164014688, 0.06323949408404733, 0.03590371277029784, 0.03427172582619339, 0.011015911872705019, 0.010199918400652794, 0.004895960832313341, 0.0036719706242350062, 0.0, 0.0, 0.0, 0.0, 0.0, 0.0], [0.0, 0.0, 0.0, 0.0, 0.0013850415512465374, 0.0, 0.0013850415512465374, 0.008310249307479225, 0.0110803324099723, 0.038781163434903045, 0.04293628808864266, 0.07617728531855955, 0.08587257617728532, 0.13157894736842105, 0.11634349030470914, 0.1038781163434903, 0.12049861495844875, 0.07756232686980609, 0.07479224376731301, 0.027700831024930747, 0.0332409972299169, 0.013850415512465374, 0.00554016620498615, 0.009695290858725761, 0.008310249307479225, 0.002770083102493075, 0.008310249307479225, 0.0, 0.0, 0.0, 0.0, 0.0], [0.0003480682213713888, 0.0003480682213713888, 0.0003480682213713888, 0.0006961364427427776, 0.0006961364427427776, 0.0013922728854855553, 0.003132613992342499, 0.004524886877828055, 0.010442046641141664, 0.01949182039679777, 0.03445875391576749, 0.051166028541594154, 0.08736512356421859, 0.09989557953358859, 0.13818308388444134, 0.13261399234249913, 0.13226592412112775, 0.08353637312913331, 0.09154194222067526, 0.03898364079359554, 0.023668639053254437, 0.023320570831883047, 0.009397841977027498, 0.004176818656456666, 0.003132613992342499, 0.003480682213713888, 0.0013922728854855553, 0.0, 0.0, 0.0, 0.0, 0.0], [0.0, 0.0, 0.0, 0.0006918021445866483, 0.0010377032168799724, 0.0006918021445866483, 0.003113109650639917, 0.005534417156693186, 0.012452438602559669, 0.020062262193012798, 0.043583535108958835, 0.060878588723625046, 0.08336215842269111, 0.10722933241093048, 0.12971290210999653, 0.11656866136285023, 0.13524731926668973, 0.08267035627810446, 0.10307851954341059, 0.03113109650639917, 0.016257350397786235, 0.02455897613282601, 0.007609823590453131, 0.0038049117952265654, 0.0069180214458664825, 0.003113109650639917, 0.0006918021445866483, 0.0, 0.0, 0.0, 0.0, 0.0], [0.0, 0.0, 0.0, 0.0, 0.0, 0.0, 0.0, 0.0, 0.03333333333333333, 0.13333333333333333, 0.1, 0.06666666666666667, 0.06666666666666667, 0.13333333333333333, 0.1, 0.06666666666666667, 0.1, 0.06666666666666667, 0.0, 0.06666666666666667, 0.06666666666666667, 0.0, 0.0, 0.0, 0.0, 0.0, 0.0, 0.0, 0.0, 0.0, 0.0, 0.0], [0.00018178512997636792, 0.00018178512997636792, 0.00018178512997636792, 0.00018178512997636792, 0.0, 0.00018178512997636792, 0.0005453553899291038, 0.0014542810398109434, 0.005453553899291038, 0.008362115978912925, 0.018178512997636793, 0.027631339756407927, 0.05889838211234321, 0.08580258134884566, 0.12125068169423742, 0.1327031448827486, 0.14724595528085802, 0.10743501181603345, 0.10670787129612798, 0.06362479549172878, 0.03526631521541538, 0.048536629703690236, 0.014906380658062171, 0.00781676058898382, 0.006362479549172878, 0.0009089256498818396, 0.0, 0.0, 0.0, 0.0, 0.0, 0.0], [0.0, 0.0, 0.0, 0.0003787878787878788, 0.0, 0.0003787878787878788, 0.003409090909090909, 0.0011363636363636363, 0.005681818181818182, 0.006060606060606061, 0.019318181818181818, 0.027651515151515153, 0.048106060606060604, 0.06212121212121212, 0.1, 0.11969696969696969, 0.15151515151515152, 0.11856060606060606, 0.12840909090909092, 0.06136363636363636, 0.03674242424242424, 0.045075757575757575, 0.023484848484848483, 0.013636363636363636, 0.013636363636363636, 0.00909090909090909, 0.004545454545454545, 0.0, 0.0, 0.0, 0.0, 0.0], [0.0003791469194312796, 0.0, 0.0, 0.0003791469194312796, 0.0007582938388625592, 0.0013270142180094786, 0.0015165876777251184, 0.004739336492890996, 0.008151658767772511, 0.014597156398104265, 0.03184834123222749, 0.04265402843601896, 0.05781990521327014, 0.08322274881516588, 0.11601895734597156, 0.12018957345971563, 0.13497630331753555, 0.09573459715639811, 0.12056872037914691, 0.058767772511848344, 0.03563981042654028, 0.033744075829383886, 0.014597156398104265, 0.00966824644549763, 0.01080568720379147, 0.0018957345971563982, 0.0, 0.0, 0.0, 0.0, 0.0, 0.0], [0.0, 0.0, 0.0, 0.0, 0.0, 0.003003003003003003, 0.0, 0.006006006006006006, 0.012012012012012012, 0.006006006006006006, 0.015015015015015015, 0.03903903903903904, 0.06606606606606606, 0.13813813813813813, 0.15015015015015015, 0.15015015015015015, 0.1831831831831832, 0.10510510510510511, 0.08408408408408409, 0.03003003003003003, 0.012012012012012012, 0.0, 0.0, 0.0, 0.0, 0.0, 0.0, 0.0, 0.0, 0.0, 0.0, 0.0], [0.0, 0.0, 0.0, 0.00013908205841446454, 0.00013908205841446454, 0.00013908205841446454, 0.0002781641168289291, 0.0013908205841446453, 0.00305980528511822, 0.010013908205841447, 0.015299026425591099, 0.02420027816411683, 0.04645340751043116, 0.061196105702364396, 0.09819193324061196, 0.1333796940194715, 0.17746870653685676, 0.10486787204450626, 0.16411682892906815, 0.06133518776077886, 0.03129346314325452, 0.03949930458970793, 0.013073713490959666, 0.004311543810848401, 0.00737134909596662, 0.0019471488178025036, 0.0008344923504867872, 0.0, 0.0, 0.0, 0.0, 0.0], [0.0001280901754835404, 0.0001280901754835404, 0.0002561803509670808, 0.0, 0.0002561803509670808, 0.00038427052645062125, 0.0, 0.0011528115793518637, 0.0010247214038683233, 0.007941590879979506, 0.011400025618035096, 0.02753938772896119, 0.05238888177276803, 0.08428333546816959, 0.12335083899064941, 0.18342513129242988, 0.20020494428077368, 0.10644293582682209, 0.10990137056487767, 0.045087741770206226, 0.02177532983220187, 0.014858460356090689, 0.0049955168438580765, 0.0016651722812860254, 0.0012809017548354041, 0.0001280901754835404, 0.0, 0.0, 0.0, 0.0, 0.0, 0.0], [0.0, 0.0, 0.0, 0.0005563282336578582, 0.0008344923504867872, 0.0019471488178025036, 0.0019471488178025036, 0.00305980528511822, 0.009457579972183588, 0.01502086230876217, 0.028372739916550763, 0.05396383866481224, 0.08344923504867872, 0.09707927677329624, 0.12600834492350488, 0.12322670375521558, 0.14408901251738526, 0.08929068150208623, 0.10292072322670376, 0.04478442280945758, 0.02920723226703755, 0.0239221140472879, 0.011404728789986092, 0.00611961057023644, 0.00305980528511822, 0.0002781641168289291, 0.0, 0.0, 0.0, 0.0, 0.0, 0.0], [0.0, 0.0, 0.0, 0.0, 0.00044822949350067237, 0.0, 0.00044822949350067237, 0.0011205737337516809, 0.003585835948005379, 0.005602868668758404, 0.017705064993276558, 0.02330793366203496, 0.043254146122814884, 0.07642312864186464, 0.10869565217391304, 0.12371134020618557, 0.15217391304347827, 0.08561183325862842, 0.15396683101748096, 0.06028686687584043, 0.03675481846705513, 0.051098162259076645, 0.01882563872702824, 0.01165396683101748, 0.01523980277902286, 0.0062752129090094125, 0.003809950694755715, 0.0, 0.0, 0.0, 0.0, 0.0], [0.0, 0.0008210180623973727, 0.0008210180623973727, 0.0024630541871921183, 0.0016420361247947454, 0.003284072249589491, 0.0049261083743842365, 0.011494252873563218, 0.03201970443349754, 0.05582922824302135, 0.055008210180623976, 0.09113300492610837, 0.09441707717569786, 0.12889983579638753, 0.138752052545156, 0.10180623973727422, 0.10016420361247948, 0.05172413793103448, 0.06568144499178982, 0.027093596059113302, 0.005747126436781609, 0.022167487684729065, 0.0008210180623973727, 0.0008210180623973727, 0.0024630541871921183, 0.0, 0.0, 0.0, 0.0, 0.0, 0.0, 0.0], [0.0, 0.0, 0.0, 0.0, 0.005291005291005291, 0.0, 0.005291005291005291, 0.026455026455026454, 0.05291005291005291, 0.05291005291005291, 0.09523809523809523, 0.09259259259259259, 0.0873015873015873, 0.09523809523809523, 0.11904761904761904, 0.08994708994708994, 0.12433862433862433, 0.0582010582010582, 0.05555555555555555, 0.021164021164021163, 0.0026455026455026454, 0.0026455026455026454, 0.0026455026455026454, 0.0026455026455026454, 0.007936507936507936, 0.0, 0.0, 0.0, 0.0, 0.0, 0.0, 0.0], [0.00024213075060532688, 0.0, 0.0, 0.0, 0.0007263922518159806, 0.0014527845036319612, 0.004842615012106538, 0.008716707021791767, 0.015254237288135594, 0.027602905569007265, 0.04745762711864407, 0.06658595641646489, 0.1, 0.11573849878934625, 0.14527845036319612, 0.13292978208232445, 0.1179176755447942, 0.06513317191283292, 0.06973365617433414, 0.029055690072639227, 0.01719128329297821, 0.01864406779661017, 0.008232445520581114, 0.0031476997578692495, 0.002421307506053269, 0.0009685230024213075, 0.0007263922518159806, 0.0, 0.0, 0.0, 0.0, 0.0], [0.0, 0.0, 0.0, 0.000473260766682442, 0.0, 0.0, 0.00236630383341221, 0.00236630383341221, 0.005205868433506862, 0.017037387600567912, 0.028868906767628964, 0.036914339801230475, 0.06105063890203502, 0.07856128726928538, 0.11689540937056318, 0.12778040700425936, 0.1429247515380975, 0.09323237103644108, 0.10932323710364411, 0.0506389020350213, 0.03170847136772362, 0.03502129673450071, 0.019403691433980123, 0.013251301467108376, 0.021769995267392334, 0.004259346900141978, 0.000946521533364884, 0.0, 0.0, 0.0, 0.0, 0.0], [0.0, 0.0, 0.0, 0.0, 0.0003414134516899966, 0.0, 0.001707067258449983, 0.001707067258449983, 0.0054626152270399455, 0.013315124615909868, 0.0201433936497098, 0.03892113349265961, 0.06657562307954934, 0.101058381700239, 0.1293956981905087, 0.13793103448275862, 0.15158757255035848, 0.0805735745988392, 0.11437350631614886, 0.05155343120518949, 0.03175145100716968, 0.02799590303857972, 0.011608057357459884, 0.006828269033799932, 0.004096961420279959, 0.0027313076135199728, 0.0003414134516899966, 0.0, 0.0, 0.0, 0.0, 0.0], [0.00019665683382497542, 0.0, 0.00019665683382497542, 0.0, 0.00039331366764995085, 0.0011799410029498525, 0.0019665683382497543, 0.004326450344149459, 0.00727630285152409, 0.01710914454277286, 0.04070796460176991, 0.06253687315634218, 0.08928220255653883, 0.11701081612586037, 0.13667649950835792, 0.13372664700098327, 0.13470993117010815, 0.08672566371681416, 0.07689282202556538, 0.03638151425762045, 0.01887905604719764, 0.019272369714847592, 0.007866273352999017, 0.003933136676499509, 0.0025565388397246805, 0.00019665683382497542, 0.0, 0.0, 0.0, 0.0, 0.0, 0.0], [0.0, 0.0, 0.0, 0.0, 0.0005125576627370579, 0.0005125576627370579, 0.0, 0.004100461301896463, 0.005125576627370579, 0.011788826242952332, 0.02716555612506407, 0.04664274730907227, 0.07637109174782163, 0.10814966683751923, 0.13480266529984622, 0.1450538185545874, 0.12711430035879037, 0.08662224500256278, 0.09174782162993336, 0.04356740133264992, 0.033828805740645826, 0.028190671450538187, 0.013326499231163505, 0.004100461301896463, 0.009738595592004101, 0.0015376729882111738, 0.0, 0.0, 0.0, 0.0, 0.0, 0.0], [0.0, 0.0, 0.0, 0.0, 0.0, 0.0007304601899196494, 0.0003652300949598247, 0.002556610664718773, 0.004747991234477721, 0.004747991234477721, 0.01241782322863404, 0.026661796932067203, 0.03506208911614317, 0.060262965668371075, 0.09386413440467495, 0.11869978086194302, 0.15266617969320673, 0.0989773557341125, 0.1446311176040906, 0.07414170927684441, 0.04419284149013879, 0.06464572680788896, 0.023739956172388606, 0.015704894083272462, 0.014243973703433162, 0.00620891161431702, 0.0007304601899196494, 0.0, 0.0, 0.0, 0.0, 0.0], [0.0, 0.0, 0.0, 0.0, 0.0002133560913164071, 0.0002133560913164071, 0.0008534243652656284, 0.0017068487305312568, 0.0032003413697461063, 0.006827394922125027, 0.017068487305312567, 0.04160443780669938, 0.07211435886494559, 0.11627906976744186, 0.14145508854277788, 0.1233198207808833, 0.138894815446981, 0.08640921698314487, 0.10646468956688714, 0.04608491572434393, 0.027736291871132922, 0.033283550245359506, 0.017921911670578196, 0.0061873266481758055, 0.007894175378707062, 0.0038404096436953274, 0.0004267121826328142, 0.0, 0.0, 0.0, 0.0, 0.0], [0.0, 0.0, 0.00015787811809283233, 0.0, 0.0, 0.00031575623618566466, 0.000473634354278497, 0.0017366592990211557, 0.0031575623618566467, 0.009788443321755604, 0.017208714872118724, 0.03252289232712346, 0.062046100410483106, 0.09456899273760656, 0.1607199242185033, 0.15408904325860437, 0.15645721502999685, 0.0893590148405431, 0.11019892642879697, 0.04025892011367224, 0.02241869276918219, 0.02557625513103884, 0.008525418377012947, 0.00473634354278497, 0.0036311967161351435, 0.0011051468266498263, 0.000947268708556994, 0.0, 0.0, 0.0, 0.0, 0.0], [0.0, 0.0, 0.0, 0.0, 0.0, 0.00017771459036786921, 0.0005331437711036076, 0.00035542918073573843, 0.002665718855518038, 0.006042296072507553, 0.01101830460280789, 0.02683490314554825, 0.05864581482139684, 0.09880931224453528, 0.13932823884840945, 0.16776257330726851, 0.17682601741602985, 0.09916474142527101, 0.12102363604051893, 0.03714234938688466, 0.019904034121201352, 0.021681180024880044, 0.005686866891771815, 0.001777145903678692, 0.003554291807357384, 0.000888572951839346, 0.00017771459036786921, 0.0, 0.0, 0.0, 0.0, 0.0], [0.0, 0.010752688172043012, 0.0, 0.0, 0.010752688172043012, 0.03225806451612903, 0.043010752688172046, 0.043010752688172046, 0.13978494623655913, 0.0967741935483871, 0.07526881720430108, 0.03225806451612903, 0.053763440860215055, 0.0967741935483871, 0.07526881720430108, 0.08602150537634409, 0.06451612903225806, 0.043010752688172046, 0.03225806451612903, 0.043010752688172046, 0.021505376344086023, 0.0, 0.0, 0.0, 0.0, 0.0, 0.0, 0.0, 0.0, 0.0, 0.0, 0.0]]}, "ranks": {"labels": ["Unranked", "Combatatent I", "Combatatent II", "Challenger I", "Challenger II", "Rival I", "Rival II", "Duelist", "Elite"], "data": [[0.2, 0.184, 0.256, 0.176, 0.088, 0.08, 0.016, 0.0, 0.0], [0.07666666666666666, 0.12416666666666666, 0.2, 0.285, 0.17916666666666667, 0.08916666666666667, 0.021666666666666667, 0.020833333333333332, 0.0033333333333333335], [0.024136039495337356, 0.04196379594075699, 0.11217772901810202, 0.1832144816236972, 0.2405375754251234, 0.20488206253428415, 0.07679648930334614, 0.08996160175534833, 0.026330224904004388], [0.04452730862031147, 0.07216494845360824, 0.16231629743364773, 0.2557578416319368, 0.2441324851941215, 0.13753016012283395, 0.04277253783724501, 0.035534108357095855, 0.005264312349199386], [0.24444444444444444, 0.15555555555555556, 0.2222222222222222, 0.0, 0.1111111111111111, 0.15555555555555556, 0.044444444444444446, 0.06666666666666667, 0.0], [0.014561270801815431, 0.038577912254160365, 0.14712556732223903, 0.24338124054462934, 0.2517019667170953, 0.15468986384266264, 0.059001512859304085, 0.06978063540090772, 0.02118003025718608], [0.08169761273209548, 0.12625994694960213, 0.23023872679045093, 0.23289124668435013, 0.1724137931034483, 0.07374005305039788, 0.028116710875331564, 0.03713527851458886, 0.01750663129973475], [0.3739130434782609, 0.26956521739130435, 0.17391304347826086, 0.0782608695652174, 0.06956521739130435, 0.034782608695652174, 0.0, 0.0, 0.0], [0.09346890887759093, 0.1705123191239734, 0.2456003128666406, 0.22917481423543215, 0.130817364098553, 0.06570199452483379, 0.030504497457958545, 0.029917872506843957, 0.004301916308173641], [0.05563835072031793, 0.08246398410332836, 0.18529557873820168, 0.2518628912071535, 0.23894684550422254, 0.11922503725782414, 0.028812717337307503, 0.03378042722305018, 0.003974167908594138], [0.08357102110667428, 0.16143753565316601, 0.2276098117512835, 0.2586993725042784, 0.14489446662863661, 0.06531660011409013, 0.029092983456930975, 0.025099828864803195, 0.004278379920136908], [0.03968469692851318, 0.08725197064419679, 0.16607773851590105, 0.2584941560206578, 0.24517531938026638, 0.12421853764609948, 0.04158738787714053, 0.03207393313400381, 0.005436259853220984], [0.06351587896974244, 0.11902975743935984, 0.2068017004251063, 0.26131532883220804, 0.207551887971993, 0.08277069267316829, 0.03200800200050013, 0.0207551887971993, 0.006251562890722681], [0.0138718890248878, 0.04528763769889841, 0.13055895552835578, 0.23704610363117096, 0.2827417380660955, 0.16279069767441862, 0.06364749082007344, 0.0554875560995512, 0.008567931456548347], [0.060941828254847646, 0.11911357340720222, 0.21745152354570638, 0.22022160664819945, 0.19806094182825484, 0.09002770083102493, 0.045706371191135735, 0.029085872576177285, 0.019390581717451522], [0.04142011834319527, 0.08562478245736165, 0.18726070309780718, 0.2707970762269405, 0.21580229725026104, 0.1148625130525583, 0.03933170901496694, 0.03689523146536721, 0.008005569091541943], [0.043583535108958835, 0.10446212383258388, 0.1905914908336216, 0.24628156347284677, 0.2179176755447942, 0.12175717744725009, 0.0287097890003459, 0.03597371151850571, 0.010722933241093047], [0.16666666666666666, 0.16666666666666666, 0.2, 0.16666666666666666, 0.16666666666666666, 0.0, 0.13333333333333333, 0.0, 0.0], [0.01672423195782585, 0.04580985275404472, 0.14470096346118888, 0.253953826576986, 0.2546809670968915, 0.14288311216142519, 0.06271586984184693, 0.07125977095073623, 0.007271405199054717], [0.017045454545454544, 0.04696969696969697, 0.11022727272727273, 0.2196969696969697, 0.2700757575757576, 0.1640151515151515, 0.0625, 0.0821969696969697, 0.02727272727272727], [0.03184834123222749, 0.07450236966824644, 0.14104265402843602, 0.2362085308056872, 0.23071090047393364, 0.15317535545023697, 0.061800947867298575, 0.05800947867298578, 0.012701421800947868], [0.02702702702702703, 0.05405405405405406, 0.2042042042042042, 0.3003003003003003, 0.2882882882882883, 0.10510510510510511, 0.021021021021021023, 0.0, 0.0], [0.015159944367176634, 0.03949930458970793, 0.10764951321279555, 0.23157162726008346, 0.282336578581363, 0.19819193324061196, 0.05855354659248957, 0.05688456189151599, 0.010152990264255911], [0.011271935442551556, 0.038939413346996285, 0.13667221724093762, 0.3067759702830793, 0.30664788010759575, 0.13513513513513514, 0.041629307032150634, 0.02151914948123479, 0.0014089919303189446], [0.03282336578581363, 0.082336578581363, 0.18052851182197496, 0.24923504867872046, 0.23337969401947148, 0.12656467315716272, 0.05034770514603616, 0.04144645340751043, 0.003337969401947149], [0.011205737337516808, 0.04101299865531152, 0.11967727476467951, 0.2324069923800986, 0.23778574630210667, 0.1864634692962797, 0.06454504706409682, 0.08157776781712237, 0.025324966382787986], [0.11330049261083744, 0.14614121510673234, 0.2233169129720854, 0.24055829228243022, 0.15188834154351397, 0.07799671592775041, 0.020525451559934318, 0.023809523809523808, 0.0024630541871921183], [0.14285714285714285, 0.18783068783068782, 0.18253968253968253, 0.20899470899470898, 0.18253968253968253, 0.07407407407407407, 0.005291005291005291, 0.007936507936507936, 0.007936507936507936], [0.05883777239709443, 0.11404358353510896, 0.21573849878934626, 0.27820823244552056, 0.18305084745762712, 0.0847457627118644, 0.03123486682808717, 0.03002421307506053, 0.004116222760290557], [0.02744912446758164, 0.06578324656885944, 0.1396119261713204, 0.24467581637482252, 0.23615712257453858, 0.1329862754377662, 0.05868433506862281, 0.0676762896355892, 0.026975863700899196], [0.022533287811539775, 0.05906452714236941, 0.16763400477978832, 0.26732673267326734, 0.23216114714919767, 0.14578354387162853, 0.051894844656879484, 0.04643222942983954, 0.007169682485489928], [0.03264503441494592, 0.10324483775811209, 0.20629301868239922, 0.2704031465093412, 0.22143559488692233, 0.09891838741396264, 0.03323500491642085, 0.031071779744346117, 0.0027531956735496557], [0.022039979497693492, 0.07380830343413634, 0.18452075858534084, 0.2798564838544336, 0.21373654536135314, 0.11840082009226038, 0.05074320861096873, 0.04561763198359815, 0.011276268580215274], [0.013148283418553688, 0.03907962016070124, 0.09532505478451424, 0.21256391526661797, 0.2516435354273192, 0.19028487947406866, 0.07268078889700512, 0.10409057706355003, 0.021183345507669833], [0.013014721570300833, 0.05867292511201195, 0.18839342863238745, 0.2647749093236612, 0.22530403243012587, 0.13206742052485598, 0.048218476637508, 0.057392788564113506, 0.012161297205035204], [0.015629933691190402, 0.04973160719924218, 0.15661509314808966, 0.3148089674771077, 0.24581622987053994, 0.13198610672560784, 0.04089043258604357, 0.038838017050836754, 0.005683612251341964], [0.009774302470232806, 0.03785320774835614, 0.15745512706593212, 0.30709081215567796, 0.27599075884130087, 0.14110538475208814, 0.03696463479651679, 0.02914519282033055, 0.004620579349564599], [0.3763440860215054, 0.10752688172043011, 0.15053763440860216, 0.16129032258064516, 0.10752688172043011, 0.07526881720430108, 0.021505376344086023, 0.0, 0.0]]}, "ranksDetailed": {"labels": ["Unranked", "Combatatant", "Challenger", "Rival", "Duelist", "Elite"], "data": [[0.2, 0.44, 0.264, 0.096, 0.0, 0.0], [0.07666666666666666, 0.32416666666666666, 0.46416666666666667, 0.11083333333333334, 0.020833333333333332, 0.0033333333333333335], [0.024136039495337356, 0.15414152495885902, 0.42375205704882063, 0.2816785518376303, 0.08996160175534833, 0.026330224904004388], [0.04452730862031147, 0.23448124588725597, 0.49989032682605833, 0.18030269796007897, 0.035534108357095855, 0.005264312349199386], [0.24444444444444444, 0.37777777777777777, 0.1111111111111111, 0.2, 0.06666666666666667, 0.0], [0.014561270801815431, 0.1857034795763994, 0.49508320726172467, 0.21369137670196672, 0.06978063540090772, 0.02118003025718608], [0.08169761273209548, 0.35649867374005306, 0.4053050397877984, 0.10185676392572944, 0.03713527851458886, 0.01750663129973475], [0.3739130434782609, 0.4434782608695652, 0.14782608695652175, 0.034782608695652174, 0.0, 0.0], [0.09346890887759093, 0.416112631990614, 0.3599921783339851, 0.09620649198279234, 0.029917872506843957, 0.004301916308173641], [0.05563835072031793, 0.2677595628415301, 0.49080973671137607, 0.14803775459513163, 0.03378042722305018, 0.003974167908594138], [0.08357102110667428, 0.3890473474044495, 0.403593839132915, 0.09440958357102111, 0.025099828864803195, 0.004278379920136908], [0.03968469692851318, 0.25332970916009784, 0.5036694754009242, 0.16580592552324, 0.03207393313400381, 0.005436259853220984], [0.06351587896974244, 0.3258314578644661, 0.46886721680420107, 0.11477869467366841, 0.0207551887971993, 0.006251562890722681], [0.0138718890248878, 0.17584659322725418, 0.5197878416972664, 0.22643818849449204, 0.0554875560995512, 0.008567931456548347], [0.060941828254847646, 0.3365650969529086, 0.4182825484764543, 0.13573407202216067, 0.029085872576177285, 0.019390581717451522], [0.04142011834319527, 0.27288548555516884, 0.48659937347720156, 0.15419422206752523, 0.03689523146536721, 0.008005569091541943], [0.043583535108958835, 0.29505361466620544, 0.46419923901764093, 0.150466966447596, 0.03597371151850571, 0.010722933241093047], [0.16666666666666666, 0.36666666666666664, 0.3333333333333333, 0.13333333333333333, 0.0, 0.0], [0.01672423195782585, 0.19051081621523358, 0.5086347936738774, 0.20559898200327215, 0.07125977095073623, 0.007271405199054717], [0.017045454545454544, 0.1571969696969697, 0.48977272727272725, 0.2265151515151515, 0.0821969696969697, 0.02727272727272727], [0.03184834123222749, 0.21554502369668246, 0.4669194312796209, 0.21497630331753553, 0.05800947867298578, 0.012701421800947868], [0.02702702702702703, 0.25825825825825827, 0.5885885885885885, 0.12612612612612611, 0.0, 0.0], [0.015159944367176634, 0.14714881780250347, 0.5139082058414465, 0.25674547983310153, 0.05688456189151599, 0.010152990264255911], [0.011271935442551556, 0.17561163058793391, 0.613423850390675, 0.17676444216728576, 0.02151914948123479, 0.0014089919303189446], [0.03282336578581363, 0.26286509040333794, 0.48261474269819193, 0.1769123783031989, 0.04144645340751043, 0.003337969401947149], [0.011205737337516808, 0.16069027341999104, 0.4701927386822053, 0.2510085163603765, 0.08157776781712237, 0.025324966382787986], [0.11330049261083744, 0.3694581280788177, 0.3924466338259442, 0.09852216748768473, 0.023809523809523808, 0.0024630541871921183], [0.14285714285714285, 0.37037037037037035, 0.3915343915343915, 0.07936507936507936, 0.007936507936507936, 0.007936507936507936], [0.05883777239709443, 0.3297820823244552, 0.4612590799031477, 0.11598062953995157, 0.03002421307506053, 0.004116222760290557], [0.02744912446758164, 0.20539517274017985, 0.4808329389493611, 0.19167061050638903, 0.0676762896355892, 0.026975863700899196], [0.022533287811539775, 0.22669853192215772, 0.499487879822465, 0.19767838852850803, 0.04643222942983954, 0.007169682485489928], [0.03264503441494592, 0.3095378564405113, 0.49183874139626355, 0.13215339233038348, 0.031071779744346117, 0.0027531956735496557], [0.022039979497693492, 0.2583290620194772, 0.4935930292157868, 0.16914402870322912, 0.04561763198359815, 0.011276268580215274], [0.013148283418553688, 0.1344046749452155, 0.4642074506939372, 0.26296566837107377, 0.10409057706355003, 0.021183345507669833], [0.013014721570300833, 0.2470663537443994, 0.4900789417537871, 0.18028589716236398, 0.057392788564113506, 0.012161297205035204], [0.015629933691190402, 0.20634670034733185, 0.5606251973476476, 0.1728765393116514, 0.038838017050836754, 0.005683612251341964], [0.009774302470232806, 0.19530833481428825, 0.5830815709969789, 0.17807001954860494, 0.02914519282033055, 0.004620579349564599], [0.3763440860215054, 0.25806451612903225, 0.26881720430107525, 0.0967741935483871, 0.0, 0.0]]}}}, "eu": {"histType": {"histogram": {"labels": ["0", "100", "200", "300", "400", "500", "600", "700", "800", "900", "1000", "1100", "1200", "1300", "1400", "1500", "1600", "1700", "1800", "1900", "2000", "2100", "2200", "2300", "2400", "2500", "2600", "2700", "2800", "2900", "3000", "3100"], "data": [[0.0, 0.0, 0.0, 0.0, 0.0, 0.0125, 0.025, 0.0375, 0.1, 0.1125, 0.0875, 0.1, 0.1125, 0.0625, 0.0625, 0.1, 0.05, 0.05, 0.025, 0.0125, 0.0375, 0.0, 0.0125, 0.0, 0.0, 0.0, 0.0, 0.0, 0.0, 0.0, 0.0, 0.0], [0.0, 0.0, 0.0, 0.0009208103130755065, 0.001841620626151013, 0.003683241252302026, 0.010128913443830571, 0.006445672191528545, 0.0285451197053407, 0.03591160220994475, 0.05064456721915286, 0.08747697974217311, 0.10405156537753223, 0.1298342541436464, 0.1445672191528545, 0.11602209944751381, 0.11049723756906077, 0.05432780847145488, 0.05985267034990792, 0.022099447513812154, 0.008287292817679558, 0.017495395948434623, 0.001841620626151013, 0.0055248618784530384, 0.0, 0.0, 0.0, 0.0, 0.0, 0.0, 0.0, 0.0], [0.0, 0.0, 0.0, 0.0, 0.00031210986267166043, 0.0009363295880149813, 0.0009363295880149813, 0.003433208489388265, 0.009051186017478152, 0.011548064918851436, 0.020911360799001247, 0.030274656679151062, 0.048064918851435705, 0.06741573033707865, 0.09394506866416978, 0.09550561797752809, 0.13982521847690388, 0.09519350811485643, 0.16510611735330835, 0.06491885143570537, 0.04057428214731586, 0.05337078651685393, 0.02372034956304619, 0.007802746566791511, 0.017790262172284643, 0.004993757802746567, 0.003745318352059925, 0.0006242197253433209, 0.0, 0.0, 0.0, 0.0], [0.0, 0.00019786307874950534, 0.0, 0.00019786307874950534, 0.00019786307874950534, 0.0003957261574990107, 0.0015829046299960427, 0.0051444400474871385, 0.00850811238622873, 0.016224772457459437, 0.032845271072417886, 0.05005935892362485, 0.06588840522358527, 0.09200633161851998, 0.11950929956470123, 0.13256826276216857, 0.14938662445587653, 0.10071230708349822, 0.11574990106846063, 0.04887218045112782, 0.018796992481203006, 0.02334784329244163, 0.008310249307479225, 0.00296794618124258, 0.003561535417491096, 0.0021764938662445586, 0.0007914523149980214, 0.0, 0.0, 0.0, 0.0, 0.0], [0.0, 0.0, 0.0, 0.0, 0.0, 0.0, 0.044444444444444446, 0.06666666666666667, 0.1111111111111111, 0.022222222222222223, 0.1111111111111111, 0.17777777777777778, 0.044444444444444446, 0.044444444444444446, 0.1111111111111111, 0.06666666666666667, 0.044444444444444446, 0.022222222222222223, 0.022222222222222223, 0.06666666666666667, 0.0, 0.022222222222222223, 0.0, 0.022222222222222223, 0.0, 0.0, 0.0, 0.0, 0.0, 0.0, 0.0, 0.0], [0.0, 0.0, 0.0003740415186085656, 0.0001870207593042828, 0.0001870207593042828, 0.0001870207593042828, 0.0001870207593042828, 0.002618290630259959, 0.00336637366747709, 0.008415934168692725, 0.014587619225734056, 0.021694408079296804, 0.04338881615859361, 0.08808677763231719, 0.11090331026743969, 0.12212455582569665, 0.14138769403403778, 0.10248737609874696, 0.13054048999438939, 0.06377407892276042, 0.03759117262016084, 0.05292687488311203, 0.020572283523471107, 0.008415934168692725, 0.014961660744342622, 0.006171685057041331, 0.0037404151860856555, 0.0011221245558256966, 0.0, 0.0, 0.0, 0.0], [0.0, 0.0004847309743092584, 0.0004847309743092584, 0.001454192922927775, 0.001454192922927775, 0.0033931168201648087, 0.005332040717401842, 0.015026660203587009, 0.030538051381483276, 0.03538536112457586, 0.05913717886572952, 0.07949587978671838, 0.0930683470673776, 0.11439650993698497, 0.10906446921958313, 0.1047018904507998, 0.10567135239941833, 0.059621909840038775, 0.05671352399418323, 0.03296170625302957, 0.021812893843916627, 0.024721279689772176, 0.012118274357731459, 0.010664081434803683, 0.012603005332040717, 0.00290838584585555, 0.0067862336403296175, 0.0, 0.0, 0.0, 0.0, 0.0], [0.0, 0.0, 0.0, 0.0, 0.0, 0.025974025974025976, 0.0, 0.1038961038961039, 0.06493506493506493, 0.09090909090909091, 0.07792207792207792, 0.1038961038961039, 0.12987012987012986, 0.05194805194805195, 0.06493506493506493, 0.15584415584415584, 0.1038961038961039, 0.025974025974025976, 0.0, 0.0, 0.0, 0.0, 0.0, 0.0, 0.0, 0.0, 0.0, 0.0, 0.0, 0.0, 0.0, 0.0], [0.000583544057576347, 0.0, 0.000583544057576347, 0.000583544057576347, 0.00019451468585878233, 0.0007780587434351293, 0.0033067496595992995, 0.011476366465668159, 0.02898268819295857, 0.04726706866368411, 0.07566621279906632, 0.09647928418595604, 0.1276016339233612, 0.12779614860922, 0.1079556506516242, 0.09706282824353239, 0.08441937366271153, 0.05329702392530636, 0.0517409064384361, 0.02995526162225248, 0.018673409842443103, 0.017700836413149193, 0.007780587434351294, 0.004668352460610776, 0.004473837774751994, 0.0009725734292939117, 0.0, 0.0, 0.0, 0.0, 0.0, 0.0], [0.0, 0.0, 0.0, 0.0, 0.0, 0.0012690355329949238, 0.0012690355329949238, 0.007614213197969543, 0.014593908629441625, 0.02030456852791878, 0.046954314720812185, 0.05012690355329949, 0.07360406091370558, 0.10532994923857868, 0.12690355329949238, 0.12944162436548223, 0.1453045685279188, 0.07614213197969544, 0.09898477157360407, 0.02918781725888325, 0.030456852791878174, 0.024111675126903553, 0.01015228426395939, 0.0025380710659898475, 0.0038071065989847717, 0.0019035532994923859, 0.0, 0.0, 0.0, 0.0, 0.0, 0.0], [0.00034940600978336826, 0.0, 0.0, 0.0, 0.0017470300489168414, 0.002445842068483578, 0.0031446540880503146, 0.01222921034241789, 0.02480782669461915, 0.038085255066387144, 0.06184486373165619, 0.08909853249475891, 0.11740041928721175, 0.12019566736547868, 0.1289308176100629, 0.10412299091544375, 0.09119496855345911, 0.05555555555555555, 0.06184486373165619, 0.0296995108315863, 0.02061495457721873, 0.018518518518518517, 0.007337526205450734, 0.005590496156533892, 0.0034940600978336828, 0.0017470300489168414, 0.0, 0.0, 0.0, 0.0, 0.0, 0.0], [0.0, 0.0, 0.0, 0.0005866823115283074, 0.0005866823115283074, 0.0011733646230566149, 0.002053388090349076, 0.004986799647990613, 0.012320328542094456, 0.026400704018773834, 0.03725432678204752, 0.0513347022587269, 0.08008213552361396, 0.0918157817541801, 0.1185098269287181, 0.11792314461718979, 0.14872396597242593, 0.08888237019653858, 0.10237606336168964, 0.045174537987679675, 0.027280727486066296, 0.023467292461132296, 0.009386916984452919, 0.0023467292461132297, 0.004693458492226459, 0.0014667057788207685, 0.0002933411557641537, 0.0005866823115283074, 0.0, 0.0, 0.0002933411557641537, 0.0], [0.00030193236714975844, 0.0, 0.00030193236714975844, 0.0009057971014492754, 0.0, 0.0018115942028985507, 0.003321256038647343, 0.010869565217391304, 0.018417874396135264, 0.02355072463768116, 0.049516908212560384, 0.06733091787439613, 0.10054347826086957, 0.10507246376811594, 0.14673913043478262, 0.12530193236714976, 0.11352657004830918, 0.06853864734299517, 0.07789855072463768, 0.034118357487922704, 0.018719806763285024, 0.014492753623188406, 0.00785024154589372, 0.003321256038647343, 0.004528985507246377, 0.0018115942028985507, 0.0012077294685990338, 0.0, 0.0, 0.0, 0.0, 0.0], [0.0, 0.0, 0.0, 0.0003732736095558044, 0.0003732736095558044, 0.0, 0.0011198208286674132, 0.0011198208286674132, 0.004106009705113848, 0.007838745800671893, 0.01530421799178798, 0.026502426278462114, 0.05449794699514744, 0.08062709966405375, 0.11347517730496454, 0.13736468831653603, 0.16386711459499814, 0.11720791340052258, 0.11832773422918999, 0.059723777528928705, 0.030235162374020158, 0.032474804031354984, 0.019036954087346025, 0.0059723777528928705, 0.006718924972004479, 0.0014930944382232176, 0.0022396416573348264, 0.0, 0.0, 0.0, 0.0, 0.0], [0.0, 0.0, 0.0016474464579901153, 0.0016474464579901153, 0.0, 0.0016474464579901153, 0.013179571663920923, 0.014827018121911038, 0.023064250411861616, 0.039538714991762765, 0.047775947281713346, 0.06754530477759473, 0.07907742998352553, 0.10378912685337727, 0.11532125205930807, 0.10214168039538715, 0.09390444810543658, 0.06589785831960461, 0.09390444810543658, 0.044481054365733116, 0.026359143327841845, 0.0214168039538715, 0.008237232289950576, 0.009884678747940691, 0.009884678747940691, 0.006589785831960461, 0.008237232289950576, 0.0, 0.0, 0.0, 0.0, 0.0], [0.0, 0.0, 0.00033233632436025255, 0.00033233632436025255, 0.00033233632436025255, 0.0009970089730807576, 0.001661681621801263, 0.008640744433366567, 0.0