{"region": {"us": {"histType": {"histogram": {"labels": ["0", "100", "200", "300", "400", "500", "600", "700", "800", "900", "1000", "1100", "1200", "1300", "1400", "1500", "1600", "1700", "1800", "1900", "2000", "2100", "2200", "2300", "2400", "2500", "2600", "2700", "2800", "2900", "3000", "3100", "3200"], "data": [[0.0, 0.0, 0.005063291139240506, 0.005063291139240506, 0.005063291139240506, 0.007594936708860759, 0.020253164556962026, 0.020253164556962026, 0.04556962025316456, 0.04810126582278481, 0.07848101265822785, 0.10126582278481013, 0.10379746835443038, 0.13164556962025317, 0.10886075949367088, 0.09620253164556962, 0.0759493670886076, 0.04050632911392405, 0.035443037974683546, 0.035443037974683546, 0.012658227848101266, 0.007594936708860759, 0.007594936708860759, 0.0, 0.007594936708860759, 0.0, 0.0, 0.0, 0.0, 0.0, 0.0, 0.0, 0.0], [0.0, 0.00033500837520938025, 0.0, 0.00033500837520938025, 0.0006700167504187605, 0.0020100502512562816, 0.005025125628140704, 0.007370184254606365, 0.011390284757118929, 0.02680067001675042, 0.038525963149078725, 0.05360134003350084, 0.08274706867671691, 0.0897822445561139, 0.12529313232830822, 0.12797319932998324, 0.14974874371859295, 0.0864321608040201, 0.11088777219430486, 0.04321608040201005, 0.01474036850921273, 0.008710217755443886, 0.005360134003350084, 0.0016750418760469012, 0.0033500837520938024, 0.0006700167504187605, 0.0016750418760469012, 0.001340033500837521, 0.00033500837520938025, 0.0, 0.0, 0.0, 0.0], [0.00011026574043444702, 0.0, 0.0, 0.00022053148086889404, 0.00022053148086889404, 0.00022053148086889404, 0.00022053148086889404, 0.0005513287021722351, 0.0026463777704267286, 0.0031977064725989637, 0.005623552762156798, 0.007939133311280185, 0.01257029440952696, 0.019406770316462676, 0.026132980482963943, 0.11776381078398941, 0.18877494762377328, 0.11963832837137502, 0.27070239276656743, 0.07663468960194068, 0.04278310728856544, 0.053368618370272354, 0.018414378652552653, 0.009813650898665784, 0.014996140699084795, 0.0039695666556400925, 0.002315580549123387, 0.0012129231447789172, 0.00011026574043444702, 0.0004410629617377881, 0.0, 0.0, 0.0], [0.0, 0.0, 0.0, 0.0, 0.00010536297545042672, 0.00010536297545042672, 0.000737540828152987, 0.0017911705826572542, 0.004741333895269202, 0.0075861342324307236, 0.01127383837319566, 0.013697186808555474, 0.025287114108102412, 0.0319249815614793, 0.045200716468233065, 0.05657991781687915, 0.21314929933621327, 0.1352860604783479, 0.23169318301548836, 0.08471183226214309, 0.0477294278790433, 0.04941523548625013, 0.01801706880202297, 0.006321778527025603, 0.010430934569592246, 0.0024233484353598147, 0.0013697186808555473, 0.00042145190180170686, 0.0, 0.0, 0.0, 0.0, 0.0], [0.0, 0.0, 0.0, 0.0, 0.007633587786259542, 0.007633587786259542, 0.015267175572519083, 0.030534351145038167, 0.061068702290076333, 0.061068702290076333, 0.05343511450381679, 0.10687022900763359, 0.09923664122137404, 0.12213740458015267, 0.08396946564885496, 0.09923664122137404, 0.05343511450381679, 0.022900763358778626, 0.08396946564885496, 0.03816793893129771, 0.015267175572519083, 0.030534351145038167, 0.007633587786259542, 0.0, 0.0, 0.0, 0.0, 0.0, 0.0, 0.0, 0.0, 0.0, 0.0], [0.0, 0.0, 0.0, 0.0, 0.0, 0.00045080581539501857, 0.0005635072692437732, 0.0032683421616138846, 0.004508058153950186, 0.010481235207934182, 0.0206243660543221, 0.03144370562380255, 0.052180773131973404, 0.08272286712498592, 0.10796799278710695, 0.12859235884142906, 0.1643187197114843, 0.09410571396371013, 0.13704496788008566, 0.05353319057815846, 0.03099289980840753, 0.038205792854727826, 0.015327397723430633, 0.0063112814155302606, 0.010593936661782937, 0.0033810436154626394, 0.0016905218077313197, 0.0010143130846387918, 0.00045080581539501857, 0.00011270145384875464, 0.00011270145384875464, 0.0, 0.0], [0.0, 0.00024594195769798326, 0.00024594195769798326, 0.001967535661583866, 0.0012297097884899164, 0.0036891293654697493, 0.006640432857845549, 0.01352680767338908, 0.02115100836202656, 0.03467781603541564, 0.0514018691588785, 0.06665027053615347, 0.09296606000983768, 0.11091982292179045, 0.1131333005410723, 0.1234628627643876, 0.12100344318740777, 0.06935563207083129, 0.07599606492867683, 0.029021151008362025, 0.018691588785046728, 0.016232169208066895, 0.009591736350221348, 0.004426955238563699, 0.005656665027053615, 0.003443187407771766, 0.002459419576979833, 0.000983767830791933, 0.0004918839153959665, 0.00024594195769798326, 0.0004918839153959665, 0.0, 0.0], [0.003205128205128205, 0.0, 0.0, 0.00641025641025641, 0.009615384615384616, 0.022435897435897436, 0.01282051282051282, 0.038461538461538464, 0.060897435897435896, 0.10576923076923077, 0.10256410256410256, 0.12179487179487179, 0.10897435897435898, 0.10576923076923077, 0.07371794871794872, 0.0673076923076923, 0.05128205128205128, 0.028846153846153848, 0.035256410256410256, 0.02564102564102564, 0.003205128205128205, 0.003205128205128205, 0.00641025641025641, 0.00641025641025641, 0.0, 0.0, 0.0, 0.0, 0.0, 0.0, 0.0, 0.0, 0.0], [0.00028631418209581984, 0.0001908761213972132, 0.000477190303493033, 0.00028631418209581984, 0.000477190303493033, 0.0012406947890818859, 0.001431570910479099, 0.004103836610040084, 0.007825920977285742, 0.016129032258064516, 0.026340904752815423, 0.035025768276388626, 0.043424317617866005, 0.08618056881084177, 0.15203283069288032, 0.138766940255774, 0.14926512693262073, 0.09085703378507348, 0.10393204810078259, 0.046764649742317234, 0.029108608513075014, 0.02977667493796526, 0.014220271044092384, 0.007062416491696889, 0.009352929948463448, 0.0029585798816568047, 0.0015270089711777056, 0.0003817522427944264, 0.0005726283641916397, 0.0, 0.0, 0.0, 0.0], [0.0, 0.0, 0.0, 0.0, 0.0003977724741447892, 0.0003977724741447892, 0.0011933174224343676, 0.0011933174224343676, 0.0015910898965791568, 0.008353221957040573, 0.011535401750198886, 0.013524264120922832, 0.020684168655529037, 0.030230708035003977, 0.05608591885441527, 0.07517899761336516, 0.09824980111376293, 0.08870326173428798, 0.1809864757358791, 0.07120127287191726, 0.08035003977724742, 0.10222752585521082, 0.046141607000795545, 0.01949085123309467, 0.05091487669053302, 0.015910898965791568, 0.011137629276054098, 0.00994431185361973, 0.0027844073190135244, 0.0015910898965791568, 0.0, 0.0, 0.0], [0.0, 0.0, 0.0002717391304347826, 0.0, 0.001358695652173913, 0.001358695652173913, 0.0024456521739130437, 0.0038043478260869567, 0.010054347826086956, 0.020652173913043477, 0.030434782608695653, 0.03722826086956522, 0.06440217391304348, 0.07853260869565218, 0.10298913043478261, 0.12255434782608696, 0.1483695652173913, 0.09456521739130434, 0.14184782608695654, 0.04619565217391304, 0.03125, 0.03152173913043478, 0.009782608695652175, 0.005163043478260869, 0.00923913043478261, 0.003260869565217391, 0.0016304347826086956, 0.0002717391304347826, 0.0005434782608695652, 0.0002717391304347826, 0.0, 0.0, 0.0], [0.0, 0.0, 0.0010589481115425344, 0.0007059654076950229, 0.0015884221673138016, 0.0028238616307800918, 0.006883162725026474, 0.010765972467349099, 0.02029650547123191, 0.03653370984821744, 0.06424285210024709, 0.0750088245675962, 0.10783621602541475, 0.11471937875044123, 0.13342746205435935, 0.12036710201200142, 0.11577832686198376, 0.06141899046946699, 0.06141899046946699, 0.027885633603953405, 0.012707377338510413, 0.011295446523120367, 0.006530180021178962, 0.0037063183903988705, 0.0024708789269325803, 0.00035298270384751147, 0.00017649135192375574, 0.0, 0.0, 0.0, 0.0, 0.0, 0.0], [0.0, 0.0, 0.0, 0.0, 0.00012353304508956145, 0.0004941321803582458, 0.001976528721432983, 0.001976528721432983, 0.004817788758492897, 0.006053119209388512, 0.01432983323038913, 0.03903644224830142, 0.062137121680049416, 0.081408276714021, 0.12526250772081532, 0.12588017294626314, 0.1694873378628783, 0.102532427424336, 0.13773934527486104, 0.04484249536751081, 0.028412600370599134, 0.027671402100061766, 0.010870907967881408, 0.005311920938851143, 0.00592958616429895, 0.0023471278567016676, 0.0006176652254478073, 0.00012353304508956145, 0.0006176652254478073, 0.0, 0.0, 0.0, 0.0], [0.0002181262951248773, 0.0, 0.0, 0.00010906314756243865, 0.0002181262951248773, 0.000654378885374632, 0.002508452393936089, 0.004362525902497546, 0.010033809575744356, 0.02017668229905115, 0.033591449449231106, 0.046242774566473986, 0.06980041443996074, 0.08812302323045043, 0.10917221071000109, 0.11320754716981132, 0.14210928127385755, 0.09237648598538553, 0.11844257825280838, 0.05322281601047006, 0.03010142872723307, 0.03326426000654379, 0.01123350419893118, 0.0047987784927473005, 0.008397862362307777, 0.002835641836623405, 0.002181262951248773, 0.0008725051804995092, 0.0008725051804995092, 0.0007634420329370705, 0.00010906314756243865, 0.0, 0.0], [0.0, 0.0, 0.0, 0.00022857142857142857, 0.00045714285714285713, 0.00022857142857142857, 0.0006857142857142857, 0.001142857142857143, 0.004342857142857143, 0.005714285714285714, 0.015085714285714286, 0.028114285714285713, 0.048914285714285716, 0.07085714285714285, 0.09645714285714285, 0.1168, 0.16228571428571428, 0.11588571428571429, 0.14971428571428572, 0.0688, 0.039085714285714286, 0.03862857142857143, 0.01577142857142857, 0.005485714285714286, 0.009142857142857144, 0.0029714285714285715, 0.001142857142857143, 0.0009142857142857143, 0.00022857142857142857, 0.0009142857142857143, 0.0, 0.0, 0.0], [0.0, 0.0, 0.0, 0.0003588087549336204, 0.001076426264800861, 0.002152852529601722, 0.0028704700394689632, 0.004305705059203444, 0.010405453893074991, 0.021169716541083603, 0.03085755292429135, 0.048797990670972374, 0.06781485468245425, 0.08216720487979906, 0.09759598134194475, 0.11194833153928956, 0.13706494438464298, 0.09651955507714388, 0.11338356655902404, 0.05346250448510944, 0.03444564047362755, 0.033010405453893076, 0.018658055256548258, 0.008611410118406888, 0.012558306422676713, 0.0046645138141370645, 0.0014352350197344816, 0.0032292787944025836, 0.001076426264800861, 0.0003588087549336204, 0.0, 0.0, 0.0], [0.0002134927412467976, 0.0, 0.0006404782237403928, 0.0004269854824935952, 0.0006404782237403928, 0.0014944491887275832, 0.002775405636208369, 0.005764304013663535, 0.01152860802732707, 0.019854824935952177, 0.032877882152006835, 0.051024765157984625, 0.07664389410760034, 0.09777967549103331, 0.11742100768573868, 0.1248932536293766, 0.13877028181041845, 0.08454312553373185, 0.11464560204953031, 0.0448334756618275, 0.023697694278394535, 0.02433817250213493, 0.008966695132365499, 0.004696840307429547, 0.005550811272416738, 0.0017079419299743809, 0.0014944491887275832, 0.0014944491887275832, 0.0004269854824935952, 0.0008539709649871904, 0.0, 0.0, 0.0], [0.0, 0.0, 0.00014108352144469525, 0.0002821670428893905, 0.000564334085778781, 0.0009875846501128669, 0.001693002257336343, 0.003386004514672686, 0.00804176072234763, 0.015095936794582392, 0.02652370203160271, 0.04190180586907449, 0.07350451467268623, 0.0890237020316027, 0.12062641083521444, 0.12824492099322798, 0.15434537246049662, 0.08690744920993228, 0.14178893905191872, 0.03908013544018059, 0.02144469525959368, 0.022714446952595935, 0.007900677200902935, 0.005079006772009029, 0.005925507900677201, 0.0023984198645598193, 0.0012697516930022573, 0.0002821670428893905, 0.00014108352144469525, 0.0007054176072234763, 0.0, 0.0, 0.0], [0.0, 0.0, 0.0, 0.008620689655172414, 0.008620689655172414, 0.017241379310344827, 0.008620689655172414, 0.017241379310344827, 0.008620689655172414, 0.07758620689655173, 0.04310344827586207, 0.07758620689655173, 0.0603448275862069, 0.06896551724137931, 0.0603448275862069, 0.1206896551724138, 0.12931034482758622, 0.08620689655172414, 0.04310344827586207, 0.02586206896551724, 0.034482758620689655, 0.008620689655172414, 0.02586206896551724, 0.0, 0.008620689655172414, 0.02586206896551724, 0.008620689655172414, 0.02586206896551724, 0.0, 0.0, 0.0, 0.0, 0.0], [0.00020540207456095307, 0.00010270103728047654, 0.0, 0.00010270103728047654, 0.00010270103728047654, 0.00010270103728047654, 0.00020540207456095307, 0.0011297114100852418, 0.0023621238574509603, 0.005135051864023826, 0.008113381945157646, 0.02567525932011913, 0.06634487008318785, 0.09438225326075793, 0.1225223374756085, 0.13761938995583856, 0.1745917633768101, 0.11317654308308514, 0.11420355345588991, 0.051453219677518744, 0.024853651021875322, 0.03111841429598439, 0.010578206839889083, 0.004313443565780014, 0.006572866385950498, 0.0022594228201704837, 0.0013351134846461949, 0.00041080414912190614, 0.0010270103728047654, 0.0, 0.0, 0.0, 0.0], [0.0, 0.0, 0.0, 0.00013810247203424942, 0.0, 0.00027620494406849883, 0.0013810247203424942, 0.0006905123601712471, 0.003590664272890485, 0.004833586521198729, 0.010081480458500207, 0.017262809004281177, 0.029830133959397872, 0.04681673801961055, 0.0709846706256042, 0.10150531694517331, 0.15702251070294157, 0.1266399668554067, 0.1785664963402845, 0.07816599917138517, 0.05455047645352852, 0.05993647286286424, 0.020024858444966164, 0.009667173042397458, 0.015191271923767435, 0.006905123601712471, 0.003038254384753487, 0.0012429222483082447, 0.0006905123601712471, 0.00027620494406849883, 0.0006905123601712471, 0.0, 0.0], [0.0001885902876001886, 9.42951438000943e-05, 0.0, 0.0001885902876001886, 0.0001885902876001886, 0.0005657708628005657, 0.0020744931636020743, 0.0033003300330033004, 0.007355021216407355, 0.014332861857614333, 0.025271098538425272, 0.03234323432343234, 0.04997642621404998, 0.06657237152286657, 0.07901933050447901, 0.0991041961338991, 0.13173031588873174, 0.11192833569071192, 0.15917020273455917, 0.07345591702027346, 0.04714757190004715, 0.05110796793965111, 0.018104667609618104, 0.00942951438000943, 0.011692597831211692, 0.003206034889203206, 0.0013201320132013201, 0.0004714757190004715, 0.0006600660066006601, 0.0, 0.0, 0.0, 0.0], [0.0, 0.0, 0.0, 0.0016666666666666668, 0.0016666666666666668, 0.0, 0.0, 0.005, 0.008333333333333333, 0.008333333333333333, 0.015, 0.03, 0.05, 0.095, 0.11166666666666666, 0.17333333333333334, 0.16, 0.11166666666666666, 0.13333333333333333, 0.06166666666666667, 0.018333333333333333, 0.01, 0.0033333333333333335, 0.0, 0.0016666666666666668, 0.0, 0.0, 0.0, 0.0, 0.0, 0.0, 0.0, 0.0], [0.0, 0.0, 0.0, 0.00016195643371932951, 0.0, 8.097821685966476e-05, 0.00024293465057899426, 0.0007288039517369827, 0.0017815207709126245, 0.004534780144141226, 0.007126083083650498, 0.01328042756498502, 0.021054336383512836, 0.06251518341566119, 0.09919831565308931, 0.11045428779658271, 0.15855534861122358, 0.10438092153210786, 0.19450967689691473, 0.07207061300510163, 0.04389019353793829, 0.06219127054822253, 0.01822009879342457, 0.005749453397036197, 0.012065754312090048, 0.003482063324965584, 0.0015385861203336302, 0.0013766296866143007, 0.00040489108429832374, 0.00040489108429832374, 0.0, 0.0, 0.0], [0.00018102824040550325, 9.051412020275162e-05, 9.051412020275162e-05, 0.0, 0.00045257060101375814, 0.0005430847212165098, 0.0002715423606082549, 0.0009051412020275163, 0.0011766835626357713, 0.005340333091962346, 0.00950398262128892, 0.019641564083997105, 0.03430485155684287, 0.04598117306299783, 0.06842867487328023, 0.11214699493120926, 0.24619840695148443, 0.15124909485879798, 0.1660028964518465, 0.0639934829833454, 0.029326574945691526, 0.028149891383055757, 0.008146270818247647, 0.0035300506879073134, 0.0029869659666908036, 0.0006335988414192614, 0.0003620564808110065, 0.0003620564808110065, 0.0, 0.0, 0.0, 0.0, 0.0], [0.0001228803145736053, 0.0001228803145736053, 0.0002457606291472106, 0.0002457606291472106, 0.0009830425165888424, 0.0008601622020152371, 0.0018432047186040796, 0.0034406488080609486, 0.0061440157286802655, 0.01204227082821332, 0.01966085033177685, 0.03452936839518309, 0.05185549275006144, 0.06660113049889407, 0.09117719341361515, 0.12877856967313836, 0.16121897272057018, 0.11022364217252396, 0.14241828459080855, 0.06352912263455394, 0.03612681248463996, 0.037109855001228806, 0.014745637748832637, 0.00602113541410666, 0.006266896043253871, 0.0018432047186040796, 0.0009830425165888424, 0.0008601622020152371, 0.0, 0.0, 0.0, 0.0, 0.0], [0.0, 0.0, 0.0, 0.0, 0.0004334007512279688, 0.0002889338341519792, 0.0010112684195319273, 0.001444669170759896, 0.004622941346431667, 0.007078878936723491, 0.01444669170759896, 0.024414908985842244, 0.04001733603004912, 0.06284310892805547, 0.09664836752383704, 0.12048540884137532, 0.1553019358566888, 0.09607049985553308, 0.1791389771742271, 0.05937590291823173, 0.03871713377636521, 0.04507367812770875, 0.01849176538572667, 0.008090147356255418, 0.01083501878069922, 0.005200809014735626, 0.004045073678127709, 0.0018780699219878647, 0.0015891360878358856, 0.0011557353366079169, 0.0013002022536839064, 0.0, 0.0], [0.0, 0.0004664179104477612, 0.0002332089552238806, 0.0004664179104477612, 0.0016324626865671641, 0.0016324626865671641, 0.00396455223880597, 0.008628731343283583, 0.016791044776119403, 0.024953358208955223, 0.044309701492537316, 0.059934701492537316, 0.08395522388059702, 0.10354477611940298, 0.12546641791044777, 0.11637126865671642, 0.1452891791044776, 0.07462686567164178, 0.10867537313432836, 0.02751865671641791, 0.017957089552238806, 0.020755597014925374, 0.003031716417910448, 0.0025652985074626866, 0.005130597014925373, 0.0009328358208955224, 0.0004664179104477612, 0.0004664179104477612, 0.0002332089552238806, 0.0, 0.0, 0.0, 0.0], [0.0, 0.0, 0.0005005005005005005, 0.0015015015015015015, 0.0025025025025025025, 0.0025025025025025025, 0.0035035035035035035, 0.011511511511511512, 0.014514514514514515, 0.014014014014014014, 0.033533533533533534, 0.046546546546546545, 0.06606606606606606, 0.08008008008008008, 0.10810810810810811, 0.10710710710710711, 0.16566566566566568, 0.09109109109109109, 0.12762762762762764, 0.04154154154154154, 0.026026026026026026, 0.024524524524524523, 0.013513513513513514, 0.0075075075075075074, 0.0055055055055055055, 0.0035035035035035035, 0.0, 0.0015015015015015015, 0.0, 0.0, 0.0, 0.0, 0.0], [0.00025313251487153526, 0.0, 0.0, 0.00012656625743576763, 0.0008859638020503734, 0.0011390963169219087, 0.003417288950765726, 0.0069611441589672194, 0.011137830654347551, 0.02138969750664473, 0.035438552082014935, 0.051006201746614355, 0.07783824832299709, 0.10264523478040755, 0.13808378686242248, 0.13631185925832173, 0.13378053410960639, 0.08302746487786355, 0.09454499430451842, 0.0355651183394507, 0.019870902417415518, 0.023288191368181242, 0.0089862042779395, 0.0048095177825591695, 0.006454879129224149, 0.0012656625743576763, 0.0003796987723073029, 0.0008859638020503734, 0.0, 0.0003796987723073029, 0.00012656625743576763, 0.0, 0.0], [0.0, 0.0, 0.0, 0.0005121201775349949, 0.0001707067258449983, 0.0010242403550699897, 0.0018777739842949811, 0.002389894161829976, 0.007340389211334926, 0.011949470809149881, 0.021679754182314784, 0.03072721065209969, 0.060088767497439396, 0.08415841584158416, 0.09576647319904404, 0.11847046773642882, 0.14714919767838852, 0.09730283373164902, 0.13537043359508363, 0.05462615227039946, 0.03584841242744964, 0.0399453738477296, 0.01485148514851485, 0.0075110959371799246, 0.014339364970979856, 0.0059747354045749405, 0.005291908501194947, 0.002389894161829976, 0.0013656538067599864, 0.001194947080914988, 0.0006828269033799932, 0.0, 0.0], [0.0, 0.00019577133907595928, 0.0, 0.00019577133907595928, 0.00039154267815191856, 0.0005873140172278779, 0.001957713390759593, 0.0023492560689115116, 0.006264682850430697, 0.01664056382145654, 0.0264291307752545, 0.041895066562255286, 0.060689115113547375, 0.0855520751761942, 0.11315583398590447, 0.12509788566953797, 0.15035238841033674, 0.09514487079091621, 0.13488645262333596, 0.050509005481597494, 0.031910728269381364, 0.026233359436178542, 0.010375880971025842, 0.004306969459671104, 0.00548159749412686, 0.0029365700861393894, 0.00274079874706343, 0.001370399373531715, 0.0017619420516836336, 0.0005873140172278779, 0.0, 0.0, 0.0], [0.00010914647456887143, 0.00010914647456887143, 0.00010914647456887143, 0.0, 0.00010914647456887143, 0.0009823182711198428, 0.0007640253219820999, 0.0024012224405151714, 0.0031652477624972714, 0.012115258677144728, 0.03067015935385287, 0.04900676708142327, 0.07913119406243178, 0.10816415629775158, 0.13261296660117877, 0.14145383104125736, 0.15618860510805502, 0.09102815979043877, 0.099323291857673, 0.0420213927090155, 0.021938441388343156, 0.0145164811176599, 0.008076839118096486, 0.0021829294913774284, 0.002073783016808557, 0.0008731717965509714, 0.0003274394237066143, 0.0004365858982754857, 0.00010914647456887143, 0.0, 0.0, 0.0, 0.0], [0.0, 0.0, 0.0, 0.00019109497420217848, 0.00019109497420217848, 0.0009554748710108924, 0.0015287597936174278, 0.0028664246130326774, 0.005923944200267533, 0.011083508503726351, 0.02407796674947449, 0.036881330021020446, 0.0684120007643799, 0.09420982228167399, 0.12249187846359641, 0.1429390407032295, 0.15784444869099942, 0.09956048155933499, 0.10739537550162431, 0.04414293904070323, 0.026753296388304988, 0.022549206955857062, 0.011656793426332888, 0.004395184406650105, 0.007643798968087139, 0.0024842346646283204, 0.0017198547678196063, 0.0005732849226065354, 0.0011465698452130708, 0.00019109497420217848, 0.00019109497420217848, 0.0, 0.0], [0.0, 0.0, 0.0, 0.00019924287706714485, 0.00019924287706714485, 0.001394700139470014, 0.001394700139470014, 0.002590157401872883, 0.004582586172544332, 0.005578800557880056, 0.01354851564056585, 0.02012353058378163, 0.03945008965929468, 0.06236302052201634, 0.0968320382546324, 0.11655708308427974, 0.16278143056385735, 0.11316995417413828, 0.17433751743375175, 0.0639569635385535, 0.03626220362622036, 0.044032675831839015, 0.015341701534170154, 0.007371986451484359, 0.010161386730424387, 0.005180314803745766, 0.0017931858936043037, 0.0003984857541342897, 0.00019924287706714485, 0.00019924287706714485, 0.0, 0.0, 0.0], [0.0, 0.0, 0.00012554927809165097, 0.0, 0.00025109855618330194, 0.0005021971123666039, 0.0011299435028248588, 0.0027620841180163213, 0.0035153797865662274, 0.009918392969240427, 0.018706842435655995, 0.035907093534212176, 0.05925925925925926, 0.09478970495919649, 0.11349654739485247, 0.12630257376020088, 0.14513496547394852, 0.09052102950408035, 0.14249843063402384, 0.04733207784055242, 0.031261770244821095, 0.0327683615819209, 0.01707470182046453, 0.007156308851224105, 0.012680477087256748, 0.0027620841180163213, 0.0023854362837413684, 0.0015065913370998117, 0.00012554927809165097, 0.00012554927809165097, 0.0, 0.0, 0.0], [0.0, 0.0, 8.460236886632826e-05, 0.0, 8.460236886632826e-05, 8.460236886632826e-05, 0.0002538071065989848, 0.0008460236886632825, 0.0017766497461928934, 0.0047377326565143825, 0.008629441624365483, 0.01641285956006768, 0.02808798646362098, 0.03620981387478849, 0.05465313028764805, 0.09568527918781726, 0.19847715736040608, 0.12732656514382404, 0.21717428087986462, 0.08011844331641287, 0.04424703891708968, 0.051269035532994923, 0.013367174280879865, 0.004822335025380711, 0.00922165820642978, 0.0027072758037225042, 0.001692047377326565, 0.0006768189509306261, 0.0007614213197969543, 0.0005922165820642978, 0.0, 0.0, 0.0], [0.0, 0.0, 0.0, 0.00011424654404204273, 0.0003427396321261282, 0.0005712327202102136, 0.000799725808294299, 0.00251342396892494, 0.005483834114018051, 0.010282188963783846, 0.015080543813549641, 0.029132868730720896, 0.04844053467382611, 0.07117559693819261, 0.10510682051867931, 0.13298297726493774, 0.17285502113561066, 0.11298983205758026, 0.16440077687649948, 0.053010396435507826, 0.02639095167371187, 0.03107505997943562, 0.008111504626985034, 0.003427396321261282, 0.002970410145093111, 0.0006854792642522564, 0.000799725808294299, 0.000799725808294299, 0.0004569861761681709, 0.0, 0.0, 0.0, 0.0], [0.0, 0.003816793893129771, 0.0, 0.007633587786259542, 0.003816793893129771, 0.019083969465648856, 0.026717557251908396, 0.04198473282442748, 0.06870229007633588, 0.04580152671755725, 0.03816793893129771, 0.07251908396946564, 0.0648854961832061, 0.1297709923664122, 0.12213740458015267, 0.10305343511450382, 0.0916030534351145, 0.04961832061068702, 0.04580152671755725, 0.015267175572519083, 0.011450381679389313, 0.019083969465648856, 0.003816793893129771, 0.015267175572519083, 0.0, 0.0, 0.0, 0.0, 0.0, 0.0, 0.0, 0.0, 0.0]]}, "ranks": {"labels": ["Unranked", "Combatatent I", "Combatatent II", "Challenger I", "Challenger II", "Rival I", "Rival II", "Duelist", "Elite"], "data": [[0.1569620253164557, 0.17974683544303796, 0.23544303797468355, 0.20506329113924052, 0.11645569620253164, 0.06329113924050633, 0.020253164556962026, 0.015189873417721518, 0.007594936708860759], [0.05393634840871022, 0.09212730318257957, 0.17252931323283083, 0.25326633165829143, 0.23618090452261306, 0.13869346733668342, 0.03015075376884422, 0.01574539363484087, 0.007370184254606365], [0.00738780460910795, 0.013562686073436983, 0.031977064725989636, 0.14389679126695334, 0.3084132759951483, 0.3122725769103539, 0.0778476127467196, 0.0815966479214908, 0.023045539750799426], [0.01506690548941102, 0.024971025181751132, 0.05721209566958171, 0.1017806342851122, 0.34843535981456114, 0.2799494257717838, 0.08418501738489095, 0.0737540828152987, 0.014645453587609315], [0.183206106870229, 0.16030534351145037, 0.22137404580152673, 0.183206106870229, 0.07633587786259542, 0.12213740458015267, 0.015267175572519083, 0.03816793893129771, 0.0], [0.019271948608137045, 0.05206807167812465, 0.1349036402569593, 0.236560351628536, 0.2584244336751944, 0.16691085315000564, 0.054660205116646, 0.05984447199368872, 0.017356023892708215], [0.08337432365961633, 0.11805213969503198, 0.20388588293162813, 0.2365961633054599, 0.19035907525823906, 0.09370388588293163, 0.03000491883915396, 0.030250860796851943, 0.013772749631087064], [0.25961538461538464, 0.22435897435897437, 0.21474358974358973, 0.14102564102564102, 0.08012820512820513, 0.04487179487179487, 0.019230769230769232, 0.016025641025641024, 0.0], [0.03244894063752624, 0.061366673029204045, 0.12960488642870777, 0.29079977094865433, 0.2401221607176942, 0.13094101927848825, 0.04886428707768658, 0.05105936247375453, 0.014792899408284023], [0.013126491646778043, 0.025059665871121718, 0.05091487669053302, 0.13126491646778043, 0.1869530628480509, 0.2163882259347653, 0.11614956245027844, 0.16785998408910102, 0.09228321400159109], [0.03994565217391304, 0.06766304347826087, 0.14293478260869566, 0.22554347826086957, 0.24293478260869567, 0.16983695652173914, 0.049456521739130434, 0.04646739130434783, 0.015217391304347827], [0.08065654782915638, 0.13925167666784327, 0.22255559477585599, 0.25379456406636075, 0.17719731733145075, 0.07553829862336746, 0.02647370278856336, 0.021531944934698198, 0.0030003529827038475], [0.015441630636195183, 0.05336627547869055, 0.1435453983940704, 0.25114268066707846, 0.27201976528721433, 0.16232242124768376, 0.04867201976528721, 0.043854231006794316, 0.009635577516985794], [0.03828116479441597, 0.0798342240157051, 0.15792343767041117, 0.2223797578798124, 0.2344857672592431, 0.14821681753735413, 0.05355000545315738, 0.04929654269822227, 0.01603228269167848], [0.0128, 0.0432, 0.11977142857142857, 0.21325714285714287, 0.27817142857142857, 0.18948571428571429, 0.06811428571428571, 0.059885714285714285, 0.015314285714285714], [0.042339433082167206, 0.07965554359526372, 0.14998205956225333, 0.2095443128812343, 0.23358449946178686, 0.14101184068891282, 0.060279870828848225, 0.060279870828848225, 0.023322569070685324], [0.043339026473099916, 0.08390264730999146, 0.17442356959863364, 0.2423142613151153, 0.2233134073441503, 0.142399658411614, 0.040777113578138346, 0.038001707941929974, 0.01152860802732707], [0.030191873589164784, 0.0684255079006772, 0.16252821670428894, 0.24887133182844243, 0.24125282167042889, 0.16492663656884876, 0.03738713318284424, 0.035694130925507904, 0.01072234762979684], [0.14655172413793102, 0.1206896551724138, 0.12931034482758622, 0.1810344827586207, 0.21551724137931033, 0.05172413793103448, 0.05172413793103448, 0.034482758620689655, 0.06896551724137931], [0.009448495429803841, 0.03378864126527678, 0.16072712334394576, 0.26014172743144703, 0.28776830645989526, 0.1435760501181062, 0.046934374037177776, 0.04601006470165349, 0.011605217212693848], [0.010910095290705704, 0.027344289462781383, 0.07664687197900842, 0.17248998757077752, 0.2836624775583483, 0.22124016019886755, 0.09004281176633061, 0.08962850435022787, 0.02803480182295263], [0.028288543140028287, 0.05761433286185762, 0.11654879773691655, 0.17812352663837813, 0.24365865157944366, 0.1982083922677982, 0.08156529938708157, 0.07864214992927865, 0.01735030645921735], [0.025, 0.045, 0.145, 0.285, 0.27166666666666667, 0.17333333333333334, 0.04, 0.013333333333333334, 0.0016666666666666668], [0.007530974167948822, 0.020406510648635516, 0.08356951979917403, 0.20965260344967204, 0.26293627014333143, 0.23532269819418578, 0.07514778524576889, 0.0861608227386833, 0.01927281561260021], [0.009051412020275163, 0.029145546705286025, 0.08028602461984069, 0.1805756698044895, 0.3974475018102824, 0.20139391745112237, 0.05792903692976104, 0.03982621288921072, 0.004344677769732078], [0.026050626689604325, 0.05419021872695994, 0.11845662324895552, 0.2199557630867535, 0.2714426148930941, 0.17793069550258048, 0.06414352420742198, 0.0578766281641681, 0.00995330548046203], [0.014880092458826929, 0.0388616006934412, 0.10286044495810459, 0.21713377636521236, 0.2513724357122219, 0.21135509968217278, 0.06587691418665126, 0.07165559086969084, 0.026004045073678126], [0.058768656716417914, 0.10424440298507463, 0.1875, 0.24183768656716417, 0.2199160447761194, 0.12313432835820895, 0.03101679104477612, 0.026352611940298507, 0.0072294776119402986], [0.05055055055055055, 0.08008008008008008, 0.14614614614614616, 0.21521521521521522, 0.25675675675675674, 0.15215215215215216, 0.043043043043043044, 0.045545545545545546, 0.010510510510510511], [0.04531072016200481, 0.08644475382862929, 0.18048348310340465, 0.2743956461207442, 0.21680799898746994, 0.11479559549424123, 0.0351854195671434, 0.037083913428679914, 0.009492469307682572], [0.02526459542505975, 0.052406964834414475, 0.14424718333902356, 0.21423694093547285, 0.24445203141003755, 0.16456128371457834, 0.06128371457835439, 0.06230795493342438, 0.031239330829634687], [0.028582615505090055, 0.06832419733750979, 0.14624119028974158, 0.23825371965544245, 0.24549725920125293, 0.16464369616288174, 0.052662490211433044, 0.04091620986687549, 0.014878621769772905], [0.0198646583715346, 0.07967692643527614, 0.18729535036018335, 0.27406679764243613, 0.24721676489849378, 0.12311722331368696, 0.04016590264134468, 0.024776249727133815, 0.0038201266099105], [0.02274030193005924, 0.060959296770494935, 0.16262182304605388, 0.26543091916682593, 0.2574049302503344, 0.13223772214790752, 0.04605388878272501, 0.03860118478884005, 0.013949933116759029], [0.01593943016537159, 0.03367204622434748, 0.10181311018131102, 0.21338912133891214, 0.27595138473799563, 0.2102012353058378, 0.06435544929268779, 0.06674636381749352, 0.017931858936043037], [0.01820464532328939, 0.054613935969868174, 0.15404896421845574, 0.23979912115505336, 0.2356559949780289, 0.1692404268675455, 0.05185185185185185, 0.05699937225360954, 0.019585687382297552], [0.007868020304568528, 0.025042301184433163, 0.06429780033840947, 0.1503384094754653, 0.3258037225042301, 0.26032148900169205, 0.08121827411167512, 0.0694585448392555, 0.015651438240270727], [0.02010739175139952, 0.04421341254427054, 0.11961613161201874, 0.23808979778361705, 0.2858448531931909, 0.1935336456072204, 0.0502684793784988, 0.04261396092768194, 0.005712327202102137], [0.21755725190839695, 0.11068702290076336, 0.1946564885496183, 0.22519083969465647, 0.14122137404580154, 0.04961832061068702, 0.022900763358778626, 0.03816793893129771, 0.0]]}, "ranksDetailed": {"labels": ["Unranked", "Combatatant", "Challenger", "Rival", "Duelist", "Elite"], "data": [[0.1569620253164557, 0.4151898734177215, 0.32151898734177214, 0.08354430379746836, 0.015189873417721518, 0.007594936708860759], [0.05393634840871022, 0.2646566164154104, 0.4894472361809045, 0.16884422110552763, 0.01574539363484087, 0.007370184254606365], [0.00738780460910795, 0.04553975079942662, 0.45231006726210166, 0.39012018965707357, 0.0815966479214908, 0.023045539750799426], [0.01506690548941102, 0.08218312085133284, 0.4502159940996734, 0.36413444315667476, 0.0737540828152987, 0.014645453587609315], [0.183206106870229, 0.3816793893129771, 0.2595419847328244, 0.13740458015267176, 0.03816793893129771, 0.0], [0.019271948608137045, 0.18697171193508397, 0.4949847853037304, 0.22157105826665163, 0.05984447199368872, 0.017356023892708215], [0.08337432365961633, 0.3219380226266601, 0.426955238563699, 0.12370880472208559, 0.030250860796851943, 0.013772749631087064], [0.25961538461538464, 0.4391025641025641, 0.22115384615384615, 0.0641025641025641, 0.016025641025641024, 0.0], [0.03244894063752624, 0.1909715594579118, 0.5309219316663485, 0.17980530635617484, 0.05105936247375453, 0.014792899408284023], [0.013126491646778043, 0.07597454256165473, 0.31821797931583135, 0.3325377883850438, 0.16785998408910102, 0.09228321400159109], [0.03994565217391304, 0.2105978260869565, 0.46847826086956523, 0.21929347826086956, 0.04646739130434783, 0.015217391304347827], [0.08065654782915638, 0.3618072714436993, 0.4309918813978115, 0.10201200141193081, 0.021531944934698198, 0.0030003529827038475], [0.015441630636195183, 0.19691167387276096, 0.5231624459542927, 0.21099444101297096, 0.043854231006794316, 0.009635577516985794], [0.03828116479441597, 0.23775766168611626, 0.45686552513905554, 0.20176682299051152, 0.04929654269822227, 0.01603228269167848], [0.0128, 0.16297142857142857, 0.49142857142857144, 0.2576, 0.059885714285714285, 0.015314285714285714], [0.042339433082167206, 0.22963760315751705, 0.44312881234302115, 0.20129171151776104, 0.060279870828848225, 0.023322569070685324], [0.043339026473099916, 0.2583262169086251, 0.4656276686592656, 0.18317677198975235, 0.038001707941929974, 0.01152860802732707], [0.030191873589164784, 0.23095372460496613, 0.49012415349887134, 0.202313769751693, 0.035694130925507904, 0.01072234762979684], [0.14655172413793102, 0.25, 0.39655172413793105, 0.10344827586206896, 0.034482758620689655, 0.06896551724137931], [0.009448495429803841, 0.19451576460922254, 0.5479100338913423, 0.19051042415528396, 0.04601006470165349, 0.011605217212693848], [0.010910095290705704, 0.10399116144178981, 0.45615246512912583, 0.31128297196519816, 0.08962850435022787, 0.02803480182295263], [0.028288543140028287, 0.17416313059877417, 0.42178217821782177, 0.27977369165487975, 0.07864214992927865, 0.01735030645921735], [0.025, 0.19, 0.5566666666666666, 0.21333333333333335, 0.013333333333333334, 0.0016666666666666668], [0.007530974167948822, 0.10397603044780954, 0.4725888735930035, 0.31047048343995465, 0.0861608227386833, 0.01927281561260021], [0.009051412020275163, 0.10943157132512672, 0.5780231716147719, 0.25932295438088343, 0.03982621288921072, 0.004344677769732078], [0.026050626689604325, 0.17264684197591545, 0.49139837797984764, 0.24207421971000245, 0.0578766281641681, 0.00995330548046203], [0.014880092458826929, 0.1417220456515458, 0.46850621207743426, 0.277232013868824, 0.07165559086969084, 0.026004045073678126], [0.058768656716417914, 0.29174440298507465, 0.46175373134328357, 0.15415111940298507, 0.026352611940298507, 0.0072294776119402986], [0.05055055055055055, 0.22622622622622623, 0.471971971971972, 0.19519519519519518, 0.045545545545545546, 0.010510510510510511], [0.04531072016200481, 0.26692823693203394, 0.4912036451082141, 0.14998101506138464, 0.037083913428679914, 0.009492469307682572], [0.02526459542505975, 0.19665414817343804, 0.4586889723455104, 0.22584499829293275, 0.06230795493342438, 0.031239330829634687], [0.028582615505090055, 0.21456538762725136, 0.4837509788566954, 0.2173061863743148, 0.04091620986687549, 0.014878621769772905], [0.0198646583715346, 0.2669722767954595, 0.5212835625409299, 0.16328312595503167, 0.024776249727133815, 0.0038201266099105], [0.02274030193005924, 0.22358111981654882, 0.5228358494171603, 0.17829161093063253, 0.03860118478884005, 0.013949933116759029], [0.01593943016537159, 0.1354851564056585, 0.48934050607690777, 0.2745566845985256, 0.06674636381749352, 0.017931858936043037], [0.01820464532328939, 0.20866290018832392, 0.4754551161330822, 0.22109227871939735, 0.05699937225360954, 0.019585687382297552], [0.007868020304568528, 0.08934010152284264, 0.4761421319796954, 0.3415397631133672, 0.0694585448392555, 0.015651438240270727], [0.02010739175139952, 0.16382954415628928, 0.5239346509768079, 0.24380212498571918, 0.04261396092768194, 0.005712327202102137], [0.21755725190839695, 0.3053435114503817, 0.366412213740458, 0.07251908396946564, 0.03816793893129771, 0.0]]}}}, "eu": {"histType": {"histogram": {"labels": ["0", "100", "200", "300", "400", "500", "600", "700", "800", "900", "1000", "1100", "1200", "1300", "1400", "1500", "1600", "1700", "1800", "1900", "2000", "2100", "2200", "2300", "2400", "2500", "2600", "2700", "2800", "2900", "3000", "3100", "3200"], "data": [[0.0, 0.0, 0.0031847133757961785, 0.0, 0.0, 0.006369426751592357, 0.01592356687898089, 0.01910828025477707, 0.06050955414012739, 0.08280254777070063, 0.08917197452229299, 0.08598726114649681, 0.06369426751592357, 0.1305732484076433, 0.1337579617834395, 0.09872611464968153, 0.07643312101910828, 0.04777070063694268, 0.03503184713375796, 0.025477707006369428, 0.009554140127388535, 0.009554140127388535, 0.006369426751592357, 0.0, 0.0, 0.0, 0.0, 0.0, 0.0, 0.0, 0.0, 0.0, 0.0], [0.0, 0.0, 0.0007228044813877846, 0.0007228044813877846, 0.0014456089627755693, 0.0046982291290206, 0.006143838091796169, 0.008673653776653415, 0.02204553668232743, 0.028912179255511383, 0.04192265992049151, 0.06396819660281894, 0.07878568847126852, 0.10010842067220817, 0.13082761113118901, 0.13010480664980123, 0.14311528731478135, 0.07119624141669678, 0.10046982291290206, 0.02674376581134803, 0.014456089627755691, 0.011564871702204554, 0.006505240332490061, 0.002529815684857246, 0.0028912179255511385, 0.0007228044813877846, 0.0007228044813877846, 0.0, 0.0, 0.0, 0.0, 0.0, 0.0], [0.0, 0.0, 0.0, 0.00011102475852115021, 0.00011102475852115021, 0.00011102475852115021, 0.00011102475852115021, 0.000999222826690352, 0.0017763961363384034, 0.002553569445986455, 0.005884312201620961, 0.00954812923281892, 0.012989896746974575, 0.01632063950260908, 0.08548906406128566, 0.12068391251249029, 0.18740979238370156, 0.11613189741312313, 0.24170089930054403, 0.06805817697346508, 0.04185633396247363, 0.04629732430331964, 0.01609858998556678, 0.008104807372043965, 0.01021427778394582, 0.0038858665482402574, 0.0016653713778172533, 0.0012212723437326524, 0.00033307427556345063, 0.00033307427556345063, 0.0, 0.0, 0.0], [0.0, 0.0, 0.0, 0.00010063399416322834, 0.00010063399416322834, 0.00020126798832645668, 0.0007044379591425984, 0.0019120458891013384, 0.0025158498540807086, 0.0057361376673040155, 0.011170373352118346, 0.017711582972728186, 0.02173694273925732, 0.02837878635403039, 0.04518466337928952, 0.08563952903290732, 0.2169668914159203, 0.13998188588105062, 0.21133138774277951, 0.08302304518466339, 0.04448022542014692, 0.04820368320418637, 0.01338432122370937, 0.006440575626446614, 0.010667203381302203, 0.0026164838482439366, 0.0005031699708161417, 0.0007044379591425984, 0.000301901982489685, 0.000301901982489685, 0.0, 0.0, 0.0], [0.0, 0.0, 0.0, 0.0, 0.0, 0.023076923076923078, 0.023076923076923078, 0.06153846153846154, 0.07692307692307693, 0.046153846153846156, 0.06153846153846154, 0.1076923076923077, 0.07692307692307693, 0.05384615384615385, 0.06153846153846154, 0.13076923076923078, 0.015384615384615385, 0.09230769230769231, 0.038461538461538464, 0.046153846153846156, 0.046153846153846156, 0.0, 0.007692307692307693, 0.007692307692307693, 0.023076923076923078, 0.0, 0.0, 0.0, 0.0, 0.0, 0.0, 0.0, 0.0], [0.0, 0.00011318619128466328, 0.00011318619128466328, 0.00022637238256932655, 0.0005659309564233164, 0.00022637238256932655, 0.0013582342954159593, 0.004187889077532541, 0.005772495755517827, 0.012337294850028296, 0.022410865874363327, 0.0345217883418223, 0.051386530843237126, 0.07481607243916243, 0.10707413695529146, 0.11941143180531975, 0.14929258630447084, 0.10345217883418223, 0.142048670062