{"region": {"us": {"histType": {"histogram": {"labels": ["0", "100", "200", "300", "400", "500", "600", "700", "800", "900", "1000", "1100", "1200", "1300", "1400", "1500", "1600", "1700", "1800", "1900", "2000", "2100", "2200", "2300", "2400", "2500", "2600", "2700", "2800", "2900", "3000", "3100"], "data": [[0.0, 0.0, 0.0, 0.007194244604316547, 0.007194244604316547, 0.007194244604316547, 0.02877697841726619, 0.02877697841726619, 0.06474820143884892, 0.050359712230215826, 0.05755395683453238, 0.10071942446043165, 0.10071942446043165, 0.15827338129496402, 0.09352517985611511, 0.08633093525179857, 0.07194244604316546, 0.03597122302158273, 0.02877697841726619, 0.05755395683453238, 0.014388489208633094, 0.0, 0.0, 0.0, 0.0, 0.0, 0.0, 0.0, 0.0, 0.0, 0.0, 0.0], [0.0, 0.0015325670498084292, 0.0007662835249042146, 0.0007662835249042146, 0.0015325670498084292, 0.0015325670498084292, 0.004597701149425287, 0.012260536398467433, 0.016091954022988506, 0.0367816091954023, 0.056704980842911874, 0.06360153256704981, 0.09195402298850575, 0.10191570881226053, 0.14482758620689656, 0.1310344827586207, 0.12796934865900383, 0.06973180076628352, 0.0735632183908046, 0.022988505747126436, 0.013026819923371647, 0.013793103448275862, 0.004597701149425287, 0.0022988505747126436, 0.0030651340996168583, 0.0030651340996168583, 0.0, 0.0, 0.0, 0.0, 0.0, 0.0], [0.00023736055067647758, 0.0, 0.00023736055067647758, 0.00023736055067647758, 0.00047472110135295516, 0.0007120816520294327, 0.00047472110135295516, 0.0018988844054118206, 0.0075955376216472826, 0.009257061476382625, 0.016140517446000476, 0.022786612864941845, 0.04319962022311892, 0.05483028720626632, 0.07714217896985522, 0.10064087348682649, 0.1407548065511512, 0.10443864229765012, 0.18775219558509376, 0.06741039639211963, 0.043436980773795396, 0.058153334915737, 0.022786612864941845, 0.010918585331117968, 0.019463565155471162, 0.004747211013529551, 0.004272489912176596, 0.0, 0.0, 0.0, 0.0, 0.0], [0.0, 0.0002037905033625433, 0.0, 0.0, 0.0002037905033625433, 0.0008151620134501732, 0.002649276543713063, 0.004075810067250866, 0.010597106174852253, 0.023232117383329937, 0.03158752802119421, 0.03566333808844508, 0.06745465661300183, 0.08477684939881802, 0.11697574893009986, 0.13307519869574078, 0.16914611779091093, 0.09272467902995721, 0.11819849195027511, 0.04218463419604646, 0.026085184430405542, 0.02282453637660485, 0.007540248624414102, 0.0038720195638883227, 0.004075810067250866, 0.0012227430201752598, 0.0008151620134501732, 0.0, 0.0, 0.0, 0.0, 0.0], [0.0, 0.0, 0.0, 0.0, 0.0, 0.0, 0.0, 0.0784313725490196, 0.0784313725490196, 0.09803921568627451, 0.058823529411764705, 0.09803921568627451, 0.0784313725490196, 0.13725490196078433, 0.0, 0.0196078431372549, 0.058823529411764705, 0.058823529411764705, 0.058823529411764705, 0.09803921568627451, 0.0392156862745098, 0.0196078431372549, 0.0, 0.0196078431372549, 0.0, 0.0, 0.0, 0.0, 0.0, 0.0, 0.0, 0.0], [0.0, 0.0, 0.0, 0.0, 0.0, 0.0, 0.00035180299032541777, 0.0031662269129287598, 0.002814423922603342, 0.010905892700087952, 0.016710642040457344, 0.028847845206684257, 0.056464379947229554, 0.08777484608619174, 0.11662269129287599, 0.13034300791556727, 0.15373790677220756, 0.09762532981530343, 0.11855760773966578, 0.05470536499560246, 0.03271767810026385, 0.04415127528583993, 0.015303430079155673, 0.0063324538258575196, 0.013192612137203167, 0.005628847845206684, 0.003518029903254178, 0.0005277044854881266, 0.0, 0.0, 0.0, 0.0], [0.0, 0.0, 0.000970873786407767, 0.0014563106796116505, 0.0014563106796116505, 0.0024271844660194173, 0.003883495145631068, 0.010679611650485437, 0.02233009708737864, 0.03446601941747573, 0.05679611650485437, 0.06650485436893204, 0.0941747572815534, 0.12233009708737864, 0.13300970873786408, 0.11407766990291263, 0.11262135922330097, 0.06310679611650485, 0.06019417475728155, 0.030097087378640777, 0.015048543689320388, 0.020388349514563107, 0.008737864077669903, 0.005825242718446602, 0.011650485436893204, 0.005825242718446602, 0.001941747572815534, 0.0, 0.0, 0.0, 0.0, 0.0], [0.0, 0.0, 0.007751937984496124, 0.015503875968992248, 0.015503875968992248, 0.007751937984496124, 0.031007751937984496, 0.07751937984496124, 0.09302325581395349, 0.12403100775193798, 0.09302325581395349, 0.13178294573643412, 0.13953488372093023, 0.09302325581395349, 0.031007751937984496, 0.03875968992248062, 0.031007751937984496, 0.023255813953488372, 0.023255813953488372, 0.023255813953488372, 0.0, 0.0, 0.0, 0.0, 0.0, 0.0, 0.0, 0.0, 0.0, 0.0, 0.0, 0.0], [0.0003645643456069996, 0.0003645643456069996, 0.0009114108640174991, 0.0007291286912139992, 0.0014582573824279985, 0.003098796937659497, 0.004192489974480496, 0.010390083849799489, 0.01986875683558148, 0.04721108275610645, 0.07163689391177543, 0.0982500911410864, 0.11337951148377688, 0.12285818446955887, 0.13561793656580387, 0.10371855632519139, 0.08658403208166242, 0.04921618665694495, 0.052497265767407944, 0.027706890266131972, 0.016040831206707983, 0.015858549033904483, 0.010390083849799489, 0.0027342325920524974, 0.004192489974480496, 0.0005468465184104995, 0.0001822821728034998, 0.0, 0.0, 0.0, 0.0, 0.0], [0.0, 0.0, 0.0004761904761904762, 0.0, 0.0014285714285714286, 0.0019047619047619048, 0.004761904761904762, 0.005238095238095238, 0.014761904761904763, 0.02619047619047619, 0.034761904761904765, 0.04619047619047619, 0.07714285714285714, 0.09666666666666666, 0.12428571428571429, 0.13238095238095238, 0.16047619047619047, 0.07904761904761905, 0.10238095238095238, 0.037142857142857144, 0.01380952380952381, 0.02095238095238095, 0.008095238095238095, 0.006666666666666667, 0.004761904761904762, 0.0004761904761904762, 0.0, 0.0, 0.0, 0.0, 0.0, 0.0], [0.0, 0.0, 0.00107095046854083, 0.00107095046854083, 0.001606425702811245, 0.0029451137884872825, 0.00749665327978581, 0.010174029451137885, 0.0179384203480589, 0.03748326639892905, 0.07389558232931727, 0.08273092369477912, 0.10548862115127175, 0.1140562248995984, 0.14538152610441768, 0.11941097724230254, 0.09692101740294512, 0.05676037483266399, 0.05327978580990629, 0.027844712182061578, 0.015796519410977244, 0.014457831325301205, 0.005890227576974565, 0.0034805890227576973, 0.0034805890227576973, 0.0013386880856760374, 0.0, 0.0, 0.0, 0.0, 0.0, 0.0], [0.0, 0.0, 0.0, 0.0, 0.00025614754098360657, 0.0010245901639344263, 0.0028176229508196722, 0.006147540983606557, 0.011014344262295082, 0.015881147540983607, 0.0353483606557377, 0.051741803278688527, 0.06941598360655737, 0.0855532786885246, 0.1396004098360656, 0.12115778688524591, 0.1526639344262295, 0.09016393442622951, 0.11039959016393443, 0.04175204918032787, 0.02074795081967213, 0.022540983606557378, 0.008709016393442622, 0.00589139344262295, 0.004866803278688525, 0.002305327868852459, 0.0, 0.0, 0.0, 0.0, 0.0, 0.0], [0.0002294630564479119, 0.0, 0.0, 0.0004589261128958238, 0.0004589261128958238, 0.0011473152822395595, 0.0029830197338228544, 0.005048187241854061, 0.01330885727397889, 0.03212482790270767, 0.05644791188618632, 0.05920146856356127, 0.08444240477283158, 0.10945387792565398, 0.14157870582836163, 0.12849931161083067, 0.1385956860945388, 0.07641119779715466, 0.0731987150068839, 0.030977512620468106, 0.017439192290041303, 0.01216154199173933, 0.005507113354749885, 0.004130335016062414, 0.0032124827902707664, 0.0027535566773749425, 0.0002294630564479119, 0.0, 0.0, 0.0, 0.0, 0.0], [0.0, 0.0, 0.0, 0.0, 0.0, 0.0007572889057175312, 0.0, 0.001135933358576297, 0.003786444528587656, 0.007951533510034078, 0.01628171147292692, 0.023475956077243468, 0.05187429004165089, 0.072699734948883, 0.10336993563044301, 0.13101098068913292, 0.17190458159787958, 0.11851571374479364, 0.13252555850056796, 0.0594471790988262, 0.03294206739871261, 0.0363498674744415, 0.01476713366149186, 0.009087466868610375, 0.007194244604316547, 0.0034078000757288905, 0.0015145778114350624, 0.0, 0.0, 0.0, 0.0, 0.0], [0.0, 0.0, 0.0, 0.0, 0.0021482277121374865, 0.0010741138560687433, 0.0021482277121374865, 0.0053705692803437165, 0.010741138560687433, 0.02685284640171858, 0.03759398496240601, 0.06659505907626208, 0.07089151450053706, 0.09881847475832438, 0.10096670247046187, 0.12137486573576799, 0.13748657357679914, 0.08485499462943072, 0.09237379162191192, 0.03329752953813104, 0.027926960257787327, 0.031149301825993556, 0.01611170784103115, 0.007518796992481203, 0.011815252416756176, 0.00322234156820623, 0.00966702470461869, 0.0, 0.0, 0.0, 0.0, 0.0], [0.0003315649867374005, 0.0, 0.000663129973474801, 0.0003315649867374005, 0.000663129973474801, 0.001326259946949602, 0.0033156498673740055, 0.003647214854111406, 0.010610079575596816, 0.016246684350132625, 0.033819628647214856, 0.04907161803713528, 0.08355437665782493, 0.09880636604774536, 0.13163129973474802, 0.13859416445623343, 0.13627320954907163, 0.08123342175066313, 0.09748010610079576, 0.04177718832891247, 0.021220159151193633, 0.02586206896551724, 0.009283819628647215, 0.004973474801061008, 0.004641909814323607, 0.003647214854111406, 0.0009946949602122016, 0.0, 0.0, 0.0, 0.0, 0.0], [0.0, 0.0, 0.0, 0.0006119951040391676, 0.0009179926560587516, 0.0003059975520195838, 0.0033659730722154224, 0.005813953488372093, 0.009791921664626682, 0.020195838433292534, 0.04039167686658507, 0.0511015911872705, 0.07588739290085679, 0.09975520195838433, 0.12392900856793146, 0.1306609547123623, 0.14045287637698897, 0.0890452876376989, 0.10556915544675642, 0.03243574051407589, 0.018665850673194616, 0.022031823745410038, 0.011015911872705019, 0.00397796817625459, 0.008873929008567932, 0.0024479804161566705, 0.0027539779681762548, 0.0, 0.0, 0.0, 0.0, 0.0], [0.0, 0.0, 0.0, 0.0, 0.0, 0.0, 0.0, 0.0, 0.02857142857142857, 0.11428571428571428, 0.08571428571428572, 0.05714285714285714, 0.05714285714285714, 0.11428571428571428, 0.08571428571428572, 0.11428571428571428, 0.11428571428571428, 0.02857142857142857, 0.08571428571428572, 0.02857142857142857, 0.05714285714285714, 0.02857142857142857, 0.0, 0.0, 0.0, 0.0, 0.0, 0.0, 0.0, 0.0, 0.0, 0.0], [0.00017146776406035664, 0.00017146776406035664, 0.00017146776406035664, 0.00017146776406035664, 0.00017146776406035664, 0.00017146776406035664, 0.00051440329218107, 0.0015432098765432098, 0.0051440329218107, 0.009430727023319615, 0.0205761316872428, 0.026577503429355283, 0.05435528120713306, 0.08333333333333333, 0.11882716049382716, 0.13511659807956103, 0.15140603566529492, 0.10973936899862825, 0.10648148148148148, 0.06344307270233196, 0.03635116598079561, 0.04458161865569273, 0.016289437585733882, 0.008401920438957476, 0.004629629629629629, 0.0022290809327846365, 0.0, 0.0, 0.0, 0.0, 0.0, 0.0], [0.0, 0.0, 0.0, 0.0003109452736318408, 0.0, 0.0003109452736318408, 0.002798507462686567, 0.0012437810945273632, 0.004353233830845771, 0.005286069651741294, 0.01585820895522388, 0.024253731343283583, 0.03855721393034826, 0.05441542288557214, 0.0845771144278607, 0.10820895522388059, 0.15733830845771143, 0.11722636815920398, 0.15080845771144277, 0.06747512437810946, 0.04322139303482587, 0.05441542288557214, 0.024253731343283583, 0.011194029850746268, 0.01958955223880597, 0.009328358208955223, 0.004353233830845771, 0.0006218905472636816, 0.0, 0.0, 0.0, 0.0], [0.00016548072149594572, 0.0, 0.0, 0.00033096144299189144, 0.0004964421644878371, 0.0013238457719675658, 0.0013238457719675658, 0.004137018037398643, 0.006784709581333774, 0.013072976998179713, 0.026973357603839152, 0.03508191295714049, 0.049313255005791826, 0.07446632467317557, 0.11136852556677147, 0.12063544597054443, 0.13916928677809035, 0.1027635280489823, 0.13155717358927685, 0.0618897898394837, 0.03888796955154725, 0.04004633460201887, 0.016051629985106734, 0.008770478239285123, 0.012411054112195929, 0.0028131722654310774, 0.00016548072149594572, 0.0, 0.0, 0.0, 0.0, 0.0], [0.0, 0.0, 0.0, 0.0, 0.0, 0.0027624309392265192, 0.0, 0.0055248618784530384, 0.008287292817679558, 0.0055248618784530384, 0.013812154696132596, 0.04143646408839779, 0.06077348066298342, 0.1270718232044199, 0.14917127071823205, 0.15193370165745856, 0.17955801104972377, 0.11602209944751381, 0.09392265193370165, 0.03038674033149171, 0.013812154696132596, 0.0, 0.0, 0.0, 0.0, 0.0, 0.0, 0.0, 0.0, 0.0, 0.0, 0.0], [0.0, 0.0, 0.0, 0.00012656625743576763, 0.0, 0.00025313251487153526, 0.00025313251487153526, 0.0011390963169219087, 0.003670421465637261, 0.009619035565118339, 0.01544108340716365, 0.026452347804075432, 0.04746234653841286, 0.06113150234147576, 0.09859511454246297, 0.1282116187824326, 0.17187697759777243, 0.11036577648398938, 0.15947348436906722, 0.06151120111378307, 0.03607138336919377, 0.040248069864574104, 0.011517529426654854, 0.005062650297430705, 0.00797367421845336, 0.0025313251487153526, 0.001012530059486141, 0.0, 0.0, 0.0, 0.0, 0.0], [0.00010960105217010084, 0.00010960105217010084, 0.00021920210434020167, 0.00010960105217010084, 0.000657606313020605, 0.0010960105217010083, 0.00043840420868040335, 0.0017536168347216134, 0.001863217886891714, 0.009535291538798773, 0.014138535729943008, 0.03463393248575186, 0.0647742218325296, 0.09809294169224024, 0.14248136782113108, 0.17459447610697063, 0.17678649715037265, 0.10138097325734327, 0.09809294169224024, 0.0395659798334064, 0.018632178868917142, 0.013480929416922402, 0.0038360368259535292, 0.001972818939061815, 0.00131521262604121, 0.0003288031565103025, 0.0, 0.0, 0.0, 0.0, 0.0, 0.0], [0.0, 0.000243842965130456, 0.0, 0.000243842965130456, 0.000731528895391368, 0.001463057790782736, 0.001950743721043648, 0.0036576444769568397, 0.008046817849305048, 0.015605949768349184, 0.025603511338697878, 0.04901243599122165, 0.07242136064374542, 0.08851499634235552, 0.12606681297244574, 0.13045598634479394, 0.15508412582297001, 0.0975371860521824, 0.09778102901731285, 0.05145086564252621, 0.027066569129480616, 0.02487198244330651, 0.011704462326261888, 0.0053645452328700315, 0.004145330407217752, 0.000975371860521824, 0.0, 0.0, 0.0, 0.0, 0.0, 0.0], [0.0, 0.0, 0.0, 0.0, 0.0004154549231408392, 0.0, 0.0006231823847112588, 0.0012463647694225177, 0.003531366846697133, 0.004985459077690071, 0.015164104694640631, 0.02575820523473203, 0.0423764021603656, 0.06958869962609057, 0.1069796427087661, 0.13232239302035728, 0.15392604902368093, 0.09264644786040714, 0.14956377233070212, 0.060448691316992105, 0.036560033236393855, 0.049023680930619026, 0.018903199002908183, 0.01080182800166182, 0.01557955961778147, 0.005608641462401329, 0.003739094308267553, 0.0002077274615704196, 0.0, 0.0, 0.0, 0.0], [0.0, 0.0007668711656441718, 0.0007668711656441718, 0.0007668711656441718, 0.0015337423312883436, 0.005368098159509203, 0.006134969325153374, 0.01303680981595092, 0.029141104294478526, 0.04984662576687116, 0.05674846625766871, 0.08895705521472393, 0.09355828220858896, 0.12576687116564417, 0.13496932515337423, 0.10812883435582822, 0.09892638036809816, 0.05368098159509203, 0.0705521472392638, 0.02530674846625767, 0.009202453987730062, 0.02147239263803681, 0.0023006134969325155, 0.0, 0.003067484662576687, 0.0, 0.0, 0.0, 0.0, 0.0, 0.0, 0.0], [0.0, 0.0, 0.0, 0.0, 0.0, 0.0, 0.004819277108433735, 0.02891566265060241, 0.04578313253012048, 0.043373493975903614, 0.08433734939759036, 0.09879518072289156, 0.09397590361445783, 0.08433734939759036, 0.1180722891566265, 0.11325301204819277, 0.10843373493975904, 0.06265060240963856, 0.060240963855421686, 0.02650602409638554, 0.00963855421686747, 0.0024096385542168677, 0.004819277108433735, 0.0, 0.00963855421686747, 0.0, 0.0, 0.0, 0.0, 0.0, 0.0, 0.0], [0.0004528985507246377, 0.0, 0.0, 0.0, 0.0006793478260869565, 0.001585144927536232, 0.0038496376811594205, 0.009510869565217392, 0.014266304347826086, 0.028759057971014492, 0.04846014492753623, 0.0649909420289855, 0.09352355072463768, 0.11096014492753623, 0.14334239130434784, 0.13451086956521738, 0.125, 0.06748188405797101, 0.07178442028985507, 0.026947463768115944, 0.016983695652173912, 0.020153985507246376, 0.007699275362318841, 0.004076086956521739, 0.003170289855072464, 0.0004528985507246377, 0.001358695652173913, 0.0, 0.0, 0.0, 0.0, 0.0], [0.0, 0.0, 0.0, 0.0004488330341113106, 0.0004488330341113106, 0.0004488330341113106, 0.0026929982046678637, 0.0013464991023339318, 0.004488330341113106, 0.018402154398563735, 0.02827648114901257, 0.03590664272890485, 0.05565529622980251, 0.07719928186714542, 0.11131059245960502, 0.12926391382405744, 0.1431777378815081, 0.09156193895870736, 0.11804308797127469, 0.05341113105924596, 0.031867145421903054, 0.03411131059245961, 0.02199281867145422, 0.012118491921005385, 0.020197486535008975, 0.0062836624775583485, 0.0013464991023339318, 0.0, 0.0, 0.0, 0.0, 0.0], [0.0, 0.0, 0.0, 0.0, 0.00031776294884016526, 0.00031776294884016526, 0.0009532888465204957, 0.0022243406418811567, 0.004766444232602479, 0.013981569748967271, 0.018430251032729585, 0.03622497616777884, 0.06482364156339371, 0.09310454401016842, 0.12424531299650461, 0.14839529710835717, 0.15379726723863998, 0.0823006037496028, 0.1169367651731808, 0.051795360660946935, 0.028916428344455035, 0.030823006037496027, 0.011757229107086114, 0.0076263107721639654, 0.0044486812837623135, 0.0034953924372418178, 0.00031776294884016526, 0.0, 0.0, 0.0, 0.0, 0.0], [0.00018422991893883567, 0.00018422991893883567, 0.00018422991893883567, 0.00018422991893883567, 0.000552689756816507, 0.0018422991893883567, 0.002579218865143699, 0.00423728813559322, 0.008290346352247605, 0.016212232866617538, 0.03831982313927782, 0.05692704495210022, 0.08585114222549742, 0.10961680176860722, 0.13540899042004423, 0.13448784082535004, 0.14351510685335298, 0.08971997052321297, 0.07792925571112749, 0.03887251289609433, 0.01989683124539425, 0.019712601326455418, 0.00847457627118644, 0.0036845983787767134, 0.0029476787030213707, 0.00018422991893883567, 0.0, 0.0, 0.0, 0.0, 0.0, 0.0], [0.0, 0.0, 0.0, 0.0, 0.0009254974548819991, 0.00046274872744099955, 0.0, 0.0037019898195279964, 0.006478482184173994, 0.00971772327626099, 0.03007866728366497, 0.04396112910689495, 0.07403979639055992, 0.09578898658028691, 0.13280888477556688, 0.16381304951411382, 0.12679315131883387, 0.09116149930587691, 0.08329477093937991, 0.045812124016658955, 0.03285515964831097, 0.024062933826931976, 0.016196205460434984, 0.005090236001850995, 0.00971772327626099, 0.002776492364645997, 0.00046274872744099955, 0.0, 0.0, 0.0, 0.0, 0.0], [0.0, 0.0, 0.0, 0.0, 0.0, 0.000693000693000693, 0.000693000693000693, 0.0024255024255024253, 0.0045045045045045045, 0.005544005544005544, 0.012127512127512128, 0.02494802494802495, 0.03568953568953569, 0.0595980595980596, 0.09771309771309772, 0.12058212058212059, 0.1521136521136521, 0.10117810117810118, 0.14345114345114346, 0.07207207207207207, 0.04158004158004158, 0.0647955647955648, 0.024255024255024255, 0.014206514206514207, 0.0148995148995149, 0.006237006237006237, 0.000693000693000693, 0.0, 0.0, 0.0, 0.0, 0.0], [0.0, 0.0, 0.0, 0.0, 0.0002022653721682848, 0.0002022653721682848, 0.0012135922330097086, 0.0022249190938511327, 0.004449838187702265, 0.0093042071197411, 0.017597087378640776, 0.04348705501618123, 0.0691747572815534, 0.10740291262135922, 0.14178802588996764, 0.12196601941747573, 0.1385517799352751, 0.08838996763754045, 0.10679611650485436, 0.04692556634304207, 0.029328478964401293, 0.032362459546925564, 0.01779935275080906, 0.006472491909385114, 0.009101941747572815, 0.0036407766990291263, 0.0016181229773462784, 0.0, 0.0, 0.0, 0.0, 0.0], [0.0, 0.0, 0.00013962580284836637, 0.0, 0.0, 0.00013962580284836637, 0.0005585032113934655, 0.0016755096341803965, 0.0030717676626640603, 0.009773806199385646, 0.01926836079307456, 0.03490645071209159, 0.0672996369729126, 0.097179558782463, 0.14172018989109186, 0.15051661547053896, 0.15666015079586706, 0.09368891371125385, 0.11477240994135716, 0.04132923764311645, 0.023038257469980453, 0.024713767104160848, 0.008377548170901982, 0.004747277296844457, 0.004468025691147724, 0.0009773806199385646, 0.0009773806199385646, 0.0, 0.0, 0.0, 0.0, 0.0], [0.0, 0.0, 0.0, 0.0, 0.0, 0.00032658393207054214, 0.0008164598301763554, 0.0011430437622468974, 0.003429131286740692, 0.008491182233834096, 0.013063357282821686, 0.02890267798824298, 0.052743305029392555, 0.08883082952318747, 0.1378184193337688, 0.16443500979751796, 0.17194644023514044, 0.10548661005878511, 0.125898105813194, 0.03870019595035924, 0.020248203788373612, 0.02449379490529066, 0.005551926845199217, 0.002612671456564337, 0.0032658393207054214, 0.0016329196603527107, 0.00016329196603527107, 0.0, 0.0, 0.0, 0.0, 0.0], [0.0, 0.00909090909090909, 0.0, 0.0, 0.00909090909090909, 0.02727272727272727, 0.05454545454545454, 0.03636363636363636, 0.12727272727272726, 0.08181818181818182, 0.05454545454545454, 0.06363636363636363, 0.07272727272727272, 0.11818181818181818, 0.05454545454545454, 0.08181818181818182, 0.05454545454545454, 0.05454545454545454, 0.03636363636363636, 0.02727272727272727, 0.00909090909090909, 0.01818181818181818, 0.00909090909090909, 0.0, 0.0, 0.0, 0.0, 0.0, 0.0, 0.0, 0.0, 0.0]]}, "ranks": {"labels": ["Unranked", "Combatatent I", "Combatatent II", "Challenger I", "Challenger II", "Rival I", "Rival II", "Duelist", "Elite"], "data": [[0.19424460431654678, 0.15827338129496402, 0.2589928057553957, 0.17985611510791366, 0.1079136690647482, 0.07194244604316546, 0.02877697841726619, 0.0, 0.0], [0.07586206896551724, 0.12030651340996168, 0.19386973180076628, 0.27586206896551724, 0.19770114942528735, 0.08735632183908046, 0.022222222222222223, 0.020689655172413793, 0.006130268199233717], [0.021125089010206502, 0.038927130310942325, 0.09802990742938524, 0.1777830524566817, 0.24519344884880134, 0.2254925231426537, 0.0731070496083551, 0.09185853311179681, 0.028483266081177308], [0.04177705318932138, 0.06725086610963929, 0.15223150601181984, 0.2500509476258406, 0.26187079682086817, 0.14041165681679232, 0.046056653759934785, 0.034236804564907276, 0.006113715100876299], [0.2549019607843137, 0.1568627450980392, 0.21568627450980393, 0.0196078431372549, 0.11764705882352941, 0.13725490196078433, 0.058823529411764705, 0.0392156862745098, 0.0], [0.01723834652594547, 0.0455584872471416, 0.1442392260334213, 0.24696569920844327, 0.251363236587511, 0.1463500439753738, 0.05963060686015831, 0.06578715919085312, 0.022867194371152155], [0.07766990291262135, 0.12330097087378641, 0.21650485436893205, 0.2470873786407767, 0.17572815533980582, 0.07815533980582524, 0.027184466019417475, 0.03495145631067961, 0.019417475728155338], [0.37209302325581395, 0.2248062015503876, 0.23255813953488372, 0.06976744186046512, 0.05426356589147287, 0.046511627906976744, 0.0, 0.0, 0.0], [0.08858913598250091, 0.16988698505286182, 0.23623769595333577, 0.23933649289099526, 0.13580021873860737, 0.06817353262850893, 0.02807145461173897, 0.028982865475756472, 0.004921618665694495], [0.05476190476190476, 0.08095238095238096, 0.1738095238095238, 0.25666666666666665, 0.23952380952380953, 0.12428571428571429, 0.029047619047619048, 0.03571428571428571, 0.005238095238095238], [0.07978580990629183, 0.1566265060240964, 0.21954484605087016, 0.2647925033467202, 0.15368139223560912, 0.0677376171352075, 0.02918340026773762, 0.023828647925033468, 0.004819277108433735], [0.037141393442622954, 0.08709016393442623, 0.15496926229508196, 0.26075819672131145, 0.24282786885245902, 0.13191598360655737, 0.040983606557377046, 0.037141393442622954, 0.007172131147540984], [0.05575952271684259, 0.1156493804497476, 0.19389628269848555, 0.2700780174391923, 0.21500688389169345, 0.0888022028453419, 0.0328132170720514, 0.02179899036255163, 0.006195502524093621], [0.013631200302915562, 0.03975766755017039, 0.12457402499053388, 0.23438091631957592, 0.2904202953426732, 0.16698220371071565, 0.05793260128739114, 0.06020446800454373, 0.0121166224914805], [0.04833512352309345, 0.1041890440386681, 0.16970998925886144, 0.22234156820622986, 0.22234156820622986, 0.10633727175080558, 0.047261009667024706, 0.05477980665950591, 0.024704618689581095], [0.03713527851458886, 0.08289124668435013, 0.1823607427055703, 0.2702254641909814, 0.21750663129973474, 0.1213527851458886, 0.03912466843501326, 0.04011936339522546, 0.009283819628647215], [0.04100367197062423, 0.09149326805385558, 0.17564259485924114, 0.25458996328029376, 0.2294981640146879, 0.12331701346389229, 0.03335373317013464, 0.03702570379436965, 0.014075887392900856], [0.14285714285714285, 0.14285714285714285, 0.17142857142857143, 0.2, 0.14285714285714285, 0.11428571428571428, 0.05714285714285714, 0.02857142857142857, 0.0], [0.017661179698216737, 0.04715363511659808, 0.13768861454046638, 0.2539437585733882, 0.26114540466392316, 0.14180384087791495, 0.0644718792866941, 0.06927297668038408, 0.006858710562414266], [0.014303482587064677, 0.04011194029850746, 0.0929726368159204, 0.1927860696517413, 0.2745646766169154, 0.18625621890547264, 0.07524875621890548, 0.08986318407960199, 0.033893034825870645], [0.027635280489822937, 0.06205527056097965, 0.1237795796789674, 0.2320039715373159, 0.24193281482707266, 0.16730100943240112, 0.06503392354790667, 0.06486844282641073, 0.015389707099122952], [0.022099447513812154, 0.055248618784530384, 0.1878453038674033, 0.3011049723756906, 0.2955801104972376, 0.11602209944751381, 0.022099447513812154, 0.0, 0.0], [0.015061384634856347, 0.041893431211239084, 0.10859384887988863, 0.2268067333248956, 0.2822427540817618, 0.1942792051639033, 0.06277686368814074, 0.05682824958865966, 0.011517529426654854], [0.01589215256466462, 0.04877246821569487, 0.16286716352476985, 0.31707584392810173, 0.2781674704077159, 0.12012275317843052, 0.036168347216133274, 0.019289785181937746, 0.0016440157825515125], [0.031943428432089735, 0.07461594732991954, 0.16093635698610095, 0.2565227993172397, 0.2526213118751524, 0.12533528407705438, 0.0509631797122653, 0.04194099000243843, 0.005120702267739576], [0.01080182800166182, 0.040922309929372666, 0.11196510178645618, 0.2393020357291234, 0.24657249688408808, 0.18196925633568758, 0.0646032405484005, 0.07872870793518903, 0.025135022850020772], [0.10736196319018405, 0.14570552147239263, 0.21932515337423314, 0.24309815950920247, 0.1526073619631902, 0.0843558282208589, 0.020705521472392636, 0.023773006134969327, 0.003067484662576687], [0.12289156626506025, 0.18313253012048192, 0.1783132530120482, 0.23132530120481928, 0.1710843373493976, 0.0746987951807229, 0.021686746987951807, 0.007228915662650603, 0.00963855421686747], [0.059103260869565216, 0.11345108695652174, 0.20448369565217392, 0.27785326086956524, 0.192481884057971, 0.08559782608695653, 0.030117753623188404, 0.03192934782608696, 0.004981884057971014], [0.02827648114901257, 0.06418312387791741, 0.13285457809694792, 0.24057450628366248, 0.23473967684021543, 0.1436265709156194, 0.059694793536804305, 0.06822262118491922, 0.027827648114901255], [0.02256116936765173, 0.05465522720050842, 0.1579281855735621, 0.2726406101048618, 0.23609787098824278, 0.14839529710835717, 0.04925325707022561, 0.05020654591674611, 0.008261836669844296], [0.03445099484156227, 0.09524686809137804, 0.19546794399410464, 0.26989683124539426, 0.23323507737656596, 0.10114222549742079, 0.035556374355195285, 0.03187177597641857, 0.0031319086219602065], [0.02128644146228598, 0.07403979639055992, 0.16982878297084683, 0.2966219342896807, 0.21795465062471078, 0.1092086996760759, 0.052753354928273946, 0.04534937528921795, 0.012956964368347987], [0.01386001386001386, 0.037075537075537075, 0.09528759528759528, 0.2182952182952183, 0.2532917532917533, 0.18953568953568953, 0.06756756756756757, 0.10325710325710326, 0.02182952182952183], [0.017597087378640776, 0.06108414239482201, 0.17657766990291263, 0.26375404530744334, 0.22694174757281554, 0.13389967637540454, 0.0491504854368932, 0.05663430420711974, 0.01436084142394822], [0.015358838313320302, 0.054174811505166155, 0.1644791957553756, 0.2922368053616308, 0.2503490645071209, 0.13850879642557945, 0.04063110862887462, 0.03783859257190729, 0.006422786931024853], [0.014206401045068583, 0.04196603527106466, 0.14157413455258, 0.3022534291312867, 0.27743305029392556, 0.1472893533638145, 0.03755715218811234, 0.032658393207054215, 0.005062050947093403], [0.34545454545454546, 0.11818181818181818, 0.19090909090909092, 0.13636363636363635, 0.10909090909090909, 0.05454545454545454, 0.01818181818181818, 0.02727272727272727, 0.0]]}, "ranksDetailed": {"labels": ["Unranked", "Combatatant", "Challenger", "Rival", "Duelist", "Elite"], "data": [[0.19424460431654678, 0.4172661870503597, 0.28776978417266186, 0.10071942446043165, 0.0, 0.0], [0.07586206896551724, 0.31417624521072796, 0.4735632183908046, 0.10957854406130269, 0.020689655172413793, 0.006130268199233717], [0.021125089010206502, 0.13695703774032755, 0.42297650130548303, 0.2985995727510088, 0.09185853311179681, 0.028483266081177308], [0.04177705318932138, 0.21948237212145913, 0.5119217444467088, 0.18646831057672714, 0.034236804564907276, 0.006113715100876299], [0.2549019607843137, 0.37254901960784315, 0.13725490196078433, 0.19607843137254902, 0.0392156862745098, 0.0], [0.01723834652594547, 0.18979771328056289, 0.4983289357959543, 0.2059806508355321, 0.06578715919085312, 0.022867194371152155], [0.07766990291262135, 0.33980582524271846, 0.4228155339805825, 0.10533980582524272, 0.03495145631067961, 0.019417475728155338], [0.37209302325581395, 0.4573643410852713, 0.12403100775193798, 0.046511627906976744, 0.0, 0.0], [0.08858913598250091, 0.4061246810061976, 0.3751367116296026, 0.09624498724024791, 0.028982865475756472, 0.004921618665694495], [0.05476190476190476, 0.25476190476190474, 0.4961904761904762, 0.15333333333333332, 0.03571428571428571, 0.005238095238095238], [0.07978580990629183, 0.37617135207496655, 0.41847389558232934, 0.09692101740294512, 0.023828647925033468, 0.004819277108433735], [0.037141393442622954, 0.24205942622950818, 0.5035860655737705, 0.1728995901639344, 0.037141393442622954, 0.007172131147540984], [0.05575952271684259, 0.3095456631482331, 0.4850849013308857, 0.1216154199173933, 0.02179899036255163, 0.006195502524093621], [0.013631200302915562, 0.1643316925407043, 0.5248012116622491, 0.2249148049981068, 0.06020446800454373, 0.0121166224914805], [0.04833512352309345, 0.2738990332975295, 0.4446831364124597, 0.1535982814178303, 0.05477980665950591, 0.024704618689581095], [0.03713527851458886, 0.26525198938992045, 0.48773209549071617, 0.16047745358090185, 0.04011936339522546, 0.009283819628647215], [0.04100367197062423, 0.2671358629130967, 0.48408812729498163, 0.15667074663402691, 0.03702570379436965, 0.014075887392900856], [0.14285714285714285, 0.3142857142857143, 0.34285714285714286, 0.17142857142857143, 0.02857142857142857, 0.0], [0.017661179698216737, 0.18484224965706447, 0.5150891632373114, 0.20627572016460904, 0.06927297668038408, 0.006858710562414266], [0.014303482587064677, 0.13308457711442787, 0.4673507462686567, 0.2615049751243781, 0.08986318407960199, 0.033893034825870645], [0.027635280489822937, 0.18583485023994706, 0.4739367863643886, 0.2323349329803078, 0.06486844282641073, 0.015389707099122952], [0.022099447513812154, 0.2430939226519337, 0.5966850828729282, 0.13812154696132597, 0.0, 0.0], [0.015061384634856347, 0.15048728009112772, 0.5090494874066573, 0.257056068852044, 0.05682824958865966, 0.011517529426654854], [0.01589215256466462, 0.2116396317404647, 0.5952433143358177, 0.1562911003945638, 0.019289785181937746, 0.0016440157825515125], [0.031943428432089735, 0.23555230431602048, 0.5091441111923921, 0.17629846378931968, 0.04194099000243843, 0.005120702267739576], [0.01080182800166182, 0.15288741171582884, 0.48587453261321145, 0.24657249688408808, 0.07872870793518903, 0.025135022850020772], [0.10736196319018405, 0.36503067484662577, 0.39570552147239263, 0.10506134969325154, 0.023773006134969327, 0.003067484662576687], [0.12289156626506025, 0.3614457831325301, 0.40240963855421685, 0.0963855421686747, 0.007228915662650603, 0.00963855421686747], [0.059103260869565216, 0.3179347826086957, 0.47033514492753625, 0.11571557971014493, 0.03192934782608696, 0.004981884057971014], [0.02827648114901257, 0.19703770197486534, 0.4753141831238779, 0.2033213644524237, 0.06822262118491922, 0.027827648114901255], [0.02256116936765173, 0.21258341277407056, 0.5087384810931045, 0.19764855417858276, 0.05020654591674611, 0.008261836669844296], [0.03445099484156227, 0.29071481208548267, 0.5031319086219602, 0.13669859985261607, 0.03187177597641857, 0.0031319086219602065], [0.02128644146228598, 0.24386857936140677, 0.5145765849143915, 0.16196205460434984, 0.04534937528921795, 0.012956964368347987], [0.01386001386001386, 0.13236313236313235, 0.4715869715869716, 0.2571032571032571, 0.10325710325710326, 0.02182952182952183], [0.017597087378640776, 0.23766181229773461, 0.4906957928802589, 0.18305016181229775, 0.05663430420711974, 0.01436084142394822], [0.015358838313320302, 0.21865400726054174, 0.5425858698687518, 0.17913990505445407, 0.03783859257190729, 0.006422786931024853], [0.014206401045068583, 0.18354016982364468, 0.5796864794252122, 0.18484650555192683, 0.032658393207054215, 0.005062050947093403], [0.34545454545454546, 0.3090909090909091, 0.24545454545454545, 0.07272727272727272, 0.02727272727272727, 0.0]]}}}, "eu": {"histType": {"histogram": {"labels": ["0", "100", "200", "300", "400", "500", "600", "700", "800", "900", "1000", "1100", "1200", "1300", "1400", "1500", "1600", "1700", "1800", "1900", "2000", "2100", "2200", "2300", "2400", "2500", "2600", "2700", "2800", "2900", "3000", "3100"], "data": [[0.0, 0.0, 0.0, 0.0, 0.0, 0.010752688172043012, 0.021505376344086023, 0.03225806451612903, 0.10752688172043011, 0.07526881720430108, 0.08602150537634409, 0.08602150537634409, 0.10752688172043011, 0.08602150537634409, 0.07526881720430108, 0.07526881720430108, 0.10752688172043011, 0.053763440860215055, 0.03225806451612903, 0.0, 0.010752688172043012, 0.021505376344086023, 0.010752688172043012, 0.0, 0.0, 0.0, 0.0, 0.0, 0.0, 0.0, 0.0, 0.0], [0.0, 0.0, 0.0008368200836820083, 0.0008368200836820083, 0.0008368200836820083, 0.0041841004184100415, 0.009205020920502092, 0.007531380753138075, 0.028451882845188285, 0.032635983263598324, 0.049372384937238493, 0.08619246861924686, 0.08786610878661087, 0.12552301255230125, 0.13640167364016736, 0.12635983263598327, 0.12133891213389121, 0.0602510460251046, 0.06443514644351464, 0.023430962343096235, 0.008368200836820083, 0.01506276150627615, 0.0041841004184100415, 0.00502092050209205, 0.0016736401673640166, 0.0, 0.0, 0.0, 0.0, 0.0, 0.0, 0.0], [0.0, 0.0, 0.0, 0.0002635740643120717, 0.0002635740643120717, 0.0007907221929362151, 0.0007907221929362151, 0.002635740643120717, 0.007380073800738007, 0.009488666315234581, 0.018186610437532946, 0.027411702688455455, 0.03953610964681075, 0.05561412756984713, 0.08671586715867159, 0.09304164470216131, 0.15392725355824988, 0.09884027411702688, 0.17474960463890354, 0.06536636794939378, 0.046125461254612546, 0.05719557195571956, 0.022930943595150237, 0.011333684765419082, 0.01713231418028466, 0.005535055350553505, 0.0028993147074327886, 0.0018450184501845018, 0.0, 0.0, 0.0, 0.0], [0.0, 0.00018552875695732838, 0.0, 0.00018552875695732838, 0.00018552875695732838, 0.00037105751391465676, 0.0012987012987012987, 0.004823747680890538, 0.007792207792207792, 0.015584415584415584, 0.030055658627087197, 0.04582560296846011, 0.0640074211502783, 0.0849721706864564, 0.11799628942486086, 0.13692022263450834, 0.15695732838589982, 0.10092764378478664, 0.12003710575139147, 0.04897959183673469, 0.021521335807050092, 0.022448979591836733, 0.008534322820037106, 0.003896103896103896, 0.0035250463821892395, 0.0018552875695732839, 0.0011131725417439704, 0.0, 0.0, 0.0, 0.0, 0.0], [0.0, 0.0, 0.0, 0.0, 0.0, 0.0, 0.041666666666666664, 0.0625, 0.08333333333333333, 0.0625, 0.10416666666666667, 0.10416666666666667, 0.0625, 0.041666666666666664, 0.14583333333333334, 0.10416666666666667, 0.041666666666666664, 0.041666666666666664, 0.020833333333333332, 0.041666666666666664, 0.0, 0.020833333333333332, 0.0, 0.020833333333333332, 0.0, 0.0, 0.0, 0.0, 0.0, 0.0, 0.0, 0.0], [0.0, 0.00017418568193694478, 0.00034837136387388956, 0.00034837136387388956, 0.0005225570458108344, 0.00017418568193694478, 0.00017418568193694478, 0.002961156592928061, 0.004703013412297509, 0.008883469778784184, 0.01741856819369448, 0.026998780700226443, 0.05138477617139871, 0.0816930848284271, 0.11078209371189689, 0.12489113394878941, 0.13987110259536667, 0.10189862393311269, 0.12402020553910469, 0.06462288799860652, 0.03535969343319979, 0.05068803344365093, 0.019857167740811706, 0.0076641700052255705, 0.014283225918829473, 0.005922313185856122, 0.002961156592928061, 0.0013934854554955582, 0.0, 0.0, 0.0, 0.0], [0.0, 0.0004514672686230248, 0.0004514672686230248, 0.0013544018058690745, 0.0013544018058690745, 0.003160270880361174, 0.004966139954853273, 0.01218961625282167, 0.027539503386004513, 0.03566591422121896, 0.05146726862302483, 0.0781038374717833, 0.08758465011286681, 0.11331828442437923, 0.109255079006772, 0.11106094808126411, 0.11512415349887133, 0.06049661399548533, 0.06320541760722348, 0.03431151241534989, 0.02076749435665914, 0.02347629796839729, 0.010835214446952596, 0.009480812641083521, 0.01218961625282167, 0.004966139954853273, 0.005417607223476298, 0.0018058690744920992, 0.0, 0.0, 0.0, 0.0], [0.0, 0.0, 0.0, 0.0, 0.0, 0.024691358024691357, 0.0, 0.08641975308641975, 0.037037037037037035, 0.1111111111111111, 0.08641975308641975, 0.1111111111111111, 0.09876543209876543, 0.06172839506172839, 0.08641975308641975, 0.14814814814814814, 0.09876543209876543, 0.024691358024691357, 0.0, 0.024691358024691357, 0.0, 0.0, 0.0, 0.0, 0.0, 0.0, 0.0, 0.0, 0.0, 0.0, 0.0, 0.0], [0.0005414185165132648, 0.00018047283883775492, 0.0007218913553510197, 0.0007218913553510197, 0.0009023641941887746, 0.001804728388377549, 0.005053239487457137, 0.010828370330265295, 0.028153762858689767, 0.0440353726764122, 0.07471575527883054, 0.09474824038982133, 0.1229020032485111, 0.12145822053780905, 0.11802923659989172, 0.10052337123262949, 0.08861216386933767, 0.05179570474643566, 0.05107381339108464, 0.030138964085905072, 0.018588702400288756, 0.017144919689586716, 0.006677495036996932, 0.005053239487457137, 0.004511820970943873, 0.0010828370330265296, 0.0, 0.0, 0.0, 0.0, 0.0, 0.0], [0.0, 0.0, 0.0, 0.0, 0.0, 0.0006053268765133172, 0.0012106537530266344, 0.007869249394673124, 0.014527845036319613, 0.023002421307506054, 0.044794188861985475, 0.050242130750605324, 0.06779661016949153, 0.10472154963680387, 0.1228813559322034, 0.13135593220338984, 0.13983050847457626, 0.0841404358353511, 0.10472154963680387, 0.027239709443099273, 0.03208232445520581, 0.025423728813559324, 0.009685230024213076, 0.002421307506053269, 0.003026634382566586, 0.002421307506053269, 0.0, 0.0, 0.0, 0.0, 0.0, 0.0], [0.00032862306933946765, 0.0, 0.0, 0.0013144922773578706, 0.001643115346697338, 0.001971738416036806, 0.0029576076240552087, 0.011501807426881366, 0.0223463687150838, 0.038777522182057184, 0.06375287545185672, 0.08642786723627999, 0.10943148209004272, 0.11173184357541899, 0.13210647387446597, 0.11501807426881368, 0.09661518238580348, 0.05455142951035163, 0.06013802168912258, 0.030890568517909958, 0.020046007229707525, 0.020374630299046993, 0.00558659217877095, 0.004929346040092014, 0.00558659217877095, 0.001971738416036806, 0.0, 0.0, 0.0, 0.0, 0.0, 0.0], [0.0, 0.0, 0.0, 0.0, 0.0008181074447777475, 0.0008181074447777475, 0.0019089173711480775, 0.005726752113444232, 0.011998909190073629, 0.02317971093536951, 0.03490591764385056, 0.048813744205072264, 0.07581128988273793, 0.08699209162803381, 0.12217071175347696, 0.1199890919007363, 0.14562312517043904, 0.0889010089991819, 0.10635396782110718, 0.04690482683392419, 0.026997545677665668, 0.02617943823288792, 0.011998909190073629, 0.004090537223888737, 0.006817562039814562, 0.0008181074447777475, 0.0008181074447777475, 0.00109080992637033, 0.0, 0.0, 0.0002727024815925825, 0.0], [0.0, 0.0, 0.0002736726874657909, 0.0005473453749315818, 0.0002736726874657909, 0.0021893814997263274, 0.003284072249589491, 0.009578544061302681, 0.016420361247947456, 0.02353585112205802, 0.04625068418171866, 0.06732348111658457, 0.09441707717569786, 0.10481663929939793, 0.14148877941981391, 0.13793103448275862, 0.11357416529830323, 0.07307060755336617, 0.07991242474001095, 0.033388067870826495, 0.016694033935413247, 0.016146688560481664, 0.007662835249042145, 0.0