{"region": {"us": {"histType": {"histogram": {"labels": ["0", "100", "200", "300", "400", "500", "600", "700", "800", "900", "1000", "1100", "1200", "1300", "1400", "1500", "1600", "1700", "1800", "1900", "2000", "2100", "2200", "2300", "2400", "2500", "2600", "2700", "2800", "2900", "3000", "3100"], "data": [[0.0, 0.0, 0.0, 0.00558659217877095, 0.0, 0.01675977653631285, 0.0223463687150838, 0.01675977653631285, 0.05027932960893855, 0.055865921787709494, 0.061452513966480445, 0.10614525139664804, 0.08379888268156424, 0.12290502793296089, 0.13966480446927373, 0.07262569832402235, 0.061452513966480445, 0.05027932960893855, 0.05027932960893855, 0.061452513966480445, 0.01675977653631285, 0.00558659217877095, 0.0, 0.0, 0.0, 0.0, 0.0, 0.0, 0.0, 0.0, 0.0, 0.0], [0.0, 0.0018633540372670807, 0.0, 0.0006211180124223603, 0.0018633540372670807, 0.0012422360248447205, 0.0055900621118012426, 0.013043478260869565, 0.013043478260869565, 0.02422360248447205, 0.04596273291925466, 0.059006211180124224, 0.08260869565217391, 0.084472049689441, 0.13540372670807455, 0.12919254658385093, 0.15527950310559005, 0.07329192546583851, 0.08633540372670807, 0.031677018633540374, 0.02236024844720497, 0.012422360248447204, 0.009316770186335404, 0.003105590062111801, 0.002484472049689441, 0.0037267080745341614, 0.0018633540372670807, 0.0, 0.0, 0.0, 0.0, 0.0], [0.0001823819077147547, 0.0, 0.0001823819077147547, 0.0003647638154295094, 0.0003647638154295094, 0.0001823819077147547, 0.0003647638154295094, 0.0009119095385737735, 0.005106693416013132, 0.007112894400875433, 0.012401969724603319, 0.01714389932518694, 0.029363487142075505, 0.04559547692868868, 0.07422943643990516, 0.09739193871967901, 0.1417107422943644, 0.1107058179828561, 0.20700346525624658, 0.0680284515776035, 0.047054532190406714, 0.0696698887470363, 0.020791537479482036, 0.011854824001459055, 0.0213386832026263, 0.005106693416013132, 0.004559547692868867, 0.001276673354003283, 0.0, 0.0, 0.0, 0.0], [0.0, 0.00016553550736633007, 0.0, 0.00016553550736633007, 0.00016553550736633007, 0.00016553550736633007, 0.002151961595762291, 0.0034762456546929316, 0.009104452905148155, 0.015560337692435026, 0.025823539149147492, 0.029465320311206755, 0.054130110908789934, 0.07564972686641284, 0.10627379572918391, 0.12580698559841086, 0.16404568780003312, 0.10859129283231253, 0.1425260718424102, 0.0561165369971859, 0.03244495944380069, 0.026651216685979143, 0.008276775368316504, 0.004634994206257242, 0.005628207250455223, 0.0018208905810296308, 0.0009932130441979805, 0.00016553550736633007, 0.0, 0.0, 0.0, 0.0], [0.0, 0.0, 0.0, 0.0, 0.0, 0.0, 0.0, 0.0625, 0.046875, 0.09375, 0.03125, 0.078125, 0.15625, 0.109375, 0.03125, 0.0, 0.109375, 0.046875, 0.09375, 0.0625, 0.03125, 0.03125, 0.0, 0.015625, 0.0, 0.0, 0.0, 0.0, 0.0, 0.0, 0.0, 0.0], [0.0, 0.0, 0.0, 0.0, 0.0, 0.0, 0.0003114779629341224, 0.002336084722005918, 0.0024918237034729793, 0.008565643980688367, 0.01572963712817318, 0.02460675907179567, 0.045787260551315996, 0.07459897212272232, 0.10823859211960754, 0.13471421896900795, 0.15714063230026476, 0.10091885999065565, 0.13627160878367856, 0.054664382494938484, 0.03644292166329232, 0.04454134869957951, 0.018688677776047345, 0.007319732128951877, 0.013860769350568448, 0.007163993147484816, 0.004516430462544775, 0.0010901728702694285, 0.0, 0.0, 0.0, 0.0], [0.0, 0.0, 0.0003898635477582846, 0.0027290448343079924, 0.001949317738791423, 0.0015594541910331384, 0.004678362573099415, 0.009746588693957114, 0.021052631578947368, 0.031968810916179334, 0.04990253411306043, 0.06393762183235867, 0.08460038986354776, 0.10604288499025341, 0.1286549707602339, 0.1267056530214425, 0.11968810916179337, 0.07251461988304093, 0.06627680311890838, 0.02962962962962963, 0.017153996101364522, 0.02183235867446394, 0.008966861598440545, 0.007797270955165692, 0.010526315789473684, 0.0042884990253411305, 0.006627680311890838, 0.0007797270955165692, 0.0, 0.0, 0.0, 0.0], [0.0, 0.0, 0.005813953488372093, 0.011627906976744186, 0.005813953488372093, 0.01744186046511628, 0.01744186046511628, 0.046511627906976744, 0.08139534883720931, 0.12209302325581395, 0.09302325581395349, 0.12209302325581395, 0.12790697674418605, 0.11046511627906977, 0.06976744186046512, 0.03488372093023256, 0.040697674418604654, 0.03488372093023256, 0.011627906976744186, 0.046511627906976744, 0.0, 0.0, 0.0, 0.0, 0.0, 0.0, 0.0, 0.0, 0.0, 0.0, 0.0, 0.0], [0.0006192909119058678, 0.0006192909119058678, 0.0007741136398823347, 0.00046446818392940084, 0.0009289363678588017, 0.002941631831552872, 0.002941631831552872, 0.007895959126799815, 0.016101563709552562, 0.03731227744232853, 0.057129586623316304, 0.08499767765908035, 0.11394952779067967, 0.12091655054962068, 0.1466171233937142, 0.11782009599009134, 0.09490633224957423, 0.05604582752748104, 0.05743923207926924, 0.026010218300046448, 0.017804613717293697, 0.01579191825359963, 0.009289363678588018, 0.004335036383341075, 0.004954327295246942, 0.0012385818238117355, 0.00015482272797646694, 0.0, 0.0, 0.0, 0.0, 0.0], [0.0, 0.0, 0.0008417508417508417, 0.0, 0.0016835016835016834, 0.0016835016835016834, 0.004629629629629629, 0.004208754208754209, 0.015151515151515152, 0.021464646464646464, 0.037037037037037035, 0.04503367003367004, 0.07154882154882154, 0.08964646464646464, 0.11405723905723905, 0.12962962962962962, 0.15993265993265993, 0.08585858585858586, 0.11069023569023569, 0.03998316498316498, 0.01936026936026936, 0.023148148148148147, 0.008417508417508417, 0.005471380471380472, 0.007154882154882155, 0.003367003367003367, 0.0, 0.0, 0.0, 0.0, 0.0, 0.0], [0.0, 0.0, 0.0009182736455463728, 0.0009182736455463728, 0.0013774104683195593, 0.002295684113865932, 0.006198347107438017, 0.011707988980716254, 0.017447199265381085, 0.03305785123966942, 0.06359044995408632, 0.07483930211202938, 0.09848484848484848, 0.10445362718089991, 0.14715335169880625, 0.1283287419651056, 0.10697887970615243, 0.06175390266299357, 0.06336088154269973, 0.03305785123966942, 0.014692378328741965, 0.013774104683195593, 0.005968778696051423, 0.0039026629935720843, 0.003443526170798898, 0.002066115702479339, 0.0002295684113865932, 0.0, 0.0, 0.0, 0.0, 0.0], [0.0, 0.0, 0.0, 0.0, 0.00021404109589041095, 0.0010702054794520547, 0.0027825342465753423, 0.004280821917808219, 0.009203767123287672, 0.013056506849315069, 0.03403253424657534, 0.04473458904109589, 0.06142979452054795, 0.07726883561643835, 0.1252140410958904, 0.12157534246575342, 0.1521832191780822, 0.10124143835616438, 0.12457191780821918, 0.044306506849315065, 0.02696917808219178, 0.027183219178082193, 0.011344178082191781, 0.004708904109589041, 0.006635273972602739, 0.003638698630136986, 0.0023544520547945204, 0.0, 0.0, 0.0, 0.0, 0.0], [0.00017513134851138354, 0.0, 0.0, 0.0003502626970227671, 0.00017513134851138354, 0.0010507880910683013, 0.0021015761821366026, 0.0035026269702276708, 0.008231173380035026, 0.022591943957968475, 0.040805604203152365, 0.04868651488616462, 0.07057793345008756, 0.08879159369527145, 0.1243432574430823, 0.13905429071803854, 0.14938704028021016, 0.09176882661996498, 0.09719789842381786, 0.04098073555166375, 0.025043782837127847, 0.021891418563922942, 0.008231173380035026, 0.0036777583187390544, 0.005779334500875657, 0.0024518388791593695, 0.0028021015761821367, 0.0003502626970227671, 0.0, 0.0, 0.0, 0.0], [0.0, 0.0, 0.0003094059405940594, 0.0, 0.0003094059405940594, 0.0006188118811881188, 0.0003094059405940594, 0.0006188118811881188, 0.0037128712871287127, 0.006806930693069307, 0.01670792079207921, 0.022586633663366336, 0.04146039603960396, 0.05971534653465346, 0.09870049504950495, 0.13087871287128713, 0.17172029702970298, 0.11943069306930693, 0.1417079207920792, 0.06745049504950495, 0.038056930693069306, 0.03681930693069307, 0.01608910891089109, 0.01051980198019802, 0.009282178217821782, 0.003094059405940594, 0.003094059405940594, 0.0, 0.0, 0.0, 0.0, 0.0], [0.0, 0.0, 0.0006662225183211193, 0.0, 0.0006662225183211193, 0.0013324450366422385, 0.0006662225183211193, 0.004663557628247834, 0.009327115256495669, 0.019320453031312457, 0.02798134576948701, 0.05463024650233178, 0.05596269153897402, 0.07994670219853431, 0.10792804796802132, 0.11392405063291139, 0.13857428381079281, 0.09060626249167222, 0.10459693537641572, 0.05396402398401066, 0.0379746835443038, 0.03530979347101932, 0.018654230512991338, 0.007994670219853431, 0.017321785476349102, 0.0073284477015323115, 0.0033311125916055963, 0.0073284477015323115, 0.0, 0.0, 0.0, 0.0], [0.0002882675122513693, 0.0, 0.0005765350245027386, 0.0002882675122513693, 0.0005765350245027386, 0.0011530700490054772, 0.0025944076102623233, 0.003459210147016431, 0.008648025367541078, 0.014989910637071202, 0.02767368117613145, 0.045834534447967715, 0.08013836840588066, 0.09714615162871144, 0.12337849524358604, 0.13663880080714905, 0.13663880080714905, 0.08475064860190257, 0.10089362928797925, 0.044681464398962235, 0.025655808590371865, 0.029115018737388296, 0.013260305563562986, 0.004900547708273278, 0.009512827904295185, 0.0028826751225136927, 0.003459210147016431, 0.0008648025367541078, 0.0, 0.0, 0.0, 0.0], [0.0, 0.0, 0.0, 0.0006963788300835655, 0.0009285051067780873, 0.00023212627669452182, 0.0016248839368616526, 0.005338904363974002, 0.007428040854224698, 0.016713091922005572, 0.032729805013927575, 0.0403899721448468, 0.06754874651810584, 0.07799442896935933, 0.12256267409470752, 0.12929433611884866, 0.14763231197771587, 0.09122562674094707, 0.133008356545961, 0.04015784586815228, 0.02321262766945218, 0.02669452181987001, 0.012999071494893221, 0.00510677808727948, 0.009285051067780872, 0.0032497678737233053, 0.0020891364902506965, 0.0018570102135561746, 0.0, 0.0, 0.0, 0.0], [0.0, 0.0, 0.0, 0.04, 0.0, 0.0, 0.0, 0.0, 0.02, 0.06, 0.04, 0.1, 0.06, 0.06, 0.08, 0.12, 0.16, 0.02, 0.08, 0.04, 0.02, 0.1, 0.0, 0.0, 0.0, 0.0, 0.0, 0.0, 0.0, 0.0, 0.0, 0.0], [0.00014779781259237365, 0.0, 0.0, 0.00014779781259237365, 0.00014779781259237365, 0.0004433934377771209, 0.0005911912503694946, 0.0013301803133313626, 0.003990540939994088, 0.00812887969258055, 0.0162577593851611, 0.023056458764410287, 0.04433934377771209, 0.06488323972805203, 0.1132131244457582, 0.14838900384274312, 0.16390777416494237, 0.11350872007094295, 0.11735146319834466, 0.06325746378953591, 0.03724504877327815, 0.04197457877623411, 0.016109961572568728, 0.007833284067395802, 0.009606857818504287, 0.003990540939994088, 0.00014779781259237365, 0.0, 0.0, 0.0, 0.0, 0.0], [0.0, 0.0, 0.0, 0.00021204410517387616, 0.0, 0.00042408821034775233, 0.0014843087362171332, 0.0010602205258693808, 0.0029686174724342664, 0.004452926208651399, 0.012510602205258695, 0.016751484308736218, 0.027777777777777776, 0.04198473282442748, 0.07124681933842239, 0.09987277353689568, 0.138676844783715, 0.12171331636980492, 0.17684478371501272, 0.0854537743850721, 0.058736217133163696, 0.0640373197625106, 0.02502120441051739, 0.012086513994910942, 0.020568278201865988, 0.009117896522476675, 0.004877014418999152, 0.0021204410517387615, 0.0, 0.0, 0.0, 0.0], [0.0002566405748748877, 0.00012832028743744385, 0.0, 0.0002566405748748877, 0.0002566405748748877, 0.0010265622994995508, 0.000898242012062107, 0.002951366611061209, 0.004619530347747979, 0.009495701270370846, 0.01886308225330425, 0.02592069806236366, 0.031053509559861414, 0.053124598999101755, 0.0793019376363403, 0.11343513409470037, 0.1483382522776851, 0.12293083536507121, 0.1556525086616194, 0.07647889131271654, 0.046708584627229564, 0.0544078018734762, 0.0219427691518029, 0.01129218529449506, 0.0146285127678686, 0.004876170922622867, 0.0011548825869369948, 0.0, 0.0, 0.0, 0.0, 0.0], [0.0, 0.0, 0.0, 0.0, 0.0, 0.0023584905660377358, 0.0, 0.0047169811320754715, 0.007075471698113208, 0.009433962264150943, 0.01179245283018868, 0.0330188679245283, 0.054245283018867926, 0.10849056603773585, 0.1391509433962264, 0.16037735849056603, 0.16745283018867924, 0.1320754716981132, 0.11320754716981132, 0.03537735849056604, 0.018867924528301886, 0.0023584905660377358, 0.0, 0.0, 0.0, 0.0, 0.0, 0.0, 0.0, 0.0, 0.0, 0.0], [0.0, 0.0, 0.0, 0.00011032656663724625, 0.00011032656663724625, 0.000441306266548985, 0.00033097969991173877, 0.0012135922330097086, 0.0028684907325684027, 0.007171226831421006, 0.01235657546337158, 0.02228596646072374, 0.038393645189761696, 0.04931597528684907, 0.08075904677846425, 0.10558252427184465, 0.16074580759046778, 0.11804942630185349, 0.1889894086496028, 0.07568402471315093, 0.04203442188879082, 0.05472197705207414, 0.01643865842894969, 0.005516328331862313, 0.01059135039717564, 0.003971756398940865, 0.002206531332744925, 0.00011032656663724625, 0.0, 0.0, 0.0, 0.0], [0.0002042692268409764, 0.0, 0.0002042692268409764, 0.0001021346134204882, 0.0009192115207843939, 0.0009192115207843939, 0.000510673067102441, 0.0015320192013073232, 0.0017362884281482995, 0.008272903687059545, 0.013583903584924931, 0.030333980185884995, 0.05637830660810949, 0.08252476764375447, 0.1280768052292922, 0.16872638137064652, 0.18670207333265243, 0.11326728628332142, 0.1133694208967419, 0.04320294147686651, 0.022061076498825452, 0.0164436727606986, 0.0053109998978653865, 0.0019405576549892758, 0.002553365335512205, 0.001021346134204882, 0.0001021346134204882, 0.0, 0.0, 0.0, 0.0, 0.0], [0.0, 0.00017196904557179707, 0.0, 0.00034393809114359415, 0.00017196904557179707, 0.0010318142734307824, 0.0015477214101461737, 0.0025795356835769563, 0.005503009458297506, 0.010318142734307825, 0.019604471195184867, 0.03301805674978504, 0.05657781599312124, 0.0706792777300086, 0.12416165090283748, 0.1473774720550301, 0.15597592433361995, 0.1055889939810834, 0.11934651762682717, 0.0586414445399828, 0.031642304385210665, 0.028546861564918313, 0.013069647463456577, 0.007222699914015477, 0.005503009458297506, 0.0012037833190025795, 0.00017196904557179707, 0.0, 0.0, 0.0, 0.0, 0.0], [0.0, 0.0, 0.0, 0.0, 0.0003614022406938923, 0.0, 0.0007228044813877846, 0.0010842067220816769, 0.002529815684857246, 0.004878930249367546, 0.012829779544633177, 0.02059992771955186, 0.038670039754246474, 0.061799783158655586, 0.1057101554029635, 0.13028550777014816, 0.15666787134080232, 0.09486808818214673, 0.16281170943259848, 0.05981207083483918, 0.0422840621611854, 0.043548970003614025, 0.019877123238164075, 0.013191181785327069, 0.016082399710878208, 0.005421033610408385, 0.0046982291290206, 0.001264907842428623, 0.0, 0.0, 0.0, 0.0], [0.0, 0.0012033694344163659, 0.0006016847172081829, 0.0006016847172081829, 0.0018050541516245488, 0.0036101083032490976, 0.0048134777376654635, 0.007821901323706379, 0.02888086642599278, 0.04091456077015644, 0.052948255114320095, 0.0842358604091456, 0.08002406738868832, 0.10770156438026474, 0.13176895306859207, 0.1197352587244284, 0.11131167268351384, 0.06558363417569193, 0.08182912154031288, 0.024067388688327317, 0.017448856799037304, 0.022262334536702767, 0.006016847172081829, 0.0006016847172081829, 0.00421179302045728, 0.0, 0.0, 0.0, 0.0, 0.0, 0.0, 0.0], [0.0011441647597254005, 0.0, 0.0, 0.002288329519450801, 0.0, 0.003432494279176201, 0.003432494279176201, 0.016018306636155607, 0.021739130434782608, 0.02402745995423341, 0.038901601830663615, 0.04691075514874142, 0.06521739130434782, 0.059496567505720827, 0.11556064073226545, 0.11784897025171624, 0.14302059496567507, 0.09954233409610984, 0.11098398169336385, 0.057208237986270026, 0.02402745995423341, 0.017162471395881007, 0.010297482837528604, 0.009153318077803204, 0.006864988558352402, 0.0011441647597254005, 0.004576659038901602, 0.0, 0.0, 0.0, 0.0, 0.0], [0.0003818980332251289, 0.0, 0.0, 0.0, 0.0007637960664502578, 0.0011456940996753867, 0.0036280313156387247, 0.007256062631277449, 0.011456940996753867, 0.021195340843994652, 0.041054038571701354, 0.061485583349245754, 0.08363566927630323, 0.1084590414359366, 0.14244796639297308, 0.14244796639297308, 0.1304181783463815, 0.07561581057857553, 0.08077143402711476, 0.02711476035898415, 0.02195913691044491, 0.020431544777544396, 0.007828909681115142, 0.003818980332251289, 0.004773725415314111, 0.0007637960664502578, 0.0011456940996753867, 0.0, 0.0, 0.0, 0.0, 0.0], [0.0, 0.0, 0.0, 0.0007142857142857143, 0.0007142857142857143, 0.0, 0.002142857142857143, 0.0014285714285714286, 0.004285714285714286, 0.013214285714285715, 0.025, 0.03321428571428572, 0.044642857142857144, 0.07178571428571429, 0.10428571428571429, 0.12321428571428572, 0.14964285714285713, 0.0975, 0.11892857142857143, 0.06714285714285714, 0.0375, 0.03964285714285714, 0.01892857142857143, 0.012142857142857143, 0.02035714285714286, 0.009285714285714286, 0.0035714285714285713, 0.0007142857142857143, 0.0, 0.0, 0.0, 0.0], [0.0, 0.0, 0.0, 0.0, 0.00026574541589157585, 0.0, 0.0013287270794578793, 0.002125963327132607, 0.00451767207015679, 0.01355301621047037, 0.019133669944193462, 0.030826468243422802, 0.05208610151474887, 0.0805208610151475, 0.11320754716981132, 0.14057932500664364, 0.15811852245548763, 0.09673133138453362, 0.13154398086633007, 0.05846399149614669, 0.03401541323412171, 0.030826468243422802, 0.012755779962795642, 0.005580653733723093, 0.00903534414031358, 0.0037204358224820623, 0.0010629816635663034, 0.0, 0.0, 0.0, 0.0, 0.0], [0.0003197953309881676, 0.0001598976654940838, 0.0001598976654940838, 0.0001598976654940838, 0.0003197953309881676, 0.001439078989446754, 0.0017588743204349215, 0.003837543971858011, 0.006875599616245603, 0.012631915574032619, 0.031020147105852255, 0.044131755676367124, 0.07467220978573713, 0.09993604093380237, 0.13639270866645348, 0.14710585225455708, 0.14822513591301567, 0.09577870163095618, 0.09098177166613368, 0.04381196034537896, 0.021266389510713142, 0.02078669651423089, 0.009433962264150943, 0.004157339302846178, 0.003038055644387592, 0.0015989766549408379, 0.0, 0.0, 0.0, 0.0, 0.0, 0.0], [0.0, 0.0, 0.0, 0.0006572461386789353, 0.000985869208018403, 0.001643115346697338, 0.000985869208018403, 0.003286230693394676, 0.0052579691094314825, 0.008544199802826159, 0.02366086099244167, 0.03746302990469931, 0.057837660203746304, 0.08149852119618797, 0.11896155110088728, 0.16003943476832075, 0.1534669733815314, 0.1035162668419323, 0.10023003614853762, 0.04896483733158068, 0.03187643772592836, 0.0233322379231022, 0.014459415050936576, 0.007558330594807755, 0.011501807426881366, 0.0023003614853762734, 0.001971738416036806, 0.0, 0.0, 0.0, 0.0, 0.0], [0.0, 0.0, 0.0, 0.0, 0.0, 0.0006131207847946045, 0.0009196811771919068, 0.0027590435315757206, 0.00398528510116493, 0.00398528510116493, 0.013182096873083998, 0.023298589822194973, 0.035561005518087066, 0.05150214592274678, 0.0950337216431637, 0.12752912323727775, 0.14653586756591047, 0.1072961373390558, 0.14929491109748622, 0.07173513182096873, 0.04199877375843041, 0.06069895769466585, 0.02145922746781116, 0.016860821581851624, 0.015328019619865114, 0.008890251379521767, 0.0015328019619865114, 0.0, 0.0, 0.0, 0.0, 0.0], [0.0, 0.0, 0.00035925992455541585, 0.0, 0.00017962996227770793, 0.0005388898868331237, 0.0007185198491108317, 0.002155559547332495, 0.0037722292078318665, 0.007724088377941441, 0.016705586491826838, 0.03377043290820909, 0.05963714747619903, 0.09879647925273936, 0.1314891323872822, 0.12861505299083886, 0.13939285072750135, 0.09394647027124124, 0.11765762529189869, 0.051553799173702175, 0.030896353511765763, 0.033231543021375966, 0.019400035925992456, 0.006107418717442069, 0.012933357283994971, 0.005927788755164361, 0.003951859170109574, 0.0005388898868331237, 0.0, 0.0, 0.0, 0.0], [0.0, 0.0, 0.00011983223487118035, 0.0, 0.0002396644697423607, 0.0002396644697423607, 0.000359496704613541, 0.0013181545835829838, 0.0029958058717795086, 0.008268424206111444, 0.015458358298382265, 0.028879568603954464, 0.05116836428999401, 0.07645296584781307, 0.11324146195326543, 0.13924505692031156, 0.16417016177351706, 0.10089874176153385, 0.14607549430796885, 0.054284002396644694, 0.03271420011983223, 0.03559017375674056, 0.011024565608148592, 0.004913121629718394, 0.008268424206111444, 0.0026363091671659676, 0.0011983223487118035, 0.0002396644697423607, 0.0, 0.0, 0.0, 0.0], [0.0, 0.0, 0.0, 0.0, 0.0, 0.00013706140350877192, 0.0008223684210526315, 0.0008223684210526315, 0.0024671052631578946, 0.006716008771929825, 0.010416666666666666, 0.02275219298245614, 0.041666666666666664, 0.06866776315789473, 0.11430921052631579, 0.15707236842105263, 0.18338815789473684, 0.11787280701754387, 0.15378289473684212, 0.047286184210526314, 0.02425986842105263, 0.03056469298245614, 0.008360745614035088, 0.0026041666666666665, 0.003152412280701754, 0.002055921052631579, 0.0008223684210526315, 0.0, 0.0, 0.0, 0.0, 0.0], [0.0, 0.006289308176100629, 0.0, 0.006289308176100629, 0.006289308176100629, 0.018867924528301886, 0.0440251572327044, 0.018867924528301886, 0.0880503144654088, 0.08176100628930817, 0.06918238993710692, 0.03773584905660377, 0.07547169811320754, 0.11320754716981132, 0.09433962264150944, 0.1069182389937107, 0.05660377358490566, 0.05660377358490566, 0.06289308176100629, 0.012578616352201259, 0.018867924528301886, 0.006289308176100629, 0.012578616352201259, 0.006289308176100629, 0.0, 0.0, 0.0, 0.0, 0.0, 0.0, 0.0, 0.0]]}, "ranks": {"labels": ["Unranked", "Combatatent I", "Combatatent II", "Challenger I", "Challenger II", "Rival I", "Rival II", "Duelist", "Elite"], "data": [[0.16759776536312848, 0.16759776536312848, 0.20670391061452514, 0.2122905027932961, 0.11173184357541899, 0.09497206703910614, 0.0335195530726257, 0.00558659217877095, 0.0], [0.061490683229813665, 0.10496894409937889, 0.1670807453416149, 0.2645962732919255, 0.22857142857142856, 0.10496894409937889, 0.03540372670807453, 0.024844720496894408, 0.008074534161490683], [0.01477293452489513, 0.02954586904979026, 0.07495896407076418, 0.17162137515958417, 0.2524165602772205, 0.24402699252234178, 0.07805945650191501, 0.10231625022797738, 0.03228159766551158], [0.030955139877503726, 0.055288859460354244, 0.12977983777520277, 0.23208078132759477, 0.27263698063234565, 0.17364674722728024, 0.05744082105611654, 0.039562986260552886, 0.008607846383049164], [0.203125, 0.109375, 0.265625, 0.03125, 0.15625, 0.140625, 0.046875, 0.046875, 0.0], [0.013705030369101387, 0.04033639619996885, 0.12038623267403831, 0.24295281108861547, 0.2580594922909204, 0.16523905933655195, 0.06213985360535742, 0.07054975860457872, 0.026631365830867466], [0.07407407407407407, 0.1138401559454191, 0.19064327485380117, 0.2553606237816764, 0.19220272904483432, 0.08187134502923976, 0.031189083820662766, 0.03859649122807018, 0.022222222222222223], [0.3081395348837209, 0.21511627906976744, 0.23837209302325582, 0.10465116279069768, 0.0755813953488372, 0.046511627906976744, 0.011627906976744186, 0.0, 0.0], [0.07059916395726892, 0.14212726428239666, 0.23486607834030035, 0.26443721938380554, 0.15095215977705528, 0.07121845486917479, 0.030035609227434586, 0.029416318315528718, 0.006347731847035145], [0.049663299663299666, 0.08207070707070707, 0.1611952861952862, 0.24368686868686867, 0.24579124579124578, 0.13468013468013468, 0.03535353535353535, 0.037037037037037035, 0.010521885521885523], [0.07392102846648302, 0.1384297520661157, 0.20293847566574838, 0.27548209366391185, 0.16873278236914602, 0.07943067033976126, 0.03168044077134986, 0.0236455463728191, 0.00573921028466483], [0.030607876712328768, 0.07876712328767123, 0.1386986301369863, 0.24678938356164384, 0.2534246575342466, 0.14597602739726026, 0.04987157534246575, 0.04323630136986301, 0.012628424657534247], [0.03817863397548161, 0.089492119089317, 0.159369527145359, 0.2633975481611208, 0.24115586690017513, 0.12084063047285463, 0.04238178633975482, 0.033800350262697024, 0.01138353765323993], [0.012685643564356437, 0.039294554455445545, 0.10117574257425743, 0.2295792079207921, 0.2911509900990099, 0.18193069306930693, 0.06528465346534654, 0.06342821782178218, 0.01547029702970297], [0.03664223850766156, 0.08261159227181879, 0.13590939373750832, 0.22185209860093272, 0.229180546302465, 0.13191205862758162, 0.06462358427714857, 0.061958694203864094, 0.03530979347101932], [0.03257422888440473, 0.07350821562409916, 0.1772845200345921, 0.2600172960507351, 0.2213894494090516, 0.12597290285384838, 0.04525799942346498, 0.04727587200922456, 0.01671951571057942], [0.032961931290622096, 0.07311977715877438, 0.14554317548746518, 0.25185701021355617, 0.23885793871866295, 0.15343546889507892, 0.04294336118848654, 0.04480037140204271, 0.016480965645311048], [0.12, 0.14, 0.12, 0.2, 0.18, 0.12, 0.02, 0.1, 0.0], [0.014927579071829736, 0.03931421814957139, 0.10922258350576411, 0.2616021282885013, 0.2774164942358853, 0.15267514040792196, 0.06517883535323678, 0.06591782441619864, 0.013745196571090747], [0.010602205258693808, 0.029262086513994912, 0.06976251060220526, 0.17111959287531806, 0.26039016115351993, 0.22179813401187448, 0.09923664122137404, 0.10114503816793893, 0.03668363019508058], [0.019889644552803797, 0.044783780315667904, 0.08417810855896317, 0.19273707173104068, 0.2712690876427563, 0.19709996150391376, 0.08174002309765174, 0.08764275631977415, 0.020659566277428463], [0.02358490566037736, 0.04481132075471698, 0.16273584905660377, 0.29952830188679247, 0.29952830188679247, 0.13679245283018868, 0.030660377358490566, 0.0023584905660377358, 0.0], [0.012246248896734334, 0.03464254192409532, 0.08770962047661077, 0.1863415710503089, 0.27879523389232125, 0.23168578993821712, 0.07502206531332745, 0.07667696381288615, 0.016879964695498677], [0.014400980492288837, 0.04391788377080993, 0.13890307425186396, 0.2968031865999387, 0.2999693596159739, 0.1376774588908181, 0.04095597998161577, 0.023695230313553264, 0.0036768460831375755], [0.02166809974204643, 0.0526225279449699, 0.12725709372312985, 0.2715391229578676, 0.26156491831470335, 0.15460017196904557, 0.055030094582975066, 0.04883920894239037, 0.006878761822871883], [0.009577159378388145, 0.03342970726418504, 0.10046982291290206, 0.23599566317311169, 0.25153595952294905, 0.19569931333574267, 0.06920852909288037, 0.07661727502710516, 0.027466570292735814], [0.09025270758122744, 0.1371841155234657, 0.18772563176895307, 0.25150421179302046, 0.17689530685920576, 0.09386281588447654, 0.029482551143200964, 0.02888086642599278, 0.00421179302045728], [0.07208237986270023, 0.08581235697940504, 0.12471395881006865, 0.2334096109839817, 0.2425629290617849, 0.14302059496567507, 0.04919908466819222, 0.036613272311212815, 0.012585812356979404], [0.04582776398701547, 0.10253962192094711, 0.19209471071223982, 0.28489593278594616, 0.20603398892495703, 0.09604735535611991, 0.033797975940423906, 0.03207943479091083, 0.006683215581439756], [0.0225, 0.05821428571428571, 0.11642857142857142, 0.2275, 0.24714285714285714, 0.15107142857142858, 0.0725, 0.07071428571428572, 0.033928571428571426], [0.02179112410310922, 0.049960138187616264, 0.13260696252989637, 0.25378687217645496, 0.25484985384002123, 0.16582513951634334, 0.05819824608025512, 0.049162901939941536, 0.013818761626361946], [0.027662296130476494, 0.07515190278221938, 0.1746082507195395, 0.28349856092101056, 0.24400383754397187, 0.11720498880716342, 0.03885513271506236, 0.03437799808122802, 0.00463703229932843], [0.021360499507065395, 0.06112389089714098, 0.13933618139993428, 0.279000985869208, 0.2569832402234637, 0.1258626355570161, 0.055208675649030564, 0.045349983568846536, 0.015773907328294447], [0.012262415695892091, 0.03648068669527897, 0.08706315144083385, 0.22256284488044145, 0.25383200490496627, 0.19068056407112202, 0.07234825260576333, 0.09901900674432863, 0.02575107296137339], [0.015448176755882882, 0.050476019400035925, 0.15843362672893838, 0.2601041853781211, 0.23333932099874258, 0.1471169391054428, 0.05299083887192384, 0.05873899766481049, 0.02335189509610203], [0.013541042540443379, 0.044337926902336726, 0.12762133013780708, 0.252486518873577, 0.2650689035350509, 0.17723187537447574, 0.05584182144997004, 0.05152786099460755, 0.012342720191731577], [0.010964912280701754, 0.033168859649122806, 0.1103344298245614, 0.2713815789473684, 0.3012609649122807, 0.18037280701754385, 0.044956140350877194, 0.041529605263157895, 0.006030701754385965], [0.27044025157232704, 0.1069182389937107, 0.18867924528301888, 0.20125786163522014, 0.11320754716981132, 0.07547169811320754, 0.018867924528301886, 0.025157232704402517, 0.0]]}, "ranksDetailed": {"labels": ["Unranked", "Combatatant", "Challenger", "Rival", "Duelist", "Elite"], "data": [[0.16759776536312848, 0.3743016759776536, 0.3240223463687151, 0.12849162011173185, 0.00558659217877095, 0.0], [0.061490683229813665, 0.2720496894409938, 0.493167701863354, 0.14037267080745341, 0.024844720496894408, 0.008074534161490683], [0.01477293452489513, 0.10450483312055445, 0.4240379354368047, 0.3220864490242568, 0.10231625022797738, 0.03228159766551158], [0.030955139877503726, 0.18506869723555702, 0.5047177619599404, 0.2310875682833968, 0.039562986260552886, 0.008607846383049164], [0.203125, 0.375, 0.1875, 0.1875, 0.046875, 0.0], [0.013705030369101387, 0.16072262887400715, 0.501012303379536, 0.22737891294190937, 0.07054975860457872, 0.026631365830867466], [0.07407407407407407, 0.3044834307992203, 0.4475633528265107, 0.11306042884990253, 0.03859649122807018, 0.022222222222222223], [0.3081395348837209, 0.45348837209302323, 0.18023255813953487, 0.05813953488372093, 0.0, 0.0], [0.07059916395726892, 0.376993342622697, 0.4153893791608608, 0.10125406409660938, 0.029416318315528718, 0.006347731847035145], [0.049663299663299666, 0.24326599326599327, 0.48947811447811446, 0.17003367003367004, 0.037037037037037035, 0.010521885521885523], [0.07392102846648302, 0.3413682277318641, 0.44421487603305787, 0.1111111111111111, 0.0236455463728191, 0.00573921028466483], [0.030607876712328768, 0.21746575342465754, 0.5002140410958904, 0.19584760273972604, 0.04323630136986301, 0.012628424657534247], [0.03817863397548161, 0.24886164623467602, 0.5045534150612959, 0.16322241681260946, 0.033800350262697024, 0.01138353765323993], [0.012685643564356437, 0.14047029702970298, 0.520730198019802, 0.24721534653465346, 0.06342821782178218, 0.01547029702970297], [0.03664223850766156, 0.21852098600932712, 0.45103264490339773, 0.1965356429047302, 0.061958694203864094, 0.03530979347101932], [0.03257422888440473, 0.25079273565869126, 0.4814067454597867, 0.17123090227731336, 0.04727587200922456, 0.01671951571057942], [0.032961931290622096, 0.21866295264623956, 0.4907149489322191, 0.19637883008356546, 0.04480037140204271, 0.016480965645311048], [0.12, 0.26, 0.38, 0.14, 0.1, 0.0], [0.014927579071829736, 0.1485368016553355, 0.5390186225243866, 0.21785397576115872, 0.06591782441619864, 0.013745196571090747], [0.010602205258693808, 0.09902459711620017, 0.431509754028838, 0.3210347752332485, 0.10114503816793893, 0.03668363019508058], [0.019889644552803797, 0.1289618888746311, 0.464006159373797, 0.2788399846015655, 0.08764275631977415, 0.020659566277428463], [0.02358490566037736, 0.20754716981132076, 0.5990566037735849, 0.16745283018867924, 0.0023584905660377358, 0.0], [0.012246248896734334, 0.1223521624007061, 0.4651368049426302, 0.3067078552515446, 0.07667696381288615, 0.016879964695498677], [0.014400980492288837, 0.1828209580226739, 0.5967725462159126, 0.17863343887243388, 0.023695230313553264, 0.0036768460831375755], [0.02166809974204643, 0.17987962166809973, 0.5331040412725709, 0.20963026655202063, 0.04883920894239037, 0.006878761822871883], [0.009577159378388145, 0.1338995301770871, 0.4875316226960607, 0.26490784242862303, 0.07661727502710516, 0.027466570292735814], [0.09025270758122744, 0.3249097472924188, 0.42839951865222625, 0.1233453670276775, 0.02888086642599278, 0.00421179302045728], [0.07208237986270023, 0.21052631578947367, 0.4759725400457666, 0.19221967963386727, 0.036613272311212815, 0.012585812356979404], [0.04582776398701547, 0.29463433263318695, 0.4909299217109032, 0.12984533129654383, 0.03207943479091083, 0.006683215581439756], [0.0225, 0.17464285714285716, 0.47464285714285714, 0.22357142857142856, 0.07071428571428572, 0.033928571428571426], [0.02179112410310922, 0.18256710071751261, 0.5086367260164762, 0.22402338559659846, 0.049162901939941536, 0.013818761626361946], [0.027662296130476494, 0.24976015350175887, 0.5275023984649824, 0.1560601215222258, 0.03437799808122802, 0.00463703229932843], [0.021360499507065395, 0.20046007229707524, 0.5359842260926717, 0.18107131120604666, 0.045349983568846536, 0.015773907328294447], [0.012262415695892091, 0.12354383813611282, 0.47639484978540775, 0.2630288166768853, 0.09901900674432863, 0.02575107296137339], [0.015448176755882882, 0.2089096461289743, 0.4934435063768637, 0.20010777797736662, 0.05873899766481049, 0.02335189509610203], [0.013541042540443379, 0.1719592570401438, 0.517555422408628, 0.2330736968244458, 0.05152786099460755, 0.012342720191731577], [0.010964912280701754, 0.1435032894736842, 0.5726425438596491, 0.22532894736842105, 0.041529605263157895, 0.006030701754385965], [0.27044025157232704, 0.29559748427672955, 0.31446540880503143, 0.09433962264150944, 0.025157232704402517, 0.0]]}}}, "eu": {"histType": {"histogram": {"labels": ["0", "100", "200", "300", "400", "500", "600", "700", "800", "900", "1000", "1100", "1200", "1300", "1400", "1500", "1600", "1700", "1800", "1900", "2000", "2100", "2200", "2300", "2400", "2500", "2600", "2700", "2800", "2900", "3000", "3100"], "data": [[0.0, 0.0, 0.0, 0.0, 0.0, 0.013245033112582781, 0.006622516556291391, 0.026490066225165563, 0.046357615894039736, 0.07947019867549669, 0.09933774834437085, 0.039735099337748346, 0.08609271523178808, 0.09271523178807947, 0.13245033112582782, 0.09271523178807947, 0.11258278145695365, 0.0728476821192053, 0.033112582781456956, 0.0, 0.019867549668874173, 0.026490066225165563, 0.019867549668874173, 0.0, 0.0, 0.0, 0.0, 0.0, 0.0, 0.0, 0.0, 0.0], [0.0, 0.0, 0.0006729475100942127, 0.0006729475100942127, 0.0006729475100942127, 0.0033647375504710633, 0.007402422611036339, 0.008075370121130552, 0.02220726783310902, 0.03230148048452221, 0.040376850605652756, 0.06864064602960969, 0.08142664872139974, 0.10834454912516824, 0.13458950201884254, 0.1271870794078062, 0.13728129205921938, 0.07604306864064603, 0.08075370121130551, 0.028936742934051143, 0.010767160161507403, 0.01547779273216689, 0.006729475100942127, 0.004037685060565276, 0.0013458950201884253, 0.0026917900403768506, 0.0, 0.0, 0.0, 0.0, 0.0, 0.0], [0.0, 0.0001951219512195122, 0.0, 0.0001951219512195122, 0.0001951219512195122, 0.0001951219512195122, 0.0005853658536585366, 0.0017560975609756098, 0.004878048780487805, 0.006439024390243902, 0.014048780487804878, 0.02302439024390244, 0.030634146341463414, 0.04312195121951219, 0.07239024390243902, 0.09034146341463414, 0.15317073170731707, 0.10926829268292683, 0.192, 0.07258536585365853, 0.05268292682926829, 0.06497560975609756, 0.023609756097560976, 0.013658536585365854, 0.017756097560975608, 0.006439024390243902, 0.0025365853658536586, 0.0033170731707317072, 0.0, 0.0, 0.0, 0.0], [0.0, 0.0001531159087429184, 0.0, 0.0001531159087429184, 0.0001531159087429184, 0.00045934772622875517, 0.0010718113612004287, 0.0033685499923442044, 0.005818404532230899, 0.011024345429490124, 0.022508038585209004, 0.03491042719338539, 0.04853774307150513, 0.06614607257694075, 0.10748736793752871, 0.13290460878885316, 0.17057112233961108, 0.11009033838615832, 0.14546011330577246, 0.059102740774766495, 0.031082529474812434, 0.026948399938753635, 0.008727606798346348, 0.004440361353544633, 0.0053590568060021436, 0.0018373909049150207, 0.0010718113612004287, 0.0006124636349716736, 0.0, 0.0, 0.0, 0.0], [0.0, 0.0, 0.0, 0.0, 0.0, 0.0, 0.03389830508474576, 0.0847457627118644, 0.06779661016949153, 0.05084745762711865, 0.1016949152542373, 0.1016949152542373, 0.06779661016949153, 0.05084745762711865, 0.1016949152542373, 0.06779661016949153, 0.05084745762711865, 0.03389830508474576, 0.05084745762711865, 0.05084745762711865, 0.03389830508474576, 0.03389830508474576, 0.0, 0.01694915254237288, 0.0, 0.0, 0.0, 0.0, 0.0, 0.0, 0.0, 0.0], [0.0, 0.00015583606046439146, 0.00015583606046439146, 0.0003116721209287829, 0.0004675081813931744, 0.00015583606046439146, 0.0003116721209287829, 0.0024933769674302633, 0.0035842293906810036, 0.0070126227208976155, 0.015427769985974754, 0.023842917251051893, 0.04394576905095839, 0.06841203054386785, 0.10799438990182328, 0.12311048776686925, 0.1477325853202431, 0.10378681626928471, 0.13994078229702353, 0.06654199781829516, 0.035530621785881254, 0.053607604799750665, 0.022128720585943586, 0.006700950599968833, 0.013557737260402058, 0.007168458781362007, 0.004207573632538569, 0.001714196665108306, 0.0, 0.0, 0.0, 0.0], [0.0, 0.0, 0.0007251631617113851, 0.0014503263234227702, 0.0032632342277012327, 0.0025380710659898475, 0.003988397389412618, 0.01305293691080493, 0.02284263959390863, 0.032632342277012324, 0.05039883973894126, 0.07106598984771574, 0.08375634517766498, 0.09608411892675853, 0.116751269035533, 0.1218274111675127, 0.11711385061638868, 0.06707759245830312, 0.06598984771573604, 0.03517041334300217, 0.01740391588107324, 0.02574329224075417, 0.013415518491660623, 0.00870195794053662, 0.011965192168237854, 0.007251631617113851, 0.006163886874546773, 0.0036258158085569255, 0.0, 0.0, 0.0, 0.0], [0.0, 0.0, 0.0, 0.0, 0.0, 0.024193548387096774, 0.008064516129032258, 0.056451612903225805, 0.03225806451612903, 0.06451612903225806, 0.08064516129032258, 0.0967741935483871, 0.08064516129032258, 0.06451612903225806, 0.13709677419354838, 0.1532258064516129, 0.11290322580645161, 0.04032258064516129, 0.024193548387096774, 0.008064516129032258, 0.016129032258064516, 0.0, 0.0, 0.0, 0.0, 0.0, 0.0, 0.0, 0.0, 0.0, 0.0, 0.0], [0.0004633920296570899, 0.00015446400988569664, 0.0006178560395427865, 0.0006178560395427865, 0.0006178560395427865, 0.002008032128514056, 0.004324992276799506, 0.009731232622798888, 0.0228606734630831, 0.03738029039233858, 0.061167747914735865, 0.08124806919987643, 0.12511584800741427, 0.11801050355267223, 0.13129440840284215, 0.11631139944392957, 0.09468643805993203, 0.05159097930182267, 0.057460611677479144, 0.029657089898053754, 0.018072289156626505, 0.0182267531665122, 0.008032128514056224, 0.004324992276799506, 0.004479456286685202, 0.0013901760889712697, 0.00015446400988569664, 0.0, 0.0, 0.0, 0.0, 0.0], [0.0, 0.0, 0.0010940919037199124, 0.0005470459518599562, 0.0010940919037199124, 0.0010940919037199124, 0.0010940919037199124, 0.007658643326039387, 0.011487964989059081, 0.0175054704595186, 0.04431072210065645, 0.045951859956236324, 0.0711159737417943, 0.09299781181619256, 0.11214442013129103, 0.12199124726477024, 0.15153172866520787, 0.08150984682713348, 0.11433260393873085, 0.03391684901531729, 0.03391684901531729, 0.0262582056892779, 0.013676148796498906, 0.007658643326039387, 0.0038293216630196935, 0.002735229759299781, 0.0005470459518599562, 0.0, 0.0, 0.0, 0.0, 0.0], [0.0002771618625277162, 0.0005543237250554324, 0.0005543237250554324, 0.0008314855875831486, 0.0019401330376940134, 0.0022172949002217295, 0.003048780487804878, 0.012195121951219513, 0.019955654101995565, 0.036585365853658534, 0.057649667405764965, 0.0803769401330377, 0.10116407982261641, 0.10809312638580931, 0.14634146341463414, 0.11668514412416851, 0.1028270509977827, 0.056818181818181816, 0.06430155210643015, 0.031042128603104215, 0.018292682926829267, 0.017738359201773836, 0.006374722838137472, 0.006097560975609756, 0.004988913525498891, 0.003048780487804878, 0.0, 0.0, 0.0, 0.0, 0.0, 0.0], [0.0, 0.0, 0.0, 0.0, 0.0009149130832570906, 0.0006861848124428179, 0.0013723696248856359, 0.004803293687099725, 0.010978956999085087, 0.01898444647758463, 0.03362305580969808, 0.03979871912168344, 0.06473010064043916, 0.07959743824336687, 0.12168344007319305, 0.12259835315645014, 0.1411253430924062, 0.08943275388838061, 0.12580054894784995, 0.05146386093321134, 0.026989935956084173, 0.03362305580969808, 0.013266239707227814, 0.0054894784995425435, 0.009149130832570906, 0.0018298261665141812, 0.0011436413540713633, 0.0006861848124428179, 0.0, 0.0, 0.00022872827081427266, 0.0], [0.0, 0.0, 0.00020206102242877348, 0.00020206102242877348, 0.00020206102242877348, 0.0012123661345726409, 0.0018185492018589614, 0.005657708628005658, 0.012527783390583956, 0.016973125884016973, 0.036977167104465546, 0.04869670640533441, 0.07294402909678722, 0.08405738533036977, 0.13457264093756313, 0.14002828854314003, 0.135582946049707, 