{"region": {"us": {"histType": {"histogram": {"labels": ["0", "100", "200", "300", "400", "500", "600", "700", "800", "900", "1000", "1100", "1200", "1300", "1400", "1500", "1600", "1700", "1800", "1900", "2000", "2100", "2200", "2300", "2400", "2500", "2600", "2700", "2800", "2900", "3000", "3100", "3200"], "data": [[0.0, 0.0, 0.003215434083601286, 0.003215434083601286, 0.006430868167202572, 0.006430868167202572, 0.022508038585209004, 0.012861736334405145, 0.03215434083601286, 0.028938906752411574, 0.0707395498392283, 0.07395498392282958, 0.08360128617363344, 0.1189710610932476, 0.10610932475884244, 0.11254019292604502, 0.09967845659163987, 0.05466237942122187, 0.05466237942122187, 0.04823151125401929, 0.028938906752411574, 0.00964630225080386, 0.00964630225080386, 0.0, 0.012861736334405145, 0.0, 0.0, 0.0, 0.0, 0.0, 0.0, 0.0, 0.0], [0.0, 0.0008247422680412372, 0.0, 0.0004123711340206186, 0.0008247422680412372, 0.0016494845360824743, 0.004948453608247422, 0.010721649484536083, 0.0111340206185567, 0.01979381443298969, 0.03463917525773196, 0.04247422680412371, 0.06391752577319587, 0.07463917525773196, 0.10103092783505155, 0.12123711340206185, 0.1472164948453608, 0.0890721649484536, 0.15175257731958763, 0.05567010309278351, 0.024329896907216497, 0.016494845360824743, 0.009896907216494845, 0.004948453608247422, 0.004948453608247422, 0.0016494845360824743, 0.0032989690721649486, 0.002061855670103093, 0.0004123711340206186, 0.0, 0.0, 0.0, 0.0], [0.0001439055979277594, 0.0, 0.0, 0.0002878111958555188, 0.0002878111958555188, 0.0002878111958555188, 0.0002878111958555188, 0.000719527989638797, 0.0034537343502662253, 0.004461073535760541, 0.007339185494315729, 0.010792919844581954, 0.016836954957547848, 0.02662253561663549, 0.03597639948193985, 0.0566988055835372, 0.08821413152971651, 0.10850482083753057, 0.29011368542236293, 0.08950928191106634, 0.06403799107785293, 0.09454597783853792, 0.02791768599798532, 0.014966182184486976, 0.034105626708878976, 0.010505108648726436, 0.005036695927471579, 0.004173262339905022, 0.001439055979277594, 0.002590300762699669, 0.0001439055979277594, 0.0, 0.0], [0.0, 0.0, 0.0, 0.0, 0.0001352265043948614, 0.0001352265043948614, 0.0009465855307640297, 0.002434077079107505, 0.006220419202163624, 0.009871534820824882, 0.015145368492224476, 0.017849898580121704, 0.0332657200811359, 0.042190669371196754, 0.06017579445571332, 0.07748478701825558, 0.15050709939148074, 0.12183908045977011, 0.21284651791751183, 0.08911426639621366, 0.05557809330628803, 0.06017579445571332, 0.017985125084516565, 0.00784313725490196, 0.012305611899932387, 0.0025693035835023664, 0.0012170385395537525, 0.0016227180527383367, 0.0002704530087897228, 0.0, 0.0002704530087897228, 0.0, 0.0], [0.0, 0.0, 0.0, 0.0, 0.008771929824561403, 0.0, 0.008771929824561403, 0.03508771929824561, 0.03508771929824561, 0.05263157894736842, 0.043859649122807015, 0.07894736842105263, 0.07017543859649122, 0.10526315789473684, 0.07894736842105263, 0.10526315789473684, 0.06140350877192982, 0.03508771929824561, 0.08771929824561403, 0.08771929824561403, 0.02631578947368421, 0.043859649122807015, 0.017543859649122806, 0.017543859649122806, 0.0, 0.0, 0.0, 0.0, 0.0, 0.0, 0.0, 0.0, 0.0], [0.0, 0.0, 0.0, 0.0, 0.0, 0.0, 0.0, 0.0017572316842389836, 0.001892403352257367, 0.006623411732900784, 0.01013787510137875, 0.016220600162206, 0.030008110300081103, 0.05082454717491214, 0.07110029737766964, 0.09826980264936469, 0.1615301432819681, 0.1151662611516626, 0.17910246012435793, 0.07610164909434983, 0.04447147877804812, 0.06353068396864017, 0.021086780210867802, 0.010678561773452284, 0.02176263855095972, 0.00851581508515815, 0.0033792917004595835, 0.0033792917004595835, 0.0021627466882941336, 0.0008110300081103001, 0.0014868883482022169, 0.0, 0.0], [0.0, 0.0, 0.0002643404705260375, 0.0013217023526301878, 0.0013217023526301878, 0.0031720856463124504, 0.005815490351572826, 0.008987575997885276, 0.017446471054718478, 0.02458366375892149, 0.03885804916732752, 0.04705260375363468, 0.07005022468939995, 0.08353158868622786, 0.1091726143272535, 0.12344699973565953, 0.1252973830293418, 0.08194554586307164, 0.11049431667988369, 0.03885804916732752, 0.02802008987575998, 0.02907745175786413, 0.011102299762093577, 0.007137192704203013, 0.012688342585249802, 0.006344171292624901, 0.006872852233676976, 0.0023790642347343376, 0.0018503832936822627, 0.0007930214115781126, 0.0021147237642083, 0.0, 0.0], [0.0033333333333333335, 0.0, 0.0033333333333333335, 0.01, 0.016666666666666666, 0.013333333333333334, 0.016666666666666666, 0.05, 0.05, 0.1, 0.08666666666666667, 0.10333333333333333, 0.09, 0.10333333333333333, 0.07666666666666666, 0.06666666666666667, 0.06666666666666667, 0.03333333333333333, 0.02666666666666667, 0.03666666666666667, 0.006666666666666667, 0.013333333333333334, 0.02, 0.006666666666666667, 0.0, 0.0, 0.0, 0.0, 0.0, 0.0, 0.0, 0.0, 0.0], [0.00034455036177787984, 0.00022970024118525325, 0.0005742506029631331, 0.0004594004823705065, 0.0005742506029631331, 0.001493051567704146, 0.0017227518088893993, 0.004938555185482945, 0.00953256000918801, 0.01998392098311703, 0.03238773400712071, 0.04352819570460549, 0.05455380728149765, 0.062133915240611, 0.07867233260594923, 0.079361433329505, 0.14172504881130124, 0.10543241070403124, 0.12495693120477777, 0.06615366946135294, 0.04651429884001378, 0.0478925002871253, 0.02101757206845067, 0.013322613988744687, 0.02239577351556219, 0.00953256000918801, 0.006087056391409211, 0.001837601929482026, 0.002411852532445159, 0.00022970024118525325, 0.0, 0.0, 0.0], [0.0, 0.0, 0.0, 0.0, 0.00036927621861152144, 0.00036927621861152144, 0.00036927621861152144, 0.00036927621861152144, 0.0007385524372230429, 0.005539143279172821, 0.007016248153618907, 0.005908419497784343, 0.012186115214180207, 0.021048744460856722, 0.04025110782865583, 0.06351550960118169, 0.07791728212703102, 0.08124076809453472, 0.18759231905465287, 0.08087149187592318, 0.08530280649926145, 0.12149187592319055, 0.050221565731166914, 0.025480059084194977, 0.06868537666174299, 0.022895125553914326, 0.013663220088626292, 0.014771048744460856, 0.0066469719350073855, 0.004062038404726735, 0.0014771048744460858, 0.0, 0.0], [0.0, 0.0, 0.0003245699448231094, 0.0, 0.0016228497241155468, 0.0016228497241155468, 0.0035702693930542034, 0.0038948393378773127, 0.012009087958455048, 0.018175916910094125, 0.03050957481337228, 0.0344044141512496, 0.059720869847452125, 0.0723790976955534, 0.09217786432976306, 0.11197663096397274, 0.14053878610840637, 0.09120415449529373, 0.15092502434274585, 0.054527750730282376, 0.03635183382018825, 0.040246673158065564, 0.012658227848101266, 0.008438818565400843, 0.011359948068808828, 0.004219409282700422, 0.0019474196689386564, 0.0016228497241155468, 0.0019474196689386564, 0.0016228497241155468, 0.0, 0.0, 0.0], [0.00018456995201181247, 0.0, 0.0005537098560354374, 0.0005537098560354374, 0.0007382798080472499, 0.0018456995201181247, 0.004614248800295312, 0.008121077888519748, 0.01347360649686231, 0.02159468438538206, 0.04724990771502399, 0.06404577334809892, 0.09007013658176449, 0.0976375046142488, 0.1349206349206349, 0.13196751568844592, 0.12938353636028055, 0.07456626061277224, 0.08065706902916205, 0.03765227021040975, 0.01937984496124031, 0.01845699520118125, 0.008121077888519748, 0.005352528608342562, 0.004060538944259874, 0.0014765596160944998, 0.0018456995201181247, 0.0009228497600590623, 0.0005537098560354374, 0.0, 0.0, 0.0, 0.0], [0.0, 0.0, 0.0, 0.0, 0.00017522340984755565, 0.0007008936393902226, 0.0028035745575608903, 0.002978797967408446, 0.007184159803749781, 0.008936393902225337, 0.021202032591554232, 0.03311722446118801, 0.044681969511126685, 0.06781145961100403, 0.1070615034168565, 0.11371999299106361, 0.14648677063255652, 0.10460837567899071, 0.15962852637112318, 0.06045207639740669, 0.03732258629752935, 0.03644646924829157, 0.01366742596810934, 0.008585947082530226, 0.012966532328719117, 0.005081478885579113, 0.0015770106886280008, 0.0010513404590853338, 0.0017522340984755564, 0.0, 0.0, 0.0, 0.0], [0.0002469440671687863, 0.0, 0.0, 0.00012347203358439315, 0.00012347203358439315, 0.0003704161007531794, 0.0016051364365971107, 0.0023459686381034697, 0.005185825410544511, 0.013088035559945673, 0.02197802197802198, 0.025064822817631807, 0.03444869737004568, 0.04593159649339425, 0.06581059390048154, 0.08482528707247808, 0.13174465983454747, 0.1169280158044203, 0.1818743054698111, 0.0863069514754908, 0.0556858871465613, 0.06025435238918385, 0.020990245709346832, 0.010495122854673416, 0.017903444869737006, 0.005432769477713298, 0.004074577108284973, 0.002716384738856649, 0.0016051364365971107, 0.0024694406716878627, 0.0003704161007531794, 0.0, 0.0], [0.0, 0.0, 0.0, 0.0, 0.00046871338176704945, 0.00023435669088352472, 0.00046871338176704945, 0.0007030700726505742, 0.004218420435903445, 0.004218420435903445, 0.013123974689477385, 0.018045465198031404, 0.03609093039606281, 0.05179282868525897, 0.07405671431919382, 0.10077337707991563, 0.1497539254745723, 0.11600656198734474, 0.17131474103585656, 0.0796812749003984, 0.05812045933911413, 0.05694867588469651, 0.022732599015701897, 0.010311694398875087, 0.016639325052730254, 0.007733770799156316, 0.0018748535270681978, 0.0018748535270681978, 0.0009374267635340989, 0.0018748535270681978, 0.0, 0.0, 0.0], [0.0, 0.00041186161449752884, 0.0, 0.0, 0.0012355848434925864, 0.0012355848434925864, 0.0008237232289950577, 0.004942339373970346, 0.009884678747940691, 0.01400329489291598, 0.019769357495881382, 0.03130148270181219, 0.047775947281713346, 0.05724876441515651, 0.08031301482701812, 0.10420098846787479, 0.13550247116968697, 0.10255354200988467, 0.13591433278418452, 0.06466227347611203, 0.05313014827018122, 0.04654036243822076, 0.02800658978583196, 0.014415156507413509, 0.01771004942339374, 0.009884678747940691, 0.004530477759472817, 0.006177924217462933, 0.004118616144975288, 0.002471169686985173, 0.0012355848434925864, 0.0, 0.0], [0.00022158209616662973, 0.0, 0.00044316419233325947, 0.00044316419233325947, 0.00044316419233325947, 0.0008863283846665189, 0.0013294925769997785, 0.0035453135386660757, 0.0070906270773321515, 0.012187015289164636, 0.022379791712829604, 0.03944161311766009, 0.0678041214269887, 0.07910480833148682, 0.10658098825614891, 0.12497230223797917, 0.13671615333481055, 0.0930644803899845, 0.12873919787281188, 0.05052071792599158, 0.03434522490582761, 0.04010635940615998, 0.014846000443164193, 0.007755373365832041, 0.013073343673831155, 0.005317970307999114, 0.0035453135386660757, 0.0019942388654996678, 0.0015510746731664082, 0.0015510746731664082, 0.0, 0.0, 0.0], [0.0, 0.0, 0.00017001020061203673, 0.00034002040122407346, 0.0005100306018361102, 0.00034002040122407346, 0.0011900714042842571, 0.002890173410404624, 0.004080244814688882, 0.010030601836110167, 0.018871132267936075, 0.023291397483849032, 0.04301258075484529, 0.05644338660319619, 0.09979598775926556, 0.12274736484189051, 0.14705882352941177, 0.09928595715742945, 0.18446106766405984, 0.061033662019721185, 0.03536212172730364, 0.04080244814688881, 0.015470928255695342, 0.007990479428765726, 0.012240734444066644, 0.004250255015300918, 0.0034002040122407345, 0.0017001020061203672, 0.0005100306018361102, 0.0027201632097925877, 0.0, 0.0, 0.0], [0.0, 0.0, 0.0, 0.009009009009009009, 0.009009009009009009, 0.009009009009009009, 0.0, 0.009009009009009009, 0.009009009009009009, 0.05405405405405406, 0.02702702702702703, 0.04504504504504504, 0.04504504504504504, 0.06306306306306306, 0.05405405405405406, 0.11711711711711711, 0.12612612612612611, 0.08108108108108109, 0.07207207207207207, 0.02702702702702703, 0.08108108108108109, 0.036036036036036036, 0.036036036036036036, 0.0, 0.018018018018018018, 0.02702702702702703, 0.009009009009009009, 0.036036036036036036, 0.0, 0.0, 0.0, 0.0, 0.0], [0.00026065424214779094, 0.00013032712107389547, 0.0, 0.00013032712107389547, 0.00013032712107389547, 0.00013032712107389547, 0.00039098136322168644, 0.0014335983318128503, 0.0032581780268473868, 0.0065163560536947735, 0.010817151049133325, 0.015248273165645771, 0.029844910725922064, 0.04392023980190277, 0.07154958946956862, 0.10139450019549068, 0.16343020982666492, 0.14349016030235892, 0.15704418089404404, 0.08340935748729311, 0.0547373908510361, 0.05564968069855337, 0.022025283461488337, 0.010165515443763847, 0.01329336634953734, 0.005343411964029715, 0.0023458881793301184, 0.0011729440896650592, 0.002736869542551805, 0.0, 0.0, 0.0, 0.0], [0.0, 0.0, 0.0, 0.0001595150741745095, 0.0, 0.0001595150741745095, 0.0014356356675705854, 0.0007975753708725474, 0.001914180890094114, 0.0030307864093156805, 0.007018663263678417, 0.010847025043866646, 0.018184718455894082, 0.025522411867921518, 0.043388100175466585, 0.06651778593077046, 0.12490030307864093, 0.11915776040835858, 0.2030626894241506, 0.10081352687829, 0.07289838889775084, 0.09650661987557824, 0.029829318870633274, 0.016589567714148986, 0.0285531982772372, 0.013558781304833307, 0.006061572818631361, 0.004306907002711757, 0.0020736959642686232, 0.000957090445047057, 0.0017546658159196043, 0.0, 0.0], [0.00033944331296673454, 0.00011314777098891151, 0.0, 0.00022629554197782303, 0.00022629554197782303, 0.0006788866259334691, 0.0009051821679112921, 0.002149807648789319, 0.003847024213622992, 0.006902014030323603, 0.013351436976691559, 0.01719846119031455, 0.02308214528173795, 0.034849513464584744, 0.04876668929622086, 0.07377234668477031, 0.10296447159990949, 0.1109979633401222, 0.21679112921475446, 0.1090744512333107, 0.07037791355510296, 0.08305046390586106, 0.028965829373161348, 0.015048653541525231, 0.021271780945915364, 0.0073546051142792486, 0.00373387644263408, 0.0013577732518669382, 0.002602398732744965, 0.0, 0.0, 0.0, 0.0], [0.0, 0.0, 0.0, 0.001692047377326565, 0.001692047377326565, 0.0, 0.0, 0.005076142131979695, 0.008460236886632826, 0.005076142131979695, 0.01692047377326565, 0.025380710659898477, 0.043993231810490696, 0.08460236886632826, 0.09475465313028765, 0.1353637901861252, 0.16243654822335024, 0.12521150592216582, 0.16412859560067683, 0.06091370558375635, 0.02707275803722504, 0.025380710659898477, 0.00676818950930626, 0.001692047377326565, 0.00338409475465313, 0.0, 0.0, 0.0, 0.0, 0.0, 0.0, 0.0, 0.0], [0.0, 0.0, 0.0, 0.0001957905041605482, 0.0, 0.0001957905041605482, 0.0002936857562408223, 0.000881057268722467, 0.00215369554576603, 0.005580029368575624, 0.008712677435144395, 0.016250611845325502, 0.026040137053352914, 0.03357807146353402, 0.05090553108174253, 0.06284875183553598, 0.09730788056779247, 0.07077826725403819, 0.20097895252080275, 0.1153206069505629, 0.07714145863925599, 0.13029858051884483, 0.03866862457170827, 0.013020068526676457, 0.027998042094958396, 0.008908467939304944, 0.0053842388644150755, 0.002741067058247675, 0.0019579050416054823, 0.001860009789525208, 0.0, 0.0, 0.0], [0.0002144082332761578, 0.0001072041166380789, 0.0001072041166380789, 0.0, 0.0006432246998284735, 0.0006432246998284735, 0.00032161234991423673, 0.001072041166380789, 0.0013936535162950257, 0.006432246998284734, 0.011470840480274443, 0.023906518010291596, 0.04202401372212693, 0.05735420240137221, 0.08479845626072041, 0.10398799313893653, 0.15319468267581476, 0.15769725557461406, 0.18985849056603774, 0.06732418524871354, 0.037950257289879934, 0.032697255574614066, 0.012435677530017153, 0.003966552315608919, 0.005574614065180103, 0.0019296740994854203, 0.002036878216123499, 0.0008576329331046312, 0.0, 0.0, 0.0, 0.0, 0.0], [0.0, 0.00012773023374632777, 0.0, 0.00012773023374632777, 0.00038319070123898327, 0.0007663814024779665, 0.0008941116362242943, 0.0022991442074338994, 0.0033209860774045218, 0.005875590752331077, 0.011623451270915826, 0.020309107165666113, 0.02861157235917742, 0.039213181760122624, 0.06910205645676332, 0.10422787073700344, 0.16081236428662665, 0.12900753608379104, 0.17665091327117127, 0.08775067058372717, 0.05134755396602376, 0.053263507472218675, 0.024651935113041257, 0.010473879167198876, 0.011751181504662154, 0.0029377953761655384, 0.0022991442074338994, 0.002171413973687572, 0.0, 0.0, 0.0, 0.0, 0.0], [0.0, 0.0, 0.0, 0.0, 0.00029533372711163615, 0.0, 0.0008860011813349084, 0.0008860011813349084, 0.0016243354991139988, 0.003396337861783816, 0.00915534554046072, 0.014323685764914353, 0.02598936798582398, 0.04400472533963379, 0.07368576491435322, 0.10572947430596574, 0.15135853514471354, 0.09893679858239811, 0.20067926757235677, 0.07531010041346722, 0.046367395156526874, 0.06010041346721796, 0.02702303603071471, 0.013142350856467809, 0.02141169521559362, 0.009303012404016538, 0.005906674542232723, 0.0032486709982279976, 0.0031010041346721797, 0.002067336089781453, 0.002067336089781453, 0.0, 0.0], [0.0, 0.00036258158085569254, 0.00036258158085569254, 0.0007251631617113851, 0.0025380710659898475, 0.0025380710659898475, 0.005438723712835388, 0.008339376359680928, 0.014503263234227702, 0.02864394488759971, 0.03807106598984772, 0.05402465554749819, 0.06018854242204496, 0.0823060188542422, 0.11385061638868746, 0.1116751269035533, 0.11892675852066716, 0.0772298767222625, 0.14938361131254532, 0.04423495286439449, 0.02102973168963017, 0.032269760696156634, 0.009427121102248005, 0.005076142131979695, 0.010514865844815084, 0.0032632342277012327, 0.0018129079042784628, 0.0010877447425670776, 0.0018129079042784628, 0.00036258158085569254, 0.0, 0.0, 0.0], [0.0, 0.0, 0.0, 0.0019292604501607716, 0.002572347266881029, 0.002572347266881029, 0.0038585209003215433, 0.010932475884244373, 0.010289389067524116, 0.014790996784565916, 0.023794212218649517, 0.0360128617363344, 0.05016077170418006, 0.05659163987138264, 0.08231511254019293, 0.10932475884244373, 0.14533762057877814, 0.10418006430868167, 0.17106109324758842, 0.06109324758842444, 0.028938906752411574, 0.033440514469453377, 0.02122186495176849, 0.005787781350482315, 0.014790996784565916, 0.0045016077170418, 0.0012861736334405145, 0.002572347266881029, 0.0006430868167202572, 0.0, 0.0, 0.0, 0.0], [0.00029590176061547566, 0.0, 0.0, 0.0, 0.0005918035212309513, 0.0007397544015386891, 0.002663115845539281, 0.004882379050155349, 0.006657789613848202, 0.013907382748927355, 0.02529960053262317, 0.038763130640627315, 0.05296641515017014, 0.07264388223109927, 0.12960497114957834, 0.14218079597573605, 0.14869063470927651, 0.0911377422695665, 0.12916111850865514, 0.042757804408936236, 0.027518863737239236, 0.03151353750554816, 0.013463530108004143, 0.006953691374463678, 0.010948365142772599, 0.002663115845539281, 0.0013315579227696406, 0.001035656162154165, 0.00014795088030773783, 0.0011836070424619026, 0.00029590176061547566, 0.0, 0.0], [0.0, 0.0, 0.0, 0.0004362050163576881, 0.00021810250817884405, 0.00021810250817884405, 0.0021810250817884407, 0.0006543075245365322, 0.003925845147219193, 0.009814612868047983, 0.016793893129770993, 0.02202835332606325, 0.034023991275899675, 0.048636859323882224, 0.07088331515812432, 0.1064340239912759, 0.11908396946564885, 0.0990185387131952, 0.16663031624863686, 0.0737186477644493, 0.05343511450381679, 0.0623773173391494, 0.028789531079607415, 0.01504907306434024, 0.03162486368593239, 0.012868047982551799, 0.009378407851690295, 0.004798255179934569, 0.0030534351145038168, 0.0023991275899672847, 0.0015267175572519084, 0.0, 0.0], [0.0, 0.0, 0.0, 0.0, 0.00020296326364927948, 0.0, 0.0008118530545971179, 0.0010148163182463973, 0.0024355591637913536, 0.008727420336919018, 0.015019281510046681, 0.02760300385630201, 0.044043028211893646, 0.06494824436776943, 0.09539273391516136, 0.11792165618023137, 0.1473513294093769, 0.10432311751572965, 0.16541505987416277, 0.06900750964075503, 0.04181043231175157, 0.0454637710574386, 0.016440024355591637, 0.00771260401867262, 0.010554089709762533, 0.0028414856910899127, 0.004059265272985589, 0.002232595900142074, 0.0032474122183884717, 0.0014207428455449563, 0.0, 0.0, 0.0], [0.0001379690949227373, 0.0001379690949227373, 0.0001379690949227373, 0.0, 0.0001379690949227373, 0.0012417218543046358, 0.0012417218543046358, 0.0031732891832229582, 0.004277041942604857, 0.007588300220750552, 0.019729580573951435, 0.02924944812362031, 0.04870309050772627, 0.06167218543046358, 0.08926600441501104, 0.14266004415011038, 0.17866997792494482, 0.12044701986754967, 0.12665562913907286, 0.06650110375275939, 0.03794150110375276, 0.030215231788079472, 0.013934878587196468, 0.0052428256070640175, 0.0052428256070640175, 0.001793598233995585, 0.0009657836644591612, 0.0028973509933774835, 0.0001379690949227373, 0.0, 0.0, 0.0, 0.0], [0.0, 0.0, 0.0, 0.00021088148460565162, 0.00021088148460565162, 0.0008435259384226065, 0.0008435259384226065, 0.0025305778152678194, 0.004428511176718684, 0.006748207507380852, 0.01687051876845213, 0.02488401518346689, 0.04217629692113033, 0.0579924082665542, 0.09236609025727541, 0.12863770560944748, 0.15710670603121046, 0.1155630535638971, 0.14361029101644876, 0.06769295655841417, 0.04259805989034163, 0.04154365246731337, 0.018346689160691692, 0.0063264445381695485, 0.016237874314635175, 0.004850274145929988, 0.003374103753690426, 0.0014761703922395613, 0.0012652889076339097, 0.0006326444538169548, 0.0006326444538169548, 0.0, 0.0], [0.0, 0.0, 0.0, 0.0002588661661920787, 0.0, 0.0010354646647683149, 0.0020709293295366298, 0.0028475278281128655, 0.005695055656225731, 0.005695055656225731, 0.01190784364483562, 0.021227025627750452, 0.03132280610924152, 0.04607817758219001, 0.07714211752523945, 0.10768832513590473, 0.13901113124514625, 0.0996634739839503, 0.18275951333160756, 0.07688325135904737, 0.05125550090603158, 0.06161014755371473, 0.02562775045301579, 0.015273103805332642, 0.019414962464405904, 0.009319181982914834, 0.003106393994304944, 0.0012943308309603934, 0.0010354646647683149, 0.000776598498576236, 0.0, 0.0, 0.0], [0.0, 0.0, 0.0001467782181124321, 0.0, 0.0002935564362248642, 0.00044033465433729633, 0.00044033465433729633, 0.0016145603992367532, 0.0017613386173491853, 0.005137237633935124, 0.009980918831645385, 0.023044180243651843, 0.038749449581682076, 0.06605019815059446, 0.08557170115954792, 0.11434023190958462, 0.14780566563921915, 0.10318508733303977, 0.17011595479230882, 0.06150007338910905, 0.043299574343167474, 0.0488771466314399, 0.024511962424776164, 0.011008366358432409, 0.022457067371202115, 0.0066050198150594455, 0.005871128724497285, 0.0035226772346983706, 0.0014677821811243212, 0.001321003963011889, 0.0008806693086745927, 0.0, 0.0], [0.0, 0.0, 0.00010122482032594392, 0.0, 0.00010122482032594392, 0.00010122482032594392, 0.0003036744609778318, 0.001012248203259439, 0.0021257212268448226, 0.005769814758578804, 0.01032493167324628, 0.020244964065188786, 0.034112764449843104, 0.04575361878732665, 0.06741573033707865, 0.0767284138070655, 0.09515133110638728, 0.06680838141512299, 0.236461180281405, 0.10314809191213685, 0.06792185443870837, 0.08907784188683066, 0.026622127745723253, 0.009920032391942505, 0.02530620508148598, 0.006984512602490131, 0.0031379694301042617, 0.0018220467658669906, 0.0018220467658669906, 0.0017208219455410467, 0.0, 0.0, 0.0], [0.0, 0.0, 0.0, 0.0, 0.0, 0.00012146240738491437, 0.0007287744443094862, 0.0006073120369245718, 0.0021863233329284587, 0.004979958702781489, 0.007895056480019433, 0.017854973885582413, 0.030122677031458763, 0.05222883517551318, 0.08052957609619822, 0.11113810275719664, 0.17199076885703873, 0.12826430219846957, 0.20867241588728289, 0.07166282035709948, 0.03813919591886311, 0.046641564435807116, 0.011296003886797036, 0.004129721851087088, 0.006073120369245719, 0.0012146240738491437, 0.0012146240738491437, 0.0015790112960038867, 0.0007287744443094862, 0.0, 0.0, 0.0, 0.0], [0.0, 0.00392156862745098, 0.0, 0.00392156862745098, 0.00392156862745098, 0.0196078431372549, 0.027450980392156862, 0.0196078431372549, 0.06666666666666667, 0.03529411764705882, 0.054901960784313725, 0.06666666666666667, 0.06666666666666667, 0.11372549019607843, 0.11372549019607843, 0.12549019607843137, 0.09019607843137255, 0.06666666666666667, 0.043137254901960784, 0.01568627450980392, 0.011764705882352941, 0.023529411764705882, 0.011764705882352941, 0.01568627450980392, 0.0, 0.0, 0.0, 0.0, 0.0, 0.0, 0.0, 0.0, 0.0]]}, "ranks": {"labels": ["Unranked", "Combatatent I", "Combatatent II", "Challenger I", "Challenger II", "Rival I", "Rival II", "Duelist", "Elite"], "data": [[0.1157556270096463, 0.14469453376205788, 0.20257234726688103, 0.21864951768488747, 0.15434083601286175, 0.08360128617363344, 0.04823151125401929, 0.01929260450160772, 0.012861736334405145], [0.05030927835051546, 0.07711340206185567, 0.13855670103092785, 0.2222680412371134, 0.23628865979381444, 0.18515463917525773, 0.046597938144329894, 0.03134020618556701, 0.012371134020618556], [0.009929486257015398, 0.018132105338897683, 0.043459490574183336, 0.09267520506547705, 0.1967189523672471, 0.3384659663260901, 0.10519499208519212, 0.13742984602101022, 0.05799395596488703], [0.019743069641649763, 0.03299526707234618, 0.07545638945233266, 0.1376605814739689, 0.27234617985125087, 0.26004056795131847, 0.09749830966869506, 0.08600405679513184, 0.018255578093306288], [0.14035087719298245, 0.12280701754385964, 0.17543859649122806, 0.18421052631578946, 0.09649122807017543, 0.14912280701754385, 0.05263157894736842, 0.07894736842105263, 0.0], [0.010273046769397134, 0.026358475263584754, 0.08083265747499324, 0.16937010002703434, 0.2766964044336307, 0.21951878886185455, 0.08015679913490133, 0.09529602595296026, 0.04149770208164369], [0.06291303198519693, 0.0859106529209622, 0.15358181337562782, 0.23261961406291304, 0.20724292889241344, 0.13428495902722706, 0.04308749669574412, 0.04731694422416072, 0.03304255881575469], [0.2633333333333333, 0.19, 0.19333333333333333, 0.14333333333333334, 0.1, 0.04, 0.03, 0.04, 0.0], [0.039852991845641436, 0.0759159297117262, 0.11668772252210864, 0.15803376593545423, 0.2471574595153325, 0.1604456184678994, 0.07717928103824509, 0.08223268634432065, 0.04249454461927185], [0.00775480059084195, 0.01292466765140325, 0.03323485967503693, 0.10376661742983752, 0.15915805022156573, 0.22710487444608568, 0.12666174298375185, 0.19719350073855244, 0.13220088626292467], [0.041220382992534894, 0.06491398896462187, 0.13209996754300551, 0.2041544952937358, 0.2317429406037001, 0.1794871794871795, 0.062317429406037, 0.06134371957156767, 0.022719896137617657], [0.05167958656330749, 0.11129568106312292, 0.1877076411960133, 0.26688815060908083, 0.2039497969730528, 0.09874492432631968, 0.03894425987449243, 0.031930601698043556, 0.008859357696566999], [0.022779043280182234, 0.054319257052742244, 0.11249342912213071, 0.2207814964079201, 0.2510951463115472, 0.19064306991414054, 0.06676011915191869, 0.05869984229893114, 0.022428596460487123], [0.023089270280281515, 0.047042844795653786, 0.08038029386343994, 0.15063588097295963, 0.24867267563896778, 0.2284232621311273, 0.09544388196073589, 0.0917397209532041, 0.03457216940363008], [0.010311694398875087, 0.03116943988750879, 0.08788375908132177, 0.17483009139910943, 0.26576048746191705, 0.21888914928521208, 0.09022732599015702, 0.0899929692992735, 0.030935083196625263], [0.032537067545304776, 0.051070840197693576, 0.10502471169686985, 0.18451400329489293, 0.23805601317957167, 0.1700988467874794, 0.08360790774299835, 0.08896210873146623, 0.04612850082372323], [0.026589851539995567, 0.061821404830489694, 0.14690892975847553, 0.23155329049412807, 0.22978063372479504, 0.15820961666297365, 0.055395524041657436, 0.06270773321515621, 0.027033015732328827], [0.019551173070384224, 0.04216252975178511, 0.09945596735804148, 0.22254335260115607, 0.2463447806868412, 0.21795307718463108, 0.06290377422645359, 0.06426385583134989, 0.024821489289357363], [0.0990990990990991, 0.07207207207207207, 0.10810810810810811, 0.17117117117117117, 0.2072072072072072, 0.08108108108108109, 0.0990990990990991, 0.07207207207207207, 0.09009009009009009], [0.012381076502020071, 0.026065424214779094, 0.07376515052782484, 0.1729440896650593, 0.30692037012902385, 0.2040922716017203, 0.09109865763065293, 0.08784047960380555, 0.024892480125114035], [0.007497208486201946, 0.017865688307545063, 0.0437071303238156, 0.10990588610623704, 0.24405806348699952, 0.25586217897591323, 0.1209124262242782, 0.1429255064603605, 0.057265911628648906], [0.015388096854491967, 0.03054989816700611, 0.057931658746322695, 0.12253903598099117, 0.21396243494003167, 0.2739307535641548, 0.12231274043901336, 0.12706494682054764, 0.0363204344874406], [0.021996615905245348, 0.04230118443316413, 0.12859560067681894, 0.23011844331641285, 0.2876480541455161, 0.20135363790186125, 0.050761421319796954, 0.0338409475465313, 0.00338409475465313], [0.00930004894762604, 0.024963289280469897, 0.05961820851688693, 0.11375428291727852, 0.16808614782183065, 0.2637298091042584, 0.12971120900636318, 0.18198727361722958, 0.04884973078805678], [0.010934819897084048, 0.03537735849056604, 0.09937821612349915, 0.18878644939965694, 0.3108919382504288, 0.2266295025728988, 0.06850343053173241, 0.04909948542024014, 0.010398799313893654], [0.013794865244603398, 0.03193255843658194, 0.06782475411930004, 0.17332992719376678, 0.28981990037041766, 0.2236556392898199, 0.09209349853110231, 0.08838932175245881, 0.019159535061949163], [0.0070880094506792675, 0.023479031305375073, 0.06999409332545777, 0.17941523922031896, 0.25029533372711166, 0.24187832250443, 0.08047844063792085, 0.10026580035440047, 0.04710572947430597], [0.06345177664974619, 0.09209572153734591, 0.14249456127628715, 0.22552574329224076, 0.19615663524292967, 0.1700507614213198, 0.04459753444525018, 0.046773023930384336, 0.01885424220449601], [0.04694533762057878, 0.05980707395498392, 0.1067524115755627, 0.19163987138263666, 0.24951768488745982, 0.20514469453376205, 0.05594855305466238, 0.06045016077170418, 0.023794212218649517], [0.029738126941855306, 0.06406273117325048, 0.12561029738126941, 0.2717857671253144, 0.23982837697884302, 0.15209350495635449, 0.047344281698476105, 0.05193075898801598, 0.017606154756620803], [0.017448200654307525, 0.03882224645583424, 0.0826608505997819, 0.1773173391494002, 0.21810250817884405, 0.20632497273718647, 0.08745910577971647, 0.10621592148309705, 0.06564885496183206], [0.013192612137203167, 0.04262228536634869, 0.10899127257966308, 0.21331439009539274, 0.25167444692510654, 0.20499289628577227, 0.0712401055408971, 0.06961639943170286, 0.024355591637913537], [0.018073951434878586, 0.048979028697571744, 0.11037527593818984, 0.23192604856512142, 0.29911699779249445, 0.16404525386313465, 0.06705298013245033, 0.04939293598233996, 0.011037527593818985], [0.01581611134542387, 0.04175453395191902, 0.10016870518768452, 0.2210037958667229, 0.27266975959510753, 0.18030366933783215, 0.07359763812737241, 0.06621678616617462, 0.02846900042176297], [0.01760289930106135, 0.033134869272586076, 0.07740098369143153, 0.18483044266114418, 0.23867460522909656, 0.22754336008283718, 0.08335490551384934, 0.10251100181206316, 0.034946932435930625], [0.009834140613532952, 0.03302509907529723, 0.10479964773227653, 0.19991193306913255, 0.2509907529722589, 0.20358138852194335, 0.071334214002642, 0.08439747541464847, 0.04212534859826802], [0.00951513311063873, 0.030569895738435063, 0.07986638323716976, 0.14414414414414414, 0.16195971252151029, 0.2907176839761109, 0.11681344265613929, 0.1256200020244964, 0.0407936025913554], [0.00862383092432892, 0.025750030365601848, 0.08235151220697194, 0.19166767885339486, 0.3002550710555083, 0.2476618486578404, 0.07081258350540508, 0.06206729017369124, 0.01081015425725738], [0.1803921568627451, 0.12156862745098039, 0.1803921568627451, 0.23921568627450981, 0.1568627450980392, 0.047058823529411764, 0.023529411764705882, 0.050980392156862744, 0.0]]}, "ranksDetailed": {"labels": ["Unranked", "Combatatant", "Challenger", "Rival", "Duelist", "Elite"], "data": [[0.1157556270096463, 0.34726688102893893, 0.3729903536977492, 0.13183279742765272, 0.01929260450160772, 0.012861736334405145], [0.05030927835051546, 0.2156701030927835, 0.4585567010309278, 0.23175257731958762, 0.03134020618556701, 0.012371134020618556], [0.009929486257015398, 0.06159159591308102, 0.2893941574327241, 0.4436609584112822, 0.13742984602101022, 0.05799395596488703], [0.019743069641649763, 0.10845165652467884, 0.41000676132521974, 0.3575388776200135, 0.08600405679513184, 0.018255578093306288], [0.14035087719298245, 0.2982456140350877, 0.2807017543859649, 0.20175438596491227, 0.07894736842105263, 0.0], [0.010273046769397134, 0.107191132738578, 0.44606650446066504, 0.29967558799675587, 0.09529602595296026, 0.04149770208164369], [0.06291303198519693, 0.23949246629659002, 0.43986254295532645, 0.1773724557229712, 0.04731694422416072, 0.03304255881575469], [0.2633333333333333, 0.38333333333333336, 0.24333333333333335, 0.07, 0.04, 0.0], [0.039852991845641436, 0.19260365223383485, 0.40519122545078673, 0.2376248995061445, 0.08223268634432065, 0.04249454461927185], [0.00775480059084195, 0.04615952732644018, 0.26292466765140327, 0.3537666174298375, 0.19719350073855244, 0.13220088626292467], [0.041220382992534894, 0.1970139565076274, 0.4358974358974359, 0.24180460889321648, 0.06134371957156767, 0.022719896137617657], [0.05167958656330749, 0.29900332225913623, 0.47083794758213365, 0.1376891842008121, 0.031930601698043556, 0.008859357696566999], [0.022779043280182234, 0.16681268617487297, 0.47187664271946733, 0.25740318906605925, 0.05869984229893114, 0.022428596460487123], [0.023089270280281515, 0.12742313865909372, 0.3993085566119274, 0.3238671440918632, 0.0917397209532041, 0.03457216940363008], [0.010311694398875087, 0.11905319896883056, 0.4405905788610265, 0.3091164752753691, 0.0899929692992735, 0.030935083196625263], [0.032537067545304776, 0.15609555189456342, 0.42257001647446457, 0.25370675453047775, 0.08896210873146623, 0.04612850082372323], [0.026589851539995567, 0.2087303345889652, 0.4613339242189231, 0.21360514070463107, 0.06270773321515621, 0.027033015732328827], [0.019551173070384224, 0.1416184971098266, 0.4688881332879973, 0.2808568514110847, 0.06426385583134989, 0.024821489289357363], [0.0990990990990991, 0.18018018018018017, 0.3783783783783784, 0.18018018018018017, 0.07207207207207207, 0.09009009009009009], [0.012381076502020071, 0.09983057474260394, 0.47986445979408315, 0.2951909292323733, 0.08784047960380555, 0.024892480125114035], [0.007497208486201946, 0.061572818631360667, 0.35396394959323657, 0.3767746052001914, 0.1429255064603605, 0.057265911628648906], [0.015388096854491967, 0.0884815569133288, 0.33650147092102284, 0.39624349400316816, 0.12706494682054764, 0.0363204344874406], [0.021996615905245348, 0.17089678510998307, 0.5177664974619289, 0.2521150592216582, 0.0338409475465313, 0.00338409475465313], [0.00930004894762604, 0.08458149779735682, 0.28184043073910914, 0.39344101811062165, 0.18198727361722958, 0.04884973078805678], [0.010934819897084048, 0.13475557461406518, 0.49967838765008576, 0.29513293310463123, 0.04909948542024014, 0.010398799313893654], [0.013794865244603398, 0.09975731255588198, 0.46314982756418444, 0.31574913782092223, 0.08838932175245881, 0.019159535061949163], [0.0070880094506792675, 0.09347312463083284, 0.4297105729474306, 0.32235676314235084, 0.10026580035440047, 0.04710572947430597], [0.06345177664974619, 0.23459028281363306, 0.42168237853517043, 0.21464829586656997, 0.046773023930384336, 0.01885424220449601], [0.04694533762057878, 0.1665594855305466, 0.44115755627009645, 0.26109324758842445, 0.06045016077170418, 0.023794212218649517], [0.029738126941855306, 0.1896730285545199, 0.5116141441041574, 0.19943778665483058, 0.05193075898801598, 0.017606154756620803], [0.017448200654307525, 0.12148309705561613, 0.39541984732824426, 0.29378407851690297, 0.10621592148309705, 0.06564885496183206], [0.013192612137203167, 0.15161355794601178, 0.4649888370204993, 0.2762330018266694, 0.06961639943170286, 0.024355591637913537], [0.018073951434878586, 0.15935430463576158, 0.5310430463576159, 0.231098233995585, 0.04939293598233996, 0.011037527593818985], [0.01581611134542387, 0.14192323913960353, 0.49367355546183045, 0.25390130746520456, 0.06621678616617462, 0.02846900042176297], [0.01760289930106135, 0.1105358529640176, 0.42350504789024074, 0.31089826559668654, 0.10251100181206316, 0.034946932435930625], [0.009834140613532952, 0.13782474680757376, 0.45090268604139144, 0.27491560252458536, 0.08439747541464847, 0.04212534859826802], [0.00951513311063873, 0.11043627897560482, 0.30610385666565443, 0.4075311266322502, 0.1256200020244964, 0.0407936025913554], [0.00862383092432892, 0.10810154257257379, 0.49192274990890317, 0.3184744321632455, 0.06206729017369124, 0.01081015425725738], [0.1803921568627451, 0.30196078431372547, 0.396078431372549, 0.07058823529411765, 0.050980392156862744, 0.0]]}}}, "eu": {"histType": {"histogram": {"labels": ["0", "100", "200", "300", "400", "500", "600", "700", "800", "900", "1000", "1100", "1200", "1300", "1400", "1500", "1600", "1700", "1800", "1900", "2000", "2100", "2200", "2300", "2400", "2500", "2600", "2700", "2800", "2900", "3000", "3100", "3200"], "data": [[0.0, 0.0, 0.004098360655737705, 0.0, 0.0, 0.00819672131147541, 0.01639344262295082, 0.01639344262295082, 0.040983606557377046, 0.045081967213114756, 0.06557377049180328, 0.06557377049180328, 0.06147540983606557, 0.11885245901639344, 0.14344262295081966, 0.11065573770491803, 0.0942622950819672, 0.0778688524590164, 0.040983606557377046, 0.028688524590163935, 0.012295081967213115, 0.020491803278688523, 0.004098360655737705, 0.004098360655737705, 0.01639344262295082, 0.004098360655737705, 0.0, 0.0, 0.0, 0.0, 0.0, 0.0, 0.0], [0.0, 0.0, 0.00044365572315882877, 0.0013309671694764862, 0.0008873114463176575, 0.003105590062111801, 0.0048802129547471165, 0.00709849157054126, 0.01730257320319432, 0.022182786157941437, 0.03194321206743567, 0.048802129547471165, 0.06388642413487133, 0.07630878438331855, 0.12067435669920142, 0.1126885536823425, 0.1512866015971606, 0.08606921029281278, 0.145075421472937, 0.04259094942324756, 0.02085181898846495, 0.021739130434782608, 0.005767524401064774, 0.0044365572315882874, 0.006654835847382431, 0.0013309671694764862, 0.0008873114463176575, 0.001774622892635315, 0.0, 0.0, 0.0, 0.0, 0.0], [0.0, 0.0, 0.0, 0.00014958863126402394, 0.00014958863126402394, 0.00014958863126402394, 0.00014958863126402394, 0.0013462976813762154, 0.002393418100224383, 0.0035901271503365746, 0.008376963350785341, 0.013462976813762155, 0.01824981301421092, 0.02273747195213164, 0.037397157816005985, 0.05370231862378459, 0.10545998504113688, 0.10605833956619297, 0.2756918474195961, 0.09289454001495887, 0.06731488406881077, 0.08765893792071802, 0.03111443530291698, 0.01525804038893044, 0.03171278982797308, 0.01106955871353777, 0.00568436798803291, 0.0029917726252804786, 0.0017950635751682873, 0.0017950635751682873, 0.0016454749439042632, 0.0, 0.0], [0.0, 0.0, 0.0, 0.00012924906294429367, 0.00012924906294429367, 0.00025849812588858733, 0.0009047434406100556, 0.002714230321830167, 0.0032312265736073415, 0.007625694713713326, 0.014605144112705182, 0.023523329455861445, 0.028822541036577484, 0.037999224505622334, 0.06139330489853949, 0.08026366808840636, 0.1407522295463358, 0.12575933824479774, 0.2199819051311878, 0.08944035155745121, 0.057515833010210675, 0.06268579552798242, 0.016285381930981, 0.007367196587824738, 0.011244668476153548, 0.0036189737624402222, 0.0011632415664986429, 0.00038774718883288094, 0.0011632415664986429, 0.0009047434406100556, 0.00012924906294429367, 0.0, 0.0], [0.0, 0.0, 0.0, 0.0, 0.0, 0.018018018018018018, 0.02702702702702703, 0.04504504504504504, 0.04504504504504504, 0.02702702702702703, 0.07207207207207207, 0.09009009009009009, 0.036036036036036036, 0.02702702702702703, 0.08108108108108109, 0.14414414414414414, 0.06306306306306306, 0.0990990990990991, 0.06306306306306306, 0.05405405405405406, 0.04504504504504504, 0.0, 0.018018018018018018, 0.009009009009009009, 0.02702702702702703, 0.009009009009009009, 0.0, 0.0, 0.0, 0.0, 0.0, 0.0, 0.0], [0.0, 0.00013564839934888768, 0.00013564839934888768, 0.00027129679869777537, 0.00040694519804666303, 0.00013564839934888768, 0.00040694519804666303, 0.0014921323928377645, 0.002984264785675529, 0.00583288117200217, 0.010716223548562127, 0.01749864351600651, 0.026722734671730874