{"region": {"us": {"histType": {"histogram": {"labels": ["0", "100", "200", "300", "400", "500", "600", "700", "800", "900", "1000", "1100", "1200", "1300", "1400", "1500", "1600", "1700", "1800", "1900", "2000", "2100", "2200", "2300", "2400", "2500", "2600", "2700", "2800", "2900", "3000", "3100"], "data": [[0.0, 0.0, 0.003436426116838488, 0.003436426116838488, 0.003436426116838488, 0.010309278350515464, 0.027491408934707903, 0.013745704467353952, 0.03436426116838488, 0.030927835051546393, 0.06872852233676977, 0.08247422680412371, 0.07903780068728522, 0.10652920962199312, 0.10309278350515463, 0.12027491408934708, 0.0859106529209622, 0.06529209621993128, 0.054982817869415807, 0.05154639175257732, 0.013745704467353952, 0.024054982817869417, 0.01718213058419244, 0.0, 0.0, 0.0, 0.0, 0.0, 0.0, 0.0, 0.0, 0.0], [0.0, 0.0008718395815170009, 0.0, 0.00043591979075850045, 0.0008718395815170009, 0.0013077593722755014, 0.006102877070619006, 0.010897994768962511, 0.010462074978204011, 0.021360069747166522, 0.03530950305143853, 0.045771578029642546, 0.06625980819529206, 0.07497820401046207, 0.10636442894507411, 0.12423714036617263, 0.14864864864864866, 0.0919790758500436, 0.14036617262423715, 0.04882301656495205, 0.023103748910200523, 0.018308631211857017, 0.006538796861377506, 0.006102877070619006, 0.003051438535309503, 0.003051438535309503, 0.004359197907585004, 0.00043591979075850045, 0.0, 0.0, 0.0, 0.0], [0.00013886960144424384, 0.0, 0.0, 0.0002777392028884877, 0.0002777392028884877, 0.0002777392028884877, 0.0002777392028884877, 0.0006943480072212193, 0.003749479238994584, 0.004582696847660047, 0.008471045688098875, 0.012498264129981947, 0.019997222607971116, 0.031940008332176084, 0.047493403693931395, 0.0722121927510068, 0.12387168448826552, 0.10623524510484655, 0.2520483266213026, 0.08776558811276211, 0.059297319816692125, 0.07901680322177475, 0.025690876267185112, 0.014025829745868629, 0.029023746701846966, 0.00902652409387585, 0.004860436050548535, 0.004027218441883072, 0.0013886960144424386, 0.0008332176086654631, 0.0, 0.0], [0.0, 0.0, 0.0, 0.0, 0.000127000254000508, 0.000254000508001016, 0.001143002286004572, 0.002413004826009652, 0.006477012954025908, 0.01143002286004572, 0.017018034036068073, 0.02082804165608331, 0.03733807467614935, 0.05359410718821438, 0.07797815595631191, 0.10693421386842773, 0.1619253238506477, 0.11010922021844044, 0.18529337058674117, 0.07378714757429515, 0.04699009398018796, 0.049403098806197615, 0.01600203200406401, 0.007239014478028956, 0.00889001778003556, 0.002413004826009652, 0.001016002032004064, 0.001016002032004064, 0.000254000508001016, 0.000127000254000508, 0.0, 0.0], [0.0, 0.0, 0.0, 0.0, 0.009433962264150943, 0.0, 0.009433962264150943, 0.03773584905660377, 0.02830188679245283, 0.05660377358490566, 0.04716981132075472, 0.07547169811320754, 0.07547169811320754, 0.11320754716981132, 0.05660377358490566, 0.11320754716981132, 0.05660377358490566, 0.03773584905660377, 0.08490566037735849, 0.09433962264150944, 0.03773584905660377, 0.05660377358490566, 0.0, 0.009433962264150943, 0.0, 0.0, 0.0, 0.0, 0.0, 0.0, 0.0, 0.0], [0.0, 0.0, 0.0, 0.0, 0.0, 0.00026246719160104987, 0.0, 0.001837270341207349, 0.0017060367454068241, 0.007349081364829396, 0.011548556430446194, 0.01916010498687664, 0.03398950131233596, 0.05918635170603675, 0.08740157480314961, 0.12244094488188977, 0.15708661417322833, 0.105249343832021, 0.1589238845144357, 0.06902887139107612, 0.04068241469816273, 0.05853018372703412, 0.019553805774278215, 0.01010498687664042, 0.019028871391076115, 0.007480314960629921, 0.003805774278215223, 0.003674540682414698, 0.0014435695538057743, 0.0005249343832020997, 0.0, 0.0], [0.0, 0.0, 0.00027948574622694243, 0.0016769144773616546, 0.0016769144773616546, 0.002794857462269424, 0.005030743432084964, 0.008384572386808273, 0.0184460592509782, 0.02738960313024036, 0.03940749021799888, 0.04667411961989938, 0.07126886528787033, 0.08552263834544438, 0.1126327557294578, 0.12940190050307435, 0.12828395751816657, 0.08356623812185579, 0.09865846841811067, 0.03577417551704863, 0.02850754611514813, 0.024315259921743992, 0.012856344326439352, 0.006987143655673561, 0.012297372833985467, 0.0047512576858580215, 0.007825600894354388, 0.001956400223588597, 0.002515371716042482, 0.0011179429849077697, 0.0, 0.0], [0.0034965034965034965, 0.0, 0.0034965034965034965, 0.01048951048951049, 0.013986013986013986, 0.013986013986013986, 0.017482517482517484, 0.04895104895104895, 0.05244755244755245, 0.10839160839160839, 0.09090909090909091, 0.0979020979020979, 0.0979020979020979, 0.1048951048951049, 0.07342657342657342, 0.06643356643356643, 0.06643356643356643, 0.03146853146853147, 0.017482517482517484, 0.038461538461538464, 0.013986013986013986, 0.027972027972027972, 0.0, 0.0, 0.0, 0.0, 0.0, 0.0, 0.0, 0.0, 0.0, 0.0], [0.0004195510803440319, 0.00031466331025802394, 0.0005244388504300399, 0.0006293266205160479, 0.0005244388504300399, 0.0018879798615481435, 0.0016782043213761275, 0.005349276274386407, 0.010069225928256766, 0.020977554017201593, 0.03587161736941473, 0.05202433396265995, 0.06660373400461506, 0.07656807216278581, 0.09838472834067548, 0.11904761904761904, 0.1341514579400042, 0.08286133836794629, 0.09943360604153556, 0.054961191525068176, 0.03765470946087686, 0.03870358716173694, 0.01667715544367527, 0.0118523180197189, 0.018565135305223412, 0.007342143906020558, 0.003775959723096287, 0.003041745332494231, 0.00010488777008600797, 0.0, 0.0, 0.0], [0.0, 0.0, 0.0, 0.0, 0.0, 0.0004051863857374392, 0.0004051863857374392, 0.0004051863857374392, 0.0004051863857374392, 0.006077795786061589, 0.007293354943273906, 0.007293354943273906, 0.011750405186385737, 0.02471636952998379, 0.04294975688816856, 0.06361426256077796, 0.08711507293354943, 0.08549432739059967, 0.17828200972447325, 0.08833063209076175, 0.08711507293354943, 0.11345218800648298, 0.0547001620745543, 0.023500810372771474, 0.06280388978930308, 0.02106969205834684, 0.011750405186385737, 0.012560777957860616, 0.005672609400324149, 0.0028363047001620746, 0.0, 0.0], [0.0, 0.0, 0.0006657789613848203, 0.0, 0.0019973368841544607, 0.0009986684420772304, 0.0039946737683089215, 0.0036617842876165113, 0.011984021304926764, 0.018641810918774968, 0.03062583222370173, 0.03761651131824234, 0.06158455392809587, 0.07490013315579228, 0.09454061251664447, 0.11418109187749667, 0.14447403462050598, 0.09454061251664447, 0.14414114513981358, 0.04960053262316911, 0.036284953395472705, 0.03561917443408788, 0.012649800266311585, 0.008988015978695073, 0.008655126498002663, 0.0036617842876165113, 0.0039946737683089215, 0.0019973368841544607, 0.0, 0.0, 0.0, 0.0], [0.0, 0.00018835938971557733, 0.000565078169146732, 0.000565078169146732, 0.0009417969485778867, 0.0020719532868713505, 0.00489734413260501, 0.008664531926916557, 0.015068751177246186, 0.024298361273309473, 0.05217555095121492, 0.0664908645695988, 0.09041250706347712, 0.0988886796006781, 0.13561876059521566, 0.1335468073083443, 0.12337540026370314, 0.07251836504049727, 0.07553211527594651, 0.036353362215106426, 0.02109625164814466, 0.01619890751553965, 0.007346016198907516, 0.005085703522320587, 0.004143906573742701, 0.002448672066302505, 0.001130156338293464, 0.00037671877943115466, 0.0, 0.0, 0.0, 0.0], [0.0, 0.0, 0.0, 0.0, 0.0003527959075674722, 0.0007055918151349444, 0.002822367260539778, 0.003351561121890986, 0.007937907920268125, 0.010231081319456695, 0.025224907391074265, 0.038101958017286996, 0.05309578408890457, 0.07002998765214323, 0.10883753748456518, 0.11254189451402363, 0.14376433233374492, 0.10548597636267419, 0.1504674545775269, 0.057682130887281705, 0.034044805080261066, 0.03316281531134239, 0.013229846533780208, 0.009349091550538013, 0.01181866290351032, 0.0038807549832421944, 0.0021167754454048332, 0.001411183630269889, 0.0003527959075674722, 0.0, 0.0, 0.0], [0.00023860653781913624, 0.0, 0.0, 0.00011930326890956812, 0.00023860653781913624, 0.0004772130756382725, 0.0015509424958243855, 0.0023860653781913625, 0.00513004056311143, 0.015032211882605583, 0.022429014554998808, 0.02922930088284419, 0.03925077547124791, 0.05523741350513004, 0.08112622285850632, 0.11071343354807922, 0.14769744691004533, 0.10641851586733476, 0.1579575280362682, 0.0740873299928418, 0.048437127177284656, 0.049272250059651634, 0.01777618706752565, 0.008709138630398473, 0.013123359580052493, 0.00441422094965402, 0.0022667621092817944, 0.003698401336196612, 0.0020281555714626582, 0.000954426151276545, 0.0, 0.0], [0.0, 0.0, 0.00024260067928190198, 0.0, 0.00048520135856380397, 0.00048520135856380397, 0.000727802037845706, 0.001455604075691412, 0.0038816108685104317, 0.0038816108685104317, 0.012857836001940806, 0.018195050946142648, 0.036875303250849104, 0.05264434740417273, 0.07738961669092674, 0.10747210092188259, 0.15696263949539058, 0.11402231926249394, 0.16690926734594858, 0.08393983503153808, 0.05070354196991752, 0.05167394468704512, 0.021591460456089277, 0.011887433284813197, 0.013585638039786511, 0.006792819019893256, 0.001455604075691412, 0.0012130033964095099, 0.0019408054342552159, 0.000727802037845706, 0.0, 0.0], [0.0, 0.0, 0.0, 0.0, 0.0013026487190620929, 0.0008684324793747286, 0.0008684324793747286, 0.006513243595310464, 0.011289622231871473, 0.013894919669995658, 0.02040816326530612, 0.03300043421623969, 0.0486322188449848, 0.060790273556231005, 0.08423795049934868, 0.11115935735996527, 0.13417281806339557, 0.1046461137646548, 0.1276595744680851, 0.060790273556231005, 0.0486322188449848, 0.04559270516717325, 0.028658271819366043, 0.014329135909683021, 0.0182370820668693, 0.00911854103343465, 0.005210594876248371, 0.0026052974381241857, 0.005210594876248371, 0.0021710811984368217, 0.0, 0.0], [0.00022977941176470588, 0.0, 0.00045955882352941176, 0.0006893382352941177, 0.0006893382352941177, 0.0009191176470588235, 0.002297794117647059, 0.00390625, 0.008042279411764705, 0.013786764705882353, 0.023207720588235295, 0.04181985294117647, 0.06824448529411764, 0.08088235294117647, 0.11029411764705882, 0.12706801470588236, 0.13419117647058823, 0.09558823529411764, 0.12385110294117647, 0.05124080882352941, 0.03010110294117647, 0.03745404411764706, 0.015395220588235295, 0.0057444852941176475, 0.012178308823529412, 0.004136029411764706, 0.0029871323529411763, 0.002527573529411765, 0.001838235294117647, 0.00022977941176470588, 0.0, 0.0], [0.0, 0.0, 0.00017304031839418584, 0.0003460806367883717, 0.0005191209551825575, 0.0003460806367883717, 0.001211282228759301, 0.003460806367883717, 0.004326007959854646, 0.011766741650804638, 0.023014362346426717, 0.027340370306281364, 0.05173905519986157, 0.0659283613081848, 0.10053642498702198, 0.12631943242775567, 0.14743035127184634, 0.09551825575359059, 0.17165599584703237, 0.055545942204533655, 0.033050700813289494, 0.03564630558920229, 0.015919709292265098, 0.0060564111437965045, 0.01124762069562208, 0.004326007959854646, 0.00207648382073023, 0.002249524139124416, 0.0013843225471534867, 0.0008652015919709292, 0.0, 0.0], [0.0, 0.0, 0.0, 0.010638297872340425, 0.010638297872340425, 0.010638297872340425, 0.0, 0.010638297872340425, 0.02127659574468085, 0.06382978723404255, 0.02127659574468085, 0.05319148936170213, 0.0425531914893617, 0.0425531914893617, 0.07446808510638298, 0.11702127659574468, 0.11702127659574468, 0.07446808510638298, 0.06382978723404255, 0.02127659574468085, 0.07446808510638298, 0.031914893617021274, 0.02127659574468085, 0.0425531914893617, 0.07446808510638298, 0.0, 0.0, 0.0, 0.0, 0.0, 0.0, 0.0], [0.0002453084754078253, 0.00012265423770391266, 0.0, 0.00012265423770391266, 0.0002453084754078253, 0.0002453084754078253, 0.000367962713111738, 0.0015945050901508646, 0.003189010180301729, 0.006745983073715197, 0.012265423770391267, 0.01790751870477125, 0.0338525696062799, 0.050778854409419844, 0.087084508769778, 0.13307984790874525, 0.16852692260517602, 0.12792836992518092, 0.13774070894149393, 0.0735925426223476, 0.04697657304059855, 0.04918434931926898, 0.0183981356555869, 0.008831105114681713, 0.011774806819575616, 0.00367962713111738, 0.003924935606525205, 0.0015945050901508646, 0.0, 0.0, 0.0, 0.0], [0.0, 0.0, 0.0, 0.00016095284081764043, 0.0, 0.00032190568163528087, 0.0014485755673587638, 0.0008047642040882022, 0.0020923869306293257, 0.003380009657170449, 0.008530500563334943, 0.011910510220505393, 0.020280057943022695, 0.03009818123289876, 0.05118300338000966, 0.08112023177209078, 0.1274746499275712, 0.12007081924995976, 0.19330436182198615, 0.09946885562530179, 0.0688878158699501, 0.0856269113149847, 0.02977627555126348, 0.01545147271849348, 0.023821020441010785, 0.01158860453887011, 0.005633349428617415, 0.004667632383711573, 0.0017704812489940447, 0.0011266698857234831, 0.0, 0.0], [0.00031840373593716834, 0.00010613457864572278, 0.0, 0.00021226915729144556, 0.00021226915729144556, 0.0007429420505200594, 0.0008490766291657822, 0.002441095308851624, 0.003714710252600297, 0.007535555083846317, 0.014646571853109743, 0.019741031628104436, 0.024941625981744854, 0.03937592867756315, 0.056781999575461685, 0.08830396943324136, 0.12449586075143282, 0.12980258968371897, 0.18753980046699215, 0.09902356187645935, 0.06049670982806198, 0.06930587985565698, 0.026958182976013587, 0.013054553173423902, 0.018149012948418596, 0.005306728932286139, 0.0029717682020802376, 0.0029717682020802376, 0.0, 0.0, 0.0, 0.0], [0.0, 0.0, 0.0, 0.0017825311942959, 0.0017825311942959, 0.0, 0.0, 0.0053475935828877, 0.008912655971479501, 0.0053475935828877, 0.016042780748663103, 0.026737967914438502, 0.04634581105169341, 0.09269162210338681, 0.0962566844919786, 0.1443850267379679, 0.1711229946524064, 0.12121212121212122, 0.15508021390374332, 0.053475935828877004, 0.023172905525846704, 0.017825311942959002, 0.0071301247771836, 0.0017825311942959, 0.0035650623885918, 0.0, 0.0, 0.0, 0.0, 0.0, 0.0, 0.0], [0.0, 0.0, 0.0, 0.00026588673225206064, 0.0, 0.00017725782150137374, 0.00026588673225206064, 0.0007976601967561818, 0.002127093858016485, 0.0058495081095453335, 0.008862891075068687, 0.016573606310378446, 0.028538509261721173, 0.03545156430027475, 0.05592484268368342, 0.0722325622618098, 0.11663564654790393, 0.09270584064521847, 0.2187361517326952, 0.097934946379509, 0.0668261987060179, 0.10015066914827617, 0.031906407870247275, 0.011964902951342728, 0.020473278383408667, 0.007001683949304263, 0.0033678986085261013, 0.0030133829655233538, 0.0022157227687671717, 0.0, 0.0, 0.0], [0.00018176860856130146, 9.088430428065073e-05, 9.088430428065073e-05, 0.0002726529128419522, 0.0005453058256839044, 0.0005453058256839044, 0.0005453058256839044, 0.0012723802599291102, 0.0016359174770517132, 0.006634554212487503, 0.011724075252203944, 0.02517495228574025, 0.046441879487412525, 0.06734526947196219, 0.10142688357720622, 0.14623284558756702, 0.19303826229210216, 0.12623829864582387, 0.1451422339361992, 0.05334908661274198, 0.02999182041261474, 0.023084613287285286, 0.009088430428065073, 0.0038171407797873307, 0.0029082977369808234, 0.001363264564209761, 0.0017268017813323639, 9.088430428065073e-05, 0.0, 0.0, 0.0, 0.0], [0.0, 0.00012498437695288088, 0.0, 0.00012498437695288088, 0.00024996875390576176, 0.0008748906386701663, 0.000999875015623047, 0.0022497187851518562, 0.0036245469316335457, 0.006124234470691163, 0.01274840644919385, 0.022122234720659918, 0.03424571928508936, 0.0477440319960005, 0.07811523559555056, 0.1274840644919385, 0.1667291588551431, 0.1197350331208599, 0.15985501812273467, 0.07949006374203224, 0.045369328833895765, 0.045369328833895765, 0.021497312835895514, 0.00974878140232471, 0.00974878140232471, 0.002374703162104737, 0.002499687539057618, 0.0007499062617172854, 0.0, 0.0, 0.0, 0.0], [0.0, 0.0, 0.0, 0.0, 0.00029846291598268916, 0.0, 0.0008953887479480674, 0.0008953887479480674, 0.0016415460379047902, 0.0037307864497836143, 0.010147739143411431, 0.016116997463065216, 0.027906282644381435, 0.04760483509923892, 0.08342038501716162, 0.11654976869124012, 0.15340993881510223, 0.09849276227428742, 0.18907625727503358, 0.0686464706760185, 0.04566482614535144, 0.05387255633487539, 0.026264736606476644, 0.012236979555290255, 0.019997015370840174, 0.008207730189523952, 0.0062677212356364725, 0.004029249365766304, 0.004029249365766304, 0.0005969258319653783, 0.0, 0.0], [0.0003862495171881035, 0.0003862495171881035, 0.0003862495171881035, 0.000772499034376207, 0.002317497103128621, 0.0034762456546929316, 0.004634994206257242, 0.008883738895326381, 0.015836230204712243, 0.03167246040942449, 0.03862495171881035, 0.05793742757821553, 0.061027423715720355, 0.08729239088451139, 0.11741985322518347, 0.11278485901892622, 0.12359984550019312, 0.07493240633449208, 0.1332560834298957, 0.039397450753186555, 0.02742371572035535, 0.027809965237543453, 0.008883738895326381, 0.004248744689069139, 0.008111239860950173, 0.005407493240633449, 0.002317497103128621, 0.000772499034376207, 0.0, 0.0, 0.0, 0.0], [0.0, 0.0, 0.0, 0.002031144211238998, 0.002708192281651997, 0.002708192281651997, 0.004062288422477996, 0.010832769126607989, 0.011509817197020988, 0.012863913337846988, 0.025727826675693975, 0.03656059580230196, 0.04942450914014895, 0.055517941773865945, 0.08869329722410291, 0.11306702775897089, 0.14082599864590387, 0.11103588354773189, 0.16587677725118483, 0.056194989844278946, 0.034529451591062965, 0.027758970886932972, 0.020311442112389978, 0.007447528774542992, 0.010832769126607989, 0.004739336492890996, 0.0013540961408259986, 0.003385240352064997, 0.0, 0.0, 0.0, 0.0], [0.00029792939073439596, 0.0, 0.0, 0.0, 0.0005958587814687919, 0.0008937881722031879, 0.0032772232980783555, 0.005362729033219127, 0.007895128854461492, 0.01549232831818859, 0.029792939073439596, 0.044689408610159395, 0.060926560405183974, 0.0884850290481156, 0.13257857887680619, 0.1409206018173693, 0.1406226724266349, 0.08893192313421719, 0.11380902726053925, 0.03828392670936988, 0.026068821689259645, 0.028452256815134813, 0.011917175629375838, 0.005362729033219127, 0.009235811112766274, 0.0029792939073439596, 0.0011917175629375838, 0.0008937881722031879, 0.00014896469536719798, 0.0008937881722031879, 0.0, 0.0], [0.0, 0.0, 0.0, 0.00046609182008855747, 0.00046609182008855747, 0.00023304591004427873, 0.0023304591004427873, 0.0013982754602656724, 0.004427872290841296, 0.009554882311815428, 0.017478443253320906, 0.02167326963411792, 0.0372873456070846, 0.052435329759962714, 0.07573992076439058, 0.10673502680027966, 0.12421347005360056, 0.1062689349801911, 0.15917035656024237, 0.06944768119319505, 0.052435329759962714, 0.05663015614075973, 0.026101141924959218, 0.01631321370309951, 0.027965509205313446, 0.012584479142391051, 0.008156606851549755, 0.004427872290841296, 0.003495688650664181, 0.002563505010487066, 0.0, 0.0], [0.0, 0.0, 0.0, 0.0, 0.00020999580008399833, 0.0, 0.0010499790004199917, 0.0010499790004199917, 0.0029399412011759767, 0.010499790004199917, 0.01637967240655187, 0.028559428811423773, 0.04619907601847963, 0.06656866862662747, 0.09911801763964721, 0.11990760184796304, 0.1497270054598908, 0.10184796304073919, 0.15770684586308273, 0.06635867282654347, 0.045149097018059636, 0.04325913481730365, 0.01637967240655187, 0.00629987400251995, 0.007979840403191937, 0.0018899622007559848, 0.006719865602687947, 0.00251994960100798, 0.0014699706005879883, 0.00020999580008399833, 0.0, 0.0], [0.00013313806417254693, 0.00013313806417254693, 0.00013313806417254693, 0.00026627612834509385, 0.0005325522566901877, 0.0011982425775529223, 0.0013313806417254693, 0.0031953135401411262, 0.00519238450272933, 0.009053388363733192, 0.023032885101850618, 0.03434962055651711, 0.05671681533750499, 0.0780189056051125, 0.11436559712421782, 0.1440553854346958, 0.16149647184129942, 0.1129010784183198, 0.11196911196911197, 0.05684995340167754, 0.03474903474903475, 0.023565437358540806, 0.012248701903874318, 0.005059246438556784, 0.005325522566901877, 0.0013313806417254693, 0.0023964851551058447, 0.0003994141925176408, 0.0, 0.0, 0.0, 0.0], [0.0, 0.0, 0.0, 0.00022251891410769915, 0.00022251891410769915, 0.0011125945705384957, 0.0013351134846461949, 0.002892745883400089, 0.0053404539385847796, 0.008455718736092568, 0.017801513128615932, 0.024922118380062305, 0.04361370716510903, 0.06119270137961727, 0.09724076546506454, 0.130173564753004, 0.1579884290164664, 0.12127280818869604, 0.13351134846461948, 0.060970182465509566, 0.043391188251001335, 0.03871829105473965, 0.018024032042723633, 0.007120605251446373, 0.013573653760569649, 0.0033377837116154874, 0.0026702269692923898, 0.002892745883400089, 0.0017801513128615932, 0.00022251891410769915, 0.0, 0.0], [0.0, 0.0, 0.0, 0.00026441036488630354, 0.0, 0.0010576414595452142, 0.0021152829190904283, 0.0026441036488630354, 0.005817028027498678, 0.005817028027498678, 0.012162876784769964, 0.021946060285563194, 0.03278688524590164, 0.046800634584875725, 0.08117398202009518, 0.10814383923849814, 0.13881544156530937, 0.1047065044949762, 0.1774193548387097, 0.07720782654680064, 0.046800634584875725, 0.06266525647805395, 0.024061343204653623, 0.014013749338974087, 0.018244315177154944, 0.010047593865679535, 0.002908514013749339, 0.0013220518244315177, 0.0007932310946589106, 0.00026441036488630354, 0.0, 0.0], [0.0, 0.0, 0.0002909090909090909, 0.0, 0.0002909090909090909, 0.00043636363636363637, 0.0005818181818181818, 0.0018909090909090909, 0.0018909090909090909, 0.005527272727272727, 0.011927272727272727, 0.02618181818181818, 0.044218181818181816, 0.0736, 0.10865454545454545, 0.11738181818181818, 0.14472727272727273, 0.09978181818181818, 0.15345454545454545, 0.05614545454545455, 0.039127272727272726, 0.04189090909090909, 0.023563636363636363, 0.010763636363636364, 0.020363636363636365, 0.005963636363636364, 0.005236363636363636, 0.0033454545454545456, 0.002618181818181818, 0.00014545454545454546, 0.0, 0.0], [0.0, 0.0, 9.196247930844215e-05, 0.0, 9.196247930844215e-05, 0.0001839249586168843, 0.0003678499172337686, 0.001195512231009748, 0.0021151370240941694, 0.005793636196431856, 0.0111274599963215, 0.02078352032370793, 0.03623321684752621, 0.0510391760161854, 0.0750413831156888, 0.09279014162221813, 0.12240205995953651, 0.09839985286003311, 0.213812764392128, 0.08598491815339342, 0.05333823799889645, 0.06887989700202317, 0.021059407761633255, 0.009196247930844215, 0.01710502115137024, 0.005793636196431856, 0.0030347618171785913, 0.002391024462019496, 0.0015633621482435166, 0.0001839249586168843, 0.0, 0.0], [0.0, 0.0, 0.0, 0.0, 0.0, 0.0001192321449862883, 0.0007153928699177298, 0.0005961607249314415, 0.0022654107547394778, 0.005246214379396685, 0.008227018004053894, 0.018838678907833552, 0.032908072016215574, 0.05699296530344581, 0.0887087158697985, 0.12960534160009538, 0.17360200310003576, 0.12507452009061643, 0.19220221771789675, 0.06533921545248599, 0.03445808990103732, 0.04149278645522833, 0.010611660903779659, 0.003576964349588649, 0.005007750089424109, 0.0010730893048765948, 0.0013115535948491712, 0.0017884821747943245, 0.0002384642899725766, 0.0, 0.0, 0.0], [0.0, 0.0040650406504065045, 0.0, 0.0040650406504065045, 0.0040650406504065045, 0.02032520325203252, 0.028455284552845527, 0.02032520325203252, 0.06910569105691057, 0.04065040650406504, 0.036585365853658534, 0.08536585365853659, 0.06910569105691057, 0.11788617886178862, 0.0975609756097561, 0.12195121951219512, 0.09349593495934959, 0.06097560975609756, 0.04878048780487805, 0.024390243902439025, 0.016260162601626018, 0.012195121951219513, 0.008130081300813009, 0.016260162601626018, 0.0, 0.0, 0.0, 0.0, 0.0, 0.0, 0.0, 0.0]]}, "ranks": {"labels": ["Unranked", "Combatatent I", "Combatatent II", "Challenger I", "Challenger II", "Rival I", "Rival II", "Duelist", "Elite"], "data": [[0.12714776632302405, 0.15120274914089346, 0.18556701030927836, 0.22336769759450173, 0.15120274914089346, 0.09621993127147767, 0.024054982817869417, 0.041237113402061855, 0.0], [0.05231037489102005, 0.08108108108108109, 0.14123801220575413, 0.23060156931124673, 0.24062772449869224, 0.16957279860505667, 0.042720139494333044, 0.03095030514385353, 0.010897994768962511], [0.010276350506874045, 0.020969309818080824, 0.051937230940147204, 0.11970559644493821, 0.23010692959311208, 0.2996805999166782, 0.0994306346340786, 0.11873350923482849, 0.04915983891126233], [0.021844043688087376, 0.037846075692151385, 0.09093218186436373, 0.18491236982473966, 0.2720345440690881, 0.22301244602489204, 0.08305816611633224, 0.07264414528829058, 0.013716027432054865], [0.14150943396226415, 0.12264150943396226, 0.18867924528301888, 0.16981132075471697, 0.09433962264150944, 0.16037735849056603, 0.05660377358490566, 0.0660377358490566, 0.0], [0.01115485564304462, 0.030708661417322834, 0.09317585301837271, 0.20984251968503936, 0.26233595800524934, 0.19619422572178477, 0.07244094488188976, 0.08818897637795275, 0.03595800524934383], [0.06567915036333147, 0.08608160983789827, 0.1567915036333147, 0.24203465623253215, 0.21185019564002236, 0.11850195640022358, 0.04443823365008385, 0.044158747903856904, 0.030463946338736725], [0.2727272727272727, 0.1888111888111888, 0.20279720279720279, 0.13986013986013987, 0.0979020979020979, 0.03496503496503497, 0.03496503496503497, 0.027972027972027972, 0.0], [0.04237465911474722, 0.08789595133207467, 0.14317180616740088, 0.21743234738829453, 0.2170127963079505, 0.12848751835535976, 0.06356198867212083, 0.06723306062513111, 0.0328298720369205], [0.007698541329011345, 0.014586709886547812, 0.03646677471636953, 0.10656401944894651, 0.17260940032414912, 0.22082658022690438, 0.13290113452188007, 0.19165316045380876, 0.1166936790923825], [0.041944074567243674, 0.06824234354194407, 0.13648468708388814, 0.20872170439414114, 0.23901464713715045, 0.1707723035952064, 0.059254327563249, 0.05725699067909454, 0.018308921438082555], [0.05726125447353551, 0.11866641552081371, 0.1893011866641552, 0.26916556790356, 0.1958937653042004, 0.09417969485778865, 0.03880203428140893, 0.028630627236767753, 0.008099453757769826], [0.025401305344858, 0.06332686540836126, 0.1231257717410478, 0.2213794319985888, 0.24925030869641912, 0.17869112718292468, 0.063503263362145, 0.05574175339566061, 0.019580172869994708], [0.025172989739918872, 0.051658315437842994, 0.09448818897637795, 0.19183965640658554, 0.2541159627773801, 0.19792412312097352, 0.08255786208542114, 0.07575757575757576, 0.026485325697924122], [0.011159631246967491, 0.031052886948083454, 0.08951965065502183, 0.1848617176128093, 0.27098495875788453, 0.21154779233381854, 0.09000485201358564, 0.0851528384279476, 0.025715672003881612], [0.03473729917498915, 0.05340859748154581, 0.1094224924012158, 0.19539730785931395, 0.23881893182805036, 0.1593573599652627, 0.07772470690403821, 0.08858011289622232, 0.0425531914893617], [0.031020220588235295, 0.06502757352941177, 0.14912683823529413, 0.23736213235294118, 0.22977941176470587, 0.15395220588235295, 0.05124080882352941, 0.05859375, 0.02389705882352941], [0.022149160754455787, 0.05035473265270808, 0.11766741650804638, 0.22685585741477765, 0.2429486070254369, 0.20349541443156255, 0.05675722443329296, 0.057622426025263886, 0.022149160754455787], [0.1276595744680851, 0.07446808510638298, 0.0851063829787234, 0.19148936170212766, 0.19148936170212766, 0.06382978723404255, 0.09574468085106383, 0.09574468085106383, 0.07446808510638298], [0.01287869495891083, 0.030172942475162518, 0.08463142401569974, 0.22016435667852324, 0.2964552925303569, 0.17833926162148903, 0.07997056298295106, 0.07641359008953759, 0.020973874647369068], [0.008208594881699663, 0.020441010783840335, 0.050378239175921456, 0.13230323515210043, 0.24754546917753098, 0.24545308224690165, 0.1162079510703364, 0.13085465958474168, 0.04860775792692741], [0.016132455954149864, 0.03438760348121418, 0.064317554659308, 0.14508596900870305, 0.25429845043515176, 0.24050095521120782, 0.10655911696030566, 0.10931861600509446, 0.02939927828486521], [0.023172905525846704, 0.0427807486631016, 0.13903743315508021, 0.24064171122994651, 0.29233511586452765, 0.19429590017825313, 0.0374331550802139, 0.026737967914438502, 0.0035650623885918], [0.009483293450323496, 0.02543649738544713, 0.06399007356199592, 0.12815740494549321, 0.2093414871931224, 0.2687228573960826, 0.1147744394221395, 0.14402197996986618, 0.03607196667552956], [0.011814959556484594, 0.0368990275379442, 0.11378714895937471, 0.24765972916477325, 0.319276560937926, 0.174861401435972, 0.05362173952558393, 0.03599018449513769, 0.006089248386803599], [0.014373203349581302, 0.03487064116985377, 0.08198975128108986, 0.20559930008748906, 0.286464191976003, 0.20384951881014873, 0.08086489188851394, 0.07661542307211598, 0.01537307836520435], [0.0074615728995672285, 0.026264736606476644, 0.07551111774362035, 0.19997015370840174, 0.25190270108938967, 0.22608565885688703, 0.07730189523951649, 0.09237427249664229, 0.043127891359498585], [0.06875241405948243, 0.09656237929702588, 0.14831981460023175, 0.23020471224410968, 0.1985322518346852, 0.1541135573580533, 0.04596369254538432, 0.040942448821938975, 0.01660872923908845], [0.046716316858496955, 0.06228842247799594, 0.1049424509140149, 0.2017603249830738, 0.25186188219363576, 0.1976980365605958, 0.05890318212593094, 0.055517941773865945, 0.020311442112389978], [0.03381498584835394, 0.07448234768359899, 0.14941158945329958, 0.2734991806941755, 0.2295545955608521, 0.133174437658275, 0.04498733800089379, 0.04573216147772978, 0.015343363622821392], [0.018876718713586576, 0.03915171288743882, 0.08972267536704731, 0.18247494756467025, 0.23048240503379167, 0.19762293171754836, 0.08343043579585178, 0.09904451176881846, 0.059193661151246794], [0.015749685006299873, 0.04493910121797564, 0.1127677446451071, 0.21902561948761023, 0.25157496850063, 0.19592608147837043, 0.07328853422931542, 0.06593868122637547, 0.020789584208315833], [0.02116895220343496, 0.05738250565836773, 0.1347357209426175, 0.2584209825589136, 0.2743975502596192, 0.14512048994807616, 0.058447610171748106, 0.04087338570097191, 0.009452802556250832], [0.019581664441477527, 0.042723631508678236, 0.1048064085447263, 0.22741433021806853, 0.27926123720516244, 0.16688918558077437, 0.07098353360035603, 0.06386292834890965, 0.024477080551846907], [0.017715494447382338, 0.034108937070333155, 0.07958751983077737, 0.18931782125859334, 0.24352194606028557, 0.22025383395029086, 0.08117398202009518, 0.10074034902168165, 0.03358011634056055], [0.01090909090909091, 0.03810909090909091, 0.11781818181818182, 0.22603636363636365, 0.2445090909090909, 0.1834181818181818, 0.06530909090909091, 0.07621818181818182, 0.037672727272727274], [0.00983998528600331, 0.031910980320029425, 0.0872723928637116, 0.16783152473790694, 0.22080191281956962, 0.2577708295015634, 0.09536509104285451, 0.09913555269450064, 0.030071730733860585], [0.008942410873971622, 0.027065696911887444, 0.08990103731966138, 0.21831405746989388, 0.2986765231906522, 0.22868725408370097, 0.06331226898771909, 0.05568141170859664, 0.009419339453916776], [0.1910569105691057, 0.12195121951219512, 0.18699186991869918, 0.21951219512195122, 0.15447154471544716, 0.056910569105691054, 0.032520325203252036, 0.036585365853658534, 0.0]]}, "ranksDetailed": {"labels": ["Unranked", "Combatatant", "Challenger", "Rival", "Duelist", "Elite"], "data": [[0.12714776632302405, 0.33676975945017185, 0.3745704467353952, 0.12027491408934708, 0.041237113402061855, 0.0], [0.05231037489102005, 0.22231909328683522, 0.471229293809939, 0.2122929380993897, 0.03095030514385353, 0.010897994768962511], [0.010276350506874045, 0.07290654075822803, 0.3498125260380503, 0.39911123455075687, 0.11873350923482849, 0.04915983891126233], [0.021844043688087376, 0.12877825755651512, 0.4569469138938278, 0.3060706121412243, 0.07264414528829058, 0.013716027432054865], [0.14150943396226415, 0.3113207547169811, 0.2641509433962264, 0.2169811320754717, 0.0660377358490566, 0.0], [0.01115485564304462, 0.12388451443569554, 0.4721784776902887, 0.26863517060367453, 0.08818897637795275, 0.03595800524934383], [0.06567915036333147, 0.24287311347121296, 0.4538848518725545, 0.16294019005030744, 0.044158747903856904, 0.030463946338736725], [0.2727272727272727, 0.3916083916083916, 0.23776223776223776, 0.06993006993006994, 0.027972027972027972, 0.0], [0.04237465911474722, 0.23106775749947556, 0.43444514369624504, 0.1920495070274806, 0.06723306062513111, 0.0328298720369205], [0.007698541329011345, 0.051053484602917344, 0.2791734197730956, 0.35372771474878445, 0.19165316045380876, 0.1166936790923825], [0.041944074567243674, 0.20472703062583222, 0.4477363515312916, 0.2300266311584554, 0.05725699067909454, 0.018308921438082555], [0.05726125447353551, 0.30796760218496894, 0.4650593332077604, 0.1329817291391976, 0.028630627236767753, 0.008099453757769826], [0.025401305344858, 0.18645263714940907, 0.47062974069500796, 0.24219439054506967, 0.05574175339566061, 0.019580172869994708], [0.025172989739918872, 0.14614650441422095, 0.44595561918396565, 0.28048198520639467, 0.07575757575757576, 0.026485325697924122], [0.011159631246967491, 0.1205725376031053, 0.4558466763706938, 0.3015526443474042, 0.0851528384279476, 0.025715672003881612], [0.03473729917498915, 0.16283108988276163, 0.4342162396873643, 0.23708206686930092, 0.08858011289622232, 0.0425531914893617], [0.031020220588235295, 0.21415441176470587, 0.4671415441176471, 0.20519301470588236, 0.05859375, 0.02389705882352941], [0.022149160754455787, 0.16802214916075445, 0.46980446444021456, 0.2602526388648555, 0.057622426025263886, 0.022149160754455787], [0.1276595744680851, 0.1595744680851064, 0.3829787234042553, 0.1595744680851064, 0.09574468085106383, 0.07446808510638298], [0.01287869495891083, 0.11480436649086226, 0.5166196492088801, 0.2583098246044401, 0.07641359008953759, 0.020973874647369068], [0.008208594881699663, 0.07081924995976178, 0.3798487043296314, 0.36166103331723803, 0.13085465958474168, 0.04860775792692741], [0.016132455954149864, 0.09870515814052218, 0.39938441944385483, 0.34706007217151347, 0.10931861600509446, 0.02939927828486521], [0.023172905525846704, 0.18181818181818182, 0.5329768270944741, 0.23172905525846701, 0.026737967914438502, 0.0035650623885918], [0.009483293450323496, 0.08942657094744305, 0.3374988921386156, 0.3834972968182221, 0.14402197996986618, 0.03607196667552956], [0.011814959556484594, 0.1506861764973189, 0.5669362901026993, 0.22848314096155595, 0.03599018449513769, 0.006089248386803599], [0.014373203349581302, 0.11686039245094364, 0.49206349206349204, 0.28471441069866266, 0.07661542307211598, 0.01537307836520435], [0.0074615728995672285, 0.101775854350097, 0.4518728547977914, 0.3033875540964035, 0.09237427249664229, 0.043127891359498585], [0.06875241405948243, 0.24488219389725763, 0.4287369640787949, 0.20007724990343762, 0.040942448821938975, 0.01660872923908845], [0.046716316858496955, 0.16723087339201084, 0.45362220717670954, 0.25660121868652674, 0.055517941773865945, 0.020311442112389978], [0.03381498584835394, 0.22389393713689856, 0.5030537762550276, 0.17816177565916877, 0.04573216147772978, 0.015343363622821392], [0.018876718713586576, 0.12887438825448613, 0.4129573525984619, 0.28105336751340015, 0.09904451176881846, 0.059193661151246794], [0.015749685006299873, 0.15770684586308273, 0.4706005879882402, 0.26921461570768584, 0.06593868122637547, 0.020789584208315833], [0.02116895220343496, 0.1921182266009852, 0.5328185328185329, 0.20356810011982426, 0.04087338570097191, 0.009452802556250832], [0.019581664441477527, 0.14753004005340453, 0.5066755674232309, 0.2378727191811304, 0.06386292834890965, 0.024477080551846907], [0.017715494447382338, 0.11369645690111052, 0.4328397673188789, 0.30142781597038604, 0.10074034902168165, 0.03358011634056055], [0.01090909090909091, 0.15592727272727272, 0.47054545454545454, 0.2487272727272727, 0.07621818181818182, 0.037672727272727274], [0.00983998528600331, 0.11918337318374103, 0.38863343755747654, 0.3531359205444179, 0.09913555269450064, 0.030071730733860585], [0.008942410873971622, 0.11696673423154882, 0.516990580660546, 0.2919995230714201, 0.05568141170859664, 0.009419339453916776], [0.1910569105691057, 0.3089430894308943, 0.37398373983739835, 0.08943089430894309, 0.036585365853658534, 0.0]]}}}, "eu": {"histType": {"histogram": {"labels": ["0", "100", "200", "300", "400", "500", "600", "700", "800", "900", "1000", "1100", "1200", "1300", "1400", "1500", "1600", "1700", "1800", "1900", "2000", "2100", "2200", "2300", "2400", "2500", "2600", "2700", "2800", "2900", "3000", "3100"], "data": [[0.0, 0.0, 0.0043859649122807015, 0.0, 0.0, 0.008771929824561403, 0.017543859649122806, 0.017543859649122806, 0.043859649122807015, 0.043859649122807015, 0.06578947368421052, 0.07017543859649122, 0.05701754385964912, 0.09649122807017543, 0.15350877192982457, 0.12280701754385964, 0.09210526315789473, 0.07894736842105263, 0.039473684210526314, 0.03070175438596491, 0.013157894736842105, 0.013157894736842105, 0.0043859649122807015, 0.008771929824561403, 0.017543859649122806, 0.0, 0.0, 0.0, 0.0, 0.0, 0.0, 0.0], [0.0, 0.0, 0.00046860356138706655, 0.0014058106841611997, 0.0009372071227741331, 0.0032802249297094657, 0.004686035613870665, 0.007497656982193065, 0.017338331771321464, 0.02577319587628866, 0.03561387066541706, 0.05154639175257732, 0.06138706654170572, 0.07825679475164012, 0.1218369259606373, 0.11715089034676664, 0.1513589503280225, 0.08809746954076851, 0.13261480787253982, 0.03748828491096532, 0.020618556701030927, 0.021087160262417994, 0.007029053420805998, 0.004217432052483599, 0.004686035613870665, 0.0023430178069353325, 0.0018744142455482662, 0.0009372071227741331, 0.00046860356138706655, 0.0, 0.0, 0.0], [0.0, 0.0, 0.0, 0.0001464343242055938, 0.0001464343242055938, 0.0001464343242055938, 0.0001464343242055938, 0.001464343242055938, 0.002782252159906282, 0.004393029726167814, 0.00922536242495241, 0.014789866744764972, 0.02167227998242788, 0.028847561868501976, 0.04832332698784595, 0.07102064723971299, 0.13310880070288475, 0.10308976424073803, 0.2448381900717528, 0.08537121101186118, 0.06267389075999415, 0.08097818128569337, 0.028115390247474007, 0.014789866744764972, 0.023722360521306194, 0.009371796749158003, 0.003514423780934251, 0.003367989456728657, 0.002050080538878313, 0.0019036462146727192, 0.0, 0.0], [0.0, 0.0, 0.0, 0.00012189176011701609, 0.00012189176011701609, 0.00024378352023403217, 0.0008532423208191126, 0.002681618722574354, 0.004022428083861531, 0.008654314968308142, 0.01657727937591419, 0.026084836665041442, 0.03437347635299854, 0.046318868844466114, 0.0772793759141882, 0.10494880546075085, 0.16175036567528034, 0.11799122379327158, 0.18430034129692832, 0.07983910287664554, 0.05021940516821063, 0.048147245246221354, 0.014505119453924915, 0.005972696245733789, 0.008776206728425159, 0.0029254022428083864, 0.0010970258410531448, 0.0008532423208191126, 0.0007313505607020966, 0.0006094588005850804, 0.0, 0.0], [0.0, 0.0, 0.0, 0.0, 0.0, 0.018867924528301886, 0.02830188679245283, 0.04716981132075472, 0.04716981132075472, 0.02830188679245283, 0.07547169811320754, 0.09433962264150944, 0.04716981132075472, 0.02830188679245283, 0.09433962264150944, 0.11320754716981132, 0.05660377358490566, 0.08490566037735849, 0.07547169811320754, 0.04716981132075472, 0.05660377358490566, 0.018867924528301886, 0.0, 0.018867924528301886, 0.009433962264150943, 0.009433962264150943, 0.0, 0.0, 0.0, 0.0, 0.0, 0.0], [0.0, 0.0001325381047051027, 0.0001325381047051027, 0.0002650762094102054, 0.00039761431411530816, 0.0001325381047051027, 0.0002650762094102054, 0.0019880715705765406, 0.0029158383035122596, 0.006229290921139828, 0.011530815109343936, 0.020145791915175612, 0.03141153081510934, 0.05553346587143804, 0.08694499668654739, 0.11066931742876077, 0.14937044400265076, 0.10934393638170974, 0.1606361829025845, 0.07369118621603711, 0.04744864148442677, 0.05911199469847581, 0.023061630218687873, 0.011000662690523525, 0.020278330019880716, 0.008614976805831677, 0.0034459907223326706, 0.002385685884691849, 0.0014579191517561298, 0.0014579191517561298, 0.0, 0.0], [0.0002535496957403651, 0.0002535496957403651, 0.0002535496957403651, 0.0012677484787018255, 0.0032961460446247464, 0.002535496957403651, 0.004310344827586207, 0.010649087221095335, 0.01977687626774848, 0.02712981744421907, 0.04107505070993915, 0.05476673427991886, 0.070740