{"region": {"us": {"histType": {"histogram": {"labels": ["0", "100", "200", "300", "400", "500", "600", "700", "800", "900", "1000", "1100", "1200", "1300", "1400", "1500", "1600", "1700", "1800", "1900", "2000", "2100", "2200", "2300", "2400", "2500", "2600", "2700", "2800", "2900", "3000", "3100", "3200"], "data": [[0.0, 0.0, 0.002777777777777778, 0.005555555555555556, 0.004166666666666667, 0.006944444444444444, 0.0125, 0.013888888888888888, 0.03611111111111111, 0.04861111111111111, 0.08194444444444444, 0.10138888888888889, 0.11805555555555555, 0.13194444444444445, 0.13194444444444445, 0.09861111111111111, 0.06666666666666667, 0.043055555555555555, 0.04583333333333333, 0.018055555555555554, 0.013888888888888888, 0.008333333333333333, 0.004166666666666667, 0.005555555555555556, 0.0, 0.0, 0.0, 0.0, 0.0, 0.0, 0.0, 0.0, 0.0], [0.0, 0.00025176233635448137, 0.00025176233635448137, 0.00025176233635448137, 0.0010070493454179255, 0.002014098690835851, 0.004783484390735146, 0.009566968781470292, 0.015609264853977844, 0.028700906344410877, 0.038267875125881166, 0.05488418932527694, 0.0823262839879154, 0.09441087613293052, 0.13016112789526688, 0.13595166163141995, 0.14425981873111782, 0.08308157099697885, 0.1042296072507553, 0.033736153071500505, 0.017119838872104734, 0.006797583081570997, 0.004028197381671702, 0.0027693856998992953, 0.0017623363544813696, 0.0017623363544813696, 0.0010070493454179255, 0.0010070493454179255, 0.0, 0.0, 0.0, 0.0, 0.0], [0.00011890606420927467, 0.0, 0.0, 0.00023781212841854935, 0.00023781212841854935, 0.00023781212841854935, 0.00023781212841854935, 0.0005945303210463733, 0.002497027348394768, 0.0034482758620689655, 0.005231866825208086, 0.007015457788347205, 0.012009512485136742, 0.019262782401902497, 0.025089179548156957, 0.038763376932223544, 0.08810939357907253, 0.16135552913198573, 0.36872770511296077, 0.08727705112960761, 0.052437574316290134, 0.06076099881093936, 0.023781212841854936, 0.009750297265160524, 0.019381688466111772, 0.006302021403091558, 0.0023781212841854932, 0.004161712247324614, 0.00011890606420927467, 0.0004756242568370987, 0.0, 0.0, 0.0], [0.0, 0.0, 0.0, 0.0, 0.00011588828369451848, 0.0, 0.0008112179858616293, 0.0017383242554177773, 0.004751419631475258, 0.007880403291227257, 0.011704716653146367, 0.01297948777378607, 0.02607486383126666, 0.028624406072546064, 0.042415111832193764, 0.051106733109282654, 0.07138718275582338, 0.04345810638544443, 0.26665894078108704, 0.15389964074632054, 0.08923397844477923, 0.09723027001970101, 0.03233283115077066, 0.013558929192258663, 0.027813188086684437, 0.006721520454282072, 0.004751419631475258, 0.0019701008228068142, 0.0027813188086684435, 0.0, 0.0, 0.0, 0.0], [0.0, 0.0, 0.0, 0.0, 0.010256410256410256, 0.005128205128205128, 0.03076923076923077, 0.02564102564102564, 0.05641025641025641, 0.05128205128205128, 0.07179487179487179, 0.09230769230769231, 0.10256410256410256, 0.11794871794871795, 0.09230769230769231, 0.10256410256410256, 0.07692307692307693, 0.03076923076923077, 0.06153846153846154, 0.03076923076923077, 0.035897435897435895, 0.005128205128205128, 0.0, 0.0, 0.0, 0.0, 0.0, 0.0, 0.0, 0.0, 0.0, 0.0, 0.0], [0.0, 0.0, 0.0, 0.0, 0.0, 0.0, 0.0, 0.0013765353663701822, 0.0012706480304955528, 0.004659042778483694, 0.007200338839474798, 0.011541719610334605, 0.021601016518424398, 0.0677678949597628, 0.12166454891994917, 0.1491952562473528, 0.17767894959762812, 0.11054637865311309, 0.1495129182549767, 0.05622617534942821, 0.033142736128759, 0.03981363828886065, 0.015459551037695892, 0.008047437526471834, 0.01217704362558238, 0.004764930114358323, 0.002964845404489623, 0.0013765353663701822, 0.0013765353663701822, 0.0006353240152477764, 0.0, 0.0, 0.0], [0.0, 0.0, 0.0004042854255104103, 0.002223569840307257, 0.0016171417020416413, 0.003436426116838488, 0.007074994946432181, 0.012734990903577926, 0.019001414998989285, 0.035779260157671314, 0.050131392763290886, 0.06872852233676977, 0.09359207600566, 0.1129977764301597, 0.1212856276531231, 0.12047705680210229, 0.12007277137659188, 0.06690923792197291, 0.07256923387911866, 0.02890640792399434, 0.01758641600970285, 0.015767131594906003, 0.008287851222963412, 0.00505356781888013, 0.006468566808166565, 0.0036385688295936932, 0.002425712553062462, 0.0014149989892864362, 0.001010713563776026, 0.00020214271275520516, 0.00020214271275520516, 0.0, 0.0], [0.002688172043010753, 0.002688172043010753, 0.0, 0.008064516129032258, 0.005376344086021506, 0.01881720430107527, 0.013440860215053764, 0.03763440860215054, 0.056451612903225805, 0.12365591397849462, 0.11559139784946236, 0.12903225806451613, 0.09946236559139784, 0.11021505376344086, 0.06989247311827956, 0.06989247311827956, 0.051075268817204304, 0.013440860215053764, 0.024193548387096774, 0.03225806451612903, 0.010752688172043012, 0.002688172043010753, 0.002688172043010753, 0.0, 0.0, 0.0, 0.0, 0.0, 0.0, 0.0, 0.0, 0.0, 0.0], [0.00021103724807428512, 0.00021103724807428512, 0.0005275931201857128, 0.00031655587211142766, 0.0005275931201857128, 0.0012662234884457107, 0.0015827793605571383, 0.004326263585522845, 0.007702859554711406, 0.016249868101719953, 0.025746544265062784, 0.03450459006014561, 0.041363300622559884, 0.046006120080194154, 0.058140761844465545, 0.06679328901551124, 0.20280679539938798, 0.13274242903872532, 0.14498258942703388, 0.06468291653476839, 0.04294607998311702, 0.04241848686293131, 0.021631317927614226, 0.01318982800464282, 0.018254721958425663, 0.005064893953782843, 0.002426928352854279, 0.0029545214730399916, 0.00042207449614857024, 0.0, 0.0, 0.0, 0.0], [0.0, 0.0, 0.0, 0.0, 0.00039108330074305825, 0.0007821666014861165, 0.0011732499022291747, 0.001564333202972233, 0.0023464998044583495, 0.009385999217833398, 0.012905748924520923, 0.016034415330465387, 0.022291748142354323, 0.03754399687133359, 0.06179116151740321, 0.07821666014861166, 0.1040281579976535, 0.08838482596793117, 0.17676965193586233, 0.06961282753226437, 0.07391474384043802, 0.09698865858427845, 0.04301916308173641, 0.016816581931951506, 0.04732107938991005, 0.01368791552600704, 0.012514665623777864, 0.008603832616347283, 0.002737583105201408, 0.0011732499022291747, 0.0, 0.0, 0.0], [0.0, 0.0, 0.00017683465959328028, 0.0, 0.0008841732979664014, 0.0005305039787798408, 0.001237842617152962, 0.004420866489832007, 0.008488063660477453, 0.014677276746242264, 0.021396993810786913, 0.029885057471264367, 0.05375773651635721, 0.06419098143236074, 0.10114942528735632, 0.12502210433244915, 0.15313881520778072, 0.09655172413793103, 0.14394341290893015, 0.0618921308576481, 0.03731211317418214, 0.03731211317418214, 0.01273209549071618, 0.008311229000884173, 0.013439434129089302, 0.0033598585322723255, 0.0028293545534924846, 0.0014146772767462423, 0.0019451812555260832, 0.0, 0.0, 0.0, 0.0], [0.0, 0.0, 0.000424868998725393, 0.000424868998725393, 0.000424868998725393, 0.003257328990228013, 0.006231411981305764, 0.012462823962611528, 0.02124344993626965, 0.0361138648916584, 0.0589151678232545, 0.07406882877779351, 0.097295000708115, 0.1192465656422603, 0.1385072935844781, 0.12193740263418779, 0.10423452768729642, 0.06018977481943068, 0.06231411981305764, 0.02690836991927489, 0.018127743945616767, 0.015295283954114149, 0.008072510975782467, 0.004107066987678799, 0.003823820988528537, 0.003540574989378275, 0.00141622999575131, 0.000283245999150262, 0.001132983996601048, 0.0, 0.0, 0.0, 0.0], [0.0, 0.0, 0.0, 0.0, 0.00012696800406297612, 0.0005078720162519045, 0.0016505840528186896, 0.002031488065007618, 0.004443880142204164, 0.005332656170644997, 0.01345860843067547, 0.019553072625698324, 0.027805992889791773, 0.033646521076688675, 0.048374809547993905, 0.045073641442356524, 0.22422549517521584, 0.15401218892839005, 0.21381411884205181, 0.07541899441340782, 0.039867953275774505, 0.04189944134078212, 0.01612493651599797, 0.010538344337227019, 0.01345860843067547, 0.003809040121889284, 0.0017775520568816658, 0.001015744032503809, 0.002031488065007618, 0.0, 0.0, 0.0, 0.0], [0.00020565552699228792, 0.0, 0.0, 0.00010282776349614396, 0.00010282776349614396, 0.0003084832904884319, 0.0012339331619537275, 0.0016452442159383034, 0.004215938303341903, 0.00987146529562982, 0.016143958868894602, 0.019125964010282777, 0.025398457583547557, 0.06334190231362467, 0.14035989717223651, 0.14776349614395887, 0.17017994858611826, 0.10992287917737789, 0.13583547557840617, 0.054704370179948586, 0.030745501285347043, 0.03249357326478149, 0.012544987146529563, 0.0057583547557840615, 0.009357326478149101, 0.0031876606683804627, 0.002056555269922879, 0.002159383033419023, 0.0005141388174807198, 0.0006169665809768638, 0.00010282776349614396, 0.0, 0.0], [0.0, 0.0, 0.0, 0.0001795654516071108, 0.0005386963548213323, 0.0001795654516071108, 0.0012569581612497755, 0.001795654516071108, 0.003950439935356437, 0.00682348716107021, 0.014365236128568864, 0.02513916322499551, 0.04381397019213503, 0.06536182438498833, 0.09552882025498294, 0.11797450170587179, 0.15855629376907882, 0.11761537080265756, 0.1529897647692584, 0.07056922248159454, 0.04399353564374214, 0.03699048303106482, 0.015622194289818639, 0.006464356257855988, 0.010235230741605315, 0.00448913629017777, 0.002873047225713773, 0.000897827258035554, 0.000897827258035554, 0.000897827258035554, 0.0, 0.0, 0.0], [0.0, 0.0, 0.0002479543763947434, 0.0002479543763947434, 0.0017356806347632037, 0.003223406893131664, 0.0014877262583684603, 0.005454996280684354, 0.011405901314158196, 0.01760476072402678, 0.03074634267294818, 0.04711133151500124, 0.06595586412100174, 0.09248698239523928, 0.11455492189437144, 0.12893627572526656, 0.13042400198363502, 0.09571038928837095, 0.10190924869823953, 0.04562360525663278, 0.029506570790974462, 0.031242251425737666, 0.014133399454500373, 0.006694768162658071, 0.012397718819737169, 0.005454996280684354, 0.0022315893875526904, 0.002727498140342177, 0.0004959087527894868, 0.0002479543763947434, 0.0, 0.0, 0.0], [0.00018450184501845018, 0.0, 0.0005535055350553505, 0.0012915129151291514, 0.0005535055350553505, 0.0014760147601476014, 0.0035055350553505533, 0.007011070110701107, 0.011992619926199263, 0.01974169741697417, 0.03191881918819188, 0.05239852398523985, 0.07472324723247233, 0.1018450184501845, 0.12416974169741697, 0.12804428044280441, 0.1363468634686347, 0.07952029520295203, 0.11291512915129151, 0.040221402214022144, 0.023247232472324724, 0.022878228782287822, 0.00996309963099631, 0.004797047970479705, 0.0051660516605166054, 0.0018450184501845018, 0.0007380073800738007, 0.0012915129151291514, 0.0012915129151291514, 0.00036900369003690036, 0.0, 0.0, 0.0], [0.0, 0.0, 0.00012503125781445363, 0.00025006251562890725, 0.00037509377344336085, 0.00012503125781445363, 0.0008752188047011753, 0.001625406351587897, 0.0027506876719179795, 0.006251562890722681, 0.012378094523630907, 0.014503625906476619, 0.02738184546136534, 0.034133533383345835, 0.14616154038509627, 0.1574143535883971, 0.1737934483620905, 0.1121530382595649, 0.17504376094023505, 0.047636909227306824, 0.02525631407851963, 0.02875718929732433, 0.010252563140785197, 0.006376594148537134, 0.0086271567891973, 0.0031257814453613405, 0.001250312578144536, 0.001000250062515629, 0.0018754688672168042, 0.0005001250312578145, 0.0, 0.0, 0.0], [0.0, 0.0, 0.0, 0.006211180124223602, 0.006211180124223602, 0.006211180124223602, 0.0, 0.018633540372670808, 0.049689440993788817, 0.09316770186335403, 0.062111801242236024, 0.08074534161490683, 0.07453416149068323, 0.062111801242236024, 0.043478260869565216, 0.12422360248447205, 0.08695652173913043, 0.08695652173913043, 0.037267080745341616, 0.043478260869565216, 0.049689440993788817, 0.012422360248447204, 0.031055900621118012, 0.0, 0.006211180124223602, 0.006211180124223602, 0.0, 0.012422360248447204, 0.0, 0.0, 0.0, 0.0, 0.0], [0.00022163120567375886, 0.00011081560283687943, 0.0, 0.0, 0.0, 0.00011081560283687943, 0.00022163120567375886, 0.0009973404255319148, 0.002327127659574468, 0.004543439716312056, 0.007535460992907801, 0.00986258865248227, 0.021941489361702128, 0.02969858156028369, 0.051750886524822695, 0.1595744680851064, 0.22639627659574468, 0.14949024822695037, 0.1545877659574468, 0.06538120567375887, 0.037677304964539006, 0.03745567375886525, 0.01363031914893617, 0.006870567375886525, 0.010970744680851064, 0.003989361702127659, 0.0018838652482269503, 0.002216312056737589, 0.0005540780141843972, 0.0, 0.0, 0.0, 0.0], [0.0, 0.0, 0.0, 0.00011974613818704346, 0.0, 0.00011974613818704346, 0.0009579691054963477, 0.0003592384145611304, 0.0011974613818704347, 0.002275176625553826, 0.004550353251107652, 0.006705783738474434, 0.01137588312776913, 0.016045982517063826, 0.027781104059394084, 0.10298167884085738, 0.18824092923003233, 0.15147886480661, 0.21254939528200215, 0.09196503412764938, 0.05879535384983834, 0.057717638606154954, 0.020476589629984433, 0.010896898575020955, 0.019518620524488085, 0.007304514429409652, 0.003352891869237217, 0.0009579691054963477, 0.0015566997964315652, 0.00023949227637408692, 0.00047898455274817384, 0.0, 0.0], [0.00019675356615838662, 9.837678307919331e-05, 0.0, 0.00019675356615838662, 0.00019675356615838662, 0.0005902606984751599, 0.0007870142646335465, 0.001869158878504673, 0.002951303492375799, 0.005607476635514018, 0.010034431874077718, 0.01337924249877029, 0.017412690605017215, 0.02459419576979833, 0.03403836694540088, 0.14097393015248402, 0.16832267584849975, 0.1394982784062961, 0.18996556812592227, 0.0851942941465814, 0.05105755041810133, 0.05725528775209051, 0.02144613871126414, 0.011214953271028037, 0.014363010329562224, 0.004525332021642892, 0.0023610427939006395, 0.0014756517461878996, 0.00039350713231677323, 0.0, 0.0, 0.0, 0.0], [0.0, 0.0, 0.0, 0.0014388489208633094, 0.0014388489208633094, 0.0, 0.0, 0.007194244604316547, 0.007194244604316547, 0.0057553956834532375, 0.012949640287769784, 0.025899280575539568, 0.04316546762589928, 0.08633093525179857, 0.1223021582733813, 0.17410071942446043, 0.17410071942446043, 0.1237410071942446, 0.12086330935251799, 0.04892086330935252, 0.02302158273381295, 0.012949640287769784, 0.0014388489208633094, 0.007194244604316547, 0.0, 0.0, 0.0, 0.0, 0.0, 0.0, 0.0, 0.0, 0.0], [0.0, 0.0, 0.0, 9.151642719868216e-05, 0.0, 9.151642719868216e-05, 0.00027454928159604647, 0.0007321314175894573, 0.001647295689576279, 0.004850370641530155, 0.0074128306030932555, 0.012354717671822092, 0.021506360391690307, 0.027637961014002014, 0.040633293676214884, 0.04859522284250023, 0.08794728653793356, 0.1673835453463897, 0.2841585064519081, 0.09654983069460968, 0.05884506268875263, 0.07605015100210488, 0.020316646838107442, 0.010249839846252402, 0.020133613983710077, 0.005216436350324883, 0.0024709435343644184, 0.0023794271071657363, 0.0022879106799670542, 0.00018303285439736432, 0.0, 0.0, 0.0], [9.927529038022436e-05, 9.927529038022436e-05, 9.927529038022436e-05, 0.0, 0.0003971011615208974, 0.0003971011615208974, 0.0002978258711406731, 0.0009927529038022437, 0.001092028194182468, 0.005162315099771666, 0.009530427876501539, 0.0191601310433833, 0.032463019954333365, 0.044673880671100966, 0.06502531519904696, 0.07644197359277276, 0.09609848108805719, 0.20788245805618982, 0.2302193983917403, 0.09143254244018664, 0.04596445944604388, 0.041596346669314006, 0.01479201826665343, 0.006353618584334359, 0.004169562195969423, 0.0017869552268440386, 0.0033753598729276283, 0.0003971011615208974, 0.0, 0.0, 0.0, 0.0, 0.0], [0.0, 0.00010620220900594733, 0.0, 0.00010620220900594733, 0.00010620220900594733, 0.0005310110450297366, 0.0007434154630416313, 0.0016992353440951572, 0.002336448598130841, 0.004566694987255735, 0.008389974511469838, 0.013806287170773151, 0.05002124044180119, 0.0830501274426508, 0.11172472387425658, 0.1402931180968564, 0.15855989804587936, 0.11597281223449447, 0.13827527612574342, 0.06467714528462191, 0.03908241291418862, 0.03387850467289719, 0.01465590484282073, 0.006265930331350892, 0.005841121495327103, 0.002548853016142736, 0.001274426508071368, 0.0014868309260832626, 0.0, 0.0, 0.0, 0.0, 0.0], [0.0, 0.0, 0.0, 0.0, 0.00023747328425552126, 0.0, 0.0008311564948943244, 0.0023747328425552127, 0.004868202327238186, 0.007836618380432201, 0.016504393255758726, 0.025290904773213014, 0.04203277131322726, 0.066967466160057, 0.10353835193540727, 0.12597957729755402, 0.15281405841842793, 0.09795772975540251, 0.1670624554737592, 0.0597245309902636, 0.037045832343861315, 0.038470672049394444, 0.016148183329375444, 0.006649251959154595, 0.012704820707670388, 0.005105675611493707, 0.004037045832343861, 0.0023747328425552127, 0.0020185229161719304, 0.0004749465685110425, 0.000949893137022085, 0.0, 0.0], [0.0, 0.00017232465965879716, 0.00017232465965879716, 0.0003446493193175943, 0.001033947957952783, 0.001033947957952783, 0.0017232465965879718, 0.0025848698948819577, 0.005686713768740307, 0.017921764604514907, 0.0423918662760641, 0.05962433224194382, 0.0789246941237291, 0.10460106841288988, 0.12614165087023954, 0.11821471652593486, 0.14613131139066, 0.07754609684645873, 0.11494054799241772, 0.02981216612097191, 0.02378080303291401, 0.02085128381871446, 0.008443908323281062, 0.004480441151128727, 0.007065311046010684, 0.002067895915905566, 0.002067895915905566, 0.0003446493193175943, 0.001033947957952783, 0.0008616232982939859, 0.0, 0.0, 0.0], [0.0, 0.0, 0.0, 0.000725689404934688, 0.0009675858732462506, 0.0021770682148040637, 0.0038703434929850023, 0.006773101112723754, 0.013546202225447508, 0.015239477503628448, 0.026366715045960328, 0.04281567489114659, 0.05418480890179003, 0.0822447992259313, 0.12360909530720851, 0.13159167876149008, 0.1490082244799226, 0.09603289791969037, 0.11030478955007257, 0.047895500725689405, 0.027818093855829704, 0.022496371552975326, 0.012336719883889695, 0.009675858732462506, 0.008708272859216255, 0.0031446540880503146, 0.002660861151427189, 0.003386550556361877, 0.001451378809869376, 0.0009675858732462506, 0.0, 0.0, 0.0], [0.00022406453058480843, 0.0, 0.0, 0.0, 0.00044812906116961686, 0.00044812906116961686, 0.0016804839793860631, 0.0033609679587721262, 0.004929419672865786, 0.009522742549854357, 0.017477033385615057, 0.041339905892897155, 0.08436029576518037, 0.11976249159758011, 0.14687429979834193, 0.15101949361416087, 0.138023750840242, 0.08055119874523863, 0.0957875868250056, 0.03428187317947569, 0.02072596907909478, 0.024311001568451715, 0.009186645753977145, 0.004481290611696168, 0.00717006497871387, 0.002240645305848084, 0.000560161326462021, 0.0008962581223392337, 0.00011203226529240422, 0.00022406453058480843, 0.0, 0.0, 0.0], [0.0, 0.0, 0.0, 0.00028252578047746857, 0.00014126289023873428, 0.00014126289023873428, 0.0014126289023873428, 0.0004237886707162029, 0.002118943353581014, 0.004661675377878231, 0.007769458963130385, 0.009323350755756462, 0.014691340584828365, 0.06159062014408815, 0.11399915242265857, 0.1388614211046758, 0.17332956632292695, 0.11089136883740641, 0.166407684701229, 0.05918915101002967, 0.03729340302302585, 0.041107501059471675, 0.01878796440175166, 0.00791072185336912, 0.014691340584828365, 0.0049442011583557, 0.0050854640485944345, 0.0022602062438197485, 0.0018364175731035457, 0.0005650515609549371, 0.00028252578047746857, 0.0, 0.0], [0.0, 0.0, 0.00017241379310344826, 0.0003448275862068965, 0.0010344827586206897, 0.001379310344827586, 0.0022413793103448275, 0.004655172413793103, 0.007586206896551724, 0.018275862068965518, 0.030344827586206897, 0.04172413793103448, 0.06810344827586207, 0.0910344827586207, 0.11689655172413793, 0.13206896551724137, 0.1456896551724138, 0.08948275862068966, 0.12362068965517241, 0.045, 0.027586206896551724, 0.02189655172413793, 0.010344827586206896, 0.004655172413793103, 0.005517241379310344, 0.001206896551724138, 0.002413793103448276, 0.003965517241379311, 0.002586206896551724, 0.00017241379310344826, 0.0, 0.0, 0.0], [0.00011742602160638798, 0.0, 0.0, 0.0, 0.00011742602160638798, 0.0010568341944574918, 0.0007045561296383278, 0.0023485204321277596, 0.0028182245185533112, 0.0057538750587130105, 0.013973696571160169, 0.021841240018788163, 0.035227806481916396, 0.04239079379990606, 0.0585955847815876, 0.11672146547674965, 0.20937059652418977, 0.1496007515265383, 0.16063879755753874, 0.07186472522310944, 0.04473931423203382, 0.033114138093001406, 0.013269140441521842, 0.005519023015500235, 0.005519023015500235, 0.0019962423673085955, 0.0022310944105213715, 0.0003522780648191639, 0.00011742602160638798, 0.0, 0.0, 0.0, 0.0], [0.0, 0.0, 0.0, 0.00014825796886582654, 0.00014825796886582654, 0.00044477390659747963, 0.0005930318754633062, 0.0016308376575240918, 0.0026686434395848777, 0.005633802816901409, 0.02357301704966642, 0.032913269088213494, 0.06775389177168273, 0.09636767976278725, 0.13269088213491476, 0.14558932542624167, 0.15626389918458117, 0.10348406226834693, 0.11104521868050407, 0.042550037064492216, 0.02579688658265382, 0.02045959970348406, 0.009933283914010379, 0.004595997034840623, 0.007857672349888807, 0.002520385470719051, 0.0026686434395848777, 0.0011860637509266123, 0.0014825796886582653, 0.0, 0.0, 0.0, 0.0], [0.0, 0.0, 0.0, 0.00015475085112968121, 0.0, 0.0006190034045187249, 0.0009285051067780873, 0.0009285051067780873, 0.002321262766945218, 0.0018570102135561746, 0.005261528938409161, 0.010987310430207366, 0.039925719591457756, 0.06406685236768803, 0.09207675642216032, 0.11745589600742803, 0.155834107087589, 0.11002785515320335, 0.17982048901268957, 0.07025688641287527, 0.041627978953884245, 0.046115753636645, 0.02027236149798824, 0.011142061281337047, 0.015784586815227482, 0.0063447848963169295, 0.002785515320334262, 0.0007737542556484061, 0.002321262766945218, 0.00030950170225936243, 0.0, 0.0, 0.0], [0.0, 0.0, 0.00011596892032935173, 0.0, 0.00023193784065870347, 0.0003479067609880552, 0.0003479067609880552, 0.0012756581236228691, 0.0010437202829641657, 0.003826974370868607, 0.0067261973791024, 0.01611967992577989, 0.0269047895164096, 0.044648034326800416, 0.05554911283775948, 0.1585295140902238, 0.18149136031543547, 0.10993853647222544, 0.18125942247477675, 0.06424678186246086, 0.04406818972515366, 0.040009277513626346, 0.023657659747187754, 0.01206076771425258, 0.016235648846109244, 0.004522787892844718, 0.0028992230082337932, 0.0020874405659283314, 0.0010437202829641657, 0.0008117824423054622, 0.0, 0.0, 0.0], [0.0, 0.0, 0.0, 0.0, 9.45000945000945e-05, 9.45000945000945e-05, 9.45000945000945e-05, 0.0008505008505008505, 0.0017955017955017954, 0.0048195048195048195, 0.009072009072009071, 0.016632016632016633, 0.028444528444528445, 0.0360990360990361, 0.05452655452655453, 0.05906255906255906, 0.07172557172557173, 0.07701757701757701, 0.3281043281043281, 0.11443961443961444, 0.06520506520506521, 0.07238707238707238, 0.018427518427518427, 0.008977508977508977, 0.019561519561519563, 0.004914004914004914, 0.0029295029295029295, 0.002457002457002457, 0.0017955017955017954, 0.0004725004725004725, 0.0, 0.0, 0.0], [0.0, 0.0, 0.0, 0.0, 0.0, 0.00010053282396702523, 0.0006031969438021514, 0.003015984719010757, 0.005328239670252337, 0.009852216748768473, 0.018095908314064543, 0.03367849602895345, 0.05046747763144667, 0.07720920880667538, 0.11440635367447471, 0.13632250929928622, 0.17362018699105258, 0.10937971247612345, 0.1550216145571529, 0.04765255856036996, 0.024429476223987133, 0.025836935759525486, 0.006936764853724741, 0.0033175831909118326, 0.0024127877752086056, 0.0008042625917362018, 0.0006031969438021514, 0.0006031969438021514, 0.0003015984719010757, 0.0, 0.0, 0.0, 0.0], [0.0, 0.002976190476190476, 0.0, 0.002976190476190476, 0.005952380952380952, 0.020833333333333332, 0.020833333333333332, 0.03869047619047619, 0.08333333333333333, 0.05952380952380952, 0.050595238095238096, 0.07738095238095238, 0.08035714285714286, 0.11904761904761904, 0.125, 0.10714285714285714, 0.07738095238095238, 0.047619047619047616, 0.03869047619047619, 0.01488095238095238, 0.011904761904761904, 0.008928571428571428, 0.0, 0.005952380952380952, 0.0, 0.0, 0.0, 0.0, 0.0, 0.0, 0.0, 0.0, 0.0]]}, "ranks": {"labels": ["Unranked", "Combatatent I", "Combatatent II", "Challenger I", "Challenger II", "Rival I", "Rival II", "Duelist", "Elite"], "data": [[0.13055555555555556, 0.18333333333333332, 0.25, 0.23055555555555557, 0.10972222222222222, 0.058333333333333334, 0.019444444444444445, 0.018055555555555554, 0.0], [0.06243705941591138, 0.0931520644511581, 0.17673716012084592, 0.2661127895266868, 0.22734138972809667, 0.12386706948640483, 0.03121852970795569, 0.013595166163141994, 0.0055387713997985906], [0.007609988109393579, 0.012247324613555292, 0.03127229488703924, 0.0638525564803805, 0.24946492271105827, 0.4161712247324614, 0.09227110582639715, 0.09429250891795482, 0.03281807372175981], [0.01529725344767644, 0.02468420442693244, 0.05469926990381273, 0.09352184494147642, 0.11484528914126782, 0.3497508401900568, 0.16004171978213003, 0.14312203036273033, 0.044037547803917027], [0.1794871794871795, 0.1641025641025641, 0.2205128205128205, 0.19487179487179487, 0.1076923076923077, 0.09230769230769231, 0.035897435897435895, 0.005128205128205128, 0.0], [0.007306226175349428, 0.018742058449809404, 0.08936891147818721, 0.270859805167302, 0.2882253282507412, 0.18149089368911478, 0.05739093604404913, 0.06332062685302838, 0.023295213892418468], [0.0822720840913685, 0.11885991510006064, 0.20658985243581968, 0.2417626844552254, 0.1869820092985648, 0.09076207802708712, 0.028299979785728725, 0.029108550636749546, 0.015362846169395592], [0.26881720430107525, 0.2446236559139785, 0.20967741935483872, 0.13978494623655913, 0.06451612903225806, 0.04032258064516129, 0.026881720430107527, 0.005376344086021506, 0.0], [0.03292181069958848, 0.0602511343252084, 0.08736942070275404, 0.12493405085997679, 0.3355492244381133, 0.1814920333438852, 0.07111955260103409, 0.07723963279518835, 0.029123140234251346], [0.01564333202972233, 0.02894016425498631, 0.059835745013687915, 0.14000782166601486, 0.19241298396558468, 0.21118498240125147, 0.10911224090731325, 0.15682440359796637, 0.08603832616347282], [0.030415561450044207, 0.05128205128205128, 0.11794871794871795, 0.2261715296198055, 0.24969053934571175, 0.18072502210433244, 0.06242263483642794, 0.058355437665782495, 0.022988505747126436], [0.08058348675824954, 0.132983996601048, 0.2165415663503753, 0.2604446962186659, 0.1644243025067271, 0.07633479677099561, 0.03101543690695369, 0.027474861917575415, 0.010196855969409432], [0.01409344845099035, 0.033011681056373796, 0.061452513966480445, 0.09344845099035043, 0.37823768410360586, 0.2573641442356526, 0.07173692229558151, 0.06856272219400711, 0.022092432706957845], [0.01768637532133676, 0.03526992287917738, 0.08874035989717223, 0.28812339331619535, 0.28010282776349615, 0.1665809768637532, 0.054704370179948586, 0.050796915167095114, 0.017994858611825194], [0.014724367031783085, 0.039504399353564375, 0.10917579457712336, 0.21350332196085473, 0.2761716645717364, 0.19177590231639433, 0.07577662057820075, 0.05907703357873945, 0.02029089603160352], [0.041408380857922145, 0.07785767418794942, 0.15844284651624102, 0.243491197619638, 0.22613439127200596, 0.1269526407141086, 0.05008678403173816, 0.05207041904289611, 0.02355566575750062], [0.046309963099630994, 0.08431734317343173, 0.17656826568265682, 0.2522140221402214, 0.2158671586715867, 0.13745387453874539, 0.03892988929889299, 0.037638376383763834, 0.010701107011070111], [0.012378094523630907, 0.026881720430107527, 0.06151537884471118, 0.3035758939734934, 0.2859464866216554, 0.20230057514378594, 0.045636409102275566, 0.04538634658664666, 0.016379094773693422], [0.18012422360248448, 0.14285714285714285, 0.13664596273291926, 0.16770186335403728, 0.17391304347826086, 0.055900621118012424, 0.07453416149068323, 0.043478260869565216, 0.024844720496894408], [0.008532801418439716, 0.01739804964539007, 0.05164007092198582, 0.21132535460992907, 0.375886524822695, 0.19326241134751773, 0.06438386524822695, 0.057956560283687945, 0.01961436170212766], [0.005029337803855826, 0.011256136989582086, 0.027421865644832955, 0.13076278290025148, 0.3397197940366423, 0.26344150401149563, 0.09986827924799425, 0.08909112681116034, 0.03340917255418513], [0.012493851451057551, 0.02341367437284801, 0.04200688637481555, 0.1750122970978849, 0.3078209542547959, 0.2367929168716183, 0.08942449581898672, 0.08991637973438268, 0.023118544023610427], [0.02302158273381295, 0.03884892086330935, 0.12949640287769784, 0.29640287769784174, 0.29784172661870506, 0.14964028776978416, 0.04316546762589928, 0.02158273381294964, 0.0], [0.007687379884689302, 0.019767548274915347, 0.049144321405692325, 0.0892285165187151, 0.25533083188432326, 0.340624142033495, 0.09892925780177542, 0.10661663768646472, 0.03267136450992953], [0.008636950263079519, 0.02869055891988484, 0.07713690062543432, 0.14146728879181972, 0.303980939144247, 0.28144544822793605, 0.08617095205003475, 0.0627419835203018, 0.009728978457261988], [0.010195412064570943, 0.02219626168224299, 0.133071367884452, 0.252017841971113, 0.27453271028037385, 0.1750212404418012, 0.06701359388275276, 0.05480033984706882, 0.011151231945624469], [0.016148183329375444, 0.04179529802897174, 0.10900023747328426, 0.2295179292329613, 0.25077178817383045, 0.198408928995488, 0.06542388981239611, 0.06126810733792448, 0.027665637615768224], [0.030673789419265896, 0.10201619851800793, 0.18352576253661898, 0.2443563673961744, 0.22367740823711874, 0.13113906600034464, 0.03739445114595899, 0.033775633293124246, 0.013441323453386179], [0.043299467827769715, 0.06918238993710692, 0.13642960812772134, 0.2552007740686986, 0.24504112239961295, 0.1373971940009676, 0.04862119013062409, 0.04450895016932753, 0.020319303338171262], [0.020613936813802376, 0.05881693927851221, 0.2041227873627605, 0.2978937934125028, 0.21857494958548063, 0.11449697512883711, 0.03629845395473896, 0.037978937934125025, 0.01120322652924042], [0.009182087865517729, 0.01709280971888685, 0.07628196072891652, 0.2528605735273344, 0.28422093516033337, 0.1981918350049442, 0.0646984037293403, 0.06780618731459245, 0.0296652069501342], [0.03568965517241379, 0.07206896551724137, 0.15913793103448276, 0.2489655172413793, 0.23517241379310344, 0.15, 0.046206896551724136, 0.03689655172413793, 0.015862068965517243], [0.012916862376702677, 0.03581493658994833, 0.07761860028182245, 0.17531705025833724, 0.35897134805072806, 0.1999765147956787, 0.07726632221700329, 0.05190230155002348, 0.010216063879755754], [0.011267605633802818, 0.05648628613787991, 0.16412157153447, 0.2782802075611564, 0.2597479614529281, 0.1346182357301705, 0.04477390659747962, 0.03498888065233506, 0.015715344699777613], [0.006809037449705973, 0.016248839368616527, 0.10399257195914577, 0.20953265242958835, 0.26586196224079234, 0.21788919839059115, 0.07381615598885793, 0.07753017641597029, 0.028319405756731662], [0.007190073060419807, 0.02284587730488229, 0.07155282384321002, 0.2140786269279833, 0.2914298967876609, 0.21593412965325293, 0.07364026440913835, 0.07572770497506669, 0.027600603038385713], [0.007749007749007749, 0.025704025704025704, 0.06454356454356454, 0.11358911358911358, 0.14874314874314876, 0.3912303912303912, 0.11651861651861652, 0.0997920997920998, 0.03213003213003213], [0.018900170905800744, 0.05177440434301799, 0.12767668643812205, 0.25072886297376096, 0.282999899467176, 0.1824670755001508, 0.0446365738413592, 0.03609128380416206, 0.004725042726450186], [0.23511904761904762, 0.12797619047619047, 0.19940476190476192, 0.23214285714285715, 0.125, 0.041666666666666664, 0.023809523809523808, 0.01488095238095238, 0.0]]}, "ranksDetailed": {"labels": ["Unranked", "Combatatant", "Challenger", "Rival", "Duelist", "Elite"], "data": [[0.13055555555555556, 0.43333333333333335, 0.3402777777777778, 0.07777777777777778, 0.018055555555555554, 0.0], [0.06243705941591138, 0.26988922457200404, 0.49345417925478346, 0.15508559919436052, 0.013595166163141994, 0.0055387713997985906], [0.007609988109393579, 0.043519619500594534, 0.31331747919143876, 0.5084423305588585, 0.09429250891795482, 0.03281807372175981], [0.01529725344767644, 0.07938347433074516, 0.20836713408274424, 0.5097925599721869, 0.14312203036273033, 0.044037547803917027], [0.1794871794871795, 0.38461538461538464, 0.30256410256410254, 0.1282051282051282, 0.005128205128205128, 0.0], [0.007306226175349428, 0.10811096992799661, 0.5590851334180432, 0.2388818297331639, 0.06332062685302838, 0.023295213892418468], [0.0822720840913685, 0.32544976753588034, 0.42874469375379015, 0.11906205781281584, 0.029108550636749546, 0.015362846169395592], [0.26881720430107525, 0.4543010752688172, 0.20430107526881722, 0.06720430107526881, 0.005376344086021506, 0.0], [0.03292181069958848, 0.14762055502796242, 0.46048327529809013, 0.2526115859449193, 0.07723963279518835, 0.029123140234251346], [0.01564333202972233, 0.08877590926867422, 0.33242080563159954, 0.32029722330856475, 0.15682440359796637, 0.08603832616347282], [0.030415561450044207, 0.16923076923076924, 0.47586206896551725, 0.24314765694076038, 0.058355437665782495, 0.022988505747126436], [0.08058348675824954, 0.3495255629514233, 0.424868998725393, 0.1073502336779493, 0.027474861917575415, 0.010196855969409432], [0.01409344845099035, 0.09446419502285425, 0.47168613509395635, 0.3291010665312341, 0.06856272219400711, 0.022092432706957845], [0.01768637532133676, 0.12401028277634961, 0.5682262210796916, 0.2212853470437018, 0.050796915167095114, 0.017994858611825194], [0.014724367031783085, 0.14868019393068774, 0.4896749865325911, 0.2675525228945951, 0.05907703357873945, 0.02029089603160352], [0.041408380857922145, 0.23630052070419044, 0.46962558889164396, 0.17703942474584677, 0.05207041904289611, 0.02355566575750062], [0.046309963099630994, 0.2608856088560886, 0.4680811808118081, 0.17638376383763837, 0.037638376383763834, 0.010701107011070111], [0.012378094523630907, 0.0883970992748187, 0.5895223805951488, 0.2479369842460615, 0.04538634658664666, 0.016379094773693422], [0.18012422360248448, 0.2795031055900621, 0.3416149068322981, 0.13043478260869565, 0.043478260869565216, 0.024844720496894408], [0.008532801418439716, 0.06903812056737589, 0.5872118794326241, 0.2576462765957447, 0.057956560283687945, 0.01961436170212766], [0.005029337803855826, 0.03867800263441504, 0.47048257693689377, 0.36330978325948987, 0.08909112681116034, 0.03340917255418513], [0.012493851451057551, 0.06542056074766354, 0.4828332513526808, 0.326217412690605, 0.08991637973438268, 0.023118544023610427], [0.02302158273381295, 0.1683453237410072, 0.5942446043165468, 0.19280575539568345, 0.02158273381294964, 0.0], [0.007687379884689302, 0.06891186968060767, 0.34455934840303837, 0.4395533998352704, 0.10661663768646472, 0.03267136450992953], [0.008636950263079519, 0.10582745954531916, 0.4454482279360667, 0.3676164002779708, 0.0627419835203018, 0.009728978457261988], [0.010195412064570943, 0.155267629566695, 0.5265505522514868, 0.24203483432455394, 0.05480033984706882, 0.011151231945624469], [0.016148183329375444, 0.150795535502256, 0.4802897174067917, 0.2638328188078841, 0.06126810733792448, 0.027665637615768224], [0.030673789419265896, 0.2855419610546269, 0.4680337756332931, 0.16853351714630363, 0.033775633293124246, 0.013441323453386179], [0.043299467827769715, 0.20561199806482824, 0.5002418964683115, 0.1860183841315917, 0.04450895016932753, 0.020319303338171262], [0.020613936813802376, 0.2629397266412727, 0.5164687429979834, 0.15079542908357607, 0.037978937934125025, 0.01120322652924042], [0.009182087865517729, 0.09337477044780336, 0.5370815086876678, 0.2628902387342845, 0.06780618731459245, 0.0296652069501342], [0.03568965517241379, 0.23120689655172413, 0.48413793103448277, 0.19620689655172413, 0.03689655172413793, 0.015862068965517243], [0.012916862376702677, 0.11343353687177078, 0.5342883983090653, 0.277242837012682, 0.05190230155002348, 0.010216063879755754], [0.011267605633802818, 0.2206078576723499, 0.5380281690140845, 0.1793921423276501, 0.03498888065233506, 0.015715344699777613], [0.006809037449705973, 0.1202414113277623, 0.4753946146703807, 0.2917053543794491, 0.07753017641597029, 0.028319405756731662], [0.007190073060419807, 0.09439870114809232, 0.5055085237156443, 0.28957439406239127, 0.07572770497506669, 0.027600603038385713], [0.007749007749007749, 0.09024759024759024, 0.2623322623322623, 0.5077490077490078, 0.0997920997920998, 0.03213003213003213], [0.018900170905800744, 0.17945109078114005, 0.5337287624409369, 0.22710364934151, 0.03609128380416206, 0.004725042726450186], [0.23511904761904762, 0.3273809523809524, 0.35714285714285715, 0.06547619047619048, 0.01488095238095238, 0.0]]}}}, "eu": {"histType": {"histogram": {"labels": ["0", "100", "200", "300", "400", "500", "600", "700", "800", "900", "1000", "1100", "1200", "1300", "1400", "1500", "1600", "1700", "1800", "1900", "2000", "2100", "2200", "2300", "2400", "2500", "2600", "2700", "2800", "2900", "3000", "3100", "3200"], "data": [[0.0, 0.0, 0.0018484288354898336, 0.0, 0.0018484288354898336, 0.0073937153419593345, 0.012939001848428836, 0.025878003696857672, 0.04990757855822551, 0.07763401109057301, 0.07763401109057301, 0.10905730129390019, 0.10166358595194085, 0.11829944547134935, 0.14048059149722736, 0.09242144177449169, 0.06469500924214418, 0.036968576709796676, 0.03512014787430684, 0.0166358595194085, 0.012939001848428836, 0.005545286506469501, 0.0036968576709796672, 0.0073937153419593345, 0.0, 0.0, 0.0, 0.0, 0.0, 0.0, 0.0, 0.0, 0.0], [0.0, 0.00027793218454697053, 0.0008337965536409116, 0.0011117287381878821, 0.0016675931072818232, 0.0038910505836575876, 0.006948304613674263, 0.01083935519733185, 0.019455252918287938, 0.03418565869927738, 0.04502501389660923, 0.06197887715397443, 0.08143413007226237, 0.10450250138966093, 0.1356309060589216, 0.13090605892162313, 0.141467481934408, 0.06837131739855476, 0.09505280711506392, 0.024180100055586438, 0.012229016120066704, 0.009171762090050028, 0.004168982768204558, 0.0027793218454697055, 0.0022234574763757642, 0.0011117287381878821, 0.0005558643690939411, 0.0, 0.0, 0.0, 0.0, 0.0, 0.0], [0.0, 0.0, 0.0, 0.00011999040076793856, 0.00011999040076793856, 0.00011999040076793856, 0.0, 0.0007199424046076314, 0.001919846412287017, 0.0026397888168946484, 0.00587952963762899, 0.009479241660667147, 0.011999040076793857, 0.015238780897528198, 0.0251979841612671, 0.03503719702423806, 0.1798656107511399, 0.15382769378449723, 0.32589392848572113, 0.0802735781137509, 0.05207583393328534, 0.05207583393328534, 0.0183585313174946, 0.0077993760499160064, 0.01175905927525798, 0.0051595872330213585, 0.001919846412287017, 0.0021598272138228943, 0.00011999040076793856, 0.00023998080153587713, 0.0, 0.0, 0.0], [0.0, 0.0, 0.0, 0.00011124707976415619, 0.00011124707976415619, 0.00022249415952831238, 0.0007787295583490933, 0.0021136945155189675, 0.002447435754811436, 0.005673601067971966, 0.011569696295472243, 0.017020803203915896, 0.020803203915897208, 0.026143063744576703, 0.04294137278896429, 0.05350984536655913, 0.07587050839915452, 0.051284903771276, 0.27589275781510736, 0.1477361219267994, 0.09222382912448548, 0.0881076871732117, 0.030704194014907107, 0.013349649571698742, 0.02391812214929358, 0.00789854266325509, 0.004338636110802091, 0.0015574591166981867, 0.003448659472688842, 0.00022249415952831238, 0.0, 0.0, 0.0], [0.0, 0.0, 0.0, 0.0, 0.0, 0.0213903743315508, 0.026737967914438502, 0.053475935828877004, 0.06417112299465241, 0.0481283422459893, 0.0748663101604278, 0.08021390374331551, 0.06417112299465241, 0.11764705882352941, 0.09090909090909091, 0.1497326203208556, 0.03208556149732621, 0.06417112299465241, 0.03208556149732621, 0.0481283422459893, 0.0106951871657754, 0.0053475935828877, 0.0, 0.0053475935828877, 0.0106951871657754, 0.0, 0.0, 0.0, 0.0, 0.0, 0.0, 0.0, 0.0], [0.0, 0.0001052853232259423, 0.0001052853232259423, 0.0002105706464518846, 0.0003158559696778269, 0.0001052853232259423, 0.0002105706464518846, 0.0011581385554853654, 0.0018951358180669614, 0.003895556959359865, 0.007896399241945672, 0.01189724152453148, 0.018530216887765846, 0.09012423668140661, 0.1281322383659718, 0.13729206148662876, 0.1627711097073068, 0.11097073068014318, 0.1505580122130975, 0.05632764792587913, 0.03611286586649821, 0.03979785217940619, 0.014529374605180037, 0.005474836807749, 0.011370814908401769, 0.004527268898715519, 0.00273