{"region": {"us": {"histType": {"histogram": {"labels": ["0", "100", "200", "300", "400", "500", "600", "700", "800", "900", "1000", "1100", "1200", "1300", "1400", "1500", "1600", "1700", "1800", "1900", "2000", "2100", "2200", "2300", "2400", "2500", "2600", "2700", "2800", "2900", "3000", "3100", "3200"], "data": [[0.0, 0.0, 0.0027739251040221915, 0.005547850208044383, 0.004160887656033287, 0.006934812760055479, 0.012482662968099861, 0.013869625520110958, 0.036061026352288486, 0.04854368932038835, 0.08183079056865465, 0.10124826629680998, 0.11789181692094314, 0.13314840499306518, 0.1317614424410541, 0.09847434119278779, 0.06657420249653259, 0.04299583911234397, 0.04576976421636616, 0.018030513176144243, 0.013869625520110958, 0.008321775312066574, 0.004160887656033287, 0.005547850208044383, 0.0, 0.0, 0.0, 0.0, 0.0, 0.0, 0.0, 0.0, 0.0], [0.0, 0.00025131942699170643, 0.00025131942699170643, 0.00025131942699170643, 0.0010052777079668257, 0.0020105554159336515, 0.004775069112842423, 0.009550138225684845, 0.0155818044734858, 0.028650414677054536, 0.03820055290273938, 0.05478763508419201, 0.08218145262628801, 0.09449610454888163, 0.13018346318170396, 0.1359638100025132, 0.1440060316662478, 0.08318673033425483, 0.10429756220155818, 0.03392812264388037, 0.017341040462427744, 0.006785624528776075, 0.004021110831867303, 0.002764513696908771, 0.0017592359889419453, 0.0017592359889419453, 0.0010052777079668257, 0.0010052777079668257, 0.0, 0.0, 0.0, 0.0, 0.0], [0.00011853959222380275, 0.0, 0.0, 0.0002370791844476055, 0.0002370791844476055, 0.0002370791844476055, 0.0002370791844476055, 0.0005926979611190138, 0.0024893314366998577, 0.0034376481744902796, 0.005215742057847321, 0.007230915125651968, 0.011972498814604078, 0.019203413940256046, 0.025248933143669987, 0.0388809862494073, 0.08783783783783784, 0.16180654338549075, 0.36830251303935513, 0.08700806069227122, 0.052394499762920814, 0.06104788999525842, 0.02370791844476055, 0.009720246562351825, 0.01944049312470365, 0.006282598387861546, 0.002370791844476055, 0.0041488857278330965, 0.00011853959222380275, 0.000474158368895211, 0.0, 0.0, 0.0], [0.0, 0.0, 0.0, 0.0, 0.00011566042100393245, 0.0, 0.0008096229470275272, 0.0017349063150589867, 0.004742077261161231, 0.007864908628267407, 0.011681702521397178, 0.012953967152440436, 0.0260235947258848, 0.028915105250983113, 0.042447374508443214, 0.05146888734674994, 0.07136247975942632, 0.04337265787647467, 0.26636594957205645, 0.15371269951422623, 0.08940550543603978, 0.0972704140643072, 0.03226925746009716, 0.013532269257460098, 0.027758501040943788, 0.006708304418228082, 0.004742077261161231, 0.001966227157066852, 0.002775850104094379, 0.0, 0.0, 0.0, 0.0], [0.0, 0.0, 0.0, 0.0, 0.010309278350515464, 0.005154639175257732, 0.030927835051546393, 0.02577319587628866, 0.05670103092783505, 0.05154639175257732, 0.07216494845360824, 0.09278350515463918, 0.10309278350515463, 0.11855670103092783, 0.09278350515463918, 0.10309278350515463, 0.07731958762886598, 0.030927835051546393, 0.061855670103092786, 0.02577319587628866, 0.03608247422680412, 0.005154639175257732, 0.0, 0.0, 0.0, 0.0, 0.0, 0.0, 0.0, 0.0, 0.0, 0.0, 0.0], [0.0, 0.0, 0.0, 0.0, 0.0, 0.0, 0.0, 0.0013679890560875513, 0.0012627591286962013, 0.004630116805219404, 0.007155635062611807, 0.011470062085657162, 0.021572135115226772, 0.06766284331263811, 0.12111964642744397, 0.148479427549195, 0.177943807218773, 0.11059665368830895, 0.14963695675049984, 0.056824160791329056, 0.03325265705566663, 0.039882142481321686, 0.015784489108702515, 0.007997474481742607, 0.012311901504787962, 0.004735346732610755, 0.002946437966957803, 0.0013679890560875513, 0.0013679890560875513, 0.0006313795643481006, 0.0, 0.0, 0.0], [0.0, 0.0, 0.0004026575397624321, 0.002214616468693376, 0.0016106301590497283, 0.0034225890879806724, 0.007046506945842561, 0.01268371250251661, 0.018924904368834306, 0.035635192268975234, 0.04992953493054157, 0.06865311052949466, 0.09361787799476545, 0.11254278236359976, 0.12119991946849205, 0.1205959331588484, 0.11999194684920475, 0.06704248037044494, 0.07247835715723777, 0.02899134286289511, 0.01771693174954701, 0.01570364405073485, 0.008858465874773505, 0.005033219247030401, 0.006442520636198913, 0.0038252466277431045, 0.0024159452385745924, 0.0014093013891685123, 0.0010066438494060802, 0.00020132876988121604, 0.0004026575397624321, 0.0, 0.0], [0.002688172043010753, 0.002688172043010753, 0.0, 0.008064516129032258, 0.005376344086021506, 0.01881720430107527, 0.013440860215053764, 0.03763440860215054, 0.056451612903225805, 0.12365591397849462, 0.11559139784946236, 0.12903225806451613, 0.09946236559139784, 0.11021505376344086, 0.06989247311827956, 0.06989247311827956, 0.051075268817204304, 0.013440860215053764, 0.024193548387096774, 0.03225806451612903, 0.010752688172043012, 0.002688172043010753, 0.002688172043010753, 0.0, 0.0, 0.0, 0.0, 0.0, 0.0, 0.0, 0.0, 0.0, 0.0], [0.00021050415745710977, 0.00021050415745710977, 0.0005262603936427745, 0.00031575623618566466, 0.0005262603936427745, 0.0012630249447426586, 0.0015787811809283233, 0.00431533522787075, 0.007683401747184507, 0.016314072202926008, 0.025681507209767394, 0.03441742974423745, 0.04157457109777918, 0.04610041048310704, 0.058414903694347965, 0.0667298179139038, 0.20271550363119673, 0.13240711504052205, 0.14503736448794863, 0.06451952426060414, 0.0429428481212504, 0.04241658772760762, 0.02168192821808231, 0.013261761919797915, 0.01831386169876855, 0.0050520997789706345, 0.0024207978107567626, 0.002947058204399537, 0.00042100831491421954, 0.0, 0.0, 0.0, 0.0], [0.0, 0.0, 0.0, 0.0, 0.0003901677721420211, 0.0007803355442840422, 0.0011705033164260631, 0.0015606710885680843, 0.0023410066328521262, 0.009364026531408505, 0.012875536480686695, 0.015996878657822865, 0.0222395630120952, 0.03745610612563402, 0.06203667577058135, 0.07803355442840422, 0.10417479516191963, 0.08817791650409676, 0.17674600078033553, 0.06944986344127975, 0.07374170893484198, 0.09715177526336324, 0.04291845493562232, 0.017167381974248927, 0.04721030042918455, 0.01404603979711276, 0.012485368708544674, 0.008583690987124463, 0.0027311744049941474, 0.0011705033164260631, 0.0, 0.0, 0.0], [0.0, 0.0, 0.00017633574325515782, 0.0, 0.0008816787162757891, 0.0005290072297654734, 0.0014106859460412625, 0.004408393581378946, 0.008464115676247575, 0.0146358666901781, 0.021336624933874095, 0.02997707635337683, 0.053606065949567974, 0.06453888203138776, 0.10121671662846059, 0.1250220419679069, 0.15323576088873214, 0.09645565156057133, 0.14353729500969847, 0.061893845882560396, 0.037383177570093455, 0.037383177570093455, 0.012696173514371363, 0.008287779932992418, 0.013401516487391994, 0.0033503791218479984, 0.002821371892082525, 0.0014106859460412625, 0.001939693175806736, 0.0, 0.0, 0.0, 0.0], [0.0, 0.0, 0.00042271382274200367, 0.00042271382274200367, 0.0005636184303226716, 0.0032408059743553614, 0.006199802733549387, 0.012399605467098774, 0.021135691137100183, 0.03607157954065098, 0.058757221361138506, 0.07425672819501197, 0.0969423700154995, 0.11906439340566437, 0.1386501338593772, 0.12230519938001973, 0.10426940960969423, 0.060448076652106525, 0.06227983655065521, 0.026771875440326897, 0.018176694377906158, 0.015217697618712132, 0.008031562632098069, 0.004227138227420037, 0.003804424404678033, 0.0035226151895166972, 0.0014090460758066788, 0.0002818092151613358, 0.0011272368606453432, 0.0, 0.0, 0.0, 0.0], [0.0, 0.0, 0.0, 0.0, 0.00012669453946534905, 0.0005067781578613962, 0.0016470290130495375, 0.002027112631445585, 0.0044343088812872165, 0.005321170657544659, 0.013429621183326999, 0.019510959077663752, 0.02799949322184214, 0.033700747497782846, 0.04839731407576334, 0.04510325604966426, 0.2239959457747371, 0.15406055998986443, 0.21373368807804383, 0.07525655644241733, 0.0397820853921196, 0.04218928164196123, 0.016090206512099327, 0.010642341315089319, 0.013429621183326999, 0.003800836183960471, 0.0017737235525148865, 0.0010135563157227924, 0.002027112631445585, 0.0, 0.0, 0.0, 0.0], [0.0002048760499897562, 0.0, 0.0, 0.0001024380249948781, 0.0001024380249948781, 0.00030731407498463427, 0.001229256299938537, 0.0016390083999180496, 0.004199959024790002, 0.009834050399508297, 0.016082769924195862, 0.019053472649047325, 0.025507068223724647, 0.06340913747182954, 0.14013521819299324, 0.1478180700676091, 0.1698422454415079, 0.10971112476951445, 0.1360376971931981, 0.054804343372259784, 0.03073140749846343, 0.03247285392337636, 0.012702315099364885, 0.00594140544970293, 0.009424298299528785, 0.003175578774841221, 0.0021511985248924403, 0.0021511985248924403, 0.0005121901249743905, 0.0006146281499692685, 0.0001024380249948781, 0.0, 0.0], [0.0, 0.0, 0.0, 0.00017898693395382138, 0.0005369608018614641, 0.00017898693395382138, 0.0012529085376767495, 0.0017898693395382137, 0.00393771254698407, 0.006801503490245212, 0.01431895471630571, 0.025058170753534992, 0.04367281188473241, 0.06550921782709862, 0.09522104886343297, 0.11759441560766064, 0.15894039735099338, 0.11759441560766064, 0.1532128154644711, 0.07052085197780562, 0.04403078575264006, 0.03705029532844102, 0.01575085018793628, 0.006443529622337569, 0.010381242169321639, 0.004474673348845534, 0.002863790943261142, 0.0008949346697691068, 0.0008949346697691068, 0.0008949346697691068, 0.0, 0.0, 0.0], [0.0, 0.0, 0.00024752475247524753, 0.00024752475247524753, 0.0017326732673267327, 0.0032178217821782176, 0.0014851485148514852, 0.005445544554455445, 0.011386138613861386, 0.017574257425742576, 0.030693069306930693, 0.04702970297029703, 0.06584158415841584, 0.09232673267326733, 0.11460396039603961, 0.12896039603960396, 0.1306930693069307, 0.0957920792079208, 0.10198019801980197, 0.04554455445544554, 0.029455445544554454, 0.031435643564356436, 0.01410891089108911, 0.006683168316831683, 0.012376237623762377, 0.005445544554455445, 0.0022277227722772275, 0.0027227722772277226, 0.0004950495049504951, 0.00024752475247524753, 0.0, 0.0, 0.0], [0.00018375597206909226, 0.0, 0.0005512679162072767, 0.0012862918044836457, 0.0005512679162072767, 0.001470047776552738, 0.0034913634693127527, 0.006982726938625505, 0.011944138184490995, 0.019845644983461964, 0.03178978316795296, 0.0521866960676222, 0.07442116868798236, 0.10143329658213891, 0.12403528114663727, 0.12826166850422638, 0.13616317530319735, 0.07956633590591694, 0.11282616685042264, 0.040610069827269384, 0.023704520396912898, 0.02278574053656744, 0.010290334435869165, 0.004777655273796398, 0.005145167217934583, 0.0018375597206909224, 0.0009187798603454612, 0.0012862918044836457, 0.0012862918044836457, 0.0003675119441381845, 0.0, 0.0, 0.0], [0.0, 0.0, 0.00012454851164528583, 0.00024909702329057166, 0.0003736455349358575, 0.00012454851164528583, 0.0008718395815170009, 0.0017436791630340018, 0.0027400672561962883, 0.006227425582264292, 0.012330302652883297, 0.014572175862498444, 0.027649769585253458, 0.03400174367916303, 0.14572175862498443, 0.15705567318470545, 0.17386972225681904, 0.11221820899240253, 0.17548885290820776, 0.04757753144849919, 0.025283347863993024, 0.02877070619006103, 0.010212977954913438, 0.006351974093909578, 0.008718395815170008, 0.003113712791132146, 0.0012454851164528584, 0.0009963880931622867, 0.0018682276746792876, 0.0004981940465811433, 0.0, 0.0, 0.0], [0.0, 0.0, 0.0, 0.006211180124223602, 0.006211180124223602, 0.006211180124223602, 0.0, 0.018633540372670808, 0.049689440993788817, 0.09316770186335403, 0.062111801242236024, 0.08074534161490683, 0.07453416149068323, 0.062111801242236024, 0.043478260869565216, 0.12422360248447205, 0.08695652173913043, 0.08695652173913043, 0.037267080745341616, 0.043478260869565216, 0.049689440993788817, 0.012422360248447204, 0.031055900621118012, 0.0, 0.006211180124223602, 0.006211180124223602, 0.0, 0.012422360248447204, 0.0, 0.0, 0.0, 0.0, 0.0], [0.0002207505518763797, 0.00011037527593818985, 0.0, 0.0, 0.0, 0.00011037527593818985, 0.0002207505518763797, 0.0009933774834437086, 0.002317880794701987, 0.004525386313465784, 0.0075055187637969095, 0.009933774834437087, 0.02218543046357616, 0.030022075055187638, 0.05176600441501104, 0.1597130242825607, 0.226158940397351, 0.1491169977924945, 0.15441501103752758, 0.06545253863134658, 0.03774834437086093, 0.03741721854304636, 0.013576158940397352, 0.006843267108167771, 0.011037527593818985, 0.003973509933774834, 0.0018763796909492274, 0.002207505518763797, 0.0005518763796909492, 0.0, 0.0, 0.0, 0.0], [0.0, 0.0, 0.0, 0.00011943150603129105, 0.0, 0.00011943150603129105, 0.0009554520482503284, 0.00035829451809387314, 0.0011943150603129105, 0.00226919861459453, 0.00453839722918906, 0.006688164337752299, 0.011345993072972651, 0.016242684820255582, 0.027827540905290816, 0.10294995819897289, 0.1882240535053147, 0.15155858115370835, 0.2121103547115729, 0.0922011226561567, 0.0587603009673952, 0.05780484891914487, 0.02042278753135077, 0.010987698554878777, 0.01946733548310044, 0.007285321867908754, 0.0033440821688761496, 0.0009554520482503284, 0.0015526095784067838, 0.0002388630120625821, 0.0004777260241251642, 0.0, 0.0], [0.0001958672020370189, 9.793360101850946e-05, 0.0, 0.0001958672020370189, 0.0001958672020370189, 0.0005876016061110567, 0.0007834688081480756, 0.0018607384193516795, 0.0029380080305552833, 0.005582215258055039, 0.009989227303887963, 0.013416903339535794, 0.017432180981294683, 0.02458133385564587, 0.03408089315444129, 0.14063265106257958, 0.1678581921457252, 0.13926158064832045, 0.1896973851728528, 0.08539810008814024, 0.05131720693369895, 0.05758495739888356, 0.02154539222407208, 0.011262364117128587, 0.014787973753794927, 0.004504945646851435, 0.002350406424444227, 0.0014690040152776417, 0.0003917344040740378, 0.0, 0.0, 0.0, 0.0], [0.0, 0.0, 0.0, 0.0014367816091954023, 0.0014367816091954023, 0.0, 0.0, 0.007183908045977011, 0.007183908045977011, 0.005747126436781609, 0.01293103448275862, 0.02586206896551724, 0.04310344827586207, 0.08620689655172414, 0.1221264367816092, 0.17385057471264367, 0.17385057471264367, 0.1235632183908046, 0.1221264367816092, 0.04885057471264368, 0.022988505747126436, 0.01293103448275862, 0.0014367816091954023, 0.007183908045977011, 0.0, 0.0, 0.0, 0.0, 0.0, 0.0, 0.0, 0.0, 0.0], [0.0, 0.0, 0.0, 9.099181073703367e-05, 0.0, 9.099181073703367e-05, 0.000272975432211101, 0.0007279344858962694, 0.001637852593266606, 0.004913557779799818, 0.007370336669699727, 0.012556869881710645, 0.021474067333939945, 0.0275705186533212, 0.04040036396724295, 0.04877161055505005, 0.08817106460418563, 0.1670609645131938, 0.28362147406733396, 0.09681528662420383, 0.058780709736123746, 0.07643312101910828, 0.02029117379435851, 0.01019108280254777, 0.020200181983621474, 0.005277525022747953, 0.002456778889899909, 0.0023657870791628753, 0.0022747952684258415, 0.00018198362147406734, 0.0, 0.0, 0.0], [9.893153937475267e-05, 9.893153937475267e-05, 9.893153937475267e-05, 0.0, 0.0003957261574990107, 0.0003957261574990107, 0.000296794618124258, 0.0009893153937475267, 0.0010882469331222793, 0.005243371586861892, 0.009497427779976256, 0.019093787099327266, 0.032845271072417886, 0.04461812425801345, 0.06499802136921251, 0.07667194301543331, 0.09645825089038386, 0.20745943806885636, 0.2299168975069252, 0.09151167392164622, 0.04590423426988524, 0.04155124653739612, 0.014740799366838147, 0.006331618519984171, 0.004155124653739612, 0.001780767708745548, 0.0033636723387415906, 0.0003957261574990107, 0.0, 0.0, 0.0, 0.0, 0.0], [0.0, 0.00010532968190436065, 0.0, 0.00010532968190436065, 0.00010532968190436065, 0.0005266484095218032, 0.0007373077733305245, 0.0016852749104697704, 0.0023172530018959344, 0.004529176321887508, 0.008426374552348851, 0.013798188329471245, 0.04961028017695387, 0.0824731409311144, 0.11143880345481356, 0.14008847693279966, 0.1587318306298715, 0.11638929850431852, 0.13829787234042554, 0.06488308405308615, 0.039498630714135244, 0.03402148725510849, 0.01485148514851485, 0.006319780914261639, 0.005793132504739835, 0.0025279123657046556, 0.0012639561828523278, 0.001474615546661049, 0.0, 0.0, 0.0, 0.0, 0.0], [0.0, 0.0, 0.0, 0.0, 0.00023623907394283014, 0.0, 0.0008268367587999055, 0.0023623907394283014, 0.004842901015828018, 0.007795889440113395, 0.016418615639026694, 0.025159461374911412, 0.04193243562485235, 0.06673753838884952, 0.1034727143869596, 0.12579730687455706, 0.15261044176706828, 0.09780297661233169, 0.16725726435152374, 0.059886605244507445, 0.03744389321993858, 0.03862508858965273, 0.01653673517599811, 0.006614694070399244, 0.012638790455941414, 0.005079140089770848, 0.004016064257028112, 0.0024805102763997165, 0.002008032128514056, 0.0004724781478856603, 0.0009449562957713206, 0.0, 0.0], [0.0, 0.0001719986240110079, 0.0001719986240110079, 0.0003439972480220158, 0.0010319917440660474, 0.0010319917440660474, 0.0017199862401100791, 0.0025799793601651187, 0.005675954592363261, 0.017887856897144824, 0.04231166150670795, 0.059511523907808735, 0.07877536979704163, 0.1044031647746818, 0.1259029927760578, 0.11833505331957345, 0.14637082903336773, 0.07757137942896457, 0.1150670794633643, 0.029755761953904367, 0.0239078087375301, 0.020983832129342964, 0.008427932576539388, 0.004471964224286206, 0.007223942208462332, 0.0020639834881320948, 0.0020639834881320948, 0.0003439972480220158, 0.0010319917440660474, 0.0008599931200550396, 0.0, 0.0, 0.0], [0.0, 0.0, 0.0, 0.0007258649891120251, 0.0009678199854827002, 0.0021775949673360755, 0.0038712799419308008, 0.007016694894749577, 0.013549479796757804, 0.015243164771352529, 0.026373094604403582, 0.04282603435760948, 0.054197919187031214, 0.08226469876602951, 0.12388095814178562, 0.13162351802564723, 0.14904427776433585, 0.096056133559158, 0.11008952334865715, 0.048149044277764334, 0.02782482458262763, 0.022259859666102104, 0.012339704814904429, 0.009436244858456327, 0.008468424872973626, 0.0031454149528187757, 0.0026615049600774254, 0.003387369949189451, 0.0014517299782240503, 0.0009678199854827002, 0.0, 0.0, 0.0], [0.00022373867322966775, 0.0, 0.0, 0.0, 0.0004474773464593355, 0.0004474773464593355, 0.001678040049222508, 0.003356080098445016, 0.004922250811052691, 0.00950889361226088, 0.017451616511914084, 0.0412797852108737, 0.08457321848081441, 0.11970019017787224, 0.1473319163217362, 0.1509117350934109, 0.13793489204609016, 0.08065779169929523, 0.09587202147891263, 0.034232017004139165, 0.020695827273744267, 0.024163776708804117, 0.00894954692918671, 0.004474773464593355, 0.007159637543349368, 0.0022373867322966774, 0.0005593466830741693, 0.000894954692918671, 0.00011186933661483388, 0.00022373867322966775, 0.0, 0.0, 0.0], [0.0, 0.0, 0.0, 0.0002820078962210942, 0.0001410039481105471, 0.0001410039481105471, 0.0014100394811054709, 0.00042301184433164127, 0.0021150592216582064, 0.004653130287648054, 0.00775521714608009, 0.009306260575296108, 0.014664410603496898, 0.06161872532430908, 0.11435420191765369, 0.1386068809926678, 0.17315284827975183, 0.11082910321489002, 0.16638465877044556, 0.05922165820642978, 0.03750705019740553, 0.04103214890016921, 0.018753525098702765, 0.007896221094190638, 0.014805414551607445, 0.004935138183869149, 0.005076142131979695, 0.0022560631697687537, 0.0018330513254371122, 0.0005640157924421884, 0.0002820078962210942, 0.0, 0.0], [0.0, 0.0, 0.00017232465965879716, 0.0003446493193175943, 0.001033947957952783, 0.0013785972772703773, 0.0022402205755643633, 0.004652765810787524, 0.007582285024987076, 0.0182664139238325, 0.030329140099948304, 0.04170256763742892, 0.06806824056522488, 0.09098742029984491, 0.11700844390832328, 0.13217301395829742, 0.14578666207134242, 0.08943649836291573, 0.12407375495433397, 0.044804411511287265, 0.02739962088574875, 0.021712907117008445, 0.01033947957952783, 0.004652765810787524, 0.005514389109081509, 0.0012062726176115801, 0.0024125452352231603, 0.003963467172152335, 0.0025848698948819577, 0.00017232465965879716, 0.0, 0.0, 0.0], [0.00011710973181871414, 0.0, 0.0, 0.0, 0.00011710973181871414, 0.0010539875863684273, 0.0007026583909122848, 0.002342194636374283, 0.0028106335636491394, 0.005738376859116993, 0.013936058086426981, 0.021782410118280828, 0.03513291954561424, 0.04251083265019323, 0.05890619510481321, 0.1168755123550767, 0.20927509076004217, 0.14954912753249794, 0.16032322285981965, 0.07155404614123434, 0.04461880782293009, 0.0331420541046961, 0.013467619159152126, 0.005504157395479564, 0.005621267127298279, 0.00199086544091814, 0.002342194636374283, 0.00046843892727485657, 0.00011710973181871414, 0.0, 0.0, 0.0, 0.0], [0.0, 0.0, 0.0, 0.00014760147601476016, 0.00014760147601476016, 0.00044280442804428045, 0.0005904059040590406, 0.0016236162361623616, 0.0026568265682656825, 0.005608856088560886, 0.023468634686346863, 0.032767527675276756, 0.06760147601476015, 0.09608856088560885, 0.1322509225092251, 0.14538745387453875, 0.15645756457564575, 0.10361623616236162, 0.11099630996309963, 0.043099630996309965, 0.026125461254612545, 0.02051660516605166, 0.00988929889298893, 0.004723247232472325, 0.007970479704797048, 0.0025092250922509225, 0.0026568265682656825, 0.0011808118081180813, 0.0014760147601476014, 0.0, 0.0, 0.0, 0.0], [0.0, 0.0, 0.0, 0.0001545595054095827, 0.0, 0.0006182380216383308, 0.0009273570324574962, 0.0009273570324574962, 0.00231839258114374, 0.002009273570324575, 0.005255023183925811, 0.01097372488408037, 0.03987635239567233, 0.06398763523956723, 0.0919629057187017, 0.11761978361669242, 0.15595054095826894, 0.11004636785162288, 0.1794435857805255, 0.07032457496136012, 0.04157650695517774, 0.04605873261205564, 0.020401854714064915, 0.011282843894899537, 0.015765069551777436, 0.00633693972179289, 0.0027820710973724882, 0.0007727975270479134, 0.00231839258114374, 0.0003091190108191654, 0.0, 0.0, 0.0], [0.0, 0.0, 0.0001157273463719477, 0.0, 0.0002314546927438954, 0.0003471820391158431, 0.0003471820391158431, 0.0012730008100914245, 0.0010415461173475292, 0.003819002430274274, 0.006712186089572966, 0.016086101145700728, 0.026848744358291866, 0.044902210392315706, 0.055433398912162944, 0.15831500983682445, 0.18134475176484202, 0.10970952436060641, 0.18134475176484202, 0.0645758592755468, 0.04397639162134012, 0.039925934498321956, 0.02360837865987733, 0.01203564402268256, 0.01643328318481657, 0.00451336650850596, 0.00300891100567064, 0.0020830922346950585, 0.0010415461173475292, 0.0009258187709755816, 0.0, 0.0, 0.0], [0.0, 0.0, 0.0, 0.0, 9.409993413004611e-05, 9.409993413004611e-05, 9.409993413004611e-05, 0.000846899407170415, 0.001787898748470876, 0.004799096640632352, 0.009127693610614473, 0.016561588406888116, 0.028418180107273924, 0.03604027477180766, 0.054295661993036606, 0.059094758633668955, 0.07198644960948528, 0.07687964618424767, 0.3277500705749506, 0.11480191963865626, 0.0651171544179919, 0.07236284934600545, 0.01834948715535899, 0.009033593676484427, 0.019666886233179637, 0.0050813964430224895, 0.0030111978921614755, 0.002446598287381199, 0.001787898748470876, 0.00047049967065023054, 0.0, 0.0, 0.0], [0.0, 0.0, 0.0, 0.0, 0.0, 0.00010023053021950487, 0.0006013831813170291, 0.0030069159065851457, 0.0053122181016337575, 0.009822591961511477, 0.018041495439510873, 0.03357722762353413, 0.05041595670041094, 0.07717750826901874, 0.11416257392001604, 0.1359125989776486, 0.1730981256890849, 0.10975243059035782, 0.15535732184023254, 0.04780996291470382, 0.024656710433998197, 0.02595970732685176, 0.00701613711536534, 0.0033076074972436605, 0.0025057632554876213, 0.0009020747719755437, 0.0006013831813170291, 0.0006013831813170291, 0.00030069159065851457, 0.0, 0.0, 0.0, 0.0], [0.0, 0.002976190476190476, 0.0, 0.002976190476190476, 0.005952380952380952, 0.020833333333333332, 0.020833333333333332, 0.03869047619047619, 0.08333333333333333, 0.05952380952380952, 0.050595238095238096, 0.07738095238095238, 0.08035714285714286, 0.11904761904761904, 0.125, 0.10714285714285714, 0.07738095238095238, 0.047619047619047616, 0.03869047619047619, 0.01488095238095238, 0.011904761904761904, 0.008928571428571428, 0.0, 0.005952380952380952, 0.0, 0.0, 0.0, 0.0, 0.0, 0.0, 0.0, 0.0, 0.0]]}, "ranks": {"labels": ["Unranked", "Combatatent I", "Combatatent II", "Challenger I", "Challenger II", "Rival I", "Rival II", "Duelist", "Elite"], "data": [[0.130374479889043, 0.18307905686546463, 0.2510402219140083, 0.2302357836338419, 0.10957004160887657, 0.05825242718446602, 0.019417475728155338, 0.018030513176144243, 0.0], [0.0623272178939432, 0.09298818798693138, 0.17667755717516964, 0.26614727318421716, 0.22719276200050265, 0.12415179693390299, 0.031414928373963306, 0.01357124905755215, 0.005529027393817542], [0.007586533902323376, 0.012446657183499289, 0.031175912754860122, 0.06412991939307729, 0.2496443812233286, 0.41559981033665244, 0.09210526315789473, 0.09447605500237079, 0.03283546704599336], [0.015267175572519083, 0.024635669673837613, 0.054938699976867914, 0.09391626185519315, 0.114735137635901, 0.34929447143187603, 0.16018968309044646, 0.14307194078186444, 0.043950959981494335], [0.18041237113402062, 0.16494845360824742, 0.22164948453608246, 0.1958762886597938, 0.10824742268041238, 0.08762886597938144, 0.03608247422680412, 0.005154639175257732, 0.0], [0.007260864990003157, 0.018625697148268967, 0.08923497842786489, 0.26959907397663896, 0.28854046090708196, 0.18194254445964433, 0.0577712301378512, 0.06366410607176681, 0.02336104388087972], [0.08194080934165492, 0.11858264546003625, 0.20616066035836522, 0.24179585262734044, 0.1870344272196497, 0.09059794644654721, 0.028588685323132676, 0.029595329172538754, 0.01570364405073485], [0.26881720430107525, 0.2446236559139785, 0.20967741935483872, 0.13978494623655913, 0.06451612903225806, 0.04032258064516129, 0.026881720430107527, 0.005376344086021506, 0.0], [0.03294390064203768, 0.06009893695400484, 0.08767498158088623, 0.12514472160825177, 0.3351226186717188, 0.18145458372802864, 0.07104515314177455, 0.07736027786548784, 0.029154825807809703], [0.015606710885680842, 0.02887241513850956, 0.059695669137729224, 0.14007023019898557, 0.1923527116660164, 0.2110807647288334, 0.10885680842762388, 0.15723761217323448, 0.08622707764338666], [0.0305060835831423, 0.05131370128725093, 0.11814494798095573, 0.2262387585963675, 0.24969141244930348, 0.18039146535002645, 0.06242285311232587, 0.05836713101745724, 0.022923646623170518], [0.08045653092856137, 0.13301394955615048, 0.21600676342116387, 0.2609553332393969, 0.16471748626180077, 0.07622939270114133, 0.030999013667746936, 0.02747639847823024, 0.010145131745808087], [0.014063093880653743, 0.032940580260990754, 0.06170024071962498, 0.09350057012542759, 0.37805650576460154, 0.2573166096541239, 0.07145572025845687, 0.06892182946914988, 0.022044849866970733], [0.017619340299119032, 0.03513624257324319, 0.0889162056955542, 0.28795328826060235, 0.27955337021102233, 0.1669739807416513, 0.05459946732227003, 0.05111657447244417, 0.018131530424093423], [0.014676928584213352, 0.0393771254698407, 0.10918202971183104, 0.21281546447109362, 0.276534812958654, 0.19205298013245034, 0.07571147306246644, 0.059244675138714877, 0.020404510470735635], [0.04133663366336634, 0.07772277227722772, 0.15816831683168317, 0.24356435643564356, 0.2264851485148515, 0.12698019801980198, 0.05, 0.052227722772277226, 0.023514851485148515], [0.04630650496141125, 0.08397647923557515, 0.17585446527012127, 0.25229694965086363, 0.2157295112091143, 0.1376332230797501, 0.039507533994854835, 0.037853730246233, 0.010841602352076443], [0.012454851164528585, 0.02690247851538174, 0.06165151326441649, 0.30277743180968986, 0.28608793124922155, 0.20276497695852536, 0.04558475526217462, 0.045335658238884045, 0.016440403537177732], [0.18012422360248448, 0.14285714285714285, 0.13664596273291926, 0.16770186335403728, 0.17391304347826086, 0.055900621118012424, 0.07453416149068323, 0.043478260869565216, 0.024844720496894408], [0.008498896247240617, 0.017439293598233995, 0.0522075055187638, 0.21147902869757174, 0.37527593818984545, 0.19304635761589403, 0.06456953642384106, 0.05783664459161148, 0.019646799116997793], [0.005016123253314225, 0.01122656156694136, 0.027588677893228233, 0.1307774991042637, 0.33978263465902303, 0.2631076077869342, 0.09996417054819061, 0.08921533500537442, 0.033321390182730205], [0.0124375673293507, 0.02340613064342376, 0.04201351483694055, 0.17471354421702087, 0.3071197727940456, 0.23680344726275585, 0.08960924493193614, 0.09039271374008423, 0.023504064244442267], [0.022988505747126436, 0.03879310344827586, 0.12931034482758622, 0.2959770114942529, 0.2974137931034483, 0.15086206896551724, 0.04310344827586207, 0.021551724137931036, 0.0], [0.0077343039126478615, 0.01992720655141037, 0.04904458598726115, 0.08917197452229299, 0.2552320291173794, 0.3403093721565059, 0.0989080982711556, 0.10691537761601456, 0.03275705186533212], [0.008705975464978234, 0.028591214879303523, 0.07746339533043134, 0.14166996438464582, 0.3039176889592402, 0.28106450336367234, 0.08626830233478433, 0.06262366442421845, 0.009695290858725761], [0.010111649462818622, 0.022224562881820096, 0.13208342110806826, 0.25152728038761324, 0.27512112913419, 0.17516326100695176, 0.06751632610069518, 0.05519275331788498, 0.011059616599957868], [0.01606425702811245, 0.041578077013938106, 0.10866997401370186, 0.22927002126151666, 0.25041341837939995, 0.19844082211197733, 0.06614694070399244, 0.06177651783605008, 0.027639971651311126], [0.03061575507395941, 0.10182318541451668, 0.18317853457172342, 0.24423804609563124, 0.22394220846233232, 0.13123495012039904, 0.037495700034399726, 0.03388372893016856, 0.013587891296869626], [0.04355189934672151, 0.06919912896201307, 0.13646261795306072, 0.2555044761674329, 0.24510041132349383, 0.13743043793854343, 0.048632954270505686, 0.04403580933946286, 0.02008226469876603], [0.020583957937129433, 0.058731401722787784, 0.20427340865868665, 0.2982436514151471, 0.2185926837453854, 0.11455420069358989, 0.03624566506320617, 0.037588097102584185, 0.011186933661483387], [0.00916525662718556, 0.017061477721376197, 0.07628313592780597, 0.2529610829103215, 0.28398195149464184, 0.1982515510434292, 0.06486181613085167, 0.0676818950930626, 0.02975183305132544], [0.03567120454937101, 0.07203170773737722, 0.15905566086506978, 0.24918145786662071, 0.23522316043425814, 0.15026710322247114, 0.046010684128898846, 0.0367051525073238, 0.01585386868860934], [0.012882070500058554, 0.03571846820470781, 0.07764375219580748, 0.1757817074598899, 0.35882421829254013, 0.1995549830190889, 0.07694109380489518, 0.05211383065932779, 0.010539875863684272], [0.011217712177121772, 0.05623616236162362, 0.163690036900369, 0.2776383763837638, 0.2600738007380074, 0.13490774907749079, 0.045313653136531365, 0.035129151291512915, 0.015793357933579336], [0.006955177743431221, 0.01622874806800618, 0.10386398763523957, 0.20958268933539412, 0.2659969088098918, 0.21746522411128286, 0.07387944358578052, 0.07774343122102009, 0.028284389489953633], [0.007175095475060757, 0.022798287235273697, 0.07175095475060757, 0.21374840874898737, 0.29105427612544843, 0.21641013771554218, 0.07348686494618678, 0.07556995718088184, 0.028006017822011342], [0.007716194598663781, 0.025689282017502587, 0.06445845487908158, 0.11339042062670557, 0.14886609579373294, 0.39136162604686175, 0.116307518584737, 0.09974593017784887, 0.032464477274865906], [0.018843339681266915, 0.051618723063045005, 0.1275934649694297, 0.2500751728976646, 0.2828505562794427, 0.18292071765059637, 0.04490327753833818, 0.03628345193946076, 0.004911295980755738], [0.23511904761904762, 0.12797619047619047, 0.19940476190476192, 0.23214285714285715, 0.125, 0.041666666666666664, 0.023809523809523808, 0.01488095238095238, 0.0]]}, "ranksDetailed": {"labels": ["Unranked", "Combatatant", "Challenger", "Rival", "Duelist", "Elite"], "data": [[0.130374479889043, 0.43411927877947293, 0.33980582524271846, 0.07766990291262135, 0.018030513176144243, 0.0], [0.0623272178939432, 0.269665745162101, 0.4933400351847198, 0.1555667253078663, 0.01357124905755215, 0.005529027393817542], [0.007586533902323376, 0.04362256993835941, 0.3137743006164059, 0.5077050734945472, 0.09447605500237079, 0.03283546704599336], [0.015267175572519083, 0.07957436965070552, 0.20865139949109415, 0.5094841545223224, 0.14307194078186444, 0.043950959981494335], [0.18041237113402062, 0.3865979381443299, 0.30412371134020616, 0.12371134020618557, 0.005154639175257732, 0.0], [0.007260864990003157, 0.10786067557613385, 0.5581395348837209, 0.23971377459749552, 0.06366410607176681, 0.02336104388087972], [0.08194080934165492, 0.32474330581840144, 0.4288302798469901, 0.11918663176967989, 0.029595329172538754, 0.01570364405073485], [0.26881720430107525, 0.4543010752688172, 0.20430107526881722, 0.06720430107526881, 0.005376344086021506, 0.0], [0.03294390064203768, 0.14777391853489105, 0.4602673402799705, 0.2524997368698032, 0.07736027786548784, 0.029154825807809703], [0.015606710885680842, 0.08856808427623879, 0.33242294186500193, 0.31993757315645727, 0.15723761217323448, 0.08622707764338666], [0.0305060835831423, 0.16945864926820667, 0.475930171045671, 0.24281431846235232, 0.05836713101745724, 0.022923646623170518], [0.08045653092856137, 0.34902071297731435, 0.4256728195011977, 0.10722840636888827, 0.02747639847823024, 0.010145131745808087], [0.014063093880653743, 0.09464082098061574, 0.47155707589002915, 0.32877232991258076, 0.06892182946914988, 0.022044849866970733], [0.017619340299119032, 0.12405244826879738, 0.5675066584716246, 0.22157344806392132, 0.05111657447244417, 0.018131530424093423], [0.014676928584213352, 0.14855915518167173, 0.4893502774297476, 0.26776445319491676, 0.059244675138714877, 0.020404510470735635], [0.04133663366336634, 0.23589108910891088, 0.470049504950495, 0.17698019801980197, 0.052227722772277226, 0.023514851485148515], [0.04630650496141125, 0.25983094450569644, 0.46802646085997796, 0.17714075707460492, 0.037853730246233, 0.010841602352076443], [0.012454851164528585, 0.08855399177979822, 0.5888653630589115, 0.24834973222069998, 0.045335658238884045, 0.016440403537177732], [0.18012422360248448, 0.2795031055900621, 0.3416149068322981, 0.13043478260869565, 0.043478260869565216, 0.024844720496894408], [0.008498896247240617, 0.0696467991169978, 0.5867549668874172, 0.2576158940397351, 0.05783664459161148, 0.019646799116997793], [0.005016123253314225, 0.03881523946016959, 0.47056013376328676, 0.36307177833512483, 0.08921533500537442, 0.033321390182730205], [0.0124375673293507, 0.06541964548036432, 0.4818333170110665, 0.326412692194692, 0.09039271374008423, 0.023504064244442267], [0.022988505747126436, 0.16810344827586207, 0.5933908045977011, 0.1939655172413793, 0.021551724137931036, 0.0], [0.0077343039126478615, 0.06897179253867151, 0.34440400363967244, 0.4392174704276615, 0.10691537761601456, 0.03275705186533212], [0.008705975464978234, 0.10605461020973486, 0.445587653343886, 0.36733280569845667, 0.06262366442421845, 0.009695290858725761], [0.010111649462818622, 0.15430798398988835, 0.5266484095218033, 0.24267958710764692, 0.05519275331788498, 0.011059616599957868], [0.01606425702811245, 0.15024805102763997, 0.4796834396409166, 0.26458776281596974, 0.06177651783605008, 0.027639971651311126], [0.03061575507395941, 0.28500171998624013, 0.4681802545579635, 0.16873065015479877, 0.03388372893016856, 0.013587891296869626], [0.04355189934672151, 0.2056617469150738, 0.5006048874909267, 0.1860633922090491, 0.04403580933946286, 0.02008226469876603], [0.020583957937129433, 0.26300481038147444, 0.5168363351605325, 0.15079986575679608, 0.037588097102584185, 0.011186933661483387], [0.00916525662718556, 0.09334461364918217, 0.5369430344049634, 0.26311336717428085, 0.0676818950930626, 0.02975183305132544], [0.03567120454937101, 0.231087368602447, 0.48440461830087883, 0.19627778735136997, 0.0367051525073238, 0.01585386868860934], [0.012882070500058554, 0.11336222040051529, 0.53460592575243, 0.2764960768239841, 0.05211383065932779, 0.010539875863684272], [0.011217712177121772, 0.2199261992619926, 0.5377121771217712, 0.18022140221402214, 0.035129151291512915, 0.015793357933579336], [0.006955177743431221, 0.12009273570324575, 0.47557959814528594, 0.29134466769706335, 0.07774343122102009, 0.028284389489953633], [0.007175095475060757, 0.09454924198588126, 0.5048026848744358, 0.28989700266172896, 0.07556995718088184, 0.028006017822011342], [0.007716194598663781, 0.09014773689658417, 0.2622565164204385, 0.5076691446315987, 0.09974593017784887, 0.032464477274865906], [0.018843339681266915, 0.17921218803247468, 0.5329257291771073, 0.22782399518893454, 0.03628345193946076, 0.004911295980755738], [0.23511904761904762, 0.3273809523809524, 0.35714285714285715, 0.06547619047619048, 0.01488095238095238, 0.0]]}}}, "eu": {"histType": {"histogram": {"labels": ["0", "100", "200", "300", "400", "500", "600", "700", "800", "900", "1000", "1100", "1200", "1300", "1400", "1500", "1600", "1700", "1800", "1900", "2000", "2100", "2200", "2300", "2400", "2500", "2600", "2700", "2800", "2900", "3000", "3100", "3200"], "data": [[0.0, 0.0, 0.001841620626151013, 0.0, 0.001841620626151013, 0.007366482504604052, 0.01289134438305709, 0.02578268876611418, 0.049723756906077346, 0.07734806629834254, 0.07734806629834254, 0.10865561694290976, 0.10128913443830571, 0.11970534069981584, 0.13996316758747698, 0.09208103130755065, 0.06445672191528545, 0.03867403314917127, 0.034990791896869246, 0.016574585635359115, 0.01289134438305709, 0.0055248618784530384, 0.003683241252302026, 0.007366482504604052, 0.0, 0.0, 0.0, 0.0, 0.0, 0.0, 0.0, 0.0, 0.0], [0.0, 0.00027770063871146905, 0.0008331019161344071, 0.0011108025548458762, 0.0016662038322688142, 0.0038878089419605664, 0.0069425159677867256, 0.010830324909747292, 0.019439044709802834, 0.03443487920022216, 0.04498750347125798, 0.0619272424326576, 0.08164398778117189, 0.10441544015551235, 0.1355179116911969, 0.13107470147181338, 0.14134962510413773, 0.06831435712302138, 0.09497361843932241, 0.024159955567897805, 0.012218828103304638, 0.009164121077478478, 0.004165509580672035, 0.0027770063871146904, 0.0022216051096917524, 0.0011108025548458762, 0.0005554012774229381, 0.0, 0.0, 0.0, 0.0, 0.0, 0.0], [0.0, 0.0, 0.0, 0.00011974613818704346, 0.00011974613818704346, 0.00011974613818704346, 0.0, 0.0007184768291222608, 0.0019159382109926954, 0.0026344150401149563, 0.00586756077116513, 0.009579691054963478, 0.011974613818704348, 0.015327505687941563, 0.025146689019279127, 0.03496587235061669, 0.1796192072805652, 0.1539935337085379, 0.3258292420069453, 0.08011016644713208, 0.051969823973176864, 0.052329062387738, 0.01832115914261765, 0.00790324512034487, 0.01173512154233026, 0.0051490839420428695, 0.0019159382109926954, 0.002275176625553826, 0.00011974613818704346, 0.00023949227637408692, 0.0, 0.0, 0.0], [0.0, 0.0, 0.0, 0.00011103708638685321, 0.00011103708638685321, 0.00022207417277370642, 0.0007772596047079725, 0.002109704641350211, 0.0024428159005107706, 0.005773928492116367, 0.011658894070619586, 0.01698867421718854, 0.02076393515434155, 0.02620475238729736, 0.04286031534532534, 0.0536309127248501, 0.0759493670886076, 0.051410170997113036, 0.27559404841216967, 0.14756828780812792, 0.09227181878747502, 0.08816344659116145, 0.03075727292915834, 0.013324450366422385, 0.02387297357317344, 0.007883633133466577, 0.0043304463690872754, 0.001554519209415945, 0.0034421496779924493, 0.00022207417277370642, 0.0, 0.0, 0.0], [0.0, 0.0, 0.0, 0.0, 0.0, 0.02127659574468085, 0.026595744680851064, 0.05319148936170213, 0.06382978723404255, 0.047872340425531915, 0.07446808510638298, 0.0797872340425532, 0.06382978723404255, 0.11702127659574468, 0.09042553191489362, 0.14893617021276595, 0.031914893617021274, 0.06382978723404255, 0.031914893617021274, 0.05319148936170213, 0.010638297872340425, 0.005319148936170213, 0.0, 0.005319148936170213, 0.010638297872340425, 0.0, 0.0, 0.0, 0.0, 0.0, 0.0, 0.0, 0.0], [0.0, 0.00010501995379122033, 0.00010501995379122033, 0.00021003990758244065, 0.000315059861373661, 0.00010501995379122033, 0.00021003990758244065, 0.0011552194917034237, 0.001890359168241966, 0.003885738290275152, 0.007876496534341524, 0.011867254778407898, 0.01848351186725478, 0.0898970804452846, 0.12791430371770637, 0.13736609955891618, 0.16246586851501785, 0.11079605124973745, 0.15059861373660996, 0.05660575509346776, 0.036231884057971016, 0.039907582440663725, 0.014