{"region": {"us": {"histType": {"histogram": {"labels": ["0", "100", "200", "300", "400", "500", "600", "700", "800", "900", "1000", "1100", "1200", "1300", "1400", "1500", "1600", "1700", "1800", "1900", "2000", "2100", "2200", "2300", "2400", "2500", "2600", "2700", "2800", "2900", "3000", "3100", "3200"], "data": [[0.0, 0.0, 0.003215434083601286, 0.003215434083601286, 0.006430868167202572, 0.006430868167202572, 0.022508038585209004, 0.012861736334405145, 0.03215434083601286, 0.028938906752411574, 0.0707395498392283, 0.07395498392282958, 0.08360128617363344, 0.1189710610932476, 0.10610932475884244, 0.11254019292604502, 0.09967845659163987, 0.05466237942122187, 0.05466237942122187, 0.04823151125401929, 0.028938906752411574, 0.00964630225080386, 0.00964630225080386, 0.0, 0.012861736334405145, 0.0, 0.0, 0.0, 0.0, 0.0, 0.0, 0.0, 0.0], [0.0, 0.0008237232289950577, 0.0, 0.00041186161449752884, 0.0008237232289950577, 0.0016474464579901153, 0.004942339373970346, 0.01070840197693575, 0.011120263591433279, 0.019769357495881382, 0.03459637561779242, 0.04242174629324547, 0.06383855024711697, 0.07454695222405272, 0.10090609555189456, 0.12108731466227347, 0.1470345963756178, 0.08937397034596375, 0.15197693574958815, 0.05560131795716639, 0.02471169686985173, 0.016474464579901153, 0.009884678747940691, 0.004942339373970346, 0.004942339373970346, 0.0016474464579901153, 0.0032948929159802307, 0.002059308072487644, 0.00041186161449752884, 0.0, 0.0, 0.0, 0.0], [0.00013798813302056022, 0.0, 0.0, 0.00027597626604112044, 0.00027597626604112044, 0.00027597626604112044, 0.00027597626604112044, 0.0006899406651028012, 0.0034497033255140057, 0.004415620256657927, 0.007865323582171933, 0.01131502690768594, 0.017662481026631708, 0.028011591003173728, 0.042362356837311994, 0.06375051745549883, 0.1010073133710501, 0.10514695736166689, 0.27832206430247, 0.0856906306057679, 0.061404719194149304, 0.09079619152752863, 0.026769697805988684, 0.014350765834138263, 0.032841175658893336, 0.010073133710500897, 0.004829584655719608, 0.004001655857596246, 0.0013798813302056023, 0.0024837863943700843, 0.00013798813302056022, 0.0, 0.0], [0.0, 0.0, 0.0, 0.0, 0.00012794268167860799, 0.00012794268167860799, 0.0008955987717502559, 0.0023029682702149436, 0.0060133060388945754, 0.010363357215967246, 0.016248720573183214, 0.01906345957011259, 0.035184237461617196, 0.0465711361310133, 0.06704196519959059, 0.0898157625383828, 0.15276356192425794, 0.11617195496417605, 0.2016376663254862, 0.08431422722620266, 0.05258444216990788, 0.05706243602865916, 0.01701637666325486, 0.007420675537359263, 0.011642784032753326, 0.0024309109518935515, 0.0011514841351074718, 0.0015353121801432957, 0.00025588536335721597, 0.0, 0.00025588536335721597, 0.0, 0.0], [0.0, 0.0, 0.0, 0.0, 0.008771929824561403, 0.0, 0.008771929824561403, 0.03508771929824561, 0.03508771929824561, 0.05263157894736842, 0.043859649122807015, 0.07894736842105263, 0.07017543859649122, 0.10526315789473684, 0.07894736842105263, 0.10526315789473684, 0.06140350877192982, 0.03508771929824561, 0.08771929824561403, 0.08771929824561403, 0.02631578947368421, 0.043859649122807015, 0.017543859649122806, 0.017543859649122806, 0.0, 0.0, 0.0, 0.0, 0.0, 0.0, 0.0, 0.0, 0.0], [0.0, 0.0, 0.0, 0.0, 0.0, 0.00013003901170351105, 0.0, 0.0018205461638491547, 0.0018205461638491547, 0.006631989596879064, 0.010533159947984396, 0.017165149544863458, 0.031599479843953185, 0.0540962288686606, 0.07867360208062418, 0.10871261378413524, 0.1578673602080624, 0.11092327698309493, 0.17256176853055916, 0.07321196358907672, 0.042782834850455136, 0.0611183355006502, 0.020286085825747726, 0.010273081924577373, 0.02080624187256177, 0.008192457737321196, 0.003250975292587776, 0.003250975292587776, 0.002080624187256177, 0.0007802340702210664, 0.0014304291287386215, 0.0, 0.0], [0.0, 0.0, 0.0002642007926023778, 0.001585204755614267, 0.001585204755614267, 0.003170409511228534, 0.005812417437252312, 0.008982826948480845, 0.017437252311756937, 0.024570673712021138, 0.03883751651254954, 0.04702774108322325, 0.07001321003963012, 0.08348745046235138, 0.10911492734478204, 0.12338177014531043, 0.12523117569352707, 0.08190224570673713, 0.11043593130779393, 0.03883751651254954, 0.028005284015852047, 0.02906208718626156, 0.011096433289299868, 0.007133421400264201, 0.012681638044914135, 0.006340819022457068, 0.006869220607661823, 0.0023778071334214002, 0.0018494055482166448, 0.0007926023778071334, 0.0021136063408190224, 0.0, 0.0], [0.0033333333333333335, 0.0, 0.0033333333333333335, 0.01, 0.016666666666666666, 0.013333333333333334, 0.016666666666666666, 0.05, 0.05, 0.1, 0.08666666666666667, 0.10333333333333333, 0.09, 0.10333333333333333, 0.07666666666666666, 0.06666666666666667, 0.06666666666666667, 0.03333333333333333, 0.02666666666666667, 0.03666666666666667, 0.006666666666666667, 0.013333333333333334, 0.02, 0.006666666666666667, 0.0, 0.0, 0.0, 0.0, 0.0, 0.0, 0.0, 0.0, 0.0], [0.00042207449614857024, 0.00031655587211142766, 0.0005275931201857128, 0.0005275931201857128, 0.0005275931201857128, 0.001688297984594281, 0.0017938166086314234, 0.0052759312018571276, 0.009180120291231402, 0.020365094439168514, 0.03323836657169991, 0.04674475044845415, 0.05982905982905983, 0.06742640075973409, 0.08758045795082832, 0.09559987337765116, 0.13865147198480532, 0.0971826527382083, 0.11522633744855967, 0.06067320882135697, 0.042735042735042736, 0.0438957475994513, 0.019309908198797087, 0.012345679012345678, 0.020470613063205655, 0.008758045795082832, 0.005592487073968555, 0.001688297984594281, 0.0022158911047799935, 0.00021103724807428512, 0.0, 0.0, 0.0], [0.0, 0.0, 0.0, 0.0, 0.00036913990402362494, 0.00036913990402362494, 0.00036913990402362494, 0.00036913990402362494, 0.0007382798080472499, 0.005537098560354375, 0.0070136581764488745, 0.005906238464377999, 0.012181616832779624, 0.021040974529346623, 0.04023624953857512, 0.06349206349206349, 0.07788851974898486, 0.0812107788851975, 0.18752307124400147, 0.08084163898117387, 0.08527131782945736, 0.12144702842377261, 0.05057216685123662, 0.02547065337763012, 0.06866002214839424, 0.022886674049464747, 0.013658176448874123, 0.014765596160944998, 0.006644518272425249, 0.004060538944259874, 0.0014765596160944998, 0.0, 0.0], [0.0, 0.0, 0.0003244646333549643, 0.0, 0.0016223231667748216, 0.0016223231667748216, 0.0035691109669046075, 0.003893575600259572, 0.012005191434133679, 0.018170019467878003, 0.030499675535366644, 0.03439325113562622, 0.05970149253731343, 0.07235561323815703, 0.09214795587280987, 0.11194029850746269, 0.14049318624269955, 0.09117456197274497, 0.15120051914341337, 0.054510058403634, 0.036340038935756006, 0.04023361453601557, 0.012654120700843608, 0.008436080467229072, 0.01135626216742375, 0.004218040233614536, 0.001946787800129786, 0.0016223231667748216, 0.001946787800129786, 0.0016223231667748216, 0.0, 0.0, 0.0], [0.0001837897445322551, 0.0, 0.0005513692335967653, 0.0005513692335967653, 0.0009189487226612755, 0.0020216871898548062, 0.004594743613306377, 0.008270538503951479, 0.013784230839919132, 0.022973718066531888, 0.0487042823010476, 0.06395883109722478, 0.08968939533174049, 0.0974085646020952, 0.13435030325307848, 0.13122587759603013, 0.12883661091711082, 0.07425105679103106, 0.08031611836059548, 0.03749310788458004, 0.019297923175886786, 0.01837897445322551, 0.008086748759419225, 0.005329902591435398, 0.0040433743797096125, 0.0014703179562580407, 0.001837897445322551, 0.0009189487226612755, 0.0005513692335967653, 0.0, 0.0, 0.0, 0.0], [0.0, 0.0, 0.0, 0.0, 0.0003459609064175748, 0.0006919218128351496, 0.0027676872513405985, 0.0031136481577581734, 0.007265179034769071, 0.009513924926483307, 0.023525341636395088, 0.03563397336101021, 0.04878048780487805, 0.06746237675142709, 0.10603701781698668, 0.11226431413250303, 0.14478463933575506, 0.10326933056564608, 0.15775817332641412, 0.059851236810240446, 0.0370178169866805, 0.03597993426742778, 0.013492475350285417, 0.008303061754021795, 0.012800553537450268, 0.005016433143054835, 0.0015568240788790867, 0.0010378827192527244, 0.0017298045320878741, 0.0, 0.0, 0.0, 0.0], [0.00023551577955723034, 0.0, 0.0, 0.00011775788977861517, 0.00023551577955723034, 0.0003532736693358455, 0.0015308525671219972, 0.0023551577955723034, 0.004945831370701837, 0.013424399434762129, 0.02166745171926519, 0.026848798869524258, 0.036740461610927935, 0.04875176636834668, 0.07030146019783326, 0.09455958549222798, 0.13601036269430053, 0.11186999528968442, 0.17369288742345737, 0.08254828073480923, 0.05322656617993406, 0.05758360810174282, 0.020018841262364577, 0.010009420631182289, 0.0170748940178992, 0.0051813471502590676, 0.0038860103626943004, 0.0025906735751295338, 0.0015308525671219972, 0.0023551577955723034, 0.0003532736693358455, 0.0, 0.0], [0.0, 0.0, 0.0, 0.0, 0.0004682744088035589, 0.00023413720440177945, 0.0007024116132053383, 0.0007024116132053383, 0.00421446967923203, 0.00421446967923203, 0.013111683446499649, 0.018028564738937016, 0.036291266682275815, 0.051744322172793254, 0.07422149379536408, 0.10091313509716694, 0.1493795364083353, 0.11589791617888083, 0.17138843362210254, 0.07960664949660501, 0.0580660266916413, 0.05689534066963241, 0.022711308826972604, 0.010302036993678295, 0.01662374151252634, 0.0077265277452587214, 0.0018730976352142356, 0.0018730976352142356, 0.0009365488176071178, 0.0018730976352142356, 0.0, 0.0, 0.0], [0.0, 0.00041152263374485596, 0.0, 0.0, 0.0012345679012345679, 0.0012345679012345679, 0.0008230452674897119, 0.0049382716049382715, 0.009876543209876543, 0.013991769547325103, 0.019753086419753086, 0.031275720164609055, 0.047736625514403296, 0.05720164609053498, 0.08065843621399177, 0.10411522633744856, 0.13580246913580246, 0.10246913580246914, 0.13580246913580246, 0.06460905349794238, 0.05308641975308642, 0.046502057613168724, 0.027983539094650206, 0.01440329218106996, 0.017695473251028805, 0.009876543209876543, 0.004526748971193415, 0.006172839506172839, 0.00411522633744856, 0.0024691358024691358, 0.0012345679012345679, 0.0, 0.0], [0.00022119000221190003, 0.0, 0.00044238000442380006, 0.00044238000442380006, 0.00044238000442380006, 0.0008847600088476001, 0.0015483300154833, 0.0037602300376023004, 0.007520460075204601, 0.012165450121654502, 0.022340190223401904, 0.039593010395930106, 0.0676841406768414, 0.0789648307896483, 0.10639239106392391, 0.12475116124751161, 0.1366954213669542, 0.09289980092899801, 0.1285113912851139, 0.050652510506525104, 0.034284450342844504, 0.04025658040256581, 0.014819730148197301, 0.0077416500774165, 0.013050210130502102, 0.0053085600530856005, 0.0035390400353904005, 0.0019907100199071004, 0.0015483300154833, 0.0015483300154833, 0.0, 0.0, 0.0], [0.0, 0.0, 0.00016722408026755852, 0.00033444816053511704, 0.0005016722408026755, 0.00033444816053511704, 0.0011705685618729096, 0.002842809364548495, 0.004013377926421404, 0.01020066889632107, 0.0205685618729097, 0.02608695652173913, 0.04832775919732441, 0.059197324414715716, 0.09832775919732442, 0.12073578595317726, 0.14531772575250837, 0.0979933110367893, 0.181438127090301, 0.060033444816053515, 0.034782608695652174, 0.04013377926421405, 0.015217391304347827, 0.007859531772575251, 0.012040133779264214, 0.004180602006688963, 0.0033444816053511705, 0.0016722408026755853, 0.0005016722408026755, 0.0026755852842809363, 0.0, 0.0, 0.0], [0.0, 0.0, 0.0, 0.009009009009009009, 0.009009009009009009, 0.009009009009009009, 0.0, 0.009009009009009009, 0.009009009009009009, 0.05405405405405406, 0.02702702702702703, 0.04504504504504504, 0.04504504504504504, 0.06306306306306306, 0.05405405405405406, 0.11711711711711711, 0.12612612612612611, 0.08108108108108109, 0.07207207207207207, 0.02702702702702703, 0.08108108108108109, 0.036036036036036036, 0.036036036036036036, 0.0, 0.018018018018018018, 0.02702702702702703, 0.009009009009009009, 0.036036036036036036, 0.0, 0.0, 0.0, 0.0, 0.0], [0.0002460024600246002, 0.0001230012300123001, 0.0, 0.0001230012300123001, 0.0002460024600246002, 0.0002460024600246002, 0.00036900369003690036, 0.0015990159901599016, 0.003075030750307503, 0.006519065190651907, 0.011439114391143911, 0.016359163591635917, 0.031611316113161134, 0.04649446494464945, 0.07835178351783517, 0.11709717097170971, 0.16469864698646985, 0.13554735547355473, 0.14883148831488316, 0.07884378843788438, 0.05166051660516605, 0.052521525215252156, 0.020910209102091022, 0.00959409594095941, 0.012546125461254613, 0.005043050430504305, 0.002214022140221402, 0.001107011070110701, 0.0025830258302583027, 0.0, 0.0, 0.0, 0.0], [0.0, 0.0, 0.0, 0.00015688735487919673, 0.0, 0.00031377470975839345, 0.0014119861939127707, 0.0007844367743959837, 0.0020395356134295575, 0.0032946344524631315, 0.0072168183244430495, 0.010982114841543772, 0.019140257295262003, 0.02698462503922184, 0.04581110762472545, 0.07310950737370568, 0.12362723564480703, 0.11719485409475996, 0.19971760276121744, 0.09930969563853154, 0.0718544085346721, 0.09491684970191402, 0.02933793536240979, 0.016473172262315657, 0.028082836523376217, 0.013335425164731723, 0.005961719485409476, 0.004235958581738312, 0.0020395356134295575, 0.0009413241292751804, 0.0017257609036711642, 0.0, 0.0], [0.0003197271661515507, 0.00010657572205051689, 0.0, 0.00021315144410103377, 0.00021315144410103377, 0.0007460300543536182, 0.0008526057764041351, 0.0023446658851113715, 0.003836725993818608, 0.007033997655334115, 0.013641692422466161, 0.018117872748587872, 0.023446658851113716, 0.03740807843973143, 0.052541830970904826, 0.07897261003943301, 0.11307684109559843, 0.11915165725247788, 0.20483853778109345, 0.1028455717787488, 0.06650325055952254, 0.07812000426302888, 0.027283384844932323, 0.014174571032718747, 0.020036235745497177, 0.006927421933283598, 0.0035169988276670576, 0.0012789086646062028, 0.0024512416071618883, 0.0, 0.0, 0.0, 0.0], [0.0, 0.0, 0.0, 0.001692047377326565, 0.001692047377326565, 0.0, 0.0, 0.005076142131979695, 0.008460236886632826, 0.005076142131979695, 0.01692047377326565, 0.025380710659898477, 0.043993231810490696, 0.08460236886632826, 0.09475465313028765, 0.1353637901861252, 0.16243654822335024, 0.12521150592216582, 0.16412859560067683, 0.06091370558375635, 0.02707275803722504, 0.025380710659898477, 0.00676818950930626, 0.001692047377326565, 0.00338409475465313, 0.0, 0.0, 0.0, 0.0, 0.0, 0.0, 0.0, 0.0], [0.0, 0.0, 0.0, 0.0002723064355087592, 0.0, 0.00018153762367250612, 0.0002723064355087592, 0.0008169193065262776, 0.0021784514840700736, 0.005718435145683943, 0.008350730688935281, 0.016156848506853044, 0.026504493056185893, 0.03376599800308614, 0.052373604429518016, 0.06617046382862848, 0.10374875192883726, 0.07969501679223019, 0.2100390305890896, 0.10765181083779614, 0.07152582372696742, 0.12117636380139785, 0.035944449487156215, 0.012072251974221657, 0.025959880185168375, 0.008350730688935281, 0.004992284650993918, 0.0025415267314150857, 0.0018153762367250613, 0.0017246074248888081, 0.0, 0.0, 0.0], [0.00019305019305019305, 9.652509652509652e-05, 9.652509652509652e-05, 0.0, 0.0005791505791505791, 0.0005791505791505791, 0.00048262548262548264, 0.0012548262548262548, 0.0013513513513513514, 0.006563706563706564, 0.011583011583011582, 0.023938223938223938, 0.04391891891891892, 0.060810810810810814, 0.09140926640926642, 0.12258687258687259, 0.1694980694980695, 0.1444015444015444, 0.1718146718146718, 0.060810810810810814, 0.03445945945945946, 0.02944015444015444, 0.011196911196911196, 0.0035714285714285713, 0.005019305019305019, 0.0017374517374517374, 0.001833976833976834, 0.0007722007722007722, 0.0, 0.0, 0.0, 0.0, 0.0], [0.0, 0.00012280486307257767, 0.0, 0.00012280486307257767, 0.00036841458921773305, 0.0008596340415080437, 0.0008596340415080437, 0.0022104875353063983, 0.003438536166032175, 0.006140243153628884, 0.011789266854967458, 0.020999631585410784, 0.031315240083507306, 0.042367677760039295, 0.07196364976053052, 0.11199803512219084, 0.1638216873388186, 0.1242785214294486, 0.1699619304924475, 0.08436694093086086, 0.049367554955176224, 0.05120962790126489, 0.023946948299152646, 0.01006999877195137, 0.011298047402677145, 0.0028245118506692863, 0.0022104875353063983, 0.0020876826722338203, 0.0, 0.0, 0.0, 0.0, 0.0], [0.0, 0.0, 0.0, 0.0, 0.0002905709719599012, 0.0, 0.0008717129158797036, 0.0008717129158797036, 0.0015981403457794566, 0.0034868516635188146, 0.009298271102716839, 0.014964405055934911, 0.027313671364230713, 0.04503850065378469, 0.07787302048525352, 0.10867354351300305, 0.14935347958738923, 0.0976318465785268, 0.19773354641871277, 0.0740955978497748, 0.04561964259770449, 0.059131192793839896, 0.026732529420310912, 0.012930408252215603, 0.02106639546709284, 0.009152985616736888, 0.005956704925177974, 0.003196280691558913, 0.0030509952055789626, 0.0020339968037193083, 0.0020339968037193083, 0.0, 0.0], [0.0003624501631025734, 0.0003624501631025734, 0.0003624501631025734, 0.0007249003262051468, 0.0025371511417180137, 0.0025371511417180137, 0.005436752446538601, 0.008336353751359188, 0.014498006524102935, 0.028633562885103298, 0.038057267125770206, 0.054005074302283435, 0.06016672707502718, 0.08227618702428416, 0.11380935121420804, 0.1116346502355926, 0.11888365349764407, 0.07720188474084813, 0.14932946719826024, 0.04421891989851395, 0.021022109459949256, 0.03225806451612903, 0.009423704240666908, 0.005074302283436027, 0.010511054729974628, 0.0032620514679231605, 0.001812250815512867, 0.0010873504893077202, 0.001812250815512867, 0.0003624501631025734, 0.0, 0.0, 0.0], [0.0, 0.0, 0.0, 0.0019317450096587251, 0.0025756600128783, 0.0025756600128783, 0.0038634900193174502, 0.010946555054732776, 0.0103026400515132, 0.014810045074050225, 0.023824855119124275, 0.0360592401802962, 0.050225370251126854, 0.056664520283322604, 0.0824211204121056, 0.10946555054732775, 0.14552479072762395, 0.10367031551835158, 0.17128139085640695, 0.061171925305859624, 0.028976175144880875, 0.032839665164198326, 0.021249195106245976, 0.005795235028976175, 0.014810045074050225, 0.004507405022537025, 0.00128783000643915, 0.0025756600128783, 0.000643915003219575, 0.0, 0.0, 0.0, 0.0], [0.0002901915264074289, 0.0, 0.0, 0.0, 0.0005803830528148578, 0.0007254788160185723, 0.002901915264074289, 0.005078351712130006, 0.006964596633778294, 0.013929193267556587, 0.02742309924550203, 0.0412071967498549, 0.054991294254207776, 0.07878699941961695, 0.1286999419616947, 0.14001741149158445, 0.1456761462565293, 0.08952408589669182, 0.1266686012768427, 0.041932675565873476, 0.026987811955890888, 0.030760301799187463, 0.0130586186883343, 0.00652930934416715, 0.010737086477074869, 0.00261172373766686, 0.00130586186883343, 0.0010156703424260012, 0.00014509576320371445, 0.0011607661056297156, 0.0002901915264074289, 0.0, 0.0], [0.0, 0.0, 0.0, 0.000653452406883032, 0.00043563493792202136, 0.00021781746896101068, 0.0021781746896101066, 0.000653452406883032, 0.003920714441298192, 0.00980178610324548, 0.016771945109997823, 0.021999564365062077, 0.03397952515791766, 0.04857329557830538, 0.0712263123502505, 0.1062949248529732, 0.11892833805271183, 0.09888913090829884, 0.16641254628621216, 0.07362230450882161, 0.05336527989544761, 0.06229579612284905, 0.028751905902853408, 0.015029405358309737, 0.03180135046830756, 0.01306904813766064, 0.00936615116532346, 0.004791984317142235, 0.0030494445654541493, 0.0023959921585711176, 0.0015247222827270747, 0.0, 0.0], [0.0, 0.0, 0.0, 0.00020255215718047398, 0.00020255215718047398, 0.0, 0.0008102086287218959, 0.0010127607859023698, 0.0026331780433461616, 0.009317399230301802, 0.015393963945716021, 0.028154749848085883, 0.04395381810816285, 0.06481669029775167, 0.09519951387482277, 0.11768280332185538, 0.1470528661130241, 0.10411180879076362, 0.16508000810208628, 0.06886773344136116, 0.041725744379177636, 0.04537168320842617, 0.016406724731618392, 0.007696981972858011, 0.010532712173384647, 0.0028357302005266355, 0.004051043143609479, 0.002228073728985214, 0.0032408345148875837, 0.0014178651002633178, 0.0, 0.0, 0.0], [0.0001315962626661403, 0.0001315962626661403, 0.0001315962626661403, 0.0001315962626661403, 0.0002631925253322806, 0.0011843663639952626, 0.0013159626266614028, 0.0030267140413212266, 0.0046058691933149095, 0.008158968285300697, 0.021186998289248585, 0.031714699302539805, 0.05211212001579155, 0.07053559678905119, 0.09988156336360048, 0.14107119357810238, 0.17107514146598238, 0.11488353730754046, 0.12106856165284906, 0.06342939860507961, 0.03618897223318858, 0.02895117778655086, 0.013291222529280168, 0.0050006579813133304, 0.0050006579813133304, 0.0017107514146598236, 0.000921173838662982, 0.0027635215159889457, 0.0001315962626661403, 0.0, 0.0, 0.0, 0.0], [0.0, 0.0, 0.0, 0.00021048200378867606, 0.00021048200378867606, 0.0008419280151547042, 0.0010524100189433804, 0.0027362660492527887, 0.005051568090928225, 0.007156388128814986, 0.016628078299305408, 0.024836876447063776, 0.042096400757735214, 0.057882551041885916, 0.09219111765944012, 0.1283940223110924, 0.15723005683014102, 0.11534413807619448, 0.14354872658387707, 0.06756472321616502, 0.042517364765312565, 0.04146495474636919, 0.018311934329614817, 0.006314460113660282, 0.016207114291728057, 0.00484108608713955, 0.003367712060618817, 0.0014733740265207324, 0.0012628920227320563, 0.0006314460113660282, 0.0006314460113660282, 0.0, 0.0], [0.0, 0.0, 0.0, 0.0002588661661920787, 0.0, 0.0010354646647683149, 0.0020709293295366298, 0.0028475278281128655, 0.005695055656225731, 0.005695055656225731, 0.01190784364483562, 0.021227025627750452, 0.03132280610924152, 0.04607817758219001, 0.07714211752523945, 0.10768832513590473, 0.13901113124514625, 0.09914574165156614, 0.18301837949779964, 0.07688325135904737, 0.05125550090603158, 0.06161014755371473, 0.02562775045301579, 0.015531969971524721, 0.019414962464405904, 0.009319181982914834, 0.003106393994304944, 0.0012943308309603934, 0.0010354646647683149, 0.000776598498576236, 0.0, 0.0, 0.0], [0.0, 0.0, 0.00014238929232521716, 0.0, 0.0002847785846504343, 0.00042716787697565144, 0.0005695571693008686, 0.0018510608002278229, 0.0018510608002278229, 0.005268403816033034, 0.010821586216716503, 0.024490958279937348, 0.04086572689733732, 0.0689164174854051, 0.09568560444254592, 0.11490815890645023, 0.1438131852484693, 0.10009967250462765, 0.1653139683895771, 0.05966111348426598, 0.042004841235939054, 0.04741563434429731, 0.02377901181831126, 0.010679196924391286, 0.02192795101808344, 0.006549907446959989, 0.005695571693008686, 0.0034173430158052115, 0.0014238929232521715, 0.0012815036309269544, 0.0008543357539513029, 0.0, 0.0], [0.0, 0.0, 9.366804046459348e-05, 0.0, 9.366804046459348e-05, 9.366804046459348e-05, 0.00028100412139378045, 0.0009366804046459348, 0.0020606968902210565, 0.005526414387411015, 0.01049082053203447, 0.019763956538029225, 0.033814162607718246, 0.0473960284750843, 0.06856500562008243, 0.08308355189209442, 0.10556388160359685, 0.07886849007118771, 0.23004870738104158, 0.0962907455976021, 0.06303859123267141, 0.08242787560884227, 0.024634694642188086, 0.009179467965530161, 0.02341701011614837, 0.00646309479205695, 0.002903709254402398, 0.0016860247283626826, 0.0016860247283626826, 0.0015923566878980893, 0.0, 0.0, 0.0], [0.0, 0.0, 0.0, 0.0, 0.0, 0.0001180637544273908, 0.0007083825265643448, 0.0005903187721369539, 0.002243211334120425, 0.0048406139315230225, 0.008028335301062573, 0.01818181818181818, 0.03116883116883117, 0.05430932703659976, 0.0834710743801653, 0.11971664698937426, 0.17142857142857143, 0.12479338842975207, 0.20283353010625738, 0.06953955135773318, 0.03707201889020071, 0.045454545454545456, 0.010979929161747344, 0.004014167650531287, 0.0059031877213695395, 0.0011806375442739079, 0.0011806375442739079, 0.0015348288075560802, 0.0007083825265643448, 0.0, 0.0, 0.0, 0.0], [0.0, 0.00392156862745098, 0.0, 0.00392156862745098, 0.00392156862745098, 0.0196078431372549, 0.027450980392156862, 0.0196078431372549, 0.06666666666666667, 0.03529411764705882, 0.054901960784313725, 0.06666666666666667, 0.06666666666666667, 0.11372549019607843, 0.11372549019607843, 0.12549019607843137, 0.09019607843137255, 0.06666666666666667, 0.043137254901960784, 0.01568627450980392, 0.011764705882352941, 0.023529411764705882, 0.011764705882352941, 0.01568627450980392, 0.0, 0.0, 0.0, 0.0, 0.0, 0.0, 0.0, 0.0, 0.0]]}, "ranks": {"labels": ["Unranked", "Combatatent I", "Combatatent II", "Challenger I", "Challenger II", "Rival I", "Rival II", "Duelist", "Elite"], "data": [[0.1157556270096463, 0.14469453376205788, 0.20257234726688103, 0.21864951768488747, 0.15434083601286175, 0.08360128617363344, 0.04823151125401929, 0.01929260450160772, 0.012861736334405145], [0.05024711696869852, 0.07701812191103789, 0.13838550247116968, 0.22199341021416805, 0.23640856672158156, 0.18533772652388797, 0.04695222405271829, 0.03130148270181219, 0.012355848434925865], [0.009797157444459777, 0.019180350489857872, 0.04567407202980544, 0.10611287429281081, 0.206154270732717, 0.3246860769973782, 0.10073133710500896, 0.13191665516765558, 0.05574720574030633], [0.019831115660184237, 0.035312180143295804, 0.0817553735926305, 0.15685772773797338, 0.268935516888434, 0.24628966223132037, 0.09224667349027636, 0.08149948822927329, 0.017272262026612077], [0.14035087719298245, 0.12280701754385964, 0.17543859649122806, 0.18421052631578946, 0.09649122807017543, 0.14912280701754385, 0.05263157894736842, 0.07894736842105263, 0.0], [0.010403120936280884, 0.027698309492847854, 0.08569570871261378, 0.18738621586475943, 0.26879063719115737, 0.21144343302990898, 0.07711313394018206, 0.09167750325097529, 0.03979193758127438], [0.06340819022457067, 0.08586525759577279, 0.1535006605019815, 0.23249669749009247, 0.2071334214002642, 0.13421400264200792, 0.043064729194187586, 0.047291941875825624, 0.03302509907529723], [0.2633333333333333, 0.19, 0.19333333333333333, 0.14333333333333334, 0.1, 0.04, 0.03, 0.04, 0.0], [0.04062467025429988, 0.07998311702015405, 0.12725546058879392, 0.18318033132847947, 0.2358341247230136, 0.14783159227603673, 0.07080299672892265, 0.07555133481059408, 0.0389363722697056], [0.007751937984496124, 0.012919896640826873, 0.03322259136212625, 0.1037283130306386, 0.15909929863418235, 0.22702104097452935, 0.12661498708010335, 0.19748984865263935, 0.13215208564045774], [0.04120700843608047, 0.06489292667099286, 0.13205710577547047, 0.20408825438027256, 0.23166774821544453, 0.17975340687865024, 0.06229720960415315, 0.06132381570408826, 0.0227125243348475], [0.053850395147950744, 0.11266311339827238, 0.18709795993383568, 0.2655761808491086, 0.20308766770814188, 0.09832751332475648, 0.038779636096305824, 0.03179562580408013, 0.008821907737548245], [0.023698322089603874, 0.059159314997405295, 0.11624286455630514, 0.2183013319494897, 0.24805396990140113, 0.1883757135443695, 0.06625151357896558, 0.05777547137173499, 0.022141498010724788], [0.023198304286387188, 0.04851625058878945, 0.08549222797927461, 0.16486104569006124, 0.24788035798398492, 0.21808761186999528, 0.09138012246820537, 0.08761186999528968, 0.03297220913801225], [0.010536174198080075, 0.031140248185436665, 0.08803558885506907, 0.17513462889253104, 0.26527745258721613, 0.21891828611566377, 0.09014282369468508, 0.0899086864902833, 0.030906110981034886], [0.03251028806584362, 0.05102880658436214, 0.10493827160493827, 0.18477366255144034, 0.2382716049382716, 0.1699588477366255, 0.08353909465020576, 0.08888888888888889, 0.04609053497942387], [0.027427560274275602, 0.061933200619332, 0.14664897146648972, 0.23114355231143552, 0.22959522229595222, 0.1579296615792966, 0.055518690555186906, 0.06281796062817961, 0.0269851802698518], [0.01956521739130435, 0.04665551839464883, 0.10752508361204013, 0.21906354515050167, 0.24331103678929766, 0.21438127090301004, 0.061872909698996656, 0.06321070234113713, 0.024414715719063545], [0.0990990990990991, 0.07207207207207207, 0.10810810810810811, 0.17117117117117117, 0.2072072072072072, 0.08108108108108109, 0.0990990990990991, 0.07207207207207207, 0.09009009009009009], [0.012546125461254613, 0.02779827798277983, 0.07810578105781057, 0.19544895448954488, 0.3002460024600246, 0.19335793357933578, 0.08597785977859779, 0.08302583025830258, 0.023493234932349324], [0.008001255098839033, 0.018198933165986822, 0.04612488233448384, 0.11892061499843112, 0.24082208973956698, 0.25164731722623157, 0.11923438970818952, 0.14072795732663948, 0.05632256040163163], [0.015666631141425982, 0.031759565171054036, 0.060854737290845146, 0.13151444101033785, 0.2322284983480763, 0.258765853138655, 0.1154215069807098, 0.11957796014067995, 0.034210806778215926], [0.021996615905245348, 0.04230118443316413, 0.12859560067681894, 0.23011844331641285, 0.2876480541455161, 0.20135363790186125, 0.050761421319796954, 0.0338409475465313, 0.00338409475465313], [0.009439956430970318, 0.024507579195788328, 0.060270491059272034, 0.1185440682581465, 0.18344376872106744, 0.2688572206589816, 0.12035944449487156, 0.16919306526277572, 0.04538440591812653], [0.011196911196911196, 0.03552123552123552, 0.10472972972972973, 0.213996138996139, 0.3138996138996139, 0.20492277992277994, 0.062162162162162166, 0.04420849420849421, 0.009362934362934363], [0.014122559253346432, 0.03278889844037824, 0.07368291784354661, 0.18396168488272135, 0.2881002087682672, 0.21515412010315607, 0.0885423062753285, 0.08522657497236891, 0.018420729460886652], [0.007118988813017579, 0.024262676158651752, 0.0723521720180154, 0.1865465639982566, 0.24698532616591604, 0.238268197007119, 0.07918058985907307, 0.09879413046636641, 0.046491355513584194], [0.06379122870605292, 0.09206234142805364, 0.14244291409931134, 0.22544400144980065, 0.1960855382384922, 0.16998912649510692, 0.044581370061616526, 0.04675607104023197, 0.018847408481333816], [0.04700579523502898, 0.05988409529942048, 0.10688989053444946, 0.19188667095943335, 0.24919510624597555, 0.20540888602704443, 0.056020605280103025, 0.05988409529942048, 0.023824855119124275], [0.030470110272780036, 0.06863029599535693, 0.1337782936738247, 0.2687173534532792, 0.23520023215322114, 0.14915844457341845, 0.046430644225188625, 0.050348229831688913, 0.01726639582124202], [0.017861032454802875, 0.0387715094750599, 0.08255282073622304, 0.1775212372032237, 0.21781746896101067, 0.2060553256371161, 0.08734480505336528, 0.1060771073840122, 0.06599869309518623], [0.014178651002633179, 0.0435487137938019, 0.10877050840591453, 0.21288231719667813, 0.25116467490378774, 0.20457767875227872, 0.07109580717034636, 0.06947538991290257, 0.024306258861656875], [0.01908145808659034, 0.052901697591788394, 0.12264771680484274, 0.24095275694170284, 0.2859586787735228, 0.15673114883537306, 0.06395578365574418, 0.04724305829714436, 0.010527701013291223], [0.01725952431067144, 0.04146495474636919, 0.09997895179962113, 0.22058513997053253, 0.2725741949063355, 0.18017259524310672, 0.07345821932224794, 0.06609134918964428, 0.02841507051147127], [0.01760289930106135, 0.033134869272586076, 0.07740098369143153, 0.18483044266114418, 0.2381568728967124, 0.22780222624902924, 0.08335490551384934, 0.10276986797825524, 0.034946932435930625], [0.01039441833974085, 0.03531254449665385, 0.10978214438274242, 0.21059376334899615, 0.24391285775309696, 0.19777872703972663, 0.06920119607005554, 0.08187384308699985, 0.04115050548198775], [0.009085799925065568, 0.030254777070063694, 0.08121019108280254, 0.15164855751217685, 0.18443237167478457, 0.281097789434245, 0.10828025477707007, 0.11624203821656051, 0.03774822030723117], [0.008500590318772138, 0.026210153482880756, 0.08547815820543093, 0.20318772136953955, 0.2962219598583235, 0.24073199527744982, 0.06871310507674144, 0.06044864226682409, 0.01050767414403778], [0.1803921568627451, 0.12156862745098039, 0.1803921568627451, 0.23921568627450981, 0.1568627450980392, 0.047058823529411764, 0.023529411764705882, 0.050980392156862744, 0.0]]}, "ranksDetailed": {"labels": ["Unranked", "Combatatant", "Challenger", "Rival", "Duelist", "Elite"], "data": [[0.1157556270096463, 0.34726688102893893, 0.3729903536977492, 0.13183279742765272, 0.01929260450160772, 0.012861736334405145], [0.05024711696869852, 0.2154036243822076, 0.4584019769357496, 0.23228995057660626, 0.03130148270181219, 0.012355848434925865], [0.009797157444459777, 0.06485442251966331, 0.3122671450255278, 0.4254174141023872, 0.13191665516765558, 0.05574720574030633], [0.019831115660184237, 0.11706755373592631, 0.4257932446264074, 0.33853633572159675, 0.08149948822927329, 0.017272262026612077], [0.14035087719298245, 0.2982456140350877, 0.2807017543859649, 0.20175438596491227, 0.07894736842105263, 0.0], [0.010403120936280884, 0.11339401820546163, 0.45617685305591676, 0.288556566970091, 0.09167750325097529, 0.03979193758127438], [0.06340819022457067, 0.2393659180977543, 0.4396301188903567, 0.1772787318361955, 0.047291941875825624, 0.03302509907529723], [0.2633333333333333, 0.38333333333333336, 0.24333333333333335, 0.07, 0.04, 0.0], [0.04062467025429988, 0.20723857760894798, 0.41901445605149307, 0.21863458900495938, 0.07555133481059408, 0.0389363722697056], [0.007751937984496124, 0.04614248800295312, 0.262827611664821, 0.3536360280546327, 0.19748984865263935, 0.13215208564045774], [0.04120700843608047, 0.19695003244646334, 0.43575600259571706, 0.24205061648280338, 0.06132381570408826, 0.0227125243348475], [0.053850395147950744, 0.29976107333210805, 0.4686638485572505, 0.1371071494210623, 0.03179562580408013, 0.008821907737548245], [0.023698322089603874, 0.17540217955371043, 0.46635530185089086, 0.2546272271233351, 0.05777547137173499, 0.022141498010724788], [0.023198304286387188, 0.13400847856806405, 0.41274140367404616, 0.3094677343382007, 0.08761186999528968, 0.03297220913801225], [0.010536174198080075, 0.11917583704050573, 0.44041208147974714, 0.30906110981034884, 0.0899086864902833, 0.030906110981034886], [0.03251028806584362, 0.15596707818930042, 0.42304526748971194, 0.25349794238683127, 0.08888888888888889, 0.04609053497942387], [0.027427560274275602, 0.20858217208582172, 0.46073877460738777, 0.21344835213448352, 0.06281796062817961, 0.0269851802698518], [0.01956521739130435, 0.15418060200668895, 0.46237458193979936, 0.2762541806020067, 0.06321070234113713, 0.024414715719063545], [0.0990990990990991, 0.18018018018018017, 0.3783783783783784, 0.18018018018018017, 0.07207207207207207, 0.09009009009009009], [0.012546125461254613, 0.1059040590405904, 0.4956949569495695, 0.27933579335793357, 0.08302583025830258, 0.023493234932349324], [0.008001255098839033, 0.06432381550047066, 0.35974270473799813, 0.3708817069344211, 0.14072795732663948, 0.05632256040163163], [0.015666631141425982, 0.09261430246189918, 0.3637429393584142, 0.3741873601193648, 0.11957796014067995, 0.034210806778215926], [0.021996615905245348, 0.17089678510998307, 0.5177664974619289, 0.2521150592216582, 0.0338409475465313, 0.00338409475465313], [0.009439956430970318, 0.08477807025506036, 0.30198783697921394, 0.3892166651538531, 0.16919306526277572, 0.04538440591812653], [0.011196911196911196, 0.14025096525096525, 0.5278957528957529, 0.2670849420849421, 0.04420849420849421, 0.009362934362934363], [0.014122559253346432, 0.10647181628392484, 0.4720618936509886, 0.3036964263784846, 0.08522657497236891, 0.018420729460886652], [0.007118988813017579, 0.09661484817666716, 0.4335318901641726, 0.31744878686619205, 0.09879413046636641, 0.046491355513584194], [0.06379122870605292, 0.23450525552736498, 0.4215295396882929, 0.21457049655672344, 0.04675607104023197, 0.018847408481333816], [0.04700579523502898, 0.16677398583386993, 0.44108177720540886, 0.26142949130714743, 0.05988409529942048, 0.023824855119124275], [0.030470110272780036, 0.20240858966918165, 0.5039175856065002, 0.1955890887986071, 0.050348229831688913, 0.01726639582124202], [0.017861032454802875, 0.12132433021128294, 0.3953387061642344, 0.2934001306904814, 0.1060771073840122, 0.06599869309518623], [0.014178651002633179, 0.15231922219971641, 0.46404699210046585, 0.2756734859226251, 0.06947538991290257, 0.024306258861656875], [0.01908145808659034, 0.17554941439663113, 0.5269114357152257, 0.22068693249111726, 0.04724305829714436, 0.010527701013291223], [0.01725952431067144, 0.14144390654599032, 0.493159334876868, 0.2536308145653547, 0.06609134918964428, 0.02841507051147127], [0.01760289930106135, 0.1105358529640176, 0.42298731555785657, 0.31115713176287857, 0.10276986797825524, 0.034946932435930625], [0.01039441833974085, 0.14509468887939628, 0.4545066211020931, 0.26697992310978214, 0.08187384308699985, 0.04115050548198775], [0.009085799925065568, 0.11146496815286625, 0.3360809291869614, 0.3893780442113151, 0.11624203821656051, 0.03774822030723117], [0.008500590318772138, 0.11168831168831168, 0.49940968122786306, 0.30944510035419126, 0.06044864226682409, 0.01050767414403778], [0.1803921568627451, 0.30196078431372547, 0.396078431372549, 0.07058823529411765, 0.050980392156862744, 0.0]]}}}, "eu": {"histType": {"histogram": {"labels": ["0", "100", "200", "300", "400", "500", "600", "700", "800", "900", "1000", "1100", "1200", "1300", "1400", "1500", "1600", "1700", "1800", "1900", "2000", "2100", "2200", "2300", "2400", "2500", "2600", "2700", "2800", "2900", "3000", "3100", "3200"], "data": [[0.0, 0.0, 0.004098360655737705, 0.0, 0.0, 0.00819672131147541, 0.01639344262295082, 0.01639344262295082, 0.040983606557377046, 0.045081967213114756, 0.06557377049180328, 0.06557377049180328, 0.06147540983606557, 0.11885245901639344, 0.14344262295081966, 0.11065573770491803, 0.0942622950819672, 0.0778688524590164, 0.040983606557377046, 0.028688524590163935, 0.012295081967213115, 0.020491803278688523, 0.004098360655737705, 0.004098360655737705, 0.01639344262295082, 0.004098360655737705, 0.0, 0.0, 0.0, 0.0, 0.0, 0.0, 0.0], [0.0, 0.0, 0.00044365572315882877, 0.0013309671694764862, 0.0008873114463176575, 0.003105590062111801, 0.0048802129547471165, 0.00709849157054126, 0.01730257320319432, 0.022182786157941437, 0.03194321206743567, 0.048802129547471165, 0.06388642413487133, 0.07630878438331855, 0.12067435669920142, 0.1126885536823425, 0.1512866015971606, 0.08606921029281278, 0.145075421472937, 0.04259094942324756, 0.02085181898846495, 0.021739130434782608, 0.005767524401064774, 0.0044365572315882874, 0.006654835847382431, 0.0013309671694764862, 0.0008873114463176575, 0.001774622892635315, 0.0, 0.0, 0.0, 0.0, 0.0], [0.0, 0.0, 0.0, 0.00014332807797047442, 0.00014332807797047442, 0.00014332807797047442, 0.00014332807797047442, 0.0012899527017342697, 0.0025799054034685394, 0.003869858105202809, 0.00874301275619894, 0.014046151641106492, 0.019349290526014046, 0.02594238211265587, 0.04342840762505375, 0.06005446466962878, 0.11738569585781855, 0.10190626343700732, 0.2644403038555253, 0.08900673641966461, 0.06449763508671348, 0.08399025369069801, 0.02995556829582915, 0.01461946395298839, 0.030385552529740577, 0.010606277769815107, 0.005446466962878028, 0.0028665615594094885, 0.001719936935645693, 0.001719936935645693, 0.0015766088576752186, 0.0, 0.0], [0.0, 0.0, 0.0, 0.00012175818823815901, 0.00012175818823815901, 0.00024351637647631802, 0.0008523073176671132, 0.0025569219530013395, 0.0032874710824302936, 0.007914282235480337, 0.01607208084743699, 0.023986363082917326, 0.03190064531839766, 0.042493607695117494, 0.06854985997808352, 0.08973578473152319, 0.14817971508583952, 0.11895774990868135, 0.20771946913429928, 0.08425666626080604, 0.054060635577742606, 0.05917447948374528, 0.015341531718008035, 0.006940216729575064, 0.010592962376719835, 0.0034092292706684527, 0.0010958236941434312, 0.00036527456471447707, 0.0010958236941434312, 0.0008523073176671132, 0.00012175818823815901, 0.0, 0.0], [0.0, 0.0, 0.0, 0.0, 0.0, 0.018018018018018018, 0.02702702702702703, 0.04504504504504504, 0.04504504504504504, 0.02702702702702703, 0.07207207207207207, 0.09009009009009009, 0.036036036036036036, 0.02702702702702703, 0.08108108108108109, 0.14414414414414414, 0.06306306306306306, 0.0990990990990991, 0.06306306306306306, 0.05405405405405406, 0.04504504504504504, 0.0, 0.018018018018018018, 0.009009009009009009, 0.02702702702702703, 0.009009009009009009, 0.0, 0.0, 0.0, 0.0, 0.0, 0.0, 0.0], [0.0, 0.00013109596224436288, 0.00013109596224436288, 0.00026219192448872575, 0.0003932878867330886, 0.00013109596224436288, 0.00026219192448872575, 0.0015731515469323545, 0.003015207131620346