{"region": {"us": {"histType": {"histogram": {"labels": ["0", "100", "200", "300", "400", "500", "600", "700", "800", "900", "1000", "1100", "1200", "1300", "1400", "1500", "1600", "1700", "1800", "1900", "2000", "2100", "2200", "2300", "2400", "2500", "2600", "2700", "2800", "2900", "3000"], "data": [[0.0, 0.0, 0.0038461538461538464, 0.0038461538461538464, 0.0, 0.011538461538461539, 0.019230769230769232, 0.011538461538461539, 0.04230769230769231, 0.03461538461538462, 0.06923076923076923, 0.09230769230769231, 0.08076923076923077, 0.1076923076923077, 0.11923076923076924, 0.1, 0.08076923076923077, 0.06153846153846154, 0.05384615384615385, 0.05384615384615385, 0.015384615384615385, 0.023076923076923078, 0.015384615384615385, 0.0, 0.0, 0.0, 0.0, 0.0, 0.0, 0.0, 0.0], [0.0, 0.0009402914903620122, 0.0, 0.0004701457451810061, 0.0009402914903620122, 0.0014104372355430183, 0.005641748942172073, 0.012693935119887164, 0.011283497884344146, 0.021156558533145273, 0.037611659614480486, 0.05077574047954866, 0.0686412787964269, 0.07898448519040903, 0.11095439586271744, 0.12552891396332863, 0.153737658674189, 0.08838740009402915, 0.12787964268923366, 0.04090267983074753, 0.020686412787964268, 0.017395392571697227, 0.007522331922896097, 0.004231311706629055, 0.004701457451810061, 0.004231311706629055, 0.003291020216267043, 0.0, 0.0, 0.0, 0.0], [0.00014727540500736376, 0.0, 0.0, 0.0002945508100147275, 0.0002945508100147275, 0.0002945508100147275, 0.0002945508100147275, 0.0007363770250368188, 0.0039764359351988215, 0.0048600883652430045, 0.009278350515463918, 0.01369661266568483, 0.022385861561119293, 0.03460972017673049, 0.05154639175257732, 0.0792341678939617, 0.13593519882179675, 0.10780559646539029, 0.2434462444771723, 0.08321060382916053, 0.05478645066273932, 0.07334315169366716, 0.023122238586156113, 0.016494845360824743, 0.024300441826215022, 0.0075110456553755525, 0.00471281296023564, 0.002061855670103093, 0.0014727540500736377, 0.00014727540500736376, 0.0], [0.0, 0.0, 0.0, 0.0, 0.00027023375219564923, 0.00027023375219564923, 0.0014862856370760709, 0.0027023375219564923, 0.006755843804891231, 0.011755168220510741, 0.01932171328198892, 0.022159167680043237, 0.04067017970544521, 0.05755978921767329, 0.08377246318065126, 0.11822726658559654, 0.15903256316713957, 0.1136332927982705, 0.17308471828131333, 0.06985542494257532, 0.04364275097959735, 0.04634508850155385, 0.012430752600999864, 0.004729090663423862, 0.007836778813673827, 0.0022969868936630186, 0.0013511687609782462, 0.0008107012565869477, 0.0, 0.0, 0.0], [0.0, 0.0, 0.0, 0.0, 0.010416666666666666, 0.0, 0.0, 0.041666666666666664, 0.03125, 0.0625, 0.052083333333333336, 0.07291666666666667, 0.08333333333333333, 0.125, 0.07291666666666667, 0.0625, 0.07291666666666667, 0.0625, 0.0625, 0.09375, 0.03125, 0.052083333333333336, 0.0, 0.010416666666666666, 0.0, 0.0, 0.0, 0.0, 0.0, 0.0, 0.0], [0.0, 0.0, 0.0, 0.0, 0.0, 0.0001364815067558346, 0.0001364815067558346, 0.0019107410945816842, 0.0017742595878258497, 0.007506482871570902, 0.012556298621536783, 0.021291115053910195, 0.03493926572949366, 0.06346390064146308, 0.09171557253992084, 0.12883854237750786, 0.15763614030298895, 0.10727446431008598, 0.15244984304626724, 0.06455575269550975, 0.03930667394568036, 0.052135935580728814, 0.020335744506619353, 0.010645557526955098, 0.01665074382421182, 0.005868704790500887, 0.004367408216186707, 0.00327555616214003, 0.0012283335608025113, 0.0, 0.0], [0.0, 0.0, 0.0002992220227408737, 0.0017953321364452424, 0.002094554159186116, 0.002992220227408737, 0.0047875523638539795, 0.008976660682226212, 0.019748653500897665, 0.02752842609216038, 0.0409934171154997, 0.04847396768402154, 0.07420706163973669, 0.09036505086774387, 0.12208258527827648, 0.1298623578695392, 0.12477558348294435, 0.08049072411729503, 0.09096349491322561, 0.03710353081986834, 0.023638539796529023, 0.02483542788749252, 0.007779772591262717, 0.00718132854578097, 0.01286654697785757, 0.005385996409335727, 0.006582884500299222, 0.0026929982046678637, 0.0014961101137043686, 0.0, 0.0], [0.003787878787878788, 0.0, 0.003787878787878788, 0.011363636363636364, 0.003787878787878788, 0.015151515151515152, 0.01893939393939394, 0.05303030303030303, 0.056818181818181816, 0.10606060606060606, 0.10227272727272728, 0.10606060606060606, 0.10606060606060606, 0.08712121212121213, 0.06439393939393939, 0.07196969696969698, 0.05303030303030303, 0.03409090909090909, 0.030303030303030304, 0.030303030303030304, 0.022727272727272728, 0.01893939393939394, 0.0, 0.0, 0.0, 0.0, 0.0, 0.0, 0.0, 0.0, 0.0], [0.00034056079010103305, 0.00022704052673402204, 0.0005676013168350551, 0.0006811215802020661, 0.0006811215802020661, 0.0019298444772391872, 0.0019298444772391872, 0.005789533431717561, 0.0113520263367011, 0.023952775570439323, 0.039959132705187875, 0.05721421273697355, 0.0742422522420252, 0.08491315699852424, 0.1093200136224316, 0.13066182313542968, 0.12237484390963788, 0.07469633329549324, 0.09058917016687479, 0.048813713247814736, 0.03371551822000227, 0.03235327505959814, 0.016346917924849585, 0.012146668180270178, 0.01453059371097741, 0.006130094221818595, 0.0038596889544783744, 0.0006811215802020661, 0.0, 0.0, 0.0], [0.0, 0.0, 0.0, 0.0, 0.0004901960784313725, 0.0004901960784313725, 0.0004901960784313725, 0.0004901960784313725, 0.00196078431372549, 0.005392156862745098, 0.009313725490196078, 0.008333333333333333, 0.010294117647058823, 0.025490196078431372, 0.04803921568627451, 0.07156862745098039, 0.09019607843137255, 0.0965686274509804, 0.18088235294117647, 0.08333333333333333, 0.08137254901960785, 0.10833333333333334, 0.050490196078431374, 0.023529411764705882, 0.059803921568627454, 0.01568627450980392, 0.010294117647058823, 0.012254901960784314, 0.004901960784313725, 0.0, 0.0], [0.0, 0.0, 0.0007047216349541931, 0.0, 0.0021141649048625794, 0.0010570824524312897, 0.004228329809725159, 0.003875968992248062, 0.011980267794221282, 0.019027484143763214, 0.0306553911205074, 0.037350246652572236, 0.06377730796335447, 0.07822410147991543, 0.10042283298097252, 0.12156448202959831, 0.14658210007047218, 0.09619450317124736, 0.13706835799859055, 0.04897815362931642, 0.03241719520789288, 0.02959830866807611, 0.0102184637068358, 0.007399577167019027, 0.007751937984496124, 0.004933051444679351, 0.003875968992248062, 0.0, 0.0, 0.0, 0.0], [0.0, 0.0, 0.0007919223916056226, 0.0007919223916056226, 0.0009899029895070284, 0.002177786576915462, 0.00455355375173233, 0.00910710750346466, 0.015442486636309642, 0.02593545832508414, 0.05662245099980202, 0.06869926747178777, 0.0942387646010691, 0.1015640467234211, 0.13799247673727974, 0.1324490199960404, 0.12057018412195605, 0.06790734508018215, 0.07186695703821025, 0.03444862403484458, 0.018412195604830726, 0.017422292615323697, 0.008117204513957633, 0.002969708968521085, 0.0039596119580281135, 0.0025737477727182734, 0.0003959611958028113, 0.0, 0.0, 0.0, 0.0], [0.0, 0.0, 0.0, 0.0, 0.0003667033370003667, 0.0007334066740007334, 0.0027502750275027505, 0.003667033370003667, 0.007334066740007334, 0.010634396773010634, 0.02695269526952695, 0.03942060872753942, 0.05665566556655666, 0.07114044737807114, 0.11294462779611295, 0.11496149614961496, 0.14906490649064907, 0.10047671433810047, 0.1444811147781445, 0.05628896222955629, 0.030253025302530254, 0.03447011367803447, 0.012284561789512285, 0.008067473414008068, 0.010084341767510085, 0.0038503850385038503, 0.0022002200220022, 0.0009167583425009168, 0.0, 0.0, 0.0], [0.0002598414966870209, 0.0, 0.0, 0.00012992074834351045, 0.0002598414966870209, 0.0003897622450305314, 0.001688969728465636, 0.0027283357152137195, 0.00558659217877095, 0.015980252046251787, 0.02520462517864103, 0.033129790827595165, 0.04339352994673249, 0.06262180070157204, 0.09055476159542679, 0.1217357411978693, 0.15096790957515915, 0.10497596466155645, 0.1466805248798233, 0.06651942315187735, 0.03923606599974016, 0.04196440171495388, 0.015720410549564766, 0.007015720410549564, 0.01156294660257243, 0.004287384695335845, 0.00285825646355723, 0.0029881772119007407, 0.0012992074834351046, 0.0002598414966870209, 0.0], [0.0, 0.0, 0.0002565418163160595, 0.0, 0.000513083632632119, 0.000513083632632119, 0.0007696254489481786, 0.001026167265264238, 0.0033350436121087736, 0.004104669061056952, 0.012827090815802977, 0.018214468958440224, 0.03873781426372499, 0.05361723961005644, 0.0797845048742945, 0.11416110826064649, 0.15931246793227297, 0.11929194458696768, 0.1623909697280657, 0.08132375577219086, 0.04925602873268343, 0.04669061056952283, 0.019240636223704463, 0.012057465366854798, 0.013083632632119035, 0.004617752693689072, 0.0012827090815802976, 0.0017957927142124167, 0.0017957927142124167, 0.0, 0.0], [0.0, 0.0, 0.0, 0.0, 0.0009501187648456057, 0.0014251781472684087, 0.0009501187648456057, 0.006175771971496437, 0.010451306413301662, 0.013776722090261283, 0.021852731591448932, 0.033729216152019, 0.05463182897862233, 0.0688836104513064, 0.08883610451306413, 0.1168646080760095, 0.1339667458432304, 0.1021377672209026, 0.1154394299287411, 0.065083135391924, 0.04560570071258908, 0.039904988123515436, 0.025653206650831355, 0.011876484560570071, 0.019002375296912115, 0.007125890736342043, 0.00665083135391924, 0.003800475059382423, 0.005225653206650831, 0.0, 0.0], [0.00024330900243309004, 0.0, 0.00048661800486618007, 0.00048661800486618007, 0.00048661800486618007, 0.0012165450121654502, 0.0024330900243309003, 0.004379562043795621, 0.007785888077858881, 0.014598540145985401, 0.02335766423357664, 0.043065693430656936, 0.06934306569343066, 0.08491484184914842, 0.11508515815085159, 0.13211678832116788, 0.13527980535279804, 0.09635036496350365, 0.1145985401459854, 0.050364963503649635, 0.029197080291970802, 0.0340632603406326, 0.014111922141119221, 0.004622871046228711, 0.01119221411192214, 0.0038929440389294406, 0.00267639902676399, 0.0036496350364963502, 0.0, 0.0, 0.0], [0.0, 0.0, 0.00018480872297172427, 0.00036961744594344855, 0.0005544261689151728, 0.00036961744594344855, 0.0014784697837737942, 0.0038809831824062097, 0.004805026797264831, 0.0129366106080207, 0.025318795047126225, 0.029754204398447608, 0.05821474773609314, 0.06708556643873591, 0.10256884124930697, 0.1325078543707263, 0.15357604878950287, 0.09166512659397523, 0.161522823877287, 0.05008316392533728, 0.03086305673627795, 0.03215671779708002, 0.014599889114766217, 0.00646830530401035, 0.010718905932360008, 0.002772130844575864, 0.002032895952688967, 0.002772130844575864, 0.0007392348918868971, 0.0, 0.0], [0.0, 0.0, 0.0, 0.014084507042253521, 0.014084507042253521, 0.014084507042253521, 0.0, 0.0, 0.014084507042253521, 0.08450704225352113, 0.028169014084507043, 0.07042253521126761, 0.056338028169014086, 0.056338028169014086, 0.11267605633802817, 0.14084507042253522, 0.14084507042253522, 0.04225352112676056, 0.056338028169014086, 0.04225352112676056, 0.0, 0.04225352112676056, 0.028169014084507043, 0.028169014084507043, 0.014084507042253521, 0.0, 0.0, 0.0, 0.0, 0.0, 0.0], [0.00012833675564681725, 0.0, 0.0, 0.00012833675564681725, 0.00012833675564681725, 0.00038501026694045176, 0.00038501026694045176, 0.0016683778234086242, 0.003080082135523614, 0.006801848049281314, 0.013090349075975359, 0.019378850102669404, 0.03631930184804928, 0.05415811088295688, 0.09291581108829569, 0.13950205338809035, 0.17055954825462014, 0.12705338809034908, 0.13205852156057496, 0.0685318275154004, 0.04491786447638604, 0.04504620123203285, 0.01732546201232033, 0.0077002053388090345, 0.011293634496919919, 0.004363449691991786, 0.0029517453798767967, 0.00012833675564681725, 0.0, 0.0, 0.0], [0.0, 0.0, 0.0, 0.00016977928692699492, 0.0, 0.00033955857385398983, 0.0011884550084889642, 0.0008488964346349745, 0.0022071307300509336, 0.003735144312393888, 0.00933786078098472, 0.013073005093378607, 0.021052631578947368, 0.03276740237691002, 0.05568760611205433, 0.08590831918505942, 0.13225806451612904, 0.1230899830220713, 0.18743633276740237, 0.0966044142614601, 0.06825127334465195, 0.0803056027164686, 0.02767402376910017, 0.015449915110356536, 0.020882852292020374, 0.01035653650254669, 0.006281833616298811, 0.003735144312393888, 0.0013582342954159593, 0.0, 0.0], [0.00033266799733865603, 0.00011088933244621867, 0.0, 0.00022177866489243733, 0.00022177866489243733, 0.0007762253271235307, 0.0007762253271235307, 0.002439565313816811, 0.003992015968063872, 0.00754047460634287, 0.015635395874916833, 0.021290751829673986, 0.025837214459968953, 0.042137946329563095, 0.062208915502328675, 0.09192725659791529, 0.13351075626524728, 0.1329563096030162, 0.18019516522510534, 0.09403415391439343, 0.05588822355289421, 0.06553559547571523, 0.02406298514082945, 0.012086937236637835, 0.016966067864271458, 0.005655355954757153, 0.0029940119760479044, 0.0006653359946773121, 0.0, 0.0, 0.0], [0.0, 0.0, 0.0, 0.0, 0.001893939393939394, 0.0, 0.0, 0.005681818181818182, 0.00946969696969697, 0.005681818181818182, 0.017045454545454544, 0.030303030303030304, 0.04924242424242424, 0.08712121212121213, 0.10037878787878787, 0.1553030303030303, 0.18181818181818182, 0.12878787878787878, 0.14772727272727273, 0.03598484848484849, 0.01893939393939394, 0.017045454545454544, 0.007575757575757576, 0.0, 0.0, 0.0, 0.0, 0.0, 0.0, 0.0, 0.0], [0.0, 0.0, 0.0, 0.0002809778027535825, 9.365926758452749e-05, 9.365926758452749e-05, 0.0002809778027535825, 0.0009365926758452749, 0.00224782242202866, 0.006087852392994287, 0.009459586026037277, 0.017888920108644752, 0.030907558302894073, 0.038212981174487216, 0.06087852392994287, 0.07876744403858763, 0.12597171490118947, 0.0994661421747682, 0.2184134120071181, 0.09450220099278824, 0.06012924978926665, 0.08869532640254753, 0.026130935656083168, 0.010770815772220662, 0.01648403109487684, 0.0065561487309169246, 0.002435140957197715, 0.0035590521682120446, 0.0007492741406762199, 0.0, 0.0], [0.00018811136192626034, 9.405568096313017e-05, 9.405568096313017e-05, 9.405568096313017e-05, 0.0006583897667419112, 0.0006583897667419112, 0.000564334085778781, 0.0013167795334838223, 0.001598946576373213, 0.006866064710308503, 0.012227238525206923, 0.02605342362678706, 0.0486267870579383, 0.0704477050413845, 0.10854025583145221, 0.15321670428893905, 0.19808126410835214, 0.12490594431903687, 0.13318284424379231, 0.049755455229495864, 0.027934537246049662, 0.020221971407072988, 0.0071482317531978935, 0.0028216704288939053, 0.0023513920240782545, 0.0018811136192626034, 0.00047027840481565086, 0.0, 0.0, 0.0, 0.0], [0.0, 0.00013345789403443215, 0.0, 0.00013345789403443215, 0.0002669157880688643, 0.0009342052582410249, 0.0012011210463098892, 0.0024022420926197783, 0.004003736821032964, 0.006806352595756039, 0.01427999466168424, 0.024289336714266647, 0.038168957693847594, 0.050313626050980914, 0.0896837047911384, 0.1415988255705325, 0.1644201254504204, 0.11637528359802482, 0.149472841318564, 0.07700520485786734, 0.0407046576805018, 0.037368210329641, 0.019484852529027093, 0.00934205258241025, 0.0074736420659281995, 0.0030695315627919393, 0.0005338315761377286, 0.0005338315761377286, 0.0, 0.0, 0.0], [0.0, 0.0, 0.0, 0.0, 0.00031416902293433867, 0.0, 0.000942507068803016, 0.0010995915802701854, 0.0017279296261388628, 0.004241281809613572, 0.011310084825636193, 0.01680804272698712, 0.029846057178762174, 0.051680804272698715, 0.0906377631165567, 0.12299717247879359, 0.1520578071002199, 0.09817781966698083, 0.18096135721017909, 0.06707508639648131, 0.04241281809613572, 0.05356581841030474, 0.023091423185673893, 0.014608859566446749, 0.017122211749921457, 0.008639648130694313, 0.0053408733898837575, 0.0026704366949418788, 0.0026704366949418788, 0.0, 0.0], [0.0004222972972972973, 0.0008445945945945946, 0.0004222972972972973, 0.001266891891891892, 0.0021114864864864866, 0.0033783783783783786, 0.0046452702702702705, 0.008445945945945946, 0.016469594594594593, 0.030405405405405407, 0.04349662162162162, 0.060810810810810814, 0.06630067567567567, 0.09248310810810811, 0.1258445945945946, 0.109375, 0.12077702702702703, 0.078125, 0.12246621621621621, 0.03505067567567568, 0.02153716216216216, 0.028293918918918918, 0.007601351351351352, 0.0059121621621621625, 0.009712837837837838, 0.0029560810810810812, 0.0008445945945945946, 0.0, 0.0, 0.0, 0.0], [0.0, 0.0, 0.0, 0.002204261572373255, 0.0014695077149155032, 0.0029390154298310064, 0.00440852314474651, 0.012490815576781777, 0.01322556943423953, 0.014695077149155033, 0.025716385011021307, 0.03820720058780309, 0.04996326230712711, 0.05731080088170463, 0.09478324761204997, 0.11756061719324026, 0.14033798677443057, 0.11903012490815577, 0.15135929463629685, 0.055841293166789124, 0.02718589272593681, 0.02645113886847906, 0.020573108008817047, 0.006612784717119765, 0.009551800146950772, 0.0029390154298310064, 0.0029390154298310064, 0.002204261572373255, 0.0, 0.0, 0.0], [0.00031496062992125983, 0.0, 0.0, 0.0, 0.0006299212598425197, 0.0009448818897637795, 0.003307086614173228, 0.005669291338582677, 0.008503937007874015, 0.01700787401574803, 0.031968503937007876, 0.048818897637795275, 0.06677165354330708, 0.09496062992125984, 0.13889763779527559, 0.13984251968503936, 0.13826771653543307, 0.08661417322834646, 0.10220472440944882, 0.037480314960629924, 0.024094488188976377, 0.025826771653543308, 0.010236220472440945, 0.0051968503937007875, 0.006456692913385827, 0.0034645669291338585, 0.0009448818897637795, 0.0012598425196850393, 0.00031496062992125983, 0.0, 0.0], [0.0, 0.0, 0.0, 0.0005149330587023687, 0.000772399588053553, 0.0005149330587023687, 0.002317198764160659, 0.0020597322348094747, 0.004634397528321318, 0.011071060762100926, 0.01776519052523172, 0.026004119464469618, 0.03887744593202884, 0.054067971163748715, 0.07955715756951597, 0.1150875386199794, 0.13027806385169927, 0.11328527291452112, 0.14958805355303811, 0.06539649845520082, 0.04557157569515963, 0.05303810504634397, 0.02368692070030896, 0.01416065911431514, 0.024974253347064882, 0.011071060762100926, 0.007981462409886715, 0.004376930998970134, 0.0033470648815653965, 0.0, 0.0], [0.0, 0.0, 0.0, 0.0, 0.00022197558268590456, 0.0, 0.0011098779134295228, 0.0013318534961154272, 0.0031076581576026637, 0.011986681465038845, 0.01598224195338513, 0.02730299667036626, 0.04905660377358491, 0.07103218645948946, 0.1018867924528302, 0.1269700332963374, 0.15138734739178691, 0.10299667036625972, 0.15294117647058825, 0.06082130965593785, 0.039289678135405105, 0.04128745837957824, 0.016648168701442843, 0.005549389567147614, 0.007547169811320755, 0.0028856825749167593, 0.006881243063263041, 0.0015538290788013318, 0.00022197558268590456, 0.0, 0.0], [0.00027800945232137893, 0.00013900472616068947, 0.00013900472616068947, 0.00013900472616068947, 0.0005560189046427579, 0.0012510425354462051, 0.0012510425354462051, 0.003197108701695858, 0.005838198498748957, 0.009313316652766194, 0.024603836530442035, 0.03614122880177926, 0.06074506533222129, 0.08423686405337781, 0.1213511259382819, 0.14831804281345565, 0.15735335001390047, 0.10717264386989157, 0.10661662496524882, 0.056435918821239925, 0.02849596886294134, 0.021962746733388935, 0.011676396997497914, 0.0045871559633027525, 0.004726160689463442, 0.0025020850708924102, 0.0009730330831248262, 0.0, 0.0, 0.0, 0.0], [0.0, 0.0, 0.0, 0.00024073182474723158, 0.0007221954742416948, 0.0009629272989889263, 0.0014443909484833895, 0.003370245546461242, 0.0050553683196918634, 0.0091478093403948, 0.019258545979778528, 0.026961964371689937, 0.04814636494944632, 0.06523832450649976, 0.10351468464130958, 0.1362542128069331, 0.15960519980741453, 0.11555127587867116, 0.12686567164179105, 0.05801636976408281, 0.041646605681271064, 0.03177660086663457, 0.0182956186807896, 0.00601829561868079, 0.01227732306210881, 0.004092441020702937, 0.0031295137217140106, 0.0021665864227250844, 0.00024073182474723158, 0.0, 0.0], [0.0, 0.0, 0.0, 0.00027344818156959256, 0.0, 0.0010937927262783702, 0.0016406890894175555, 0.0027344818156959257, 0.006289308176100629, 0.006015859994531037, 0.012031719989062073, 0.021602406343997814, 0.03199343724364233, 0.04812687995624829, 0.08777686628383921, 0.10883237626469784, 0.1443806398687449, 0.10555099808586273, 0.17172545802570413, 0.07683893902105551, 0.045118949958982774, 0.059338255400601586, 0.021875854525567406, 0.015313098167897183, 0.018867924528301886, 0.007929997265518185, 0.003281378178835111, 0.0008203445447087777, 0.0005468963631391851, 0.0, 0.0], [0.0, 0.0, 0.0003073613032119256, 0.0, 0.0001536806516059628, 0.0004610419548178884, 0.0006147226064238512, 0.002151529122483479, 0.002151529122483479, 0.0061472260642385125, 0.012755494083294914, 0.027816197940679268, 0.04702627939142462, 0.07806977101582911, 0.11556785000768403, 0.12309820193637622, 0.14522821576763487, 0.10311971722760105, 0.13815890579376056, 0.056708160442600276, 0.03626863377900722, 0.039188566159520516, 0.023666820347318273, 0.009528200399569694, 0.017212232979867834, 0.005378822806208698, 0.004764100199784847, 0.0027662517289073307, 0.001690487167665591, 0.0, 0.0], [0.0, 0.0, 9.702144173862424e-05, 0.0, 9.702144173862424e-05, 0.00019404288347724848, 0.00019404288347724848, 0.0013583001843407393, 0.0021344717182497333, 0.005821286504317454, 0.011739594450373533, 0.02250897448336082, 0.03900261957892694, 0.05539924323275444, 0.08149801106044435, 0.10041719219947609, 0.13107596778888134, 0.10973125060638401, 0.19831182691374794, 0.08043077520131948, 0.04812263510235762, 0.05976520811099253, 0.0192102454642476, 0.009022994081692054, 0.01348598040166877, 0.005142136412147084, 0.002425536043465606, 0.001649364509556612, 0.0011642573008634907, 0.0, 0.0], [0.0, 0.0, 0.0, 0.0, 0.0, 0.00012280486307257767, 0.0006140243153628884, 0.0004912194522903107, 0.0024560972614515535, 0.005526218838265995, 0.008227925825862703, 0.020508412133120473, 0.03438536166032175, 0.059069139137909864, 0.09333169593515903, 0.13717303205206927, 0.17868107577060052, 0.12440132629252118, 0.18015473412747146, 0.0632445044823775, 0.030824020631216996, 0.03892914159400712, 0.009947193908878792, 0.0033157313029595972, 0.003806950755249908, 0.001842072946088665, 0.0024560972614515535, 0.0004912194522903107, 0.0, 0.0, 0.0], [0.0, 0.004310344827586207, 0.0, 0.004310344827586207, 0.004310344827586207, 0.021551724137931036, 0.02586206896551724, 0.021551724137931036, 0.07758620689655173, 0.04741379310344827, 0.03879310344827586, 0.06896551724137931, 0.08189655172413793, 0.125, 0.09482758620689655, 0.10775862068965517, 0.09051724137931035, 0.06896551724137931, 0.04310344827586207, 0.01293103448275862, 0.021551724137931036, 0.008620689655172414, 0.017241379310344827, 0.01293103448275862, 0.0, 0.0, 0.0, 0.0, 0.0, 0.0, 0.0]]}, "ranks": {"labels": ["Unranked", "Combatatent I", "Combatatent II", "Challenger I", "Challenger II", "Rival I", "Rival II", "Duelist", "Elite"], "data": [[0.12692307692307692, 0.16153846153846155, 0.18846153846153846, 0.21923076923076923, 0.1423076923076923, 0.08846153846153847, 0.03461538461538462, 0.038461538461538464, 0.0], [0.05453690644099671, 0.08838740009402915, 0.1476257639868359, 0.23648330982604607, 0.24212505876821816, 0.15091678420310295, 0.038551951104842504, 0.02914903620122238, 0.012223789374706159], [0.010898379970544918, 0.02297496318114875, 0.05699558173784978, 0.13078055964653904, 0.24374079528718703, 0.28865979381443296, 0.09278350515463918, 0.11296023564064801, 0.04020618556701031], [0.023240102688825835, 0.04148088096203216, 0.0982299689231185, 0.2019997297662478, 0.2726658559654101, 0.21213349547358465, 0.07444939872990136, 0.06350493176597757, 0.01229563572490204], [0.14583333333333334, 0.125, 0.20833333333333334, 0.13541666666666666, 0.13541666666666666, 0.125, 0.0625, 0.0625, 0.0], [0.011464446567490105, 0.033847413675446976, 0.09840316637095674, 0.22055411491742868, 0.2649106046130749, 0.18711614576224922, 0.06919612392520813, 0.08311723761430326, 0.031390746553841956], [0.06822262118491922, 0.08946738479952124, 0.16457211250748055, 0.2519449431478157, 0.20526630760023937, 0.10981448234590066, 0.041891083183722325, 0.039796529024536204, 0.029024536205864752], [0.2727272727272727, 0.20833333333333334, 0.19318181818181818, 0.13636363636363635, 0.08712121212121213, 0.04924242424242424, 0.03409090909090909, 0.01893939393939394, 0.0], [0.0474514700874106, 0.09717334544216143, 0.15915540924054944, 0.23998183675786128, 0.19707117720513112, 0.1176069928482234, 0.05551140878646838, 0.0608468611647179, 0.025201498467476446], [0.009313725490196078, 0.01764705882352941, 0.035784313725490194, 0.11960784313725491, 0.18676470588235294, 0.22598039215686275, 0.11960784313725491, 0.18235294117647058, 0.10294117647058823], [0.04298801973220578, 0.06800563777307964, 0.14200140944326992, 0.2219873150105708, 0.2427766032417195, 0.16455250176180408, 0.05391120507399577, 0.047216349541930935, 0.01656095842142354], [0.05979014056622451, 0.1253217184715898, 0.1958028113244902, 0.27044149673332013, 0.1884775292021382, 0.08968521084933677, 0.035042565828548804, 0.028509206097802414, 0.006929320926549199], [0.025485881921525486, 0.06637330399706637, 0.1277961129446278, 0.2279061239457279, 0.24954162082874953, 0.17326732673267325, 0.057755775577557754, 0.05482214888155482, 0.017051705170517052], [0.027023515655450175, 0.0583344160062362, 0.10601533064830454, 0.2122905027932961, 0.2559438742367156, 0.18331817591269325, 0.06911783811874757, 0.06470053267506821, 0.023255813953488372], [0.01051821446895844, 0.0310415597742432, 0.09235505387378143, 0.193945613134941, 0.2786044125192406, 0.2077988712160082, 0.08517188301693177, 0.07798871216008209, 0.022575679835813236], [0.033729216152019, 0.05558194774346793, 0.12351543942992874, 0.20570071258907363, 0.23610451306413302, 0.1486935866983373, 0.07743467933491686, 0.07743467933491686, 0.04180522565320665], [0.032116788321167884, 0.06642335766423357, 0.15425790754257906, 0.24720194647201946, 0.2316301703163017, 0.14257907542579076, 0.05158150851581508, 0.05279805352798053, 0.02141119221411192], [0.02457956015523933, 0.05507299944557383, 0.12530031417482906, 0.23507669562003328, 0.2452411753834781, 0.1896137497689891, 0.05285529476991314, 0.05322491221585659, 0.019035298466087598], [0.14084507042253522, 0.09859154929577464, 0.11267605633802817, 0.2535211267605634, 0.18309859154929578, 0.056338028169014086, 0.04225352112676056, 0.09859154929577464, 0.014084507042253521], [0.012705338809034907, 0.03246919917864476, 0.09047741273100617, 0.23241786447638604, 0.2976129363449692, 0.16978952772073921, 0.07571868583162218, 0.07007186858316222, 0.01873716632443532], [0.008488964346349746, 0.022410865874363327, 0.05382003395585738, 0.14159592529711376, 0.25534804753820034, 0.23904923599320882, 0.1132427843803056, 0.1234295415959253, 0.04261460101867572], [0.016411621202040365, 0.036926147704590816, 0.06797516078953204, 0.15413617210024397, 0.26646706586826346, 0.23064981148813485, 0.09946773120425816, 0.10168551785318253, 0.026280771789753826], [0.022727272727272728, 0.04734848484848485, 0.13636363636363635, 0.2556818181818182, 0.3106060606060606, 0.17234848484848486, 0.030303030303030304, 0.02462121212121212, 0.0], [0.010021541631544442, 0.027348506134682028, 0.06912053947738128, 0.1396459679685305, 0.22543785707595768, 0.2688020979675939, 0.1042427648215791, 0.12559707783085136, 0.02978364709187974], [0.012133182844243792, 0.03828066215199398, 0.1190744920993228, 0.2617569601203913, 0.32298720842738904, 0.15942437923250563, 0.0514484574868322, 0.030191873589164784, 0.004702784048156509], [0.015881489390097425, 0.03856933137595089, 0.08848258374482851, 0.2312825303616709, 0.2807954090484452, 0.1919124516215134, 0.07527025223541972, 0.06619511544107834, 0.011610836780995596], [0.008325479107759975, 0.02811812755262331, 0.08152686145146089, 0.2136349355953503, 0.25023562676720074, 0.21756204838202953, 0.07288721332076657, 0.09126610116242538, 0.036443606660383286], [0.06841216216216216, 0.10430743243243243, 0.15878378378378377, 0.2352195945945946, 0.19890202702702703, 0.1397804054054054, 0.03927364864864865, 0.041807432432432436, 0.013513513513513514], [0.05143277002204261, 0.0639235855988244, 0.10727406318883174, 0.21234386480529022, 0.25936811168258633, 0.18589272593681117, 0.048493754592211606, 0.05363703159441587, 0.01763409257898604], [0.03637795275590551, 0.08078740157480314, 0.16173228346456692, 0.27874015748031494, 0.22488188976377954, 0.12346456692913386, 0.04031496062992126, 0.041259842519685036, 0.012440944881889763], [0.02188465499485067, 0.04376930998970134, 0.09294541709577755, 0.19464469618949537, 0.24356333676622038, 0.1822863027806385, 0.07826982492276004, 0.09088568486096807, 0.05175077239958805], [0.017758046614872364, 0.04328523862375139, 0.12008879023307437, 0.2288568257491676, 0.2543840177580466, 0.18557158712541622, 0.06748057713651498, 0.0634850166481687, 0.019089900110987792], [0.022101751459549623, 0.06074506533222129, 0.14498192938559912, 0.2696691687517376, 0.26452599388379205, 0.13942174033917154, 0.05212677231025855, 0.0382262996941896, 0.008201278843480679], [0.020943668753009147, 0.046220510351468465, 0.11338468945594607, 0.23976889744824265, 0.2751564756860857, 0.1576793452094367, 0.06884930187770823, 0.05609051516610496, 0.021906596051998073], [0.01804757998359311, 0.033634126333059886, 0.08012031719989061, 0.19660924254853704, 0.2499316379546076, 0.21410992616899097, 0.07957342083675144, 0.09652720809406617, 0.031446540880503145], [0.0119870908252651, 0.04057169202397418, 0.12509605040725372, 0.23866605194406024, 0.2483479329952359, 0.1698171200245889, 0.06131857999077916, 0.07238358690640849, 0.0318118948824343], [0.009896187057339672, 0.034248568933734354, 0.09440186281168138, 0.18191520325992044, 0.24080721839526537, 0.2406131755117881, 0.08625206170563694, 0.08799844765693218, 0.02386727466770156], [0.009210364730443326, 0.028736337958983175, 0.09345450079823162, 0.2305047279872283, 0.3030824020631217, 0.21638216873388186, 0.057841090507184084, 0.05219206680584551, 0.008596340415080438], [0.20689655172413793, 0.10775862068965517, 0.20689655172413793, 0.2025862068965517, 0.15948275862068967, 0.04741379310344827, 0.03017241379310345, 0.03879310344827586, 0.0]]}, "ranksDetailed": {"labels": ["Unranked", "Combatatant", "Challenger", "Rival", "Duelist", "Elite"], "data": [[0.12692307692307692, 0.35, 0.36153846153846153, 0.12307692307692308, 0.038461538461538464, 0.0], [0.05453690644099671, 0.23601316408086506, 0.4786083685942642, 0.18946873530794547, 0.02914903620122238, 0.012223789374706159], [0.010898379970544918, 0.07997054491899852, 0.37452135493372607, 0.38144329896907214, 0.11296023564064801, 0.04020618556701031], [0.023240102688825835, 0.13971084988515065, 0.4746655857316579, 0.28658289420348604, 0.06350493176597757, 0.01229563572490204], [0.14583333333333334, 0.3333333333333333, 0.2708333333333333, 0.1875, 0.0625, 0.0], [0.011464446567490105, 0.13225058004640372, 0.48546471953050363, 0.25631226968745735, 0.08311723761430326, 0.031390746553841956], [0.06822262118491922, 0.2540394973070018, 0.4572112507480551, 0.15170556552962297, 0.039796529024536204, 0.029024536205864752], [0.2727272727272727, 0.4015151515151515, 0.22348484848484848, 0.08333333333333333, 0.01893939393939394, 0.0], [0.0474514700874106, 0.2563287546827109, 0.4370530139629924, 0.1731184016346918, 0.0608468611647179, 0.025201498467476446], [0.009313725490196078, 0.053431372549019605, 0.30637254901960786, 0.34558823529411764, 0.18235294117647058, 0.10294117647058823], [0.04298801973220578, 0.21000704721634955, 0.46476391825229035, 0.21846370683579985, 0.047216349541930935, 0.01656095842142354], [0.05979014056622451, 0.32112452979607997, 0.4589190259354583, 0.12472777667788557, 0.028509206097802414, 0.006929320926549199], [0.025485881921525486, 0.19416941694169418, 0.47744774477447743, 0.23102310231023102, 0.05482214888155482, 0.017051705170517052], [0.027023515655450175, 0.16434974665454072, 0.4682343770300117, 0.25243601403144084, 0.06470053267506821, 0.023255813953488372], [0.01051821446895844, 0.12339661364802462, 0.47255002565418164, 0.29297075423293995, 0.07798871216008209, 0.022575679835813236], [0.033729216152019, 0.17909738717339668, 0.4418052256532066, 0.22612826603325414, 0.07743467933491686, 0.04180522565320665], [0.032116788321167884, 0.22068126520681267, 0.47883211678832116, 0.19416058394160585, 0.05279805352798053, 0.02141119221411192], [0.02457956015523933, 0.18037331362040288, 0.48031787100351137, 0.24246904453890222, 0.05322491221585659, 0.019035298466087598], [0.14084507042253522, 0.2112676056338028, 0.43661971830985913, 0.09859154929577464, 0.09859154929577464, 0.014084507042253521], [0.012705338809034907, 0.12294661190965092, 0.5300308008213552, 0.2455082135523614, 0.07007186858316222, 0.01873716632443532], [0.008488964346349746, 0.07623089983022072, 0.3969439728353141, 0.3522920203735144, 0.1234295415959253, 0.04261460101867572], [0.016411621202040365, 0.10490130849412287, 0.4206032379685074, 0.330117542692393, 0.10168551785318253, 0.026280771789753826], [0.022727272727272728, 0.18371212121212122, 0.5662878787878788, 0.20265151515151514, 0.02462121212121212, 0.0], [0.010021541631544442, 0.09646904561206332, 0.36508382504448816, 0.373044862789173, 0.12559707783085136, 0.02978364709187974], [0.012133182844243792, 0.15735515425131677, 0.5847441685477803, 0.21087283671933785, 0.030191873589164784, 0.004702784048156509], [0.015881489390097425, 0.1270519151207794, 0.5120779394101161, 0.26718270385693316, 0.06619511544107834, 0.011610836780995596], [0.008325479107759975, 0.1096449890040842, 0.46387056236255103, 0.2904492617027961, 0.09126610116242538, 0.036443606660383286], [0.06841216216216216, 0.26309121621621623, 0.4341216216216216, 0.17905405405405406, 0.041807432432432436, 0.013513513513513514], [0.05143277002204261, 0.17119764878765614, 0.47171197648787655, 0.23438648052902278, 0.05363703159441587, 0.01763409257898604], [0.03637795275590551, 0.24251968503937008, 0.5036220472440945, 0.16377952755905512, 0.041259842519685036, 0.012440944881889763], [0.02188465499485067, 0.13671472708547888, 0.43820803295571575, 0.26055612770339853, 0.09088568486096807, 0.05175077239958805], [0.017758046614872364, 0.16337402885682575, 0.4832408435072142, 0.25305216426193117, 0.0634850166481687, 0.019089900110987792], [0.022101751459549623, 0.2057269947178204, 0.5341951626355296, 0.19154851264943007, 0.0382262996941896, 0.008201278843480679], [0.020943668753009147, 0.15960519980741453, 0.5149253731343284, 0.22652864708714493, 0.05609051516610496, 0.021906596051998073], [0.01804757998359311, 0.1137544435329505, 0.44654088050314467, 0.2936833470057424, 0.09652720809406617, 0.031446540880503145], [0.0119870908252651, 0.16566774243122792, 0.48701398493929615, 0.23113570001536807, 0.07238358690640849, 0.0318118948824343], [0.009896187057339672, 0.12865043174541574, 0.4227224216551858, 0.32686523721742505, 0.08799844765693218, 0.02386727466770156], [0.009210364730443326, 0.12219083875721479, 0.53358713005035, 0.27422325924106594, 0.05219206680584551, 0.008596340415080438], [0.20689655172413793, 0.3146551724137931, 0.3620689655172414, 0.07758620689655173, 0.03879310344827586, 0.0]]}}}, "eu": {"histType": {"histogram": {"labels": ["0", "100", "200", "300", "400", "500", "600", "700", "800", "900", "1000", "1100", "1200", "1300", "1400", "1500", "1600", "1700", "1800", "1900", "2000", "2100", "2200", "2300", "2400", "2500", "2600", "2700", "2800", "2900", "3000"], "data": [[0.0, 0.0, 0.0, 0.0, 0.0, 0.009852216748768473, 0.014778325123152709, 0.014778325123152709, 0.04926108374384237, 0.04926108374384237, 0.07881773399014778, 0.054187192118226604, 0.06403940886699508, 0.10837438423645321, 0.1330049261083744, 0.12315270935960591, 0.08866995073891626, 0.07881773399014778, 0.04926108374384237, 0.034482758620689655, 0.009852216748768473, 0.009852216748768473, 0.009852216748768473, 0.014778325123152709, 0.0049261083743842365, 0.0, 0.0, 0.0, 0.0, 0.0, 0.0], [0.0, 0.0, 0.0005063291139240507, 0.0010126582278481013, 0.0010126582278481013, 0.002531645569620253, 0.0060759493670886075, 0.008607594936708861, 0.019746835443037975, 0.027848101265822784, 0.0379746835443038, 0.053670886075949366, 0.06835443037974684, 0.08556962025316456, 0.12354430379746835, 0.11949367088607595, 0.15139240506329113, 0.07949367088607595, 0.1220253164556962, 0.0379746835443038, 0.013670886075949367, 0.020253164556962026, 0.005063291139240506, 0.004050632911392405, 0.0060759493670886075, 0.0015189873417721519, 0.0020253164556962027, 0.0005063291139240507, 0.0, 0.0, 0.0], [0.0, 0.0, 0.0, 0.00015600624024960998, 0.00015600624024960998, 0.00015600624024960998, 0.00031201248049921997, 0.0015600624024961, 0.0031201248049922, 0.0042121684867394696, 0.010608424336973479, 0.015444617784711389, 0.025117004680187207, 0.031045241809672386, 0.053198127925117, 0.0765990639625585, 0.1390015600624025, 0.10764430577223089, 0.2299531981279251, 0.08845553822152886, 0.057722308892355696, 0.07457098283931357, 0.02761310452418097, 0.014508580343213728, 0.02137285491419657, 0.008268330733229329, 0.0034321372854914196, 0.00374414976599064, 0.0020280811232449296, 0.0, 0.0], [0.0, 0.0, 0.0, 0.00012901561088891756, 0.00012901561088891756, 0.00038704683266675265, 0.0009031092762224229, 0.0027093278286672686, 0.004515546381112115, 0.009160108373113146, 0.018449232357115212, 0.02799638756289511, 0.03702748032511934, 0.04954199458134434, 0.08502128757579668, 0.1123725970842472, 0.16552702877048123, 0.12075861179202683, 0.1697845439298155, 0.0785705070313508, 0.043478260869565216, 0.043091214036898466, 0.011740420590891499, 0.005547671268223455, 0.008127983486001807, 0.0024512966068894336, 0.0005160624435556702, 0.0012901561088891757, 0.0006450780544445878, 0.00012901561088891756, 0.0], [0.0, 0.0, 0.0, 0.0, 0.0, 0.020833333333333332, 0.03125, 0.052083333333333336, 0.041666666666666664, 0.03125, 0.08333333333333333, 0.10416666666666667, 0.03125, 0.03125, 0.09375, 0.10416666666666667, 0.052083333333333336, 0.09375, 0.0625, 0.0625, 0.041666666666666664, 0.020833333333333332, 0.020833333333333332, 0.010416666666666666, 0.0, 0.010416666666666666, 0.0, 0.0, 0.0, 0.0, 0.0], [0.0, 0.00013842746400885935, 0.00013842746400885935, 0.0002768549280177187, 0.0004152823920265781, 0.00013842746400885935, 0.0004152823920265781, 0.0020764119601328905, 0.003045404208194906, 0.006644518272425249, 0.012320044296788483, 0.020902547065337763, 0.03419158361018826, 0.058693244739756366, 0.09136212624584718, 0.11641749723145071, 0.1508859357696567, 0.10520487264673312, 0.15406976744186046, 0.07655038759689922, 0.041389811738648946, 0.058693244739756366, 0.023117386489479513, 0.009551495016611296, 0.017718715393133997, 0.007475083056478406, 0.003875968992248062, 0.0024916943521594683, 0.0016611295681063123, 0.00013842746400885935, 0.0], [0.0002772387025228722, 0.0002772387025228722, 0.0002772387025228722, 0.0013861935126143609, 0.0033268644302744664, 0.0027723870252287217, 0.0033268644302744664, 0.010812309398392015, 0.020515663986692544, 0.027446631549764348, 0.04297199889104519, 0.058497366232326035, 0.07457721097865262, 0.0887163848073191, 0.09592459107291378, 0.12642084835042972, 0.12725256445799835, 0.07707235930135847, 0.0848350429719989, 0.044080953701136676, 0.026060438037149986, 0.027446631549764348, 0.013030219018574993, 0.006653728860548933, 0.013584696423620738, 0.00637649015802606, 0.006653728860548933, 0.0049902966454117, 0.004435819240365955, 0.0, 0.0], [0.0, 0.0, 0.0, 0.0, 0.0106951871657754, 0.0213903743315508, 0.0053475935828877, 0.053475935828877004, 0.026737967914438502, 0.06951871657754011, 0.0748663101604278, 0.0962566844919786, 0.0962566844919786, 0.058823529411764705, 0.11229946524064172, 0.12834224598930483, 0.09090909090909091, 0.06417112299465241, 0.0213903743315508, 0.03208556149732621, 0.03208556149732621, 0.0053475935828877, 0.0, 0.0, 0.0, 0.0, 0.0, 0.0, 0.0, 0.0, 0.0], [0.00034005894355021535, 0.00011335298118340512, 0.0004534119247336205, 0.0004534119247336205, 0.0007934708682838359, 0.0015869417365676718, 0.0023804126048515076, 0.007027884833371118, 0.014169122647925641, 0.02346406710496486, 0.040126955338925414, 0.05576966674223532, 0.07889367490364997, 0.08773520743595556, 0.09839038766719564, 0.12548175017002947, 0.11958739514849241, 0.080