{"region": {"us": {"histType": {"histogram": {"labels": ["0", "100", "200", "300", "400", "500", "600", "700", "800", "900", "1000", "1100", "1200", "1300", "1400", "1500", "1600", "1700", "1800", "1900", "2000", "2100", "2200", "2300", "2400", "2500", "2600", "2700", "2800", "2900", "3000", "3100", "3200"], "data": [[0.0, 0.0, 0.0032258064516129032, 0.0032258064516129032, 0.0064516129032258064, 0.0064516129032258064, 0.02258064516129032, 0.012903225806451613, 0.03225806451612903, 0.02903225806451613, 0.07096774193548387, 0.07419354838709677, 0.08387096774193549, 0.11935483870967742, 0.1064516129032258, 0.10967741935483871, 0.1, 0.054838709677419356, 0.05806451612903226, 0.04838709677419355, 0.02903225806451613, 0.00967741935483871, 0.0064516129032258064, 0.0, 0.012903225806451613, 0.0, 0.0, 0.0, 0.0, 0.0, 0.0, 0.0, 0.0], [0.0, 0.0008309098462816784, 0.0, 0.0004154549231408392, 0.0008309098462816784, 0.0016618196925633569, 0.004985459077690071, 0.01038637307852098, 0.011217282924802658, 0.019526381387619442, 0.03489821354383049, 0.04279185708350644, 0.06439551308683007, 0.07478188616535106, 0.09970918155380142, 0.12089738263398421, 0.1470710427918571, 0.08973826339842127, 0.15205650186954717, 0.054840049854590775, 0.024511840465309513, 0.01703365184877441, 0.009970918155380142, 0.004985459077690071, 0.004985459077690071, 0.0016618196925633569, 0.0033236393851267137, 0.002077274615704196, 0.0004154549231408392, 0.0, 0.0, 0.0, 0.0], [0.00013388673182487614, 0.0, 0.0, 0.0002677734636497523, 0.0002677734636497523, 0.0002677734636497523, 0.0002677734636497523, 0.0006694336591243808, 0.0036149417592716564, 0.004418262150220913, 0.008167090641317445, 0.011514258936939348, 0.01914580265095729, 0.02999062792877226, 0.04538760208863302, 0.06747891283973759, 0.11407149551479448, 0.10255723657785513, 0.2688445575043513, 0.08300977373142322, 0.059044048734770385, 0.08716026241799438, 0.02610791270585085, 0.013790333377962243, 0.03173115544249565, 0.00977373142321596, 0.0045521488820457895, 0.0038827152229214085, 0.0013388673182487616, 0.0024099611728477708, 0.00013388673182487614, 0.0, 0.0], [0.0, 0.0, 0.0, 0.0, 0.0001226692836113837, 0.0002453385672227674, 0.0009813542688910696, 0.0023307163886162907, 0.006010794896957802, 0.01091756624141315, 0.0165603532875368, 0.019749754661432778, 0.03631010794896958, 0.049558390578999016, 0.07372423945044161, 0.10095682041216879, 0.1543179587831207, 0.11077036310107949, 0.1927134445534838, 0.08022571148184494, 0.05017173699705594, 0.05458783120706575, 0.016069676153091267, 0.007114818449460255, 0.011162904808635918, 0.0023307163886162907, 0.0011040235525024535, 0.0014720314033366045, 0.0002453385672227674, 0.0, 0.0002453385672227674, 0.0, 0.0], [0.0, 0.0, 0.0, 0.0, 0.008771929824561403, 0.0, 0.008771929824561403, 0.03508771929824561, 0.03508771929824561, 0.05263157894736842, 0.043859649122807015, 0.07894736842105263, 0.07017543859649122, 0.10526315789473684, 0.07894736842105263, 0.10526315789473684, 0.06140350877192982, 0.03508771929824561, 0.08771929824561403, 0.08771929824561403, 0.02631578947368421, 0.043859649122807015, 0.017543859649122806, 0.017543859649122806, 0.0, 0.0, 0.0, 0.0, 0.0, 0.0, 0.0, 0.0, 0.0], [0.0, 0.0, 0.0, 0.00012750223128904755, 0.0, 0.00012750223128904755, 0.0, 0.0017850312380466658, 0.0019125334693357134, 0.006630116027030473, 0.011092694122147138, 0.01785031238046666, 0.032385566747418076, 0.05699349738620426, 0.08402397041948234, 0.11602703047303328, 0.15402269539716945, 0.10761188320795614, 0.16817544307025373, 0.07152875175315568, 0.04169322963151855, 0.059416039780696164, 0.019762845849802372, 0.010072676271834757, 0.020272854774958562, 0.008032640571209997, 0.0030600535509371415, 0.003187555782226189, 0.002040035700624761, 0.0007650133877342854, 0.001402524544179523, 0.0, 0.0], [0.0, 0.0, 0.0002653223666755107, 0.0015919342000530645, 0.0018572565667285751, 0.003183868400106129, 0.005571769700185725, 0.009020960466967366, 0.01751127620058371, 0.0246749801008225, 0.03900238790130008, 0.0469620589015654, 0.07004510480233483, 0.08331122313611038, 0.10931281507031043, 0.1233749005041125, 0.12576280180419208, 0.08171928893605732, 0.11010878217033696, 0.03847174316794906, 0.028124170867604138, 0.029185460334306183, 0.01114353940037145, 0.00689838153356328, 0.012735473600424516, 0.006367736800212258, 0.0066330591668877685, 0.0023879013000795966, 0.0018572565667285751, 0.0007959671000265323, 0.0021225789334040858, 0.0, 0.0], [0.0033444816053511705, 0.0, 0.0033444816053511705, 0.010033444816053512, 0.016722408026755852, 0.013377926421404682, 0.016722408026755852, 0.05016722408026756, 0.05016722408026756, 0.09698996655518395, 0.08695652173913043, 0.10367892976588629, 0.0903010033444816, 0.10367892976588629, 0.07692307692307693, 0.06688963210702341, 0.06688963210702341, 0.033444816053511704, 0.026755852842809364, 0.03678929765886288, 0.006688963210702341, 0.013377926421404682, 0.020066889632107024, 0.006688963210702341, 0.0, 0.0, 0.0, 0.0, 0.0, 0.0, 0.0, 0.0, 0.0], [0.0004010025062656642, 0.0003007518796992481, 0.0005012531328320802, 0.0007017543859649122, 0.0005012531328320802, 0.0016040100250626567, 0.0017042606516290727, 0.005213032581453634, 0.009523809523809525, 0.01974937343358396, 0.03388471177944862, 0.04842105263157895, 0.06285714285714286, 0.07107769423558898, 0.09263157894736843, 0.10867167919799499, 0.1362406015037594, 0.09132832080200501, 0.10887218045112781, 0.057343358395989974, 0.040100250626566414, 0.04150375939849624, 0.018145363408521305, 0.011729323308270676, 0.01944862155388471, 0.00832080200501253, 0.00531328320802005, 0.0016040100250626567, 0.002105263157894737, 0.0002005012531328321, 0.0, 0.0, 0.0], [0.0, 0.0, 0.0, 0.0, 0.0003700962250185048, 0.0003700962250185048, 0.0003700962250185048, 0.0003700962250185048, 0.0007401924500370096, 0.0055514433752775726, 0.007031828275351592, 0.005921539600296077, 0.01221317542561066, 0.021095484826054774, 0.04034048852701702, 0.06365655070318282, 0.07772020725388601, 0.08142116950407106, 0.18652849740932642, 0.08105107327905256, 0.08549222797927461, 0.12176165803108809, 0.05070318282753516, 0.02553663952627683, 0.06846780162842339, 0.0229459659511473, 0.013323464100666173, 0.014803849000740192, 0.006661732050333087, 0.0040710584752035525, 0.0014803849000740192, 0.0, 0.0], [0.0, 0.0, 0.0003248862897985705, 0.0, 0.0016244314489928524, 0.0016244314489928524, 0.0035737491877842753, 0.003898635477582846, 0.012020792722547108, 0.018193632228719947, 0.030539311241065625, 0.03443794671864847, 0.05977907732293697, 0.07244964262508122, 0.09226770630279402, 0.11208576998050682, 0.14002599090318388, 0.0912930474333983, 0.15107212475633527, 0.05458089668615984, 0.036387264457439894, 0.04028589993502274, 0.012670565302144249, 0.008447043534762833, 0.011046133853151396, 0.004223521767381416, 0.001949317738791423, 0.0016244314489928524, 0.001949317738791423, 0.0016244314489928524, 0.0, 0.0, 0.0], [0.00018358729575913347, 0.0, 0.0005507618872774004, 0.0005507618872774004, 0.0009179364787956673, 0.002019460253350468, 0.004589682393978336, 0.008261428309161005, 0.014136221773453276, 0.023499173857169084, 0.05085368092527997, 0.06333761703690105, 0.08959060033045713, 0.0971176794565816, 0.13420231319992657, 0.13071415458050303, 0.1283275197356343, 0.07398568019093078, 0.0800440609509822, 0.03745180833486323, 0.019276666054709013, 0.018358729575913346, 0.007894253717642739, 0.005324031577014871, 0.004038920506700936, 0.0014686983660730677, 0.0018358729575913347, 0.0009179364787956673, 0.0005507618872774004, 0.0, 0.0, 0.0, 0.0], [0.0, 0.0, 0.0, 0.0, 0.0003454231433506045, 0.000690846286701209, 0.002763385146804836, 0.0032815198618307427, 0.007426597582037997, 0.010362694300518135, 0.025043177892918825, 0.036614853195164075, 0.05094991364421416, 0.06718480138169257, 0.10535405872193437, 0.11105354058721935, 0.14455958549222797, 0.10224525043177893, 0.15647668393782382, 0.05958549222797927, 0.03678756476683938, 0.03557858376511226, 0.013471502590673576, 0.008290155440414507, 0.012607944732297064, 0.005008635578583765, 0.0015544041450777201, 0.0010362694300518134, 0.0017271157167530224, 0.0, 0.0, 0.0, 0.0], [0.00022722108611679165, 0.0, 0.0, 0.00011361054305839582, 0.00022722108611679165, 0.00034083162917518747, 0.0014769370597591455, 0.0022722108611679163, 0.004771642808452625, 0.013519654623949103, 0.021131561008861623, 0.02692569870483981, 0.03760508975232901, 0.050102249488752554, 0.07645989547830039, 0.10213587820949784, 0.14189956827993638, 0.10736196319018405, 0.16712110883890025, 0.0790729379686435, 0.05135196546239491, 0.05521472392638037, 0.01931379231992729, 0.009656896159963645, 0.016473528743467393, 0.004998863894569416, 0.003749147920927062, 0.002499431947284708, 0.0014769370597591455, 0.0021586003181095206, 0.00034083162917518747, 0.0, 0.0], [0.0, 0.0, 0.0, 0.0, 0.00047058823529411766, 0.00023529411764705883, 0.0007058823529411765, 0.0009411764705882353, 0.0042352941176470585, 0.0042352941176470585, 0.013176470588235295, 0.01811764705882353, 0.03623529411764706, 0.05152941176470588, 0.07458823529411765, 0.1011764705882353, 0.14988235294117647, 0.11552941176470588, 0.1703529411764706, 0.08, 0.05811764705882353, 0.05647058823529412, 0.022823529411764704, 0.010352941176470589, 0.016705882352941178, 0.0075294117647058826, 0.0021176470588235292, 0.0018823529411764706, 0.0009411764705882353, 0.0016470588235294118, 0.0, 0.0, 0.0], [0.0, 0.00041339396444811904, 0.0, 0.0, 0.0012401818933443572, 0.0012401818933443572, 0.0008267879288962381, 0.004960727573377429, 0.009921455146754857, 0.014055394791236048, 0.019429516329061595, 0.03141794129805705, 0.047540305911533694, 0.05746176105828855, 0.08102521703183134, 0.10376188507647788, 0.13600661430343117, 0.10210830921868541, 0.13559322033898305, 0.06448945845390658, 0.05332782141380736, 0.046713517982637454, 0.028110789582472095, 0.014055394791236048, 0.017775940471269118, 0.009921455146754857, 0.0045473336089293095, 0.0062009094667217855, 0.00413393964448119, 0.0024803637866887144, 0.0012401818933443572, 0.0, 0.0], [0.00022153300841825432, 0.0, 0.00044306601683650863, 0.000664599025254763, 0.000664599025254763, 0.0008861320336730173, 0.002215330084182543, 0.0037660611431103233, 0.007532122286220647, 0.012184315463003987, 0.022153300841825433, 0.03965440850686752, 0.06756756756756757, 0.0790872840053168, 0.10655737704918032, 0.12472308373947719, 0.13690739920248116, 0.09260079751883031, 0.12738147984049622, 0.05050952591936198, 0.03433761630482942, 0.04031900753212229, 0.01484271156402304, 0.007753655294638901, 0.013070447496677004, 0.005316792202038104, 0.003544528134692069, 0.001993797075764289, 0.0015507310589277803, 0.0015507310589277803, 0.0, 0.0, 0.0], [0.0, 0.0, 0.00016675004168751042, 0.00033350008337502084, 0.0005002501250625312, 0.00033350008337502084, 0.001167250291812573, 0.003168250792062698, 0.00400200100050025, 0.010838752709688178, 0.020843755210938803, 0.027013506753376687, 0.05002501250625312, 0.06119726529931632, 0.09788227447056862, 0.11922627980656995, 0.14457228614307155, 0.09721527430381857, 0.1805902951475738, 0.05936301484075371, 0.03451725862931466, 0.03968650992162748, 0.015174253793563448, 0.00783725195931299, 0.01200600300150075, 0.00416875104218776, 0.0033350008337502085, 0.0016675004168751042, 0.0005002501250625312, 0.0026680006670001667, 0.0, 0.0, 0.0], [0.0, 0.0, 0.0, 0.00909090909090909, 0.00909090909090909, 0.00909090909090909, 0.0, 0.00909090909090909, 0.00909090909090909, 0.05454545454545454, 0.02727272727272727, 0.045454545454545456, 0.045454545454545456, 0.05454545454545454, 0.05454545454545454, 0.11818181818181818, 0.12727272727272726, 0.08181818181818182, 0.07272727272727272, 0.02727272727272727, 0.08181818181818182, 0.03636363636363636, 0.03636363636363636, 0.0, 0.01818181818181818, 0.02727272727272727, 0.00909090909090909, 0.03636363636363636, 0.0, 0.0, 0.0, 0.0, 0.0], [0.0002387774594078319, 0.00011938872970391595, 0.0, 0.00011938872970391595, 0.0002387774594078319, 0.0002387774594078319, 0.0004775549188156638, 0.0016714422158548234, 0.0029847182425978987, 0.0064469914040114614, 0.01181948424068768, 0.017191977077363897, 0.032354345749761225, 0.048471824259789874, 0.08237822349570201, 0.1258357211079274, 0.16714422158548234, 0.1308500477554919, 0.14338586437440307, 0.07605062082139447, 0.04990448901623687, 0.050620821394460364, 0.019937917860553964, 0.009192932187201528, 0.01181948424068768, 0.004775549188156638, 0.002148997134670487, 0.0010744985673352436, 0.002507163323782235, 0.0, 0.0, 0.0, 0.0], [0.0, 0.0, 0.0, 0.00015571473061351605, 0.0, 0.0003114294612270321, 0.0014014325755216444, 0.0007785736530675802, 0.0021800062285892243, 0.0035814388041108688, 0.007785736530675802, 0.01136717533478667, 0.019931485518530054, 0.02802865151043289, 0.04811585175957646, 0.07630021800062287, 0.12285892245406416, 0.11569604484584242, 0.19791342260977887, 0.09825599501712862, 0.0708502024291498, 0.09358455309872314, 0.028807225163500465, 0.016350046714419184, 0.027717222049205854, 0.013235752102148864, 0.005917159763313609, 0.004204297726564933, 0.0020242914979757085, 0.0009342883836810962, 0.0017128620367486765, 0.0, 0.0], [0.0003100454733360893, 0.00010334849111202976, 0.0, 0.00020669698222405952, 0.00020669698222405952, 0.0007234394377842084, 0.0008267879288962381, 0.0023770152955766848, 0.0037205456800330715, 0.007234394377842084, 0.01333195535345184, 0.018809425382389416, 0.023460107482430756, 0.037412153782554775, 0.054981397271599834, 0.0826787928896238, 0.11916081025217032, 0.1253617197188921, 0.1974989665150889, 0.09921455146754857, 0.06407606448945845, 0.0753410500206697, 0.02625051674245556, 0.013745349317899959, 0.019326167837949566, 0.006614303431169905, 0.0034105002066969823, 0.0012401818933443572, 0.0023770152955766848, 0.0, 0.0, 0.0, 0.0], [0.0, 0.0, 0.0, 0.0017064846416382253, 0.0017064846416382253, 0.0, 0.0, 0.005119453924914676, 0.008532423208191127, 0.005119453924914676, 0.017064846416382253, 0.025597269624573378, 0.04436860068259386, 0.08532423208191127, 0.09556313993174062, 0.1348122866894198, 0.1621160409556314, 0.12286689419795221, 0.16382252559726962, 0.06143344709897611, 0.027303754266211604, 0.025597269624573378, 0.006825938566552901, 0.0017064846416382253, 0.0034129692832764505, 0.0, 0.0, 0.0, 0.0, 0.0, 0.0, 0.0, 0.0], [0.0, 0.0, 0.0, 0.00025755494505494506, 0.0, 0.00017170329670329672, 0.00025755494505494506, 0.0007726648351648351, 0.0020604395604395605, 0.005580357142857143, 0.008241758241758242, 0.016140109890109892, 0.026442307692307692, 0.033482142857142856, 0.052884615384615384, 0.06850961538461539, 0.10997596153846154, 0.08705357142857142, 0.21771978021978022, 0.10130494505494506, 0.06739354395604395, 0.11366758241758242, 0.033997252747252744, 0.01150412087912088, 0.024296016483516484, 0.007984203296703296, 0.004635989010989011, 0.0023179945054945055, 0.001717032967032967, 0.0016311813186813187, 0.0, 0.0, 0.0], [0.0001775410563692854, 8.87705281846427e-05, 8.87705281846427e-05, 8.87705281846427e-05, 0.0006213936972924988, 0.0005326231691078562, 0.0005326231691078562, 0.0013315579227696406, 0.0015978695073235686, 0.006391478029294274, 0.011273857079449622, 0.023968042609853527, 0.04438526409232135, 0.06373723923657346, 0.0966711051930759, 0.13883710608078118, 0.1871282734132268, 0.13004882379050156, 0.15650244118952508, 0.055747891699955615, 0.03115845539280959, 0.02698624056813138, 0.010208610741233911, 0.0032845095428317797, 0.00461606746560142, 0.0015978695073235686, 0.0016866400355082113, 0.0007101642254771416, 0.0, 0.0, 0.0, 0.0, 0.0], [0.0, 0.00012036591237361579, 0.0, 0.00012036591237361579, 0.0003610977371208474, 0.0008425613866153105, 0.0008425613866153105, 0.0022869523350987, 0.003370245546461242, 0.00601829561868079, 0.012397688974482426, 0.021304766490129995, 0.03165623495426095, 0.044415021665864224, 0.07366393837265287, 0.12024554646124218, 0.16405873856523834, 0.12108810784785749, 0.16586422725084257, 0.08245064997592681, 0.04778526721232547, 0.04995185363505055, 0.023350987000481462, 0.009749638902262879, 0.011073663938372653, 0.0027684159845931633, 0.0021665864227250844, 0.0020462205103514686, 0.0, 0.0, 0.0, 0.0, 0.0], [0.0, 0.0, 0.0, 0.0, 0.0002894356005788712, 0.0, 0.0008683068017366136, 0.0008683068017366136, 0.0015918958031837917, 0.0034732272069464545, 0.009840810419681621, 0.015195369030390739, 0.02735166425470333, 0.045875542691751085, 0.08075253256150507, 0.10998552821997105, 0.14819102749638205, 0.09652677279305355, 0.19609261939218525, 0.07351664254703329, 0.045151953690303906, 0.058900144717800286, 0.02662807525325615, 0.012879884225759768, 0.020839363241678725, 0.009117221418234444, 0.005788712011577424, 0.0031837916063675834, 0.0030390738060781476, 0.0020260492040520984, 0.0020260492040520984, 0.0, 0.0], [0.00036443148688046647, 0.00036443148688046647, 0.00036443148688046647, 0.0007288629737609329, 0.002551020408163265, 0.002551020408163265, 0.005466472303206997, 0.008381924198250729, 0.014577259475218658, 0.02879008746355685, 0.037900874635568516, 0.054300291545189505, 0.0597667638483965, 0.08345481049562682, 0.11333819241982507, 0.1129737609329446, 0.11916909620991253, 0.07689504373177843, 0.14868804664723032, 0.04336734693877551, 0.02040816326530612, 0.03206997084548105, 0.009475218658892129, 0.00510204081632653, 0.010568513119533527, 0.0032798833819241984, 0.0018221574344023323, 0.0010932944606413995, 0.0018221574344023323, 0.00036443148688046647, 0.0, 0.0, 0.0], [0.0, 0.0, 0.0, 0.001936733376371853, 0.0025823111684958036, 0.0025823111684958036, 0.003873466752743706, 0.010974822466107165, 0.010329244673983214, 0.014848289218850872, 0.023886378308586184, 0.036152356358941255, 0.05035506778566817, 0.056810845706907684, 0.08263395739186571, 0.1091026468689477, 0.14460942543576502, 0.1039380245319561, 0.1723692704970949, 0.06132989025177534, 0.029051000645577793, 0.03227888960619755, 0.02065848934796643, 0.005810200129115558, 0.014848289218850872, 0.004519044544867657, 0.0012911555842479018, 0.0025823111684958036, 0.0006455777921239509, 0.0, 0.0, 0.0, 0.0], [0.00028735632183908046, 0.0, 0.0, 0.0, 0.0007183908045977011, 0.0008620689655172414, 0.003017241379310345, 0.005028735632183908, 0.007327586206896552, 0.014798850574712644, 0.028160919540229885, 0.04267241379310345, 0.057614942528735634, 0.08290229885057471, 0.1278735632183908, 0.13735632183908045, 0.14382183908045976, 0.08793103448275862, 0.12528735632183907, 0.04152298850574713, 0.026436781609195402, 0.03017241379310345, 0.01293103448275862, 0.00632183908045977, 0.010632183908045977, 0.002586206896551724, 0.001293103448275862, 0.0010057471264367816, 0.00014367816091954023, 0.0010057471264367816, 0.00028735632183908046, 0.0, 0.0], [0.0, 0.0, 0.0, 0.0006550218340611354, 0.0004366812227074236, 0.0002183406113537118, 0.002183406113537118, 0.0008733624454148472, 0.004366812227074236, 0.009825327510917031, 0.016812227074235808, 0.02205240174672489, 0.03384279475982533, 0.048689956331877726, 0.07139737991266376, 0.10611353711790393, 0.11877729257641921, 0.09868995633187773, 0.16615720524017466, 0.07379912663755459, 0.05327510917030567, 0.06222707423580786, 0.028820960698689956, 0.014847161572052401, 0.03187772925764192, 0.013100436681222707, 0.009170305676855894, 0.00480349344978166, 0.003056768558951965, 0.00240174672489083, 0.0015283842794759825, 0.0, 0.0], [0.0, 0.0, 0.0, 0.0002031694433157253, 0.0002031694433157253, 0.0, 0.0010158472165786266, 0.0010158472165786266, 0.0028443722064201544, 0.009955302722470541, 0.015847216578626575, 0.028443722064201545, 0.04408776919951239, 0.06440471353108493, 0.09488013002844373, 0.1180414465664364, 0.14668833807395368, 0.10402275497765136, 0.16436407964242178, 0.06846810239739944, 0.04185290532303942, 0.04510361641609102, 0.01645672490857375, 0.0077204388459975615, 0.010564811052417716, 0.0028443722064201544, 0.0040633888663145065, 0.0022348638764729785, 0.003250711093051605, 0.0014221861032100772, 0.0, 0.0, 0.0], [0.0001288825879623663, 0.0001288825879623663, 0.0001288825879623663, 0.0001288825879623663, 0.0006444129398118315, 0.0011599432916612965, 0.001288825879623663, 0.003093182111096791, 0.0048975383425699185, 0.008248485629591443, 0.02113674442582807, 0.03260729475447867, 0.05413068694419384, 0.07436525325428535, 0.10723031318468874, 0.14009537311509215, 0.1670318339992267, 0.11187008635133394, 0.11805645057352751, 0.061992524809898183, 0.03544271168965073, 0.02809640417579585, 0.012888258796236628, 0.0048975383425699185, 0.0048975383425699185, 0.0016754736435107616, 0.000902178115736564, 0.002706534347209692, 0.0001288825879623663, 0.0, 0.0, 0.0, 0.0], [0.0, 0.0, 0.0, 0.00021101498206372652, 0.00021101498206372652, 0.0008440599282549061, 0.0010550749103186326, 0.002743194766828445, 0.00548638953365689, 0.007174509390166702, 0.01645916860097067, 0.024688752901456005, 0.0422029964127453, 0.05781810508546107, 0.09242456214391222, 0.12850812407680945, 0.15741717661954, 0.11521418020679468, 0.1430681578392066, 0.06710276429626504, 0.04262502637687276, 0.04156995146655412, 0.018358303439544206, 0.006330449461911795, 0.01624815361890694, 0.00485334458746571, 0.0033762397130196243, 0.0014771048744460858, 0.0012660898923823592, 0.0006330449461911796, 0.0006330449461911796, 0.0, 0.0], [0.0, 0.0, 0.0, 0.00025933609958506224, 0.0, 0.001037344398340249, 0.002074688796680498, 0.0028526970954356845, 0.005705394190871369, 0.005705394190871369, 0.011929460580912862, 0.021265560165975105, 0.03137966804979253, 0.04616182572614108, 0.07702282157676349, 0.10762448132780084, 0.13900414937759337, 0.09880705394190871, 0.18309128630705393, 0.07676348547717843, 0.05134854771784232, 0.061721991701244816, 0.02567427385892116, 0.015560165975103735, 0.01945020746887967, 0.00933609958506224, 0.0031120331950207467, 0.0012966804979253112, 0.001037344398340249, 0.0007780082987551867, 0.0, 0.0, 0.0], [0.0, 0.0, 0.00028129395218002813, 0.0, 0.00028129395218002813, 0.0004219409282700422, 0.0005625879043600563, 0.001969057665260197, 0.0018284106891701829, 0.00520393811533052, 0.01139240506329114, 0.025457102672292547, 0.04233473980309423, 0.07046413502109705, 0.10126582278481013, 0.1150492264416315, 0.14135021097046413, 0.09831223628691983, 0.16258790436005627, 0.05822784810126582, 0.04149085794655415, 0.04683544303797468, 0.02348804500703235, 0.010548523206751054, 0.021659634317862168, 0.006469760900140647, 0.005625879043600563, 0.0033755274261603376, 0.0014064697609001407, 0.0012658227848101266, 0.0008438818565400844, 0.0, 0.0], [0.0, 0.0, 8.826904404625298e-05, 0.0, 8.826904404625298e-05, 0.00017653808809250596, 0.0003530761761850119, 0.0010592285285550358, 0.0019419189690175656, 0.005472680730867685, 0.010415747197457852, 0.019948803954453174, 0.03407185100185365, 0.04740047665283785, 0.06946773766440109, 0.08676847029746668, 0.11316091446729631, 0.09118192249977933, 0.22667490511077765, 0.08853385117839174, 0.05878718333480448, 0.07723541354047135, 0.023214758584164535, 0.00856209727248654, 0.021978991967516993, 0.006002294995145202, 0.0027363403654338423, 0.0015888427928325535, 0.0015888427928325535, 0.0015005737487863006, 0.0, 0.0, 0.0], [0.0, 0.0, 0.0, 0.0, 0.0, 0.00011693171188026193, 0.0007015902712815715, 0.0005846585594013096, 0.0022217025257249765, 0.004794200187090739, 0.008068288119738073, 0.018358278765201123, 0.03145463049579046, 0.0558933582787652, 0.0844246959775491, 0.12464920486435921, 0.1716557530402245, 0.12289522918615528, 0.19983629560336763, 0.06817118802619271, 0.0362488306828812, 0.04490177736202058, 0.010640785781103836, 0.003975678203928906, 0.005846585594013096, 0.0011693171188026192, 0.0011693171188026192, 0.001520112254443405, 0.0007015902712815715, 0.0, 0.0, 0.0, 0.0], [0.0, 0.003952569169960474, 0.0, 0.003952569169960474, 0.003952569169960474, 0.019762845849802372, 0.02766798418972332, 0.019762845849802372, 0.06719367588932806, 0.03557312252964427, 0.05533596837944664, 0.06719367588932806, 0.06719367588932806, 0.11462450592885376, 0.11067193675889328, 0.1225296442687747, 0.09090909090909091, 0.06719367588932806, 0.043478260869565216, 0.015810276679841896, 0.011857707509881422, 0.023715415019762844, 0.011857707509881422, 0.015810276679841896, 0.0, 0.0, 0.0, 0.0, 0.0, 0.0, 0.0, 0.0, 0.0]]}, "ranks": {"labels": ["Unranked", "Combatatent I", "Combatatent II", "Challenger I", "Challenger II", "Rival I", "Rival II", "Duelist", "Elite"], "data": [[0.11612903225806452, 0.14516129032258066, 0.2032258064516129, 0.2161290322580645, 0.15483870967741936, 0.08709677419354839, 0.04838709677419355, 0.016129032258064516, 0.012903225806451613], [0.04985459077690071, 0.07769007062733693, 0.13917739925218114, 0.22060656418778563, 0.23680930619027835, 0.1844619858745326, 0.04694640631491483, 0.03199002908184462, 0.012463647694225177], [0.009907618155040836, 0.019681349578256794, 0.04913643057972955, 0.1128665149283706, 0.21662873209264963, 0.3139643861293346, 0.09693399384121033, 0.12705850850180747, 0.05382246619360021], [0.020608439646712464, 0.03631010794896958, 0.0858684985279686, 0.1746810598626104, 0.2650883218842002, 0.23527968596663396, 0.08783120706575073, 0.07777232580961727, 0.0165603532875368], [0.14035087719298245, 0.12280701754385964, 0.17543859649122806, 0.18421052631578946, 0.09649122807017543, 0.14912280701754385, 0.05263157894736842, 0.07894736842105263, 0.0], [0.010582685196990948, 0.028943006502613795, 0.08937906413362234, 0.20005100089251562, 0.26163457860512557, 0.2061711079943899, 0.07522631646053805, 0.08925156190233328, 0.03876067831187046], [0.06367736800212258, 0.08596444680286548, 0.1533563279384452, 0.23268771557442292, 0.2074820907402494, 0.13372247280445743, 0.04298222340143274, 0.047227381268240914, 0.032899973467763334], [0.2608695652173913, 0.19063545150501673, 0.1939799331103679, 0.14381270903010032, 0.10033444816053512, 0.04013377926421405, 0.030100334448160536, 0.04013377926421405, 0.0], [0.040200501253132834, 0.08230576441102756, 0.13393483709273182, 0.2013032581453634, 0.22756892230576442, 0.13964912280701755, 0.06666666666666667, 0.07137844611528822, 0.03699248120300752], [0.007772020725388601, 0.012953367875647668, 0.033308660251665435, 0.10399703923019986, 0.15914137675795706, 0.22612879348630643, 0.12694300518134716, 0.19800148038490006, 0.13175425610658772], [0.04126055880441845, 0.0649772579597141, 0.1322287199480182, 0.20435347628330083, 0.23131903833658218, 0.17966211825860948, 0.06237816764132553, 0.06140350877192982, 0.022417153996101363], [0.05470901413622177, 0.11419129796218101, 0.18670827978703874, 0.2649164677804296, 0.20231319992656507, 0.09803561593537727, 0.038736919405177164, 0.031577014870570956, 0.008812190196438406], [0.024870466321243522, 0.061658031088082904, 0.11813471502590674, 0.2164075993091537, 0.2468048359240069, 0.18687392055267704, 0.06597582037996545, 0.05734024179620035, 0.021934369602763387], [0.022949329697795954, 0.04805725971370143, 0.08770733924108157, 0.17859577368779822, 0.24926153147012042, 0.2098386730288571, 0.08770733924108157, 0.0841854124062713, 0.03169734151329243], [0.010823529411764706, 0.031294117647058826, 0.08776470588235294, 0.17576470588235293, 0.26541176470588235, 0.21811764705882353, 0.0903529411764706, 0.08964705882352941, 0.030823529411764704], [0.032658123191401406, 0.05084745762711865, 0.10500206696982224, 0.18478710210830923, 0.23811492352211658, 0.16990491938817692, 0.08350558081852005, 0.0888797023563456, 0.04630012401818934], [0.028577758085954807, 0.06180770934869295, 0.14665485157288435, 0.23128046078865752, 0.22950819672131148, 0.15684536996012405, 0.05538325210456358, 0.06291537439078422, 0.02702702702702703], [0.02051025512756378, 0.047857261964315494, 0.11122227780556945, 0.21710855427713857, 0.24178756044689012, 0.21327330331832584, 0.06119726529931632, 0.06269801567450392, 0.02434550608637652], [0.1, 0.07272727272727272, 0.1, 0.17272727272727273, 0.20909090909090908, 0.08181818181818182, 0.1, 0.07272727272727272, 0.09090909090909091], [0.012535816618911174, 0.029011461318051577, 0.0808261700095511, 0.2082139446036294, 0.2979942693409742, 0.1863658070678128, 0.08297516714422158, 0.07975167144221586, 0.022325692454632284], [0.008408595453129867, 0.019152911865462474, 0.04796013702896294, 0.12441606976019931, 0.23855496729990658, 0.24929928371223917, 0.11772033634381812, 0.13874182497664278, 0.05574587355963874], [0.015708970649028525, 0.03214138073584126, 0.06087226126498553, 0.13766019016122363, 0.2445225299710624, 0.24937990905332783, 0.11140967341876809, 0.11533691608102521, 0.03296816866473749], [0.02218430034129693, 0.042662116040955635, 0.1296928327645051, 0.23037542662116042, 0.28498293515358364, 0.20136518771331058, 0.051194539249146756, 0.034129692832764506, 0.0034129692832764505], [0.009100274725274726, 0.024381868131868132, 0.05992445054945055, 0.12139423076923077, 0.19702953296703296, 0.2727506868131868, 0.11366758241758242, 0.15916895604395603, 0.042582417582417584], [0.011451398135818908, 0.03524189968930315, 0.10812250332889481, 0.23550821127385707, 0.3171770972037284, 0.18695073235685752, 0.05645805592543276, 0.04047936085219707, 0.008610741233910342], [0.013962445835339432, 0.033702455464612424, 0.07607125662012518, 0.19390948483389503, 0.2851468464130958, 0.21003851709195956, 0.0860616273471353, 0.08305247953779489, 0.018054886856042368], [0.007091172214182344, 0.02503617945007236, 0.07322720694645442, 0.19073806078147612, 0.2447178002894356, 0.2361794500723589, 0.07858176555716354, 0.09840810419681621, 0.04602026049204052], [0.0641399416909621, 0.09220116618075802, 0.14322157434402333, 0.22631195335276968, 0.19606413994169097, 0.1694606413994169, 0.043002915451895045, 0.04664723032069971, 0.018950437317784258], [0.04712717882504842, 0.06003873466752744, 0.10716591349257586, 0.19173660426081343, 0.2485474499677211, 0.2065848934796643, 0.05616526791478373, 0.05874757908327954, 0.023886378308586184], [0.03204022988505747, 0.07083333333333333, 0.14051724137931035, 0.26522988505747125, 0.2317528735632184, 0.14755747126436783, 0.045689655172413794, 0.04942528735632184, 0.01695402298850575], [0.018558951965065504, 0.0388646288209607, 0.08253275109170306, 0.17751091703056768, 0.21746724890829694, 0.20589519650655022, 0.08733624454148471, 0.10589519650655022, 0.06593886462882097], [0.015237708248679399, 0.04429093864282812, 0.10849248273059732, 0.21292157659488012, 0.25071109305160505, 0.20357578220235675, 0.07110930516050386, 0.06928078017066233, 0.024380333197887037], [0.019847918546204407, 0.05374403918030674, 0.12849594019847918, 0.2473256862997809, 0.27890192035056066, 0.15298363191132877, 0.06250805516174765, 0.0458822013146024, 0.010310607036989303], [0.01772525849335303, 0.041147921502426674, 0.10002110149820637, 0.22093268622072168, 0.27263135682633466, 0.17936273475416756, 0.07343321375817682, 0.06625870436801012, 0.02848702257860308], [0.017634854771784232, 0.03319502074688797, 0.07754149377593361, 0.18464730290456433, 0.23781120331950206, 0.22769709543568464, 0.08350622406639004, 0.1029564315352697, 0.0350103734439834], [0.010548523206751054, 0.03684950773558369, 0.11279887482419128, 0.21631504922644162, 0.23966244725738398, 0.19451476793248945, 0.06779184247538678, 0.0808720112517581, 0.04064697609001407], [0.00917998058081031, 0.030364551151911025, 0.0814723276546915, 0.15623620796186777, 0.20434283696707564, 0.2731044222791067, 0.10089151734486715, 0.10901226939712243, 0.03539588666254744], [0.00841908325537886, 0.026426566884939197, 0.08734798877455566, 0.20907390084190833, 0.2945509822263798, 0.23690364826941065, 0.06735266604303088, 0.05951824134705332, 0.010406922357343312], [0.18181818181818182, 0.1225296442687747, 0.18181818181818182, 0.233201581027668, 0.15810276679841898, 0.04743083003952569, 0.023715415019762844, 0.05138339920948617, 0.0]]}, "ranksDetailed": {"labels": ["Unranked", "Combatatant", "Challenger", "Rival", "Duelist", "Elite"], "data": [[0.11612903225806452, 0.34838709677419355, 0.3709677419354839, 0.13548387096774195, 0.016129032258064516, 0.012903225806451613], [0.04985459077690071, 0.21686746987951808, 0.45741587037806397, 0.23140839218944745, 0.03199002908184462, 0.012463647694225177], [0.009907618155040836, 0.06881778015798634, 0.32949524702102023, 0.4108983799705449, 0.12705850850180747, 0.05382246619360021], [0.020608439646712464, 0.12217860647693818, 0.4397693817468106, 0.3231108930323847, 0.07777232580961727, 0.0165603532875368], [0.14035087719298245, 0.2982456140350877, 0.2807017543859649, 0.20175438596491227, 0.07894736842105263, 0.0], [0.010582685196990948, 0.11832207063623613, 0.4616855794976412, 0.28139742445492794, 0.08925156190233328, 0.03876067831187046], [0.06367736800212258, 0.2393207747413107, 0.44016980631467234, 0.17670469620589016, 0.047227381268240914, 0.032899973467763334], [0.2608695652173913, 0.38461538461538464, 0.24414715719063546, 0.07023411371237458, 0.04013377926421405, 0.0], [0.040200501253132834, 0.2162406015037594, 0.4288721804511278, 0.2063157894736842, 0.07137844611528822, 0.03699248120300752], [0.007772020725388601, 0.0462620281273131, 0.2631384159881569, 0.3530717986676536, 0.19800148038490006, 0.13175425610658772], [0.04126055880441845, 0.19720597790773228, 0.43567251461988304, 0.242040285899935, 0.06140350877192982, 0.022417153996101363], [0.05470901413622177, 0.30089957774921977, 0.4672296677069947, 0.13677253534055445, 0.031577014870570956, 0.008812190196438406], [0.024870466321243522, 0.17979274611398963, 0.46321243523316064, 0.2528497409326425, 0.05734024179620035, 0.021934369602763387], [0.022949329697795954, 0.13576459895478302, 0.42785730515791864, 0.29754601226993865, 0.0841854124062713, 0.03169734151329243], [0.010823529411764706, 0.11905882352941176, 0.4411764705882353, 0.3084705882352941, 0.08964705882352941, 0.030823529411764704], [0.032658123191401406, 0.15584952459694087, 0.4229020256304258, 0.253410500206697, 0.0888797023563456, 0.04630012401818934], [0.028577758085954807, 0.2084625609215773, 0.460788657509969, 0.21222862206468765, 0.06291537439078422, 0.02702702702702703], [0.02051025512756378, 0.15907953976988495, 0.4588961147240287, 0.27447056861764213, 0.06269801567450392, 0.02434550608637652], [0.1, 0.17272727272727273, 0.38181818181818183, 0.18181818181818182, 0.07272727272727272, 0.09090909090909091], [0.012535816618911174, 0.10983763132760267, 0.5062082139446036, 0.2693409742120344, 0.07975167144221586, 0.022325692454632284], [0.008408595453129867, 0.06711304889442542, 0.36297103706010586, 0.3670196200560573, 0.13874182497664278, 0.05574587355963874], [0.015708970649028525, 0.09301364200082679, 0.38218272013228605, 0.3607895824720959, 0.11533691608102521, 0.03296816866473749], [0.02218430034129693, 0.17235494880546076, 0.515358361774744, 0.2525597269624573, 0.034129692832764506, 0.0034129692832764505], [0.009100274725274726, 0.08430631868131869, 0.31842376373626374, 0.3864182692307692, 0.15916895604395603, 0.042582417582417584], [0.011451398135818908, 0.14336440301819794, 0.5526853084775855, 0.2434087882822903, 0.04047936085219707, 0.008610741233910342], [0.013962445835339432, 0.1097737120847376, 0.4790563312469909, 0.2961001444390948, 0.08305247953779489, 0.018054886856042368], [0.007091172214182344, 0.09826338639652678, 0.4354558610709117, 0.3147612156295224, 0.09840810419681621, 0.04602026049204052], [0.0641399416909621, 0.23542274052478135, 0.42237609329446063, 0.21246355685131196, 0.04664723032069971, 0.018950437317784258], [0.04712717882504842, 0.1672046481601033, 0.44028405422853456, 0.262750161394448, 0.05874757908327954, 0.023886378308586184], [0.03204022988505747, 0.21135057471264368, 0.49698275862068964, 0.1932471264367816, 0.04942528735632184, 0.01695402298850575], [0.018558951965065504, 0.12139737991266375, 0.39497816593886464, 0.29323144104803495, 0.10589519650655022, 0.06593886462882097], [0.015237708248679399, 0.15278342137342543, 0.4636326696464852, 0.2746850873628606, 0.06928078017066233, 0.024380333197887037], [0.019847918546204407, 0.18223997937878592, 0.5262276066503415, 0.21549168707307642, 0.0458822013146024, 0.010310607036989303], [0.01772525849335303, 0.14116902300063305, 0.49356404304705637, 0.2527959485123444, 0.06625870436801012, 0.02848702257860308], [0.017634854771784232, 0.11073651452282157, 0.4224585062240664, 0.3112033195020747, 0.1029564315352697, 0.0350103734439834], [0.010548523206751054, 0.14964838255977497, 0.4559774964838256, 0.26230661040787623, 0.0808720112517581, 0.04064697609001407], [0.00917998058081031, 0.11183687880660252, 0.36057904492894344, 0.37399593962397387, 0.10901226939712243, 0.03539588666254744], [0.00841908325537886, 0.11377455565949486, 0.5036248830682881, 0.30425631431244154, 0.05951824134705332, 0.010406922357343312], [0.18181818181818182, 0.30434782608695654, 0.391304347826087, 0.07114624505928854, 0.05138339920948617, 0.0]]}}}, "eu": {"histType": {"histogram": {"labels": ["0", "100", "200", "300", "400", "500", "600", "700", "800", "900", "1000", "1100", "1200", "1300", "1400", "1500", "1600", "1700", "1800", "1900", "2000", "2100", "2200", "2300", "2400", "2500", "2600", "2700", "2800", "2900", "3000", "3100", "3200"], "data": [[0.0, 0.0, 0.004098360655737705, 0.0, 0.0, 0.00819672131147541, 0.01639344262295082, 0.01639344262295082, 0.040983606557377046, 0.045081967213114756, 0.06557377049180328, 0.06557377049180328, 0.06147540983606557, 0.11885245901639344, 0.14344262295081966, 0.11065573770491803, 0.0942622950819672, 0.0778688524590164, 0.040983606557377046, 0.028688524590163935, 0.012295081967213115, 0.020491803278688523, 0.004098360655737705, 0.004098360655737705, 0.01639344262295082, 0.004098360655737705, 0.0, 0.0, 0.0, 0.0, 0.0, 0.0, 0.0], [0.0, 0.0, 0.00044464206313917296, 0.0013339261894175188, 0.0008892841262783459, 0.0031124944419742106, 0.004891062694530902, 0.007114273010226767, 0.017341040462427744, 0.022232103156958647, 0.03201422854602046, 0.048465984882169855, 0.06402845709204091, 0.07647843485993774, 0.12049799911071588, 0.11293908403734994, 0.1511783014673188, 0.08626056024899956, 0.14495331258337038, 0.04224099599822143, 0.020898176967541128, 0.021787461093819474, 0.005780346820809248, 0.004446420631391729, 0.006669630947087594, 0.0013339261894175188, 0.0008892841262783459, 0.0017785682525566918, 0.0, 0.0, 0.0, 0.0, 0.0], [0.0, 0.0, 0.0, 0.00014060742407199101, 0.00014060742407199101, 0.00014060742407199101, 0.00028121484814398203, 0.001265466816647919, 0.002671541057367829, 0.003796400449943757, 0.008858267716535433, 0.0140607424071991, 0.01968503937007874, 0.02685601799775028, 0.04499437570303712, 0.06383577052868392, 0.12640607424071992, 0.09983127109111362, 0.25815523059617546, 0.08689538807649044, 0.06299212598425197, 0.08225534308211474, 0.029105736782902136, 0.014341957255343082, 0.029808773903262094, 0.010404949381327334, 0.005343082114735658, 0.00281214848143982, 0.001687289088863892, 0.001687289088863892, 0.001546681664791901, 0.0, 0.0], [0.0, 0.0, 0.0, 0.00011750881316098707, 0.00011750881316098707, 0.00023501762632197415, 0.0009400705052878966, 0.0023501762632197414, 0.0037602820211515863, 0.007990599294947122, 0.01609870740305523, 0.025029377203290248, 0.03290246768507638, 0.04406580493537015, 0.07344300822561692, 0.09870740305522914, 0.15393654524089306, 0.11398354876615746, 0.19929494712103407, 0.0808460634547591, 0.05146886016451234, 0.05652173913043478, 0.014688601645123384, 0.006580493537015276, 0.010223266745005875, 0.003290246768507638, 0.0010575793184488837, 0.00035252643948296123, 0.0010575793184488837, 0.0008225616921269095, 0.00011750881316098707, 0.0, 0.0], [0.0, 0.0, 0.0, 0.0, 0.0, 0.018018018018018018, 0.02702702702702703, 0.04504504504504504, 0.04504504504504504, 0.02702702702702703, 0.07207207207207207, 0.09009009009009009, 0.036036036036036036, 0.02702702702702703, 0.08108108108108109, 0.14414414414414414, 0.06306306306306306, 0.0990990990990991, 0.06306306306306306, 0.05405405405405406, 0.04504504504504504, 0.0, 0.018018018018018018, 0.009009009009009009, 0.02702702702702703, 0.009009009009009009, 0.0, 0.0, 0.0, 0.0, 0.0, 0.0, 0.0], [0.0, 0.00012868356710848025, 0.00012868356710848025, 0.00025736