{"region": {"us": {"histType": {"histogram": {"labels": ["0", "100", "200", "300", "400", "500", "600", "700", "800", "900", "1000", "1100", "1200", "1300", "1400", "1500", "1600", "1700", "1800", "1900", "2000", "2100", "2200", "2300", "2400", "2500", "2600", "2700", "2800", "2900", "3000", "3100", "3200"], "data": [[0.0, 0.0, 0.0027739251040221915, 0.006934812760055479, 0.0027739251040221915, 0.006934812760055479, 0.012482662968099861, 0.013869625520110958, 0.036061026352288486, 0.04854368932038835, 0.08183079056865465, 0.09986130374479889, 0.11789181692094314, 0.13314840499306518, 0.130374479889043, 0.10124826629680998, 0.06657420249653259, 0.04299583911234397, 0.04576976421636616, 0.018030513176144243, 0.013869625520110958, 0.008321775312066574, 0.005547850208044383, 0.004160887656033287, 0.0, 0.0, 0.0, 0.0, 0.0, 0.0, 0.0, 0.0, 0.0], [0.0, 0.00025106703489831785, 0.00025106703489831785, 0.00025106703489831785, 0.0010042681395932714, 0.0022596033140848608, 0.004770273663068039, 0.009540547326136078, 0.015566156163695707, 0.028119507908611598, 0.03891539040923927, 0.054481546572934976, 0.08285212151644489, 0.0941501380868692, 0.13005272407732865, 0.13507406477529502, 0.1446146121014311, 0.08335425558624153, 0.1041928194828019, 0.034145116746171225, 0.017072558373085613, 0.006778809942254582, 0.0037660055234747677, 0.0022596033140848608, 0.003012804418779814, 0.0012553351744915891, 0.0010042681395932714, 0.0010042681395932714, 0.0, 0.0, 0.0, 0.0, 0.0], [0.00011810558639423645, 0.0, 0.0, 0.0002362111727884729, 0.0002362111727884729, 0.0002362111727884729, 0.0002362111727884729, 0.0005905279319711823, 0.0024802173142789655, 0.003425062005432857, 0.005196645801346404, 0.007204440770048423, 0.012046769812212118, 0.01925121058226054, 0.0252745954883666, 0.03885673792370379, 0.08940592890043698, 0.16180465336010394, 0.36671784575410415, 0.0875162395181292, 0.05255698594543522, 0.06082437699303177, 0.022676272587693398, 0.010157080429904335, 0.01995984410062596, 0.0056690681469233496, 0.0028345340734616748, 0.003897484351009803, 0.00011810558639423645, 0.0004724223455769458, 0.0, 0.0, 0.0], [0.0, 0.0, 0.0, 0.0, 0.00011551345731777752, 0.0, 0.0008085942012244426, 0.0017327018597666627, 0.004736051750028878, 0.007854915097608871, 0.011666859189095529, 0.013053020676908859, 0.025990527896499943, 0.02887836432944438, 0.0426244657502599, 0.05163451542104655, 0.07173385699433985, 0.0436640868661199, 0.26625851911747717, 0.15374841168996187, 0.08963844287859536, 0.09622270994570868, 0.03222825459165993, 0.01397712833545108, 0.02691463555504216, 0.006815293981748874, 0.005082592121982211, 0.0023102691463555503, 0.0023102691463555503, 0.0, 0.0, 0.0, 0.0], [0.0, 0.0, 0.0, 0.0, 0.010309278350515464, 0.005154639175257732, 0.030927835051546393, 0.02577319587628866, 0.05670103092783505, 0.05154639175257732, 0.07216494845360824, 0.09278350515463918, 0.10309278350515463, 0.11855670103092783, 0.09278350515463918, 0.10309278350515463, 0.07216494845360824, 0.03608247422680412, 0.05154639175257732, 0.030927835051546393, 0.041237113402061855, 0.005154639175257732, 0.0, 0.0, 0.0, 0.0, 0.0, 0.0, 0.0, 0.0, 0.0, 0.0, 0.0], [0.0, 0.0, 0.0, 0.0, 0.0, 0.0, 0.0, 0.0013584117032392894, 0.0012539184952978057, 0.004702194357366771, 0.007105538140020898, 0.011494252873563218, 0.021421107628004178, 0.06833855799373041, 0.12100313479623824, 0.14796238244514107, 0.1774294670846395, 0.1103448275862069, 0.14932079414838034, 0.05715778474399164, 0.03385579937304075, 0.03981191222570533, 0.015778474399164053, 0.008463949843260187, 0.011703239289446186, 0.004911180773249739, 0.0029258098223615466, 0.0018808777429467085, 0.0014629049111807733, 0.00031347962382445143, 0.0, 0.0, 0.0], [0.0, 0.0, 0.0004015257980325236, 0.00220839188917888, 0.0016061031921300944, 0.0034129692832764505, 0.007227464364585425, 0.012648062638024492, 0.018871712507528608, 0.03493274442882955, 0.05059225055209797, 0.06745633406946397, 0.09335474804256173, 0.11282874924713913, 0.12166231680385464, 0.12106002810680586, 0.12025697651074081, 0.0672555711704477, 0.07207388074683799, 0.028508331660309173, 0.017466372214414775, 0.016261794820317206, 0.00903433045573178, 0.005420598273439069, 0.006022886970487854, 0.0036137321822927123, 0.0026099176872114035, 0.0014053402931138326, 0.0012045773940975708, 0.0002007628990162618, 0.0004015257980325236, 0.0, 0.0], [0.0027100271002710027, 0.0027100271002710027, 0.0, 0.008130081300813009, 0.005420054200542005, 0.018970189701897018, 0.013550135501355014, 0.037940379403794036, 0.05962059620596206, 0.11924119241192412, 0.11653116531165311, 0.13550135501355012, 0.1002710027100271, 0.1111111111111111, 0.07046070460704607, 0.06775067750677506, 0.051490514905149054, 0.016260162601626018, 0.02168021680216802, 0.02981029810298103, 0.01084010840108401, 0.0, 0.0, 0.0, 0.0, 0.0, 0.0, 0.0, 0.0, 0.0, 0.0, 0.0, 0.0], [0.000209885612341274, 0.000209885612341274, 0.000524714030853185, 0.000314828418511911, 0.000524714030853185, 0.001259313674047644, 0.001574142092559555, 0.004302655052996117, 0.007555882044285864, 0.016266134956448734, 0.025710987511806067, 0.034526183230139576, 0.04155735124357225, 0.046174834715080285, 0.058663028649386086, 0.0683177668170847, 0.20149018784762304, 0.13285759261202645, 0.1449260153216497, 0.06432994018260048, 0.043341378948473085, 0.042082065274425436, 0.02172316087732186, 0.013957393220694721, 0.016580963374960647, 0.00524714030853185, 0.002623570154265925, 0.002833455766607199, 0.000314828418511911, 0.0, 0.0, 0.0, 0.0], [0.0, 0.0, 0.0, 0.0, 0.00038925652004671076, 0.0007785130400934215, 0.0011677695601401323, 0.001557026080186843, 0.0023355391202802647, 0.009342156481121059, 0.012845465161541456, 0.01634877384196185, 0.022187621642662515, 0.037368625924484235, 0.061502530167380304, 0.07824056052938887, 0.10354223433242507, 0.08875048657065006, 0.1771117166212534, 0.06928766056831452, 0.07395873880887505, 0.09692487349163098, 0.043596730245231606, 0.016738030362008563, 0.047100038925652, 0.014013234721681589, 0.012456208641494744, 0.008563643441027637, 0.0027247956403269754, 0.0011677695601401323, 0.0, 0.0, 0.0], [0.0, 0.0, 0.00017599436818021823, 0.0, 0.0008799718409010912, 0.0005279831045406547, 0.0015839493136219642, 0.004399859204505456, 0.008447729672650475, 0.014607532558958114, 0.02094332981344597, 0.029919042590637098, 0.05367828229496656, 0.06423794438577965, 0.10137275607180571, 0.1263639563533967, 0.15117916226680747, 0.09785286870820134, 0.142731432594157, 0.06265399507215769, 0.03695881731784583, 0.037310806054206266, 0.014431538190777896, 0.008447729672650475, 0.012143611404435059, 0.0033438929954241465, 0.0024639211545230554, 0.0015839493136219642, 0.0017599436818021823, 0.0, 0.0, 0.0, 0.0], [0.0, 0.0, 0.00041993281075027993, 0.00041993281075027993, 0.0005599104143337066, 0.003219484882418813, 0.006159014557670772, 0.012178051511758119, 0.021136618141097425, 0.036114221724524075, 0.059070548712206045, 0.07320828667413214, 0.09728443449048152, 0.11814109742441209, 0.13773796192609183, 0.1229003359462486, 0.10456326987681971, 0.06187010078387458, 0.06270996640537514, 0.027435610302351622, 0.01721724524076148, 0.015677491601343786, 0.008118701007838746, 0.0037793952967525198, 0.0037793952967525198, 0.0034994400895856665, 0.0011198208286674132, 0.001539753639417693, 0.00013997760358342665, 0.0, 0.0, 0.0, 0.0], [0.0, 0.0, 0.0, 0.0, 0.00012627857052658164, 0.0005051142821063266, 0.0017678999873721429, 0.0020204571284253062, 0.004546028538956939, 0.0053036999621164285, 0.013385528475817653, 0.01944689986109357, 0.027907564086374542, 0.03359009976007071, 0.04849097108220735, 0.04495517110746306, 0.2269225912362672, 0.15254451319611062, 0.21353706276044956, 0.07437807804015659, 0.04028286399797954, 0.0412930925621922, 0.016416214168455612, 0.010859957065286021, 0.01300669276423791, 0.003914635686324031, 0.0016416214168455613, 0.0017678999873721429, 0.001389064275792398, 0.0, 0.0, 0.0, 0.0], [0.0002041649652919559, 0.0, 0.0, 0.00010208248264597796, 0.00010208248264597796, 0.00030624744793793387, 0.0012249897917517355, 0.0016333197223356473, 0.004185381788485096, 0.00990200081665986, 0.016026949775418537, 0.019089424254797878, 0.025622703144140467, 0.06543487137607186, 0.13873009391588403, 0.14801959983666801, 0.1699673336055533, 0.11045324622294814, 0.13495304205798286, 0.05389955083707636, 0.03082890975908534, 0.03236014699877501, 0.013066557778685178, 0.005920783993466721, 0.009595753368721927, 0.0033687219273172723, 0.002449979583503471, 0.0013270722743977134, 0.0005104124132298898, 0.0006124948958758677, 0.00010208248264597796, 0.0, 0.0], [0.0, 0.0, 0.0, 0.0001786352268667381, 0.0005359056806002144, 0.0001786352268667381, 0.0014290818149339049, 0.0017863522686673813, 0.003929974991068239, 0.006966773847802787, 0.014469453376205787, 0.02465166130760986, 0.04394426580921758, 0.06520185780635941, 0.09503394069310468, 0.11700607359771346, 0.15898535191139693, 0.11879242586638085, 0.15183994283672742, 0.07056091461236155, 0.044122901036084315, 0.03840657377634869, 0.01518399428367274, 0.006430868167202572, 0.010539478385137548, 0.004108610217934977, 0.003394069310468024, 0.0007145409074669524, 0.0010718113612004287, 0.0005359056806002144, 0.0, 0.0, 0.0], [0.0, 0.0, 0.00024752475247524753, 0.00024752475247524753, 0.0017326732673267327, 0.0029702970297029703, 0.0014851485148514852, 0.005198019801980198, 0.011386138613861386, 0.017326732673267328, 0.03094059405940594, 0.04727722772277228, 0.06608910891089109, 0.09084158415841584, 0.1155940594059406, 0.12871287128712872, 0.1316831683168317, 0.09653465346534654, 0.10198019801980197, 0.045297029702970296, 0.028712871287128714, 0.031188118811881188, 0.014356435643564357, 0.006930693069306931, 0.012623762376237625, 0.0049504950495049506, 0.0019801980198019802, 0.0029702970297029703, 0.0004950495049504951, 0.00024752475247524753, 0.0, 0.0, 0.0], [0.00018315018315018315, 0.0, 0.0005494505494505495, 0.001282051282051282, 0.0005494505494505495, 0.0014652014652014652, 0.00347985347985348, 0.00695970695970696, 0.011904761904761904, 0.019597069597069597, 0.03168498168498168, 0.05146520146520146, 0.07527472527472527, 0.10073260073260074, 0.12454212454212454, 0.1282051282051282, 0.13644688644688643, 0.07985347985347985, 0.11227106227106227, 0.04047619047619048, 0.023809523809523808, 0.022161172161172162, 0.010622710622710623, 0.005128205128205128, 0.005311355311355312, 0.002014652014652015, 0.001098901098901099, 0.0014652014652014652, 0.001098901098901099, 0.0003663003663003663, 0.0, 0.0, 0.0], [0.0, 0.0, 0.00012403870007442322, 0.00024807740014884643, 0.00037211610022326965, 0.00012403870007442322, 0.0008682709005209626, 0.0018605805011163482, 0.0027288514016373107, 0.006325973703795584, 0.012279831307367898, 0.014512527908707516, 0.027660630116596377, 0.035599106921359466, 0.1463656660878194, 0.15678491689407095, 0.1740262962044158, 0.11275117836765071, 0.17328206400396923, 0.047878938228727366, 0.024683701314810222, 0.02852890101711734, 0.010419250806251551, 0.0064500124038700075, 0.008558670305135203, 0.002852890101711734, 0.0014884644008930786, 0.0008682709005209626, 0.0019846192011907715, 0.00037211610022326965, 0.0, 0.0, 0.0], [0.0, 0.0, 0.0, 0.00625, 0.00625, 0.00625, 0.0, 0.01875, 0.04375, 0.1, 0.05625, 0.0875, 0.075, 0.0625, 0.04375, 0.125, 0.0875, 0.0875, 0.05, 0.0375, 0.0375, 0.0125, 0.03125, 0.0, 0.00625, 0.00625, 0.0, 0.0125, 0.0, 0.0, 0.0, 0.0, 0.0], [0.00022007042253521127, 0.00011003521126760564, 0.0, 0.0, 0.0, 0.00011003521126760564, 0.00022007042253521127, 0.0009903169014084507, 0.0024207746478873238, 0.004511443661971831, 0.007482394366197183, 0.010123239436619719, 0.02211707746478873, 0.02992957746478873, 0.05160651408450704, 0.16065140845070422, 0.2262323943661972, 0.14865757042253522, 0.15393926056338028, 0.06470070422535211, 0.03840228873239437, 0.037411971830985914, 0.014084507042253521, 0.006822183098591549, 0.01034330985915493, 0.003961267605633803, 0.0028609154929577466, 0.0015404929577464788, 0.0005501760563380282, 0.0, 0.0, 0.0, 0.0], [0.0, 0.0, 0.0, 0.00011883541295306001, 0.0, 0.00011883541295306001, 0.0009506833036244801, 0.00035650623885918, 0.0011883541295306002, 0.0022578728461081403, 0.004515745692216281, 0.006654783125371361, 0.01140819964349376, 0.01616161616161616, 0.027807486631016044, 0.10481283422459893, 0.1875222816399287, 0.15199049316696375, 0.2103386809269162, 0.09221628045157457, 0.05894236482471776, 0.05715983363042187, 0.0213903743315508, 0.0112893642305407, 0.01865715983363042, 0.006773618538324421, 0.0038027332144979203, 0.00142602495543672, 0.00142602495543672, 0.00023767082590612002, 0.00047534165181224003, 0.0, 0.0], [0.00019517907680296673, 9.758953840148337e-05, 0.0, 0.00019517907680296673, 0.00019517907680296673, 0.0005855372304089002, 0.0007807163072118669, 0.0018542012296281839, 0.0029276861520445008, 0.005562603688884552, 0.010051722455352786, 0.01336976676100322, 0.017566116912267005, 0.024592563677173808, 0.03396115936371621, 0.13984580852932565, 0.16736605835854396, 0.14062652483653754, 0.18805504049965843, 0.08587879379330536, 0.05152727627598321, 0.05699229042646628, 0.02264077290914414, 0.011417975992973553, 0.014638430760222504, 0.004879476920074168, 0.0027325070752415343, 0.001073484922416317, 0.00039035815360593347, 0.0, 0.0, 0.0, 0.0], [0.0, 0.0, 0.0, 0.0014367816091954023, 0.0014367816091954023, 0.0, 0.0, 0.007183908045977011, 0.007183908045977011, 0.005747126436781609, 0.01293103448275862, 0.02586206896551724, 0.04310344827586207, 0.08620689655172414, 0.1235632183908046, 0.17097701149425287, 0.1781609195402299, 0.1221264367816092, 0.1221264367816092, 0.04597701149425287, 0.02586206896551724, 0.014367816091954023, 0.005747126436781609, 0.0, 0.0, 0.0, 0.0, 0.0, 0.0, 0.0, 0.0, 0.0, 0.0], [0.0, 0.0, 0.0, 9.027715085311908e-05, 0.0, 9.027715085311908e-05, 0.0002708314525593572, 0.0007222172068249526, 0.0016249887153561434, 0.0048749661460684305, 0.007402726369955764, 0.012458246817730433, 0.0213054076013361, 0.027624808161054438, 0.04080527218560982, 0.0487496614606843, 0.09063825945653155, 0.16656134332400468, 0.28238692786855646, 0.09731876861966236, 0.057867653696849326, 0.07583280671662003, 0.02067346754536427, 0.010562426649814933, 0.01977069603683308, 0.004965243296921549, 0.002798591676446691, 0.0027083145255935724, 0.0018055430170623814, 9.027715085311908e-05, 0.0, 0.0, 0.0], [9.865824782951855e-05, 9.865824782951855e-05, 9.865824782951855e-05, 0.0, 0.0003946329913180742, 0.0003946329913180742, 0.00029597474348855567, 0.0009865824782951855, 0.001085240726124704, 0.005228887134964483, 0.009569850039463298, 0.019041041831097078, 0.032754538279400155, 0.04459352801894238, 0.06531176006314128, 0.07724940805051302, 0.09707971586424625, 0.20777426992896605, 0.228689818468824, 0.0914561957379637, 0.04617205998421468, 0.04054853985793212, 0.014897395422257301, 0.005919494869771113, 0.004636937647987372, 0.0022691397000789266, 0.0029597474348855564, 0.0003946329913180742, 0.0, 0.0, 0.0, 0.0, 0.0], [0.0, 0.00010427528675703858, 0.0, 0.00010427528675703858, 0.00010427528675703858, 0.0005213764337851929, 0.00072992700729927, 0.0016684045881126173, 0.0022940563086548487, 0.004483837330552659, 0.008342022940563087, 0.013660062565172054, 0.052450469238790404, 0.08050052137643378, 0.11157455683003129, 0.13931178310740355, 0.1573514077163712, 0.11657977059436914, 0.13858185610010426, 0.06569343065693431, 0.03983315954118874, 0.033993743482794575, 0.01470281543274244, 0.006360792492179353, 0.005943691345151199, 0.0026068821689259644, 0.0016684045881126173, 0.0008342022940563086, 0.0, 0.0, 0.0, 0.0, 0.0], [0.0, 0.0, 0.0, 0.0, 0.00023540489642184556, 0.0, 0.0008239171374764595, 0.0023540489642184556, 0.004825800376647834, 0.007650659133709981, 0.01647834274952919, 0.024717514124293787, 0.04260828625235405, 0.0661487758945386, 0.10193032015065913, 0.1271186440677966, 0.15313088512241055, 0.09792843691148775, 0.1667843691148776, 0.05943973634651601, 0.0371939736346516, 0.039901129943502825, 0.016713747645951037, 0.007062146892655367, 0.0118879472693032, 0.00506120527306968, 0.004119585687382297, 0.0030602636534839923, 0.0014124293785310734, 0.00047080979284369113, 0.0009416195856873823, 0.0, 0.0], [0.0, 0.00017190991920233798, 0.00017190991920233798, 0.00034381983840467596, 0.0010314595152140279, 0.0010314595152140279, 0.0017190991920233798, 0.0025786487880350697, 0.005673027333677153, 0.018050541516245487, 0.0421179302045728, 0.059824651882413614, 0.07873474299467079, 0.10314595152140278, 0.12618188069451608, 0.11844593433041087, 0.14698298091799897, 0.07770328347945676, 0.11449200618875709, 0.029912325941206807, 0.024239298607529654, 0.020801100223482895, 0.008595495960116899, 0.0042977479800584495, 0.007220216606498195, 0.0022348289496303938, 0.0018910091112257178, 0.0005157297576070139, 0.0015471892728210418, 0.00034381983840467596, 0.0, 0.0, 0.0], [0.0, 0.0, 0.0, 0.0007255139056831923, 0.0009673518742442564, 0.0019347037484885128, 0.0038694074969770256, 0.007013301088270859, 0.013542926239419589, 0.015235792019347038, 0.026360338573155985, 0.042805320435308346, 0.05465538089480049, 0.08174123337363966, 0.12309552599758163, 0.13083434099153568, 0.150906892382104, 0.09576783555018138, 0.11003627569528417, 0.049334945586457075, 0.026844014510278114, 0.022732769044740024, 0.012333736396614269, 0.0094316807738815, 0.008464328899637243, 0.003143893591293833, 0.0024183796856106408, 0.002902055622732769, 0.0019347037484885128, 0.0009673518742442564, 0.0, 0.0, 0.0], [0.0002232890476722117, 0.0, 0.0, 0.0, 0.0004465780953444234, 0.0004465780953444234, 0.0016746678575415876, 0.003460980238919281, 0.004912359048788657, 0.009601429049905102, 0.01741654571843251, 0.0420899854862119, 0.08484983811544043, 0.11968292955230546, 0.14681254884447917, 0.14960366194038183, 0.13843920955677125, 0.08071899073350453, 0.09590264597521492, 0.03427486881768449, 0.020542592385843474, 0.024003572624762756, 0.009043206430724572, 0.00457742547728034, 0.00725689404934688, 0.002009601429049905, 0.0007815116668527409, 0.0010048007145249526, 0.0, 0.0002232890476722117, 0.0, 0.0, 0.0], [0.0, 0.0, 0.0, 0.00028149190710767064, 0.00014074595355383532, 0.00014074595355383532, 0.0014074595355383533, 0.000422237860661506, 0.00211118930330753, 0.004644616467276565, 0.007741027445460943, 0.00928923293455313, 0.014637579169598874, 0.06080225193525686, 0.1155524278676988, 0.1390570021111893, 0.17142857142857143, 0.1123152709359606, 0.16593947923997185, 0.059113300492610835, 0.037860661505981705, 0.04011259676284307, 0.018859957776213934, 0.00844475721323012, 0.014919071076706545, 0.004644616467276565, 0.004644616467276565, 0.003096410978184377, 0.0015482054890921886, 0.0005629838142153413, 0.00028149190710767064, 0.0, 0.0], [0.0, 0.0, 0.00017205781142463867, 0.00034411562284927734, 0.0010323468685478321, 0.0012044046799724708, 0.002236751548520303, 0.004473503097040606, 0.007742601514108741, 0.0182381280110117, 0.030454232622161046, 0.04129387474191328, 0.06779077770130763, 0.09187887130075706, 0.11751548520302822, 0.13162422573984858, 0.1450447350309704, 0.08998623537508603, 0.12405368203716449, 0.044907088781830695, 0.02718513420509291, 0.02202339986235375, 0.010667584308327599, 0.0041293874741913286, 0.005849965588437715, 0.0010323468685478321, 0.00258086717136958, 0.003269098417068135, 0.0030970406056434964, 0.00017205781142463867, 0.0, 0.0, 0.0], [0.00011674060238150829, 0.0, 0.0, 0.0, 0.00011674060238150829, 0.0010506654214335746, 0.0007004436142890498, 0.0023348120476301658, 0.002801774457156199, 0.005720289516693906, 0.013892131683399487, 0.02171375204296054, 0.03548914312397852, 0.04249357926686902, 0.05895400420266168, 0.11709082418865281, 0.2096661218771889, 0.15012841466261967, 0.1605183282745739, 0.07027784263366799, 0.043894466495447114, 0.03280410926920383, 0.014008872285780995, 0.005953770721456923, 0.005253327107167873, 0.0022180714452486577, 0.0022180714452486577, 0.00046696240952603317, 0.00011674060238150829, 0.0, 0.0, 0.0, 0.0], [0.0, 0.0, 0.0, 0.00014699397324709687, 0.00014699397324709687, 0.0004409819197412906, 0.0005879758929883875, 0.0016169337057180655, 0.0026458915184477435, 0.005732764956636778, 0.023078053799794208, 0.0329266500073497, 0.06732323974717036, 0.09775099220931942, 0.12994267235043364, 0.1466999853006027, 0.1540496839629575, 0.10348375716595619, 0.11156842569454653, 0.044098191974129064, 0.026017933264736146, 0.019991180361605174, 0.010436572100543877, 0.004850801117154197, 0.008231662501837425, 0.00235190357195355, 0.003233867411436131, 0.001175951785976775, 0.0013229457592238718, 0.0, 0.00014699397324709687, 0.0, 0.0], [0.0, 0.0, 0.0, 0.00015429717636167257, 0.0, 0.0006171887054466903, 0.0009257830581700355, 0.0009257830581700355, 0.0023144576454250886, 0.0020058632927017436, 0.005246103996296868, 0.012189476932572134, 0.040425860206758216, 0.06372473383737078, 0.09103533405338682, 0.11772874556395618, 0.155994445301651, 0.10985958956951088, 0.17821323869773184, 0.07005091806819935, 0.041968831970374945, 0.04567196420305508, 0.0208301188088258, 0.011572288227125443, 0.015738311988890603, 0.006480481407190248, 0.002931646350871779, 0.0009257830581700355, 0.002160160469063416, 0.00030859435272334514, 0.0, 0.0, 0.0], [0.0, 0.0, 0.0001154068090017311, 0.0, 0.0002308136180034622, 0.0003462204270051933, 0.0003462204270051933, 0.0012694748990190422, 0.001154068090017311, 0.0038084246970571264, 0.006693594922100404, 0.016156953260242354, 0.026889786497403347, 0.04500865551067513, 0.05551067512983266, 0.15960761684939412, 0.18015002885170225, 0.10998268897864974, 0.18061165608770918, 0.06439699942296595, 0.04327755337564916, 0.04016156953260242, 0.024235429890363532, 0.011886901327178304, 0.016272360069244086, 0.004731679169070975, 0.0030005770340450085, 0.00207732256203116, 0.0016156953260242355, 0.0004616272360069244, 0.0, 0.0, 0.0], [0.0, 0.0, 0.0, 0.0, 9.333582228859437e-05, 9.333582228859437e-05, 9.333582228859437e-05, 0.0008400224005973493, 0.001773380623483293, 0.004760126936718312, 0.009053574761993654, 0.01642710472279261, 0.028280754153444092, 0.036027627403397426, 0.054788127683404894, 0.058708232219525855, 0.07224192645137203, 0.08008213552361396, 0.3259286914317715, 0.11508306888183685, 0.06430838155684152, 0.07158857569535187, 0.018667164457718873, 0.008680231472839276, 0.019600522680604818, 0.005040134403584096, 0.003266753780100803, 0.0029867463132350197, 0.0011200298674631324, 0.00046667911144297183, 0.0, 0.0, 0.0], [0.0, 0.0, 0.0, 0.0, 0.0, 9.988014382740711e-05, 0.0005992808629644426, 0.0029964043148222133, 0.005293647622852577, 0.00968837395125849, 0.018178186176588094, 0.033359968038353977, 0.05073911306432281, 0.0772073511785857, 0.1136636036755893, 0.13563723531761887, 0.17359168997203356, 0.10926887734718338, 0.15551338393927286, 0.04734318817419097, 0.024770275669196963, 0.026168597682780664, 0.0072912504994007196, 0.0032960447463044346, 0.002796644027167399, 0.0006991610067918498, 0.000898921294446664, 0.0005992808629644426, 0.0002996404314822213, 0.0, 0.0, 0.0, 0.0], [0.0, 0.002967359050445104, 0.0, 0.002967359050445104, 0.005934718100890208, 0.020771513353115726, 0.020771513353115726, 0.03857566765578635, 0.0830860534124629, 0.05934718100890208, 0.05637982195845697, 0.0771513353115727, 0.0830860534124629, 0.11869436201780416, 0.12166172106824925, 0.10385756676557864, 0.0771513353115727, 0.04747774480712166, 0.03560830860534125, 0.017804154302670624, 0.011869436201780416, 0.008902077151335312, 0.0, 0.005934718100890208, 0.0, 0.0, 0.0, 0.0, 0.0, 0.0, 0.0, 0.0, 0.0]]}, "ranks": {"labels": ["Unranked", "Combatatent I", "Combatatent II", "Challenger I", "Challenger II", "Rival I", "Rival II", "Duelist", "Elite"], "data": [[0.130374479889043, 0.18169209431345354, 0.2510402219140083, 0.231622746185853, 0.10957004160887657, 0.05825242718446602, 0.019417475728155338, 0.018030513176144243, 0.0], [0.06201355761988451, 0.09339693698217424, 0.1770022596033141, 0.26512678885262364, 0.2279688676876726, 0.12452924930956566, 0.030881245292493097, 0.012804418779814211, 0.006276675872457946], [0.007558757529231133, 0.012401086571394828, 0.03129798039447266, 0.06413133341207039, 0.25121058226054094, 0.41372386913901027, 0.09306720207865832, 0.0936577300106295, 0.03295145860399197], [0.015247776365946633, 0.02471987986600439, 0.05486889222594432, 0.09425898117130646, 0.11539794386045975, 0.34873512764237036, 0.16091024604366408, 0.14242809287281968, 0.043433059951484346], [0.18041237113402062, 0.16494845360824742, 0.22164948453608246, 0.1958762886597938, 0.10824742268041238, 0.07731958762886598, 0.04639175257731959, 0.005154639175257732, 0.0], [0.0073145245559038665, 0.018599791013584117, 0.08975966562173458, 0.2689655172413793, 0.2877742946708464, 0.18234064785788923, 0.05799373040752351, 0.06405433646812957, 0.023197492163009405], [0.08130897410158602, 0.11804858462156194, 0.20618349728970087, 0.2427223449106605, 0.18751254768118852, 0.08994177875928529, 0.02810680586227665, 0.030716723549488054, 0.015458743224252159], [0.2682926829268293, 0.25203252032520324, 0.21138211382113822, 0.13821138211382114, 0.06775067750677506, 0.03523035230352303, 0.02710027100271003, 0.0, 0.0], [0.03274215552523874, 0.060237170741945636, 0.08773218595865254, 0.12698079546647079, 0.33434778045964947, 0.18134116906286074, 0.07125616538986253, 0.07776261937244201, 0.02759995802287753], [0.015570260801868432, 0.02919423900350331, 0.05955624756714675, 0.13974309069676918, 0.19229272090307512, 0.21136629038536395, 0.10899182561307902, 0.15725963409887114, 0.08602569093032308], [0.030623020063357972, 0.05086237240408307, 0.11791622668074622, 0.22773671242520238, 0.2490320309750088, 0.1803942273847237, 0.061950017599436816, 0.06019007391763464, 0.021295318549806406], [0.08020716685330347, 0.1322788353863382, 0.2154255319148936, 0.26063829787234044, 0.1664333706606943, 0.07628779395296753, 0.031075027995520716, 0.02757558790593505, 0.010078387458006719], [0.014269478469503724, 0.032832428336911225, 0.061497663846445255, 0.09344614218967041, 0.3794671044323778, 0.25735572673317336, 0.0708422780654123, 0.06856926379593382, 0.021719914130572043], [0.017660269497754184, 0.03511637403021641, 0.09105757452021233, 0.28674969375255205, 0.28042057982850144, 0.1652715394038383, 0.05440996325030625, 0.05134748877092691, 0.01796651694569212], [0.015005359056806002, 0.03912111468381565, 0.10914612361557699, 0.21204001429081815, 0.2777777777777778, 0.19096105752054304, 0.07556270096463022, 0.06002143622722401, 0.020364415862808145], [0.040594059405940595, 0.07821782178217822, 0.15693069306930693, 0.2443069306930693, 0.22821782178217823, 0.12673267326732673, 0.04925742574257426, 0.05247524752475247, 0.023267326732673267], [0.045970695970695974, 0.08315018315018315, 0.17600732600732602, 0.25274725274725274, 0.2163003663003663, 0.13681318681318683, 0.03974358974358974, 0.03791208791208791, 0.011355311355311355], [0.012651947407591168, 0.026792359216075416, 0.06325973703795584, 0.30315058298189035, 0.2867774745720665, 0.20094269412056562, 0.044902009426941204, 0.0453981642272389, 0.01612503100967502], [0.18125, 0.14375, 0.1375, 0.16875, 0.175, 0.0625, 0.0625, 0.04375, 0.025], [0.00858274647887324, 0.017605633802816902, 0.05204665492957746, 0.21225792253521128, 0.3748899647887324, 0.19190140845070422, 0.06514084507042253, 0.058318661971830985, 0.019256161971830985], [0.004991087344028521, 0.01117052881758764, 0.027569815805109924, 0.13262032085561498, 0.33951277480689246, 0.26143790849673204, 0.10005941770647653, 0.08983957219251337, 0.03279857397504456], [0.012393871376988387, 0.023421489216356006, 0.04215868058944081, 0.17380696789304187, 0.3079925831950815, 0.23597150385478677, 0.08948960671416024, 0.09105103932858398, 0.02371425783156046], [0.022988505747126436, 0.03879310344827586, 0.12931034482758622, 0.29454022988505746, 0.30028735632183906, 0.15086206896551724, 0.04310344827586207, 0.020114942528735632, 0.0], [0.007673557822515121, 0.019860973187686197, 0.04893021576239054, 0.08955493364629412, 0.2571996027805363, 0.33871987000090276, 0.09885348018416538, 0.10706870091179922, 0.03213866570371039], [0.008681925808997633, 0.02861089187056038, 0.07734806629834254, 0.1425611681136543, 0.3048539857932123, 0.28009076558800317, 0.08622730860299921, 0.061365430149960536, 0.010260457774269928], [0.010010427528675704, 0.022002085505735142, 0.1329509906152242, 0.2508863399374348, 0.2739311783107404, 0.17559958289885297, 0.06850886339937434, 0.05505735140771637, 0.011053180396246089], [0.015889830508474576, 0.041195856873822975, 0.10875706214689265, 0.22904896421845575, 0.2510593220338983, 0.1978578154425612, 0.065560263653484, 0.06367702448210923, 0.02695386064030132], [0.030771875537218496, 0.10194258208698642, 0.18188069451607358, 0.24462781502492695, 0.22468626439745573, 0.13013580883616985, 0.03850782190132371, 0.03369434416365824, 0.013752793536187038], [0.04328899637243047, 0.06916565900846433, 0.13639661426844016, 0.2539298669891173, 0.24667472793228537, 0.1380894800483676, 0.04812575574365175, 0.04449818621523579, 0.019830713422007255], [0.020765881433515685, 0.059506531204644414, 0.2045327676677459, 0.296416210784861, 0.21915820029027577, 0.11454728145584459, 0.03617282572289829, 0.037624204532767665, 0.01127609690744669], [0.009148486980999296, 0.017030260380014074, 0.07543983110485573, 0.2546094299788881, 0.28374384236453204, 0.1984517945109078, 0.06446164672765659, 0.06741731175228712, 0.029697396199859255], [0.03544390915347557, 0.07174810736407433, 0.1596696490020647, 0.24913971094287682, 0.23503097040605644, 0.15003441156228492, 0.04611149346180317, 0.03682037164487268, 0.016001376462491397], [0.012841466261965912, 0.035605883726360026, 0.07798272239084754, 0.1760448283913145, 0.35979453653980853, 0.19915946766285314, 0.07553116974083586, 0.052766752276441745, 0.01027317300957273], [0.011318535940026459, 0.05600470380714391, 0.1650742319564898, 0.2766426576510363, 0.2575334411289137, 0.1359694252535646, 0.045715125679847125, 0.03527855357930325, 0.01646332500367485], [0.006943372936275266, 0.017435580928869, 0.10415059404412899, 0.208764079617343, 0.2658540348711619, 0.21647893843542662, 0.07375405030087949, 0.07807437123900633, 0.028544977626909426], [0.00727062896710906, 0.022850548182342757, 0.07189844200807848, 0.21511829197922677, 0.290132717830352, 0.2155799192152337, 0.0727062896710906, 0.07628390075014425, 0.02815926139642239], [0.007653537427664738, 0.025480679484786262, 0.06430838155684152, 0.11349635990293075, 0.152324061974986, 0.3890237072988613, 0.11629643457158857, 0.09893597162591003, 0.03248086615643084], [0.01867758689572513, 0.05153815421494207, 0.1279464642429085, 0.24930083899320815, 0.28286056731921694, 0.1825809029165002, 0.045045944866160606, 0.036755892928485814, 0.005293647622852577], [0.2344213649851632, 0.13353115727002968, 0.20178041543026706, 0.22551928783382788, 0.12462908011869436, 0.04154302670623145, 0.02373887240356083, 0.01483679525222552, 0.0]]}, "ranksDetailed": {"labels": ["Unranked", "Combatatant", "Challenger", "Rival", "Duelist", "Elite"], "data": [[0.130374479889043, 0.43273231622746183, 0.34119278779472956, 0.07766990291262135, 0.018030513176144243, 0.0], [0.06201355761988451, 0.27039919658548833, 0.49309565654029625, 0.15541049460205875, 0.012804418779814211, 0.006276675872457946], [0.007558757529231133, 0.043699066965867485, 0.31534191567261133, 0.5067910712176686, 0.0936577300106295, 0.03295145860399197], [0.015247776365946633, 0.07958877209194871, 0.2096569250317662, 0.5096453736860345, 0.14242809287281968, 0.043433059951484346], [0.18041237113402062, 0.3865979381443299, 0.30412371134020616, 0.12371134020618557, 0.005154639175257732, 0.0], [0.0073145245559038665, 0.10835945663531871, 0.5567398119122257, 0.24033437826541273, 0.06405433646812957, 0.023197492163009405], [0.08130897410158602, 0.3242320819112628, 0.43023489259184905, 0.11804858462156194, 0.030716723549488054, 0.015458743224252159], [0.2682926829268293, 0.4634146341463415, 0.20596205962059622, 0.06233062330623306, 0.0, 0.0], [0.03274215552523874, 0.1479693567005982, 0.46132857592612025, 0.25259733445272325, 0.07776261937244201, 0.02759995802287753], [0.015570260801868432, 0.08875048657065006, 0.3320358115998443, 0.320358115998443, 0.15725963409887114, 0.08602569093032308], [0.030623020063357972, 0.16877859908482928, 0.4767687434002112, 0.24234424498416052, 0.06019007391763464, 0.021295318549806406], [0.08020716685330347, 0.3477043673012318, 0.4270716685330347, 0.10736282194848824, 0.02757558790593505, 0.010078387458006719], [0.014269478469503724, 0.09433009218335649, 0.47291324662204826, 0.3281980047985857, 0.06856926379593382, 0.021719914130572043], [0.017660269497754184, 0.12617394855042874, 0.5671702735810535, 0.21968150265414454, 0.05134748877092691, 0.01796651694569212], [0.015005359056806002, 0.14826723829939265, 0.48981779206859594, 0.2665237584851733, 0.06002143622722401, 0.020364415862808145], [0.040594059405940595, 0.23514851485148514, 0.4725247524752475, 0.17599009900990098, 0.05247524752475247, 0.023267326732673267], [0.045970695970695974, 0.2591575091575092, 0.46904761904761905, 0.17655677655677657, 0.03791208791208791, 0.011355311355311355], [0.012651947407591168, 0.09005209625403125, 0.5899280575539568, 0.24584470354750682, 0.0453981642272389, 0.01612503100967502], [0.18125, 0.28125, 0.34375, 0.125, 0.04375, 0.025], [0.00858274647887324, 0.06965228873239436, 0.5871478873239436, 0.25704225352112675, 0.058318661971830985, 0.019256161971830985], [0.004991087344028521, 0.03874034462269756, 0.47213309566250744, 0.36149732620320857, 0.08983957219251337, 0.03279857397504456], [0.012393871376988387, 0.06558016980579681, 0.48179955108812333, 0.325461110568947, 0.09105103932858398, 0.02371425783156046], [0.022988505747126436, 0.16810344827586207, 0.5948275862068966, 0.1939655172413793, 0.020114942528735632, 0.0], [0.007673557822515121, 0.06879118895007673, 0.34675453642683035, 0.43757335018506816, 0.10706870091179922, 0.03213866570371039], [0.008681925808997633, 0.10595895816890293, 0.4474151539068666, 0.3663180741910024, 0.061365430149960536, 0.010260457774269928], [0.010010427528675704, 0.15495307612095932, 0.5248175182481751, 0.2441084462982273, 0.05505735140771637, 0.011053180396246089], [0.015889830508474576, 0.14995291902071564, 0.480108286252354, 0.2634180790960452, 0.06367702448210923, 0.02695386064030132], [0.030771875537218496, 0.28382327660306, 0.4693140794223827, 0.16864363073749356, 0.03369434416365824, 0.013752793536187038], [0.04328899637243047, 0.20556227327690446, 0.5006045949214026, 0.18621523579201935, 0.04449818621523579, 0.019830713422007255], [0.020765881433515685, 0.2640392988723903, 0.5155744110751368, 0.15072010717874287, 0.037624204532767665, 0.01127609690744669], [0.009148486980999296, 0.09247009148486982, 0.5383532723434201, 0.2629134412385644, 0.06741731175228712, 0.029697396199859255], [0.03544390915347557, 0.231417756366139, 0.48417068134893326, 0.1961459050240881, 0.03682037164487268, 0.016001376462491397], [0.012841466261965912, 0.11358860611720757, 0.535839364931123, 0.274690637403689, 0.052766752276441745, 0.01027317300957273], [0.011318535940026459, 0.2210789357636337, 0.53417609877995, 0.18168455093341174, 0.03527855357930325, 0.01646332500367485], [0.006943372936275266, 0.12158617497299799, 0.4746181144885049, 0.29023298873630615, 0.07807437123900633, 0.028544977626909426], [0.00727062896710906, 0.09474899019042124, 0.5052510098095787, 0.2882862088863243, 0.07628390075014425, 0.02815926139642239], [0.007653537427664738, 0.08978906104162777, 0.26582042187791677, 0.5053201418704498, 0.09893597162591003, 0.03248086615643084], [0.01867758689572513, 0.17948461845785058, 0.5321614063124251, 0.22762684778266082, 0.036755892928485814, 0.005293647622852577], [0.2344213649851632, 0.3353115727002967, 0.35014836795252224, 0.06528189910979229, 0.01483679525222552, 0.0]]}}}, "eu": {"histType": {"histogram": {"labels": ["0", "100", "200", "300", "400", "500", "600", "700", "800", "900", "1000", "1100", "1200", "1300", "1400", "1500", "1600", "1700", "1800", "1900", "2000", "2100", "2200", "2300", "2400", "2500", "2600", "2700", "2800", "2900", "3000", "3100", "3200"], "data": [[0.0, 0.0, 0.0018656716417910447, 0.0, 0.0, 0.005597014925373134, 0.011194029850746268, 0.026119402985074626, 0.05223880597014925, 0.07835820895522388, 0.07462686567164178, 0.10634328358208955, 0.10261194029850747, 0.11940298507462686, 0.1417910447761194, 0.09328358208955224, 0.061567164179104475, 0.041044776119402986, 0.03544776119402985, 0.020522388059701493, 0.007462686567164179, 0.005597014925373134, 0.014925373134328358, 0.0, 0.0, 0.0, 0.0, 0.0, 0.0, 0.0, 0.0, 0.0, 0.0], [0.00028145229383619476, 0.00028145229383619476, 0.0005629045876723895, 0.0014072614691809737, 0.0016887137630171687, 0.003940332113706727, 0.006754855052068675, 0.01125809175344779, 0.019701660568533633, 0.032929918378834785, 0.04615817618913594, 0.06276386152547143, 0.08133971291866028, 0.10357444413171968, 0.13650436251055445, 0.13115676892766676, 0.1396003377427526, 0.06614128905150576, 0.09541232761047003, 0.02476780185758514, 0.011539544047283985, 0.010976639459611595, 0.003940332113706727, 0.0033774275260343373, 0.0028145229383619475, 0.0005629045876723895, 0.0005629045876723895, 0.0, 0.0, 0.0, 0.0, 0.0, 0.0], [0.0, 0.0, 0.0, 0.00011916110581506196, 0.00011916110581506196, 0.00011916110581506196, 0.0, 0.0007149666348903718, 0.0019065776930409914, 0.002621544327931363, 0.005838894184938036, 0.009532888465204958, 0.011916110581506196, 0.015252621544327931, 0.025619637750238324, 0.034914204003813155, 0.18755958055290753, 0.15276453765490944, 0.31839847473784555, 0.07995710200190657, 0.05207340324118208, 0.05314585319351764, 0.01870829361296473, 0.007149666348903718, 0.010724499523355576, 0.005362249761677788, 0.002859866539561487, 0.0021448999046711154, 0.00023832221163012392, 0.00023832221163012392, 0.0, 0.0, 0.0], [0.0, 0.0, 0.0, 0.00011048502927853276, 0.00011048502927853276, 0.00022097005855706552, 0.0007733952049497294, 0.0020992155562921224, 0.0024306706441277206, 0.005855706551762236, 0.011711413103524472, 0.01723566456745111, 0.020660700475085624, 0.026516407026847863, 0.04286819136007071, 0.054027179317202516, 0.07645564026074467, 0.051817478731631866, 0.28096342945530883, 0.1426361727985858, 0.09181305933046072, 0.08783559827643354, 0.02994144293448238, 0.01358965860125953, 0.022649431002099214, 0.008175892166611425, 0.004640371229698376, 0.0034250359076345156, 0.0012153353220638603, 0.00022097005855706552, 0.0, 0.0, 0.0], [0.0, 0.0, 0.0, 0.0, 0.0, 0.021505376344086023, 0.026881720430107527, 0.053763440860215055, 0.05913978494623656, 0.05913978494623656, 0.06989247311827956, 0.08064516129032258, 0.053763440860215055, 0.11290322580645161, 0.0913978494623656, 0.15053763440860216, 0.026881720430107527, 0.06451612903225806, 0.03763440860215054, 0.04838709677419355, 0.021505376344086023, 0.005376344086021506, 0.0, 0.005376344086021506, 0.010752688172043012, 0.0, 0.0, 0.0, 0.0, 0.0, 0.0, 0.0, 0.0], [0.0, 0.00010404744563520966, 0.00010404744563520966, 0.00020809489127041931, 0.00031214233690562894, 0.00010404744563520966, 0.00020809489127041931, 0.0011445219019873061, 0.0018728540214337738, 0.003849755488502757, 0.007803558422640724, 0.01196545624804911, 0.03319113515763188, 0.0882322338986578, 0.12444074497971075, 0.13609405889085424, 0.1603371137238581, 0.10977005514514619, 0.1498283217147019, 0.05587347830610759, 0.03391946727707835, 0.03870564977629799, 0.015607116845281448, 0.005514514618666112, 0.010820934346061805, 0.004682135053584434, 0.00301737592342108, 0.0011445219019873061, 0.0006242846738112579, 0.00041618978254083863, 0.00010404744563520966, 0.0, 0.0], [0.00018953752843062926, 0.00018953752843062926, 0.0003790750568612585, 0.001516300227445034, 0.0032221379833206974, 0.004169825625473844, 0.007202426080363912, 0.01269901440485216, 0.024071266110689916, 0.03904473085670963, 0.05951478392721759, 0.0763836239575436, 0.09344200151630022, 0.11050037907505686, 0.10974222896133434, 0.10936