{"region": {"us": {"histType": {"histogram": {"labels": ["0", "100", "200", "300", "400", "500", "600", "700", "800", "900", "1000", "1100", "1200", "1300", "1400", "1500", "1600", "1700", "1800", "1900", "2000", "2100", "2200", "2300", "2400", "2500", "2600", "2700", "2800", "2900", "3000", "3100"], "data": [[0.0, 0.0, 0.0, 0.004901960784313725, 0.0, 0.014705882352941176, 0.0196078431372549, 0.0196078431372549, 0.05392156862745098, 0.05392156862745098, 0.058823529411764705, 0.09313725490196079, 0.09313725490196079, 0.09803921568627451, 0.14705882352941177, 0.08333333333333333, 0.049019607843137254, 0.049019607843137254, 0.06372549019607843, 0.04411764705882353, 0.0196078431372549, 0.03431372549019608, 0.0, 0.0, 0.0, 0.0, 0.0, 0.0, 0.0, 0.0, 0.0, 0.0], [0.0, 0.0011389521640091116, 0.0, 0.0005694760820045558, 0.0017084282460136675, 0.0005694760820045558, 0.0056947608200455585, 0.011958997722095672, 0.01366742596810934, 0.0244874715261959, 0.040432801822323464, 0.05353075170842825, 0.07915717539863326, 0.08086560364464693, 0.1252847380410023, 0.1264236902050114, 0.15546697038724375, 0.08086560364464693, 0.09908883826879271, 0.03929384965831435, 0.022209567198177675, 0.01366742596810934, 0.007972665148063782, 0.004555808656036446, 0.004555808656036446, 0.005125284738041002, 0.0017084282460136675, 0.0, 0.0, 0.0, 0.0, 0.0], [0.00016784155756965425, 0.0, 0.00016784155756965425, 0.0003356831151393085, 0.0003356831151393085, 0.00016784155756965425, 0.0003356831151393085, 0.0008392077878482712, 0.004867405169519974, 0.0062101376300772075, 0.010741859684457872, 0.015273581738838537, 0.026351124538435716, 0.04044981537428667, 0.0649546827794562, 0.09231285666330984, 0.14132259147364887, 0.11245384357166835, 0.21852970795568982, 0.07317891910036925, 0.04968110104061766, 0.06847935548841894, 0.02450486740516952, 0.013259483048002686, 0.022826451829472977, 0.005706612957368244, 0.004028197381671702, 0.0025176233635448137, 0.0, 0.0, 0.0, 0.0], [0.0, 0.00015323322096230462, 0.0, 0.0, 0.00015323322096230462, 0.00015323322096230462, 0.0018387986515476554, 0.0030646644192460926, 0.008121360711002145, 0.013944223107569721, 0.02344468280723261, 0.025896414342629483, 0.049800796812749, 0.06803555010726325, 0.10174685871897027, 0.12396567575850444, 0.16426601287159057, 0.11431198283787926, 0.15016855654305852, 0.05838185718663806, 0.03692920625191542, 0.03187250996015936, 0.009347226478700583, 0.004290530186944529, 0.006742261722341404, 0.0015323322096230463, 0.0015323322096230463, 0.00030646644192460924, 0.0, 0.0, 0.0, 0.0], [0.0, 0.0, 0.0, 0.0, 0.0, 0.013513513513513514, 0.0, 0.05405405405405406, 0.04054054054054054, 0.08108108108108109, 0.05405405405405406, 0.06756756756756757, 0.13513513513513514, 0.13513513513513514, 0.04054054054054054, 0.013513513513513514, 0.08108108108108109, 0.05405405405405406, 0.06756756756756757, 0.0945945945945946, 0.013513513513513514, 0.02702702702702703, 0.013513513513513514, 0.013513513513513514, 0.0, 0.0, 0.0, 0.0, 0.0, 0.0, 0.0, 0.0], [0.0, 0.0, 0.0, 0.0, 0.0, 0.0, 0.0002965599051008304, 0.002224199288256228, 0.002224199288256228, 0.00830367734282325, 0.013938315539739028, 0.023131672597864767, 0.041073546856465006, 0.07132265717674971, 0.10186832740213524, 0.13493475682087783, 0.15940094899169632, 0.1034994068801898, 0.14042111506524318, 0.05768090154211151, 0.037366548042704624, 0.04552194543297746, 0.020462633451957295, 0.00741399762752076, 0.01631079478054567, 0.005338078291814947, 0.0050415183867141165, 0.0020759193357058124, 0.0001482799525504152, 0.0, 0.0, 0.0], [0.0, 0.0, 0.0010672358591248667, 0.001422981145499822, 0.001422981145499822, 0.002845962290999644, 0.004624688722874422, 0.011383849163998577, 0.019565990750622556, 0.03023834934187122, 0.04695837780149413, 0.05834222696549271, 0.07933119886161509, 0.10245464247598719, 0.12628957666310922, 0.128068303094984, 0.11953041622198506, 0.07577374599786553, 0.07470651013874066, 0.03237282106012095, 0.020277481323372464, 0.022411953041622197, 0.007470651013874066, 0.007114905727499111, 0.011028103877623622, 0.007114905727499111, 0.005691924581999288, 0.0024902170046246885, 0.0, 0.0, 0.0, 0.0], [0.0, 0.0, 0.004901960784313725, 0.00980392156862745, 0.004901960784313725, 0.014705882352941176, 0.0196078431372549, 0.05392156862745098, 0.0784313725490196, 0.11274509803921569, 0.10294117647058823, 0.09803921568627451, 0.11274509803921569, 0.09313725490196079, 0.06862745098039216, 0.05392156862745098, 0.049019607843137254, 0.03431372549019608, 0.014705882352941176, 0.06372549019607843, 0.00980392156862745, 0.0, 0.0, 0.0, 0.0, 0.0, 0.0, 0.0, 0.0, 0.0, 0.0, 0.0], [0.00040961223375204805, 0.0005461496450027307, 0.0006826870562534135, 0.0005461496450027307, 0.0009557618787547789, 0.0024576734025122883, 0.002594210813762971, 0.006826870562534134, 0.013653741125068269, 0.03126706717640634, 0.04983615510649918, 0.0718186783178591, 0.09352812670671765, 0.11018569087930093, 0.13681048607318405, 0.1223375204806117, 0.10472419442927362, 0.06253413435281267, 0.07031676679410158, 0.03672856362643364, 0.023757509557618788, 0.023211359912616056, 0.012015292190060076, 0.005461496450027308, 0.011059530311305297, 0.004232659748771164, 0.0015019115237575095, 0.0, 0.0, 0.0, 0.0, 0.0], [0.0, 0.0, 0.0007908264136022143, 0.0, 0.0019770660340055358, 0.0015816528272044287, 0.005140371688414393, 0.004349545274812179, 0.01383946223803875, 0.021352313167259787, 0.033214709371293, 0.04389086595492289, 0.06880189798339265, 0.08343218663503361, 0.11269276393831554, 0.12850929221035984, 0.15579280347963623, 0.0881771451166469, 0.11981020166073547, 0.042704626334519574, 0.022933965994464216, 0.02372479240806643, 0.009094503756425464, 0.005931198102016607, 0.007908264136022143, 0.0035587188612099642, 0.0007908264136022143, 0.0, 0.0, 0.0, 0.0, 0.0], [0.0, 0.00021734405564007825, 0.000869376222560313, 0.000869376222560313, 0.0010867202782003911, 0.0023907846120408607, 0.005433601391001956, 0.010649858726363834, 0.017387524451206258, 0.0319495761790915, 0.06216039991306238, 0.0730276026950663, 0.09758748098239513, 0.10323842642903716, 0.14431645294501194, 0.1288850249945664, 0.10780265159747882, 0.0669419691371441, 0.06781134535970441, 0.03173223212345142, 0.015648772006085634, 0.014344707672245164, 0.005216257335361878, 0.004564225168441643, 0.003477504890241252, 0.0021734405564007822, 0.00021734405564007825, 0.0, 0.0, 0.0, 0.0, 0.0], [0.0, 0.0, 0.0, 0.0, 0.00020032051282051281, 0.001001602564102564, 0.0026041666666666665, 0.004206730769230769, 0.008613782051282052, 0.011618589743589744, 0.031650641025641024, 0.04366987179487179, 0.06169871794871795, 0.0751201923076923, 0.11778846153846154, 0.11598557692307693, 0.15244391025641027, 0.0999599358974359, 0.1310096153846154, 0.052884615384615384, 0.028245192307692308, 0.029847756410256412, 0.011017628205128206, 0.006209935897435897, 0.008213141025641026, 0.0038060897435897435, 0.002203525641025641, 0.0, 0.0, 0.0, 0.0, 0.0], [0.00031377470975839345, 0.0, 0.0, 0.00031377470975839345, 0.00015688735487919673, 0.0007844367743959837, 0.0017257609036711642, 0.0031377470975839346, 0.0072168183244430495, 0.019454032005020397, 0.033887668653906494, 0.04267336052714151, 0.05993096956385315, 0.07954188892375275, 0.115625980545968, 0.13476623784122999, 0.1487292124254785, 0.09303420144336366, 0.11860684028867273, 0.05036084091622215, 0.02839661123313461, 0.028710385942893, 0.009727016002510198, 0.006432381550047066, 0.00862880451835582, 0.0031377470975839346, 0.0025101976780671476, 0.0015688735487919673, 0.0006275494195167869, 0.0, 0.0, 0.0], [0.0, 0.0, 0.00028793550244745177, 0.0, 0.00028793550244745177, 0.00028793550244745177, 0.0005758710048949035, 0.001151742009789807, 0.004606968039159228, 0.0048949035416066804, 0.01468471062482004, 0.022171033688453787, 0.041462712352433054, 0.05873884249928016, 0.09041174776849986, 0.1206449755254823, 0.1713216239562338, 0.1212208465303772, 0.1474229772530953, 0.0722718111143104, 0.043478260869565216, 0.040598905845090696, 0.01468471062482004, 0.010941549093003168, 0.011229484595450619, 0.0028793550244745176, 0.002591419522027066, 0.001151742009789807, 0.0, 0.0, 0.0, 0.0], [0.0, 0.0, 0.0, 0.0, 0.0005793742757821553, 0.0017381228273464658, 0.0005793742757821553, 0.005793742757821553, 0.012746234067207415, 0.015063731170336037, 0.02433371958285052, 0.04866743916570104, 0.05214368482039398, 0.07589803012746234, 0.10544611819235226, 0.11297798377752027, 0.13267670915411356, 0.09443800695249131, 0.11645422943221322, 0.05388180764774044, 0.039397450753186555, 0.03650057937427578, 0.02549246813441483, 0.009849362688296639, 0.014484356894553883, 0.010428736964078795, 0.004634994206257242, 0.005214368482039398, 0.0005793742757821553, 0.0, 0.0, 0.0], [0.00027056277056277056, 0.0, 0.0005411255411255411, 0.0005411255411255411, 0.0005411255411255411, 0.0010822510822510823, 0.0027056277056277055, 0.004329004329004329, 0.007575757575757576, 0.015422077922077922, 0.025703463203463204, 0.045454545454545456, 0.07602813852813853, 0.09253246753246754, 0.11958874458874459, 0.13365800865800867, 0.13636363636363635, 0.08901515151515152, 0.10606060606060606, 0.04707792207792208, 0.02462121212121212, 0.03409090909090909, 0.012175324675324676, 0.006493506493506494, 0.00974025974025974, 0.002976190476190476, 0.004058441558441558, 0.0013528138528138528, 0.0, 0.0, 0.0, 0.0], [0.0, 0.0, 0.0, 0.0006357279084551812, 0.0006357279084551812, 0.0006357279084551812, 0.0014833651197287562, 0.004026276753549481, 0.0065691883873702055, 0.015469379105742743, 0.030303030303030304, 0.03602458147912693, 0.06378470014833651, 0.07628734901462174, 0.114642932824751, 0.1309599491417673, 0.1551176096630642, 0.08730663276117821, 0.14325068870523416, 0.04428904428904429, 0.024793388429752067, 0.02839584657766476, 0.012078830260648443, 0.006145369781733418, 0.008476372112735749, 0.0033905488450943, 0.0027548209366391185, 0.0025429116338207248, 0.0, 0.0, 0.0, 0.0], [0.0, 0.0, 0.0, 0.034482758620689655, 0.0, 0.0, 0.0, 0.0, 0.017241379310344827, 0.08620689655172414, 0.034482758620689655, 0.10344827586206896, 0.08620689655172414, 0.05172413793103448, 0.08620689655172414, 0.10344827586206896, 0.15517241379310345, 0.034482758620689655, 0.06896551724137931, 0.017241379310344827, 0.017241379310344827, 0.05172413793103448, 0.05172413793103448, 0.0, 0.0, 0.0, 0.0, 0.0, 0.0, 0.0, 0.0, 0.0], [0.00014007564084605686, 0.0, 0.0, 0.00014007564084605686, 0.00014007564084605686, 0.0002801512816921137, 0.00042022692253817064, 0.0012606807676145118, 0.003221739739459308, 0.007984311528225242, 0.015408320493066256, 0.02115142176775459, 0.04146238969043283, 0.06317411402157165, 0.10547695755708082, 0.14946070878274267, 0.1679506933744222, 0.1140215716486903, 0.12018489984591679, 0.0652752486342625, 0.03978148200028015, 0.04300322173973946, 0.01736937946491105, 0.008264462809917356, 0.009525143577531868, 0.003922117943689593, 0.0009805294859223982, 0.0, 0.0, 0.0, 0.0, 0.0], [0.0, 0.0, 0.0, 0.00019256691700365877, 0.0, 0.00038513383400731754, 0.0015405353360292702, 0.0007702676680146351, 0.0028885037550548816, 0.004429039091084152, 0.01097631426920855, 0.015983054111303678, 0.02484113229347198, 0.039283651068746386, 0.06508761794723666, 0.09493549008280378, 0.14038128249566725, 0.12170229154631235, 0.18024263431542462, 0.08992875024070865, 0.0625842480261891, 0.06778355478528789, 0.026959368380512227, 0.012131715771230503, 0.02002695936838051, 0.008472944348160986, 0.005391873676102446, 0.0028885037550548816, 0.00019256691700365877, 0.0, 0.0, 0.0], [0.00024239486122894195, 0.00012119743061447097, 0.0, 0.00024239486122894195, 0.00024239486122894195, 0.0009695794449157678, 0.0008483820143012969, 0.0026663434735183615, 0.004363107502120955, 0.00884741243485638, 0.01757362743909829, 0.02508786813719549, 0.029329778208701977, 0.04690340564780027, 0.07126408920130893, 0.10544176463458975, 0.14846685250272695, 0.1248333535329051, 0.16737365167858442, 0.0835050296933705, 0.048963761968246276, 0.056599200096957944, 0.021815537510604777, 0.012362137922676038, 0.01478608653496546, 0.005817476669494607, 0.0013331717367591808, 0.0, 0.0, 0.0, 0.0, 0.0], [0.0, 0.0, 0.0, 0.0, 0.002150537634408602, 0.002150537634408602, 0.0, 0.004301075268817204, 0.0064516129032258064, 0.008602150537634409, 0.012903225806451613, 0.03225806451612903, 0.04946236559139785, 0.1053763440860215, 0.12473118279569892, 0.15698924731182795, 0.18924731182795698, 0.12258064516129032, 0.11182795698924732, 0.03870967741935484, 0.01935483870967742, 0.012903225806451613, 0.0, 0.0, 0.0, 0.0, 0.0, 0.0, 0.0, 0.0, 0.0, 0.0], [0.0, 0.0, 0.0, 0.00020883366398663465, 0.00020883366398663465, 0.00020883366398663465, 0.0005220841599665867, 0.0009397514879398559, 0.0028192544638195676, 0.006891510911558943, 0.01127701785527827, 0.020883366398663464, 0.03581497337370784, 0.04469040409313981, 0.07267411506734886, 0.09783857157773833, 0.14628798162263756, 0.11548501618460896, 0.20455257387490863, 0.07768612300302809, 0.048867077372872506, 0.06463401900386342, 0.019630364414743657, 0.006682677247572309, 0.012321186175211444, 0.004907591103685914, 0.0018795029758797118, 0.001983919807873029, 0.00010441683199331732, 0.0, 0.0, 0.0], [0.00019837333862328903, 0.0, 0.00019837333862328903, 0.00019837333862328903, 0.0008926800238048007, 0.0006943066851815116, 0.00039674667724657806, 0.0012894267010513786, 0.0017853600476096013, 0.008034120214243205, 0.012795080341202143, 0.02876413410037691, 0.053858361436222975, 0.07766316207101766, 0.1212061098988296, 0.16514580440388812, 0.19301725848046022, 0.11743701646498711, 0.11971830985915492, 0.0434437611585003, 0.025094227335846063, 0.01676254711366792, 0.005653640150763737, 0.0019837333862328904, 0.002578853402102757, 0.0010910533624280897, 9.918666931164451e-05, 0.0, 0.0, 0.0, 0.0, 0.0], [0.0, 0.00015571473061351605, 0.0, 0.00015571473061351605, 0.0003114294612270321, 0.0007785736530675802, 0.0012457178449081284, 0.002491435689816257, 0.005294300840859545, 0.00825288072251635, 0.016350046714419184, 0.030364372469635626, 0.049205854873871066, 0.06306446589847399, 0.11102460292743693, 0.15119900342572407, 0.15820616630333229, 0.10650887573964497, 0.13282466521332917, 0.06633447524135783, 0.031765805045157275, 0.033322952351292436, 0.01494861413889754, 0.008564310183743382, 0.005138586110246029, 0.0020242914979757085, 0.0004671441918405481, 0.0, 0.0, 0.0, 0.0, 0.0], [0.0, 0.0, 0.0, 0.0, 0.00034264176803152307, 0.0, 0.0008566044200788076, 0.001027925304094569, 0.0023984923762206613, 0.004283022100394038, 0.013191708069213636, 0.01884529724173377, 0.03460681857118383, 0.05807777968134316, 0.10039403803323625, 0.13106047627205755, 0.15812917594654788, 0.09508309062874765, 0.1687510707555251, 0.06133287647764262, 0.03837587801953058, 0.050197019016618126, 0.02261435669008052, 0.011135857461024499, 0.01576152132945006, 0.005824910056535891, 0.006167551824567415, 0.0015418879561418537, 0.0, 0.0, 0.0, 0.0], [0.0005184033177812338, 0.0010368066355624676, 0.0005184033177812338, 0.0005184033177812338, 0.0015552099533437014, 0.004665629860031105, 0.005184033177812338, 0.00933125972006221, 0.02332814930015552, 0.0352514256091239, 0.05028512182477968, 0.07102125453602903, 0.07879730430274753, 0.104199066874028, 0.12804561949196475, 0.11612234318299637, 0.10679108346293416, 0.07568688439606014, 0.09849663037843442, 0.024883359253499222, 0.02177293934681182, 0.024883359253499222, 0.009849663037843442, 0.002592016588906169, 0.00414722654224987, 0.0005184033177812338, 0.0, 0.0, 0.0, 0.0, 0.0, 0.0], [0.0, 0.0, 0.0, 0.001851851851851852, 0.001851851851851852, 0.002777777777777778, 0.004629629629629629, 0.012962962962962963, 0.01574074074074074, 0.021296296296296296, 0.032407407407407406, 0.04537037037037037, 0.062037037037037036, 0.053703703703703705, 0.10740740740740741, 0.11944444444444445, 0.14629629629629629, 0.09907407407407408, 0.13148148148148148, 0.05462962962962963, 0.027777777777777776, 0.022222222222222223, 0.013888888888888888, 0.008333333333333333, 0.008333333333333333, 0.002777777777777778, 0.003703703703703704, 0.0, 0.0, 0.0, 0.0, 0.0], [0.0003536067892503536, 0.0, 0.0, 0.0, 0.0007072135785007072, 0.0010608203677510608, 0.0037128712871287127, 0.006895332390381896, 0.01043140028288543, 0.01874115983026874, 0.03765912305516266, 0.05551626591230552, 0.07779349363507779, 0.10307637906647808, 0.13985148514851486, 0.14444837340876945, 0.1311881188118812, 0.08221357850070721, 0.08857850070721358, 0.030763790664780764, 0.022277227722772276, 0.02369165487977369, 0.007779349363507779, 0.005480905233380481, 0.005834512022630835, 0.000884016973125884, 0.000884016973125884, 0.0001768033946251768, 0.0, 0.0, 0.0, 0.0], [0.0, 0.0, 0.0, 0.0006435006435006435, 0.00032175032175032174, 0.0, 0.0028957528957528956, 0.0016087516087516086, 0.0045045045045045045, 0.012226512226512226, 0.020913770913770915, 0.029922779922779922, 0.045366795366795366, 0.06338481338481339, 0.10038610038610038, 0.11776061776061776, 0.14157014157014158, 0.10714285714285714, 0.13513513513513514, 0.058236808236808234, 0.04343629343629344, 0.044723294723294726, 0.02027027027027027, 0.008687258687258687, 0.022844272844272845, 0.010617760617760617, 0.0054697554697554695, 0.001287001287001287, 0.0006435006435006435, 0.0, 0.0, 0.0], [0.0, 0.0, 0.0, 0.0, 0.00025056376847907793, 0.0, 0.0012528188423953897, 0.0015033826108744675, 0.003507892758707091, 0.012778752192432975, 0.019543973941368076, 0.030318215985968427, 0.051365572538210974, 0.07466800300676522, 0.11049862189927337, 0.13856176396893008, 0.15409671761463292, 0.10047607116011024, 0.13655725382109746, 0.06038586820345778, 0.03332498120771736, 0.03608118266098722, 0.013781007266349286, 0.005762966675018792, 0.00601353044349787, 0.006765221748935104, 0.0025056376847907794, 0.0, 0.0, 0.0, 0.0, 0.0], [0.0004575960951799878, 0.0001525320317266626, 0.0001525320317266626, 0.0001525320317266626, 0.0004575960951799878, 0.0012202562538133007, 0.001525320317266626, 0.003355704697986577, 0.006711409395973154, 0.011134838316046369, 0.028370957901159243, 0.04148871262965223, 0.0701647345942648, 0.09517998779743746, 0.13636363636363635, 0.14658328248932276, 0.15085417937766932, 0.1015863331299573, 0.09487492373398414, 0.046522269676632096, 0.0224222086638194, 0.021659548505186088, 0.009304453935326418, 0.003965832824893227, 0.0035082367297132396, 0.0018303843807199512, 0.0, 0.0, 0.0, 0.0, 0.0, 0.0], [0.0, 0.0, 0.0, 0.0005851375073142189, 0.0005851375073142189, 0.0011702750146284377, 0.0008777062609713282, 0.0038033937975424223, 0.005851375073142188, 0.007021650087770626, 0.02047981275599766, 0.035693387946167346, 0.054125219426565244, 0.08104154476301931, 0.11410181392627268, 0.14657694558221182, 0.15272088940901113, 0.10766530134581627, 0.11117612638970158, 0.053832650672908135, 0.0371562317144529, 0.028086600351082503, 0.014335868929198362, 0.005558806319485079, 0.011995318899941486, 0.0026331187829139848, 0.002925687536571094, 0.0, 0.0, 0.0, 0.0, 0.0], [0.0, 0.0, 0.0, 0.0, 0.0, 0.000587026709715292, 0.001174053419430584, 0.002348106838861168, 0.004989727032579982, 0.004989727032579982, 0.012914587613736424, 0.02054593484003522, 0.03492808922805988, 0.0516583504549457, 0.08893454652186675, 0.1179923686527737, 0.14969181097739948, 0.10859994129732903, 0.15673613149398297, 0.07572644555327267, 0.04373348987378926, 0.05899618432638685, 0.02142647490460816, 0.015262694452597593, 0.017610801291458762, 0.008805400645729381, 0.0014675667742882301, 0.0008805400645729381, 0.0, 0.0, 0.0, 0.0], [0.0, 0.0, 0.0003374957813027337, 0.0, 0.00016874789065136686, 0.0005062436719541006, 0.0005062436719541006, 0.0020249746878164025, 0.00320620992237597, 0.007256159298008775, 0.014174822814714817, 0.03172460344245697, 0.05484306446169423, 0.09196760040499494, 0.12689841376982788, 0.1282483968950388, 0.14292946338170773, 0.09500506243671954, 0.12352345595680055, 0.05433682078974013, 0.03223084711441107, 0.03628079649004388, 0.019743503206209923, 0.008437394532568343, 0.013668579142760715, 0.00590617617279784, 0.004218697266284171, 0.0016874789065136687, 0.00016874789065136686, 0.0, 0.0, 0.0], [0.0, 0.0, 0.00011010790574763268, 0.0, 0.00033032371724289804, 0.00022021581149526536, 0.00033032371724289804, 0.0014314027747192248, 0.0025324818321955517, 0.006716582250605593, 0.01398370402994935, 0.026095573662188946, 0.04558467297951993, 0.06749614622329883, 0.1000880863245981, 0.12056815679365779, 0.15954635542831974, 0.10768553182118476, 0.16582250605593482, 0.06276150627615062, 0.03578506936798062, 0.04723629156573442, 0.012992732878220656, 0.006496366439110328, 0.00979960361153931, 0.0035234529839242457, 0.001981942303457388, 0.0008808632459810614, 0.0, 0.0, 0.0, 0.0], [0.0, 0.0, 0.0, 0.0, 0.0, 0.00013107877834578582, 0.0007864726700747149, 0.0005243151133831433, 0.0024904967885699307, 0.006029623803906148, 0.009830908375933936, 0.02162799842705466, 0.03866823961200681, 0.06449075894612662, 0.1072224406868528, 0.14982304364923318, 0.1820684231222965, 0.12033031852143138, 0.16542141827238172, 0.05190719622493118, 0.026477913225848734, 0.033818324813212744, 0.008913356927513435, 0.0027526543452615023, 0.0027526543452615023, 0.0024904967885699307, 0.001441866561803644, 0.0, 0.0, 0.0, 0.0, 0.0], [0.0, 0.005681818181818182, 0.0, 0.005681818181818182, 0.005681818181818182, 0.017045454545454544, 0.03977272727272727, 0.017045454545454544, 0.07954545454545454, 0.0625, 0.045454545454545456, 0.0625, 0.08522727272727272, 0.11363636363636363, 0.08522727272727272, 0.09659090909090909, 0.09659090909090909, 0.0625, 0.05113636363636364, 0.017045454545454544, 0.022727272727272728, 0.011363636363636364, 0.011363636363636364, 0.005681818181818182, 0.0, 0.0, 0.0, 0.0, 0.0, 0.0, 0.0, 0.0]]}, "ranks": {"labels": ["Unranked", "Combatatent I", "Combatatent II", "Challenger I", "Challenger II", "Rival I", "Rival II", "Duelist", "Elite"], "data": [[0.16666666666666666, 0.15196078431372548, 0.19117647058823528, 0.23039215686274508, 0.09803921568627451, 0.09803921568627451, 0.029411764705882353, 0.03431372549019608, 0.0], [0.05979498861047836, 0.09396355353075171, 0.1600227790432802, 0.2517084282460137, 0.23633257403189067, 0.12357630979498861, 0.037015945330296125, 0.02619589977220957, 0.011389521640091117], [0.01342732460557234, 0.02601544142329641, 0.06680093991272239, 0.15726753944276603, 0.2537764350453172, 0.2583081570996979, 0.08308157099697885, 0.10624370594159113, 0.035078885532057735], [0.02742874655225253, 0.04934109714986209, 0.11783634692001226, 0.22571253447747472, 0.27857799570946984, 0.18112166717744407, 0.06435795280416795, 0.04551026662580447, 0.010113392583512106], [0.1891891891891892, 0.12162162162162163, 0.2702702702702703, 0.05405405405405406, 0.13513513513513514, 0.13513513513513514, 0.04054054054054054, 0.05405405405405406, 0.0], [0.013048635824436536, 0.037069988137603795, 0.11239620403321471, 0.23680308422301305, 0.2629003558718861, 0.16859430604982206, 0.06687425860023725, 0.07339857651245552, 0.02891459074733096], [0.07257203842049093, 0.10530060476698684, 0.18178584133760228, 0.2543578797580932, 0.19530416221985059, 0.09213802917111348, 0.035218783351120594, 0.036997509782995375, 0.02632515119174671], [0.29901960784313725, 0.20098039215686275, 0.20588235294117646, 0.12254901960784313, 0.08333333333333333, 0.05392156862745098, 0.03431372549019608, 0.0, 0.0], [0.0599399235390497, 0.12165483342435827, 0.20371381758601856, 0.2591480065537957, 0.1672583287820863, 0.09120699071545603, 0.03959584926269798, 0.04068814855270344, 0.01679410158383397], [0.049031237643337285, 0.0771055753262159, 0.15223408461842625, 0.24120205614867538, 0.24396994859628313, 0.14472123368920523, 0.04072756030051404, 0.0387504942665085, 0.012257809410834321], [0.07085416213866551, 0.13518800260812866, 0.2008259074114323, 0.27320147793957833, 0.1747446207346229, 0.08150402086502934, 0.03368832862421213, 0.024125190176048684, 0.005868289502282112], [0.028245192307692308, 0.07532051282051282, 0.13681891025641027, 0.23377403846153846, 0.25240384615384615, 0.15885416666666666, 0.05328525641025641, 0.04707532051282051, 0.01422275641025641], [0.03310323187951051, 0.07656102918104801, 0.1394728584876059, 0.250392218387198, 0.24176341386884218, 0.14606212739253216, 0.05130216504549733, 0.04486978349545027, 0.016473172262315657], [0.012093291102792975, 0.036855744313273826, 0.10020155485171321, 0.21105672329398215, 0.292542470486611, 0.19061330262021306, 0.07255974661675785, 0.06622516556291391, 0.01785200115174201], [0.03650057937427578, 0.07300115874855156, 0.12804171494785632, 0.21842410196987253, 0.22711471610660486, 0.1425260718424102, 0.06720741599073002, 0.07184241019698726, 0.03534183082271147], [0.03300865800865801, 0.07115800865800866, 0.16856060606060605, 0.2532467532467532, 0.22537878787878787, 0.13068181818181818, 0.04707792207792208, 0.052759740259740256, 0.018127705627705628], [0.029455393091756727, 0.06632761178215724, 0.14007204916295826, 0.24560288196651833, 0.24242424242424243, 0.16677262131807585, 0.04556050010595465, 0.046620046620046623, 0.017164653528289893], [0.13793103448275862, 0.13793103448275862, 0.13793103448275862, 0.1896551724137931, 0.1896551724137931, 0.08620689655172414, 0.017241379310344827, 0.10344827586206896, 0.0], [0.013587337162067517, 0.03655974226082084, 0.10463650371200449, 0.2549376663398235, 0.28197226502311246, 0.15604426390250736, 0.0691973665779521, 0.06863706401456787, 0.014427791007143857], [0.010206046601193916, 0.026959368380512227, 0.06412478336221837, 0.16002310803004044, 0.2620835740419796, 0.22819179664933564, 0.10456383593298671, 0.10687463893703061, 0.03697284806470248], [0.01854320688401406, 0.042661495576293784, 0.07623318385650224, 0.17670585383589868, 0.27330020603563204, 0.2105199369773361, 0.08932250636286511, 0.09077687553023876, 0.021936734941219248], [0.023655913978494623, 0.04516129032258064, 0.15483870967741936, 0.2817204301075269, 0.3118279569892473, 0.13978494623655913, 0.030107526881720432, 0.012903225806451613, 0.0], [0.011799102015244858, 0.032160384253941736, 0.08050537746684766, 0.17051268664508717, 0.26177299780724655, 0.24517072152030908, 0.08593505273050016, 0.09094706066617939, 0.021196616894643416], [0.013687760365006943, 0.041559214441579055, 0.13152152350724064, 0.2863519143027177, 0.3104542749454473, 0.14401904384050784, 0.04423725451299346, 0.024399920650664552, 0.0037690934338424917], [0.018685767673621925, 0.04671441918405481, 0.11227032077234507, 0.262223606353161, 0.26471504204297724, 0.17128620367486763, 0.059638741824976645, 0.056835876673933354, 0.007630021800062286], [0.008908685968819599, 0.03203700531094741, 0.09268459825252698, 0.23145451430529382, 0.25321226657529555, 0.2025012849066301, 0.06595854034606818, 0.08394723316772315, 0.02929587116669522], [0.08190772420943494, 0.12130637636080871, 0.18299637117677553, 0.24416796267496113, 0.1824779678589943, 0.1088646967340591, 0.036288232244686365, 0.03732503888024884, 0.004665629860031105], [0.06111111111111111, 0.07777777777777778, 0.11574074074074074, 0.22685185185185186, 0.24537037037037038, 0.1638888888888889, 0.05, 0.044444444444444446, 0.014814814814814815], [0.0419024045261669, 0.09317538896746817, 0.18086987270155586, 0.2842998585572843, 0.2134016973125884, 0.10572842998585573, 0.03589108910891089, 0.03695190947666195, 0.007779349363507779], [0.0222007722007722, 0.05083655083655084, 0.10875160875160875, 0.21814671814671815, 0.2487129987129987, 0.16441441441441443, 0.07239382239382239, 0.07368082368082368, 0.04086229086229086], [0.019293410172889, 0.04986218992733651, 0.12603357554497618, 0.24906038586820345, 0.25457278877474315, 0.170383362565773, 0.059884740666499625, 0.0556251566023553, 0.015284389877223753], [0.02532031726662599, 0.06985967053081148, 0.16534472239170225, 0.28294691885295914, 0.2524405125076266, 0.12263575350823673, 0.041183648566198904, 0.03492983526540574, 0.005338621110433191], [0.01989467524868344, 0.056173200702165006, 0.13516676418958457, 0.2606787595084845, 0.2603861907548274, 0.14189584552369808, 0.06026916325336454, 0.04798127559976594, 0.017554125219426564], [0.01408864103316701, 0.033460522453771645, 0.08658643968300557, 0.20692691517464046, 0.2582917522747285, 0.20017610801291458, 0.07601995890813032, 0.0956853536835926, 0.02876430877604931], [0.01400607492406345, 0.045899426257171784, 0.14681066486668917, 0.25514681066486666, 0.23793452581842728, 0.15507931150860615, 0.0550118123523456, 0.06446169422882214, 0.02564967937900776], [0.011671438009249064, 0.040079277692138295, 0.11308081920281876, 0.22065624311825588, 0.26723188724950453, 0.19896498568597226, 0.06540409601409382, 0.06672539088306541, 0.016185862144902002], [0.009961987154279723, 0.031458906802988594, 0.10315899855813344, 0.257045484336086, 0.3023987416437279, 0.19373443439507143, 0.050072093328090185, 0.045484336085987676, 0.006685017695635077], [0.23295454545454544, 0.10795454545454546, 0.19886363636363635, 0.18181818181818182, 0.1590909090909091, 0.056818181818181816, 0.03409090909090909, 0.028409090909090908, 0.0]]}, "ranksDetailed": {"labels": ["Unranked", "Combatatant", "Challenger", "Rival", "Duelist", "Elite"], "data": [[0.16666666666666666, 0.3431372549019608, 0.3284313725490196, 0.12745098039215685, 0.03431372549019608, 0.0], [0.05979498861047836, 0.2539863325740319, 0.4880410022779043, 0.16059225512528474, 0.02619589977220957, 0.011389521640091117], [0.01342732460557234, 0.0928163813360188, 0.4110439744880833, 0.3413897280966767, 0.10624370594159113, 0.035078885532057735], [0.02742874655225253, 0.16717744406987434, 0.5042905301869445, 0.24547961998161202, 0.04551026662580447, 0.010113392583512106], [0.1891891891891892, 0.3918918918918919, 0.1891891891891892, 0.17567567567567569, 0.05405405405405406, 0.0], [0.013048635824436536, 0.1494661921708185, 0.49970344009489914, 0.2354685646500593, 0.07339857651245552, 0.02891459074733096], [0.07257203842049093, 0.2870864461045891, 0.4496620419779438, 0.12735681252223408, 0.036997509782995375, 0.02632515119174671], [0.29901960784313725, 0.4068627450980392, 0.20588235294117646, 0.08823529411764706, 0.0, 0.0], [0.0599399235390497, 0.3253686510103768, 0.426406335335882, 0.130802839978154, 0.04068814855270344, 0.01679410158383397], [0.049031237643337285, 0.22933965994464214, 0.4851720047449585, 0.18544879398971925, 0.0387504942665085, 0.012257809410834321], [0.07085416213866551, 0.336013910019561, 0.44794609867420127, 0.11519234948924147, 0.024125190176048684, 0.005868289502282112], [0.028245192307692308, 0.21213942307692307, 0.48617788461538464, 0.21213942307692307, 0.04707532051282051, 0.01422275641025641], [0.03310323187951051, 0.21603388766865392, 0.49215563225604014, 0.1973642924380295, 0.04486978349545027, 0.016473172262315657], [0.012093291102792975, 0.13705729916498705, 0.5035991937805931, 0.26317304923697094, 0.06622516556291391, 0.01785200115174201], [0.03650057937427578, 0.2010428736964079, 0.4455388180764774, 0.20973348783314022, 0.07184241019698726, 0.03534183082271147], [0.03300865800865801, 0.23971861471861472, 0.4786255411255411, 0.17775974025974026, 0.052759740259740256, 0.018127705627705628], [0.029455393091756727, 0.2063996609451155, 0.48802712439076074, 0.21233312142403052, 0.046620046620046623, 0.017164653528289893], [0.13793103448275862, 0.27586206896551724, 0.3793103448275862, 0.10344827586206896, 0.10344827586206896, 0.0], [0.013587337162067517, 0.14119624597282532, 0.536909931362936, 0.22524163048045945, 0.06863706401456787, 0.014427791007143857], [0.010206046601193916, 0.0910841517427306, 0.42210668207202, 0.3327556325823224, 0.10687463893703061, 0.03697284806470248], [0.01854320688401406, 0.11889467943279602, 0.45000605987153075, 0.2998424433402012, 0.09077687553023876, 0.021936734941219248], [0.023655913978494623, 0.2, 0.5935483870967742, 0.16989247311827957, 0.012903225806451613, 0.0], [0.011799102015244858, 0.11266576172078939, 0.43228568445233373, 0.3311057742508092, 0.09094706066617939, 0.021196616894643416], [0.013687760365006943, 0.17308073794881967, 0.5968061892481651, 0.1882562983535013, 0.024399920650664552, 0.0037690934338424917], [0.018685767673621925, 0.15898473995639986, 0.5269386483961382, 0.2309249454998443, 0.056835876673933354, 0.007630021800062286], [0.008908685968819599, 0.12472160356347439, 0.48466678088058934, 0.2684598252526983, 0.08394723316772315, 0.02929587116669522], [0.08190772420943494, 0.30430274753758424, 0.42664593053395544, 0.14515292897874546, 0.03732503888024884, 0.004665629860031105], [0.06111111111111111, 0.1935185185185185, 0.4722222222222222, 0.21388888888888888, 0.044444444444444446, 0.014814814814814815], [0.0419024045261669, 0.27404526166902404, 0.4977015558698727, 0.1416195190947666, 0.03695190947666195, 0.007779349363507779], [0.0222007722007722, 0.15958815958815958, 0.46685971685971683, 0.23680823680823682, 0.07368082368082368, 0.04086229086229086], [0.019293410172889, 0.1758957654723127, 0.5036331746429467, 0.23026810323227262, 0.0556251566023553, 0.015284389877223753], [0.02532031726662599, 0.23520439292251372, 0.5353874313605858, 0.16381940207443563, 0.03492983526540574, 0.005338621110433191], [0.01989467524868344, 0.19133996489174956, 0.5210649502633119, 0.20216500877706262, 0.04798127559976594, 0.017554125219426564], [0.01408864103316701, 0.12004696213677722, 0.46521866744936896, 0.2761960669210449, 0.0956853536835926, 0.02876430877604931], [0.01400607492406345, 0.19271009112386095, 0.49308133648329394, 0.21009112386095175, 0.06446169422882214, 0.02564967937900776], [0.011671438009249064, 0.15316009689495705, 0.4878881303677604, 0.26436908170006607, 0.06672539088306541, 0.016185862144902002], [0.009961987154279723, 0.13461790536112203, 0.5594442259798139, 0.2438065277231616, 0.045484336085987676, 0.006685017695635077], [0.23295454545454544, 0.3068181818181818, 0.3409090909090909, 0.09090909090909091, 0.028409090909090908, 0.0]]}}}, "eu": {"histType": {"histogram": {"labels": ["0", "100", "200", "300", "400", "500", "600", "700", "800", "900", "1000", "1100", "1200", "1300", "1400", "1500", "1600", "1700", "1800", "1900", "2000", "2100", "2200", "2300", "2400", "2500", "2600", "2700", "2800", "2900", "3000", "3100"], "data": [[0.0, 0.0, 0.0, 0.0, 0.0, 0.012195121951219513, 0.006097560975609756, 0.024390243902439025, 0.036585365853658534, 0.07317073170731707, 0.08536585365853659, 0.07926829268292683, 0.06097560975609756, 0.09146341463414634, 0.14634146341463414, 0.0975609756097561, 0.0975609756097561, 0.07926829268292683, 0.042682926829268296, 0.012195121951219513, 0.012195121951219513, 0.024390243902439025, 0.018292682926829267, 0.0, 0.0, 0.0, 0.0, 0.0, 0.0, 0.0, 0.0, 0.0], [0.0, 0.0, 0.0006079027355623101, 0.0006079027355623101, 0.0006079027355623101, 0.00364741641337386, 0.004863221884498481, 0.00851063829787234, 0.02006079027355623, 0.03282674772036474, 0.038905775075987845, 0.06139817629179331, 0.08024316109422493, 0.09969604863221884, 0.12948328267477205, 0.12522796352583587, 0.1398176291793313, 0.07720364741641338, 0.09908814589665653, 0.02857142857142857, 0.0121580547112462, 0.02127659574468085, 0.00364741641337386, 0.00364741641337386, 0.004863221884498481, 0.00303951367781155, 0.0, 0.0, 0.0, 0.0, 0.0, 0.0], [0.0, 0.00017879492222420883, 0.0, 0.00017879492222420883, 0.00017879492222420883, 0.00035758984444841767, 0.0005363847666726265, 0.0017879492222420883, 0.004112283211156803, 0.005185052744502056, 0.012694439477918828, 0.01966744144466297, 0.028249597711424997, 0.03826211335598069, 0.06776327552297515, 0.08635794743429287, 0.14625424637940282, 0.10978008224566423, 0.21115680314679064, 0.07741820132308243, 0.05506883604505632, 0.06365099231181834, 0.02288575004469873, 0.014124798855712498, 0.01966744144466297, 0.0076881816556409795, 0.0028607187555873413, 0.003933488288932595, 0.0, 0.0, 0.0, 0.0], [0.0, 0.00014359563469270534, 0.0, 0.00014359563469270534, 0.00014359563469270534, 0.0002871912693854107, 0.0010051694428489374, 0.003302699597932223, 0.005169442848937392, 0.0107696726019529, 0.02067777139574957, 0.031016657093624354, 0.04322228604250431, 0.05987937966685813, 0.09893739230327397, 0.1316771970132108, 0.16456059735784032, 0.11774842044801838, 0.1565192418150488, 0.059448592762780014, 0.03690407811602527, 0.03475014359563469, 0.009477311889718553, 0.005313038483630098, 0.005600229753015508, 0.001292360712234348, 0.0007179781734635267, 0.001292360712234348, 0.0, 0.0, 0.0, 0.0], [0.0, 0.0, 0.0, 0.0, 0.0, 0.030303030303030304, 0.030303030303030304, 0.07575757575757576, 0.06060606060606061, 0.045454545454545456, 0.09090909090909091, 0.09090909090909091, 0.045454545454545456, 0.030303030303030304, 0.10606060606060606, 0.07575757575757576, 0.045454545454545456, 0.09090909090909091, 0.06060606060606061, 0.030303030303030304, 0.030303030303030304, 0.045454545454545456, 0.0, 0.0, 0.015151515151515152, 0.0, 0.0, 0.0, 0.0, 0.0, 0.0, 0.0], [0.0, 0.0001488316713796696, 0.0001488316713796696, 0.0002976633427593392, 0.0004464950141390088, 0.0001488316713796696, 0.0002976633427593392, 0.002232475070695044, 0.0031254650989730615, 0.0066974252120851315, 0.01503199880934663, 0.02232475070695044, 0.039440392915612445, 0.06325346033635958, 0.10299151659473135, 0.12382795058788511, 0.14927816639380861, 0.10537282333680607, 0.1463015329662152, 0.07024854889120405, 0.03661259115939872, 0.053132906682542044, 0.02158059235005209, 0.008334573597261497, 0.01503199880934663, 0.00729275189760381, 0.0038696234558714096, 0.0023813067420747134, 0.0001488316713796696, 0.0, 0.0, 0.0], [0.0, 0.0, 0.0006589785831960461, 0.0013179571663920922, 0.0029654036243822075, 0.0023064250411861617, 0.005271828665568369, 0.011532125205930808, 0.021746293245469523, 0.030642504118616146, 0.04645799011532125, 0.06161449752883031, 0.07907742998352553, 0.09752883031301483, 0.1130148270181219, 0.12520593080724876, 0.11960461285008238, 0.07479406919275124, 0.06919275123558484, 0.0385502471169687, 0.021087314662273475, 0.026688632619439868, 0.012520593080724876, 0.007578253706754531, 0.012520593080724876, 0.006260296540362438, 0.0069192751235584845, 0.004942339373970346, 0.0, 0.0, 0.0, 0.0], [0.0, 0.0, 0.0, 0.0, 0.0, 0.013422818791946308, 0.006711409395973154, 0.053691275167785234, 0.026845637583892617, 0.06711409395973154, 0.06040268456375839, 0.11409395973154363, 0.09395973154362416, 0.040268456375838924, 0.1342281879194631, 0.1476510067114094, 0.10738255033557047, 0.06040268456375839, 0.020134228187919462, 0.040268456375838924, 0.013422818791946308, 0.0, 0.0, 0.0, 0.0, 0.0, 0.0, 0.0, 0.0, 0.0, 0.0, 0.0], [0.0004130524576621231, 0.00013768415255404102, 0.0005507366102161641, 0.0005507366102161641, 0.0005507366102161641, 0.0019275781357565745, 0.0035797879664050667, 0.007985680848134379, 0.01858736059479554, 0.03125430262976731, 0.05245766212308963, 0.07021891780256093, 0.10463995594107119, 0.11193721602643536, 0.11923447611179953, 0.1204736334847859, 0.10477764009362522, 0.06237092110698059, 0.06801597136169626, 0.03676166873192895, 0.02271788517141677, 0.02423241084951122, 0.01211620542475561, 0.008811785763458625, 0.008261049153242462, 0.004681261186837395, 0.0027536830510808204, 0.0, 0.0, 0.0, 0.0, 0.0], [0.0, 0.0, 0.000514668039114771, 0.000514668039114771, 0.001544004117344313, 0.000514668039114771, 0.000514668039114771, 0.007720020586721565, 0.012866700977869275, 0.016984045290787442, 0.04477611940298507, 0.0442614513638703, 0.06793618116314977, 0.08594956253216675, 0.10499227997941328, 0.1188883170355121, 0.15131240349974268, 0.08800823468862584, 0.12300566134843026, 0.035512094698919194, 0.035512094698919194, 0.029850746268656716, 0.010293360782295419, 0.009264024704065878, 0.005661348430262481, 0.003088008234688626, 0.000514668039114771, 0.0, 0.0, 0.0, 0.0, 0.0], [0.0002621231979030144, 0.0005242463958060288, 0.0007863695937090433, 0.0010484927916120576, 0.0028833551769331584, 0.00235910878112713, 0.004980340760157274, 0.012057667103538663, 0.019921363040629095, 0.03591087811271298, 0.05714285714285714, 0.0762778505897772, 0.09541284403669725, 0.109043250327654, 0.1402359108781127, 0.12634338138925294, 0.10170380078636959, 0.059764089121887284, 0.066055045871559