{"region": {"us": {"histType": {"histogram": {"labels": ["0", "100", "200", "300", "400", "500", "600", "700", "800", "900", "1000", "1100", "1200", "1300", "1400", "1500", "1600", "1700", "1800", "1900", "2000", "2100", "2200", "2300", "2400", "2500", "2600", "2700", "2800", "2900", "3000", "3100", "3200"], "data": [[0.0, 0.0, 0.003215434083601286, 0.003215434083601286, 0.006430868167202572, 0.006430868167202572, 0.022508038585209004, 0.012861736334405145, 0.03215434083601286, 0.028938906752411574, 0.0707395498392283, 0.07395498392282958, 0.08360128617363344, 0.1189710610932476, 0.10610932475884244, 0.11254019292604502, 0.09967845659163987, 0.05466237942122187, 0.05466237942122187, 0.04823151125401929, 0.028938906752411574, 0.00964630225080386, 0.00964630225080386, 0.0, 0.012861736334405145, 0.0, 0.0, 0.0, 0.0, 0.0, 0.0, 0.0, 0.0], [0.0, 0.0008247422680412372, 0.0, 0.0004123711340206186, 0.0008247422680412372, 0.0016494845360824743, 0.004948453608247422, 0.010721649484536083, 0.0111340206185567, 0.01979381443298969, 0.03463917525773196, 0.04247422680412371, 0.06391752577319587, 0.07463917525773196, 0.10103092783505155, 0.12123711340206185, 0.1472164948453608, 0.0890721649484536, 0.15175257731958763, 0.05567010309278351, 0.024329896907216497, 0.016494845360824743, 0.009896907216494845, 0.004948453608247422, 0.004948453608247422, 0.0016494845360824743, 0.0032989690721649486, 0.002061855670103093, 0.0004123711340206186, 0.0, 0.0, 0.0, 0.0], [0.0001436162573603332, 0.0, 0.0, 0.0002872325147206664, 0.0002872325147206664, 0.0002872325147206664, 0.0002872325147206664, 0.0007180812868016659, 0.0034467901766479965, 0.004452103978170329, 0.007324429125376993, 0.010771219302024989, 0.01680310211115898, 0.026712623869021974, 0.03647852936952463, 0.05715927042941261, 0.08861123079132557, 0.10828665804969123, 0.2895303748384317, 0.08932931207812725, 0.06390923452534827, 0.09449949734309925, 0.02786155392790464, 0.014936090765474652, 0.034037052994398964, 0.010483986787304323, 0.005026569007611662, 0.004164871463449663, 0.0014361625736033319, 0.0025850926324859974, 0.0001436162573603332, 0.0, 0.0], [0.0, 0.0, 0.0, 0.0, 0.00013480722566729578, 0.00013480722566729578, 0.0009436505796710703, 0.0024265300620113237, 0.006201132380695605, 0.009840927473712591, 0.015233216500404422, 0.01779455378808304, 0.03343219196548935, 0.04286869776220006, 0.06012402264761391, 0.07832299811269884, 0.15071447829603668, 0.12146131032623349, 0.21218657320032352, 0.0888379617147479, 0.05540576974925856, 0.059989215421946615, 0.017929361013750336, 0.007818819088703155, 0.012267457535723916, 0.0025613372876786195, 0.0012132650310056618, 0.0016176867080075492, 0.00026961445133459155, 0.0, 0.00026961445133459155, 0.0, 0.0], [0.0, 0.0, 0.0, 0.0, 0.008771929824561403, 0.0, 0.008771929824561403, 0.03508771929824561, 0.03508771929824561, 0.05263157894736842, 0.043859649122807015, 0.07894736842105263, 0.07017543859649122, 0.10526315789473684, 0.07894736842105263, 0.10526315789473684, 0.06140350877192982, 0.03508771929824561, 0.08771929824561403, 0.08771929824561403, 0.02631578947368421, 0.043859649122807015, 0.017543859649122806, 0.017543859649122806, 0.0, 0.0, 0.0, 0.0, 0.0, 0.0, 0.0, 0.0, 0.0], [0.0, 0.0, 0.0, 0.0, 0.0, 0.0, 0.0, 0.0017539125742039934, 0.0018888289260658392, 0.006745817593092283, 0.010118726389638424, 0.016324878575283325, 0.03008634646519158, 0.05126821370750135, 0.07110091743119266, 0.09875876956287102, 0.16149487317862926, 0.1149487317862925, 0.1787641662169455, 0.0759579060982191, 0.04438747976254722, 0.06341068537506746, 0.021046950890447922, 0.010658391797085807, 0.021586616297895305, 0.008499730167296276, 0.0033729087965461415, 0.0033729087965461415, 0.0021586616297895305, 0.0008094981111710739, 0.0014840798704803021, 0.0, 0.0], [0.0, 0.0, 0.0002643404705260375, 0.0013217023526301878, 0.0013217023526301878, 0.0031720856463124504, 0.005815490351572826, 0.008987575997885276, 0.017446471054718478, 0.02458366375892149, 0.03885804916732752, 0.04705260375363468, 0.07005022468939995, 0.08353158868622786, 0.1091726143272535, 0.12344699973565953, 0.1252973830293418, 0.08194554586307164, 0.11049431667988369, 0.03885804916732752, 0.02802008987575998, 0.02907745175786413, 0.011102299762093577, 0.007137192704203013, 0.012688342585249802, 0.006344171292624901, 0.006872852233676976, 0.0023790642347343376, 0.0018503832936822627, 0.0007930214115781126, 0.0021147237642083, 0.0, 0.0], [0.0033333333333333335, 0.0, 0.0033333333333333335, 0.01, 0.016666666666666666, 0.013333333333333334, 0.016666666666666666, 0.05, 0.05, 0.1, 0.08666666666666667, 0.10333333333333333, 0.09, 0.10333333333333333, 0.07666666666666666, 0.06666666666666667, 0.06666666666666667, 0.03333333333333333, 0.02666666666666667, 0.03666666666666667, 0.006666666666666667, 0.013333333333333334, 0.02, 0.006666666666666667, 0.0, 0.0, 0.0, 0.0, 0.0, 0.0, 0.0, 0.0, 0.0], [0.00034336728854297816, 0.00022891152569531876, 0.0005722788142382969, 0.0004578230513906375, 0.0005722788142382969, 0.0014879249170195719, 0.0017168364427148908, 0.005150509328144672, 0.009499828316355728, 0.019915302735492732, 0.032505436648735266, 0.043607645644958226, 0.05470985464118119, 0.062378390751974364, 0.07931784365342795, 0.0800045782305139, 0.14146732287970698, 0.10507039029415131, 0.12452786997825341, 0.0659265194002518, 0.046354583953302046, 0.0476135973446263, 0.020945404601121667, 0.013276868490328489, 0.02231887375529358, 0.009499828316355728, 0.006066155430925947, 0.00183129220556255, 0.002403571019800847, 0.00022891152569531876, 0.0, 0.0, 0.0], [0.0, 0.0, 0.0, 0.0, 0.00036927621861152144, 0.00036927621861152144, 0.00036927621861152144, 0.00036927621861152144, 0.0007385524372230429, 0.005539143279172821, 0.007016248153618907, 0.005908419497784343, 0.012186115214180207, 0.021048744460856722, 0.04025110782865583, 0.06351550960118169, 0.07791728212703102, 0.08124076809453472, 0.18759231905465287, 0.08087149187592318, 0.08530280649926145, 0.12149187592319055, 0.050221565731166914, 0.025480059084194977, 0.06868537666174299, 0.022895125553914326, 0.013663220088626292, 0.014771048744460856, 0.0066469719350073855, 0.004062038404726735, 0.0014771048744460858, 0.0, 0.0], [0.0, 0.0, 0.0003245699448231094, 0.0, 0.0016228497241155468, 0.0016228497241155468, 0.0035702693930542034, 0.0038948393378773127, 0.012009087958455048, 0.018175916910094125, 0.03050957481337228, 0.0344044141512496, 0.059720869847452125, 0.0723790976955534, 0.09217786432976306, 0.11197663096397274, 0.14053878610840637, 0.09120415449529373, 0.15092502434274585, 0.054527750730282376, 0.03635183382018825, 0.040246673158065564, 0.012658227848101266, 0.008438818565400843, 0.011359948068808828, 0.004219409282700422, 0.0019474196689386564, 0.0016228497241155468, 0.0019474196689386564, 0.0016228497241155468, 0.0, 0.0, 0.0], [0.00018456995201181247, 0.0, 0.0005537098560354374, 0.0005537098560354374, 0.0007382798080472499, 0.0018456995201181247, 0.004614248800295312, 0.008121077888519748, 0.01347360649686231, 0.02177925433739387, 0.04724990771502399, 0.06404577334809892, 0.09007013658176449, 0.0976375046142488, 0.1349206349206349, 0.13178294573643412, 0.12938353636028055, 0.07456626061277224, 0.08065706902916205, 0.03765227021040975, 0.01937984496124031, 0.01845699520118125, 0.008121077888519748, 0.005352528608342562, 0.004060538944259874, 0.0014765596160944998, 0.0018456995201181247, 0.0009228497600590623, 0.0005537098560354374, 0.0, 0.0, 0.0, 0.0], [0.0, 0.0, 0.0, 0.0, 0.00017503938386136881, 0.0007001575354454753, 0.002800630141781901, 0.0029756695256432696, 0.007176614738316121, 0.009102047960791178, 0.021529844214948364, 0.03325748293366007, 0.044985121652371785, 0.06774024155434973, 0.10694906353929634, 0.11360056012602836, 0.14633292490810432, 0.10449851216523717, 0.15946087869770698, 0.060388587432172236, 0.03728338876247156, 0.03640819184316471, 0.013653071941186767, 0.008576929809207072, 0.012952914405741292, 0.005076142131979695, 0.0015753544547523193, 0.001050236303168213, 0.001750393838613688, 0.0, 0.0, 0.0, 0.0], [0.0002462447672986949, 0.0, 0.0, 0.00012312238364934746, 0.00012312238364934746, 0.00036936715094804237, 0.0016005909874415168, 0.002339325289337602, 0.005171140113272593, 0.013174095050480178, 0.022038906673233195, 0.02511696626446688, 0.034474267421817285, 0.04604777148485595, 0.06599359763605023, 0.08569317901994583, 0.13186407288845112, 0.11659689731593204, 0.1813592711154888, 0.08606254617089387, 0.05565131740950505, 0.060083723220881555, 0.02093080522038907, 0.010465402610194534, 0.01785274562915538, 0.005417384880571288, 0.004063038660428466, 0.002708692440285644, 0.0016005909874415168, 0.002462447672986949, 0.00036936715094804237, 0.0, 0.0], [0.0, 0.0, 0.0, 0.0, 0.00046871338176704945, 0.00023435669088352472, 0.00046871338176704945, 0.0007030700726505742, 0.004218420435903445, 0.004218420435903445, 0.013123974689477385, 0.018045465198031404, 0.03609093039606281, 0.05179282868525897, 0.07405671431919382, 0.10077337707991563, 0.1497539254745723, 0.11600656198734474, 0.17131474103585656, 0.0796812749003984, 0.05812045933911413, 0.05694867588469651, 0.022732599015701897, 0.010311694398875087, 0.016639325052730254, 0.007733770799156316, 0.0018748535270681978, 0.0018748535270681978, 0.0009374267635340989, 0.0018748535270681978, 0.0, 0.0, 0.0], [0.0, 0.00041186161449752884, 0.0, 0.0, 0.0012355848434925864, 0.0012355848434925864, 0.0008237232289950577, 0.004942339373970346, 0.009884678747940691, 0.01400329489291598, 0.019769357495881382, 0.03130148270181219, 0.047775947281713346, 0.05724876441515651, 0.08031301482701812, 0.10420098846787479, 0.13550247116968697, 0.10255354200988467, 0.13591433278418452, 0.06466227347611203, 0.05313014827018122, 0.04654036243822076, 0.02800658978583196, 0.014415156507413509, 0.01771004942339374, 0.009884678747940691, 0.004530477759472817, 0.006177924217462933, 0.004118616144975288, 0.002471169686985173, 0.0012355848434925864, 0.0, 0.0], [0.00022153300841825432, 0.0, 0.00044306601683650863, 0.00044306601683650863, 0.00044306601683650863, 0.0008861320336730173, 0.0015507310589277803, 0.003544528134692069, 0.007089056269384138, 0.012184315463003987, 0.022374833850243685, 0.03943287549844927, 0.06778910057598582, 0.0790872840053168, 0.10655737704918032, 0.12494461674789543, 0.13668586619406292, 0.09304386353566682, 0.12871067789100576, 0.05050952591936198, 0.03433761630482942, 0.04009747452370403, 0.01484271156402304, 0.007753655294638901, 0.013070447496677004, 0.005316792202038104, 0.003544528134692069, 0.001993797075764289, 0.0015507310589277803, 0.0015507310589277803, 0.0, 0.0, 0.0], [0.0, 0.0, 0.00016989466530750936, 0.0003397893306150187, 0.0005096839959225281, 0.0003397893306150187, 0.0011892626571525654, 0.0028882093102276588, 0.004077471967380225, 0.010023785253143052, 0.018858307849133536, 0.0236153584777438, 0.043153244988107374, 0.0564050288820931, 0.09972816853550799, 0.12266394835202174, 0.1469588854909956, 0.09938837920489296, 0.18433571185864764, 0.060992184845395855, 0.03533809038396194, 0.040774719673802244, 0.01546041454298335, 0.007985049269452938, 0.012232415902140673, 0.004247366632687734, 0.0033978933061501867, 0.0016989466530750934, 0.0005096839959225281, 0.0027183146449201497, 0.0, 0.0, 0.0], [0.0, 0.0, 0.0, 0.009009009009009009, 0.009009009009009009, 0.009009009009009009, 0.0, 0.009009009009009009, 0.009009009009009009, 0.05405405405405406, 0.02702702702702703, 0.04504504504504504, 0.04504504504504504, 0.06306306306306306, 0.05405405405405406, 0.11711711711711711, 0.12612612612612611, 0.08108108108108109, 0.07207207207207207, 0.02702702702702703, 0.08108108108108109, 0.036036036036036036, 0.036036036036036036, 0.0, 0.018018018018018018, 0.02702702702702703, 0.009009009009009009, 0.036036036036036036, 0.0, 0.0, 0.0, 0.0, 0.0], [0.0002599090318388564, 0.0001299545159194282, 0.0, 0.0001299545159194282, 0.0001299545159194282, 0.0001299545159194282, 0.0003898635477582846, 0.0014294996751137103, 0.003248862897985705, 0.00649772579597141, 0.01091617933723197, 0.015334632878492528, 0.030019493177387915, 0.04392462638076673, 0.07212475633528265, 0.10201429499675113, 0.16348278102664068, 0.14307992202729045, 0.15659519168291097, 0.08317089018843404, 0.05458089668615984, 0.05549057829759584, 0.021962313190383366, 0.0101364522417154, 0.013255360623781676, 0.005328135152696556, 0.0023391812865497076, 0.0011695906432748538, 0.0027290448343079924, 0.0, 0.0, 0.0, 0.0], [0.0, 0.0, 0.0, 0.00015936254980079682, 0.0, 0.00015936254980079682, 0.0014342629482071714, 0.0007968127490039841, 0.0019123505976095618, 0.0030278884462151393, 0.00701195219123506, 0.01099601593625498, 0.018167330677290837, 0.02549800796812749, 0.04350597609561753, 0.06709163346613546, 0.1247808764940239, 0.11904382470119522, 0.20286852589641435, 0.10071713147410359, 0.07282868525896415, 0.09641434262948208, 0.029800796812749004, 0.016573705179282867, 0.028525896414342628, 0.013545816733067729, 0.006055776892430279, 0.004302788844621514, 0.0020717131474103584, 0.0009561752988047809, 0.001752988047808765, 0.0, 0.0], [0.00033810436154626394, 0.00011270145384875464, 0.0, 0.00022540290769750929, 0.00022540290769750929, 0.0006762087230925279, 0.0009016116307900371, 0.002254029076975093, 0.003831849430857658, 0.007100191592471543, 0.013411473008001802, 0.017130620985010708, 0.022991096585145948, 0.03516285360081145, 0.04925053533190578, 0.07393215372478305, 0.10357263608700552, 0.11123633494872084, 0.2159359855742139, 0.10864420151019948, 0.0703257072016229, 0.08272286712498592, 0.02885157218528119, 0.014989293361884369, 0.021187873323565875, 0.007325594500169052, 0.0037191479770089034, 0.0013524174461850558, 0.0025921334385213568, 0.0, 0.0, 0.0, 0.0], [0.0, 0.0, 0.0, 0.001692047377326565, 0.001692047377326565, 0.0, 0.0, 0.005076142131979695, 0.008460236886632826, 0.005076142131979695, 0.01692047377326565, 0.025380710659898477, 0.043993231810490696, 0.08460236886632826, 0.09475465313028765, 0.1353637901861252, 0.16243654822335024, 0.12521150592216582, 0.16412859560067683, 0.06091370558375635, 0.02707275803722504, 0.025380710659898477, 0.00676818950930626, 0.001692047377326565, 0.00338409475465313, 0.0, 0.0, 0.0, 0.0, 0.0, 0.0, 0.0, 0.0], [0.0, 0.0, 0.0, 0.0001949127765325017, 0.0, 0.0001949127765325017, 0.00029236916479875256, 0.0008771074943962577, 0.0021440405418575188, 0.0056524705194425495, 0.008868531332228828, 0.016177760452197643, 0.02611831205535523, 0.03352499756359029, 0.05126206022804795, 0.06315173959653056, 0.09765130104278336, 0.07133807621089562, 0.20114998538154177, 0.1148036253776435, 0.07679563395380568, 0.1297144527823799, 0.038495273365169086, 0.012961699639411364, 0.027872527044147746, 0.008868531332228828, 0.005360101354643797, 0.002728778871455024, 0.001949127765325017, 0.0018516713770587662, 0.0, 0.0, 0.0], [0.00021378941742383753, 0.00010689470871191876, 0.00010689470871191876, 0.0, 0.0006413682522715125, 0.0006413682522715125, 0.00032068412613575625, 0.0010689470871191875, 0.001389631213254944, 0.006413682522715126, 0.011651523249599146, 0.023837520042757885, 0.042116515232495995, 0.05793693212185997, 0.0848743987172635, 0.1042223409941208, 0.1533939070016034, 0.15745590593265632, 0.18931052912880814, 0.06712987707108498, 0.03784072688401924, 0.03260288615713522, 0.012399786210582577, 0.003955104222340994, 0.005558524853019776, 0.0019241047568145377, 0.0020309994655264563, 0.0008551576696953501, 0.0, 0.0, 0.0, 0.0, 0.0], [0.0, 0.00012746972594008922, 0.0, 0.00012746972594008922, 0.0003824091778202677, 0.0007648183556405354, 0.0008922880815806246, 0.002294455066921606, 0.0033142128744423197, 0.005863607393244105, 0.01159974506054812, 0.020395156150414276, 0.028808158062460166, 0.039515615041427664, 0.06947100063734862, 0.10439770554493308, 0.16073932441045252, 0.12874442319949012, 0.17629063097514341, 0.0875717017208413, 0.05124282982791587, 0.05315487571701721, 0.024601657106437223, 0.010579987253027405, 0.01172721478648821, 0.0029318036966220523, 0.002294455066921606, 0.002166985340981517, 0.0, 0.0, 0.0, 0.0, 0.0], [0.0, 0.0, 0.0, 0.0, 0.0002949417490045716, 0.0, 0.0008848252470137148, 0.0008848252470137148, 0.0016221796195251437, 0.0033918301135525734, 0.009143194219141719, 0.014452145701224009, 0.026102344786904586, 0.04438873322518803, 0.0737354372511429, 0.10603155876714349, 0.15115764636484294, 0.09880548591653149, 0.2004129184486064, 0.07521014599616575, 0.04630585459371774, 0.06002064592243032, 0.0269871700339183, 0.013124907830703436, 0.02138327680283144, 0.009290665093644006, 0.005898834980091432, 0.0032443592390502874, 0.003096888364548002, 0.0020645922430320013, 0.0020645922430320013, 0.0, 0.0], [0.0, 0.00036258158085569254, 0.00036258158085569254, 0.0007251631617113851, 0.0025380710659898475, 0.0025380710659898475, 0.005438723712835388, 0.008339376359680928, 0.014503263234227702, 0.02864394488759971, 0.03807106598984772, 0.05402465554749819, 0.06018854242204496, 0.0823060188542422, 0.11385061638868746, 0.1116751269035533, 0.11892675852066716, 0.0772298767222625, 0.14938361131254532, 0.04423495286439449, 0.02102973168963017, 0.032269760696156634, 0.009427121102248005, 0.005076142131979695, 0.010514865844815084, 0.0032632342277012327, 0.0018129079042784628, 0.0010877447425670776, 0.0018129079042784628, 0.00036258158085569254, 0.0, 0.0, 0.0], [0.0, 0.0, 0.0, 0.0019292604501607716, 0.002572347266881029, 0.002572347266881029, 0.0038585209003215433, 0.010932475884244373, 0.010289389067524116, 0.014790996784565916, 0.023794212218649517, 0.0360128617363344, 0.05016077170418006, 0.05659163987138264, 0.08231511254019293, 0.10932475884244373, 0.14533762057877814, 0.10418006430868167, 0.17106109324758842, 0.06109324758842444, 0.028938906752411574, 0.033440514469453377, 0.02122186495176849, 0.005787781350482315, 0.014790996784565916, 0.0045016077170418, 0.0012861736334405145, 0.002572347266881029, 0.0006430868167202572, 0.0, 0.0, 0.0, 0.0], [0.0002952465308532625, 0.0, 0.0, 0.0, 0.000590493061706525, 0.0007381163271331562, 0.002657218777679362, 0.00487156775907883, 0.006643046944198406, 0.013876586950103336, 0.025538824918807206, 0.03941541186891054, 0.053144375553587246, 0.07322113965160909, 0.12931798051372898, 0.1418659580749926, 0.1483613817537644, 0.09108355476823148, 0.12887511071744906, 0.042663123708296426, 0.02745792736935341, 0.031443755535872454, 0.013433717153823443, 0.006938293475051668, 0.010924121641570712, 0.002657218777679362, 0.001328609388839681, 0.0010333628579864186, 0.00014762326542663124, 0.00118098612341305, 0.0002952465308532625, 0.0, 0.0], [0.0, 0.0, 0.0, 0.0004362050163576881, 0.00021810250817884405, 0.00021810250817884405, 0.0021810250817884407, 0.0006543075245365322, 0.003925845147219193, 0.009814612868047983, 0.016793893129770993, 0.02202835332606325, 0.034023991275899675, 0.048636859323882224, 0.07088331515812432, 0.1064340239912759, 0.11908396946564885, 0.0990185387131952, 0.16663031624863686, 0.0737186477644493, 0.05343511450381679, 0.0623773173391494, 0.028789531079607415, 0.01504907306434024, 0.03162486368593239, 0.012868047982551799, 0.009378407851690295, 0.004798255179934569, 0.0030534351145038168, 0.0023991275899672847, 0.0015267175572519084, 0.0, 0.0], [0.0, 0.0, 0.0, 0.0, 0.00020292207792207794, 0.0, 0.0008116883116883117, 0.0010146103896103895, 0.002435064935064935, 0.008928571428571428, 0.015016233766233766, 0.027597402597402596, 0.04403409090909091, 0.06493506493506493, 0.09537337662337662, 0.11789772727272728, 0.14732142857142858, 0.10430194805194805, 0.1653814935064935, 0.0689935064935065, 0.04180194805194805, 0.045454545454545456, 0.016436688311688312, 0.007711038961038961, 0.010551948051948052, 0.002840909090909091, 0.004058441558441558, 0.002232142857142857, 0.003246753246753247, 0.0014204545454545455, 0.0, 0.0, 0.0], [0.00013753266400770182, 0.00013753266400770182, 0.00013753266400770182, 0.0, 0.00013753266400770182, 0.0012377939760693166, 0.0012377939760693166, 0.003163251272177142, 0.004263512584238757, 0.007564296520423601, 0.019804703617109065, 0.029569522761655892, 0.04868656305872645, 0.06257736212350433, 0.0898088295970293, 0.1426213725759868, 0.17824233255398156, 0.1200660156787237, 0.12625498555907028, 0.06629074405171229, 0.037821482602118005, 0.0301196534176867, 0.013890799064777885, 0.00522624123229267, 0.00522624123229267, 0.0017879246321001237, 0.0009627286480539128, 0.0028881859441617385, 0.00013753266400770182, 0.0, 0.0, 0.0, 0.0], [0.0, 0.0, 0.0, 0.00021088148460565162, 0.00021088148460565162, 0.0008435259384226065, 0.0008435259384226065, 0.0025305778152678194, 0.004428511176718684, 0.006748207507380852, 0.01687051876845213, 0.02488401518346689, 0.04217629692113033, 0.0579924082665542, 0.09236609025727541, 0.12863770560944748, 0.15710670603121046, 0.1155630535638971, 0.14361029101644876, 0.06769295655841417, 0.04259805989034163, 0.04154365246731337, 0.018346689160691692, 0.0063264445381695485, 0.016237874314635175, 0.004850274145929988, 0.003374103753690426, 0.0014761703922395613, 0.0012652889076339097, 0.0006326444538169548, 0.0006326444538169548, 0.0, 0.0], [0.0, 0.0, 0.0, 0.0002588661661920787, 0.0, 0.0010354646647683149, 0.0020709293295366298, 0.0028475278281128655, 0.005695055656225731, 0.005695055656225731, 0.01190784364483562, 0.021227025627750452, 0.03132280610924152, 0.04607817758219001, 0.07714211752523945, 0.10768832513590473, 0.13901113124514625, 0.0996634739839503, 0.18275951333160756, 0.07688325135904737, 0.05125550090603158, 0.06161014755371473, 0.02562775045301579, 0.015273103805332642, 0.019414962464405904, 0.009319181982914834, 0.003106393994304944, 0.0012943308309603934, 0.0010354646647683149, 0.000776598498576236, 0.0, 0.0, 0.0], [0.0, 0.0, 0.0001462843768285547, 0.0, 0.0002925687536571094, 0.0004388531304856641, 0.0004388531304856641, 0.0016091281451141018, 0.0017554125219426564, 0.0052662375658279695, 0.00994733762434172, 0.023112931538911644, 0.03935049736688122, 0.06626682270333528, 0.0868929198361615, 0.11424809830310123, 0.1473083674663546, 0.10283791691047396, 0.1695435927442949, 0.06129315389116442, 0.04315389116442364, 0.04871269748390872, 0.024429490930368638, 0.010971328262141603, 0.022381509654768872, 0.006582796957284962, 0.005851375073142188, 0.003510825043885313, 0.001462843768285547, 0.0013165593914569924, 0.0008777062609713282, 0.0, 0.0], [0.0, 0.0, 0.00010090817356205853, 0.0, 0.00010090817356205853, 0.00010090817356205853, 0.0003027245206861756, 0.0010090817356205853, 0.002119071644803229, 0.005751765893037336, 0.01029263370332997, 0.020181634712411706, 0.034006054490413724, 0.04581231079717457, 0.06740665993945509, 0.07709384460141272, 0.09576185671039354, 0.06740665993945509, 0.23612512613521694, 0.10282542885973764, 0.06770938446014127, 0.08879919273461151, 0.02653884964682139, 0.009889001009081735, 0.025227043390514632, 0.0069626639757820385, 0.0031281533804238142, 0.0018163471241170535, 0.0018163471241170535, 0.0017154389505549949, 0.0, 0.0, 0.0], [0.0, 0.0, 0.0, 0.0, 0.0, 0.00012125621438098702, 0.0007275372862859222, 0.0006062810719049351, 0.0021826118588577663, 0.004971504789620468, 0.007881653934764157, 0.018067175942767067, 0.03007154116648478, 0.05250394082696738, 0.0803928701345944, 0.11155571723050807, 0.17230508063538255, 0.1280465623863223, 0.2083181763065357, 0.07141991027040136, 0.03807445131562993, 0.04656238632229902, 0.011276827937431793, 0.004122711288953559, 0.006062810719049351, 0.0012125621438098702, 0.0012125621438098702, 0.0015763307869528314, 0.0007275372862859222, 0.0, 0.0, 0.0, 0.0], [0.0, 0.00392156862745098, 0.0, 0.00392156862745098, 0.00392156862745098, 0.0196078431372549, 0.027450980392156862, 0.0196078431372549, 0.06666666666666667, 0.03529411764705882, 0.054901960784313725, 0.06666666666666667, 0.06666666666666667, 0.11372549019607843, 0.11372549019607843, 0.12549019607843137, 0.09019607843137255, 0.06666666666666667, 0.043137254901960784, 0.01568627450980392, 0.011764705882352941, 0.023529411764705882, 0.011764705882352941, 0.01568627450980392, 0.0, 0.0, 0.0, 0.0, 0.0, 0.0, 0.0, 0.0, 0.0]]}, "ranks": {"labels": ["Unranked", "Combatatent I", "Combatatent II", "Challenger I", "Challenger II", "Rival I", "Rival II", "Duelist", "Elite"], "data": [[0.1157556270096463, 0.14469453376205788, 0.20257234726688103, 0.21864951768488747, 0.15434083601286175, 0.08360128617363344, 0.04823151125401929, 0.01929260450160772, 0.012861736334405145], [0.05030927835051546, 0.07711340206185567, 0.13855670103092785, 0.2222680412371134, 0.23628865979381444, 0.18515463917525773, 0.046597938144329894, 0.03134020618556701, 0.012371134020618556], [0.00990952175786299, 0.01809564842740198, 0.043515725980180955, 0.09363779979893724, 0.1968978888410168, 0.3377854373115037, 0.10498348413040356, 0.13729714203647853, 0.057877351716214276], [0.019681854947425182, 0.03302777028848746, 0.0763008897276894, 0.13844702076031276, 0.27217578862227015, 0.25923429495820977, 0.09719600970612025, 0.08573739552440011, 0.018198975465084928], [0.14035087719298245, 0.12280701754385964, 0.17543859649122806, 0.18421052631578946, 0.09649122807017543, 0.14912280701754385, 0.05263157894736842, 0.07894736842105263, 0.0], [0.010388559093362115, 0.02644360496492175, 0.08135456017269294, 0.16985968699406367, 0.27644360496492176, 0.21910415542363734, 0.08000539665407447, 0.0951160280626012, 0.04128440366972477], [0.06291303198519693, 0.0859106529209622, 0.15358181337562782, 0.23261961406291304, 0.20724292889241344, 0.13428495902722706, 0.04308749669574412, 0.04731694422416072, 0.03304255881575469], [0.2633333333333333, 0.19, 0.19333333333333333, 0.14333333333333334, 0.1, 0.04, 0.03, 0.04, 0.0], [0.03994506123383312, 0.07611308229369348, 0.11708824539315554, 0.15932242188394186, 0.2465377131738583, 0.15989470069818015, 0.0769142726336271, 0.08183587043607646, 0.04234863225363397], [0.00775480059084195, 0.01292466765140325, 0.03323485967503693, 0.10376661742983752, 0.15915805022156573, 0.22710487444608568, 0.12666174298375185, 0.19719350073855244, 0.13220088626292467], [0.041220382992534894, 0.06491398896462187, 0.13209996754300551, 0.2041544952937358, 0.2317429406037001, 0.1794871794871795, 0.062317429406037, 0.06134371957156767, 0.022719896137617657], [0.0518641565153193, 0.11129568106312292, 0.1877076411960133, 0.266703580657069, 0.2039497969730528, 0.09874492432631968, 0.03894425987449243, 0.031930601698043556, 0.008859357696566999], [0.022930159285839313, 0.054787327148608435, 0.11272536320672151, 0.22054962366532468, 0.2508314370733415, 0.19044284964116925, 0.06669000525118152, 0.05863819359355855, 0.022405041134255208], [0.023147008126077322, 0.04715587293770007, 0.08052203890667323, 0.15168677665599606, 0.24846097020438315, 0.2277764097512928, 0.09529672494459493, 0.09147993105146515, 0.034474267421817285], [0.010311694398875087, 0.03116943988750879, 0.08788375908132177, 0.17483009139910943, 0.26576048746191705, 0.21888914928521208, 0.09022732599015702, 0.0899929692992735, 0.030935083196625263], [0.032537067545304776, 0.051070840197693576, 0.10502471169686985, 0.18451400329489293, 0.23805601317957167, 0.1700988467874794, 0.08360790774299835, 0.08896210873146623, 0.04612850082372323], [0.026805494018608773, 0.06180770934869295, 0.14687638458130262, 0.23150199379707576, 0.22972972972972974, 0.1581745680106336, 0.05538325210456358, 0.06269384138236597, 0.02702702702702703], [0.019537886510363575, 0.04247366632687734, 0.09955827387020047, 0.22239211688752974, 0.24634726469588855, 0.217804960924227, 0.06286102616377846, 0.06422018348623854, 0.024804621134896364], [0.0990990990990991, 0.07207207207207207, 0.10810810810810811, 0.17117117117117117, 0.2072072072072072, 0.08108108108108109, 0.0990990990990991, 0.07207207207207207, 0.09009009009009009], [0.012345679012345678, 0.026250812215724496, 0.07394411955815465, 0.17413905133203378, 0.30656270305393113, 0.20350877192982456, 0.09083820662768032, 0.08758934372969461, 0.024821312540610787], [0.00749003984063745, 0.01800796812749004, 0.04366533864541833, 0.11059760956175299, 0.24382470119521912, 0.2556175298804781, 0.12079681274900399, 0.14278884462151395, 0.057211155378486055], [0.015665502084976895, 0.03054209399301251, 0.0581539501859574, 0.12318268905668883, 0.21480897103572635, 0.272850219767835, 0.12205567451820129, 0.12656373267215146, 0.03617716668545024], [0.021996615905245348, 0.04230118443316413, 0.12859560067681894, 0.23011844331641285, 0.2876480541455161, 0.20135363790186125, 0.050761421319796954, 0.0338409475465313, 0.00338409475465313], [0.009355813273560082, 0.02504629178442647, 0.059643309618945525, 0.1144137998245785, 0.168989377253679, 0.26361953026020857, 0.12912971445278237, 0.18117142578696033, 0.048630737744859175], [0.010903260288615714, 0.035489043292357025, 0.10005344735435596, 0.1890967397113843, 0.31084981293425973, 0.22597541421699627, 0.06830571886691608, 0.048957776590058795, 0.010368786745056119], [0.013766730401529637, 0.0319949012109624, 0.06832377310388783, 0.1738687061822817, 0.28948374760994267, 0.22319949012109624, 0.09190567240280434, 0.08833652007648184, 0.019120458891013385], [0.0070786019761097186, 0.023595339920365728, 0.07049107801209262, 0.17976699601828638, 0.24996313228137443, 0.24155729243474414, 0.08037162660374576, 0.10013272378705206, 0.04704320896622917], [0.06345177664974619, 0.09209572153734591, 0.14249456127628715, 0.22552574329224076, 0.19615663524292967, 0.1700507614213198, 0.04459753444525018, 0.046773023930384336, 0.01885424220449601], [0.04694533762057878, 0.05980707395498392, 0.1067524115755627, 0.19163987138263666, 0.24951768488745982, 0.20514469453376205, 0.05594855305466238, 0.06045016077170418, 0.023794212218649517], [0.02967227635075288, 0.06495423678771775, 0.12636551520519634, 0.2711839385887216, 0.23944493652199586, 0.15175671685857692, 0.047239444936522, 0.05181576616474756, 0.01756716858576912], [0.017448200654307525, 0.03882224645583424, 0.0826608505997819, 0.1773173391494002, 0.21810250817884405, 0.20632497273718647, 0.08745910577971647, 0.10621592148309705, 0.06564885496183206], [0.013392857142857142, 0.04261363636363636, 0.10896915584415584, 0.2132711038961039, 0.25162337662337664, 0.2049512987012987, 0.07122564935064934, 0.06960227272727272, 0.024350649350649352], [0.01801677898500894, 0.04937422637876496, 0.11126392518223079, 0.2324302021730161, 0.29830834823270524, 0.16352633750515747, 0.0668408747077431, 0.04923669371475725, 0.011002613120616147], [0.01581611134542387, 0.04175453395191902, 0.10016870518768452, 0.2210037958667229, 0.27266975959510753, 0.18030366933783215, 0.07359763812737241, 0.06621678616617462, 0.02846900042176297], [0.01760289930106135, 0.033134869272586076, 0.07740098369143153, 0.18483044266114418, 0.23867460522909656, 0.22754336008283718, 0.08335490551384934, 0.10251100181206316, 0.034946932435930625], [0.00994733762434172, 0.033060269163253365, 0.1056173200702165, 0.20114101813926272, 0.25014628437682856, 0.20289643066120538, 0.07109420713867759, 0.08411351667641896, 0.0419836161497952], [0.009485368314833502, 0.030474268415741676, 0.07981836528758829, 0.1445005045408678, 0.16316851664984863, 0.2902119071644803, 0.11644803229061554, 0.12522704339051463, 0.040665993945509585], [0.008609191221050078, 0.025948829877531224, 0.08257548199345216, 0.19194858736510245, 0.30035164302170486, 0.24724142112283254, 0.07057111676973445, 0.06196192554868437, 0.010791803079907845], [0.1803921568627451, 0.12156862745098039, 0.1803921568627451, 0.23921568627450981, 0.1568627450980392, 0.047058823529411764, 0.023529411764705882, 0.050980392156862744, 0.0]]}, "ranksDetailed": {"labels": ["Unranked", "Combatatant", "Challenger", "Rival", "Duelist", "Elite"], "data": [[0.1157556270096463, 0.34726688102893893, 0.3729903536977492, 0.13183279742765272, 0.01929260450160772, 0.012861736334405145], [0.05030927835051546, 0.2156701030927835, 0.4585567010309278, 0.23175257731958762, 0.03134020618556701, 0.012371134020618556], [0.00990952175786299, 0.061611374407582936, 0.29053568863995405, 0.4427689214419072, 0.13729714203647853, 0.057877351716214276], [0.019681854947425182, 0.10932866001617687, 0.4106228093825829, 0.35643030466433, 0.08573739552440011, 0.018198975465084928], [0.14035087719298245, 0.2982456140350877, 0.2807017543859649, 0.20175438596491227, 0.07894736842105263, 0.0], [0.010388559093362115, 0.10779816513761468, 0.44630329195898544, 0.29910955207771184, 0.0951160280626012, 0.04128440366972477], [0.06291303198519693, 0.23949246629659002, 0.43986254295532645, 0.1773724557229712, 0.04731694422416072, 0.03304255881575469], [0.2633333333333333, 0.38333333333333336, 0.24333333333333335, 0.07, 0.04, 0.0], [0.03994506123383312, 0.19320132768684903, 0.40586013505780016, 0.23680897333180725, 0.08183587043607646, 0.04234863225363397], [0.00775480059084195, 0.04615952732644018, 0.26292466765140327, 0.3537666174298375, 0.19719350073855244, 0.13220088626292467], [0.041220382992534894, 0.1970139565076274, 0.4358974358974359, 0.24180460889321648, 0.06134371957156767, 0.022719896137617657], [0.0518641565153193, 0.29900332225913623, 0.4706533776301218, 0.1376891842008121, 0.031930601698043556, 0.008859357696566999], [0.022930159285839313, 0.16751269035532995, 0.4713810607386662, 0.25713285489235077, 0.05863819359355855, 0.022405041134255208], [0.023147008126077322, 0.1276779118443733, 0.40014774686037924, 0.3230731346958877, 0.09147993105146515, 0.034474267421817285], [0.010311694398875087, 0.11905319896883056, 0.4405905788610265, 0.3091164752753691, 0.0899929692992735, 0.030935083196625263], [0.032537067545304776, 0.15609555189456342, 0.42257001647446457, 0.25370675453047775, 0.08896210873146623, 0.04612850082372323], [0.026805494018608773, 0.20868409392999557, 0.46123172352680547, 0.21355782011519717, 0.06269384138236597, 0.02702702702702703], [0.019537886510363575, 0.14203194019707782, 0.46873938158341827, 0.28066598708800544, 0.06422018348623854, 0.024804621134896364], [0.0990990990990991, 0.18018018018018017, 0.3783783783783784, 0.18018018018018017, 0.07207207207207207, 0.09009009009009009], [0.012345679012345678, 0.10019493177387914, 0.4807017543859649, 0.29434697855750486, 0.08758934372969461, 0.024821312540610787], [0.00749003984063745, 0.061673306772908366, 0.3544223107569721, 0.3764143426294821, 0.14278884462151395, 0.057211155378486055], [0.015665502084976895, 0.08869604417896991, 0.3379916600924152, 0.3949058942860363, 0.12656373267215146, 0.03617716668545024], [0.021996615905245348, 0.17089678510998307, 0.5177664974619289, 0.2521150592216582, 0.0338409475465313, 0.00338409475465313], [0.009355813273560082, 0.08468960140337199, 0.28340317707825746, 0.39274924471299094, 0.18117142578696033, 0.048630737744859175], [0.010903260288615714, 0.13554249064671298, 0.499946552645644, 0.29428113308391235, 0.048957776590058795, 0.010368786745056119], [0.013766730401529637, 0.10031867431485023, 0.46335245379222434, 0.3151051625239006, 0.08833652007648184, 0.019120458891013385], [0.0070786019761097186, 0.09408641793245834, 0.42973012829966084, 0.3219289190384899, 0.10013272378705206, 0.04704320896622917], [0.06345177664974619, 0.23459028281363306, 0.42168237853517043, 0.21464829586656997, 0.046773023930384336, 0.01885424220449601], [0.04694533762057878, 0.1665594855305466, 0.44115755627009645, 0.26109324758842445, 0.06045016077170418, 0.023794212218649517], [0.02967227635075288, 0.1913197519929141, 0.5106288751107174, 0.1989961617950989, 0.05181576616474756, 0.01756716858576912], [0.017448200654307525, 0.12148309705561613, 0.39541984732824426, 0.29378407851690297, 0.10621592148309705, 0.06564885496183206], [0.013392857142857142, 0.1515827922077922, 0.4648944805194805, 0.27617694805194803, 0.06960227272727272, 0.024350649350649352], [0.01801677898500894, 0.16063815156099573, 0.5307385504057214, 0.23036721221290057, 0.04923669371475725, 0.011002613120616147], [0.01581611134542387, 0.14192323913960353, 0.49367355546183045, 0.25390130746520456, 0.06621678616617462, 0.02846900042176297], [0.01760289930106135, 0.1105358529640176, 0.42350504789024074, 0.31089826559668654, 0.10251100181206316, 0.034946932435930625], [0.00994733762434172, 0.13867758923346987, 0.4512873025160913, 0.273990637799883, 0.08411351667641896, 0.0419836161497952], [0.009485368314833502, 0.11029263370332996, 0.30766902119071643, 0.4066599394550959, 0.12522704339051463, 0.040665993945509585], [0.008609191221050078, 0.1085243118709834, 0.4923002303868073, 0.31781253789256697, 0.06196192554868437, 0.010791803079907845], [0.1803921568627451, 0.30196078431372547, 0.396078431372549, 0.07058823529411765, 0.050980392156862744, 0.0]]}}}, "eu": {"histType": {"histogram": {"labels": ["0", "100", "200", "300", "400", "500", "600", "700", "800", "900", "1000", "1100", "1200", "1300", "1400", "1500", "1600", "1700", "1800", "1900", "2000", "2100", "2200", "2300", "2400", "2500", "2600", "2700", "2800", "2900", "3000", "3100", "3200"], "data": [[0.0, 0.0, 0.004098360655737705, 0.0, 0.0, 0.00819672131147541, 0.01639344262295082, 0.01639344262295082, 0.040983606557377046, 0.045081967213114756, 0.06557377049180328, 0.06557377049180328, 0.06147540983606557, 0.11885245901639344, 0.14344262295081966, 0.11065573770491803, 0.0942622950819672, 0.0778688524590164, 0.040983606557377046, 0.028688524590163935, 0.012295081967213115, 0.020491803278688523, 0.004098360655737705, 0.004098360655737705, 0.01639344262295082, 0.004098360655737705, 0.0, 0.0, 0.0, 0.0, 0.0, 0.0, 0.0], [0.0, 0.0, 0.00044365572315882877, 0.0013309671694764862, 0.0008873114463176575, 0.003105590062111801, 0.0048802129547471165, 0.00709849157054126, 0.01730257320319432, 0.022182786157941437, 0.03194321206743567, 0.048802129547471165, 0.06388642413487133, 0.07630878438331855, 0.12067435669920142, 0.1126885536823425, 0.1512866015971606, 0.08606921029281278, 0.145075421472937, 0.04259094942324756, 0.02085181898846495, 0.021739130434782608, 0.005767524401064774, 0.0044365572315882874, 0.006654835847382431, 0.0013309671694764862, 0.0008873114463176575, 0.001774622892635315, 0.0, 0.0, 0.0, 0.0, 0.0], [0.0, 0.0, 0.0, 0.00014945449110745777, 0.00014945449110745777, 0.00014945449110745777, 0.00014945449110745777, 0.00134509041996712, 0.0023912718577193243, 0.0035869077865789867, 0.008369451502017636, 0.0134509041996712, 0.01823344791510985, 0.02286653713944104, 0.03781198625018682, 0.0538036167986848, 0.10551487072186519, 0.10596323419518756, 0.27544462711104467, 0.09281123897773128, 0.06725452099835601, 0.08758033178897026, 0.031086534150351217, 0.015244358092960694, 0.03168435211478105, 0.011059632341951876, 0.005679270662083395, 0.0029890898221491555, 0.0017934538932894933, 0.0017934538932894933, 0.0016439994021820357, 0.0, 0.0], [0.0, 0.0, 0.0, 0.00012884937508053087, 0.00012884937508053087, 0.00025769875016106174, 0.000901945625563716, 0.002705836876691148, 0.0032212343770132716, 0.007730962504831852, 0.014688828759180518, 0.023450586264656615, 0.02886226001803891, 0.038268264398917666, 0.061718850663574285, 0.08117510630073445, 0.14096121633810077, 0.12537044195335653, 0.21930163638706351, 0.08916376755572736, 0.057337971910836234, 0.06249194691405747, 0.01623502126014689, 0.007344414379590259, 0.011209895632006184, 0.003607782502254864, 0.0011596443757247777, 0.00038654812524159255, 0.0011596443757247777, 0.000901945625563716, 0.00012884937508053087, 0.0, 0.0], [0.0, 0.0, 0.0, 0.0, 0.0, 0.018018018018018018, 0.02702702702702703, 0.04504504504504504, 0.04504504504504504, 0.02702702702702703, 0.07207207207207207, 0.09009009009009009, 0.036036036036036036, 0.02702702702702703, 0.08108108108108109, 0.14414414414414414, 0.06306306306306306, 0.0990990990990991, 0.06306306306306306, 0.05405405405405406, 0.04504504504504504, 0.0, 0.018018018018018018, 0.009009009009009009, 0.02702702702702703, 0.009009009009009009, 0.0, 0.0, 0.0, 0.0, 0.0, 0.0, 0.0], [0.0, 0.000135464643727987, 0.000135464643727987, 0.000270929287455974, 0.000406393931183961, 0.000135464643727987, 0.000406393931183961, 0.001490111081007857, 0.002980222162015714, 0.00582497968030344, 0.01083717149823896, 0.017610403684638308, 0.026821999458141427, 0.04727716066106746, 