{"region": {"us": {"histType": {"histogram": {"labels": ["0", "100", "200", "300", "400", "500", "600", "700", "800", "900", "1000", "1100", "1200", "1300", "1400", "1500", "1600", "1700", "1800", "1900", "2000", "2100", "2200", "2300", "2400", "2500", "2600", "2700", "2800", "2900", "3000", "3100"], "data": [[0.0, 0.0, 0.0, 0.005649717514124294, 0.0, 0.01694915254237288, 0.022598870056497175, 0.01694915254237288, 0.05084745762711865, 0.05649717514124294, 0.062146892655367235, 0.10734463276836158, 0.0847457627118644, 0.12429378531073447, 0.14124293785310735, 0.07344632768361582, 0.062146892655367235, 0.04519774011299435, 0.05084745762711865, 0.062146892655367235, 0.011299435028248588, 0.005649717514124294, 0.0, 0.0, 0.0, 0.0, 0.0, 0.0, 0.0, 0.0, 0.0, 0.0], [0.0, 0.001876172607879925, 0.0, 0.0006253908692933083, 0.001876172607879925, 0.0012507817385866166, 0.005628517823639775, 0.013133208255159476, 0.013133208255159476, 0.024390243902439025, 0.046278924327704814, 0.05941213258286429, 0.08317698561601, 0.08505315822388994, 0.1344590368980613, 0.1288305190744215, 0.15447154471544716, 0.07442151344590368, 0.08505315822388994, 0.032520325203252036, 0.021888680425265792, 0.013758599124452783, 0.008130081300813009, 0.00375234521575985, 0.001876172607879925, 0.0031269543464665416, 0.001876172607879925, 0.0, 0.0, 0.0, 0.0, 0.0], [0.00018331805682859762, 0.0, 0.00018331805682859762, 0.00036663611365719525, 0.00036663611365719525, 0.00018331805682859762, 0.00036663611365719525, 0.0009165902841429881, 0.0051329055912007334, 0.007149404216315307, 0.012465627864344637, 0.017231897341888177, 0.02914757103574702, 0.04674610449129239, 0.07369385884509624, 0.09789184234647112, 0.14225481209899174, 0.10980751604032997, 0.2067827681026581, 0.06819431714023831, 0.04802933088909257, 0.06837763519706691, 0.02071494042163153, 0.01154903758020165, 0.021631530705774518, 0.004949587534372136, 0.004399633363886343, 0.0012832263978001834, 0.0, 0.0, 0.0, 0.0], [0.0, 0.00016619577862722287, 0.0, 0.00016619577862722287, 0.00016619577862722287, 0.00016619577862722287, 0.0021605451221538975, 0.0034901113511716804, 0.008974572045870035, 0.015456207412331727, 0.026258933023101214, 0.029749044374272893, 0.054179823832474654, 0.07595147083264085, 0.10736247299318598, 0.1258102044208077, 0.1635366461691873, 0.10935682233671265, 0.1430945653980389, 0.054013628053847434, 0.031743393717799565, 0.02609273724447399, 0.008475984709988366, 0.005152069137443909, 0.005650656473325578, 0.0019943493435266744, 0.0006647831145088915, 0.00016619577862722287, 0.0, 0.0, 0.0, 0.0], [0.0, 0.0, 0.0, 0.0, 0.0, 0.0, 0.0, 0.06349206349206349, 0.047619047619047616, 0.09523809523809523, 0.031746031746031744, 0.09523809523809523, 0.1111111111111111, 0.12698412698412698, 0.031746031746031744, 0.015873015873015872, 0.09523809523809523, 0.047619047619047616, 0.07936507936507936, 0.07936507936507936, 0.031746031746031744, 0.031746031746031744, 0.0, 0.015873015873015872, 0.0, 0.0, 0.0, 0.0, 0.0, 0.0, 0.0, 0.0], [0.0, 0.0, 0.0, 0.0, 0.0, 0.0, 0.0003126465530717524, 0.002344849148038143, 0.002501172424574019, 0.008441456932937314, 0.015788650930123497, 0.024855400969204314, 0.04564639674847585, 0.07456620290761294, 0.10848835391589808, 0.13506331092699703, 0.1563232765358762, 0.10145380647178365, 0.13631389713928405, 0.05471314678755667, 0.03642332343285915, 0.044552133812724715, 0.01938408629044865, 0.006252931061435048, 0.014069094888228858, 0.007034547444114429, 0.004377051743004534, 0.0010942629357511334, 0.0, 0.0, 0.0, 0.0], [0.0, 0.00039184952978056425, 0.00039184952978056425, 0.00274294670846395, 0.001959247648902821, 0.001959247648902821, 0.004702194357366771, 0.009012539184952978, 0.02115987460815047, 0.031739811912225704, 0.04898119122257053, 0.06387147335423198, 0.08385579937304075, 0.10736677115987461, 0.12970219435736677, 0.125, 0.12147335423197492, 0.07092476489028213, 0.06661442006269593, 0.028996865203761754, 0.017241379310344827, 0.02311912225705329, 0.009404388714733543, 0.007053291536050157, 0.009796238244514107, 0.005094043887147335, 0.0066614420062695925, 0.0007836990595611285, 0.0, 0.0, 0.0, 0.0], [0.0, 0.0, 0.005813953488372093, 0.011627906976744186, 0.005813953488372093, 0.01744186046511628, 0.01744186046511628, 0.046511627906976744, 0.08139534883720931, 0.12209302325581395, 0.09302325581395349, 0.12790697674418605, 0.11627906976744186, 0.11627906976744186, 0.0755813953488372, 0.03488372093023256, 0.040697674418604654, 0.029069767441860465, 0.011627906976744186, 0.046511627906976744, 0.0, 0.0, 0.0, 0.0, 0.0, 0.0, 0.0, 0.0, 0.0, 0.0, 0.0, 0.0], [0.000621793875330328, 0.000621793875330328, 0.00077724234416291, 0.000466345406497746, 0.000932690812995492, 0.002953520907819058, 0.002953520907819058, 0.007927871910461681, 0.016011192289755945, 0.03730763251981968, 0.05829317581221825, 0.08534120938908751, 0.11301103684128712, 0.12124980568941396, 0.14612156070262708, 0.11782993937509716, 0.09513446292554019, 0.055650551842064355, 0.05813772734338567, 0.025027203482045703, 0.018187470853412095, 0.015700295352090783, 0.008860562723457173, 0.004197108658479714, 0.005285247940307788, 0.001243587750660656, 0.000155448468832582, 0.0, 0.0, 0.0, 0.0, 0.0], [0.0, 0.0, 0.0008463817181548879, 0.0, 0.0016927634363097758, 0.0016927634363097758, 0.004655099449851883, 0.004231908590774439, 0.01523487092678798, 0.022005924672027083, 0.03724079559881507, 0.044858231062209056, 0.07151925518408803, 0.090562843842573, 0.11510791366906475, 0.12865002115954297, 0.15911976301311892, 0.08506136267456622, 0.1117223867964452, 0.03893355903512484, 0.01946677951756242, 0.02369868810833686, 0.008040626322471435, 0.0050782903089293275, 0.006771053745239103, 0.003808717731696995, 0.0, 0.0, 0.0, 0.0, 0.0, 0.0], [0.0, 0.0, 0.0009205983889528193, 0.0009205983889528193, 0.0011507479861910242, 0.0023014959723820483, 0.006444188722669736, 0.011507479861910242, 0.01795166858457998, 0.0333716915995397, 0.06352128883774454, 0.07341772151898734, 0.09873417721518987, 0.104487917146145, 0.1482163406214039, 0.1291139240506329, 0.10632911392405063, 0.06260069044879171, 0.06283084004602991, 0.03245109321058688, 0.01380897583429229, 0.01380897583429229, 0.006444188722669736, 0.003912543153049482, 0.0034522439585730723, 0.0020713463751438435, 0.00023014959723820482, 0.0, 0.0, 0.0, 0.0, 0.0], [0.0, 0.0, 0.0, 0.0, 0.0002149151085321298, 0.001074575542660649, 0.0027938964109176876, 0.004298302170642596, 0.009241349666881582, 0.013109821620459918, 0.03395658714807651, 0.04448742746615087, 0.0627552116913819, 0.07607994842037395, 0.12658499892542446, 0.11970771545239631, 0.15344938749194068, 0.10143993122716527, 0.12379110251450677, 0.04491725768321513, 0.026219643240919837, 0.026864388566516226, 0.01117558564367075, 0.0049430474962389856, 0.006662368364496024, 0.004083387062110466, 0.002149151085321298, 0.0, 0.0, 0.0, 0.0, 0.0], [0.00017627357659086903, 0.0, 0.0, 0.00035254715318173806, 0.00017627357659086903, 0.0010576414595452142, 0.0021152829190904283, 0.0035254715318173806, 0.008284858099770845, 0.023091838533403842, 0.040719196192490745, 0.04988542217521594, 0.07191961924907457, 0.08866560902520712, 0.12374405076679006, 0.13872730477701392, 0.14930371937246606, 0.09007579763793408, 0.09624537281861449, 0.0421293848052177, 0.02555966860567601, 0.02185792349726776, 0.007579763793407368, 0.0038780186849991186, 0.00546448087431694, 0.0024678300722721664, 0.0026441036488630354, 0.00035254715318173806, 0.0, 0.0, 0.0, 0.0], [0.0, 0.0, 0.00031133250311332503, 0.0, 0.00031133250311332503, 0.00031133250311332503, 0.00031133250311332503, 0.0006226650062266501, 0.00311332503113325, 0.00684931506849315, 0.016811955168119553, 0.022727272727272728, 0.04202988792029888, 0.060398505603985055, 0.10024906600249066, 0.13044831880448318, 0.17123287671232876, 0.11924034869240349, 0.1404109589041096, 0.0684931506849315, 0.03704856787048568, 0.03704856787048568, 0.014321295143212951, 0.012764632627646327, 0.009028642590286426, 0.002801992528019925, 0.00311332503113325, 0.0, 0.0, 0.0, 0.0, 0.0], [0.0, 0.0, 0.0006693440428380187, 0.0, 0.0006693440428380187, 0.0013386880856760374, 0.0006693440428380187, 0.004685408299866131, 0.0107095046854083, 0.020080321285140562, 0.02677376171352075, 0.05488621151271754, 0.05488621151271754, 0.07965194109772424, 0.10776439089692101, 0.11378848728246319, 0.14190093708165996, 0.08835341365461848, 0.10843373493975904, 0.051539491298527446, 0.0428380187416332, 0.030789825970548863, 0.01673360107095047, 0.007362784471218206, 0.01673360107095047, 0.008032128514056224, 0.0033467202141900937, 0.007362784471218206, 0.0, 0.0, 0.0, 0.0], [0.0002894356005788712, 0.0, 0.0005788712011577424, 0.0002894356005788712, 0.0005788712011577424, 0.0011577424023154848, 0.0026049204052098407, 0.0034732272069464545, 0.009261939218523878, 0.014761215629522432, 0.028364688856729377, 0.04544138929088278, 0.07930535455861071, 0.09667149059334298, 0.12532561505065123, 0.13632416787264834, 0.13690303907380608, 0.08480463096960926, 0.10101302460202605, 0.043704775687409554, 0.02604920405209841, 0.02865412445730825, 0.013024602026049204, 0.004630969609261939, 0.009551374819102749, 0.002894356005788712, 0.0034732272069464545, 0.0008683068017366136, 0.0, 0.0, 0.0, 0.0], [0.0, 0.0, 0.0, 0.0006993006993006993, 0.0009324009324009324, 0.0002331002331002331, 0.0016317016317016317, 0.005361305361305362, 0.007925407925407926, 0.016783216783216783, 0.032167832167832165, 0.04125874125874126, 0.06783216783216783, 0.0780885780885781, 0.12214452214452215, 0.12913752913752913, 0.1470862470862471, 0.09230769230769231, 0.13356643356643358, 0.03822843822843823, 0.023310023310023312, 0.027505827505827505, 0.012121212121212121, 0.005361305361305362, 0.00909090909090909, 0.0030303030303030303, 0.002331002331002331, 0.0018648018648018648, 0.0, 0.0, 0.0, 0.0], [0.0, 0.0, 0.0, 0.04, 0.0, 0.0, 0.0, 0.0, 0.02, 0.06, 0.04, 0.1, 0.06, 0.06, 0.08, 0.14, 0.14, 0.02, 0.08, 0.04, 0.0, 0.12, 0.0, 0.0, 0.0, 0.0, 0.0, 0.0, 0.0, 0.0, 0.0, 0.0], [0.00014843402107763098, 0.0, 0.0, 0.00014843402107763098, 0.00014843402107763098, 0.000445302063232893, 0.0005937360843105239, 0.0013359061896986788, 0.004007718569096037, 0.008163871159269705, 0.01632774231853941, 0.023304141309188064, 0.04423333828113404, 0.0656078373163129, 0.11429419622977587, 0.14828558705655337, 0.1632774231853941, 0.11280985601899955, 0.11666914056701796, 0.06352976102122607, 0.03740537331156301, 0.04156152590173668, 0.01647617633961704, 0.007718569096036812, 0.009499777348968383, 0.003859284548018406, 0.00014843402107763098, 0.0, 0.0, 0.0, 0.0, 0.0], [0.0, 0.0, 0.0, 0.00021358393848782572, 0.0, 0.00042716787697565144, 0.00149508756941478, 0.0010679196924391287, 0.00299017513882956, 0.00448526270824434, 0.012601452370781717, 0.01687313114053823, 0.02797949594190517, 0.04228961982058949, 0.07197778727039726, 0.09910294745835113, 0.13989747970952585, 0.12152926099957283, 0.17577958137548055, 0.08628791114908159, 0.05937633489961555, 0.06172575822298163, 0.024775736864587783, 0.012174284493806066, 0.021144809910294746, 0.00897052541648868, 0.004698846646732166, 0.0021358393848782574, 0.0, 0.0, 0.0, 0.0], [0.0002583311805734952, 0.0002583311805734952, 0.0, 0.0002583311805734952, 0.0002583311805734952, 0.0010333247222939809, 0.0009041591320072332, 0.0028416429863084474, 0.004649961250322914, 0.00968741927150607, 0.018858176181865152, 0.02634978041849651, 0.03125807284939292, 0.05308705760785327, 0.08098682510979076, 0.11301989150090416, 0.14892792560062, 0.12102815809868252, 0.15577370188581763, 0.07633686385946784, 0.04714544045466288, 0.05321622319814002, 0.022345647119607338, 0.011495737535520537, 0.013691552570395246, 0.005166623611469905, 0.0011624903125807284, 0.0, 0.0, 0.0, 0.0, 0.0], [0.0, 0.0, 0.0, 0.0, 0.0, 0.0023584905660377358, 0.0, 0.0047169811320754715, 0.007075471698113208, 0.01179245283018868, 0.01179245283018868, 0.0330188679245283, 0.05188679245283019, 0.10849056603773585, 0.1391509433962264, 0.16273584905660377, 0.16273584905660377, 0.1391509433962264, 0.10849056603773585, 0.03537735849056604, 0.018867924528301886, 0.0023584905660377358, 0.0, 0.0, 0.0, 0.0, 0.0, 0.0, 0.0, 0.0, 0.0, 0.0], [0.0, 0.0, 0.0, 0.00011063170704723974, 0.00011063170704723974, 0.000442526828188959, 0.00033189512114171923, 0.001216948777519637, 0.002987056090275473, 0.007191060958070583, 0.01261201460338533, 0.02234760482354243, 0.03838920234539219, 0.04934174134306892, 0.08120367297267397, 0.10576391193716118, 0.16107976546078107, 0.1191503484898772, 0.1870782166168824, 0.07522956079212302, 0.04248257550614006, 0.054652063281336434, 0.016152229228897003, 0.0057528487664564665, 0.010178117048346057, 0.003872109746653391, 0.0022126341409447947, 0.00011063170704723974, 0.0, 0.0, 0.0, 0.0], [0.00010223903486351089, 0.0, 0.00020447806972702178, 0.00020447806972702178, 0.000920151313771598, 0.000920151313771598, 0.0005111951743175544, 0.0015335855229526632, 0.001738063592679685, 0.008383600858807893, 0.013597791636846948, 0.030467232389326245, 0.05612923014006748, 0.08301809630917084, 0.12871894489316021, 0.169103363664247, 0.18607504345158982, 0.11430324097740517, 0.11184950414068091, 0.0431448727124016, 0.02177691442592782, 0.016767201717615785, 0.0048052346385850115, 0.0020447806972702176, 0.0025559758715877723, 0.0010223903486351088, 0.00010223903486351089, 0.0, 0.0, 0.0, 0.0, 0.0], [0.0, 0.00017307026652821047, 0.0, 0.00034614053305642093, 0.00017307026652821047, 0.0010384215991692627, 0.001557632398753894, 0.0024229837313949464, 0.005538248528902735, 0.010384215991692628, 0.01938386985115957, 0.033921772239529246, 0.05676704742125303, 0.07199723087573555, 0.1240913811007269, 0.14693665628245067, 0.15524402907580478, 0.10713049498096228, 0.11803392177223954, 0.058497750086535134, 0.03115264797507788, 0.028556593977154723, 0.012634129456559362, 0.007268951194184839, 0.005365178262374524, 0.0012114918656974732, 0.00017307026652821047, 0.0, 0.0, 0.0, 0.0, 0.0], [0.0, 0.0, 0.0, 0.0, 0.00036199095022624434, 0.0, 0.0007239819004524887, 0.0010859728506787331, 0.0025339366515837103, 0.004705882352941176, 0.013212669683257919, 0.020271493212669682, 0.0383710407239819, 0.06298642533936652, 0.1053393665158371, 0.1299547511312217, 0.15728506787330318, 0.09520361990950227, 0.16180995475113122, 0.06081447963800905, 0.04126696832579185, 0.04452488687782805, 0.01936651583710407, 0.013212669683257919, 0.015565610859728506, 0.005429864253393665, 0.004705882352941176, 0.0012669683257918551, 0.0, 0.0, 0.0, 0.0], [0.0, 0.001218026796589525, 0.0006090133982947625, 0.0006090133982947625, 0.0018270401948842874, 0.0036540803897685747, 0.004263093788063338, 0.007308160779537149, 0.029232643118148598, 0.04141291108404385, 0.05481120584652863, 0.08404384896467722, 0.07978075517661389, 0.10901339829476249, 0.13398294762484775, 0.11693057247259439, 0.10962241169305725, 0.0682095006090134, 0.07978075517661389, 0.023751522533495738, 0.01766138855054811, 0.021315468940316686, 0.0060901339829476245, 0.0006090133982947625, 0.004263093788063338, 0.0, 0.0, 0.0, 0.0, 0.0, 0.0, 0.0], [0.0, 0.0011560693641618498, 0.0, 0.0023121387283236996, 0.0, 0.003468208092485549, 0.003468208092485549, 0.016184971098265895, 0.023121387283236993, 0.023121387283236993, 0.03930635838150289, 0.04971098265895954, 0.06358381502890173, 0.06011560693641618, 0.11560693641618497, 0.11676300578034682, 0.13872832369942195, 0.09595375722543352, 0.11791907514450867, 0.056647398843930635, 0.023121387283236993, 0.016184971098265895, 0.011560693641618497, 0.008092485549132947, 0.006936416184971098, 0.0023121387283236996, 0.004624277456647399, 0.0, 0.0, 0.0, 0.0, 0.0], [0.00038336208548974505, 0.0, 0.0, 0.0, 0.0007667241709794901, 0.0011500862564692352, 0.003641939812152578, 0.007283879624305156, 0.011500862564692352, 0.021084914701935978, 0.041403105232892465, 0.0621046578493387, 0.08280621046578493, 0.10810810810810811, 0.1451025493578685, 0.14146060954571593, 0.12919302281004408, 0.07456392562775542, 0.08203948629480544, 0.026643664941537283, 0.021659957830170596, 0.021084914701935978, 0.007858922752539774, 0.0034502587694077054, 0.0047920260686218135, 0.0009584052137243627, 0.0009584052137243627, 0.0, 0.0, 0.0, 0.0, 0.0], [0.0, 0.0, 0.0, 0.0007178750897343862, 0.0007178750897343862, 0.0, 0.0021536252692031586, 0.0014357501794687725, 0.00466618808327351, 0.012921751615218953, 0.025484565685570712, 0.032663316582914576, 0.04486719310839914, 0.07178750897343862, 0.10516870064608758, 0.12455132806891601, 0.14895908111988515, 0.09619526202440776, 0.1195262024407753, 0.0678391959798995, 0.03625269203158651, 0.04055994256999282, 0.017587939698492462, 0.01256281407035176, 0.020459440057430008, 0.008614501076812634, 0.003589375448671931, 0.0007178750897343862, 0.0, 0.0, 0.0, 0.0], [0.0, 0.0, 0.0, 0.0, 0.00026624068157614486, 0.0, 0.0013312034078807242, 0.001597444089456869, 0.004526091586794462, 0.013844515441959531, 0.019435569755058574, 0.031150159744408944, 0.05218317358892439, 0.08040468583599573, 0.11368477103301385, 0.14110756123535675, 0.1573482428115016, 0.09637912673056442, 0.13178913738019168, 0.05750798722044728, 0.03487752928647497, 0.0308839190628328, 0.012779552715654952, 0.005324813631522897, 0.008519701810436636, 0.003993610223642172, 0.0010649627263045794, 0.0, 0.0, 0.0, 0.0, 0.0], [0.0003213883978788366, 0.0001606941989394183, 0.0001606941989394183, 0.0001606941989394183, 0.0003213883978788366, 0.0016069419893941829, 0.0017676361883336013, 0.0036959665756066207, 0.006909850554394986, 0.012855535915153463, 0.031174674594247147, 0.04403021050940061, 0.07504419090470835, 0.09946970914349992, 0.1362686807006267, 0.1468744978306283, 0.14864213401896192, 0.09593443676683272, 0.091434999196529, 0.04338743371364294, 0.02056885746424554, 0.021050940061063797, 0.00948095773742568, 0.004178049172424875, 0.0028924955809095294, 0.0016069419893941829, 0.0, 0.0, 0.0, 0.0, 0.0, 0.0], [0.0, 0.0, 0.0, 0.0006642311524410495, 0.0009963467286615742, 0.0016605778811026237, 0.001328462304882099, 0.0033211557622052474, 0.004981733643307871, 0.008302889405513119, 0.023248090335436733, 0.03719694453669877, 0.05878445699103288, 0.08269677847891066, 0.11889737628694785, 0.15808701428096977, 0.15675855197608768, 0.10162736632348057, 0.10029890401859848, 0.04782464297575556, 0.03254732646961143, 0.02391232148787778, 0.013948854201262038, 0.008302889405513119, 0.009963467286615742, 0.002656924609764198, 0.0019926934573231483, 0.0, 0.0, 0.0, 0.0, 0.0], [0.0, 0.0, 0.0, 0.0, 0.0, 0.0006151953245155337, 0.0009227929867733005, 0.0027683789603199014, 0.003998769609350969, 0.003998769609350969, 0.012919101814826207, 0.024300215318363582, 0.033835742848354354, 0.0510612119347893, 0.09566287296216548, 0.12580744386342663, 0.1482620732082436, 0.10858197477699169, 0.14856967087050138, 0.07259304829283297, 0.04214087972931406, 0.060596739464780065, 0.02030144570901261, 0.01753306674869271, 0.015379883112888341, 0.008612734543217471, 0.0015379883112888342, 0.0, 0.0, 0.0, 0.0, 0.0], [0.0, 0.0, 0.00018018018018018018, 0.0, 0.00018018018018018018, 0.0005405405405405405, 0.0007207207207207207, 0.0025225225225225223, 0.0036036036036036037, 0.007927927927927928, 0.016756756756756756, 0.03405405405405405, 0.06072072072072072, 0.0981981981981982, 0.1318918918918919, 0.12954954954954956, 0.13873873873873874, 0.09261261261261261, 0.11747747747747747, 0.05225225225225225, 0.03027027027027027, 0.03225225225225225, 0.02036036036036036, 0.005945945945945946, 0.013513513513513514, 0.005225225225225226, 0.003963963963963964, 0.0005405405405405405, 0.0, 0.0, 0.0, 0.0], [0.0, 0.0, 0.00012025012025012025, 0.0, 0.0002405002405002405, 0.0002405002405002405, 0.00036075036075036075, 0.0013227513227513227, 0.0030062530062530063, 0.008177008177008177, 0.015752765752765754, 0.02861952861952862, 0.05182780182780183, 0.0765993265993266, 0.11411736411736412, 0.13985088985088986, 0.1639009139009139, 0.10197210197210198, 0.14622414622414623, 0.05315055315055315, 0.031746031746031744, 0.03463203463203463, 0.011303511303511303, 0.005411255411255411, 0.007455507455507456, 0.0025252525252525255, 0.0012025012025012026, 0.0002405002405002405, 0.0, 0.0, 0.0, 0.0], [0.0, 0.0, 0.0, 0.0, 0.0, 0.0001374570446735395, 0.0008247422680412372, 0.0008247422680412372, 0.002474226804123711, 0.006735395189003436, 0.010584192439862543, 0.02254295532646048, 0.041786941580756014, 0.06859106529209621, 0.11491408934707904, 0.15766323024054982, 0.18323024054982817, 0.11725085910652921, 0.1534020618556701, 0.04714776632302405, 0.024467353951890033, 0.031065292096219933, 0.007835051546391752, 0.002336769759450172, 0.003161512027491409, 0.002199312714776632, 0.0008247422680412372, 0.0, 0.0, 0.0, 0.0, 0.0], [0.0, 0.006289308176100629, 0.0, 0.006289308176100629, 0.006289308176100629, 0.018867924528301886, 0.0440251572327044, 0.018867924528301886, 0.09433962264150944, 0.07547169811320754, 0.06289308176100629, 0.0440251572327044, 0.07547169811320754, 0.11320754716981132, 0.09433962264150944, 0.1069182389937107, 0.05660377358490566, 0.05660377358490566, 0.06289308176100629, 0.012578616352201259, 0.018867924528301886, 0.006289308176100629, 0.012578616352201259, 0.006289308176100629, 0.0, 0.0, 0.0, 0.0, 0.0, 0.0, 0.0, 0.0]]}, "ranks": {"labels": ["Unranked", "Combatatent I", "Combatatent II", "Challenger I", "Challenger II", "Rival I", "Rival II", "Duelist", "Elite"], "data": [[0.1694915254237288, 0.1694915254237288, 0.20903954802259886, 0.21468926553672316, 0.10734463276836158, 0.0903954802259887, 0.03389830508474576, 0.005649717514124294, 0.0], [0.06191369606003752, 0.10569105691056911, 0.16823014383989993, 0.2632895559724828, 0.22889305816135083, 0.10631644777986242, 0.03314571607254534, 0.02564102564102564, 0.0068792995622263915], [0.014848762603116407, 0.029697525206232814, 0.07589367552703942, 0.17158570119156738, 0.2520623281393217, 0.2454628780934922, 0.0775435380384968, 0.1006416131989001, 0.03226397800183318], [0.030746219046036232, 0.056007977397374106, 0.1301312946651155, 0.2331726774139937, 0.27289346850589996, 0.1736745886654479, 0.05517699850423799, 0.039720791091906266, 0.008475984709988366], [0.20634920634920634, 0.12698412698412698, 0.23809523809523808, 0.047619047619047616, 0.14285714285714285, 0.14285714285714285, 0.047619047619047616, 0.047619047619047616, 0.0], [0.013600125058621229, 0.04064405189932781, 0.1202125996560888, 0.24355166484289512, 0.25777708300765984, 0.16523370329842113, 0.06221666406127872, 0.07018915116460842, 0.02657495701109895], [0.07405956112852664, 0.11285266457680251, 0.19122257053291536, 0.2547021943573668, 0.19239811912225704, 0.08150470219435736, 0.03134796238244514, 0.03957680250783699, 0.02233542319749216], [0.3081395348837209, 0.22093023255813954, 0.23255813953488372, 0.11046511627906977, 0.06976744186046512, 0.046511627906976744, 0.011627906976744186, 0.0, 0.0], [0.07057360484999223, 0.14363438520130578, 0.23426084253070106, 0.2639515000777242, 0.15078501476760453, 0.07119539872532256, 0.030157002953520907, 0.02875796673402767, 0.006684284159801026], [0.050359712230215826, 0.08209902666102412, 0.16208209902666101, 0.2437579348286077, 0.24418112568768516, 0.13457469318662718, 0.03554803216250529, 0.03681760473973762, 0.010579771476936098], [0.07456846950517837, 0.13693901035673187, 0.20322209436133487, 0.2773302646720368, 0.16892980437284236, 0.07848101265822785, 0.030609896432681243, 0.024165707710011506, 0.005753739930955121], [0.030732860520094562, 0.07844401461422738, 0.13883516011175587, 0.24629271437782077, 0.254889318719106, 0.14571244358478402, 0.04921555985385773, 0.04298302170642596, 0.012894906511927788], [0.03878018684999119, 0.09060461836770668, 0.16058522827428168, 0.26247135554380396, 0.23937951701040014, 0.12039485281156355, 0.04353957341794465, 0.033315705975674244, 0.01092896174863388], [0.011830635118306352, 0.03953922789539228, 0.10242839352428394, 0.23069738480697385, 0.29047322540473225, 0.18057285180572852, 0.06537982565379825, 0.06413449564134496, 0.014943960149439602], [0.038821954484605084, 0.08165997322623829, 0.13453815261044177, 0.2215528781793842, 0.23025435073627845, 0.13319946452476572, 0.06961178045515395, 0.05488621151271754, 0.03547523427041499], [0.03299565846599132, 0.07380607814761216, 0.1759768451519537, 0.26164978292329955, 0.22170767004341535, 0.1256150506512301, 0.045151953690303906, 0.04630969609261939, 0.01678726483357453], [0.033566433566433566, 0.07342657342657342, 0.14592074592074591, 0.2512820512820513, 0.23939393939393938, 0.15268065268065267, 0.04242424242424243, 0.04498834498834499, 0.016317016317016316], [0.12, 0.14, 0.12, 0.22, 0.16, 0.12, 0.0, 0.12, 0.0], [0.01499183612884073, 0.039631883627727474, 0.10984117559744694, 0.26257978328632925, 0.27608727920439363, 0.15199643758349413, 0.0656078373163129, 0.06575627133739052, 0.013507495918064421], [0.010679196924391286, 0.02947458351131995, 0.07026911576249466, 0.1710807347287484, 0.26142674070909866, 0.22063220845792397, 0.10081161896625374, 0.09867577958137548, 0.03695002135839385], [0.020149832084732627, 0.045207956600361664, 0.08434513045724619, 0.1940067166106949, 0.2699560836993025, 0.1974941875484371, 0.08176181865151123, 0.0870576078532679, 0.02002066649444588], [0.025943396226415096, 0.04481132075471698, 0.16037735849056603, 0.3018867924528302, 0.3018867924528302, 0.1320754716981132, 0.030660377358490566, 0.0023584905660377358, 0.0], [0.01239075118929085, 0.034959619426927754, 0.08773094368846111, 0.18696758490983517, 0.2802301139506583, 0.2294501604159752, 0.07534019249917026, 0.0765571412766899, 0.016373492642991483], [0.014517942950618546, 0.04406502402617319, 0.13914732644923833, 0.2978223085574072, 0.300378284428995, 0.13577343829874247, 0.04099785298026787, 0.023617217053471015, 0.003680605255086392], [0.021633783316026306, 0.05330564209068882, 0.12876427829698858, 0.27102803738317754, 0.26237452405676703, 0.15455174800969193, 0.05313257182416061, 0.04845967462789893, 0.006749740394600207], [0.009411764705882352, 0.0334841628959276, 0.10135746606334842, 0.23529411764705882, 0.2524886877828054, 0.19565610859728508, 0.06823529411764706, 0.07710407239819005, 0.026968325791855204], [0.09013398294762484, 0.13885505481120586, 0.18879415347137637, 0.25091352009744217, 0.17783191230207065, 0.09013398294762484, 0.031059683313032885, 0.028014616321559074, 0.004263093788063338], [0.07283236994219654, 0.08901734104046242, 0.12369942196531791, 0.2323699421965318, 0.23468208092485549, 0.15260115606936417, 0.04508670520231214, 0.035838150289017344, 0.013872832369942197], [0.045811769216024534, 0.10350776308223117, 0.19091431857389304, 0.2865631589035844, 0.2037569484377995, 0.09679892658616063, 0.033544182480352694, 0.03239409622388346, 0.006708836496070539], [0.022613065326633167, 0.05814788226848528, 0.11665470208183776, 0.22972002871500358, 0.24515434314429288, 0.15326633165829145, 0.07035175879396985, 0.07071069633883705, 0.03338119167264896], [0.02156549520766773, 0.05058572949946752, 0.13258785942492013, 0.2547923322683706, 0.25372736954206604, 0.16613418530351437, 0.058040468583599576, 0.04898828541001065, 0.013578274760383386], [0.02796079061545878, 0.07520488510364776, 0.17451390004820827, 0.28314317853125504, 0.24457657078579464, 0.11698537682789652, 0.03840591354652097, 0.03470994697091435, 0.0044994375703037125], [0.021255396878113585, 0.060445034872135504, 0.14148123546994354, 0.2769843905679176, 0.25838591829956825, 0.1248754566589173, 0.055795416805048154, 0.04616406509465294, 0.014613085353703089], [0.012303906490310674, 0.03721931713318979, 0.08489695478314364, 0.22147031682559212, 0.2568440479852353, 0.19163334358658873, 0.07167025530605968, 0.09843125192248539, 0.02553060596739465], [0.015675675675675675, 0.05081081081081081, 0.1589189189189189, 0.26144144144144144, 0.23135135135135135, 0.14756756756756756, 0.05243243243243243, 0.05855855855855856, 0.023243243243243242], [0.013468013468013467, 0.044372294372294376, 0.12842712842712842, 0.25396825396825395, 0.26587301587301587, 0.17676767676767677, 0.054353054353054354, 0.05134680134680135, 0.011423761423761425], [0.010996563573883162, 0.03312714776632302, 0.11037800687285224, 0.2725773195876289, 0.3004810996563574, 0.1797938144329897, 0.0452233676975945, 0.041237113402061855, 0.006185567010309278], [0.27044025157232704, 0.1069182389937107, 0.18867924528301888, 0.20125786163522014, 0.11320754716981132, 0.07547169811320754, 0.018867924528301886, 0.025157232704402517, 0.0]]}, "ranksDetailed": {"labels": ["Unranked", "Combatatant", "Challenger", "Rival", "Duelist", "Elite"], "data": [[0.1694915254237288, 0.3785310734463277, 0.3220338983050847, 0.12429378531073447, 0.005649717514124294, 0.0], [0.06191369606003752, 0.27392120075046905, 0.49218261413383363, 0.13946216385240776, 0.02564102564102564, 0.0068792995622263915], [0.014848762603116407, 0.10559120073327223, 0.4236480293308891, 0.323006416131989, 0.1006416131989001, 0.03226397800183318], [0.030746219046036232, 0.18613927206248962, 0.5060661459198936, 0.2288515871696859, 0.039720791091906266, 0.008475984709988366], [0.20634920634920634, 0.36507936507936506, 0.19047619047619047, 0.19047619047619047, 0.047619047619047616, 0.0], [0.013600125058621229, 0.1608566515554166, 0.5013287478505549, 0.22745036735969987, 0.07018915116460842, 0.02657495701109895], [0.07405956112852664, 0.30407523510971785, 0.4471003134796238, 0.11285266457680251, 0.03957680250783699, 0.02233542319749216], [0.3081395348837209, 0.45348837209302323, 0.18023255813953487, 0.05813953488372093, 0.0, 0.0], [0.07057360484999223, 0.37789522773200684, 0.41473651484532875, 0.10135240167884346, 0.02875796673402767, 0.006684284159801026], [0.050359712230215826, 0.24418112568768516, 0.4879390605162928, 0.17012272534913245, 0.03681760473973762, 0.010579771476936098], [0.07456846950517837, 0.34016110471806676, 0.4462600690448792, 0.10909090909090909, 0.024165707710011506, 0.005753739930955121], [0.030732860520094562, 0.21727917472598324, 0.5011820330969267, 0.19492800343864175, 0.04298302170642596, 0.012894906511927788], [0.03878018684999119, 0.25118984664198835, 0.5018508725542041, 0.16393442622950818, 0.033315705975674244, 0.01092896174863388], [0.011830635118306352, 0.14196762141967623, 0.5211706102117061, 0.2459526774595268, 0.06413449564134496, 0.014943960149439602], [0.038821954484605084, 0.21619812583668005, 0.45180722891566266, 0.20281124497991967, 0.05488621151271754, 0.03547523427041499], [0.03299565846599132, 0.24978292329956583, 0.4833574529667149, 0.170767004341534, 0.04630969609261939, 0.01678726483357453], [0.033566433566433566, 0.21934731934731935, 0.49067599067599066, 0.1951048951048951, 0.04498834498834499, 0.016317016317016316], [0.12, 0.26, 0.38, 0.12, 0.12, 0.0], [0.01499183612884073, 0.1494730592251744, 0.5386670624907228, 0.21760427489980705, 0.06575627133739052, 0.013507495918064421], [0.010679196924391286, 0.09974369927381461, 0.43250747543784707, 0.3214438274241777, 0.09867577958137548, 0.03695002135839385], [0.020149832084732627, 0.12955308705760785, 0.4639628003099974, 0.27925600619994834, 0.0870576078532679, 0.02002066649444588], [0.025943396226415096, 0.20518867924528303, 0.6037735849056604, 0.16273584905660377, 0.0023584905660377358, 0.0], [0.01239075118929085, 0.12269056311538887, 0.4671976988604934, 0.3047903529151455, 0.0765571412766899, 0.016373492642991483], [0.014517942950618546, 0.1832123504754115, 0.5982005929864022, 0.17677129127901034, 0.023617217053471015, 0.003680605255086392], [0.021633783316026306, 0.1820699203876774, 0.5334025614399446, 0.20768431983385255, 0.04845967462789893, 0.006749740394600207], [0.009411764705882352, 0.134841628959276, 0.48778280542986424, 0.2638914027149321, 0.07710407239819005, 0.026968325791855204], [0.09013398294762484, 0.3276492082825822, 0.4287454323995128, 0.12119366626065774, 0.028014616321559074, 0.004263093788063338], [0.07283236994219654, 0.21271676300578035, 0.46705202312138727, 0.1976878612716763, 0.035838150289017344, 0.013872832369942197], [0.045811769216024534, 0.2944220816561242, 0.4903201073413839, 0.13034310906651334, 0.03239409622388346, 0.006708836496070539], [0.022613065326633167, 0.17480258435032303, 0.4748743718592965, 0.2236180904522613, 0.07071069633883705, 0.03338119167264896], [0.02156549520766773, 0.18317358892438765, 0.5085197018104366, 0.22417465388711394, 0.04898828541001065, 0.013578274760383386], [0.02796079061545878, 0.24971878515185603, 0.5277197493170497, 0.15539129037441748, 0.03470994697091435, 0.0044994375703037125], [0.021255396878113585, 0.20192627034207905, 0.5353703088674859, 0.18067087346396546, 0.04616406509465294, 0.014613085353703089], [0.012303906490310674, 0.12211627191633344, 0.47831436481082745, 0.2633035988926484, 0.09843125192248539, 0.02553060596739465], [0.015675675675675675, 0.20972972972972972, 0.4927927927927928, 0.2, 0.05855855855855856, 0.023243243243243242], [0.013468013468013467, 0.17279942279942279, 0.5198412698412699, 0.23112073112073112, 0.05134680134680135, 0.011423761423761425], [0.010996563573883162, 0.14350515463917526, 0.5730584192439863, 0.2250171821305842, 0.041237113402061855, 0.006185567010309278], [0.27044025157232704, 0.29559748427672955, 0.31446540880503143, 0.09433962264150944, 0.025157232704402517, 0.0]]}}}, "eu": {"histType": {"histogram": {"labels": ["0", "100", "200", "300", "400", "500", "600", "700", "800", "900", "1000", "1100", "1200", "1300", "1400", "1500", "1600", "1700", "1800", "1900", "2000", "2100", "2200", "2300", "2400", "2500", "2600", "2700", "2800", "2900", "3000", "3100"], "data": [[0.0, 0.0, 0.0, 0.0, 0.0, 0.013333333333333334, 0.013333333333333334, 0.02, 0.04666666666666667, 0.08, 0.1, 0.04, 0.08666666666666667, 0.09333333333333334, 0.13333333333333333, 0.09333333333333334, 0.10666666666666667, 0.07333333333333333, 0.03333333333333333, 0.0, 0.013333333333333334, 0.03333333333333333, 0.02, 0.0, 0.0, 0.0, 0.0, 0.0, 0.0, 0.0, 0.0, 0.0], [0.0, 0.0, 0.000676132521974307, 0.000676132521974307, 0.000676132521974307, 0.0033806626098715348, 0.0074374577417173765, 0.008113590263691683, 0.02231237322515213, 0.03313049357674104, 0.038539553752535496, 0.07031778228532792, 0.08384043272481406, 0.1068289384719405, 0.1352265043948614, 0.1257606490872211, 0.13793103448275862, 0.07640297498309669, 0.0784313725490196, 0.0290736984448952, 0.010818120351588911, 0.016903313049357674, 0.006085192697768763, 0.0033806626098715348, 0.001352265043948614, 0.002704530087897228, 0.0, 0.0, 0.0, 0.0, 0.0, 0.0], [0.0, 0.00019627085377821394, 0.0, 0.00019627085377821394, 0.00019627085377821394, 0.00019627085377821394, 0.0005888125613346418, 0.0017664376840039254, 0.004906771344455349, 0.00647693817468106, 0.014524043179587831, 0.02237487733071639, 0.03159960745829244, 0.042198233562315994, 0.07360157016683022, 0.09146221786064769, 0.1534838076545633, 0.1069676153091266, 0.19234543670264967, 0.07163886162904809, 0.05456329735034347, 0.06280667320902845, 0.0239450441609421, 0.013738959764474975, 0.018645731108930325, 0.006084396467124632, 0.0023552502453385673, 0.003140333660451423, 0.0, 0.0, 0.0, 0.0], [0.0, 0.00015386982612709647, 0.0, 0.00015386982612709647, 0.00015386982612709647, 0.0004616094783812894, 0.0010770887828896753, 0.003539006000923219, 0.0056931835667025695, 0.011078627481150946, 0.022464994614556085, 0.035082320356977996, 0.04969995383905216, 0.06601015540852438, 0.10924757655023849, 0.13217418064317588, 0.1695645483920603, 0.11032466533312818, 0.14571472534236035, 0.05893214340667795, 0.02969687644252962, 0.027388829050623172, 0.008462840436990306, 0.004308355131558701, 0.004923834436067087, 0.0021541775657793506, 0.0009232189567625788, 0.0006154793045083859, 0.0, 0.0, 0.0, 0.0], [0.0, 0.0, 0.0, 0.0, 0.0, 0.0, 0.03389830508474576, 0.0847457627118644, 0.06779661016949153, 0.05084745762711865, 0.1016949152542373, 0.1016949152542373, 0.06779661016949153, 0.05084745762711865, 0.1016949152542373, 0.06779661016949153, 0.05084745762711865, 0.05084745762711865, 0.03389830508474576, 0.06779661016949153, 0.03389830508474576, 0.01694915254237288, 0.0, 0.01694915254237288, 0.0, 0.0, 0.0, 0.0, 0.0, 0.0, 0.0, 0.0], [0.0, 0.00015617679212868969, 0.00015617679212868969, 0.00031235358425737937, 0.00046853037638606906, 0.00015617679212868969, 0.00031235358425737937, 0.002498828674059035, 0.0035920662189598625, 0.007027955645791035, 0.015305325628611588, 0.02373887240356083, 0.04435420896454787, 0.06871778853662346, 0.10838669373731064, 0.12384819615805091, 0.14696236139309699, 0.10479462751835077, 0.1377479306575043, 0.0663751366546931, 0.03607683898172732, 0.0545057004529127, 0.021396220521630486, 0.006559425269404966, 0.013743557707324692, 0.007184132437919725, 0.003904419803217242, 0.0017179447134155865, 0.0, 0.0, 0.0, 0.0], [0.0, 0.0, 0.00072992700729927, 0.00145985401459854, 0.0032846715328467154, 0.0021897810218978104, 0.0040145985401459855, 0.012408759124087591, 0.022992700729927006, 0.031751824817518245, 0.050364963503649635, 0.07116788321167883, 0.08467153284671533, 0.09671532846715329, 0.11496350364963503, 0.12153284671532846, 0.11934306569343066, 0.0667883211678832, 0.06715328467153285, 0.034306569343065696, 0.017153284671532848, 0.025182481751824817, 0.014233576642335766, 0.008394160583941606, 0.012773722627737226, 0.007664233576642336, 0.0051094890510948905, 0.0036496350364963502, 0.0, 0.0, 0.0, 0.0], [0.0, 0.0, 0.0, 0.0, 0.0, 0.024390243902439025, 0.008130081300813009, 0.056910569105691054, 0.032520325203252036, 0.06504065040650407, 0.08130081300813008, 0.0975609756097561, 0.07317073170731707, 0.08130081300813008, 0.12195121951219512, 0.16260162601626016, 0.10569105691056911, 0.04065040650406504, 0.024390243902439025, 0.008130081300813009, 0.016260162601626018, 0.0, 0.0, 0.0, 0.0, 0.0, 0.0, 0.0, 0.0, 0.0, 0.0, 0.0], [0.0004651884013025275, 0.00015506280043417584, 0.0006202512017367033, 0.0006202512017367033, 0.0006202512017367033, 0.002015816405644286, 0.004186695611722748, 0.009768956427353079, 0.02232904326252132, 0.0378353233059389, 0.06202512017367034, 0.08326872383315242, 0.12358505194603815, 0.11784772832997364, 0.13133819196774693, 0.11614203752519771, 0.09396805706311057, 0.05163591254458055, 0.05783842456194759, 0.02868661808032253, 0.018452473251666924, 0.018142347650798574, 0.008218328423011319, 0.004341758412156923, 0.004341758412156923, 0.0013955652039075825, 0.00015506280043417584, 0.0, 0.0, 0.0, 0.0, 0.0], [0.0, 0.0, 0.001098901098901099, 0.0005494505494505495, 0.001098901098901099, 0.001098901098901099, 0.001098901098901099, 0.007692307692307693, 0.011538461538461539, 0.017582417582417582, 0.04395604395604396, 0.04725274725274725, 0.07032967032967033, 0.09285714285714286, 0.11263736263736264, 0.12362637362637363, 0.15, 0.08186813186813187, 0.11483516483516483, 0.03296703296703297, 0.03406593406593406, 0.026923076923076925, 0.012637362637362638, 0.007142857142857143, 0.0038461538461538464, 0.0027472527472527475, 0.0005494505494505495, 0.0, 0.0, 0.0, 0.0, 0.0], [0.0002782415136338342, 0.0005564830272676684, 0.0005564830272676684, 0.0008347245409015025, 0.0019476905954368391, 0.0022259321090706734, 0.003060656649972176, 0.011964385086254869, 0.020589872008903727, 0.036171396772398445, 0.05898720089037284, 0.08096828046744574, 0.1018363939899833, 0.10907067334446299, 0.14385086254869225, 0.11630495269894268, 0.10044518642181413, 0.05759599332220367, 0.06399554813578186, 0.0325542570951586, 0.01864218141346689, 0.01669449081803005, 0.006956037840845854, 0.006399554813578186, 0.004451864218141347, 0.003060656649972176, 0.0, 0.0, 0.0, 0.0, 0.0, 0.0], [0.0, 0.0, 0.0, 0.0, 0.0009205983889528193, 0.0006904487917146145, 0.001380897583429229, 0.0048331415420023015, 0.011047180667433832, 0.018411967779056387, 0.03429228998849252, 0.04050632911392405, 0.06421173762945914, 0.08032220943613348, 0.12197928653624857, 0.12220943613348677, 0.14200230149597237, 0.08998849252013809, 0.12451093210586882, 0.051553509781357885, 0.02715765247410817, 0.031530494821634066, 0.014729574223245109, 0.0048331415420023015, 0.00897583429228999, 0.0020713463751438435, 0.0009205983889528193, 0.0006904487917146145, 0.0, 0.0, 0.00023014959723820482,