{"region": {"us": {"histType": {"histogram": {"labels": ["0", "100", "200", "300", "400", "500", "600", "700", "800", "900", "1000", "1100", "1200", "1300", "1400", "1500", "1600", "1700", "1800", "1900", "2000", "2100", "2200", "2300", "2400", "2500", "2600", "2700", "2800", "2900", "3000", "3100"], "data": [[0.0, 0.0, 0.022222222222222223, 0.011111111111111112, 0.0, 0.011111111111111112, 0.022222222222222223, 0.022222222222222223, 0.07777777777777778, 0.06666666666666667, 0.08888888888888889, 0.12222222222222222, 0.06666666666666667, 0.17777777777777778, 0.12222222222222222, 0.05555555555555555, 0.022222222222222223, 0.044444444444444446, 0.05555555555555555, 0.011111111111111112, 0.0, 0.0, 0.0, 0.0, 0.0, 0.0, 0.0, 0.0, 0.0, 0.0, 0.0, 0.0], [0.0, 0.001937984496124031, 0.0, 0.0009689922480620155, 0.0009689922480620155, 0.0, 0.0029069767441860465, 0.018410852713178296, 0.018410852713178296, 0.0377906976744186, 0.05717054263565891, 0.0687984496124031, 0.10949612403100775, 0.1124031007751938, 0.15213178294573643, 0.10465116279069768, 0.11143410852713179, 0.06492248062015504, 0.07461240310077519, 0.01937984496124031, 0.013565891472868217, 0.01937984496124031, 0.005813953488372093, 0.0029069767441860465, 0.001937984496124031, 0.0, 0.0, 0.0, 0.0, 0.0, 0.0, 0.0], [0.0, 0.0, 0.0, 0.0009267840593141798, 0.0004633920296570899, 0.0004633920296570899, 0.0018535681186283596, 0.0037071362372567192, 0.014365152919369786, 0.017608897126969416, 0.027340129749768304, 0.04911955514365153, 0.07599629286376275, 0.11353104726598702, 0.1329935125115848, 0.1283595922150139, 0.14735866543095458, 0.08202038924930491, 0.11538461538461539, 0.03243744207599629, 0.018999073215940687, 0.020852641334569044, 0.009267840593141797, 0.0013901760889712697, 0.004633920296570899, 0.0009267840593141798, 0.0, 0.0, 0.0, 0.0, 0.0, 0.0], [0.0, 0.00026116479498563595, 0.0, 0.0, 0.00026116479498563595, 0.0007834943849569079, 0.0033951423348132673, 0.00574562548968399, 0.013058239749281797, 0.026638809088534866, 0.03656307129798903, 0.03943588404283103, 0.0741708017759206, 0.0966309741446853, 0.1271872551580047, 0.12509793679811962, 0.15173674588665448, 0.09741446852964221, 0.10420475319926874, 0.04126403760773048, 0.018281535648994516, 0.023504831548707233, 0.005484460694698354, 0.003917471924784539, 0.0033951423348132673, 0.0015669887699138157, 0.0, 0.0, 0.0, 0.0, 0.0, 0.0], [0.0, 0.0, 0.0, 0.0, 0.0, 0.0, 0.0, 0.08823529411764706, 0.11764705882352941, 0.058823529411764705, 0.058823529411764705, 0.11764705882352941, 0.029411764705882353, 0.08823529411764706, 0.029411764705882353, 0.0, 0.058823529411764705, 0.029411764705882353, 0.058823529411764705, 0.08823529411764706, 0.08823529411764706, 0.058823529411764705, 0.0, 0.029411764705882353, 0.0, 0.0, 0.0, 0.0, 0.0, 0.0, 0.0, 0.0], [0.0, 0.0, 0.0, 0.0, 0.0, 0.00021853146853146853, 0.0006555944055944056, 0.003715034965034965, 0.005244755244755245, 0.01486013986013986, 0.023819930069930068, 0.036931818181818184, 0.06993006993006994, 0.09200174825174826, 0.11822552447552448, 0.12215909090909091, 0.14991258741258742, 0.09593531468531469, 0.10773601398601398, 0.05266608391608392, 0.027316433566433568, 0.04042832167832168, 0.017701048951048952, 0.006555944055944056, 0.009178321678321678, 0.003933566433566434, 0.0006555944055944056, 0.00021853146853146853, 0.0, 0.0, 0.0, 0.0], [0.0, 0.0, 0.0, 0.0012642225031605564, 0.0, 0.0018963337547408343, 0.004424778761061947, 0.011378002528445006, 0.02465233881163085, 0.0347661188369153, 0.0606826801517067, 0.08280657395701643, 0.10935524652338811, 0.13211125158027812, 0.13274336283185842, 0.09987357774968394, 0.09355246523388117, 0.0638432364096081, 0.051833122629582805, 0.02970922882427307, 0.015170670037926675, 0.015170670037926675, 0.014538558786346398, 0.007585335018963337, 0.008849557522123894, 0.0012642225031605564, 0.0025284450063211127, 0.0, 0.0, 0.0, 0.0, 0.0], [0.0, 0.0, 0.011627906976744186, 0.011627906976744186, 0.011627906976744186, 0.0, 0.023255813953488372, 0.12790697674418605, 0.12790697674418605, 0.1511627906976744, 0.11627906976744186, 0.10465116279069768, 0.11627906976744186, 0.06976744186046512, 0.046511627906976744, 0.023255813953488372, 0.011627906976744186, 0.03488372093023256, 0.011627906976744186, 0.0, 0.0, 0.0, 0.0, 0.0, 0.0, 0.0, 0.0, 0.0, 0.0, 0.0, 0.0, 0.0], [0.0006726457399103139, 0.0002242152466367713, 0.0011210762331838565, 0.0008968609865470852, 0.002242152466367713, 0.0033632286995515697, 0.006502242152466368, 0.01390134529147982, 0.02623318385650224, 0.05672645739910314, 0.07488789237668161, 0.09663677130044843, 0.11726457399103139, 0.12690582959641256, 0.12488789237668162, 0.08475336322869956, 0.08183856502242152, 0.046860986547085204, 0.05134529147982063, 0.027354260089686097, 0.019506726457399103, 0.019730941704035873, 0.009417040358744395, 0.004035874439461884, 0.0017937219730941704, 0.0006726457399103139, 0.0002242152466367713, 0.0, 0.0, 0.0, 0.0, 0.0], [0.0, 0.0, 0.0, 0.0, 0.0010793308148947653, 0.0016189962223421479, 0.005396654074473826, 0.0059363194819212085, 0.01457096600107933, 0.023205612520237454, 0.03615758229897464, 0.05450620615218565, 0.07717215326497572, 0.11279007015650297, 0.12304371289800324, 0.13437668645439826, 0.16189962223421478, 0.07177549919050188, 0.09066378845116028, 0.03453858607663249, 0.014031300593631947, 0.019967620075553156, 0.009174311926605505, 0.004856988667026443, 0.0021586616297895305, 0.0010793308148947653, 0.0, 0.0, 0.0, 0.0, 0.0, 0.0], [0.00033647375504710633, 0.0, 0.00033647375504710633, 0.0006729475100942127, 0.002018842530282638, 0.003028263795423957, 0.007738896366083445, 0.010430686406460296, 0.01917900403768506, 0.03835800807537012, 0.08445491251682369, 0.08681022880215343, 0.11541049798115748, 0.1174293405114401, 0.13189771197846567, 0.10969044414535666, 0.08916554508748317, 0.05652759084791386, 0.05518169582772544, 0.025908479138627188, 0.016150740242261104, 0.013458950201884253, 0.008411843876177659, 0.0037012113055181696, 0.003028263795423957, 0.0006729475100942127, 0.0, 0.0, 0.0, 0.0, 0.0, 0.0], [0.0, 0.0, 0.0, 0.0, 0.0006095702529716549, 0.0009143553794574825, 0.0033526363913441025, 0.005790917403230723, 0.013105760438890583, 0.021334958854007924, 0.035659859798841814, 0.05608046327339226, 0.07619628162145688, 0.0975312404754648, 0.13410545565376408, 0.12709539774459006, 0.15147820786345625, 0.0832063395306309, 0.09570252971654983, 0.04114599207558671, 0.01584882657726303, 0.022554099359951233, 0.009143553794574825, 0.0051813471502590676, 0.00365742151782993, 0.00030478512648582747, 0.0, 0.0, 0.0, 0.0, 0.0, 0.0], [0.0, 0.0, 0.0, 0.0006069802731411229, 0.0006069802731411229, 0.0015174506828528073, 0.002731411229135053, 0.006373292867981791, 0.013657056145675266, 0.03945371775417299, 0.06312594840667678, 0.06889226100151745, 0.09833080424886191, 0.12959028831562974, 0.1377845220030349, 0.1204855842185129, 0.11896813353566009, 0.05918057663125948, 0.07101669195751138, 0.026100151745068287, 0.015174506828528073, 0.013050075872534143, 0.006069802731411229, 0.0015174506828528073, 0.0039453717754172985, 0.0018209408194233688, 0.0, 0.0, 0.0, 0.0, 0.0, 0.0], [0.0, 0.0, 0.0, 0.0, 0.0, 0.0, 0.00047664442326024784, 0.0014299332697807435, 0.003336510962821735, 0.005719733079122974, 0.0219256434699714, 0.03098188751191611, 0.053860819828408006, 0.08388941849380362, 0.11296472831267874, 0.12583412774070543, 0.17349857006673022, 0.10676835081029552, 0.1224976167778837, 0.061010486177311724, 0.03336510962821735, 0.034318398474737846, 0.012392755004766444, 0.00667302192564347, 0.006196377502383222, 0.002859866539561487, 0.0, 0.0, 0.0, 0.0, 0.0, 0.0], [0.0, 0.0, 0.0, 0.0, 0.001841620626151013, 0.003683241252302026, 0.0, 0.009208103130755065, 0.016574585635359115, 0.03867403314917127, 0.0570902394106814, 0.09392265193370165, 0.11049723756906077, 0.13075506445672191, 0.09392265193370165, 0.10681399631675875, 0.10128913443830571, 0.06813996316758748, 0.06077348066298342, 0.03130755064456722, 0.034990791896869246, 0.007366482504604052, 0.01289134438305709, 0.007366482504604052, 0.009208103130755065, 0.003683241252302026, 0.0, 0.0, 0.0, 0.0, 0.0, 0.0], [0.0003937007874015748, 0.0, 0.0003937007874015748, 0.0, 0.0007874015748031496, 0.0003937007874015748, 0.002362204724409449, 0.006299212598425197, 0.012204724409448819, 0.018503937007874015, 0.03425196850393701, 0.047637795275590554, 0.08779527559055118, 0.10748031496062992, 0.14645669291338584, 0.13228346456692913, 0.1283464566929134, 0.08740157480314961, 0.08858267716535433, 0.03818897637795276, 0.020078740157480315, 0.02204724409448819, 0.00905511811023622, 0.0027559055118110236, 0.003543307086614173, 0.002362204724409449, 0.0003937007874015748, 0.0, 0.0, 0.0, 0.0, 0.0], [0.0, 0.0, 0.0, 0.0, 0.0019880715705765406, 0.0014910536779324055, 0.0034791252485089465, 0.006958250497017893, 0.01739562624254473, 0.029324055666003976, 0.06262425447316103, 0.07554671968190854, 0.09940357852882704, 0.1327037773359841, 0.13916500994035785, 0.11182902584493042, 0.12027833001988071, 0.0621272365805169, 0.08001988071570576, 0.021371769383697812, 0.009940357852882704, 0.01441351888667992, 0.004970178926441352, 0.0019880715705765406, 0.0014910536779324055, 0.0009940357852882703, 0.0004970178926441351, 0.0, 0.0, 0.0, 0.0, 0.0], [0.0, 0.0, 0.0, 0.0, 0.0, 0.0, 0.0, 0.0, 0.043478260869565216, 0.17391304347826086, 0.08695652173913043, 0.13043478260869565, 0.08695652173913043, 0.08695652173913043, 0.08695652173913043, 0.043478260869565216, 0.08695652173913043, 0.043478260869565216, 0.043478260869565216, 0.0, 0.0, 0.08695652173913043, 0.0, 0.0, 0.0, 0.0, 0.0, 0.0, 0.0, 0.0, 0.0, 0.0], [0.00020128824476650564, 0.00020128824476650564, 0.00040257648953301127, 0.00020128824476650564, 0.00020128824476650564, 0.0, 0.0006038647342995169, 0.0018115942028985507, 0.006642512077294686, 0.0106682769726248, 0.023349436392914653, 0.03643317230273752, 0.06280193236714976, 0.08756038647342995, 0.11171497584541062, 0.12681159420289856, 0.14673913043478262, 0.10205314009661835, 0.10607890499194847, 0.06380837359098229, 0.03542673107890499, 0.046296296296296294, 0.017310789049919485, 0.007045088566827697, 0.005032206119162641, 0.0006038647342995169, 0.0, 0.0, 0.0, 0.0, 0.0, 0.0], [0.0, 0.0, 0.0, 0.0005497526113249038, 0.0, 0.0, 0.0043980208905992305, 0.0016492578339747114, 0.004947773501924134, 0.007146783947223749, 0.02583837273227048, 0.035184167124793844, 0.06706981858163827, 0.08136338647608576, 0.12644310060472788, 0.12699285321605278, 0.1561297416162727, 0.09620670698185817, 0.12204507971412865, 0.04123144584936778, 0.024189114898295765, 0.038482682792743264, 0.010445299615173173, 0.012644310060472787, 0.012644310060472787, 0.0038482682792743265, 0.0005497526113249038, 0.0, 0.0, 0.0, 0.0, 0.0], [0.0007112375533428165, 0.00035561877667140827, 0.00035561877667140827, 0.0007112375533428165, 0.0024893314366998577, 0.0039118065433854906, 0.0024893314366998577, 0.011379800853485065, 0.01813655761024182, 0.032716927453769556, 0.06685633001422475, 0.0864153627311522, 0.0992176386913229, 0.1415362731152205, 0.13940256045519203, 0.12019914651493599, 0.10633001422475107, 0.052275960170697015, 0.060099573257467995, 0.019559032716927455, 0.016002844950213372, 0.011735419630156473, 0.004978662873399715, 0.001422475106685633, 0.0007112375533428165, 0.0, 0.0, 0.0, 0.0, 0.0, 0.0, 0.0], [0.0, 0.0, 0.0, 0.0, 0.0, 0.0033112582781456954, 0.0, 0.006622516556291391, 0.013245033112582781, 0.009933774834437087, 0.009933774834437087, 0.039735099337748346, 0.076158940397351, 0.16887417218543047, 0.15894039735099338, 0.1357615894039735, 0.17880794701986755, 0.10264900662251655, 0.056291390728476824, 0.033112582781456956, 0.006622516556291391, 0.0, 0.0, 0.0, 0.0, 0.0, 0.0, 0.0, 0.0, 0.0, 0.0, 0.0], [0.0, 0.0, 0.0001488981536628946, 0.0002977963073257892, 0.0001488981536628946, 0.0002977963073257892, 0.0005955926146515784, 0.0016378796902918405, 0.003871351995235259, 0.012507444907683145, 0.019654556283502083, 0.03513996426444312, 0.061941631923764146, 0.07757593805836807, 0.1292435973793925, 0.12477665276950566, 0.16572364502680167, 0.09097677188802859, 0.13802858844550328, 0.052263251935676, 0.02501488981536629, 0.034693269803454434, 0.012060750446694461, 0.004913639070875521, 0.006551518761167362, 0.001786777843954735, 0.0001488981536628946, 0.0, 0.0, 0.0, 0.0, 0.0], [0.0, 0.00011813349084465446, 0.00023626698168930892, 0.0, 0.0007088009450679268, 0.0009450679267572357, 0.00047253396337861784, 0.0017720023626698169, 0.0024808033077377434, 0.010750147666863556, 0.01724748966331955, 0.03898405197873597, 0.07217956290608388, 0.11317188422917897, 0.14873006497341995, 0.1616066154754873, 0.1642055522740697, 0.09084465445953928, 0.0954518606024808, 0.04051978735971648, 0.02043709391612522, 0.012758417011222682, 0.004134672179562906, 0.0015357353809805079, 0.0007088009450679268, 0.0, 0.0, 0.0, 0.0, 0.0, 0.0, 0.0], [0.0, 0.0, 0.0, 0.0003779289493575208, 0.0, 0.0011337868480725624, 0.001889644746787604, 0.003779289493575208, 0.01020408163265306, 0.018518518518518517, 0.036281179138321996, 0.05668934240362812, 0.09183673469387756, 0.10695389266817838, 0.11791383219954649, 0.12018140589569161, 0.13151927437641722, 0.09410430839002268, 0.09032501889644746, 0.0472411186696901, 0.02834467120181406, 0.021541950113378686, 0.013227513227513227, 0.0049130763416477706, 0.0030234315948601664, 0.0, 0.0, 0.0, 0.0, 0.0, 0.0, 0.0], [0.0, 0.00026917900403768504, 0.0, 0.0, 0.0005383580080753701, 0.0, 0.0010767160161507402, 0.0008075370121130552, 0.003768506056527591, 0.006460296096904442, 0.019380888290713324, 0.02718707940780619, 0.04495289367429341, 0.08075370121130551, 0.10928667563930014, 0.12570659488559893, 0.15720053835800807, 0.08855989232839838, 0.14454912516823687, 0.05625841184387618, 0.03930013458950202, 0.04253028263795424, 0.022072678331090174, 0.012382234185733513, 0.010497981157469718, 0.0051144010767160165, 0.0013458950201884253, 0.0, 0.0, 0.0, 0.0, 0.0], [0.0, 0.0009407337723424271, 0.0009407337723424271, 0.0018814675446848542, 0.0028222013170272815, 0.0028222013170272815, 0.004703668861712135, 0.01317027281279398, 0.03574788334901223, 0.05174035747883349, 0.06961429915333961, 0.10159924741298212, 0.09971777986829727, 0.12323612417685795, 0.12605832549388524, 0.10348071495766697, 0.08936970837253057, 0.05079962370649106, 0.06396989651928504, 0.023518344308560677, 0.010348071495766699, 0.01975540921919097, 0.0018814675446848542, 0.0, 0.0018814675446848542, 0.0, 0.0, 0.0, 0.0, 0.0, 0.0, 0.0], [0.0, 0.0, 0.0, 0.0, 0.0, 0.0, 0.010752688172043012, 0.02867383512544803, 0.06451612903225806, 0.06810035842293907, 0.1039426523297491, 0.0931899641577061, 0.07885304659498207, 0.1111111111111111, 0.1111111111111111, 0.11469534050179211, 0.08602150537634409, 0.04659498207885305, 0.053763440860215055, 0.017921146953405017, 0.0, 0.0035842293906810036, 0.0035842293906810036, 0.0, 0.0035842293906810036, 0.0, 0.0, 0.0, 0.0, 0.0, 0.0, 0.0], [0.0008455467869222097, 0.0, 0.0, 0.0, 0.0016910935738444193, 0.001972942502818489, 0.004509582863585118, 0.009582863585118376, 0.018038331454340473, 0.02959413754227734, 0.04735062006764374, 0.07412626832018038, 0.09836527621195039, 0.12795941375422773, 0.14317925591882752, 0.12147688838782413, 0.11386696730552424, 0.06116121758737317, 0.06877113866967305, 0.02733934611048478, 0.015219842164599774, 0.021138669673055242, 0.007046223224351747, 0.002818489289740699, 0.002536640360766629, 0.0008455467869222097, 0.0005636978579481398, 0.0, 0.0, 0.0, 0.0, 0.0], [0.0, 0.0, 0.0, 0.0, 0.0, 0.0005425935973955507, 0.0027129679869777536, 0.002170374389582203, 0.0037981551817688553, 0.020075963103635377, 0.027129679869777535, 0.041779706999457406, 0.05968529571351058, 0.08193163320672817, 0.11720021703743896, 0.12262615301139447, 0.14921323928377644, 0.08464460119370591, 0.1079761258817146, 0.05208898534997287, 0.02930005425935974, 0.040151926207270754, 0.021161150298426478, 0.009766684753119913, 0.02170374389582203, 0.004340748779164406, 0.0, 0.0, 0.0, 0.0, 0.0, 0.0], [0.0, 0.0, 0.0, 0.0, 0.000395882818685669, 0.0, 0.0011876484560570072, 0.001979414093428345, 0.005146476642913698, 0.012668250197941409, 0.022169437846397466, 0.03760886777513856, 0.06334125098970704, 0.1163895486935867, 0.13895486935866982, 0.13618368962787014, 0.14093428345209819, 0.08036421219319081, 0.10847189231987332, 0.05146476642913698, 0.02889944576405384, 0.02889944576405384, 0.01227236737925574, 0.004750593824228029, 0.0055423594615993665, 0.0023752969121140144, 0.0, 0.0, 0.0, 0.0, 0.0, 0.0], [0.00022341376228775692, 0.0, 0.00022341376228775692, 0.00044682752457551384, 0.00044682752457551384, 0.003127792672028597, 0.0024575513851653264, 0.004915102770330653, 0.009159964253798034, 0.020777479892761394, 0.04602323503127793, 0.058310991957104555, 0.09428060768543342, 0.1224307417336908, 0.128686327077748, 0.12846291331546023, 0.1311438784629133, 0.08310991957104558, 0.07484361036639857, 0.036193029490616625, 0.022341376228775692, 0.017649687220732797, 0.010277033065236819, 0.003351206434316354, 0.0011170688114387846, 0.0, 0.0, 0.0, 0.0, 0.0, 0.0, 0.0], [0.0, 0.0, 0.0, 0.0, 0.0006514657980456026, 0.0, 0.0, 0.001954397394136808, 0.006514657980456026, 0.013680781758957655, 0.03322475570032573, 0.04560260586319218, 0.09185667752442997, 0.10358306188925082, 0.13355048859934854, 0.14201954397394137, 0.13615635179153093, 0.09446254071661238, 0.06840390879478828, 0.04299674267100977, 0.03713355048859935, 0.026710097719869708, 0.009771986970684038, 0.003257328990228013, 0.0071661237785016286, 0.0013029315960912053, 0.0, 0.0, 0.0, 0.0, 0.0, 0.0], [0.0, 0.0, 0.0, 0.0, 0.0, 0.0008378718056137411, 0.00041893590280687055, 0.0016757436112274822, 0.0041893590280687055, 0.005865102639296188, 0.010892333472978634, 0.024717218265605363, 0.03812316715542522, 0.056137410976120655, 0.093841642228739, 0.11562630917469627, 0.15165479681608715, 0.09467951403435275, 0.14118139924591538, 0.08336824465856724, 0.04482614160033515, 0.06744868035190615, 0.03016338500209468, 0.013824884792626729, 0.015500628403854211, 0.0041893590280687055, 0.0008378718056137411, 0.0, 0.0, 0.0, 0.0, 0.0], [0.0, 0.0, 0.0, 0.0, 0.0002310536044362292, 0.0, 0.0006931608133086876, 0.0030036968576709795, 0.003927911275415897, 0.010628465804066543, 0.020101663585951942, 0.045055452865064696, 0.0783271719038817, 0.11760628465804067, 0.13562846580406654, 0.12361367837338262, 0.13031423290203328, 0.08525878003696857, 0.10813308687615526, 0.04852125693160813, 0.027957486136783734, 0.032809611829944546, 0.015942698706099816, 0.0046210720887245845, 0.006700554528650647, 0.0009242144177449168, 0.0, 0.0, 0.0, 0.0, 0.0, 0.0], [0.0, 0.0, 0.0001699524133242692, 0.0, 0.0, 0.0001699524133242692, 0.0006798096532970768, 0.0020394289598912306, 0.004418762746430999, 0.01274643099932019, 0.02583276682528892, 0.04843643779741672, 0.08701563562202583, 0.12236573759347383, 0.15754588715159756, 0.14004078857919783, 0.14038069340584636, 0.06985044187627465, 0.0960231135282121, 0.03263086335825969, 0.020904146838885113, 0.022093813732154997, 0.007647858599592114, 0.0037389530931339226, 0.003229095853161115, 0.0020394289598912306, 0.0, 0.0, 0.0, 0.0, 0.0, 0.0], [0.0, 0.0, 0.0, 0.0, 0.0, 0.0001958863858961802, 0.0009794319294809011, 0.0011753183153770813, 0.004701273261508325, 0.010186092066601371, 0.016846229187071498, 0.038981390793339864, 0.06699314397649363, 0.1089128305582762, 0.13829578844270324, 0.15592556317335945, 0.16709108716944174, 0.0881488736532811, 0.11204701273261508, 0.03408423114593536, 0.021939275220372183, 0.022526934378060724, 0.005288932419196866, 0.0013712047012732615, 0.0033300685602350635, 0.0009794319294809011, 0.0, 0.0, 0.0, 0.0, 0.0, 0.0], [0.0, 0.0136986301369863, 0.0, 0.0, 0.0136986301369863, 0.0410958904109589, 0.0410958904109589, 0.0684931506849315, 0.136986301369863, 0.0958904109589041, 0.0958904109589041, 0.0273972602739726, 0.0821917808219178, 0.0273972602739726, 0.0958904109589041, 0.0684931506849315, 0.0136986301369863, 0.1095890410958904, 0.0547945205479452, 0.0, 0.0136986301369863, 0.0, 0.0, 0.0, 0.0, 0.0, 0.0, 0.0, 0.0, 0.0, 0.0, 0.0]]}, "ranks": {"labels": ["Unranked", "Combatatent I", "Combatatent II", "Challenger I", "Challenger II", "Rival I", "Rival II", "Duelist", "Elite"], "data": [[0.23333333333333334, 0.2111111111111111, 0.24444444444444444, 0.17777777777777778, 0.06666666666666667, 0.06666666666666667, 0.0, 0.0, 0.0], [0.08139534883720931, 0.12596899224806202, 0.22189922480620156, 0.2567829457364341, 0.17635658914728683, 0.0872093023255814, 0.020348837209302327, 0.02810077519379845, 0.001937984496124031], [0.03938832252085264, 0.07645968489341984, 0.18952734012974976, 0.26135310472659873, 0.2293790546802595, 0.13623725671918444, 0.030583873957367932, 0.03151065801668211, 0.005560704355885079], [0.0501436406372421, 0.07599895534082006, 0.1708017759206059, 0.2522851919561243, 0.24915121441629667, 0.12849307913293287, 0.035257247323060854, 0.03290676416819013, 0.004962131104727083], [0.2647058823529412, 0.17647058823529413, 0.11764705882352941, 0.029411764705882353, 0.08823529411764706, 0.11764705882352941, 0.11764705882352941, 0.08823529411764706, 0.0], [0.024694055944055944, 0.06075174825174825, 0.16193181818181818, 0.2403846153846154, 0.2458479020979021, 0.1381118881118881, 0.04960664335664336, 0.06468531468531469, 0.013986013986013986], [0.07838179519595449, 0.14348925410872312, 0.24146649810366624, 0.23261694058154236, 0.15739570164348926, 0.06763590391908976, 0.029077117572692796, 0.03729456384323641, 0.012642225031605562], [0.46511627906976744, 0.22093023255813954, 0.18604651162790697, 0.06976744186046512, 0.046511627906976744, 0.011627906976744186, 0.0, 0.0, 0.0], [0.11188340807174887, 0.17152466367713004, 0.24417040358744393, 0.20964125560538116, 0.12869955156950671, 0.06502242152466367, 0.033183856502242155, 0.033183856502242155, 0.0026905829596412557], [0.05180787911494873, 0.09066378845116028, 0.18996222342147867, 0.2574203993524015, 0.23367512142471666, 0.11009174311926606, 0.02914193200215866, 0.033998920669185105, 0.0032379924446842958], [0.08209959623149395, 0.17126514131897713, 0.23283983849259757, 0.24158815612382234, 0.14569313593539704, 0.07032301480484522, 0.026917900403768506, 0.02557200538358008, 0.0037012113055181696], [0.045108198719902466, 0.09174032307223408, 0.17372752209692166, 0.26120085339835414, 0.23468454739408717, 0.1197805547089302, 0.032916793660469366, 0.03687900030478513, 0.003962206644315757], [0.06494688922610015, 0.13201820940819423, 0.22792109256449167, 0.2582701062215478, 0.17814871016691958, 0.08467374810318665, 0.027617602427921092, 0.02063732928679818, 0.005766312594840668], [0.0109628217349857, 0.05290753098188751, 0.13775023832221164, 0.23879885605338416, 0.28026692087702576, 0.16110581506196378, 0.055767397521449, 0.05338417540514776, 0.00905624404194471], [0.06998158379373849, 0.15101289134438306, 0.24125230202578268, 0.2007366482504604, 0.1694290976058932, 0.07734806629834254, 0.049723756906077346, 0.027624309392265192, 0.01289134438305709], [0.04133858267716536, 0.08188976377952756, 0.1952755905511811, 0.27874015748031494, 0.215748031496063, 0.11141732283464567, 0.03543307086614173, 0.03385826771653543, 0.006299212598425197], [0.06063618290258449, 0.13817097415506957, 0.23210735586481113, 0.2509940357852883, 0.1824055666003976, 0.09244532803180915, 0.018886679920477135, 0.021371769383697812, 0.002982107355864811], [0.21739130434782608, 0.21739130434782608, 0.17391304347826086, 0.13043478260869565, 0.13043478260869565, 0.043478260869565216, 0.0, 0.08695652173913043, 0.0], [0.020933977455716585, 0.059782608695652176, 0.1503623188405797, 0.23852657004830918, 0.24879227053140096, 0.14170692431561996, 0.06360708534621579, 0.07065217391304347, 0.005636070853462158], [0.018691588785046728, 0.06102253985706432, 0.14843320505772403, 0.25343595382078066, 0.2523364485981308, 0.1456844420010995, 0.04178119846069269, 0.061572292468389224, 0.017042330951072018], [0.0732574679943101, 0.15327169274537697, 0.24075391180654337, 0.259601706970128, 0.15860597439544807, 0.07290184921763869, 0.02275960170697013, 0.01813655761024182, 0.0007112375533428165], [0.033112582781456956, 0.04966887417218543, 0.24503311258278146, 0.2947019867549669, 0.2814569536423841, 0.06622516556291391, 0.029801324503311258, 0.0, 0.0], [0.01950565812983919, 0.0547945205479452, 0.13951756998213222, 0.2540202501488982, 0.25670041691483025, 0.1648302561048243, 0.05047647409172126, 0.05166765932102442, 0.008487194758784991], [0.01748375664500886, 0.05623154164205552, 0.18535144713526286, 0.3103366804489073, 0.25505020673360895, 0.11955109273479031, 0.03685764914353219, 0.018428824571766096, 0.0007088009450679268], [0.035903250188964474, 0.09297052154195011, 0.19879062736205594, 0.23809523809523808, 0.2256235827664399, 0.11564625850340136, 0.05026455026455026, 0.03968253968253968, 0.0030234315948601664], [0.012920592193808884, 0.046567967698519515, 0.12570659488559893, 0.23499327052489904, 0.24576043068640646, 0.17496635262449528, 0.06514131897711979, 0.07698519515477793, 0.016958277254374158], [0.1147695202257761, 0.17121354656632173, 0.22295390404515522, 0.2295390404515522, 0.14016933207902163, 0.07714016933207903, 0.020696142991533398, 0.021636876763875823, 0.0018814675446848542], [0.17204301075268819, 0.1971326164874552, 0.18996415770609318, 0.22580645161290322, 0.13261648745519714, 0.07168458781362007, 0.0, 0.007168458781362007, 0.0035842293906810036], [0.06623449830890643, 0.12147688838782413, 0.22632468996617813, 0.26465614430665163, 0.1750281848928974, 0.08370913190529876, 0.02762119503945885, 0.03100338218714769, 0.003945885005636978], [0.02930005425935974, 0.06890938686923494, 0.14161692892023875, 0.23982637004883342, 0.23385784047748237, 0.13402061855670103, 0.05534454693434617, 0.07107976125881714, 0.026044492674986434], [0.021377672209026127, 0.05977830562153603, 0.17973079968329375, 0.27513855898654, 0.221298495645289, 0.14093428345209819, 0.04790182106096595, 0.04592240696753761, 0.00791765637371338], [0.04177837354781055, 0.10433422698838249, 0.2167113494191242, 0.25714924039320824, 0.2142537980339589, 0.0980786416443253, 0.035299374441465595, 0.03127792672028597, 0.0011170688114387846], [0.02280130293159609, 0.07882736156351791, 0.19543973941368079, 0.2755700325732899, 0.23061889250814332, 0.09055374592833876, 0.057980456026058634, 0.03973941368078176, 0.008469055374592834], [0.012987012987012988, 0.035609551738583996, 0.09426057813154587, 0.20946795140343527, 0.24633431085043989, 0.18977796397151236, 0.0795978215333054, 0.11143695014662756, 0.020527859237536656], [0.018484288354898338, 0.06515711645101664, 0.19593345656192238, 0.2592421441774492, 0.21557301293900186, 0.13424214417744917, 0.050369685767097966, 0.05337338262476895, 0.007624768946395564], [0.020224337185588036, 0.07426920462270564, 0.20938137321549966, 0.2975866757307954, 0.210231135282121, 0.11369816451393609, 0.0358599592114208, 0.03348062542488103, 0.005268524813052345], [0.01723800195886386, 0.05582761998041136, 0.17590597453476983, 0.29422135161606267, 0.2552399608227228, 0.13202742409402546, 0.036043095004897156, 0.02918707149853085, 0.004309500489715965], [0.410958904109589, 0.1232876712328767, 0.1095890410958904, 0.1643835616438356, 0.1232876712328767, 0.0547945205479452, 0.0136986301369863, 0.0, 0.0]]}, "ranksDetailed": {"labels": ["Unranked", "Combatatant", "Challenger", "Rival", "Duelist", "Elite"], "data": [[0.23333333333333334, 0.45555555555555555, 0.24444444444444444, 0.06666666666666667, 0.0, 0.0], [0.08139534883720931, 0.3478682170542636, 0.4331395348837209, 0.10755813953488372, 0.02810077519379845, 0.001937984496124031], [0.03938832252085264, 0.2659870250231696, 0.4907321594068582, 0.16682113067655235, 0.03151065801668211, 0.005560704355885079], [0.0501436406372421, 0.24680073126142596, 0.501436406372421, 0.16375032645599374, 0.03290676416819013, 0.004962131104727083], [0.2647058823529412, 0.29411764705882354, 0.11764705882352941, 0.23529411764705882, 0.08823529411764706, 0.0], [0.024694055944055944, 0.22268356643356643, 0.4862325174825175, 0.18771853146853146, 0.06468531468531469, 0.013986013986013986], [0.07838179519595449, 0.38495575221238937, 0.3900126422250316, 0.09671302149178256, 0.03729456384323641, 0.012642225031605562], [0.46511627906976744, 0.4069767441860465, 0.11627906976744186, 0.011627906976744186, 0.0, 0.0], [0.11188340807174887, 0.415695067264574, 0.3383408071748879, 0.09820627802690583, 0.033183856502242155, 0.0026905829596412557], [0.05180787911494873, 0.28062601187263897, 0.4910955207771182, 0.1392336751214247, 0.033998920669185105, 0.0032379924446842958], [0.08209959623149395, 0.40410497981157467, 0.3872812920592194, 0.09724091520861373, 0.02557200538358008, 0.0037012113055181696], [0.045108198719902466, 0.2654678451691557, 0.4958854007924413, 0.15269734836939958, 0.03687900030478513, 0.003962206644315757], [0.06494688922610015, 0.35993930197268587, 0.43641881638846736, 0.11229135053110774, 0.02063732928679818, 0.005766312594840668], [0.0109628217349857, 0.19065776930409914, 0.5190657769304099, 0.21687321258341277, 0.05338417540514776, 0.00905624404194471], [0.06998158379373849, 0.39226519337016574, 0.3701657458563536, 0.1270718232044199, 0.027624309392265192, 0.01289134438305709], [0.04133858267716536, 0.27716535433070866, 0.494488188976378, 0.1468503937007874, 0.03385826771653543, 0.006299212598425197], [0.06063618290258449, 0.3702783300198807, 0.43339960238568587, 0.11133200795228629, 0.021371769383697812, 0.002982107355864811], [0.21739130434782608, 0.391304347826087, 0.2608695652173913, 0.043478260869565216, 0.08695652173913043, 0.0], [0.020933977455716585, 0.21014492753623187, 0.48731884057971014, 0.20531400966183574, 0.07065217391304347, 0.005636070853462158], [0.018691588785046728, 0.20945574491478836, 0.5057724024189115, 0.1874656404617922, 0.061572292468389224, 0.017042330951072018], [0.0732574679943101, 0.3940256045519203, 0.4182076813655761, 0.09566145092460882, 0.01813655761024182, 0.0007112375533428165], [0.033112582781456956, 0.2947019867549669, 0.5761589403973509, 0.09602649006622517, 0.0, 0.0], [0.01950565812983919, 0.19431209053007742, 0.5107206670637284, 0.21530673019654556, 0.05166765932102442, 0.008487194758784991], [0.01748375664500886, 0.24158298877731837, 0.5653868871825163, 0.15640874187832252, 0.018428824571766096, 0.0007088009450679268], [0.035903250188964474, 0.29176114890400606, 0.463718820861678, 0.1659108087679516, 0.03968253968253968, 0.0030234315948601664], [0.012920592193808884, 0.17227456258411844, 0.4807537012113055, 0.24010767160161509, 0.07698519515477793, 0.016958277254374158], [0.1147695202257761, 0.39416745061147695, 0.36970837253057387, 0.09783631232361242, 0.021636876763875823, 0.0018814675446848542], [0.17204301075268819, 0.3870967741935484, 0.35842293906810035, 0.07168458781362007, 0.007168458781362007, 0.0035842293906810036], [0.06623449830890643, 0.34780157835400227, 0.43968432919954903, 0.11133032694475761, 0.03100338218714769, 0.003945885005636978], [0.02930005425935974, 0.21052631578947367, 0.47368421052631576, 0.1893651654910472, 0.07107976125881714, 0.026044492674986434], [0.021377672209026127, 0.23950910530482977, 0.49643705463182897, 0.18883610451306412, 0.04592240696753761, 0.00791765637371338], [0.04177837354781055, 0.3210455764075067, 0.47140303842716713, 0.1333780160857909, 0.03127792672028597, 0.0011170688114387846], [0.02280130293159609, 0.2742671009771987, 0.5061889250814332, 0.1485342019543974, 0.03973941368078176, 0.008469055374592834], [0.012987012987012988, 0.12987012987012986, 0.45580226225387516, 0.2693757855048178, 0.11143695014662756, 0.020527859237536656], [0.018484288354898338, 0.261090573012939, 0.474815157116451, 0.18461182994454714, 0.05337338262476895, 0.007624768946395564], [0.020224337185588036, 0.2836505778382053, 0.5078178110129163, 0.1495581237253569, 0.03348062542488103, 0.005268524813052345], [0.01723800195886386, 0.2317335945151812, 0.5494613124387855, 0.16807051909892262, 0.02918707149853085, 0.004309500489715965], [0.410958904109589, 0.2328767123287671, 0.2876712328767123, 0.0684931506849315, 0.0, 0.0]]}}}, "eu": {"histType": {"histogram": {"labels": ["0", "100", "200", "300", "400", "500", "600", "700", "800", "900", "1000", "1100", "1200", "1300", "1400", "1500", "1600", "1700", "1800", "1900", "2000", "2100", "2200", "2300", "2400", "2500", "2600", "2700", "2800", "2900", "3000", "3100"], "data": [[0.0, 0.0, 0.0, 0.0, 0.0, 0.014285714285714285, 0.04285714285714286, 0.04285714285714286, 0.07142857142857142, 0.1, 0.05714285714285714, 0.11428571428571428, 0.11428571428571428, 0.14285714285714285, 0.04285714285714286, 0.1, 0.05714285714285714, 0.02857142857142857, 0.04285714285714286, 0.014285714285714285, 0.014285714285714285, 0.0, 0.0, 0.0, 0.0, 0.0, 0.0, 0.0, 0.0, 0.0, 0.0, 0.0], [0.001034126163391934, 0.0, 0.0, 0.001034126163391934, 0.002068252326783868, 0.0031023784901758012, 0.0062047569803516025, 0.007238883143743537, 0.025853154084798345, 0.038262668045501554, 0.06308169596690796, 0.09410548086866598, 0.11065149948293691, 0.1313340227507756, 0.13650465356773525, 0.11478800413650465, 0.10548086866597725, 0.047569803516028956, 0.055842812823164424, 0.02481902792140641, 0.010341261633919338, 0.014477766287487074, 0.005170630816959669, 0.001034126163391934, 0.0, 0.0, 0.0, 0.0, 0.0, 0.0, 0.0, 0.0], [0.0, 0.0, 0.0, 0.0, 0.001041124414367517, 0.0005205622071837585, 0.0026028110359187923, 0.0052056220718375845, 0.015096304008328995, 0.022384174908901613, 0.04112441436751692, 0.05622071837584591, 0.08537220197813639, 0.10827693909422176, 0.13899010931806352, 0.12857886517438835, 0.15252472670484124, 0.07079646017699115, 0.10203019260801666, 0.026028110359187923, 0.014055179593961478, 0.018740239458615304, 0.00676730869338886, 0.0026028110359187923, 0.001041124414367517, 0.0, 0.0, 0.0, 0.0, 0.0, 0.0, 0.0], [0.0, 0.0, 0.0, 0.00023110700254217703, 0.00046221400508435407, 0.00023110700254217703, 0.0018488560203374163, 0.007626531083891842, 0.011093136122024498, 0.018488560203374162, 0.03813265541945921, 0.048301363531315, 0.07487866882366535, 0.09822047608042524, 0.12040674832447423, 0.13496648948463139, 0.14536630459902936, 0.0996071180956783, 0.10053154610584701, 0.04391033048301363, 0.019181881211000694, 0.019644095216085046, 0.007395424081349665, 0.0034666050381326552, 0.004159926045759187, 0.0009244280101687081, 0.0009244280101687081, 0.0, 0.0, 0.0, 0.0, 0.0], [0.0, 0.0, 0.0, 0.0, 0.0, 0.0, 0.05263157894736842, 0.07894736842105263, 0.10526315789473684, 0.02631578947368421, 0.13157894736842105, 0.13157894736842105, 0.0, 0.05263157894736842, 0.10526315789473684, 0.07894736842105263, 0.07894736842105263, 0.07894736842105263, 0.0, 0.05263157894736842, 0.0, 0.0, 0.0, 0.02631578947368421, 0.0, 0.0, 0.0, 0.0, 0.0, 0.0, 0.0, 0.0], [0.0, 0.00042735042735042735, 0.00021367521367521368, 0.00021367521367521368, 0.000641025641025641, 0.00042735042735042735, 0.000641025641025641, 0.003418803418803419, 0.004914529914529914, 0.012393162393162393, 0.023717948717948717, 0.03611111111111111, 0.061752136752136755, 0.09444444444444444, 0.11688034188034188, 0.10854700854700855, 0.13696581196581198, 0.09273504273504274, 0.11538461538461539, 0.05982905982905983, 0.037606837606837605, 0.045726495726495724, 0.02264957264957265, 0.00641025641025641, 0.01047008547008547, 0.00405982905982906, 0.002777777777777778, 0.000641025641025641, 0.0, 0.0, 0.0, 0.0], [0.0, 0.0, 0.0011299435028248588, 0.001694915254237288, 0.0011299435028248588, 0.0039548022598870055, 0.0039548022598870055, 0.013559322033898305, 0.0327683615819209, 0.03954802259887006, 0.06610169491525424, 0.07401129943502825, 0.10621468926553672, 0.12146892655367232, 0.10338983050847457, 0.09830508474576272, 0.10338983050847457, 0.05593220338983051, 0.05875706214689266, 0.029943502824858758, 0.014689265536723164, 0.0288135593220339, 0.01638418079096045, 0.006779661016949152, 0.00847457627118644, 0.003389830508474576, 0.0062146892655367235, 0.0, 0.0, 0.0, 0.0, 0.0], [0.0, 0.0, 0.0, 0.0, 0.017241379310344827, 0.017241379310344827, 0.017241379310344827, 0.13793103448275862, 0.08620689655172414, 0.05172413793103448, 0.1206896551724138, 0.08620689655172414, 0.08620689655172414, 0.1206896551724138, 0.034482758620689655, 0.10344827586206896, 0.08620689655172414, 0.034482758620689655, 0.0, 0.0, 0.0, 0.0, 0.0, 0.0, 0.0, 0.0, 0.0, 0.0, 0.0, 0.0, 0.0, 0.0], [0.0004391743522178305, 0.00021958717610891525, 0.000878348704435661, 0.0010979358805445762, 0.0006587615283267457, 0.001976284584980237, 0.007246376811594203, 0.015590689503732982, 0.033816425120772944, 0.048967940272288096, 0.08168642951251646, 0.09771629336846728, 0.12318840579710146, 0.11945542380324989, 0.10298638559508125, 0.09003074220465525, 0.08498023715415019, 0.050505050505050504, 0.04830917874396135, 0.027887571365832236, 0.023276240667545016, 0.01756697408871322, 0.011198945981554678, 0.006148440931049627, 0.0030742204655248135, 0.0010979358805445762, 0.0, 0.0, 0.0, 0.0, 0.0, 0.0], [0.0, 0.0, 0.0, 0.0, 0.0, 0.0006978367062107466, 0.0006978367062107466, 0.00837404047452896, 0.011863224005582694, 0.02372644801116539, 0.04675505931612003, 0.050942079553384506, 0.07397069085833916, 0.11793440334961619, 0.1388695045359386, 0.11723656664340544, 0.14724354501046755, 0.06978367062107467, 0.09560362875087229, 0.030704815073272853, 0.02512212142358688, 0.0209351011863224, 0.0104675505931612, 0.0034891835310537334, 0.00418702023726448, 0.0013956734124214933, 0.0, 0.0, 0.0, 0.0, 0.0, 0.0], [0.00041562759767248546, 0.0, 0.0, 0.0, 0.0012468827930174563, 0.0020781379883624274, 0.0029093931837073984, 0.010806317539484621, 0.027015793848711556, 0.043640897755610975, 0.06442227763923525, 0.0885286783042394, 0.11886949293433084, 0.12136325852036575, 0.11471321695760599, 0.10224438902743142, 0.09019118869492934, 0.05901911886949293, 0.05901911886949293, 0.03366583541147132, 0.019534497090606815, 0.0199501246882793, 0.010806317539484621, 0.003740648379052369, 0.003740648379052369, 0.0020781379883624274, 0.0, 0.0, 0.0, 0.0, 0.0, 0.0], [0.0, 0.0, 0.0, 0.00033068783068783067, 0.00033068783068783067, 0.0013227513227513227, 0.0013227513227513227, 0.004629629629629629, 0.014219576719576719, 0.026785714285714284, 0.03670634920634921, 0.05092592592592592, 0.08068783068783068, 0.0992063492063492, 0.11474867724867725, 0.12268518518518519, 0.13921957671957672, 0.09358465608465609, 0.10152116402116403, 0.046957671957671955, 0.02017195767195767, 0.025793650793650792, 0.01025132275132275, 0.0016534391534391533, 0.004298941798941799, 0.0016534391534391533, 0.00033068783068783067, 0.00033068783068783067, 0.0, 0.0, 0.00033068783068783067, 0.0], [0.0, 0.0, 0.0, 0.0011424219345011425, 0.0007616146230007616, 0.0011424219345011425, 0.002284843869002285, 0.011805026656511805, 0.020182787509520184, 0.030464584920030464, 0.05712109672505712, 0.07235338918507235, 0.11043412033511044, 0.11995430312261995, 0.13061690784463062, 0.11957349581111958, 0.10662604722010663, 0.06778370144706779, 0.06892612338156892, 0.02856054836252856, 0.017136329017517136, 0.015232292460015232, 0.00913937547600914, 0.0015232292460015233, 0.003808073115003808, 0.001904036557501904, 0.0015232292460015233, 0.0, 0.0, 0.0, 0.0, 0.0], [0.0, 0.0, 0.0, 0.0, 0.0, 0.0, 0.0008775778850372971, 0.0008775778850372971, 0.004387889425186486, 0.010969723562966213, 0.016673979815708645, 0.028082492321193506, 0.05748135146994296, 0.0785432207108381, 0.12198332602018429, 0.1421676173760421, 0.15752523036419483, 0.11540149188240456, 0.1066257130320316, 0.05923650724001755, 0.03378674857393594, 0.03773584905660377, 0.012724879333040808, 0.007020623080298377, 0.004826678367705134, 0.002193944712593243, 0.00043878894251864854, 0.00043878894251864854, 0.0, 0.0, 0.0, 0.0], [0.0, 0.0, 0.0021691973969631237, 0.0, 0.0, 0.0021691973969631237, 0.008676789587852495, 0.010845986984815618, 0.02386117136659436, 0.04338394793926247, 0.06290672451193059, 0.06941431670281996, 0.0824295010845987, 0.11713665943600868, 0.13232104121475055, 0.06941431670281996, 0.11279826464208242, 0.07809110629067245, 0.0824295010845987, 0.0