{"region": {"us": {"histType": {"histogram": {"labels": ["0", "100", "200", "300", "400", "500", "600", "700", "800", "900", "1000", "1100", "1200", "1300", "1400", "1500", "1600", "1700", "1800", "1900", "2000", "2100", "2200", "2300", "2400", "2500", "2600", "2700", "2800", "2900", "3000", "3100", "3200"], "data": [[0.0, 0.0, 0.003048780487804878, 0.006097560975609756, 0.003048780487804878, 0.006097560975609756, 0.013719512195121951, 0.01524390243902439, 0.039634146341463415, 0.042682926829268296, 0.08841463414634146, 0.10365853658536585, 0.11585365853658537, 0.12804878048780488, 0.12347560975609756, 0.09451219512195122, 0.08079268292682927, 0.042682926829268296, 0.04878048780487805, 0.01676829268292683, 0.013719512195121951, 0.007621951219512195, 0.003048780487804878, 0.001524390243902439, 0.001524390243902439, 0.0, 0.0, 0.0, 0.0, 0.0, 0.0, 0.0, 0.0], [0.0, 0.00026838432635534085, 0.0, 0.00026838432635534085, 0.0010735373054213634, 0.0021470746108427268, 0.004830917874396135, 0.00939345142243693, 0.016639828234031134, 0.02871712292002147, 0.040257648953301126, 0.05233494363929147, 0.08480944712828771, 0.09178743961352658, 0.12506709608158884, 0.13365539452495975, 0.15029522275899088, 0.08158883521202362, 0.10681696188942566, 0.033816425120772944, 0.015566290928609769, 0.007514761137949544, 0.004830917874396135, 0.00322061191626409, 0.0024154589371980675, 0.0005367686527106817, 0.0010735373054213634, 0.0010735373054213634, 0.0, 0.0, 0.0, 0.0, 0.0], [0.00011638733705772812, 0.0, 0.0, 0.00023277467411545624, 0.00023277467411545624, 0.00023277467411545624, 0.00023277467411545624, 0.0005819366852886406, 0.0025605214152700185, 0.0033752327746741154, 0.005237430167597765, 0.0074487895716946, 0.012220670391061452, 0.01920391061452514, 0.025023277467411547, 0.03898975791433892, 0.13186685288640596, 0.1543296089385475, 0.33833798882681565, 0.08705772811918064, 0.04911545623836126, 0.06063780260707635, 0.021415270018621976, 0.00861266294227188, 0.020600558659217876, 0.006052141527001862, 0.0032588454376163874, 0.0025605214152700185, 0.0, 0.0004655493482309125, 0.0, 0.0, 0.0], [0.0, 0.0, 0.0, 0.0, 0.0001137915339098771, 0.0, 0.0007965407373691397, 0.0018206645425580337, 0.004779244424214839, 0.007965407373691398, 0.011720527992717342, 0.013313609467455622, 0.025716886663632227, 0.02913063268092854, 0.04335457441966318, 0.05211652253072371, 0.07248520710059171, 0.044720072826581705, 0.2856167501137915, 0.14474283113336367, 0.0864815657715066, 0.0904642694583523, 0.03186162949476559, 0.012858443331816113, 0.023782430587164314, 0.007282658170232135, 0.005348202093764224, 0.0028447883477469276, 0.0006827492034592626, 0.0, 0.0, 0.0, 0.0], [0.0, 0.0, 0.0, 0.0, 0.01098901098901099, 0.01098901098901099, 0.027472527472527472, 0.027472527472527472, 0.04945054945054945, 0.054945054945054944, 0.06593406593406594, 0.09340659340659341, 0.1043956043956044, 0.1043956043956044, 0.09340659340659341, 0.1043956043956044, 0.07142857142857142, 0.038461538461538464, 0.054945054945054944, 0.04395604395604396, 0.03296703296703297, 0.005494505494505495, 0.005494505494505495, 0.0, 0.0, 0.0, 0.0, 0.0, 0.0, 0.0, 0.0, 0.0, 0.0], [0.0, 0.0, 0.0, 0.0, 0.0, 0.0, 0.0, 0.0013530391340549543, 0.0013530391340549543, 0.004683597002497919, 0.0071815154038301415, 0.011656952539550375, 0.04194421315570358, 0.0917985012489592, 0.11823480432972523, 0.14248542880932555, 0.1689217318900916, 0.10543297252289759, 0.1404038301415487, 0.05349708576186511, 0.032160699417152376, 0.03684429641965029, 0.014779350541215654, 0.00749375520399667, 0.01072023313905079, 0.0048917568692756035, 0.0027060782681099086, 0.0008326394671107411, 0.0005203996669442131, 0.0, 0.00010407993338884263, 0.0, 0.0], [0.0, 0.0004227436060029592, 0.0006341154090044388, 0.0025364616360177552, 0.0019023462270133164, 0.0033819488480236735, 0.007186641302050306, 0.013105051786091735, 0.02113718030014796, 0.03551046290424857, 0.04882688649334179, 0.06869583597548087, 0.0963855421686747, 0.11308391460579159, 0.1181568378778271, 0.12069329951384486, 0.11731135066582118, 0.07059818220249418, 0.07186641302050306, 0.027266962587190868, 0.016698372437116887, 0.01585288522511097, 0.009511731135066582, 0.004861551469034031, 0.0057070386810399495, 0.003593320651025153, 0.002747833439019235, 0.0016909744240118367, 0.0002113718030014796, 0.0, 0.0004227436060029592, 0.0, 0.0], [0.002898550724637681, 0.0, 0.0, 0.008695652173913044, 0.008695652173913044, 0.02318840579710145, 0.014492753623188406, 0.04057971014492753, 0.05507246376811594, 0.1072463768115942, 0.11594202898550725, 0.13043478260869565, 0.11594202898550725, 0.10144927536231885, 0.07246376811594203, 0.06666666666666667, 0.05217391304347826, 0.014492753623188406, 0.03188405797101449, 0.028985507246376812, 0.002898550724637681, 0.0, 0.002898550724637681, 0.002898550724637681, 0.0, 0.0, 0.0, 0.0, 0.0, 0.0, 0.0, 0.0, 0.0], [0.0003098533360875852, 0.0002065688907250568, 0.000516422226812642, 0.0003098533360875852, 0.000516422226812642, 0.0012394133443503407, 0.0015492666804379262, 0.004234662259863665, 0.0076430489568271014, 0.01611237347655443, 0.026234249122082214, 0.034703573641809544, 0.04203676926254906, 0.04720099153067548, 0.06011154720099153, 0.10751910762239207, 0.1887006816773394, 0.12642016112373478, 0.13457963230737452, 0.06186738277215451, 0.04152034703573642, 0.039351373683123324, 0.01869448461061764, 0.013426977897128692, 0.015079529022929148, 0.005474075604214005, 0.0034083866969634373, 0.0007229911175376988, 0.0003098533360875852, 0.0, 0.0, 0.0, 0.0], [0.0, 0.0, 0.0, 0.0, 0.000392156862745098, 0.000784313725490196, 0.001176470588235294, 0.001176470588235294, 0.002352941176470588, 0.009019607843137255, 0.012549019607843137, 0.016862745098039214, 0.023137254901960783, 0.03686274509803922, 0.0603921568627451, 0.07764705882352942, 0.10235294117647059, 0.08980392156862745, 0.1780392156862745, 0.06980392156862746, 0.07450980392156863, 0.09607843137254903, 0.04352941176470588, 0.01803921568627451, 0.04862745098039216, 0.013725490196078431, 0.01019607843137255, 0.009019607843137255, 0.0027450980392156863, 0.001176470588235294, 0.0, 0.0, 0.0], [0.0, 0.0, 0.00018989745537409798, 0.0, 0.0009494872768704899, 0.0007595898214963919, 0.002278769464489176, 0.0039878465628560575, 0.008355488036460312, 0.015381693885301938, 0.022028104823395366, 0.032472464868970756, 0.05526015951386251, 0.0662742119255602, 0.10615267755412078, 0.12571211545765287, 0.1521078617546525, 0.09684770224078998, 0.13862514242309154, 0.06152677554120775, 0.0372199012533232, 0.03437143942271174, 0.013672616786935056, 0.008925180402582606, 0.008925180402582606, 0.003418154196733764, 0.0030383592859855677, 0.001139384732244588, 0.00037979491074819596, 0.0, 0.0, 0.0, 0.0], [0.0, 0.0, 0.0004450378282153983, 0.001483459427384661, 0.0013351134846461949, 0.002966918854769322, 0.006972259308707907, 0.013202788903723483, 0.02165850763981605, 0.03723483162735499, 0.06067349058003264, 0.07713989022400237, 0.10072689511941849, 0.1220887108737576, 0.13410473223557337, 0.12149532710280374, 0.10666073282895713, 0.059635068980863376, 0.060970182465509566, 0.024328734609108442, 0.01676309152944667, 0.012164367304554221, 0.00801068090787717, 0.0035603026257231864, 0.002818572912030856, 0.0017801513128615932, 0.001631805370123127, 0.0001483459427384661, 0.0, 0.0, 0.0, 0.0, 0.0], [0.0, 0.0, 0.0, 0.0, 0.000125250501002004, 0.000501002004008016, 0.00187875751503006, 0.002004008016032064, 0.0045090180360721445, 0.005260521042084168, 0.013276553106212424, 0.019539078156312624, 0.02780561122244489, 0.03369238476953908, 0.04909819639278557, 0.09769539078156313, 0.21768537074148298, 0.14466432865731463, 0.19200901803607215, 0.06738476953907815, 0.03970440881763527, 0.0373246492985972, 0.016658316633266532, 0.009519038076152305, 0.012149298597194389, 0.004008016032064128, 0.0023797595190380764, 0.00062625250501002, 0.000501002004008016, 0.0, 0.0, 0.0, 0.0], [0.00020195900232252852, 0.0, 0.0, 0.00010097950116126426, 0.00010097950116126426, 0.0003029385034837928, 0.0012117540139351712, 0.0018176310209027568, 0.004140159547611834, 0.009895991113803898, 0.016055740684641016, 0.01898414621831768, 0.053721094617792585, 0.10451378370190852, 0.12763808946783803, 0.1342017570433202, 0.1588407553266687, 0.10239321417752197, 0.12319499141674241, 0.05089366858527719, 0.029687973341411694, 0.030091891346056752, 0.011713622134706654, 0.004947995556901949, 0.007472483085933556, 0.0029284055336766634, 0.0029284055336766634, 0.0006058770069675856, 0.0007068565081288498, 0.0006058770069675856, 0.00010097950116126426, 0.0, 0.0], [0.0, 0.0, 0.00019353590090961874, 0.00019353590090961874, 0.0003870718018192375, 0.0003870718018192375, 0.0011612154054577125, 0.00154828720727695, 0.004064253919101994, 0.0069672924327462745, 0.015095800270950262, 0.026901490226437005, 0.04586800851557964, 0.06735049351654732, 0.09773562995935746, 0.11728275595122896, 0.16257015676407974, 0.11941165086123476, 0.15250628991677956, 0.06580220630927038, 0.04315850590284498, 0.034642926262821755, 0.013160441261854073, 0.007741436036384749, 0.00909618734275208, 0.0030965744145539, 0.0019353590090961873, 0.000774143603638475, 0.00019353590090961874, 0.000774143603638475, 0.0, 0.0, 0.0], [0.0, 0.0002585983966899405, 0.0002585983966899405, 0.0002585983966899405, 0.0012929919834497026, 0.002585983966899405, 0.0015515903801396431, 0.005430566330488751, 0.011378329454357383, 0.018619084561675717, 0.029997414016033102, 0.04603051461080941, 0.06852857512283424, 0.09154383242823895, 0.11249030256012413, 0.1238686320144815, 0.13317817429531936, 0.09749159555210758, 0.10266356348590638, 0.04447892423066977, 0.029221618825963278, 0.031549004396172746, 0.016808895784846133, 0.0072407551073183345, 0.011895526247737265, 0.0062063615205585725, 0.002585983966899405, 0.0018101887768295836, 0.000517196793379881, 0.0002585983966899405, 0.0, 0.0, 0.0], [0.00019138755980861245, 0.00019138755980861245, 0.0007655502392344498, 0.0011483253588516747, 0.0003827751196172249, 0.001339712918660287, 0.0036363636363636364, 0.0066985645933014355, 0.012248803827751197, 0.02047846889952153, 0.03253588516746411, 0.05244019138755981, 0.07655502392344497, 0.10334928229665072, 0.12497607655502392, 0.12555023923444977, 0.13148325358851676, 0.08440191387559809, 0.11004784688995216, 0.038851674641148325, 0.02277511961722488, 0.023923444976076555, 0.009952153110047848, 0.004976076555023924, 0.005741626794258373, 0.001722488038277512, 0.0015311004784688996, 0.001339712918660287, 0.0003827751196172249, 0.0003827751196172249, 0.0, 0.0, 0.0], [0.0, 0.0, 0.0001229256299938537, 0.0002458512599877074, 0.0003687768899815612, 0.0001229256299938537, 0.0008604794099569761, 0.0018438844499078057, 0.0028272894898586356, 0.00626920712968654, 0.012415488629379226, 0.014628149969268592, 0.03355869698832206, 0.10706822372464658, 0.13484941610325754, 0.14603564843269823, 0.16447449293177627, 0.10276582667486171, 0.1556238475722188, 0.040811309157959434, 0.022249539028887523, 0.024216349108789184, 0.009711124769514443, 0.0068838352796558085, 0.006637984019668101, 0.0014751075599262447, 0.0018438844499078057, 0.0015980331899200983, 0.0001229256299938537, 0.0003687768899815612, 0.0, 0.0, 0.0], [0.0, 0.0, 0.0, 0.006756756756756757, 0.006756756756756757, 0.006756756756756757, 0.0, 0.02702702702702703, 0.033783783783783786, 0.08783783783783784, 0.05405405405405406, 0.10135135135135136, 0.07432432432432433, 0.060810810810810814, 0.060810810810810814, 0.11486486486486487, 0.10135135135135136, 0.08108108108108109, 0.05405405405405406, 0.02027027027027027, 0.02702702702702703, 0.013513513513513514, 0.033783783783783786, 0.0, 0.006756756756756757, 0.013513513513513514, 0.0, 0.013513513513513514, 0.0, 0.0, 0.0, 0.0, 0.0], [0.0002166377816291161, 0.00010831889081455805, 0.0, 0.0, 0.0, 0.00010831889081455805, 0.0002166377816291161, 0.0009748700173310225, 0.002383015597920277, 0.004766031195840554, 0.007582322357019064, 0.010398613518197574, 0.022097053726169845, 0.030329289428076257, 0.0679159445407279, 0.19226603119584054, 0.21208838821490467, 0.14038128249566725, 0.14070623916811092, 0.06109185441941074, 0.03531195840554593, 0.03617850953206239, 0.014189774696707106, 0.005524263431542461, 0.008448873483535528, 0.0032495667244367417, 0.0025996533795493936, 0.0002166377816291161, 0.0006499133448873484, 0.0, 0.0, 0.0, 0.0], [0.0, 0.0, 0.0, 0.00011759172154280339, 0.0, 0.00011759172154280339, 0.0010583254938852304, 0.0003527751646284102, 0.0012935089369708374, 0.0022342427093132644, 0.004468485418626529, 0.0070555032925682035, 0.011523988711194732, 0.016110065851364062, 0.06879115710253998, 0.12335371589840076, 0.17603480714957667, 0.14111006585136407, 0.19355597365945437, 0.08737064910630292, 0.05315145813734713, 0.05385700846660395, 0.01904985888993415, 0.010348071495766699, 0.017285983066792097, 0.005409219190968956, 0.003410159924741298, 0.0018814675446848542, 0.0003527751646284102, 0.00023518344308560678, 0.00047036688617121356, 0.0, 0.0], [0.00019124115509657678, 9.562057754828839e-05, 0.0, 0.00019124115509657678, 0.00019124115509657678, 0.0005737234652897303, 0.0007649646203863071, 0.0018167909734174794, 0.00296423790399694, 0.005737234652897304, 0.010613884107860011, 0.013482501434308663, 0.017498565691336777, 0.02495697074010327, 0.08108624976094855, 0.1316695352839931, 0.15786957353222414, 0.13071332950851022, 0.17938420348058903, 0.08328552304455919, 0.050105182635303114, 0.05163511187607573, 0.022375215146299483, 0.011378848728246318, 0.014438707209791547, 0.004398546567221266, 0.0018167909734174794, 0.00038248231019315357, 0.00038248231019315357, 0.0, 0.0, 0.0, 0.0], [0.0, 0.0, 0.0, 0.001483679525222552, 0.001483679525222552, 0.0, 0.001483679525222552, 0.00741839762611276, 0.00741839762611276, 0.00741839762611276, 0.013353115727002967, 0.025222551928783383, 0.04451038575667656, 0.09050445103857567, 0.12166172106824925, 0.17655786350148367, 0.16765578635014836, 0.12166172106824925, 0.1201780415430267, 0.04896142433234421, 0.026706231454005934, 0.01483679525222552, 0.001483679525222552, 0.0, 0.0, 0.0, 0.0, 0.0, 0.0, 0.0, 0.0, 0.0, 0.0], [0.0, 0.0, 0.0, 8.818342151675486e-05, 0.0, 8.818342151675486e-05, 0.00026455026455026457, 0.0007936507936507937, 0.001675485008818342, 0.004761904761904762, 0.007407407407407408, 0.012698412698412698, 0.02125220458553792, 0.027513227513227514, 0.04047619047619048, 0.04867724867724868, 0.15520282186948853, 0.1535273368606702, 0.2544973544973545, 0.09215167548500881, 0.051499118165784834, 0.0701058201058201, 0.022486772486772486, 0.008994708994708995, 0.01525573192239859, 0.004144620811287478, 0.0038800705467372134, 0.0021164021164021165, 0.00026455026455026457, 0.0001763668430335097, 0.0, 0.0, 0.0], [9.72100709633518e-05, 9.72100709633518e-05, 9.72100709633518e-05, 0.0, 0.0003888402838534072, 0.0003888402838534072, 0.00029163021289005544, 0.000972100709633518, 0.0010693107805968699, 0.0051521337610576454, 0.009623797025371828, 0.019053173908816952, 0.033245844269466314, 0.04491105278506853, 0.06610284825507923, 0.07757363662875474, 0.13337221736171867, 0.19354525128803343, 0.21551472732575094, 0.08816953436376009, 0.04374453193350831, 0.03868960824341402, 0.013803830076795956, 0.005346553902984349, 0.004180033051424128, 0.0033051424127539613, 0.0008748906386701663, 0.0003888402838534072, 0.0, 0.0, 0.0, 0.0, 0.0], [0.0, 0.00010659844366272253, 0.0, 0.00010659844366272253, 0.00021319688732544505, 0.0005329922183136127, 0.0007461891056390577, 0.001812173542266283, 0.004050740859183456, 0.012365419464875812, 0.021746082507195393, 0.03656326617631383, 0.053512418718686706, 0.07888284831041467, 0.10254770280353907, 0.13367444835305403, 0.15595352307856306, 0.11054258607824326, 0.13410084212770493, 0.05990832533845006, 0.0354972817396866, 0.029740965781899584, 0.012578616352201259, 0.005862914401449739, 0.005223323739473404, 0.0027715595352307857, 0.0006395906619763352, 0.0003197953309881676, 0.0, 0.0, 0.0, 0.0, 0.0], [0.0, 0.0, 0.0, 0.0, 0.0004917629702483403, 0.0004917629702483403, 0.0013523481681829359, 0.0014752889107450208, 0.004548807474797148, 0.008359970494221785, 0.01622817801819523, 0.026309318908286205, 0.0411851487582985, 0.06614211949840176, 0.09909023850504058, 0.1284730759773789, 0.15355298746004425, 0.09786083107941972, 0.16658470617162527, 0.06110154905335628, 0.03651340054093927, 0.04044750430292599, 0.017334644701253996, 0.00749938529628719, 0.011187607573149742, 0.004671748217359233, 0.004179985247110892, 0.0022129333661175315, 0.0012294074256208507, 0.0004917629702483403, 0.0009835259404966806, 0.0, 0.0], [0.0, 0.00018291567587342235, 0.00018291567587342235, 0.0003658313517468447, 0.001097494055240534, 0.001097494055240534, 0.0018291567587342234, 0.006036217303822937, 0.0171940735321017, 0.025974025974025976, 0.044997256264861896, 0.0605450887141028, 0.08029998170843242, 0.1031644411926102, 0.12621181635266143, 0.11834644229010426, 0.1448692152917505, 0.07316627034936894, 0.10334735686848363, 0.02871776111212731, 0.02176696542893726, 0.019023230290835923, 0.00859703676605085, 0.0038412291933418692, 0.0053045546003292485, 0.0012804097311139564, 0.002012072434607646, 0.0003658313517468447, 0.00018291567587342235, 0.0, 0.0, 0.0, 0.0], [0.0, 0.0, 0.0, 0.0007966011683483802, 0.0026553372278279343, 0.0015932023366967605, 0.0037174721189591076, 0.008231545406266597, 0.013542219861922463, 0.016463090812533193, 0.026553372278279343, 0.04275092936802974, 0.05682421667551779, 0.08337758895379713, 0.12373871481678173, 0.12798725438130643, 0.14737121614445034, 0.09851301115241635, 0.10807222517259692, 0.04779607010090282, 0.025491237387148168, 0.022304832713754646, 0.013276686139139671, 0.009028146574614976, 0.007966011683483803, 0.004248539564524694, 0.0034519383961763143, 0.0037174721189591076, 0.0005310674455655868, 0.0, 0.0, 0.0, 0.0], [0.00022363860002236387, 0.0, 0.0, 0.0, 0.00044727720004472774, 0.00044727720004472774, 0.0016772895001677288, 0.00346639830034664, 0.004920049200492005, 0.009616459800961647, 0.025606619702560663, 0.056804204405680424, 0.08151626970815162, 0.11618025271161803, 0.14447053561444706, 0.14391143911439114, 0.1379850162137985, 0.07648440120764843, 0.09370457340937045, 0.03309851280330985, 0.02146930560214693, 0.023370233702337023, 0.009392821200939282, 0.004808229900480823, 0.00637370010063737, 0.001565470200156547, 0.0013418316001341832, 0.0007827351000782735, 0.0, 0.0003354579000335458, 0.0, 0.0, 0.0], [0.0, 0.0, 0.0, 0.0002817695125387433, 0.00014088475626937165, 0.00014088475626937165, 0.0014088475626937165, 0.00042265426880811494, 0.002113271344040575, 0.004649196956889264, 0.007889546351084813, 0.009298393913778529, 0.05001408847562694, 0.0874894336432798, 0.10608622147083685, 0.13454494223724994, 0.1576500422654269, 0.10355029585798817, 0.14976049591434207, 0.060862214708368556, 0.032826148210763594, 0.03832065370526909, 0.017328825021132713, 0.007466892082276698, 0.013384051845590307, 0.004790081713158636, 0.004930966469428008, 0.002817695125387433, 0.0009861932938856016, 0.0005635390250774866, 0.0002817695125387433, 0.0, 0.0], [0.0, 0.0, 0.0, 0.0001774937877174299, 0.0012424565140220093, 0.001597444089456869, 0.0026624068157614484, 0.004614838480653177, 0.0067447639332623354, 0.01828186013489528, 0.029996450124245653, 0.04082357117500887, 0.06922257720979766, 0.08892438764643237, 0.11625843095491657, 0.13276535321263755, 0.14288249911253106, 0.09229676961306355, 0.12300319488817892, 0.04703585374511892, 0.027511537096201633, 0.024139155129570464, 0.009939652112176074, 0.004792332268370607, 0.0056798012069577564, 0.0008874689385871495, 0.0033723819666311677, 0.0040823571175008875, 0.0007099751508697196, 0.0003549875754348598, 0.0, 0.0, 0.0], [0.0001149029070435482, 0.0, 0.0, 0.0, 0.0001149029070435482, 0.001034126163391934, 0.0006894174422612892, 0.002298058140870964, 0.002872572676088705, 0.00574514535217741, 0.014133057566356428, 0.021946455245317707, 0.035849706997587036, 0.04320349304837413, 0.06009422038377571, 0.1768355739400207, 0.19659887395151096, 0.13570033321843042, 0.14500746868895784, 0.06434562794438699, 0.03998621165115478, 0.027576697690451568, 0.012639319774790303, 0.0044812133746983795, 0.005055727909916121, 0.0021831552338274158, 0.001034126163391934, 0.0003447087211306446, 0.0001149029070435482, 0.0, 0.0, 0.0, 0.0], [0.0, 0.0, 0.0, 0.00015552099533437013, 0.00015552099533437013, 0.00046656298600311044, 0.0009331259720062209, 0.0029548989113530326, 0.005909797822706065, 0.008553654743390357, 0.02363919129082426, 0.03359253499222395, 0.06905132192846034, 0.09751166407465008, 0.12534992223950234, 0.1468118195956454, 0.15629860031104198, 0.10435458786936236, 0.10902021772939346, 0.03981337480559875, 0.026127527216174184, 0.018973561430793158, 0.010575427682737169, 0.004821150855365474, 0.008553654743390357, 0.002488335925349922, 0.002488335925349922, 0.0006220839813374805, 0.0006220839813374805, 0.0, 0.00015552099533437013, 0.0, 0.0], [0.0, 0.0, 0.0, 0.0001598976654940838, 0.0, 0.0006395906619763352, 0.0009593859929645027, 0.0009593859929645027, 0.002398464982411257, 0.003837543971858011, 0.013271506236008954, 0.021266389510713142, 0.03965462104253278, 0.060921010553245926, 0.09242085065558042, 0.11912376079309242, 0.15574032619123762, 0.11096897985289415, 0.16917173009274064, 0.06859609849696194, 0.04173329069395587, 0.043652062679884876, 0.019187719859290055, 0.011192836584585865, 0.012472017908538535, 0.006076111288775184, 0.003837543971858011, 0.001439078989446754, 0.0001598976654940838, 0.0001598976654940838, 0.0, 0.0, 0.0], [0.0, 0.0, 0.00011403808872163302, 0.0, 0.00022807617744326604, 0.00034211426616489907, 0.00034211426616489907, 0.0012544189759379632, 0.0011403808872163302, 0.00376325692781389, 0.006842285323297981, 0.01619340859847189, 0.02748317938191356, 0.045501197399931574, 0.10594138442239708, 0.15178469608849357, 0.16946059984034667, 0.10366062264796443, 0.16854829513057362, 0.05986999657885734, 0.04185197856083932, 0.0366062264796442, 0.02257954156688334, 0.01094765651727677, 0.01505302771125556, 0.004561523548865321, 0.003079028395484092, 0.0022807617744326604, 0.0004561523548865321, 0.00011403808872163302, 0.0, 0.0, 0.0], [0.0, 0.0, 9.131586156515387e-05, 0.0, 9.131586156515387e-05, 9.131586156515387e-05, 9.131586156515387e-05, 0.0008218427540863848, 0.0018263172313030774, 0.004657108939822847, 0.008857638571819926, 0.01607159163546708, 0.02785133777737193, 0.03616108117980093, 0.054424253492831705, 0.05935531001735001, 0.07287005752899278, 0.1514016984750251, 0.28782759565336496, 0.1051045566614921, 0.05926399415578486, 0.06355583964934709, 0.016162907497032235, 0.00730526892521231, 0.01461053785042462, 0.0055702675554743855, 0.003470002739475847, 0.001369737923477308, 0.0005478951693909232, 0.0005478951693909232, 0.0, 0.0, 0.0], [0.0, 0.0, 0.0, 0.0, 0.0, 0.00010271158586688578, 0.001027115858668858, 0.0026705012325390306, 0.005443714050944947, 0.009860312243221035, 0.018179950698438783, 0.032764995891536565, 0.050534100246507806, 0.07641741988496302, 0.11236647493837305, 0.13742810188989318, 0.17327444535743633, 0.11113393590797042, 0.15293755135579293, 0.04745275267050123, 0.02506162695152013, 0.027115858668857847, 0.007703368940016434, 0.003389482333607231, 0.002362366474938373, 0.0008216926869350862, 0.0012325390304026294, 0.0006162695152013147, 0.00010271158586688578, 0.0, 0.0, 0.0, 0.0], [0.0, 0.0031545741324921135, 0.0, 0.0031545741324921135, 0.006309148264984227, 0.01892744479495268, 0.025236593059936908, 0.0473186119873817, 0.08832807570977919, 0.056782334384858045, 0.0473186119873817, 0.07255520504731862, 0.07886435331230283, 0.11356466876971609, 0.12618296529968454, 0.0914826498422713, 0.0914826498422713, 0.04100946372239748, 0.03470031545741325, 0.022082018927444796, 0.006309148264984227, 0.00946372239747634, 0.0031545741324921135, 0.012618296529968454, 0.0, 0.0, 0.0, 0.0, 0.0, 0.0, 0.0, 0.0, 0.0]]}, "ranks": {"labels": ["Unranked", "Combatatent I", "Combatatent II", "Challenger I", "Challenger II", "Rival I", "Rival II", "Duelist", "Elite"], "data": [[0.12957317073170732, 0.19207317073170732, 0.24390243902439024, 0.21798780487804878, 0.12347560975609756, 0.06097560975609756, 0.018292682926829267, 0.012195121951219513, 0.001524390243902439], [0.06333870101986044, 0.09259259259259259, 0.17659688674181429, 0.25872249060654856, 0.2318840579710145, 0.12640901771336555, 0.029790660225442835, 0.015566290928609769, 0.005099302200751476], [0.007565176908752328, 0.012686219739292365, 0.031424581005586594, 0.06401303538175046, 0.28619646182495345, 0.3852420856610801, 0.08926908752327747, 0.09066573556797021, 0.03293761638733706], [0.015475648611743286, 0.025034137460172964, 0.054847519344560766, 0.09547109695038689, 0.11720527992717342, 0.36492944924897586, 0.15191169776968594, 0.135184342284934, 0.03994082840236687], [0.1813186813186813, 0.15934065934065933, 0.2087912087912088, 0.1978021978021978, 0.10989010989010989, 0.08791208791208792, 0.04395604395604396, 0.01098901098901099, 0.0], [0.007389675270607827, 0.018838467943380517, 0.1337427144046628, 0.2607202331390508, 0.2743547044129892, 0.17100333055786845, 0.05505828476269775, 0.059117402164862616, 0.0197751873438801], [0.08581695201860072, 0.11752272246882266, 0.2094694567744663, 0.23885013739167196, 0.18790953286831535, 0.08877615726062144, 0.027055590784189388, 0.030226167829211583, 0.014373282604100613], [0.2608695652173913, 0.2463768115942029, 0.21739130434782608, 0.1391304347826087, 0.06666666666666667, 0.04927536231884058, 0.014492753623188406, 0.005797101449275362, 0.0], [0.032637884734558975, 0.06093782276389176, 0.08923776079322454, 0.1676306548233836, 0.31512084280107416, 0.17145217930179715, 0.06651518281346828, 0.07147283619086965, 0.024994835777731872], [0.014901960784313726, 0.029411764705882353, 0.06, 0.1380392156862745, 0.19215686274509805, 0.21294117647058824, 0.10941176470588235, 0.15764705882352942, 0.08549019607843138], [0.03190277250284846, 0.05450056969236612, 0.12153437143942271, 0.23186479301177365, 0.24895556399544247, 0.17489555639954424, 0.062476262818078235, 0.0569692366122294, 0.01690087352829472], [0.08529891707461801, 0.13781338080403502, 0.2228156059931761, 0.2556000593383771, 0.1662958018098205, 0.07328289571280225, 0.028779112891262424, 0.023735350838154576, 0.006378875537754043], [0.014278557114228457, 0.03281563126252505, 0.06149799599198397, 0.1467935871743487, 0.3623496993987976, 0.2312124248496994, 0.06788577154308617, 0.06350200400801603, 0.019664328657314628], [0.01777239220438251, 0.0350398869029587, 0.1582348783197011, 0.2618398465111582, 0.26123396950419064, 0.15136827224073512, 0.05240836110269615, 0.046753509037665356, 0.015348884176512168], [0.014902264370040642, 0.04199729049738726, 0.11321850203212697, 0.21501838591058642, 0.2819818076253145, 0.18966518289142636, 0.07180181923746855, 0.05554480356106058, 0.015869943874588736], [0.04163434186708043, 0.07602792862684252, 0.1600724075510732, 0.23635893457460563, 0.23066976984742696, 0.1256788207913111, 0.05068528575122834, 0.05559865528833721, 0.023273855702094646], [0.04708133971291866, 0.08497607655502393, 0.1799043062200957, 0.2505263157894737, 0.21588516746411482, 0.13358851674641148, 0.038086124401913876, 0.038851674641148325, 0.011100478468899522], [0.012661339889366933, 0.027043638598647817, 0.14062692071296864, 0.28088506453595574, 0.26724031960663797, 0.17639827904118008, 0.04228641671788568, 0.040811309157959434, 0.012046711739397665], [0.16891891891891891, 0.1554054054054054, 0.13513513513513514, 0.17567567567567569, 0.18243243243243243, 0.060810810810810814, 0.04054054054054054, 0.0472972972972973, 0.033783783783783786], [0.008773830155979203, 0.01798093587521664, 0.0524263431542461, 0.2601819757365685, 0.35246967071057195, 0.17601819757365686, 0.06109185441941074, 0.05589254766031196, 0.015164644714038129], [0.0051740357478833494, 0.011523988711194732, 0.027634054562558796, 0.19214487300094074, 0.31714487300094074, 0.24223894637817497, 0.09183913452492945, 0.0832549388523048, 0.029045155221072438], [0.012526295658825778, 0.024096385542168676, 0.042455536431440045, 0.21275578504494166, 0.28858290304073436, 0.2256645630139606, 0.08711034614649073, 0.08538917575062153, 0.0214190093708166], [0.026706231454005934, 0.03857566765578635, 0.13501483679525222, 0.29821958456973297, 0.2893175074183976, 0.1513353115727003, 0.04451038575667656, 0.016320474777448073, 0.0], [0.007671957671957672, 0.020105820105820106, 0.04876543209876543, 0.08915343915343915, 0.30873015873015874, 0.30776014109347444, 0.09038800705467372, 0.10158730158730159, 0.02583774250440917], [0.008554486244774959, 0.02867697093418878, 0.07815689705453485, 0.14367648488383397, 0.32691746864975213, 0.2672304850782541, 0.08019830854476524, 0.057839992223194324, 0.008748906386701663], [0.019933908964929112, 0.05830934868350922, 0.13239526702910137, 0.23622215115659312, 0.2664961091568063, 0.16671996588849802, 0.06278648331734357, 0.04818249653555058, 0.008954269267668692], [0.01671994098844357, 0.042537496926481434, 0.10732726825670028, 0.22756331448241948, 0.251413818539464, 0.1992869436931399, 0.06491271207278092, 0.06528153430046718, 0.02495697074010327], [0.0539601243826596, 0.1055423449789647, 0.18346442290104262, 0.24455825864276567, 0.21803548564111944, 0.1194439363453448, 0.0343881470642034, 0.03146149625022864, 0.009145783793671118], [0.04699946893255443, 0.06930430164630907, 0.14020180562931492, 0.25172596919808815, 0.2458842272968667, 0.13515666489644185, 0.046202867764206054, 0.04460966542750929, 0.019915029208709505], [0.02079838980207984, 0.08241082410824108, 0.19769652241976965, 0.2883819747288382, 0.21446941742144693, 0.11293749301129374, 0.03533489880353349, 0.03757128480375713, 0.01039919490103992], [0.009157509157509158, 0.017187940264863342, 0.13750352211890673, 0.2406311637080868, 0.26120033812341503, 0.18202310510002817, 0.06142575373344604, 0.0631163708086785, 0.027754296985066217], [0.03532126375576855, 0.07082002129925452, 0.15814696485623003, 0.24902378416755414, 0.2351792687255946, 0.15033723819666311, 0.047213347532836354, 0.03887113951011715, 0.01508697195598154], [0.012869125588877399, 0.03607951281167414, 0.07905320004596117, 0.2369297943237964, 0.3322992071699414, 0.1812018844076755, 0.06813742387682409, 0.044697230839940254, 0.008732620935309663], [0.019129082426127528, 0.05723172628304821, 0.16656298600311042, 0.27216174183514774, 0.26065318818040434, 0.13048211508553656, 0.04447900466562986, 0.0343701399688958, 0.014930015552099534], [0.008954269267668692, 0.0345378957467221, 0.1005756315957787, 0.21154461144867284, 0.26670930604413173, 0.2072273744803326, 0.07227374480332587, 0.07403261912376079, 0.024144547489606653], [0.007184399589462881, 0.02303569392176987, 0.07298437678184513, 0.25772608051089063, 0.2731212224883111, 0.20082107423879575, 0.06944919603147451, 0.07013342456380431, 0.025544531873645797], [0.007670532371472925, 0.024929230207287007, 0.06401241895717286, 0.11377956351018172, 0.22427175600401789, 0.3465436946397589, 0.10565245183088302, 0.08702401607159163, 0.026116336407634007], [0.019104354971240755, 0.05094494658997535, 0.12695152013147082, 0.24979457682826622, 0.28440838126540674, 0.17974527526705011, 0.045706655710764175, 0.03820870994248151, 0.005135579293344289], [0.24921135646687698, 0.11987381703470032, 0.19242902208201892, 0.21766561514195584, 0.13249211356466878, 0.03785488958990536, 0.025236593059936908, 0.025236593059936908, 0.0]]}, "ranksDetailed": {"labels": ["Unranked", "Combatatant", "Challenger", "Rival", "Duelist", "Elite"], "data": [[0.12957317073170732, 0.43597560975609756, 0.34146341463414637, 0.07926829268292683, 0.012195121951219513, 0.001524390243902439], [0.06333870101986044, 0.26918947933440684, 0.4906065485775631, 0.15619967793880837, 0.015566290928609769, 0.005099302200751476], [0.007565176908752328, 0.044110800744878956, 0.3502094972067039, 0.47451117318435754, 0.09066573556797021, 0.03293761638733706], [0.015475648611743286, 0.07988165680473373, 0.2126763768775603, 0.5168411470186618, 0.135184342284934, 0.03994082840236687], [0.1813186813186813, 0.36813186813186816, 0.3076923076923077, 0.13186813186813187, 0.01098901098901099, 0.0], [0.007389675270607827, 0.1525811823480433, 0.5350749375520399, 0.2260616153205662, 0.059117402164862616, 0.0197751873438801], [0.08581695201860072, 0.32699217924328894, 0.42675967025998734, 0.11583174804481082, 0.030226167829211583, 0.014373282604100613], [0.2608695652173913, 0.463768115942029, 0.20579710144927535, 0.06376811594202898, 0.005797101449275362, 0.0], [0.032637884734558975, 0.1501755835571163, 0.48275149762445774, 0.23796736211526545, 0.07147283619086965, 0.024994835777731872], [0.014901960784313726, 0.08941176470588236, 0.33019607843137255, 0.32235294117647056, 0.15764705882352942, 0.08549019607843138], [0.03190277250284846, 0.17603494113178883, 0.4808203570072161, 0.2373718192176225, 0.0569692366122294, 0.01690087352829472], [0.08529891707461801, 0.3606289867972111, 0.4218958611481976, 0.10206200860406468, 0.023735350838154576, 0.006378875537754043], [0.014278557114228457, 0.09431362725450902, 0.5091432865731463, 0.29909819639278556, 0.06350200400801603, 0.019664328657314628], [0.01777239220438251, 0.1932747652226598, 0.5230738160153489, 0.2037766333434313, 0.046753509037665356, 0.015348884176512168], [0.014902264370040642, 0.15521579252951423, 0.4970001935359009, 0.2614670021288949, 0.05554480356106058, 0.015869943874588736], [0.04163434186708043, 0.2361003361779157, 0.4670287044220326, 0.17636410654253942, 0.05559865528833721, 0.023273855702094646], [0.04708133971291866, 0.2648803827751196, 0.4664114832535885, 0.17167464114832537, 0.038851674641148325, 0.011100478468899522], [0.012661339889366933, 0.16767055931161648, 0.5481253841425937, 0.21868469575906577, 0.040811309157959434, 0.012046711739397665], [0.16891891891891891, 0.2905405405405405, 0.3581081081081081, 0.10135135135135136, 0.0472972972972973, 0.033783783783783786], [0.008773830155979203, 0.07040727902946274, 0.6126516464471404, 0.2371100519930676, 0.05589254766031196, 0.015164644714038129], [0.0051740357478833494, 0.03915804327375353, 0.5092897460018815, 0.3340780809031044, 0.0832549388523048, 0.029045155221072438], [0.012526295658825778, 0.06655192197360872, 0.501338688085676, 0.3127749091604513, 0.08538917575062153, 0.0214190093708166], [0.026706231454005934, 0.17359050445103857, 0.5875370919881305, 0.19584569732937684, 0.016320474777448073, 0.0], [0.007671957671957672, 0.06887125220458554, 0.3978835978835979, 0.39814814814814814, 0.10158730158730159, 0.02583774250440917], [0.008554486244774959, 0.10683386798872363, 0.4705939535335861, 0.34742879362301937, 0.057839992223194324, 0.008748906386701663], [0.019933908964929112, 0.1907046157126106, 0.5027182603133994, 0.2295064492058416, 0.04818249653555058, 0.008954269267668692], [0.01671994098844357, 0.1498647651831817, 0.47897713302188344, 0.2641996557659208, 0.06528153430046718, 0.02495697074010327], [0.0539601243826596, 0.28900676788000734, 0.4625937442838851, 0.1538320834095482, 0.03146149625022864, 0.009145783793671118], [0.04699946893255443, 0.209506107275624, 0.49761019649495486, 0.18135953266064792, 0.04460966542750929, 0.019915029208709505], [0.02079838980207984, 0.2801073465280107, 0.5028513921502852, 0.14827239181482724, 0.03757128480375713, 0.01039919490103992], [0.009157509157509158, 0.15469146238377007, 0.5018315018315018, 0.24344885883347422, 0.0631163708086785, 0.027754296985066217], [0.03532126375576855, 0.22896698615548455, 0.48420305289314874, 0.19755058572949946, 0.03887113951011715, 0.01508697195598154], [0.012869125588877399, 0.1151327128576353, 0.5692290014937378, 0.2493393082844996, 0.044697230839940254, 0.008732620935309663], [0.019129082426127528, 0.22379471228615863, 0.5328149300155521, 0.1749611197511664, 0.0343701399688958, 0.014930015552099534], [0.008954269267668692, 0.1351135273425008, 0.4782539174928046, 0.27950111928365845, 0.07403261912376079, 0.024144547489606653], [0.007184399589462881, 0.09602007070361501, 0.5308473029992017, 0.2702702702702703, 0.07013342456380431, 0.025544531873645797], [0.007670532371472925, 0.08894164916445986, 0.33805131951419964, 0.45219614647064194, 0.08702401607159163, 0.026116336407634007], [0.019104354971240755, 0.17789646672144618, 0.534202958093673, 0.2254519309778143, 0.03820870994248151, 0.005135579293344289], [0.24921135646687698, 0.31230283911671924, 0.3501577287066246, 0.06309148264984227, 0.025236593059936908, 0.0]]}}}, "eu": {"histType": {"histogram": {"labels": ["0", "100", "200", "300", "400", "500", "600", "700", "800", "900", "1000", "1100", "1200", "1300", "1400", "1500", "1600", "1700", "1800", "1900", "2000", "2100", "2200", "2300", "2400", "2500", "2600", "2700", "2800", "2900", "3000", "3100", "3200"], "data": [[0.0, 0.0, 0.00202020202020202, 0.0, 0.0, 0.00404040404040404, 0.012121212121212121, 0.026262626262626262, 0.046464646464646465, 0.07878787878787878, 0.07878787878787878, 0.10505050505050505, 0.08686868686868687, 0.13131313131313133, 0.14343434343434344, 0.09090909090909091, 0.06666666666666667, 0.04040404040404041, 0.04242424242424243, 0.01818181818181818, 0.014141414141414142, 0.00808080808080808, 0.00404040404040404, 0.0, 0.0, 0.0, 0.0, 0.0, 0.0, 0.0, 0.0, 0.0, 0.0], [0.00029507229271171436, 0.00029507229271171436, 0.0005901445854234287, 0.0008852168781351431, 0.002360578341693715, 0.0035408675125405725, 0.006196518146946002, 0.011212747123045146, 0.02095013278253172, 0.03363824136913544, 0.04396577161404544, 0.06639126586013573, 0.08114488049572145, 0.10593095308350546, 0.12776630274417233, 0.13396282089111833, 0.14251991737975805, 0.06668633815284744, 0.09206255532605488, 0.02508114488049572, 0.01150781941575686, 0.01150781941575686, 0.00472115668338743, 0.0026556506344054295, 0.0029507229271171437, 0.0005901445854234287, 0.0005901445854234287, 0.0, 0.0, 0.0, 0.0, 0.0, 0.0], [0.0, 0.0, 0.0, 0.00011724703951225231, 0.00011724703951225231, 0.00011724703951225231, 0.0, 0.0008207292765857662, 0.001875952632196037, 0.002579434869269551, 0.005862351975612616, 0.009497010200492437, 0.011841950990737484, 0.015476609215617306, 0.02567710165318326, 0.0354086059327002, 0.2173760112557158, 0.14737952866690116, 0.29769023332160865, 0.07773478719662329, 0.05123695626685426, 0.0531129088990503, 0.017469808887325595, 0.0065658342126861296, 0.011490209872200726, 0.0048071286200023445, 0.0036346582248798216, 0.0016414585531715324, 0.00023449407902450463, 0.00023449407902450463, 0.0, 0.0, 0.0], [0.0, 0.0, 0.0, 0.0001087547580206634, 0.0001087547580206634, 0.0002175095160413268, 0.0007612833061446438, 0.0020663404023926048, 0.002392604676454595, 0.005981511691136488, 0.011636759108210984, 0.017400761283306143, 0.020554649265905382, 0.02686242523110386, 0.04284937466014138, 0.054377379010331704, 0.07797716150081566, 0.05318107667210441, 0.29015769439913, 0.1397498640565525, 0.08689505165851005, 0.08232735182164219, 0.03066884176182708, 0.013268080478520934, 0.02272974442631865, 0.009352909189777053, 0.004241435562805873, 0.0031538879825992387, 0.0007612833061446438, 0.0002175095160413268, 0.0, 0.0, 0.0], [0.0, 0.0, 0.0, 0.0, 0.0, 0.018072289156626505, 0.030120481927710843, 0.05421686746987952, 0.06626506024096386, 0.05421686746987952, 0.060240963855421686, 0.08433734939759036, 0.06626506024096386, 0.1144578313253012, 0.08433734939759036, 0.14457831325301204, 0.012048192771084338, 0.06626506024096386, 0.04819277108433735, 0.04216867469879518, 0.030120481927710843, 0.006024096385542169, 0.0, 0.006024096385542169, 0.012048192771084338, 0.0, 0.0, 0.0, 0.0, 0.0, 0.0, 0.0, 0.0], [0.0, 0.00010396091069757771, 0.00010396091069757771, 0.00020792182139515541, 0.00031188273209273315, 0.00010396091069757771, 0.00020792182139515541, 0.0011435700176733548, 0.0019752573032539764, 0.003950514606507953, 0.007797068302318328, 0.028797172263229025, 0.058426031812038676, 0.08275288491527186, 0.11997089094500468, 0.13234223931801642, 0.1530304605468344, 0.10666389437571473, 0.14128287763800812, 0.05281214263436948, 0.0312