{"region": {"us": {"histType": {"histogram": {"labels": ["0", "100", "200", "300", "400", "500", "600", "700", "800", "900", "1000", "1100", "1200", "1300", "1400", "1500", "1600", "1700", "1800", "1900", "2000", "2100", "2200", "2300", "2400", "2500", "2600", "2700", "2800", "2900", "3000", "3100"], "data": [[0.0, 0.0, 0.0, 0.005235602094240838, 0.0, 0.015706806282722512, 0.020942408376963352, 0.015706806282722512, 0.04712041884816754, 0.05235602094240838, 0.05759162303664921, 0.09947643979057591, 0.09424083769633508, 0.11518324607329843, 0.13089005235602094, 0.07329842931937172, 0.04712041884816754, 0.05759162303664921, 0.06282722513089005, 0.05235602094240838, 0.020942408376963352, 0.031413612565445025, 0.0, 0.0, 0.0, 0.0, 0.0, 0.0, 0.0, 0.0, 0.0, 0.0], [0.0, 0.0011890606420927466, 0.0, 0.0005945303210463733, 0.0017835909631391202, 0.0011890606420927466, 0.005945303210463734, 0.01248513674197384, 0.014268727705112961, 0.025564803804994055, 0.04280618311533888, 0.05826397146254459, 0.07966706302021404, 0.07788347205707491, 0.13020214030915578, 0.1278240190249703, 0.15695600475624258, 0.07372175980975029, 0.0980975029726516, 0.03329369797859691, 0.021997621878715814, 0.011890606420927468, 0.0089179548156956, 0.004161712247324614, 0.005945303210463734, 0.004161712247324614, 0.0011890606420927466, 0.0, 0.0, 0.0, 0.0, 0.0], [0.00017445917655268666, 0.0, 0.00017445917655268666, 0.0003489183531053733, 0.0003489183531053733, 0.00017445917655268666, 0.0003489183531053733, 0.0008722958827634334, 0.004884856943475227, 0.006106071179344034, 0.011514305652477321, 0.016224703419399862, 0.027913468248429867, 0.04326587578506629, 0.07030704815073273, 0.09368457780879275, 0.13974180041870202, 0.11252616887648291, 0.2107466852756455, 0.07484298674110258, 0.04815073272854152, 0.06699232379623168, 0.024773203070481507, 0.01203768318213538, 0.021458478715980462, 0.005757152826238661, 0.004884856943475227, 0.0017445917655268667, 0.0, 0.0, 0.0, 0.0], [0.0, 0.00015862944162436547, 0.0, 0.00015862944162436547, 0.00015862944162436547, 0.00015862944162436547, 0.0020621827411167514, 0.002696700507614213, 0.00840736040609137, 0.01475253807106599, 0.02458756345177665, 0.02728426395939086, 0.052189086294416244, 0.07106598984771574, 0.10453680203045686, 0.125, 0.16132614213197968, 0.11262690355329949, 0.14673223350253808, 0.0578997461928934, 0.03553299492385787, 0.030456852791878174, 0.008724619289340102, 0.0034898477157360407, 0.00666243654822335, 0.0020621827411167514, 0.0011104060913705585, 0.00015862944162436547, 0.0, 0.0, 0.0, 0.0], [0.0, 0.0, 0.0, 0.0, 0.0, 0.0, 0.0, 0.05714285714285714, 0.04285714285714286, 0.08571428571428572, 0.05714285714285714, 0.07142857142857142, 0.14285714285714285, 0.15714285714285714, 0.02857142857142857, 0.0, 0.1, 0.04285714285714286, 0.07142857142857142, 0.07142857142857142, 0.02857142857142857, 0.02857142857142857, 0.0, 0.014285714285714285, 0.0, 0.0, 0.0, 0.0, 0.0, 0.0, 0.0, 0.0], [0.0, 0.0, 0.0, 0.0, 0.0, 0.0, 0.00030211480362537764, 0.0022658610271903325, 0.002416918429003021, 0.008459214501510574, 0.014350453172205438, 0.023564954682779457, 0.042749244712990936, 0.07235649546827795, 0.10664652567975831, 0.13444108761329304, 0.15770392749244713, 0.10120845921450151, 0.1379154078549849, 0.0581570996978852, 0.036858006042296075, 0.04607250755287009, 0.019637462235649546, 0.006646525679758308, 0.015861027190332326, 0.005740181268882176, 0.005438066465256798, 0.0012084592145015106, 0.0, 0.0, 0.0, 0.0], [0.0, 0.0, 0.000744324525493115, 0.00148864905098623, 0.00148864905098623, 0.002232973576479345, 0.00446594715295869, 0.010048381094157052, 0.020468924451060664, 0.0323781168589505, 0.04652028284331969, 0.06103461109043543, 0.08001488649050986, 0.10494975809452921, 0.12765165612206922, 0.13100111648678825, 0.1164867882396725, 0.07554893933755118, 0.06847785634536659, 0.03275027912169706, 0.020468924451060664, 0.021213248976553776, 0.0070710829921845925, 0.00744324525493115, 0.011164867882396725, 0.007815407517677708, 0.005582433941198363, 0.00148864905098623, 0.0, 0.0, 0.0, 0.0], [0.0, 0.0, 0.005434782608695652, 0.010869565217391304, 0.005434782608695652, 0.010869565217391304, 0.016304347826086956, 0.043478260869565216, 0.08152173913043478, 0.125, 0.10326086956521739, 0.10326086956521739, 0.13043478260869565, 0.09239130434782608, 0.06521739130434782, 0.059782608695652176, 0.04891304347826087, 0.021739130434782608, 0.010869565217391304, 0.05434782608695652, 0.010869565217391304, 0.0, 0.0, 0.0, 0.0, 0.0, 0.0, 0.0, 0.0, 0.0, 0.0, 0.0], [0.0004343419719125525, 0.0005791226292167366, 0.0007239032865209208, 0.0004343419719125525, 0.001013464601129289, 0.0028956131460836834, 0.002750832488779499, 0.007962936151730129, 0.014478065730418417, 0.032865209208049806, 0.05414796583176488, 0.07760243231504271, 0.10380773128710004, 0.11828579701751846, 0.1408715795569712, 0.12045750687708122, 0.09613435644997828, 0.06051831475314898, 0.06283480527001592, 0.030693499348487044, 0.020993195309106705, 0.02084841465180252, 0.009989865353988707, 0.0060807876067757345, 0.008107716809034313, 0.0039090777472129724, 0.0005791226292167366, 0.0, 0.0, 0.0, 0.0, 0.0], [0.0, 0.0, 0.0008074283407347598, 0.0, 0.0020185708518368995, 0.0008074283407347598, 0.005248284214775939, 0.0036334275333064193, 0.014533710133225677, 0.020993136859103756, 0.03471941865159467, 0.04763827210335083, 0.0702462656439241, 0.08477997577714978, 0.11748082357690755, 0.12394025030278563, 0.156237383932176, 0.0863948324586193, 0.11505853855470327, 0.04158255954784013, 0.024222850222042795, 0.023415421881308032, 0.008881711748082357, 0.006459426725878078, 0.006459426725878078, 0.0036334275333064193, 0.0008074283407347598, 0.0, 0.0, 0.0, 0.0, 0.0], [0.0, 0.0, 0.00088948187680676, 0.0011118523460084502, 0.0011118523460084502, 0.0024460751612185904, 0.00578163219924394, 0.0111185234600845, 0.01801200800533689, 0.03224371803424505, 0.06315321325327997, 0.07249277295975094, 0.1002890816099622, 0.09917722926395375, 0.14854347342672894, 0.12586168556815655, 0.11007338225483655, 0.06470980653769179, 0.0669335112297087, 0.03024238381142984, 0.01623304425172337, 0.01378696909050478, 0.00578163219924394, 0.004002668445630421, 0.00355792750722704, 0.0022237046920169003, 0.00022237046920169, 0.0, 0.0, 0.0, 0.0, 0.0], [0.0, 0.0, 0.0, 0.0, 0.0004106776180698152, 0.001026694045174538, 0.0026694045174537988, 0.004106776180698152, 0.009240246406570842, 0.012320328542094456, 0.03285420944558522, 0.043326488706365504, 0.06242299794661191, 0.07474332648870637, 0.12073921971252567, 0.1162217659137577, 0.15585215605749486, 0.0997946611909651, 0.12833675564681724, 0.0486652977412731, 0.027720739219712527, 0.030390143737166326, 0.01026694045174538, 0.00595482546201232, 0.006776180698151951, 0.004517453798767967, 0.0016427104722792608, 0.0, 0.0, 0.0, 0.0, 0.0], [0.00016463615409944023, 0.0, 0.0, 0.00032927230819888045, 0.00016463615409944023, 0.0008231807704972012, 0.002140270003292723, 0.0031280869278893647, 0.007737899242673691, 0.02057951926243003, 0.03704313467237405, 0.04494567006914719, 0.0642081000987817, 0.08528152782351005, 0.12034902864669081, 0.13269674020414884, 0.15080671715508726, 0.09318406322028318, 0.10783668093513335, 0.04741521238063879, 0.025847876193612118, 0.026506420810009878, 0.008561080013170892, 0.004609812314784327, 0.008067171550872571, 0.0037866315442871253, 0.0023049061573921633, 0.0013170892327955218, 0.00016463615409944023, 0.0, 0.0, 0.0], [0.0, 0.0, 0.0002966478789676654, 0.0, 0.0002966478789676654, 0.0002966478789676654, 0.0002966478789676654, 0.0008899436369029962, 0.003263126668644319, 0.0059329575793533075, 0.014832393948383269, 0.02254523880154257, 0.042717294571343815, 0.05665974488282409, 0.0925541382379116, 0.12815188371403144, 0.17116582616434292, 0.12043903886087215, 0.14773064372589736, 0.0703055473153367, 0.036784336991990504, 0.04034411153960249, 0.0154256897063186, 0.011272619400771285, 0.010382675763868289, 0.003263126668644319, 0.003263126668644319, 0.0008899436369029962, 0.0, 0.0, 0.0, 0.0], [0.0, 0.0, 0.0, 0.0, 0.0006169031462060457, 0.001850709438618137, 0.0012338062924120913, 0.004935225169648365, 0.011104256631708822, 0.016656384947563233, 0.025293028994447873, 0.05181986428130783, 0.05367057371992597, 0.08019740900678593, 0.10549043800123381, 0.11782850092535473, 0.13325107958050586, 0.09253547193090685, 0.11289327575570636, 0.04688463911165947, 0.04133251079580506, 0.032078963602714373, 0.024059222702035782, 0.006785934608266502, 0.01850709438618137, 0.011104256631708822, 0.003701418877236274, 0.005552128315854411, 0.0006169031462060457, 0.0, 0.0, 0.0], [0.0002777777777777778, 0.0, 0.0005555555555555556, 0.0002777777777777778, 0.0005555555555555556, 0.0011111111111111111, 0.002777777777777778, 0.004166666666666667, 0.008888888888888889, 0.014722222222222222, 0.02722222222222222, 0.04472222222222222, 0.07777777777777778, 0.09361111111111112, 0.12444444444444444, 0.13194444444444445, 0.1361111111111111, 0.08638888888888889, 0.10555555555555556, 0.04555555555555556, 0.025833333333333333, 0.03138888888888889, 0.012777777777777779, 0.006111111111111111, 0.01, 0.0030555555555555557, 0.0030555555555555557, 0.0011111111111111111, 0.0, 0.0, 0.0, 0.0], [0.0, 0.0, 0.0, 0.0006610841780520053, 0.0006610841780520053, 0.00044072278536800354, 0.0017628911414720142, 0.004847950639048039, 0.007051564565888057, 0.015866020273248127, 0.03129131776112825, 0.0370207139709123, 0.06588805641251652, 0.07778757161745262, 0.11679153812252094, 0.13265755839576907, 0.1505068312031732, 0.0885852798589687, 0.1392684001762891, 0.04275011018069634, 0.024019391802556193, 0.027104451300132216, 0.012119876597620097, 0.00617011899515205, 0.008373732921992068, 0.0033054208902600266, 0.003085059497576025, 0.001983252534156016, 0.0, 0.0, 0.0, 0.0], [0.0, 0.0, 0.0, 0.037037037037037035, 0.0, 0.0, 0.0, 0.0, 0.018518518518518517, 0.07407407407407407, 0.037037037037037035, 0.09259259259259259, 0.07407407407407407, 0.05555555555555555, 0.09259259259259259, 0.12962962962962962, 0.1111111111111111, 0.05555555555555555, 0.07407407407407407, 0.037037037037037035, 0.0, 0.07407407407407407, 0.037037037037037035, 0.0, 0.0, 0.0, 0.0, 0.0, 0.0, 0.0, 0.0, 0.0], [0.00014316392269148176, 0.0, 0.0, 0.00014316392269148176, 0.00014316392269148176, 0.0002863278453829635, 0.00042949176807444524, 0.0014316392269148174, 0.0035790980672870437, 0.008303507516105941, 0.015891195418754472, 0.021617752326413744, 0.0423765211166786, 0.06327845382963493, 0.1098067287043665, 0.1490336435218325, 0.16578382247673587, 0.11424481030780244, 0.11954187544738726, 0.06342161775232641, 0.03894058697208304, 0.04309234073013601, 0.017036506800286327, 0.007301360057265569, 0.009305654974946313, 0.0041517537580529704, 0.0007158196134574087, 0.0, 0.0, 0.0, 0.0, 0.0], [0.0, 0.0, 0.0, 0.0002004008016032064, 0.0, 0.0004008016032064128, 0.0016032064128256513, 0.0008016032064128256, 0.003006012024048096, 0.004609218436873747, 0.011823647294589179, 0.017034068136272545, 0.02745490981963928, 0.04008016032064128, 0.06753507014028057, 0.09899799599198397, 0.13827655310621242, 0.11783567134268537, 0.17955911823647294, 0.08877755511022044, 0.06172344689378757, 0.06593186372745491, 0.024849699398797595, 0.01282565130260521, 0.02124248496993988, 0.008416833667334669, 0.004008016032064128, 0.003006012024048096, 0.0, 0.0, 0.0, 0.0], [0.00024743288383026105, 0.00012371644191513053, 0.0, 0.00024743288383026105, 0.00024743288383026105, 0.0011134479772361746, 0.0008660150934059137, 0.0027217617221328714, 0.0044537919089446985, 0.009155016701719658, 0.017815167635778794, 0.025361870592601757, 0.029691946059631324, 0.050352591859458125, 0.07521959668439936, 0.10874675244339972, 0.1474699987628356, 0.12656192007917852, 0.15959421007051838, 0.08177656810590127, 0.048373128788816035, 0.055796115303723866, 0.021031795125572187, 0.012371644191513051, 0.014227390820240009, 0.005196090560435482, 0.0012371644191513053, 0.0, 0.0, 0.0, 0.0, 0.0], [0.0, 0.0, 0.0, 0.0, 0.0, 0.0022727272727272726, 0.0, 0.004545454545454545, 0.006818181818181818, 0.00909090909090909, 0.013636363636363636, 0.031818181818181815, 0.05227272727272727, 0.10681818181818181, 0.13636363636363635, 0.15454545454545454, 0.18181818181818182, 0.12272727272727273, 0.1159090909090909, 0.03636363636363636, 0.01818181818181818, 0.006818181818181818, 0.0, 0.0, 0.0, 0.0, 0.0, 0.0, 0.0, 0.0, 0.0, 0.0], [0.0, 0.0, 0.0, 0.00010703200256876806, 0.00010703200256876806, 0.00032109600770630417, 0.0005351600128438403, 0.0012843840308252167, 0.0026758000642192015, 0.007278176174676228, 0.011773520282564487, 0.02140640051375361, 0.03746120089906882, 0.04645188911484534, 0.07663491383923793, 0.10007492240179813, 0.1545542117093011, 0.11612972278711335, 0.19918655678047736, 0.07631381783153163, 0.04559563309429519, 0.05908166541795997, 0.017874344428984265, 0.006314888151557316, 0.011345392272289414, 0.0047094081130257944, 0.001819544043669057, 0.0009632880231189126, 0.0, 0.0, 0.0, 0.0], [0.00020078305391024997, 0.0, 0.00020078305391024997, 0.0, 0.0010039152695512498, 0.0008031322156409999, 0.0007027406886858749, 0.0014054813773717498, 0.0020078305391024996, 0.008031322156409998, 0.012950506977211123, 0.029113542816986245, 0.05541612287922899, 0.07940969782150387, 0.12468627647826523, 0.16604758558377672, 0.1924505571729746, 0.11404477462102199, 0.11625338821403473, 0.043369139644613995, 0.02339122578054412, 0.017166951109326374, 0.005521533982531874, 0.0021082220660576245, 0.0026101797008332497, 0.0010039152695512498, 0.00010039152695512498, 0.0, 0.0, 0.0, 0.0, 0.0], [0.0, 0.00016233766233766234, 0.0, 0.00016233766233766234, 0.0003246753246753247, 0.000974025974025974, 0.0012987012987012987, 0.0025974025974025974, 0.005357142857142857, 0.008928571428571428, 0.019155844155844155, 0.030357142857142857, 0.050811688311688315, 0.06558441558441558, 0.12012987012987013, 0.1474025974025974, 0.15714285714285714, 0.1086038961038961, 0.12516233766233767, 0.06266233766233766, 0.032467532467532464, 0.03133116883116883, 0.014448051948051948, 0.007142857142857143, 0.00551948051948052, 0.0017857142857142857, 0.000487012987012987, 0.0, 0.0, 0.0, 0.0, 0.0], [0.0, 0.0, 0.0, 0.0, 0.00035014005602240897, 0.0, 0.0007002801120448179, 0.0012254901960784314, 0.0022759103641456584, 0.004726890756302521, 0.01330532212885154, 0.019432773109243698, 0.03658963585434174, 0.06004901960784314, 0.10346638655462184, 0.13077731092436976, 0.15791316526610644, 0.09611344537815127, 0.16334033613445378, 0.06004901960784314, 0.039740896358543415, 0.04726890756302521, 0.02188375350140056, 0.01207983193277311, 0.01610644257703081, 0.005777310924369748, 0.0056022408963585435, 0.0012254901960784314, 0.0, 0.0, 0.0, 0.0], [0.0005567928730512249, 0.0011135857461024498, 0.0005567928730512249, 0.0005567928730512249, 0.0016703786191536749, 0.0033407572383073497, 0.006124721603563474, 0.0077951002227171495, 0.02505567928730512, 0.03953229398663697, 0.04899777282850779, 0.08073496659242761, 0.07683741648106904, 0.10579064587973273, 0.1291759465478842, 0.11971046770601336, 0.10746102449888642, 0.06959910913140312, 0.09020044543429843, 0.02951002227171492, 0.018374164810690423, 0.021714922048997772, 0.01002227171492205, 0.0011135857461024498, 0.004454342984409799, 0.0, 0.0, 0.0, 0.0, 0.0, 0.0, 0.0], [0.0, 0.0, 0.0, 0.0020222446916076846, 0.0010111223458038423, 0.003033367037411527, 0.004044489383215369, 0.014155712841253791, 0.01820020222446916, 0.020222446916076844, 0.03842264914054601, 0.043478260869565216, 0.06268958543983821, 0.055611729019211326, 0.11122345803842265, 0.12234580384226491, 0.14661274014155712, 0.09504550050556117, 0.12234580384226491, 0.054600606673407485, 0.0262891809908999, 0.0262891809908999, 0.00910010111223458, 0.00910010111223458, 0.007077856420626896, 0.003033367037411527, 0.004044489383215369, 0.0, 0.0, 0.0, 0.0, 0.0], [0.0003654302941713868, 0.0, 0.0, 0.0, 0.0007308605883427736, 0.0010962908825141605, 0.0038370180887995617, 0.007125890736342043, 0.011145623972227297, 0.020281381326511968, 0.03855289603508131, 0.05792070162616481, 0.07966380412936232, 0.1078019367805591, 0.13959437237346975, 0.14196966928558377, 0.1304586150191851, 0.08185638589439065, 0.08441439795359035, 0.028868993239539557, 0.021743102503197515, 0.0221085327973689, 0.007674036177599123, 0.005481454412570802, 0.005298739265485109, 0.0009135757354284671, 0.0010962908825141605, 0.0, 0.0, 0.0, 0.0, 0.0], [0.0, 0.0, 0.0, 0.0006743088334457181, 0.00033715441672285906, 0.0, 0.0020229265003371545, 0.0016857720836142953, 0.004045853000674309, 0.012811867835468645, 0.022926500337154418, 0.030006743088334457, 0.04753877275792313, 0.06709372892784896, 0.10080917060013486, 0.12306136210384357, 0.14531355360755227, 0.10249494268374916, 0.12306136210384357, 0.06439649359406609, 0.04146999325691166, 0.04383007417397168, 0.019554956169925825, 0.008766014834794335, 0.023263654753877275, 0.008428860418071477, 0.0050573162508428865, 0.0010114632501685772, 0.00033715441672285906, 0.0, 0.0, 0.0], [0.0, 0.0, 0.0, 0.0, 0.00025799793601651185, 0.0, 0.0015479876160990713, 0.0015479876160990713, 0.003869969040247678, 0.01238390092879257, 0.020123839009287926, 0.0304437564499484, 0.052889576883384935, 0.07765737874097008, 0.11351909184726522, 0.13854489164086686, 0.15531475748194015, 0.09803921568627451, 0.13338493292053663, 0.05959752321981424, 0.03457172342621259, 0.032765737874097006, 0.012641898864809082, 0.006449948400412796, 0.007739938080495356, 0.004901960784313725, 0.001805985552115583, 0.0, 0.0, 0.0, 0.0, 0.0], [0.0004669260700389105, 0.0001556420233463035, 0.0001556420233463035, 0.000311284046692607, 0.0004669260700389105, 0.0014007782101167316, 0.0015564202334630351, 0.0035797665369649806, 0.007003891050583658, 0.01151750972762646, 0.029105058365758756, 0.04264591439688716, 0.07081712062256809, 0.09992217898832685, 0.13727626459143968, 0.1463035019455253, 0.14599221789883268, 0.10023346303501945, 0.09400778210116731, 0.04575875486381323, 0.022412451361867706, 0.020233463035019456, 0.00980544747081712, 0.003735408560311284, 0.0031128404669260703, 0.0020233463035019454, 0.0, 0.0, 0.0, 0.0, 0.0, 0.0], [0.0, 0.0, 0.0, 0.0006131207847946045, 0.0006131207847946045, 0.0015328019619865114, 0.0006131207847946045, 0.003678724708767627, 0.005211526670754138, 0.007050889025137952, 0.022378908645003064, 0.03678724708767627, 0.05518087063151441, 0.07878602084610668, 0.12078479460453709, 0.15021459227467812, 0.15450643776824036, 0.10453709380748008, 0.10515021459227468, 0.05518087063151441, 0.03249540159411404, 0.027283874923359902, 0.015021459227467811, 0.005824647455548743, 0.011342734518700184, 0.002452483139178418, 0.0027590435315757206, 0.0, 0.0, 0.0, 0.0, 0.0], [0.0, 0.0, 0.0, 0.0, 0.0, 0.0005950609937518596, 0.0011901219875037191, 0.002677774471883368, 0.0047604879500148765, 0.005355548943766736, 0.01338887235941684, 0.022909848259446593, 0.03629872061886343, 0.05087771496578399, 0.09074680154715858, 0.12258256471288308, 0.14727759595358525, 0.10859863135971437, 0.15055043141922048, 0.07438262421898245, 0.04373698304076168, 0.05950609937518596, 0.020827134781315086, 0.01636417732817614, 0.016661707825052066, 0.008330853912526033, 0.0017851829812555787, 0.0005950609937518596, 0.0, 0.0, 0.0, 0.0], [0.0, 0.0, 0.0003477051460361613, 0.0, 0.00017385257301808066, 0.000521557719054242, 0.000521557719054242, 0.002086230876216968, 0.0033031988873435327, 0.0076495132127955496, 0.01564673157162726, 0.03285813630041724, 0.05737134909596662, 0.0952712100139082, 0.12569541029207232, 0.1310848400556328, 0.14012517385257303, 0.09405424200278165, 0.12204450625869263, 0.052503477051460364, 0.032162726008344925, 0.03390125173852573, 0.019819193324061197, 0.006780250347705146, 0.014255910987482615, 0.005389429763560501, 0.004520166898470098, 0.0017385257301808068, 0.00017385257301808066, 0.0, 0.0, 0.0], [0.0, 0.0, 0.00011428571428571428, 0.0, 0.00034285714285714285, 0.00022857142857142857, 0.00034285714285714285, 0.0013714285714285714, 0.0026285714285714285, 0.0077714285714285715, 0.014742857142857143, 0.028114285714285713, 0.047657142857142856, 0.07097142857142857, 0.10582857142857142, 0.12697142857142857, 0.16445714285714286, 0.10411428571428571, 0.15771428571428572, 0.057485714285714286, 0.0352, 0.04182857142857143, 0.011542857142857143, 0.0056, 0.009485714285714287, 0.0029714285714285715, 0.0021714285714285715, 0.00034285714285714285, 0.0, 0.0, 0.0, 0.0], [0.0, 0.0, 0.0, 0.0, 0.0, 0.00026727248429774154, 0.0008018174528932247, 0.0005345449685954831, 0.0025390886008285446, 0.0064145396231457975, 0.009621809434718695, 0.021916343712414806, 0.03942269143391688, 0.06695175731658426, 0.10944808231992516, 0.154082587197648, 0.1825471067753575, 0.11786716557530402, 0.16129894427368702, 0.05144995322731525, 0.024856341039689964, 0.031939061873580116, 0.00881999198182547, 0.0025390886008285446, 0.0034745422958706402, 0.0021381798743819323, 0.0010690899371909662, 0.0, 0.0, 0.0, 0.0, 0.0], [0.0, 0.005813953488372093, 0.0, 0.005813953488372093, 0.005813953488372093, 0.023255813953488372, 0.040697674418604654, 0.011627906976744186, 0.0872093023255814, 0.08139534883720931, 0.046511627906976744, 0.040697674418604654, 0.0872093023255814, 0.11046511627906977, 0.09302325581395349, 0.11627906976744186, 0.06395348837209303, 0.06976744186046512, 0.05813953488372093, 0.005813953488372093, 0.023255813953488372, 0.005813953488372093, 0.011627906976744186, 0.005813953488372093, 0.0, 0.0, 0.0, 0.0, 0.0, 0.0, 0.0, 0.0]]}, "ranks": {"labels": ["Unranked", "Combatatent I", "Combatatent II", "Challenger I", "Challenger II", "Rival I", "Rival II", "Duelist", "Elite"], "data": [[0.15706806282722513, 0.15706806282722513, 0.2094240837696335, 0.20418848167539266, 0.10471204188481675, 0.09947643979057591, 0.03664921465968586, 0.031413612565445025, 0.0], [0.06302021403091558, 0.10107015457788347, 0.15755053507728894, 0.25802615933412604, 0.23067776456599287, 0.11652794292508918, 0.036860879904875146, 0.02497027348394768, 0.011296076099881093], [0.013433356594556873, 0.02773900907187718, 0.07117934403349616, 0.16399162595952546, 0.2522679692951849, 0.2529658060013957, 0.08077459874389394, 0.10380321004884857, 0.03384508025122122], [0.028553299492385786, 0.05187182741116751, 0.12325507614213198, 0.22953680203045684, 0.2739530456852792, 0.17925126903553298, 0.06091370558375635, 0.042671319796954314, 0.009993654822335026], [0.18571428571428572, 0.12857142857142856, 0.3, 0.02857142857142857, 0.14285714285714285, 0.12857142857142856, 0.04285714285714286, 0.04285714285714286, 0.0], [0.013444108761329305, 0.037915407854984894, 0.11510574018126889, 0.24108761329305137, 0.25891238670694866, 0.1687311178247734, 0.06419939577039276, 0.07235649546827795, 0.02824773413897281], [0.07331596576107183, 0.10755489393375511, 0.18496464458503908, 0.25865277260885744, 0.19203572757722367, 0.08708596948269445, 0.03461109043542985, 0.03572757722366952, 0.026051358392259024], [0.29891304347826086, 0.20652173913043478, 0.22282608695652173, 0.125, 0.07065217391304347, 0.043478260869565216, 0.03260869565217391, 0.0, 0.0], [0.06413783118575359, 0.13175039814680758, 0.2220935283046185, 0.2613290864340524, 0.15665267120312726, 0.0796293615173013, 0.03489213841030838, 0.03691906761256696, 0.012595917185464022], [0.04804198627371821, 0.08235769075494549, 0.15502624142107388, 0.24142107387969317, 0.24263221639079532, 0.13928138877674606, 0.04158255954784013, 0.03875656035526847, 0.010900282599919257], [0.07271514342895263, 0.13564598621303092, 0.19946631087391595, 0.2744051589948855, 0.17478318879252835, 0.08116522125861686, 0.03224371803424505, 0.023571269735379142, 0.00600400266844563], [0.029774127310061602, 0.07618069815195072, 0.1371663244353183, 0.23696098562628337, 0.25564681724845995, 0.15482546201232034, 0.04989733059548255, 0.04661190965092402, 0.012936344969199178], [0.03506750082318077, 0.08198880474152123, 0.14948962792229173, 0.2530457688508396, 0.24399078037537042, 0.1333552848205466, 0.04774448468883767, 0.039677313137965096, 0.015640434639446824], [0.011272619400771285, 0.03737763274992584, 0.0993770394541679, 0.22070602195194305, 0.29160486502521504, 0.18985464253930584, 0.06496588549391871, 0.06704242064669237, 0.017798872738059923], [0.03639728562615669, 0.07711289327575571, 0.1338679827267119, 0.22331893892658852, 0.22578655151141272, 0.13695249845774213, 0.06415792720542875, 0.06292412091301666, 0.03948180135718692], [0.03333333333333333, 0.07194444444444445, 0.1713888888888889, 0.2563888888888889, 0.2225, 0.13055555555555556, 0.04638888888888889, 0.050277777777777775, 0.017222222222222222], [0.03129131776112825, 0.06831203173204055, 0.14367562802996914, 0.24944909651829, 0.23909211106214193, 0.16130453944468928, 0.04473336271485236, 0.045394446892904367, 0.016747465843984136], [0.12962962962962962, 0.12962962962962962, 0.12962962962962962, 0.2222222222222222, 0.16666666666666666, 0.1111111111111111, 0.0, 0.1111111111111111, 0.0], [0.014459556191839657, 0.03750894774516822, 0.10565497494631353, 0.258840372226199, 0.2800286327845383, 0.153042233357194, 0.06886184681460272, 0.0674302075876879, 0.014173228346456693], [0.01062124248496994, 0.028857715430861724, 0.06753507014028057, 0.16653306613226454, 0.2561122244488978, 0.2250501002004008, 0.10501002004008016, 0.10360721442885772, 0.036673346693386774], [0.01917604849684523, 0.04317703822838055, 0.08004453791908944, 0.18396634912779908, 0.2740319188420141, 0.20487442781145615, 0.08486947915377954, 0.0891995546208091, 0.020660645799826797], [0.022727272727272728, 0.045454545454545456, 0.1590909090909091, 0.2909090909090909, 0.30454545454545456, 0.1409090909090909, 0.029545454545454545, 0.006818181818181818, 0.0], [0.012308680295408327, 0.033179920796318096, 0.08391309001391416, 0.17670983624103606, 0.2706839344964144, 0.23878839773092156, 0.08230760997538264, 0.08327089799850156, 0.018837632452103178], [0.014355988354582874, 0.04206404979419737, 0.13482582070073285, 0.29073386206204194, 0.3064953317939966, 0.14084931231804035, 0.0421644413211525, 0.024796707157915873, 0.0037144864973396247], [0.019805194805194805, 0.049512987012987016, 0.1163961038961039, 0.2675324675324675, 0.26574675324675323, 0.16233766233766234, 0.05795454545454545, 0.05292207792207792, 0.007792207792207792], [0.009278711484593838, 0.03273809523809524, 0.09663865546218488, 0.2342436974789916, 0.2540266106442577, 0.19625350140056022, 0.06687675070028011, 0.08123249299719888, 0.028711484593837534], [0.08630289532293986, 0.1297327394209354, 0.18262806236080179, 0.24888641425389754, 0.17706013363028952, 0.10412026726057906, 0.03396436525612472, 0.03285077951002227, 0.004454342984409799], [0.06268958543983821, 0.08190091001011122, 0.11830131445904954, 0.23356926188068755, 0.2416582406471183, 0.15470171890798787, 0.04853387259858443, 0.044489383215369056, 0.014155712841253791], [0.04458249588890919, 0.09647359766124612, 0.18746574090992144, 0.2815640416590535, 0.21231500091357575, 0.09957975516170291, 0.035446738534624524, 0.035264023387538826, 0.0073086058834277365], [0.02157788267026298, 0.05293324342548887, 0.11463250168577209, 0.22387053270397841, 0.24780849629130142, 0.15677680377612946, 0.07215104517869184, 0.07215104517869184, 0.03809844908968307], [0.0196078431372549, 0.05056759545923633, 0.130546955624355, 0.2520639834881321, 0.2533539731682147, 0.1674406604747162, 0.06011351909184726, 0.05185758513931889, 0.014447884416924664], [0.0266147859922179, 0.07175097276264591, 0.17073929961089493, 0.283579766536965, 0.24622568093385214, 0.12155642023346304, 0.040622568093385214, 0.03377431906614786, 0.005136186770428016], [0.019313304721030045, 0.05916615573267934, 0.1339668914776211, 0.2709993868792152, 0.2590435315757204, 0.1336603310852238, 0.05916615573267934, 0.04812998160637646, 0.01655426118945432], [0.01457899434692056, 0.03629872061886343, 0.08717643558464742, 0.21332936626004165, 0.2558762273132996, 0.1936923534662303, 0.0749776852127343, 0.09669741148467718, 0.02737280571258554], [0.014603616133518776, 0.048504867872044506, 0.15264255910987481, 0.25678025034770513, 0.23417941585535465, 0.15333796940194716, 0.05337273991655077, 0.06050069541029207, 0.0260778859527121], [0.0128, 0.04285714285714286, 0.11862857142857143, 0.2328, 0.26857142857142857, 0.18937142857142858, 0.06102857142857143, 0.05897142857142857, 0.014971428571428571], [0.010557263129760791, 0.0315381531471335, 0.10637444875050113, 0.26353066951757315, 0.3004142723506615, 0.18962982760924763, 0.047975410931444605, 0.04329814245623413, 0.006681812107443539], [0.2616279069767442, 0.0872093023255814, 0.19767441860465115, 0.20930232558139536, 0.13372093023255813, 0.06395348837209303, 0.023255813953488372, 0.023255813953488372, 0.0]]}, "ranksDetailed": {"labels": ["Unranked", "Combatatant", "Challenger", "Rival", "Duelist", "Elite"], "data": [[0.15706806282722513, 0.36649214659685864, 0.3089005235602094, 0.13612565445026178, 0.031413612565445025, 0.0], [0.06302021403091558, 0.25862068965517243, 0.4887039239001189, 0.15338882282996433, 0.02497027348394768, 0.011296076099881093], [0.013433356594556873, 0.09891835310537335, 0.4162595952547104, 0.3337404047452896, 0.10380321004884857, 0.03384508025122122], [0.028553299492385786, 0.1751269035532995, 0.503489847715736, 0.24016497461928935, 0.042671319796954314, 0.009993654822335026], [0.18571428571428572, 0.42857142857142855, 0.17142857142857143, 0.17142857142857143, 0.04285714285714286, 0.0], [0.013444108761329305, 0.15302114803625377, 0.5, 0.23293051359516617, 0.07235649546827795, 0.02824773413897281], [0.07331596576107183, 0.2925195385187942, 0.45068850018608114, 0.12169705991812431, 0.03572757722366952, 0.026051358392259024], [0.29891304347826086, 0.42934782608695654, 0.1956521739130435, 0.07608695652173914, 0.0, 0.0], [0.06413783118575359, 0.3538439264514261, 0.41798175763717965, 0.11452149992760967, 0.03691906761256696, 0.012595917185464022], [0.04804198627371821, 0.23738393217601939, 0.4840532902704885, 0.1808639483245862, 0.03875656035526847, 0.010900282599919257], [0.07271514342895263, 0.33511229708694684, 0.44918834778741384, 0.1134089392928619, 0.023571269735379142, 0.00600400266844563], [0.029774127310061602, 0.21334702258726898, 0.4926078028747433, 0.20472279260780288, 0.04661190965092402, 0.012936344969199178], [0.03506750082318077, 0.23147843266381296, 0.4970365492262101, 0.18109976950938425, 0.039677313137965096, 0.015640434639446824], [0.011272619400771285, 0.13675467220409374, 0.5123108869771581, 0.2548205280332246, 0.06704242064669237, 0.017798872738059923], [0.03639728562615669, 0.21098087600246762, 0.44910549043800124, 0.2011104256631709, 0.06292412091301666, 0.03948180135718692], [0.03333333333333333, 0.24333333333333335, 0.47888888888888886, 0.17694444444444443, 0.050277777777777775, 0.017222222222222222], [0.03129131776112825, 0.2119876597620097, 0.4885412075804319, 0.20603790215954165, 0.045394446892904367, 0.016747465843984136], [0.12962962962962962, 0.25925925925925924, 0.3888888888888889, 0.1111111111111111, 0.1111111111111111, 0.0], [0.014459556191839657, 0.14316392269148176, 0.5388690050107373, 0.22190408017179672, 0.0674302075876879, 0.014173228346456693], [0.01062124248496994, 0.09639278557114228, 0.42264529058116235, 0.330060120240481, 0.10360721442885772, 0.036673346693386774], [0.01917604849684523, 0.12322157614747, 0.4579982679698132, 0.28974390696523566, 0.0891995546208091, 0.020660645799826797], [0.022727272727272728, 0.20454545454545456, 0.5954545454545455, 0.17045454545454544, 0.006818181818181818, 0.0], [0.012308680295408327, 0.11709301081023225, 0.4473937707374505, 0.3210960077063042, 0.08327089799850156, 0.018837632452103178], [0.014355988354582874, 0.17688987049493024, 0.5972291938560386, 0.18301375363919284, 0.024796707157915873, 0.0037144864973396247], [0.019805194805194805, 0.16590909090909092, 0.5332792207792207, 0.2202922077922078, 0.05292207792207792, 0.007792207792207792], [0.009278711484593838, 0.12937675070028012, 0.4882703081232493, 0.26313025210084034, 0.08123249299719888, 0.028711484593837534], [0.08630289532293986, 0.3123608017817372, 0.42594654788418707, 0.13808463251670378, 0.03285077951002227, 0.004454342984409799], [0.06268958543983821, 0.20020222446916078, 0.4752275025278059, 0.2032355915065723, 0.044489383215369056, 0.014155712841253791], [0.04458249588890919, 0.28393933857116754, 0.49387904257262927, 0.13502649369632744, 0.035264023387538826, 0.0073086058834277365], [0.02157788267026298, 0.16756574511126096, 0.47167902899527986, 0.2289278489548213, 0.07215104517869184, 0.03809844908968307], [0.0196078431372549, 0.18111455108359134, 0.5054179566563467, 0.22755417956656346, 0.05185758513931889, 0.014447884416924664], [0.0266147859922179, 0.24249027237354084, 0.5298054474708171, 0.16217898832684824, 0.03377431906614786, 0.005136186770428016], [0.019313304721030045, 0.19313304721030042, 0.5300429184549357, 0.19282648681790313, 0.04812998160637646, 0.01655426118945432], [0.01457899434692056, 0.12347515620351086, 0.46920559357334124, 0.2686700386789646, 0.09669741148467718, 0.02737280571258554], [0.014603616133518776, 0.20114742698191934, 0.4909596662030598, 0.20671070931849791, 0.06050069541029207, 0.0260778859527121], [0.0128, 0.1614857142857143, 0.5013714285714286, 0.2504, 0.05897142857142857, 0.014971428571428571], [0.010557263129760791, 0.13791260189763463, 0.5639449418682346, 0.23760523854069224, 0.04329814245623413, 0.006681812107443539], [0.2616279069767442, 0.28488372093023256, 0.3430232558139535, 0.0872093023255814, 0.023255813953488372, 0.0]]}}}, "eu": {"histType": {"histogram": {"labels": ["0", "100", "200", "300", "400", "500", "600", "700", "800", "900", "1000", "1100", "1200", "1300", "1400", "1500", "1600", "1700", "1800", "1900", "2000", "2100", "2200", "2300", "2400", "2500", "2600", "2700", "2800", "2900", "3000", "3100"], "data": [[0.0, 0.0, 0.0, 0.0, 0.0, 0.012987012987012988, 0.006493506493506494, 0.025974025974025976, 0.03896103896103896, 0.07792207792207792, 0.08441558441558442, 0.06493506493506493, 0.06493506493506493, 0.09740259740259741, 0.14285714285714285, 0.09090909090909091, 0.12337662337662338, 0.06493506493506493, 0.03896103896103896, 0.006493506493506494, 0.006493506493506494, 0.032467532467532464, 0.01948051948051948, 0.0, 0.0, 0.0, 0.0, 0.0, 0.0, 0.0, 0.0, 0.0], [0.0, 0.0, 0.0006349206349206349, 0.0006349206349206349, 0.0012698412698412698, 0.0031746031746031746, 0.005079365079365079, 0.008888888888888889, 0.022222222222222223, 0.031746031746031744, 0.03746031746031746, 0.0653968253968254, 0.07936507936507936, 0.10412698412698412, 0.13142857142857142, 0.12444444444444444, 0.14095238095238094, 0.07746031746031747, 0.09206349206349207, 0.027301587301587302, 0.012698412698412698, 0.017777777777777778, 0.005079365079365079, 0.006349206349206349, 0.0012698412698412698, 0.0031746031746031746, 0.0, 0.0, 0.0, 0.0, 0.0, 0.0], [0.0, 0.00018532246108228317, 0.0, 0.00018532246108228317, 0.00018532246108228317, 0.00037064492216456633, 0.0007412898443291327, 0.0016679021497405485, 0.004262416604892513, 0.006115641215715345, 0.013713862120088955, 0.020570793180133433, 0.029466271312083025, 0.04058561897702002, 0.0715344699777613, 0.08821349147516679, 0.146590066716086, 0.11045218680504076, 0.20126019273535953, 0.07449962935507784, 0.054670126019273534, 0.06523350630096368, 0.02390659747961453, 0.012972572275759823, 0.018346923647146036, 0.008339510748702744, 0.0025945144551519643, 0.003335804299481097, 0.0, 0.0, 0.0, 0.0], [0.0, 0.00014699397324709687, 0.0, 0.00014699397324709687, 0.00014699397324709687, 0.00029398794649419373, 0.001028957812729678, 0.003380861384683228, 0.005438777010142584, 0.010877554020285169, 0.02160811406732324, 0.03189769219462002, 0.044686167867117446, 0.06144348081728649, 0.10451271497868588, 0.13302954578862267, 0.16595619579597237, 0.11347934734675878, 0.1506688225782743, 0.06306041452300455, 0.03424959576657357, 0.031162722328384535, 0.009260620314567102, 0.004115831250918712, 0.0058797589298838744, 0.0014699397324709686, 0.001028957812729678, 0.001028957812729678, 0.0, 0.0, 0.0, 0.0], [0.0, 0.0, 0.0, 0.0, 0.0, 0.031746031746031744, 0.031746031746031744, 0.07936507936507936, 0.06349206349206349, 0.047619047619047616, 0.09523809523809523, 0.09523809523809523, 0.047619047619047616, 0.047619047619047616, 0.09523809523809523, 0.07936507936507936, 0.06349206349206349, 0.06349206349206349, 0.031746031746031744, 0.047619047619047616, 0.015873015873015872, 0.047619047619047616, 0.0, 0.0, 0.015873015873015872, 0.0, 0.0, 0.0, 0.0, 0.0, 0.0, 0.0], [0.0, 0.00015169902912621358, 0.00015169902912621358, 0.00030339805825242716, 0.0004550970873786408, 0.00015169902912621358, 0.00030339805825242716, 0.0024271844660194173, 0.0031856796116504853, 0.007129854368932039, 0.015473300970873786, 0.02275485436893204, 0.04095873786407767, 0.0658373786407767, 0.1060376213592233, 0.125, 0.14790655339805825, 0.10285194174757281, 0.14350728155339806, 0.06993325242718447, 0.03519417475728155, 0.05203276699029126, 0.022148058252427185, 0.007888349514563107, 0.015018203883495146, 0.006674757281553398, 0.003944174757281553, 0.0024271844660194173, 0.00015169902912621358, 0.0, 0.0, 0.0], [0.0, 0.0, 0.0006875214850464077, 0.0017188037126160192, 0.002750085940185631, 0.0024063251976624267, 0.004125128910278446, 0.012031625988312134, 0.023031969749054658, 0.030594706084565142, 0.047438982468202134, 0.06600206256445514, 0.08215881746304572, 0.09728429013406668, 0.11550360948779649, 0.12444138879339979, 0.11378480577518048, 0.07425232038501203, 0.06737710553454795, 0.03815744242007563, 0.020969405293915434, 0.025782055689240288, 0.01065658301821932, 0.0089377793056033, 0.011344104503265727, 0.008250257820556892, 0.005500171880371262, 0.0048126503953248535, 0.0, 0.0, 0.0, 0.0], [0.0, 0.0, 0.0, 0.0, 0.0, 0.014598540145985401, 0.014598540145985401, 0.051094890510948905, 0.0364963503649635, 0.058394160583941604, 0.058394160583941604, 0.11678832116788321, 0.0948905109489051, 0.051094890510948905, 0.1386861313868613, 0.145985401459854, 0.08759124087591241, 0.058394160583941604, 0.0364963503649635, 0.021897810218978103, 0.014598540145985401, 0.0, 0.0, 0.0, 0.0, 0.0, 0.0, 0.0, 0.0, 0.0, 0.0, 0.0], [0.00043699927166788056, 0.0001456664238892935, 0.000582665695557174, 0.000582665695557174, 0.000582665695557174, 0.0018936635105608157, 0.003932993445010925, 0.008885651857246905, 0.020538965768390385, 0.033794610342316095, 0.056372906045156594, 0.07632920611798981, 0.11420247632920612, 0.11595047341587764, 0.12527312454479242, 0.11944646758922069, 0.09570284049526584, 0.06001456664238893, 0.0607428987618354, 0.03262927895120175, 0.023306627822286964, 0.01995630007283321, 0.010487982520029132, 0.006117989803350328, 0.007283321194464676, 0.0037873270211216314, 0.0010196649672250546, 0.0, 0.0, 0.0, 0.0, 0.0], [0.0, 0.0, 0.0010515247108307045, 0.0005257623554153522, 0.0015772870662460567, 0.0010515247108307045, 0.0010515247108307045, 0.006309148264984227, 0.012092534174553101, 0.017875920084121977, 0.04363827549947424, 0.04311251314405889, 0.06992639327024185, 0.08780231335436382, 0.10830704521556257, 0.12092534174553102, 0.15615141955835962, 0.083596214511041, 0.11934805467928496, 0.0341745531019979, 0.03627760252365931, 0.026813880126182965, 0.012092534174553101, 0.007360672975814932, 0.005257623554153523, 0.0031545741324921135, 0.0005257623554153522, 0.0, 0.0, 0.0, 0.0, 0.0], [0.00026845637583892615, 0.0005369127516778523, 0.0008053691275167785, 0.0008053691275167785, 0.002147651006711409, 0.002147651006711409, 0.00348993288590604, 0.012348993288590604, 0.02093959731543624, 0.03463087248322148, 0.0574496644295302, 0.07812080536912752, 0.09932885906040269, 0.10899328859060403, 0.14416107382550336, 0.12080536912751678, 0.1025503355704698, 0.05718120805369128, 0.06442953020134229, 0.03302013422818792, 0.01879194630872483, 0.016107382550335572, 0.007248322147651007, 0.005100671140939597, 0.004563758389261745, 0.0026845637583892616, 0.0013422818791946308, 0.0, 0.0, 0.0, 0.0, 0.0], [0.0, 0.0, 0.0, 0.0, 0.0006623978803267829, 0.0008831971737690439, 0.0017663943475380878, 0.0046367851