{"region": {"us": {"histType": {"histogram": {"labels": ["0", "100", "200", "300", "400", "500", "600", "700", "800", "900", "1000", "1100", "1200", "1300", "1400", "1500", "1600", "1700", "1800", "1900", "2000", "2100", "2200", "2300", "2400", "2500", "2600", "2700", "2800", "2900", "3000", "3100"], "data": [[0.0, 0.0, 0.0, 0.0045871559633027525, 0.0, 0.013761467889908258, 0.01834862385321101, 0.01834862385321101, 0.05045871559633028, 0.05045871559633028, 0.06422018348623854, 0.0871559633027523, 0.10550458715596331, 0.09174311926605505, 0.14220183486238533, 0.0871559633027523, 0.05045871559633028, 0.05504587155963303, 0.06422018348623854, 0.05045871559633028, 0.013761467889908258, 0.03211009174311927, 0.0, 0.0, 0.0, 0.0, 0.0, 0.0, 0.0, 0.0, 0.0, 0.0], [0.0, 0.0010976948408342481, 0.0, 0.0005488474204171241, 0.001646542261251372, 0.0005488474204171241, 0.006586169045005488, 0.012074643249176729, 0.012074643249176729, 0.02469813391877058, 0.03896816684961581, 0.05159165751920966, 0.07848518111964874, 0.07848518111964874, 0.1207464324917673, 0.132821075740944, 0.15587266739846323, 0.07903402854006586, 0.10592755214050494, 0.03787047200878156, 0.024149286498353458, 0.014270032930845226, 0.0060373216245883645, 0.0043907793633369925, 0.004939626783754116, 0.005488474204171241, 0.001646542261251372, 0.0, 0.0, 0.0, 0.0, 0.0], [0.00016268098259313488, 0.0, 0.0, 0.00032536196518626975, 0.00032536196518626975, 0.00016268098259313488, 0.00032536196518626975, 0.0008134049129656743, 0.004717748495200911, 0.00569383439075972, 0.010574263868553766, 0.013990564503009598, 0.02505287131934277, 0.03888075483975923, 0.06230681633317065, 0.09045062632178298, 0.14071904994306167, 0.11241255897185619, 0.22384903204815357, 0.07597201887099399, 0.05222059541239629, 0.06556043598503335, 0.02407678542378396, 0.013990564503009598, 0.02440214738897023, 0.006669920286318529, 0.003416300634455832, 0.0027655767040832926, 0.00016268098259313488, 0.0, 0.0, 0.0], [0.0, 0.0001486546751895347, 0.0, 0.0, 0.0001486546751895347, 0.0001486546751895347, 0.0016352014270848818, 0.0028244388286011593, 0.0075813884346662705, 0.013676230117437193, 0.022298201278430206, 0.025419949457410437, 0.0471235320350825, 0.06704325851048015, 0.09915266835141966, 0.12412665378326149, 0.16010108517912888, 0.11327486249442545, 0.15668202764976957, 0.061691690203656904, 0.03865021554927903, 0.03344730191764531, 0.010554481938456964, 0.0037163668797383677, 0.006689460383529062, 0.0016352014270848818, 0.0019325107774639512, 0.0002973093503790694, 0.0, 0.0, 0.0, 0.0], [0.0, 0.0, 0.0, 0.0, 0.0, 0.013333333333333334, 0.0, 0.05333333333333334, 0.04, 0.08, 0.05333333333333334, 0.06666666666666667, 0.12, 0.13333333333333333, 0.05333333333333334, 0.02666666666666667, 0.08, 0.05333333333333334, 0.05333333333333334, 0.08, 0.02666666666666667, 0.04, 0.013333333333333334, 0.013333333333333334, 0.0, 0.0, 0.0, 0.0, 0.0, 0.0, 0.0, 0.0], [0.0, 0.0, 0.0, 0.0, 0.0, 0.0, 0.0002905287623474724, 0.002178965717606043, 0.002178965717606043, 0.008134805345729227, 0.013509587449157466, 0.022370714700755374, 0.040238233585124926, 0.06871005229517722, 0.09892504357931435, 0.1380011621150494, 0.15790238233585124, 0.10575246949447996, 0.14134224288204533, 0.05854154561301569, 0.037187681580476466, 0.046339337594421846, 0.02149912841371296, 0.007989540964555491, 0.01568855316676351, 0.00610110400929692, 0.004938988959907031, 0.0020337013364323067, 0.0001452643811737362, 0.0, 0.0, 0.0], [0.0, 0.0, 0.0006858710562414266, 0.0017146776406035665, 0.0017146776406035665, 0.0024005486968449933, 0.004458161865569273, 0.010973936899862825, 0.02091906721536351, 0.03189300411522634, 0.04561042524005487, 0.0541838134430727, 0.07784636488340192, 0.09773662551440329, 0.1262002743484225, 0.12825788751714678, 0.12551440329218108, 0.0775034293552812, 0.07098765432098765, 0.036694101508916326, 0.018518518518518517, 0.024348422496570644, 0.0075445816186556925, 0.00720164609053498, 0.011659807956104253, 0.006515775034293553, 0.005829903978052126, 0.0027434842249657062, 0.0003429355281207133, 0.0, 0.0, 0.0], [0.0, 0.0, 0.004629629629629629, 0.013888888888888888, 0.004629629629629629, 0.009259259259259259, 0.018518518518518517, 0.05555555555555555, 0.07407407407407407, 0.12037037037037036, 0.10185185185185185, 0.10185185185185185, 0.10648148148148148, 0.09259259259259259, 0.06944444444444445, 0.05092592592592592, 0.05555555555555555, 0.023148148148148147, 0.023148148148148147, 0.041666666666666664, 0.032407407407407406, 0.0, 0.0, 0.0, 0.0, 0.0, 0.0, 0.0, 0.0, 0.0, 0.0, 0.0], [0.00039179835444691133, 0.00039179835444691133, 0.0006529972574115189, 0.0006529972574115189, 0.0010447956118584303, 0.002350790126681468, 0.002350790126681468, 0.006660572025597493, 0.013059945148230378, 0.028862478777589132, 0.046493404727700145, 0.0690871098341387, 0.08776283139610813, 0.10461016063732533, 0.13229724435157372, 0.1273344651952462, 0.10669975186104218, 0.06347133342039964, 0.07640067911714771, 0.03931043489617344, 0.026903487005354578, 0.023116102912367768, 0.014496539114535719, 0.007052370380044404, 0.012276348439336554, 0.004440381350398329, 0.0018283923207522527, 0.0, 0.0, 0.0, 0.0, 0.0], [0.0, 0.0, 0.0007716049382716049, 0.0, 0.0019290123456790122, 0.0011574074074074073, 0.005015432098765432, 0.004243827160493827, 0.01427469135802469, 0.021604938271604937, 0.033179012345679014, 0.041666666666666664, 0.06751543209876543, 0.08256172839506173, 0.1095679012345679, 0.12731481481481483, 0.1527777777777778, 0.09104938271604938, 0.12307098765432099, 0.044753086419753084, 0.025848765432098766, 0.02353395061728395, 0.008873456790123456, 0.006558641975308642, 0.007716049382716049, 0.004243827160493827, 0.0007716049382716049, 0.0, 0.0, 0.0, 0.0, 0.0], [0.00021272069772388852, 0.0, 0.0008508827908955541, 0.0006381620931716656, 0.0010636034886194426, 0.0025526483726866626, 0.005105296745373325, 0.009997872793022762, 0.017017655817911082, 0.03041905977451606, 0.061689002339927676, 0.07189959583067432, 0.09721335885981706, 0.10253137630291427, 0.14167198468410977, 0.13061050840246757, 0.11104020421186982, 0.06721974048074877, 0.06743246117847267, 0.034035311635822164, 0.016379493724739416, 0.014677728142948309, 0.00574345883854499, 0.004041693256753882, 0.003190810465858328, 0.0025526483726866626, 0.00021272069772388852, 0.0, 0.0, 0.0, 0.0, 0.0], [0.0, 0.0, 0.0, 0.0, 0.00019611688566385565, 0.0009805844283192783, 0.0031378701706216905, 0.003922337713277113, 0.008040792312218083, 0.011178662482839772, 0.030202000392233773, 0.04294959796038439, 0.06197293586977839, 0.07413218278093744, 0.11786624828397725, 0.11296332614238086, 0.15159835261816043, 0.09845067660325554, 0.1349284173367327, 0.05452049421455187, 0.030398117277897627, 0.030005883506569915, 0.011374779368503628, 0.006864090998234948, 0.008825259854873504, 0.003333987056285546, 0.0021572857423024124, 0.0, 0.0, 0.0, 0.0, 0.0], [0.00030057108506161706, 0.0, 0.0, 0.00030057108506161706, 0.00015028554253080853, 0.0007514277126540427, 0.0018034265103697023, 0.003005710850616171, 0.006762849413886384, 0.018034265103697024, 0.03186053501653141, 0.039525097685602646, 0.055154794108806734, 0.07694619777577397, 0.11406672678088368, 0.1324015629696423, 0.14743011722272317, 0.09618274721971747, 0.12458671475804027, 0.05410279531109107, 0.03095882176134656, 0.030207394048692517, 0.010970844604749024, 0.0066125638713555755, 0.009317703636910129, 0.0034565674782085962, 0.002254283137962128, 0.0021039975954313195, 0.0007514277126540427, 0.0, 0.0, 0.0], [0.0, 0.0, 0.00028121484814398203, 0.0, 0.0005624296962879641, 0.00028121484814398203, 0.0005624296962879641, 0.0011248593925759281, 0.0044994375703037125, 0.004780652418447694, 0.014623172103487065, 0.02109111361079865, 0.04049493813273341, 0.0562429696287964, 0.08689538807649044, 0.12064116985376828, 0.16760404949381327, 0.12232845894263217, 0.15101237345331833, 0.07255343082114736, 0.048087739032620924, 0.03993250843644545, 0.01687289088863892, 0.010123734533183352, 0.011811023622047244, 0.003655793025871766, 0.002530933633295838, 0.00140607424071991, 0.0, 0.0, 0.0, 0.0], [0.0, 0.0, 0.0, 0.0005515719801434088, 0.0011031439602868175, 0.0027578599007170436, 0.0005515719801434088, 0.005515719801434087, 0.011583011583011582, 0.014892443463872035, 0.022614451185879757, 0.04467733039161611, 0.05405405405405406, 0.07115278543849972, 0.10038610038610038, 0.11583011583011583, 0.13017098731384447, 0.10314396028681742, 0.10810810810810811, 0.06067291781577496, 0.04136789851075565, 0.03861003861003861, 0.024820739106453393, 0.00882515168229454, 0.01765030336458908, 0.010479867622724766, 0.005515719801434087, 0.003861003861003861, 0.0011031439602868175, 0.0, 0.0, 0.0], [0.0002643404705260375, 0.0, 0.000528680941052075, 0.0002643404705260375, 0.0007930214115781126, 0.00105736188210415, 0.002907745175786413, 0.004493787998942638, 0.007930214115781126, 0.014538725878932065, 0.02564102564102564, 0.044673539518900345, 0.07401533174729051, 0.09040444091990484, 0.12001057361882105, 0.13613534232090932, 0.13560666137985725, 0.09093312186095691, 0.1049431667988369, 0.04652392281258261, 0.027227068464181867, 0.03251387787470262, 0.01295268305577584, 0.006079830822098863, 0.010837959291567539, 0.002907745175786413, 0.0042294475284166, 0.0015860428231562252, 0.0, 0.0, 0.0, 0.0], [0.0, 0.0, 0.0002050440844781628, 0.0004100881689563256, 0.0006151322534344885, 0.0006151322534344885, 0.0014353085913471396, 0.004100881689563256, 0.006356366618823047, 0.014763174082427721, 0.02911625999589912, 0.03629280295263482, 0.06212835759688333, 0.07525117900348575, 0.11154398195612057, 0.1285626409678081, 0.1554234160344474, 0.09144966167726061, 0.14312077096575765, 0.04592987492310847, 0.027680951404551978, 0.02932130408037728, 0.01312282140660242, 0.005946278449866721, 0.008201763379126512, 0.0036907935206069303, 0.002050440844781628, 0.0026655730982161163, 0.0, 0.0, 0.0, 0.0], [0.0, 0.0, 0.0, 0.03278688524590164, 0.0, 0.01639344262295082, 0.0, 0.0, 0.01639344262295082, 0.08196721311475409, 0.03278688524590164, 0.09836065573770492, 0.08196721311475409, 0.06557377049180328, 0.08196721311475409, 0.09836065573770492, 0.14754098360655737, 0.01639344262295082, 0.08196721311475409, 0.04918032786885246, 0.0, 0.04918032786885246, 0.04918032786885246, 0.0, 0.0, 0.0, 0.0, 0.0, 0.0, 0.0, 0.0, 0.0], [0.00013721185510428101, 0.0, 0.0, 0.00013721185510428101, 0.00013721185510428101, 0.00027442371020856203, 0.0005488474204171241, 0.001234906695938529, 0.0031558726673984634, 0.007821075740944018, 0.015093304061470912, 0.020718990120746433, 0.039654226125137214, 0.06133369923161361, 0.10400658616904501, 0.14722832052689352, 0.16808452250274425, 0.11937431394072448, 0.12033479692645445, 0.06531284302963776, 0.041163556531284305, 0.04377058177826564, 0.017974753018660812, 0.006860592755214051, 0.010428100987925357, 0.004253567508232711, 0.0009604829857299671, 0.0, 0.0, 0.0, 0.0, 0.0], [0.0, 0.0, 0.0, 0.00018747656542932134, 0.0, 0.0003749531308586427, 0.0014998125234345708, 0.0007499062617172854, 0.0029996250468691415, 0.004124484439445069, 0.011061117360329959, 0.014998125234345707, 0.023809523809523808, 0.03749531308586427, 0.06392950881139857, 0.09523809523809523, 0.13423322084739409, 0.12110986126734158, 0.18635170603674542, 0.09036370453693289, 0.06355455568053993, 0.07011623547056618, 0.027184101987251595, 0.013310836145481815, 0.01968503937007874, 0.00974878140232471, 0.004686914135733034, 0.0029996250468691415, 0.00018747656542932134, 0.0, 0.0, 0.0], [0.00023738872403560832, 0.00011869436201780416, 0.0, 0.00023738872403560832, 0.00023738872403560832, 0.0009495548961424333, 0.0008308605341246291, 0.002611275964391691, 0.00427299703264095, 0.008427299703264095, 0.017210682492581602, 0.023857566765578635, 0.028367952522255192, 0.045816023738872405, 0.06884272997032641, 0.10350148367952522, 0.14741839762611275, 0.12735905044510384, 0.1710385756676558, 0.08403560830860535, 0.048902077151335314, 0.058160237388724036, 0.0227893175074184, 0.012700296735905045, 0.015192878338278933, 0.005103857566765579, 0.0017804154302670622, 0.0, 0.0, 0.0, 0.0, 0.0], [0.0, 0.0, 0.0, 0.0, 0.002074688796680498, 0.0, 0.002074688796680498, 0.006224066390041493, 0.006224066390041493, 0.006224066390041493, 0.012448132780082987, 0.03112033195020747, 0.05186721991701245, 0.0995850622406639, 0.11203319502074689, 0.15975103734439833, 0.1908713692946058, 0.12863070539419086, 0.11825726141078838, 0.043568464730290454, 0.016597510373443983, 0.012448132780082987, 0.0, 0.0, 0.0, 0.0, 0.0, 0.0, 0.0, 0.0, 0.0, 0.0], [0.0, 0.0, 0.0, 0.00020370747606437156, 0.00020370747606437156, 0.00020370747606437156, 0.000509268690160929, 0.000916683642289672, 0.0026481971888368304, 0.006722346710124261, 0.010694642493379506, 0.019861478916276227, 0.035037685883071906, 0.04308413118761459, 0.07038093298024037, 0.09166836422896721, 0.14310450193522103, 0.11509472397636994, 0.20492972092075779, 0.08280708902016704, 0.05021389284986759, 0.07027907924220819, 0.021592992462823386, 0.007231615400285191, 0.012528009777958852, 0.004888979425544918, 0.0025463434508046444, 0.002444489712772459, 0.00020370747606437156, 0.0, 0.0, 0.0], [0.00019644435713584126, 0.0, 0.00019644435713584126, 0.00019644435713584126, 0.0008839996071112857, 0.0006875552499754445, 0.0004911108928396031, 0.0012768883213829683, 0.0016697770356546508, 0.007563107749729889, 0.012474216678125922, 0.028189765248993224, 0.05392397603378843, 0.07641685492584226, 0.11776839210293684, 0.16314703860131619, 0.19546213535016208, 0.11688439249582555, 0.12356350063844417, 0.04400353599842845, 0.02465376682054808, 0.018072880856497397, 0.006089775071211079, 0.0023573322856300953, 0.0020626657499263333, 0.0015715548570867301, 0.00019644435713584126, 0.0, 0.0, 0.0, 0.0, 0.0], [0.0, 0.00015064778547755348, 0.0, 0.00015064778547755348, 0.00030129557095510696, 0.0007532389273877674, 0.0010545344983428743, 0.002561012353118409, 0.004971376920759264, 0.008134980415787888, 0.016269960831575777, 0.02907502259716782, 0.045947574570653814, 0.0605604097619765, 0.10665863211810786, 0.15109972883398615, 0.15848147032238627, 0.1104248267550467, 0.13513106357336546, 0.06779150346489907, 0.03495028623079241, 0.03389575173244953, 0.014914130762277794, 0.008737571557698103, 0.005423320277191925, 0.001958421211208195, 0.0006025911419102139, 0.0, 0.0, 0.0, 0.0, 0.0], [0.0, 0.0, 0.0, 0.0, 0.0003370975897522333, 0.0, 0.0008427439743805831, 0.0008427439743805831, 0.0025282319231417494, 0.004550817461655149, 0.012641159615708747, 0.018371818641496715, 0.03337266138547109, 0.05612674869374684, 0.09978088656666105, 0.12826563290072476, 0.1550648912860273, 0.09708410584864319, 0.17158267318388673, 0.0638799932580482, 0.03977751559076353, 0.04904769930894994, 0.02410247766728468, 0.011461318051575931, 0.015843586718354962, 0.006741951795044665, 0.005562110230911849, 0.0020225855385133996, 0.00016854879487611664, 0.0, 0.0, 0.0], [0.0004928536224741252, 0.0009857072449482504, 0.0004928536224741252, 0.0004928536224741252, 0.0014785608674223755, 0.004435682602267127, 0.0049285362247412515, 0.007885657959586003, 0.02168555938886151, 0.03449975357318876, 0.04829965500246427, 0.06850665352390341, 0.07885657959586002, 0.09807787087235091, 0.1291276490882208, 0.11631345490389354, 0.10892065056678167, 0.0744208969935929, 0.10448496796451454, 0.02957121734844751, 0.019714144898965006, 0.024149827501232134, 0.009857072449482503, 0.003942828979793002, 0.007885657959586003, 0.0004928536224741252, 0.0, 0.0, 0.0, 0.0, 0.0, 0.0], [0.0, 0.0, 0.0, 0.002577319587628866, 0.001718213058419244, 0.002577319587628866, 0.003436426116838488, 0.011168384879725086, 0.01632302405498282, 0.01804123711340206, 0.03350515463917526, 0.044673539518900345, 0.05584192439862543, 0.054982817869415807, 0.10824742268041238, 0.12027491408934708, 0.14518900343642613, 0.10652920962199312, 0.13573883161512026, 0.05326460481099656, 0.02491408934707904, 0.024054982817869417, 0.014604810996563574, 0.00859106529209622, 0.006872852233676976, 0.002577319587628866, 0.00429553264604811, 0.0, 0.0, 0.0, 0.0, 0.0], [0.0003439972480220158, 0.0, 0.0, 0.0, 0.0006879944960440316, 0.0010319917440660474, 0.0034399724802201583, 0.006363949088407293, 0.009287925696594427, 0.01823185414516684, 0.03646370829033368, 0.0543515651874785, 0.07808737530099759, 0.10251117991056072, 0.1365669074647403, 0.1431028551771586, 0.13175094599243206, 0.0823873409012728, 0.0935672514619883, 0.031131750945992433, 0.02304781561747506, 0.024251805985552117, 0.009287925696594427, 0.005847953216374269, 0.005159958720330237, 0.0020639834881320948, 0.0008599931200550396, 0.0001719986240110079, 0.0, 0.0, 0.0, 0.0], [0.0, 0.0, 0.0, 0.0006151953245155337, 0.00030759766225776686, 0.00030759766225776686, 0.002460781298062135, 0.002153183635804368, 0.00492156259612427, 0.011073515841279606, 0.02030144570901261, 0.02891418025223008, 0.04337127037834512, 0.059366348815749, 0.09720086127345433, 0.11842509996924024, 0.13964933866502616, 0.10550599815441403, 0.13749615502922177, 0.061519532451553366, 0.046447247000922794, 0.04675484466318056, 0.02060904337127038, 0.00984312519224854, 0.02245462934481698, 0.011381113503537373, 0.005536757920639803, 0.0027683789603199014, 0.0006151953245155337, 0.0, 0.0, 0.0], [0.0, 0.0, 0.0, 0.0, 0.00024324981756263683, 0.0, 0.0012162490878131842, 0.0017027487229384578, 0.004378496716127463, 0.012648990513257114, 0.01921673558744831, 0.030406227195329604, 0.04986621260034055, 0.0758939430795427, 0.10800291899781075, 0.13451714911213816, 0.15470688396983703, 0.09851617611286792, 0.14230114327414253, 0.05910970566772075, 0.03283872537095597, 0.03746047190464607, 0.015811238141571395, 0.00535149598637801, 0.005837995621503284, 0.006081245439065921, 0.0036487472634395522, 0.00024324981756263683, 0.0, 0.0, 0.0, 0.0], [0.0002995357196345664, 0.0001497678598172832, 0.0001497678598172832, 0.0001497678598172832, 0.0005990714392691329, 0.0011981428785382657, 0.0014976785981728321, 0.003594428635614797, 0.0059907143926913285, 0.010483750187209824, 0.027257750486745544, 0.039688482851580054, 0.06814437621686387, 0.09330537666616744, 0.13449153811592032, 0.14827018121911037, 0.14886925265837953, 0.1043881982926464, 0.09839748389995506, 0.047326643702261494, 0.02471169686985173, 0.02186610753332335, 0.008986071589036993, 0.0038939643552493635, 0.0037441964954320803, 0.0023962857570765314, 0.0001497678598172832, 0.0, 0.0, 0.0, 0.0, 0.0], [0.0, 0.0, 0.0, 0.000556947925368978, 0.000556947925368978, 0.000835421888053467, 0.001113895850737956, 0.003620161514898357, 0.005291005291005291, 0.006961849067112225, 0.019771651350598718, 0.03258145363408521, 0.05458089668615984, 0.07797270955165692, 0.11306042884990253, 0.14592035644667223, 0.1545530492898914, 0.11222500696184906, 0.1086048454469507, 0.05736563631300473, 0.03592314118629908, 0.03063213589529379, 0.015316067947646894, 0.004734057365636313, 0.011695906432748537, 0.003063213589529379, 0.003063213589529379, 0.0, 0.0, 0.0, 0.0, 0.0], [0.0, 0.0, 0.0, 0.0, 0.0, 0.0005775339301183945, 0.001155067860236789, 0.0028876696505919725, 0.004909038406006353, 0.006064106266243142, 0.01241697949754548, 0.021368755414380596, 0.034652035807103666, 0.04909038406006353, 0.09009529309846953, 0.11550678602367889, 0.14987005486572336, 0.10568870921166619, 0.16026566560785446, 0.07738954663586485, 0.04418134565405717, 0.05861969390701704, 0.021368755414380596, 0.01559341611319665, 0.01645971700837424, 0.008663008951775917, 0.0020213687554143807, 0.001155067860236789, 0.0, 0.0, 0.0, 0.0], [0.0, 0.0, 0.00033041467041136624, 0.0, 0.00016520733520568312, 0.0004956220056170494, 0.0004956220056170494, 0.0021476953576738808, 0.0029737320337022964, 0.006938708078638692, 0.014538245498100115, 0.030728564348257062, 0.05204031058979019, 0.08739468032380637, 0.12687923343796464, 0.127209648108376, 0.14554766231620683, 0.09582025441929622, 0.1262184040971419, 0.05534445729390385, 0.03469354039319346, 0.03436312572278209, 0.02114653890632744, 0.009086403436312573, 0.013216586816454651, 0.0057822567321989095, 0.004130183380142078, 0.0021476953576738808, 0.00016520733520568312, 0.0, 0.0, 0.0], [0.0, 0.0, 0.00010666666666666667, 0.0, 0.00010666666666666667, 0.00021333333333333333, 0.00042666666666666667, 0.0013866666666666667, 0.0024533333333333334, 0.00672, 0.013653333333333333, 0.024853333333333335, 0.04394666666666667, 0.06474666666666666, 0.0944, 0.11648, 0.15605333333333332, 0.10677333333333333, 0.17514666666666667, 0.06453333333333333, 0.03829333333333333, 0.049493333333333334, 0.016106666666666665, 0.006506666666666667, 0.011093333333333334, 0.0032, 0.0017066666666666667, 0.0016, 0.0, 0.0, 0.0, 0.0], [0.0, 0.0, 0.0, 0.0, 0.0, 0.00012906556530717606, 0.0006453278265358802, 0.0005162622612287042, 0.002452245740836345, 0.006066081569437274, 0.0091636551368095, 0.021683014971605574, 0.036654620547238, 0.06350025813113061, 0.10428497676819824, 0.14636035105833764, 0.1815952503871967, 0.1201600413009809, 0.17010841507485802, 0.055627258647392874, 0.02671657201858544, 0.03497676819824471, 0.0091636551368095, 0.003355704697986577, 0.0027103768714506968, 0.0023231801755291687, 0.0018069179143004647, 0.0, 0.0, 0.0, 0.0, 0.0], [0.0, 0.005434782608695652, 0.0, 0.005434782608695652, 0.005434782608695652, 0.016304347826086956, 0.03804347826086957, 0.02717391304347826, 0.07608695652173914, 0.05434782608695652, 0.05434782608695652, 0.059782608695652176, 0.09239130434782608, 0.11956521739130435, 0.07608695652173914, 0.09782608695652174, 0.09239130434782608, 0.06521739130434782, 0.04891304347826087, 0.016304347826086956, 0.010869565217391304, 0.016304347826086956, 0.010869565217391304, 0.010869565217391304, 0.0, 0.0, 0.0, 0.0, 0.0, 0.0, 0.0, 0.0]]}, "ranks": {"labels": ["Unranked", "Combatatent I", "Combatatent II", "Challenger I", "Challenger II", "Rival I", "Rival II", "Duelist", "Elite"], "data": [[0.1559633027522936, 0.15137614678899083, 0.19724770642201836, 0.22935779816513763, 0.10550458715596331, 0.0963302752293578, 0.03211009174311927, 0.03211009174311927, 0.0], [0.059275521405049394, 0.09055982436882547, 0.15697036223929747, 0.2535675082327113, 0.2349066959385291, 0.1300768386388584, 0.03787047200878156, 0.02469813391877058, 0.012074643249176729], [0.012526435659671384, 0.024564828371563364, 0.063933626159102, 0.15275744265495364, 0.25313160891491787, 0.26630876850496177, 0.08573287782658207, 0.1036277859118269, 0.03741662599642102], [0.026163222833358108, 0.04771815073584064, 0.11416679054556265, 0.22327932213468113, 0.27337594767355433, 0.19042663891779396, 0.06659729448491156, 0.04771815073584064, 0.010554481938456964], [0.18666666666666668, 0.12, 0.25333333333333335, 0.08, 0.13333333333333333, 0.12, 0.04, 0.06666666666666667, 0.0], [0.012783265543288786, 0.03588030214991284, 0.10894828588030216, 0.23692620569436373, 0.2636548518303312, 0.1717024985473562, 0.06536897152818129, 0.07582800697269029, 0.028907611853573503], [0.0747599451303155, 0.09979423868312758, 0.1755829903978052, 0.2544581618655693, 0.2030178326474623, 0.09156378600823045, 0.03463648834019204, 0.03909465020576132, 0.02709190672153635], [0.30092592592592593, 0.2037037037037037, 0.19907407407407407, 0.12037037037037036, 0.0787037037037037, 0.046296296296296294, 0.05092592592592592, 0.0, 0.0], [0.05641896304035523, 0.11558051456183883, 0.19237299203343347, 0.2596317095468199, 0.17017108528144181, 0.1003003787384093, 0.04231422228026642, 0.04466501240694789, 0.018545122110487137], [0.048996913580246916, 0.07484567901234568, 0.15007716049382716, 0.2368827160493827, 0.24382716049382716, 0.14891975308641975, 0.044753086419753084, 0.03896604938271605, 0.01273148148148148], [0.06785790257392044, 0.133588598170602, 0.19974473516273133, 0.2722824930865773, 0.1782599446926186, 0.08359923420548819, 0.034248032333546057, 0.024462880238247182, 0.005956179536268879], [0.02745636399293979, 0.07315159835261816, 0.13610511865071584, 0.2308295744263581, 0.250049029221416, 0.16258089821533633, 0.057266130613845855, 0.04824475387330849, 0.014316532653461464], [0.031109107303877368, 0.07138563270213405, 0.13210099188458072, 0.246468289750526, 0.24361286444244062, 0.15434325217914036, 0.05530507965133754, 0.047790802524797116, 0.017883979561166215], [0.012092238470191226, 0.03571428571428571, 0.09673790776152981, 0.2075365579302587, 0.28993250843644547, 0.1920697412823397, 0.07958380202474691, 0.06692913385826772, 0.01940382452193476], [0.03695532266960838, 0.06729178157749587, 0.1252068394925538, 0.21621621621621623, 0.23331494760066188, 0.1395477109762824, 0.07060121345835632, 0.07225592939878654, 0.03861003861003861], [0.032778218345228656, 0.07031456515992598, 0.16441977266719535, 0.25614591593973035, 0.22653978324081417, 0.13031985196933651, 0.04837430610626487, 0.05154639175257732, 0.019561194818926778], [0.02850112774246463, 0.06540906294853394, 0.13737953660036908, 0.24010662292392865, 0.24687307771170802, 0.16936641377896247, 0.04736518351445561, 0.048390403936846425, 0.016608570842731187], [0.14754098360655737, 0.13114754098360656, 0.14754098360655737, 0.18032786885245902, 0.16393442622950818, 0.11475409836065574, 0.01639344262295082, 0.09836065573770492, 0.0], [0.01344676180021954, 0.03581229418221735, 0.10098792535675083, 0.2512349066959385, 0.2874588364434687, 0.15587266739846323, 0.07093852908891328, 0.06860592755214051, 0.015642151481888036], [0.00993625796775403, 0.026059242594675666, 0.06130483689538808, 0.15916760404949382, 0.25534308211473566, 0.23322084739407575, 0.10704911886014248, 0.11061117360329958, 0.03730783652043495], [0.017922848664688427, 0.04106824925816024, 0.07418397626112759, 0.17234421364985164, 0.2747774480712166, 0.21590504451038575, 0.08807121661721068, 0.09364985163204748, 0.022077151335311573], [0.022821576763485476, 0.043568464730290454, 0.15145228215767634, 0.2717842323651452, 0.31950207468879666, 0.14522821576763487, 0.03319502074688797, 0.012448132780082987, 0.0], [0.011407618659604808, 0.030556121409655735, 0.0781218170706865, 0.16204929720920758, 0.25819922591159095, 0.24679160725198615, 0.09115909553880627, 0.09910368710531677, 0.022611529843145243], [0.013161771928101366, 0.04066398192711914, 0.13034083095963067, 0.280915430704253, 0.3123465278459876, 0.14723504567331303, 0.04498575778410765, 0.02651998821333857, 0.003830664964148905], [0.018077734257306417, 0.045344983428743595, 0.10650798433263031, 0.257758360952094, 0.26890629707743297, 0.17399819222657428, 0.06387466104248267, 0.05754745405242543, 0.007984332630310334], [0.009101634923310299, 0.031012978257205462, 0.08949941007921794, 0.2280465194673858, 0.2521489971346705, 0.20546098095398618, 0.06977920107871229, 0.08461149502781055, 0.030338783077700996], [0.07737801872843765, 0.11680630852636767, 0.17693445046821094, 0.24544110399211433, 0.18334154756037457, 0.12074913750616068, 0.03302119270576639, 0.03794972893050764, 0.008378511582060127], [0.05584192439862543, 0.0781786941580756, 0.11082474226804123, 0.22852233676975944, 0.25171821305841924, 0.16666666666666666, 0.04725085910652921, 0.04725085910652921, 0.013745704467353952], [0.03938768489852081, 0.09081527347781218, 0.18059855521155832, 0.27966976264189886, 0.21413828689370484, 0.11162710698314414, 0.03611971104231166, 0.03938768489852081, 0.008255933952528379], [0.021839434020301446, 0.049215625961242696, 0.10273761919409412, 0.21562596124269456, 0.24515533681944018, 0.16733312826822516, 0.07812980621347278, 0.07720701322669948, 0.04275607505382959], [0.020189734857698857, 0.04962296278277791, 0.12576015567988325, 0.24252006810994892, 0.25322306008270495, 0.17465336900997325, 0.059596205302846025, 0.05862320603259548, 0.015811238141571395], [0.024112625430582596, 0.0669462333383256, 0.1614497528830313, 0.2827617193350307, 0.2532574509510259, 0.12415755578852779, 0.04627826868354051, 0.0347461434776097, 0.006290250112325895], [0.01893622946254525, 0.05235310498468393, 0.13255360623781676, 0.25898078529657476, 0.26677805625174045, 0.14062935115566694, 0.06126427179058758, 0.050682261208576995, 0.017822333611807295], [0.01559341611319665, 0.033785734911926074, 0.0837424198671672, 0.20560207912214842, 0.25555876407738953, 0.20415824429685245, 0.07767831360092406, 0.09558186543459428, 0.02829916257580133], [0.013547001486866017, 0.04526680984635718, 0.13943499091359657, 0.2540888815463407, 0.24136791673550306, 0.1579382124566331, 0.05831818932760614, 0.0645960680654221, 0.025441929621675203], [0.011413333333333333, 0.03850666666666667, 0.10869333333333334, 0.21088, 0.26282666666666665, 0.20842666666666668, 0.06954666666666667, 0.07210666666666667, 0.0176], [0.00980898296334538, 0.030846670108415075, 0.10015487867836861, 0.25064532782653587, 0.3017552916881776, 0.20134228187919462, 0.05110996386164171, 0.047496128033040784, 0.0068404749612803305], [0.22826086956521738, 0.11413043478260869, 0.21195652173913043, 0.17391304347826086, 0.15760869565217392, 0.05434782608695652, 0.021739130434782608, 0.03804347826086957, 0.0]]}, "ranksDetailed": {"labels": ["Unranked", "Combatatant", "Challenger", "Rival", "Duelist", "Elite"], "data": [[0.1559633027522936, 0.3486238532110092, 0.3348623853211009, 0.12844036697247707, 0.03211009174311927, 0.0], [0.059275521405049394, 0.24753018660812295, 0.4884742041712404, 0.16794731064763996, 0.02469813391877058, 0.012074643249176729], [0.012526435659671384, 0.08849845453066536, 0.4058890515698715, 0.35204164633154383, 0.1036277859118269, 0.03741662599642102], [0.026163222833358108, 0.1618849412814033, 0.4966552698082355, 0.2570239334027055, 0.04771815073584064, 0.010554481938456964], [0.18666666666666668, 0.37333333333333335, 0.21333333333333335, 0.16, 0.06666666666666667, 0.0], [0.012783265543288786, 0.14482858803021498, 0.500581057524695, 0.23707147007553747, 0.07582800697269029, 0.028907611853573503], [0.0747599451303155, 0.27537722908093276, 0.45747599451303156, 0.1262002743484225, 0.03909465020576132, 0.02709190672153635], [0.30092592592592593, 0.4027777777777778, 0.19907407407407407, 0.09722222222222222, 0.0, 0.0], [0.05641896304035523, 0.3079535065952723, 0.4298027948282617, 0.14261460101867574, 0.04466501240694789, 0.018545122110487137], [0.048996913580246916, 0.22492283950617284, 0.4807098765432099, 0.19367283950617284, 0.03896604938271605, 0.01273148148148148], [0.06785790257392044, 0.3333333333333333, 0.4505424377791959, 0.11784726653903425, 0.024462880238247182, 0.005956179536268879], [0.02745636399293979, 0.20925671700333398, 0.48087860364777407, 0.2198470288291822, 0.04824475387330849, 0.014316532653461464], [0.031109107303877368, 0.20348662458671476, 0.49008115419296666, 0.2096483318304779, 0.047790802524797116, 0.017883979561166215], [0.012092238470191226, 0.13245219347581552, 0.4974690663667042, 0.27165354330708663, 0.06692913385826772, 0.01940382452193476], [0.03695532266960838, 0.19249862107004964, 0.4495311638168781, 0.21014892443463873, 0.07225592939878654, 0.03861003861003861], [0.032778218345228656, 0.23473433782712133, 0.48268569918054455, 0.17869415807560138, 0.05154639175257732, 0.019561194818926778], [0.02850112774246463, 0.20278859954890302, 0.48697970063563667, 0.2167315972934181, 0.048390403936846425, 0.016608570842731187], [0.14754098360655737, 0.2786885245901639, 0.3442622950819672, 0.13114754098360656, 0.09836065573770492, 0.0], [0.01344676180021954, 0.13680021953896818, 0.5386937431394072, 0.22681119648737652, 0.06860592755214051, 0.015642151481888036], [0.00993625796775403, 0.08736407949006374, 0.4145106861642295, 0.34026996625421824, 0.11061117360329958, 0.03730783652043495], [0.017922848664688427, 0.11525222551928783, 0.44712166172106826, 0.30397626112759646, 0.09364985163204748, 0.022077151335311573], [0.022821576763485476, 0.1950207468879668, 0.5912863070539419, 0.17842323651452283, 0.012448132780082987, 0.0], [0.011407618659604808, 0.10867793848034223, 0.4202485231207985, 0.3379507027907924, 0.09910368710531677, 0.022611529843145243], [0.013161771928101366, 0.17100481288674982, 0.5932619585502407, 0.19222080345742068, 0.02651998821333857, 0.003830664964148905], [0.018077734257306417, 0.1518529677613739, 0.526664658029527, 0.23787285326905694, 0.05754745405242543, 0.007984332630310334], [0.009101634923310299, 0.1205123883364234, 0.4801955166020563, 0.27524018203269845, 0.08461149502781055, 0.030338783077700996], [0.07737801872843765, 0.29374075899457863, 0.4287826515524889, 0.15377033021192707, 0.03794972893050764, 0.008378511582060127], [0.05584192439862543, 0.18900343642611683, 0.4802405498281787, 0.21391752577319587, 0.04725085910652921, 0.013745704467353952], [0.03938768489852081, 0.2714138286893705, 0.4938080495356037, 0.1477468180254558, 0.03938768489852081, 0.008255933952528379], [0.021839434020301446, 0.1519532451553368, 0.46078129806213475, 0.24546293448169793, 0.07720701322669948, 0.04275607505382959], [0.020189734857698857, 0.17538311846266116, 0.49574312819265387, 0.23424957431281926, 0.05862320603259548, 0.015811238141571395], [0.024112625430582596, 0.2283959862213569, 0.5360191702860566, 0.1704358244720683, 0.0347461434776097, 0.006290250112325895], [0.01893622946254525, 0.18490671122250069, 0.5257588415483152, 0.20189362294625451, 0.050682261208576995, 0.017822333611807295], [0.01559341611319665, 0.11752815477909327, 0.461160843199538, 0.2818365578977765, 0.09558186543459428, 0.02829916257580133], [0.013547001486866017, 0.18470180075995374, 0.4954567982818437, 0.21625640178423922, 0.0645960680654221, 0.025441929621675203], [0.011413333333333333, 0.1472, 0.47370666666666666, 0.27797333333333335, 0.07210666666666667, 0.0176], [0.00980898296334538, 0.1310015487867837, 0.5524006195147134, 0.25245224574083636, 0.047496128033040784, 0.0068404749612803305], [0.22826086956521738, 0.32608695652173914, 0.33152173913043476, 0.07608695652173914, 0.03804347826086957, 0.0]]}}}, "eu": {"histType": {"histogram": {"labels": ["0", "100", "200", "300", "400", "500", "600", "700", "800", "900", "1000", "1100", "1200", "1300", "1400", "1500", "1600", "1700", "1800", "1900", "2000", "2100", "2200", "2300", "2400", "2500", "2600", "2700", "2800", "2900", "3000", "3100"], "data": [[0.0, 0.0, 0.0, 0.0, 0.0, 0.011428571428571429, 0.011428571428571429, 0.022857142857142857, 0.04, 0.06285714285714286, 0.08571428571428572, 0.06857142857142857, 0.06285714285714286, 0.10285714285714286, 0.13142857142857142, 0.10857142857142857, 0.09714285714285714, 0.08, 0.04, 0.022857142857142857, 0.017142857142857144, 0.017142857142857144, 0.017142857142857144, 0.0, 0.0, 0.0, 0.0, 0.0, 0.0, 0.0, 0.0, 0.0], [0.0, 0.0, 0.0005834305717619603, 0.0011668611435239206, 0.0005834305717619603, 0.003500583430571762, 0.005250875145857643, 0.008168028004667444, 0.021586931155192533, 0.029171528588098017, 0.039089848308051345, 0.058926487747957994, 0.07876312718786464, 0.09393232205367562, 0.13127187864644108, 0.12368728121353559, 0.14294049008168028, 0.08459743290548424, 0.10093348891481914, 0.024504084014002333, 0.015169194865810968, 0.019836639439906652, 0.004084014002333722, 0.0029171528588098016, 0.005250875145857643, 0.004084014002333722, 0.0, 0.0, 0.0, 0.0, 0.0, 0.0], [0.0, 0.00017277125086385625, 0.0, 0.00017277125086385625, 0.00017277125086385625, 0.00017277125086385625, 0.0003455425017277125, 0.0019004837595024188, 0.0034554250172771253, 0.005183137525915688, 0.01243953006219765, 0.018140981340704906, 0.027297857636489287, 0.03610919143054596, 0.0647892190739461, 0.08621285418106427, 0.14322736696613683, 0.10884588804422944, 0.21648237733241188, 0.07999308914996545, 0.05718728403593642, 0.06375259156876296, 0.02574291637871458, 0.013476157567380787, 0.019004837595024186, 0.0082930200414651, 0.0034554250172771253, 0.003973738769868694, 0.0, 0.0, 0.0, 0.0], [0.0, 0.0, 0.0, 0.00014060742407199101, 0.00014060742407199101, 0.00028121484814398203, 0.000984251968503937, 0.003093363329583802, 0.005343082114735658, 0.010123734533183352, 0.02080989876265467, 0.02938695163104612, 0.041760404949381325, 0.056383577052868394, 0.09645669291338582, 0.12823397075365578, 0.16774465691788526, 0.11726659167604049, 0.1576209223847019, 0.06482002249718785, 0.036979752530933635, 0.036979752530933635, 0.010686164229471317, 0.004640044994375703, 0.006608548931383577, 0.00140607424071991, 0.0005624296962879641, 0.00140607424071991, 0.00014060742407199101, 0.0, 0.0, 0.0], [0.0, 0.0, 0.0, 0.0, 0.0, 0.027777777777777776, 0.027777777777777776, 0.06944444444444445, 0.06944444444444445, 0.041666666666666664, 0.08333333333333333, 0.08333333333333333, 0.041666666666666664, 0.027777777777777776, 0.1111111111111111, 0.06944444444444445, 0.05555555555555555, 0.06944444444444445, 0.05555555555555555, 0.08333333333333333, 0.027777777777777776, 0.041666666666666664, 0.0, 0.0, 0.013888888888888888, 0.0, 0.0, 0.0, 0.0, 0.0, 0.0, 0.0], [0.0, 0.00014645577035735208, 0.00014645577035735208, 0.00029291154071470416, 0.0004393673110720562, 0.00014645577035735208, 0.00029291154071470416, 0.0021968365553602814, 0.003222026947861746, 0.007029876977152899, 0.014499121265377855, 0.021675454012888107, 0.038224956063268895, 0.06239015817223199, 0.101493848857645, 0.119800820152314, 0.15026362038664323, 0.10764499121265378, 0.14674868189806678, 0.07103104862331576, 0.038224956063268895, 0.0528705330990041, 0.023579379027533685, 0.008055067369654365, 0.014938488576449912, 0.007615700058582308, 0.003807850029291154, 0.0029291154071470417, 0.00029291154071470416, 0.0, 0.0, 0.0], [0.0, 0.0003160556257901391, 0.0003160556257901391, 0.0015802781289506952, 0.0031605562579013905, 0.0022123893805309734, 0.004424778761061947, 0.011378002528445006, 0.022439949431099875, 0.028445006321112517, 0.04519595448798989, 0.0632111251580278, 0.07964601769911504, 0.09418457648546144, 0.11030341340075854, 0.1254740834386852, 0.11883691529709228, 0.07711757269279393, 0.07206068268015171, 0.039506953223767384, 0.022439949431099875, 0.02654867256637168, 0.012642225031605562, 0.008533501896333754, 0.011061946902654867, 0.006321112515802781, 0.00695322376738306, 0.005689001264222503, 0.0, 0.0, 0.0, 0.0], [0.0, 0.0, 0.0, 0.0, 0.0, 0.012738853503184714, 0.006369426751592357, 0.050955414012738856, 0.03821656050955414, 0.07006369426751592, 0.07643312101910828, 0.10828025477707007, 0.10191082802547771, 0.03821656050955414, 0.11464968152866242, 0.1337579617834395, 0.07643312101910828, 0.08280254777070063, 0.03184713375796178, 0.044585987261146494, 0.012738853503184714, 0.0, 0.0, 0.0, 0.0, 0.0, 0.0, 0.0, 0.0, 0.0, 0.0, 0.0], [0.0003929273084479371, 0.0001309757694826457, 0.0005239030779305828, 0.0005239030779305828, 0.0006548788474132286, 0.00183366077275704, 0.0034053700065487884, 0.007596594629993451, 0.01741977734119188, 0.029076620825147347, 0.048984937786509496, 0.06601178781925343, 0.09705304518664047, 0.10648330058939097, 0.11866404715127701, 0.12089063523248199, 0.10910281597904388, 0.06719056974459725, 0.07229862475442043, 0.04020956123117223, 0.02593320235756385, 0.02383759004584152, 0.014145383104125737, 0.009430255402750491, 0.009954158480681074, 0.004453176162409954, 0.00366732154551408, 0.0001309757694826457, 0.0, 0.0, 0.0, 0.0], [0.0, 0.0, 0.000501002004008016, 0.0, 0.002004008016032064, 0.001002004008016032, 0.000501002004008016, 0.0070140280561122245, 0.011523046092184368, 0.017034068136272545, 0.04458917835671343, 0.04308617234468938, 0.06663326653306613, 0.08517034068136273, 0.10721442885771543, 0.11172344689378758, 0.15531062124248496, 0.08466933867735471, 0.12625250501002003, 0.037575150300601205, 0.03707414829659319, 0.03206412825651302, 0.011022044088176353, 0.008517034068136272, 0.006012024048096192, 0.003006012024048096, 0.000501002004008016, 0.0, 0.0, 0.0, 0.0, 0.0], [0.00025693730729701953, 0.0005138746145940391, 0.0007708119218910585, 0.0012846865364850976, 0.0025693730729701952, 0.0023124357656731757, 0.004367934224049332, 0.011048304213771839, 0.019527235354573486, 0.03699897225077081, 0.05601233299075026, 0.07579650565262076, 0.0973792394655704, 0.10817060637204522, 0.13874614594039056, 0.12949640287769784, 0.10097636176772867, 0.06140801644398767, 0.06346351490236382, 0.03391572456320658, 0.019527235354573486, 0.015416238437821172, 0.006423