{"region": {"us": {"histType": {"histogram": {"labels": ["0", "100", "200", "300", "400", "500", "600", "700", "800", "900", "1000", "1100", "1200", "1300", "1400", "1500", "1600", "1700", "1800", "1900", "2000", "2100", "2200", "2300", "2400", "2500", "2600", "2700", "2800", "2900", "3000", "3100"], "data": [[0.0, 0.0, 0.0, 0.006993006993006993, 0.006993006993006993, 0.006993006993006993, 0.027972027972027972, 0.02097902097902098, 0.06993006993006994, 0.04895104895104895, 0.055944055944055944, 0.11188811188811189, 0.08391608391608392, 0.15384615384615385, 0.11188811188811189, 0.08391608391608392, 0.07692307692307693, 0.03496503496503497, 0.027972027972027972, 0.055944055944055944, 0.013986013986013986, 0.0, 0.0, 0.0, 0.0, 0.0, 0.0, 0.0, 0.0, 0.0, 0.0, 0.0], [0.0, 0.0014847809948032665, 0.0, 0.0007423904974016332, 0.0014847809948032665, 0.0014847809948032665, 0.004454342984409799, 0.014105419450631032, 0.016332590942835932, 0.03414996288047513, 0.05642167780252413, 0.06533036377134373, 0.0935412026726058, 0.09428359317000742, 0.147735708982925, 0.12843355605048257, 0.133630289532294, 0.066815144766147, 0.0757238307349666, 0.020786933927245732, 0.014847809948032665, 0.014847809948032665, 0.004454342984409799, 0.0022271714922048997, 0.0022271714922048997, 0.004454342984409799, 0.0, 0.0, 0.0, 0.0, 0.0, 0.0], [0.00022639800769753225, 0.0, 0.00022639800769753225, 0.00022639800769753225, 0.0004527960153950645, 0.0004527960153950645, 0.0004527960153950645, 0.001584786053882726, 0.0070183382386235, 0.00905592030790129, 0.015395064523432193, 0.022866198777450757, 0.040525243377858275, 0.05139234774733983, 0.07652252660176591, 0.10369028752546977, 0.14557391894951324, 0.10618066561014262, 0.19062712248132216, 0.0638442381707041, 0.04233642743943853, 0.057278695947475665, 0.02513017885442608, 0.00996151233869142, 0.018791034638895178, 0.005659950192438306, 0.004527960153950645, 0.0, 0.0, 0.0, 0.0, 0.0], [0.0, 0.000197667523225934, 0.0, 0.0, 0.000197667523225934, 0.000790670092903736, 0.002569677801937142, 0.003953350464518679, 0.010081043684522633, 0.022731765170982406, 0.031824471239375374, 0.03419648151808658, 0.06542795018778415, 0.08341569480134414, 0.11622850365684918, 0.1320419055149239, 0.1709824075904329, 0.09962443170587072, 0.11761217631943072, 0.041312512354220204, 0.027080450681952955, 0.02174342755485274, 0.008302035975489227, 0.003953350464518679, 0.0037556829412927458, 0.0011860051393556038, 0.000790670092903736, 0.0, 0.0, 0.0, 0.0, 0.0], [0.0, 0.0, 0.0, 0.0, 0.0, 0.0, 0.0, 0.07692307692307693, 0.057692307692307696, 0.11538461538461539, 0.038461538461538464, 0.07692307692307693, 0.1346153846153846, 0.11538461538461539, 0.0, 0.038461538461538464, 0.07692307692307693, 0.038461538461538464, 0.057692307692307696, 0.09615384615384616, 0.038461538461538464, 0.019230769230769232, 0.0, 0.019230769230769232, 0.0, 0.0, 0.0, 0.0, 0.0, 0.0, 0.0, 0.0], [0.0, 0.0, 0.0, 0.0, 0.0, 0.0, 0.00034572169403630077, 0.003111495246326707, 0.0029386343993085566, 0.010544511668107173, 0.01659464131374244, 0.028176318063958514, 0.05548833189282627, 0.08556611927398444, 0.11408815903197926, 0.13085566119273984, 0.15661192739844426, 0.10043215211754537, 0.11858254105445117, 0.05445116681071737, 0.033362143474503024, 0.0445980985306828, 0.016076058772687987, 0.005877268798617113, 0.012445980985306828, 0.005531547104580812, 0.0038029386343993088, 0.0005185825410544512, 0.0, 0.0, 0.0, 0.0], [0.0, 0.0, 0.0009358914365933552, 0.0014038371548900327, 0.0014038371548900327, 0.0014038371548900327, 0.004211511464670099, 0.011230697239120261, 0.023865231633130556, 0.03369209171736079, 0.05334581188582124, 0.06644829199812821, 0.09031352363125877, 0.11745437529246608, 0.13242863827795975, 0.11932615816565278, 0.11511464670098269, 0.06410856340664482, 0.06176883481516144, 0.02901263453439401, 0.018249883013570427, 0.01918577445016378, 0.008423022929340197, 0.006551240056153486, 0.011230697239120261, 0.005147402901263453, 0.003743565746373421, 0.0, 0.0, 0.0, 0.0, 0.0], [0.0, 0.0, 0.007575757575757576, 0.015151515151515152, 0.007575757575757576, 0.007575757575757576, 0.03787878787878788, 0.06060606060606061, 0.09848484848484848, 0.12121212121212122, 0.09090909090909091, 0.12878787878787878, 0.13636363636363635, 0.09848484848484848, 0.03787878787878788, 0.03787878787878788, 0.05303030303030303, 0.015151515151515152, 0.007575757575757576, 0.03787878787878788, 0.0, 0.0, 0.0, 0.0, 0.0, 0.0, 0.0, 0.0, 0.0, 0.0, 0.0, 0.0], [0.0003551136363636364, 0.0003551136363636364, 0.0008877840909090909, 0.0007102272727272727, 0.0012428977272727273, 0.003018465909090909, 0.004261363636363636, 0.009765625, 0.01935369318181818, 0.045099431818181816, 0.06924715909090909, 0.09907670454545454, 0.11381392045454546, 0.11772017045454546, 0.13529829545454544, 0.11026278409090909, 0.09073153409090909, 0.05042613636363636, 0.05042613636363636, 0.026811079545454544, 0.01740056818181818, 0.015269886363636364, 0.010475852272727272, 0.0031960227272727275, 0.004083806818181818, 0.0005326704545454545, 0.0001775568181818182, 0.0, 0.0, 0.0, 0.0, 0.0], [0.0, 0.0, 0.00046882325363338024, 0.0, 0.0014064697609001407, 0.001875293014533521, 0.003750586029067042, 0.005157055789967183, 0.013595874355368026, 0.026722925457102673, 0.034692920768870136, 0.0473511486169714, 0.07266760431317393, 0.09657759024847633, 0.12283169245194561, 0.13220815752461323, 0.16502578527894984, 0.07923112986404125, 0.1045475855602438, 0.035161744022503515, 0.016408813877168308, 0.01969057665260197, 0.008907641819034223, 0.007032348804500703, 0.004219409282700422, 0.00046882325363338024, 0.0, 0.0, 0.0, 0.0, 0.0, 0.0], [0.0, 0.0, 0.0010471204188481676, 0.0007853403141361257, 0.0013089005235602095, 0.0028795811518324606, 0.007068062827225131, 0.01099476439790576, 0.017277486910994764, 0.03848167539267016, 0.07198952879581152, 0.07958115183246073, 0.10418848167539267, 0.11073298429319371, 0.14554973821989528, 0.1243455497382199, 0.1, 0.05706806282722513, 0.0549738219895288, 0.027225130890052355, 0.015706806282722512, 0.014397905759162303, 0.005759162303664921, 0.003926701570680628, 0.0034031413612565444, 0.0013089005235602095, 0.0, 0.0, 0.0, 0.0, 0.0, 0.0], [0.0, 0.0, 0.0, 0.0, 0.00024993751562109475, 0.0012496875781054736, 0.0024993751562109472, 0.005998500374906273, 0.010497375656085979, 0.016495876030992253, 0.03524118970257436, 0.04873781554611347, 0.06823294176455887, 0.08322919270182455, 0.1379655086228443, 0.12246938265433642, 0.15296175956010996, 0.09447638090477381, 0.11097225693576605, 0.04123969007748063, 0.022494376405898527, 0.022494376405898527, 0.009247688077980504, 0.005248687828042989, 0.005498625343664084, 0.0024993751562109472, 0.0, 0.0, 0.0, 0.0, 0.0, 0.0], [0.00022192632046160674, 0.0, 0.0, 0.0004438526409232135, 0.0004438526409232135, 0.0011096316023080338, 0.002663115845539281, 0.005770084332001775, 0.012205947625388371, 0.031291611185086554, 0.05370616955170883, 0.061917443408788284, 0.07944962272525521, 0.10275188637372393, 0.13692853972481137, 0.13670661340434975, 0.14136706613404348, 0.07878384376387039, 0.07678650687971593, 0.02929427430093209, 0.016644474034620507, 0.015978695073235686, 0.005770084332001775, 0.0031069684864624943, 0.003328894806924101, 0.0024411895250776743, 0.000887705281846427, 0.0, 0.0, 0.0, 0.0, 0.0], [0.0, 0.0, 0.0, 0.0, 0.0, 0.0007328691828508611, 0.0, 0.0007328691828508611, 0.003664345914254306, 0.008061561011359472, 0.015756687431293513, 0.024551117625503847, 0.04983510443385856, 0.07108831073653353, 0.10333455478197141, 0.13228288750458042, 0.17588860388420666, 0.1187248076218395, 0.13008427995602784, 0.06156101135947233, 0.03444485159399047, 0.034078417002565045, 0.014657383657017223, 0.008794430194210334, 0.00622938805423232, 0.004030780505679736, 0.0014657383657017222, 0.0, 0.0, 0.0, 0.0, 0.0], [0.0, 0.0, 0.0, 0.0009813542688910696, 0.0009813542688910696, 0.001962708537782139, 0.0009813542688910696, 0.004906771344455349, 0.007850834151128557, 0.02551521099116781, 0.03532875368007851, 0.06280667320902845, 0.06378802747791953, 0.09421000981354269, 0.10009813542688911, 0.12757605495583907, 0.14033366045142295, 0.10107948969578018, 0.09126594700686948, 0.033366045142296366, 0.03140333660451423, 0.03042198233562316, 0.012757605495583905, 0.005888125613346418, 0.012757605495583905, 0.004906771344455349, 0.008832188420019628, 0.0, 0.0, 0.0, 0.0, 0.0], [0.0003245699448231094, 0.0, 0.0006491398896462187, 0.0003245699448231094, 0.0006491398896462187, 0.0016228497241155468, 0.0032456994482310936, 0.0038948393378773127, 0.0103862382343395, 0.01622849724115547, 0.033106134371957155, 0.04803635183382019, 0.0834144758195391, 0.09380071405387862, 0.13047711781888996, 0.14151249594287568, 0.13988964621876016, 0.08211619604024667, 0.09574813372281726, 0.04089581304771178, 0.02207075624797144, 0.02596559558584875, 0.01103537812398572, 0.00519311911716975, 0.004543979227523531, 0.0032456994482310936, 0.0012982797792924375, 0.0003245699448231094, 0.0, 0.0, 0.0, 0.0], [0.0, 0.0, 0.0, 0.0005866823115283074, 0.0008800234672924611, 0.0002933411557641537, 0.002933411557641537, 0.005573481959518921, 0.009093575828688765, 0.0196538574361983, 0.03725432678204752, 0.04957465532414198, 0.07245526547374596, 0.09210912290994426, 0.12643003813435025, 0.13259020240539748, 0.14784394250513347, 0.09064241713112349, 0.10941625110002934, 0.031094162511000292, 0.017893810501613375, 0.024640657084188913, 0.010560281607509533, 0.004400117336462305, 0.00880023467292461, 0.0023467292461132297, 0.002933411557641537, 0.0, 0.0, 0.0, 0.0, 0.0], [0.0, 0.0, 0.0, 0.0, 0.0, 0.0, 0.0, 0.0, 0.02564102564102564, 0.10256410256410256, 0.07692307692307693, 0.05128205128205128, 0.05128205128205128, 0.10256410256410256, 0.10256410256410256, 0.1282051282051282, 0.1282051282051282, 0.02564102564102564, 0.10256410256410256, 0.02564102564102564, 0.05128205128205128, 0.02564102564102564, 0.0, 0.0, 0.0, 0.0, 0.0, 0.0, 0.0, 0.0, 0.0, 0.0], [0.00016815200941651252, 0.00016815200941651252, 0.00016815200941651252, 0.00016815200941651252, 0.00016815200941651252, 0.00016815200941651252, 0.0005044560282495376, 0.0015133680847486128, 0.004876408273078863, 0.009080208508491677, 0.019673785101731966, 0.025054649403060368, 0.05313603497561796, 0.0805448125105095, 0.120733142761056, 0.1367075836556247, 0.15587691272910711, 0.10845804607365057, 0.10694467798890196, 0.06154363544644358, 0.03817050613754834, 0.04321506642004372, 0.016815200941651252, 0.007398688414326551, 0.006557928367243989, 0.0021859761224146627, 0.0, 0.0, 0.0, 0.0, 0.0, 0.0], [0.0, 0.0, 0.0, 0.0002915451895043732, 0.0, 0.0002915451895043732, 0.0026239067055393588, 0.0011661807580174927, 0.0037900874635568515, 0.004664723032069971, 0.0163265306122449, 0.022157434402332362, 0.03469387755102041, 0.05072886297376093, 0.08163265306122448, 0.10699708454810496, 0.1588921282798834, 0.12215743440233236, 0.15306122448979592, 0.07434402332361516, 0.041690962099125366, 0.055685131195335275, 0.022157434402332362, 0.011661807580174927, 0.02040816326530612, 0.009037900874635569, 0.004956268221574344, 0.0005830903790087463, 0.0, 0.0, 0.0, 0.0], [0.00015832805573147562, 0.0, 0.0, 0.00031665611146295124, 0.00047498416719442683, 0.001266624445851805, 0.0014249525015832805, 0.0037998733375554147, 0.006808106396453451, 0.01266624445851805, 0.025015832805573148, 0.034198860037998734, 0.04512349588347055, 0.06728942368587713, 0.10702976567447751, 0.1220709309689677, 0.14724509183027232, 0.10402153261557948, 0.13742875237492083, 0.06238125395820139, 0.037365421152628246, 0.04290690310322989, 0.017891070297656745, 0.0064914502849905, 0.012349588347055098, 0.004116529449018366, 0.00015832805573147562, 0.0, 0.0, 0.0, 0.0, 0.0], [0.0, 0.0, 0.0, 0.0, 0.0, 0.0026666666666666666, 0.0, 0.005333333333333333, 0.008, 0.005333333333333333, 0.013333333333333334, 0.042666666666666665, 0.058666666666666666, 0.12533333333333332, 0.144, 0.15733333333333333, 0.17066666666666666, 0.128, 0.09066666666666667, 0.034666666666666665, 0.013333333333333334, 0.0, 0.0, 0.0, 0.0, 0.0, 0.0, 0.0, 0.0, 0.0, 0.0, 0.0], [0.0, 0.0, 0.0, 0.00012376237623762376, 0.0, 0.00024752475247524753, 0.00024752475247524753, 0.0011138613861386138, 0.0037128712871287127, 0.00891089108910891, 0.015099009900990099, 0.02574257425742574, 0.045297029702970296, 0.0594059405940594, 0.09418316831683168, 0.12487623762376238, 0.17475247524752474, 0.11485148514851486, 0.16274752475247525, 0.06386138613861386, 0.03292079207920792, 0.04071782178217822, 0.013613861386138614, 0.005321782178217822, 0.00853960396039604, 0.002599009900990099, 0.0011138613861386138, 0.0, 0.0, 0.0, 0.0, 0.0], [0.00010830715910321672, 0.00010830715910321672, 0.00021661431820643344, 0.00010830715910321672, 0.000758150113722517, 0.0008664572728257337, 0.00043322863641286687, 0.0017329145456514675, 0.0017329145456514675, 0.009422722841979855, 0.013646702047005308, 0.03390014079930683, 0.06433445250731074, 0.09476876421531463, 0.14069099967507853, 0.17480775479259178, 0.18141449149788802, 0.10202534387523016, 0.09899274342034009, 0.039748727390880534, 0.01917036716126936, 0.013105166251489223, 0.0043322863641286685, 0.0017329145456514675, 0.0014079930683418174, 0.00043322863641286687, 0.0, 0.0, 0.0, 0.0, 0.0, 0.0], [0.0, 0.00023212627669452182, 0.0, 0.00023212627669452182, 0.00046425255338904364, 0.0016248839368616526, 0.0016248839368616526, 0.003946146703806871, 0.007892293407613741, 0.014391829155060354, 0.025998142989786442, 0.04433611884865367, 0.06940575673166202, 0.08426183844011143, 0.12395543175487465, 0.14066852367688024, 0.15459610027855153, 0.10143918291550603, 0.100974930362117, 0.0489786443825441, 0.027390900649953576, 0.0255338904363974, 0.010677808727948004, 0.006731662024141133, 0.003946146703806871, 0.0006963788300835655, 0.0, 0.0, 0.0, 0.0, 0.0, 0.0], [0.0, 0.0, 0.0, 0.0, 0.00040551500405515005, 0.0, 0.0008110300081103001, 0.0012165450121654502, 0.0032441200324412004, 0.004460665044606651, 0.015409570154095702, 0.024533657745336578, 0.042984590429845905, 0.0665044606650446, 0.10462287104622871, 0.1332116788321168, 0.1599756690997567, 0.09407948094079481, 0.14862124898621248, 0.05981346309813463, 0.0373073803730738, 0.04683698296836983, 0.019261962692619625, 0.0113544201135442, 0.015815085158150853, 0.0052716950527169504, 0.0040551500405515, 0.00020275750202757503, 0.0, 0.0, 0.0, 0.0], [0.0, 0.000744047619047619, 0.000744047619047619, 0.000744047619047619, 0.001488095238095238, 0.005208333333333333, 0.005952380952380952, 0.014136904761904762, 0.029017857142857144, 0.049107142857142856, 0.05505952380952381, 0.08630952380952381, 0.09300595238095238, 0.11979166666666667, 0.13541666666666666, 0.11532738095238096, 0.10267857142857142, 0.05133928571428571, 0.07514880952380952, 0.022321428571428572, 0.011160714285714286, 0.018601190476190476, 0.003720238095238095, 0.0, 0.002976190476190476, 0.0, 0.0, 0.0, 0.0, 0.0, 0.0, 0.0], [0.0, 0.0, 0.0, 0.0, 0.0, 0.002232142857142857, 0.004464285714285714, 0.026785714285714284, 0.04241071428571429, 0.049107142857142856, 0.078125, 0.08705357142857142, 0.08705357142857142, 0.07589285714285714, 0.11383928571428571, 0.10714285714285714, 0.13616071428571427, 0.05803571428571429, 0.06473214285714286, 0.033482142857142856, 0.013392857142857142, 0.006696428571428571, 0.0, 0.004464285714285714, 0.008928571428571428, 0.0, 0.0, 0.0, 0.0, 0.0, 0.0, 0.0], [0.00044072278536800354, 0.0, 0.0, 0.00022036139268400177, 0.0006610841780520053, 0.0013221683561040105, 0.00374614367562803, 0.009034817100044073, 0.014103129131776113, 0.027324812692816218, 0.04693697664169238, 0.06324371970030851, 0.09409431467606875, 0.10687527545174086, 0.14543851917144116, 0.1375055090348171, 0.12406346408109299, 0.07227853680035258, 0.07161745262230057, 0.026443367122080213, 0.01740855002203614, 0.019171441163508152, 0.007933010136624064, 0.004847950639048039, 0.0035257822829440283, 0.00044072278536800354, 0.0013221683561040105, 0.0, 0.0, 0.0, 0.0, 0.0], [0.0, 0.0, 0.0, 0.0008760402978537013, 0.0008760402978537013, 0.0, 0.002190100744634253, 0.001314060446780552, 0.004818221638195357, 0.016644765659220323, 0.026719229084537888, 0.03810775295663601, 0.05081033727551467, 0.07928164695575997, 0.10643889618922471, 0.12965396408234778, 0.14848883048620237, 0.08979413053000437, 0.12176960140166447, 0.052562417871222074, 0.03153745072273324, 0.037669732807709154, 0.019272886552781428, 0.011826544021024968, 0.02146298729741568, 0.006570302233902759, 0.0008760402978537013, 0.0004380201489268506, 0.0, 0.0, 0.0, 0.0], [0.0, 0.0, 0.0, 0.0, 0.0, 0.00030864197530864197, 0.000925925925925926, 0.001851851851851852, 0.004320987654320987, 0.013888888888888888, 0.018518518518518517, 0.035493827160493825, 0.062037037037037036, 0.09166666666666666, 0.12129629629629629, 0.14876543209876544, 0.16111111111111112, 0.08333333333333333, 0.1169753086419753, 0.05154320987654321, 0.030864197530864196, 0.02962962962962963, 0.011111111111111112, 0.007407407407407408, 0.005864197530864198, 0.002777777777777778, 0.00030864197530864197, 0.0, 0.0, 0.0, 0.0, 0.0], [0.0001802776275464215, 0.0001802776275464215, 0.0001802776275464215, 0.0001802776275464215, 0.0005408328826392645, 0.0018027762754642149, 0.002523886785649901, 0.004326663061114116, 0.007932215612042546, 0.015143320713899405, 0.03731746890210925, 0.05498467640165856, 0.08527131782945736, 0.10798629890030648, 0.13701099693528032, 0.134306832522084, 0.14566432305750857, 0.09013881377321074, 0.08004326663061113, 0.039300522805119885, 0.019830539030106363, 0.020010816657652784, 0.008833603749774653, 0.0030647196682891654, 0.0030647196682891654, 0.0001802776275464215, 0.0, 0.0, 0.0, 0.0, 0.0, 0.0], [0.0, 0.0, 0.0, 0.0, 0.001328609388839681, 0.0004428697962798937, 0.0, 0.0044286979627989375, 0.005757307351638618, 0.009300265721877768, 0.027015057573073518, 0.0420726306465899, 0.07351638618246235, 0.09920283436669619, 0.12931798051372898, 0.16076173604960142, 0.13861824623560673, 0.09255978742249779, 0.08547387068201949, 0.04030115146147033, 0.032329495128432244, 0.022586359610274578, 0.01550044286979628, 0.006200177147918512, 0.00841452612931798, 0.0044286979627989375, 0.0004428697962798937, 0.0, 0.0, 0.0, 0.0, 0.0], [0.0, 0.0, 0.0, 0.0, 0.0, 0.0010197144799456153, 0.0010197144799456153, 0.002379333786539769, 0.004078857919782461, 0.005778382053025153, 0.011556764106050306, 0.02345343303874915, 0.03704962610469069, 0.05778382053025153, 0.09653297076818491, 0.12338545207341944, 0.15091774303195105, 0.10673011556764106, 0.14174031271244053, 0.07002039428959891, 0.04418762746430999, 0.06220258327668253, 0.022433718558803536, 0.01699524133242692, 0.013936097892590074, 0.006118286879673691, 0.0006798096532970768, 0.0, 0.0, 0.0, 0.0, 0.0], [0.0, 0.0, 0.0, 0.0, 0.00019809825673534074, 0.00019809825673534074, 0.0011885895404120444, 0.002377179080824089, 0.004160063391442155, 0.009706814580031696, 0.016838351822503962, 0.04061014263074485, 0.06794770206022187, 0.10756735340729001, 0.1396592709984152, 0.1230190174326466, 0.14183835182250396, 0.08795562599049128, 0.10855784469096671, 0.04675118858954041, 0.029714738510301108, 0.03189381933438986, 0.01862123613312203, 0.006141045958795562, 0.010103011093502378, 0.0027733755942947703, 0.002179080824088748, 0.0, 0.0, 0.0, 0.0, 0.0], [0.0, 0.0, 0.00013610997686130393, 0.0, 0.0, 0.00013610997686130393, 0.0005444399074452157, 0.0016333197223356473, 0.0031305294678099903, 0.009119368449707364, 0.018510956853137334, 0.03375527426160337, 0.06410779910167415, 0.09296311419627058, 0.13624608683816525, 0.15775146318225125, 0.16060977269633864, 0.09609364366408057, 0.11882400979991833, 0.04015244317408466, 0.022730366135837756, 0.024772015788757314, 0.00762215870423302, 0.00449162923642303, 0.00449162923642303, 0.0012249897917517355, 0.0009527698380291275, 0.0, 0.0, 0.0, 0.0, 0.0], [0.0, 0.0, 0.0, 0.0, 0.0, 0.0003180661577608143, 0.0006361323155216285, 0.001272264631043257, 0.0030216284987277355, 0.008905852417302799, 0.012404580152671756, 0.02814885496183206, 0.05073155216284987, 0.08444656488549618, 0.1315203562340967, 0.16571246819338423, 0.17907124681933842, 0.10702926208651399, 0.13056615776081426, 0.03610050890585242, 0.02099236641221374, 0.025604325699745547, 0.0057251908396946565, 0.0022264631043256997, 0.0033396946564885495, 0.0019083969465648854, 0.0003180661577608143, 0.0, 0.0, 0.0, 0.0, 0.0], [0.0, 0.008849557522123894, 0.0, 0.0, 0.008849557522123894, 0.02654867256637168, 0.061946902654867256, 0.02654867256637168, 0.11504424778761062, 0.10619469026548672, 0.04424778761061947, 0.05309734513274336, 0.07964601769911504, 0.11504424778761062, 0.07079646017699115, 0.07964601769911504, 0.05309734513274336, 0.05309734513274336, 0.035398230088495575, 0.017699115044247787, 0.0, 0.02654867256637168, 0.0, 0.017699115044247787, 0.0, 0.0, 0.0, 0.0, 0.0, 0.0, 0.0, 0.0]]}, "ranks": {"labels": ["Unranked", "Combatatent I", "Combatatent II", "Challenger I", "Challenger II", "Rival I", "Rival II", "Duelist", "Elite"], "data": [[0.1888111888111888, 0.16783216783216784, 0.23776223776223776, 0.1958041958041958, 0.11188811188811189, 0.06993006993006994, 0.027972027972027972, 0.0, 0.0], [0.07423904974016332, 0.12175204157386786, 0.18782479584261322, 0.27616926503340755, 0.20044543429844097, 0.08908685968819599, 0.022271714922048998, 0.021529324424647365, 0.0066815144766146995], [0.019696626669685306, 0.038261263300882954, 0.0919175911251981, 0.1802128141272357, 0.2517545845596559, 0.22685080371292732, 0.06995698437853747, 0.09237038714059316, 0.028978944985284128], [0.040521842261316464, 0.06602095275746195, 0.14884364498912828, 0.24827040917177307, 0.27060683929630364, 0.140739276536865, 0.04526586281873888, 0.03399881399486064, 0.005732358173552086], [0.25, 0.11538461538461539, 0.25, 0.038461538461538464, 0.11538461538461539, 0.1346153846153846, 0.057692307692307696, 0.038461538461538464, 0.0], [0.01694036300777874, 0.04477095937770095, 0.14105445116681073, 0.2449438202247191, 0.2570440795159896, 0.14520311149524634, 0.06119273984442524, 0.0665514261019879, 0.0222990492653414], [0.07814693495554516, 0.11979410388394947, 0.20776789892372485, 0.25175479644361254, 0.1792232101076275, 0.07814693495554516, 0.03088441740758072, 0.034160037435657466, 0.020121665886757137], [0.3560606060606061, 0.2196969696969697, 0.23484848484848486, 0.07575757575757576, 0.06818181818181818, 0.045454545454545456, 0.0, 0.0, 0.0], [0.08504971590909091, 0.16832386363636365, 0.2315340909090909, 0.24556107954545456, 0.14115767045454544, 0.06640625, 0.028231534090909092, 0.028941761363636364, 0.004794034090909091], [0.05297702766057196, 0.08204406938584154, 0.16924519456165027, 0.2550398499765588, 0.24425691514299108, 0.1256446319737459, 0.030473511486169714, 0.03563056727613689, 0.0046882325363338025], [0.07984293193717278, 0.15157068062827225, 0.21492146596858638, 0.2698952879581152, 0.15706806282722513, 0.07041884816753927, 0.0274869109947644, 0.024083769633507852, 0.004712041884816754], [0.03699075231192202, 0.08397900524868783, 0.1514621344663834, 0.2604348912771807, 0.24743814046488377, 0.1327168207948013, 0.041989502624343915, 0.03699075231192202, 0.007998000499875032], [0.05415002219263205, 0.11562361296049711, 0.18220150909897914, 0.27363515312916115, 0.2201509098979139, 0.0923213493120284, 0.030403905903240123, 0.024855747891699954, 0.006657789613848202], [0.0131916452913155, 0.04030780505679736, 0.12092341517039208, 0.23561744228655185, 0.2946134115060462, 0.16672773909857092, 0.05936240381091975, 0.0575302308537926, 0.011725906925613778], [0.04317958783120707, 0.09813542688910697, 0.15799803729146222, 0.22767419038272815, 0.24141315014720313, 0.10500490677134446, 0.05103042198233562, 0.04906771344455348, 0.02649656526005888], [0.03732554365465758, 0.08114248620577734, 0.17721518987341772, 0.27198961376176567, 0.22200584225900682, 0.12009087958455048, 0.038623823433950016, 0.04219409282700422, 0.009412528399870172], [0.039014373716632446, 0.0868289821061895, 0.16456438838369022, 0.2590202405397477, 0.23848635963625697, 0.12819008506893517, 0.030214139043707833, 0.039601056028160754, 0.014080375476679377], [0.1282051282051282, 0.1282051282051282, 0.15384615384615385, 0.23076923076923078, 0.15384615384615385, 0.10256410256410256, 0.07692307692307693, 0.02564102564102564, 0.0], [0.016983352951067766, 0.04472843450479233, 0.13368084748612746, 0.2574407264166807, 0.2643349588027577, 0.14141583991928702, 0.06524297965360686, 0.06742895577602152, 0.00874390448965865], [0.01282798833819242, 0.03848396501457726, 0.08542274052478134, 0.18862973760932944, 0.28104956268221576, 0.19504373177842566, 0.07405247813411078, 0.08950437317784257, 0.03498542274052478], [0.026915769474350856, 0.05921469284357188, 0.1124129195693477, 0.2291006966434452, 0.2512666244458518, 0.17321089297023431, 0.06396453451551615, 0.06728942368587713, 0.01662444585180494], [0.021333333333333333, 0.056, 0.184, 0.30133333333333334, 0.2986666666666667, 0.112, 0.02666666666666667, 0.0, 0.0], [0.014356435643564357, 0.04084158415841584, 0.1047029702970297, 0.21905940594059406, 0.2896039603960396, 0.19801980198019803, 0.06150990099009901, 0.05965346534653465, 0.012252475247524753], [0.015487923751759992, 0.047546842846312144, 0.15910321672262537, 0.31549875446767034, 0.2834398353731182, 0.12184555399111881, 0.03606628398137117, 0.01917036716126936, 0.0018412217047546844], [0.03040854224698236, 0.07033426183844012, 0.15366759517177345, 0.2646239554317549, 0.25603528319405755, 0.12674094707520892, 0.050603528319405754, 0.04294336118848654, 0.004642525533890436], [0.01013787510137875, 0.039943227899432276, 0.10948905109489052, 0.23783454987834549, 0.2540551500405515, 0.18369829683698297, 0.06204379562043796, 0.07745336577453366, 0.02534468775344688], [0.10714285714285714, 0.14136904761904762, 0.21279761904761904, 0.2507440476190476, 0.15401785714285715, 0.08630952380952381, 0.022321428571428572, 0.022321428571428572, 0.002976190476190476], [0.125, 0.16517857142857142, 0.16294642857142858, 0.22098214285714285, 0.19419642857142858, 0.08482142857142858, 0.026785714285714284, 0.011160714285714286, 0.008928571428571428], [0.05685323931247246, 0.11018069634200088, 0.2009695901278096, 0.28294402820625825, 0.19634200088144557, 0.08483913618334069, 0.030630233583076247, 0.03195240193918025, 0.005288673424416042], [0.026719229084537888, 0.06482698204117389, 0.13009198423127463, 0.2360928602715725, 0.23828296101620675, 0.14805081033727552, 0.05781865965834428, 0.06876916338151555, 0.029347349978098992], [0.021296296296296296, 0.05401234567901234, 0.1537037037037037, 0.2700617283950617, 0.24444444444444444, 0.1478395061728395, 0.05154320987654321, 0.04814814814814815, 0.008950617283950617], [0.03299080584099513, 0.0923021453037678, 0.19325761672976383, 0.2713178294573643, 0.2358031368307193, 0.1040201910942852, 0.035154137371552194, 0.0319091400757166, 0.003244997295835587], [0.021257750221434897, 0.06908768821966342, 0.17271922054915856, 0.29007971656333037, 0.23117803365810452, 0.10761736049601417, 0.050487156775907885, 0.04428697962798937, 0.013286093888396812], [0.014276002719238613, 0.03501019714479946, 0.09483344663494221, 0.21991842284160434, 0.2576478585995921, 0.18456832087015634, 0.07138001359619306, 0.10163154316791298, 0.020734194425560844], [0.017828843106180665, 0.05744849445324881, 0.1755150554675119, 0.2626782884310618, 0.22979397781299524, 0.1347068145800317, 0.050316957210776544, 0.05665610142630745, 0.015055467511885896], [0.014699877501020826, 0.05226623111474071, 0.15707091329794473, 0.2939975500204165, 0.2567034163604192, 0.1418265958894787, 0.039880223220362054, 0.036885803729413365, 0.0066693888662038925], [0.014153944020356234, 0.040553435114503815, 0.13517811704834606, 0.2972328244274809, 0.2861005089058524, 0.1496501272264631, 0.038008905852417306, 0.0335559796437659, 0.00556615776081425], [0.35398230088495575, 0.09734513274336283, 0.19469026548672566, 0.1504424778761062, 0.10619469026548672, 0.04424778761061947, 0.008849557522123894, 0.04424778761061947, 0.0]]}, "ranksDetailed": {"labels": ["Unranked", "Combatatant", "Challenger", "Rival", "Duelist", "Elite"], "data": [[0.1888111888111888, 0.40559440559440557, 0.3076923076923077, 0.0979020979020979, 0.0, 0.0], [0.07423904974016332, 0.30957683741648107, 0.4766146993318486, 0.111358574610245, 0.021529324424647365, 0.0066815144766146995], [0.019696626669685306, 0.13017885442608104, 0.43196739868689155, 0.2968077880914648, 0.09237038714059316, 0.028978944985284128], [0.040521842261316464, 0.21486459774659022, 0.5188772484680767, 0.18600513935560387, 0.03399881399486064, 0.005732358173552086], [0.25, 0.36538461538461536, 0.15384615384615385, 0.19230769230769232, 0.038461538461538464, 0.0], [0.01694036300777874, 0.18582541054451165, 0.5019878997407087, 0.20639585133967156, 0.0665514261019879, 0.0222990492653414], [0.07814693495554516, 0.32756200280767434, 0.4309780065512401, 0.10903135236312587, 0.034160037435657466, 0.020121665886757137], [0.3560606060606061, 0.45454545454545453, 0.14393939393939395, 0.045454545454545456, 0.0, 0.0], [0.08504971590909091, 0.39985795454545453, 0.38671875, 0.09463778409090909, 0.028941761363636364, 0.004794034090909091], [0.05297702766057196, 0.2512892639474918, 0.49929676511954996, 0.15611814345991562, 0.03563056727613689, 0.0046882325363338025], [0.07984293193717278, 0.36649214659685864, 0.4269633507853403, 0.09790575916230367, 0.024083769633507852, 0.004712041884816754], [0.03699075231192202, 0.23544113971507125, 0.5078730317420644, 0.17470632341914522, 0.03699075231192202, 0.007998000499875032], [0.05415002219263205, 0.29782512205947625, 0.493786063027075, 0.12272525521526853, 0.024855747891699954, 0.006657789613848202], [0.0131916452913155, 0.16123122022718944, 0.530230853792598, 0.22609014290949064, 0.0575302308537926, 0.011725906925613778], [0.04317958783120707, 0.2561334641805692, 0.4690873405299313, 0.1560353287536801, 0.04906771344455348, 0.02649656526005888], [0.03732554365465758, 0.2583576760791951, 0.4939954560207725, 0.1587147030185005, 0.04219409282700422, 0.009412528399870172], [0.039014373716632446, 0.25139337048987975, 0.4975066001760047, 0.15840422411264302, 0.039601056028160754, 0.014080375476679377], [0.1282051282051282, 0.28205128205128205, 0.38461538461538464, 0.1794871794871795, 0.02564102564102564, 0.0], [0.016983352951067766, 0.1784092819909198, 0.5217756852194384, 0.2066588195728939, 0.06742895577602152, 0.00874390448965865], [0.01282798833819242, 0.1239067055393586, 0.4696793002915452, 0.26909620991253647, 0.08950437317784257, 0.03498542274052478], [0.026915769474350856, 0.17162761241291957, 0.48036732108929703, 0.23717542748575046, 0.06728942368587713, 0.01662444585180494], [0.021333333333333333, 0.24, 0.6, 0.13866666666666666, 0.0, 0.0], [0.014356435643564357, 0.14554455445544554, 0.5086633663366337, 0.25952970297029704, 0.05965346534653465, 0.012252475247524753], [0.015487923751759992, 0.2066500595689375, 0.5989385898407885, 0.15791183797248998, 0.01917036716126936, 0.0018412217047546844], [0.03040854224698236, 0.22400185701021355, 0.5206592386258124, 0.17734447539461468, 0.04294336118848654, 0.004642525533890436], [0.01013787510137875, 0.1494322789943228, 0.49188969991889697, 0.24574209245742093, 0.07745336577453366, 0.02534468775344688], [0.10714285714285714, 0.3541666666666667, 0.40476190476190477, 0.10863095238095238, 0.022321428571428572, 0.002976190476190476], [0.125, 0.328125, 0.41517857142857145, 0.11160714285714286, 0.011160714285714286, 0.008928571428571428], [0.05685323931247246, 0.31115028646981047, 0.47928602908770385, 0.11546936976641692, 0.03195240193918025, 0.005288673424416042], [0.026719229084537888, 0.19491896627244854, 0.4743758212877792, 0.2058694699956198, 0.06876916338151555, 0.029347349978098992], [0.021296296296296296, 0.20771604938271604, 0.5145061728395062, 0.1993827160493827, 0.04814814814814815, 0.008950617283950617], [0.03299080584099513, 0.2855597620335316, 0.5071209662880837, 0.13917432846583738, 0.0319091400757166, 0.003244997295835587], [0.021257750221434897, 0.24180690876882197, 0.521257750221435, 0.15810451727192207, 0.04428697962798937, 0.013286093888396812], [0.014276002719238613, 0.12984364377974167, 0.47756628144119645, 0.2559483344663494, 0.10163154316791298, 0.020734194425560844], [0.017828843106180665, 0.2329635499207607, 0.49247226624405704, 0.18502377179080823, 0.05665610142630745, 0.015055467511885896], [0.014699877501020826, 0.20933714441268544, 0.5507009663808358, 0.18170681910984074, 0.036885803729413365, 0.0066693888662038925], [0.014153944020356234, 0.17573155216284989, 0.5833333333333334, 0.1876590330788804, 0.0335559796437659, 0.00556615776081425], [0.35398230088495575, 0.2920353982300885, 0.25663716814159293, 0.05309734513274336, 0.04424778761061947, 0.0]]}}}, "eu": {"histType": {"histogram": {"labels": ["0", "100", "200", "300", "400", "500", "600", "700", "800", "900", "1000", "1100", "1200", "1300", "1400", "1500", "1600", "1700", "1800", "1900", "2000", "2100", "2200", "2300", "2400", "2500", "2600", "2700", "2800", "2900", "3000", "3100"], "data": [[0.0, 0.0, 0.0, 0.0, 0.0, 0.010309278350515464, 0.020618556701030927, 0.030927835051546393, 0.10309278350515463, 0.07216494845360824, 0.10309278350515463, 0.07216494845360824, 0.09278350515463918, 0.10309278350515463, 0.07216494845360824, 0.08247422680412371, 0.10309278350515463, 0.061855670103092786, 0.030927835051546393, 0.0, 0.0, 0.030927835051546393, 0.010309278350515464, 0.0, 0.0, 0.0, 0.0, 0.0, 0.0, 0.0, 0.0, 0.0], [0.0, 0.0, 0.0008064516129032258, 0.0008064516129032258, 0.0008064516129032258, 0.004032258064516129, 0.008870967741935484, 0.007258064516129033, 0.02661290322580645, 0.03225806451612903, 0.04758064516129032, 0.0814516129032258, 0.08629032258064516, 0.12016129032258065, 0.1403225806451613, 0.12258064516129032, 0.1346774193548387, 0.06612903225806452, 0.05887096774193548, 0.024193548387096774, 0.00967741935483871, 0.013709677419354839, 0.0064516129032258064, 0.0024193548387096775, 0.004032258064516129, 0.0, 0.0, 0.0, 0.0, 0.0, 0.0, 0.0], [0.0, 0.0, 0.0, 0.00025157232704402514, 0.00025157232704402514, 0.0007547169811320754, 0.0007547169811320754, 0.0025157232704402514, 0.007044025157232704, 0.008553459119496854, 0.01710691823899371, 0.02691823899371069, 0.03547169811320755, 0.05132075471698113, 0.08075471698113207, 0.09886792452830188, 0.15547169811320755, 0.10515723270440251, 0.1781132075471698, 0.06389937106918239, 0.048050314465408805, 0.05987421383647799, 0.022138364779874214, 0.010062893081761006, 0.01660377358490566, 0.0057861635220125785, 0.0025157232704402514, 0.001761006289308176, 0.0, 0.0, 0.0, 0.0], [0.0, 0.00018132366273798732, 0.0, 0.00018132366273798732, 0.00018132366273798732, 0.00036264732547597464, 0.001269265639165911, 0.004533091568449683, 0.007252946509519492, 0.01486854034451496, 0.03046237533998187, 0.04369900271985494, 0.06237533998186763, 0.07833182230281052, 0.11622846781504986, 0.1414324569356301, 0.15938349954669084, 0.10661831368993653, 0.12058023572076156, 0.048776065276518586, 0.021396192203082504, 0.0228467815049864, 0.007796917497733454, 0.004351767905711695, 0.0038077969174977336, 0.001813236627379873, 0.001269265639165911, 0.0, 0.0, 0.0, 0.0, 0.0], [0.0, 0.0, 0.0, 0.0, 0.0, 0.0, 0.04081632653061224, 0.061224489795918366, 0.10204081632653061, 0.08163265306122448, 0.10204081632653061, 0.10204081632653061, 0.04081632653061224, 0.04081632653061224, 0.12244897959183673, 0.08163265306122448, 0.08163265306122448, 0.0, 0.02040816326530612, 0.08163265306122448, 0.0, 0.02040816326530612, 0.0, 0.02040816326530612, 0.0, 0.0, 0.0, 0.0, 0.0, 0.0, 0.0, 0.0], [0.0, 0.00017152658662092623, 0.00034305317324185246, 0.00034305317324185246, 0.0005145797598627787, 0.00017152658662092623, 0.00017152658662092623, 0.002915951972555746, 0.0044596912521440825, 0.008061749571183533, 0.017667238421955403, 0.02590051457975986, 0.0509433962264151, 0.07958833619210978, 0.10960548885077187, 0.12504288164665522, 0.14562607204116637, 0.1006861063464837, 0.1260720411663808, 0.06329331046312178, 0.035334476843910806, 0.05111492281303602, 0.01955403087478559, 0.007890222984562607, 0.014236706689536879, 0.0061749571183533445, 0.0024013722126929675, 0.0017152658662092624, 0.0, 0.0, 0.0, 0.0], [0.0, 0.0004411116012351125, 0.0004411116012351125, 0.0013233348037053375, 0.0013233348037053375, 0.0030877812086457872, 0.00529333921482135, 0.011468901632112925, 0.0282311424790472, 0.035288928098809, 0.05161005734450816, 0.07719453021614468, 0.08734009704455227, 0.10895456550507278, 0.10542567269519189, 0.11468901632112924, 0.1133656815174239, 0.0674900749889722, 0.06307895897662108, 0.032642258491398325, 0.0211733568592854, 0.024261138067931187, 0.011468901632112925, 0.009704455227172474, 0.012351124834583149, 0.004852227613586237, 0.005734450816056462, 0.00176444640494045, 0.0, 0.0, 0.0, 0.0], [0.0, 0.0, 0.0, 0.0, 0.0, 0.023809523809523808, 0.0, 0.08333333333333333, 0.03571428571428571, 0.09523809523809523, 0.09523809523809523, 0.11904761904761904, 0.09523809523809523, 0.03571428571428571, 0.09523809523809523, 0.16666666666666666, 0.09523809523809523, 0.03571428571428571, 0.0, 0.023809523809523808, 0.0, 0.0, 0.0, 0.0, 0.0, 0.0, 0.0, 0.0, 0.0, 0.0, 0.0, 0.0], [0.0005303164221318721, 0.00035354428142124803, 0.0007070885628424961, 0.0007070885628424961, 0.0010606328442637441, 0.001590949266395616, 0.004949619939897472, 0.010783100583348065, 0.027753226091567967, 0.04366271875552413, 0.07229980555064522, 0.09510341170231572, 0.12108891638677745, 0.12144246066819869, 0.11525543574332685, 0.10641682870779565, 0.08997701962170762, 0.05338518649460845, 0.050380060102527845, 0.029697719639384834, 0.01891461905603677, 0.016970125508219906, 0.00707088562842496, 0.004772847799186848, 0.0040657592363443525, 0.00088386070355312, 0.00017677214071062401, 0.0, 0.0, 0.0, 0.0, 0.0], [0.0, 0.0, 0.0, 0.0, 0.0005980861244019139, 0.0005980861244019139, 0.0011961722488038277, 0.00777511961722488, 0.014354066985645933, 0.022727272727272728, 0.046052631578947366, 0.049641148325358854, 0.06698564593301436, 0.10287081339712918, 0.12200956937799043, 0.12799043062200957, 0.1465311004784689, 0.08253588516746412, 0.10526315789473684, 0.02751196172248804, 0.030502392344497607, 0.02631578947368421, 0.01076555023923445, 0.0023923444976076554, 0.0023923444976076554, 0.0023923444976076554, 0.0005980861244019139, 0.0, 0.0, 0.0, 0.0, 0.0], [0.000321646831778707, 0.0, 0.0, 0.001286587327114828, 0.0019298809906722419, 0.0019298809906722419, 0.002894821486008363, 0.011579285944033452, 0.023158571888066904, 0.037632679318108715, 0.06207783853329045, 0.08684464458025089, 0.10678674815053071, 0.10935992280476037, 0.13605660984239304, 0.1151495657767771, 0.09585075587005468, 0.056931489224831135, 0.06304277902862657, 0.029269861691862336, 0.019620456738501126, 0.01929880990672242, 0.007076230299131554, 0.004824702476680605, 0.005146349308459312, 0.0019298809906722419, 0.0, 0.0, 0.0, 0.0, 0.0, 0.0], [0.0, 0.0, 0.0, 0.0, 0.0007976601967561818, 0.0007976601967561818, 0.0018612071257644244, 0.004785961180537091, 0.01249667641584685, 0.022068598776921033, 0.03429938846051582, 0.047593725073118855, 0.07471417176282903, 0.08295666046264291, 0.1236373304972082, 0.12204201010369582, 0.14783302313214572, 0.0890720553044403, 0.10502525923956395, 0.05078436586014358, 0.026322786492954, 0.026854559957458123, 0.011699016219090667, 0.00452007444828503, 0.0069130550385535765, 0.0007976601967561818, 0.0007976601967561818, 0.0010635469290082426, 0.0, 0.0, 0.00026588673225206064, 0.0], [0.0, 0.0, 0.0002633658151171978, 0.0005267316302343956, 0.0002633658151171978, 0.0021069265209375824, 0.0028970239662891757, 0.010271266789570714, 0.014485119831445879, 0.022912825915196208, 0.04556228601527522, 0.06057413747695549, 0.09270476692125362, 0.10113247300500396, 0.13800368712141164, 0.14616802739004478, 0.12404529892020016, 0.07321569660258098, 0.07979984198051093, 0.03186726362918093, 0.01790887542796945, 0.016328680537266264, 0.007374242823281538, 0.003687121411640769, 0.00474058467210956, 0.0021069265209375824, 0.0007900974453515934, 0.0002633658151171978, 0.