{"region": {"us": {"histType": {"histogram": {"labels": ["0", "100", "200", "300", "400", "500", "600", "700", "800", "900", "1000", "1100", "1200", "1300", "1400", "1500", "1600", "1700", "1800", "1900", "2000", "2100", "2200", "2300", "2400", "2500", "2600", "2700", "2800", "2900", "3000", "3100", "3200"], "data": [[0.0, 0.0, 0.0028129395218002813, 0.007032348804500703, 0.0028129395218002813, 0.007032348804500703, 0.012658227848101266, 0.014064697609001406, 0.035161744022503515, 0.04922644163150492, 0.08438818565400844, 0.09845288326300984, 0.11814345991561181, 0.13220815752461323, 0.12658227848101267, 0.10267229254571027, 0.07032348804500703, 0.0379746835443038, 0.04922644163150492, 0.016877637130801686, 0.014064697609001406, 0.009845288326300985, 0.005625879043600563, 0.0028129395218002813, 0.0, 0.0, 0.0, 0.0, 0.0, 0.0, 0.0, 0.0, 0.0], [0.0, 0.0002535496957403651, 0.0002535496957403651, 0.0002535496957403651, 0.0010141987829614604, 0.002281947261663286, 0.004817444219066937, 0.009381338742393509, 0.015973630831643004, 0.02865111561866126, 0.03803245436105477, 0.05400608519269777, 0.0829107505070994, 0.09406693711967545, 0.12829614604462475, 0.13539553752535496, 0.14705882352941177, 0.08367139959432049, 0.10243407707910751, 0.03473630831643002, 0.017241379310344827, 0.006845841784989858, 0.004056795131845842, 0.002028397565922921, 0.0030425963488843813, 0.0012677484787018255, 0.0010141987829614604, 0.0010141987829614604, 0.0, 0.0, 0.0, 0.0, 0.0], [0.0001179245283018868, 0.0, 0.0, 0.0002358490566037736, 0.0002358490566037736, 0.0002358490566037736, 0.0002358490566037736, 0.0005896226415094339, 0.0024764150943396225, 0.003419811320754717, 0.005188679245283019, 0.007311320754716981, 0.012028301886792454, 0.019221698113207546, 0.025235849056603775, 0.03879716981132075, 0.09787735849056604, 0.15919811320754718, 0.36214622641509436, 0.08702830188679245, 0.052830188679245285, 0.060849056603773585, 0.02205188679245283, 0.00919811320754717, 0.020754716981132074, 0.005778301886792452, 0.003419811320754717, 0.003066037735849057, 0.0, 0.0004716981132075472, 0.0, 0.0, 0.0], [0.0, 0.0, 0.0, 0.0, 0.00011519410206197443, 0.0, 0.000806358714433821, 0.0017279115309296164, 0.004722958184540951, 0.00783319894021426, 0.011634604308259418, 0.013247321737127058, 0.025918672963944248, 0.028683331413431632, 0.042737011864992513, 0.051837345927888495, 0.0716507314825481, 0.04388895288561226, 0.26966939292708214, 0.15113466190531044, 0.08812348807741044, 0.0968782398341205, 0.03236954267941482, 0.01405368045156088, 0.026149061168068196, 0.00702684022578044, 0.005068540490726875, 0.002995046653611335, 0.0017279115309296164, 0.0, 0.0, 0.0, 0.0], [0.0, 0.0, 0.0, 0.0, 0.010526315789473684, 0.005263157894736842, 0.02631578947368421, 0.02631578947368421, 0.05789473684210526, 0.05789473684210526, 0.07368421052631578, 0.08421052631578947, 0.1, 0.12105263157894737, 0.09473684210526316, 0.10526315789473684, 0.07368421052631578, 0.031578947368421054, 0.04736842105263158, 0.031578947368421054, 0.042105263157894736, 0.005263157894736842, 0.005263157894736842, 0.0, 0.0, 0.0, 0.0, 0.0, 0.0, 0.0, 0.0, 0.0, 0.0], [0.0, 0.0, 0.0, 0.0, 0.0, 0.0, 0.0, 0.0013577023498694517, 0.0013577023498694517, 0.004699738903394256, 0.007206266318537859, 0.011488250652741514, 0.021305483028720627, 0.07195822454308094, 0.12010443864229765, 0.14798955613577022, 0.17712793733681462, 0.11007832898172323, 0.14788511749347258, 0.05681462140992167, 0.03436031331592689, 0.03989556135770235, 0.01524804177545692, 0.008250652741514361, 0.011906005221932114, 0.003968668407310705, 0.003968668407310705, 0.0019843342036553525, 0.0009399477806788512, 0.00010443864229765013, 0.0, 0.0, 0.0], [0.0, 0.0, 0.0004045307443365696, 0.0022249190938511327, 0.0016181229773462784, 0.0034385113268608413, 0.007079288025889968, 0.012742718446601941, 0.019417475728155338, 0.03478964401294499, 0.049555016181229775, 0.06836569579288027, 0.09385113268608414, 0.11165048543689321, 0.12277508090614887, 0.12075242718446602, 0.11913430420711973, 0.06715210355987054, 0.07382686084142395, 0.028923948220064725, 0.016585760517799353, 0.01557443365695793, 0.0093042071197411, 0.0054611650485436895, 0.006270226537216829, 0.003843042071197411, 0.0020226537216828477, 0.0018203883495145632, 0.0010113268608414239, 0.0, 0.0004045307443365696, 0.0, 0.0], [0.0027624309392265192, 0.0027624309392265192, 0.0, 0.008287292817679558, 0.0055248618784530384, 0.019337016574585635, 0.013812154696132596, 0.04143646408839779, 0.058011049723756904, 0.11878453038674033, 0.11049723756906077, 0.13535911602209943, 0.10773480662983426, 0.10773480662983426, 0.06629834254143646, 0.07734806629834254, 0.04696132596685083, 0.016574585635359115, 0.019337016574585635, 0.03867403314917127, 0.0027624309392265192, 0.0, 0.0, 0.0, 0.0, 0.0, 0.0, 0.0, 0.0, 0.0, 0.0, 0.0, 0.0], [0.0003146303093864709, 0.0002097535395909806, 0.0005243838489774515, 0.0003146303093864709, 0.0005243838489774515, 0.0012585212375458836, 0.0015731515469323545, 0.004299947561615103, 0.0075511274252753014, 0.016151022548505506, 0.025799685369690614, 0.03450445726271631, 0.04153120083901416, 0.04625065547981122, 0.058835867855270056, 0.07142108023072889, 0.20062926061877295, 0.1329837441006817, 0.14305191400104877, 0.06523335081279497, 0.04257996853696906, 0.04268484530676455, 0.02076560041950708, 0.013738856843209229, 0.016465652857891977, 0.005348715259570006, 0.003880440482433141, 0.0012585212375458836, 0.0003146303093864709, 0.0, 0.0, 0.0, 0.0], [0.0, 0.0, 0.0, 0.0, 0.0003898635477582846, 0.0007797270955165692, 0.0011695906432748538, 0.0011695906432748538, 0.0023391812865497076, 0.008966861598440545, 0.012865497076023392, 0.016374269005847954, 0.022222222222222223, 0.03742690058479532, 0.06042884990253411, 0.07875243664717349, 0.10331384015594541, 0.08966861598440545, 0.1769980506822612, 0.06939571150097466, 0.07407407407407407, 0.09707602339181287, 0.042884990253411304, 0.01676413255360624, 0.047563352826510724, 0.01442495126705653, 0.012865497076023392, 0.008187134502923977, 0.0027290448343079924, 0.0011695906432748538, 0.0, 0.0, 0.0], [0.0, 0.0, 0.0001772421127259837, 0.0, 0.0008862105636299185, 0.0005317263381779511, 0.0015951790145338532, 0.004608294930875576, 0.007975895072669267, 0.014533853243530664, 0.021800779865295994, 0.03013115916341723, 0.05334987593052109, 0.06469337114498405, 0.1022686990428926, 0.1272598369372563, 0.1513647642679901, 0.0967741935483871, 0.14161644806806098, 0.06309819213045019, 0.03810705423608649, 0.036689117334278626, 0.012761432116270826, 0.008330379298121233, 0.012584190003544842, 0.003013115916341723, 0.0026586316908897554, 0.001772421127259837, 0.0014179369018078695, 0.0, 0.0, 0.0, 0.0], [0.0, 0.0, 0.0004233102864399605, 0.0004233102864399605, 0.0005644137152532807, 0.003245378862706364, 0.005926344010159447, 0.012840412022012134, 0.021306617750811344, 0.036686891491463244, 0.058416819528714546, 0.0728093692676732, 0.09877240016932412, 0.12007901792013546, 0.13814025680824044, 0.12191336249470862, 0.10371102017779033, 0.06222661210667419, 0.06180330182023423, 0.02695075490334415, 0.018343445745731622, 0.014251446310145336, 0.00818399887117257, 0.003386482291519684, 0.003950896006772965, 0.0031042754338930435, 0.0014110342881332016, 0.0011288274305065614, 0.0, 0.0, 0.0, 0.0, 0.0], [0.0, 0.0, 0.0, 0.0, 0.00012627857052658164, 0.0005051142821063266, 0.0017678999873721429, 0.0020204571284253062, 0.004546028538956939, 0.0053036999621164285, 0.013385528475817653, 0.01944689986109357, 0.027907564086374542, 0.03359009976007071, 0.048743528223260515, 0.04849097108220735, 0.22704886980679378, 0.1540598560424296, 0.2097487056446521, 0.07248389948225786, 0.04205076398535169, 0.0399040282863998, 0.01616365702740245, 0.011743907058972092, 0.01224902134107842, 0.004293471397903776, 0.0018941785578987247, 0.0017678999873721429, 0.0007576714231594899, 0.0, 0.0, 0.0, 0.0], [0.0002037905033625433, 0.0, 0.0, 0.00010189525168127165, 0.00010189525168127165, 0.00030568575504381494, 0.0012227430201752598, 0.0016303240269003464, 0.004177705318932138, 0.00988383941308335, 0.01599755451395965, 0.0190544120643978, 0.025575708171999185, 0.07316079070715305, 0.13745669451803547, 0.14621968616262482, 0.16904422253922968, 0.1096392908090483, 0.13358467495414714, 0.053087426125942534, 0.031078051762787853, 0.0319951090279193, 0.01355206847360913, 0.005706134094151213, 0.008966782147951905, 0.0030568575504381496, 0.0030568575504381496, 0.0009170572651314449, 0.0005094762584063583, 0.0006113715100876299, 0.00010189525168127165, 0.0, 0.0], [0.0, 0.0, 0.0, 0.00018076644974692697, 0.0005422993492407809, 0.00036153289949385393, 0.0012653651482284888, 0.0016268980477223427, 0.003796095444685466, 0.0070498915401301515, 0.014099783080260303, 0.02440347071583514, 0.04428778018799711, 0.06670281995661605, 0.09544468546637744, 0.11713665943600868, 0.1594360086767896, 0.11966738973246566, 0.15003615328994938, 0.07049891540130152, 0.043745480838756325, 0.038322487346348515, 0.014461315979754157, 0.006326825741142444, 0.0113882863340564, 0.004338394793926247, 0.0027114967462039045, 0.0007230657989877079, 0.0009038322487346348, 0.0005422993492407809, 0.0, 0.0, 0.0], [0.0, 0.0, 0.000249003984063745, 0.000249003984063745, 0.0017430278884462151, 0.0027390438247011954, 0.00149402390438247, 0.005229083665338645, 0.011205179282868526, 0.018177290836653388, 0.030627490039840638, 0.046812749003984064, 0.06499003984063745, 0.09113545816733068, 0.11603585657370517, 0.12574701195219123, 0.1344621513944223, 0.09760956175298804, 0.10134462151394422, 0.044820717131474105, 0.028635458167330676, 0.03212151394422311, 0.014691235059760957, 0.0069721115537848604, 0.01195219123505976, 0.005229083665338645, 0.00249003984063745, 0.00249003984063745, 0.00049800796812749, 0.000249003984063745, 0.0, 0.0, 0.0], [0.00018429782528566163, 0.0, 0.0005528934758569849, 0.0012900847769996315, 0.0005528934758569849, 0.0016586804275709546, 0.003501658680427571, 0.007371913011426466, 0.011795060818282344, 0.019904165130851456, 0.03225211942499079, 0.05197198673055658, 0.07482491706597862, 0.10117950608182824, 0.1258754146701069, 0.12882417987467748, 0.13453741245853298, 0.07980095834869148, 0.11076299299668264, 0.03999262808698857, 0.02377441946185035, 0.022668632510136382, 0.010320678215997052, 0.005344636933284188, 0.005160339107998526, 0.0016586804275709546, 0.001474382602285293, 0.002027276078142278, 0.00036859565057132326, 0.00036859565057132326, 0.0, 0.0, 0.0], [0.0, 0.0, 0.0001240079365079365, 0.000248015873015873, 0.0003720238095238095, 0.0001240079365079365, 0.0008680555555555555, 0.0018601190476190475, 0.002728174603174603, 0.006324404761904762, 0.012276785714285714, 0.014384920634920634, 0.02765376984126984, 0.045882936507936505, 0.14521329365079366, 0.15612599206349206, 0.17336309523809523, 0.11197916666666667, 0.16865079365079366, 0.04712301587301587, 0.02554563492063492, 0.026909722222222224, 0.01103670634920635, 0.005828373015873016, 0.007936507936507936, 0.002728174603174603, 0.0018601190476190475, 0.0008680555555555555, 0.0016121031746031745, 0.0003720238095238095, 0.0, 0.0, 0.0], [0.0, 0.0, 0.0, 0.006369426751592357, 0.006369426751592357, 0.006369426751592357, 0.0, 0.01910828025477707, 0.03821656050955414, 0.10191082802547771, 0.050955414012738856, 0.08917197452229299, 0.07643312101910828, 0.06369426751592357, 0.044585987261146494, 0.1337579617834395, 0.08917197452229299, 0.08280254777070063, 0.050955414012738856, 0.03184713375796178, 0.03821656050955414, 0.012738853503184714, 0.025477707006369428, 0.0, 0.006369426751592357, 0.012738853503184714, 0.0, 0.012738853503184714, 0.0, 0.0, 0.0, 0.0, 0.0], [0.000219514872132587, 0.0001097574360662935, 0.0, 0.0, 0.0, 0.0001097574360662935, 0.000219514872132587, 0.0009878169245966415, 0.002414663593458457, 0.004609812314784327, 0.007463505652507957, 0.010097684118099002, 0.02206124464932499, 0.029963780046098124, 0.05158599495115794, 0.16661178794863352, 0.22357589726703983, 0.14970914279442432, 0.15212380638788278, 0.0638788277905828, 0.0370980133904072, 0.0370980133904072, 0.014487981560750741, 0.006804961036110196, 0.010865986170563056, 0.0036219953901876854, 0.0026341784655910436, 0.0010975743606629349, 0.0005487871803314674, 0.0, 0.0, 0.0, 0.0], [0.0, 0.0, 0.0, 0.00011859582542694497, 0.0, 0.00011859582542694497, 0.0009487666034155598, 0.0003557874762808349, 0.0013045540796963948, 0.0022533206831119547, 0.004506641366223909, 0.006759962049335863, 0.011503795066413662, 0.016129032258064516, 0.027988614800759013, 0.11088709677419355, 0.1877371916508539, 0.15180265654648956, 0.20552656546489564, 0.09345351043643264, 0.05953510436432637, 0.05479127134724858, 0.020635673624288427, 0.012096774193548387, 0.01790796963946869, 0.006285578747628084, 0.003795066413662239, 0.0016603415559772296, 0.0011859582542694497, 0.00023719165085388995, 0.0004743833017077799, 0.0, 0.0], [0.00019479887016655303, 9.739943508327652e-05, 0.0, 0.00019479887016655303, 0.00019479887016655303, 0.0005843966104996591, 0.0007791954806662121, 0.0018505892665822538, 0.0029219830524982956, 0.005551767799746762, 0.010032141813577481, 0.013343722606408882, 0.017531898314989774, 0.02464205707606896, 0.03408980227914678, 0.14454076166358235, 0.16645563455731957, 0.14083958313041783, 0.1844745300477257, 0.0866854972241161, 0.05162170059413655, 0.05649167234830038, 0.022304470634070324, 0.011298334469660077, 0.014220317522158372, 0.0054543683646634845, 0.0023375864419986365, 0.0008765949157494887, 0.00038959774033310606, 0.0, 0.0, 0.0, 0.0], [0.0, 0.0, 0.0, 0.001445086705202312, 0.001445086705202312, 0.0, 0.001445086705202312, 0.0072254335260115606, 0.0072254335260115606, 0.005780346820809248, 0.01300578034682081, 0.02601156069364162, 0.044797687861271675, 0.08526011560693642, 0.12427745664739884, 0.17341040462427745, 0.1777456647398844, 0.12283236994219653, 0.1199421965317919, 0.05057803468208093, 0.02023121387283237, 0.014450867052023121, 0.002890173410404624, 0.0, 0.0, 0.0, 0.0, 0.0, 0.0, 0.0, 0.0, 0.0, 0.0], [0.0, 0.0, 0.0, 8.997660608241857e-05, 0.0, 8.997660608241857e-05, 0.00026992981824725573, 0.0007198128486593485, 0.0016195789094835343, 0.004858736728450603, 0.007378081698758323, 0.012416771639373762, 0.0213244556415332, 0.0276228180673025, 0.04084937916141803, 0.04858736728450603, 0.09942414972107252, 0.16744646391938095, 0.27640813388518987, 0.09654489832643513, 0.05803491092315998, 0.07387079359366565, 0.0213244556415332, 0.010257333093395717, 0.017815368004318877, 0.005398596364945114, 0.00314918121288465, 0.0035090876372143244, 0.0008097894547417671, 0.00017995321216483713, 0.0, 0.0, 0.0], [9.837678307919331e-05, 9.837678307919331e-05, 9.837678307919331e-05, 0.0, 0.00039350713231677323, 0.00039350713231677323, 0.00029513034923757994, 0.000983767830791933, 0.0010821446138711264, 0.005213969503197246, 0.00954254795868175, 0.01898671913428431, 0.03275946876537137, 0.04456468273487457, 0.06532218396458436, 0.07693064436792917, 0.1030004918839154, 0.20531234628627643, 0.2261682242990654, 0.09158878504672897, 0.045941957697983274, 0.04013772749631087, 0.01515002459419577, 0.006000983767830792, 0.0040334481062469256, 0.003738317757009346, 0.0017707820954254796, 0.00039350713231677323, 0.0, 0.0, 0.0, 0.0, 0.0], [0.0, 0.0001040582726326743, 0.0, 0.0001040582726326743, 0.0001040582726326743, 0.0005202913631633715, 0.0007284079084287201, 0.0016649323621227888, 0.0022892819979188346, 0.004474505723204995, 0.008324661810613945, 0.022892819979188347, 0.056815816857440166, 0.08002081165452654, 0.10801248699271591, 0.13808532778355878, 0.15848074921956296, 0.11311134235171696, 0.13787721123829344, 0.06420395421436004, 0.03860561914672216, 0.03173777315296566, 0.014568158168574402, 0.005931321540062435, 0.006139438085327784, 0.002497398543184183, 0.002081165452653486, 0.0006243496357960458, 0.0, 0.0, 0.0, 0.0, 0.0], [0.0, 0.0, 0.0, 0.0, 0.00023679848448969926, 0.0, 0.0008287946957139474, 0.0023679848448969927, 0.0048543689320388345, 0.007459152261425527, 0.0159838977030547, 0.024745441629173574, 0.04215013023916647, 0.0674875680795643, 0.10182334833057069, 0.12704238692872366, 0.1546294103717736, 0.0966137816717973, 0.16599573762727918, 0.059436419606914516, 0.03836135448733128, 0.039545346909779774, 0.0166942931565238, 0.007222353776935827, 0.011839924224484964, 0.005209566658773384, 0.003907174994080038, 0.0027231825716315414, 0.0014207909069381957, 0.0004735969689793985, 0.000947193937958797, 0.0, 0.0], [0.0, 0.00017310022503029253, 0.00017310022503029253, 0.00034620045006058506, 0.0010386013501817552, 0.0010386013501817552, 0.0017310022503029255, 0.002596503375454388, 0.005712307425999654, 0.022156828803877444, 0.043448156482603424, 0.059719577635450924, 0.07789510126363164, 0.10264843344296348, 0.1274017656222953, 0.11909295482084127, 0.14540418902544575, 0.07789510126363164, 0.11061104379435693, 0.030292539380301194, 0.022849229703998615, 0.020772027003635105, 0.008481911026484334, 0.0046737060758178985, 0.007789510126363164, 0.0015579020252726328, 0.002250302925393803, 0.0006924009001211701, 0.0013848018002423402, 0.00017310022503029253, 0.0, 0.0, 0.0], [0.0, 0.0, 0.0, 0.000731528895391368, 0.000975371860521824, 0.001950743721043648, 0.003901487442087296, 0.0073152889539136795, 0.013655206047305536, 0.01511826383808827, 0.026335040234089245, 0.04242867593269934, 0.0548646671543526, 0.08217507924896367, 0.1241160692514021, 0.12972445744940259, 0.15118263838088272, 0.09631797122653012, 0.10875396244818337, 0.049987807851743477, 0.026335040234089245, 0.02267739575713241, 0.012923677151914167, 0.009266032674957328, 0.007802974884174592, 0.003413801511826384, 0.00243842965130456, 0.0031699585466959277, 0.0021945866861741038, 0.000243842965130456, 0.0, 0.0, 0.0], [0.00022351363433169424, 0.0, 0.0, 0.0, 0.0004470272686633885, 0.0004470272686633885, 0.0016763522574877068, 0.0034644613321412605, 0.0049172999552972736, 0.009611086276262852, 0.01743406347787215, 0.04369691551184622, 0.08437639696021457, 0.12013857845328565, 0.14651318730442556, 0.1494188645507376, 0.13891372373714797, 0.07912382655341976, 0.09622261957979436, 0.033638801966919984, 0.02101028162717926, 0.024139472507822977, 0.008717031738936076, 0.004693786320965579, 0.006928922664282521, 0.002011622708985248, 0.001005811354492624, 0.001005811354492624, 0.0, 0.00022351363433169424, 0.0, 0.0, 0.0], [0.0, 0.0, 0.0, 0.00028149190710767064, 0.00014074595355383532, 0.00014074595355383532, 0.0014074595355383533, 0.000422237860661506, 0.00211118930330753, 0.004644616467276565, 0.007741027445460943, 0.00928923293455313, 0.014637579169598874, 0.06657283603096412, 0.11330049261083744, 0.14018296973962, 0.1717100633356791, 0.11161154116819141, 0.16242083040112595, 0.06052076002814919, 0.036593947923997186, 0.03969035890218156, 0.018296973961998593, 0.008866995073891626, 0.014496833216045038, 0.005207600281491907, 0.00450387051372273, 0.002955665024630542, 0.0014074595355383533, 0.0005629838142153413, 0.00028149190710767064, 0.0, 0.0], [0.0001725327812284334, 0.0, 0.0001725327812284334, 0.0003450655624568668, 0.0010351966873706005, 0.0013802622498274672, 0.002242926155969634, 0.004485852311939268, 0.00759144237405107, 0.01777087646652864, 0.03088336783988958, 0.04106280193236715, 0.06832298136645963, 0.09075224292615597, 0.11956521739130435, 0.12974465148378192, 0.14475500345065562, 0.0909247757073844, 0.12353347135955832, 0.044513457556935816, 0.027777777777777776, 0.021911663216011044, 0.011042097998619738, 0.004140786749482402, 0.005866114561766736, 0.0006901311249137336, 0.0024154589371980675, 0.005175983436853002, 0.0015527950310559005, 0.0001725327812284334, 0.0, 0.0, 0.0], [0.00011664528169835531, 0.0, 0.0, 0.0, 0.00011664528169835531, 0.0010498075352851977, 0.0006998716901901318, 0.002332905633967106, 0.0027994867607605274, 0.00571561880321941, 0.013880788522104281, 0.021696022395894087, 0.035576810917998365, 0.042575527819899685, 0.059022512539367786, 0.12259419106497142, 0.20949492593024613, 0.14837279832030795, 0.15898751895485827, 0.07033710486410824, 0.04315875422839146, 0.031144290213460865, 0.014114079085500992, 0.006065554648314476, 0.005598973521521055, 0.002216260352268751, 0.0017496792254753295, 0.00046658112679342123, 0.00011664528169835531, 0.0, 0.0, 0.0, 0.0], [0.0, 0.0, 0.0, 0.00014766686355581807, 0.00014766686355581807, 0.0004430005906674542, 0.0005906674542232723, 0.0016243354991139988, 0.0026580035440047253, 0.007826343768458357, 0.023183697578263437, 0.03278204370939161, 0.06645008860011814, 0.09834613112817484, 0.13083284111045482, 0.14441819255759009, 0.15549320732427643, 0.10248080330773775, 0.11104548139397519, 0.04370939161252215, 0.026284701712935617, 0.01919669226225635, 0.010632014176018901, 0.004873006497341997, 0.008712344949793267, 0.002067336089781453, 0.0026580035440047253, 0.002067336089781453, 0.0011813349084465446, 0.0, 0.00014766686355581807, 0.0, 0.0], [0.0, 0.0, 0.0, 0.00015472690700912888, 0.0, 0.0006189076280365155, 0.0009283614420547734, 0.0009283614420547734, 0.002320903605136933, 0.0020114497911186756, 0.005260714838310383, 0.015782144514931148, 0.0406931765434009, 0.0626643973386972, 0.09097942132136778, 0.11805663004796534, 0.15611944917221104, 0.11155809995358193, 0.17499613182732476, 0.07086492341018102, 0.0428593532415287, 0.04332353396255609, 0.02057867863221414, 0.01114033730465728, 0.015317963793903759, 0.006498530094383413, 0.0030945381401825778, 0.0015472690700912889, 0.0015472690700912889, 0.00015472690700912888, 0.0, 0.0, 0.0], [0.0, 0.0, 0.00011515430677107324, 0.0, 0.00023030861354214648, 0.0003454629203132197, 0.0003454629203132197, 0.0012666973744818056, 0.0011515430677107323, 0.003800092123445417, 0.006678949792722248, 0.016121602947950252, 0.026830953477660065, 0.045025333947489636, 0.059189313680331646, 0.16040994933210503, 0.1797558728696453, 0.10882081989866421, 0.17964071856287425, 0.06391064025794564, 0.0426070935052971, 0.04018885306310456, 0.023952095808383235, 0.01140027637033625, 0.015891294334408106, 0.005066789497927222, 0.003339474896361124, 0.0023030861354214646, 0.0013818516812528789, 0.00023030861354214648, 0.0, 0.0, 0.0], [0.0, 0.0, 9.304922303898763e-05, 0.0, 9.304922303898763e-05, 9.304922303898763e-05, 9.304922303898763e-05, 0.0008374430073508887, 0.0017679352377407648, 0.004745510374988369, 0.0090257746347818, 0.016376663254861822, 0.02819391458081325, 0.03619614776216619, 0.05480599236996371, 0.05908625662975714, 0.07229924630129339, 0.08960640178654508, 0.3194379826928445, 0.11472969200707174, 0.06411091467386247, 0.06978691727924072, 0.018144598492602585, 0.009677119196054714, 0.01767935237740765, 0.0053968549362612825, 0.0042802642597934305, 0.0021401321298967152, 0.0008374430073508887, 0.0004652461151949381, 0.0, 0.0, 0.0], [0.0, 0.0, 0.0, 0.0, 0.0, 0.00010025062656641604, 0.0006015037593984962, 0.0032080200501253134, 0.004912280701754386, 0.009924812030075189, 0.017944862155388472, 0.03368421052631579, 0.051228070175438595, 0.0761904761904762, 0.1143859649122807, 0.13523809523809524, 0.17393483709273183, 0.10917293233082707, 0.1549874686716792, 0.04721804511278196, 0.025463659147869674, 0.025964912280701753, 0.007418546365914787, 0.0032080200501253134, 0.002606516290726817, 0.0009022556390977444, 0.0008020050125313284, 0.0009022556390977444, 0.0, 0.0, 0.0, 0.0, 0.0], [0.0, 0.0030303030303030303, 0.0, 0.0030303030303030303, 0.006060606060606061, 0.021212121212121213, 0.021212121212121213, 0.04242424242424243, 0.08181818181818182, 0.06060606060606061, 0.05454545454545454, 0.07272727272727272, 0.07878787878787878, 0.11818181818181818, 0.12424242424242424, 0.10606060606060606, 0.08181818181818182, 0.04242424242424243, 0.03636363636363636, 0.021212121212121213, 0.00909090909090909, 0.00909090909090909, 0.0, 0.006060606060606061, 0.0, 0.0, 0.0, 0.0, 0.0, 0.0, 0.0, 0.0, 0.0]]}, "ranks": {"labels": ["Unranked", "Combatatent I", "Combatatent II", "Challenger I", "Challenger II", "Rival I", "Rival II", "Duelist", "Elite"], "data": [[0.1308016877637131, 0.1828410689170183, 0.25035161744022505, 0.22925457102672292, 0.10829817158931083, 0.06047819971870605, 0.01969057665260197, 0.01828410689170183, 0.0], [0.06288032454361055, 0.09203853955375253, 0.17697768762677485, 0.26369168356997974, 0.23073022312373226, 0.12246450304259635, 0.03194726166328601, 0.01293103448275862, 0.006338742393509128], [0.007547169811320755, 0.0125, 0.03125, 0.06403301886792453, 0.25707547169811323, 0.4088443396226415, 0.09316037735849056, 0.09209905660377359, 0.03349056603773585], [0.015205621472180623, 0.024881926045386474, 0.054602004377375876, 0.09457435779288101, 0.11553968436816035, 0.3528395346158277, 0.15608800829397534, 0.1433014629650962, 0.04296740006911646], [0.18421052631578946, 0.15789473684210525, 0.22105263157894736, 0.2, 0.10526315789473684, 0.07368421052631578, 0.04736842105263158, 0.010526315789473684, 0.0], [0.00741514360313316, 0.018694516971279374, 0.09326370757180157, 0.2680939947780679, 0.28720626631853785, 0.18005221932114882, 0.059007832898172324, 0.06339425587467364, 0.02287206266318538], [0.08171521035598706, 0.11792071197411003, 0.20550161812297735, 0.24352750809061488, 0.1862864077669903, 0.09162621359223301, 0.027710355987055017, 0.03033980582524272, 0.015372168284789644], [0.27071823204419887, 0.24585635359116023, 0.2154696132596685, 0.143646408839779, 0.06353591160220995, 0.03314917127071823, 0.027624309392265192, 0.0, 0.0], [0.03272155217619297, 0.060304142632406924, 0.08778185631882537, 0.13025694808599894, 0.33361300471945465, 0.18038804404824332, 0.07047718930256948, 0.07718930256948087, 0.027267960146827478], [0.014814814814814815, 0.029239766081871343, 0.05964912280701754, 0.1391812865497076, 0.19298245614035087, 0.21130604288499025, 0.10916179337231968, 0.1567251461988304, 0.08693957115009747], [0.03030840127614321, 0.05193193902871322, 0.11804324707550513, 0.22952853598014888, 0.24813895781637718, 0.18007798652959944, 0.06274370790499822, 0.05778092874867068, 0.021446295639844026], [0.08141667842528573, 0.13122618879638775, 0.21885141808945957, 0.26005361930294907, 0.1659376322844645, 0.07520812755749964, 0.031889374911810354, 0.02582192747283759, 0.009595033159305771], [0.014269478469503724, 0.032832428336911225, 0.061497663846445255, 0.09723449930546786, 0.3811087258492234, 0.2515469124889506, 0.07273645662331102, 0.06781159237277434, 0.02096224270741255], [0.017627878540859995, 0.03505196657835745, 0.09873649887915223, 0.28367638068066026, 0.27868351334827796, 0.16333808844507847, 0.05441206439779906, 0.05125331159567964, 0.01722029753413491], [0.01482284887924801, 0.03850325379609545, 0.11099060014461316, 0.21258134490238612, 0.27910339840925524, 0.19016630513376717, 0.07411424439624006, 0.05911062906724512, 0.020607375271149676], [0.041085657370517926, 0.0774402390438247, 0.15612549800796813, 0.24178286852589642, 0.23207171314741035, 0.12624501992031872, 0.04855577689243028, 0.053784860557768925, 0.022908366533864542], [0.04681164762255805, 0.08422410615554736, 0.17600442314780684, 0.25469959454478436, 0.21433837080722448, 0.13472171028381866, 0.03980833026170291, 0.03833394765941762, 0.011057869517139697], [0.012648809523809524, 0.026661706349206348, 0.07353670634920635, 0.3013392857142857, 0.2853422619047619, 0.19556051587301587, 0.04575892857142857, 0.043774801587301584, 0.015376984126984126], [0.17834394904458598, 0.14012738853503184, 0.14012738853503184, 0.17834394904458598, 0.17197452229299362, 0.06369426751592357, 0.05732484076433121, 0.03821656050955414, 0.03184713375796178], [0.008670837449237186, 0.017561189770606958, 0.05202502469542312, 0.21819778289979147, 0.3732850400614642, 0.18977060695862144, 0.06333004061025134, 0.05839095598726814, 0.018768521567336188], [0.0050996204933586335, 0.011266603415559772, 0.02763282732447818, 0.13887571157495257, 0.33953984819734345, 0.2574715370018975, 0.10104364326375712, 0.08752371916508539, 0.03154648956356736], [0.012369728255576118, 0.023375864419986365, 0.04217395539105873, 0.17863056394272914, 0.30729521768773743, 0.23278464984903088, 0.08999707801694751, 0.09009447745203078, 0.02327846498490309], [0.024566473988439308, 0.03901734104046243, 0.13005780346820808, 0.2976878612716763, 0.30057803468208094, 0.15173410404624277, 0.03901734104046243, 0.017341040462427744, 0.0], [0.007648011517005579, 0.019794853338132086, 0.048947273708835705, 0.08943674644592406, 0.2668706136404535, 0.3328234658988663, 0.09816447723591866, 0.10545258232859457, 0.03086197588626957], [0.008657156910969011, 0.02852926709296606, 0.07732415150024594, 0.14225282833251351, 0.30831283817019184, 0.27840629611411705, 0.0852926709296606, 0.06128873585833743, 0.009936055090998524], [0.009989594172736732, 0.031217481789802288, 0.1368366285119667, 0.2460978147762747, 0.2715920915712799, 0.17377731529656607, 0.06690946930280957, 0.052237252861602496, 0.011342351716961498], [0.015747099218565, 0.040729339332228276, 0.10963769831873076, 0.22886573525929435, 0.25124319204357093, 0.19677954061094008, 0.0670139711105849, 0.0634619938432394, 0.026521430262846316], [0.034966245456119094, 0.10316773411805436, 0.18054353470659512, 0.24649472044313658, 0.22329929028907738, 0.1275748658473256, 0.03617794703133114, 0.033927644105937335, 0.013848018002423404], [0.04364789075835162, 0.06876371616678859, 0.13703974640331626, 0.2538405267008047, 0.24750060960741282, 0.13655206047305535, 0.04852475006096074, 0.0448671055840039, 0.019263594245306024], [0.020786767992847562, 0.06113097898971837, 0.20451497541350022, 0.2959320518551632, 0.21803755029056773, 0.11466249441215914, 0.03620920876173447, 0.03755029056772463, 0.011175681716584712], [0.009148486980999296, 0.017030260380014074, 0.08121041520056298, 0.25348346235045743, 0.2833216045038705, 0.19535538353272344, 0.06418015482054891, 0.06685432793807178, 0.029415904292751583], [0.035196687370600416, 0.07194616977225674, 0.15907522429261559, 0.24930986887508627, 0.23567977915804003, 0.14941338854382333, 0.046411318150448584, 0.037094547964113184, 0.015873015873015872], [0.012830980986819084, 0.035576810917998365, 0.07815233873789805, 0.1816167036043392, 0.3578677242505541, 0.1974804619153155, 0.07500291613204246, 0.051323923947276334, 0.010148139507756912], [0.013437684583579445, 0.05596574128765505, 0.16479621972829298, 0.2752510336680449, 0.2579740106320142, 0.13541051388068517, 0.045629060838747786, 0.034701712935617246, 0.01683402244536326], [0.0069627108154108, 0.02104285935324153, 0.1033575738820981, 0.20903605136933312, 0.267677549125793, 0.21445149311465264, 0.07426891536438186, 0.0750425498994275, 0.028160297075661457], [0.007254721326577614, 0.0228005527406725, 0.0718562874251497, 0.21959926301243665, 0.28857669276830955, 0.21453247351450944, 0.07162597881160755, 0.07554122524182405, 0.028212805158912942], [0.007723085512235973, 0.025402437889643623, 0.06439006234297943, 0.11389224899972085, 0.16190564808783847, 0.3828975528054341, 0.11538103656834466, 0.09760863496789801, 0.030799292825904902], [0.0187468671679198, 0.05162907268170426, 0.1274185463659148, 0.24962406015037594, 0.2831077694235589, 0.18205513784461153, 0.0456140350877193, 0.036591478696741855, 0.005213032581453634], [0.23939393939393938, 0.12727272727272726, 0.19696969696969696, 0.23030303030303031, 0.12424242424242424, 0.03939393939393939, 0.02727272727272727, 0.015151515151515152, 0.0]]}, "ranksDetailed": {"labels": ["Unranked", "Combatatant", "Challenger", "Rival", "Duelist", "Elite"], "data": [[0.1308016877637131, 0.43319268635724334, 0.33755274261603374, 0.08016877637130802, 0.01828410689170183, 0.0], [0.06288032454361055, 0.26901622718052737, 0.49442190669371194, 0.15441176470588236, 0.01293103448275862, 0.006338742393509128], [0.007547169811320755, 0.04375, 0.32110849056603774, 0.502004716981132, 0.09209905660377359, 0.03349056603773585], [0.015205621472180623, 0.07948393042276236, 0.21011404216104135, 0.508927542909803, 0.1433014629650962, 0.04296740006911646], [0.18421052631578946, 0.37894736842105264, 0.30526315789473685, 0.12105263157894737, 0.010526315789473684, 0.0], [0.00741514360313316, 0.11195822454308094, 0.5553002610966058, 0.23906005221932114, 0.06339425587467364, 0.02287206266318538], [0.08171521035598706, 0.3234223300970874, 0.4298139158576052, 0.11933656957928802, 0.03033980582524272, 0.015372168284789644], [0.27071823204419887, 0.4613259668508287, 0.20718232044198895, 0.06077348066298342, 0.0, 0.0], [0.03272155217619297, 0.1480859989512323, 0.46386995280545357, 0.2508652333508128, 0.07718930256948087, 0.027267960146827478], [0.014814814814814815, 0.08888888888888889, 0.3321637426900585, 0.32046783625730996, 0.1567251461988304, 0.08693957115009747], [0.03030840127614321, 0.16997518610421836, 0.47766749379652607, 0.24282169443459767, 0.05778092874867068, 0.021446295639844026], [0.08141667842528573, 0.3500776068858473, 0.4259912515874136, 0.10709750246931, 0.02582192747283759, 0.009595033159305771], [0.014269478469503724, 0.09433009218335649, 0.47834322515469124, 0.32428336911226163, 0.06781159237277434, 0.02096224270741255], [0.017627878540859995, 0.1337884654575097, 0.5623598940289383, 0.21775015284287752, 0.05125331159567964, 0.01722029753413491], [0.01482284887924801, 0.1494938539407086, 0.49168474331164136, 0.26428054953000724, 0.05911062906724512, 0.020607375271149676], [0.041085657370517926, 0.23356573705179282, 0.4738545816733068, 0.17480079681274902, 0.053784860557768925, 0.022908366533864542], [0.04681164762255805, 0.2602285293033542, 0.46903796535200887, 0.17453004054552157, 0.03833394765941762, 0.011057869517139697], [0.012648809523809524, 0.1001984126984127, 0.5866815476190477, 0.24131944444444445, 0.043774801587301584, 0.015376984126984126], [0.17834394904458598, 0.2802547770700637, 0.3503184713375796, 0.12101910828025478, 0.03821656050955414, 0.03184713375796178], [0.008670837449237186, 0.06958621446603007, 0.5914828229612556, 0.2531006475688728, 0.05839095598726814, 0.018768521567336188], [0.0050996204933586335, 0.03889943074003795, 0.478415559772296, 0.35851518026565465, 0.08752371916508539, 0.03154648956356736], [0.012369728255576118, 0.0655498198110451, 0.48592578163046657, 0.32278172786597836, 0.09009447745203078, 0.02327846498490309], [0.024566473988439308, 0.16907514450867053, 0.5982658959537572, 0.1907514450867052, 0.017341040462427744, 0.0], [0.007648011517005579, 0.06874212704696779, 0.35630736008637753, 0.43098794313478495, 0.10545258232859457, 0.03086197588626957], [0.008657156910969011, 0.105853418593212, 0.45056566650270535, 0.3636989670437777, 0.06128873585833743, 0.009936055090998524], [0.009989594172736732, 0.16805411030176898, 0.5176899063475546, 0.24068678459937565, 0.052237252861602496, 0.011342351716961498], [0.015747099218565, 0.15036703765095905, 0.48010892730286525, 0.263793511721525, 0.0634619938432394, 0.026521430262846316], [0.034966245456119094, 0.2837112688246495, 0.46979401073221394, 0.16375281287865676, 0.033927644105937335, 0.013848018002423404], [0.04364789075835162, 0.20580346257010484, 0.5013411363082175, 0.1850768105340161, 0.0448671055840039, 0.019263594245306024], [0.020786767992847562, 0.2656459544032186, 0.5139696021457308, 0.15087170317389362, 0.03755029056772463, 0.011175681716584712], [0.009148486980999296, 0.09824067558057706, 0.5368050668543279, 0.25953553835327237, 0.06685432793807178, 0.029415904292751583], [0.035196687370600416, 0.23102139406487232, 0.4849896480331263, 0.1958247066942719, 0.037094547964113184, 0.015873015873015872], [0.012830980986819084, 0.11372914965589642, 0.5394844278548933, 0.272483378047358, 0.051323923947276334, 0.010148139507756912], [0.013437684583579445, 0.22076196101594803, 0.533225044300059, 0.18103957471943297, 0.034701712935617246, 0.01683402244536326], [0.0069627108154108, 0.12440043323533963, 0.4767136004951261, 0.2887204084790345, 0.0750425498994275, 0.028160297075661457], [0.007254721326577614, 0.0946568401658222, 0.5081759557807461, 0.286158452326117, 0.07554122524182405, 0.028212805158912942], [0.007723085512235973, 0.08979250023262306, 0.2757978970875593, 0.4982785893737787, 0.09760863496789801, 0.030799292825904902], [0.0187468671679198, 0.17904761904761904, 0.5327318295739348, 0.22766917293233083, 0.036591478696741855, 0.005213032581453634], [0.23939393939393938, 0.3242424242424242, 0.35454545454545455, 0.06666666666666667, 0.015151515151515152, 0.0]]}}}, "eu": {"histType": {"histogram": {"labels": ["0", "100", "200", "300", "400", "500", "600", "700", "800", "900", "1000", "1100", "1200", "1300", "1400", "1500", "1600", "1700", "1800", "1900", "2000", "2100", "2200", "2300", "2400", "2500", "2600", "2700", "2800", "2900", "3000", "3100", "3200"], "data": [[0.0, 0.0, 0.0018656716417910447, 0.0, 0.0, 0.005597014925373134, 0.011194029850746268, 0.026119402985074626, 0.05223880597014925, 0.07835820895522388, 0.07462686567164178, 0.10634328358208955, 0.10261194029850747, 0.11940298507462686, 0.1417910447761194, 0.09328358208955224, 0.061567164179104475, 0.041044776119402986, 0.03544776119402985, 0.020522388059701493, 0.007462686567164179, 0.005597014925373134, 0.014925373134328358, 0.0, 0.0, 0.0, 0.0, 0.0, 0.0, 0.0, 0.0, 0.0, 0.0], [0.00028145229383619476, 0.00028145229383619476, 0.0005629045876723895, 0.0014072614691809737, 0.0016887137630171687, 0.003940332113706727, 0.006754855052068675, 0.01125809175344779, 0.019701660568533633, 0.032929918378834785, 0.04615817618913594, 0.06276386152547143, 0.08133971291866028, 0.10357444413171968, 0.13650436251055445, 0.13115676892766676, 0.1396003377427526, 0.06614128905150576, 0.09541232761047003, 0.02476780185758514, 0.011539544047283985, 0.010976639459611595, 0.003940332113706727, 0.0033774275260343373, 0.0028145229383619475, 0.0005629045876723895, 0.0005629045876723895, 0.0, 0.0, 0.0, 0.0, 0.0, 0.0], [0.0, 0.0, 0.0, 0.00011916110581506196, 0.00011916110581506196, 0.00011916110581506196, 0.0, 0.0007149666348903718, 0.0019065776930409914, 0.002621544327931363, 0.005838894184938036, 0.009532888465204958, 0.011916110581506196, 0.015252621544327931, 0.025619637750238324, 0.034914204003813155, 0.18755958055290753, 0.15276453765490944, 0.31839847473784555, 0.07995710200190657, 0.05207340324118208, 0.05314585319351764, 0.01870829361296473, 0.007149666348903718, 0.010724499523355576, 0.005362249761677788, 0.002859866539561487, 0.0021448999046711154, 0.00023832221163012392, 0.00023832221163012392, 0.0, 0.0, 0.0], [0.0, 0.0, 0.0, 0.00011048502927853276, 0.00011048502927853276, 0.00022097005855706552, 0.0007733952049497294, 0.0020992155562921224, 0.0024306706441277206, 0.005855706551762236, 0.011711413103524472, 0.01723566456745111, 0.020660700475085624, 0.026516407026847863, 0.04286819136007071, 0.054027179317202516, 0.07645564026074467, 0.051817478731631866, 0.28096342945530883, 0.1426361727985858, 0.09181305933046072, 0.08783559827643354, 0.02994144293448238, 0.01358965860125953, 0.022649431002099214, 0.008175892166611425, 0.004640371229698376, 0.0034250359076345156, 0.0012153353220638603, 0.00022097005855706552, 0.0, 0.0, 0.0], [0.0, 0.0, 0.0, 0.0, 0.0, 0.021505376344086023, 0.026881720430107527, 0.053763440860215055, 0.05913978494623656, 0.05913978494623656, 0.06989247311827956, 0.08064516129032258, 0.053763440860215055, 0.11290322580645161, 0.0913978494623656, 0.15053763440860216, 0.026881720430107527, 0.06451612903225806, 0.03763440860215054, 0.04838709677419355, 0.021505376344086023, 0.005376344086021506, 0.0, 0.005376344086021506, 0.010752688172043012, 0.0, 0.0, 0.0, 0.0, 0.0, 0.0, 0.0, 0.0], [0.0, 0.00010404744563520966, 0.00010404744563520966, 0.00020809489127041931, 0.00031214233690562894, 0.00010404744563520966, 0.00020809489127041931, 0.0011445219019873061, 0.0018728540214337738, 0.003849755488502757, 0.007803558422640724, 0.01196545624804911, 0.03319113515763188, 0.0882322338986578, 0.12444074497971075, 0.13609405889085424, 0.1603371137238581, 0.10977005514514619, 0.1498283217147019, 0.05587347830610759, 0.03391946727707835, 0.03870564977629799, 0.015607116845281448, 0.005514514618666112, 0.010820934346061805, 0.004682135053584434, 0.00301737592342108, 0.0011445219019873061, 