{"region": {"us": {"histType": {"histogram": {"labels": ["0", "100", "200", "300", "400", "500", "600", "700", "800", "900", "1000", "1100", "1200", "1300", "1400", "1500", "1600", "1700", "1800", "1900", "2000", "2100", "2200", "2300", "2400", "2500", "2600", "2700", "2800", "2900", "3000", "3100"], "data": [[0.0, 0.0, 0.0, 0.004784688995215311, 0.0, 0.014354066985645933, 0.019138755980861243, 0.019138755980861243, 0.05263157894736842, 0.05263157894736842, 0.06220095693779904, 0.09090909090909091, 0.09569377990430622, 0.10047846889952153, 0.14832535885167464, 0.08133971291866028, 0.04784688995215311, 0.05741626794258373, 0.05741626794258373, 0.0430622009569378, 0.019138755980861243, 0.03349282296650718, 0.0, 0.0, 0.0, 0.0, 0.0, 0.0, 0.0, 0.0, 0.0, 0.0], [0.0, 0.001119194180190263, 0.0, 0.0005595970900951316, 0.0016787912702853946, 0.0005595970900951316, 0.005595970900951315, 0.012311135982092894, 0.012311135982092894, 0.023503077783995522, 0.04029099048684947, 0.05260212646894236, 0.0800223838836038, 0.07890318970341355, 0.1259093452714046, 0.12702853945159484, 0.15500839395635144, 0.07890318970341355, 0.10520425293788473, 0.03693340794627868, 0.02574146614437605, 0.012870733072188025, 0.006155567991046447, 0.004476776720761052, 0.005595970900951315, 0.005036373810856184, 0.0016787912702853946, 0.0, 0.0, 0.0, 0.0, 0.0], [0.00016548072149594572, 0.0, 0.00016548072149594572, 0.00033096144299189144, 0.00033096144299189144, 0.00016548072149594572, 0.00033096144299189144, 0.0008274036074797286, 0.004798940923382426, 0.0057918252523581, 0.010590766175740526, 0.015224226377627006, 0.025318550388879695, 0.03971537315902697, 0.06304815488995533, 0.09333112692371338, 0.14082409399304982, 0.11153400628826741, 0.2219096475260632, 0.07413536323018369, 0.05129902366374317, 0.06503392354790667, 0.025649511831871585, 0.013238457719675658, 0.023829223895416186, 0.006288267416845937, 0.0034750951514148603, 0.0026476915439351315, 0.0, 0.0, 0.0, 0.0], [0.0, 0.00015135462388375965, 0.0, 0.0, 0.00015135462388375965, 0.00015135462388375965, 0.0018162554866051157, 0.002875737853791433, 0.007870440441955501, 0.013621916149538369, 0.02285454820644771, 0.026032995308006658, 0.04873618889057061, 0.0675041622521568, 0.09989405176328137, 0.1256243378235205, 0.1608899651884365, 0.11397003178447102, 0.15332223399424852, 0.058876948690782506, 0.03920084758589375, 0.03193582563947329, 0.009535341304676858, 0.004691993340396549, 0.006356894203117905, 0.0019676101104888753, 0.0016649008627213561, 0.0003027092477675193, 0.0, 0.0, 0.0, 0.0], [0.0, 0.0, 0.0, 0.0, 0.0, 0.013333333333333334, 0.0, 0.05333333333333334, 0.04, 0.08, 0.05333333333333334, 0.06666666666666667, 0.13333333333333333, 0.13333333333333333, 0.04, 0.02666666666666667, 0.08, 0.05333333333333334, 0.06666666666666667, 0.08, 0.02666666666666667, 0.02666666666666667, 0.013333333333333334, 0.013333333333333334, 0.0, 0.0, 0.0, 0.0, 0.0, 0.0, 0.0, 0.0], [0.0, 0.0, 0.0, 0.0, 0.0, 0.0, 0.00029416090601559053, 0.002206206795116929, 0.002206206795116929, 0.008236505368436535, 0.013825562582732754, 0.02235622885718488, 0.041035446389174876, 0.06986321517870275, 0.10177967348139433, 0.13575525812619502, 0.1588468892484189, 0.10516252390057361, 0.13943226945138992, 0.05809677893807913, 0.0372113546109722, 0.045447859979408735, 0.021914987498161495, 0.007354022650389763, 0.01617884983085748, 0.005883218120311811, 0.005000735402265039, 0.001764965436093543, 0.00014708045300779526, 0.0, 0.0, 0.0], [0.0, 0.0, 0.001049317943336831, 0.0013990905911157748, 0.0013990905911157748, 0.0027981811822315496, 0.005246589716684155, 0.010842952081147255, 0.019237495627841904, 0.03112976565232599, 0.04547044421126268, 0.05631339629240993, 0.07939839104582022, 0.10178384050367262, 0.12626792584819868, 0.1287163343826513, 0.12242042672263029, 0.07590066456803078, 0.07240293809024134, 0.03322840153899965, 0.021336131514515563, 0.02273522210563134, 0.007345225603357817, 0.006995452955578874, 0.011542497376705142, 0.00664568030779993, 0.005246589716684155, 0.0027981811822315496, 0.0003497726477789437, 0.0, 0.0, 0.0], [0.0, 0.0, 0.004830917874396135, 0.00966183574879227, 0.004830917874396135, 0.014492753623188406, 0.024154589371980676, 0.05314009661835749, 0.07729468599033816, 0.1111111111111111, 0.10628019323671498, 0.10628019323671498, 0.1111111111111111, 0.08695652173913043, 0.06280193236714976, 0.05314009661835749, 0.04830917874396135, 0.03864734299516908, 0.01932367149758454, 0.03864734299516908, 0.028985507246376812, 0.0, 0.0, 0.0, 0.0, 0.0, 0.0, 0.0, 0.0, 0.0, 0.0, 0.0], [0.00040112314480545525, 0.00040112314480545525, 0.0006685385746757588, 0.0006685385746757588, 0.0009359540045460623, 0.0025404465837678834, 0.0024067388688327317, 0.006551678031822436, 0.013370771493515177, 0.030084235860409144, 0.04800106966171948, 0.07006284262601953, 0.09132236930070865, 0.10790212595266747, 0.1353122075143736, 0.12595266746891295, 0.10389089450461292, 0.06404599545393769, 0.0723358737799171, 0.03743816018184249, 0.0266078352720952, 0.022462896109105495, 0.01363818692338548, 0.0054820163123412225, 0.011097740339617596, 0.004947185452600615, 0.0014707848642866693, 0.0, 0.0, 0.0, 0.0, 0.0], [0.0, 0.0, 0.0007815552950371239, 0.0, 0.0019538882375928096, 0.0015631105900742479, 0.005080109417741305, 0.003907776475185619, 0.01406799531066823, 0.021101992966002344, 0.03321610003907777, 0.04259476357952325, 0.06994919890582259, 0.08323563892145369, 0.11019929660023446, 0.13012895662368112, 0.1520125048847206, 0.09105119187182494, 0.12035951543571707, 0.0441578741695975, 0.023055881203595155, 0.0246189917936694, 0.008597108245408363, 0.0062524423602969914, 0.007424775302852677, 0.003907776475185619, 0.0007815552950371239, 0.0, 0.0, 0.0, 0.0, 0.0], [0.00021528525296017224, 0.0, 0.000861141011840689, 0.0006458557588805167, 0.001076426264800861, 0.0025834230355220667, 0.005166846071044133, 0.010118406889128094, 0.017222820236813777, 0.03164693218514532, 0.0620021528525296, 0.07276641550053821, 0.09773950484391819, 0.10419806243272337, 0.14467168998923574, 0.12809472551130247, 0.10785791173304629, 0.06566200215285253, 0.06910656620021528, 0.03272335844994618, 0.0155005382131324, 0.01442411194833154, 0.005166846071044133, 0.004736275565123789, 0.0030139935414424113, 0.0025834230355220667, 0.00021528525296017224, 0.0, 0.0, 0.0, 0.0, 0.0], [0.0, 0.0, 0.0, 0.0, 0.000198294665873488, 0.00099147332936744, 0.002577830656355344, 0.00396589331746976, 0.008328375966686495, 0.011302795954788817, 0.03073567321039064, 0.04382312115804085, 0.062066230418401744, 0.07455879436843149, 0.11937338885583977, 0.11362284354550863, 0.15268689272258576, 0.09855244893912354, 0.13444378346222485, 0.0529446757882213, 0.027364663890541343, 0.031132262542137617, 0.011302795954788817, 0.00594883997620464, 0.008328375966686495, 0.003569303985722784, 0.002181241324608368, 0.0, 0.0, 0.0, 0.0, 0.0], [0.00030773965225419295, 0.0, 0.0, 0.00030773965225419295, 0.00015386982612709647, 0.0007693491306354824, 0.0016925680873980612, 0.0030773965225419295, 0.006924142175719341, 0.018618248961378675, 0.03277427296507155, 0.04108324357593476, 0.058778273580550856, 0.07693491306354824, 0.11571010924757655, 0.13294352977381135, 0.14694568395137714, 0.09863055854746884, 0.12017233420526235, 0.0523157408832128, 0.02969687644252962, 0.028619787659639944, 0.01046314817664256, 0.006154793045083859, 0.008924449915371595, 0.003539006000923219, 0.002000307739652254, 0.0016925680873980612, 0.0007693491306354824, 0.0, 0.0, 0.0], [0.0, 0.0, 0.0002844950213371266, 0.0, 0.0002844950213371266, 0.0002844950213371266, 0.0005689900426742532, 0.0011379800853485065, 0.005120910384068279, 0.005120910384068279, 0.014509246088193456, 0.021621621621621623, 0.040398293029871975, 0.05718349928876244, 0.09046941678520626, 0.12119487908961593, 0.1689900426742532, 0.11920341394025605, 0.1519203413940256, 0.07283072546230442, 0.04352773826458037, 0.04096728307254623, 0.015647226173541962, 0.009672830725462305, 0.012233285917496443, 0.002844950213371266, 0.002844950213371266, 0.0011379800853485065, 0.0, 0.0, 0.0, 0.0], [0.0, 0.0, 0.0, 0.0005649717514124294, 0.0005649717514124294, 0.001694915254237288, 0.0005649717514124294, 0.0062146892655367235, 0.012429378531073447, 0.015254237288135594, 0.022598870056497175, 0.04689265536723164, 0.05028248587570622, 0.07401129943502825, 0.10790960451977401, 0.11694915254237288, 0.13163841807909604, 0.09378531073446328, 0.11073446327683616, 0.059322033898305086, 0.04180790960451977, 0.03672316384180791, 0.025423728813559324, 0.0062146892655367235, 0.01807909604519774, 0.0096045197740113, 0.005084745762711864, 0.004519774011299435, 0.0011299435028248588, 0.0, 0.0, 0.0], [0.0002674511901577962, 0.0, 0.0005349023803155924, 0.0002674511901577962, 0.0008023535704733886, 0.0010698047606311847, 0.002941963091735758, 0.004546670232682536, 0.00775608451457609, 0.014977266648836588, 0.025140411874832843, 0.045466702326825356, 0.07408397967370955, 0.0914683070339663, 0.12062048676116609, 0.13613265579031827, 0.1342604974592137, 0.09039850227333511, 0.1056432201123295, 0.046803958277614334, 0.026210216635464027, 0.03236159400909334, 0.012837657127574217, 0.006151377373629313, 0.010698047606311848, 0.0032094142818935543, 0.003744316662209147, 0.0016047071409467772, 0.0, 0.0, 0.0, 0.0], [0.0, 0.0, 0.00020876826722338206, 0.0004175365344467641, 0.0006263048016701461, 0.0006263048016701461, 0.0014613778705636743, 0.0041753653444676405, 0.006471816283924844, 0.015031315240083507, 0.02964509394572025, 0.0361169102296451, 0.06346555323590815, 0.07536534446764091, 0.11169102296450939, 0.13215031315240083, 0.1549060542797495, 0.08977035490605428, 0.14279749478079332, 0.04488517745302714, 0.02630480167014614, 0.028183716075156576, 0.012734864300626305, 0.005845511482254697, 0.008559498956158663, 0.003340292275574113, 0.0025052192066805845, 0.0027139874739039666, 0.0, 0.0, 0.0, 0.0], [0.0, 0.0, 0.0, 0.03333333333333333, 0.0, 0.016666666666666666, 0.0, 0.0, 0.016666666666666666, 0.08333333333333333, 0.03333333333333333, 0.1, 0.08333333333333333, 0.05, 0.08333333333333333, 0.1, 0.16666666666666666, 0.016666666666666666, 0.08333333333333333, 0.03333333333333333, 0.0, 0.05, 0.05, 0.0, 0.0, 0.0, 0.0, 0.0, 0.0, 0.0, 0.0, 0.0], [0.00013883104262113008, 0.0, 0.0, 0.00013883104262113008, 0.00013883104262113008, 0.00027766208524226016, 0.00041649312786339027, 0.0012494793835901709, 0.0031931139802859917, 0.007774538386783284, 0.01527141468832431, 0.021379980563654033, 0.040677495487991114, 0.06191864500902402, 0.10481743717895321, 0.14910453977509372, 0.16784673052894628, 0.11647924475912814, 0.11883937248368735, 0.06566708315979453, 0.041510481743717895, 0.04262113008468694, 0.01804803554074691, 0.007358045258919895, 0.009857004026100236, 0.004303762321255033, 0.0009718172983479105, 0.0, 0.0, 0.0, 0.0, 0.0], [0.0, 0.0, 0.0, 0.00019015021867275147, 0.0, 0.00038030043734550294, 0.0015212017493820118, 0.0007606008746910059, 0.0030424034987640235, 0.004373455029473284, 0.010838562464346835, 0.015592317931165622, 0.023958927552766685, 0.039361095265259556, 0.0638904734740445, 0.09393420802433923, 0.14014071116181784, 0.11865373645179692, 0.18368511123787792, 0.08956075299486595, 0.06312987259935349, 0.0705457311275908, 0.026430880395512456, 0.01274006465107435, 0.02053622361665716, 0.008366609621601065, 0.004943905685491539, 0.003232553717436775, 0.00019015021867275147, 0.0, 0.0, 0.0], [0.00023952095808383233, 0.00011976047904191617, 0.0, 0.00023952095808383233, 0.00023952095808383233, 0.0009580838323353293, 0.0008383233532934132, 0.0026347305389221557, 0.004311377245508982, 0.008622754491017964, 0.017365269461077845, 0.024431137724550897, 0.02874251497005988, 0.046706586826347304, 0.06994011976047904, 0.10455089820359281, 0.14766467065868263, 0.12646706586826348, 0.1694610778443114, 0.0829940119760479, 0.05017964071856287, 0.0570059880239521, 0.02191616766467066, 0.012455089820359281, 0.014970059880239521, 0.005508982035928144, 0.001437125748502994, 0.0, 0.0, 0.0, 0.0, 0.0], [0.0, 0.0, 0.0, 0.0, 0.002109704641350211, 0.002109704641350211, 0.0, 0.006329113924050633, 0.006329113924050633, 0.008438818565400843, 0.012658227848101266, 0.03164556962025317, 0.04852320675105485, 0.10337552742616034, 0.12236286919831224, 0.15822784810126583, 0.19198312236286919, 0.11814345991561181, 0.12025316455696203, 0.0379746835443038, 0.014767932489451477, 0.014767932489451477, 0.0, 0.0, 0.0, 0.0, 0.0, 0.0, 0.0, 0.0, 0.0, 0.0], [0.0, 0.0, 0.0, 0.00020650490449148167, 0.00020650490449148167, 0.00020650490449148167, 0.0005162622612287042, 0.0009292720702116675, 0.0028910686628807435, 0.006814661848218895, 0.010841507485802787, 0.020237480640165204, 0.03582860092927207, 0.04419204956117708, 0.07145069695405266, 0.0950955085183273, 0.1441404233350542, 0.1160557563242127, 0.20578213732576148, 0.08002065049044915, 0.047496128033040784, 0.06855962829117192, 0.0197212183789365, 0.007021166752710377, 0.012493546721734642, 0.004646360351058337, 0.0022715539494062983, 0.0022715539494062983, 0.00010325245224574084, 0.0, 0.0, 0.0], [0.00019768706138183255, 0.0, 0.00019768706138183255, 0.00019768706138183255, 0.0008895917762182465, 0.0006919047148364139, 0.0003953741227636651, 0.0012849658989819116, 0.001779183552436493, 0.008006325985964218, 0.0127508154591282, 0.028466936838983888, 0.053474350103785706, 0.07690026687753286, 0.12029257685084511, 0.16566175743797568, 0.1918552930710685, 0.11703074033804488, 0.12286250864880893, 0.043985371157457744, 0.024414352080656322, 0.016803400217455768, 0.0057329247800731445, 0.0023722447365819906, 0.002569931797963823, 0.001087278837600079, 9.884353069091628e-05, 0.0, 0.0, 0.0, 0.0, 0.0], [0.0, 0.00015323322096230462, 0.0, 0.00015323322096230462, 0.00030646644192460924, 0.0007661661048115232, 0.0010726325467361323, 0.002604964756359179, 0.005363162733680662, 0.00796812749003984, 0.01624272142200429, 0.029727244866687097, 0.04734906527735213, 0.06159975482684646, 0.11140055163959546, 0.15154765553171928, 0.15737051792828685, 0.11032791909285933, 0.13331290223720502, 0.06543058535090407, 0.0330983757278578, 0.03386454183266932, 0.01425068954949433, 0.008427827152926755, 0.005209929512718358, 0.00199203187250996, 0.00045969966288691386, 0.0, 0.0, 0.0, 0.0, 0.0], [0.0, 0.0, 0.0, 0.0, 0.00033967391304347825, 0.0, 0.0008491847826086956, 0.0010190217391304348, 0.002377717391304348, 0.004415760869565217, 0.012737771739130434, 0.018682065217391304, 0.03413722826086957, 0.057065217391304345, 0.10122282608695653, 0.1292459239130435, 0.15692934782608695, 0.09697690217391304, 0.16847826086956522, 0.06300951086956522, 0.03838315217391304, 0.04908288043478261, 0.0234375, 0.01188858695652174, 0.01596467391304348, 0.006283967391304348, 0.00577445652173913, 0.0015285326086956522, 0.00016983695652173913, 0.0, 0.0, 0.0], [0.0005070993914807302, 0.0010141987829614604, 0.0005070993914807302, 0.0005070993914807302, 0.0015212981744421906, 0.004563894523326572, 0.005070993914807302, 0.008620689655172414, 0.02231237322515213, 0.035496957403651115, 0.0486815415821501, 0.06896551724137931, 0.07809330628803246, 0.10091277890466531, 0.1308316430020284, 0.1140973630831643, 0.11105476673427991, 0.07606490872210954, 0.09888438133874239, 0.029918864097363083, 0.018255578093306288, 0.02383367139959432, 0.012170385395537525, 0.002535496957403651, 0.005070993914807302, 0.0005070993914807302, 0.0, 0.0, 0.0, 0.0, 0.0, 0.0], [0.0, 0.0, 0.0, 0.0026905829596412557, 0.0017937219730941704, 0.0026905829596412557, 0.003587443946188341, 0.012556053811659192, 0.015246636771300448, 0.01883408071748879, 0.034080717488789235, 0.045739910313901344, 0.05829596412556054, 0.05291479820627803, 0.10672645739910314, 0.11838565022421525, 0.14977578475336323, 0.10224215246636771, 0.13094170403587443, 0.05560538116591928, 0.026905829596412557, 0.023318385650224215, 0.015246636771300448, 0.008968609865470852, 0.007174887892376682, 0.0026905829596412557, 0.003587443946188341, 0.0, 0.0, 0.0, 0.0, 0.0], [0.00034910106475824753, 0.0, 0.0, 0.0, 0.0006982021295164951, 0.0012218537266538664, 0.003665561179961599, 0.006458369698027579, 0.010298481410368302, 0.018502356432187117, 0.037353813929132486, 0.05568161982894048, 0.07767498690871007, 0.10228661197416652, 0.13876767324140338, 0.14435329027753535, 0.13143655088148018, 0.08116599755629254, 0.09146447896666085, 0.030895444231104904, 0.022342468144527842, 0.023913422935939954, 0.007854773957060569, 0.005934718100890208, 0.005061965438994589, 0.0013964042590329901, 0.0010473031942747426, 0.00017455053237912376, 0.0, 0.0, 0.0, 0.0], [0.0, 0.0, 0.0, 0.000630715862503942, 0.000315357931251971, 0.000630715862503942, 0.002838221381267739, 0.001892147587511826, 0.004730368968779565, 0.01229895931882687, 0.021128981393882057, 0.02901292967518133, 0.04446546830652791, 0.06117943866288237, 0.09933774834437085, 0.11762850835698518, 0.141280353200883, 0.10564490696941028, 0.13497319457584359, 0.0608640807316304, 0.046988331756543676, 0.04415011037527594, 0.019552191737622203, 0.00946073793755913, 0.02207505518763797, 0.010722169662567014, 0.004730368968779565, 0.002838221381267739, 0.000630715862503942, 0.0, 0.0, 0.0], [0.0, 0.0, 0.0, 0.0, 0.00024740227610094015, 0.0, 0.0012370113805047005, 0.0019792182088075212, 0.0034636318654131617, 0.012370113805047007, 0.02003958436417615, 0.030183077684314694, 0.05096486887679367, 0.0752102919346858, 0.10811479465611083, 0.13805047006432458, 0.1546264225630876, 0.10094012864918357, 0.13805047006432458, 0.05838693715982187, 0.03488372093023256, 0.03587333003463632, 0.014101929737753587, 0.006185056902523503, 0.005690252350321623, 0.006432459178624443, 0.0029688273132112814, 0.0, 0.0, 0.0, 0.0, 0.0], [0.00030303030303030303, 0.00015151515151515152, 0.00015151515151515152, 0.00015151515151515152, 0.0006060606060606061, 0.0012121212121212121, 0.0015151515151515152, 0.0033333333333333335, 0.006818181818181818, 0.010606060606060607, 0.027878787878787878, 0.040757575757575756, 0.0696969696969697, 0.095, 0.13454545454545455, 0.14803030303030304, 0.1496969696969697, 0.10242424242424242, 0.09727272727272727, 0.046515151515151516, 0.02287878787878788, 0.021666666666666667, 0.009696969696969697, 0.0036363636363636364, 0.0034848484848484847, 0.00196969696969697, 0.0, 0.0, 0.0, 0.0, 0.0, 0.0], [0.0, 0.0, 0.0, 0.0005730659025787965, 0.0008595988538681948, 0.001146131805157593, 0.0008595988538681948, 0.004297994269340974, 0.004871060171919771, 0.007449856733524355, 0.020630372492836675, 0.0335243553008596, 0.054441260744985676, 0.07765042979942693, 0.1151862464183381, 0.1481375358166189, 0.1530085959885387, 0.10888252148997135, 0.10974212034383954, 0.05501432664756447, 0.036389684813753584, 0.029512893982808024, 0.015759312320916905, 0.004871060171919771, 0.011461318051575931, 0.0025787965616045844, 0.003151862464183381, 0.0, 0.0, 0.0, 0.0, 0.0], [0.0, 0.0, 0.0, 0.0, 0.0, 0.0008715862870424172, 0.0011621150493898896, 0.0026147588611272515, 0.004648460197559558, 0.00610110400929692, 0.012492736780941312, 0.02149912841371296, 0.034863451481696686, 0.05084253341080767, 0.09006391632771645, 0.11621150493898896, 0.14991284137129576, 0.10604299825682742, 0.15920976176641488, 0.07524694944799536, 0.04357931435212086, 0.05926786751888437, 0.021208599651365484, 0.01568855316676351, 0.01714119697850087, 0.009006391632771645, 0.001452643811737362, 0.0008715862870424172, 0.0, 0.0, 0.0, 0.0], [0.0, 0.0, 0.00033439224209998327, 0.0, 0.00016719612104999163, 0.0005015883631499749, 0.0006687844841999665, 0.0021735495736498914, 0.0030095301788998496, 0.007022237084099649, 0.014211670289249289, 0.03143287075739843, 0.05333556261494733, 0.08961712088279553, 0.1262330713927437, 0.12840662096639358, 0.1457950175555927, 0.09329543554589534, 0.1258986791506437, 0.054171543220197294, 0.03410800869419829, 0.035612773783648216, 0.02056512288914897, 0.007691021568299616, 0.013542885805049323, 0.006019060357799699, 0.004179903026249791, 0.001839157331549908, 0.00016719612104999163, 0.0, 0.0, 0.0], [0.0, 0.0, 0.00010853049706967658, 0.0, 0.00021706099413935315, 0.00021706099413935315, 0.00032559149120902974, 0.0014108964619057955, 0.0024962014326025614, 0.006728890818319948, 0.013783373127848926, 0.02572172780551335, 0.04504015628391578, 0.06609507271543304, 0.09713479487736054, 0.11927501627957456, 0.1575862817451704, 0.1088560885608856, 0.1696331669199045, 0.06327327979162145, 0.03592359453006295, 0.04883872368135446, 0.01367484263077925, 0.006728890818319948, 0.010635988712828304, 0.0031473844150206208, 0.0021706099413935317, 0.0009767744736270893, 0.0, 0.0, 0.0, 0.0], [0.0, 0.0, 0.0, 0.0, 0.0, 0.00013015749056358194, 0.0007809449433814916, 0.0005206299622543278, 0.0024729923207080567, 0.005987244565924769, 0.009371339320577899, 0.021996615905245348, 0.03787582975400234, 0.06377717037615514, 0.10581803982819211, 0.14785890928022907, 0.18248080177014186, 0.12091630873356762, 0.16751269035532995, 0.05336457113106859, 0.026421970584407133, 0.034101262527658466, 0.008850709358323572, 0.0031237797735259665, 0.0026031498112716388, 0.002212677339580893, 0.0018222048678901471, 0.0, 0.0, 0.0, 0.0, 0.0], [0.0, 0.005649717514124294, 0.0, 0.005649717514124294, 0.005649717514124294, 0.01694915254237288, 0.03954802259887006, 0.01694915254237288, 0.0847457627118644, 0.05649717514124294, 0.05084745762711865, 0.05084745762711865, 0.0903954802259887, 0.12429378531073447, 0.07909604519774012, 0.1016949152542373, 0.0847457627118644, 0.06779661016949153, 0.04519774011299435, 0.022598870056497175, 0.01694915254237288, 0.005649717514124294, 0.022598870056497175, 0.005649717514124294, 0.0, 0.0, 0.0, 0.0, 0.0, 0.0, 0.0, 0.0]]}, "ranks": {"labels": ["Unranked", "Combatatent I", "Combatatent II", "Challenger I", "Challenger II", "Rival I", "Rival II", "Duelist", "Elite"], "data": [[0.16267942583732056, 0.15311004784688995, 0.19617224880382775, 0.22966507177033493, 0.10526315789473684, 0.09090909090909091, 0.028708133971291867, 0.03349282296650718, 0.0], [0.05763850027979855, 0.09289311695579183, 0.15892557358701734, 0.25293788472299944, 0.23391158365976497, 0.12870733072188026, 0.03917179630665921, 0.023503077783995522, 0.012311135982092894], [0.012907496276683767, 0.025814992553367534, 0.06503392354790667, 0.1563792818136687, 0.2523581002813172, 0.2619559821280821, 0.08538805229190799, 0.10392189309945392, 0.03624027800761211], [0.026638413803541698, 0.04888754351445437, 0.1162403511427274, 0.22551838958680187, 0.2748599969729075, 0.18586347812925685, 0.06553655214166793, 0.04616316028454669, 0.010292114424095656], [0.18666666666666668, 0.12, 0.26666666666666666, 0.06666666666666667, 0.13333333333333333, 0.13333333333333333, 0.04, 0.05333333333333334, 0.0], [0.012943079864685984, 0.036181791439917635, 0.11089866156787763, 0.23753493160758934, 0.2640094131489925, 0.16884836005294895, 0.06589204294749228, 0.07471687012796, 0.028974849242535666], [0.07310248338579924, 0.10178384050367262, 0.18118223154949284, 0.25498426023084997, 0.19832109129066108, 0.09094088842252536, 0.0360265827212312, 0.03707590066456803, 0.02658272123119972], [0.2995169082125604, 0.21256038647342995, 0.19806763285024154, 0.11594202898550725, 0.08695652173913043, 0.03864734299516908, 0.04830917874396135, 0.0, 0.0], [0.05802914828185586, 0.118063912287739, 0.19922449525337613, 0.26126487498328654, 0.1679368899585506, 0.0945313544591523, 0.0418505147747025, 0.041583099344832196, 0.017515710656504882], [0.04845642829230168, 0.07581086361860101, 0.1531848378272763, 0.2403282532239156, 0.24306369675654552, 0.14536928487690504, 0.04220398593200469, 0.03946854239937476, 0.01211410707307542], [0.06953713670613564, 0.1347685683530678, 0.20193756727664156, 0.2727664155005382, 0.17351991388589882, 0.08353067814854682, 0.03379978471474704, 0.024327233584499463, 0.00581270182992465], [0.027364663890541343, 0.07455879436843149, 0.13662502478683322, 0.2329962324013484, 0.2512393416617093, 0.1620067420186397, 0.05274638112234781, 0.04838389847313107, 0.014078921277017648], [0.03185105400830897, 0.07385751654100631, 0.1357131866440991, 0.2486536390213879, 0.24557624249884596, 0.14909986151715648, 0.053085090013848285, 0.04523772888136637, 0.016925680873980612], [0.012802275960170697, 0.03613086770981508, 0.09758179231863442, 0.2116642958748222, 0.28819345661450924, 0.19288762446657184, 0.07539118065433854, 0.0662873399715505, 0.01906116642958748], [0.03728813559322034, 0.06949152542372881, 0.12429378531073447, 0.2248587570621469, 0.22542372881355932, 0.13954802259887006, 0.07231638418079096, 0.06836158192090395, 0.0384180790960452], [0.03316394757956673, 0.0706071142016582, 0.16555228670767586, 0.25675314255148435, 0.2246589997325488, 0.13158598555763573, 0.04707140946777213, 0.05135062851029687, 0.019256485691361326], [0.029018789144050105, 0.06576200417536535, 0.13883089770354906, 0.24384133611691022, 0.24467640918580374, 0.1674321503131524, 0.0465553235908142, 0.04676409185803758, 0.017118997912317326], [0.15, 0.13333333333333333, 0.13333333333333333, 0.18333333333333332, 0.18333333333333332, 0.1, 0.016666666666666666, 0.1, 0.0], [0.013327780091628489, 0.036651395251978344, 0.10259614049701513, 0.25392197695404695, 0.2843259752880744, 0.15465778147993892, 0.07135915590726086, 0.06802721088435375, 0.01513258364570318], [0.01026811180832858, 0.026430880395512456, 0.06332002281802625, 0.15782468149838372, 0.25879444761361475, 0.22894086328199278, 0.10743487355010459, 0.1097166761741776, 0.03726944285985929], [0.01820359281437126, 0.04179640718562874, 0.07544910179640718, 0.17449101796407185, 0.2741317365269461, 0.2134131736526946, 0.08922155688622754, 0.09137724550898203, 0.02191616766467066], [0.02531645569620253, 0.04430379746835443, 0.1518987341772152, 0.2805907172995781, 0.310126582278481, 0.14556962025316456, 0.027426160337552744, 0.014767932489451477, 0.0], [0.011770779556014455, 0.03107898812596799, 0.08002065049044915, 0.16654620547237997, 0.2601961796592669, 0.24739287558079504, 0.08590604026845637, 0.0953020134228188, 0.021786267423851317], [0.013640407235346447, 0.04121775229811209, 0.13037461698131858, 0.2859543342888208, 0.30888603340911336, 0.14668379954531977, 0.04457843234160324, 0.024908569734110902, 0.0037560541662548185], [0.018387986515476556, 0.04596996628869139, 0.1089488201041986, 0.26294820717131473, 0.2676984370211462, 0.1693227091633466, 0.06251915415262028, 0.05654305853509041, 0.007661661048115232], [0.009001358695652174, 0.031419836956521736, 0.09120244565217392, 0.23046875, 0.25390625, 0.20295516304347827, 0.06691576086956522, 0.08440896739130435, 0.029721467391304348], [0.08012170385395538, 0.11764705882352941, 0.17900608519269776, 0.2449290060851927, 0.18711967545638944, 0.11206896551724138, 0.03498985801217039, 0.038539553752535496, 0.005578093306288032], [0.05739910313901345, 0.07982062780269059, 0.11121076233183856, 0.22511210762331837, 0.2520179372197309, 0.16502242152466368, 0.0484304932735426, 0.04753363228699552, 0.013452914798206279], [0.04119392564147321, 0.09303543375807297, 0.1799615988828766, 0.28312096351893873, 0.21260254843777274, 0.10891953220457322, 0.03578285913772037, 0.03770291499389073, 0.007680223424681445], [0.023336486912645855, 0.050141911069063384, 0.10564490696941028, 0.21696625670135605, 0.2469252601702933, 0.16587827183853673, 0.07694733522548092, 0.07316304005045728, 0.04099653106275623], [0.01929737753587333, 0.050222662048490845, 0.12617516081147948, 0.24616526472043543, 0.2555665512122712, 0.1702127659574468, 0.06110836219693221, 0.05616031667491341, 0.015091538842157347], [0.02484848484848485, 0.06863636363636363, 0.1646969696969697, 0.2825757575757576, 0.25212121212121213, 0.12454545454545454, 0.04212121212121212, 0.035, 0.005454545454545455], [0.02005730659025788, 0.054154727793696275, 0.1320916905444126, 0.263323782234957, 0.26189111747851, 0.14011461318051577, 0.06103151862464183, 0.050143266475644696, 0.017191977077363897], [0.015398024404416037, 0.03399186519465427, 0.08570598489250436, 0.2062754212667054, 0.2559558396281232, 0.2022080185938408, 0.07582800697269029, 0.09616502033701337, 0.028471818710052294], [0.013877278047149307, 0.04564454104664772, 0.14295268349774284, 0.25463969235913725, 0.23909045310148805, 0.15699715766594216, 0.05718107339909714, 0.0638689182410968, 0.025748202641698713], [0.011504232689385717, 0.03950510093336228, 0.11113522899934881, 0.2164098111569351, 0.266442370306056, 0.20284349902322552, 0.06598654221836336, 0.06924245713045366, 0.016930757542869546], [0.009891969282832227, 0.031367955225823245, 0.10165300013015749, 0.2536769491084212, 0.3033971105037095, 0.1975790706755174, 0.0497201613952883, 0.046075751659508, 0.006638032018742679], [0.23163841807909605, 0.1016949152542373, 0.21468926553672316, 0.1807909604519774, 0.15254237288135594, 0.05649717514124294, 0.02824858757062147, 0.03389830508474576, 0.0]]}, "ranksDetailed": {"labels": ["Unranked", "Combatatant", "Challenger", "Rival", "Duelist", "Elite"], "data": [[0.16267942583732056, 0.3492822966507177, 0.3349282296650718, 0.11961722488038277, 0.03349282296650718, 0.0], [0.05763850027979855, 0.2518186905428092, 0.4868494683827644, 0.16787912702853947, 0.023503077783995522, 0.012311135982092894], [0.012907496276683767, 0.0908489161012742, 0.40873738209498595, 0.34734403441999007, 0.10392189309945392, 0.03624027800761211], [0.026638413803541698, 0.16512789465718178, 0.5003783865597095, 0.2514000302709248, 0.04616316028454669, 0.010292114424095656], [0.18666666666666668, 0.38666666666666666, 0.2, 0.17333333333333334, 0.05333333333333334, 0.0], [0.012943079864685984, 0.14708045300779526, 0.5015443447565818, 0.23474040300044124, 0.07471687012796, 0.028974849242535666], [0.07310248338579924, 0.28296607205316543, 0.453305351521511, 0.12696747114375656, 0.03707590066456803, 0.02658272123119972], [0.2995169082125604, 0.4106280193236715, 0.2028985507246377, 0.08695652173913043, 0.0, 0.0], [0.05802914828185586, 0.31728840754111515, 0.42920176494183715, 0.13638186923385479, 0.041583099344832196, 0.017515710656504882], [0.04845642829230168, 0.2289957014458773, 0.48339194998046114, 0.18757327080890973, 0.03946854239937476, 0.01211410707307542], [0.06953713670613564, 0.33670613562970936, 0.44628632938643703, 0.11733046286329386, 0.024327233584499463, 0.00581270182992465], [0.027364663890541343, 0.2111838191552647, 0.4842355740630577, 0.21475312314098752, 0.04838389847313107, 0.014078921277017648], [0.03185105400830897, 0.2095707031851054, 0.4942298815202339, 0.20218495153100477, 0.04523772888136637, 0.016925680873980612], [0.012802275960170697, 0.1337126600284495, 0.49985775248933145, 0.2682788051209104, 0.0662873399715505, 0.01906116642958748], [0.03728813559322034, 0.19378531073446328, 0.45028248587570624, 0.211864406779661, 0.06836158192090395, 0.0384180790960452], [0.03316394757956673, 0.23615940090933404, 0.4814121422840332, 0.17865739502540787, 0.05135062851029687, 0.019256485691361326], [0.029018789144050105, 0.2045929018789144, 0.48851774530271397, 0.2139874739039666, 0.04676409185803758, 0.017118997912317326], [0.15, 0.26666666666666666, 0.36666666666666664, 0.11666666666666667, 0.1, 0.0], [0.013327780091628489, 0.13924753574899348, 0.5382479522421213, 0.22601693738719977, 0.06802721088435375, 0.01513258364570318], [0.01026811180832858, 0.0897509032135387, 0.4166191291119985, 0.33637573683209737, 0.1097166761741776, 0.03726944285985929], [0.01820359281437126, 0.11724550898203592, 0.44862275449101796, 0.30263473053892215, 0.09137724550898203, 0.02191616766467066], [0.02531645569620253, 0.1962025316455696, 0.5907172995780591, 0.1729957805907173, 0.014767932489451477, 0.0], [0.011770779556014455, 0.11109963861641714, 0.42674238513164686, 0.3332989158492514, 0.0953020134228188, 0.021786267423851317], [0.013640407235346447, 0.17159236927943067, 0.5948403676979341, 0.191262231886923, 0.024908569734110902, 0.0037560541662548185], [0.018387986515476556, 0.15491878639288997, 0.5306466441924609, 0.2318418633159669, 0.05654305853509041, 0.007661661048115232], [0.009001358695652174, 0.12262228260869565, 0.484375, 0.26987092391304346, 0.08440896739130435, 0.029721467391304348], [0.08012170385395538, 0.29665314401622717, 0.43204868154158216, 0.14705882352941177, 0.038539553752535496, 0.005578093306288032], [0.05739910313901345, 0.19103139013452916, 0.47713004484304933, 0.21345291479820627, 0.04753363228699552, 0.013452914798206279], [0.04119392564147321, 0.27299703264094954, 0.4957235119567115, 0.1447023913422936, 0.03770291499389073, 0.007680223424681445], [0.023336486912645855, 0.15578681803847366, 0.4638915168716493, 0.24282560706401765, 0.07316304005045728, 0.04099653106275623], [0.01929737753587333, 0.1763978228599703, 0.5017318159327065, 0.23132112815437902, 0.05616031667491341, 0.015091538842157347], [0.02484848484848485, 0.23333333333333334, 0.5346969696969697, 0.16666666666666666, 0.035, 0.005454545454545455], [0.02005730659025788, 0.18624641833810887, 0.525214899713467, 0.20114613180515759, 0.050143266475644696, 0.017191977077363897], [0.015398024404416037, 0.11969785008715862, 0.4622312608948286, 0.27803602556653106, 0.09616502033701337, 0.028471818710052294], [0.013877278047149307, 0.18859722454439057, 0.4937301454606253, 0.2141782310650393, 0.0638689182410968, 0.025748202641698713], [0.011504232689385717, 0.1506403299327111, 0.4828521814629911, 0.2688300412415889, 0.06924245713045366, 0.016930757542869546], [0.009891969282832227, 0.13302095535598074, 0.5570740596121306, 0.24729923207080567, 0.046075751659508, 0.006638032018742679], [0.23163841807909605, 0.3163841807909605, 0.3333333333333333, 0.0847457627118644, 0.03389830508474576, 0.0]]}}}, "eu": {"histType": {"histogram": {"labels": ["0", "100", "200", "300", "400", "500", "600", "700", "800", "900", "1000", "1100", "1200", "1300", "1400", "1500", "1600", "1700", "1800", "1900", "2000", "2100", "2200", "2300", "2400", "2500", "2600", "2700", "2800", "2900", "3000", "3100"], "data": [[0.0, 0.0, 0.0, 0.0, 0.0, 0.011834319526627219, 0.005917159763313609, 0.023668639053254437, 0.04142011834319527, 0.07100591715976332, 0.07100591715976332, 0.07100591715976332, 0.0650887573964497, 0.10059171597633136, 0.14201183431952663, 0.10059171597633136, 0.10059171597633136, 0.08284023668639054, 0.04142011834319527, 0.023668639053254437, 0.011834319526627219, 0.01775147928994083, 0.01775147928994083, 0.0, 0.0, 0.0, 0.0, 0.0, 0.0, 0.0, 0.0, 0.0], [0.0, 0.0, 0.0011997600479904018, 0.0005998800239952009, 0.0005998800239952009, 0.003599280143971206, 0.004799040191961607, 0.008398320335932814, 0.020995800839832032, 0.03179364127174565, 0.03839232153569286, 0.059988002399520096, 0.07978404319136173, 0.09718056388722256, 0.13197360527894422, 0.1217756448710258, 0.14217156568686262, 0.08038392321535692, 0.09958008398320337, 0.027594481103779243, 0.013197360527894421, 0.020395920815836834, 0.004199160167966407, 0.002999400119976005, 0.005398920215956809, 0.002999400119976005, 0.0, 0.0, 0.0, 0.0, 0.0, 0.0], [0.0, 0.00017608733932030288, 0.0, 0.00017608733932030288, 0.00017608733932030288, 0.00035217467864060575, 0.0005282620179609086, 0.001584786053882726, 0.004050008804366966, 0.005106532840288783, 0.012678288431061807, 0.018489170628631802, 0.027821799612607855, 0.037682690614544816, 0.06708927628103539, 0.0862827962669484, 0.14421553090332806, 0.1109350237717908, 0.21165698186300405, 0.07888712801549569, 0.05476316252861419, 0.06568057756647297, 0.024123965486881494, 0.013558725127663322, 0.01901743264659271, 0.008100017608733932, 0.002817397429124846, 0.004050008804366966, 0.0, 0.0, 0.0, 0.0], [0.0, 0.0, 0.0, 0.00014214641080312722, 0.00014214641080312722, 0.00028429282160625445, 0.0009950248756218905, 0.003127221037668799, 0.005259417199715707, 0.010518834399431415, 0.02061122956645345, 0.030561478322672354, 0.04193319118692253, 0.05828002842928216, 0.09879175550817342, 0.1299218194740583, 0.16631130063965885, 0.11641791044776119, 0.159772565742715, 0.06041222459132907, 0.037526652452025584, 0.03567874911158493, 0.009097370291400142, 0.004832977967306326, 0.00611229566453447, 0.0014214641080312722, 0.0007107320540156361, 0.0011371712864250178, 0.0, 0.0, 0.0, 0.0], [0.0, 0.0, 0.0, 0.0, 0.0, 0.029411764705882353, 0.029411764705882353, 0.07352941176470588, 0.07352941176470588, 0.04411764705882353, 0.08823529411764706, 0.08823529411764706, 0.04411764705882353, 0.029411764705882353, 0.10294117647058823, 0.07352941176470588, 0.04411764705882353, 0.08823529411764706, 0.058823529411764705, 0.029411764705882353, 0.04411764705882353, 0.04411764705882353, 0.0, 0.0, 0.014705882352941176, 0.0, 0.0, 0.0, 0.0, 0.0, 0.0, 0.0], [0.0, 0.0001479946721918011, 0.0001479946721918011, 0.0002959893443836022, 0.0004439840165754033, 0.0001479946721918011, 0.0002959893443836022, 0.0020719254106852155, 0.003107888116027823, 0.00665976024863105, 0.01465147254698831, 0.022199200828770166, 0.03921858813082729, 0.06289773568151547, 0.10226431848453456, 0.1219476098860441, 0.1497706082581027, 0.10626017463371319, 0.1468107148142667, 0.07088944797987272, 0.03685067337575847, 0.0532780819890484, 0.02190321148438656, 0.008435696314932663, 0.015095456563563711, 0.007695722953973657, 0.0036998668047950275, 0.0026639040994524197, 0.0001479946721918011, 0.0, 0.0, 0.0], [0.0, 0.00032278889606197545, 0.00032278889606197545, 0.0012911555842479018, 0.002905100064557779, 0.0025823111684958036, 0.005487411233053583, 0.011943189154293092, 0.022595222724338282, 0.029696578437701744, 0.045190445448676564, 0.06262104583602324, 0.07972885732730794, 0.09522272433828276, 0.11394448030987735, 0.12459651387992253, 0.1197546804389929, 0.07553260167850226, 0.06939961265332473, 0.03970303421562298, 0.020012911555842477, 0.025177533892834086, 0.013879922530664945, 0.008392511297611363, 0.012265978050355068, 0.006132989025177534, 0.005810200129115558, 0.005487411233053583, 0.0, 0.0, 0.0, 0.0], [0.0, 0.0, 0.0, 0.006535947712418301, 0.0, 0.013071895424836602, 0.006535947712418301, 0.058823529411764705, 0.032679738562091505, 0.06535947712418301, 0.058823529411764705, 0.1111111111111111, 0.09803921568627451, 0.032679738562091505, 0.13071895424836602, 0.13725490196078433, 0.10457516339869281, 0.0718954248366013, 0.013071895424836602, 0.0457516339869281, 0.013071895424836602, 0.0, 0.0, 0.0, 0.0, 0.0, 0.0, 0.0, 0.0, 0.0, 0.0, 0.0], [0.0004037685060565276, 0.00013458950201884252, 0.0005383580080753701, 0.0005383580080753701, 0.0005383580080753701, 0.0018842530282637954, 0.0034993270524899056, 0.007806191117092867, 0.018304172274562585, 0.030551816958277255, 0.04993270524899058, 0.06864064602960969, 0.10148048452220727, 0.11009421265141318, 0.11884253028263796, 0.12113055181695828, 0.10457604306864064, 0.06662180349932706, 0.0702557200538358, 0.03781965006729475, 0.024360699865410496, 0.023149394347240917, 0.013593539703903096, 0.009286675639300135, 0.008479138627187079, 0.004576043068640646, 0.002826379542395693, 0.00013458950201884252, 0.0, 0.0, 0.0, 0.0], [0.0, 0.0, 0.000508646998982706, 0.000508646998982706, 0.001525940996948118, 0.001017293997965412, 0.000508646998982706, 0.0076297049847405905, 0.010681586978636826, 0.017293997965412006, 0.04374364191251272, 0.044760935910478125, 0.0676500508646999, 0.08697863682604273, 0.10427263479145472, 0.11800610376398779, 0.15005086469989828, 0.08901322482197355, 0.12512716174974567, 0.03458799593082401, 0.03662258392675483, 0.030518819938962362, 0.010681586978636826, 0.009155645981688708, 0.005595116988809766, 0.003051881993896236, 0.000508646998982706, 0.0, 0.0, 0.0, 0.0, 0.0], [0.0002600780234070221, 0.0005201560468140442, 0.0007802340702210664, 0.0010403120936280884, 0.002860858257477243, 0.002080624187256177, 0.0046814044213263975, 0.011443433029908972, 0.020026007802340703, 0.03537061118335501, 0.05773732119635891, 0.0754226267880364, 0.09778933680104031, 0.10663198959687907, 0.14174252275682706, 0.12535760728218465, 0.10169050715214564, 0.0611183355006502, 0.0671001300390117, 0.031729518855656696, 0.01872561768530559, 0.015344603381014304, 0.006501950585175552, 0.005461638491547465, 0.0046814044213263975, 0.002080624187256177, 0.0018205461638491547, 0.0, 0.0