{"region": {"us": {"histType": {"histogram": {"labels": ["0", "100", "200", "300", "400", "500", "600", "700", "800", "900", "1000", "1100", "1200", "1300", "1400", "1500", "1600", "1700", "1800", "1900", "2000", "2100", "2200", "2300", "2400", "2500", "2600", "2700", "2800", "2900", "3000", "3100", "3200"], "data": [[0.0, 0.0, 0.0033613445378151263, 0.005042016806722689, 0.005042016806722689, 0.005042016806722689, 0.015126050420168067, 0.018487394957983194, 0.03697478991596639, 0.043697478991596636, 0.08067226890756303, 0.10252100840336134, 0.11428571428571428, 0.11932773109243698, 0.12605042016806722, 0.10420168067226891, 0.07563025210084033, 0.05042016806722689, 0.0453781512605042, 0.020168067226890758, 0.011764705882352941, 0.008403361344537815, 0.0033613445378151263, 0.0016806722689075631, 0.0033613445378151263, 0.0, 0.0, 0.0, 0.0, 0.0, 0.0, 0.0, 0.0], [0.0, 0.0002802690582959641, 0.0, 0.0002802690582959641, 0.0008408071748878924, 0.001961883408071749, 0.005044843049327354, 0.009809417040358745, 0.015134529147982063, 0.026905829596412557, 0.03867713004484305, 0.05633408071748879, 0.0812780269058296, 0.09276905829596413, 0.12387892376681614, 0.13480941704035873, 0.15050448430493274, 0.08099775784753363, 0.10762331838565023, 0.03615470852017937, 0.015414798206278026, 0.007847533632286996, 0.005325112107623318, 0.002522421524663677, 0.002522421524663677, 0.0005605381165919282, 0.0014013452914798206, 0.0011210762331838565, 0.0, 0.0, 0.0, 0.0, 0.0], [0.00011511453896627144, 0.0, 0.0, 0.0002302290779325429, 0.0002302290779325429, 0.0002302290779325429, 0.0002302290779325429, 0.0005755726948313572, 0.002647634396224243, 0.003338321630021872, 0.005180154253482215, 0.007482445032807644, 0.012087026591458501, 0.019339242546333603, 0.025440313111545987, 0.0394842868654311, 0.15137561874064695, 0.15045470242891676, 0.32634971796937956, 0.08576033152987222, 0.04949925175549672, 0.058132842177967076, 0.022217106020490388, 0.00874870496143663, 0.01922412800736733, 0.006216185104178658, 0.003338321630021872, 0.0016116035455278, 0.0, 0.0004604581558650858, 0.0, 0.0, 0.0], [0.0, 0.0, 0.0, 0.0, 0.000111781801922647, 0.000111781801922647, 0.000782472613458529, 0.001788508830762352, 0.004694835680751174, 0.007936507936507936, 0.011625307399955287, 0.013302034428794992, 0.02570981444220881, 0.029398613905656158, 0.043594902749832326, 0.052537446903644085, 0.07388777107086966, 0.04594232059020791, 0.3238318801699083, 0.12944332662642521, 0.08037111558238319, 0.08070646098815112, 0.029286832103733514, 0.01084283478649676, 0.02000894254415381, 0.006818689917281466, 0.004471272076905879, 0.0026827632461435278, 0.000111781801922647, 0.0, 0.0, 0.0, 0.0], [0.0, 0.0, 0.0, 0.0, 0.011494252873563218, 0.011494252873563218, 0.028735632183908046, 0.028735632183908046, 0.05172413793103448, 0.05747126436781609, 0.05747126436781609, 0.09195402298850575, 0.09770114942528736, 0.11494252873563218, 0.10344827586206896, 0.09770114942528736, 0.06896551724137931, 0.04597701149425287, 0.06321839080459771, 0.028735632183908046, 0.022988505747126436, 0.011494252873563218, 0.005747126436781609, 0.0, 0.0, 0.0, 0.0, 0.0, 0.0, 0.0, 0.0, 0.0, 0.0], [0.0, 0.0, 0.0, 0.0, 0.0, 0.0, 0.0, 0.0013519134775374377, 0.0013519134775374377, 0.00478369384359401, 0.007279534109816971, 0.028910149750415972, 0.05459650582362729, 0.08849833610648919, 0.11408069883527454, 0.13862312811980032, 0.16399750415973377, 0.10076955074875207, 0.1343594009983361, 0.05334858569051581, 0.030782029950083195, 0.03650166389351082, 0.015287021630615641, 0.006967554076539101, 0.009671381031613977, 0.00478369384359401, 0.002807820299500832, 0.0007279534109816972, 0.00041597337770382697, 0.0, 0.00010399334442595674, 0.0, 0.0], [0.0, 0.00043725404459991256, 0.00043725404459991256, 0.0021862702229995625, 0.0017490161783996502, 0.0034980323567993005, 0.006777437691298645, 0.013117621337997376, 0.021425448185395716, 0.03716659379099257, 0.0470048097944906, 0.06908613904678618, 0.09685177087888062, 0.11324879755137734, 0.11674682990817666, 0.1219938784433756, 0.11674682990817666, 0.06843025797988632, 0.07214691735898557, 0.027984258854394404, 0.0174901617839965, 0.01639702667249672, 0.009182334936598164, 0.005028421512898994, 0.006558810668998688, 0.003279405334499344, 0.003060778312199388, 0.0013117621337997377, 0.00021862702229995628, 0.0, 0.00043725404459991256, 0.0, 0.0], [0.0029239766081871343, 0.0, 0.0, 0.008771929824561403, 0.008771929824561403, 0.023391812865497075, 0.011695906432748537, 0.043859649122807015, 0.05847953216374269, 0.10526315789473684, 0.11403508771929824, 0.1286549707602339, 0.11403508771929824, 0.09649122807017543, 0.07309941520467836, 0.07017543859649122, 0.043859649122807015, 0.02046783625730994, 0.03216374269005848, 0.03508771929824561, 0.0029239766081871343, 0.0, 0.0029239766081871343, 0.0029239766081871343, 0.0, 0.0, 0.0, 0.0, 0.0, 0.0, 0.0, 0.0, 0.0], [0.0003053435114503817, 0.0002035623409669211, 0.0005089058524173028, 0.0003053435114503817, 0.0005089058524173028, 0.0012213740458015267, 0.0015267175572519084, 0.004376590330788804, 0.007633587786259542, 0.015979643765903308, 0.025954198473282442, 0.03460559796437659, 0.04203562340966921, 0.048040712468193386, 0.060865139949109415, 0.1409669211195929, 0.17740458015267174, 0.12193384223918576, 0.12814249363867686, 0.05933842239185751, 0.03735368956743002, 0.035318066157760813, 0.019338422391857506, 0.012111959287531806, 0.015470737913486006, 0.004580152671755725, 0.002951653944020356, 0.0006106870229007634, 0.0004071246819338422, 0.0, 0.0, 0.0, 0.0], [0.0, 0.0, 0.0, 0.0, 0.0007911392405063291, 0.00039556962025316455, 0.0011867088607594937, 0.0011867088607594937, 0.0023734177215189874, 0.007911392405063292, 0.01305379746835443, 0.01661392405063291, 0.022151898734177215, 0.036787974683544306, 0.060126582278481014, 0.07436708860759493, 0.10166139240506329, 0.08900316455696203, 0.17998417721518986, 0.06882911392405064, 0.0759493670886076, 0.09770569620253164, 0.04311708860759494, 0.01819620253164557, 0.049841772151898736, 0.014636075949367089, 0.010680379746835443, 0.00949367088607595, 0.002768987341772152, 0.0011867088607594937, 0.0, 0.0, 0.0], [0.0, 0.0, 0.0002004008016032064, 0.0, 0.0012024048096192384, 0.0008016032064128256, 0.0028056112224448897, 0.0032064128256513026, 0.008617234468937876, 0.016432865731462926, 0.02404809619238477, 0.03346693386773547, 0.056112224448897796, 0.06753507014028057, 0.10661322645290582, 0.12905811623246494, 0.15150300601202404, 0.09599198396793587, 0.1376753507014028, 0.05871743486973948, 0.035871743486973945, 0.03186372745490982, 0.013226452905811623, 0.008416833667334669, 0.008817635270541082, 0.0036072144288577155, 0.0032064128256513026, 0.0006012024048096192, 0.0004008016032064128, 0.0, 0.0, 0.0, 0.0], [0.0, 0.00030826140567200987, 0.0012330456226880395, 0.0013871763255240443, 0.0012330456226880395, 0.0027743526510480886, 0.006935881627620222, 0.012022194821208384, 0.020807644882860667, 0.03776202219482121, 0.06257706535141801, 0.07752774352651048, 0.10110974106041924, 0.12130086313193589, 0.13594327990135635, 0.12130086313193589, 0.10850801479654747, 0.059802712700369916, 0.058569667077681874, 0.02466091245376079, 0.015721331689272502, 0.01217632552404439, 0.007398273736128237, 0.0036991368680641184, 0.0026202219482120838, 0.0018495684340320592, 0.0007706535141800247, 0.0, 0.0, 0.0, 0.0, 0.0, 0.0], [0.0, 0.0, 0.0, 0.0, 0.00012420817289777666, 0.0004968326915911067, 0.0018631225934666502, 0.0019873307663644266, 0.0044714942243199605, 0.005340951434604397, 0.01341448267295988, 0.01974909949074649, 0.028071047074897527, 0.03366041485529748, 0.04943485281331512, 0.13973419450999877, 0.20519190162712705, 0.137374239224941, 0.18109551608495839, 0.06595453980871942, 0.03614457831325301, 0.03477828841137747, 0.015277605266426532, 0.008073531238355483, 0.011054527387902123, 0.0037262451869333004, 0.0021115389392622036, 0.00037262451869333004, 0.0004968326915911067, 0.0, 0.0, 0.0, 0.0], [0.00020163322915616494, 0.0, 0.0, 0.00010081661457808247, 0.00010081661457808247, 0.0003024498437342474, 0.001310615989515072, 0.0018146990624054843, 0.004133481197701381, 0.009880028228652082, 0.01633229156164936, 0.03941929630003024, 0.07289041233995362, 0.09849783244278656, 0.12350035285815103, 0.12833955035789898, 0.14830124004435932, 0.09789293275531807, 0.1189636052021373, 0.04960177437241657, 0.028027018852706927, 0.029539268071378164, 0.011493094061901401, 0.005242463958060288, 0.006855529791309608, 0.0031253150519205564, 0.0022179655207178145, 0.0005040830728904124, 0.0007057163020465773, 0.0006048996874684948, 0.00010081661457808247, 0.0, 0.0], [0.0, 0.0, 0.0, 0.0004035512510088781, 0.0004035512510088781, 0.00020177562550443906, 0.0010088781275221952, 0.0020177562550443904, 0.00443906376109766, 0.006860371267150928, 0.015940274414850686, 0.026634382566585957, 0.04741727199354318, 0.06779661016949153, 0.09947538337368846, 0.12227602905569007, 0.15899919289749798, 0.120863599677159, 0.14769975786924938, 0.06618240516545601, 0.04055690072639225, 0.03531073446327684, 0.013115415657788539, 0.007263922518159807, 0.009079903147699757, 0.0036319612590799033, 0.0012106537530266344, 0.0004035512510088781, 0.0, 0.0008071025020177562, 0.0, 0.0, 0.0], [0.0, 0.0, 0.0002722570106180234, 0.0002722570106180234, 0.001361285053090117, 0.002450313095562211, 0.0016335420637081405, 0.004356112169888375, 0.011707051456575007, 0.01905799074326164, 0.029676014157364553, 0.048189490879390146, 0.06888102368635993, 0.08984481350394773, 0.10890280424720937, 0.1208821127144024, 0.13449496324530358, 0.09964606588619657, 0.10182412197114075, 0.04628369180506398, 0.030765042199836647, 0.03185407024230874, 0.016063163626463383, 0.007350939286686632, 0.013340593520283148, 0.005445140212360468, 0.002450313095562211, 0.0021780560849441874, 0.0005445140212360468, 0.0002722570106180234, 0.0, 0.0, 0.0], [0.00019928258270227183, 0.00019928258270227183, 0.0007971303308090873, 0.0009964129135113591, 0.00039856516540454366, 0.0013949780789159027, 0.0027899561578318055, 0.006775607811877242, 0.01215623754483858, 0.019330410522120367, 0.03427660422479075, 0.054005579912315665, 0.0763252291749701, 0.10183339976086091, 0.12295735352730171, 0.12435233160621761, 0.13411717815862895, 0.08369868473495416, 0.10980470306895178, 0.04105221203666799, 0.022718214428058988, 0.023714627341570347, 0.009565563969709047, 0.00438421681944998, 0.005779194898365883, 0.0023913909924272616, 0.0015942606616181746, 0.0013949780789159027, 0.00039856516540454366, 0.0005978477481068154, 0.0, 0.0, 0.0], [0.0, 0.0, 0.00012238404112103782, 0.00024476808224207564, 0.00036715212336311344, 0.00012238404112103782, 0.0008566882878472647, 0.0018357606168155672, 0.0029372169869049075, 0.006363970138293967, 0.012483172194345858, 0.026190184799902094, 0.07722432994737487, 0.10182352221270347, 0.1269122506425162, 0.13572390160323095, 0.15579488434708114, 0.09692816056786195, 0.14453555256394565, 0.03879574103536899, 0.02178435931954473, 0.022885815689634072, 0.009668339248561987, 0.00501774568596255, 0.006853506302778117, 0.0015909925345734916, 0.002080528699057643, 0.00036715212336311344, 0.00012238404112103782, 0.00036715212336311344, 0.0, 0.0, 0.0], [0.0, 0.0, 0.0, 0.007407407407407408, 0.014814814814814815, 0.007407407407407408, 0.0, 0.02962962962962963, 0.02962962962962963, 0.08148148148148149, 0.05185185185185185, 0.08888888888888889, 0.08148148148148149, 0.06666666666666667, 0.05925925925925926, 0.1037037037037037, 0.0962962962962963, 0.1037037037037037, 0.037037037037037035, 0.022222222222222223, 0.022222222222222223, 0.02962962962962963, 0.02962962962962963, 0.0, 0.007407407407407408, 0.014814814814814815, 0.0, 0.014814814814814815, 0.0, 0.0, 0.0, 0.0, 0.0], [0.00021321961620469082, 0.00010660980810234541, 0.0, 0.0, 0.0, 0.00010660980810234541, 0.00021321961620469082, 0.0009594882729211088, 0.002345415778251599, 0.004690831556503198, 0.00767590618336887, 0.010660980810234541, 0.022388059701492536, 0.030810234541577827, 0.11748400852878464, 0.17814498933901918, 0.20287846481876332, 0.13219616204690832, 0.13134328358208955, 0.06130063965884861, 0.031023454157782515, 0.034328358208955224, 0.012899786780383796, 0.004904051172707889, 0.00767590618336887, 0.00255863539445629, 0.0021321961620469083, 0.0003198294243070363, 0.0006396588486140725, 0.0, 0.0, 0.0, 0.0], [0.0, 0.0, 0.0, 0.000117000117000117, 0.0, 0.000117000117000117, 0.001053001053001053, 0.000351000351000351, 0.001287001287001287, 0.002223002223002223, 0.004563004563004563, 0.00702000702000702, 0.0117000117000117, 0.04621504621504621, 0.08225108225108226, 0.11805311805311805, 0.1650871650871651, 0.13724113724113723, 0.1817011817011817, 0.08037908037908038, 0.05171405171405171, 0.05206505206505207, 0.01942201942201942, 0.009828009828009828, 0.016497016497016497, 0.005499005499005499, 0.002808002808002808, 0.001404001404001404, 0.000585000585000585, 0.000234000234000234, 0.000585000585000585, 0.0, 0.0], [0.00018835938971557733, 9.417969485778867e-05, 0.0, 0.00018835938971557733, 0.00018835938971557733, 0.000565078169146732, 0.0007534375588623093, 0.0017894142022979846, 0.0030137502354492373, 0.00565078169146732, 0.01045394612921454, 0.013561876059521567, 0.017517423243548692, 0.029007346016198907, 0.10934262572989263, 0.12412883782256545, 0.1511584102467508, 0.12733094744773027, 0.17366735731776228, 0.07967602184968921, 0.048690902241476736, 0.05123375400263703, 0.020625353173855717, 0.01045394612921454, 0.014597852702957242, 0.0033904690148803917, 0.0018835938971557733, 0.00037671877943115466, 0.00047089847428894333, 0.0, 0.0, 0.0, 0.0], [0.0, 0.0, 0.0, 0.0015267175572519084, 0.0015267175572519084, 0.0, 0.0015267175572519084, 0.007633587786259542, 0.007633587786259542, 0.007633587786259542, 0.016793893129770993, 0.025954198473282442, 0.044274809160305344, 0.0916030534351145, 0.12061068702290076, 0.17099236641221374, 0.166412213740458, 0.11297709923664122, 0.1297709923664122, 0.051908396946564885, 0.022900763358778626, 0.015267175572519083, 0.0030534351145038168, 0.0, 0.0, 0.0, 0.0, 0.0, 0.0, 0.0, 0.0, 0.0, 0.0], [0.0, 0.0, 0.0, 8.682062858135092e-05, 0.0, 8.682062858135092e-05, 0.0002604618857440528, 0.0007813856572321583, 0.0016495919430456675, 0.00468831394339295, 0.00746657405799618, 0.013023094287202639, 0.021271054002430977, 0.027348498003125544, 0.04071887480465359, 0.04879319326271922, 0.19743010939399203, 0.14264629275915958, 0.23710713665566938, 0.08621288418128147, 0.04948775829137003, 0.0691960409793367, 0.01979510331654801, 0.007987497829484285, 0.014499044973085604, 0.004254210800486195, 0.003386004514672686, 0.001302309428720264, 0.0002604618857440528, 0.0002604618857440528, 0.0, 0.0, 0.0], [9.599692809830086e-05, 9.599692809830086e-05, 9.599692809830086e-05, 0.0, 0.0003839877123932034, 0.0003839877123932034, 0.0002879907842949026, 0.0009599692809830085, 0.0010559662090813093, 0.0051838341173082465, 0.009599692809830085, 0.01910338869156187, 0.0336949217625036, 0.0446385715657099, 0.06642987424402419, 0.0782374964001152, 0.15973888835557262, 0.18613804358260536, 0.20620140155515024, 0.08380531822981664, 0.04137467601036767, 0.03628683882115772, 0.012863588365172315, 0.005087837189209945, 0.005279831045406547, 0.0021119324181626186, 0.00047998464049150427, 0.0003839877123932034, 0.0, 0.0, 0.0, 0.0, 0.0], [0.0, 0.00011048502927853276, 0.0, 0.00011048502927853276, 0.00022097005855706552, 0.0005524251463926638, 0.0015467904098994587, 0.0038669760247486465, 0.006297646668876367, 0.012153353220638603, 0.021876035797149487, 0.03690199977902994, 0.05469008949287372, 0.07678709534858026, 0.09998895149707214, 0.131477184841454, 0.15501049607778147, 0.10838581372224064, 0.13622804110043088, 0.060656281073914485, 0.03513423931057342, 0.030935808197989172, 0.012926748425588332, 0.006297646668876367, 0.004971826317533974, 0.0019887305270135896, 0.0005524251463926638, 0.00033145508783559825, 0.0, 0.0, 0.0, 0.0, 0.0], [0.0, 0.0, 0.0, 0.0, 0.0006367804381049414, 0.00038206826286296485, 0.0012735608762098828, 0.0015282730514518594, 0.004584819154355578, 0.008278145695364239, 0.01642893530310749, 0.026617422312786552, 0.041263372389200206, 0.06584309730005095, 0.09857361181864494, 0.12748344370860928, 0.15257259296994397, 0.09768211920529801, 0.17027508914926134, 0.06011207335710647, 0.03578706062149771, 0.040371879775853284, 0.017575140091696383, 0.007259296994396332, 0.012098828323993886, 0.004584819154355578, 0.003948038716250637, 0.0020376974019358125, 0.0011462047885888945, 0.0006367804381049414, 0.0010188487009679063, 0.0, 0.0], [0.0, 0.00019120458891013384, 0.00019120458891013384, 0.0003824091778202677, 0.001147227533460803, 0.001147227533460803, 0.0030592734225621415, 0.009560229445506692, 0.017017208413001913, 0.02581261950286807, 0.04474187380497132, 0.0615678776290631, 0.0797323135755258, 0.10057361376673041, 0.12963671128107074, 0.1158699808795411, 0.14531548757170173, 0.07323135755258126, 0.10420650095602295, 0.027151051625239005, 0.021032504780114723, 0.018738049713193115, 0.008413001912045888, 0.0034416826003824093, 0.00497131931166348, 0.0005736137667304016, 0.0017208413001912047, 0.0003824091778202677, 0.00019120458891013384, 0.0, 0.0, 0.0, 0.0], [0.0, 0.0, 0.0002924831822170225, 0.0008774495466510676, 0.0026323486399532025, 0.0014624159110851126, 0.0035097981866042704, 0.007897045919859609, 0.011699327288680901, 0.015209125475285171, 0.028663351857268208, 0.04182509505703422, 0.05791167007897046, 0.08306522374963439, 0.11611582334015794, 0.12810763381105586, 0.15384615384615385, 0.10149166422930682, 0.11026615969581749, 0.04504241006142147, 0.02544603685288096, 0.02193623866627669, 0.014039192746417082, 0.007897045919859609, 0.010821877742029834, 0.0035097981866042704, 0.0026323486399532025, 0.0038022813688212928, 0.0, 0.0, 0.0, 0.0, 0.0], [0.0002241901132160072, 0.0, 0.0, 0.0, 0.0004483802264320144, 0.0004483802264320144, 0.0017935209057280575, 0.003587041811456115, 0.004932182490752158, 0.011097410604192354, 0.03878488958636924, 0.05593543324739379, 0.07902701490864253, 0.11422486268355565, 0.14348167245824459, 0.1437058625714606, 0.13294473713709226, 0.07543997309718642, 0.09180585136195493, 0.033852707095617086, 0.020737585472480665, 0.022419011321600717, 0.009528079811680305, 0.0048200874341441545, 0.006613608339872212, 0.0016814258491200538, 0.0013451406792960431, 0.0007846653962560251, 0.0, 0.0003362851698240108, 0.0, 0.0, 0.0], [0.0, 0.0, 0.0, 0.00028764562059542645, 0.00014382281029771322, 0.00014382281029771322, 0.0014382281029771322, 0.00043146843089313965, 0.002157342154465698, 0.004746152739824536, 0.021285775924061556, 0.031209549834603768, 0.05609089601610816, 0.08169135624910111, 0.10340860060405581, 0.1295843520782396, 0.1469869121242629, 0.09995685315691069, 0.1426722278153315, 0.057816769739680716, 0.031209549834603768, 0.038544513159787144, 0.015820509132748455, 0.007334963325183374, 0.013231698547389616, 0.004889975550122249, 0.004314684308931396, 0.0028764562059542644, 0.0008629368617862793, 0.0005752912411908529, 0.00028764562059542645, 0.0, 0.0], [0.0, 0.0, 0.00018102824040550325, 0.0, 0.0009051412020275163, 0.001448225923244026, 0.0018102824040550326, 0.004706734250543085, 0.00724112961622013, 0.018645908761766836, 0.028240405503258507, 0.04018826937002172, 0.07005792903692976, 0.0890658942795076, 0.11622013034033309, 0.13124547429398986, 0.14138305575669805, 0.0939536567704562, 0.12545257060101375, 0.04779145546705286, 0.027878349022447502, 0.02443881245474294, 0.00995655322230268, 0.004344677769732078, 0.005611875452570601, 0.0009051412020275163, 0.004163649529326575, 0.0030774800868935553, 0.000724112961622013, 0.0003620564808110065, 0.0, 0.0, 0.0], [0.0001128286133363421, 0.0001128286133363421, 0.0, 0.0, 0.0001128286133363421, 0.001015457520027079, 0.0006769716800180526, 0.002369400880063184, 0.0028207153334085526, 0.005754259280153447, 0.014103576667042763, 0.021775922373914024, 0.03599232765429313, 0.04366467336116439, 0.10978224077626086, 0.180412952724811, 0.18673135507164618, 0.12083944488322239, 0.13392756403023806, 0.05754259280153447, 0.036217984880965816, 0.023355522960622814, 0.010944375493625183, 0.004513144533453684, 0.0042874873067809995, 0.0016924292000451314, 0.0007898002933543947, 0.0003384858400090263, 0.0001128286133363421, 0.0, 0.0, 0.0, 0.0], [0.0, 0.0, 0.0, 0.00016105653084232566, 0.00016105653084232566, 0.0006442261233693026, 0.0017716218392655823, 0.002415847962634885, 0.006281204702850701, 0.009180222258012563, 0.02367531003382187, 0.03462715413110001, 0.0665163472378805, 0.10033821871476889, 0.12562409405701402, 0.14527299081977774, 0.1570301175712675, 0.10227089708487679, 0.10774681913351586, 0.04074730230310839, 0.025769044934772105, 0.01964889676276373, 0.010307617973908842, 0.00483169592526977, 0.008858109196327912, 0.002415847962634885, 0.0020937349009502336, 0.0006442261233693026, 0.0008052826542116283, 0.0, 0.00016105653084232566, 0.0, 0.0], [0.0, 0.0, 0.0, 0.00016501650165016502, 0.0, 0.0006600660066006601, 0.0009900990099009901, 0.0009900990099009901, 0.0029702970297029703, 0.005940594059405941, 0.01287128712871287, 0.021122112211221122, 0.038943894389438946, 0.06122112211221122, 0.09372937293729373, 0.11864686468646865, 0.1537953795379538, 0.1103960396039604, 0.17343234323432344, 0.0665016501650165, 0.043234323432343236, 0.04356435643564356, 0.018481848184818482, 0.009075907590759076, 0.011881188118811881, 0.005775577557755775, 0.004125412541254125, 0.0011551155115511551, 0.00016501650165016502, 0.00016501650165016502, 0.0, 0.0, 0.0], [0.0, 0.0, 0.00011290504685559444, 0.0, 0.00022581009371118888, 0.0003387151405667833, 0.0003387151405667833, 0.0012419555154115389, 0.0011290504685559444, 0.003838771593090211, 0.006887207858191261, 0.016145421700350007, 0.027774641526476233, 0.07632381167438185, 0.12498588686914305, 0.1421474539911934, 0.15953483120695494, 0.09529185954612171, 0.1603251665349441, 0.05667833352150841, 0.03804900079033533, 0.034661849384667494, 0.019984193293440217, 0.010048549170147905, 0.014564751044371684, 0.0035000564525234277, 0.0035000564525234277, 0.0020322908434007, 0.00022581009371118888, 0.00011290504685559444, 0.0, 0.0, 0.0], [0.0, 0.0, 8.986340762041697e-05, 0.0, 8.986340762041697e-05, 8.986340762041697e-05, 8.986340762041697e-05, 0.0008087706685837527, 0.0017972681524083393, 0.004583033788641265, 0.008806613946800863, 0.015905823148813805, 0.02785765636232926, 0.0360352264557872, 0.054726815240833934, 0.05948957584471603, 0.09462616822429906, 0.16660675772825306, 0.2692307692307692, 0.09786125089863408, 0.056074766355140186, 0.06029834651329979, 0.015276779295470885, 0.006919482386772107, 0.012580877066858375, 0.005301941049604601, 0.002695902228612509, 0.0008087706685837527, 0.0007189072609633358, 0.0006290438533429188, 0.0, 0.0, 0.0], [0.0, 0.0, 0.0, 0.0, 0.00042030051486813074, 0.0006304507723021961, 0.0012609015446043922, 0.0025218030892087844, 0.00472838079226647, 0.009771986970684038, 0.017757696753178523, 0.0318377640012609, 0.05117158768519491, 0.07565409267626352, 0.11211516234107387, 0.13722811810444469, 0.173584112640538, 0.1109593359251865, 0.15246401176841443, 0.04864978459598613, 0.02469265524850268, 0.02784490911001366, 0.007985709782494483, 0.0034674792476620782, 0.0025218030892087844, 0.0010507512871703267, 0.0009456761584532941, 0.0006304507723021961, 0.00010507512871703268, 0.0, 0.0, 0.0, 0.0], [0.0, 0.003257328990228013, 0.0, 0.003257328990228013, 0.006514657980456026, 0.016286644951140065, 0.026058631921824105, 0.04234527687296417, 0.08469055374592833, 0.05863192182410423, 0.05211726384364821, 0.07166123778501629, 0.07166123778501629, 0.12052117263843648, 0.1270358306188925, 0.10423452768729642, 0.0781758957654723, 0.04560260586319218, 0.035830618892508145, 0.016286644951140065, 0.009771986970684038, 0.009771986970684038, 0.003257328990228013, 0.013029315960912053, 0.0, 0.0, 0.0, 0.0, 0.0, 0.0, 0.0, 0.0, 0.0]]}, "ranks": {"labels": ["Unranked", "Combatatent I", "Combatatent II", "Challenger I", "Challenger II", "Rival I", "Rival II", "Duelist", "Elite"], "data": [[0.13277310924369748, 0.18319327731092436, 0.23361344537815126, 0.23025210084033612, 0.12605042016806722, 0.058823529411764705, 0.018487394957983194, 0.013445378151260505, 0.0033613445378151263], [0.06025784753363229, 0.09501121076233184, 0.1740470852017937, 0.2586883408071749, 0.23150224215246637, 0.13004484304932734, 0.02914798206278027, 0.01569506726457399, 0.005605381165919282], [0.007597559571773915, 0.012662599286289858, 0.031426269137792104, 0.0649245999769771, 0.3018303211695637, 0.37297110625071944, 0.088638195004029, 0.0890986531598941, 0.030850696442960745], [0.015425888665325285, 0.02492734182875028, 0.05510842834786497, 0.09613234965347642, 0.11983009166107758, 0.39436619718309857, 0.13928012519561817, 0.1208361278783814, 0.03409344958640733], [0.1896551724137931, 0.14942528735632185, 0.21264367816091953, 0.20114942528735633, 0.11494252873563218, 0.08620689655172414, 0.028735632183908046, 0.017241379310344827, 0.0], [0.0074875207986688855, 0.03618968386023295, 0.14309484193011648, 0.2527038269550749, 0.26476705490848584, 0.16430948419301164, 0.05418053244592346, 0.05875623960066556, 0.0185108153078203], [0.08679492785308264, 0.11609094884127678, 0.21010056843025798, 0.23874070835155226, 0.18517708788806297, 0.08876257105378224, 0.028858766943594228, 0.03060778312199388, 0.014866637516397026], [0.2631578947368421, 0.24269005847953215, 0.21052631578947367, 0.14327485380116958, 0.06432748538011696, 0.05555555555555555, 0.014619883040935672, 0.005847953216374269, 0.0], [0.03256997455470738, 0.06055979643765903, 0.0900763358778626, 0.2018320610687023, 0.2993384223918575, 0.16346055979643767, 0.061374045801526715, 0.06676844783715012, 0.024020356234096693], [0.013844936708860759, 0.02966772151898734, 0.05893987341772152, 0.13449367088607594, 0.1906645569620253, 0.2143987341772152, 0.11036392405063292, 0.15901898734177214, 0.08860759493670886], [0.03326653306613227, 0.057515030060120244, 0.12364729458917835, 0.23567134268537074, 0.24749498997995992, 0.1725450901803607, 0.059719438877755514, 0.05350701402805611, 0.016633266533066134], [0.08446362515413071, 0.14010480887792848, 0.22241060419235512, 0.25724414303329224, 0.1683107274969174, 0.06997533908754625, 0.028976572133168926, 0.023273736128236744, 0.0052404438964241675], [0.014283939883244317, 0.03316358216370637, 0.061731461930195006, 0.18916904732331388, 0.34256614085206805, 0.22009688237486028, 0.06309775183207054, 0.05812942491615948, 0.017761768724382065], [0.017844540780320595, 0.05575158786167961, 0.1713882447827402, 0.25183990321605, 0.2461941727996774, 0.1476963403568908, 0.048896058070369994, 0.04627482609133985, 0.014114326040931546], [0.01533494753833737, 0.04257465698143664, 0.1152138821630347, 0.22175141242937854, 0.27986279257465696, 0.18583535108958837, 0.06860371267150928, 0.05569007263922518, 0.01513317191283293], [0.04111080860332154, 0.0778655050367547, 0.15872583719030764, 0.22978491696161177, 0.23414102913150014, 0.12632725292676286, 0.05254560304927852, 0.055268173155458754, 0.024230873945004085], [0.04503786369071343, 0.08828218413710642, 0.178158628935831, 0.24730968513351934, 0.2178158628935831, 0.13471502590673576, 0.038860103626943004, 0.037664408130729375, 0.01215623754483858], [0.01285032431770897, 0.03867335699424795, 0.17904785216007832, 0.26263615224574716, 0.2527230449149431, 0.16656467996573246, 0.038550972953126914, 0.03757190062415861, 0.011381715824256518], [0.17037037037037037, 0.14074074074074075, 0.14814814814814814, 0.16296296296296298, 0.2, 0.044444444444444446, 0.037037037037037035, 0.05925925925925926, 0.037037037037037035], [0.008635394456289979, 0.01833688699360341, 0.05319829424307036, 0.29562899786780383, 0.33507462686567163, 0.16727078891257996, 0.05639658848614072, 0.05213219616204691, 0.013326226012793176], [0.005148005148005148, 0.011583011583011582, 0.05791505791505792, 0.2003042003042003, 0.3023283023283023, 0.22639522639522638, 0.0873990873990874, 0.08131508131508132, 0.027612027612027613], [0.012431719721228104, 0.02401582218873611, 0.0465247692597476, 0.2334714635524581, 0.2784893576944811, 0.21802599359578076, 0.08400828781314748, 0.08231305330570729, 0.020719532868713506], [0.02748091603053435, 0.042748091603053436, 0.13587786259541984, 0.2916030534351145, 0.27938931297709924, 0.16030534351145037, 0.044274809160305344, 0.0183206106870229, 0.0], [0.007553394686577531, 0.02048966834519882, 0.04861955200555652, 0.0895120680673728, 0.3400764021531516, 0.28789720437575966, 0.08491057475256121, 0.09697864212536898, 0.023962493488452856], [0.008543726600748777, 0.028703081501391954, 0.0783334933282135, 0.1446673706441394, 0.345876931938178, 0.25439185946049725, 0.07698953633483728, 0.05423826437553998, 0.008255735816453873], [0.02485913158766987, 0.05877803557617943, 0.131477184841454, 0.23146613633852614, 0.2633963098000221, 0.16937354988399073, 0.06264501160092807, 0.050160203292453874, 0.007844437078775825], [0.016683647478349464, 0.04304635761589404, 0.10710646968925115, 0.2260570555272542, 0.250254712175242, 0.2032603158430973, 0.06291390728476821, 0.065206316861946, 0.02547121752419766], [0.058508604206500954, 0.10630975143403441, 0.1803059273422562, 0.24550669216061186, 0.218546845124283, 0.12026768642447419, 0.03212237093690248, 0.030592734225621414, 0.007839388145315488], [0.04357999415033636, 0.07048844691430242, 0.14097689382860484, 0.2442234571512138, 0.2553378180754607, 0.13629716291313249, 0.044457443696987425, 0.04387247733255338, 0.020766305937408597], [0.02253110637820872, 0.09472032283376303, 0.1932518775921982, 0.2871875350297052, 0.20838471023427868, 0.11153458132496356, 0.034861562605089116, 0.036767178567425174, 0.010761125434368345], [0.009348482669351359, 0.05249532575866533, 0.13778225226520927, 0.23299295268229542, 0.2469437652811736, 0.17330648640874444, 0.05839206098087157, 0.06169998561771897, 0.027038688335970083], [0.03493845039826213, 0.06842867487328023, 0.15912382331643737, 0.24746560463432296, 0.23533671252715424, 0.15369297610427227, 0.04742939898624186, 0.0387400434467777, 0.014844315713251267], [0.01297529053367934, 0.03587949904095679, 0.07965700101545752, 0.29019519350107187, 0.3075707999548686, 0.16597089021775924, 0.06171725149497913, 0.03881304298770168, 0.007221031253525894], [0.020615235947817685, 0.05830246416492189, 0.1668545659526494, 0.27089708487679176, 0.2593010146561443, 0.1299726203897568, 0.044290545981639555, 0.03478821066194234, 0.014978257368336287], [0.011716171617161717, 0.03399339933993399, 0.10016501650165016, 0.21237623762376237, 0.2641914191419142, 0.20874587458745875, 0.07442244224422442, 0.07112211221122113, 0.023267326732673267], [0.007225922998758044, 0.023032629558541268, 0.10409845320085807, 0.26713334086033647, 0.2548266907530767, 0.1910353392796658, 0.06401716156712205, 0.06469459184825561, 0.023935869933386023], [0.007548526240115025, 0.024712437095614666, 0.06389288281811646, 0.11421639108554997, 0.2612329259525521, 0.3231488138030194, 0.10001797268152408, 0.08249460819554277, 0.022735442127965494], [0.019333823683934014, 0.04959546075443942, 0.12682568036145844, 0.24934328044551854, 0.2845434485657245, 0.18020384574971104, 0.04560260586319218, 0.03929809814017022, 0.005253756435851634], [0.24104234527687296, 0.1237785016286645, 0.19218241042345277, 0.23127035830618892, 0.1237785016286645, 0.04234527687296417, 0.019543973941368076, 0.026058631921824105, 0.0]]}, "ranksDetailed": {"labels": ["Unranked", "Combatatant", "Challenger", "Rival", "Duelist", "Elite"], "data": [[0.13277310924369748, 0.41680672268907565, 0.3563025210084034, 0.0773109243697479, 0.013445378151260505, 0.0033613445378151263], [0.06025784753363229, 0.26905829596412556, 0.49019058295964124, 0.1591928251121076, 0.01569506726457399, 0.005605381165919282], [0.007597559571773915, 0.04408886842408196, 0.3667549211465408, 0.46160930125474847, 0.0890986531598941, 0.030850696442960745], [0.015425888665325285, 0.08003577017661524, 0.215962441314554, 0.5336463223787168, 0.1208361278783814, 0.03409344958640733], [0.1896551724137931, 0.3620689655172414, 0.3160919540229885, 0.11494252873563218, 0.017241379310344827, 0.0], [0.0074875207986688855, 0.17928452579034942, 0.5174708818635607, 0.2184900166389351, 0.05875623960066556, 0.0185108153078203], [0.08679492785308264, 0.3261915172715348, 0.42391779623961523, 0.11762133799737648, 0.03060778312199388, 0.014866637516397026], [0.2631578947368421, 0.45321637426900585, 0.20760233918128654, 0.07017543859649122, 0.005847953216374269, 0.0], [0.03256997455470738, 0.15063613231552161, 0.5011704834605598, 0.22483460559796437, 0.06676844783715012, 0.024020356234096693], [0.013844936708860759, 0.08860759493670886, 0.3251582278481013, 0.3247626582278481, 0.15901898734177214, 0.08860759493670886], [0.03326653306613227, 0.1811623246492986, 0.48316633266533066, 0.23226452905811623, 0.05350701402805611, 0.016633266533066134], [0.08446362515413071, 0.3625154130702836, 0.42555487053020963, 0.09895191122071517, 0.023273736128236744, 0.0052404438964241675], [0.014283939883244317, 0.09489504409390138, 0.5317351881753819, 0.2831946342069308, 0.05812942491615948, 0.017761768724382065], [0.017844540780320595, 0.2271398326444198, 0.4980340760157274, 0.1965923984272608, 0.04627482609133985, 0.014114326040931546], [0.01533494753833737, 0.15778853914447136, 0.5016142050040355, 0.25443906376109765, 0.05569007263922518, 0.01513317191283293], [0.04111080860332154, 0.23659134222706235, 0.4639259460931119, 0.17887285597604138, 0.055268173155458754, 0.024230873945004085], [0.04503786369071343, 0.26644081307293743, 0.46512554802710243, 0.17357512953367876, 0.037664408130729375, 0.01215623754483858], [0.01285032431770897, 0.21772120915432627, 0.5153591971606902, 0.2051156529188594, 0.03757190062415861, 0.011381715824256518], [0.17037037037037037, 0.28888888888888886, 0.362962962962963, 0.08148148148148149, 0.05925925925925926, 0.037037037037037035], [0.008635394456289979, 0.07153518123667377, 0.6307036247334755, 0.2236673773987207, 0.05213219616204691, 0.013326226012793176], [0.005148005148005148, 0.0694980694980695, 0.5026325026325026, 0.3137943137943138, 0.08131508131508132, 0.027612027612027613], [0.012431719721228104, 0.07054059144848371, 0.5119608212469392, 0.30203428140892824, 0.08231305330570729, 0.020719532868713506], [0.02748091603053435, 0.17862595419847327, 0.5709923664122137, 0.20458015267175572, 0.0183206106870229, 0.0], [0.007553394686577531, 0.06910922035075534, 0.4295884702205244, 0.3728077791283209, 0.09697864212536898, 0.023962493488452856], [0.008543726600748777, 0.10703657482960545, 0.49054430258231735, 0.33138139579533454, 0.05423826437553998, 0.008255735816453873], [0.02485913158766987, 0.1902552204176334, 0.49486244613854824, 0.23201856148491878, 0.050160203292453874, 0.007844437078775825], [0.016683647478349464, 0.15015282730514518, 0.47631176770249617, 0.26617422312786554, 0.065206316861946, 0.02547121752419766], [0.058508604206500954, 0.2866156787762906, 0.46405353728489485, 0.15239005736137667, 0.030592734225621414, 0.007839388145315488], [0.04357999415033636, 0.2114653407429073, 0.4995612752266745, 0.1807546066101199, 0.04387247733255338, 0.020766305937408597], [0.02253110637820872, 0.2879722004259612, 0.49557224526398386, 0.14639614393005268, 0.036767178567425174, 0.010761125434368345], [0.009348482669351359, 0.1902775780238746, 0.479936717963469, 0.23169854738961598, 0.06169998561771897, 0.027038688335970083], [0.03493845039826213, 0.2275524981897176, 0.4828023171614772, 0.20112237509051412, 0.0387400434467777, 0.014844315713251267], [0.01297529053367934, 0.1155365000564143, 0.5977659934559404, 0.22768814171273835, 0.03881304298770168, 0.007221031253525894], [0.020615235947817685, 0.22515703011757127, 0.5301980995329361, 0.17426316637139636, 0.03478821066194234, 0.014978257368336287], [0.011716171617161717, 0.13415841584158417, 0.4765676567656766, 0.28316831683168314, 0.07112211221122113, 0.023267326732673267], [0.007225922998758044, 0.12713108275939936, 0.5219600316134131, 0.2550525008467879, 0.06469459184825561, 0.023935869933386023], [0.007548526240115025, 0.08860531991373113, 0.3754493170381021, 0.4231667864845435, 0.08249460819554277, 0.022735442127965494], [0.019333823683934014, 0.17642114111589788, 0.533886729011243, 0.22580645161290322, 0.03929809814017022, 0.005253756435851634], [0.24104234527687296, 0.31596091205211724, 0.3550488599348534, 0.06188925081433225, 0.026058631921824105, 0.0]]}}}, "eu": {"histType": {"histogram": {"labels": ["0", "100", "200", "300", "400", "500", "600", "700", "800", "900", "1000", "1100", "1200", "1300", "1400", "1500", "1600", "1700", "1800", "1900", "2000", "2100", "2200", "2300", "2400", "2500", "2600", "2700", "2800", "2900", "3000", "3100", "3200"], "data": [[0.0, 0.0, 0.0021598272138228943, 0.0, 0.0, 0.004319654427645789, 0.01079913606911447, 0.028077753779697623, 0.05399568034557235, 0.07991360691144708, 0.07127429805615551, 0.09503239740820735, 0.08639308855291576, 0.13606911447084233, 0.13822894168466524, 0.09503239740820735, 0.06911447084233262, 0.04967602591792657, 0.0367170626349892, 0.019438444924406047, 0.01511879049676026, 0.004319654427645789, 0.004319654427645789, 0.0, 0.0, 0.0, 0.0, 0.0, 0.0, 0.0, 0.0, 0.0, 0.0], [0.00030543677458766036, 0.00030543677458766036, 0.0006108735491753207, 0.0009163103237629811, 0.0015271838729383018, 0.003359804520464264, 0.005497861942577886, 0.010995723885155772, 0.021686010995723884, 0.033598045204642636, 0.04520464263897373, 0.06414172266340867, 0.08185705558949298, 0.10598656078191815, 0.129505192425168, 0.13133781307269396, 0.14111178985949907, 0.06658521686010996, 0.09407452657299939, 0.02504581551618815, 0.012828344532681736, 0.011912034208918754, 0.004276114844227245, 0.0030543677458766036, 0.0030543677458766036, 0.0006108735491753207, 0.0006108735491753207, 0.0, 0.0, 0.0, 0.0, 0.0, 0.0], [0.0, 0.0, 0.0, 0.00011630611770179111, 0.00011630611770179111, 0.00011630611770179111, 0.0, 0.0008141428239125378, 0.001977204000930449, 0.0025587345894394044, 0.005698999767387764, 0.00942079553384508, 0.011979530123284485, 0.015817632007443592, 0.025819958129797628, 0.04326587578506629, 0.2279599906955106, 0.14305652477320308, 0.28715980460572227, 0.07711095603628751, 0.05012793672947197, 0.05140730402419167, 0.017213305419865085, 0.006862060944405676, 0.011397999534775528, 0.005001163061177018, 0.003023959060246569, 0.0015119795301232846, 0.00023261223540358222, 0.00023261223540358222, 0.0, 0.0, 0.0], [0.0, 0.0, 0.0, 0.00010768899418479432, 0.00010768899418479432, 0.00021537798836958864, 0.0007538229592935602, 0.002046090889511092, 0.0023691578720654747, 0.005922894680163687, 0.011630411371957786, 0.01744561705793668, 0.021107042860219687, 0.02692224854619858, 0.04329097566228732, 0.0548136980400603, 0.07990523368511739, 0.06558259745853974, 0.30982123626965324, 0.12911910402756838, 0.08012061167348697, 0.07279776006892096, 0.027568382511307346, 0.0132457462847297, 0.02067628688348051, 0.006569028645272453, 0.004630626749946155, 0.0025845358604350637, 0.0004307559767391773, 0.00021537798836958864, 0.0, 0.0, 0.0], [0.0, 0.0, 0.0, 0.0, 0.0, 0.01935483870967742, 0.03225806451612903, 0.05806451612903226, 0.06451612903225806, 0.05806451612903226, 0.06451612903225806, 0.09032258064516129, 0.06451612903225806, 0.0967741935483871, 0.07096774193548387, 0.14838709677419354, 0.01935483870967742, 0.06451612903225806, 0.05806451612903226, 0.03225806451612903, 0.03225806451612903, 0.0, 0.0064516129032258064, 0.0064516129032258064, 0.012903225806451613, 0.0, 0.0, 0.0, 0.0, 0.0, 0.0, 0.0, 0.0], [0.0, 0.00010404744563520966, 0.00010404744563520966, 0.00020809489127041931, 0.00031214233690562894, 0.00010404744563520966, 0.00020809489127041931, 0.0011445219019873061, 0.0019769014670689834, 0.003953802934137967, 0.019144729996878575, 0.04068255124336698, 0.056081573197378005, 0.07834772656331287, 0.1152845697638123, 0.13109978150036417, 0.14962022682343148, 0.10498387264592654, 0.1370304859015711, 0.0522318177