{"region": {"us": {"histType": {"histogram": {"labels": ["0", "100", "200", "300", "400", "500", "600", "700", "800", "900", "1000", "1100", "1200", "1300", "1400", "1500", "1600", "1700", "1800", "1900", "2000", "2100", "2200", "2300", "2400", "2500", "2600", "2700", "2800", "2900", "3000", "3100", "3200"], "data": [[0.0, 0.0, 0.003215434083601286, 0.003215434083601286, 0.006430868167202572, 0.006430868167202572, 0.022508038585209004, 0.012861736334405145, 0.03215434083601286, 0.028938906752411574, 0.0707395498392283, 0.07395498392282958, 0.08360128617363344, 0.1189710610932476, 0.10610932475884244, 0.11254019292604502, 0.09967845659163987, 0.05466237942122187, 0.05466237942122187, 0.04823151125401929, 0.028938906752411574, 0.00964630225080386, 0.00964630225080386, 0.0, 0.012861736334405145, 0.0, 0.0, 0.0, 0.0, 0.0, 0.0, 0.0, 0.0], [0.0, 0.0008237232289950577, 0.0, 0.00041186161449752884, 0.0008237232289950577, 0.0016474464579901153, 0.004942339373970346, 0.01070840197693575, 0.011120263591433279, 0.019769357495881382, 0.03459637561779242, 0.04242174629324547, 0.06383855024711697, 0.07454695222405272, 0.10090609555189456, 0.12108731466227347, 0.1470345963756178, 0.08937397034596375, 0.15197693574958815, 0.05560131795716639, 0.02471169686985173, 0.016474464579901153, 0.009884678747940691, 0.004942339373970346, 0.004942339373970346, 0.0016474464579901153, 0.0032948929159802307, 0.002059308072487644, 0.00041186161449752884, 0.0, 0.0, 0.0, 0.0], [0.0001335826876836762, 0.0, 0.0, 0.0002671653753673524, 0.0002671653753673524, 0.0002671653753673524, 0.0002671653753673524, 0.0006679134384183809, 0.003606732567459257, 0.004408228693561314, 0.008148543948704248, 0.011621693828479829, 0.018701576275714667, 0.029388191290408764, 0.04448303499866417, 0.06786000534330751, 0.1116751269035533, 0.10352658295484905, 0.2705049425594443, 0.0830884317392466, 0.059444296019235905, 0.08789740849585893, 0.025915041410633183, 0.013892599519102324, 0.031792679668714935, 0.009751536200908363, 0.004675394068928667, 0.0038738979428266096, 0.0013358268768367619, 0.0024044883783061713, 0.0001335826876836762, 0.0, 0.0], [0.0, 0.0, 0.0, 0.0, 0.0001224889759921607, 0.0002449779519843214, 0.0009799118079372856, 0.0023272905438510533, 0.006001959823615875, 0.010656540911317982, 0.016536011758941694, 0.01935325820676139, 0.035521803037726604, 0.048873101420872124, 0.07300342969132778, 0.09835864772170505, 0.15531602155805976, 0.11293483586477217, 0.19341009309162174, 0.08121019108280254, 0.05046545810877021, 0.05463008329250368, 0.016291033806957372, 0.007104360607545321, 0.011268985791278784, 0.0023272905438510533, 0.0011024007839294464, 0.0014698677119059284, 0.0002449779519843214, 0.0, 0.0002449779519843214, 0.0, 0.0], [0.0, 0.0, 0.0, 0.0, 0.008771929824561403, 0.0, 0.008771929824561403, 0.03508771929824561, 0.03508771929824561, 0.05263157894736842, 0.043859649122807015, 0.07894736842105263, 0.07017543859649122, 0.10526315789473684, 0.07894736842105263, 0.10526315789473684, 0.06140350877192982, 0.03508771929824561, 0.08771929824561403, 0.08771929824561403, 0.02631578947368421, 0.043859649122807015, 0.017543859649122806, 0.017543859649122806, 0.0, 0.0, 0.0, 0.0, 0.0, 0.0, 0.0, 0.0, 0.0], [0.0, 0.0, 0.0, 0.00012711325791280032, 0.0, 0.00012711325791280032, 0.0, 0.0017795856107792043, 0.0019066988686920045, 0.006609889411465616, 0.011058853438413627, 0.01754162959196644, 0.03165120122028728, 0.056056946739544936, 0.0826236176433202, 0.11351213931613068, 0.15685776026439557, 0.10944451506292106, 0.1688064065081988, 0.07169187746281937, 0.0418202618533113, 0.059743231219016146, 0.019702554976484047, 0.010041947375111224, 0.02033812126604805, 0.00800813524850642, 0.0031778314478200075, 0.0031778314478200075, 0.002033812126604805, 0.0007626795474768018, 0.0013982458370408034, 0.0, 0.0], [0.0, 0.0, 0.0002640612622128334, 0.0015843675732770002, 0.0018484288354898336, 0.0031687351465540005, 0.005809347768682334, 0.008978082915236335, 0.017428043306047004, 0.024557697385793505, 0.038817005545286505, 0.04700290467388434, 0.06997623448640085, 0.08344335885925534, 0.10905730129390019, 0.12358067071560602, 0.125165038288883, 0.08185899128597834, 0.11037760760496435, 0.038817005545286505, 0.02799049379456034, 0.029046738843411673, 0.011090573012939002, 0.007129654079746501, 0.012674940586216002, 0.006337470293108001, 0.006865592817533668, 0.0023765513599155004, 0.0018484288354898336, 0.0007921837866385001, 0.002112490097702667, 0.0, 0.0], [0.0033333333333333335, 0.0, 0.0033333333333333335, 0.01, 0.016666666666666666, 0.013333333333333334, 0.016666666666666666, 0.05, 0.05, 0.1, 0.08666666666666667, 0.10333333333333333, 0.09, 0.10333333333333333, 0.07666666666666666, 0.06666666666666667, 0.06666666666666667, 0.03333333333333333, 0.02666666666666667, 0.03666666666666667, 0.006666666666666667, 0.013333333333333334, 0.02, 0.006666666666666667, 0.0, 0.0, 0.0, 0.0, 0.0, 0.0, 0.0, 0.0, 0.0], [0.0005002000800320128, 0.00030012004801920766, 0.0005002000800320128, 0.0006002400960384153, 0.0005002000800320128, 0.001600640256102441, 0.0017006802721088435, 0.005202080832332933, 0.009203681472589036, 0.0196078431372549, 0.033713485394157666, 0.04831932773109244, 0.06202480992396959, 0.069827931172469, 0.09123649459783914, 0.1058423369347739, 0.13935574229691877, 0.09303721488595439, 0.11004401760704281, 0.05782312925170068, 0.040416166466586634, 0.04171668667466987, 0.018307322929171668, 0.0117046818727491, 0.019407763105242098, 0.008303321328531413, 0.005302120848339336, 0.001600640256102441, 0.0021008403361344537, 0.00020008003201280514, 0.0, 0.0, 0.0], [0.0, 0.0, 0.0, 0.0, 0.00036913990402362494, 0.00036913990402362494, 0.00036913990402362494, 0.00036913990402362494, 0.0007382798080472499, 0.005537098560354375, 0.0070136581764488745, 0.005906238464377999, 0.012181616832779624, 0.021040974529346623, 0.04023624953857512, 0.06349206349206349, 0.07788851974898486, 0.0812107788851975, 0.18752307124400147, 0.08084163898117387, 0.08527131782945736, 0.12144702842377261, 0.05057216685123662, 0.02547065337763012, 0.06866002214839424, 0.022886674049464747, 0.013658176448874123, 0.014765596160944998, 0.006644518272425249, 0.004060538944259874, 0.0014765596160944998, 0.0, 0.0], [0.0, 0.0, 0.0003244646333549643, 0.0, 0.0016223231667748216, 0.0016223231667748216, 0.0035691109669046075, 0.003893575600259572, 0.012005191434133679, 0.018170019467878003, 0.030499675535366644, 0.03439325113562622, 0.05970149253731343, 0.07235561323815703, 0.09214795587280987, 0.11194029850746269, 0.14049318624269955, 0.09117456197274497, 0.15120051914341337, 0.054510058403634, 0.036340038935756006, 0.04023361453601557, 0.012654120700843608, 0.008436080467229072, 0.01135626216742375, 0.004218040233614536, 0.001946787800129786, 0.0016223231667748216, 0.001946787800129786, 0.0016223231667748216, 0.0, 0.0, 0.0], [0.00018331805682859762, 0.0, 0.0005499541704857929, 0.0005499541704857929, 0.0009165902841429881, 0.0020164986251145736, 0.00458295142071494, 0.008249312557286892, 0.014115490375802016, 0.023281393217231897, 0.05041246562786435, 0.06379468377635197, 0.08945921173235563, 0.09715857011915674, 0.13400549954170485, 0.1308890925756187, 0.12850595783684693, 0.07406049495875344, 0.08010999083409716, 0.03739688359303391, 0.01924839596700275, 0.01833180568285976, 0.008065994500458295, 0.005316223648029331, 0.004032997250229147, 0.001466544454628781, 0.0018331805682859762, 0.0009165902841429881, 0.0005499541704857929, 0.0, 0.0, 0.0, 0.0], [0.0, 0.0, 0.0, 0.0, 0.0003439972480220158, 0.0006879944960440316, 0.0027519779841761265, 0.0030959752321981426, 0.007567939456484348, 0.00980392156862745, 0.024251805985552117, 0.0369797041623667, 0.05039559683522532, 0.06707946336429309, 0.10595115239078087, 0.11162710698314414, 0.14413484692122464, 0.10268317853457172, 0.1568627450980392, 0.059511523907808735, 0.036807705538355696, 0.03577571379428965, 0.013415892672858616, 0.008255933952528379, 0.012727898176814585, 0.004987960096319229, 0.0015479876160990713, 0.0010319917440660474, 0.0017199862401100791, 0.0, 0.0, 0.0, 0.0], [0.00022688598979013047, 0.0, 0.0, 0.00011344299489506523, 0.00022688598979013047, 0.00034032898468519567, 0.001474758933635848, 0.0022688598979013048, 0.00476460578559274, 0.013159387407827567, 0.021327283040272264, 0.02665910380034033, 0.037209302325581395, 0.04946114577424844, 0.07555303460011344, 0.10153148043108338, 0.142597844583097, 0.10867838910947249, 0.16744186046511628, 0.07952353942144072, 0.051276233692569485, 0.0554736245036869, 0.019285309132161088, 0.009642654566080544, 0.016449234259784458, 0.00499149177538287, 0.0037436188315371527, 0.002495745887691435, 0.001474758933635848, 0.0022688598979013048, 0.00034032898468519567, 0.0, 0.0], [0.0, 0.0, 0.0, 0.0, 0.000468055230517201, 0.0002340276152586005, 0.0007020828457758015, 0.000936110461034402, 0.004212497074654809, 0.004212497074654809, 0.013105546454481629, 0.01802012637491224, 0.03627428036508308, 0.05172010297215071, 0.07418675403697636, 0.10086590217645683, 0.14954364615024573, 0.11560964193774866, 0.17130821436929558, 0.07956938918792418, 0.05803884858413293, 0.056868710507839926, 0.02270067868008425, 0.010297215071378422, 0.016615960683360638, 0.007722911303533817, 0.0021062485373274046, 0.001872220922068804, 0.000936110461034402, 0.001872220922068804, 0.0, 0.0, 0.0], [0.0, 0.00041152263374485596, 0.0, 0.0, 0.0012345679012345679, 0.0012345679012345679, 0.0008230452674897119, 0.0049382716049382715, 0.009876543209876543, 0.013991769547325103, 0.019753086419753086, 0.031275720164609055, 0.047736625514403296, 0.05720164609053498, 0.08065843621399177, 0.10411522633744856, 0.13580246913580246, 0.10246913580246914, 0.13580246913580246, 0.06460905349794238, 0.05308641975308642, 0.046502057613168724, 0.027983539094650206, 0.01440329218106996, 0.017695473251028805, 0.009876543209876543, 0.004526748971193415, 0.006172839506172839, 0.00411522633744856, 0.0024691358024691358, 0.0012345679012345679, 0.0, 0.0], [0.00022099447513812155, 0.0, 0.0004419889502762431, 0.0006629834254143647, 0.0006629834254143647, 0.0008839779005524862, 0.001988950276243094, 0.0037569060773480663, 0.0075138121546961326, 0.012154696132596685, 0.022320441988950276, 0.03955801104972376, 0.0676243093922652, 0.07889502762430939, 0.10629834254143647, 0.12464088397790055, 0.13657458563535912, 0.09281767955801105, 0.12839779005524862, 0.050607734806629834, 0.03425414364640884, 0.04022099447513812, 0.014806629834254143, 0.0077348066298342545, 0.013038674033149171, 0.005303867403314917, 0.0035359116022099448, 0.001988950276243094, 0.0015469613259668509, 0.0015469613259668509, 0.0, 0.0, 0.0], [0.0, 0.0, 0.00016619577862722287, 0.00033239155725444574, 0.0004985873358816686, 0.00033239155725444574, 0.00116337045039056, 0.0029915240152900116, 0.003988698687053349, 0.010304138274887818, 0.020940668107030082, 0.02659132458035566, 0.04985873358816686, 0.06049526342030912, 0.09872029250457039, 0.11999335216885491, 0.1445903274056839, 0.0973907262755526, 0.18032241981053682, 0.05966428452717301, 0.03456872195446236, 0.03988698687053349, 0.01512381585507728, 0.007811201595479475, 0.011966096061160046, 0.0041548944656805715, 0.0033239155725444574, 0.0016619577862722287, 0.0004985873358816686, 0.002659132458035566, 0.0, 0.0, 0.0], [0.0, 0.0, 0.0, 0.009009009009009009, 0.009009009009009009, 0.009009009009009009, 0.0, 0.009009009009009009, 0.009009009009009009, 0.05405405405405406, 0.02702702702702703, 0.04504504504504504, 0.04504504504504504, 0.06306306306306306, 0.05405405405405406, 0.11711711711711711, 0.12612612612612611, 0.08108108108108109, 0.07207207207207207, 0.02702702702702703, 0.08108108108108109, 0.036036036036036036, 0.036036036036036036, 0.0, 0.018018018018018018, 0.02702702702702703, 0.009009009009009009, 0.036036036036036036, 0.0, 0.0, 0.0, 0.0, 0.0], [0.00023823704586063132, 0.00011911852293031566, 0.0, 0.00011911852293031566, 0.00023823704586063132, 0.00023823704586063132, 0.00047647409172126264, 0.0016676593210244192, 0.0029779630732578916, 0.006670637284097677, 0.011792733770101252, 0.016676593210244194, 0.03240023823704586, 0.04776652769505658, 0.08028588445503276, 0.12364502680166765, 0.1673615247170935, 0.13257891602144134, 0.14460988683740322, 0.07659321024419297, 0.05002977963073258, 0.05134008338296605, 0.02025014889815366, 0.009291244788564622, 0.012150089338892198, 0.004764740917212627, 0.002144133412745682, 0.001072066706372841, 0.002501488981536629, 0.0, 0.0, 0.0, 0.0], [0.0, 0.0, 0.0, 0.00015527950310559007, 0.0, 0.00031055900621118014, 0.0013975155279503106, 0.0007763975155279503, 0.002018633540372671, 0.0034161490683229812, 0.007453416149068323, 0.011024844720496894, 0.02003105590062112, 0.027950310559006212, 0.04751552795031056, 0.07562111801242236, 0.1232919254658385, 0.11645962732919254, 0.19798136645962733, 0.09829192546583851, 0.07096273291925466, 0.09425465838509317, 0.029037267080745343, 0.016304347826086956, 0.027795031055900622, 0.013198757763975156, 0.005900621118012423, 0.004192546583850931, 0.002018633540372671, 0.0009316770186335404, 0.0017080745341614906, 0.0, 0.0], [0.00030956557630791457, 0.00010318852543597152, 0.0, 0.00020637705087194304, 0.00020637705087194304, 0.0007223196780518006, 0.0008255082034877722, 0.002373336085027345, 0.0037147869156949746, 0.0069136312042100915, 0.013517696832112269, 0.018573934578474872, 0.023423795273965535, 0.03766381178412961, 0.05438035290475699, 0.08213806624703333, 0.11825405014962337, 0.12454855020121762, 0.19915385409142503, 0.09968011557114849, 0.0644928283974822, 0.07553400061913115, 0.02641626251160871, 0.013724073882984212, 0.019399442781962647, 0.006707254153338149, 0.00340522133938706, 0.0012382623052316583, 0.002373336085027345, 0.0, 0.0, 0.0, 0.0], [0.0, 0.0, 0.0, 0.001692047377326565, 0.001692047377326565, 0.0, 0.0, 0.005076142131979695, 0.008460236886632826, 0.005076142131979695, 0.01692047377326565, 0.025380710659898477, 0.043993231810490696, 0.08460236886632826, 0.09475465313028765, 0.1353637901861252, 0.16243654822335024, 0.12521150592216582, 0.16412859560067683, 0.06091370558375635, 0.02707275803722504, 0.025380710659898477, 0.00676818950930626, 0.001692047377326565, 0.00338409475465313, 0.0, 0.0, 0.0, 0.0, 0.0, 0.0, 0.0, 0.0], [0.0, 0.0, 0.0, 0.000257201646090535, 0.0, 0.00017146776406035664, 0.000257201646090535, 0.0007716049382716049, 0.00205761316872428, 0.005572702331961592, 0.008144718792866941, 0.01594650205761317, 0.026491769547325104, 0.03309327846364883, 0.052897805212620025, 0.0684156378600823, 0.10931069958847736, 0.08599108367626886, 0.21767832647462276, 0.1024519890260631, 0.06781550068587106, 0.11445473251028807, 0.033950617283950615, 0.011402606310013717, 0.024519890260631002, 0.007887517146776405, 0.004715363511659808, 0.0024005486968449933, 0.0017146776406035665, 0.0016289437585733882, 0.0, 0.0, 0.0], [0.000177430801987225, 8.87154009936125e-05, 8.87154009936125e-05, 0.0, 0.0006210078069552874, 0.0005322924059616749, 0.0005322924059616749, 0.001242015613910575, 0.0013307310149041874, 0.006210078069552875, 0.01144428672817601, 0.02359829666430092, 0.043647977288857345, 0.062278211497515966, 0.09421575585521647, 0.13218594748048262, 0.18514904187366926, 0.13733144073811213, 0.160486160397445, 0.057044002838892834, 0.032203690560681335, 0.027235628105039034, 0.010468417317246273, 0.0032824698367636624, 0.0046132008516678496, 0.001596877217885025, 0.0016855926188786374, 0.0007097232079489, 0.0, 0.0, 0.0, 0.0, 0.0], [0.0, 0.00012017786323759164, 0.0, 0.00012017786323759164, 0.0003605335897127749, 0.0008412450426631415, 0.0008412450426631415, 0.002283379401514241, 0.003364980170652566, 0.006129071025117174, 0.012017786323759164, 0.021271481793053718, 0.03172695589472419, 0.043864920081720944, 0.07294796298521812, 0.11801466169931499, 0.16548491767816367, 0.1221007090493931, 0.16632616272082681, 0.08256219204422545, 0.04831150102151184, 0.050114168970075715, 0.023434683331330367, 0.009734406922244922, 0.01105636341785843, 0.0027640908544646074, 0.0021632015382766494, 0.002043023675039058, 0.0, 0.0, 0.0, 0.0, 0.0], [0.0, 0.0, 0.0, 0.0, 0.0002886836027713626, 0.0, 0.0008660508083140878, 0.0008660508083140878, 0.0015877598152424942, 0.003464203233256351, 0.009526558891454965, 0.015155889145496535, 0.02785796766743649, 0.04575635103926097, 0.07895496535796767, 0.10998845265588915, 0.14867205542725173, 0.09699769053117784, 0.1967378752886836, 0.07361431870669746, 0.045467667436489605, 0.058747113163972284, 0.026558891454965358, 0.012846420323325634, 0.020785219399538105, 0.009093533487297922, 0.005918013856812933, 0.0031755196304849883, 0.0030311778290993074, 0.0020207852193995382, 0.0020207852193995382, 0.0, 0.0], [0.0003621876131836291, 0.0003621876131836291, 0.0003621876131836291, 0.0007243752263672582, 0.0025353132922854038, 0.0025353132922854038, 0.005432814197754437, 0.008692502716407098, 0.014487504527345164, 0.0286128214415067, 0.03802969938428106, 0.05396595436436074, 0.060123143788482436, 0.08257877580586744, 0.11372691053965954, 0.11155378486055777, 0.11879753712423036, 0.077145961608113, 0.1492212966316552, 0.044186888808402755, 0.021006881564650488, 0.03223469757334299, 0.009416877942774357, 0.0050706265845708075, 0.010503440782325244, 0.0032596885186526622, 0.0018109380659181455, 0.0010865628395508873, 0.0018109380659181455, 0.0003621876131836291, 0.0, 0.0, 0.0], [0.0, 0.0, 0.0, 0.0019305019305019305, 0.002574002574002574, 0.002574002574002574, 0.003861003861003861, 0.010939510939510939, 0.010296010296010296, 0.014800514800514801, 0.023809523809523808, 0.036036036036036036, 0.05019305019305019, 0.05662805662805663, 0.08236808236808237, 0.1093951093951094, 0.14543114543114544, 0.1036036036036036, 0.1718146718146718, 0.06113256113256113, 0.02895752895752896, 0.032818532818532815, 0.021235521235521235, 0.005791505791505791, 0.014800514800514801, 0.0045045045045045045, 0.001287001287001287, 0.002574002574002574, 0.0006435006435006435, 0.0, 0.0, 0.0, 0.0], [0.0002865740077374982, 0.0, 0.0, 0.0, 0.0007164350193437455, 0.0008597220232124946, 0.002865740077374982, 0.0050150451354062184, 0.007164350193437455, 0.01447198739074366, 0.027940965754406074, 0.042412953145149736, 0.05674165353202464, 0.08153030520131824, 0.1280985814586617, 0.1388451067488179, 0.14457658690356784, 0.0884080813870182, 0.1252328413812867, 0.04140994411806849, 0.026651382719587332, 0.03037684482017481, 0.012895830348187419, 0.006447915174093709, 0.010603238286287434, 0.002579166069637484, 0.001289583034818742, 0.0010030090270812437, 0.0001432870038687491, 0.0011462960309499928, 0.0002865740077374982, 0.0, 0.0], [0.0, 0.0, 0.0, 0.00065302568567697, 0.00043535045711797995, 0.00021767522855898998, 0.0021767522855899, 0.0008707009142359599, 0.00413582934262081, 0.00979538528515455, 0.016760992599042228, 0.02198519808445799, 0.03395733565520244, 0.048541575968654764, 0.07139747496734872, 0.10622551153678711, 0.11885067479320853, 0.09882455376578145, 0.16652154984762735, 0.07357422725293862, 0.053330430996952546, 0.062255115367871136, 0.028733130169786677, 0.014801915542011318, 0.031780583369612536, 0.013060513713539399, 0.00936003482803657, 0.00478885502829778, 0.0030474531998258597, 0.00239442751414889, 0.0015237265999129299, 0.0, 0.0], [0.0, 0.0, 0.0, 0.00020230629172567267, 0.00020230629172567267, 0.0, 0.0008092251669026907, 0.0010115314586283633, 0.0028322880841594174, 0.009710702002832288, 0.016184503338053813, 0.0281205745498685, 0.04390046530447097, 0.06453570706048958, 0.09508395711106615, 0.11753995549261582, 0.14687436779283836, 0.10398543394699575, 0.16487962775642323, 0.06878413918672871, 0.04167509609548857, 0.04531660934655068, 0.016386809629779488, 0.007687639085575561, 0.010519927169734978, 0.0028322880841594174, 0.004046125834513453, 0.002225369208982399, 0.0032369006676107627, 0.0014161440420797087, 0.0, 0.0, 0.0], [0.00012879958784131891, 0.00012879958784131891, 0.00012879958784131891, 0.00012879958784131891, 0.0005151983513652757, 0.00115919629057187, 0.001416795466254508, 0.0030911901081916537, 0.00463678516228748, 0.00811437403400309, 0.02099433281813498, 0.032199896960329724, 0.05319422977846471, 0.07354456465739309, 0.10510046367851623, 0.14077794951056158, 0.16859866048428646, 0.113086038124678, 0.11888201957753736, 0.062081401339515715, 0.0354198866563627, 0.02846470891293148, 0.01300875837197321, 0.004894384337970119, 0.004894384337970119, 0.0016743946419371459, 0.0009015971148892323, 0.002704791344667697, 0.00012879958784131891, 0.0, 0.0, 0.0, 0.0], [0.0, 0.0, 0.0, 0.00021034917963819942, 0.00021034917963819942, 0.0008413967185527977, 0.001051745898190997, 0.0027345393352965924, 0.005469078670593185, 0.007362221287336979, 0.016617585191417754, 0.02482120319730753, 0.04206983592763988, 0.05784602440050484, 0.09213294068153134, 0.12831299957930165, 0.15713083718973497, 0.11527135044173328, 0.143458140513252, 0.06752208666386202, 0.04249053428691628, 0.041438788388725285, 0.018300378628523347, 0.006310475389145982, 0.016196886832141353, 0.004838031131678587, 0.0033655868742111907, 0.001472444257467396, 0.0012620950778291964, 0.0006310475389145982, 0.0006310475389145982, 0.0, 0.0], [0.0, 0.0, 0.0, 0.0002587991718426501, 0.0, 0.0010351966873706005, 0.002070393374741201, 0.002846790890269151, 0.005693581780538302, 0.005693581780538302, 0.011904761904761904, 0.021221532091097308, 0.031314699792960664, 0.04606625258799172, 0.07712215320910973, 0.10766045548654245, 0.1389751552795031, 0.09937888198757763, 0.18297101449275363, 0.07686335403726709, 0.05124223602484472, 0.06159420289855073, 0.02562111801242236, 0.015527950310559006, 0.019409937888198756, 0.009316770186335404, 0.003105590062111801, 0.0012939958592132505, 0.0010351966873706005, 0.0007763975155279503, 0.0, 0.0, 0.0], [0.0, 0.0, 0.0002807017543859649, 0.0, 0.0002807017543859649, 0.0004210526315789474, 0.0005614035087719298, 0.0019649122807017545, 0.001824561403508772, 0.005192982456140351, 0.010947368421052631, 0.02512280701754386, 0.041964912280701754, 0.07087719298245614, 0.0983859649122807, 0.11564912280701754, 0.14259649122807017, 0.09894736842105263, 0.16336842105263158, 0.05894736842105263, 0.041403508771929824, 0.04673684210526316, 0.02343859649122807, 0.010526315789473684, 0.021614035087719297, 0.006456140350877193, 0.005614035087719298, 0.003368421052631579, 0.0014035087719298245, 0.0012631578947368421, 0.0008421052631578948, 0.0, 0.0], [0.0, 0.0, 8.805142203046579e-05, 0.0, 8.805142203046579e-05, 0.00017610284406093158, 0.00035220568812186317, 0.0009685656423351237, 0.0019371312846702474, 0.005459188165888879, 0.010125913533503566, 0.01963546711279387, 0.03389979748172933, 0.047459716474421064, 0.06885621202782424, 0.08558598221361274, 0.11173725455666109, 0.08875583340670952, 0.2288456458571806, 0.09113322180153209, 0.05969886413665581, 0.07783745707493175, 0.02324557541604297, 0.008629039358985648, 0.022012855507616447, 0.006075548120102139, 0.0027295940829444396, 0.0015849255965483843, 0.0015849255965483843, 0.0014968741745179184, 0.0, 0.0, 0.0], [0.0, 0.0, 0.0, 0.0, 0.0, 0.00011661807580174928, 0.0006997084548104956, 0.0005830903790087463, 0.002215743440233236, 0.00478134110787172, 0.00793002915451895, 0.018542274052478134, 0.0312536443148688, 0.05492711370262391, 0.08478134110787172, 0.12291545189504373, 0.17177842565597667, 0.12361516034985423, 0.200466472303207, 0.06868804664723033, 0.03661807580174927, 0.044897959183673466, 0.010845481049562683, 0.003965014577259475, 0.0058309037900874635, 0.0011661807580174927, 0.0011661807580174927, 0.0015160349854227405, 0.0006997084548104956, 0.0, 0.0, 0.0, 0.0], [0.0, 0.00392156862745098, 0.0, 0.00392156862745098, 0.00392156862745098, 0.0196078431372549, 0.027450980392156862, 0.0196078431372549, 0.06666666666666667, 0.03529411764705882, 0.054901960784313725, 0.06666666666666667, 0.06666666666666667, 0.11372549019607843, 0.11372549019607843, 0.12549019607843137, 0.09019607843137255, 0.06666666666666667, 0.043137254901960784, 0.01568627450980392, 0.011764705882352941, 0.023529411764705882, 0.011764705882352941, 0.01568627450980392, 0.0, 0.0, 0.0, 0.0, 0.0, 0.0, 0.0, 0.0, 0.0]]}, "ranks": {"labels": ["Unranked", "Combatatent I", "Combatatent II", "Challenger I", "Challenger II", "Rival I", "Rival II", "Duelist", "Elite"], "data": [[0.1157556270096463, 0.14469453376205788, 0.20257234726688103, 0.21864951768488747, 0.15434083601286175, 0.08360128617363344, 0.04823151125401929, 0.01929260450160772, 0.012861736334405145], [0.05024711696869852, 0.07701812191103789, 0.13838550247116968, 0.22199341021416805, 0.23640856672158156, 0.18533772652388797, 0.04695222405271829, 0.03130148270181219, 0.012355848434925865], [0.009885118888592039, 0.019770237777184077, 0.04808976756612343, 0.11234304034197168, 0.21520170985840234, 0.3153887256211595, 0.0976489446967673, 0.12770504942559444, 0.053967405824205186], [0.020333170014698677, 0.03588926996570309, 0.08439490445859872, 0.17136207741303283, 0.26825085742283195, 0.23664870161685447, 0.08843704066634003, 0.07802547770700637, 0.016658500734933857], [0.14035087719298245, 0.12280701754385964, 0.17543859649122806, 0.18421052631578946, 0.09649122807017543, 0.14912280701754385, 0.05263157894736842, 0.07894736842105263, 0.0], [0.010550400406762426, 0.02860048303038007, 0.08770814795983221, 0.19613575695945087, 0.26630227532731665, 0.2068132706241261, 0.07550527520020338, 0.08948773357061142, 0.03889665692131689], [0.06363876419329284, 0.08581991021917085, 0.1534195933456562, 0.2326379720095062, 0.20702402957486138, 0.13414312120411936, 0.04304198574069184, 0.04726696593609717, 0.03300765777660417], [0.2633333333333333, 0.19, 0.19333333333333333, 0.14333333333333334, 0.1, 0.04, 0.03, 0.04, 0.0], [0.03971588635454182, 0.0820328131252501, 0.13185274109643857, 0.19707883153261305, 0.23239295718287314, 0.14105642256902762, 0.06722689075630252, 0.07172869147659064, 0.03691476590636254], [0.007751937984496124, 0.012919896640826873, 0.03322259136212625, 0.1037283130306386, 0.15909929863418235, 0.22702104097452935, 0.12661498708010335, 0.19748984865263935, 0.13215208564045774], [0.04120700843608047, 0.06489292667099286, 0.13205710577547047, 0.20408825438027256, 0.23166774821544453, 0.17975340687865024, 0.06229720960415315, 0.06132381570408826, 0.0227125243348475], [0.054445462878093494, 0.11420714940421632, 0.18661778185151237, 0.2648945921173236, 0.20256645279560037, 0.09807516040329972, 0.0386801099908341, 0.03171402383134739, 0.008799266727772686], [0.024251805985552117, 0.06123151014791882, 0.11747506019951841, 0.217578259373925, 0.24681802545579634, 0.1873065015479876, 0.06587547299621603, 0.057447540419676646, 0.022015823873409012], [0.02257515598411798, 0.04798638684061259, 0.08667044809982984, 0.17708451503119682, 0.25127623369256946, 0.21020986954055587, 0.08803176403857062, 0.08440158820192853, 0.03176403857061826], [0.010765270301895623, 0.03112567282939387, 0.08799438333723379, 0.1750526562134332, 0.2651532880879944, 0.21881582026679147, 0.0901006318745612, 0.0898666042593026, 0.03112567282939387], [0.03251028806584362, 0.05102880658436214, 0.10493827160493827, 0.18477366255144034, 0.2382716049382716, 0.1699588477366255, 0.08353909465020576, 0.08888888888888889, 0.04609053497942387], [0.028287292817679558, 0.061878453038674036, 0.14651933701657457, 0.23093922651933702, 0.22939226519337017, 0.15779005524861878, 0.05546961325966851, 0.06276243093922652, 0.02696132596685083], [0.01977729765663952, 0.04753199268738574, 0.11035399700847598, 0.2187136446734253, 0.24198105368123649, 0.21306298820009972, 0.061492438092072464, 0.06282200432109024, 0.02426458367957454], [0.0990990990990991, 0.07207207207207207, 0.10810810810810811, 0.17117117117117117, 0.2072072072072072, 0.08108108108108109, 0.0990990990990991, 0.07207207207207207, 0.09009009009009009], [0.012745681953543775, 0.028469326980345443, 0.08016676593210244, 0.2039309112567004, 0.2999404407385348, 0.1878499106611078, 0.08338296605122096, 0.08088147706968433, 0.022632519356759976], [0.008074534161490683, 0.01847826086956522, 0.04798136645962733, 0.12313664596273292, 0.23975155279503105, 0.24937888198757763, 0.11785714285714285, 0.13959627329192548, 0.05574534161490683], [0.015375090289959757, 0.03209163141058714, 0.06108760705809514, 0.13651841915179033, 0.24280260035084097, 0.2514704364874626, 0.11185636157259313, 0.11567433701372408, 0.03312351666494686], [0.021996615905245348, 0.04230118443316413, 0.12859560067681894, 0.23011844331641285, 0.2876480541455161, 0.20135363790186125, 0.050761421319796954, 0.0338409475465313, 0.00338409475465313], [0.009087791495198902, 0.02409122085048011, 0.05958504801097394, 0.12131344307270234, 0.19530178326474623, 0.27400548696844995, 0.113940329218107, 0.1598079561042524, 0.042866941015089165], [0.010823278921220723, 0.035042583392476935, 0.10592618878637332, 0.2264017033356991, 0.3224804826117814, 0.19180269694819022, 0.057931156848828956, 0.04098651525904897, 0.008605393896380412], [0.014060809998798222, 0.03328926811681288, 0.07559187597644514, 0.19096262468453312, 0.2875856267275568, 0.21055161639226055, 0.08664823939430356, 0.083283259223651, 0.018026679485638745], [0.007072748267898383, 0.0246824480369515, 0.07361431870669746, 0.1889434180138568, 0.24566974595842955, 0.2370092378752887, 0.07881062355658199, 0.09815242494226328, 0.046045034642032336], [0.06410720753350235, 0.0919956537486418, 0.14270191959434989, 0.2252806954002173, 0.19594349873234335, 0.16986599058312205, 0.044549076421586384, 0.04672220210068816, 0.018833755885548715], [0.046975546975546977, 0.059845559845559844, 0.10682110682110682, 0.19176319176319176, 0.24903474903474904, 0.2059202059202059, 0.055984555984555984, 0.059845559845559844, 0.023809523809523808], [0.031379853847256056, 0.0703539188995558, 0.1382719587333429, 0.2669436882074796, 0.23298466829058603, 0.14744232698094284, 0.045851841237999715, 0.04972059034245594, 0.017051153460381142], [0.01828471919895516, 0.038746190683500215, 0.08249891162385721, 0.17762298650413583, 0.21767522855899, 0.20613844144536353, 0.08728776665215499, 0.10579016107966914, 0.06595559425337397], [0.014768359295974105, 0.04430507788792232, 0.10843617236496055, 0.21262391260368196, 0.25085980173983413, 0.2043293546429294, 0.0710095083957111, 0.06939105806190572, 0.02427675500708072], [0.019448737764039156, 0.05319422977846471, 0.1267387944358578, 0.2458784131890778, 0.28168469860896445, 0.15378670788253476, 0.062596599690881, 0.04636785162287481, 0.010303967027305513], [0.01787968026924695, 0.041438788388725285, 0.09991586032814471, 0.22044594026083297, 0.27240218763146823, 0.1800588977702987, 0.0734118636937316, 0.06604964240639462, 0.02839713925115692], [0.017598343685300208, 0.033126293995859216, 0.07738095238095238, 0.18478260869565216, 0.23835403726708074, 0.2277432712215321, 0.08333333333333333, 0.1027432712215321, 0.03493788819875776], [0.010526315789473684, 0.03607017543859649, 0.1128421052631579, 0.21403508771929824, 0.2415438596491228, 0.19550877192982455, 0.06821052631578947, 0.08070175438596491, 0.04056140350877193], [0.009069296469137976, 0.029761380646297436, 0.08135951395615039, 0.154442194241437, 0.20049308796337062, 0.27736197939596724, 0.10231575239940124, 0.10971207184996037, 0.03548472307827771], [0.008396501457725948, 0.026472303206997085, 0.08618075801749271, 0.20769679300291546, 0.2953935860058309, 0.23790087463556853, 0.06787172011661807, 0.05970845481049563, 0.010379008746355686], [0.1803921568627451, 0.12156862745098039, 0.1803921568627451, 0.23921568627450981, 0.1568627450980392, 0.047058823529411764, 0.023529411764705882, 0.050980392156862744, 0.0]]}, "ranksDetailed": {"labels": ["Unranked", "Combatatant", "Challenger", "Rival", "Duelist", "Elite"], "data": [[0.1157556270096463, 0.34726688102893893, 0.3729903536977492, 0.13183279742765272, 0.01929260450160772, 0.012861736334405145], [0.05024711696869852, 0.2154036243822076, 0.4584019769357496, 0.23228995057660626, 0.03130148270181219, 0.012355848434925865], [0.009885118888592039, 0.06786000534330751, 0.32754475020037405, 0.4130376703179268, 0.12770504942559444, 0.053967405824205186], [0.020333170014698677, 0.12028417442430181, 0.4396129348358648, 0.32508574228319453, 0.07802547770700637, 0.016658500734933857], [0.14035087719298245, 0.2982456140350877, 0.2807017543859649, 0.20175438596491227, 0.07894736842105263, 0.0], [0.010550400406762426, 0.11630863099021228, 0.4624380322867675, 0.28231854582432947, 0.08948773357061142, 0.03889665692131689], [0.06363876419329284, 0.23923950356482704, 0.4396620015843676, 0.17718510694481118, 0.04726696593609717, 0.03300765777660417], [0.2633333333333333, 0.38333333333333336, 0.24333333333333335, 0.07, 0.04, 0.0], [0.03971588635454182, 0.21388555422168867, 0.4294717887154862, 0.20828331332533012, 0.07172869147659064, 0.03691476590636254], [0.007751937984496124, 0.04614248800295312, 0.262827611664821, 0.3536360280546327, 0.19748984865263935, 0.13215208564045774], [0.04120700843608047, 0.19695003244646334, 0.43575600259571706, 0.24205061648280338, 0.06132381570408826, 0.0227125243348475], [0.054445462878093494, 0.3008249312557287, 0.4674610449129239, 0.13675527039413382, 0.03171402383134739, 0.008799266727772686], [0.024251805985552117, 0.17870657034743723, 0.46439628482972134, 0.25318197454420366, 0.057447540419676646, 0.022015823873409012], [0.02257515598411798, 0.13465683494044242, 0.4283607487237663, 0.2982416335791265, 0.08440158820192853, 0.03176403857061826], [0.010765270301895623, 0.11912005616662766, 0.44020594430142757, 0.30891645214135266, 0.0898666042593026, 0.03112567282939387], [0.03251028806584362, 0.15596707818930042, 0.42304526748971194, 0.25349794238683127, 0.08888888888888889, 0.04609053497942387], [0.028287292817679558, 0.2083977900552486, 0.4603314917127072, 0.2132596685082873, 0.06276243093922652, 0.02696132596685083], [0.01977729765663952, 0.15788598969586173, 0.4606946983546618, 0.27455542629217217, 0.06282200432109024, 0.02426458367957454], [0.0990990990990991, 0.18018018018018017, 0.3783783783783784, 0.18018018018018017, 0.07207207207207207, 0.09009009009009009], [0.012745681953543775, 0.10863609291244788, 0.5038713519952353, 0.27123287671232876, 0.08088147706968433, 0.022632519356759976], [0.008074534161490683, 0.06645962732919254, 0.36288819875776396, 0.3672360248447205, 0.13959627329192548, 0.05574534161490683], [0.015375090289959757, 0.09317923846868228, 0.3793210195026313, 0.36332679806005574, 0.11567433701372408, 0.03312351666494686], [0.021996615905245348, 0.17089678510998307, 0.5177664974619289, 0.2521150592216582, 0.0338409475465313, 0.00338409475465313], [0.009087791495198902, 0.08367626886145405, 0.31661522633744854, 0.38794581618655694, 0.1598079561042524, 0.042866941015089165], [0.010823278921220723, 0.14096877217885026, 0.5488821859474805, 0.24973385379701915, 0.04098651525904897, 0.008605393896380412], [0.014060809998798222, 0.10888114409325803, 0.4785482514120899, 0.2971998557865641, 0.083283259223651, 0.018026679485638745], [0.007072748267898383, 0.09829676674364896, 0.4346131639722864, 0.3158198614318707, 0.09815242494226328, 0.046045034642032336], [0.06410720753350235, 0.23469757334299168, 0.4212241941325607, 0.21441506700470844, 0.04672220210068816, 0.018833755885548715], [0.046975546975546977, 0.16666666666666666, 0.4407979407979408, 0.2619047619047619, 0.059845559845559844, 0.023809523809523808], [0.031379853847256056, 0.2086258776328987, 0.4999283564980656, 0.19329416821894255, 0.04972059034245594, 0.017051153460381142], [0.01828471919895516, 0.12124510230735742, 0.3952982150631258, 0.2934262080975185, 0.10579016107966914, 0.06595559425337397], [0.014768359295974105, 0.15274125025288288, 0.4634837143435161, 0.2753388630386405, 0.06939105806190572, 0.02427675500708072], [0.019448737764039156, 0.1799330242143225, 0.5275631117980423, 0.21638330757341576, 0.04636785162287481, 0.010303967027305513], [0.01787968026924695, 0.14135464871687, 0.4928481278923012, 0.2534707614640303, 0.06604964240639462, 0.02839713925115692], [0.017598343685300208, 0.1105072463768116, 0.4231366459627329, 0.3110766045548654, 0.1027432712215321, 0.03493788819875776], [0.010526315789473684, 0.14891228070175438, 0.45557894736842103, 0.263719298245614, 0.08070175438596491, 0.04056140350877193], [0.009069296469137976, 0.11112089460244783, 0.35493528220480763, 0.3796777317953685, 0.10971207184996037, 0.03548472307827771], [0.008396501457725948, 0.1126530612244898, 0.5030903790087463, 0.3057725947521866, 0.05970845481049563, 0.010379008746355686], [0.1803921568627451, 0.30196078431372547, 0.396078431372549, 0.07058823529411765, 0.050980392156862744, 0.0]]}}}, "eu": {"histType": {"histogram": {"labels": ["0", "100", "200", "300", "400", "500", "600", "700", "800", "900", "1000", "1100", "1200", "1300", "1400", "1500", "1600", "1700", "1800", "1900", "2000", "2100", "2200", "2300", "2400", "2500", "2600", "2700", "2800", "2900", "3000", "3100", "3200"], "data": [[0.0, 0.0, 0.004098360655737705, 0.0, 0.0, 0.00819672131147541, 0.01639344262295082, 0.01639344262295082, 0.040983606557377046, 0.045081967213114756, 0.06557377049180328, 0.06557377049180328, 0.06147540983606557, 0.11885245901639344, 0.14344262295081966, 0.11065573770491803, 0.0942622950819672, 0.0778688524590164, 0.040983606557377046, 0.028688524590163935, 0.012295081967213115, 0.020491803278688523, 0.004098360655737705, 0.004098360655737705, 0.01639344262295082, 0.004098360655737705, 0.0, 0.0, 0.0, 0.0, 0.0, 0.0, 0.0], [0.0, 0.0, 0.00044365572315882877, 0.0013309671694764862, 0.0008873114463176575, 0.003105590062111801, 0.0048802129547471165, 0.00709849157054126, 0.01730257320319432, 0.022182786157941437, 0.03194321206743567, 0.048802129547471165, 0.06388642413487133, 0.07630878438331855, 0.12067435669920142, 0.1126885536823425, 0.1512866015971606, 0.08606921029281278, 0.145075421472937, 0.04259094942324756, 0.02085181898846495, 0.021739130434782608, 0.005767524401064774, 0.0044365572315882874, 0.006654835847382431, 0.0013309671694764862, 0.0008873114463176575, 0.001774622892635315, 0.0, 0.0, 0.0, 0.0, 0.0], [0.0, 0.0, 0.0, 0.000140331181588549, 0.000140331181588549, 0.000140331181588549, 0.000280662363177098, 0.0012629806342969408, 0.0026662924501824306, 0.0037889419028908225, 0.008700533258490037, 0.014033118158854897, 0.019786696603985406, 0.02638226213864721, 0.04532697165310132, 0.0627280381700814, 0.1251754139769857, 0.10089811956216671, 0.2590513612124614, 0.08714566376648891, 0.0632893628964356, 0.0822340724108897, 0.029329216952006736, 0.014313780522031996, 0.029750210496772383, 0.010384507437552624, 0.005332584900364861, 0.0028066236317709796, 0.0016839741790625876, 0.0016839741790625876, 0.0015436429974740387, 0.0, 0.0], [0.0, 0.0, 0.0, 0.00011719207781553967, 0.00011719207781553967, 0.00023438415563107934, 0.0008203445447087777, 0.002461033634126333, 0.00351576233446619, 0.007969061291456697, 0.016055314660728934, 0.02414156803000117, 0.032696589710535566, 0.04465018164772062, 0.07160435954529473, 0.09598031173092698, 0.15363881401617252, 0.1167233095042775, 0.200867221375835, 0.08109691784835345, 0.05203328255009961, 0.05695534981835228, 0.014766201804757998, 0.006679948435485761, 0.010195710769951951, 0.003281378178835111, 0.001054728700339857, 0.000351576233446619, 0.001054728700339857, 0.0008203445447087777, 0.00011719207781553967, 0.0, 0.0], [0.0, 0.0, 0.0, 0.0, 0.0, 0.018018018018018018, 0.02702702702702703, 0.04504504504504504, 0.04504504504504504, 0.02702702702702703, 0.07207207207207207, 0.09009009009009009, 0.036036036036036036, 0.02702702702702703, 0.08108108108108109, 0.14414414414414414, 0.06306306306306306, 0.0990990990990991, 0.06306306306306306, 0.05405405405405406, 0.04504504504504504, 0.0, 0.018018018018018018, 0.009009009009009009, 0.02702702702702703, 0.009009009009009009, 0.0, 0.0, 0.0, 0.0, 0.0, 0.0, 0.0], [0.0, 0.00012846865364850977, 0.00012846865364850977, 0.00025693730729701953, 0.00038540596094552927, 0.00012846865364850977, 0.00038540596094552927, 0.001541623843782117, 0.0029547790339157247, 0.006038026721479959, 0.011048304213771839, 0.01901