{"region": {"us": {"histType": {"histogram": {"labels": ["0", "100", "200", "300", "400", "500", "600", "700", "800", "900", "1000", "1100", "1200", "1300", "1400", "1500", "1600", "1700", "1800", "1900", "2000", "2100", "2200", "2300", "2400", "2500", "2600", "2700", "2800", "2900", "3000", "3100", "3200"], "data": [[0.0, 0.0, 0.0027739251040221915, 0.005547850208044383, 0.004160887656033287, 0.006934812760055479, 0.012482662968099861, 0.013869625520110958, 0.036061026352288486, 0.04854368932038835, 0.08183079056865465, 0.10124826629680998, 0.11789181692094314, 0.13314840499306518, 0.1317614424410541, 0.09847434119278779, 0.06657420249653259, 0.04299583911234397, 0.04576976421636616, 0.018030513176144243, 0.013869625520110958, 0.008321775312066574, 0.004160887656033287, 0.005547850208044383, 0.0, 0.0, 0.0, 0.0, 0.0, 0.0, 0.0, 0.0, 0.0], [0.0, 0.000250689395838556, 0.000250689395838556, 0.000250689395838556, 0.001002757583354224, 0.002256204562547004, 0.004763098520932565, 0.00952619704186513, 0.015542742541990473, 0.02857859112559539, 0.03810478816746052, 0.05490097768864377, 0.08197543243920782, 0.09425921283529706, 0.13035848583604914, 0.13587365254449738, 0.1441464026071697, 0.08347956881423915, 0.10428678866883931, 0.033843068438205066, 0.017297568312860365, 0.006768613687641012, 0.004011030333416896, 0.0027575833542241163, 0.0017548257708698922, 0.0017548257708698922, 0.001002757583354224, 0.001002757583354224, 0.0, 0.0, 0.0, 0.0, 0.0], [0.00011823126034523528, 0.0, 0.0, 0.00023646252069047056, 0.00023646252069047056, 0.00023646252069047056, 0.00023646252069047056, 0.0005911563017261764, 0.002482856467249941, 0.003428706550011823, 0.005202175455190352, 0.0072121068810593525, 0.012059588555214, 0.019153464175928114, 0.02530148971388035, 0.03889808465358241, 0.08796405769685504, 0.16174036415228185, 0.36805391345471744, 0.08701820761409317, 0.05237644833293923, 0.0610073303381414, 0.023646252069047056, 0.009694963348309294, 0.019744620477654292, 0.00626625679829747, 0.0023646252069047056, 0.004138094112083235, 0.00011823126034523528, 0.0004729250413809411, 0.0, 0.0, 0.0], [0.0, 0.0, 0.0, 0.0, 0.00011538017768547363, 0.0, 0.0008076612437983154, 0.0017307026652821046, 0.004730587285104419, 0.007845852082612207, 0.011653397946232838, 0.01303796007845852, 0.02596053997923157, 0.029075804776739357, 0.042459905388254296, 0.05157493942540672, 0.07153571016499366, 0.04349832698742356, 0.2664128302757586, 0.15357101649936541, 0.08941963770624206, 0.09703472943348333, 0.032191069574247146, 0.013499480789200415, 0.027691242644513673, 0.006692050305757471, 0.004730587285104419, 0.001961463020653052, 0.0027691242644513675, 0.0, 0.0, 0.0, 0.0], [0.0, 0.0, 0.0, 0.0, 0.010309278350515464, 0.005154639175257732, 0.030927835051546393, 0.02577319587628866, 0.05670103092783505, 0.05154639175257732, 0.07216494845360824, 0.09278350515463918, 0.10309278350515463, 0.11855670103092783, 0.09278350515463918, 0.10309278350515463, 0.07731958762886598, 0.030927835051546393, 0.061855670103092786, 0.02577319587628866, 0.03608247422680412, 0.005154639175257732, 0.0, 0.0, 0.0, 0.0, 0.0, 0.0, 0.0, 0.0, 0.0, 0.0, 0.0], [0.0, 0.0, 0.0, 0.0, 0.0, 0.0, 0.0, 0.001358695652173913, 0.001254180602006689, 0.004703177257525084, 0.007107023411371237, 0.011496655518394648, 0.021425585284280936, 0.06741220735785954, 0.12061036789297659, 0.14830685618729098, 0.1778846153846154, 0.11057692307692307, 0.1496655518394649, 0.056856187290969896, 0.033758361204013376, 0.0399247491638796, 0.015781772575250836, 0.008152173913043478, 0.01254180602006689, 0.004703177257525084, 0.002926421404682274, 0.001463210702341137, 0.001463210702341137, 0.0006270903010033445, 0.0, 0.0, 0.0], [0.0, 0.0, 0.0004014452027298274, 0.0022079486150140505, 0.0016057808109193096, 0.0034122842232035327, 0.007025291047771979, 0.012645523885989562, 0.018867924528301886, 0.035527900441589724, 0.049779205138498595, 0.06844640706543557, 0.09353673223604977, 0.11240465676435167, 0.12183861902850261, 0.12043356081894821, 0.11983139301485347, 0.06704134885588117, 0.07286230429546367, 0.02890405459654757, 0.017663588920112404, 0.015857085507828182, 0.00923323966278603, 0.004817342432757929, 0.006222400642312324, 0.004014452027298274, 0.0024086712163789645, 0.0014050582095543958, 0.0010036130068245685, 0.0002007226013649137, 0.0004014452027298274, 0.0, 0.0], [0.0026954177897574125, 0.0026954177897574125, 0.0, 0.008086253369272238, 0.005390835579514825, 0.018867924528301886, 0.013477088948787063, 0.03773584905660377, 0.05660377358490566, 0.12398921832884097, 0.11590296495956873, 0.1293800539083558, 0.09973045822102426, 0.1105121293800539, 0.07008086253369272, 0.07008086253369272, 0.05121293800539083, 0.013477088948787063, 0.02425876010781671, 0.03234501347708895, 0.01078167115902965, 0.0026954177897574125, 0.0, 0.0, 0.0, 0.0, 0.0, 0.0, 0.0, 0.0, 0.0, 0.0, 0.0], [0.00021003990758244065, 0.00021003990758244065, 0.0005250997689561017, 0.000315059861373661, 0.0005250997689561017, 0.001260239445494644, 0.001575299306868305, 0.004305818105440034, 0.007561436672967864, 0.01627809283763915, 0.02572988867884898, 0.03444654484352027, 0.04158790170132325, 0.04620877966813695, 0.05860113421550094, 0.06679269061121614, 0.20268851081705525, 0.1322201218231464, 0.14492753623188406, 0.0645872715816005, 0.042953161100609115, 0.042428061331653014, 0.021739130434782608, 0.013232514177693762, 0.018273471959672338, 0.005040957781978576, 0.0024154589371980675, 0.0029405587061541692, 0.0004200798151648813, 0.0, 0.0, 0.0, 0.0], [0.0, 0.0, 0.0, 0.0, 0.0003894080996884735, 0.000778816199376947, 0.0011682242990654205, 0.001557632398753894, 0.002336448598130841, 0.009345794392523364, 0.012850467289719626, 0.015965732087227413, 0.02219626168224299, 0.037383177570093455, 0.06191588785046729, 0.0778816199376947, 0.10397196261682243, 0.08878504672897196, 0.17718068535825546, 0.06931464174454828, 0.07359813084112149, 0.09735202492211838, 0.04322429906542056, 0.01674454828660436, 0.047118380062305294, 0.014018691588785047, 0.012461059190031152, 0.008566978193146417, 0.0027258566978193145, 0.0011682242990654205, 0.0, 0.0, 0.0], [0.0, 0.0, 0.00017587055926837847, 0.0, 0.0008793527963418924, 0.0005276116778051355, 0.0014069644741470278, 0.004396763981709462, 0.008441786844882167, 0.014597256419275414, 0.021280337671473797, 0.02989799507562434, 0.05346465001758706, 0.06436862469222653, 0.10112557157931762, 0.12539570875835385, 0.15318325712275765, 0.0963770664790714, 0.14368624692226523, 0.0620823074217376, 0.037284558564896236, 0.03746042912416461, 0.01283855082659163, 0.008265916285613788, 0.013366162504396765, 0.003341540626099191, 0.0028139289482940555, 0.0014069644741470278, 0.0019345761519521632, 0.0, 0.0, 0.0, 0.0], [0.0, 0.0, 0.00041946308724832214, 0.00041946308724832214, 0.0005592841163310962, 0.003215883668903803, 0.006152125279642058, 0.012304250559284116, 0.021252796420581657, 0.035794183445190156, 0.0587248322147651, 0.0738255033557047, 0.0964765100671141, 0.1185682326621924, 0.13828299776286354, 0.12248322147651007, 0.10472595078299776, 0.06096196868008948, 0.06263982102908278, 0.02726510067114094, 0.018176733780760627, 0.01552013422818792, 0.007969798657718121, 0.0041946308724832215, 0.0037751677852348995, 0.003495525727069351, 0.0013982102908277406, 0.0002796420581655481, 0.0011185682326621924, 0.0, 0.0, 0.0, 0.0], [0.0, 0.0, 0.0, 0.0, 0.00012642225031605562, 0.0005056890012642225, 0.0016434892541087231, 0.00202275600505689, 0.004551201011378002, 0.005309734513274336, 0.013400758533501896, 0.019469026548672566, 0.027939317319848292, 0.033628318584070796, 0.04841972187104931, 0.045006321112515804, 0.22402022756005058, 0.15398230088495576, 0.21403286978508218, 0.07509481668773704, 0.03969658659924147, 0.04222503160556258, 0.016055625790139066, 0.010619469026548672, 0.013527180783817951, 0.0037926675094816687, 0.0018963337547408343, 0.001011378002528445, 0.00202275600505689, 0.0, 0.0, 0.0, 0.0], [0.0002042483660130719, 0.0, 0.0, 0.00010212418300653595, 0.00010212418300653595, 0.00030637254901960784, 0.0012254901960784314, 0.0016339869281045752, 0.004187091503267974, 0.009906045751633986, 0.016033496732026142, 0.019097222222222224, 0.025633169934640522, 0.06331699346405228, 0.13980800653594772, 0.1474673202614379, 0.1698325163398693, 0.10988562091503268, 0.13633578431372548, 0.05473856209150327, 0.030943627450980393, 0.03257761437908497, 0.012561274509803922, 0.005923202614379085, 0.009497549019607842, 0.0031658496732026144, 0.002144607843137255, 0.002144607843137255, 0.0005106209150326798, 0.0006127450980392157, 0.00010212418300653595, 0.0, 0.0], [0.0, 0.0, 0.0, 0.00017844396859386153, 0.0005353319057815846, 0.00017844396859386153, 0.0012491077801570307, 0.0017844396859386152, 0.0039257673090649535, 0.006780870806566738, 0.014275517487508922, 0.024982155603140613, 0.043718772305496076, 0.06548893647394718, 0.09528907922912205, 0.11705924339757316, 0.1586366880799429, 0.11759457530335475, 0.15310492505353318, 0.0704853675945753, 0.04425410421127766, 0.03747323340471092, 0.015881513204853676, 0.006423982869379015, 0.010706638115631691, 0.004461099214846539, 0.0028551034975017845, 0.0008922198429693076, 0.0008922198429693076, 0.0008922198429693076, 0.0, 0.0, 0.0], [0.0, 0.0, 0.0002473410833539451, 0.0002473410833539451, 0.0017313875834776156, 0.003215434083601286, 0.0014840465001236705, 0.005441503833786792, 0.011377689834281474, 0.0175612169181301, 0.030670294335889192, 0.04724214692060351, 0.0657927281721494, 0.09225822409102152, 0.11476626267623052, 0.12886470442740539, 0.130596092010883, 0.09621568142468465, 0.10215186742517932, 0.045510759337125894, 0.02918624783576552, 0.030917635419243136, 0.01409844175117487, 0.006678209250556517, 0.012367054167697254, 0.005441503833786792, 0.002226069750185506, 0.002720751916893396, 0.0007420232500618352, 0.0002473410833539451, 0.0, 0.0, 0.0], [0.00018294914013904133, 0.0, 0.0005488474204171241, 0.0012806439809732895, 0.0005488474204171241, 0.0014635931211123307, 0.0034760336626417855, 0.006952067325283571, 0.011891694109037688, 0.019758507135016465, 0.031650201244054155, 0.05214050493962678, 0.07427735089645078, 0.10153677277716795, 0.12385656787413099, 0.12861324551774606, 0.13574826198316867, 0.0792169776802049, 0.11306256860592755, 0.04079765825100622, 0.023783388218075376, 0.022685693377241127, 0.010428100987925357, 0.004756677643615075, 0.005305525064032199, 0.0018294914013904135, 0.0010976948408342481, 0.0014635931211123307, 0.0012806439809732895, 0.00036589828027808267, 0.0, 0.0, 0.0], [0.0, 0.0, 0.00012420817289777666, 0.0002484163457955533, 0.00037262451869333004, 0.00012420817289777666, 0.0008694572102844367, 0.0018631225934666502, 0.0027325798037510867, 0.0063346168177866105, 0.012296609116879891, 0.01453235622903987, 0.02757421438330642, 0.03403303937399081, 0.14557197863619425, 0.1566265060240964, 0.17389144205688734, 0.11240839647248789, 0.17550614830455843, 0.047571730219848465, 0.02546267544404422, 0.028940504285181964, 0.010185070177617687, 0.0063346168177866105, 0.008694572102844368, 0.003105204322444417, 0.0012420817289777667, 0.0009936653831822133, 0.0018631225934666502, 0.0004968326915911067, 0.0, 0.0, 0.0], [0.0, 0.0, 0.0, 0.006211180124223602, 0.006211180124223602, 0.006211180124223602, 0.0, 0.018633540372670808, 0.049689440993788817, 0.09316770186335403, 0.062111801242236024, 0.08074534161490683, 0.07453416149068323, 0.062111801242236024, 0.043478260869565216, 0.12422360248447205, 0.08695652173913043, 0.08695652173913043, 0.037267080745341616, 0.043478260869565216, 0.049689440993788817, 0.012422360248447204, 0.031055900621118012, 0.0, 0.006211180124223602, 0.006211180124223602, 0.0, 0.012422360248447204, 0.0, 0.0, 0.0, 0.0, 0.0], [0.00022004620970403785, 0.00011002310485201893, 0.0, 0.0, 0.0, 0.00011002310485201893, 0.00022004620970403785, 0.0009902079436681704, 0.0024205083067444164, 0.004510947298932776, 0.007481571129937287, 0.010122125646385741, 0.022114644075255804, 0.029926284519749147, 0.051600836175596874, 0.15997359445483553, 0.2260974804708989, 0.1488612608647816, 0.15447243921223458, 0.06524370117724722, 0.03795797117394653, 0.03751787875453845, 0.013642865001650347, 0.0068214325008251735, 0.011002310485201892, 0.003960831774672682, 0.0018703927824843217, 0.0022004620970403786, 0.0005501155242600946, 0.0, 0.0, 0.0, 0.0], [0.0, 0.0, 0.0, 0.00011892020454275182, 0.0, 0.00011892020454275182, 0.0009513616363420145, 0.00035676061362825543, 0.0011892020454275182, 0.0022594838863122845, 0.004518967772624569, 0.006659531454394102, 0.011416339636104174, 0.016173147817814246, 0.027827327863003924, 0.10286597692948032, 0.18789392317754786, 0.15138542038292305, 0.21203472469972648, 0.09240099892971816, 0.0589844214532049, 0.05803305981686289, 0.02033535497681056, 0.011059579022475919, 0.019502913545011297, 0.007254132477107861, 0.0034486859317398024, 0.0009513616363420145, 0.0015459626590557736, 0.00023784040908550363, 0.00047568081817100726, 0.0, 0.0], [0.00019519812609798947, 9.759906304899473e-05, 0.0, 0.00019519812609798947, 0.00019519812609798947, 0.0005855943782939684, 0.0007807925043919579, 0.0018543821979308999, 0.002927971891469842, 0.0055631465937927, 0.010052703494046458, 0.013371071637712279, 0.017567831348819053, 0.02459496388834667, 0.03396447394105016, 0.14034745266445442, 0.16777278938122195, 0.13927386297091549, 0.1890493851259028, 0.08549677923091939, 0.05123950810072223, 0.057876244388053874, 0.021959789186023815, 0.011516689439781378, 0.014835057583447199, 0.004489556900253757, 0.0023423775131758734, 0.001463985945734921, 0.00039039625219597894, 0.0, 0.0, 0.0, 0.0], [0.0, 0.0, 0.0, 0.0014347202295552368, 0.0014347202295552368, 0.0, 0.0, 0.007173601147776184, 0.007173601147776184, 0.005738880918220947, 0.01291248206599713, 0.02582496413199426, 0.043041606886657105, 0.08608321377331421, 0.12195121951219512, 0.17360114777618366, 0.17360114777618366, 0.12338593974175036, 0.12338593974175036, 0.04878048780487805, 0.02295552367288379, 0.01291248206599713, 0.0014347202295552368, 0.007173601147776184, 0.0, 0.0, 0.0, 0.0, 0.0, 0.0, 0.0, 0.0, 0.0], [0.0, 0.0, 0.0, 9.034239768723462e-05, 0.0, 9.034239768723462e-05, 0.00027102719306170385, 0.000722739181497877, 0.001626163158370223, 0.004878489475110669, 0.007317734212666004, 0.012467250880838377, 0.021320805854187372, 0.027644773692293793, 0.04083476375463005, 0.04869455235341946, 0.08790315294967928, 0.16686240852832235, 0.2835847863402295, 0.09684705032071551, 0.05863221609901527, 0.07670069563646219, 0.020417381877315025, 0.010208690938657512, 0.020236697081940553, 0.005330201463546843, 0.002529587135242569, 0.0023489023398681, 0.0022585599421808653, 0.00018068479537446924, 0.0, 0.0, 0.0], [9.859016070196194e-05, 9.859016070196194e-05, 9.859016070196194e-05, 0.0, 0.00039436064280784776, 0.00039436064280784776, 0.0002957704821058858, 0.0009859016070196194, 0.0010844917677215813, 0.005225278517203983, 0.009563245588090309, 0.019027901015478656, 0.032731933353051364, 0.0445627526372868, 0.06516809622399684, 0.07709750566893424, 0.09681553780932663, 0.20723651779552402, 0.22961648427486936, 0.09149166913142068, 0.04574583456571034, 0.04160504781622794, 0.01468993394459233, 0.006309770284925564, 0.004140786749482402, 0.001774622892635315, 0.003352065463866706, 0.00039436064280784776, 0.0, 0.0, 0.0, 0.0, 0.0], [0.0, 0.00010444955086693127, 0.0, 0.00010444955086693127, 0.00010444955086693127, 0.0005222477543346564, 0.0007311468560685189, 0.0016711928138709003, 0.002297890119072488, 0.004491330687278044, 0.008355964069354502, 0.013682891163567997, 0.049404637560058494, 0.08199289743054104, 0.11092542302068101, 0.13975349905995404, 0.1586588677668686, 0.11635679966576144, 0.1386045540004178, 0.06569876749529976, 0.03989972843116774, 0.034050553582619596, 0.015040735324838104, 0.006475872153749739, 0.005849174848548151, 0.0025067892208063504, 0.0012533946104031752, 0.0014622937121370379, 0.0, 0.0, 0.0, 0.0, 0.0], [0.0, 0.0, 0.0, 0.0, 0.0002352387673488591, 0.0, 0.0008233356857210068, 0.002352387673488591, 0.004822394730651611, 0.0077628793225123505, 0.016349094330745707, 0.025052928722653495, 0.04187250058809692, 0.06657257115972712, 0.10291696071512585, 0.1258527405316396, 0.1529051987767584, 0.09809456598447425, 0.16713714420136438, 0.05986826629028464, 0.0374029640084686, 0.03916725476358504, 0.016466713714420135, 0.006586685485768054, 0.012702893436838392, 0.0050576334980004705, 0.0039990590449306045, 0.00258762644083745, 0.0019995295224653022, 0.0004704775346977182, 0.0009409550693954364, 0.0, 0.0], [0.0, 0.00017152658662092623, 0.00017152658662092623, 0.00034305317324185246, 0.0010291595197255575, 0.0010291595197255575, 0.0017152658662092624, 0.002572898799313894, 0.005660377358490566, 0.01783876500857633, 0.04219554030874786, 0.05934819897084048, 0.07873070325900515, 0.10411663807890223, 0.12590051457975987, 0.11818181818181818, 0.1463121783876501, 0.07804459691252144, 0.11543739279588336, 0.02967409948542024, 0.02384219554030875, 0.020926243567753, 0.008404802744425385, 0.0044596912521440825, 0.007547169811320755, 0.002058319039451115, 0.002058319039451115, 0.00034305317324185246, 0.0010291595197255575, 0.0008576329331046312, 0.0, 0.0, 0.0], [0.0, 0.0, 0.0, 0.0007242877836793819, 0.0009657170449058426, 0.0021728633510381457, 0.00386286817962337, 0.007001448575567359, 0.013520038628681796, 0.01521004345726702, 0.02631578947368421, 0.04273297923708354, 0.05408015451472718, 0.08208594881699662, 0.12361178174794785, 0.1313375181071946, 0.1496861419604056, 0.0963302752293578, 0.10985031385803959, 0.04852728150651859, 0.027764365041042974, 0.02245292129406084, 0.012312892322549493, 0.009415741187831965, 0.008450024142926123, 0.0031385803959439883, 0.002655721873491067, 0.003380009657170449, 0.0014485755673587638, 0.0009657170449058426, 0.0, 0.0, 0.0], [0.00022338880822070814, 0.0, 0.0, 0.0, 0.0004467776164414163, 0.0004467776164414163, 0.0016754160616553112, 0.0034625265274209763, 0.004914553780855579, 0.009494024349380096, 0.017424327041215236, 0.04121523511672065, 0.08466435831564839, 0.11962470680218922, 0.1471015302133363, 0.15067575114486764, 0.1383893666927287, 0.080755054171786, 0.09572210432257344, 0.03417848765776835, 0.020775159164525856, 0.02412599128783648, 0.008935552328828325, 0.004579470568524517, 0.007148441863062661, 0.0022338880822070813, 0.0005584720205517703, 0.0008935552328828326, 0.00011169440411035407, 0.00022338880822070814, 0.0, 0.0, 0.0], [0.0, 0.0, 0.0, 0.0002813731007315701, 0.00014068655036578504, 0.00014068655036578504, 0.0014068655036578502, 0.0004220596510973551, 0.0021102982554867754, 0.004642656162070906, 0.007737760270118177, 0.009285312324141813, 0.014631401238041642, 0.06148002250984806, 0.11437816544738323, 0.13871693866066404, 0.1729037703995498, 0.11100168823860439, 0.16685424873382104, 0.05908835115362971, 0.0375633089476646, 0.04079909960607766, 0.01871131119864941, 0.007878446820483961, 0.014912774338773213, 0.004924029262802476, 0.005064715813168261, 0.0022509848058525606, 0.0018289251547552053, 0.0005627462014631402, 0.0002813731007315701, 0.0, 0.0], [0.0, 0.0, 0.0001719986240110079, 0.0003439972480220158, 0.0010319917440660474, 0.0013759889920880633, 0.002235982112143103, 0.0046439628482972135, 0.007739938080495356, 0.01823185414516684, 0.03027175782593739, 0.04162366701066392, 0.06793945648434813, 0.0913312693498452, 0.11713106295149639, 0.13192294461644308, 0.1458548331613347, 0.08943928448572411, 0.12418300653594772, 0.044719642242862054, 0.02717578259373925, 0.021843825249398006, 0.010319917440660475, 0.004471964224286206, 0.005675954592363261, 0.0012039903680770554, 0.002407980736154111, 0.003955968352253182, 0.0025799793601651187, 0.0001719986240110079, 0.0, 0.0, 0.0], [0.000116795141322121, 0.0, 0.0, 0.0, 0.000116795141322121, 0.001051156271899089, 0.000700770847932726, 0.00233590282644242, 0.002803083391730904, 0.005722961924783929, 0.0138986218173324, 0.021723896285914507, 0.03538892782060266, 0.04239663629992992, 0.058981546367671105, 0.11667834618079888, 0.20953048353188508, 0.14973137117495913, 0.16012613875262788, 0.07136183134781593, 0.0444989488437281, 0.033169820135482364, 0.013665031534688158, 0.005489371642139687, 0.005606166783461808, 0.001985517402476057, 0.00233590282644242, 0.000467180565288484, 0.000116795141322121, 0.0, 0.0, 0.0, 0.0], [0.0, 0.0, 0.0, 0.00014688601645123384, 0.00014688601645123384, 0.00044065804935370154, 0.0005875440658049354, 0.0016157461809635722, 0.0026439482961222094, 0.0057285546415981195, 0.02335487661574618, 0.03260869565217391, 0.06742068155111633, 0.09606345475910694, 0.13205052878965923, 0.14527027027027026, 0.1558460634547591, 0.10370152761457109, 0.11133960047003526, 0.04303760282021152, 0.026145710928319625, 0.02100470035252644, 0.009841363102232667, 0.004700352526439483, 0.008225616921269096, 0.0026439482961222094, 0.0026439482961222094, 0.0011750881316098707, 0.0014688601645123384, 0.0, 0.00014688601645123384, 0.0, 0.0], [0.0, 0.0, 0.0, 0.00015420200462606013, 0.0, 0.0006168080185042405, 0.0009252120277563608, 0.0009252120277563608, 0.002313030069390902, 0.0020046260601387818, 0.005242868157286045, 0.01094834232845027, 0.03993831919814957, 0.06383962991518889, 0.09190439475713184, 0.11734772552043177, 0.1555898226676947, 0.10979182729375482, 0.179491133384734, 0.07062451811873555, 0.04148033924441018, 0.046569005397070165, 0.02035466461063994, 0.01125674633770239, 0.015882806476484195, 0.006630686198920586, 0.0027756360832690823, 0.0007710100231303007, 0.002313030069390902, 0.00030840400925212025, 0.0, 0.0, 0.0], [0.0, 0.0, 0.00011544677903486493, 0.0, 0.00023089355806972986, 0.0003463403371045948, 0.0003463403371045948, 0.001269914569383514, 0.0011544677903486493, 0.0038097437081505425, 0.006695913184022166, 0.016047102285846226, 0.026899099515123526, 0.04502424382359732, 0.05552990071577003, 0.15839298083583467, 0.18113599630570307, 0.10967444008312167, 0.18125144308473792, 0.0645347494804895, 0.04363888247517894, 0.04006003232509813, 0.02366658970214731, 0.012006465019625953, 0.01639344262295082, 0.004502424382359732, 0.003117063033941353, 0.0021934888016624334, 0.0010390210113137843, 0.0009235742322789194, 0.0, 0.0, 0.0], [0.0, 0.0, 0.0, 0.0, 9.358914365933551e-05, 9.358914365933551e-05, 9.358914365933551e-05, 0.0008423022929340197, 0.0017781937295273749, 0.004773046326626111, 0.009078146934955546, 0.01647168928404305, 0.028357510528778662, 0.03612540945250351, 0.05474964904071128, 0.05886757136172204, 0.07234440804866636, 0.07711745437529247, 0.3270004679457183, 0.11474029012634535, 0.06495086569957885, 0.07262517547964437, 0.018437061300889096, 0.009078146934955546, 0.019653720168460457, 0.005053813757604118, 0.0029948525970987364, 0.0024333177351427236, 0.0017781937295273749, 0.0004679457182966776, 0.0, 0.0, 0.0], [0.0, 0.0, 0.0, 0.0, 0.0, 9.998000399920016e-05, 0.0005998800239952009, 0.002999400119976005, 0.005298940211957609, 0.009798040391921616, 0.018096380723855228, 0.03369326134773045, 0.05028994201159768, 0.07718456308738253, 0.11397720455908818, 0.13567286542691462, 0.17296540691861628, 0.10957808438312337, 0.15536892621475704, 0.04779044191161767, 0.024795040991801638, 0.026294741051789642, 0.007198560287942412, 0.0032993401319736052, 0.002599480103979204, 0.0008998200359928015, 0.0005998800239952009, 0.0005998800239952009, 0.00029994001199760045, 0.0, 0.0, 0.0, 0.0], [0.0, 0.002976190476190476, 0.0, 0.002976190476190476, 0.005952380952380952, 0.020833333333333332, 0.020833333333333332, 0.03869047619047619, 0.08333333333333333, 0.05952380952380952, 0.050595238095238096, 0.07738095238095238, 0.08035714285714286, 0.11904761904761904, 0.125, 0.10714285714285714, 0.07738095238095238, 0.047619047619047616, 0.03869047619047619, 0.01488095238095238, 0.011904761904761904, 0.008928571428571428, 0.0, 0.005952380952380952, 0.0, 0.0, 0.0, 0.0, 0.0, 0.0, 0.0, 0.0, 0.0]]}, "ranks": {"labels": ["Unranked", "Combatatent I", "Combatatent II", "Challenger I", "Challenger II", "Rival I", "Rival II", "Duelist", "Elite"], "data": [[0.130374479889043, 0.18307905686546463, 0.2510402219140083, 0.2302357836338419, 0.10957004160887657, 0.05825242718446602, 0.019417475728155338, 0.018030513176144243, 0.0], [0.06242165956380045, 0.09300576585610429, 0.1762346452745049, 0.2662321383805465, 0.22762597142140886, 0.12409125094008523, 0.031336174479819505, 0.013537227375282025, 0.0055151667084482325], [0.007566800662095058, 0.012414282336249704, 0.031213052731142114, 0.06419957436746276, 0.2497044218491369, 0.41534641759281155, 0.09210215180893828, 0.09434854575549775, 0.03310475289666588], [0.01523018345448252, 0.024691358024691357, 0.055036344755970926, 0.09403484481366102, 0.11503403715241721, 0.34937117803161416, 0.16003230644975194, 0.1427252797969309, 0.043844467520479984], [0.18041237113402062, 0.16494845360824742, 0.22164948453608246, 0.1958762886597938, 0.10824742268041238, 0.08762886597938144, 0.03608247422680412, 0.005154639175257732, 0.0], [0.007316053511705686, 0.018603678929765888, 0.08883779264214046, 0.2689172240802676, 0.28846153846153844, 0.18206521739130435, 0.058214882943143816, 0.06385869565217392, 0.023724916387959868], [0.08169409875551988, 0.11822561220393417, 0.20594138900040143, 0.24227217984745084, 0.18687274187073463, 0.0909273384183059, 0.028502609393817744, 0.02990766760337214, 0.01565636290646327], [0.2695417789757412, 0.24528301886792453, 0.21024258760107817, 0.14016172506738545, 0.0646900269541779, 0.04043126684636118, 0.026954177897574125, 0.0026954177897574125, 0.0], [0.03276622558286074, 0.06017643352236925, 0.0877966813694602, 0.12539382482671707, 0.33490863264020165, 0.18136946019743752, 0.07109850871665617, 0.07739970594412938, 0.029090527200168033], [0.01557632398753894, 0.02881619937694704, 0.05957943925233645, 0.139797507788162, 0.1927570093457944, 0.21144859813084113, 0.10864485981308411, 0.1573208722741433, 0.08605919003115264], [0.030425606753429476, 0.05117833274709813, 0.11783327470981357, 0.22652128033767147, 0.24956032360182906, 0.18079493492789306, 0.06225817798100598, 0.05856489623637003, 0.0228631727048892], [0.08011744966442953, 0.1325503355704698, 0.2150447427293065, 0.2607662192393736, 0.16568791946308725, 0.07662192393736018, 0.031459731543624164, 0.027684563758389263, 0.010067114093959731], [0.01415929203539823, 0.03286978508217446, 0.06156763590391909, 0.0934260429835651, 0.3780025284450063, 0.2575221238938053, 0.07130214917825538, 0.06890012642225031, 0.02225031605562579], [0.01766748366013072, 0.035130718954248366, 0.08895016339869281, 0.2872753267973856, 0.27971813725490197, 0.16717728758169934, 0.0548406862745098, 0.05106209150326797, 0.0181781045751634], [0.014632405424696645, 0.039257673090649536, 0.10920770877944326, 0.21234832262669523, 0.2762312633832976, 0.19182726623840113, 0.07601713062098502, 0.05977872947894361, 0.02069950035688794], [0.04130596092010883, 0.0779124412564927, 0.15805095226317092, 0.2436309671036359, 0.22681177343556766, 0.12713331684392778, 0.049715557754142964, 0.051694286420974525, 0.023744744001978728], [0.04610318331503842, 0.08379070618368094, 0.17581412367361873, 0.2524698133918771, 0.21496523966337358, 0.1381266008049762, 0.03951701427003293, 0.03787047200878156, 0.011342846688620564], [0.012669233635573221, 0.02682896534591976, 0.06160725375729723, 0.30219848466029064, 0.28629983852937524, 0.2028319463420693, 0.04570860762638181, 0.04546019128058626, 0.01639547882250652], [0.18012422360248448, 0.14285714285714285, 0.13664596273291926, 0.16770186335403728, 0.17391304347826086, 0.055900621118012424, 0.07453416149068323, 0.043478260869565216, 0.024844720496894408], [0.008581802178457476, 0.01760369677632303, 0.05204092859500495, 0.21157443063043238, 0.37495874133568047, 0.1930905490152932, 0.0645835625481351, 0.057982176257013976, 0.019584112663659368], [0.0049946485907955765, 0.011178499227018671, 0.02758948745391842, 0.13069330479248426, 0.3392793435604709, 0.26317041265310975, 0.10024973242953977, 0.08942799381614937, 0.03341657747651326], [0.012395081007222331, 0.023423775131758737, 0.04216279523716572, 0.1743119266055046, 0.3070466523521374, 0.23618973257856724, 0.08959593987897717, 0.09135272301385906, 0.02352137419480773], [0.02295552367288379, 0.03873744619799139, 0.1291248206599713, 0.29555236728837875, 0.296987087517934, 0.15208034433285508, 0.043041606886657105, 0.021520803443328552, 0.0], [0.007679103803414943, 0.019784985093504383, 0.04896557954648116, 0.08952931610804951, 0.2547655614780016, 0.3402294696901256, 0.09883458306983467, 0.10732676845243473, 0.0328846327581534], [0.00867593414177265, 0.028591146603568963, 0.07729468599033816, 0.14226560189293108, 0.30405205560485066, 0.28078477767918764, 0.08606921029281278, 0.06260475204574584, 0.00966183574879227], [0.010027156883225401, 0.022038855232922497, 0.13139753499059953, 0.2506789220806351, 0.27501566743263006, 0.17589304365991226, 0.06831000626697305, 0.05556716106120744, 0.011071652391894714], [0.015996236179722418, 0.0414020230533992, 0.10844507174782404, 0.22876970124676546, 0.25099976476123265, 0.19830628087508823, 0.0661020936250294, 0.06222065396377323, 0.027758174547165372], [0.03053173241852487, 0.10154373927958833, 0.18284734133790737, 0.24408233276157804, 0.22435677530017153, 0.13156089193825043, 0.03739279588336192, 0.03379073756432247, 0.013893653516295026], [0.04345726702076291, 0.06904876871076775, 0.1361661033317238, 0.2549492998551424, 0.2460164171897634, 0.1373732496378561, 0.04876871076774505, 0.044181554804442295, 0.020038628681796233], [0.020663464760415504, 0.058639562157935886, 0.2042890651178376, 0.29777728135820397, 0.2191444208645147, 0.11437506980900257, 0.03630068133586507, 0.03764101418518932, 0.011169440411035406], [0.009144625773776028, 0.01702307259425999, 0.0761114237478897, 0.25309510410804725, 0.2839054586381542, 0.19864940911648846, 0.0648564997186269, 0.06738885762521103, 0.029825548677546426], [0.03577571379428965, 0.0718954248366013, 0.15927072583419333, 0.24905400756793947, 0.23529411764705882, 0.1503267973856209, 0.0457516339869281, 0.03663570691434469, 0.015995872033023734], [0.01284746554543331, 0.0356225181032469, 0.07778556412053259, 0.17565989254846998, 0.3592618547068442, 0.1991357159542163, 0.07685120298995561, 0.05232422331231021, 0.01051156271899089], [0.011310223266745006, 0.05596357226792009, 0.16348413631022327, 0.2773207990599295, 0.2595475910693302, 0.13528202115158636, 0.04524089306698002, 0.03554641598119859, 0.016304347826086956], [0.006939090208172706, 0.016191210485736313, 0.10377794911333847, 0.2092521202775636, 0.2653816499614495, 0.21757902852737085, 0.07401696222050887, 0.07818041634541249, 0.028681572860447185], [0.00727314707919649, 0.02274301546986839, 0.07192334333872084, 0.21392288155160472, 0.29081043638882476, 0.21634726391133688, 0.0730778111290695, 0.07573308704687139, 0.028169014084507043], [0.007674309780065512, 0.025549836218998596, 0.06448291998128217, 0.11361722040243331, 0.1494618624239588, 0.3907346747777258, 0.1159569489939167, 0.100140383715489, 0.03238184370613009], [0.01879624075184963, 0.051789642071585686, 0.1274745050989802, 0.2496500699860028, 0.28254349130173967, 0.18286342731453709, 0.045090981803639275, 0.03679264147170566, 0.004999000199960008], [0.23511904761904762, 0.12797619047619047, 0.19940476190476192, 0.23214285714285715, 0.125, 0.041666666666666664, 0.023809523809523808, 0.01488095238095238, 0.0]]}, "ranksDetailed": {"labels": ["Unranked", "Combatatant", "Challenger", "Rival", "Duelist", "Elite"], "data": [[0.130374479889043, 0.43411927877947293, 0.33980582524271846, 0.07766990291262135, 0.018030513176144243, 0.0], [0.06242165956380045, 0.2692404111306092, 0.4938581098019554, 0.15542742541990473, 0.013537227375282025, 0.0055151667084482325], [0.007566800662095058, 0.04362733506739182, 0.31390399621659965, 0.5074485694017499, 0.09434854575549775, 0.03310475289666588], [0.01523018345448252, 0.07972770278066228, 0.20906888196607823, 0.5094034844813661, 0.1427252797969309, 0.043844467520479984], [0.18041237113402062, 0.3865979381443299, 0.30412371134020616, 0.12371134020618557, 0.005154639175257732, 0.0], [0.007316053511705686, 0.10744147157190635, 0.5573787625418061, 0.24028010033444816, 0.06385869565217392, 0.023724916387959868], [0.08169409875551988, 0.3241670012043356, 0.42914492171818547, 0.11942994781212364, 0.02990766760337214, 0.01565636290646327], [0.2695417789757412, 0.4555256064690027, 0.20485175202156333, 0.0673854447439353, 0.0026954177897574125, 0.0], [0.03276622558286074, 0.14797311489182946, 0.4603024574669187, 0.2524679689140937, 0.07739970594412938, 0.029090527200168033], [0.01557632398753894, 0.08839563862928349, 0.3325545171339564, 0.32009345794392524, 0.1573208722741433, 0.08605919003115264], [0.030425606753429476, 0.1690116074569117, 0.47608160393950055, 0.24305311290889905, 0.05856489623637003, 0.0228631727048892], [0.08011744966442953, 0.34759507829977626, 0.42645413870246085, 0.10808165548098433, 0.027684563758389263, 0.010067114093959731], [0.01415929203539823, 0.09443742098609355, 0.4714285714285714, 0.3288242730720607, 0.06890012642225031, 0.02225031605562579], [0.01766748366013072, 0.12408088235294118, 0.5669934640522876, 0.22201797385620914, 0.05106209150326797, 0.0181781045751634], [0.014632405424696645, 0.14846538187009278, 0.48857958600999285, 0.26784439685938616, 0.05977872947894361, 0.02069950035688794], [0.04130596092010883, 0.2359633935196636, 0.47044274053920354, 0.17684887459807075, 0.051694286420974525, 0.023744744001978728], [0.04610318331503842, 0.25960482985729966, 0.4674350530552506, 0.17764361507500914, 0.03787047200878156, 0.011342846688620564], [0.012669233635573221, 0.08843621910321699, 0.5884983231896659, 0.24854055396845112, 0.04546019128058626, 0.01639547882250652], [0.18012422360248448, 0.2795031055900621, 0.3416149068322981, 0.13043478260869565, 0.043478260869565216, 0.024844720496894408], [0.008581802178457476, 0.06964462537132798, 0.5865331719661129, 0.25767411156342834, 0.057982176257013976, 0.019584112663659368], [0.0049946485907955765, 0.03876798668093709, 0.46997264835295516, 0.3634201450826495, 0.08942799381614937, 0.03341657747651326], [0.012395081007222331, 0.06558657036892446, 0.481358578957642, 0.3257856724575444, 0.09135272301385906, 0.02352137419480773], [0.02295552367288379, 0.1678622668579627, 0.5925394548063128, 0.1951219512195122, 0.021520803443328552, 0.0], [0.007679103803414943, 0.06875056463998555, 0.34429487758605115, 0.43906405275996024, 0.10732676845243473, 0.0328846327581534], [0.00867593414177265, 0.10588583259390713, 0.44631765749778174, 0.3668539879720004, 0.06260475204574584, 0.00966183574879227], [0.010027156883225401, 0.15343639022352204, 0.5256945895132651, 0.24420304992688532, 0.05556716106120744, 0.011071652391894714], [0.015996236179722418, 0.14984709480122324, 0.47976946600799814, 0.2644083745001176, 0.06222065396377323, 0.027758174547165372], [0.03053173241852487, 0.28439108061749574, 0.4684391080617496, 0.16895368782161235, 0.03379073756432247, 0.013893653516295026], [0.04345726702076291, 0.20521487204249156, 0.5009657170449059, 0.18614196040560116, 0.044181554804442295, 0.020038628681796233], [0.020663464760415504, 0.2629286272757735, 0.5169217022227186, 0.15067575114486764, 0.03764101418518932, 0.011169440411035406], [0.009144625773776028, 0.0931344963421497, 0.5370005627462014, 0.2635059088351154, 0.06738885762521103, 0.029825548677546426], [0.03577571379428965, 0.23116615067079463, 0.48434812521499826, 0.19607843137254902, 0.03663570691434469, 0.015995872033023734], [0.01284746554543331, 0.11340808222377949, 0.5349217472553142, 0.27598691894417193, 0.05232422331231021, 0.01051156271899089], [0.011310223266745006, 0.21944770857814336, 0.5368683901292597, 0.1805229142185664, 0.03554641598119859, 0.016304347826086956], [0.006939090208172706, 0.11996915959907478, 0.4746337702390131, 0.29159599074787973, 0.07818041634541249, 0.028681572860447185], [0.00727314707919649, 0.09466635880858924, 0.5047333179404294, 0.2894250750404064, 0.07573308704687139, 0.028169014084507043], [0.007674309780065512, 0.09003275620028077, 0.26307908282639214, 0.5066916237716425, 0.100140383715489, 0.03238184370613009], [0.01879624075184963, 0.17926414717056588, 0.5321935612877424, 0.22795440911817635, 0.03679264147170566, 0.004999000199960008], [0.23511904761904762, 0.3273809523809524, 0.35714285714285715, 0.06547619047619048, 0.01488095238095238, 0.0]]}}}, "eu": {"histType": {"histogram": {"labels": ["0", "100", "200", "300", "400", "500", "600", "700", "800", "900", "1000", "1100", "1200", "1300", "1400", "1500", "1600", "1700", "1800", "1900", "2000", "2100", "2200", "2300", "2400", "2500", "2600", "2700", "2800", "2900", "3000", "3100", "3200"], "data": [[0.0, 0.0, 0.0018315018315018315, 0.0, 0.0018315018315018315, 0.007326007326007326, 0.01282051282051282, 0.02564102564102564, 0.04945054945054945, 0.07692307692307693, 0.07692307692307693, 0.10805860805860806, 0.10073260073260074, 0.11904761904761904, 0.1391941391941392, 0.09340659340659341, 0.0641025641025641, 0.040293040293040296, 0.0347985347985348, 0.018315018315018316, 0.01282051282051282, 0.005494505494505495, 0.003663003663003663, 0.007326007326007326, 0.0, 0.0, 0.0, 0.0, 0.0, 0.0, 0.0, 0.0, 0.0], [0.0, 0.0002771618625277162, 0.0008314855875831486, 0.0011086474501108647, 0.0016629711751662971, 0.003880266075388027, 0.006929046563192905, 0.010809312638580931, 0.019401330376940133, 0.03436807095343681, 0.04490022172949002, 0.06208425720620843, 0.08176274944567627, 0.10421286031042129, 0.1352549889135255, 0.13137472283813748, 0.14079822616407983, 0.06818181818181818, 0.09506651884700665, 0.024390243902439025, 0.012195121951219513, 0.009700665188470067, 0.0041574279379157425, 0.002771618625277162, 0.0022172949002217295, 0.0011086474501108647, 0.0005543237250554324, 0.0, 0.0, 0.0, 0.0, 0.0, 0.0], [0.0, 0.0, 0.0, 0.00011954572624028691, 0.00011954572624028691, 0.00011954572624028691, 0.0, 0.0007172743574417215, 0.0019127316198445906, 0.002630005977286312, 0.005857740585774059, 0.009563658099222952, 0.011954572624028692, 0.015301852958756725, 0.02546323968918111, 0.035026897788404066, 0.17943813508667064, 0.15397489539748954, 0.32540346682606097, 0.08021518230723251, 0.052121936640765094, 0.052241482367005376, 0.018410041841004185, 0.007890017931858936, 0.011715481171548118, 0.005140466228332337, 0.0019127316198445906, 0.0022713687985654514, 0.00023909145248057382, 0.00023909145248057382, 0.0, 0.0, 0.0], [0.0, 0.0, 0.0, 0.00011072970878086591, 0.00011072970878086591, 0.00022145941756173182, 0.0007751079614660613, 0.0021038644668364523, 0.00243605359317905, 0.005868674565385893, 0.011737349130771787, 0.017163104861034215, 0.020706455542021926, 0.02646440039862695, 0.04296312700697597, 0.05381463846750083, 0.07618203964123574, 0.051489314583102644, 0.27516332632045176, 0.1474919720961134, 0.09234857712324217, 0.08791938877200753, 0.030672129332299857, 0.013287565053703909, 0.023585427970324438, 0.00786180932344148, 0.004318458642453771, 0.0015502159229321226, 0.003432620972206843, 0.00022145941756173182, 0.0, 0.0, 0.0], [0.0, 0.0, 0.0, 0.0, 0.0, 0.021164021164021163, 0.026455026455026454, 0.05291005291005291, 0.06349206349206349, 0.047619047619047616, 0.07407407407407407, 0.07936507936507936, 0.06349206349206349, 0.1164021164021164, 0.08994708994708994, 0.14814814814814814, 0.031746031746031744, 0.06349206349206349, 0.031746031746031744, 0.05291005291005291, 0.015873015873015872, 0.005291005291005291, 0.0, 0.005291005291005291, 0.010582010582010581, 0.0, 0.0, 0.0, 0.0, 0.0, 0.0, 0.0, 0.0], [0.0, 0.00010436234606553955, 0.00010436234606553955, 0.0002087246921310791, 0.00031308703819661864, 0.00010436234606553955, 0.0002087246921310791, 0.001147985806720935, 0.001878522229179712, 0.0038614068044249637, 0.007827175954915467, 0.01179294510540597, 0.018472135253600502, 0.08933416823210186, 0.1279482362763515, 0.1369233980379879, 0.16197036109371737, 0.11125026090586516, 0.1509079524107702, 0.056355666875391355, 0.03673554581506992, 0.04017950323523273, 0.0149238154873