{"region": {"us": {"histType": {"histogram": {"labels": ["0", "100", "200", "300", "400", "500", "600", "700", "800", "900", "1000", "1100", "1200", "1300", "1400", "1500", "1600", "1700", "1800", "1900", "2000", "2100", "2200", "2300", "2400", "2500", "2600", "2700", "2800", "2900", "3000", "3100", "3200"], "data": [[0.0, 0.0, 0.0049261083743842365, 0.0049261083743842365, 0.0049261083743842365, 0.007389162561576354, 0.019704433497536946, 0.019704433497536946, 0.04187192118226601, 0.046798029556650245, 0.08620689655172414, 0.10591133004926108, 0.09852216748768473, 0.13793103448275862, 0.11083743842364532, 0.08866995073891626, 0.07142857142857142, 0.04926108374384237, 0.03201970443349754, 0.034482758620689655, 0.012315270935960592, 0.007389162561576354, 0.007389162561576354, 0.0, 0.007389162561576354, 0.0, 0.0, 0.0, 0.0, 0.0, 0.0, 0.0, 0.0], [0.0, 0.00032605151613955004, 0.0, 0.00032605151613955004, 0.0006521030322791001, 0.0016302575806977503, 0.00489077274209325, 0.0078252363873492, 0.011411803064884252, 0.026736224323443105, 0.03814802738832736, 0.05184219106618846, 0.08086077600260841, 0.09162047603521356, 0.12259537006847082, 0.1317248125203782, 0.15291816106944897, 0.08542549722856212, 0.11216172155200521, 0.03977828496902511, 0.016302575806977502, 0.009455493968046952, 0.004238669709814151, 0.0019563090968373, 0.0029344636452559502, 0.00097815454841865, 0.0016302575806977503, 0.0013042060645582002, 0.00032605151613955004, 0.0, 0.0, 0.0, 0.0], [0.00011080332409972299, 0.0, 0.0, 0.00022160664819944597, 0.00022160664819944597, 0.00022160664819944597, 0.00022160664819944597, 0.000554016620498615, 0.002659279778393352, 0.003213296398891967, 0.00554016620498615, 0.007867036011080332, 0.012299168975069252, 0.019390581717451522, 0.025706371191135734, 0.0853185595567867, 0.19512465373961219, 0.12653739612188367, 0.28121883656509694, 0.07734072022160665, 0.04642659279778393, 0.05551246537396122, 0.019168975069252078, 0.010193905817174515, 0.015955678670360112, 0.00443213296398892, 0.002770083102493075, 0.001218836565096953, 0.00011080332409972299, 0.00044321329639889195, 0.0, 0.0, 0.0], [0.0, 0.0, 0.0, 0.0, 0.00010573059843518714, 0.00010573059843518714, 0.00074011418904631, 0.0017974201733981815, 0.004652146331148234, 0.0076126030873334746, 0.011207443434129837, 0.01363924719813914, 0.02505815182913935, 0.03150771833368577, 0.04461831253964897, 0.05614294776908437, 0.18608585324592938, 0.13850708395009514, 0.24392049058997675, 0.08934235567773313, 0.05149080143793614, 0.05254810742228801, 0.0189257771198985, 0.0063438359061112285, 0.010573059843518714, 0.0031719179530556143, 0.00148022837809262, 0.00042292239374074856, 0.0, 0.0, 0.0, 0.0, 0.0], [0.0, 0.0, 0.0, 0.0, 0.007194244604316547, 0.007194244604316547, 0.02158273381294964, 0.03597122302158273, 0.04316546762589928, 0.06474820143884892, 0.06474820143884892, 0.10071942446043165, 0.1079136690647482, 0.11510791366906475, 0.08633093525179857, 0.09352517985611511, 0.05755395683453238, 0.02158273381294964, 0.08633093525179857, 0.04316546762589928, 0.014388489208633094, 0.02158273381294964, 0.007194244604316547, 0.0, 0.0, 0.0, 0.0, 0.0, 0.0, 0.0, 0.0, 0.0, 0.0], [0.0, 0.0, 0.0, 0.0, 0.0, 0.00011076650420912716, 0.0008861320336730173, 0.0037660611431103233, 0.0052060256978289764, 0.011187416925121842, 0.020048737261852016, 0.030903854674346476, 0.05250332299512627, 0.08285334514842711, 0.10821887461231723, 0.12981834293309702, 0.16249446167478954, 0.09503766061143111, 0.13402747009304386, 0.0550509525919362, 0.030903854674346476, 0.03799291094373062, 0.015064244572441293, 0.006867523260965884, 0.010633584404076208, 0.0032122286220646877, 0.0016614975631369074, 0.0008861320336730173, 0.00044306601683650863, 0.00011076650420912716, 0.00011076650420912716, 0.0, 0.0], [0.0, 0.0002414875633904854, 0.0002414875633904854, 0.001931900507123883, 0.0016904129437333977, 0.003622313450857281, 0.006520164211543105, 0.012798840859695725, 0.022216855831924655, 0.03404974643805844, 0.0511953634387829, 0.06761651774933591, 0.09442163728567979, 0.1091523786524994, 0.11518956773726154, 0.12122675682202366, 0.12340014489253803, 0.0678580053127264, 0.07558560734122192, 0.028978507606858248, 0.017145617000724464, 0.017628592127505432, 0.008935039845447959, 0.004588263704419222, 0.005795701521371649, 0.0031393383240763103, 0.0026563631972953395, 0.0009659502535619416, 0.0004829751267809708, 0.0002414875633904854, 0.0004829751267809708, 0.0, 0.0], [0.0031645569620253164, 0.0, 0.0, 0.006329113924050633, 0.00949367088607595, 0.022151898734177215, 0.012658227848101266, 0.0379746835443038, 0.056962025316455694, 0.0981012658227848, 0.11075949367088607, 0.12658227848101267, 0.11075949367088607, 0.10443037974683544, 0.06962025316455696, 0.06962025316455696, 0.05379746835443038, 0.02531645569620253, 0.0379746835443038, 0.02531645569620253, 0.0031645569620253164, 0.0031645569620253164, 0.006329113924050633, 0.006329113924050633, 0.0, 0.0, 0.0, 0.0, 0.0, 0.0, 0.0, 0.0, 0.0], [0.00028951939779965256, 0.00019301293186643504, 0.00048253232966608765, 0.00028951939779965256, 0.00048253232966608765, 0.001254584057131828, 0.0014475969889982628, 0.004149778035128354, 0.00781702374059062, 0.01602007334491411, 0.02615325226790195, 0.03464582127002509, 0.04342790966994789, 0.05365759505886895, 0.15624396834587917, 0.14726886701408995, 0.1519976838448176, 0.09727851766068327, 0.10692916425400502, 0.04757768770507624, 0.03232966608762787, 0.029530978575564564, 0.01640609920864698, 0.008010036672457055, 0.01013317892298784, 0.0033777263076626134, 0.001640609920864698, 0.0003860258637328701, 0.0005790387955993051, 0.0, 0.0, 0.0, 0.0], [0.0, 0.0, 0.0, 0.0, 0.0007936507936507937, 0.0003968253968253968, 0.0011904761904761906, 0.0011904761904761906, 0.001984126984126984, 0.008333333333333333, 0.011904761904761904, 0.012698412698412698, 0.02261904761904762, 0.031746031746031744, 0.056746031746031746, 0.07261904761904762, 0.09801587301587301, 0.08928571428571429, 0.18095238095238095, 0.07103174603174603, 0.07817460317460317, 0.10158730158730159, 0.046825396825396826, 0.01904761904761905, 0.051587301587301584, 0.015873015873015872, 0.011111111111111112, 0.00992063492063492, 0.002777777777777778, 0.0015873015873015873, 0.0, 0.0, 0.0], [0.0, 0.0, 0.0002607561929595828, 0.0, 0.001303780964797914, 0.0010430247718383311, 0.002346805736636245, 0.003650586701434159, 0.010169491525423728, 0.020338983050847456, 0.027640156453715776, 0.03911342894393742, 0.06336375488917861, 0.07666232073011733, 0.09882659713168188, 0.12307692307692308, 0.1514993481095176, 0.0938722294654498, 0.14159061277705345, 0.049804432855280314, 0.03415906127770534, 0.03102998696219035, 0.00938722294654498, 0.005997392438070404, 0.008865710560625815, 0.0028683181225554106, 0.0020860495436766623, 0.0002607561929595828, 0.0005215123859191656, 0.0002607561929595828, 0.0, 0.0, 0.0], [0.0, 0.0, 0.0010378827192527244, 0.0008649022660439371, 0.0015568240788790867, 0.003286628610966961, 0.0069192181283514965, 0.011243729458571182, 0.020411693478636913, 0.036498875627054145, 0.06382978723404255, 0.07472755578619616, 0.11018854869399758, 0.11295623594533817, 0.13578965576889812, 0.11987545407368967, 0.11606988410309635, 0.06019719771665802, 0.061062099982701956, 0.025774087528109325, 0.013492475350285417, 0.010897768552153606, 0.006573257221933922, 0.0034596090641757483, 0.0027676872513405985, 0.0005189413596263622, 0.0, 0.0, 0.0, 0.0, 0.0, 0.0, 0.0], [0.0, 0.0, 0.0, 0.0, 0.00012227928588897041, 0.0004891171435558817, 0.0019564685742235266, 0.0019564685742235266, 0.0046466128637808754, 0.00599168500855955, 0.014062117877231597, 0.02152115431645879, 0.05588163365125948, 0.08461726583516753, 0.1272927366104182, 0.13206162876008803, 0.17082416238689166, 0.10467106872095867, 0.1429444852042064, 0.046221570066030816, 0.027879677182685254, 0.028368794326241134, 0.011127415015896307, 0.006358522866226461, 0.006480802152115431, 0.0031792614331132307, 0.0007336757153338225, 0.00012227928588897041, 0.0004891171435558817, 0.0, 0.0, 0.0, 0.0], [0.00021427040925648167, 0.0, 0.0, 0.00010713520462824084, 0.00010713520462824084, 0.00032140561388472255, 0.002678380115706021, 0.00503535461752732, 0.010284979644311121, 0.019820012856224554, 0.03428326548103707, 0.045639597171630596, 0.06942361259910007, 0.08967216627383759, 0.10917077351617742, 0.11420612813370473, 0.14206128133704735, 0.09245768159417185, 0.11720591386329549, 0.05346046710949218, 0.02924791086350975, 0.03289050782086994, 0.011249196485965288, 0.004928219412899079, 0.00771373473323334, 0.0029997857295907433, 0.0022498392971930575, 0.0008570816370259267, 0.0008570816370259267, 0.0007499464323976858, 0.00010713520462824084, 0.0, 0.0], [0.0, 0.0, 0.0, 0.0, 0.00045116174148432213, 0.00022558087074216106, 0.0009023234829686443, 0.0013534852244529664, 0.00428603654410106, 0.006767426122264832, 0.01488833746898263, 0.028874351454996616, 0.04985337243401759, 0.0683510038348748, 0.09745093616061358, 0.11865553801037672, 0.16241822693435598, 0.11482066320775998, 0.14933453643131062, 0.06857658470561696, 0.039251071509136023, 0.03722084367245657, 0.016241822693435597, 0.0054139408978118655, 0.009023234829686443, 0.002932551319648094, 0.0011279043537108053, 0.0006767426122264832, 0.0, 0.0009023234829686443, 0.0, 0.0, 0.0], [0.0, 0.0, 0.0, 0.00034626038781163435, 0.0013850415512465374, 0.0017313019390581717, 0.002770083102493075, 0.004155124653739612, 0.012119113573407203, 0.018698060941828253, 0.03150969529085872, 0.04778393351800554, 0.07029085872576177, 0.08448753462603878, 0.09695290858725762, 0.11218836565096953, 0.13746537396121883, 0.09556786703601108, 0.11461218836565097, 0.05055401662049862, 0.0342797783933518, 0.0332409972299169, 0.018005540166204988, 0.009002770083102494, 0.013157894736842105, 0.004501385041551247, 0.0006925207756232687, 0.0031163434903047093, 0.001038781163434903, 0.00034626038781163435, 0.0, 0.0, 0.0], [0.00021172983273343214, 0.0, 0.0006351894982002964, 0.0004234596654668643, 0.0006351894982002964, 0.0014821088291340249, 0.0025407579928011857, 0.0059284353165360995, 0.01079822146940504, 0.020114334109676054, 0.03366504340461571, 0.04975651069235655, 0.07812830827863645, 0.09908956171924624, 0.11878043616345543, 0.1251323311454584, 0.13677747194579717, 0.08553885242430659, 0.11623967817065424, 0.04234596654668643, 0.023078551767944103, 0.024137200931611265, 0.00889265297480415, 0.004869786152868939, 0.005081515985602371, 0.0016938386618674571, 0.0012703789964005929, 0.0014821088291340249, 0.0004234596654668643, 0.0008469193309337286, 0.0, 0.0, 0.0], [0.0, 0.0, 0.00013757050488375291, 0.00027514100976750583, 0.0004127115146512588, 0.0006878525244187646, 0.0016508460586050352, 0.003851974136745082, 0.007428807263722658, 0.014307332507910305, 0.027101389462099328, 0.043197138533498415, 0.07332507910304031, 0.08845783464025313, 0.12078690328793507, 0.12904113358096025, 0.1549043884991058, 0.08928325766955565, 0.1379832163984042, 0.03962030540652084, 0.021598569266749208, 0.021598569266749208, 0.008804512312560187, 0.004952538175815105, 0.006053102214885128, 0.001925987068372541, 0.001513275553721282, 0.00027514100976750583, 0.00013757050488375291, 0.0006878525244187646, 0.0, 0.0, 0.0], [0.0, 0.0, 0.0, 0.008264462809917356, 0.008264462809917356, 0.01652892561983471, 0.008264462809917356, 0.01652892561983471, 0.008264462809917356, 0.08264462809917356, 0.04132231404958678, 0.08264462809917356, 0.06611570247933884, 0.08264462809917356, 0.049586776859504134, 0.09917355371900827, 0.1322314049586777, 0.09090909090909091, 0.04132231404958678, 0.024793388429752067, 0.03305785123966942, 0.01652892561983471, 0.024793388429752067, 0.0, 0.008264462809917356, 0.024793388429752067, 0.008264462809917356, 0.024793388429752067, 0.0, 0.0, 0.0, 0.0, 0.0], [0.00020576131687242798, 0.00010288065843621399, 0.0, 0.0, 0.00010288065843621399, 0.00010288065843621399, 0.00020576131687242798, 0.0011316872427983538, 0.0023662551440329217, 0.0049382716049382715, 0.007921810699588477, 0.011008230452674897, 0.061213991769547324, 0.09794238683127572, 0.12633744855967077, 0.14351851851851852, 0.17407407407407408, 0.11460905349794238, 0.11851851851851852, 0.05267489711934156, 0.026131687242798355, 0.030555555555555555, 0.0102880658436214, 0.003806584362139918, 0.007304526748971194, 0.0021604938271604936, 0.001440329218106996, 0.00041152263374485596, 0.000925925925925926, 0.0, 0.0, 0.0, 0.0], [0.0, 0.0, 0.0, 0.0001342822613132805, 0.0001342822613132805, 0.000268564522626561, 0.0013428226131328052, 0.0006714113065664026, 0.0034913387941452934, 0.004565596884651538, 0.009936887337182758, 0.017053847186786625, 0.029676379750234995, 0.04471599301732241, 0.07452665502887068, 0.10138310729152679, 0.15670739895259836, 0.1260910433731704, 0.1798039478984826, 0.07976366322008863, 0.05438431583187861, 0.05666711427420438, 0.02081375050355848, 0.010071169598496039, 0.01611387135759366, 0.005774137236471062, 0.003088492010205452, 0.0012085403518195246, 0.0006714113065664026, 0.000268564522626561, 0.0006714113065664026, 0.0, 0.0], [0.0001855804027094739, 9.279020135473695e-05, 0.0, 0.0001855804027094739, 0.0001855804027094739, 0.0005567412081284216, 0.0007423216108378956, 0.0021341746311589497, 0.007144845504314744, 0.014660851814048437, 0.025795675976616868, 0.03423958429989793, 0.04787974389904426, 0.06643778416999165, 0.08267606940707062, 0.10086294887259906, 0.13046302310476013, 0.11134824162568432, 0.1595063561287928, 0.07274751786211377, 0.04658068108007794, 0.04964275772478426, 0.019207571680430545, 0.01002134174631159, 0.01122761436392317, 0.002783706040642108, 0.001577433423030528, 0.0004639510067736847, 0.0006495314094831586, 0.0, 0.0, 0.0, 0.0], [0.0, 0.0, 0.0, 0.0016313213703099511, 0.0032626427406199023, 0.0, 0.0, 0.0065252854812398045, 0.008156606851549755, 0.008156606851549755, 0.01631321370309951, 0.02773246329526917, 0.048939641109298535, 0.09787928221859707, 0.10929853181076672, 0.1729200652528548, 0.16639477977161501, 0.11419249592169657, 0.1272430668841762, 0.05872756933115824, 0.01794453507340946, 0.009787928221859706, 0.0032626427406199023, 0.0, 0.0016313213703099511, 0.0, 0.0, 0.0, 0.0, 0.0, 0.0, 0.0, 0.0], [0.0, 0.0, 0.0, 0.00016314544416347175, 0.0, 8.157272208173587e-05, 0.0002447181662452076, 0.0007341544987356228, 0.0017945998857981892, 0.004568072436577209, 0.007096826821111021, 0.01321478097724121, 0.021045762297087853, 0.037441879435516766, 0.10473937515294886, 0.11363080185985806, 0.16428746227261604, 0.10767599314789135, 0.19928216004568072, 0.07333387715148054, 0.04437556081246431, 0.062076841504200994, 0.018598580634635778, 0.0061179541561301905, 0.011909617423933436, 0.003997063382005057, 0.0014683089974712456, 0.001305163553307774, 0.00040786361040867934, 0.00040786361040867934, 0.0, 0.0, 0.0], [0.0001827151470856934, 9.13575735428467e-05, 9.13575735428467e-05, 0.0, 0.00045678786771423353, 0.00045678786771423353, 0.0002740727206285401, 0.0009135757354284671, 0.0010962908825141605, 0.005390096839027955, 0.009501187648456057, 0.01945916316462635, 0.034533162799196056, 0.0455874291978805, 0.06778731956879225, 0.08331810707107619, 0.25771971496437057, 0.15457701443449662, 0.17394482002558012, 0.06614288324502102, 0.03243193860771058, 0.028960350813082406, 0.008496254339484744, 0.0035629453681710215, 0.0035629453681710215, 0.0007308605883427736, 0.0003654302941713868, 0.0003654302941713868, 0.0, 0.0, 0.0, 0.0, 0.0], [0.00012155099064057372, 0.00012155099064057372, 0.00024310198128114745, 0.00024310198128114745, 0.0004862039625622949, 0.0009724079251245898, 0.002187917831530327, 0.003889631700498359, 0.005955998541388112, 0.011061140148292209, 0.021028321380819254, 0.0356144402576881, 0.05372553786313358, 0.0666099428710344, 0.0929865078400389, 0.12811474413516472, 0.15898869575787042, 0.1109760544548438, 0.1406344961711438, 0.06357116810502006, 0.03500668530448523, 0.037073052145374985, 0.014829220858149994, 0.006077549532028686, 0.005955998541388112, 0.0018232648596086059, 0.0009724079251245898, 0.0007293059438434423, 0.0, 0.0, 0.0, 0.0, 0.0], [0.0, 0.0, 0.0, 0.0, 0.00042753313381787086, 0.00014251104460595695, 0.0009975773122416988, 0.0014251104460595695, 0.004417842382784666, 0.007410574319509762, 0.015106170728231437, 0.024084366538406725, 0.04004560353427391, 0.06270485962662106, 0.09705002137665669, 0.12156192104888129, 0.15405443921903947, 0.09533988884138521, 0.17956391620350576, 0.06056719395753171, 0.03819295995439646, 0.04489097905087644, 0.01824141370956249, 0.007553085364115719, 0.011400883568476556, 0.004987886561208493, 0.003990309248966795, 0.0018526435798774405, 0.0015676214906655266, 0.0011400883568476556, 0.0012825994014536127, 0.0, 0.0], [0.0, 0.00022680880018144704, 0.00022680880018144704, 0.0004536176003628941, 0.0015876616012701294, 0.0018144704014515763, 0.0040825584032660464, 0.009072352007257882, 0.01769108641415287, 0.024041732819233386, 0.04445452483556362, 0.06214561124971649, 0.08142435926513948, 0.10229076888183261, 0.1258788841007031, 0.11839419369471535, 0.14447720571558176, 0.07507371286005897, 0.10682694488546156, 0.026990247221592198, 0.018825130415060103, 0.020185983216148787, 0.0038557496030845995, 0.0024948968019959175, 0.004989793603991835, 0.0013608528010886822, 0.0004536176003628941, 0.0004536176003628941, 0.00022680880018144704, 0.0, 0.0, 0.0, 0.0], [0.0, 0.0, 0.00048567265662943174, 0.0014570179698882952, 0.0024283632831471587, 0.001942690626517727, 0.003885381253035454, 0.011656143759106362, 0.014084507042253521, 0.015055852355512385, 0.033997085964060224, 0.04662457503642545, 0.06216610004856726, 0.08596406022340942, 0.10879067508499271, 0.10733365711510442, 0.15784361340456532, 0.0961631860126275, 0.12190383681398738, 0.042739193783389993, 0.026711996114618747, 0.02428363283147159, 0.015541525012141816, 0.007285089849441476, 0.006313744536182613, 0.0029140359397765905, 0.0014570179698882952, 0.0009713453132588635, 0.0, 0.0, 0.0, 0.0, 0.0], [0.0002460024600246002, 0.0, 0.0, 0.0, 0.0004920049200492004, 0.0013530135301353015, 0.0031980319803198032, 0.006888068880688807, 0.011439114391143911, 0.021648216482164823, 0.033825338253382534, 0.05276752767527675, 0.07662976629766298, 0.1039360393603936, 0.13739237392373924, 0.13862238622386225, 0.13185731857318572, 0.08290282902829028, 0.0929889298892989, 0.03690036900369004, 0.02054120541205412, 0.022509225092250923, 0.009102091020910209, 0.004674046740467405, 0.006765067650676507, 0.0015990159901599016, 0.00036900369003690036, 0.0008610086100861009, 0.0, 0.00036900369003690036, 0.0001230012300123001, 0.0, 0.0], [0.0, 0.0, 0.0, 0.0006628003314001657, 0.00033140016570008286, 0.0008285004142502071, 0.0018227009113504556, 0.0024855012427506215, 0.007787903893951947, 0.011764705882352941, 0.022535211267605635, 0.030654515327257662, 0.05998342999171499, 0.08152444076222039, 0.09991714995857498, 0.11897265948632975, 0.14664457332228667, 0.09461474730737365, 0.13670256835128416, 0.05468102734051367, 0.0347970173985087, 0.039105219552609774, 0.017067108533554268, 0.007456503728251864, 0.01275890637945319, 0.006296603148301574, 0.005136702568351284, 0.00231980115990058, 0.0013256006628003315, 0.00115990057995029, 0.0006628003314001657, 0.0, 0.0], [0.0, 0.00019290123456790122, 0.0, 0.00019290123456790122, 0.00038580246913580245, 0.0005787037037037037, 0.001736111111111111, 0.0028935185185185184, 0.00636574074074074, 0.016396604938271605, 0.027199074074074073, 0.04050925925925926, 0.0642361111111111, 0.08603395061728394, 0.11246141975308642, 0.1251929012345679, 0.14834104938271606, 0.09471450617283951, 0.13464506172839505, 0.05092592592592592, 0.0314429012345679, 0.025848765432098766, 0.010416666666666666, 0.0038580246913580245, 0.006172839506172839, 0.002507716049382716, 0.003279320987654321, 0.0013503086419753086, 0.0015432098765432098, 0.0005787037037037037, 0.0, 0.0, 0.0], [0.00010837758751490192, 0.00010837758751490192, 0.00010837758751490192, 0.0, 0.00010837758751490192, 0.0009753982876341173, 0.0007586431126043134, 0.0023843069253278422, 0.0031429500379321555, 0.005852389725804703, 0.019507965752682346, 0.04963693508182508, 0.08009103717351251, 0.10967811856508074, 0.13471334128102308, 0.14316679310718544, 0.15617210360897366, 0.09515552183808389, 0.1015497995014631, 0.04465156605613959, 0.021783895090495286, 0.01582312777717568, 0.007369675951013331, 0.0029261948629023516, 0.00281781727538745, 0.0007586431126043134, 0.00021675517502980384, 0.00032513276254470577, 0.00010837758751490192, 0.0, 0.0, 0.0, 0.0], [0.0, 0.0, 0.0, 0.00018646280067126608, 0.00018646280067126608, 0.0009323140033563305, 0.0016781652060413948, 0.002610479209397725, 0.006153272422151781, 0.010814842438933433, 0.024053701286593326, 0.03524146932686929, 0.06899123624836845, 0.09584187954503076, 0.12623531605444713, 0.14208465411150475, 0.15700167816520605, 0.10218161476785381, 0.10330039157188141, 0.04400522095841879, 0.027410031698676115, 0.020697370874510537, 0.01193361924296103, 0.00428864441543912, 0.007458512026850644, 0.0031698676114115232, 0.0016781652060413948, 0.00037292560134253216, 0.0011187768040275966, 0.00018646280067126608, 0.00018646280067126608, 0.0, 0.0], [0.0, 0.0, 0.0, 0.00019496977968414895, 0.00019496977968414895, 0.0013647884577890426, 0.0013647884577890426, 0.0023396373562097877, 0.004484304932735426, 0.006044063170208618, 0.014232793916942875, 0.022226554883992982, 0.037824137258724896, 0.05985572236303373, 0.09534022226554884, 0.12166114252290895, 0.15948527978163385, 0.11054786508091245, 0.17488789237668162, 0.06726457399103139, 0.0370442581399883, 0.04035874439461883, 0.016572431273152662, 0.008578670306102555, 0.010138428543575747, 0.00565412361084032, 0.0015597582374731916, 0.0003899395593682979, 0.00019496977968414895, 0.00019496977968414895, 0.0, 0.0, 0.0], [0.0, 0.0, 0.00012251899044351874, 0.0, 0.0002450379808870375, 0.00036755697133055625, 0.0007351139426611125, 0.00294045577064445, 0.0036755697133055622, 0.009924038225925018, 0.018867924528301886, 0.03626562117128155, 0.05917667238421955, 0.09556481254594462, 0.11431021808380298, 0.12656211712815488, 0.14493996569468268, 0.09029649595687332, 0.14150943396226415, 0.0470472923303112, 0.0313648615535408, 0.03295760842930654, 0.017152658662092625, 0.006738544474393531, 0.012496937025238911, 0.0026954177897574125, 0.002450379808870375, 0.0013477088948787063, 0.00012251899044351874, 0.00012251899044351874, 0.0, 0.0, 0.0], [0.0, 0.0, 8.5295121119072e-05, 0.0, 8.5295121119072e-05, 8.5295121119072e-05, 0.00025588536335721597, 0.0008529512111907199, 0.0017911975435005118, 0.004691231661548959, 0.008700102354145343, 0.016461958375980894, 0.028062094848174686, 0.036079836233367454, 0.054674172637325144, 0.0715626066189014, 0.2052200614124872, 0.13016035482770386, 0.22466734902763563, 0.08256567724326168, 0.04605936540429888, 0.05245649948822927, 0.013561924257932446, 0.005203002388263391, 0.009723643807574206, 0.0031559194814056637, 0.0017911975435005118, 0.000682360968952576, 0.0007676560900716479, 0.000597065847833504, 0.0, 0.0, 0.0], [0.0, 0.0, 0.0, 0.00011299435028248587, 0.0004519774011299435, 0.0005649717514124294, 0.0007909604519774011, 0.0024858757062146894, 0.005310734463276836, 0.010282485875706215, 0.015593220338983051, 0.029265536723163843, 0.0496045197740113, 0.07254237288135593, 0.10610169491525424, 0.1334463276836158, 0.17231638418079095, 0.11242937853107345, 0.1623728813559322, 0.05220338983050848, 0.026440677966101694, 0.03096045197740113, 0.008022598870056498, 0.0030508474576271187, 0.0030508474576271187, 0.0006779661016949153, 0.0007909604519774011, 0.0007909604519774011, 0.00033898305084745765, 0.0, 0.0, 0.0, 0.0], [0.0, 0.0037313432835820895, 0.0, 0.0037313432835820895, 0.0037313432835820895, 0.018656716417910446, 0.026119402985074626, 0.04477611940298507, 0.0708955223880597, 0.041044776119402986, 0.03731343283582089, 0.08208955223880597, 0.06343283582089553, 0.12686567164179105, 0.11940298507462686, 0.11567164179104478, 0.08208955223880597, 0.048507462686567165, 0.048507462686567165, 0.014925373134328358, 0.011194029850746268, 0.018656716417910446, 0.0037313432835820895, 0.014925373134328358, 0.0, 0.0, 0.0, 0.0, 0.0, 0.0, 0.0, 0.0, 0.0]]}, "ranks": {"labels": ["Unranked", "Combatatent I", "Combatatent II", "Challenger I", "Challenger II", "Rival I", "Rival II", "Duelist", "Elite"], "data": [[0.15024630541871922, 0.1921182266009852, 0.23645320197044334, 0.19950738916256158, 0.1206896551724138, 0.059113300492610835, 0.019704433497536946, 0.014778325123152709, 0.007389162561576354], [0.05379850016302576, 0.08999021845451581, 0.17248125203782197, 0.25432018258884903, 0.23834365829801107, 0.13628953374633193, 0.03195304858167591, 0.0156504727746984, 0.007173133355070101], [0.007423822714681441, 0.013407202216066482, 0.03168975069252077, 0.11102493074792244, 0.3216620498614958, 0.32210526315789473, 0.0828808864265928, 0.08487534626038781, 0.024930747922437674], [0.015013744977796574, 0.024846690632268978, 0.05656587016282512, 0.10076126030873335, 0.32459293719602456, 0.2950941002326073, 0.0896595474730387, 0.07781772044829774, 0.015648128568407697], [0.17985611510791366, 0.16546762589928057, 0.22302158273381295, 0.17985611510791366, 0.07913669064748201, 0.1223021582733813, 0.02158273381294964, 0.02877697841726619, 0.0], [0.02115640230394329, 0.05095259193619849, 0.13535666814355338, 0.23803721754541426, 0.25753212228622063, 0.16537439078422686, 0.05460788657509969, 0.059924678777137794, 0.017058041648205582], [0.08331320936971746, 0.1188118811881188, 0.20357401593817917, 0.23641632455928518, 0.19125815020526443, 0.09273122434194639, 0.028978507606858248, 0.031151895677372615, 0.013764791113257667], [0.2468354430379747, 0.23734177215189872, 0.21518987341772153, 0.13924050632911392, 0.07911392405063292, 0.04746835443037975, 0.0189873417721519, 0.015822784810126583, 0.0], [0.03242617255356109, 0.06079907353792704, 0.09708550472881683, 0.3035128353599691, 0.24927620150550087, 0.13414398764717236, 0.052692530399536766, 0.053947114456668596, 0.016116579810847326], [0.013888888888888888, 0.024603174603174603, 0.054365079365079366, 0.12936507936507938, 0.1873015873015873, 0.21587301587301588, 0.11428571428571428, 0.16746031746031745, 0.09285714285714286], [0.03911342894393742, 0.06675358539765319, 0.14002607561929595, 0.22190352020860496, 0.24537157757496741, 0.17027379400260756, 0.05528031290743155, 0.046414602346805736, 0.014863102998696219], [0.08181975436775644, 0.13855734302023873, 0.22314478463933576, 0.2556651098425878, 0.17626708181975437, 0.07455457533298737, 0.025774087528109325, 0.020930634838263275, 0.003286628610966961], [0.01516263145023233, 0.03558327219369039, 0.140498899486427, 0.2593543653705062, 0.27549523110785035, 0.16837857666911224, 0.04866715578381022, 0.045854732208363905, 0.011005135730007337], [0.0385686736661667, 0.07992286265266767, 0.15909577887293766, 0.22337690164988216, 0.2345189629312192, 0.1468823655453182, 0.05303192629097921, 0.049067923719734306, 0.015534604671094921], [0.013986013986013986, 0.04376268892397925, 0.1182043762688924, 0.2161064741709903, 0.27723889014211595, 0.1894879314234153, 0.06767426122264832, 0.058876607263704035, 0.01466275659824047], [0.04120498614958449, 0.07929362880886427, 0.15477839335180055, 0.20914127423822715, 0.2330332409972299, 0.14300554016620498, 0.0564404432132964, 0.06024930747922438, 0.022853185595567867], [0.042769426212153294, 0.08342155409697226, 0.1772178699978827, 0.2439127673089138, 0.22231632437010374, 0.14185898793139953, 0.039805208553885245, 0.037899640059284354, 0.01079822146940504], [0.028752235520704363, 0.07029852799559774, 0.16178291374329343, 0.24982803686889532, 0.24418764616866143, 0.1604072086944559, 0.03879488237721832, 0.0353556197551245, 0.010592928876048974], [0.1487603305785124, 0.12396694214876033, 0.1487603305785124, 0.1487603305785124, 0.2231404958677686, 0.049586776859504134, 0.049586776859504134, 0.04132231404958678, 0.06611570247933884], [0.009156378600823046, 0.018930041152263374, 0.15915637860082305, 0.2698559670781893, 0.2886831275720165, 0.148559670781893, 0.04876543209876543, 0.04465020576131687, 0.012242798353909465], [0.01060829864374916, 0.026990734523969384, 0.0743923727675574, 0.17590976232039748, 0.2827984423257688, 0.2239828118705519, 0.08996911507989795, 0.0875520343762589, 0.027796428091849068], [0.025888466177971605, 0.0600352602765148, 0.1143175280690359, 0.18353901827966967, 0.24181126473044445, 0.19857103089913705, 0.08026352417184746, 0.07887167115152639, 0.01670223624385265], [0.02773246329526917, 0.04404567699836868, 0.1468189233278956, 0.2822185970636215, 0.2805872756933116, 0.1631321370309951, 0.040783034257748776, 0.013050570962479609, 0.0016313213703099511], [0.007586263153601436, 0.02031160779835223, 0.058487641732604616, 0.21837017701280692, 0.27196345542050737, 0.24096582102944775, 0.07602577698017783, 0.08679337629496696, 0.01949588057753487], [0.008953042207198976, 0.028960350813082406, 0.08012059199707655, 0.15110542663986845, 0.4122967293988672, 0.21076192216334735, 0.06175771971496437, 0.04101955052073817, 0.005024666544856568], [0.025282606053239332, 0.05664276163850735, 0.12033548073416798, 0.2211012519752036, 0.2699647502127142, 0.1770997933633159, 0.06211255621733317, 0.057979822535553664, 0.00948097726996475], [0.014821148639019524, 0.03919053726663817, 0.10275046316089496, 0.21861194242553797, 0.2493943280604247, 0.21319652273051162, 0.06512754738492234, 0.07068547812455465, 0.026222032207496082], [0.059197096847357675, 0.10660013608528011, 0.1837151281469721, 0.24427307779541846, 0.21955091857564074, 0.12202313449761851, 0.03061918802449535, 0.026536629621229303, 0.0074846904059877525], [0.05099562894609033, 0.08062166100048568, 0.14813016027197667, 0.21612433220009714, 0.2540067994171928, 0.14764448761534726, 0.043710539096648855, 0.04711024769305488, 0.011656143759106362], [0.04526445264452644, 0.0865928659286593, 0.18056580565805658, 0.27601476014760146, 0.21476014760147602, 0.11402214022140221, 0.036408364083640836, 0.03628536285362854, 0.01008610086100861], [0.02568351284175642, 0.0531897265948633, 0.14150787075393537, 0.21888980944490471, 0.24125932062966032, 0.16652858326429162, 0.05965202982601491, 0.0636288318144159, 0.029660314830157415], [0.028742283950617283, 0.06770833333333333, 0.15027006172839505, 0.23765432098765432, 0.24305555555555555, 0.16531635802469136, 0.05169753086419753, 0.040123456790123455, 0.015432098765432098], [0.01354719843936274, 0.06914490083450743, 0.18976915573859326, 0.2778801343882085, 0.25132762544705756, 0.12647664462989053, 0.041508616018207434, 0.02611899859109136, 0.004226725913081175], [0.022561998881223195, 0.059295170613462615, 0.1648331157933992, 0.2683199701659519, 0.25918329293305986, 0.12660824165578968, 0.04810740257318665, 0.03691963453291069, 0.014171172851016222], [0.015987521934100215, 0.036459348800935855, 0.09767985962175862, 0.2170013647884578, 0.2700331448625463, 0.21290699941509067, 0.06628972509261065, 0.06550984597387405, 0.018132189510625854], [0.018010291595197257, 0.05513354569958344, 0.15474148493016418, 0.24087233521195786, 0.23523646165155598, 0.16846361185983827, 0.051457975986277875, 0.056848811565792697, 0.019235481499632442], [0.007847151142954622, 0.025162060730126237, 0.06414193108154213, 0.12623677925622653, 0.33538041624019105, 0.26970317297850566, 0.08358921869669055, 0.07122142613442511, 0.01671784373933811], [0.02, 0.04485875706214689, 0.12214689265536723, 0.23954802259887006, 0.2847457627118644, 0.19141242937853106, 0.0496045197740113, 0.04203389830508475, 0.005649717514124294], [0.2126865671641791, 0.11940298507462686, 0.19029850746268656, 0.23507462686567165, 0.13059701492537312, 0.05223880597014925, 0.022388059701492536, 0.03731343283582089, 0.0]]}, "ranksDetailed": {"labels": ["Unranked", "Combatatant", "Challenger", "Rival", "Duelist", "Elite"], "data": [[0.15024630541871922, 0.42857142857142855, 0.32019704433497537, 0.07881773399014778, 0.014778325123152709, 0.007389162561576354], [0.05379850016302576, 0.26247147049233777, 0.4926638408868601, 0.16824258232800782, 0.0156504727746984, 0.007173133355070101], [0.007423822714681441, 0.04509695290858726, 0.4326869806094183, 0.40498614958448753, 0.08487534626038781, 0.024930747922437674], [0.015013744977796574, 0.0814125607950941, 0.4253541975047579, 0.384753647705646, 0.07781772044829774, 0.015648128568407697], [0.17985611510791366, 0.38848920863309355, 0.2589928057553957, 0.14388489208633093, 0.02877697841726619, 0.0], [0.02115640230394329, 0.18630926007975188, 0.4955693398316349, 0.21998227735932654, 0.059924678777137794, 0.017058041648205582], [0.08331320936971746, 0.322385897126298, 0.4276744747645496, 0.12170973194880463, 0.031151895677372615, 0.013764791113257667], [0.2468354430379747, 0.4525316455696203, 0.21835443037974683, 0.06645569620253164, 0.015822784810126583, 0.0], [0.03242617255356109, 0.15788457826674387, 0.55278903686547, 0.18683651804670912, 0.053947114456668596, 0.016116579810847326], [0.013888888888888888, 0.07896825396825397, 0.31666666666666665, 0.33015873015873015, 0.16746031746031745, 0.09285714285714286], [0.03911342894393742, 0.20677966101694914, 0.46727509778357235, 0.2255541069100391, 0.046414602346805736, 0.014863102998696219], [0.08181975436775644, 0.3617021276595745, 0.43193219166234215, 0.10032866286109669, 0.020930634838263275, 0.003286628610966961], [0.01516263145023233, 0.1760821716801174, 0.5348495964783566, 0.21704573245292247, 0.045854732208363905, 0.011005135730007337], [0.0385686736661667, 0.2390186415256053, 0.4578958645811014, 0.19991429183629741, 0.049067923719734306, 0.015534604671094921], [0.013986013986013986, 0.16196706519287166, 0.49334536431310627, 0.2571621926460636, 0.058876607263704035, 0.01466275659824047], [0.04120498614958449, 0.23407202216066483, 0.4421745152354571, 0.1994459833795014, 0.06024930747922438, 0.022853185595567867], [0.042769426212153294, 0.26063942409485497, 0.46622909167901755, 0.18166419648528478, 0.037899640059284354, 0.01079822146940504], [0.028752235520704363, 0.23208144173889117, 0.4940156830375568, 0.19920209107167422, 0.0353556197551245, 0.010592928876048974], [0.1487603305785124, 0.2727272727272727, 0.371900826446281, 0.09917355371900827, 0.04132231404958678, 0.06611570247933884], [0.009156378600823046, 0.17808641975308642, 0.5585390946502058, 0.19732510288065844, 0.04465020576131687, 0.012242798353909465], [0.01060829864374916, 0.10138310729152679, 0.45870820464616624, 0.3139519269504498, 0.0875520343762589, 0.027796428091849068], [0.025888466177971605, 0.1743527883455507, 0.4253502830101141, 0.2788345550709845, 0.07887167115152639, 0.01670223624385265], [0.02773246329526917, 0.19086460032626426, 0.5628058727569332, 0.2039151712887439, 0.013050570962479609, 0.0016313213703099511], [0.007586263153601436, 0.07879924953095685, 0.4903336324333143, 0.31699159800962556, 0.08679337629496696, 0.01949588057753487], [0.008953042207198976, 0.10908094281015897, 0.5634021560387356, 0.27251964187831174, 0.04101955052073817, 0.005024666544856568], [0.025282606053239332, 0.17697824237267534, 0.49106600218791785, 0.23921234958064908, 0.057979822535553664, 0.00948097726996475], [0.014821148639019524, 0.14194100042753313, 0.46800627048596266, 0.2783240701154339, 0.07068547812455465, 0.026222032207496082], [0.059197096847357675, 0.29031526423225223, 0.4638239963710592, 0.15264232252211385, 0.026536629621229303, 0.0074846904059877525], [0.05099562894609033, 0.22875182127246235, 0.4701311316172899, 0.1913550267119961, 0.04711024769305488, 0.011656143759106362], [0.04526445264452644, 0.26715867158671586, 0.4907749077490775, 0.15043050430504304, 0.03628536285362854, 0.01008610086100861], [0.02568351284175642, 0.19469759734879868, 0.46014913007456504, 0.22618061309030654, 0.0636288318144159, 0.029660314830157415], [0.028742283950617283, 0.2179783950617284, 0.4807098765432099, 0.2170138888888889, 0.040123456790123455, 0.015432098765432098], [0.01354719843936274, 0.2589140565731007, 0.529207759835266, 0.16798526064809796, 0.02611899859109136, 0.004226725913081175], [0.022561998881223195, 0.22412828640686183, 0.5275032630990117, 0.1747156442289763, 0.03691963453291069, 0.014171172851016222], [0.015987521934100215, 0.13413920842269447, 0.4870345096510041, 0.27919672450770133, 0.06550984597387405, 0.018132189510625854], [0.018010291595197257, 0.2098750306297476, 0.4761087968635139, 0.21992158784611615, 0.056848811565792697, 0.019235481499632442], [0.007847151142954622, 0.08930399181166837, 0.4616171954964176, 0.35329239167519616, 0.07122142613442511, 0.01671784373933811], [0.02, 0.16700564971751414, 0.5242937853107345, 0.24101694915254238, 0.04203389830508475, 0.005649717514124294], [0.2126865671641791, 0.30970149253731344, 0.3656716417910448, 0.07462686567164178, 0.03731343283582089, 0.0]]}}}, "eu": {"histType": {"histogram": {"labels": ["0", "100", "200", "300", "400", "500", "600", "700", "800", "900", "1000", "1100", "1200", "1300", "1400", "1500", "1600", "1700", "1800", "1900", "2000", "2100", "2200", "2300", "2400", "2500", "2600", "2700", "2800", "2900", "3000", "3100", "3200"], "data": [[0.0, 0.0, 0.003105590062111801, 0.0, 0.0, 0.006211180124223602, 0.015527950310559006, 0.021739130434782608, 0.059006211180124224, 0.08385093167701864, 0.08074534161490683, 0.09316770186335403, 0.06521739130434782, 0.13354037267080746, 0.13043478260869565, 0.10248447204968944, 0.07763975155279502, 0.046583850931677016, 0.031055900621118012, 0.027950310559006212, 0.009316770186335404, 0.009316770186335404, 0.003105590062111801, 0.0, 0.0, 0.0, 0.0, 0.0, 0.0, 0.0, 0.0, 0.0, 0.0], [0.00035075412136092597, 0.0, 0.0007015082427218519, 0.0007015082427218519, 0.001052262364082778, 0.004209049456331112, 0.005962820063135742, 0.010171869519466853, 0.021746755524377413, 0.030164854437039635, 0.04033672395650649, 0.06278498772360576, 0.0782181690634865, 0.10242020343739039, 0.13188354963170817, 0.13012977902490355, 0.14240617327253596, 0.07225534900035076, 0.09786039985969835, 0.026657313223430377, 0.016134689582602595, 0.011224131883549631, 0.0056120659417748155, 0.0028060329708874078, 0.0028060329708874078, 0.0007015082427218519, 0.0007015082427218519, 0.0, 0.0, 0.0, 0.0, 0.0, 0.0], [0.0, 0.0, 0.0, 0.00011120996441281138, 0.00011120996441281138, 0.00011120996441281138, 0.00011120996441281138, 0.0010008896797153025, 0.0017793594306049821, 0.002557829181494662, 0.005782918149466192, 0.009452846975088969, 0.012900355871886121, 0.01590302491103203, 0.06138790035587188, 0.1271129893238434, 0.1885008896797153, 0.11921708185053381, 0.2479982206405694, 0.07061832740213524, 0.043483096085409255, 0.04715302491103203, 0.017015124555160143, 0.008563167259786477, 0.010898576512455516, 0.004114768683274021, 0.002224199288256228, 0.0012233096085409252, 0.0003336298932384342, 0.0003336298932384342, 0.0, 0.0, 0.0], [0.0, 0.0, 0.0, 0.00010124531740407007, 0.00010124531740407007, 0.00020249063480814013, 0.0007087172218284905, 0.0019236610306773312, 0.0025311329351017514, 0.0057709830920319935, 0.011440720866659917, 0.01771793054571226, 0.021767743241875064, 0.02824744355573555, 0.044851675610003035, 0.058519793459552494, 0.21565252607066923, 0.14731193682292193, 0.2218284904323175, 0.08798218082413688, 0.045256656879619314, 0.04961020552799433, 0.01468057102359016, 0.007087172218284904, 0.011440720866659917, 0.003138604839526172, 0.0009112078566366306, 0.0006074719044244204, 0.0003037359522122102, 0.0003037359522122102, 0.0, 0.0, 0.0], [0.0, 0.0, 0.0, 0.0, 0.0, 0.022727272727272728, 0.022727272727272728, 0.06060606060606061, 0.06818181818181818, 0.05303030303030303, 0.06060606060606061, 0.10606060606060606, 0.07575757575757576, 0.045454545454545456, 0.06060606060606061, 0.15151515151515152, 0.007575757575757576, 0.10606060606060606, 0.030303030303030304, 0.045454545454545456, 0.045454545454545456, 0.0, 0.007575757575757576, 0.007575757575757576, 0.022727272727272728, 0.0, 0.0, 0.0, 0.0, 0.0, 0.0, 0.0, 0.0], [0.0, 0.00011122233344455567, 0.00011122233344455567, 0.00022244466688911134, 0.000333667000333667, 0.000222444666889