{"region": {"us": {"histType": {"histogram": {"labels": ["0", "100", "200", "300", "400", "500", "600", "700", "800", "900", "1000", "1100", "1200", "1300", "1400", "1500", "1600", "1700", "1800", "1900", "2000", "2100", "2200", "2300", "2400", "2500", "2600", "2700"], "data": [[0.0, 0.0, 0.0, 0.0, 0.0, 0.0, 0.04411764705882353, 0.014705882352941176, 0.10294117647058823, 0.11764705882352941, 0.07352941176470588, 0.14705882352941177, 0.07352941176470588, 0.14705882352941177, 0.11764705882352941, 0.07352941176470588, 0.014705882352941176, 0.0, 0.07352941176470588, 0.0, 0.0, 0.0, 0.0, 0.0, 0.0, 0.0, 0.0, 0.0], [0.0, 0.0022271714922048997, 0.0, 0.0011135857461024498, 0.0011135857461024498, 0.0022271714922048997, 0.0077951002227171495, 0.013363028953229399, 0.0200445434298441, 0.03897550111358575, 0.060133630289532294, 0.07015590200445435, 0.1091314031180401, 0.12360801781737193, 0.16146993318485522, 0.09799554565701558, 0.10356347438752785, 0.05456570155902005, 0.07683741648106904, 0.017817371937639197, 0.013363028953229399, 0.014476614699331848, 0.0077951002227171495, 0.0022271714922048997, 0.0, 0.0, 0.0, 0.0], [0.0, 0.0, 0.0, 0.0, 0.0005263157894736842, 0.0, 0.0010526315789473684, 0.004210526315789474, 0.016842105263157894, 0.019473684210526317, 0.031578947368421054, 0.05473684210526316, 0.09368421052631579, 0.12052631578947369, 0.13263157894736843, 0.12842105263157894, 0.13789473684210526, 0.08, 0.10052631578947369, 0.030526315789473683, 0.016842105263157894, 0.017368421052631578, 0.008421052631578947, 0.003157894736842105, 0.0015789473684210526, 0.0, 0.0, 0.0], [0.0, 0.0, 0.0, 0.0, 0.0003056234718826406, 0.0012224938875305623, 0.003973105134474328, 0.007029339853300734, 0.01558679706601467, 0.02750611246943765, 0.04156479217603912, 0.04462102689486552, 0.08557457212713937, 0.10452322738386308, 0.12927872860635697, 0.12897310513447433, 0.1528117359413203, 0.09138141809290953, 0.08893643031784841, 0.032090464547677264, 0.017114914425427872, 0.01589242053789731, 0.004889975550122249, 0.0033618581907090463, 0.002139364303178484, 0.0012224938875305623, 0.0, 0.0], [0.0, 0.0, 0.0, 0.0, 0.0, 0.0, 0.0, 0.07142857142857142, 0.07142857142857142, 0.07142857142857142, 0.10714285714285714, 0.10714285714285714, 0.0, 0.10714285714285714, 0.0, 0.07142857142857142, 0.10714285714285714, 0.07142857142857142, 0.10714285714285714, 0.03571428571428571, 0.0, 0.0, 0.03571428571428571, 0.03571428571428571, 0.0, 0.0, 0.0, 0.0], [0.0, 0.0, 0.0, 0.0, 0.0, 0.0002443195699975568, 0.0004886391399951136, 0.0034204739799657954, 0.005863669679941363, 0.01832396774981676, 0.02589787441974102, 0.040312729049596874, 0.07085267529929147, 0.10041534326899584, 0.12411434155875886, 0.12533593940874663, 0.14292694844857073, 0.09870510627901295, 0.09919374541900806, 0.04984119227950159, 0.02907402882970926, 0.03738089420962619, 0.01294893720987051, 0.00610798924993892, 0.004886391399951136, 0.003664793549963352, 0.0, 0.0], [0.0, 0.0007142857142857143, 0.0007142857142857143, 0.0014285714285714286, 0.0014285714285714286, 0.002142857142857143, 0.004285714285714286, 0.012857142857142857, 0.025, 0.04285714285714286, 0.06, 0.08571428571428572, 0.12428571428571429, 0.1357142857142857, 0.12357142857142857, 0.10285714285714286, 0.09142857142857143, 0.055714285714285716, 0.045714285714285714, 0.022857142857142857, 0.015, 0.02, 0.015, 0.0035714285714285713, 0.005, 0.002142857142857143, 0.0, 0.0], [0.0, 0.0, 0.0, 0.024691358024691357, 0.012345679012345678, 0.0, 0.037037037037037035, 0.12345679012345678, 0.14814814814814814, 0.12345679012345678, 0.08641975308641975, 0.13580246913580246, 0.09876543209876543, 0.09876543209876543, 0.04938271604938271, 0.0, 0.012345679012345678, 0.037037037037037035, 0.012345679012345678, 0.0, 0.0, 0.0, 0.0, 0.0, 0.0, 0.0, 0.0, 0.0], [0.0005141388174807198, 0.0002570694087403599, 0.0010282776349614395, 0.0007712082262210797, 0.0017994858611825194, 0.004370179948586119, 0.006683804627249357, 0.014395886889460155, 0.032133676092544985, 0.06401028277634961, 0.080719794344473, 0.09331619537275064, 0.12236503856041131, 0.12673521850899744, 0.11516709511568124, 0.08586118251928021, 0.07686375321336761, 0.04447300771208226, 0.05038560411311054, 0.02570694087403599, 0.02082262210796915, 0.01953727506426735, 0.007455012853470437, 0.003084832904884319, 0.0007712082262210797, 0.0007712082262210797, 0.0, 0.0], [0.0, 0.0, 0.0, 0.0, 0.0, 0.001829268292682927, 0.006097560975609756, 0.006707317073170732, 0.01707317073170732, 0.025609756097560974, 0.03780487804878049, 0.057926829268292686, 0.08597560975609755, 0.12134146341463414, 0.11890243902439024, 0.1402439024390244, 0.15182926829268292, 0.07682926829268293, 0.07439024390243902, 0.03048780487804878, 0.01097560975609756, 0.020731707317073172, 0.007317073170731708, 0.00548780487804878, 0.0024390243902439024, 0.0, 0.0, 0.0], [0.0003966679888932963, 0.0, 0.0, 0.001190003966679889, 0.0019833399444664813, 0.002776675922253074, 0.006743355811186037, 0.011503371677905593, 0.027766759222530742, 0.04760015866719556, 0.08250694168980563, 0.09401031336771122, 0.13209044030146766, 0.1281237604125347, 0.1281237604125347, 0.09599365331217771, 0.08092026973423244, 0.04958349861166204, 0.046806822689408965, 0.02697342324474415, 0.012693375644585482, 0.010313367711225704, 0.007140023800079333, 0.002776675922253074, 0.0019833399444664813, 0.0, 0.0, 0.0], [0.0, 0.0, 0.0, 0.00033875338753387534, 0.0, 0.0006775067750677507, 0.0027100271002710027, 0.006097560975609756, 0.013888888888888888, 0.024390243902439025, 0.03489159891598916, 0.05962059620596206, 0.08333333333333333, 0.10060975609756098, 0.14159891598915988, 0.12669376693766937, 0.15311653116531165, 0.07723577235772358, 0.08976964769647697, 0.03523035230352303, 0.01592140921409214, 0.019308943089430895, 0.008807588075880758, 0.0020325203252032522, 0.0037262872628726286, 0.0, 0.0, 0.0], [0.0, 0.0, 0.0, 0.0003705075954057058, 0.0007410151908114116, 0.0014820303816228233, 0.004816598740274175, 0.007039644312708411, 0.021859948128936643, 0.04520192663949611, 0.07076695072248981, 0.09188588366061504, 0.11189329381252315, 0.13115968877361986, 0.14375694701741384, 0.11559836976658021, 0.09892552797332345, 0.0507595405705817, 0.054464616524638756, 0.02111893293812523, 0.011856243052982586, 0.007410151908114116, 0.005557613931085587, 0.0011115227862171174, 0.0014820303816228233, 0.0007410151908114116, 0.0, 0.0], [0.0, 0.0, 0.0, 0.0, 0.0, 0.0, 0.001088139281828074, 0.001632208922742111, 0.003264417845484222, 0.00544069640914037, 0.022850924918389554, 0.035908596300326445, 0.058759521218716, 0.088139281828074, 0.1235038084874864, 0.132208922742111, 0.17845484221980412, 0.10282916213275299, 0.11262241566920565, 0.051142546245919476, 0.029923830250272034, 0.03264417845484222, 0.009793253536452665, 0.004352557127312296, 0.004352557127312296, 0.001088139281828074, 0.0, 0.0], [0.0, 0.0, 0.0, 0.0021141649048625794, 0.0021141649048625794, 0.0, 0.0021141649048625794, 0.008456659619450317, 0.021141649048625793, 0.03805496828752643, 0.06765327695560254, 0.10570824524312897, 0.10782241014799154, 0.12050739957716702, 0.09725158562367865, 0.09936575052854123, 0.1014799154334038, 0.06765327695560254, 0.06765327695560254, 0.02748414376321353, 0.023255813953488372, 0.010570824524312896, 0.010570824524312896, 0.008456659619450317, 0.010570824524312896, 0.0, 0.0, 0.0], [0.00044682752457551384, 0.0, 0.00044682752457551384, 0.0, 0.0008936550491510277, 0.0008936550491510277, 0.002234137622877569, 0.006702412868632708, 0.012511170688114389, 0.021894548704200177, 0.03708668453976765, 0.049151027703306524, 0.09651474530831099, 0.10857908847184987, 0.14075067024128687, 0.14343163538873996, 0.13092046470062557, 0.08042895442359249, 0.07462019660411082, 0.04066130473637176, 0.01519213583556747, 0.020107238605898123, 0.006702412868632708, 0.004468275245755138, 0.004021447721179625, 0.0013404825737265416, 0.0, 0.0], [0.0, 0.0, 0.0, 0.0, 0.0010869565217391304, 0.0005434782608695652, 0.003260869565217391, 0.009782608695652175, 0.015217391304347827, 0.03206521739130435, 0.06739130434782609, 0.0891304347826087, 0.1125, 0.1331521739130435, 0.12934782608695652, 0.10434782608695652, 0.12554347826086956, 0.06521739130434782, 0.06576086956521739, 0.016304347826086956, 0.009782608695652175, 0.011956521739130435, 0.002717391304347826, 0.0016304347826086956, 0.002717391304347826, 0.0005434782608695652, 0.0, 0.0], [0.0, 0.0, 0.0, 0.0, 0.0, 0.0, 0.0, 0.0, 0.05, 0.15, 0.1, 0.1, 0.15, 0.1, 0.1, 0.05, 0.05, 0.05, 0.05, 0.0, 0.05, 0.0, 0.0, 0.0, 0.0, 0.0, 0.0, 0.0], [0.0, 0.00022153300841825432, 0.0, 0.00022153300841825432, 0.000664599025254763, 0.00022153300841825432, 0.000664599025254763, 0.001993797075764289, 0.006424457244129375, 0.01484271156402304, 0.028356225077536552, 0.03721754541426672, 0.0717766947275144, 0.09237926451041205, 0.11652636242800177, 0.12826761187416924, 0.14377492246344706, 0.09326539654408507, 0.10323438192290652, 0.059149313247673904, 0.035223748338502434, 0.04563579973416039, 0.012184315463003987, 0.005981391227292867, 0.0017722640673460345, 0.0, 0.0, 0.0], [0.0, 0.0, 0.0, 0.0012578616352201257, 0.0, 0.0, 0.0025157232704402514, 0.0025157232704402514, 0.006289308176100629, 0.010062893081761006, 0.03270440251572327, 0.035849056603773584, 0.07672955974842767, 0.0880503144654088, 0.14528301886792452, 0.13836477987421383, 0.14150943396226415, 0.09371069182389936, 0.09371069182389936, 0.042767295597484274, 0.030817610062893082, 0.024528301886792454, 0.013836477987421384, 0.007547169811320755, 0.010691823899371069, 0.0012578616352201257, 0.0, 0.0], [0.0004110152075626798, 0.0, 0.0004110152075626798, 0.0012330456226880395, 0.0016440608302507192, 0.0036991368680641184, 0.004110152075626798, 0.013152486642005754, 0.02096177558569667, 0.03945745992601726, 0.07562679819153309, 0.09864364981504316, 0.12700369913686807, 0.14221126181668722, 0.13152486642005753, 0.10686395396629675, 0.0896013152486642, 0.04397862720920674, 0.0530209617755857, 0.01972872996300863, 0.014385532264693794, 0.007809288943690916, 0.0036991368680641184, 0.0004110152075626798, 0.0004110152075626798, 0.0, 0.0, 0.0], [0.0, 0.0, 0.0, 0.0, 0.0, 0.003676470588235294, 0.0, 0.0, 0.011029411764705883, 0.007352941176470588, 0.011029411764705883, 0.04411764705882353, 0.10294117647058823, 0.16544117647058823, 0.1875, 0.125, 0.16911764705882354, 0.11029411764705882, 0.03676470588235294, 0.022058823529411766, 0.003676470588235294, 0.0, 0.0, 0.0, 0.0, 0.0, 0.0, 0.0], [0.0, 0.0, 0.0, 0.00016531658125309968, 0.00016531658125309968, 0.00016531658125309968, 0.000495949743759299, 0.0016531658125309968, 0.006282030087617788, 0.013886592825260374, 0.023805587700446353, 0.040667878988262525, 0.07373119523888245, 0.09472640105802611, 0.13820466192759134, 0.13192263183997355, 0.1534137874028765, 0.09042816994544553, 0.12249958670854687, 0.045627376425855515, 0.016862291287816168, 0.027277235906761448, 0.008927095387667384, 0.00529013060009919, 0.002645065300049595, 0.0011572160687716977, 0.0, 0.0], [0.0, 0.00012426991425375916, 0.0003728097427612775, 0.00012426991425375916, 0.0003728097427612775, 0.000745619485522555, 0.0008698893997763141, 0.002112588542313906, 0.003106747856343979, 0.012551261339629676, 0.023114204051199204, 0.04871380638747359, 0.08848017894867652, 0.1281222815956257, 0.15595874238846774, 0.15024232633279483, 0.15409469367466136, 0.08301230272151112, 0.08413073194979495, 0.03268298744873866, 0.01665216851000373, 0.009941593140300733, 0.003106747856343979, 0.0009941593140300733, 0.0003728097427612775, 0.0, 0.0, 0.0], [0.0, 0.0, 0.0004677268475210477, 0.0, 0.0, 0.0018709073900841909, 0.001403180542563143, 0.00420954162768943, 0.011693171188026192, 0.021047708138447148, 0.04303086997193639, 0.06782039289055192, 0.11552853133769879, 0.11646398503274089, 0.1295603367633302, 0.10570626753975679, 0.12628624883068287, 0.07857811038353602, 0.08278765201122544, 0.03928905519176801, 0.0205799812909261, 0.017305893358278764, 0.011693171188026192, 0.00420954162768943, 0.0004677268475210477, 0.0, 0.0, 0.0], [0.0, 0.0, 0.0, 0.0, 0.0006232471174820816, 0.0, 0.0006232471174820816, 0.0015581177937052041, 0.004362729822374571, 0.006855718292302898, 0.0221252726706139, 0.028357743845434717, 0.058273605484574637, 0.08912433779993767, 0.10875662200062325, 0.1290121533187909, 0.15612340292926144, 0.08538485509504519, 0.13711436584605796, 0.05702711124961047, 0.035836709255219694, 0.034590215020255534, 0.024618261140542226, 0.009037083203490184, 0.008102212527267061, 0.0015581177937052041, 0.0009348706762231225, 0.0], [0.0, 0.0010695187165775401, 0.0, 0.0010695187165775401, 0.0, 0.0042780748663101605, 0.0042780748663101605, 0.016042780748663103, 0.04385026737967915, 0.05026737967914439, 0.0748663101604278, 0.10053475935828877, 0.10267379679144385, 0.13368983957219252, 0.11871657754010695, 0.09197860962566845, 0.08877005347593583, 0.06096256684491978, 0.05561497326203209, 0.023529411764705882, 0.014973262032085561, 0.009625668449197862, 0.0010695187165775401, 0.0, 0.0021390374331550803, 0.0, 0.0, 0.0], [0.0, 0.0, 0.0, 0.0, 0.0, 0.0, 0.008298755186721992, 0.04564315352697095, 0.04979253112033195, 0.07053941908713693, 0.11618257261410789, 0.0912863070539419, 0.06639004149377593, 0.12033195020746888, 0.14522821576763487, 0.07468879668049792, 0.0995850622406639, 0.03734439834024896, 0.05394190871369295, 0.008298755186721992, 0.004149377593360996, 0.004149377593360996, 0.004149377593360996, 0.0, 0.0, 0.0, 0.0, 0.0], [0.0, 0.0, 0.0, 0.0003246753246753247, 0.000974025974025974, 0.0022727272727272726, 0.005194805194805195, 0.00974025974025974, 0.015584415584415584, 0.02792207792207792, 0.05194805194805195, 0.0762987012987013, 0.11525974025974026, 0.13344155844155844, 0.1409090909090909, 0.1146103896103896, 0.1038961038961039, 0.058766233766233765, 0.07175324675324675, 0.025324675324675326, 0.013636363636363636, 0.02142857142857143, 0.005194805194805195, 0.0022727272727272726, 0.001948051948051948, 0.000974025974025974, 0.0003246753246753247, 0.0], [0.0, 0.0, 0.0, 0.0, 0.0, 0.0, 0.002449479485609308, 0.003061849357011635, 0.006736068585425597, 0.02020820575627679, 0.02694427434170239, 0.04286589099816289, 0.07409675443968157, 0.0838946723821188, 0.11512553582363748, 0.12614819350887937, 0.14084507042253522, 0.09491733006736068, 0.08879363135333741, 0.04715248009797918, 0.03551745254133497, 0.041641151255358236, 0.0226576852418861, 0.014696876913655848, 0.011022657685241886, 0.001224739742804654, 0.0, 0.0], [0.0, 0.0, 0.0, 0.0, 0.0, 0.0, 0.0013233348037053375, 0.00176444640494045, 0.0070577856197618, 0.013674459638288486, 0.026025584472871635, 0.04102337891486546, 0.07190119100132333, 0.12307013674459638, 0.14203793559770622, 0.12968681076312308, 0.13895015438906044, 0.08292898103220114, 0.09704455227172475, 0.04631671812968681, 0.030877812086457873, 0.030877812086457873, 0.007940008822232024, 0.0030877812086457872, 0.002646669607410675, 0.00176444640494045, 0.0, 0.0], [0.0005070993914807302, 0.0, 0.0002535496957403651, 0.0005070993914807302, 0.0002535496957403651, 0.002789046653144016, 0.002535496957403651, 0.005070993914807302, 0.00988843813387424, 0.02484787018255578, 0.050202839756592295, 0.06592292089249494, 0.10294117647058823, 0.12271805273833672, 0.13260649087221096, 0.12373225152129817, 0.12829614604462475, 0.07860040567951318, 0.06795131845841786, 0.0327079107505071, 0.02129817444219067, 0.016480730223123734, 0.007099391480730223, 0.002028397565922921, 0.0007606490872210953, 0.0, 0.0, 0.0], [0.0, 0.0, 0.0, 0.0, 0.0007575757575757576, 0.0, 0.0, 0.0007575757575757576, 0.005303030303030303, 0.012878787878787878, 0.04242424242424243, 0.05606060606060606, 0.09772727272727273, 0.10681818181818181, 0.14242424242424243, 0.15454545454545454, 0.12045454545454545, 0.08333333333333333, 0.07196969696969698, 0.04015151515151515, 0.02878787878787879, 0.015909090909090907, 0.012878787878787878, 0.0030303030303030303, 0.003787878787878788, 0.0, 0.0, 0.0], [0.0, 0.0, 0.0, 0.0, 0.0, 0.0004892367906066536, 0.0014677103718199608, 0.002446183953033268, 0.003424657534246575, 0.003424657534246575, 0.010763209393346379, 0.026418786692759294, 0.03913894324853229, 0.05968688845401174, 0.08953033268101761, 0.11154598825831702, 0.15117416829745597, 0.10322896281800391, 0.1423679060665362, 0.07925636007827788, 0.046966731898238745, 0.0684931506849315, 0.030821917808219176, 0.015166340508806261, 0.011252446183953033, 0.0029354207436399216, 0.0, 0.0], [0.0, 0.0, 0.0, 0.0, 0.00024455857177794083, 0.0, 0.00024455857177794083, 0.0031792614331132307, 0.003668378576669112, 0.011494252873563218, 0.020053802885791148, 0.044998777207141114, 0.08045977011494253, 0.11787723159696747, 0.14159941305942772, 0.12325752017608217, 0.12472487160674982, 0.0892638786989484, 0.10809488872584984, 0.04548789435069699, 0.02959158718513084, 0.031792614331132306, 0.016385424309122036, 0.002690144289557349, 0.0046466128637808754, 0.00024455857177794083, 0.0, 0.0], [0.0, 0.0, 0.00018878610534264677, 0.0, 0.0, 0.00018878610534264677, 0.0005663583160279403, 0.0020766471587691147, 0.005663583160279403, 0.01642439116481027, 0.032282424013592596, 0.0589012648669058, 0.09835756088351898, 0.13177270152916745, 0.16122333396262034, 0.14140079290164245, 0.12799697942231453, 0.06192184255238815, 0.0879743250896734, 0.02812912969605437, 0.016046818954124978, 0.01585803284878233, 0.007929016424391165, 0.0022654332641117614, 0.002454219369454408, 0.00037757221068529355, 0.0, 0.0], [0.0, 0.0, 0.0, 0.0, 0.0, 0.00044306601683650863, 0.0011076650420912715, 0.0017722640673460345, 0.006202924235711121, 0.012184315463003987, 0.021710234824988923, 0.041426672574213556, 0.07465662383695171, 0.11431103234381923, 0.153300841825432, 0.14997784669915817, 0.16814355338945502, 0.07753655294638902, 0.10101905183872396, 0.031679220203810365, 0.017279574656623838, 0.0179441736818786, 0.00509525919361985, 0.0028799291094373063, 0.001329198050509526, 0.0, 0.0, 0.0], [0.0, 0.0, 0.0, 0.0, 0.0, 0.05, 0.05, 0.11666666666666667, 0.11666666666666667, 0.1, 0.03333333333333333, 0.03333333333333333, 0.08333333333333333, 0.08333333333333333, 0.06666666666666667, 0.11666666666666667, 0.03333333333333333, 0.06666666666666667, 0.016666666666666666, 0.016666666666666666, 0.016666666666666666, 0.0, 0.0, 0.0, 0.0, 0.0, 0.0, 0.0]]}, "ranks": {"labels": ["Unranked", "Combatatent I", "Combatatent II", "Challenger I", "Challenger II", "Rival I", "Rival II", "Duelist", "Elite"], "data": [[0.27941176470588236, 0.22058823529411764, 0.22058823529411764, 0.19117647058823528, 0.014705882352941176, 0.07352941176470588, 0.0, 0.0, 0.0], [0.08685968819599109, 0.13028953229398663, 0.23273942093541203, 0.2594654788418708, 0.15812917594654788, 0.08685968819599109, 0.021158129175946547, 0.024498886414253896, 0.0], [0.042105263157894736, 0.0863157894736842, 0.21421052631578946, 0.26105263157894737, 0.21789473684210525, 0.11578947368421053, 0.032105263157894734, 0.02894736842105263, 0.0015789473684210526], [0.055623471882640586, 0.08618581907090464, 0.19009779951100245, 0.25825183374083127, 0.24419315403422984, 0.10788508557457213, 0.03025672371638142, 0.024144254278728607, 0.0033618581907090463], [0.21428571428571427, 0.21428571428571427, 0.10714285714285714, 0.07142857142857142, 0.17857142857142858, 0.14285714285714285, 0.0, 0.07142857142857142, 0.0], [0.02834107011971659, 0.0662106034693379, 0.17126801856828733, 0.2494502809675055, 0.24163205472758367, 0.12655753725873442, 0.051551429269484486, 0.056437820669435625, 0.008551184949914489], [0.09142857142857143, 0.1457142857142857, 0.26, 0.22642857142857142, 0.14714285714285713, 0.05857142857142857, 0.025, 0.03857142857142857, 0.007142857142857143], [0.4691358024691358, 0.2222222222222222, 0.19753086419753085, 0.04938271604938271, 0.04938271604938271, 0.012345679012345678, 0.0, 0.0, 0.0], [0.12596401028277635, 0.17403598971722364, 0.24910025706940875, 0.20102827763496145, 0.12133676092544987, 0.06401028277634961, 0.032904884318766064, 0.030077120822622108, 0.0015424164524421595], [0.05731707317073171, 0.09573170731707317, 0.2073170731707317, 0.25914634146341464, 0.22865853658536586, 0.09268292682926829, 0.023170731707317073, 0.03353658536585366, 0.0024390243902439024], [0.09996033320111067, 0.17651725505751686, 0.26021420071400236, 0.22411741372471242, 0.1305037683458945, 0.06227687425624752, 0.024196747322491077, 0.02023006743355811, 0.0019833399444664813], [0.048102981029810296, 0.09451219512195122, 0.1839430894308943, 0.2682926829268293, 0.23035230352303523, 0.10941734417344173, 0.031504065040650404, 0.030149051490514906, 0.0037262872628726286], [0.08151167098925528, 0.16265283438310485, 0.24305298258614302, 0.2593553167839941, 0.14968506854390515, 0.06632085957762134, 0.02111893293812523, 0.014079288625416821, 0.002223045572434235], [0.011425462459194777, 0.058759521218716, 0.14689880304678998, 0.25571273122959737, 0.2812840043525571, 0.14798694232861806, 0.04570184983677911, 0.046789989118607184, 0.00544069640914037], [0.07399577167019028, 0.1733615221987315, 0.22832980972515857, 0.19661733615221988, 0.16913319238900634, 0.07822410147991543, 0.040169133192389, 0.02959830866807611, 0.010570824524312896], [0.04602323503127793, 0.08623771224307418, 0.20509383378016086, 0.28418230563002683, 0.21134941912421806, 0.09919571045576407, 0.03127792672028597, 0.03127792672028597, 0.005361930294906166], [0.06195652173913044, 0.1565217391304348, 0.24565217391304348, 0.23369565217391305, 0.1907608695652174, 0.07717391304347826, 0.014673913043478261, 0.016304347826086956, 0.003260869565217391], [0.2, 0.2, 0.25, 0.15, 0.1, 0.05, 0.05, 0.0, 0.0], [0.02525476295968099, 0.06557377049180328, 0.16415595923792645, 0.24479397430217104, 0.2370403190075321, 0.13845813026140896, 0.059149313247673904, 0.06380150642445724, 0.0017722640673460345], [0.022641509433962263, 0.06855345911949685, 0.16477987421383647, 0.28364779874213836, 0.23522012578616353, 0.12012578616352201, 0.04716981132075472, 0.04591194968553459, 0.011949685534591196], [0.08508014796547472, 0.17427044800657623, 0.2692149609535553, 0.23838882038635428, 0.13357994245787094, 0.06370735717221537, 0.02342786683107275, 0.011919441019317715, 0.0004110152075626798], [0.022058823529411766, 0.05514705882352941, 0.26838235294117646, 0.3125, 0.27941176470588236, 0.05514705882352941, 0.007352941176470588, 0.0, 0.0], [0.022813688212927757, 0.06447346668870887, 0.16845759629690857, 0.2701272937675649, 0.24384195734832204, 0.1456439080839808, 0.039345346338237726, 0.041494461894528024, 0.0038022813688212928], [0.020380265937616503, 0.0718280104386728, 0.2166024605443022, 0.30620106872126257, 0.2371069963961725, 0.1037653784018889, 0.029700509506648442, 0.014042500310674786, 0.0003728097427612775], [0.04069223573433115, 0.11085126286248831, 0.23199251637043966, 0.235266604303087, 0.2048643592142189, 0.10664172123479888, 0.03601496725912067, 0.03320860617399439, 0.0004677268475210477], [0.014023060143346837, 0.05048301651604861, 0.1473979432845123, 0.23776877531941415, 0.24150825802430664, 0.16827672172016203, 0.06170146463072608, 0.06824555936428794, 0.010595200997195388], [0.12085561497326203, 0.1754010695187166, 0.23636363636363636, 0.2106951871657754, 0.1497326203208556, 0.07058823529411765, 0.023529411764705882, 0.0106951871657754, 0.0021390374331550803], [0.17427385892116182, 0.2074688796680498, 0.18672199170124482, 0.21991701244813278, 0.13692946058091288, 0.06224066390041494, 0.004149377593360996, 0.008298755186721992, 0.0], [0.06201298701298701, 0.12824675324675325, 0.2487012987012987, 0.25551948051948054, 0.16266233766233767, 0.08571428571428572, 0.025, 0.028896103896103895, 0.003246753246753247], [0.032455603184323334, 0.06981016533986528, 0.15799142682180037, 0.24127372933251684, 0.23576240048989588, 0.1132884262094305, 0.058175137783221066, 0.07899571341090018, 0.01224739742804654], [0.023820026466696075, 0.0670489633877371, 0.19497132774591971, 0.2717247463608293, 0.2218791354212616, 0.12615791795324216, 0.04808116453462726, 0.04190560211733568, 0.004411116012351125], [0.04665314401622718, 0.11612576064908722, 0.22565922920892495, 0.2563387423935091, 0.20689655172413793, 0.08848884381338742, 0.033468559837728194, 0.025608519269776878, 0.0007606490872210953], [0.019696969696969695, 0.09848484848484848, 0.20454545454545456, 0.296969696969697, 0.2037878787878788, 0.09848484848484848, 0.04242424242424243, 0.031818181818181815, 0.003787878787878788], [0.011252446183953033, 0.03718199608610567, 0.09882583170254403, 0.20107632093933464, 0.25440313111545987, 0.1898238747553816, 0.07876712328767123, 0.11448140900195694, 0.014187866927592954], [0.01883101002690144, 0.06505258009293226, 0.19833700171191002, 0.2648569332355099, 0.21398875030569822, 0.13621912448031304, 0.04695524578136464, 0.05086818292981169, 0.004891171435558816], [0.02510855201057202, 0.0911836888804984, 0.23013026241268641, 0.30262412686426277, 0.18991882197470267, 0.1025108552010572, 0.029639418538795544, 0.026052482537285256, 0.0028317915801397016], [0.021710234824988923, 0.06313690739920248, 0.18896765618077094, 0.30327868852459017, 0.24568010633584403, 0.11852015950376606, 0.03145768719539211, 0.025919361984935756, 0.001329198050509526], [0.43333333333333335, 0.06666666666666667, 0.16666666666666666, 0.18333333333333332, 0.1, 0.016666666666666666, 0.03333333333333333, 0.0, 0.0]]}, "ranksDetailed": {"labels": ["Unranked", "Combatatant", "Challenger", "Rival", "Duelist", "Elite"], "data": [[0.27941176470588236, 0.4411764705882353, 0.20588235294117646, 0.07352941176470588, 0.0, 0.0], [0.08685968819599109, 0.36302895322939865, 0.41759465478841873, 0.10801781737193764, 0.024498886414253896, 0.0], [0.042105263157894736, 0.3005263157894737, 0.4789473684210526, 0.14789473684210527, 0.02894736842105263, 0.0015789473684210526], [0.055623471882640586, 0.2762836185819071, 0.5024449877750611, 0.13814180929095354, 0.024144254278728607, 0.0033618581907090463], [0.21428571428571427, 0.32142857142857145, 0.25, 0.14285714285714285, 0.07142857142857142, 0.0], [0.02834107011971659, 0.2374786220376252, 0.4910823356950892, 0.17810896652821892, 0.056437820669435625, 0.008551184949914489], [0.09142857142857143, 0.4057142857142857, 0.37357142857142855, 0.08357142857142857, 0.03857142857142857, 0.007142857142857143], [0.4691358024691358, 0.41975308641975306, 0.09876543209876543, 0.012345679012345678, 0.0, 0.0], [0.12596401028277635, 0.42313624678663236, 0.3223650385604113, 0.09691516709511568, 0.030077120822622108, 0.0015424164524421595], [0.05731707317073171, 0.30304878048780487, 0.4878048780487805, 0.11585365853658537, 0.03353658536585366, 0.0024390243902439024], [0.09996033320111067, 0.43673145577151923, 0.3546211820706069, 0.0864736215787386, 0.02023006743355811, 0.0019833399444664813], [0.048102981029810296, 0.2784552845528455, 0.4986449864498645, 0.14092140921409213, 0.030149051490514906, 0.0037262872628726286], [0.08151167098925528, 0.40570581696924785, 0.4090403853278992, 0.08743979251574657, 0.014079288625416821, 0.002223045572434235], [0.011425462459194777, 0.20565832426550598, 0.5369967355821545, 0.19368879216539717, 0.046789989118607184, 0.00544069640914037], [0.07399577167019028, 0.40169133192389006, 0.3657505285412262, 0.11839323467230443, 0.02959830866807611, 0.010570824524312896], [0.04602323503127793, 0.291331546023235, 0.49553172475424484, 0.13047363717605004, 0.03127792672028597, 0.005361930294906166], [0.06195652173913044, 0.40217391304347827, 0.42445652173913045, 0.09184782608695652, 0.016304347826086956, 0.003260869565217391], [0.2, 0.45, 0.25, 0.1, 0.0, 0.0], [0.02525476295968099, 0.22972972972972974, 0.4818342933097031, 0.19760744350908285, 0.06380150642445724, 0.0017722640673460345], [0.022641509433962263, 0.23333333333333334, 0.5188679245283019, 0.16729559748427672, 0.04591194968553459, 0.011949685534591196], [0.08508014796547472, 0.4434854089601315, 0.37196876284422525, 0.08713522400328812, 0.011919441019317715, 0.0004110152075626798], [0.022058823529411766, 0.3235294117647059, 0.5919117647058824, 0.0625, 0.0, 0.0], [0.022813688212927757, 0.23293106298561747, 0.5139692511158869, 0.18498925442221856, 0.041494461894528024, 0.0038022813688212928], [0.020380265937616503, 0.28843047098297503, 0.5433080651174351, 0.13346588790853733, 0.014042500310674786, 0.0003728097427612775], [0.04069223573433115, 0.34284377923292797, 0.4401309635173059, 0.14265668849391955, 0.03320860617399439, 0.0004677268475210477], [0.014023060143346837, 0.19788095980056092, 0.4792770333437208, 0.22997818635088813, 0.06824555936428794, 0.010595200997195388], [0.12085561497326203, 0.4117647058823529, 0.360427807486631, 0.09411764705882353, 0.0106951871657754, 0.0021390374331550803], [0.17427385892116182, 0.3941908713692946, 0.35684647302904565, 0.06639004149377593, 0.008298755186721992, 0.0], [0.06201298701298701, 0.3769480519480519, 0.41818181818181815, 0.11071428571428571, 0.028896103896103895, 0.003246753246753247], [0.032455603184323334, 0.22780159216166565, 0.4770361298224127, 0.17146356399265156, 0.07899571341090018, 0.01224739742804654], [0.023820026466696075, 0.2620202911336568, 0.49360388178209086, 0.17423908248786943, 0.04190560211733568, 0.004411116012351125], [0.04665314401622718, 0.34178498985801214, 0.4632352941176471, 0.12195740365111561, 0.025608519269776878, 0.0007606490872210953], [0.019696969696969695, 0.30303030303030304, 0.5007575757575757, 0.1409090909090909, 0.031818181818181815, 0.003787878787878788], [0.011252446183953033, 0.1360078277886497, 0.4554794520547945, 0.26859099804305286, 0.11448140900195694, 0.014187866927592954], [0.01883101002690144, 0.26338958180484223, 0.4788456835412081, 0.18317437026167768, 0.05086818292981169, 0.004891171435558816], [0.02510855201057202, 0.3213139512931848, 0.49254294883896543, 0.13215027373985275, 0.026052482537285256, 0.0028317915801397016], [0.021710234824988923, 0.2521045635799734, 0.5489587948604342, 0.14997784669915817, 0.025919361984935756, 0.001329198050509526], [0.43333333333333335, 0.23333333333333334, 0.2833333333333333, 0.05, 0.0, 0.0]]}}}, "eu": {"histType": {"histogram": {"labels": ["0", "100", "200", "300", "400", "500", "600", "700", "800", "900", "1000", "1100", "1200", "1300", "1400", "1500", "1600", "1700", "1800", "1900", "2000", "2100", "2200", "2300", "2400", "2500", "2600", "2700"], "data": [[0.0, 0.0, 0.0, 0.0, 0.0, 0.017241379310344827, 0.05172413793103448, 0.06896551724137931, 0.06896551724137931, 0.08620689655172414, 0.10344827586206896, 0.1724137931034483, 0.06896551724137931, 0.10344827586206896, 0.06896551724137931, 0.06896551724137931, 0.05172413793103448, 0.017241379310344827, 0.0, 0.034482758620689655, 0.017241379310344827, 0.0, 0.0, 0.0, 0.0, 0.0, 0.0, 0.0], [0.001182033096926714, 0.0, 0.0, 0.0, 0.0035460992907801418, 0.002364066193853428, 0.004728132387706856, 0.008274231678486997, 0.02955082742316785, 0.04018912529550828, 0.06382978723404255, 0.10047281323877069, 0.12174940898345153, 0.1347517730496454, 0.13356973995271867, 0.1111111111111111, 0.1016548463356974, 0.04018912529550828, 0.05555555555555555, 0.018912529550827423, 0.009456264775413711, 0.01773049645390071, 0.001182033096926714, 0.0, 0.0, 0.0, 0.0, 0.0], [0.0, 0.0, 0.0, 0.0, 0.002373887240356083, 0.0005934718100890207, 0.0011869436201780415, 0.00830860534124629, 0.01483679525222552, 0.026112759643916916, 0.04629080118694362, 0.05519287833827893, 0.09198813056379822, 0.11394658753709198, 0.15074183976261127, 0.1370919881305638, 0.13768545994065282, 0.06824925816023739, 0.0830860534124629, 0.02373887240356083, 0.01483679525222552, 0.017210682492581602, 0.005934718100890208, 0.0005934718100890207, 0.0, 0.0, 0.0, 0.0], [0.0, 0.0, 0.0, 0.0, 0.00026845637583892615, 0.00026845637583892615, 0.0024161073825503354, 0.009664429530201342, 0.012080536912751677, 0.01959731543624161, 0.042953020134228186, 0.05261744966442953, 0.08161073825503355, 0.11060402684563758, 0.13369127516778523, 0.13208053691275168, 0.14496644295302014, 0.09503355704697987, 0.0861744966442953, 0.03758389261744966, 0.015302013422818792, 0.014228187919463087, 0.003221476510067114, 0.0024161073825503354, 0.0018791946308724832, 0.0013422818791946308, 0.0, 0.0], [0.0, 0.0, 0.0, 0.0, 0.0, 0.0, 0.06451612903225806, 0.12903225806451613, 0.06451612903225806, 0.03225806451612903, 0.16129032258064516, 0.12903225806451613, 0.0, 0.0967741935483871, 0.06451612903225806, 0.06451612903225806, 0.03225806451612903, 0.03225806451612903, 0.03225806451612903, 0.06451612903225806, 0.0, 0.03225806451612903, 0.0, 0.0, 0.0, 0.0, 0.0, 0.0], [0.0, 0.00023724792408066428, 0.00023724792408066428, 0.0, 0.00047449584816132857, 0.00047449584816132857, 0.0007117437722419929, 0.004270462633451958, 0.0071174377224199285, 0.013997627520759193, 0.022775800711743774, 0.03701067615658363, 0.06903914590747331, 0.10367734282325029, 0.12408066429418743, 0.11055753262158956, 0.13119810201660737, 0.08778173190984578, 0.11340450771055753, 0.05812574139976275, 0.03392645314353499, 0.04389086595492289, 0.01708185053380783, 0.00830367734282325, 0.006880189798339265, 0.0035587188612099642, 0.0011862396204033216, 0.0], [0.0, 0.0, 0.001272264631043257, 0.0006361323155216285, 0.001272264631043257, 0.004452926208651399, 0.005089058524173028, 0.015267175572519083, 0.03625954198473282, 0.03816793893129771, 0.06997455470737914, 0.08651399491094147, 0.11132315521628498, 0.1138676844783715, 0.10559796437659033, 0.09478371501272265, 0.09732824427480916, 0.05407124681933842, 0.054707379134860054, 0.02862595419847328, 0.020356234096692113, 0.027353689567430027, 0.015267175572519083, 0.005089058524173028, 0.006997455470737914, 0.005089058524173028, 0.0006361323155216285, 0.0], [0.0, 0.0, 0.0, 0.0, 0.0, 0.020833333333333332, 0.0, 0.1875, 0.0625, 0.041666666666666664, 0.1875, 0.10416666666666667, 0.08333333333333333, 0.10416666666666667, 0.08333333333333333, 0.08333333333333333, 0.041666666666666664, 0.0, 0.0, 0.0, 0.0, 0.0, 0.0, 0.0, 0.0, 0.0, 0.0, 0.0], [0.0002506265664160401, 0.0002506265664160401, 0.0010025062656641604, 0.0007518796992481203, 0.0007518796992481203, 0.002255639097744361, 0.007518796992481203, 0.01904761904761905, 0.03458646616541353, 0.05664160401002506, 0.087468671679198, 0.09949874686716792, 0.12907268170426064, 0.11553884711779448, 0.09974937343358396, 0.08170426065162907, 0.07844611528822056, 0.04736842105263158, 0.05137844611528822, 0.02957393483709273, 0.020050125313283207, 0.018796992481203006, 0.009273182957393484, 0.006516290726817042, 0.002255639097744361, 0.0002506265664160401, 0.0, 0.0], [0.0, 0.0, 0.0, 0.0, 0.000778816199376947, 0.000778816199376947, 0.001557632398753894, 0.004672897196261682, 0.011682242990654205, 0.02570093457943925, 0.04984423676012461, 0.059190031152647975, 0.08411214953271028, 0.11526479750778816, 0.15109034267912771, 0.11838006230529595, 0.1440809968847352, 0.06697819314641744, 0.08333333333333333, 0.029595015576323987, 0.02102803738317757, 0.01557632398753894, 0.010124610591900311, 0.003115264797507788, 0.003115264797507788, 0.0, 0.0, 0.0], [0.000496031746031746, 0.0, 0.0, 0.0, 0.001488095238095238, 0.003968253968253968, 0.00496031746031746, 0.011408730158730158, 0.02976190476190476, 0.049107142857142856, 0.0744047619047619, 0.09871031746031746, 0.12400793650793651, 0.11805555555555555, 0.11259920634920635, 0.09375, 0.08134920634920635, 0.05654761904761905, 0.059027777777777776, 0.030257936507936508, 0.015376984126984126, 0.020337301587301588, 0.00744047619047619, 0.003968253968253968, 0.002976190476190476, 0.0, 0.0, 0.0], [0.0, 0.0, 0.0, 0.0003636363636363636, 0.0003636363636363636, 0.0007272727272727272, 0.0014545454545454545, 0.006909090909090909, 0.014909090909090908, 0.025818181818181817, 0.039636363636363636, 0.054181818181818185, 0.09054545454545454, 0.09745454545454546, 0.11745454545454545, 0.12545454545454546, 0.13745454545454547, 0.09309090909090909, 0.09636363636363636, 0.04, 0.02218181818181818, 0.02218181818181818, 0.00909090909090909, 0.0003636363636363636, 0.0036363636363636364, 0.0003636363636363636, 0.0, 0.0], [0.0, 0.0, 0.0, 0.0009532888465204957, 0.00047664442326024784, 0.0009532888465204957, 0.0019065776930409914, 0.014299332697807437, 0.028598665395614873, 0.03670162059103908, 0.08150619637750238, 0.08198284080076262, 0.11868446139180172, 0.13870352716873213, 0.13203050524308865, 0.10104861773117255, 0.09294566253574833, 0.058150619637750235, 0.04957102001906578, 0.025738798856053385, 0.013822688274547188, 0.013822688274547188, 0.002859866539561487, 0.0019065776930409914, 0.003336510962821735, 0.0, 0.0, 0.0], [0.0, 0.0, 0.0, 0.0, 0.0, 0.0, 0.0005030181086519115, 0.002012072434607646, 0.004527162977867203, 0.01006036217303823, 0.019617706237424547, 0.03420523138832998, 0.0658953722334004, 0.09356136820925554, 0.12927565392354123, 0.13933601609657947, 0.15643863179074446, 0.11066398390342053, 0.09305835010060362, 0.05331991951710262, 0.03219315895372234, 0.03420523138832998, 0.012575452716297788, 0.004527162977867203, 0.0025150905432595573, 0.0015090543259557343, 0.0, 0.0], [0.0, 0.0, 0.0, 0.0, 0.0, 0.005063291139240506, 0.007594936708860759, 0.020253164556962026, 0.030379746835443037, 0.035443037974683546, 0.06329113924050633, 0.0759493670886076, 0.09113924050632911, 0.12658227848101267, 0.12658227848101267, 0.0759493670886076, 0.09367088607594937, 0.09620253164556962, 0.06582278481012659, 0.02278481012658228, 0.017721518987341773, 0.015189873417721518, 0.020253164556962026, 0.010126582278481013, 0.0, 0.0, 0.0, 0.0], [0.0, 0.0, 0.0, 0.0, 0.0008726003490401396, 0.0004363001745200698, 0.004363001745200698, 0.007853403141361256, 0.011780104712041885, 0.02006980802792321, 0.036212914485165795, 0.06282722513089005, 0.07547993019197208, 0.12347294938917976, 0.1387434554973822, 0.11343804537521815, 0.12609075043630016, 0.08289703315881326, 0.07897033158813263, 0.04450261780104712, 0.020942408376963352, 0.02617801047120419, 0.009162303664921465, 0.007417102966841187, 0.006108202443280977, 0.0013089005235602095, 0.0008726003490401396, 0.0], [0.0, 0.0, 0.0004997501249375312, 0.0004997501249375312, 0.0, 0.0004997501249375312, 0.005497251374312844, 0.009995002498750625, 0.019490254872563718, 0.03248375812093953, 0.063968015992004, 0.09195402298850575, 0.09745127436281859, 0.127936031984008, 0.12593703148425786, 0.11644177911044477, 0.10644677661169415, 0.063968015992004, 0.06896551724137931, 0.02448775612193903, 0.017991004497751123, 0.010494752623688156, 0.005497251374312844, 0.0074962518740629685, 0.001999000499750125, 0.0, 0.0, 0.0], [0.0, 0.0, 0.0, 0.0, 0.0, 0.0, 0.0, 0.0625, 0.0625, 0.0625, 0.0, 0.0625, 0.1875, 0.0625, 0.1875, 0.25, 0.0, 0.0, 0.0625, 0.0, 0.0, 0.0, 0.0, 0.0, 0.0, 0.0, 0.0, 0.0], [0.0, 0.0, 0.00023153507756425097, 0.0, 0.00023153507756425097, 0.00023153507756425097, 0.0011576753878212549, 0.003009956008335263, 0.007409122482056031, 0.013660569576290808, 0.023385042833989348, 0.04237091919425793, 0.06529289187311878, 0.09562398703403566, 0.11322065292891872, 0.12039824033341051, 0.14007872192637186, 0.09701319749942117, 0.10048622366288493, 0.06066219032183376, 0.04468626996990044, 0.048159296133364206, 0.015281315119240566, 0.003936096318592266, 0.003473026163463765, 0.0, 0.0, 0.0], [0.0, 0.0006172839506172839, 0.0, 0.0, 0.0, 0.0, 0.0006172839506172839, 0.001851851851851852, 0.006172839506172839, 0.021604938271604937, 0.019753086419753086, 0.040740740740740744, 0.07037037037037037, 0.1037037037037037, 0.11666666666666667, 0.1271604938271605, 0.1469135802469136, 0.09074074074074075, 0.1037037037037037, 0.05802469135802469, 0.02654320987654321, 0.03271604938271605, 0.014197530864197531, 0.008024691358024692, 0.006172839506172839, 0.003703703703703704, 0.0, 0.0], [0.0, 0.0, 0.0, 0.0004470272686633885, 0.0, 0.000894054537326777, 0.002682163611980331, 0.007599463567277604, 0.024586499776486366, 0.05498435404559678, 0.06705409029950828, 0.10907465355386678, 0.1434957532409477, 0.13232007152436298, 0.13455520786767994, 0.0929816718819848, 0.10102816271792579, 0.05006705409029951, 0.03442109968708091, 0.02056325435851587, 0.006705409029950827, 0.009834599910594547, 0.005364327223960662, 0.000894054537326777, 0.0004470272686633885, 0.0, 0.0, 0.0], [