{"region": {"us": {"histType": {"histogram": {"labels": ["0", "100", "200", "300", "400", "500", "600", "700", "800", "900", "1000", "1100", "1200", "1300", "1400", "1500", "1600", "1700", "1800", "1900", "2000", "2100", "2200", "2300", "2400", "2500", "2600", "2700", "2800", "2900", "3000", "3100", "3200"], "data": [[0.0, 0.0, 0.0028776978417266188, 0.0057553956834532375, 0.0028776978417266188, 0.007194244604316547, 0.012949640287769784, 0.014388489208633094, 0.03597122302158273, 0.0460431654676259, 0.08489208633093526, 0.10359712230215827, 0.11366906474820145, 0.12949640287769784, 0.12805755395683452, 0.10071942446043165, 0.07050359712230216, 0.04316546762589928, 0.053237410071942444, 0.015827338129496403, 0.014388489208633094, 0.008633093525179856, 0.0028776978417266188, 0.0014388489208633094, 0.0014388489208633094, 0.0, 0.0, 0.0, 0.0, 0.0, 0.0, 0.0, 0.0], [0.0, 0.00026068821689259646, 0.00026068821689259646, 0.00026068821689259646, 0.0013034410844629822, 0.0023461939520333683, 0.005213764337851929, 0.009124087591240875, 0.01564129301355579, 0.029197080291970802, 0.04040667361835245, 0.054223149113660066, 0.08315954118873826, 0.09254431699687174, 0.1261730969760167, 0.13712200208550573, 0.1470281543274244, 0.08211678832116788, 0.1024504692387904, 0.03467153284671533, 0.017466110531803962, 0.005995828988529718, 0.0046923879040667365, 0.0031282586027111575, 0.0023461939520333683, 0.0007820646506777894, 0.0010427528675703858, 0.0010427528675703858, 0.0, 0.0, 0.0, 0.0, 0.0], [0.00011721955222131051, 0.0, 0.0, 0.00023443910444262102, 0.00023443910444262102, 0.00023443910444262102, 0.00023443910444262102, 0.0005860977611065526, 0.002578830148868831, 0.003399367014418005, 0.005157660297737662, 0.007502051342163873, 0.012073613878794983, 0.019106787012073613, 0.02508498417536045, 0.03879967178525378, 0.11475794162466299, 0.15660532176767084, 0.35072090024616104, 0.08639080998710585, 0.05192826163404056, 0.06036806939397491, 0.021333958504278515, 0.009494783729926152, 0.020161762982065408, 0.006212636267729457, 0.003633806118860626, 0.002578830148868831, 0.0, 0.00046887820888524205, 0.0, 0.0, 0.0], [0.0, 0.0, 0.0, 0.0, 0.00011471836641046231, 0.0, 0.0008030285648732362, 0.001835493862567397, 0.004818171389239417, 0.007800848915911438, 0.011815991740277618, 0.013307330503613629, 0.025926350808764483, 0.02879430996902604, 0.043019387403923366, 0.05196741998393943, 0.07192841573935987, 0.04405185270161753, 0.2783067569117816, 0.14798669266949638, 0.0870712401055409, 0.09441321555581049, 0.03131811403005621, 0.013077893770792704, 0.02477916714465986, 0.007686130549500975, 0.005162326488470804, 0.0030973958930824827, 0.0009177469312836985, 0.0, 0.0, 0.0, 0.0], [0.0, 0.0, 0.0, 0.0, 0.010869565217391304, 0.005434782608695652, 0.02717391304347826, 0.02717391304347826, 0.05434782608695652, 0.05434782608695652, 0.08152173913043478, 0.08695652173913043, 0.10326086956521739, 0.10869565217391304, 0.09239130434782608, 0.09782608695652174, 0.07608695652173914, 0.03260869565217391, 0.059782608695652176, 0.02717391304347826, 0.043478260869565216, 0.005434782608695652, 0.005434782608695652, 0.0, 0.0, 0.0, 0.0, 0.0, 0.0, 0.0, 0.0, 0.0, 0.0], [0.0, 0.0, 0.0, 0.0, 0.0, 0.0, 0.0, 0.0013558614935335837, 0.0013558614935335837, 0.004693366708385482, 0.0071964956195244055, 0.0114726741760534, 0.02138089278264497, 0.09146850229453483, 0.11858573216520651, 0.14612015018773467, 0.17365456821026282, 0.10857321652065081, 0.14330413016270338, 0.054860241969128073, 0.033062161034626614, 0.03796412181894034, 0.01543596161869003, 0.007717980809345015, 0.011785565289945765, 0.004901960784313725, 0.0035460992907801418, 0.0010429703796412183, 0.00041718815185648727, 0.0, 0.00010429703796412182, 0.0, 0.0], [0.0, 0.0, 0.0004110152075626798, 0.002260583641594739, 0.0016440608302507192, 0.0032881216605014385, 0.007192766132346897, 0.012946979038224414, 0.019317714755445952, 0.03514180024660912, 0.04932182490752158, 0.0690505548705302, 0.0947390053431977, 0.11364570489108097, 0.12227702424989724, 0.11981093300452117, 0.11755034936292642, 0.06863953966296753, 0.07357172215371968, 0.027332511302918208, 0.016235100698725854, 0.016440608302507192, 0.009658857377722976, 0.004521167283189478, 0.006165228113440197, 0.0034936292642827787, 0.002466091245376079, 0.002260583641594739, 0.0002055076037813399, 0.0, 0.0004110152075626798, 0.0, 0.0], [0.0028089887640449437, 0.0028089887640449437, 0.0, 0.008426966292134831, 0.0056179775280898875, 0.02247191011235955, 0.014044943820224719, 0.03932584269662921, 0.05337078651685393, 0.11797752808988764, 0.10955056179775281, 0.1348314606741573, 0.10674157303370786, 0.10674157303370786, 0.0702247191011236, 0.07584269662921349, 0.047752808988764044, 0.014044943820224719, 0.03089887640449438, 0.028089887640449437, 0.0028089887640449437, 0.0, 0.0028089887640449437, 0.0028089887640449437, 0.0, 0.0, 0.0, 0.0, 0.0, 0.0, 0.0, 0.0, 0.0], [0.00031311971610479075, 0.00020874647740319382, 0.0005218661935079845, 0.00031311971610479075, 0.0005218661935079845, 0.001252478864419163, 0.0015655985805239536, 0.0042793027867654735, 0.007619246425216574, 0.016073478760045924, 0.02598893643669763, 0.03475628848763177, 0.041749295480638764, 0.04644609122221063, 0.05907525310510385, 0.08736040079323662, 0.19413422398497027, 0.13015342866089136, 0.14017325957624466, 0.06533764742719966, 0.041749295480638764, 0.04112305604842918, 0.02056152802421459, 0.01283790836029642, 0.015134119611731552, 0.0057405281285878304, 0.003653063354555892, 0.001043732387015969, 0.00031311971610479075, 0.0, 0.0, 0.0, 0.0], [0.0, 0.0, 0.0, 0.0, 0.00039108330074305825, 0.0007821666014861165, 0.0011732499022291747, 0.0011732499022291747, 0.0023464998044583495, 0.00899491591709034, 0.012905748924520923, 0.016034415330465387, 0.022291748142354323, 0.037152913570590536, 0.06140007821666015, 0.07821666014861166, 0.1040281579976535, 0.08916699256941729, 0.1771607352366054, 0.06961282753226437, 0.07391474384043802, 0.0973797418850215, 0.04341024638247947, 0.016816581931951506, 0.048494329292139225, 0.014078998826750098, 0.010559249120062574, 0.008603832616347283, 0.002737583105201408, 0.0011732499022291747, 0.0, 0.0, 0.0], [0.0, 0.0, 0.00018281535648994517, 0.0, 0.0009140767824497258, 0.0005484460694698354, 0.0021937842778793418, 0.0043875685557586835, 0.008043875685557587, 0.015539305301645339, 0.021389396709323584, 0.03053016453382084, 0.055393053016453385, 0.06380255941499086, 0.10329067641681901, 0.12614259597806216, 0.15283363802559416, 0.09780621572212066, 0.14058500914076782, 0.061608775137111514, 0.03692870201096892, 0.03729433272394881, 0.013345521023765997, 0.008409506398537478, 0.010420475319926873, 0.0032906764168190127, 0.002742230347349177, 0.0020109689213893968, 0.00036563071297989033, 0.0, 0.0, 0.0, 0.0], [0.0, 0.0, 0.00043390222736476716, 0.0005785363031530228, 0.0011570726063060456, 0.0033265837431298816, 0.006653167486259763, 0.012872432745154759, 0.021116575065085335, 0.03760485970494649, 0.06045704367949089, 0.07506508533410472, 0.0999421463696847, 0.12178189181371131, 0.13508822678623084, 0.12004628290425225, 0.10847555684119178, 0.0581428984668788, 0.05901070292160833, 0.026757304020827308, 0.017789991321955453, 0.013306334972519526, 0.00809950824414232, 0.0046282904252241824, 0.00404975412207116, 0.001590974833670813, 0.0013017066820943013, 0.0007231703789412786, 0.0, 0.0, 0.0, 0.0, 0.0], [0.0, 0.0, 0.0, 0.0, 0.00012588116817724068, 0.0005035246727089627, 0.0017623363544813696, 0.002014098690835851, 0.004531722054380665, 0.005287009063444109, 0.013343403826787512, 0.019385699899295065, 0.02781973816717019, 0.03348439073514602, 0.048590130916414905, 0.07087109768378651, 0.22469788519637462, 0.1519385699899295, 0.19700402819738166, 0.06961228600201409, 0.042799597180261835, 0.03851963746223565, 0.016112789526686808, 0.011329305135951661, 0.011706948640483383, 0.004154078549848943, 0.0022658610271903325, 0.001636455186304129, 0.0005035246727089627, 0.0, 0.0, 0.0, 0.0], [0.00020333468889792598, 0.0, 0.0, 0.00010166734444896299, 0.00010166734444896299, 0.00030500203334688896, 0.0012200081333875558, 0.0016266775111834079, 0.004168361122407482, 0.009963399755998373, 0.016063440422936153, 0.01901179341195608, 0.025518503456689712, 0.09556730378202521, 0.13399755998373322, 0.14040260268401789, 0.16612444082960554, 0.10675071167141115, 0.13003253355022368, 0.052867019113460756, 0.030703538023586822, 0.03090687271248475, 0.01189507930052867, 0.0062017080113867425, 0.00782838552257015, 0.0033550223668157787, 0.0030500203334688897, 0.0007116714111427409, 0.0006100040666937779, 0.0006100040666937779, 0.00010166734444896299, 0.0, 0.0], [0.0, 0.0, 0.0, 0.00018621973929236498, 0.0005586592178770949, 0.00037243947858472997, 0.000931098696461825, 0.0016759776536312849, 0.00409683426443203, 0.006517690875232775, 0.015083798882681564, 0.025139664804469275, 0.04599627560521415, 0.06685288640595903, 0.09776536312849161, 0.11471135940409684, 0.16182495344506517, 0.11936685288640596, 0.15027932960893856, 0.06945996275605214, 0.04394785847299814, 0.03594040968342644, 0.012849162011173185, 0.00707635009310987, 0.0111731843575419, 0.0037243947858473, 0.002420856610800745, 0.0013035381750465549, 0.00018621973929236498, 0.0005586592178770949, 0.0, 0.0, 0.0], [0.0, 0.0, 0.0002532286654849329, 0.0002532286654849329, 0.0017726006583945303, 0.0025322866548493288, 0.0015193719929095975, 0.0050645733096986575, 0.01139528994682198, 0.01823246391491517, 0.03165358318561661, 0.04634084578374272, 0.06634591035705242, 0.09318814889845531, 0.11369967080273487, 0.12560141808052672, 0.13269182071410485, 0.09673335021524436, 0.10230438085591288, 0.04431501645986326, 0.028614839199797418, 0.03140035452013168, 0.015446948594580907, 0.00785008863003292, 0.011648518612306914, 0.005317801975183591, 0.0025322866548493288, 0.0025322866548493288, 0.0005064573309698658, 0.0002532286654849329, 0.0, 0.0, 0.0], [0.00018670649738610905, 0.0, 0.0007468259895444362, 0.0013069454817027633, 0.0005601194921583271, 0.0014936519790888724, 0.003547423450336072, 0.00784167289021658, 0.01157580283793876, 0.020351008215085883, 0.0330470500373413, 0.05190440627333831, 0.07486930545182972, 0.10212845407020164, 0.12509335324869306, 0.12714712471994025, 0.13125466766243465, 0.08215085884988797, 0.11165048543689321, 0.039955190440627335, 0.022404779686333084, 0.022964899178491413, 0.011015683345780434, 0.005227781926811053, 0.00578790141896938, 0.0018670649738610904, 0.0014936519790888724, 0.0016803584764749813, 0.0003734129947722181, 0.0003734129947722181, 0.0, 0.0, 0.0], [0.0, 0.0, 0.00012328936012822092, 0.00024657872025644185, 0.0003698680803846628, 0.00012328936012822092, 0.0008630255208975466, 0.001849340401923314, 0.0027123659228208605, 0.006287757366539267, 0.012328936012822093, 0.014424855135001849, 0.02774010602884971, 0.07680927135988164, 0.14116631734681298, 0.1531253852792504, 0.1684132659351498, 0.10738503267168044, 0.16163235112809765, 0.04561706324744175, 0.023301689064233758, 0.02527431882628529, 0.010109727530514116, 0.005671310565898163, 0.008383676488719023, 0.0017260510417950931, 0.0016027616816668721, 0.0019726297620515348, 0.0003698680803846628, 0.0003698680803846628, 0.0, 0.0, 0.0], [0.0, 0.0, 0.0, 0.0064516129032258064, 0.0064516129032258064, 0.0064516129032258064, 0.0, 0.01935483870967742, 0.05161290322580645, 0.08387096774193549, 0.05161290322580645, 0.10967741935483871, 0.07096774193548387, 0.06451612903225806, 0.05806451612903226, 0.10967741935483871, 0.1032258064516129, 0.07741935483870968, 0.05161290322580645, 0.025806451612903226, 0.03225806451612903, 0.012903225806451613, 0.025806451612903226, 0.0, 0.0064516129032258064, 0.012903225806451613, 0.0, 0.012903225806451613, 0.0, 0.0, 0.0, 0.0, 0.0], [0.0002184598580010923, 0.00010922992900054615, 0.0, 0.0, 0.0, 0.00010922992900054615, 0.0002184598580010923, 0.0009830693610049152, 0.002403058438012015, 0.004587657018022938, 0.0075368651010376845, 0.010158383397050792, 0.022173675587110867, 0.030147460404150738, 0.05155652648825778, 0.18252321135991262, 0.21889677771709448, 0.14494811578372474, 0.14691425450573456, 0.0655379574003277, 0.037028945931185143, 0.03713817586018569, 0.014199890770071, 0.006226105953031131, 0.009284543965046422, 0.0031676679410158385, 0.0031676679410158385, 0.0002184598580010923, 0.0005461496450027307, 0.0, 0.0, 0.0, 0.0], [0.0, 0.0, 0.0, 0.00011841326228537596, 0.0, 0.00011841326228537596, 0.0010657193605683837, 0.00035523978685612787, 0.0013025458851391356, 0.0022498519834221434, 0.004499703966844287, 0.006867969212551806, 0.011486086441681469, 0.01622261693309651, 0.03078744819419775, 0.1289520426287744, 0.18294849023090587, 0.14789816459443458, 0.2014209591474245, 0.09070455891059799, 0.05660153937240971, 0.055891059798697455, 0.01965660153937241, 0.010420367081113085, 0.017406749555950268, 0.006512729425695678, 0.003315571343990527, 0.0018946121965660154, 0.0005920663114268798, 0.00023682652457075192, 0.00047365304914150384, 0.0, 0.0], [0.00019374212922600018, 9.687106461300009e-05, 0.0, 0.00019374212922600018, 0.00019374212922600018, 0.0005812263876780006, 0.0007749685169040007, 0.0018405502276470018, 0.002906131938390003, 0.005618521747554005, 0.01036520391359101, 0.013465077981207014, 0.017533662694953017, 0.024702121476315026, 0.05279473021408505, 0.14075365688268915, 0.16187154896832318, 0.13852562239659014, 0.1811488908263102, 0.08505279473021408, 0.05046982466337305, 0.05434466724789305, 0.022570958054829022, 0.011818269882786012, 0.014143175433498014, 0.0052310374891020054, 0.0018405502276470018, 0.0005812263876780006, 0.00038748425845200037, 0.0, 0.0, 0.0, 0.0], [0.0, 0.0, 0.0, 0.0014641288433382138, 0.0014641288433382138, 0.0, 0.0014641288433382138, 0.007320644216691069, 0.007320644216691069, 0.007320644216691069, 0.013177159590043924, 0.024890190336749635, 0.04538799414348463, 0.08638360175695461, 0.12152269399707175, 0.1800878477306003, 0.17276720351390923, 0.12152269399707175, 0.1171303074670571, 0.04978038067349927, 0.02635431918008785, 0.014641288433382138, 0.0, 0.0, 0.0, 0.0, 0.0, 0.0, 0.0, 0.0, 0.0, 0.0, 0.0], [0.0, 0.0, 0.0, 8.920606601248885e-05, 0.0, 8.920606601248885e-05, 0.00026761819803746654, 0.0007136485280999108, 0.0016057091882247993, 0.0048171275646743976, 0.007404103479036575, 0.012578055307760927, 0.021409455842997322, 0.027564674397859056, 0.040588760035682424, 0.04852809991079393, 0.12435325602140945, 0.16128456735057983, 0.26735057983942906, 0.09393398751115076, 0.05512934879571811, 0.07181088314005353, 0.022747546833184657, 0.009991079393398751, 0.01650312221231044, 0.004727921498661909, 0.0027653880463871542, 0.0031222123104371097, 0.00044603033006244426, 0.0001784121320249777, 0.0, 0.0, 0.0], [9.793360101850946e-05, 9.793360101850946e-05, 9.793360101850946e-05, 0.0, 0.0003917344040740378, 0.0003917344040740378, 0.00029380080305552837, 0.0009793360101850944, 0.001077269611203604, 0.005190480853981001, 0.009597492899813926, 0.018999118597590833, 0.0331994907452747, 0.04475565566545882, 0.06571344628341984, 0.07717167760258545, 0.1180099892273039, 0.19978454607775928, 0.2219175399079424, 0.08843404171971403, 0.0445597884634218, 0.039663108412496324, 0.014004504945646852, 0.00538634805601802, 0.004700812848888454, 0.003917344040740378, 0.0011752032122221135, 0.0003917344040740378, 0.0, 0.0, 0.0, 0.0, 0.0], [0.0, 0.00010481081647626035, 0.0, 0.00010481081647626035, 0.00010481081647626035, 0.0005240540823813018, 0.0007336757153338225, 0.0016769730636201656, 0.0023058379624777275, 0.004506865108479195, 0.016245676553820355, 0.036998218216119906, 0.05586416518184677, 0.07913216643957656, 0.10596373545749921, 0.13677811550151975, 0.1551200083848653, 0.11162351954721728, 0.13426265590608952, 0.06141913845508856, 0.038046326380882504, 0.02924221779687664, 0.013625406141913845, 0.005135730007336757, 0.0060790273556231, 0.0023058379624777275, 0.0016769730636201656, 0.0004192432659050414, 0.0, 0.0, 0.0, 0.0, 0.0], [0.0, 0.0, 0.0, 0.0, 0.0002405002405002405, 0.0, 0.0012025012025012026, 0.002044252044252044, 0.00468975468975469, 0.007696007696007696, 0.016354016354016353, 0.025733525733525733, 0.04280904280904281, 0.0670995670995671, 0.09896584896584897, 0.12866762866762868, 0.15211640211640212, 0.09872534872534873, 0.16606541606541605, 0.06048581048581048, 0.03691678691678692, 0.03956228956228956, 0.017556517556517555, 0.008056758056758057, 0.011183261183261184, 0.004930254930254931, 0.003848003848003848, 0.002405002405002405, 0.0012025012025012026, 0.000481000481000481, 0.000962000962000962, 0.0, 0.0], [0.0, 0.000177430801987225, 0.000177430801987225, 0.00035486160397445, 0.0010645848119233499, 0.0010645848119233499, 0.0017743080198722497, 0.002661462029808375, 0.010468417317246273, 0.025372604684173173, 0.04524485450674237, 0.06050390347764372, 0.07753726046841732, 0.10326472675656494, 0.12615330021291696, 0.11958836053938963, 0.14584811923349894, 0.07594038325053229, 0.1078779276082328, 0.027679205110007096, 0.023243435060326473, 0.020227111426543647, 0.009048970901348475, 0.00319375443577005, 0.00674237047551455, 0.0014194464158978, 0.001242015613910575, 0.0014194464158978, 0.0007097232079489, 0.0, 0.0, 0.0, 0.0], [0.0, 0.0, 0.0, 0.0007526342197691922, 0.0022579026593075764, 0.0022579026593075764, 0.004264927245358756, 0.007024586051179127, 0.013547415955845458, 0.015554440541896638, 0.02809834420471651, 0.04089312594079277, 0.055444054189663826, 0.08304064224786753, 0.12217762167586553, 0.13221274460612142, 0.14952333166081286, 0.096588058203713, 0.10863020572002006, 0.04867034621174109, 0.027094831911690917, 0.02082288008028098, 0.013296537882589061, 0.007777220270948319, 0.008028098344204716, 0.004014049172102358, 0.003763171098845961, 0.0035122930255895636, 0.0007526342197691922, 0.0, 0.0, 0.0, 0.0], [0.00022426553038797938, 0.0, 0.0, 0.0, 0.00044853106077595876, 0.00044853106077595876, 0.0016819914779098452, 0.0034761157210136803, 0.004933841668535546, 0.009643417806683112, 0.01760484413545638, 0.04945054945054945, 0.08409957389549226, 0.11930926216640503, 0.14521193092621665, 0.14880017941242432, 0.13769903565821934, 0.07950213052253868, 0.09374299170217537, 0.033864095088584886, 0.02119309262166405, 0.02455707557748374, 0.009194886745907155, 0.004373177842565598, 0.006503700381251401, 0.001794124243103835, 0.0012334604171338865, 0.0006727965911639381, 0.0, 0.00033639829558196907, 0.0, 0.0, 0.0], [0.0, 0.0, 0.0, 0.00028153153153153153, 0.00014076576576576576, 0.00014076576576576576, 0.0014076576576576576, 0.0004222972972972973, 0.0021114864864864866, 0.0046452702702702705, 0.007882882882882882, 0.009290540540540541, 0.015343468468468468, 0.0888231981981982, 0.11092342342342343, 0.13823198198198197, 0.16680743243243243, 0.10824887387387387, 0.15343468468468469, 0.06151463963963964, 0.036317567567567564, 0.03969594594594594, 0.018018018018018018, 0.007882882882882882, 0.013654279279279279, 0.005208333333333333, 0.0046452702702702705, 0.003096846846846847, 0.0009853603603603603, 0.0005630630630630631, 0.00028153153153153153, 0.0, 0.0], [0.0, 0.0, 0.00017479461632581716, 0.0003495892326516343, 0.001048767697954903, 0.0012235623142807202, 0.002272330012235623, 0.0047194546407970635, 0.007341373885684321, 0.01782905086523335, 0.03023946862436637, 0.04090194022024122, 0.07009264114665269, 0.08984443279147002, 0.11763677678727495, 0.13004719454640798, 0.14438035308512498, 0.09124278972207656, 0.12392938297500437, 0.046844957175319, 0.026393987065198393, 0.02272330012235623, 0.011361650061178116, 0.0043698654081454295, 0.005243838489774515, 0.0008739730816290859, 0.0026219192448872575, 0.0050690438734486976, 0.001048767697954903, 0.00017479461632581716, 0.0, 0.0, 0.0], [0.00011580775911986103, 0.0, 0.0, 0.0, 0.00011580775911986103, 0.0010422698320787492, 0.0006948465547191662, 0.0023161551823972205, 0.0027793862188766646, 0.005790387955993051, 0.014128546612623047, 0.021887666473653734, 0.03590040532715692, 0.042848870874348584, 0.05952518818760857, 0.14881297046902142, 0.20081065431383902, 0.14255935147654894, 0.1527504342790967, 0.06693688477127968, 0.042964678633468444, 0.02895193977996526, 0.014360162130862768, 0.005095541401273885, 0.005327156919513607, 0.0028951939779965257, 0.0009264620729588882, 0.0003474232773595831, 0.00011580775911986103, 0.0, 0.0, 0.0, 0.0], [0.0, 0.0, 0.0, 0.00015108022359873092, 0.00015108022359873092, 0.0004532406707961928, 0.0006043208943949237, 0.0016618824595860402, 0.006043208943949237, 0.008762652968726393, 0.024021755552198217, 0.03097144583773984, 0.06798610061942892, 0.0962381024323916, 0.12826710983532255, 0.1476053784559601, 0.15606587097748906, 0.10424535428312434, 0.11043964345067231, 0.0400362592536637, 0.026741199576975374, 0.019036108173440095, 0.00982021453391751, 0.004834567155159389, 0.008309412297930202, 0.002115123130382233, 0.0033237649191720803, 0.0013597220123885783, 0.0006043208943949237, 0.0, 0.00015108022359873092, 0.0, 0.0], [0.0, 0.0, 0.0, 0.00015644555694618273, 0.0, 0.0006257822277847309, 0.0009386733416770963, 0.0009386733416770963, 0.002346683354192741, 0.0020337922403003755, 0.007978723404255319, 0.022684605757196497, 0.03958072590738423, 0.06210888610763454, 0.0923028785982478, 0.11655193992490613, 0.15519399249061328, 0.11295369211514393, 0.1713078848560701, 0.06852315394242804, 0.04364831038798498, 0.044274092615769714, 0.01892991239048811, 0.011420525657071339, 0.012984981226533167, 0.006570713391739674, 0.0035982478097622028, 0.0015644555694618273, 0.0006257822277847309, 0.00015644555694618273, 0.0, 0.0, 0.0], [0.0, 0.0, 0.00011462631820265933, 0.0, 0.00022925263640531865, 0.000343878954607978, 0.000343878954607978, 0.0012608895002292526, 0.0011462631820265932, 0.003782668500687758, 0.0067629527739569, 0.016047684548372305, 0.027166437414030263, 0.045048143053645115, 0.07955066483264557, 0.1574965612104539, 0.17595139844108207, 0.10648784961027052, 0.171939477303989, 0.06350298028427327, 0.04160935350756534, 0.03943145346171481, 0.023269142595139843, 0.011577258138468592, 0.016047684548372305, 0.004814305364511692, 0.002751031636863824, 0.0021779000458505273, 0.0010316368638239339, 0.00011462631820265933, 0.0, 0.0, 0.0], [0.0, 0.0, 9.219138932423711e-05, 0.0, 9.219138932423711e-05, 9.219138932423711e-05, 9.219138932423711e-05, 0.0008297225039181341, 0.0017516363971605052, 0.004701760855536093, 0.008942564764451, 0.016225684521065733, 0.027933990965243845, 0.036231216004425186, 0.05466949386927261, 0.05909468055683599, 0.07237024061952614, 0.1169908730524569, 0.30460035032727945, 0.1105374757997603, 0.062597953351157, 0.06711533142804461, 0.018438277864847422, 0.007744076703235918, 0.01668664146768692, 0.005623674748778464, 0.003964229740942196, 0.0015672536185120309, 0.0005531483359454227, 0.00046095694662118557, 0.0, 0.0, 0.0], [0.0, 0.0, 0.0, 0.0, 0.0, 0.00010131712259371833, 0.0010131712259371835, 0.0028368794326241137, 0.005167173252279635, 0.00982776089159068, 0.01762917933130699, 0.033232016210739616, 0.050455927051671734, 0.07629179331306991, 0.11448834853090173, 0.13596757852077002, 0.17325227963525835, 0.11023302938196555, 0.15390070921985816, 0.0475177304964539, 0.025126646403242147, 0.026646403242147922, 0.007497467071935157, 0.0034447821681864235, 0.0023302938196555216, 0.000911854103343465, 0.0014184397163120568, 0.0006079027355623101, 0.00010131712259371833, 0.0, 0.0, 0.0, 0.0], [0.0, 0.003105590062111801, 0.0, 0.003105590062111801, 0.006211180124223602, 0.018633540372670808, 0.021739130434782608, 0.043478260869565216, 0.08074534161490683, 0.06521739130434782, 0.049689440993788817, 0.07142857142857142, 0.07142857142857142, 0.12422360248447205, 0.12422360248447205, 0.10248447204968944, 0.08385093167701864, 0.043478260869565216, 0.034161490683229816, 0.021739130434782608, 0.006211180124223602, 0.009316770186335404, 0.003105590062111801, 0.012422360248447204, 0.0, 0.0, 0.0, 0.0, 0.0, 0.0, 0.0, 0.0, 0.0]]}, "ranks": {"labels": ["Unranked", "Combatatent I", "Combatatent II", "Challenger I", "Challenger II", "Rival I", "Rival II", "Duelist", "Elite"], "data": [[0.12805755395683452, 0.1884892086330935, 0.24316546762589927, 0.22877697841726619, 0.11366906474820145, 0.06474820143884892, 0.01870503597122302, 0.012949640287769784, 0.0014388489208633094], [0.06360792492179354, 0.09462982273201251, 0.17570385818561002, 0.26329509906152243, 0.22914494264859228, 0.12252346193952034, 0.032064650677789366, 0.013816475495307613, 0.005213764337851929], [0.007619270894385183, 0.012659711639901535, 0.031180400890868598, 0.06388465596061423, 0.27136326339233385, 0.3965537451646935, 0.092486226702614, 0.09119681162817958, 0.033055913726409564], [0.01537226109900195, 0.025123322243891247, 0.054720660777790524, 0.09498680738786279, 0.1159802684409774, 0.35975679706320984, 0.15360789262360905, 0.1388092233566594, 0.04164276700699782], [0.1793478260869565, 0.16847826086956522, 0.21195652173913043, 0.19021739130434784, 0.10869565217391304, 0.08695652173913043, 0.043478260869565216, 0.010869565217391304, 0.0], [0.00740508969545265, 0.018669169795577804, 0.11284939507717981, 0.2647058823529412, 0.28222778473091364, 0.17407175636211933, 0.05715477680433876, 0.061118064246975384, 0.02179808093450146], [0.08220304151253596, 0.11837237977805179, 0.20838471023427868, 0.24208795725441842, 0.18618988902589395, 0.0906288532675709, 0.02651048088779285, 0.030620632963419648, 0.015002055076037813], [0.26685393258426965, 0.2443820224719101, 0.21348314606741572, 0.14606741573033707, 0.06179775280898876, 0.047752808988764044, 0.014044943820224719, 0.0056179775280898875, 0.0], [0.03266882371359983, 0.060745224924329405, 0.08819538670284939, 0.14643565389834046, 0.3242876526458616, 0.17826949170232753, 0.06899071078175556, 0.0745224924329402, 0.025884563197996032], [0.014861165428236215, 0.02894016425498631, 0.05944466171294486, 0.1396167383652718, 0.1931951505670708, 0.21157606570199453, 0.10911224090731325, 0.15760657019945248, 0.08564724286272976], [0.03180987202925046, 0.051919561243144424, 0.11919561243144425, 0.22943327239488118, 0.2506398537477148, 0.17787934186471663, 0.061243144424131625, 0.05904936014625228, 0.01882998171846435], [0.08374312988140006, 0.13552212901359562, 0.221724038183396, 0.25513450969048307, 0.16661845530807057, 0.07332947642464564, 0.030228521839745445, 0.026034133641886028, 0.007665606016777553], [0.014224572004028197, 0.03272910372608258, 0.061304128902316214, 0.1194612286002014, 0.3766364551863041, 0.23778952668680767, 0.07162638469284995, 0.06596173212487412, 0.02026686807653575], [0.01769011793411956, 0.035075233834892236, 0.12108580723871493, 0.27440016266775114, 0.2728751525010167, 0.1596177307848719, 0.053985359902399346, 0.04900366002440016, 0.016266775111834077], [0.014338919925512105, 0.04022346368715084, 0.11284916201117319, 0.21247672253258845, 0.2811918063314711, 0.19068901303538174, 0.07299813780260708, 0.055865921787709494, 0.01936685288640596], [0.04102304380855913, 0.07799442896935933, 0.15953405925550773, 0.2393010888832616, 0.2294251709293492, 0.12686756140795138, 0.04836667510762218, 0.054697391744745506, 0.02279057989364396], [0.047610156833457803, 0.08495145631067962, 0.17699775952203137, 0.2522404779686333, 0.21340552651232264, 0.13517550410754295, 0.038834951456310676, 0.039208364451082896, 0.01157580283793876], [0.012575514733078535, 0.026753791147823943, 0.10454937738873135, 0.29429170262606336, 0.27579829860683025, 0.18567377635310073, 0.04487732708667242, 0.04105535692269757, 0.014424855135001849], [0.17419354838709677, 0.16129032258064516, 0.13548387096774195, 0.16774193548387098, 0.18064516129032257, 0.06451612903225806, 0.04516129032258064, 0.03870967741935484, 0.03225806451612903], [0.008629164391043146, 0.017695248498088477, 0.052321135991261605, 0.2340797378481704, 0.3638448935008192, 0.18634625887493173, 0.06313489896231568, 0.05756417258328782, 0.016384489350081924], [0.005210183540556542, 0.011367673179396092, 0.027708703374777974, 0.15973949082297217, 0.3308466548253404, 0.2515097690941385, 0.09721728833629366, 0.08596802841918295, 0.03043220840734162], [0.012399496270464012, 0.023830281894798022, 0.04223578417126804, 0.1935483870967742, 0.3003971713649133, 0.22900319674513223, 0.08766831347476509, 0.08873389518550809, 0.022183473796377022], [0.02635431918008785, 0.03806734992679356, 0.13177159590043924, 0.30161054172767204, 0.29428989751098095, 0.1493411420204978, 0.043923865300146414, 0.014641288433382138, 0.0], [0.007582515611061552, 0.019982158786797502, 0.04897413024085638, 0.08911685994647636, 0.2856378233719893, 0.3217662801070473, 0.09464763603925067, 0.10454950936663693, 0.027743086529884033], [0.008618156889628832, 0.02859661149740476, 0.07795514641073352, 0.1428851238860053, 0.3177945353050632, 0.2710802076192342, 0.08383116247184409, 0.0590539614141612, 0.010185094505924983], [0.010061838381720993, 0.05324389476994026, 0.13499633162142333, 0.24274185095901898, 0.2667435279320826, 0.16843098207735038, 0.0652971386647102, 0.04800335394612724, 0.010481081647626036], [0.015873015873015872, 0.04208754208754209, 0.10990860990860991, 0.22763347763347763, 0.25084175084175087, 0.19805194805194806, 0.06541606541606541, 0.06517556517556518, 0.025012025012025013], [0.04311568488289567, 0.10574875798438609, 0.18080198722498225, 0.2457416607523066, 0.22178850248403123, 0.12278211497515969, 0.036018452803406674, 0.03246983676366217, 0.011533002129169623], [0.04565980933266432, 0.06899147014550928, 0.13848469643753136, 0.25439036628198697, 0.24611138986452585, 0.1347215253386854, 0.04967385850476668, 0.04189663823381837, 0.02007024586051179], [0.02085669432608208, 0.06705539358600583, 0.20340883606189727, 0.29401211033864094, 0.21720116618075802, 0.11291769455034761, 0.0358824848620767, 0.03812514016595649, 0.01054047992823503], [0.009149774774774775, 0.017173423423423425, 0.10416666666666667, 0.2491554054054054, 0.2750563063063063, 0.18707770270270271, 0.06418918918918919, 0.06559684684684684, 0.028434684684684686], [0.034958923265163436, 0.07114140884460758, 0.1599370739381227, 0.24768397133368292, 0.23562314280720154, 0.1517217269708093, 0.04544660024471246, 0.03845481559167978, 0.015032337004020277], [0.012854661262304574, 0.03601621308627678, 0.0787492762015055, 0.20833815865663, 0.34337000579038796, 0.19096699478865084, 0.07168500289519397, 0.048407643312101914, 0.009612044006948466], [0.01782746638465025, 0.05499320138993806, 0.1642242030518205, 0.2758724882912827, 0.2603112252606134, 0.132497356096087, 0.044719746185224354, 0.033690889862517, 0.015863423477866748], [0.007040050062578223, 0.030663329161451813, 0.10168961201501878, 0.20885481852315393, 0.2681476846057572, 0.2091677096370463, 0.0743116395494368, 0.07462453066332916, 0.025500625782227785], [0.007221458046767538, 0.022810637322329207, 0.07221458046767538, 0.2370472260430995, 0.28243924805135256, 0.20621274644658413, 0.07083906464924347, 0.07427785419532325, 0.026937184777624943], [0.00765188531391168, 0.025168249285516732, 0.06416520696966903, 0.1137641744261086, 0.18936111367198305, 0.36517009311330323, 0.11256568636489352, 0.09329768599612796, 0.028855904858486218], [0.01894630192502533, 0.05086119554204661, 0.12674772036474163, 0.25045592705167175, 0.2834853090172239, 0.18095238095238095, 0.04559270516717325, 0.0375886524822695, 0.005369807497467072], [0.2422360248447205, 0.12111801242236025, 0.1956521739130435, 0.2267080745341615, 0.12732919254658384, 0.037267080745341616, 0.024844720496894408, 0.024844720496894408, 0.0]]}, "ranksDetailed": {"labels": ["Unranked", "Combatatant", "Challenger", "Rival", "Duelist", "Elite"], "data": [[0.12805755395683452, 0.4316546762589928, 0.3424460431654676, 0.08345323741007195, 0.012949640287769784, 0.0014388489208633094], [0.06360792492179354, 0.2703336809176225, 0.4924400417101147, 0.1545881126173097, 0.013816475495307613, 0.005213764337851929], [0.007619270894385183, 0.04384011253077013, 0.33524791935294806, 0.48903997186730747, 0.09119681162817958, 0.033055913726409564], [0.01537226109900195, 0.07984398302168177, 0.2109670758288402, 0.5133646896868188, 0.1388092233566594, 0.04164276700699782], [0.1793478260869565, 0.3804347826086957, 0.29891304347826086, 0.13043478260869565, 0.010869565217391304, 0.0], [0.00740508969545265, 0.13151856487275762, 0.5469336670838548, 0.23122653316645808, 0.061118064246975384, 0.02179808093450146], [0.08220304151253596, 0.32675709001233044, 0.42827784628031235, 0.11713933415536375, 0.030620632963419648, 0.015002055076037813], [0.26685393258426965, 0.45786516853932585, 0.20786516853932585, 0.06179775280898876, 0.0056179775280898875, 0.0], [0.03266882371359983, 0.14894061162717878, 0.4707233065442021, 0.2472602024840831, 0.0745224924329402, 0.025884563197996032], [0.014861165428236215, 0.08838482596793117, 0.3328118889323426, 0.3206883066093078, 0.15760657019945248, 0.08564724286272976], [0.03180987202925046, 0.17111517367458867, 0.48007312614259595, 0.23912248628884827, 0.05904936014625228, 0.01882998171846435], [0.08374312988140006, 0.3572461671969916, 0.42175296499855364, 0.10355799826439109, 0.026034133641886028, 0.007665606016777553], [0.014224572004028197, 0.09403323262839879, 0.49609768378650554, 0.3094159113796576, 0.06596173212487412, 0.02026686807653575], [0.01769011793411956, 0.15616104107360715, 0.5472753151687678, 0.21360309068727124, 0.04900366002440016, 0.016266775111834077], [0.014338919925512105, 0.15307262569832403, 0.4936685288640596, 0.2636871508379888, 0.055865921787709494, 0.01936685288640596], [0.04102304380855913, 0.23752848822486705, 0.4687262598126108, 0.17523423651557357, 0.054697391744745506, 0.02279057989364396], [0.047610156833457803, 0.26194921583271097, 0.46564600448095594, 0.1740104555638536, 0.039208364451082896, 0.01157580283793876], [0.012575514733078535, 0.1313031685365553, 0.5700900012328936, 0.23055110343977314, 0.04105535692269757, 0.014424855135001849], [0.17419354838709677, 0.2967741935483871, 0.34838709677419355, 0.10967741935483871, 0.03870967741935484, 0.03225806451612903], [0.008629164391043146, 0.07001638448935008, 0.5979246313489897, 0.24948115783724742, 0.05756417258328782, 0.016384489350081924], [0.005210183540556542, 0.03907637655417407, 0.4905861456483126, 0.3487270574304322, 0.08596802841918295, 0.03043220840734162], [0.012399496270464012, 0.06606606606606606, 0.4939455584616875, 0.3166715102198973, 0.08873389518550809, 0.022183473796377022], [0.02635431918008785, 0.1698389458272328, 0.595900439238653, 0.19326500732064422, 0.014641288433382138, 0.0], [0.007582515611061552, 0.06895628902765388, 0.3747546833184657, 0.41641391614629797, 0.10454950936663693, 0.027743086529884033], [0.008618156889628832, 0.10655175790813828, 0.46067965919106846, 0.35491137009107826, 0.0590539614141612, 0.010185094505924983], [0.010061838381720993, 0.1882402263913636, 0.5094853788911016, 0.2337281207420606, 0.04800335394612724, 0.010481081647626036], [0.015873015873015872, 0.151996151996152, 0.4784752284752285, 0.26346801346801346, 0.06517556517556518, 0.025012025012025013], [0.04311568488289567, 0.28655074520936835, 0.46753016323633784, 0.15880056777856635, 0.03246983676366217, 0.011533002129169623], [0.04565980933266432, 0.20747616658304063, 0.5005017561465128, 0.18439538384345208, 0.04189663823381837, 0.02007024586051179], [0.02085669432608208, 0.2704642296479031, 0.511213276519399, 0.14880017941242432, 0.03812514016595649, 0.01054047992823503], [0.009149774774774775, 0.12134009009009009, 0.5242117117117117, 0.2512668918918919, 0.06559684684684684, 0.028434684684684686], [0.034958923265163436, 0.2310784827827303, 0.48330711414088445, 0.19716832721552177, 0.03845481559167978, 0.015032337004020277], [0.012854661262304574, 0.11476548928778228, 0.551708164447018, 0.26265199768384484, 0.048407643312101914, 0.009612044006948466], [0.01782746638465025, 0.21921740444175858, 0.5361837135518961, 0.17721710228131138, 0.033690889862517, 0.015863423477866748], [0.007040050062578223, 0.1323529411764706, 0.4770025031289111, 0.2834793491864831, 0.07462453066332916, 0.025500625782227785], [0.007221458046767538, 0.09502521779000458, 0.519486474094452, 0.2770518110958276, 0.07427785419532325, 0.026937184777624943], [0.00765188531391168, 0.08933345625518577, 0.30312528809809164, 0.47773577947819673, 0.09329768599612796, 0.028855904858486218], [0.01894630192502533, 0.17760891590678823, 0.5339412360688957, 0.2265450861195542, 0.0375886524822695, 0.005369807497467072], [0.2422360248447205, 0.3167701863354037, 0.35403726708074534, 0.062111801242236024, 0.024844720496894408, 0.0]]}}}, "eu": {"histType": {"histogram": {"labels": ["0", "100", "200", "300", "400", "500", "600", "700", "800", "900", "1000", "1100", "1200", "1300", "1400", "1500", "1600", "1700", "1800", "1900", "2000", "2100", "2200", "2300", "2400", "2500", "2600", "2700", "2800", "2900", "3000", "3100", "3200"], "data": [[0.0, 0.0, 0.0019120458891013384, 0.0, 0.0, 0.0038240917782026767, 0.011472275334608031, 0.0248565965583174, 0.05162523900573614, 0.07265774378585087, 0.0745697896749522, 0.10516252390057361, 0.09560229445506692, 0.12810707456978968, 0.14531548757170173, 0.09177820267686425, 0.06883365200764818, 0.036328871892925434, 0.036328871892925434, 0.02676864244741874, 0.0057361376673040155, 0.015296367112810707, 0.0038240917782026767, 0.0, 0.0, 0.0, 0.0, 0.0, 0.0, 0.0, 0.0, 0.0, 0.0], [0.000286286859433152, 0.000286286859433152, 0.000572573718866304, 0.0008588605782994561, 0.002004008016032064, 0.0037217291726309764, 0.006870884626395649, 0.010306326939593472, 0.020612653879186944, 0.033781849413111936, 0.04551961064987117, 0.06241053535642714, 0.08187804179788148, 0.10649871170913255, 0.13226452905811623, 0.1311193816203836, 0.14056684798167765, 0.06784998568565703, 0.09304322931577441, 0.024620669911251072, 0.011737761236759233, 0.011451474377326082, 0.004580589750930432, 0.0031491554537646724, 0.0028628685943315204, 0.000572573718866304, 0.000572573718866304, 0.0, 0.0, 0.0, 0.0, 0.0, 0.0], [0.0, 0.0, 0.0, 0.0001183011948420679, 0.0001183011948420679, 0.0001183011948420679, 0.0, 0.0008281083638944754, 0.0018928191174730864, 0.002602626286525494, 0.005796758547261327, 0.009464095587365433, 0.011830119484206791, 0.015497456524310895, 0.025671359280728737, 0.034898852478410035, 0.1993375133088844, 0.1510706258133207, 0.31101384123979653, 0.07878859576481723, 0.050041405418194726, 0.05394534484798297, 0.01703537205725778, 0.007571276469892346, 0.011238613509996451, 0.0053235537678930555, 0.003430734650419969, 0.0018928191174730864, 0.0002366023896841358, 0.0002366023896841358, 0.0, 0.0, 0.0], [0.0, 0.0, 0.0, 0.0001100715465052284, 0.0001100715465052284, 0.0002201430930104568, 0.0007705008255365987, 0.0020913593835993395, 0.0024215740231150248, 0.005943863511282334, 0.01166758392955421, 0.017281232801320857, 0.02058337919647771, 0.02685745734727573, 0.04270776004402862, 0.0542652724270776, 0.07738029719317556, 0.05283434232250963, 0.28508530544854155, 0.1414419372592185, 0.08816730875068794, 0.08552559163456247, 0.032140891579526695, 0.012878370941111723, 0.023115024766097964, 0.007594936708860759, 0.004623004953219593, 0.003082003302146395, 0.0008805723720418272, 0.0002201430930104568, 0.0, 0.0, 0.0], [0.0, 0.0, 0.0, 0.0, 0.0, 0.022222222222222223, 0.027777777777777776, 0.05555555555555555, 0.05555555555555555, 0.06666666666666667, 0.06666666666666667, 0.07777777777777778, 0.05555555555555555, 0.11666666666666667, 0.07777777777777778, 0.16111111111111112, 0.022222222222222223, 0.06666666666666667, 0.044444444444444446, 0.03888888888888889, 0.022222222222222223, 0.005555555555555556, 0.0, 0.005555555555555556, 0.011111111111111112, 0.0, 0.0, 0.0, 0.0, 0.0, 0.0, 0.0, 0.0], [0.0, 0.00010440593025683859, 0.00010440593025683859, 0.00020881186051367718, 0.00031321779077051577, 0.00010440593025683859, 0.00020881186051367718, 0.0011484652328252244, 0.0018793067446230946, 0.003863019419503028, 0.007830444769262894, 0.012006681979536438, 0.0476091041971184, 0.086030486531635, 0.12413865107538108, 0.1331175610774692, 0.158488202129881, 0.11014825642096471, 0.1458550845688035, 0.05470870745458342, 0.0337231