{"region": {"us": {"histType": {"histogram": {"labels": ["0", "100", "200", "300", "400", "500", "600", "700", "800", "900", "1000", "1100", "1200", "1300", "1400", "1500", "1600", "1700", "1800", "1900", "2000", "2100", "2200", "2300", "2400", "2500", "2600", "2700", "2800", "2900", "3000", "3100"], "data": [[0.0, 0.0, 0.0, 0.008771929824561403, 0.0, 0.008771929824561403, 0.03508771929824561, 0.02631578947368421, 0.07894736842105263, 0.05263157894736842, 0.07894736842105263, 0.09649122807017543, 0.09649122807017543, 0.15789473684210525, 0.13157894736842105, 0.07017543859649122, 0.03508771929824561, 0.03508771929824561, 0.02631578947368421, 0.06140350877192982, 0.0, 0.0, 0.0, 0.0, 0.0, 0.0, 0.0, 0.0, 0.0, 0.0, 0.0, 0.0], [0.0, 0.0017196904557179708, 0.0, 0.0008598452278589854, 0.0017196904557179708, 0.0008598452278589854, 0.0034393809114359416, 0.013757523645743766, 0.02063628546861565, 0.034393809114359415, 0.05588993981083405, 0.06878761822871883, 0.1057609630266552, 0.09888220120378331, 0.15219260533104043, 0.12209802235597593, 0.12123817712811694, 0.06276870163370593, 0.07480653482373173, 0.02407566638005159, 0.012037833190025795, 0.013757523645743766, 0.005159071367153913, 0.0017196904557179708, 0.0034393809114359416, 0.0, 0.0, 0.0, 0.0, 0.0, 0.0, 0.0], [0.0, 0.0, 0.00030175015087507544, 0.00030175015087507544, 0.0006035003017501509, 0.0006035003017501509, 0.0009052504526252263, 0.0024140012070006035, 0.009354254677127338, 0.010863005431502716, 0.0171997585998793, 0.028364514182257092, 0.0503922751961376, 0.06668678334339168, 0.08539529269764635, 0.10772480386240194, 0.1460470730235365, 0.09776704888352444, 0.1659625829812915, 0.056427278213639104, 0.04224502112251056, 0.05582377791188896, 0.020820760410380206, 0.013277006638503319, 0.015389257694628847, 0.003621001810500905, 0.0015087507543753772, 0.0, 0.0, 0.0, 0.0, 0.0], [0.0, 0.00022820629849383843, 0.0, 0.0, 0.00022820629849383843, 0.0011410314924691922, 0.0027384755819260614, 0.004564125969876769, 0.010725696029210407, 0.02601551802829758, 0.035600182565038795, 0.03765403925148334, 0.06937471474212688, 0.09904153354632587, 0.12300319488817892, 0.13350068461889547, 0.1478776814240073, 0.0896850753080785, 0.11410314924691921, 0.041761752624372435, 0.020994979461433135, 0.02624372432679142, 0.007530807850296669, 0.0029666818804198994, 0.003194888178913738, 0.001597444089456869, 0.00022820629849383843, 0.0, 0.0, 0.0, 0.0, 0.0], [0.0, 0.0, 0.0, 0.0, 0.0, 0.0, 0.0, 0.09302325581395349, 0.09302325581395349, 0.06976744186046512, 0.06976744186046512, 0.11627906976744186, 0.06976744186046512, 0.11627906976744186, 0.0, 0.0, 0.06976744186046512, 0.023255813953488372, 0.046511627906976744, 0.13953488372093023, 0.023255813953488372, 0.023255813953488372, 0.023255813953488372, 0.023255813953488372, 0.0, 0.0, 0.0, 0.0, 0.0, 0.0, 0.0, 0.0], [0.0, 0.0, 0.0, 0.0, 0.0, 0.0, 0.0007603117278084015, 0.0034214027751378064, 0.003611480707089907, 0.012164987644934424, 0.02090857251473104, 0.030032313248431856, 0.06006462649686371, 0.09161756320091237, 0.11518722676297281, 0.12279034404105683, 0.14483938414750047, 0.09789013495533169, 0.11974909712982323, 0.0553126781980612, 0.032693404295761265, 0.04675917126021669, 0.015586390420072229, 0.007032883482227714, 0.012164987644934424, 0.004181714502946208, 0.0028511689792815056, 0.00038015586390420075, 0.0, 0.0, 0.0, 0.0], [0.0, 0.0, 0.0, 0.0016501650165016502, 0.0022002200220022, 0.0016501650165016502, 0.0049504950495049506, 0.01155115511551155, 0.020902090209020903, 0.039603960396039604, 0.057755775577557754, 0.07150715071507151, 0.10836083608360836, 0.12321232123212321, 0.13696369636963696, 0.10396039603960396, 0.10231023102310231, 0.06050605060506051, 0.0539053905390539, 0.024752475247524754, 0.0165016501650165, 0.019801980198019802, 0.012651265126512651, 0.00825082508250825, 0.01155115511551155, 0.0038503850385038503, 0.0016501650165016502, 0.0, 0.0, 0.0, 0.0, 0.0], [0.0, 0.0, 0.009433962264150943, 0.009433962264150943, 0.018867924528301886, 0.009433962264150943, 0.02830188679245283, 0.08490566037735849, 0.09433962264150944, 0.16037735849056603, 0.08490566037735849, 0.14150943396226415, 0.09433962264150944, 0.11320754716981132, 0.03773584905660377, 0.018867924528301886, 0.02830188679245283, 0.02830188679245283, 0.02830188679245283, 0.009433962264150943, 0.0, 0.0, 0.0, 0.0, 0.0, 0.0, 0.0, 0.0, 0.0, 0.0, 0.0, 0.0], [0.0008038585209003215, 0.00020096463022508038, 0.0010048231511254019, 0.0006028938906752412, 0.002411575562700965, 0.0038183279742765273, 0.004622186495176849, 0.012660771704180064, 0.023110932475884246, 0.05365755627009646, 0.07455787781350483, 0.09746784565916398, 0.11254019292604502, 0.1312299035369775, 0.13143086816720256, 0.09184083601286173, 0.08098874598070739, 0.047628617363344054, 0.050040192926045016, 0.02652733118971061, 0.018890675241157555, 0.017282958199356914, 0.008842443729903537, 0.0038183279742765273, 0.0030144694533762056, 0.0008038585209003215, 0.00020096463022508038, 0.0, 0.0, 0.0, 0.0, 0.0], [0.0, 0.0, 0.0005040322580645161, 0.0, 0.0015120967741935483, 0.0010080645161290322, 0.0045362903225806455, 0.006048387096774193, 0.015625, 0.023689516129032258, 0.03477822580645161, 0.053931451612903226, 0.07913306451612903, 0.10483870967741936, 0.12348790322580645, 0.1310483870967742, 0.16078629032258066, 0.08014112903225806, 0.09526209677419355, 0.03377016129032258, 0.01310483870967742, 0.020161290322580645, 0.009576612903225807, 0.004032258064516129, 0.0025201612903225806, 0.0005040322580645161, 0.0, 0.0, 0.0, 0.0, 0.0, 0.0], [0.0, 0.0, 0.0008883624518803672, 0.0011844832691738228, 0.0011844832691738228, 0.0026650873556411016, 0.007403020432336393, 0.010660349422564407, 0.020432336393248447, 0.03849570624814924, 0.07936037903464614, 0.0882440035534498, 0.11222978975421972, 0.11755996446550193, 0.14273023393544565, 0.10956470239857861, 0.08794788273615635, 0.05863192182410423, 0.04974829730530056, 0.027539236008291383, 0.015102161681966242, 0.015102161681966242, 0.00621853716316257, 0.002961208172934557, 0.002961208172934557, 0.0011844832691738228, 0.0, 0.0, 0.0, 0.0, 0.0, 0.0], [0.0, 0.0, 0.0, 0.0, 0.0005629045876723895, 0.001125809175344779, 0.0028145229383619475, 0.006754855052068675, 0.012665353222628765, 0.018575851393188854, 0.03490008443568815, 0.05319448353504081, 0.07430340557275542, 0.09541232761047003, 0.14213340838727836, 0.11764705882352941, 0.1556431184914157, 0.08978328173374613, 0.09766394596115958, 0.039684773430903465, 0.01942020827469744, 0.01773149451168027, 0.010413734871939206, 0.00647340275823248, 0.0028145229383619475, 0.00028145229383619476, 0.0, 0.0, 0.0, 0.0, 0.0, 0.0], [0.00026001040041601667, 0.0, 0.0, 0.0005200208008320333, 0.0005200208008320333, 0.0020800832033281333, 0.0026001040041601664, 0.007280291211648466, 0.01326053042121685, 0.036141445657826315, 0.06006240249609984, 0.06474258970358815, 0.08606344253770151, 0.11856474258970359, 0.1437857514300572, 0.12480499219968799, 0.13182527301092042, 0.06968278731149245, 0.06656266250650027, 0.02860114404576183, 0.01612064482579303, 0.011180447217888715, 0.006500260010400416, 0.002860114404576183, 0.004160166406656267, 0.0018200728029121164, 0.0, 0.0, 0.0, 0.0, 0.0, 0.0], [0.0, 0.0, 0.0, 0.0, 0.0, 0.0, 0.0, 0.0012815036309269544, 0.00299017513882956, 0.007261853908586074, 0.018795386586928663, 0.028620247757368645, 0.055104656129859035, 0.07817172148654421, 0.11576249466040153, 0.12644169158479282, 0.16659547202050407, 0.11319948739854763, 0.12985903460059803, 0.0589491670226399, 0.03630926954293037, 0.032037590773173856, 0.010252029047415635, 0.00854335753951303, 0.006407518154634771, 0.0034173430158052115, 0.0, 0.0, 0.0, 0.0, 0.0, 0.0], [0.0, 0.0, 0.0, 0.0, 0.0015503875968992248, 0.0, 0.0, 0.009302325581395349, 0.018604651162790697, 0.040310077519379844, 0.04806201550387597, 0.08527131782945736, 0.09922480620155039, 0.13333333333333333, 0.09457364341085271, 0.09767441860465116, 0.12713178294573643, 0.07906976744186046, 0.06356589147286822, 0.027906976744186046, 0.02945736434108527, 0.013953488372093023, 0.006201550387596899, 0.009302325581395349, 0.0031007751937984496, 0.007751937984496124, 0.004651162790697674, 0.0, 0.0, 0.0, 0.0, 0.0], [0.0003590664272890485, 0.0003590664272890485, 0.0003590664272890485, 0.0003590664272890485, 0.000718132854578097, 0.0010771992818671453, 0.003231597845601436, 0.005745062836624776, 0.010412926391382405, 0.017235188509874325, 0.03806104129263914, 0.04991023339317774, 0.08402154398563734, 0.10053859964093358, 0.14398563734290845, 0.1378815080789946, 0.13034111310592458, 0.08114901256732496, 0.09120287253141832, 0.03877917414721724, 0.020107719928186715, 0.0236983842010772, 0.008976660682226212, 0.005026929982046679, 0.003590664272890485, 0.0017953321364452424, 0.0010771992818671453, 0.0, 0.0, 0.0, 0.0, 0.0], [0.0, 0.0, 0.0, 0.00037257824143070045, 0.0014903129657228018, 0.0007451564828614009, 0.0033532041728763042, 0.005961251862891207, 0.013040238450074515, 0.02496274217585693, 0.045454545454545456, 0.06110283159463487, 0.08569299552906111, 0.10506706408345752, 0.13748137108792846, 0.11363636363636363, 0.13710879284649777, 0.0778688524590164, 0.0942622950819672, 0.03614008941877794, 0.01751117734724292, 0.021609538002980627, 0.005588673621460507, 0.004098360655737705, 0.0037257824143070045, 0.0033532041728763042, 0.00037257824143070045, 0.0, 0.0, 0.0, 0.0, 0.0], [0.0, 0.0, 0.0, 0.0, 0.0, 0.0, 0.0, 0.0, 0.038461538461538464, 0.15384615384615385, 0.11538461538461539, 0.07692307692307693, 0.11538461538461539, 0.11538461538461539, 0.038461538461538464, 0.11538461538461539, 0.07692307692307693, 0.0, 0.038461538461538464, 0.07692307692307693, 0.038461538461538464, 0.0, 0.0, 0.0, 0.0, 0.0, 0.0, 0.0, 0.0, 0.0, 0.0, 0.0], [0.0001853911753800519, 0.0001853911753800519, 0.0003707823507601038, 0.0001853911753800519, 0.0001853911753800519, 0.0, 0.0007415647015202076, 0.0016685205784204673, 0.005932517612161661, 0.010567296996662959, 0.022061549870226176, 0.029662588060808306, 0.060808305524657026, 0.08583611420096403, 0.12050426399703375, 0.13366703744901742, 0.14312198739340007, 0.10196514645902854, 0.11012235817575083, 0.06117908787541713, 0.034668149796069705, 0.047274749721913235, 0.014275120504263997, 0.008527994067482388, 0.0055617352614015575, 0.0007415647015202076, 0.0, 0.0, 0.0, 0.0, 0.0, 0.0], [0.0, 0.0, 0.0, 0.0004177109440267335, 0.0, 0.0004177109440267335, 0.0029239766081871343, 0.0012531328320802004, 0.005430242272347535, 0.007101086048454469, 0.02297410192147034, 0.029239766081871343, 0.053467000835421885, 0.06474519632414369, 0.11403508771929824, 0.12656641604010024, 0.14703425229741018, 0.11278195488721804, 0.12573099415204678, 0.05388471177944862, 0.04051796157059315, 0.03717627401837928, 0.017126148705096073, 0.011278195488721804, 0.014202172096908938, 0.008771929824561403, 0.0029239766081871343, 0.0, 0.0, 0.0, 0.0, 0.0], [0.0004092490280335584, 0.0, 0.0, 0.0002046245140167792, 0.0008184980560671168, 0.0014323715981174544, 0.0016369961121342337, 0.005320237364436259, 0.008389605074687948, 0.017597708205443013, 0.037037037037037035, 0.047268262737875995, 0.061182729691016985, 0.08553304685901371, 0.11643134847554737, 0.12134233681195007, 0.13014119091467158, 0.09433190096173522, 0.1162267239615306, 0.05483936975649683, 0.03130755064456722, 0.03519541641088603, 0.014528340495191324, 0.007366482504604052, 0.009821976672805401, 0.0016369961121342337, 0.0, 0.0, 0.0, 0.0, 0.0, 0.0], [0.0, 0.0, 0.0, 0.0, 0.0, 0.0030581039755351682, 0.0, 0.0061162079510703364, 0.012232415902140673, 0.009174311926605505, 0.009174311926605505, 0.039755351681957186, 0.07033639143730887, 0.14678899082568808, 0.1620795107033639, 0.14067278287461774, 0.18654434250764526, 0.09785932721712538, 0.07339449541284404, 0.03058103975535168, 0.012232415902140673, 0.0, 0.0, 0.0, 0.0, 0.0, 0.0, 0.0, 0.0, 0.0, 0.0, 0.0], [0.0, 0.0, 0.0, 0.00013691128148959474, 0.0, 0.0002738225629791895, 0.0002738225629791895, 0.0015060240963855422, 0.0038335158817086527, 0.011226725082146768, 0.01642935377875137, 0.030120481927710843, 0.05435377875136911, 0.07078313253012049, 0.11171960569550932, 0.1334884994523549, 0.17059145673603504, 0.09926067907995619, 0.14895947426067907, 0.05777656078860898, 0.028477546549835708, 0.03504928806133625, 0.012458926615553121, 0.003970427163198248, 0.006982475355969332, 0.0017798466593647317, 0.000547645125958379, 0.0, 0.0, 0.0, 0.0, 0.0], [0.00011402508551881414, 0.00011402508551881414, 0.00022805017103762827, 0.0, 0.0006841505131128849, 0.0010262257696693272, 0.00045610034207525655, 0.0017103762827822121, 0.002280501710376283, 0.00992018244013683, 0.016305587229190423, 0.03568985176738883, 0.06978335233751426, 0.1080957810718358, 0.14561003420752566, 0.16955530216647663, 0.17320410490307867, 0.09281641961231471, 0.09464082098061574, 0.039452679589509695, 0.018928164196123146, 0.012770809578107183, 0.004561003420752566, 0.0010262257696693272, 0.0009122006841505131, 0.00011402508551881414, 0.0, 0.0, 0.0, 0.0, 0.0, 0.0], [0.0, 0.0002965599051008304, 0.0, 0.0002965599051008304, 0.0005931198102016608, 0.0017793594306049821, 0.0020759193357058124, 0.003855278766310795, 0.009489916963226572, 0.01601423487544484, 0.02965599051008304, 0.05516014234875445, 0.08333333333333333, 0.10438908659549229, 0.12247924080664294, 0.12158956109134045, 0.14145907473309607, 0.09074733096085409, 0.09994068801897983, 0.050711743772241996, 0.022835112692763938, 0.02224199288256228, 0.012752075919335706, 0.005338078291814947, 0.0029655990510083037, 0.0, 0.0, 0.0, 0.0, 0.0, 0.0, 0.0], [0.0, 0.0, 0.0, 0.0, 0.000463284688441047, 0.0, 0.0006949270326615705, 0.0011582117211026176, 0.0046328468844104706, 0.005559416261292564, 0.018299745193421358, 0.024554088487375492, 0.042622191336576326, 0.078758397034978, 0.1063238359972203, 0.11952744961779013, 0.152652304841325, 0.08941394486912208, 0.1556636553161918, 0.05930044012045402, 0.03613620569840167, 0.04679175353254575, 0.021311095668288163, 0.011582117211026175, 0.015520037062775075, 0.0057910586055130876, 0.0032429928190873293, 0.0, 0.0, 0.0, 0.0, 0.0], [0.0, 0.0008481764206955047, 0.0008481764206955047, 0.0016963528413910093, 0.0016963528413910093, 0.004240882103477523, 0.005089058524173028, 0.011874469889737066, 0.031382527565733676, 0.0542832909245123, 0.05767599660729432, 0.09669211195928754, 0.09499575911789652, 0.1289228159457167, 0.13231552162849872, 0.10687022900763359, 0.09669211195928754, 0.05089058524173028, 0.06700593723494487, 0.02205258693808312, 0.008481764206955046, 0.021204410517387615, 0.0016963528413910093, 0.0, 0.002544529262086514, 0.0, 0.0, 0.0, 0.0, 0.0, 0.0, 0.0], [0.0, 0.0, 0.0, 0.0, 0.002857142857142857, 0.0, 0.005714285714285714, 0.025714285714285714, 0.06285714285714286, 0.05142857142857143, 0.09428571428571429, 0.09714285714285714, 0.08571428571428572, 0.11428571428571428, 0.1, 0.1, 0.12, 0.06, 0.04285714285714286, 0.02, 0.005714285714285714, 0.0, 0.002857142857142857, 0.002857142857142857, 0.005714285714285714, 0.0, 0.0, 0.0, 0.0, 0.0, 0.0, 0.0], [0.0005006257822277847, 0.0, 0.0, 0.0, 0.000750938673341677, 0.0017521902377972466, 0.004755944931163955, 0.008760951188986232, 0.01602002503128911, 0.028785982478097622, 0.0493116395494368, 0.06733416770963704, 0.10037546933667084, 0.11689612015018773, 0.14543178973717147, 0.1251564455569462, 0.1211514392991239, 0.06408010012515644, 0.07008760951188986, 0.02778473091364205, 0.01576971214017522, 0.020775969962453067, 0.00851063829787234, 0.0022528160200250315, 0.0025031289111389237, 0.000750938673341677, 0.0005006257822277847, 0.0, 0.0, 0.0, 0.0, 0.0], [0.0, 0.0, 0.0, 0.0, 0.0, 0.0, 0.002440214738897023, 0.0014641288433382138, 0.005856515373352855, 0.01903367496339678, 0.027330405075646658, 0.03953147877013177, 0.05612493899463153, 0.0849194729136164, 0.11761835041483651, 0.12347486578818936, 0.1390922401171303, 0.0951683748169839, 0.11224987798926306, 0.05222059541239629, 0.02879453391898487, 0.03465104929233773, 0.021473889702293802, 0.012201073694485115, 0.021961932650073207, 0.003904343582235237, 0.0004880429477794046, 0.0, 0.0, 0.0, 0.0, 0.0], [0.0, 0.0, 0.0, 0.0, 0.00035298270384751147, 0.0, 0.0014119308153900459, 0.0014119308153900459, 0.004588775150017649, 0.01447229085774797, 0.020120014119308152, 0.0370631839039887, 0.06918460995411224, 0.10518884574655842, 0.13201553123896928, 0.13342746205435935, 0.14648782209671726, 0.08789269325803035, 0.11154253441581362, 0.0522414401694317, 0.029650547123190964, 0.028591599011648428, 0.00953053300388281, 0.006706671373102718, 0.0056477232615601836, 0.002117896223085069, 0.00035298270384751147, 0.0, 0.0, 0.0, 0.0, 0.0], [0.00020329335230737954, 0.00020329335230737954, 0.00020329335230737954, 0.0004065867046147591, 0.0004065867046147591, 0.0020329335230737954, 0.0028461069323033137, 0.00467574710306973, 0.008538320796909941, 0.0178898150030494, 0.042894897336857085, 0.0626143525106729, 0.09209188859524294, 0.1203496645659687, 0.13092091888595242, 0.13397031917056312, 0.1331571457613336, 0.08599308802602156, 0.07379548688757878, 0.03537304330148404, 0.018906281764586298, 0.01910957511689368, 0.008131734092295182, 0.0028461069323033137, 0.002439520227688555, 0.0, 0.0, 0.0, 0.0, 0.0, 0.0, 0.0], [0.0, 0.0, 0.0, 0.0, 0.000531632110579479, 0.000531632110579479, 0.000531632110579479, 0.002126528442317916, 0.006911217437533227, 0.014354066985645933, 0.02764486975013291, 0.043593833067517275, 0.07708665603402445, 0.10792131844763424, 0.13556618819776714, 0.13769271664008506, 0.13609782030834663, 0.09250398724082935, 0.08240297713981924, 0.043593833067517275, 0.037745879851143006, 0.022860180754917598, 0.013822434875066455, 0.003721424774056353, 0.011164274322169059, 0.001594896331738437, 0.0, 0.0, 0.0, 0.0, 0.0, 0.0], [0.0, 0.0, 0.0, 0.0, 0.0, 0.0007513148009015778, 0.0007513148009015778, 0.002253944402704733, 0.005634861006761833, 0.004883546205860256, 0.011645379413974455, 0.02329075882794891, 0.03606311044327573, 0.05897821187077385, 0.09316303531179564, 0.11758076634109692, 0.1555221637866266, 0.10067618332081142, 0.13899323816679188, 0.07663410969196092, 0.04357625845229151, 0.06874530428249437, 0.025544703230653644, 0.014274981217129978, 0.015401953418482344, 0.004883546205860256, 0.0007513148009015778, 0.0, 0.0, 0.0, 0.0, 0.0], [0.0, 0.0, 0.0, 0.0, 0.0002155636990730761, 0.0002155636990730761, 0.0006466910972192282, 0.002371200689803837, 0.004095710282388446, 0.009053675361069196, 0.020262987712869152, 0.04225048501832292, 0.07372278508299203, 0.11554214270316879, 0.13860745850398792, 0.12114679887906876, 0.13839189480491484, 0.0875188618236689, 0.10627290364302651, 0.04462168570812675, 0.029101099374865273, 0.031687863763742184, 0.016382841129553783, 0.006466910972192283, 0.007329165768484587, 0.0038801465833153696, 0.0002155636990730761, 0.0, 0.0, 0.0, 0.0, 0.0], [0.0, 0.0, 0.0001550387596899225, 0.0, 0.0, 0.000310077519379845, 0.00062015503875969, 0.0020155038759689923, 0.0037209302325581397, 0.010852713178294573, 0.02201550387596899, 0.041705426356589144, 0.07643410852713178, 0.11689922480620155, 0.15689922480620155, 0.14666666666666667, 0.1449612403100775, 0.07689922480620155, 0.10496124031007752, 0.03627906976744186, 0.01937984496124031, 0.022325581395348838, 0.007596899224806201, 0.003875968992248062, 0.0037209302325581397, 0.0013953488372093023, 0.000310077519379845, 0.0, 0.0, 0.0, 0.0, 0.0], [0.0, 0.0, 0.0, 0.0, 0.0, 0.00017838030681412772, 0.0010702818408847663, 0.0010702818408847663, 0.0033892258294684267, 0.00945415626114877, 0.015519086692829111, 0.03175169461291474, 0.059043881555476276, 0.10256867641812344, 0.1389582590082055, 0.1653585444166964, 0.1705315733143061, 0.09596860506600072, 0.11666072065643952, 0.03585444166963967, 0.019086692829111667, 0.02104887620406707, 0.0058865501248662145, 0.001962183374955405, 0.003745986443096682, 0.0008919015340706386, 0.0, 0.0, 0.0, 0.0, 0.0, 0.0], [0.0, 0.011111111111111112, 0.0, 0.0, 0.011111111111111112, 0.03333333333333333, 0.03333333333333333, 0.06666666666666667, 0.14444444444444443, 0.08888888888888889, 0.05555555555555555, 0.044444444444444446, 0.06666666666666667, 0.07777777777777778, 0.08888888888888889, 0.08888888888888889, 0.05555555555555555, 0.044444444444444446, 0.03333333333333333, 0.044444444444444446, 0.011111111111111112, 0.0, 0.0, 0.0, 0.0, 0.0, 0.0, 0.0, 0.0, 0.0, 0.0, 0.0]]}, "ranks": {"labels": ["Unranked", "Combatatent I", "Combatatent II", "Challenger I", "Challenger II", "Rival I", "Rival II", "Duelist", "Elite"], "data": [[0.21052631578947367, 0.17543859649122806, 0.2543859649122807, 0.20175438596491227, 0.07017543859649122, 0.08771929824561403, 0.0, 0.0, 0.0], [0.07738607050730868, 0.12467755803955288, 0.20464316423043852, 0.27429062768701634, 0.18400687876182287, 0.08942390369733448, 0.021496130696474634, 0.02063628546861565, 0.0034393809114359416], [0.025347012673506336, 0.04556427278213639, 0.11707905853952927, 0.19312009656004828, 0.24381412190706095, 0.19674109837054918, 0.06789378394689197, 0.08992154496077248, 0.02051901025950513], [0.045641259698767686, 0.07325422181652214, 0.16841624828845275, 0.2565038795070744, 0.2375627567320858, 0.1360109539023277, 0.04084892743039708, 0.036741214057507986, 0.005020538566864446], [0.2558139534883721, 0.18604651162790697, 0.18604651162790697, 0.0, 0.09302325581395349, 0.16279069767441862, 0.046511627906976744, 0.06976744186046512, 0.0], [0.019958182854970537, 0.0509408857631629, 0.15168218969777608, 0.23797757080402965, 0.24272951910283216, 0.15111195590191978, 0.05664322372172591, 0.06937844516251664, 0.01957802699106634], [0.08250825082508251, 0.12926292629262925, 0.23157315731573158, 0.24092409240924093, 0.1628162816281628, 0.06930693069306931, 0.02585258525852585, 0.0407040704070407, 0.017051705170517052], [0.41509433962264153, 0.22641509433962265, 0.20754716981132076, 0.05660377358490566, 0.05660377358490566, 0.03773584905660377, 0.0, 0.0, 0.0], [0.10289389067524116, 0.1720257234726688, 0.2437700964630225, 0.2232717041800643, 0.12861736334405144, 0.06471061093247589, 0.0307475884244373, 0.029943729903536977, 0.0040192926045016075], [0.052923387096774195, 0.08870967741935484, 0.18397177419354838, 0.2545362903225806, 0.24092741935483872, 0.11441532258064516, 0.027721774193548387, 0.03377016129032258, 0.0030241935483870967], [0.08291382884216761, 0.16760438258809596, 0.22978975421972164, 0.2522949363340243, 0.1465798045602606, 0.06336985490079952, 0.02901984009475866, 0.02428190701806337, 0.00414569144210838], [0.04249929636926541, 0.08809456797072897, 0.16971573318322544, 0.2597804672108078, 0.24542640022516182, 0.12046158176189135, 0.03630734590486912, 0.03461863214185196, 0.0030959752321981426], [0.06266250650026, 0.12480499219968799, 0.2046281851274051, 0.26859074362974517, 0.2015080603224129, 0.08086323452938117, 0.030421216848673948, 0.020540821632865313, 0.005980239209568383], [0.011533532678342588, 0.04741563434429731, 0.13327637761640324, 0.24220418624519435, 0.2797949594190517, 0.1644596326356258, 0.060657838530542504, 0.05083297736010252, 0.009824861170439982], [0.06976744186046512, 0.13333333333333333, 0.23255813953488372, 0.19224806201550387, 0.2062015503875969, 0.07441860465116279, 0.046511627906976744, 0.02945736434108527, 0.015503875968992248], [0.03985637342908438, 0.08797127468581688, 0.18456014362657092, 0.28186714542190305, 0.21149012567324954, 0.11346499102333932, 0.03662477558348295, 0.03770197486535009, 0.006463195691202872], [0.04992548435171386, 0.10655737704918032, 0.19076005961251863, 0.2511177347242921, 0.21497764530551416, 0.11363636363636363, 0.03427719821162444, 0.03129657228017884, 0.007451564828614009], [0.19230769230769232, 0.19230769230769232, 0.23076923076923078, 0.15384615384615385, 0.07692307692307693, 0.11538461538461539, 0.038461538461538464, 0.0, 0.0], [0.020022246941045607, 0.05172413793103448, 0.14664441972562106, 0.25417130144605116, 0.2450871338524286, 0.1457174638487208, 0.060252131998516874, 0.07007786429365963, 0.006303299962921765], [0.017543859649122806, 0.052213868003341685, 0.11821219715956557, 0.24060150375939848, 0.2598162071846282, 0.1608187134502924, 0.059314954051796154, 0.06558061821219716, 0.025898078529657476], [0.03580928995293636, 0.08430529977491304, 0.14671577655003068, 0.23777368528749745, 0.2244730918764068, 0.14794352363413138, 0.05443012072846327, 0.0570902394106814, 0.011458972784939635], [0.03058103975535168, 0.04892966360856269, 0.21712538226299694, 0.30275229357798167, 0.28440366972477066, 0.09174311926605505, 0.024464831804281346, 0.0, 0.0], [0.01725082146768894, 0.04654983570646221, 0.1251369112814896, 0.24520810514786417, 0.2698521358159912, 0.18072289156626506, 0.05449069003285871, 0.05147864184008762, 0.009309967141292442], [0.01653363740022805, 0.05199543899657925, 0.17787913340935005, 0.3151653363740023, 0.2660205245153934, 0.11641961231470924, 0.03660205245153934, 0.018358038768529077, 0.0010262257696693272], [0.03440094899169632, 0.08481613285883749, 0.18772241992882563, 0.24406880189798338, 0.23220640569395018, 0.12366548042704627, 0.0498220640569395, 0.04033214709371293, 0.0029655990510083037], [0.01250868658790827, 0.04285383368079685, 0.12138058837155433, 0.22585128561501042, 0.24206624971044707, 0.18554551772063932, 0.06555478341440815, 0.07968496641186008, 0.024554088487375492], [0.11195928753180662, 0.15436810856658184, 0.22391857506361323, 0.23918575063613232, 0.1475826972010178, 0.07548770144189991, 0.02205258693808312, 0.022900763358778626, 0.002544529262086514], [0.14857142857142858, 0.19142857142857142, 0.2, 0.2, 0.18, 0.06, 0.008571428571428572, 0.005714285714285714, 0.005714285714285714], [0.06132665832290363, 0.11664580725907384, 0.21727158948685857, 0.27058823529411763, 0.18523153942428036, 0.08385481852315395, 0.029787234042553193, 0.03153942428035044, 0.0037546933667083854], [0.02879453391898487, 0.06686188384577843, 0.14104441190824793, 0.24109321620302587, 0.2342606149341142, 0.1371400683260127, 0.05612493899463153, 0.06832601268911664, 0.02635431918008785], [0.02223791034239322, 0.057183198023296855, 0.17437345570067067, 0.2654429932933286, 0.2343805153547476, 0.14260501235439463, 0.05082950935404165, 0.04482880338863396, 0.008118602188492764], [0.03740597682455784, 0.10550924984752999, 0.21244155316121163, 0.26489123805651554, 0.21915023378735515, 0.09534458223216101, 0.032730229721488105, 0.030087416141492174, 0.002439520227688555], [0.024986709197235512, 0.07123870281765018, 0.1850079744816587, 0.2732589048378522, 0.22860180754917597, 0.1089845826687932, 0.05475810738968634, 0.04040404040404041, 0.012759170653907496], [0.014274981217129978, 0.03493613824192337, 0.09504132231404959, 0.21074380165289255, 0.256198347107438, 0.1855747558226897, 0.07362885048835462, 0.10856498873027799, 0.021036814425244178], [0.01659840482862686, 0.06251347273119207, 0.1892649277861608, 0.2597542573830567, 0.22591075662858376, 0.13041603793921103, 0.049579650786807504, 0.054537615865488255, 0.011424876050873034], [0.017674418604651163, 0.06372093023255813, 0.19333333333333333, 0.3035658914728682, 0.22186046511627908, 0.1248062015503876, 0.035813953488372095, 0.0337984496124031, 0.005426356589147287], [0.015162326079200856, 0.047270781305743845, 0.16161255797359972, 0.3043168034249019, 0.2665001783803068, 0.13663931501962184, 0.034962540135569035, 0.02889760970388869, 0.00463788797716732], [0.3888888888888889, 0.1, 0.14444444444444443, 0.17777777777777778, 0.1, 0.05555555555555555, 0.03333333333333333, 0.0, 0.0]]}, "ranksDetailed": {"labels": ["Unranked", "Combatatant", "Challenger", "Rival", "Duelist", "Elite"], "data": [[0.21052631578947367, 0.4298245614035088, 0.2719298245614035, 0.08771929824561403, 0.0, 0.0], [0.07738607050730868, 0.32932072226999143, 0.4582975064488392, 0.11092003439380911, 0.02063628546861565, 0.0034393809114359416], [0.025347012673506336, 0.16264333132166567, 0.4369342184671092, 0.26463488231744114, 0.08992154496077248, 0.02051901025950513], [0.045641259698767686, 0.2416704701049749, 0.4940666362391602, 0.1768598813327248, 0.036741214057507986, 0.005020538566864446], [0.2558139534883721, 0.37209302325581395, 0.09302325581395349, 0.20930232558139536, 0.06976744186046512, 0.0], [0.019958182854970537, 0.202623075460939, 0.48070708990686184, 0.2077551796236457, 0.06937844516251664, 0.01957802699106634], [0.08250825082508251, 0.36083608360836084, 0.40374037403740376, 0.09515951595159516, 0.0407040704070407, 0.017051705170517052], [0.41509433962264153, 0.4339622641509434, 0.11320754716981132, 0.03773584905660377, 0.0, 0.0], [0.10289389067524116, 0.4157958199356913, 0.35188906752411575, 0.09545819935691319, 0.029943729903536977, 0.0040192926045016075], [0.052923387096774195, 0.27268145161290325, 0.4954637096774194, 0.14213709677419356, 0.03377016129032258, 0.0030241935483870967], [0.08291382884216761, 0.3973941368078176, 0.3988747408942849, 0.09238969499555819, 0.02428190701806337, 0.00414569144210838], [0.04249929636926541, 0.2578103011539544, 0.5052068674359697, 0.15676892766676048, 0.03461863214185196, 0.0030959752321981426], [0.06266250650026, 0.3294331773270931, 0.4700988039521581, 0.11128445137805512, 0.020540821632865313, 0.005980239209568383], [0.011533532678342588, 0.18069201196070056, 0.5219991456642461, 0.22511747116616831, 0.05083297736010252, 0.009824861170439982], [0.06976744186046512, 0.36589147286821705, 0.3984496124031008, 0.12093023255813953, 0.02945736434108527, 0.015503875968992248], [0.03985637342908438, 0.2725314183123878, 0.4933572710951526, 0.15008976660682227, 0.03770197486535009, 0.006463195691202872], [0.04992548435171386, 0.29731743666169896, 0.46609538002980627, 0.14791356184798807, 0.03129657228017884, 0.007451564828614009], [0.19230769230769232, 0.4230769230769231, 0.23076923076923078, 0.15384615384615385, 0.0, 0.0], [0.020022246941045607, 0.19836855765665554, 0.4992584352984798, 0.20596959584723767, 0.07007786429365963, 0.006303299962921765], [0.017543859649122806, 0.17042606516290726, 0.5004177109440268, 0.22013366750208854, 0.06558061821219716, 0.025898078529657476], [0.03580928995293636, 0.23102107632494373, 0.4622467771639042, 0.20237364436259464, 0.0570902394106814, 0.011458972784939635], [0.03058103975535168, 0.26605504587155965, 0.5871559633027523, 0.1162079510703364, 0.0, 0.0], [0.01725082146768894, 0.1716867469879518, 0.5150602409638554, 0.23521358159912376, 0.05147864184008762, 0.009309967141292442], [0.01653363740022805, 0.22987457240592932, 0.5811858608893957, 0.15302166476624857, 0.018358038768529077, 0.0010262257696693272], [0.03440094899169632, 0.2725385527876631, 0.4762752075919336, 0.17348754448398576, 0.04033214709371293, 0.0029655990510083037], [0.01250868658790827, 0.16423442205235117, 0.4679175353254575, 0.2511003011350475, 0.07968496641186008, 0.024554088487375492], [0.11195928753180662, 0.3782866836301951, 0.38676844783715014, 0.09754028837998303, 0.022900763358778626, 0.002544529262086514], [0.14857142857142858, 0.3914285714285714, 0.38, 0.06857142857142857, 0.005714285714285714, 0.005714285714285714], [0.06132665832290363, 0.3339173967459324, 0.455819774718398, 0.11364205256570713, 0.03153942428035044, 0.0037546933667083854], [0.02879453391898487, 0.20790629575402636, 0.4753538311371401, 0.19326500732064422, 0.06832601268911664, 0.02635431918008785], [0.02223791034239322, 0.23155665372396753, 0.49982350864807623, 0.19343452170843628, 0.04482880338863396, 0.008118602188492764], [0.03740597682455784, 0.3179508030087416, 0.4840414718438707, 0.12807481195364911, 0.030087416141492174, 0.002439520227688555], [0.024986709197235512, 0.2562466772993089, 0.5018607123870282, 0.16374269005847952, 0.04040404040404041, 0.012759170653907496], [0.014274981217129978, 0.12997746055597295, 0.4669421487603306, 0.25920360631104433, 0.10856498873027799, 0.021036814425244178], [0.01659840482862686, 0.2517784005173529, 0.4856650140116404, 0.17999568872601854, 0.054537615865488255, 0.011424876050873034], [0.017674418604651163, 0.25705426356589145, 0.5254263565891473, 0.16062015503875968, 0.0337984496124031, 0.005426356589147287], [0.015162326079200856, 0.20888333927934355, 0.5708169818052087, 0.17160185515519086, 0.02889760970388869, 0.00463788797716732], [0.3888888888888889, 0.24444444444444444, 0.2777777777777778, 0.08888888888888889, 0.0, 0.0]]}}}, "eu": {"histType": {"histogram": {"labels": ["0", "100", "200", "300", "400", "500", "600", "700", "800", "900", "1000", "1100", "1200", "1300", "1400", "1500", "1600", "1700", "1800", "1900", "2000", "2100", "2200", "2300", "2400", "2500", "2600", "2700", "2800", "2900", "3000", "3100"], "data": [[0.0, 0.0, 0.0, 0.0, 0.0, 0.013513513513513514, 0.02702702702702703, 0.05405405405405406, 0.0945945945945946, 0.0945945945945946, 0.08108108108108109, 0.0945945945945946, 0.12162162162162163, 0.08108108108108109, 0.05405405405405406, 0.12162162162162163, 0.04054054054054054, 0.04054054054054054, 0.02702702702702703, 0.013513513513513514, 0.02702702702702703, 0.013513513513513514, 0.0, 0.0, 0.0, 0.0, 0.0, 0.0, 0.0, 0.0, 0.0, 0.0], [0.0, 0.0, 0.0, 0.000946969696969697, 0.000946969696969697, 0.004734848484848485, 0.00946969696969697, 0.006628787878787879, 0.028409090909090908, 0.036931818181818184, 0.05303030303030303, 0.08806818181818182, 0.10321969696969698, 0.1278409090909091, 0.14867424242424243, 0.11553030303030302, 0.10890151515151515, 0.052083333333333336, 0.05776515151515151, 0.02462121212121212, 0.007575757575757576, 0.017992424242424244, 0.001893939393939394, 0.004734848484848485, 0.0, 0.0, 0.0, 0.0, 0.0, 0.0, 0.0, 0.0], [0.0, 0.0, 0.0, 0.0, 0.00034940600978336826, 0.0006988120195667365, 0.0010482180293501049, 0.003843466107617051, 0.009084556254367574, 0.013976240391334731, 0.02620545073375262, 0.03284416491963662, 0.054157931516422085, 0.07651991614255765, 0.09643605870020965, 0.09643605870020965, 0.14150943396226415, 0.09399021663172606, 0.15373864430468204, 0.06079664570230608, 0.03878406708595388, 0.04682040531097135, 0.019566736547868623, 0.01013277428371768, 0.015723270440251572, 0.004542278127183787, 0.002795248078266946, 0.0, 0.0, 0.0, 0.0, 0.0], [0.0, 0.0, 0.0, 0.0004088307440719542, 0.0002044153720359771, 0.0004088307440719542, 0.001635322976287817, 0.006132461161079314, 0.00919869174161897, 0.015739983646770237, 0.03556827473426002, 0.05008176614881439, 0.06888798037612429, 0.09260016353229762, 0.12203597710547834, 0.12816843826655763, 0.151676206050695, 0.10118560915780866, 0.11222403924775143, 0.04558462796402289, 0.018601798855273917, 0.022076860179885527, 0.007358953393295176, 0.003883892068683565, 0.003679476696647588, 0.002044153720359771, 0.0006132461161079313, 0.0, 0.0, 0.0, 0.0, 0.0], [0.0, 0.0, 0.0, 0.0, 0.0, 0.0, 0.043478260869565216, 0.06521739130434782, 0.10869565217391304, 0.021739130434782608, 0.13043478260869565, 0.13043478260869565, 0.06521739130434782, 0.043478260869565216, 0.13043478260869565, 0.06521739130434782, 0.021739130434782608, 0.06521739130434782, 0.021739130434782608, 0.043478260869565216, 0.0, 0.021739130434782608, 0.0, 0.021739130434782608, 0.0, 0.0, 0.0, 0.0, 0.0, 0.0, 0.0, 0.0], [0.0, 0.000375234521575985, 0.0001876172607879925, 0.000375234521575985, 0.0005628517823639775, 0.0001876172607879925, 0.0001876172607879925, 0.003939962476547843, 0.004315196998123828, 0.01050656660412758, 0.01876172607879925, 0.030393996247654785, 0.054596622889305814, 0.0876172607879925, 0.10675422138836772, 0.11651031894934334, 0.1373358348968105, 0.1, 0.12457786116322701, 0.061350844277673545, 0.036397748592870545, 0.051407129455909945, 0.02045028142589118, 0.008818011257035647, 0.01425891181988743, 0.005816135084427768, 0.00375234521575985, 0.0005628517823639775, 0.0, 0.0, 0.0, 0.0], [0.0, 0.0005035246727089627, 0.0005035246727089627, 0.0015105740181268882, 0.0010070493454179255, 0.003524672708962739, 0.0055387713997985906, 0.015105740181268883, 0.03172205438066465, 0.03726082578046324, 0.05991943605236657, 0.07854984894259819, 0.09667673716012085, 0.11732124874118832, 0.1052366565961732, 0.10926485397784491, 0.0986908358509567, 0.05387713997985901, 0.06243705941591138, 0.02920443101711984, 0.021148036253776436, 0.0256797583081571, 0.013595166163141994, 0.009566968781470292, 0.012084592145015106, 0.0030211480362537764, 0.007049345417925478, 0.0, 0.0, 0.0, 0.0, 0.0], [0.0, 0.0, 0.0, 0.0, 0.014492753623188406, 0.014492753623188406, 0.0, 0.13043478260869565, 0.07246376811594203, 0.08695652173913043, 0.08695652173913043, 0.10144927536231885, 0.08695652173913043, 0.07246376811594203, 0.043478260869565216, 0.18840579710144928, 0.07246376811594203, 0.028985507246376812, 0.0, 0.0, 0.0, 0.0, 0.0, 0.0, 0.0, 0.0, 0.0, 0.0, 0.0, 0.0, 0.0, 0.0], [0.0005970149253731343, 0.0001990049751243781, 0.0005970149253731343, 0.0011940298507462687, 0.0005970149253731343, 0.001990049751243781, 0.006368159203980099, 0.01253731343283582, 0.029054726368159204, 0.047960199004975126, 0.07840796019900498, 0.09393034825870647, 0.12796019900497513, 0.1281592039800995, 0.10985074626865672, 0.09213930348258706, 0.08378109452736318, 0.05014925373134328, 0.05034825870646766, 0.02965174129353234, 0.018308457711442787, 0.017313432835820895, 0.008955223880597015, 0.004378109452736319, 0.004577114427860697, 0.0009950248756218905, 0.0, 0.0, 0.0, 0.0, 0.0, 0.0], [0.0, 0.0, 0.0, 0.0, 0.0, 0.001288659793814433, 0.001288659793814433, 0.007731958762886598, 0.01288659793814433, 0.01997422680412371, 0.04896907216494845, 0.04896907216494845, 0.07345360824742268, 0.10760309278350516, 0.13079896907216496, 0.12435567010309279, 0.14948453608247422, 0.07538659793814433, 0.09922680412371133, 0.029639175257731958, 0.026417525773195876, 0.02384020618556701, 0.01095360824742268, 0.002577319587628866, 0.0032216494845360823, 0.0019329896907216496, 0.0, 0.0, 0.0, 0.0, 0.0, 0.0], [0.00036469730123997083, 0.0, 0.0, 0.0, 0.0010940919037199124, 0.0029175784099197666, 0.0036469730123997084, 0.011670313639679067, 0.024070021881838075, 0.03938730853391685, 0.06637490882567469, 0.09008023340627279, 0.11451495258935084, 0.11925601750547046, 0.12691466083150985, 0.10029175784099198, 0.09445660102115244, 0.05397520058351568, 0.06345733041575492, 0.02954048140043764, 0.020787746170678335, 0.018964259664478483, 0.008388037928519328, 0.005470459518599562, 0.002552881108679796, 0.0018234865061998542, 0.0, 0.0, 0.0, 0.0, 0.0, 0.0], [0.0, 0.0, 0.0, 0.0006069802731411229, 0.0006069802731411229, 0.0012139605462822458, 0.0015174506828528073, 0.006373292867981791, 0.012746585735963581, 0.023672230652503793, 0.040060698027314115, 0.050986342943854325, 0.08285280728376328, 0.091350531107739, 0.11957511380880122, 0.11866464339908953, 0.14779969650986344, 0.08831562974203339, 0.09802731411229135, 0.04582701062215478, 0.024582701062215478, 0.024279210925644917, 0.011229135053110774, 0.0018209408194233688, 0.005159332321699545, 0.0015174506828528073, 0.0006069802731411229, 0.00030349013657056146, 0.0, 0.0, 0.00030349013657056146, 0.0], [0.00031725888324873094, 0.0, 0.00031725888324873094, 0.0006345177664974619, 0.0006345177664974619, 0.0006345177664974619, 0.0034898477157360407, 0.010469543147208122, 0.018083756345177664, 0.0266497461928934, 0.05012690355329949, 0.07201776649746193, 0.10532994923857868, 0.10945431472081218, 0.14371827411167512, 0.12214467005076142, 0.11072335025380711, 0.06916243654822335, 0.07201776649746193, 0.031725888324873094, 0.018083756345177664, 0.015545685279187817, 0.008565989847715736, 0.0028553299492385786, 0.004441624365482234, 0.0015862944162436548, 0.0012690355329949238, 0.0, 0.0, 0.0, 0.0, 0.0], [0.0, 0.0, 0.0, 0.0003885003885003885, 0.0003885003885003885, 0.0, 0.000777000777000777, 0.0019425019425019425, 0.004662004662004662, 0.00777000777000777, 0.01554001554001554, 0.02641802641802642, 0.05516705516705517, 0.08275058275058275, 0.11616161616161616, 0.13286713286713286, 0.16355866355866355, 0.1247086247086247, 0.11227661227661227, 0.05516705516705517, 0.03146853146853147, 0.0337995337995338, 0.017094017094017096, 0.00777000777000777, 0.006216006216006216, 0.0011655011655011655, 0.001554001554001554, 0.0003885003885003885, 0.0, 0.0, 0.0, 0.0], [0.0, 0.0, 0.0018832391713747645, 0.0, 0.0, 0.0037664783427495