{"region": {"us": {"histType": {"histogram": {"labels": ["0", "100", "200", "300", "400", "500", "600", "700", "800", "900", "1000", "1100", "1200", "1300", "1400", "1500", "1600", "1700", "1800", "1900", "2000", "2100", "2200", "2300", "2400", "2500", "2600", "2700", "2800", "2900", "3000", "3100"], "data": [[0.0, 0.0, 0.0, 0.005154639175257732, 0.0, 0.015463917525773196, 0.020618556701030927, 0.010309278350515464, 0.061855670103092786, 0.05154639175257732, 0.061855670103092786, 0.0979381443298969, 0.09278350515463918, 0.10824742268041238, 0.12886597938144329, 0.07731958762886598, 0.04639175257731959, 0.061855670103092786, 0.05154639175257732, 0.05670103092783505, 0.020618556701030927, 0.030927835051546393, 0.0, 0.0, 0.0, 0.0, 0.0, 0.0, 0.0, 0.0, 0.0, 0.0], [0.0, 0.0011743981209630064, 0.0, 0.0005871990604815032, 0.0017615971814445098, 0.0005871990604815032, 0.005871990604815032, 0.012331180270111567, 0.014092777451556078, 0.025836758661186142, 0.04286553141514973, 0.05695830886670581, 0.08220786846741045, 0.07868467410452143, 0.1262477980035232, 0.12566059894304168, 0.15619495008807985, 0.07633587786259542, 0.10041103934233706, 0.03347034644744568, 0.022313564298297124, 0.012331180270111567, 0.008220786846741044, 0.004697592483852026, 0.005284791544333529, 0.004697592483852026, 0.0011743981209630064, 0.0, 0.0, 0.0, 0.0, 0.0], [0.00017340038148083925, 0.0, 0.00017340038148083925, 0.0003468007629616785, 0.0003468007629616785, 0.00017340038148083925, 0.0003468007629616785, 0.0008670019074041963, 0.004855210681463499, 0.006242413733310213, 0.010924224033292873, 0.016126235477718052, 0.027744061036934282, 0.04300329460724814, 0.06831975030345067, 0.09380960638113404, 0.13941390671059475, 0.11114964452921797, 0.2150164730362407, 0.07456216403676089, 0.04699150338130744, 0.06797294954048899, 0.02531645569620253, 0.012138026703658747, 0.021848448066585747, 0.005722212588867696, 0.004335009537020981, 0.0020808045777700713, 0.0, 0.0, 0.0, 0.0], [0.0, 0.00015730690577316344, 0.0, 0.00015730690577316344, 0.00015730690577316344, 0.00015730690577316344, 0.002044989775051125, 0.002831524303916942, 0.008337266005977662, 0.014786849142677364, 0.02406795658329401, 0.026899480887210947, 0.05159666509359761, 0.07063080069215039, 0.10445178543338053, 0.12537360390121127, 0.16076765770017304, 0.11278905143935819, 0.1475538776152273, 0.05836086204184364, 0.03586597451628126, 0.030360232814220543, 0.008809186723297153, 0.0034607519270095956, 0.006764196948246028, 0.0023596035865974517, 0.0011011483404121441, 0.00015730690577316344, 0.0, 0.0, 0.0, 0.0], [0.0, 0.0, 0.0, 0.0, 0.0, 0.0, 0.0, 0.056338028169014086, 0.04225352112676056, 0.08450704225352113, 0.056338028169014086, 0.07042253521126761, 0.1267605633802817, 0.15492957746478872, 0.04225352112676056, 0.0, 0.09859154929577464, 0.056338028169014086, 0.056338028169014086, 0.07042253521126761, 0.04225352112676056, 0.028169014084507043, 0.0, 0.014084507042253521, 0.0, 0.0, 0.0, 0.0, 0.0, 0.0, 0.0, 0.0], [0.0, 0.0, 0.0, 0.0, 0.0, 0.0, 0.00030102347983142685, 0.0022576760987357016, 0.002408187838651415, 0.008428657435279952, 0.014298615291992776, 0.023329319686935582, 0.04214328717639976, 0.07269717037928959, 0.10596026490066225, 0.13485851896447923, 0.1583383503913305, 0.10159542444310657, 0.13621312462372065, 0.059602649006622516, 0.03627332931968694, 0.046658639373871165, 0.01971703792895846, 0.006773028296207104, 0.01580373269114991, 0.005418422636965683, 0.005719446116797111, 0.0012040939193257074, 0.0, 0.0, 0.0, 0.0], [0.0, 0.0, 0.000735564545788893, 0.001471129091577786, 0.001471129091577786, 0.002942258183155572, 0.004045605001838912, 0.010297903641044501, 0.01986024273630011, 0.032364840014711294, 0.0474439132033836, 0.05847738139021699, 0.07944097094520045, 0.10592129459360058, 0.12541375505700625, 0.1312982714233174, 0.11989702096358955, 0.07429201912467819, 0.06914306730415594, 0.032364840014711294, 0.02206693637366679, 0.020595807282089002, 0.007723427730783376, 0.0066200809121000365, 0.011769032732622288, 0.00735564545788893, 0.005516734093416698, 0.001471129091577786, 0.0, 0.0, 0.0, 0.0], [0.0, 0.0, 0.0053475935828877, 0.0106951871657754, 0.0053475935828877, 0.0106951871657754, 0.016042780748663103, 0.0481283422459893, 0.08021390374331551, 0.11229946524064172, 0.11764705882352941, 0.0962566844919786, 0.12299465240641712, 0.10160427807486631, 0.06417112299465241, 0.053475935828877004, 0.053475935828877004, 0.0213903743315508, 0.0053475935828877, 0.06417112299465241, 0.0106951871657754, 0.0, 0.0, 0.0, 0.0, 0.0, 0.0, 0.0, 0.0, 0.0, 0.0, 0.0], [0.00042869391254644185, 0.0005715918833952558, 0.0007144898542440697, 0.0005715918833952558, 0.0010002857959416976, 0.0027150614461274648, 0.002857959416976279, 0.00800228636753358, 0.014289797084881395, 0.03215204344098314, 0.05315804515575879, 0.07730780222920834, 0.10188625321520435, 0.11646184624178336, 0.13989711346098885, 0.12132037725064304, 0.09774221206058874, 0.06030294369819949, 0.06330380108602458, 0.03158045155758788, 0.021863389539868532, 0.02100600171477565, 0.011431837667905115, 0.006001714775650186, 0.00871677622177765, 0.00400114318376679, 0.0007144898542440697, 0.0, 0.0, 0.0, 0.0, 0.0], [0.0, 0.0, 0.0008038585209003215, 0.0, 0.0020096463022508037, 0.0012057877813504824, 0.00522508038585209, 0.0040192926045016075, 0.014469453376205787, 0.02130225080385852, 0.034163987138263664, 0.04782958199356913, 0.06993569131832797, 0.0840032154340836, 0.11655948553054662, 0.12540192926045016, 0.15233118971061094, 0.08882636655948553, 0.11615755627009647, 0.04260450160771704, 0.024115755627009645, 0.022508038585209004, 0.008842443729903537, 0.005627009646302251, 0.007234726688102894, 0.0044212218649517685, 0.00040192926045016077, 0.0, 0.0, 0.0, 0.0, 0.0], [0.0, 0.0, 0.0008857395925597874, 0.0011071744906997344, 0.0011071744906997344, 0.002435783879539415, 0.005757307351638618, 0.011293179805137289, 0.01815766164747564, 0.03255093002657219, 0.06266607617360496, 0.07285208148804252, 0.09898139946855625, 0.09964570416297608, 0.1474756421612046, 0.12821080602302923, 0.10850310008857396, 0.06643046944198405, 0.06576616474756422, 0.030336581045172718, 0.016386182462356066, 0.013507528786536759, 0.005757307351638618, 0.003985828166519044, 0.0037643932683790967, 0.0022143489813994687, 0.00022143489813994686, 0.0, 0.0, 0.0, 0.0, 0.0], [0.0, 0.0, 0.0, 0.0, 0.0004087471898630697, 0.0010218679746576743, 0.002656856734109953, 0.003883098303699162, 0.009196811771919068, 0.012058042100960556, 0.03188228080931944, 0.044349070100143065, 0.06212957285918659, 0.07500510933987328, 0.1220110361741263, 0.11567545473124873, 0.15389331698344574, 0.10116492949110975, 0.12732474964234622, 0.049049662783568364, 0.028816676885346414, 0.02902105048027795, 0.011444921316165951, 0.00592683425301451, 0.00715307582260372, 0.004087471898630697, 0.0018393623543838135, 0.0, 0.0, 0.0, 0.0, 0.0], [0.00016305233980107615, 0.0, 0.0, 0.0003261046796021523, 0.00016305233980107615, 0.0008152616990053808, 0.0021196804174139897, 0.0030979944562204466, 0.007663459970650579, 0.02021849013533344, 0.036849828795043206, 0.044676341105494864, 0.06261209848361324, 0.08380890265775313, 0.11902820805478559, 0.13451818033588783, 0.15000815261699005, 0.09326593836621555, 0.11022338170552748, 0.047611283221914234, 0.02755584542638187, 0.026414479047774334, 0.008152616990053808, 0.0042393608348279795, 0.00929398336866134, 0.0030979944562204466, 0.0021196804174139897, 0.0016305233980107615, 0.0003261046796021523, 0.0, 0.0, 0.0], [0.0, 0.0, 0.00029403116730373417, 0.0, 0.00029403116730373417, 0.00029403116730373417, 0.0005880623346074683, 0.0008820935019112026, 0.0035283740076448105, 0.005880623346074684, 0.015289620699794178, 0.023228462216995, 0.042340488091737724, 0.0576301087915319, 0.0911496618641576, 0.12584533960599822, 0.1720082328726845, 0.11996471625992355, 0.14907380182299323, 0.06850926198177007, 0.03998823875330785, 0.03910614525139665, 0.01587768303440165, 0.010879153190238165, 0.010879153190238165, 0.003234342840341076, 0.0023522493384298734, 0.0008820935019112026, 0.0, 0.0, 0.0, 0.0], [0.0, 0.0, 0.0, 0.0, 0.0006082725060827251, 0.0018248175182481751, 0.0012165450121654502, 0.004866180048661801, 0.011557177615571776, 0.0170316301703163, 0.024330900243309004, 0.0535279805352798, 0.05291970802919708, 0.07907542579075426, 0.10583941605839416, 0.11374695863746959, 0.1307785888077859, 0.09793187347931874, 0.11009732360097324, 0.04866180048661801, 0.04075425790754258, 0.0340632603406326, 0.024330900243309004, 0.00851581508515815, 0.017639902676399026, 0.010340632603406326, 0.004866180048661801, 0.004866180048661801, 0.0006082725060827251, 0.0, 0.0, 0.0], [0.0002764722145424385, 0.0, 0.000552944429084877, 0.000552944429084877, 0.000552944429084877, 0.001105888858169754, 0.002764722145424385, 0.004423555432679016, 0.008294166436273155, 0.014929499585291679, 0.027094277025158972, 0.04534144318495991, 0.0768592756427979, 0.09234171965717446, 0.12468896875863976, 0.1321537185512856, 0.13630080176942216, 0.08708874758086813, 0.1056123859552115, 0.04561791539950235, 0.024882499308819462, 0.03262372131600774, 0.012441249654409731, 0.006358860934476085, 0.009952999723527785, 0.002764722145424385, 0.0033176665745092617, 0.001105888858169754, 0.0, 0.0, 0.0, 0.0], [0.0, 0.0, 0.0, 0.0006557377049180328, 0.0006557377049180328, 0.0004371584699453552, 0.0017486338797814208, 0.004808743169398907, 0.0067759562841530055, 0.01639344262295082, 0.030382513661202187, 0.03759562841530055, 0.06557377049180328, 0.07693989071038251, 0.11693989071038251, 0.13114754098360656, 0.15103825136612023, 0.08743169398907104, 0.14076502732240437, 0.04349726775956284, 0.025136612021857924, 0.027759562841530055, 0.012021857923497269, 0.00546448087431694, 0.008087431693989072, 0.003715846994535519, 0.002622950819672131, 0.0024043715846994535, 0.0, 0.0, 0.0, 0.0], [0.0, 0.0, 0.0, 0.037037037037037035, 0.0, 0.0, 0.0, 0.0, 0.018518518518518517, 0.07407407407407407, 0.037037037037037035, 0.09259259259259259, 0.07407407407407407, 0.05555555555555555, 0.09259259259259259, 0.12962962962962962, 0.1111111111111111, 0.05555555555555555, 0.07407407407407407, 0.037037037037037035, 0.0, 0.05555555555555555, 0.05555555555555555, 0.0, 0.0, 0.0, 0.0, 0.0, 0.0, 0.0, 0.0, 0.0], [0.00014238929232521716, 0.0, 0.0, 0.00014238929232521716, 0.00014238929232521716, 0.0002847785846504343, 0.00042716787697565144, 0.0014238929232521715, 0.0035597323081304286, 0.008258578954862594, 0.015805211448099103, 0.021500783141107788, 0.04228961982058949, 0.06279367791542076, 0.10793108358251459, 0.15164459632635627, 0.1636052968816745, 0.11547771607575111, 0.12060373059945892, 0.06265128862309555, 0.0390146660971095, 0.043428734159191226, 0.01694432578670084, 0.007689021785561726, 0.009255304001139114, 0.004271678769756515, 0.0007119464616260857, 0.0, 0.0, 0.0, 0.0, 0.0], [0.0, 0.0, 0.0, 0.00019821605550049553, 0.0, 0.00039643211100099106, 0.0015857284440039642, 0.0007928642220019821, 0.002973240832507433, 0.0045589692765113975, 0.011496531219028742, 0.016650148662041626, 0.027353815659068383, 0.0402378592666006, 0.06739345887016848, 0.0975222993062438, 0.13875123885034688, 0.1199207135777998, 0.177998017839445, 0.0889990089197225, 0.062041625371655106, 0.066798810703667, 0.025173439048562934, 0.012289395441030724, 0.02081268582755203, 0.009117938553022795, 0.004360753221010902, 0.002576808721506442, 0.0, 0.0, 0.0, 0.0], [0.0002458512599877074, 0.0001229256299938537, 0.0001229256299938537, 0.0002458512599877074, 0.0002458512599877074, 0.0009834050399508297, 0.0008604794099569761, 0.002704363859864782, 0.004425322679778734, 0.008973570989551321, 0.017947141979102643, 0.024953902888752304, 0.0297480024585126, 0.049293177627535344, 0.07412415488629379, 0.10805162876459742, 0.14775660725261217, 0.12710510141364476, 0.16054087277197296, 0.0826060233558697, 0.049293177627535344, 0.055808236017209585, 0.020528580208973572, 0.011800860479409958, 0.014996926859250154, 0.00528580208973571, 0.001229256299938537, 0.0, 0.0, 0.0, 0.0, 0.0], [0.0, 0.0, 0.0, 0.0, 0.0, 0.0022522522522522522, 0.0, 0.0045045045045045045, 0.006756756756756757, 0.009009009009009009, 0.013513513513513514, 0.03153153153153153, 0.05405405405405406, 0.10585585585585586, 0.13513513513513514, 0.15315315315315314, 0.18018018018018017, 0.12612612612612611, 0.11486486486486487, 0.04279279279279279, 0.01126126126126126, 0.009009009009009009, 0.0, 0.0, 0.0, 0.0, 0.0, 0.0, 0.0, 0.0, 0.0, 0.0], [0.0, 0.0, 0.0, 0.00010656436487638534, 0.00010656436487638534, 0.00031969309462915604, 0.0005328218243819267, 0.0011722080136402388, 0.0026641091219096334, 0.007139812446717818, 0.011722080136402387, 0.021312872975277068, 0.03729752770673487, 0.04592924126172208, 0.07576726342710997, 0.09921142369991474, 0.15196078431372548, 0.11679454390451834, 0.20151321398124467, 0.07555413469735721, 0.046675191815856776, 0.06095481670929241, 0.017263427109974423, 0.007033248081841432, 0.010656436487638534, 0.005434782608695652, 0.00159846547314578, 0.0012787723785166241, 0.0, 0.0, 0.0, 0.0], [0.00030048076923076925, 0.0, 0.00020032051282051281, 0.0, 0.001001602564102564, 0.0008012820512820513, 0.000500801282051282, 0.0015024038461538462, 0.0019030448717948718, 0.008213141025641026, 0.01282051282051282, 0.028846153846153848, 0.055088141025641024, 0.0790264423076923, 0.12489983974358974, 0.16516426282051283, 0.19250801282051283, 0.11498397435897435, 0.11708733974358974, 0.04296875, 0.0234375, 0.017728365384615384, 0.00530849358974359, 0.0019030448717948718, 0.0026041666666666665, 0.0011017628205128205, 0.00010016025641025641, 0.0, 0.0, 0.0, 0.0, 0.0], [0.0, 0.00016059097478721696, 0.0, 0.00016059097478721696, 0.0003211819495744339, 0.0009635458487233017, 0.0012847277982977357, 0.0025694555965954714, 0.005299502167978159, 0.008671912638509716, 0.018789144050104383, 0.029869921310422355, 0.05058615705797334, 0.06455757186446122, 0.11851613939296611, 0.14854665167817568, 0.15577324554360045, 0.11000481772924361, 0.1268668700819014, 0.06375461699052513, 0.03227878593223061, 0.030833467159145655, 0.015577324554360046, 0.0073871848402119805, 0.004657138268829292, 0.0020876826722338203, 0.00048177292436165086, 0.0, 0.0, 0.0, 0.0, 0.0], [0.0, 0.0, 0.0, 0.0, 0.00034831069313827936, 0.0, 0.0008707767328456984, 0.0010449320794148381, 0.0024381748519679554, 0.004876349703935911, 0.013235806339254615, 0.019331243469174503, 0.03622431208638105, 0.05973528387321491, 0.10240334378265413, 0.1307906652734239, 0.15569487983281086, 0.09804946011842564, 0.16492511320097528, 0.05851619644723093, 0.04162312783002438, 0.046673632880529434, 0.02246603970741902, 0.011842563566701497, 0.01602229188436085, 0.0059212817833507484, 0.00557297109021247, 0.0013932427725531174, 0.0, 0.0, 0.0, 0.0], [0.000547645125958379, 0.001095290251916758, 0.000547645125958379, 0.000547645125958379, 0.0016429353778751369, 0.004381161007667032, 0.006024096385542169, 0.008214676889375685, 0.025191675794085433, 0.03778751369112815, 0.04819277108433735, 0.07776560788608981, 0.0783132530120482, 0.10460021905805038, 0.1276013143483023, 0.11883899233296824, 0.11007667031763417, 0.0700985761226725, 0.09255202628696604, 0.030120481927710843, 0.018072289156626505, 0.020262869660460023, 0.012048192771084338, 0.001095290251916758, 0.004381161007667032, 0.0, 0.0, 0.0, 0.0, 0.0, 0.0, 0.0], [0.0, 0.0, 0.0, 0.0019880715705765406, 0.0009940357852882703, 0.003976143141153081, 0.003976143141153081, 0.013916500994035786, 0.017892644135188866, 0.02186878727634195, 0.03777335984095427, 0.042743538767395624, 0.06262425447316103, 0.05268389662027833, 0.11232604373757456, 0.12027833001988071, 0.14214711729622267, 0.09642147117296222, 0.12624254473161034, 0.055666003976143144, 0.0268389662027833, 0.027833001988071572, 0.008946322067594433, 0.007952286282306162, 0.007952286282306162, 0.002982107355864811, 0.003976143141153081, 0.0, 0.0, 0.0, 0.0, 0.0], [0.0003623844899438304, 0.0, 0.0, 0.0, 0.0007247689798876608, 0.0010871534698314912, 0.0038050371444102193, 0.007066497553904693, 0.011052726943286828, 0.019749954701938757, 0.038593948179017935, 0.05780032614604095, 0.07845624207283929, 0.10635984779851422, 0.14151114332306577, 0.14241710454792536, 0.1311831853596666, 0.08081174125747417, 0.08443558615691249, 0.030077912665337922, 0.021380684906685994, 0.0226490306214894, 0.007247689798876608, 0.005979344084073202, 0.0052545751041855404, 0.000905961224859576, 0.0010871534698314912, 0.0, 0.0, 0.0, 0.0, 0.0], [0.0, 0.0, 0.0, 0.000667334000667334, 0.000333667000333667, 0.0, 0.002002002002002002, 0.001334668001334668, 0.004337671004337671, 0.012679346012679346, 0.022355689022355688, 0.03003003003003003, 0.04671338004671338, 0.0657323990657324, 0.10076743410076744, 0.12212212212212212, 0.14748081414748082, 0.10443777110443778, 0.12212212212212212, 0.06506506506506507, 0.040373707040373706, 0.04371037704371038, 0.019352686019352687, 0.009342676009342675, 0.023023023023023025, 0.008675342008675343, 0.006006006006006006, 0.000667334000667334, 0.000667334000667334, 0.0, 0.0, 0.0], [0.0, 0.0, 0.0, 0.0, 0.00025627883136852895, 0.0, 0.0012813941568426447, 0.0015376729882111738, 0.0035879036391594054, 0.012557662737057919, 0.020246027678113787, 0.030497180932854945, 0.05253716043054844, 0.07688364941055868, 0.1132752434648898, 0.13685289595079447, 0.15684264479753973, 0.09841107124551512, 0.1345463864684777, 0.05971296770886725, 0.03459764223475141, 0.03229113275243465, 0.013070220399794977, 0.006919528446950282, 0.007175807278318811, 0.0046130189646335215, 0.0023065094823167607, 0.0, 0.0, 0.0, 0.0, 0.0], [0.0004656216048424647, 0.0001552072016141549, 0.0001552072016141549, 0.0001552072016141549, 0.0004656216048424647, 0.0012416576129132392, 0.0015520720161415489, 0.0035697656371255627, 0.00698432407263697, 0.011330125717833307, 0.029334161105075276, 0.042526773242278444, 0.07046406953282633, 0.09855657302498835, 0.13751358063014124, 0.14651559832376224, 0.1458947695173056, 0.101195095452429, 0.09405556417817787, 0.04671736768586062, 0.02250504423405246, 0.02002172900822598, 0.009622846500077603, 0.004190594443582182, 0.002948936830668943, 0.0018624864193698587, 0.0, 0.0, 0.0, 0.0, 0.0, 0.0], [0.0, 0.0, 0.0, 0.0006058770069675856, 0.0006058770069675856, 0.0012117540139351712, 0.0006058770069675856, 0.003938200545289306, 0.0051499545592244775, 0.006664647076643442, 0.02181157225083308, 0.03574674341108755, 0.056952438654953044, 0.07997576491972129, 0.11632838533777644, 0.1511663132384126, 0.15207512874886397, 0.10602847621932748, 0.10602847621932748, 0.05604362314450167, 0.03392911239018479, 0.027567403817025143, 0.015146925174189639, 0.006058770069675856, 0.011208724628900333, 0.0024235080278703423, 0.002726446531354135, 0.0, 0.0, 0.0, 0.0, 0.0], [0.0, 0.0, 0.0, 0.0, 0.0, 0.0005927682276229994, 0.0011855364552459987, 0.0026674570243034974, 0.004742145820983995, 0.005334914048606995, 0.012744516893894487, 0.022525192649673977, 0.036455245998814466, 0.05068168346176645, 0.0909899229401304, 0.12092471843509188, 0.14819205690574985, 0.10966212211025489, 0.15204505038529934, 0.07379964433906343, 0.043568464730290454, 0.05898043864848844, 0.021932424422050976, 0.015708358032009484, 0.016597510373443983, 0.008298755186721992, 0.0017783046828689982, 0.0005927682276229994, 0.0, 0.0, 0.0, 0.0], [0.0, 0.0, 0.00034548281223009154, 0.0, 0.00017274140611504577, 0.0005182242183451373, 0.0005182242183451373, 0.002072896873380549, 0.0032820867161858698, 0.007600621869062014, 0.015373985144239074, 0.032648125755743655, 0.057177405424080154, 0.09414406633269995, 0.12644670927621351, 0.12851960614959407, 0.14164795301433752, 0.09310761789600967, 0.12351010537225773, 0.053722577301779234, 0.03195716013128347, 0.03506650544135429, 0.01882881326653999, 0.0065641734323717395, 0.014855760925893937, 0.005182242183451373, 0.00449127655899119, 0.002072896873380549, 0.00017274140611504577, 0.0, 0.0, 0.0], [0.0, 0.0, 0.00011322463768115942, 0.0, 0.00033967391304347825, 0.00022644927536231884, 0.00033967391304347825, 0.001358695652173913, 0.0026041666666666665, 0.007472826086956522, 0.014605978260869566, 0.02751358695652174, 0.0474411231884058, 0.07065217391304347, 0.10360054347826086, 0.12590579710144928, 0.16474184782608695, 0.10178894927536232, 0.16089221014492755, 0.059103260869565216, 0.035778985507246376, 0.042346014492753624, 0.012001811594202898, 0.006227355072463768, 0.009284420289855072, 0.003170289855072464, 0.0020380434782608695, 0.0004528985507246377, 0.0, 0.0, 0.0, 0.0], [0.0, 0.0, 0.0, 0.0, 0.0, 0.00013304949441192123, 0.0007982969664715274, 0.0005321979776476849, 0.0026609898882384245, 0.006386375731772219, 0.009579563597658328, 0.022086216072378925, 0.03924960085151676, 0.06572645023948909, 0.10949973390101117, 0.15260777009047366, 0.18400745077168706, 0.1177488025545503, 0.1615220862160724, 0.05188930282064928, 0.025013304949441192, 0.032464076636508785, 0.008781266631186802, 0.0027940393826503458, 0.0031931878658861094, 0.0021287919105907396, 0.001197445449707291, 0.0, 0.0, 0.0, 0.0, 0.0], [0.0, 0.005747126436781609, 0.0, 0.005747126436781609, 0.005747126436781609, 0.022988505747126436, 0.040229885057471264, 0.011494252873563218, 0.08620689655172414, 0.08045977011494253, 0.034482758620689655, 0.05172413793103448, 0.08045977011494253, 0.11494252873563218, 0.08620689655172414, 0.1206896551724138, 0.06896551724137931, 0.07471264367816093, 0.05747126436781609, 0.0, 0.017241379310344827, 0.017241379310344827, 0.011494252873563218, 0.005747126436781609, 0.0, 0.0, 0.0, 0.0, 0.0, 0.0, 0.0, 0.0]]}, "ranks": {"labels": ["Unranked", "Combatatent I", "Combatatent II", "Challenger I", "Challenger II", "Rival I", "Rival II", "Duelist", "Elite"], "data": [[0.16494845360824742, 0.15979381443298968, 0.20103092783505155, 0.20618556701030927, 0.10824742268041238, 0.0979381443298969, 0.030927835051546393, 0.030927835051546393, 0.0], [0.062243100411039344, 0.09982384028185555, 0.1608925425719319, 0.25190839694656486, 0.23253082795067528, 0.11861421021726365, 0.037580739870816206, 0.02524955960070464, 0.011156782149148562], [0.013525229755505462, 0.027050459511010923, 0.07074735564418241, 0.1621293566845847, 0.2505635512398127, 0.2562857638286804, 0.08028437662562858, 0.10542743194035027, 0.033986474770244496], [0.028629856850715747, 0.05096743747050495, 0.12222746578574799, 0.2298253893345918, 0.27355670913953123, 0.1785433380525405, 0.0632373761208117, 0.04263017146452729, 0.010382255781028787], [0.18309859154929578, 0.1267605633802817, 0.28169014084507044, 0.04225352112676056, 0.15492957746478872, 0.11267605633802817, 0.056338028169014086, 0.04225352112676056, 0.0], [0.013395544852498494, 0.03762793497892836, 0.11484045755568935, 0.2408187838651415, 0.2599337748344371, 0.16751956652618905, 0.06456953642384106, 0.07314870559903673, 0.028145695364238412], [0.07318867230599485, 0.10592129459360058, 0.18536226553880103, 0.25671202648032365, 0.19418904008826773, 0.08789996322177271, 0.03567488047076131, 0.03493931592497242, 0.0261125413755057], [0.2887700534759358, 0.21390374331550802, 0.22459893048128343, 0.11764705882352941, 0.0748663101604278, 0.0427807486631016, 0.0374331550802139, 0.0, 0.0], [0.06330380108602458, 0.13046584738496714, 0.21834809945698772, 0.2612174907116319, 0.15804515575878822, 0.08059445555873107, 0.03615318662474993, 0.03843955415833095, 0.013432409259788511], [0.04903536977491962, 0.0819935691318328, 0.15393890675241156, 0.24196141479099678, 0.24115755627009647, 0.1402733118971061, 0.04260450160771704, 0.03697749196141479, 0.012057877813504822], [0.07329495128432241, 0.1355181576616475, 0.19862710363153233, 0.2756864481842338, 0.17493356953055803, 0.07905225863596103, 0.03343666961913198, 0.02325066430469442, 0.006200177147918512], [0.029225424075209484, 0.0762313509094625, 0.1371346821990599, 0.23768649090537503, 0.2550582464745555, 0.15368894338851422, 0.05150214592274678, 0.04639280604945841, 0.01307991007561823], [0.03456709603782814, 0.08152616990053807, 0.14642100114136639, 0.2535463883906734, 0.2432740909832056, 0.13631175607369966, 0.04907875428012392, 0.038806456872656124, 0.016468286319908692], [0.011761246692149369, 0.03851808291678918, 0.09997059688326963, 0.21699500147015582, 0.2919729491326081, 0.18994413407821228, 0.06762716847985886, 0.06586298147603646, 0.017347838870920316], [0.03710462287104623, 0.07785888077858881, 0.13199513381995134, 0.21958637469586376, 0.22871046228710462, 0.13442822384428224, 0.06508515815085159, 0.06690997566909976, 0.03832116788321168], [0.03345313795963506, 0.07243572021011889, 0.16920099529997235, 0.2568426873099254, 0.2233895493502903, 0.13021841304948853, 0.04589438761404479, 0.05142383190489356, 0.017141277301631185], [0.031475409836065574, 0.06797814207650273, 0.14251366120218578, 0.24808743169398906, 0.23846994535519125, 0.1637158469945355, 0.04568306010928962, 0.04524590163934426, 0.016830601092896174], [0.12962962962962962, 0.12962962962962962, 0.12962962962962962, 0.2222222222222222, 0.16666666666666666, 0.1111111111111111, 0.0, 0.1111111111111111, 0.0], [0.014381318524846932, 0.037305994589206894, 0.10508329773601026, 0.25957567990887087, 0.2790830129574256, 0.1537804357112345, 0.06848924960842945, 0.0680620817314538, 0.014238929232521715], [0.010505450941526264, 0.028146679881070367, 0.06759167492566898, 0.1649157581764123, 0.25867195242814667, 0.2233894945490585, 0.10564915758176412, 0.10426164519326066, 0.03686818632309217], [0.018930547019053473, 0.04290104486785495, 0.07904118008604794, 0.1821757836508912, 0.2748617086662569, 0.20491702519975416, 0.08752304855562384, 0.08813767670559311, 0.0215119852489244], [0.02252252252252252, 0.04504504504504504, 0.15990990990990991, 0.2882882882882883, 0.3063063063063063, 0.14189189189189189, 0.02702702702702703, 0.009009009009009009, 0.0], [0.012041773231031543, 0.033034953111679456, 0.08322676896845695, 0.17497868712702472, 0.2687553282182438, 0.24158141517476556, 0.08216112531969309, 0.08525149190110827, 0.01896845694799659], [0.014423076923076924, 0.041666666666666664, 0.13411458333333334, 0.2900641025641026, 0.30749198717948717, 0.14102564102564102, 0.04246794871794872, 0.024939903846153848, 0.0038060897435897435], [0.019431507949253253, 0.04865906536052674, 0.11514372892243456, 0.2670627910711418, 0.2657780632728441, 0.16348161233338687, 0.059418660671270274, 0.05379797655371768, 0.007226593865424763], [0.009578544061302681, 0.032567049808429116, 0.09595959595959595, 0.233194009056078, 0.2537443399512365, 0.19784047370254268, 0.06722396377568791, 0.08098223615464994, 0.028909787530477186], [0.0859802847754655, 0.12595837897042717, 0.1829134720700986, 0.24644030668127054, 0.1801752464403067, 0.10624315443592552, 0.03450164293537788, 0.033406352683461114, 0.004381161007667032], [0.06461232604373758, 0.0805168986083499, 0.11530815109343936, 0.23260437375745527, 0.23856858846918488, 0.15705765407554673, 0.05168986083499006, 0.04473161033797217, 0.014910536779324055], [0.04384852328320348, 0.09639427432505888, 0.1848160898713535, 0.28392824787099114, 0.21199492661714078, 0.10074288820438486, 0.03515129552455155, 0.03587606450443921, 0.007247689798876608], [0.02135468802135469, 0.05238571905238572, 0.11244577911244578, 0.22288955622288956, 0.25191858525191857, 0.15615615615615616, 0.07140473807140474, 0.07240573907240574, 0.03903903903903904], [0.01922091235263967, 0.05074320861096873, 0.12942080984110713, 0.2501281394156843, 0.25525371604305486, 0.16914402870322912, 0.05971296770886725, 0.05228088159917991, 0.014095335725269094], [0.026074809871178023, 0.07186093434735372, 0.16902064255781468, 0.28402917895390345, 0.2470898649697346, 0.12214806767033991, 0.04112990842775105, 0.03383516995188577, 0.004811423250038802], [0.018782187215995155, 0.05755831566192063, 0.13692820357467433, 0.267494698576189, 0.25810360496819146, 0.13723114207815815, 0.0587700696758558, 0.04877309906089064, 0.016358679188124812], [0.014522821576763486, 0.035269709543568464, 0.08713692946058091, 0.21191464137522228, 0.25785417901600477, 0.1938352104327208, 0.07557794902193242, 0.09662122110254891, 0.027267338470657973], [0.014510278113663845, 0.04802211089998273, 0.1513214717567801, 0.25496631542580755, 0.2347555709103472, 0.15529452409742614, 0.05389531870789428, 0.060459492140266025, 0.026774917947832096], [0.012454710144927536, 0.042119565217391304, 0.11809329710144928, 0.22950634057971014, 0.2665307971014493, 0.19384057971014493, 0.0619338768115942, 0.06057518115942029, 0.014945652173913044], [0.010510910058541777, 0.03166577967003725, 0.10497605109100586, 0.26210750399148486, 0.30175625332623734, 0.18932943054816392, 0.049095263437998936, 0.04403938265034593, 0.0065194252261841406], [0.25862068965517243, 0.08620689655172414, 0.19540229885057472, 0.20689655172413793, 0.14367816091954022, 0.05747126436781609, 0.017241379310344827, 0.034482758620689655, 0.0]]}, "ranksDetailed": {"labels": ["Unranked", "Combatatant", "Challenger", "Rival", "Duelist", "Elite"], "data": [[0.16494845360824742, 0.36082474226804123, 0.31443298969072164, 0.12886597938144329, 0.030927835051546393, 0.0], [0.062243100411039344, 0.26071638285378745, 0.4844392248972402, 0.15619495008807985, 0.02524955960070464, 0.011156782149148562], [0.013525229755505462, 0.09779781515519334, 0.41269290792439745, 0.336570140454309, 0.10542743194035027, 0.033986474770244496], [0.028629856850715747, 0.17319490325625295, 0.503382098474123, 0.2417807141733522, 0.04263017146452729, 0.010382255781028787], [0.18309859154929578, 0.4084507042253521, 0.19718309859154928, 0.16901408450704225, 0.04225352112676056, 0.0], [0.013395544852498494, 0.1524683925346177, 0.5007525586995786, 0.2320891029500301, 0.07314870559903673, 0.028145695364238412], [0.07318867230599485, 0.29128356013240164, 0.4509010665685914, 0.12357484369253402, 0.03493931592497242, 0.0261125413755057], [0.2887700534759358, 0.4385026737967914, 0.1925133689839572, 0.08021390374331551, 0.0, 0.0], [0.06330380108602458, 0.3488139468419548, 0.4192626464704201, 0.11674764218348099, 0.03843955415833095, 0.013432409259788511], [0.04903536977491962, 0.23593247588424437, 0.48311897106109325, 0.18287781350482316, 0.03697749196141479, 0.012057877813504822], [0.07329495128432241, 0.3341452612931798, 0.4506200177147919, 0.112488928255093, 0.02325066430469442, 0.006200177147918512], [0.029225424075209484, 0.21336603310852237, 0.4927447373799305, 0.20519108931126098, 0.04639280604945841, 0.01307991007561823], [0.03456709603782814, 0.22794717104190446, 0.496820479373879, 0.1853905103538236, 0.038806456872656124, 0.016468286319908692], [0.011761246692149369, 0.1384886798000588, 0.5089679506027639, 0.25757130255807115, 0.06586298147603646, 0.017347838870920316], [0.03710462287104623, 0.20985401459854014, 0.44829683698296835, 0.19951338199513383, 0.06690997566909976, 0.03832116788321168], [0.03345313795963506, 0.24163671551009125, 0.48023223666021564, 0.17611280066353333, 0.05142383190489356, 0.017141277301631185], [0.031475409836065574, 0.21049180327868852, 0.48655737704918034, 0.20939890710382514, 0.04524590163934426, 0.016830601092896174], [0.12962962962962962, 0.25925925925925924, 0.3888888888888889, 0.1111111111111111, 0.1111111111111111, 0.0], [0.014381318524846932, 0.14238929232521713, 0.5386586928662964, 0.22226968531966396, 0.0680620817314538, 0.014238929232521715], [0.010505450941526264, 0.09573835480673934, 0.42358771060455896, 0.3290386521308226, 0.10426164519326066, 0.03686818632309217], [0.018930547019053473, 0.12194222495390289, 0.45703749231714813, 0.292440073755378, 0.08813767670559311, 0.0215119852489244], [0.02252252252252252, 0.20495495495495494, 0.5945945945945946, 0.16891891891891891, 0.009009009009009009, 0.0], [0.012041773231031543, 0.11626172208013641, 0.4437340153452685, 0.32374254049445866, 0.08525149190110827, 0.01896845694799659], [0.014423076923076924, 0.17578125, 0.5975560897435898, 0.18349358974358973, 0.024939903846153848, 0.0038060897435897435], [0.019431507949253253, 0.1638027942829613, 0.5328408543439859, 0.22290027300465715, 0.05379797655371768, 0.007226593865424763], [0.009578544061302681, 0.12852664576802508, 0.48693834900731453, 0.2650644374782306, 0.08098223615464994, 0.028909787530477186], [0.0859802847754655, 0.3088718510405257, 0.42661555312157723, 0.14074479737130338, 0.033406352683461114, 0.004381161007667032], [0.06461232604373758, 0.19582504970178927, 0.4711729622266402, 0.20874751491053678, 0.04473161033797217, 0.014910536779324055], [0.04384852328320348, 0.2812103641964124, 0.4959231744881319, 0.1358941837289364, 0.03587606450443921, 0.007247689798876608], [0.02135468802135469, 0.1648314981648315, 0.47480814147480815, 0.2275608942275609, 0.07240573907240574, 0.03903903903903904], [0.01922091235263967, 0.18016401845207586, 0.5053818554587391, 0.22885699641209636, 0.05228088159917991, 0.014095335725269094], [0.026074809871178023, 0.2408815769051684, 0.5311190439236381, 0.16327797609809094, 0.03383516995188577, 0.004811423250038802], [0.018782187215995155, 0.19448651923659496, 0.5255983035443805, 0.19600121175401394, 0.04877309906089064, 0.016358679188124812], [0.014522821576763486, 0.12240663900414937, 0.469768820391227, 0.2694131594546532, 0.09662122110254891, 0.027267338470657973], [0.014510278113663845, 0.19934358265676283, 0.48972188633615477, 0.20918984280532044, 0.060459492140266025, 0.026774917947832096], [0.012454710144927536, 0.16021286231884058, 0.4960371376811594, 0.25577445652173914, 0.06057518115942029, 0.014945652173913044], [0.010510910058541777, 0.1366418307610431, 0.5638637573177222, 0.23842469398616284, 0.04403938265034593, 0.0065194252261841406], [0.25862068965517243, 0.28160919540229884, 0.3505747126436782, 0.07471264367816093, 0.034482758620689655, 0.0]]}}}, "eu": {"histType": {"histogram": {"labels": ["0", "100", "200", "300", "400", "500", "600", "700", "800", "900", "1000", "1100", "1200", "1300", "1400", "1500", "1600", "1700", "1800", "1900", "2000", "2100", "2200", "2300", "2400", "2500", "2600", "2700", "2800", "2900", "3000", "3100"], "data": [[0.0, 0.0, 0.0, 0.0, 0.0, 0.012903225806451613, 0.0064516129032258064, 0.025806451612903226, 0.04516129032258064, 0.07741935483870968, 0.08387096774193549, 0.05806451612903226, 0.07096774193548387, 0.0967741935483871, 0.14193548387096774, 0.09032258064516129, 0.11612903225806452, 0.07096774193548387, 0.03870967741935484, 0.0064516129032258064, 0.012903225806451613, 0.025806451612903226, 0.01935483870967742, 0.0, 0.0, 0.0, 0.0, 0.0, 0.0, 0.0, 0.0, 0.0], [0.0, 0.0, 0.0006293266205160479, 0.0006293266205160479, 0.0012586532410320957, 0.0031466331025802393, 0.005034612964128383, 0.00881057268722467, 0.021397105097545627, 0.032724984266834484, 0.03587161736941473, 0.06670862177470108, 0.07866582756450598, 0.10258023914411579, 0.13341724354940215, 0.12146003775959723, 0.13845185651353054, 0.08244178728760226, 0.09376966645689112, 0.025802391441157962, 0.0144745122718691, 0.015733165512901194, 0.005663939584644431, 0.0062932662051604785, 0.0018879798615481435, 0.0031466331025802393, 0.0, 0.0, 0.0, 0.0, 0.0, 0.0], [0.0, 0.0001836210062431142, 0.0, 0.0001836210062431142, 0.0001836210062431142, 0.0003672420124862284, 0.0007344840249724568, 0.0016525890561880279, 0.0044069041498347415, 0.0058758721997796545, 0.013037091443261109, 0.020381931692985678, 0.02919573999265516, 0.03984575835475578, 0.07032684539111274, 0.08813808299669482, 0.14891663606316563, 0.10888725670216673, 0.20345207491737055, 0.07510099155343371, 0.05471905986044803, 0.06518545721630555, 0.022585383767903047, 0.01395519647447668, 0.01872934263679765, 0.00826294528094014, 0.0023870730811604846, 0.0033051781123760557, 0.0, 0.0, 0.0, 0.0], [0.0, 0.00014645577035735208, 0.0, 0.00014645577035735208, 0.00014645577035735208, 0.00029291154071470416, 0.0010251903925014645, 0.003368482718219098, 0.005418863503222027, 0.010691271236086701, 0.021528998242530756, 0.0317809021675454, 0.04452255418863503, 0.06077914469830111, 0.10398359695371998, 0.13254247217340362, 0.163884007029877, 0.11526069127123609, 0.1518746338605741, 0.061804335090802576, 0.03485647334504979, 0.032659636789689514, 0.008787346221441126, 0.0048330404217926184, 0.006297598125366139, 0.0013181019332161687, 0.0010251903925014645, 0.0010251903925014645, 0.0, 0.0, 0.0, 0.0], [0.0, 0.0, 0.0, 0.0, 0.0, 0.031746031746031744, 0.031746031746031744, 0.07936507936507936, 0.06349206349206349, 0.047619047619047616, 0.09523809523809523, 0.09523809523809523, 0.047619047619047616, 0.031746031746031744, 0.1111111111111111, 0.07936507936507936, 0.047619047619047616, 0.07936507936507936, 0.031746031746031744, 0.031746031746031744, 0.031746031746031744, 0.047619047619047616, 0.0, 0.0, 0.015873015873015872, 0.0, 0.0, 0.0, 0.0, 0.0, 0.0, 0.0], [0.0, 0.00015098897780462027, 0.00015098897780462027, 0.00030197795560924054, 0.0004529669334138608, 0.00015098897780462027, 0.00030197795560924054, 0.0024158236448739243, 0.0031707685338970256, 0.007096481956817152, 0.015702853691680507, 0.0223463687150838, 0.04046504605163823, 0.0655292163672052, 0.10523931752982033, 0.12562282953344406, 0.14706326438170014, 0.10388041672957873, 0.14479842971463083, 0.06990789672353918, 0.0350294428506719, 0.05163823040918013, 0.02249735769288842, 0.007851426845840254, 0.014947908802657405, 0.006794504001207912, 0.0037747244451155067, 0.0025668126226785445, 0.00015098897780462027, 0.0, 0.0, 0.0], [0.0, 0.0, 0.0006828269033799932, 0.001707067258449983, 0.0027313076135199728, 0.0027313076135199728, 0.004096961420279959, 0.012632297712529874, 0.022533287811539775, 0.031410037555479685, 0.04609081597814954, 0.06657562307954934, 0.08159781495390918, 0.09662000682826903, 0.11369067941276886, 0.12290884260839877, 0.11642198702628884, 0.07374530556503926, 0.06896551724137931, 0.037555479685899625, 0.020826220553089792, 0.025606008876749745, 0.012290884260839878, 0.007852509388869921, 0.011949470809149881, 0.008193922840559918, 0.005804028678729942, 0.004779788323659952, 0.0, 0.0, 0.0, 0.0], [0.0, 0.0, 0.0, 0.0, 0.0, 0.014285714285714285, 0.007142857142857143, 0.05714285714285714, 0.03571428571428571, 0.05714285714285714, 0.07142857142857142, 0.1, 0.10714285714285714, 0.06428571428571428, 0.12857142857142856, 0.1357142857142857, 0.09285714285714286, 0.04285714285714286, 0.02142857142857143, 0.05, 0.014285714285714285, 0.0, 0.0, 0.0, 0.0, 0.0, 0.0, 0.0, 0.0, 0.0, 0.0, 0.0], [0.0004319032536711777, 0.00014396775122372588, 0.0005758710048949035, 0.0005758710048949035, 0.0005758710048949035, 0.0018715807659084366, 0.003743161531816873, 0.00878203282464728, 0.020155485171321624, 0.033400518283904404, 0.05557155197235819, 0.07443132738266628, 0.11215087820328247, 0.11488626547653326, 0.12395623380362798, 0.11949323351569248, 0.09804203858335733, 0.061042326518859776, 0.06276993953354448, 0.03268067952778578, 0.022458969190901238, 0.021595162683558884, 0.010797581341779442, 0.007198387561186294, 0.00734235531241002, 0.0030233227756982436, 0.002303484019579614, 0.0, 0.0, 0.0, 0.0, 0.0], [0.0, 0.0, 0.0005235602094240838, 0.0005235602094240838, 0.0020942408376963353, 0.0010471204188481676, 0.0005235602094240838, 0.006806282722513089, 0.011518324607329843, 0.01780104712041885, 0.04397905759162304, 0.04397905759162304, 0.06910994764397906, 0.08743455497382199, 0.10785340314136126, 0.1193717277486911, 0.15654450261780103, 0.08324607329842931, 0.12041884816753927, 0.03507853403141361, 0.03769633507853403, 0.02617801047120419, 0.012041884816753926, 0.007329842931937173, 0.005235602094240838, 0.0031413612565445027, 0.0005235602094240838, 0.0, 0.0, 0.0, 0.0, 0.0], [0.0002673082063619353, 0.0005346164127238706, 0.0008019246190858059, 0.0008019246190858059, 0.0021384656508954825, 0.0021384656508954825, 0.004276931301790965, 0.012296177492649024, 0.02058273188986902, 0.03475006682705159, 0.056669339748730285, 0.07832130446404705, 0.09730018711574445, 0.10932905640203154, 0.1430098904036354, 0.1226944667201283, 0.10344827586206896, 0.056669339748730285, 0.06575781876503609, 0.03261160117615611, 0.018444266238973536, 0.01657310879443999, 0.006950013365410318, 0.005078855920876771, 0.00400962309542903, 0.0032076984763432237