{"region": {"us": {"histType": {"histogram": {"labels": ["0", "100", "200", "300", "400", "500", "600", "700", "800", "900", "1000", "1100", "1200", "1300", "1400", "1500", "1600", "1700", "1800", "1900", "2000", "2100", "2200", "2300", "2400", "2500", "2600", "2700", "2800", "2900", "3000", "3100"], "data": [[0.0, 0.0, 0.003389830508474576, 0.003389830508474576, 0.003389830508474576, 0.010169491525423728, 0.02711864406779661, 0.013559322033898305, 0.03389830508474576, 0.02711864406779661, 0.0711864406779661, 0.0847457627118644, 0.08135593220338982, 0.10508474576271186, 0.10847457627118644, 0.1152542372881356, 0.0847457627118644, 0.06440677966101695, 0.05423728813559322, 0.05423728813559322, 0.01694915254237288, 0.01694915254237288, 0.020338983050847456, 0.0, 0.0, 0.0, 0.0, 0.0, 0.0, 0.0, 0.0, 0.0], [0.0, 0.0008650519031141869, 0.0, 0.00043252595155709344, 0.0008650519031141869, 0.0012975778546712802, 0.006055363321799308, 0.010813148788927335, 0.010380622837370242, 0.021193771626297576, 0.03460207612456748, 0.04498269896193772, 0.06747404844290658, 0.07655709342560553, 0.10250865051903114, 0.1245674740484429, 0.14705882352941177, 0.09342560553633218, 0.14057093425605535, 0.051470588235294115, 0.022923875432525952, 0.018166089965397925, 0.006920415224913495, 0.005190311418685121, 0.0038927335640138406, 0.0021626297577854673, 0.005190311418685121, 0.00043252595155709344, 0.0, 0.0, 0.0, 0.0], [0.00013812154696132598, 0.0, 0.0, 0.00027624309392265195, 0.00027624309392265195, 0.00027624309392265195, 0.00027624309392265195, 0.0006906077348066298, 0.003729281767955801, 0.004558011049723757, 0.008287292817679558, 0.012569060773480663, 0.019751381215469613, 0.03149171270718232, 0.047375690607734805, 0.0712707182320442, 0.12209944751381216, 0.10773480662983426, 0.2534530386740331, 0.08770718232044199, 0.05939226519337017, 0.07914364640883978, 0.026104972375690608, 0.014502762430939226, 0.029005524861878452, 0.009116022099447514, 0.004558011049723757, 0.0035911602209944752, 0.0016574585635359116, 0.0009668508287292818, 0.0, 0.0], [0.0, 0.0, 0.0, 0.0, 0.00012656625743576763, 0.00025313251487153526, 0.0011390963169219087, 0.0024047588912795848, 0.006454879129224149, 0.011264396911783318, 0.017213011011264396, 0.020377167447158586, 0.03733704594355145, 0.052904695608150865, 0.07783824832299709, 0.10618908998860904, 0.16124541197316794, 0.11087204151373244, 0.1856726996582711, 0.07328186305530945, 0.048474876597899, 0.049613972914820906, 0.015567649664599418, 0.00746740918871029, 0.009365903050246805, 0.0025313251487153526, 0.001012530059486141, 0.001012530059486141, 0.00025313251487153526, 0.00012656625743576763, 0.0, 0.0], [0.0, 0.0, 0.0, 0.0, 0.009433962264150943, 0.0, 0.009433962264150943, 0.03773584905660377, 0.02830188679245283, 0.05660377358490566, 0.04716981132075472, 0.07547169811320754, 0.07547169811320754, 0.11320754716981132, 0.05660377358490566, 0.11320754716981132, 0.05660377358490566, 0.03773584905660377, 0.08490566037735849, 0.09433962264150944, 0.02830188679245283, 0.05660377358490566, 0.009433962264150943, 0.009433962264150943, 0.0, 0.0, 0.0, 0.0, 0.0, 0.0, 0.0, 0.0], [0.0, 0.0, 0.0, 0.00013087292239235702, 0.0, 0.00013087292239235702, 0.0, 0.0018322209134929983, 0.0017013479911006412, 0.007328883653971993, 0.011516817170527417, 0.018976573746891767, 0.03402695982201283, 0.0587619421541683, 0.08729223923570213, 0.12131919905771496, 0.15639314225886664, 0.10587619421541683, 0.16123544038738385, 0.06844653841120273, 0.04122497055359246, 0.0578458316974218, 0.01976181128124591, 0.00968459625703442, 0.01936919251406884, 0.00745975657636435, 0.003795314749378354, 0.0036644418269859967, 0.0017013479911006412, 0.0005234916895694281, 0.0, 0.0], [0.0, 0.0, 0.0002782415136338342, 0.001669449081803005, 0.001669449081803005, 0.0027824151363383415, 0.005008347245409015, 0.008347245409015025, 0.018363939899833055, 0.027545909849749584, 0.038953811908736785, 0.04730105731775181, 0.07039510294936005, 0.08569838619922092, 0.1115748469671675, 0.12826933778519756, 0.1288258208124652, 0.08291597106288258, 0.09905397885364496, 0.03672787979966611, 0.02949360044518642, 0.02615470228158041, 0.011407902058987202, 0.006956037840845854, 0.012520868113522538, 0.0052865887590428495, 0.006956037840845854, 0.0019476905954368391, 0.0025041736227045075, 0.0013912075681691708, 0.0, 0.0], [0.003472222222222222, 0.0, 0.003472222222222222, 0.010416666666666666, 0.013888888888888888, 0.013888888888888888, 0.017361111111111112, 0.04861111111111111, 0.052083333333333336, 0.1076388888888889, 0.09027777777777778, 0.10069444444444445, 0.09722222222222222, 0.10069444444444445, 0.0763888888888889, 0.06944444444444445, 0.0625, 0.034722222222222224, 0.017361111111111112, 0.03819444444444445, 0.013888888888888888, 0.027777777777777776, 0.0, 0.0, 0.0, 0.0, 0.0, 0.0, 0.0, 0.0, 0.0, 0.0], [0.00041714464490562103, 0.00031285848367921577, 0.0005214308061320263, 0.0006257169673584315, 0.0005214308061320263, 0.0018771509020752946, 0.0017728647408488893, 0.005318594222546668, 0.009907185316508499, 0.020752946084054646, 0.03535300865575138, 0.05130879132339138, 0.06611742621754094, 0.07644175617895506, 0.09740327458546251, 0.11794764834706434, 0.13567629575555323, 0.08332464281989779, 0.09938471164876421, 0.05610595473980603, 0.03827302117009073, 0.039733027427260405, 0.015851496506413598, 0.011575763896130983, 0.018562936698300135, 0.008030034414433205, 0.0037543018041505893, 0.002920012514339347, 0.00020857232245281051, 0.0, 0.0, 0.0], [0.0, 0.0, 0.0, 0.0, 0.0, 0.00040064102564102563, 0.00040064102564102563, 0.00040064102564102563, 0.00040064102564102563, 0.006009615384615385, 0.007612179487179487, 0.007211538461538462, 0.01201923076923077, 0.025240384615384616, 0.04246794871794872, 0.0641025641025641, 0.08373397435897435, 0.08613782051282051, 0.17708333333333334, 0.09094551282051282, 0.08253205128205128, 0.11658653846153846, 0.05368589743589743, 0.025240384615384616, 0.06330128205128205, 0.020833333333333332, 0.013221153846153846, 0.011618589743589744, 0.005608974358974359, 0.003205128205128205, 0.0, 0.0], [0.0, 0.0, 0.0006640106241699867, 0.0, 0.00199203187250996, 0.00099601593625498, 0.00398406374501992, 0.00398406374501992, 0.01195219123505976, 0.01859229747675963, 0.03054448871181939, 0.03751660026560425, 0.060756972111553786, 0.0753652058432935, 0.0949535192563081, 0.11288180610889774, 0.1411022576361222, 0.09661354581673307, 0.14442231075697212, 0.05079681274900399, 0.03652058432934927, 0.036852589641434265, 0.011620185922974768, 0.009628154050464808, 0.008964143426294821, 0.0033200531208499337, 0.00398406374501992, 0.00199203187250996, 0.0, 0.0, 0.0, 0.0], [0.0, 0.00018789928598271326, 0.0005636978579481398, 0.0005636978579481398, 0.0009394964299135663, 0.002254791431792559, 0.004885381435550545, 0.008455467869222097, 0.01503194287861706, 0.023863209319804585, 0.052048102217211574, 0.0665163472378805, 0.09037955655768508, 0.09902292371288988, 0.13491168733558812, 0.13340849304772642, 0.12363773017662533, 0.07215332581736189, 0.07572341225103345, 0.0368282600526118, 0.0212326193160466, 0.01672303645246148, 0.0077038707252912435, 0.004697482149567831, 0.004133784291619692, 0.0026305900037579856, 0.0011273957158962795, 0.0003757985719654265, 0.0, 0.0, 0.0, 0.0], [0.0, 0.0, 0.0, 0.0, 0.0003522367030644593, 0.0007044734061289186, 0.0028178936245156746, 0.0033462486791123636, 0.007749207467418105, 0.010390982740401549, 0.02500880591757661, 0.03804156393096161, 0.05301162381120113, 0.06974286720676294, 0.10848890454385347, 0.11236350827756252, 0.1437125748502994, 0.10461430081014442, 0.1502289538569919, 0.058999647763296935, 0.03469531525184924, 0.03346248679112364, 0.013208876364917225, 0.009158154279675942, 0.011976047904191617, 0.003698485382176823, 0.0021134202183867557, 0.0015850651637900669, 0.0005283550545966889, 0.0, 0.0, 0.0], [0.00023741690408357076, 0.0, 0.0, 0.00011870845204178538, 0.00023741690408357076, 0.0004748338081671415, 0.0015432098765432098, 0.0023741690408357074, 0.0052231718898385565, 0.014838556505223172, 0.022435897435897436, 0.028846153846153848, 0.0389363722697056, 0.05472459639126306, 0.08143399810066476, 0.10992402659069325, 0.14767331433998102, 0.10612535612535613, 0.1581196581196581, 0.07371794871794872, 0.04807692307692308, 0.05163817663817664, 0.017687559354226022, 0.008428300094966762, 0.013414055080721748, 0.004985754985754986, 0.002492877492877493, 0.002849002849002849, 0.0023741690408357074, 0.0010683760683760685, 0.0, 0.0], [0.0, 0.0, 0.00024142926122646064, 0.0, 0.0004828585224529213, 0.0004828585224529213, 0.0004828585224529213, 0.0012071463061323032, 0.00386286817962337, 0.0043457267020762915, 0.013278609367455336, 0.017865765330758086, 0.0374215354901014, 0.051907291163689036, 0.07653307580878803, 0.10743602124577499, 0.15668759053597295, 0.11492032834379527, 0.16610333172380493, 0.082810236600676, 0.05239014968614196, 0.05239014968614196, 0.021728633510381457, 0.010381458232737808, 0.014485755673587638, 0.006760019314340898, 0.001931434089811685, 0.0012071463061323032, 0.001931434089811685, 0.0007242877836793819, 0.0, 0.0], [0.0, 0.0, 0.0, 0.0, 0.0017263703064307294, 0.0008631851532153647, 0.0008631851532153647, 0.006042296072507553, 0.011221406991799741, 0.015105740181268883, 0.018990073370738023, 0.032369443245576175, 0.050496331463098836, 0.0634441087613293, 0.08113940440224428, 0.1074665515753129, 0.13595166163141995, 0.1027190332326284, 0.1299093655589124, 0.059991368148467845, 0.04833836858006042, 0.04704359085023738, 0.028916702632714716, 0.013810962451445835, 0.01812688821752266, 0.010358221838584376, 0.0043159257660768235, 0.003884333189469141, 0.003884333189469141, 0.0030211480362537764, 0.0, 0.0], [0.0002290950744558992, 0.0, 0.0004581901489117984, 0.0006872852233676976, 0.0006872852233676976, 0.0009163802978235968, 0.002290950744558992, 0.003665521191294387, 0.008247422680412371, 0.013516609392898053, 0.02313860252004582, 0.042153493699885455, 0.06849942726231387, 0.08155784650630012, 0.10950744558991982, 0.12577319587628866, 0.13539518900343642, 0.09461626575028637, 0.12371134020618557, 0.05154639175257732, 0.03069873997709049, 0.03711340206185567, 0.015578465063001146, 0.006185567010309278, 0.012142038946162658, 0.003665521191294387, 0.0032073310423825887, 0.0027491408934707906, 0.0018327605956471936, 0.0002290950744558992, 0.0, 0.0], [0.0, 0.0, 0.0001725625539257981, 0.0003451251078515962, 0.0005176876617773944, 0.0003451251078515962, 0.0012079378774805867, 0.003278688524590164, 0.004314063848144953, 0.011734253666954271, 0.023123382226056945, 0.0270923209663503, 0.052113891285591026, 0.06522864538395168, 0.0999137187230371, 0.12441760138050043, 0.14805867126833477, 0.09611734253666954, 0.1723899913718723, 0.05625539257981018, 0.032441760138050044, 0.035893011216566004, 0.016048317515099223, 0.006557377049180328, 0.011561691113028473, 0.0037963761863675583, 0.0027610008628127696, 0.0020707506471095774, 0.0010353753235547887, 0.0012079378774805867, 0.0, 0.0], [0.0, 0.0, 0.0, 0.010416666666666666, 0.010416666666666666, 0.010416666666666666, 0.0, 0.010416666666666666, 0.020833333333333332, 0.0625, 0.020833333333333332, 0.052083333333333336, 0.041666666666666664, 0.041666666666666664, 0.07291666666666667, 0.125, 0.10416666666666667, 0.10416666666666667, 0.052083333333333336, 0.03125, 0.0625, 0.03125, 0.03125, 0.03125, 0.0625, 0.010416666666666666, 0.0, 0.0, 0.0, 0.0, 0.0, 0.0], [0.00024476808224207564, 0.00012238404112103782, 0.0, 0.00012238404112103782, 0.00024476808224207564, 0.00024476808224207564, 0.00036715212336311344, 0.0017133765756945293, 0.0031819850691469833, 0.00673112226165708, 0.012238404112103782, 0.01786807000367152, 0.03353322726716436, 0.05054460898298862, 0.08677028515481582, 0.13266430057520498, 0.1672989842124587, 0.12825847509484764, 0.13902827071349896, 0.07306327254925958, 0.04699547179047852, 0.04993268877738343, 0.018724758291518786, 0.008811650960714722, 0.011871251988740669, 0.003549137192510097, 0.004038673356994248, 0.0018357606168155672, 0.0, 0.0, 0.0, 0.0], [0.0, 0.0, 0.0, 0.00016051364365971107, 0.0, 0.00032102728731942215, 0.0014446227929373998, 0.0008025682182985554, 0.002086677367576244, 0.003531300160513644, 0.008507223113964686, 0.01187800963081862, 0.020385232744783308, 0.03001605136436597, 0.050882825040128414, 0.08105939004815409, 0.1261637239165329, 0.11958266452648475, 0.19373996789727127, 0.09823434991974318, 0.0709470304975923, 0.08443017656500802, 0.030497592295345103, 0.015730337078651686, 0.024558587479935796, 0.011717495987158908, 0.005296950240770465, 0.005136436597110754, 0.001765650080256822, 0.0011235955056179776, 0.0, 0.0], [0.00031756113051762465, 0.00010585371017254155, 0.0, 0.0002117074203450831, 0.0002117074203450831, 0.0007409759712077908, 0.000952683391552874, 0.0025404890441409972, 0.003704879856038954, 0.007303906001905367, 0.014607812003810734, 0.0193712289615751, 0.02455806076002964, 0.03916587276384037, 0.057055149782999894, 0.08785857944320949, 0.12310786493066582, 0.1291415264105007, 0.18831375039695142, 0.10045517095374193, 0.0613951519000741, 0.06838149677146184, 0.027627818355033345, 0.013231713771567694, 0.018312691859849687, 0.0050809780882819944, 0.0028580501746586218, 0.0033873187255213295, 0.0, 0.0, 0.0, 0.0], [0.0, 0.0, 0.0, 0.0017793594306049821, 0.0017793594306049821, 0.0, 0.0, 0.005338078291814947, 0.008896797153024912, 0.005338078291814947, 0.01601423487544484, 0.026690391459074734, 0.046263345195729534, 0.09252669039145907, 0.09608540925266904, 0.1423487544483986, 0.1708185053380783, 0.11921708185053381, 0.1619217081850534, 0.051601423487544484, 0.023131672597864767, 0.017793594306049824, 0.0071174377224199285, 0.0017793594306049821, 0.0035587188612099642, 0.0, 0.0, 0.0, 0.0, 0.0, 0.0, 0.0], [0.0, 0.0, 0.0, 0.0002648538889379359, 0.0, 0.00017656925929195727, 0.0002648538889379359, 0.0007945616668138077, 0.0021188311115034873, 0.00582678555663459, 0.008828462964597864, 0.016332656484506047, 0.028339366116359142, 0.0351372825990995, 0.05588417056590447, 0.07151055001324269, 0.11600600335481592, 0.09181601483181778, 0.22035843559636267, 0.09746623112916042, 0.06771431093846561, 0.10152732409287543, 0.030634766487154585, 0.012801271298666901, 0.020217180188929106, 0.007327624260616227, 0.0038845237044230598, 0.0023836850004414233, 0.0023836850004414233, 0.0, 0.0, 0.0], [0.00018134010336385892, 9.067005168192946e-05, 9.067005168192946e-05, 0.0002720101550457884, 0.0005440203100915768, 0.0005440203100915768, 0.0005440203100915768, 0.0012693807235470125, 0.0015413908785928008, 0.00661891377278085, 0.0116964366669689, 0.024934264212530602, 0.04624172635778402, 0.06718650829630973, 0.10173179798712485, 0.14552543294949677, 0.19104179889382536, 0.12702874240638318, 0.14634146341463414, 0.05267930002720102, 0.030918487623537945, 0.023664883488983587, 0.009067005168192945, 0.003989482274004896, 0.002992111705503672, 0.0014507208269108713, 0.0017227309819566597, 9.067005168192946e-05, 0.0, 0.0, 0.0, 0.0], [0.0, 0.00012456402590931738, 0.0, 0.00012456402590931738, 0.00024912805181863477, 0.0008719481813652218, 0.0011210762331838565, 0.002242152466367713, 0.003487792725460887, 0.006103637269556552, 0.012580966616841056, 0.022172396611858495, 0.033632286995515695, 0.04770802192326856, 0.07760338814150473, 0.12717987045341306, 0.1661684105630294, 0.11983059292476334, 0.16081215744892874, 0.07922272047832586, 0.04708520179372197, 0.044967613353263575, 0.021175884404583956, 0.010338814150473344, 0.009466865969108122, 0.0027404085700049826, 0.002242152466367713, 0.0007473841554559044, 0.0, 0.0, 0.0, 0.0], [0.0, 0.0, 0.0, 0.0, 0.0002977963073257892, 0.0, 0.0008933889219773674, 0.0008933889219773674, 0.0016378796902918405, 0.0037224538415723644, 0.009976176295413936, 0.016081000595592615, 0.027843954734961287, 0.047349612864800474, 0.08308516974389518, 0.11584276354973198, 0.15247170935080406, 0.09961286480047647, 0.1896962477665277, 0.06804645622394283, 0.04586063132817153, 0.055092316855270995, 0.025759380583680762, 0.012805241215008934, 0.019654556283502083, 0.008487194758784991, 0.005658129839189994, 0.00357355568790947, 0.004913639070875521, 0.0007444907683144729, 0.0, 0.0], [0.00038402457757296467, 0.00038402457757296467, 0.00038402457757296467, 0.0007680491551459293, 0.002304147465437788, 0.0030721966205837174, 0.004608294930875576, 0.009216589861751152, 0.015360983102918587, 0.0314900153609831, 0.03840245775729647, 0.05837173579109063, 0.06144393241167435, 0.08678955453149001, 0.11789554531490015, 0.11136712749615975, 0.12403993855606758, 0.07450076804915515, 0.13402457757296468, 0.040706605222734255, 0.026497695852534562, 0.026881720430107527, 0.010368663594470046, 0.004224270353302612, 0.007680491551459293, 0.002688172043010753, 0.005376344086021506, 0.00038402457757296467, 0.00038402457757296467, 0.0, 0.0, 0.0], [0.0, 0.0, 0.0, 0.00202020202020202, 0.0026936026936026937, 0.0026936026936026937, 0.00404040404040404, 0.010774410774410775, 0.011447811447811448, 0.013468013468013467, 0.024915824915824916, 0.03569023569023569, 0.048484848484848485, 0.05656565656565657, 0.0861952861952862, 0.11245791245791245, 0.14074074074074075, 0.11245791245791245, 0.16767676767676767, 0.05925925925925926, 0.032996632996632996, 0.026262626262626262, 0.020202020202020204, 0.00808080808080808, 0.010774410774410775, 0.0053872053872053875, 0.0013468013468013469, 0.0026936026936026937, 0.0006734006734006734, 0.0, 0.0, 0.0], [0.0002970444081390168, 0.0, 0.0, 0.0, 0.0005940888162780336, 0.0008911332244170504, 0.003267488489529185, 0.005346799346502302, 0.0077231546116144365, 0.015297787019159364, 0.029704440813901677, 0.044556661220852514, 0.06074558146442893, 0.08866775582949651, 0.1312936283974454, 0.14005643843754642, 0.1415416604782415, 0.09059854448240012, 0.11287687509282637, 0.038318728649933166, 0.026436952324372494, 0.028664785385415118, 0.012327342937769197, 0.0050497549383632856, 0.009356898856379029, 0.0031189662854596762, 0.001188177632556067, 0.0010396554284865587, 0.0001485222040695084, 0.0008911332244170504, 0.0, 0.0], [0.0, 0.0, 0.0, 0.0004616805170821791, 0.0004616805170821791, 0.00023084025854108956, 0.0023084025854108957, 0.0013850415512465374, 0.0046168051708217915, 0.009695290858725761, 0.017543859649122806, 0.02169898430286242, 0.037396121883656507, 0.05193905817174515, 0.07594644506001846, 0.10710987996306556, 0.12465373961218837, 0.10433979686057249, 0.15812557710064634, 0.07132963988919667, 0.05263157894736842, 0.05632502308402586, 0.025623268698060944, 0.016851338873499537, 0.027931671283471838, 0.012927054478301015, 0.007617728531855956, 0.0043859649122807015, 0.0034626038781163434, 0.0030009233610341643, 0.0, 0.0], [0.0, 0.0, 0.0, 0.0, 0.00020920502092050208, 0.0, 0.0010460251046025104, 0.0010460251046025104, 0.0029288702928870294, 0.010460251046025104, 0.01610878661087866, 0.02803347280334728, 0.04581589958158996, 0.06694560669456066, 0.09853556485355648, 0.1205020920502092, 0.14958158995815898, 0.100418410041841, 0.1604602510460251, 0.06527196652719665, 0.044560669456066945, 0.043305439330543934, 0.016736401673640166, 0.0066945606694560665, 0.008786610878661089, 0.0018828451882845188, 0.0066945606694560665, 0.0020920502092050207, 0.0016736401673640166, 0.00020920502092050208, 0.0, 0.0], [0.00013257324671881213, 0.00013257324671881213, 0.00013257324671881213, 0.00013257324671881213, 0.0005302929868752485, 0.0011931592204693093, 0.0013257324671881213, 0.0031817579212514917, 0.005435503115471298, 0.008882407530160414, 0.022802598435635688, 0.03433647090017235, 0.0567413495956516, 0.07795306907066155, 0.11321755269786557, 0.14251624022272305, 0.1626673737239825, 0.11255468646427151, 0.11321755269786557, 0.057271642582526844, 0.03460161739360997, 0.023598037915948562, 0.01299217817844359, 0.00490521012859605, 0.005435503115471298, 0.0011931592204693093, 0.0025188916876574307, 0.00039771974015643646, 0.0, 0.0, 0.0, 0.0], [0.0, 0.0, 0.0, 0.00022099447513812155, 0.00022099447513812155, 0.0011049723756906078, 0.0013259668508287293, 0.00287292817679558, 0.00574585635359116, 0.008176795580110497, 0.01723756906077348, 0.024530386740331492, 0.0430939226519337, 0.06099447513812155, 0.09701657458563535, 0.13149171270718232, 0.1569060773480663, 0.11911602209944751, 0.1352486187845304, 0.06165745856353591, 0.04397790055248619, 0.038232044198895025, 0.017679558011049725, 0.0075138121546961326, 0.014364640883977901, 0.003977900552486188, 0.00287292817679558, 0.0017679558011049724, 0.0022099447513812156, 0.0004419889502762431, 0.0, 0.0], [0.0, 0.0, 0.0, 0.0002635740643120717, 0.0, 0.0010542962572482868, 0.0021085925144965737, 0.002635740643120717, 0.005798629414865577, 0.005798629414865577, 0.012124406958355299, 0.021876647337901952, 0.032156035846072746, 0.04638903531892462, 0.0819715340010543, 0.10859251449657353, 0.1378492356352135, 0.10463890353189247, 0.17791249341064838, 0.07801792303637323, 0.04691618344754876, 0.06273062730627306, 0.022930943595150237, 0.015023721665788086, 0.017659462308908802, 0.010542962572482868, 0.002635740643120717, 0.0010542962572482868, 0.0010542962572482868, 0.0002635740643120717, 0.0, 0.0], [0.0, 0.0, 0.0002896451846488052, 0.0, 0.0002896451846488052, 0.00043446777697320784, 0.0005792903692976104, 0.0020275162925416364, 0.001882693700217234, 0.005358435916002897, 0.011875452570601014, 0.02621288921071687, 0.043736422881969585, 0.07328023171614773, 0.10745836350470674, 0.11745112237509052, 0.14511223750905142, 0.0999275887038378, 0.15307748008689356, 0.056480811006517015, 0.04040550325850833, 0.041998551774076756, 0.023461259956553224, 0.010427226647356987, 0.02056480811006517, 0.006227371469949312, 0.004923968139029689, 0.003765387400434468, 0.0026068066618392467, 0.0001448225923244026, 0.0, 0.0], [0.0, 0.0, 9.154155986818015e-05, 0.0, 9.154155986818015e-05, 0.0001830831197363603, 0.0003661662394727206, 0.0010984987184181618, 0.0020139143170999634, 0.005767118271695349, 0.011168070303917978, 0.020688392530208714, 0.0359758330281948, 0.05062248260710363, 0.0742402050530941, 0.09227389234712559, 0.1212925668253387, 0.09840717685829367, 0.21466495789088247, 0.08678139875503478, 0.05364335408275357, 0.06957158549981692, 0.021237641889417794, 0.009062614426949835, 0.01766752105455877, 0.005767118271695349, 0.0032954961552544857, 0.002471622116440864, 0.0013731233980227022, 0.0001830831197363603, 0.0, 0.0], [0.0, 0.0, 0.0, 0.0, 0.0, 0.00011894849530153443, 0.0007136909718092066, 0.0005947424765076722, 0.0022600214107291543, 0.00535268228856905, 0.008088497680504342, 0.01879386225764244, 0.03294873319852504, 0.056738432258831926, 0.08837873200904009, 0.12941596288806947, 0.17295111216843106, 0.12358748661829427, 0.19459973831331034, 0.06542167241584394, 0.03378137266563578, 0.04234566432734626, 0.011181158558344237, 0.00321160937314143, 0.004995836802664446, 0.0011894849530153444, 0.0013084334483168788, 0.0017842274295230165, 0.00023789699060306887, 0.0, 0.0, 0.0], [0.0, 0.004032258064516129, 0.0, 0.004032258064516129, 0.004032258064516129, 0.020161290322580645, 0.028225806451612902, 0.020161290322580645, 0.06854838709677419, 0.04032258064516129, 0.036290322580645164, 0.0846774193548387, 0.06854838709677419, 0.11693548387096774, 0.10080645161290322, 0.12096774193548387, 0.09274193548387097, 0.06854838709677419, 0.04032258064516129, 0.024193548387096774, 0.016129032258064516, 0.016129032258064516, 0.008064516129032258, 0.016129032258064516, 0.0, 0.0, 0.0, 0.0, 0.0, 0.0, 0.0, 0.0]]}, "ranks": {"labels": ["Unranked", "Combatatent I", "Combatatent II", "Challenger I", "Challenger II", "Rival I", "Rival II", "Duelist", "Elite"], "data": [[0.12203389830508475, 0.15593220338983052, 0.1864406779661017, 0.22372881355932203, 0.14915254237288136, 0.09491525423728814, 0.030508474576271188, 0.03728813559322034, 0.0], [0.05190311418685121, 0.07958477508650519, 0.1440311418685121, 0.22707612456747406, 0.24048442906574394, 0.1708477508650519, 0.04411764705882353, 0.03027681660899654, 0.011678200692041523], [0.010220994475138122, 0.020856353591160223, 0.05124309392265193, 0.118646408839779, 0.22983425414364642, 0.30013812154696135, 0.10041436464088398, 0.11975138121546962, 0.04889502762430939], [0.021642830021516263, 0.03759017845842298, 0.09024174155170232, 0.18402733831160611, 0.2721174534869004, 0.22300974560182255, 0.084419693709657, 0.07264903176813062, 0.014301987090241742], [0.14150943396226415, 0.12264150943396226, 0.18867924528301888, 0.16981132075471697, 0.09433962264150944, 0.16037735849056603, 0.04716981132075472, 0.07547169811320754, 0.0], [0.011124198403350346, 0.030493390917419184, 0.09278890197618113, 0.20861143829341708, 0.26226933647428347, 0.1982724774244209, 0.07263447192775814, 0.08729223923570213, 0.03651354534746761], [0.06566499721758487, 0.08625486922648859, 0.15609348914858096, 0.23984418475236505, 0.2117417918753478, 0.11936560934891485, 0.045909849749582635, 0.044518642181413465, 0.03060656649972176], [0.2708333333333333, 0.1909722222222222, 0.19791666666666666, 0.14583333333333334, 0.09722222222222222, 0.03125, 0.03819444444444445, 0.027777777777777776, 0.0], [0.04202732297424132, 0.08666179997914276, 0.14255918239649598, 0.21535092293252686, 0.21900093857545103, 0.12941912608196893, 0.06434456147669204, 0.06716028782980499, 0.033475857753676085], [0.007612179487179487, 0.014823717948717948, 0.037259615384615384, 0.10657051282051282, 0.16987179487179488, 0.2219551282051282, 0.12860576923076922, 0.1955128205128205, 0.11778846153846154], [0.042164674634794154, 0.06806108897742363, 0.13612217795484727, 0.20783532536520585, 0.23771580345285526, 0.17164674634794155, 0.0600929614873838, 0.058100929614873835, 0.018260292164674636], [0.05674558436677941, 0.11856444945509208, 0.18940248027057496, 0.26832018038331457, 0.19579105599398722, 0.09451334084930477, 0.03927095077038707, 0.029124389327320557, 0.008267568583239383], [0.02536104262064107, 0.06305036984853822, 0.12275449101796407, 0.220852412821416, 0.2483268756604438, 0.17928848185980978, 0.06463543501232828, 0.055829517435716805, 0.019901373723141953], [0.025047483380816714, 0.05128205128205128, 0.09366096866096867, 0.19135802469135801, 0.2537986704653371, 0.19681861348528015, 0.08309591642924977, 0.07775403608736942, 0.02718423551756885], [0.01110574601641719, 0.031144374698213424, 0.08932882665379044, 0.18396909705456302, 0.2716079188797682, 0.21100917431192662, 0.09029454369869629, 0.08450024142926123, 0.02704007725736359], [0.035822183858437634, 0.0513595166163142, 0.11394044022442815, 0.1886059559775572, 0.23867069486404835, 0.16055243849805784, 0.07768666378938283, 0.08977125593439793, 0.04359085023737592], [0.03069873997709049, 0.06529209621993128, 0.15005727376861397, 0.23528064146620847, 0.23001145475372278, 0.15303550973654068, 0.052920962199312714, 0.05887743413516609, 0.023825887743413515], [0.021915444348576358, 0.05021570319240725, 0.11734253666954271, 0.22433132010353754, 0.2441760138050043, 0.20431406384814496, 0.05677308024158757, 0.05849870578084556, 0.022433132010353754], [0.125, 0.07291666666666667, 0.08333333333333333, 0.19791666666666666, 0.20833333333333334, 0.052083333333333336, 0.09375, 0.09375, 0.07291666666666667], [0.012972708358830009, 0.030106474115775304, 0.08407783625015298, 0.2194345857300208, 0.2955574593073063, 0.17953738832456248, 0.07954962672867458, 0.07746909802961693, 0.02129482315506058], [0.008346709470304976, 0.020385232744783308, 0.05040128410914928, 0.1319422150882825, 0.24574638844301766, 0.24526484751203853, 0.11765650080256822, 0.13065810593900481, 0.04959871589085072], [0.016089763946226316, 0.033979040965385836, 0.06372393352387001, 0.14491372922620938, 0.25224939134116653, 0.24187572774425745, 0.10828834550651001, 0.10924102889806288, 0.029639038848311632], [0.023131672597864767, 0.042704626334519574, 0.1387900355871886, 0.23843416370106763, 0.2900355871886121, 0.199288256227758, 0.037366548042704624, 0.026690391459074734, 0.0035587188612099642], [0.009446455372119715, 0.02516111944910391, 0.06347664871545863, 0.12739472057914716, 0.2078220181866337, 0.26997439745740265, 0.11556458020658604, 0.1449633618786969, 0.03619669815485124], [0.0116964366669689, 0.0366307008794995, 0.11342823465409375, 0.24725723093662164, 0.31807054130020856, 0.17589990026294314, 0.054039350802429956, 0.036721370931181434, 0.006256233566053132], [0.0143248629795715, 0.034753363228699555, 0.08134030891878426, 0.20478325859491778, 0.2859990034877927, 0.20515695067264575, 0.08196312904833085, 0.07648231190832087, 0.015196811160936722], [0.007444907683144729, 0.02605717689100655, 0.07519356759976176, 0.19892793329362715, 0.25208457415128055, 0.22662298987492555, 0.0769803454437165, 0.09365693865396069, 0.043031566408576534], [0.06797235023041474, 0.0967741935483871, 0.14823348694316435, 0.22926267281105991, 0.19854070660522274, 0.15514592933947774, 0.04608294930875576, 0.041474654377880185, 0.01651305683563748], [0.04713804713804714, 0.06060606060606061, 0.10505050505050505, 0.19865319865319866, 0.2531986531986532, 0.19932659932659932, 0.06060606060606061, 0.05454545454545454, 0.020875420875420877], [0.03341749591563939, 0.0742611020347542, 0.14941333729392545, 0.27135006683499185, 0.2321402049606416, 0.13233328382593199, 0.04529927224120006, 0.0460418832615476, 0.01574335363136789], [0.019159741458910435, 0.039242843951985226, 0.08933518005540166, 0.18305632502308403, 0.22899353647276086, 0.19621421975992612, 0.08587257617728532, 0.09879963065558633, 0.05932594644506002], [0.015690376569037656, 0.04414225941422594, 0.11276150627615063, 0.2190376569037657, 0.25, 0.19769874476987448, 0.07259414225941423, 0.06673640167364017, 0.021338912133891212], [0.021079146228291133, 0.057139069335808035, 0.13469441866631313, 0.2557337929205886, 0.275222060188254, 0.14662601087100624, 0.05846480180299615, 0.0414954262229882, 0.009545273763754475], [0.01966850828729282, 0.04176795580110497, 0.10408839779005524, 0.2285082872928177, 0.2760220994475138, 0.1692817679558011, 0.07160220994475137, 0.06342541436464089, 0.025635359116022098], [0.017659462308908802, 0.03400105429625725, 0.07854507116499737, 0.19056404849762784, 0.24248813916710596, 0.22008434370057986, 0.08276225619399051, 0.10068529256721138, 0.033210332103321034], [0.010861694424330196, 0.03808834178131788, 0.1170166545981173, 0.22490948587979726, 0.24503982621288922, 0.18377986965966692, 0.066183924692252, 0.07588703837798697, 0.03823316437364229], [0.009611863786158916, 0.03185646283412669, 0.08659831563529842, 0.1665140974002197, 0.21969974368363238, 0.2584218235078726, 0.09666788722079825, 0.09987184181618455, 0.030757964115708532], [0.009040085642916617, 0.026882359938146784, 0.08968716545735697, 0.21779469489710956, 0.29653859878672534, 0.23099797787557988, 0.06280480551921018, 0.056738432258831926, 0.009515879624122755], [0.18951612903225806, 0.12096774193548387, 0.18548387096774194, 0.2217741935483871, 0.16129032258064516, 0.05241935483870968, 0.028225806451612902, 0.04032258064516129, 0.0]]}, "ranksDetailed": {"labels": ["Unranked", "Combatatant", "Challenger", "Rival", "Duelist", "Elite"], "data": [[0.12203389830508475, 0.3423728813559322, 0.3728813559322034, 0.12542372881355932, 0.03728813559322034, 0.0], [0.05190311418685121, 0.2236159169550173, 0.46756055363321797, 0.21496539792387542, 0.03027681660899654, 0.011678200692041523], [0.010220994475138122, 0.07209944751381216, 0.3484806629834254, 0.4005524861878453, 0.11975138121546962, 0.04889502762430939], [0.021642830021516263, 0.1278319200101253, 0.45614479179850653, 0.30742943931147954, 0.07264903176813062, 0.014301987090241742], [0.14150943396226415, 0.3113207547169811, 0.2641509433962264, 0.20754716981132076, 0.07547169811320754, 0.0], [0.011124198403350346, 0.12328229289360032, 0.47088077476770057, 0.270906949352179, 0.08729223923570213, 0.03651354534746761], [0.06566499721758487, 0.24234835837506957, 0.4515859766277129, 0.1652754590984975, 0.044518642181413465, 0.03060656649972176], [0.2708333333333333, 0.3888888888888889, 0.24305555555555555, 0.06944444444444445, 0.027777777777777776, 0.0], [0.04202732297424132, 0.22922098237563876, 0.4343518615079779, 0.19376368755866097, 0.06716028782980499, 0.033475857753676085], [0.007612179487179487, 0.052083333333333336, 0.2764423076923077, 0.3505608974358974, 0.1955128205128205, 0.11778846153846154], [0.042164674634794154, 0.20418326693227093, 0.4455511288180611, 0.23173970783532535, 0.058100929614873835, 0.018260292164674636], [0.05674558436677941, 0.307966929725667, 0.4641112363773018, 0.13378429161969185, 0.029124389327320557, 0.008267568583239383], [0.02536104262064107, 0.1858048608665023, 0.4691792884818598, 0.24392391687213807, 0.055829517435716805, 0.019901373723141953], [0.025047483380816714, 0.14494301994301995, 0.44515669515669515, 0.2799145299145299, 0.07775403608736942, 0.02718423551756885], [0.01110574601641719, 0.12047320135200386, 0.45557701593433125, 0.3013037180106229, 0.08450024142926123, 0.02704007725736359], [0.035822183858437634, 0.16529995684074233, 0.42727665084160554, 0.23823910228744066, 0.08977125593439793, 0.04359085023737592], [0.03069873997709049, 0.21534936998854526, 0.4652920962199313, 0.20595647193585337, 0.05887743413516609, 0.023825887743413515], [0.021915444348576358, 0.16755823986194995, 0.4685073339085418, 0.26108714408973255, 0.05849870578084556, 0.022433132010353754], [0.125, 0.15625, 0.40625, 0.14583333333333334, 0.09375, 0.07291666666666667], [0.012972708358830009, 0.11418431036592828, 0.5149920450373271, 0.25908701505323706, 0.07746909802961693, 0.02129482315506058], [0.008346709470304976, 0.07078651685393259, 0.3776886035313002, 0.36292134831460676, 0.13065810593900481, 0.04959871589085072], [0.016089763946226316, 0.09770297448925584, 0.3971631205673759, 0.3501640732507674, 0.10924102889806288, 0.029639038848311632], [0.023131672597864767, 0.18149466192170818, 0.5284697508896797, 0.23665480427046262, 0.026690391459074734, 0.0035587188612099642], [0.009446455372119715, 0.08863776816456255, 0.3352167387657809, 0.3855389776639887, 0.1449633618786969, 0.03619669815485124], [0.0116964366669689, 0.15005893553359326, 0.5653277722368302, 0.2299392510653731, 0.036721370931181434, 0.006256233566053132], [0.0143248629795715, 0.11609367214748381, 0.49078226208271053, 0.2871200797209766, 0.07648231190832087, 0.015196811160936722], [0.007444907683144729, 0.10125074449076832, 0.4510125074449077, 0.30360333531864203, 0.09365693865396069, 0.043031566408576534], [0.06797235023041474, 0.24500768049155147, 0.42780337941628266, 0.2012288786482335, 0.041474654377880185, 0.01651305683563748], [0.04713804713804714, 0.16565656565656567, 0.45185185185185184, 0.25993265993265996, 0.05454545454545454, 0.020875420875420877], [0.03341749591563939, 0.22367443932867964, 0.5034902717956334, 0.17763255606713205, 0.0460418832615476, 0.01574335363136789], [0.019159741458910435, 0.12857802400738688, 0.4120498614958449, 0.2820867959372115, 0.09879963065558633, 0.05932594644506002], [0.015690376569037656, 0.15690376569037656, 0.4690376569037657, 0.2702928870292887, 0.06673640167364017, 0.021338912133891212], [0.021079146228291133, 0.19183348800212116, 0.5309558531088426, 0.2050908126740024, 0.0414954262229882, 0.009545273763754475], [0.01966850828729282, 0.14585635359116023, 0.5045303867403315, 0.2408839779005525, 0.06342541436464089, 0.025635359116022098], [0.017659462308908802, 0.11254612546125461, 0.4330521876647338, 0.30284659989457036, 0.10068529256721138, 0.033210332103321034], [0.010861694424330196, 0.1551049963794352, 0.4699493120926865, 0.2499637943519189, 0.07588703837798697, 0.03823316437364229], [0.009611863786158916, 0.11845477846942512, 0.3862138410838521, 0.3550897107286708, 0.09987184181618455, 0.030757964115708532], [0.009040085642916617, 0.11656952539550375, 0.5143332936838348, 0.29380278339479005, 0.056738432258831926, 0.009515879624122755], [0.18951612903225806, 0.3064516129032258, 0.38306451612903225, 0.08064516129032258, 0.04032258064516129, 0.0]]}}}, "eu": {"histType": {"histogram": {"labels": ["0", "100", "200", "300", "400", "500", "600", "700", "800", "900", "1000", "1100", "1200", "1300", "1400", "1500", "1600", "1700", "1800", "1900", "2000", "2100", "2200", "2300", "2400", "2500", "2600", "2700", "2800", "2900", "3000", "3100"], "data": [[0.0, 0.0, 0.0043859649122807015, 0.0, 0.0, 0.008771929824561403, 0.017543859649122806, 0.017543859649122806, 0.043859649122807015, 0.04824561403508772, 0.06578947368421052, 0.06140350877192982, 0.06140350877192982, 0.09649122807017543, 0.15350877192982457, 0.12280701754385964, 0.08771929824561403, 0.07456140350877193, 0.04824561403508772, 0.03070175438596491, 0.017543859649122806, 0.013157894736842105, 0.0, 0.008771929824561403, 0.017543859649122806, 0.0, 0.0, 0.0, 0.0, 0.0, 0.0, 0.0], [0.0, 0.0, 0.0004664179104477612, 0.0013992537313432835, 0.0009328358208955224, 0.004197761194029851, 0.0046641791044776115, 0.007462686567164179, 0.017257462686567165, 0.025652985074626867, 0.034981343283582086, 0.05037313432835821, 0.0625, 0.07789179104477612, 0.12220149253731344, 0.11520522388059702, 0.15205223880597016, 0.08768656716417911, 0.1333955223880597, 0.03917910447761194, 0.01958955223880597, 0.021455223880597014, 0.006996268656716418, 0.004197761194029851, 0.0046641791044776115, 0.0023320895522388058, 0.0013992537313432835, 0.0018656716417910447, 0.0, 0.0, 0.0, 0.0], [0.0, 0.0, 0.0, 0.0001457938474996355, 0.0001457938474996355, 0.0001457938474996355, 0.0001457938474996355, 0.0014579384749963552, 0.0029158769499927103, 0.00422802157748943, 0.009039218544977402, 0.014870972444962823, 0.02143169558244642, 0.028721387957428197, 0.04811196967487972, 0.07041842834232395, 0.13252660737716868, 0.10438839480973904, 0.24391310686689022, 0.08543519463478641, 0.06298294211984254, 0.08149876075229626, 0.02799241871993002, 0.015599941682461, 0.02376439714244059, 0.00947660008747631, 0.003353258492491617, 0.003353258492491617, 0.0016037323224959907, 0.0021869077124945326, 0.0001457938474996355, 0.0], [0.0, 0.0, 0.0, 0.00012138868657441127, 0.00012138868657441127, 0.00024277737314882253, 0.0008497208060208788, 0.002791939791211459, 0.004005826656955572, 0.008497208060208788, 0.016508861374119933, 0.02597717892692401, 0.03411022092740956, 0.04624908958485069, 0.07696042728817674, 0.10390871570769604, 0.16241806263656228, 0.11701869385773246, 0.1842680262199563, 0.08108764263170673, 0.05098324836125273, 0.049041029376062154, 0.013231366836610827, 0.0065549890750182084, 0.008982762806506433, 0.0029133284777858705, 0.0010924981791697013, 0.00048555474629764507, 0.0009711094925952901, 0.0006069434328720563, 0.0, 0.0], [0.0, 0.0, 0.0, 0.0, 0.0, 0.018691588785046728, 0.028037383177570093, 0.04672897196261682, 0.04672897196261682, 0.028037383177570093, 0.07476635514018691, 0.09345794392523364, 0.037383177570093455, 0.028037383177570093, 0.09345794392523364, 0.12149532710280374, 0.056074766355140186, 0.09345794392523364, 0.06542056074766354, 0.06542056074766354, 0.04672897196261682, 0.009345794392523364, 0.009345794392523364, 0.018691588785046728, 0.009345794392523364, 0.009345794392523364, 0.0, 0.0, 0.0, 0.0, 0.0, 0.0], [0.0, 0.00013217023526301876, 0.00013217023526301876, 0.0002643404705260375, 0.0003965107057890563, 0.00013217023526301876, 0.0003965107057890563, 0.0018503832936822627, 0.002907745175786413, 0.006212001057361882, 0.011366640232619614, 0.02035421623050489, 0.03119217552207243, 0.05537932857520486, 0.08604282315622522, 0.10930478456251652, 0.1500132170235263, 0.10930478456251652, 0.16071900607983083, 0.0746761829236056, 0.04692043351837166, 0.06040179751519958, 0.022733280465239227, 0.010970129526830557, 0.02035421623050489, 0.008723235527359239, 0.003832936822627544, 0.0025112344699973568, 0.0013217023526301878, 0.0014538725878932065, 0.0, 0.0], [0.0002521432173474534, 0.0002521432173474534, 0.0002521432173474534, 0.0012607160867372667, 0.0032778618255168935, 0.0025214321734745334, 0.004034291477559254, 0.010842158345940494, 0.019667170953101363, 0.02773575390821987, 0.03983862834089763, 0.05471507816439738, 0.0713565305093293, 0.08472012102874432, 0