{"region": {"us": {"histType": {"histogram": {"labels": ["0", "100", "200", "300", "400", "500", "600", "700", "800", "900", "1000", "1100", "1200", "1300", "1400", "1500", "1600", "1700", "1800", "1900", "2000", "2100", "2200", "2300", "2400", "2500", "2600", "2700", "2800", "2900", "3000", "3100"], "data": [[0.0, 0.0, 0.0, 0.007246376811594203, 0.007246376811594203, 0.007246376811594203, 0.028985507246376812, 0.028985507246376812, 0.06521739130434782, 0.050724637681159424, 0.057971014492753624, 0.09420289855072464, 0.10869565217391304, 0.15942028985507245, 0.08695652173913043, 0.09420289855072464, 0.057971014492753624, 0.036231884057971016, 0.036231884057971016, 0.057971014492753624, 0.014492753623188406, 0.0, 0.0, 0.0, 0.0, 0.0, 0.0, 0.0, 0.0, 0.0, 0.0, 0.0], [0.0, 0.0015527950310559005, 0.0007763975155279503, 0.0007763975155279503, 0.0015527950310559005, 0.0015527950310559005, 0.0038819875776397515, 0.012422360248447204, 0.017080745341614908, 0.03493788819875776, 0.056677018633540376, 0.06444099378881987, 0.09472049689440994, 0.0986024844720497, 0.14906832298136646, 0.13043478260869565, 0.1281055900621118, 0.06521739130434782, 0.07608695652173914, 0.02096273291925466, 0.013198757763975156, 0.014751552795031056, 0.006211180124223602, 0.003105590062111801, 0.0015527950310559005, 0.002329192546583851, 0.0, 0.0, 0.0, 0.0, 0.0, 0.0], [0.0002402691013935608, 0.0, 0.0002402691013935608, 0.0002402691013935608, 0.0004805382027871216, 0.0004805382027871216, 0.0007208073041806823, 0.002162421912542047, 0.0076886112445939455, 0.010091302258529554, 0.014896684286400768, 0.023306102835175396, 0.04276790004805382, 0.05670350792888035, 0.07808745795290725, 0.10211436809226333, 0.14079769341662662, 0.10283517539644402, 0.18596828447861605, 0.06487265737626141, 0.044449783757808746, 0.05766458433445459, 0.024747717443536762, 0.011292647765497358, 0.0177799135031235, 0.004805382027871216, 0.004565112926477655, 0.0, 0.0, 0.0, 0.0, 0.0], [0.0, 0.00020542317173377156, 0.0, 0.0, 0.00020542317173377156, 0.0008216926869350862, 0.0026705012325390306, 0.004108463434675432, 0.010682004930156122, 0.022801972062448644, 0.03307313064913722, 0.03533278553820871, 0.06881676253081348, 0.08648315529991783, 0.11750205423171733, 0.13393590797041907, 0.1639276910435497, 0.09367296631059983, 0.11750205423171733, 0.04170090386195563, 0.02506162695152013, 0.02362366474938373, 0.00801150369761709, 0.004313886606409203, 0.003492193919474117, 0.0012325390304026294, 0.0008216926869350862, 0.0, 0.0, 0.0, 0.0, 0.0], [0.0, 0.0, 0.0, 0.0, 0.0, 0.0, 0.0, 0.08, 0.08, 0.08, 0.06, 0.1, 0.08, 0.14, 0.0, 0.0, 0.08, 0.06, 0.06, 0.1, 0.04, 0.02, 0.0, 0.02, 0.0, 0.0, 0.0, 0.0, 0.0, 0.0, 0.0, 0.0], [0.0, 0.0, 0.0, 0.0, 0.0, 0.0, 0.000354924578527063, 0.003194321206743567, 0.002839396628216504, 0.01064773735581189, 0.017213842058562554, 0.02945874001774623, 0.05714285714285714, 0.08908606921029281, 0.1165927240461402, 0.12919254658385093, 0.15173025732031944, 0.09707187222715173, 0.11765749778172138, 0.055368234250221825, 0.032830523513753325, 0.0456078083407276, 0.015261756876663708, 0.006211180124223602, 0.012777284826974268, 0.005501330967169477, 0.0037267080745341614, 0.0005323868677905945, 0.0, 0.0, 0.0, 0.0], [0.0, 0.0, 0.0009828009828009828, 0.0014742014742014742, 0.0014742014742014742, 0.0019656019656019656, 0.003931203931203931, 0.010810810810810811, 0.023095823095823097, 0.03538083538083538, 0.057002457002457, 0.06535626535626536, 0.09680589680589681, 0.1262899262899263, 0.1316953316953317, 0.10909090909090909, 0.11351351351351352, 0.0628992628992629, 0.05896805896805897, 0.030466830466830467, 0.016216216216216217, 0.018673218673218674, 0.008845208845208846, 0.005405405405405406, 0.011793611793611793, 0.005896805896805897, 0.0019656019656019656, 0.0, 0.0, 0.0, 0.0, 0.0], [0.0, 0.0, 0.008, 0.016, 0.016, 0.008, 0.032, 0.08, 0.096, 0.128, 0.088, 0.136, 0.128, 0.088, 0.04, 0.04, 0.024, 0.024, 0.024, 0.024, 0.0, 0.0, 0.0, 0.0, 0.0, 0.0, 0.0, 0.0, 0.0, 0.0, 0.0, 0.0], [0.00036717459151826694, 0.00036717459151826694, 0.0009179364787956673, 0.0007343491830365339, 0.0014686983660730677, 0.003120984027905269, 0.004406095098219203, 0.010648063154029741, 0.02001101523774555, 0.046814760418579036, 0.07233339452909858, 0.09968790159720947, 0.11308977418762621, 0.12483936111621076, 0.13567101156599964, 0.10005507618872773, 0.08628602900679273, 0.04975215715072517, 0.05140444281255737, 0.02698733247659262, 0.017440793097117678, 0.015237745548008079, 0.010648063154029741, 0.0029373967321461355, 0.004038920506700936, 0.0005507618872774004, 0.00018358729575913347, 0.0, 0.0, 0.0, 0.0, 0.0], [0.0, 0.0, 0.0004786979415988511, 0.0, 0.0014360938247965534, 0.0014360938247965534, 0.004786979415988511, 0.005265677357587362, 0.014839636189564385, 0.02537099090473911, 0.036381043561512685, 0.04786979415988511, 0.07611297271421733, 0.09717568214456677, 0.12398276687410244, 0.13355672570607946, 0.15844901866921973, 0.07898516036381044, 0.10292005744375299, 0.036381043561512685, 0.013882240306366683, 0.020105313547151747, 0.009095260890378171, 0.006223073240785065, 0.004786979415988511, 0.0004786979415988511, 0.0, 0.0, 0.0, 0.0, 0.0, 0.0], [0.0, 0.0, 0.0008084074373484236, 0.0010778765831312314, 0.0016168148746968471, 0.0032336297493936943, 0.00754513608191862, 0.010239827539746699, 0.018323901913230935, 0.037186742118027485, 0.07437348423605497, 0.08407437348423606, 0.10428455941794665, 0.1161412018323902, 0.14659121530584748, 0.11748854756130422, 0.09512260846133118, 0.056588520614389654, 0.05362436001077876, 0.027216383724063594, 0.015359741309620048, 0.014820803018054433, 0.005658852061438965, 0.004042037186742118, 0.0032336297493936943, 0.0013473457289140394, 0.0, 0.0, 0.0, 0.0, 0.0, 0.0], [0.0, 0.0, 0.0, 0.0, 0.0002581311306143521, 0.0010325245224574084, 0.002839442436757873, 0.00619514713474445, 0.01109963861641714, 0.01626226122870418, 0.03639648941662364, 0.05085183273102736, 0.07098606091894683, 0.08699019101703666, 0.13861641713990708, 0.12106350025813113, 0.14945792462570986, 0.0937016004130098, 0.10712441920495612, 0.04155911202891069, 0.02245740836344863, 0.02194114610221993, 0.009034589571502324, 0.005937016004130098, 0.0043882292204439855, 0.0018069179143004647, 0.0, 0.0, 0.0, 0.0, 0.0, 0.0], [0.0002317497103128621, 0.0, 0.0, 0.0004634994206257242, 0.0004634994206257242, 0.0011587485515643105, 0.0027809965237543454, 0.0050984936268829665, 0.013673232908458864, 0.03174971031286211, 0.05701042873696408, 0.05909617612977984, 0.08667439165701044, 0.11100811123986096, 0.14113557358053302, 0.1272305909617613, 0.1381228273464658, 0.07670915411355736, 0.0727694090382387, 0.02966396292004635, 0.016917728852838935, 0.01205098493626883, 0.005561993047508691, 0.004171494785631518, 0.0037079953650057938, 0.002317497103128621, 0.0002317497103128621, 0.0, 0.0, 0.0, 0.0, 0.0], [0.0, 0.0, 0.0, 0.0, 0.0, 0.000768344218209758, 0.0, 0.000768344218209758, 0.00384172109104879, 0.00768344218209758, 0.01844026123703419, 0.02343449865539762, 0.051479062620053785, 0.07260852862082212, 0.10449481367652709, 0.12831348444102958, 0.17095658855167115, 0.11986169804072225, 0.13292354975028814, 0.058778332693046484, 0.03572800614675375, 0.03611217825585863, 0.012677679600461006, 0.009604302727621975, 0.006530925854782943, 0.00384172109104879, 0.001152516327314637, 0.0, 0.0, 0.0, 0.0, 0.0], [0.0, 0.0, 0.0, 0.0, 0.0022371364653243847, 0.0011185682326621924, 0.0011185682326621924, 0.005592841163310962, 0.011185682326621925, 0.02796420581655481, 0.03691275167785235, 0.06935123042505593, 0.07158836689038031, 0.1029082774049217, 0.09955257270693513, 0.12192393736017897, 0.1342281879194631, 0.08053691275167785, 0.0894854586129754, 0.035794183445190156, 0.03243847874720358, 0.02796420581655481, 0.016778523489932886, 0.006711409395973154, 0.012304250559284116, 0.003355704697986577, 0.008948545861297539, 0.0, 0.0, 0.0, 0.0, 0.0], [0.000333667000333667, 0.0, 0.000667334000667334, 0.000333667000333667, 0.000667334000667334, 0.001334668001334668, 0.00333667000333667, 0.004004004004004004, 0.010677344010677344, 0.017350684017350685, 0.032699366032699365, 0.04971638304971638, 0.08441775108441775, 0.09976643309976643, 0.13213213213213212, 0.13780447113780447, 0.13313313313313313, 0.08208208208208208, 0.09743076409743076, 0.041374708041374705, 0.022689356022689355, 0.024691358024691357, 0.009342676009342675, 0.004671338004671338, 0.004671338004671338, 0.00333667000333667, 0.001334668001334668, 0.0, 0.0, 0.0, 0.0, 0.0], [0.0, 0.0, 0.0, 0.0006215040397762585, 0.001243008079552517, 0.00031075201988812925, 0.003107520198881293, 0.005904288377874456, 0.009944064636420136, 0.020198881292728402, 0.041019266625233065, 0.053138595400870105, 0.07768800497203232, 0.09788688626476072, 0.12554381603480422, 0.12865133623368552, 0.14263517712865134, 0.08452454940957116, 0.10689869484151647, 0.031696706028589185, 0.019266625233064015, 0.02144188937228092, 0.011187072715972654, 0.0037290242386575512, 0.007768800497203232, 0.002486016159105034, 0.003107520198881293, 0.0, 0.0, 0.0, 0.0, 0.0], [0.0, 0.0, 0.0, 0.0, 0.0, 0.0, 0.0, 0.0, 0.030303030303030304, 0.12121212121212122, 0.09090909090909091, 0.06060606060606061, 0.06060606060606061, 0.12121212121212122, 0.09090909090909091, 0.09090909090909091, 0.09090909090909091, 0.09090909090909091, 0.06060606060606061, 0.0, 0.030303030303030304, 0.06060606060606061, 0.0, 0.0, 0.0, 0.0, 0.0, 0.0, 0.0, 0.0, 0.0, 0.0], [0.00017316017316017316, 0.00017316017316017316, 0.00017316017316017316, 0.00017316017316017316, 0.00017316017316017316, 0.00017316017316017316, 0.0005194805194805195, 0.0015584415584415584, 0.005021645021645022, 0.00935064935064935, 0.02095238095238095, 0.027012987012987013, 0.05471861471861472, 0.0838095238095238, 0.12017316017316017, 0.1322943722943723, 0.14926406926406927, 0.11134199134199134, 0.10545454545454545, 0.06476190476190476, 0.035844155844155845, 0.04536796536796537, 0.01627705627705628, 0.008484848484848486, 0.004675324675324675, 0.002077922077922078, 0.0, 0.0, 0.0, 0.0, 0.0, 0.0], [0.0, 0.0, 0.0, 0.000318775900541919, 0.0, 0.000318775900541919, 0.0028689831048772712, 0.000956327701625757, 0.004462862607586867, 0.005100414408670704, 0.01689512272872171, 0.024545744341727765, 0.039846987567739876, 0.05578578259483583, 0.08766337264902774, 0.10455849537774944, 0.1571565189671661, 0.11507810009563277, 0.15173732865795345, 0.06949314631813835, 0.04112209116990755, 0.05419190309212624, 0.024226968441185846, 0.010838380618425247, 0.01976410583359898, 0.008288173414089895, 0.004462862607586867, 0.000318775900541919, 0.0, 0.0, 0.0, 0.0], [0.00016846361185983828, 0.0, 0.0, 0.00033692722371967657, 0.0005053908355795149, 0.0013477088948787063, 0.0013477088948787063, 0.0042115902964959566, 0.006570080862533693, 0.013477088948787063, 0.0272911051212938, 0.036725067385444746, 0.04969676549865229, 0.07715633423180593, 0.10933288409703504, 0.12095687331536388, 0.1399932614555256, 0.10293126684636118, 0.12853773584905662, 0.06132075471698113, 0.038746630727762806, 0.038746630727762806, 0.01768867924528302, 0.007075471698113208, 0.013308625336927223, 0.0023584905660377358, 0.00016846361185983828, 0.0, 0.0, 0.0, 0.0, 0.0], [0.0, 0.0, 0.0, 0.0, 0.0, 0.002793296089385475, 0.0, 0.00558659217877095, 0.008379888268156424, 0.00558659217877095, 0.013966480446927373, 0.03910614525139665, 0.061452513966480445, 0.13128491620111732, 0.15363128491620112, 0.15083798882681565, 0.1787709497206704, 0.11452513966480447, 0.08659217877094973, 0.036312849162011177, 0.0111731843575419, 0.0, 0.0, 0.0, 0.0, 0.0, 0.0, 0.0, 0.0, 0.0, 0.0, 0.0], [0.0, 0.0, 0.0, 0.00012758356723653993, 0.0, 0.00025516713447307985, 0.00025516713447307985, 0.0014034192396019394, 0.003572339882623118, 0.009823934677213575, 0.015565195202857872, 0.026282214850727226, 0.04809900484817556, 0.06277111508037765, 0.10066343454963, 0.12732840010206686, 0.16981372799183464, 0.10984945139066088, 0.16011737688185762, 0.06149527940801225, 0.033937228884919624, 0.04031640724674662, 0.013013523858127074, 0.004210257718805818, 0.007527430466955856, 0.0025516713447307987, 0.0010206685378923194, 0.0, 0.0, 0.0, 0.0, 0.0], [0.00011020498126515319, 0.00011020498126515319, 0.00022040996253030638, 0.00011020498126515319, 0.0006612298875909191, 0.001102049812651532, 0.00044081992506061276, 0.001763279700242451, 0.001763279700242451, 0.009587833370068327, 0.014216442583204762, 0.03482477407978841, 0.06513114392770553, 0.09764161340092573, 0.14469914040114612, 0.1720299757549041, 0.17588715009918449, 0.10227022261406216, 0.09830284328851664, 0.04022481816178091, 0.018183821908750276, 0.013445007714348688, 0.0037469693630152083, 0.0020938946440379105, 0.001102049812651532, 0.00033061494379545955, 0.0, 0.0, 0.0, 0.0, 0.0, 0.0], [0.0, 0.00024838549428713363, 0.0, 0.00024838549428713363, 0.0007451564828614009, 0.0014903129657228018, 0.001987083954297069, 0.0037257824143070045, 0.007699950322901143, 0.016145057128663685, 0.026328862394436166, 0.04868355688027819, 0.07401887729756582, 0.09140586189766518, 0.1254346746150025, 0.12965722801788376, 0.15250869349230006, 0.09413810233482364, 0.10183805265772479, 0.050173869846000994, 0.0280675608544461, 0.02260307998012916, 0.011922503725782414, 0.006209637357178341, 0.003974167908594138, 0.0007451564828614009, 0.0, 0.0, 0.0, 0.0, 0.0, 0.0], [0.0, 0.0, 0.0, 0.0, 0.0004187604690117253, 0.0, 0.000628140703517588, 0.001256281407035176, 0.0037688442211055275, 0.005025125628140704, 0.015912897822445562, 0.026172529313232832, 0.042504187604690116, 0.07077051926298157, 0.10866834170854271, 0.1300251256281407, 0.15284757118927972, 0.09149916247906198, 0.14928810720268007, 0.059045226130653265, 0.03936348408710218, 0.04815745393634841, 0.01821608040201005, 0.011725293132328308, 0.01507537688442211, 0.005653266331658292, 0.0037688442211055275, 0.00020938023450586265, 0.0, 0.0, 0.0, 0.0], [0.0, 0.0007716049382716049, 0.0007716049382716049, 0.0007716049382716049, 0.0015432098765432098, 0.005401234567901234, 0.005401234567901234, 0.013117283950617283, 0.027777777777777776, 0.05092592592592592, 0.05787037037037037, 0.08641975308641975, 0.09722222222222222, 0.13117283950617284, 0.13117283950617284, 0.11188271604938271, 0.09567901234567901, 0.05324074074074074, 0.07021604938271606, 0.023148148148148147, 0.008487654320987654, 0.021604938271604937, 0.0023148148148148147, 0.0, 0.0030864197530864196, 0.0, 0.0, 0.0, 0.0, 0.0, 0.0, 0.0], [0.0, 0.0, 0.0, 0.0, 0.0, 0.0, 0.004866180048661801, 0.029197080291970802, 0.046228710462287104, 0.043795620437956206, 0.09002433090024331, 0.09975669099756691, 0.09245742092457421, 0.0851581508515815, 0.11678832116788321, 0.10948905109489052, 0.11192214111922141, 0.06569343065693431, 0.06082725060827251, 0.021897810218978103, 0.004866180048661801, 0.0024330900243309003, 0.004866180048661801, 0.0, 0.009732360097323601, 0.0, 0.0, 0.0, 0.0, 0.0, 0.0, 0.0], [0.0004576659038901602, 0.0, 0.0, 0.0, 0.0006864988558352403, 0.0013729977116704805, 0.0038901601830663617, 0.009610983981693364, 0.015560640732265447, 0.028375286041189933, 0.04851258581235698, 0.06475972540045767, 0.09588100686498856, 0.11121281464530892, 0.14279176201372998, 0.13615560640732266, 0.12013729977116705, 0.06704805491990846, 0.07185354691075514, 0.028146453089244853, 0.017620137299771167, 0.019221967963386728, 0.007780320366132723, 0.0038901601830663617, 0.003203661327231121, 0.0004576659038901602, 0.0013729977116704805, 0.0, 0.0, 0.0, 0.0, 0.0], [0.0, 0.0, 0.0, 0.0004514672686230248, 0.0004514672686230248, 0.0, 0.003160270880361174, 0.0013544018058690745, 0.004514672686230248, 0.01851015801354402, 0.02799097065462754, 0.03747178329571106, 0.055079006772009026, 0.07765237020316026, 0.11015801354401805, 0.12866817155756208, 0.145372460496614, 0.09209932279909706, 0.11693002257336343, 0.05237020316027088, 0.033860045146726865, 0.033408577878103835, 0.021218961625282168, 0.011738148984198645, 0.019864559819413093, 0.006772009029345372, 0.0009029345372460496, 0.0, 0.0, 0.0, 0.0, 0.0], [0.0, 0.0, 0.0, 0.0, 0.0003208213025344883, 0.0003208213025344883, 0.0009624639076034649, 0.002245749117741418, 0.005453962143086301, 0.014116137311517485, 0.01892845684953481, 0.03593198588386269, 0.06448508180943215, 0.095925569457812, 0.12351620147577799, 0.1475777991658646, 0.1533525826114854, 0.0795636830285531, 0.11838306063522618, 0.04972730189284569, 0.03176130895091434, 0.029515559833172923, 0.012512030798845043, 0.008020532563362208, 0.003529034327879371, 0.003529034327879371, 0.0003208213025344883, 0.0, 0.0, 0.0, 0.0, 0.0], [0.00018590816136828406, 0.00018590816136828406, 0.00018590816136828406, 0.00018590816136828406, 0.0005577244841048522, 0.0018590816136828407, 0.002602714259155977, 0.0042758877114705334, 0.0081799591002045, 0.016731734523145567, 0.03829708124186652, 0.05781743818553634, 0.08551775422941067, 0.11173080498233873, 0.13552704963747908, 0.13366796802379624, 0.1411042944785276, 0.09072318274772262, 0.07863915225878416, 0.03811117308049823, 0.018962632459564976, 0.019334448782301544, 0.00910949990704592, 0.0033463469046291134, 0.002974530581892545, 0.00018590816136828406, 0.0, 0.0, 0.0, 0.0, 0.0, 0.0], [0.0, 0.0, 0.0, 0.0, 0.0009394081728511038, 0.0004697040864255519, 0.0004697040864255519, 0.0037576326914044154, 0.006575857209957727, 0.010333489901362142, 0.02912165335838422, 0.04368248003757633, 0.0742132456552372, 0.0967590418036637, 0.1338656646312823, 0.15875998121183654, 0.1286989196806012, 0.09018318459370596, 0.0868952559887271, 0.04415218412400188, 0.03287928604978863, 0.024424612494128698, 0.015969938938468764, 0.004697040864255519, 0.00986378581493659, 0.0028182245185533112, 0.0004697040864255519, 0.0, 0.0, 0.0, 0.0, 0.0], [0.0, 0.0, 0.0, 0.0, 0.0, 0.0006980802792321117, 0.0006980802792321117, 0.002443280977312391, 0.004188481675392671, 0.00593368237347295, 0.012216404886561954, 0.024781849912739965, 0.03699825479930192, 0.05898778359511344, 0.09842931937172775, 0.1200698080279232, 0.15078534031413612, 0.10157068062827225, 0.14275741710296685, 0.07260034904013962, 0.04223385689354276, 0.06422338568935428, 0.024083769633507852, 0.014659685863874346, 0.014659685863874346, 0.0062827225130890054, 0.0006980802792321117, 0.0, 0.0, 0.0, 0.0, 0.0], [0.0, 0.0, 0.0, 0.0, 0.0002032520325203252, 0.0002032520325203252, 0.0010162601626016261, 0.0022357723577235773, 0.00467479674796748, 0.00934959349593496, 0.018495934959349595, 0.04288617886178862, 0.06930894308943089, 0.10833333333333334, 0.141869918699187, 0.12357723577235773, 0.13678861788617885, 0.08597560975609755, 0.10833333333333334, 0.046544715447154474, 0.029878048780487804, 0.03211382113821138, 0.017276422764227643, 0.006707317073170732, 0.00894308943089431, 0.003658536585365854, 0.0016260162601626016, 0.0, 0.0, 0.0, 0.0, 0.0], [0.0, 0.0, 0.0001409046075806679, 0.0, 0.0, 0.0001409046075806679, 0.00042271382274200367, 0.0016908552909680147, 0.0033817105819360293, 0.009863322530646753, 0.019726645061293506, 0.03494434268000564, 0.06791602085388192, 0.09919684373679019, 0.14414541355502325, 0.15020431168099196, 0.15513597294631534, 0.0913061857122728, 0.11356911371001832, 0.04072143159081302, 0.02268564182048753, 0.025785543187262224, 0.007749753416936734, 0.0049316612653233765, 0.004368042835000705, 0.0009863322530646753, 0.0009863322530646753, 0.0, 0.0, 0.0, 0.0, 0.0], [0.0, 0.0, 0.0, 0.0, 0.0, 0.00032927230819888045, 0.0008231807704972012, 0.0011524530786960817, 0.0032927230819888046, 0.008725716167270333, 0.0135001646361541, 0.029140599275600924, 0.052683569311820874, 0.09071452090879158, 0.13944682252222587, 0.1608495225551531, 0.17566677642410272, 0.10586104708594007, 0.12364175172867962, 0.03621995390187685, 0.02074415541652947, 0.023872242344418836, 0.006091537701679289, 0.0026341784655910436, 0.0031280869278893647, 0.0013170892327955218, 0.00016463615409944023, 0.0, 0.0, 0.0, 0.0, 0.0], [0.0, 0.00909090909090909, 0.0, 0.0, 0.00909090909090909, 0.02727272727272727, 0.05454545454545454, 0.02727272727272727, 0.13636363636363635, 0.08181818181818182, 0.05454545454545454, 0.05454545454545454, 0.08181818181818182, 0.10909090909090909, 0.06363636363636363, 0.09090909090909091, 0.045454545454545456, 0.045454545454545456, 0.045454545454545456, 0.02727272727272727, 0.00909090909090909, 0.01818181818181818, 0.00909090909090909, 0.0, 0.0, 0.0, 0.0, 0.0, 0.0, 0.0, 0.0, 0.0]]}, "ranks": {"labels": ["Unranked", "Combatatent I", "Combatatent II", "Challenger I", "Challenger II", "Rival I", "Rival II", "Duelist", "Elite"], "data": [[0.1956521739130435, 0.15217391304347827, 0.26811594202898553, 0.18115942028985507, 0.09420289855072464, 0.07971014492753623, 0.028985507246376812, 0.0, 0.0], [0.07453416149068323, 0.12111801242236025, 0.19332298136645962, 0.2795031055900621, 0.19332298136645962, 0.08850931677018634, 0.021739130434782608, 0.02406832298136646, 0.0038819875776397515], [0.022345026429601154, 0.03820278712157617, 0.09947140797693417, 0.1802018260451706, 0.24363286881307064, 0.2212878423834695, 0.07400288322921672, 0.09370494954348871, 0.02715040845747237], [0.04149548069022186, 0.06840591618734593, 0.1552999178307313, 0.2514379622021364, 0.25760065735414955, 0.13989317995069844, 0.04437140509449466, 0.03594905505341003, 0.005546425636811832], [0.24, 0.16, 0.22, 0.0, 0.14, 0.14, 0.06, 0.04, 0.0], [0.017036379769299025, 0.04667258207630878, 0.14622892635314996, 0.24578527062999111, 0.24880212954747116, 0.14605146406388642, 0.059804791481810116, 0.0670807453416149, 0.0225377107364685], [0.07911547911547911, 0.12235872235872236, 0.2230958230958231, 0.24078624078624078, 0.17641277641277642, 0.07764127764127764, 0.02800982800982801, 0.03292383292383293, 0.019656019656019656], [0.384, 0.224, 0.216, 0.08, 0.048, 0.048, 0.0, 0.0, 0.0], [0.0888562511474206, 0.17202129612630807, 0.23792913530383697, 0.23572608775472736, 0.1360381861575179, 0.06645860106480632, 0.029373967321461355, 0.028823205434183954, 0.00477326968973747], [0.053614169459071326, 0.0842508377213978, 0.1732886548587841, 0.2575394925801819, 0.23743417903303016, 0.12446146481570129, 0.028721876495931067, 0.03542364767831498, 0.005265677357587362], [0.08003233629749394, 0.15844785772029102, 0.22042576125033683, 0.26407976286715173, 0.15171112907572082, 0.06817569388305039, 0.02802479116141202, 0.024521692266235517, 0.004580975478307734], [0.03768714506969541, 0.087248322147651, 0.15797625193598347, 0.2596799173980382, 0.24315952503871968, 0.1293236964377904, 0.041817243159525036, 0.03691275167785235, 0.00619514713474445], [0.055619930475086905, 0.11610660486674391, 0.1976825028968714, 0.26836616454229434, 0.21483198146002316, 0.08713789107763616, 0.03221320973348783, 0.02178447276940904, 0.006257242178447277], [0.013061851709565886, 0.041874759892431807, 0.12408759124087591, 0.23280829811755666, 0.2908182865923934, 0.16673069535151747, 0.06069919323857088, 0.058394160583941604, 0.01152516327314637], [0.049217002237136466, 0.10626398210290827, 0.174496644295302, 0.2214765100671141, 0.21476510067114093, 0.10961968680089486, 0.04809843400447427, 0.05145413870246085, 0.024608501118568233], [0.038705372038705374, 0.08241574908241575, 0.1841841841841842, 0.2699366032699366, 0.21521521521521522, 0.12078745412078745, 0.04070737404070737, 0.038705372038705374, 0.009342676009342675], [0.041330018645121196, 0.09415786202610317, 0.17557489123679304, 0.25419515226848977, 0.2271597265382225, 0.12367930391547545, 0.03418272218769422, 0.036357986326911125, 0.013362336855189559], [0.15151515151515152, 0.15151515151515152, 0.18181818181818182, 0.18181818181818182, 0.18181818181818182, 0.06060606060606061, 0.030303030303030304, 0.06060606060606061, 0.0], [0.01748917748917749, 0.04796536796536797, 0.13852813852813853, 0.25246753246753245, 0.2606060606060606, 0.14077922077922078, 0.06528138528138529, 0.07012987012987013, 0.006753246753246753], [0.014026139623844438, 0.04144086707044947, 0.09563277016257571, 0.19222186802677718, 0.27223461906279883, 0.18935288492189992, 0.07299968122409946, 0.08925725215173733, 0.03283391775581766], [0.027964959568733155, 0.06401617250673855, 0.12685309973045822, 0.23028975741239893, 0.2429245283018868, 0.16324123989218328, 0.06536388140161725, 0.06351078167115903, 0.015835579514824796], [0.0223463687150838, 0.05307262569832402, 0.19273743016759776, 0.30446927374301674, 0.29329608938547486, 0.10893854748603352, 0.025139664804469275, 0.0, 0.0], [0.015437611635621332, 0.041847410053585096, 0.1108701199285532, 0.22799183465169687, 0.2796631793824955, 0.19418218933401377, 0.061367695840775706, 0.05754018882367951, 0.011099770349578974], [0.01586951730218206, 0.049041216662993166, 0.16277275732863125, 0.31672911615605026, 0.27815737271324664, 0.12067445448534274, 0.03603702887370509, 0.019285871721401806, 0.0014326647564469914], [0.03229011425732737, 0.07501241927471436, 0.16542473919523099, 0.2550919026328862, 0.2466467958271237, 0.1284153005464481, 0.051664182811723795, 0.04073522106308992, 0.004719324391455539], [0.01109715242881072, 0.042085427135678394, 0.11327470686767169, 0.23869346733668342, 0.2443467336683417, 0.18132328308207704, 0.06637353433835846, 0.07809882747068676, 0.024706867671691793], [0.10648148148148148, 0.14429012345679013, 0.22839506172839505, 0.24305555555555555, 0.14891975308641975, 0.08101851851851852, 0.020833333333333332, 0.023919753086419752, 0.0030864197530864196], [0.12408759124087591, 0.1897810218978102, 0.17761557177615572, 0.22627737226277372, 0.17761557177615572, 0.0705596107055961, 0.0170316301703163, 0.0072992700729927005, 0.009732360097323601], [0.05995423340961099, 0.11327231121281464, 0.20709382151029748, 0.2789473684210526, 0.18718535469107553, 0.08649885583524028, 0.031121281464530894, 0.030892448512585814, 0.005034324942791762], [0.028442437923250564, 0.0654627539503386, 0.1327313769751693, 0.23882618510158013, 0.23747178329571106, 0.14221218961625282, 0.060948081264108354, 0.06636568848758465, 0.027539503386004513], [0.023419955085017645, 0.0548604427333975, 0.16041065126724416, 0.27109400064164263, 0.2329162656400385, 0.14918190567853706, 0.05068976580044915, 0.05004812319538017, 0.007378889958293231], [0.0349507343372374, 0.09611451942740286, 0.19724855921174939, 0.26919501766127535, 0.23182747722625024, 0.10076222346160997, 0.0349507343372374, 0.03179029559397657, 0.003160438743260829], [0.02254579614842649, 0.07280413339596055, 0.1709722874589009, 0.29262564584311884, 0.21888210427430718, 0.11225927665570691, 0.05166744950681071, 0.04509159229685298, 0.013151714419915453], [0.013961605584642234, 0.03699825479930192, 0.09598603839441536, 0.21849912739965097, 0.2523560209424084, 0.1881326352530541, 0.06945898778359512, 0.10296684118673648, 0.021640488656195462], [0.01768292682926829, 0.06138211382113821, 0.17764227642276423, 0.2654471544715447, 0.22276422764227644, 0.13495934959349593, 0.049796747967479675, 0.05609756097560976, 0.014227642276422764], [0.015640411441454137, 0.05467098774129914, 0.16711286459067212, 0.2943497252360152, 0.24644215865858812, 0.13710018317598985, 0.03987600394532901, 0.03846695786952233, 0.006340707341130055], [0.0143233454066513, 0.042640763911755024, 0.14339809022061245, 0.300296345077379, 0.2815278235100428, 0.143233454066513, 0.03737240698057293, 0.032597958511689167, 0.004609812314784327], [0.34545454545454546, 0.10909090909090909, 0.19090909090909092, 0.15454545454545454, 0.09090909090909091, 0.06363636363636363, 0.01818181818181818, 0.02727272727272727, 0.0]]}, "ranksDetailed": {"labels": ["Unranked", "Combatatant", "Challenger", "Rival", "Duelist", "Elite"], "data": [[0.1956521739130435, 0.42028985507246375, 0.2753623188405797, 0.10869565217391304, 0.0, 0.0], [0.07453416149068323, 0.3144409937888199, 0.47282608695652173, 0.11024844720496894, 0.02406832298136646, 0.0038819875776397515], [0.022345026429601154, 0.13767419509851034, 0.4238346948582412, 0.2952907256126862, 0.09370494954348871, 0.02715040845747237], [0.04149548069022186, 0.22370583401807723, 0.5090386195562859, 0.1842645850451931, 0.03594905505341003, 0.005546425636811832], [0.24, 0.38, 0.14, 0.2, 0.04, 0.0], [0.017036379769299025, 0.19290150842945875, 0.4945874001774623, 0.20585625554569653, 0.0670807453416149, 0.0225377107364685], [0.07911547911547911, 0.34545454545454546, 0.4171990171990172, 0.10565110565110565, 0.03292383292383293, 0.019656019656019656], [0.384, 0.44, 0.128, 0.048, 0.0, 0.0], [0.0888562511474206, 0.40995043143014503, 0.37176427391224526, 0.09583256838626766, 0.028823205434183954, 0.00477326968973747], [0.053614169459071326, 0.2575394925801819, 0.49497367161321204, 0.15318334131163236, 0.03542364767831498, 0.005265677357587362], [0.08003233629749394, 0.3788736189706279, 0.41579089194287255, 0.09620048504446241, 0.024521692266235517, 0.004580975478307734], [0.03768714506969541, 0.2452245740836345, 0.5028394424367578, 0.17114093959731544, 0.03691275167785235, 0.00619514713474445], [0.055619930475086905, 0.3137891077636153, 0.4831981460023175, 0.11935110081112399, 0.02178447276940904, 0.006257242178447277], [0.013061851709565886, 0.16596235113330773, 0.52362658470995, 0.22742988859008836, 0.058394160583941604, 0.01152516327314637], [0.049217002237136466, 0.2807606263982103, 0.436241610738255, 0.15771812080536912, 0.05145413870246085, 0.024608501118568233], [0.038705372038705374, 0.2665999332665999, 0.4851518184851518, 0.16149482816149482, 0.038705372038705374, 0.009342676009342675], [0.041330018645121196, 0.2697327532628962, 0.48135487880671224, 0.15786202610316968, 0.036357986326911125, 0.013362336855189559], [0.15151515151515152, 0.3333333333333333, 0.36363636363636365, 0.09090909090909091, 0.06060606060606061, 0.0], [0.01748917748917749, 0.1864935064935065, 0.5130735930735931, 0.20606060606060606, 0.07012987012987013, 0.006753246753246753], [0.014026139623844438, 0.13707363723302518, 0.46445648708957604, 0.2623525661459994, 0.08925725215173733, 0.03283391775581766], [0.027964959568733155, 0.19086927223719677, 0.4732142857142857, 0.22860512129380053, 0.06351078167115903, 0.015835579514824796], [0.0223463687150838, 0.24581005586592178, 0.5977653631284916, 0.1340782122905028, 0.0, 0.0], [0.015437611635621332, 0.1527175299821383, 0.5076550140341924, 0.2555498851747895, 0.05754018882367951, 0.011099770349578974], [0.01586951730218206, 0.2118139739916244, 0.5948864888692968, 0.15671148335904783, 0.019285871721401806, 0.0014326647564469914], [0.03229011425732737, 0.24043715846994534, 0.50173869846001, 0.1800794833581719, 0.04073522106308992, 0.004719324391455539], [0.01109715242881072, 0.15536013400335008, 0.48304020100502515, 0.2476968174204355, 0.07809882747068676, 0.024706867671691793], [0.10648148148148148, 0.3726851851851852, 0.39197530864197533, 0.10185185185185185, 0.023919753086419752, 0.0030864197530864196], [0.12408759124087591, 0.36739659367396593, 0.40389294403892945, 0.08759124087591241, 0.0072992700729927005, 0.009732360097323601], [0.05995423340961099, 0.32036613272311215, 0.46613272311212817, 0.11762013729977117, 0.030892448512585814, 0.005034324942791762], [0.028442437923250564, 0.1981941309255079, 0.4762979683972912, 0.20316027088036118, 0.06636568848758465, 0.027539503386004513], [0.023419955085017645, 0.21527109400064165, 0.5040102662816811, 0.1998716714789862, 0.05004812319538017, 0.007378889958293231], [0.0349507343372374, 0.2933630786391523, 0.5010224948875256, 0.13571295779884737, 0.03179029559397657, 0.003160438743260829], [0.02254579614842649, 0.24377642085486143, 0.511507750117426, 0.1639267261625176, 0.04509159229685298, 0.013151714419915453], [0.013961605584642234, 0.13298429319371727, 0.4708551483420593, 0.25759162303664923, 0.10296684118673648, 0.021640488656195462], [0.01768292682926829, 0.23902439024390243, 0.48821138211382115, 0.1847560975609756, 0.05609756097560976, 0.014227642276422764], [0.015640411441454137, 0.22178385233197126, 0.5407918838946033, 0.17697618712131888, 0.03846695786952233, 0.006340707341130055], [0.0143233454066513, 0.18603885413236748, 0.5818241685874218, 0.18060586104708595, 0.032597958511689167, 0.004609812314784327], [0.34545454545454546, 0.3, 0.24545454545454545, 0.08181818181818182, 0.02727272727272727, 0.0]]}}}, "eu": {"histType": {"histogram": {"labels": ["0", "100", "200", "300", "400", "500", "600", "700", "800", "900", "1000", "1100", "1200", "1300", "1400", "1500", "1600", "1700", "1800", "1900", "2000", "2100", "2200", "2300", "2400", "2500", "2600", "2700", "2800", "2900", "3000", "3100"], "data": [[0.0, 0.0, 0.0, 0.0, 0.0, 0.01098901098901099, 0.03296703296703297, 0.03296703296703297, 0.08791208791208792, 0.07692307692307693, 0.08791208791208792, 0.08791208791208792, 0.10989010989010989, 0.08791208791208792, 0.0989010989010989, 0.07692307692307693, 0.07692307692307693, 0.054945054945054944, 0.03296703296703297, 0.0, 0.01098901098901099, 0.02197802197802198, 0.01098901098901099, 0.0, 0.0, 0.0, 0.0, 0.0, 0.0, 0.0, 0.0, 0.0], [0.0, 0.0, 0.0008517887563884157, 0.0008517887563884157, 0.0008517887563884157, 0.004258943781942078, 0.007666098807495741, 0.009369676320272573, 0.028960817717206135, 0.03321976149914821, 0.049403747870528106, 0.08517887563884156, 0.09369676320272573, 0.12180579216354344, 0.14310051107325383, 0.12350936967632027, 0.12180579216354344, 0.05536626916524702, 0.062180579216354344, 0.02385008517887564, 0.0068143100511073255, 0.015332197614991482, 0.00596252129471891, 0.004258943781942078, 0.0017035775127768314, 0.0, 0.0, 0.0, 0.0, 0.0, 0.0, 0.0], [0.0, 0.0, 0.0, 0.00026968716289104636, 0.00026968716289104636, 0.0008090614886731392, 0.0008090614886731392, 0.002696871628910464, 0.007820927723840345, 0.009439050701186624, 0.018338727076591153, 0.02885652642934196, 0.038295577130528585, 0.05609492988133765, 0.08764832793959007, 0.09331175836030205, 0.15102481121898598, 0.09789644012944984, 0.1779935275080906, 0.0628371089536138, 0.04341963322545847, 0.05852211434735707, 0.02454153182308522, 0.009978425026968716, 0.0186084142394822, 0.005933117583603021, 0.002696871628910464, 0.0018878101402373248, 0.0, 0.0, 0.0, 0.0], [0.0, 0.00018712574850299402, 0.0, 0.00018712574850299402, 0.00018712574850299402, 0.00037425149700598805, 0.001309880239520958, 0.0048652694610778445, 0.008046407185628742, 0.015718562874251496, 0.03031437125748503, 0.04622005988023952, 0.0658682634730539, 0.08701347305389222, 0.11732784431137724, 0.1349176646706587, 0.15437874251497005, 0.10254491017964072, 0.11788922155688623, 0.04958832335329341, 0.021706586826347306, 0.022642215568862277, 0.008233532934131737, 0.003929640718562874, 0.003929640718562874, 0.0016841317365269462, 0.0009356287425149701, 0.0, 0.0, 0.0, 0.0, 0.0], [0.0, 0.0, 0.0, 0.0, 0.0, 0.0, 0.0425531914893617, 0.06382978723404255, 0.10638297872340426, 0.0425531914893617, 0.10638297872340426, 0.10638297872340426, 0.06382978723404255, 0.0425531914893617, 0.14893617021276595, 0.06382978723404255, 0.06382978723404255, 0.0425531914893617, 0.02127659574468085, 0.0425531914893617, 0.0, 0.02127659574468085, 0.0, 0.02127659574468085, 0.0, 0.0, 0.0, 0.0, 0.0, 0.0, 0.0, 0.0], [0.0, 0.00017516202487300754, 0.0003503240497460151, 0.0003503240497460151, 0.0007006480994920302, 0.00017516202487300754, 0.00017516202487300754, 0.002977754422841128, 0.004729374671571204, 0.0092835873182694, 0.017341040462427744, 0.02697495183044316, 0.05167279733753722, 0.08285163776493257, 0.1115782098441058, 0.12261341741110528, 0.14083026799789805, 0.10036784025223332, 0.12436503765983535, 0.06340865300402873, 0.03643370117358557, 0.05044666316342617, 0.019618146785776842, 0.007882291119285338, 0.01488877211420564, 0.005605184795936241, 0.0028025923979681207, 0.0014012961989840604, 0.0, 0.0, 0.0, 0.0], [0.0, 0.00045599635202918376, 0.00045599635202918376, 0.0013679890560875513, 0.0013679890560875513, 0.0031919744642042863, 0.005015959872321021, 0.012767897856817145, 0.02781577747378021, 0.0337437300501596, 0.052895576835385316, 0.07979936160510716, 0.08891928864569083, 0.11263109895120839, 0.10898312813497492, 0.11126310989512084, 0.11171910624715002, 0.06383948928408573, 0.06155950752393981, 0.033287733698130414, 0.019151846785225718, 0.023711810305517556, 0.012311901504787962, 0.009119927040583675, 0.011855905152758778, 0.005015959872321021, 0.006383948928408573, 0.0013679890560875513, 0.0, 0.0, 0.0, 0.0], [0.0, 0.0, 0.0, 0.0, 0.0, 0.024691358024691357, 0.0, 0.08641975308641975, 0.037037037037037035, 0.09876543209876543, 0.09876543209876543, 0.1111111111111111, 0.09876543209876543, 0.06172839506172839, 0.09876543209876543, 0.13580246913580246, 0.09876543209876543, 0.024691358024691357, 0.0, 0.024691358024691357, 0.0, 0.0, 0.0, 0.0, 0.0, 0.0, 0.0, 0.0, 0.0, 0.0, 0.0, 0.0], [0.0005453553899291038, 0.00018178512997636792, 0.0007271405199054717, 0.0007271405199054717, 0.0009089256498818396, 0.0018178512997636793, 0.005089983639338302, 0.010907107798582076, 0.028722050536266135, 0.04344664606435194, 0.07525904381021632, 0.09489183784766406, 0.12434102890383567, 0.12452281403381203, 0.1150699872750409, 0.09925468096709689, 0.08707507725868024, 0.0521723323032176, 0.05071805126340665, 0.03072168696600618, 0.018178512997636793, 0.017269587347754953, 0.006726049809125613, 0.005089983639338302, 0.004544628249409198, 0.0010907107798582077, 0.0, 0.0, 0.0, 0.0, 0.0, 0.0], [0.0, 0.0, 0.0006097560975609756, 0.0, 0.0, 0.0006097560975609756, 0.001829268292682927, 0.007317073170731708, 0.01402439024390244, 0.025, 0.04451219512195122, 0.04878048780487805, 0.06951219512195123, 0.10670731707317073, 0.12317073170731707, 0.12926829268292683, 0.1402439024390244, 0.08170731707317073, 0.10365853658536585, 0.029878048780487804, 0.029878048780487804, 0.025609756097560974, 0.00975609756097561, 0.0024390243902439024, 0.003658536585365854, 0.001829268292682927, 0.0, 0.0, 0.0, 0.0, 0.0, 0.0], [0.00033068783068783067, 0.0, 0.0, 0.000992063492063492, 0.0016534391534391533, 0.001984126984126984, 0.002976190476190476, 0.011904761904761904, 0.022817460317460316, 0.03902116402116402, 0.06316137566137567, 0.08763227513227513, 0.11044973544973545, 0.11408730158730158, 0.13227513227513227, 0.11144179894179894, 0.09292328042328042, 0.057539682539682536, 0.061507936507936505, 0.03009259259259259, 0.01951058201058201, 0.018849206349206348, 0.006613756613756613, 0.005291005291005291, 0.00496031746031746, 0.001984126984126984, 0.0, 0.0, 0.0, 0.0, 0.0, 0.0], [0.0, 0.0, 0.0, 0.0, 0.0008239494644328481, 0.0010985992859104642, 0.0019225487503433123, 0.005767646251029937, 0.011535292502059874, 0.023345234825597364, 0.03570447679209009, 0.049162318044493274, 0.07717659983521011, 0.08788794287283713, 0.12249382037901675, 0.11919802252128536, 0.1455644053831365, 0.08816259269431474, 0.10601483109035979, 0.046965119472672345, 0.02581708321889591, 0.02581708321889591, 0.012633891787970338, 0.0032957978577313925, 0.006591595715462785, 0.0008239494644328481, 0.0013732491073880802, 0.0005492996429552321, 0.0, 0.0, 0.00027464982147761604, 0.0], [0.0, 0.0, 0.0002774694783573807, 0.0005549389567147614, 0.0, 0.0022197558268590455, 0.003329633740288568, 0.010266370699223086, 0.016648168701442843, 0.02386237513873474, 0.04550499445061043, 0.06714761376248612, 0.09378468368479467, 0.10571587125416204, 0.146503884572697, 0.1334628190899001, 0.10849056603773585, 0.07796892341842397, 0.07824639289678136, 0.033296337402885685, 0.017758046614872364, 0.015260821309655937, 0.008601553829078802, 0.00388457269700333, 0.00388457269700333, 0.001942286348501665, 0.0013873473917869034, 0.0, 0.0, 0.0, 0.0, 0.0], [0.0, 0.0, 0.0, 0.00034698126301179735, 0.00034698126301179735, 0.0, 0.0006939625260235947, 0.001040943789035392, 0.004163775156141568, 0.007286606523247745, 0.0131852879944483, 0.025676613462873005, 0.051700208188757805, 0.07460097154753643, 0.11380985426786953, 0.13601665510062458, 0.16551006245662733, 0.12213740458015267, 0.12074947952810548, 0.060027758501040945, 0.03539208882720333, 0.03157529493407356, 0.017002081887578072, 0.006939625260235947, 0.007286606523247745, 0.002081887578070784, 0.0024288688410825814, 0.0, 0.0, 0.0, 0.0, 0.0], [0.0, 0.0, 0.0013054830287206266, 0.0013054830287206266, 0.0, 0.0013054830287206266, 0.010443864229765013, 0.01174934725848564, 0.02088