{"region": {"us": {"histType": {"histogram": {"labels": ["0", "100", "200", "300", "400", "500", "600", "700", "800", "900", "1000", "1100", "1200", "1300", "1400", "1500", "1600", "1700", "1800", "1900", "2000", "2100", "2200", "2300", "2400", "2500", "2600", "2700", "2800", "2900", "3000", "3100"], "data": [[0.0, 0.0, 0.0, 0.007142857142857143, 0.007142857142857143, 0.007142857142857143, 0.02857142857142857, 0.02142857142857143, 0.07142857142857142, 0.05, 0.05714285714285714, 0.1, 0.09285714285714286, 0.15714285714285714, 0.1, 0.08571428571428572, 0.07857142857142857, 0.03571428571428571, 0.02857142857142857, 0.05714285714285714, 0.014285714285714285, 0.0, 0.0, 0.0, 0.0, 0.0, 0.0, 0.0, 0.0, 0.0, 0.0, 0.0], [0.0, 0.0015026296018031556, 0.0, 0.0007513148009015778, 0.0015026296018031556, 0.0015026296018031556, 0.004507888805409466, 0.014274981217129978, 0.015777610818933134, 0.035311795642374154, 0.05709992486851991, 0.0638617580766341, 0.09316303531179564, 0.09767092411720511, 0.14800901577761083, 0.12622088655146507, 0.13072877535687452, 0.07137490608564989, 0.07362885048835462, 0.021788129226145755, 0.013523666416228399, 0.015026296018031555, 0.003756574004507889, 0.0015026296018031556, 0.003005259203606311, 0.004507888805409466, 0.0, 0.0, 0.0, 0.0, 0.0, 0.0], [0.00023025558369790466, 0.0, 0.00023025558369790466, 0.00023025558369790466, 0.00046051116739580933, 0.000690766751093714, 0.00046051116739580933, 0.0016117890858853327, 0.007368178678332949, 0.009210223347916187, 0.01565737969145752, 0.023025558369790467, 0.04121574948192493, 0.05295878425051807, 0.07782638728989177, 0.10108220124338015, 0.14460050656228413, 0.10545705733364034, 0.18950034538337554, 0.06170849643103845, 0.045360349988487224, 0.05710338475708036, 0.02509785862307161, 0.010131245682707806, 0.018880957863228184, 0.0052958784250518075, 0.004605111673958094, 0.0, 0.0, 0.0, 0.0, 0.0], [0.0, 0.00019944156362185878, 0.0, 0.0, 0.00019944156362185878, 0.0007977662544874351, 0.0025927403270841645, 0.003988831272437176, 0.010171519744714799, 0.022736338252891904, 0.03230953330674113, 0.03450339050658157, 0.06501794974072597, 0.08456322297566812, 0.1156761069006781, 0.1350219385719984, 0.1689270043877144, 0.09912245712006382, 0.11727163940965298, 0.041084962106102914, 0.025528520143597924, 0.022536896689270045, 0.007778220981252493, 0.004188272836059034, 0.003789389708815317, 0.0011966493817311527, 0.0007977662544874351, 0.0, 0.0, 0.0, 0.0, 0.0], [0.0, 0.0, 0.0, 0.0, 0.0, 0.0, 0.0, 0.0784313725490196, 0.0784313725490196, 0.09803921568627451, 0.0392156862745098, 0.11764705882352941, 0.0784313725490196, 0.11764705882352941, 0.0, 0.0392156862745098, 0.058823529411764705, 0.058823529411764705, 0.058823529411764705, 0.09803921568627451, 0.0392156862745098, 0.0196078431372549, 0.0, 0.0196078431372549, 0.0, 0.0, 0.0, 0.0, 0.0, 0.0, 0.0, 0.0], [0.0, 0.0, 0.0, 0.0, 0.0, 0.0, 0.0003480682213713888, 0.003132613992342499, 0.0027845457709711106, 0.010790114862513052, 0.016881308736512356, 0.02854159415245388, 0.05551688130873651, 0.08649495301079012, 0.11399234249912983, 0.13069961712495648, 0.15784893839192482, 0.09902540898016012, 0.11782109293421511, 0.05412460842325096, 0.03324051514096763, 0.0435085276714236, 0.01653324051514097, 0.005917159763313609, 0.013226592412112773, 0.005395057431256526, 0.0036547163243995824, 0.0005221023320570832, 0.0, 0.0, 0.0, 0.0], [0.0, 0.0, 0.0009510223490252021, 0.0014265335235378032, 0.0014265335235378032, 0.0019020446980504042, 0.0042796005706134095, 0.011412268188302425, 0.021873514027579647, 0.03566333808844508, 0.05420827389443652, 0.06704707560627675, 0.09082263433190679, 0.12030432715168807, 0.13219210651450308, 0.11650023775558725, 0.11317165953399905, 0.06371849738468854, 0.061816452686638136, 0.028530670470756064, 0.020922491678554447, 0.016642891107941038, 0.007608178792201617, 0.006657156443176415, 0.011887779362815026, 0.005706134094151213, 0.0033285782215882074, 0.0, 0.0, 0.0, 0.0, 0.0], [0.0, 0.0, 0.007633587786259542, 0.015267175572519083, 0.007633587786259542, 0.007633587786259542, 0.03816793893129771, 0.061068702290076333, 0.09923664122137404, 0.12213740458015267, 0.0916030534351145, 0.1297709923664122, 0.1450381679389313, 0.08396946564885496, 0.04580152671755725, 0.03816793893129771, 0.03816793893129771, 0.015267175572519083, 0.030534351145038167, 0.022900763358778626, 0.0, 0.0, 0.0, 0.0, 0.0, 0.0, 0.0, 0.0, 0.0, 0.0, 0.0, 0.0], [0.00035919540229885057, 0.00035919540229885057, 0.0008979885057471264, 0.0007183908045977011, 0.0014367816091954023, 0.00305316091954023, 0.004130747126436782, 0.009877873563218391, 0.01939655172413793, 0.046515804597701146, 0.06986350574712644, 0.09985632183908046, 0.11350574712643678, 0.12051005747126436, 0.1341594827586207, 0.10775862068965517, 0.08764367816091954, 0.04992816091954023, 0.051544540229885055, 0.027119252873563218, 0.017241379310344827, 0.016522988505747127, 0.010057471264367816, 0.002514367816091954, 0.004310344827586207, 0.0005387931034482759, 0.00017959770114942528, 0.0, 0.0, 0.0, 0.0, 0.0], [0.0, 0.0, 0.0004714757190004715, 0.0, 0.0014144271570014145, 0.001885902876001886, 0.003771805752003772, 0.005186232909005186, 0.014144271570014143, 0.026402640264026403, 0.034417727487034415, 0.04856199905704856, 0.07355021216407355, 0.09665252239509665, 0.123998114097124, 0.13295615275813297, 0.16313059877416314, 0.07779349363507779, 0.10419613389910419, 0.03536067892503536, 0.014615747289014616, 0.021687883074021686, 0.008486562942008486, 0.006600660066006601, 0.004243281471004243, 0.0004714757190004715, 0.0, 0.0, 0.0, 0.0, 0.0, 0.0], [0.0, 0.0, 0.0010562450488513335, 0.0010562450488513335, 0.0013203063110641669, 0.002904673884341167, 0.007657776604172168, 0.010298389226300502, 0.017692104568259835, 0.03723263797200951, 0.07288090837074201, 0.08001056245048851, 0.10509638236070769, 0.11328228148930553, 0.14496963295484552, 0.12146818061790335, 0.09955109585423819, 0.05571692632690784, 0.05518880380248217, 0.027726432532347505, 0.015843675732770002, 0.014523369421705836, 0.006073409030895168, 0.0036968576709796672, 0.003432796408766834, 0.0013203063110641669, 0.0, 0.0, 0.0, 0.0, 0.0, 0.0], [0.0, 0.0, 0.0, 0.0, 0.00025207965717166626, 0.001008318628686665, 0.0027728762288883285, 0.00604991177211999, 0.01134358457272498, 0.01688933703050164, 0.03529115200403327, 0.049911772119989914, 0.06705318880766323, 0.08419460549533653, 0.1381396521300731, 0.12175447441391479, 0.1517519536173431, 0.09402571212503151, 0.11116712881270481, 0.042097302747668264, 0.021426770859591632, 0.02268716914544996, 0.00806654902949332, 0.00604991177211999, 0.005545752457776657, 0.0025207965717166624, 0.0, 0.0, 0.0, 0.0, 0.0, 0.0], [0.0002242152466367713, 0.0, 0.0, 0.0004484304932735426, 0.0004484304932735426, 0.0011210762331838565, 0.0026905829596412557, 0.0053811659192825115, 0.013228699551569507, 0.03183856502242152, 0.054708520179372194, 0.060089686098654706, 0.08139013452914798, 0.1047085201793722, 0.13901345291479822, 0.13318385650224215, 0.14103139013452914, 0.07757847533632287, 0.07488789237668161, 0.030044843049327353, 0.018609865470852017, 0.014125560538116592, 0.00515695067264574, 0.003587443946188341, 0.003587443946188341, 0.002242152466367713, 0.0006726457399103139, 0.0, 0.0, 0.0, 0.0, 0.0], [0.0, 0.0, 0.0, 0.0, 0.0, 0.0007448789571694599, 0.0, 0.0011173184357541898, 0.0033519553072625698, 0.0074487895716946, 0.01675977653631285, 0.02346368715083799, 0.04990689013035382, 0.07262569832402235, 0.10242085661080075, 0.1318435754189944, 0.1750465549348231, 0.11731843575418995, 0.1318435754189944, 0.061824953445065174, 0.03389199255121043, 0.035009310986964616, 0.015270018621973929, 0.00819366852886406, 0.00633147113594041, 0.00409683426443203, 0.0014897579143389199, 0.0, 0.0, 0.0, 0.0, 0.0], [0.0, 0.0, 0.0, 0.0010162601626016261, 0.0010162601626016261, 0.0020325203252032522, 0.0, 0.00508130081300813, 0.009146341463414634, 0.026422764227642278, 0.037601626016260166, 0.06504065040650407, 0.06504065040650407, 0.09349593495934959, 0.10467479674796748, 0.13008130081300814, 0.13922764227642276, 0.09146341463414634, 0.08536585365853659, 0.03353658536585366, 0.032520325203252036, 0.03048780487804878, 0.014227642276422764, 0.008130081300813009, 0.009146341463414634, 0.007113821138211382, 0.008130081300813009, 0.0, 0.0, 0.0, 0.0, 0.0], [0.00032658393207054214, 0.0, 0.0006531678641410843, 0.00032658393207054214, 0.0006531678641410843, 0.0013063357282821686, 0.0032658393207054214, 0.003919007184846506, 0.01077726975832789, 0.016655780535597648, 0.03233180927498367, 0.04800783801436969, 0.08425865447419988, 0.09470934030045722, 0.13096015676028738, 0.13977792292619204, 0.1387981711299804, 0.08229915088177661, 0.09666884389288047, 0.041802743305029394, 0.021881123448726322, 0.026453298497713912, 0.010124101894186806, 0.0045721750489875895, 0.0045721750489875895, 0.0032658393207054214, 0.0016329196603527107, 0.0, 0.0, 0.0, 0.0, 0.0], [0.0, 0.0, 0.0, 0.0005955926146515784, 0.0008933889219773674, 0.0002977963073257892, 0.003275759380583681, 0.005658129839189994, 0.009529481834425254, 0.019654556283502083, 0.03901131625967838, 0.048838594401429423, 0.07593805836807624, 0.09291244788564622, 0.1259678379988088, 0.13132817153067303, 0.1456223942823109, 0.08874329958308518, 0.1098868374032162, 0.03216200119118523, 0.01786777843954735, 0.023228111971411555, 0.009827278141751042, 0.004466944609886838, 0.008933889219773675, 0.0026801667659321023, 0.0026801667659321023, 0.0, 0.0, 0.0, 0.0, 0.0], [0.0, 0.0, 0.0, 0.0, 0.0, 0.0, 0.0, 0.0, 0.02564102564102564, 0.10256410256410256, 0.07692307692307693, 0.05128205128205128, 0.05128205128205128, 0.10256410256410256, 0.10256410256410256, 0.15384615384615385, 0.10256410256410256, 0.02564102564102564, 0.1282051282051282, 0.0, 0.05128205128205128, 0.02564102564102564, 0.0, 0.0, 0.0, 0.0, 0.0, 0.0, 0.0, 0.0, 0.0, 0.0], [0.00016934801016088062, 0.00016934801016088062, 0.00016934801016088062, 0.00016934801016088062, 0.00016934801016088062, 0.00016934801016088062, 0.0005080440304826418, 0.0015241320914479255, 0.004911092294665537, 0.008975444538526672, 0.02032176121930567, 0.025571549534292973, 0.05334462320067739, 0.08162574089754446, 0.12040643522438611, 0.136155800169348, 0.15393734123624048, 0.10838272650296359, 0.10719729043183743, 0.06181202370872142, 0.037764606265876376, 0.043861134631668075, 0.017104149026248943, 0.007451312447078747, 0.006096528365791702, 0.0020321761219305673, 0.0, 0.0, 0.0, 0.0, 0.0, 0.0], [0.0, 0.0, 0.0, 0.0002984183825723665, 0.0, 0.0002984183825723665, 0.0026857654431512983, 0.001193673530289466, 0.003879438973440764, 0.00507311250373023, 0.015816174276335422, 0.02357505222321695, 0.03491495076096687, 0.051626380185019395, 0.08385556550283498, 0.10683378096090719, 0.15875857952849895, 0.12115786332438078, 0.1539838854073411, 0.06863622799164429, 0.04148015517755894, 0.057893166219039095, 0.02267979707549985, 0.010444643390032825, 0.02029245001492092, 0.008952551477170993, 0.00507311250373023, 0.000596836765144733, 0.0, 0.0, 0.0, 0.0], [0.00016074586079408456, 0.0, 0.0, 0.00032149172158816913, 0.00048223758238225364, 0.0012859668863526765, 0.0012859668863526765, 0.0040186465198521135, 0.0065905802925574665, 0.01269892300273268, 0.025558591866259445, 0.03407812248834593, 0.047098537212666776, 0.06944221186304453, 0.11091464394791833, 0.12152387076032792, 0.14306381610673524, 0.10368108021218454, 0.13470503134544284, 0.06269088570969297, 0.03890049831216846, 0.04115094036328565, 0.016556823661790707, 0.008037293039704227, 0.012055939559556342, 0.00353640893746986, 0.00016074586079408456, 0.0, 0.0, 0.0, 0.0, 0.0], [0.0, 0.0, 0.0, 0.0, 0.0, 0.0026954177897574125, 0.0, 0.005390835579514825, 0.008086253369272238, 0.005390835579514825, 0.013477088948787063, 0.0431266846361186, 0.05929919137466307, 0.12668463611859837, 0.14555256064690028, 0.14824797843665768, 0.18598382749326145, 0.11859838274932614, 0.0889487870619946, 0.03504043126684636, 0.013477088948787063, 0.0, 0.0, 0.0, 0.0, 0.0, 0.0, 0.0, 0.0, 0.0, 0.0, 0.0], [0.0, 0.0, 0.0, 0.00012479720454261825, 0.0, 0.0002495944090852365, 0.0002495944090852365, 0.000998377636340946, 0.0037439161362785474, 0.009110195931611132, 0.015225258954199426, 0.025957818544864595, 0.045800574067140894, 0.060526644203169847, 0.09472107824784724, 0.12616997379258704, 0.1738425059278672, 0.11331586172469736, 0.1619867714963185, 0.0628977910894796, 0.03444402845376263, 0.0410582802945214, 0.01272931486334706, 0.004742293772619493, 0.00848620990889804, 0.002620741295394983, 0.000998377636340946, 0.0, 0.0, 0.0, 0.0, 0.0], [0.00010871928680147858, 0.00010871928680147858, 0.00021743857360295715, 0.00010871928680147858, 0.00076103500761035, 0.0008697542944118286, 0.0004348771472059143, 0.0017395085888236572, 0.0017395085888236572, 0.009349858664927158, 0.013589910850184822, 0.03424657534246575, 0.06414437921287236, 0.0964340073929115, 0.14090019569471623, 0.17536420961078494, 0.1797129810828441, 0.1019786910197869, 0.09828223526853663, 0.040008697542944116, 0.01902587519025875, 0.013155033702978908, 0.004131332898456186, 0.0017395085888236572, 0.001304631441617743, 0.0005435964340073929, 0.0, 0.0, 0.0, 0.0, 0.0, 0.0], [0.0, 0.00023607176581680832, 0.0, 0.00023607176581680832, 0.00047214353163361664, 0.00141643059490085, 0.0018885741265344666, 0.0040132200188857416, 0.008262511803588292, 0.013456090651558074, 0.025731822474032107, 0.04627006610009443, 0.07152974504249292, 0.08593012275731822, 0.1248819641170916, 0.136685552407932, 0.15816808309726157, 0.09702549575070822, 0.10056657223796034, 0.04815864022662889, 0.02785646836638338, 0.024551463644948063, 0.010859301227573183, 0.0066100094428706326, 0.0044853635505193576, 0.000708215297450425, 0.0, 0.0, 0.0, 0.0, 0.0, 0.0], [0.0, 0.0, 0.0, 0.0, 0.0004091653027823241, 0.0, 0.0006137479541734861, 0.0012274959083469722, 0.0034779050736497546, 0.004500818330605565, 0.015752864157119476, 0.024549918166939442, 0.042757774140752866, 0.06853518821603928, 0.10515548281505728, 0.13134206219312602, 0.15752864157119476, 0.09513093289689034, 0.1493453355155483, 0.058919803600654665, 0.03805237315875614, 0.046849427168576104, 0.019435351882160393, 0.011252045826513912, 0.015752864157119476, 0.005319148936170213, 0.0038870703764320785, 0.00020458265139116204, 0.0, 0.0, 0.0, 0.0], [0.0, 0.0007530120481927711, 0.0007530120481927711, 0.0007530120481927711, 0.0015060240963855422, 0.005271084337349397, 0.006024096385542169, 0.012048192771084338, 0.0286144578313253, 0.04969879518072289, 0.054969879518072286, 0.08659638554216867, 0.09262048192771084, 0.12575301204819278, 0.13629518072289157, 0.11521084337349398, 0.09713855421686747, 0.053463855421686746, 0.0730421686746988, 0.022590361445783132, 0.010542168674698794, 0.02033132530120482, 0.0030120481927710845, 0.0, 0.0030120481927710845, 0.0, 0.0, 0.0, 0.0, 0.0, 0.0, 0.0], [0.0, 0.0, 0.0, 0.0, 0.0, 0.002320185614849188, 0.004640371229698376, 0.027842227378190254, 0.04408352668213457, 0.048723897911832945, 0.07888631090487239, 0.09280742459396751, 0.08584686774941995, 0.08584686774941995, 0.1136890951276102, 0.10440835266821345, 0.12529002320185614, 0.06264501160092807, 0.06264501160092807, 0.027842227378190254, 0.01160092807424594, 0.0069605568445475635, 0.002320185614849188, 0.0, 0.01160092807424594, 0.0, 0.0, 0.0, 0.0, 0.0, 0.0, 0.0], [0.0004457321149988857, 0.0, 0.0, 0.0, 0.0006685981724983285, 0.001337196344996657, 0.003788722977490528, 0.009137508357477156, 0.01493202585246267, 0.02674392689993314, 0.04880766659237798, 0.06284822821484289, 0.09449520837976376, 0.10786717182973034, 0.14553153554713616, 0.1352796969021618, 0.12681078671718296, 0.06953420993982616, 0.07020280811232449, 0.027189659014932026, 0.0171606864274571, 0.01961221305995097, 0.008023178069979943, 0.004457321149988857, 0.0033429908624916425, 0.0004457321149988857, 0.001337196344996657, 0.0, 0.0, 0.0, 0.0, 0.0], [0.0, 0.0, 0.0, 0.0004409171075837742, 0.0004409171075837742, 0.0, 0.0026455026455026454, 0.0013227513227513227, 0.0048500881834215165, 0.01763668430335097, 0.027777777777777776, 0.034832451499118164, 0.053791887125220456, 0.07760141093474426, 0.10670194003527336, 0.13139329805996472, 0.1490299823633157, 0.08774250440917107, 0.12081128747795414, 0.053791887125220456, 0.03218694885361552, 0.036155202821869487, 0.01984126984126984, 0.012345679012345678, 0.02072310405643739, 0.006613756613756613, 0.0008818342151675485, 0.0004409171075837742, 0.0, 0.0, 0.0, 0.0], [0.0, 0.0, 0.0, 0.0, 0.0, 0.0003118178983473651, 0.0009354536950420954, 0.0018709073900841909, 0.004677268475210477, 0.0134081696289367, 0.018397256002494543, 0.03585905830994699, 0.06236357966947303, 0.09260991580916744, 0.12285625194886186, 0.14904895541004054, 0.1574680386654194, 0.08200810726535702, 0.11786716557530402, 0.052697224820704706, 0.03086997193638915, 0.029310882444652322, 0.011225444340505144, 0.008107265357031494, 0.004677268475210477, 0.0031181789834736516, 0.0003118178983473651, 0.0, 0.0, 0.0, 0.0, 0.0], [0.0001819505094614265, 0.0001819505094614265, 0.0001819505094614265, 0.0001819505094614265, 0.0005458515283842794, 0.001819505094614265, 0.002547307132459971, 0.004366812227074236, 0.00782387190684134, 0.015829694323144104, 0.03766375545851528, 0.055858806404657936, 0.08624454148471616, 0.1078966521106259, 0.13773653566229985, 0.13427947598253276, 0.1433770014556041, 0.0893377001455604, 0.08005822416302766, 0.03802765647743814, 0.020378457059679767, 0.019832605531295486, 0.009279475982532752, 0.002911208151382824, 0.0032751091703056767, 0.0001819505094614265, 0.0, 0.0, 0.0, 0.0, 0.0, 0.0], [0.0, 0.0, 0.0, 0.0, 0.0013513513513513514, 0.00045045045045045046, 0.0, 0.004054054054054054, 0.006756756756756757, 0.009009009009009009, 0.02837837837837838, 0.04144144144144144, 0.07432432432432433, 0.09549549549549549, 0.13243243243243244, 0.16171171171171173, 0.13918918918918918, 0.08963963963963964, 0.08333333333333333, 0.04144144144144144, 0.03288288288288288, 0.024324324324324326, 0.014414414414414415, 0.005405405405405406, 0.01036036036036036, 0.003153153153153153, 0.00045045045045045046, 0.0, 0.0, 0.0, 0.0, 0.0], [0.0, 0.0, 0.0, 0.0, 0.0, 0.0010259917920656635, 0.0006839945280437756, 0.0023939808481532147, 0.004445964432284542, 0.005813953488372093, 0.011285909712722298, 0.024281805745554035, 0.037277701778385776, 0.057797537619699045, 0.09644322845417237, 0.12414500683994528, 0.15047879616963064, 0.10362517099863201, 0.14261285909712723, 0.07113543091655267, 0.043091655266757865, 0.06292749658002736, 0.02359781121751026, 0.016073871409028728, 0.0140218878248974, 0.006155950752393981, 0.0006839945280437756, 0.0, 0.0, 0.0, 0.0, 0.0], [0.0, 0.0, 0.0, 0.0, 0.00019940179461615153, 0.00019940179461615153, 0.0011964107676969093, 0.0023928215353938185, 0.004187437686939182, 0.009571286141575274, 0.017148554336989034, 0.04107676969092722, 0.0703888334995015, 0.10667996011964108, 0.14017946161515454, 0.12283150548354935, 0.13998005982053838, 0.08753738783649052, 0.10767696909272183, 0.04765702891326022, 0.030309072781655035, 0.031306081754735794, 0.018743768693918247, 0.005782652043868395, 0.009770687936191427, 0.0029910269192422734, 0.002193419740777667, 0.0, 0.0, 0.0, 0.0, 0.0], [0.0, 0.0, 0.0001374192661811186, 0.0, 0.0, 0.0001374192661811186, 0.0005496770647244744, 0.0015116119279923045, 0.0031606431221657275, 0.009481929366497183, 0.01868902020063213, 0.034079978012917414, 0.06554898996839358, 0.09399477806788512, 0.14003023223855984, 0.15308506252576612, 0.1603682836333654, 0.09523155146351518, 0.11653153772158857, 0.04095094132197334, 0.0214374055242545, 0.025834822042050294, 0.007420640373780404, 0.005221932114882507, 0.004672255050158032, 0.0009619348632678302, 0.0009619348632678302, 0.0, 0.0, 0.0, 0.0, 0.0], [0.0, 0.0, 0.0, 0.0, 0.0, 0.00032133676092544985, 0.0008033419023136247, 0.0014460154241645244, 0.0030526992287917736, 0.008676092544987147, 0.01269280205655527, 0.02859897172236504, 0.05141388174807198, 0.08643958868894601, 0.131426735218509, 0.16388174807197944, 0.1785025706940874, 0.10700514138817481, 0.12901670951156813, 0.037275064267352186, 0.020083547557840618, 0.02570694087403599, 0.005944730077120822, 0.002249357326478149, 0.0035347043701799484, 0.0016066838046272494, 0.00032133676092544985, 0.0, 0.0, 0.0, 0.0, 0.0], [0.0, 0.00909090909090909, 0.0, 0.0, 0.00909090909090909, 0.02727272727272727, 0.05454545454545454, 0.02727272727272727, 0.11818181818181818, 0.10909090909090909, 0.045454545454545456, 0.05454545454545454, 0.08181818181818182, 0.10909090909090909, 0.05454545454545454, 0.09090909090909091, 0.05454545454545454, 0.05454545454545454, 0.03636363636363636, 0.00909090909090909, 0.01818181818181818, 0.01818181818181818, 0.01818181818181818, 0.0, 0.0, 0.0, 0.0, 0.0, 0.0, 0.0, 0.0, 0.0]]}, "ranks": {"labels": ["Unranked", "Combatatent I", "Combatatent II", "Challenger I", "Challenger II", "Rival I", "Rival II", "Duelist", "Elite"], "data": [[0.19285714285714287, 0.15714285714285714, 0.25, 0.18571428571428572, 0.11428571428571428, 0.07142857142857142, 0.02857142857142857, 0.0, 0.0], [0.07513148009015777, 0.12096168294515403, 0.19083395942900075, 0.2742299023290759, 0.2021036814425244, 0.08640120210368145, 0.022539444027047332, 0.0202854996243426, 0.007513148009015778], [0.020492746949113516, 0.038682938061247986, 0.09417453373244301, 0.17890858853327193, 0.2500575638959245, 0.22403868293806126, 0.07253050886483997, 0.09233248906285978, 0.028781947962238083], [0.040686078978859196, 0.0668129238133227, 0.1495811727163941, 0.2506980454726765, 0.2680494615077782, 0.13921021140805745, 0.04467491025129637, 0.03450339050658157, 0.0057838053450339055], [0.2549019607843137, 0.1568627450980392, 0.19607843137254902, 0.0392156862745098, 0.11764705882352941, 0.13725490196078433, 0.058823529411764705, 0.0392156862745098, 0.0], [0.017055342847198052, 0.045422902888966235, 0.14201183431952663, 0.24469195962408632, 0.2568743473720849, 0.14444831186912635, 0.060737904629307345, 0.06595892794987818, 0.022798468499825964], [0.07893485496909178, 0.12125534950071326, 0.21112696148359486, 0.24869234427009035, 0.1768901569186876, 0.07988587731811697, 0.03138373751783167, 0.030908226343319068, 0.020922491678554447], [0.35877862595419846, 0.22137404580152673, 0.22900763358778625, 0.08396946564885496, 0.05343511450381679, 0.05343511450381679, 0.0, 0.0, 0.0], [0.08674568965517242, 0.1697198275862069, 0.23401580459770116, 0.24191810344827586, 0.13757183908045978, 0.06698994252873564, 0.028915229885057472, 0.029094827586206896, 0.005028735632183908], [0.053276756247053275, 0.08297972654408298, 0.1702027345591702, 0.25695426685525696, 0.24092409240924093, 0.1254125412541254, 0.02876001885902876, 0.036775106082036775, 0.004714757190004715], [0.07921837866385001, 0.15289147082123053, 0.2183786638500132, 0.26643781357274887, 0.15526802218114602, 0.07103247953525219, 0.027726432532347505, 0.02429363612358067, 0.004753102719831001], [0.03831610789009327, 0.0852029241240232, 0.15124779430299976, 0.2598941265439879, 0.24577766574237458, 0.1330980589866398, 0.04159314343332493, 0.03680362994706327, 0.00806654902949332], [0.055381165919282514, 0.1147982062780269, 0.1860986547085202, 0.27219730941704035, 0.218609865470852, 0.09080717488789238, 0.03273542600896861, 0.022869955156950672, 0.006502242152466368], [0.01266294227188082, 0.04022346368715084, 0.12253258845437616, 0.23426443202979516, 0.29236499068901306, 0.16722532588454375, 0.060335195530726256, 0.05847299813780261, 0.011918063314711359], [0.044715447154471545, 0.10264227642276423, 0.15853658536585366, 0.2347560975609756, 0.2306910569105691, 0.10467479674796748, 0.046747967479674794, 0.052845528455284556, 0.024390243902439025], [0.037883736120182886, 0.08033964728935336, 0.17896799477465708, 0.27073807968647945, 0.22109732201175702, 0.12083605486610059, 0.0395166557805356, 0.041149575440888306, 0.009470934030045721], [0.039904705181655745, 0.0878499106611078, 0.16885050625372244, 0.25729600952948184, 0.23436569386539607, 0.1289458010720667, 0.030970815961882073, 0.03752233472304944, 0.01429422275163788], [0.1282051282051282, 0.1282051282051282, 0.15384615384615385, 0.2564102564102564, 0.1282051282051282, 0.1282051282051282, 0.05128205128205128, 0.02564102564102564, 0.0], [0.01693480101608806, 0.04589331075359865, 0.13497036409822186, 0.25656223539373413, 0.2623200677392041, 0.14191363251481795, 0.06486028789161727, 0.06841659610499577, 0.00812870448772227], [0.01342882721575649, 0.03939122649955237, 0.08654133094598628, 0.19068934646374217, 0.27991644285287975, 0.19068934646374217, 0.07341092211280215, 0.09101760668457178, 0.03491495076096687], [0.02684455875261212, 0.059636714354605366, 0.1165407490757113, 0.23243851470824625, 0.2467448963189198, 0.17055135830252371, 0.06574505706478058, 0.06574505706478058, 0.015753094357820286], [0.0215633423180593, 0.05660377358490566, 0.18598382749326145, 0.29380053908355797, 0.3045822102425876, 0.11320754716981132, 0.02425876010781671, 0.0, 0.0], [0.014476475726943716, 0.04118307749906402, 0.10632721827031075, 0.2208910520404343, 0.2871583676525646, 0.1969299887682516, 0.062398602271309125, 0.05852988893048796, 0.012105328840633969], [0.015438138725809958, 0.047836486192650574, 0.16057838660578386, 0.3162644053055012, 0.281691672102631, 0.12133072407045009, 0.03598608393128941, 0.01902587519025875, 0.0018482278756251358], [0.029981114258734655, 0.07200188857412654, 0.15745986779981114, 0.2615675165250236, 0.2551935788479698, 0.125590179414542, 0.05099150141643059, 0.042020774315391876, 0.005193578847969783], [0.010229132569558102, 0.04030278232405892, 0.11129296235679215, 0.23649754500818332, 0.2526595744680851, 0.18248772504091654, 0.06382978723404255, 0.07753682487725042, 0.02516366612111293], [0.10542168674698796, 0.14156626506024098, 0.2183734939759036, 0.25150602409638556, 0.15060240963855423, 0.08509036144578314, 0.02108433734939759, 0.023343373493975902, 0.0030120481927710845], [0.12761020881670534, 0.1716937354988399, 0.1716937354988399, 0.21809744779582366, 0.18793503480278423, 0.07888631090487239, 0.02320185614849188, 0.009280742459396751, 0.01160092807424594], [0.05705371071985737, 0.11165589480722087, 0.2023623802094941, 0.28081123244929795, 0.19634499665700914, 0.0837976376197905, 0.030755515934923112, 0.03209271227991977, 0.005125919322487185], [0.027336860670194002, 0.06261022927689594, 0.13139329805996472, 0.23809523809523808, 0.23677248677248677, 0.1472663139329806, 0.05952380952380952, 0.068342151675485, 0.028659611992945325], [0.021203617087620828, 0.05425631431244153, 0.15497349547864048, 0.2719052073589024, 0.23947614593077643, 0.14967259120673526, 0.05176177112566261, 0.04864359214218896, 0.008107265357031494], [0.0336608442503639, 0.09352256186317322, 0.19414119359534207, 0.2720160116448326, 0.23271470160116448, 0.10352983988355167, 0.034934497816593885, 0.03202328966521106, 0.0034570596797671035], [0.021621621621621623, 0.06981981981981981, 0.1698198198198198, 0.29414414414414414, 0.22882882882882882, 0.1063063063063063, 0.051351351351351354, 0.044144144144144144, 0.013963963963963964], [0.014363885088919288, 0.03556771545827633, 0.09507523939808482, 0.22058823529411764, 0.25410396716826267, 0.18673050615595074, 0.070109439124487, 0.10259917920656635, 0.020861833105335157], [0.017746759720837488, 0.058225324027916255, 0.17706879361914257, 0.26301096709870386, 0.22751744765702892, 0.1353938185443669, 0.05024925224327019, 0.05583250249252243, 0.014955134596211365], [0.014978700013741927, 0.05276899821354954, 0.15954376803627868, 0.29311529476432596, 0.25559983509688056, 0.14030507077092208, 0.038614813796894326, 0.03847739453071321, 0.006596124776693692], [0.01429948586118252, 0.04129177377892031, 0.13785347043701798, 0.2953084832904884, 0.2855077120822622, 0.1487789203084833, 0.03759640102827763, 0.03390102827763496, 0.005462724935732648], [0.35454545454545455, 0.1, 0.19090909090909092, 0.14545454545454545, 0.10909090909090909, 0.045454545454545456, 0.01818181818181818, 0.03636363636363636, 0.0]]}, "ranksDetailed": {"labels": ["Unranked", "Combatatant", "Challenger", "Rival", "Duelist", "Elite"], "data": [[0.19285714285714287, 0.40714285714285714, 0.3, 0.1, 0.0, 0.0], [0.07513148009015777, 0.31179564237415475, 0.4763335837716003, 0.10894064613072878, 0.0202854996243426, 0.007513148009015778], [0.020492746949113516, 0.132857471793691, 0.4289661524291964, 0.2965691918029012, 0.09233248906285978, 0.028781947962238083], [0.040686078978859196, 0.2163940965297168, 0.5187475069804547, 0.1838851216593538, 0.03450339050658157, 0.0057838053450339055], [0.2549019607843137, 0.35294117647058826, 0.1568627450980392, 0.19607843137254902, 0.0392156862745098, 0.0], [0.017055342847198052, 0.18743473720849285, 0.5015663069961712, 0.2051862164984337, 0.06595892794987818, 0.022798468499825964], [0.07893485496909178, 0.33238231098430815, 0.42558250118877794, 0.11126961483594865, 0.030908226343319068, 0.020922491678554447], [0.35877862595419846, 0.45038167938931295, 0.13740458015267176, 0.05343511450381679, 0.0, 0.0], [0.08674568965517242, 0.40373563218390807, 0.37948994252873564, 0.09590517241379311, 0.029094827586206896, 0.005028735632183908], [0.053276756247053275, 0.2531824611032532, 0.49787835926449786, 0.15417256011315417, 0.036775106082036775, 0.004714757190004715], [0.07921837866385001, 0.3712701346712437, 0.4217058357538949, 0.09875891206759968, 0.02429363612358067, 0.004753102719831001], [0.03831610789009327, 0.23645071842702295, 0.5056717922863625, 0.17469120241996472, 0.03680362994706327, 0.00806654902949332], [0.055381165919282514, 0.3008968609865471, 0.4908071748878924, 0.12354260089686099, 0.022869955156950672, 0.006502242152466368], [0.01266294227188082, 0.162756052141527, 0.5266294227188082, 0.22756052141527003, 0.05847299813780261, 0.011918063314711359], [0.044715447154471545, 0.2611788617886179, 0.4654471544715447, 0.15142276422764228, 0.052845528455284556, 0.024390243902439025], [0.037883736120182886, 0.25930764206401047, 0.4918354016982365, 0.1603527106466362, 0.041149575440888306, 0.009470934030045721], [0.039904705181655745, 0.25670041691483025, 0.4916617033948779, 0.15991661703394877, 0.03752233472304944, 0.01429422275163788], [0.1282051282051282, 0.28205128205128205, 0.38461538461538464, 0.1794871794871795, 0.02564102564102564, 0.0], [0.01693480101608806, 0.18086367485182048, 0.5188823031329381, 0.20677392040643522, 0.06841659610499577, 0.00812870448772227], [0.01342882721575649, 0.12593255744553863, 0.4706057893166219, 0.26410026857654434, 0.09101760668457178, 0.03491495076096687], [0.02684455875261212, 0.17617746343031668, 0.47918341102716605, 0.23629641536730428, 0.06574505706478058, 0.015753094357820286], [0.0215633423180593, 0.24258760107816713, 0.5983827493261455, 0.13746630727762804, 0.0, 0.0], [0.014476475726943716, 0.14751029576937477, 0.5080494196929989, 0.25932859103956074, 0.05852988893048796, 0.012105328840633969], [0.015438138725809958, 0.20841487279843443, 0.5979560774081322, 0.1573168080017395, 0.01902587519025875, 0.0018482278756251358], [0.029981114258734655, 0.22946175637393768, 0.5167610953729934, 0.17658168083097261, 0.042020774315391876, 0.005193578847969783], [0.010229132569558102, 0.15159574468085107, 0.4891571194762684, 0.24631751227495907, 0.07753682487725042, 0.02516366612111293], [0.10542168674698796, 0.35993975903614456, 0.40210843373493976, 0.10617469879518072, 0.023343373493975902, 0.0030120481927710845], [0.12761020881670534, 0.3433874709976798, 0.4060324825986079, 0.10208816705336426, 0.009280742459396751, 0.01160092807424594], [0.05705371071985737, 0.314018275016715, 0.4771562291063071, 0.11455315355471361, 0.03209271227991977, 0.005125919322487185], [0.027336860670194002, 0.19400352733686066, 0.4748677248677249, 0.20679012345679013, 0.068342151675485, 0.028659611992945325], [0.021203617087620828, 0.209229809791082, 0.5113813532896788, 0.2014343623323979, 0.04864359214218896, 0.008107265357031494], [0.0336608442503639, 0.2876637554585153, 0.504730713245997, 0.13846433770014557, 0.03202328966521106, 0.0034570596797671035], [0.021621621621621623, 0.23963963963963963, 0.522972972972973, 0.15765765765765766, 0.044144144144144144, 0.013963963963963964], [0.014363885088919288, 0.13064295485636115, 0.4746922024623803, 0.25683994528043774, 0.10259917920656635, 0.020861833105335157], [0.017746759720837488, 0.23529411764705882, 0.4905284147557328, 0.1856430707876371, 0.05583250249252243, 0.014955134596211365], [0.014978700013741927, 0.21231276624982823, 0.5487151298612065, 0.1789198845678164, 0.03847739453071321, 0.006596124776693692], [0.01429948586118252, 0.1791452442159383, 0.5808161953727506, 0.18637532133676094, 0.03390102827763496, 0.005462724935732648], [0.35454545454545455, 0.2909090909090909, 0.2545454545454545, 0.06363636363636363, 0.03636363636363636, 0.0]]}}}, "eu": {"histType": {"histogram": {"labels": ["0", "100", "200", "300", "400", "500", "600", "700", "800", "900", "1000", "1100", "1200", "1300", "1400", "1500", "1600", "1700", "1800", "1900", "2000", "2100", "2200", "2300", "2400", "2500", "2600", "2700", "2800", "2900", "3000", "3100"], "data": [[0.0, 0.0, 0.0, 0.0, 0.0, 0.010638297872340425, 0.02127659574468085, 0.031914893617021274, 0.10638297872340426, 0.07446808510638298, 0.09574468085106383, 0.07446808510638298, 0.10638297872340426, 0.0851063829787234, 0.07446808510638298, 0.0851063829787234, 0.09574468085106383, 0.06382978723404255, 0.031914893617021274, 0.010638297872340425, 0.0, 0.02127659574468085, 0.010638297872340425, 0.0, 0.0, 0.0, 0.0, 0.0, 0.0, 0.0, 0.0, 0.0], [0.0, 0.0, 0.0008149959250203749, 0.0008149959250203749, 0.0008149959250203749, 0.004074979625101874, 0.008964955175224124, 0.007334963325183374, 0.027709861450692746, 0.03178484107579462, 0.04726976365118175, 0.08231458842705787, 0.08638956805215973, 0.12387938060309699, 0.13691931540342298, 0.1271393643031785, 0.12387938060309699, 0.07090464547677261, 0.05867970660146699, 0.02444987775061125, 0.009779951100244499, 0.014669926650366748, 0.004074979625101874, 0.004889975550122249, 0.0024449877750611247, 0.0, 0.0, 0.0, 0.0, 0.0, 0.0, 0.0], [0.0, 0.0, 0.0, 0.0002565418163160595, 0.0002565418163160595, 0.0007696254489481786, 0.0007696254489481786, 0.002565418163160595, 0.007439712673165726, 0.008722421754746024, 0.01718830169317599, 0.02744997434581837, 0.03617239610056439, 0.05233453052847614, 0.08209338122113904, 0.09928168291431504, 0.15674704976911236, 0.09953822473063109, 0.17778347870702924, 0.06439199589533094, 0.04874294510005131, 0.057465366854797334, 0.022832221652129298, 0.009492047203694202, 0.017957927142124165, 0.00513083632632119, 0.0028219599794766545, 0.0017957927142124167, 0.0, 0.0, 0.0, 0.0], [0.0, 0.00018264840182648402, 0.0, 0.00018264840182648402, 0.00018264840182648402, 0.00036529680365296805, 0.0012785388127853881, 0.004748858447488584, 0.007488584474885845, 0.015342465753424657, 0.02958904109589041, 0.04438356164383562, 0.06264840182648401, 0.08109589041095891, 0.11598173515981736, 0.14100456621004567, 0.15744292237442922, 0.1073972602739726, 0.11835616438356164, 0.049497716894977166, 0.021187214611872146, 0.022465753424657533, 0.008401826484018264, 0.004018264840182648, 0.0036529680365296802, 0.0018264840182648401, 0.0012785388127853881, 0.0, 0.0, 0.0, 0.0, 0.0], [0.0, 0.0, 0.0, 0.0, 0.0, 0.0, 0.04081632653061224, 0.061224489795918366, 0.10204081632653061, 0.08163265306122448, 0.08163265306122448, 0.10204081632653061, 0.061224489795918366, 0.04081632653061224, 0.12244897959183673, 0.10204081632653061, 0.061224489795918366, 0.02040816326530612, 0.02040816326530612, 0.061224489795918366, 0.0, 0.02040816326530612, 0.0, 0.02040816326530612, 0.0, 0.0, 0.0, 0.0, 0.0, 0.0, 0.0, 0.0], [0.0, 0.0001725625539257981, 0.0003451251078515962, 0.0003451251078515962, 0.0005176876617773944, 0.0001725625539257981, 0.0001725625539257981, 0.0031061259706643657, 0.004314063848144953, 0.00828300258843831, 0.017083692838654012, 0.026919758412424503, 0.05176876617773943, 0.08024158757549611, 0.11078515962036238, 0.12320966350301985, 0.14270923209663502, 0.10267471958584987, 0.1261432269197584, 0.06367558239861949, 0.03399482312338223, 0.05159620362381363, 0.01898188093183779, 0.00828300258843831, 0.01449525452976704, 0.005522001725625539, 0.002933563416738568, 0.0015530629853321828, 0.0, 0.0, 0.0, 0.0], [0.0, 0.00044444444444444447, 0.00044444444444444447, 0.0013333333333333333, 0.0013333333333333333, 0.003111111111111111, 0.0044444444444444444, 0.011555555555555555, 0.028888888888888888, 0.03422222222222222, 0.05377777777777778, 0.07822222222222222, 0.08844444444444445, 0.11022222222222222, 0.10311111111111111, 0.116, 0.11244444444444444, 0.064, 0.06444444444444444, 0.032, 0.021777777777777778, 0.024444444444444446, 0.011555555555555555, 0.008444444444444444, 0.013777777777777778, 0.004888888888888889, 0.004888888888888889, 0.0017777777777777779, 0.0, 0.0, 0.0, 0.0], [0.0, 0.0, 0.0, 0.0, 0.0, 0.024390243902439025, 0.0, 0.08536585365853659, 0.036585365853658534, 0.0975609756097561, 0.0975609756097561, 0.10975609756097561, 0.10975609756097561, 0.036585365853658534, 0.08536585365853659, 0.15853658536585366, 0.10975609756097561, 0.024390243902439025, 0.0, 0.024390243902439025, 0.0, 0.0, 0.0, 0.0, 0.0, 0.0, 0.0, 0.0, 0.0, 0.0, 0.0, 0.0], [0.0005341880341880342, 0.00035612535612535614, 0.0007122507122507123, 0.0007122507122507123, 0.0010683760683760685, 0.0016025641025641025, 0.004985754985754986, 0.010861823361823363, 0.027777777777777776, 0.04398148148148148, 0.07264957264957266, 0.09615384615384616, 0.12197293447293447, 0.12072649572649573, 0.1168091168091168, 0.10487891737891739, 0.088497150997151, 0.053062678062678066, 0.05074786324786325, 0.029736467236467237, 0.01834045584045584, 0.016915954415954417, 0.006766381766381766, 0.004807692307692308, 0.004273504273504274, 0.0008903133903133903, 0.00017806267806267807, 0.0, 0.0, 0.0, 0.0, 0.0], [0.0, 0.0, 0.0, 0.0, 0.0006002400960384153, 0.0006002400960384153, 0.0012004801920768306, 0.0078031212484993995, 0.014405762304921969, 0.0234093637454982, 0.04561824729891957, 0.04981992797118848, 0.06842737094837935, 0.10384153661464586, 0.12244897959183673, 0.12845138055222088, 0.14405762304921968, 0.08283313325330131, 0.10264105642256903, 0.028811524609843937, 0.030012004801920768, 0.026410564225690276, 0.010804321728691477, 0.0024009603841536613, 0.003001200480192077, 0.0024009603841536613, 0.0, 0.0, 0.0, 0.0, 0.0, 0.0], [0.0003240440699935191, 0.0, 0.0, 0.0012961762799740765, 0.0019442644199611147, 0.0019442644199611147, 0.002916396629941672, 0.01134154244977317, 0.023007128969539856, 0.03888528839922229, 0.06221646143875567, 0.08781594296824369, 0.10628645495787427, 0.10985093972780298, 0.13447828904731043, 0.11730395333765392, 0.09364873622812703, 0.057031756318859365, 0.06156837329876863, 0.030784186649384315, 0.018794556059624108, 0.019442644199611146, 0.006804925469863901, 0.004860661049902786, 0.005508749189889825, 0.0019442644199611147, 0.0, 0.0, 0.0, 0.0, 0.0, 0.0], [0.0, 0.0, 0.0, 0.0, 0.0008036431824270024, 0.0008036431824270024, 0.0018751674256630056, 0.005089740155371015, 0.012322528797214037, 0.02330565229038307, 0.0350924189659791, 0.04661130458076614, 0.07393517278328422, 0.08518617733726226, 0.12402893115456737, 0.12268952585052237, 0.14787034556656845, 0.08840075006697026, 0.10366997053308331, 0.048754353067238146, 0.02652022502009108, 0.027055987141709082, 0.011518885614787035, 0.004286096972944013, 0.006964907581034021, 0.0010715242432360033, 0.0008036431824270024, 0.0010715242432360033, 0.0, 0.0, 0.0002678810608090008, 0.0], [0.0, 0.0, 0.00026752273943285177, 0.0005350454788657035, 0.00026752273943285177, 0.002140181915462814, 0.0029427501337613697, 0.010700909577314071, 0.014446227929373997, 0.023809523809523808, 0.045746388443017656, 0.06260032102728733, 0.09309791332263243, 0.1032637774210808, 0.1420545746388443, 0.14018191546281433, 0.11771000535045478, 0.07303370786516854, 0.0815944355270198, 0.03290529695024077, 0.01792402354200107, 0.015516318887105404, 0.007758159443552702, 0.003745318352059925, 0.00454788657035848, 0.002140181915462814,