{"region": {"us": {"histType": {"histogram": {"labels": ["0", "100", "200", "300", "400", "500", "600", "700", "800", "900", "1000", "1100", "1200", "1300", "1400", "1500", "1600", "1700", "1800", "1900", "2000", "2100", "2200", "2300", "2400", "2500", "2600", "2700", "2800", "2900", "3000", "3100"], "data": [[0.0, 0.0, 0.0, 0.008771929824561403, 0.0, 0.017543859649122806, 0.02631578947368421, 0.02631578947368421, 0.07894736842105263, 0.05263157894736842, 0.06140350877192982, 0.11403508771929824, 0.09649122807017543, 0.15789473684210525, 0.11403508771929824, 0.07894736842105263, 0.043859649122807015, 0.03508771929824561, 0.02631578947368421, 0.06140350877192982, 0.0, 0.0, 0.0, 0.0, 0.0, 0.0, 0.0, 0.0, 0.0, 0.0, 0.0, 0.0], [0.0, 0.0016963528413910093, 0.0, 0.0008481764206955047, 0.0016963528413910093, 0.0008481764206955047, 0.0033927056827820186, 0.01272264631043257, 0.02205258693808312, 0.035623409669211195, 0.0551314673452078, 0.06870229007633588, 0.10432569974554708, 0.09923664122137404, 0.15521628498727735, 0.12298558100084818, 0.11620016963528414, 0.06276505513146735, 0.07803223070398643, 0.02374893977947413, 0.01102629346904156, 0.013570822731128074, 0.005089058524173028, 0.0016963528413910093, 0.0033927056827820186, 0.0, 0.0, 0.0, 0.0, 0.0, 0.0, 0.0], [0.0, 0.0, 0.0002936857562408223, 0.0002936857562408223, 0.0005873715124816446, 0.0005873715124816446, 0.000881057268722467, 0.0023494860499265785, 0.009397944199706314, 0.011160058737151249, 0.016740088105726872, 0.026138032305433188, 0.05051395007342144, 0.06637298091042584, 0.08340675477239354, 0.10690161527165933, 0.1474302496328928, 0.09456681350954478, 0.16945668135095449, 0.05697503671071953, 0.042584434654919234, 0.057562408223201175, 0.021145374449339206, 0.013215859030837005, 0.016152716593245228, 0.0038179148311306903, 0.0014684287812041115, 0.0, 0.0, 0.0, 0.0, 0.0], [0.0, 0.00022578460149017836, 0.0, 0.0, 0.00022578460149017836, 0.001128923007450892, 0.0027094152178821405, 0.004515692029803568, 0.010837660871528562, 0.026416798374350868, 0.033641905622036575, 0.0386091668548205, 0.06841273425152404, 0.09686159403928651, 0.12260103860916685, 0.13524497629261684, 0.1501467599909686, 0.08918491758862046, 0.11515014675999097, 0.04154436667419282, 0.02077218333709641, 0.0250620907654098, 0.008128245653646421, 0.0033867690223526757, 0.003612553623842854, 0.001128923007450892, 0.0004515692029803567, 0.0, 0.0, 0.0, 0.0, 0.0], [0.0, 0.0, 0.0, 0.0, 0.0, 0.0, 0.0, 0.09090909090909091, 0.09090909090909091, 0.06818181818181818, 0.045454545454545456, 0.11363636363636363, 0.09090909090909091, 0.11363636363636363, 0.0, 0.0, 0.09090909090909091, 0.022727272727272728, 0.045454545454545456, 0.13636363636363635, 0.022727272727272728, 0.022727272727272728, 0.022727272727272728, 0.022727272727272728, 0.0, 0.0, 0.0, 0.0, 0.0, 0.0, 0.0, 0.0], [0.0, 0.0, 0.0, 0.0, 0.0, 0.0, 0.0005640157924421884, 0.0037601052829479226, 0.00338409475465313, 0.012220342169580749, 0.02030456852791878, 0.028764805414551606, 0.05978567399887197, 0.09061853731904493, 0.1163752585072382, 0.12295544275239707, 0.14457604812934763, 0.09795074262079338, 0.12013536379018612, 0.05602556871592405, 0.033652942282383906, 0.045873284451964653, 0.016356457980823462, 0.00676818950930626, 0.012032336905433353, 0.004700131603684903, 0.0028200789622109417, 0.00037601052829479227, 0.0, 0.0, 0.0, 0.0], [0.0, 0.0, 0.0, 0.0016411378555798686, 0.0016411378555798686, 0.0016411378555798686, 0.00437636761487965, 0.012035010940919038, 0.022428884026258207, 0.03665207877461707, 0.05798687089715536, 0.0711159737417943, 0.10776805251641138, 0.12363238512035012, 0.1362144420131291, 0.10284463894967177, 0.10448577680525165, 0.06181619256017506, 0.053610503282275714, 0.025711159737417943, 0.016958424507658644, 0.018599562363238512, 0.01312910284463895, 0.008205689277899343, 0.010940919037199124, 0.004923413566739606, 0.0016411378555798686, 0.0, 0.0, 0.0, 0.0, 0.0], [0.0, 0.0, 0.01834862385321101, 0.009174311926605505, 0.01834862385321101, 0.009174311926605505, 0.027522935779816515, 0.09174311926605505, 0.09174311926605505, 0.1559633027522936, 0.08256880733944955, 0.13761467889908258, 0.10091743119266056, 0.10091743119266056, 0.03669724770642202, 0.01834862385321101, 0.045871559633027525, 0.01834862385321101, 0.01834862385321101, 0.01834862385321101, 0.0, 0.0, 0.0, 0.0, 0.0, 0.0, 0.0, 0.0, 0.0, 0.0, 0.0, 0.0], [0.000795070562512423, 0.00019876764062810574, 0.0009938382031405286, 0.0005963029218843172, 0.002385211687537269, 0.003776585171934009, 0.0045716557344464325, 0.012323593718942556, 0.02285827867223216, 0.05267342476644802, 0.07354402703239912, 0.09819121447028424, 0.11647783740806997, 0.127807592923872, 0.13416815742397137, 0.09163188232955675, 0.07930828861061419, 0.0484993043132578, 0.05167958656330749, 0.025839793281653745, 0.01808785529715762, 0.016895249453388987, 0.008944543828264758, 0.0035778175313059034, 0.003180282250049692, 0.000795070562512423, 0.00019876764062810574, 0.0, 0.0, 0.0, 0.0, 0.0], [0.0, 0.0, 0.0005030181086519115, 0.0, 0.0015090543259557343, 0.0015090543259557343, 0.004527162977867203, 0.005030181086519115, 0.01609657947686117, 0.025653923541247486, 0.03370221327967807, 0.05080482897384306, 0.08098591549295775, 0.10412474849094568, 0.12122736418511067, 0.13531187122736418, 0.15845070422535212, 0.07997987927565392, 0.09708249496981891, 0.03420523138832998, 0.012575452716297788, 0.02112676056338028, 0.008551307847082495, 0.004024144869215292, 0.0025150905432595573, 0.0005030181086519115, 0.0, 0.0, 0.0, 0.0, 0.0, 0.0], [0.0, 0.0, 0.0008800234672924611, 0.0011733646230566149, 0.0014667057788207685, 0.0023467292461132297, 0.007626870049867997, 0.010560281607509533, 0.021120563215019067, 0.039014373716632446, 0.07832208858902905, 0.08917571135230273, 0.1102962745673218, 0.11821648577295395, 0.143150484012907, 0.10912290994426518, 0.08858902904077443, 0.056614843062481664, 0.051921384570255205, 0.026694045174537988, 0.014667057788207686, 0.015547081255500146, 0.006160164271047228, 0.0032267527134056907, 0.002933411557641537, 0.0011733646230566149, 0.0, 0.0, 0.0, 0.0, 0.0, 0.0], [0.0, 0.0, 0.0, 0.0, 0.0002787068004459309, 0.0005574136008918618, 0.0030657748049052395, 0.00641025641025641, 0.01254180602006689, 0.01950947603121516, 0.03455964325529543, 0.05351170568561873, 0.07413600891861762, 0.09643255295429208, 0.14102564102564102, 0.11928651059085842, 0.1516164994425864, 0.0883500557413601, 0.10089186176142698, 0.03985507246376811, 0.021181716833890748, 0.017279821627647716, 0.00975473801560758, 0.005295429208472687, 0.004180602006688963, 0.0002787068004459309, 0.0, 0.0, 0.0, 0.0, 0.0, 0.0], [0.00025693730729701953, 0.0, 0.0, 0.0005138746145940391, 0.0005138746145940391, 0.0017985611510791368, 0.0028263103802672147, 0.007194244604316547, 0.013360739979445015, 0.03674203494347379, 0.05986639260020555, 0.0632065775950668, 0.08530318602261049, 0.11998972250770812, 0.14311408016443988, 0.12461459403905448, 0.13566289825282632, 0.06628982528263104, 0.06757451181911614, 0.02826310380267215, 0.01644398766700925, 0.011562178828365879, 0.006166495375128468, 0.003083247687564234, 0.003854059609455293, 0.0017985611510791368, 0.0, 0.0, 0.0, 0.0, 0.0, 0.0], [0.0, 0.0, 0.0, 0.0, 0.0, 0.0, 0.0, 0.001267962806424345, 0.0033812341504649195, 0.007185122569737954, 0.019019442096365174, 0.026204564666103127, 0.055790363482671176, 0.08030431107354184, 0.1132713440405748, 0.12552831783601015, 0.1669484361792054, 0.11538461538461539, 0.12764158918005072, 0.060016906170752324, 0.03761622992392223, 0.03254437869822485, 0.009721048182586645, 0.008875739644970414, 0.005917159763313609, 0.0033812341504649195, 0.0, 0.0, 0.0, 0.0, 0.0, 0.0], [0.0, 0.0, 0.0, 0.0, 0.0015128593040847202, 0.0, 0.0030257186081694403, 0.009077155824508321, 0.01664145234493192, 0.037821482602118005, 0.048411497730711045, 0.08774583963691376, 0.09228441754916793, 0.13161875945537066, 0.10136157337367625, 0.10287443267776097, 0.12254160363086233, 0.07564296520423601, 0.0680786686838124, 0.03177004538577912, 0.025718608169440244, 0.01361573373676248, 0.006051437216338881, 0.009077155824508321, 0.0045385779122541605, 0.006051437216338881, 0.0045385779122541605, 0.0, 0.0, 0.0, 0.0, 0.0], [0.0003570153516601214, 0.0003570153516601214, 0.0003570153516601214, 0.0003570153516601214, 0.0007140307033202428, 0.0014280614066404856, 0.0024991074616208496, 0.005355230274901821, 0.009996429846483398, 0.01785076758300607, 0.03748661192431275, 0.04998214923241699, 0.08425562299178865, 0.10103534451981436, 0.14459121742234915, 0.13780792574080686, 0.12781149589432345, 0.0835415922884684, 0.09210996072831132, 0.03784362727597287, 0.019992859692966797, 0.02320599785790789, 0.009639414494823277, 0.0046411995715815784, 0.003927168868261335, 0.001785076758300607, 0.0010710460549803642, 0.0, 0.0, 0.0, 0.0, 0.0], [0.0, 0.0, 0.0, 0.0007272727272727272, 0.0014545454545454545, 0.0007272727272727272, 0.0032727272727272726, 0.005454545454545455, 0.013818181818181818, 0.02218181818181818, 0.04581818181818182, 0.05963636363636363, 0.08363636363636363, 0.10472727272727272, 0.13745454545454547, 0.1149090909090909, 0.1370909090909091, 0.07963636363636363, 0.09672727272727273, 0.03563636363636364, 0.016, 0.022545454545454546, 0.006909090909090909, 0.004, 0.004, 0.0032727272727272726, 0.0003636363636363636, 0.0, 0.0, 0.0, 0.0, 0.0], [0.0, 0.0, 0.0, 0.0, 0.0, 0.0, 0.0, 0.0, 0.038461538461538464, 0.11538461538461539, 0.15384615384615385, 0.07692307692307693, 0.11538461538461539, 0.11538461538461539, 0.07692307692307693, 0.07692307692307693, 0.07692307692307693, 0.0, 0.0, 0.07692307692307693, 0.07692307692307693, 0.0, 0.0, 0.0, 0.0, 0.0, 0.0, 0.0, 0.0, 0.0, 0.0, 0.0], [0.00018416206261510129, 0.00018416206261510129, 0.00036832412523020257, 0.00018416206261510129, 0.00018416206261510129, 0.0, 0.0007366482504604051, 0.0016574585635359116, 0.005893186003683241, 0.010128913443830571, 0.022099447513812154, 0.029281767955801105, 0.05911602209944752, 0.08416206261510129, 0.12357274401473296, 0.1318600368324125, 0.14475138121546963, 0.10220994475138122, 0.10939226519337017, 0.06279926335174954, 0.03370165745856354, 0.048250460405156535, 0.014732965009208104, 0.008103130755064457, 0.0055248618784530384, 0.0009208103130755065, 0.0, 0.0, 0.0, 0.0, 0.0, 0.0], [0.0, 0.0, 0.0, 0.0004060089321965083, 0.0, 0.0004060089321965083, 0.0032480714575720666, 0.0008120178643930166, 0.005684125050751117, 0.006902151847340642, 0.022330491270807957, 0.029232643118148598, 0.05278116118554608, 0.06333739342265529, 0.11084043848964677, 0.12302070645554203, 0.14981729598051158, 0.11246447421843281, 0.12829882257409664, 0.05602923264311815, 0.04100690215184734, 0.0389768574908648, 0.01908241981323589, 0.008932196508323184, 0.013804303694681283, 0.0097442143727162, 0.0028420625253755584, 0.0, 0.0, 0.0, 0.0, 0.0], [0.0004020908725371934, 0.0, 0.0, 0.0004020908725371934, 0.0006031363088057901, 0.0014073180538801769, 0.0016083634901487736, 0.005026135906714918, 0.008242862887012465, 0.01769199839163651, 0.03457981503819863, 0.04624045034177724, 0.06292722155207077, 0.0856453558504222, 0.11218335343787696, 0.12042621632488942, 0.1338962605548854, 0.09449135504624046, 0.11479694410936872, 0.05629272215520708, 0.03236831523924407, 0.037595496582227585, 0.01347004422999598, 0.008443908323281062, 0.009851226377161239, 0.0014073180538801769, 0.0, 0.0, 0.0, 0.0, 0.0, 0.0], [0.0, 0.0, 0.0, 0.0, 0.0, 0.003048780487804878, 0.0, 0.006097560975609756, 0.012195121951219513, 0.009146341463414634, 0.009146341463414634, 0.039634146341463415, 0.0701219512195122, 0.14329268292682926, 0.15853658536585366, 0.14329268292682926, 0.18292682926829268, 0.10365853658536585, 0.07926829268292683, 0.024390243902439025, 0.01524390243902439, 0.0, 0.0, 0.0, 0.0, 0.0, 0.0, 0.0, 0.0, 0.0, 0.0, 0.0], [0.0, 0.0, 0.0, 0.0001359249694168819, 0.0, 0.0002718499388337638, 0.0002718499388337638, 0.0014951746635857007, 0.003941824113089574, 0.011281772461601195, 0.016039146391192062, 0.029767568302297133, 0.053010738072583934, 0.07027320918852793, 0.11077885007475874, 0.13239092021204296, 0.17058583661818677, 0.10153595215441076, 0.14992524126682072, 0.058175886910425446, 0.027728693761043904, 0.036563816773141224, 0.011961397308685605, 0.004621448960173984, 0.006796248470844094, 0.0019029495718363464, 0.0005436998776675275, 0.0, 0.0, 0.0, 0.0, 0.0], [0.00011361054305839582, 0.00011361054305839582, 0.00022722108611679165, 0.0, 0.0006816632583503749, 0.0010224948875255625, 0.0004544421722335833, 0.0017041581458759373, 0.0022722108611679163, 0.010111338332197227, 0.016019086571233812, 0.03556009997727789, 0.07021131561008861, 0.10531697341513292, 0.14508066348557147, 0.17064303567371053, 0.17450579413769599, 0.09350147693705976, 0.09475119291070211, 0.03896841626902976, 0.019427402862985686, 0.012610770279481936, 0.0045444217223358325, 0.0010224948875255625, 0.0010224948875255625, 0.00011361054305839582, 0.0, 0.0, 0.0, 0.0, 0.0, 0.0], [0.0, 0.0002913752913752914, 0.0, 0.0005827505827505828, 0.0005827505827505828, 0.0017482517482517483, 0.0020396270396270395, 0.0034965034965034965, 0.010198135198135198, 0.01486013986013986, 0.028263403263403264, 0.05506993006993007, 0.08391608391608392, 0.10751748251748251, 0.12033799533799534, 0.12325174825174826, 0.1418997668997669, 0.08886946386946387, 0.10227272727272728, 0.045745920745920744, 0.026223776223776224, 0.02156177156177156, 0.013111888111888112, 0.004953379953379953, 0.003205128205128205, 0.0, 0.0, 0.0, 0.0, 0.0, 0.0, 0.0], [0.0, 0.0, 0.0, 0.0, 0.0004569339730408956, 0.0, 0.0006854009595613434, 0.001142334932602239, 0.004340872743888508, 0.00616860863605209, 0.01782042494859493, 0.023075165638565227, 0.04386566141192598, 0.07767877541695226, 0.10646561571852867, 0.12040210189627598, 0.15124514507653644, 0.08773132282385196, 0.15855608864519077, 0.05803061457619374, 0.037011651816312545, 0.04546493031756911, 0.02170436371944254, 0.01256568425862463, 0.015764222069910898, 0.006397075622572538, 0.003427004797806717, 0.0, 0.0, 0.0, 0.0, 0.0], [0.0, 0.0008396305625524769, 0.0008396305625524769, 0.0016792611251049538, 0.0016792611251049538, 0.0041981528127623844, 0.005037783375314861, 0.011754827875734676, 0.030226700251889168, 0.055415617128463476, 0.061293031066330814, 0.09403862300587741, 0.09235936188077246, 0.13182199832073888, 0.13182199832073888, 0.10411418975650713, 0.10075566750629723, 0.05037783375314862, 0.0654911838790932, 0.022670025188916875, 0.008396305625524769, 0.020990764063811923, 0.0016792611251049538, 0.0, 0.0025188916876574307, 0.0, 0.0, 0.0, 0.0, 0.0, 0.0, 0.0], [0.0, 0.0, 0.0, 0.0, 0.002777777777777778, 0.0, 0.005555555555555556, 0.030555555555555555, 0.058333333333333334, 0.05555555555555555, 0.09444444444444444, 0.09166666666666666, 0.09166666666666666, 0.1111111111111111, 0.10277777777777777, 0.09444444444444444, 0.11388888888888889, 0.06111111111111111, 0.05, 0.019444444444444445, 0.002777777777777778, 0.002777777777777778, 0.002777777777777778, 0.002777777777777778, 0.005555555555555556, 0.0, 0.0, 0.0, 0.0, 0.0, 0.0, 0.0], [0.0004965243296921549, 0.0, 0.0, 0.0, 0.0007447864945382324, 0.0019860973187686196, 0.0047169811320754715, 0.00893743793445879, 0.015143992055610725, 0.02954319761668322, 0.04890764647467726, 0.06653426017874876, 0.09831181727904667, 0.11941410129096326, 0.14399205561072492, 0.1266137040714995, 0.12065541211519365, 0.06405163853028799, 0.07100297914597815, 0.027557100297914597, 0.016137040714995034, 0.020854021847070508, 0.008440913604766634, 0.0022343594836146973, 0.0024826216484607746, 0.0007447864945382324, 0.0004965243296921549, 0.0, 0.0, 0.0, 0.0, 0.0], [0.0, 0.0, 0.0, 0.0, 0.0, 0.0, 0.0024177949709864605, 0.0014506769825918763, 0.005802707930367505, 0.019342359767891684, 0.02611218568665377, 0.03868471953578337, 0.05851063829787234, 0.08075435203094777, 0.11895551257253385, 0.12620889748549324, 0.13926499032882012, 0.09235976789168278, 0.11460348162475822, 0.049806576402321084, 0.033365570599613155, 0.031431334622823985, 0.020793036750483558, 0.013056092843326886, 0.022727272727272728, 0.0038684719535783366, 0.00048355899419729207, 0.0, 0.0, 0.0, 0.0, 0.0], [0.0, 0.0, 0.0, 0.0, 0.00034904013961605586, 0.00034904013961605586, 0.0010471204188481676, 0.0017452006980802793, 0.005584642233856894, 0.0150087260034904, 0.01954624781849913, 0.037347294938917974, 0.06806282722513089, 0.10541012216404887, 0.12984293193717278, 0.13542757417102966, 0.14729493891797557, 0.08272251308900523, 0.1130890052356021, 0.05410122164048865, 0.030715532286212915, 0.0268760907504363, 0.011169284467713788, 0.0062827225130890054, 0.005584642233856894, 0.0020942408376963353, 0.00034904013961605586, 0.0, 0.0, 0.0, 0.0, 0.0], [0.0002013693113169553, 0.0002013693113169553, 0.0002013693113169553, 0.0004027386226339106, 0.0004027386226339106, 0.002013693113169553, 0.002819170358437374, 0.004631494160289972, 0.008658880386629078, 0.017317760773258157, 0.04309303262182843, 0.060612162706403544, 0.09363672976238421, 0.12062021747885622, 0.1310914216673379, 0.13391059202577527, 0.13391059202577527, 0.08437374144180428, 0.07470801449859041, 0.03564236810310109, 0.019130084575110753, 0.018727345952476843, 0.008658880386629078, 0.0024164317358034634, 0.002617801047120419, 0.0, 0.0, 0.0, 0.0, 0.0, 0.0, 0.0], [0.0, 0.0, 0.0, 0.0, 0.0005257623554153522, 0.0005257623554153522, 0.0, 0.0026288117770767614, 0.008412197686645636, 0.013144058885383806, 0.028391167192429023, 0.04311251314405889, 0.07781282860147214, 0.10725552050473186, 0.138801261829653, 0.13617245005257625, 0.13617245005257625, 0.0914826498422713, 0.0825446898002103, 0.04153522607781283, 0.03838065194532071, 0.02365930599369085, 0.012618296529968454, 0.004206098843322818, 0.011041009463722398, 0.0015772870662460567, 0.0, 0.0, 0.0, 0.0, 0.0, 0.0], [0.0, 0.0, 0.0, 0.0, 0.0, 0.0007462686567164179, 0.0007462686567164179, 0.0029850746268656717, 0.005597014925373134, 0.0052238805970149255, 0.010447761194029851, 0.024253731343283583, 0.03582089552238806, 0.06044776119402985, 0.09067164179104478, 0.11977611940298508, 0.15522388059701492, 0.09962686567164179, 0.1417910447761194, 0.07313432835820896, 0.04402985074626865, 0.06828358208955224, 0.025746268656716417, 0.014552238805970149, 0.015298507462686567, 0.004850746268656716, 0.0007462686567164179, 0.0, 0.0, 0.0, 0.0, 0.0], [0.0, 0.0, 0.0, 0.0, 0.00021454623471358077, 0.0, 0.0008581849388543231, 0.0025745548165629693, 0.003861832224844454, 0.009654580562111135, 0.01952370735893585, 0.042694700708002575, 0.07294571980261746, 0.11456768933705214, 0.13924050632911392, 0.12036043767431881, 0.13988414503325466, 0.08667667882428663, 0.10577129371379532, 0.045269255524565545, 0.02960738039047415, 0.03110920403346921, 0.017163698777086463, 0.0068654795108345846, 0.007509118214975327, 0.0032181935207037118, 0.00042909246942716153, 0.0, 0.0, 0.0, 0.0, 0.0], [0.0, 0.0, 0.0001537042729787888, 0.0, 0.0, 0.0003074085459575776, 0.0006148170919151552, 0.0018444512757454657, 0.003535198278512143, 0.010759299108515216, 0.02182600676298801, 0.041039040885336615, 0.07608361512450046, 0.1154319090070704, 0.15708576698432217, 0.14509683369197662, 0.14786351060559483, 0.07792806640024592, 0.10390408853366123, 0.036735321241930526, 0.019059329849369814, 0.02443897940362742, 0.007377805102981863, 0.0036889025514909315, 0.003535198278512143, 0.0013833384568090992, 0.0003074085459575776, 0.0, 0.0, 0.0, 0.0, 0.0], [0.0, 0.0, 0.0, 0.0, 0.0, 0.00017708517797060386, 0.0008854258898530193, 0.0010625110678236232, 0.0033646183814414732, 0.009739684788383213, 0.015052240127501329, 0.03169824685673809, 0.059323534620152295, 0.10111563662121481, 0.13901186470692403, 0.16486630069063218, 0.17159553745351513, 0.09544891092615548, 0.11793872852842217, 0.03559412077209138, 0.018948114042854614, 0.021427306534443066, 0.006197981228971135, 0.0019479369576766426, 0.003718788737382681, 0.0008854258898530193, 0.0, 0.0, 0.0, 0.0, 0.0, 0.0], [0.0, 0.011111111111111112, 0.0, 0.0, 0.011111111111111112, 0.03333333333333333, 0.03333333333333333, 0.05555555555555555, 0.14444444444444443, 0.1, 0.06666666666666667, 0.03333333333333333, 0.06666666666666667, 0.07777777777777778, 0.08888888888888889, 0.08888888888888889, 0.044444444444444446, 0.044444444444444446, 0.044444444444444446, 0.044444444444444446, 0.011111111111111112, 0.0, 0.0, 0.0, 0.0, 0.0, 0.0, 0.0, 0.0, 0.0, 0.0, 0.0]]}, "ranks": {"labels": ["Unranked", "Combatatent I", "Combatatent II", "Challenger I", "Challenger II", "Rival I", "Rival II", "Duelist", "Elite"], "data": [[0.21052631578947367, 0.17543859649122806, 0.2543859649122807, 0.19298245614035087, 0.07894736842105263, 0.08771929824561403, 0.0, 0.0, 0.0], [0.07888040712468193, 0.12383375742154368, 0.2035623409669211, 0.2782018659881255, 0.17896522476675147, 0.090754877014419, 0.02205258693808312, 0.020356234096692113, 0.0033927056827820186], [0.02555066079295154, 0.042878120411160056, 0.11688693098384728, 0.19030837004405288, 0.2419970631424376, 0.19970631424375918, 0.06930983847283406, 0.09192364170337738, 0.021439060205580028], [0.04606005870399639, 0.07225107247685708, 0.16527432829081057, 0.2578460149017837, 0.23933167757958906, 0.13750282230751862, 0.039963874463761574, 0.036577105441408894, 0.005193045834274102], [0.25, 0.1590909090909091, 0.20454545454545456, 0.0, 0.11363636363636363, 0.1590909090909091, 0.045454545454545456, 0.06818181818181818, 0.0], [0.01992855799962399, 0.049069373942470386, 0.1504042113179169, 0.23933070125963526, 0.242526790750141, 0.15134423763865387, 0.058469637149840194, 0.06899793194209437, 0.01992855799962399], [0.08041575492341356, 0.12910284463894967, 0.2314004376367615, 0.23905908096280087, 0.16630196936542668, 0.06838074398249452, 0.027899343544857767, 0.039934354485776806, 0.0175054704595186], [0.42201834862385323, 0.22018348623853212, 0.2018348623853211, 0.05504587155963303, 0.06422018348623854, 0.03669724770642202, 0.0, 0.0, 0.0], [0.10117272907970583, 0.17173524150268335, 0.24428543033194197, 0.22580003975352814, 0.127807592923872, 0.06599085668853111, 0.029616378453587756, 0.02941761081295965, 0.0041741204531902205], [0.05482897384305835, 0.08450704225352113, 0.1851106639839034, 0.25653923541247486, 0.23843058350100604, 0.11569416498993963, 0.028169014084507043, 0.03370221327967807, 0.0030181086519114686], [0.08418891170431211, 0.16749779994133177, 0.22851276034027573, 0.2522733939571722, 0.14520387210325608, 0.06453505426811382, 0.028747433264887063, 0.024933998239953067, 0.004106776180698152], [0.042363433667781496, 0.08807134894091416, 0.1705685618729097, 0.26031215161649945, 0.2399665551839465, 0.12430323299888517, 0.03762541806020067, 0.032329988851727984, 0.004459308807134894], [0.0632065775950668, 0.12307297019527236, 0.2052929085303186, 0.26772867420349433, 0.20195272353545735, 0.08221993833504625, 0.030061664953751285, 0.02081192189105858, 0.005652620760534429], [0.011834319526627219, 0.0452240067624683, 0.13609467455621302, 0.23879966187658494, 0.28233305156382077, 0.16229923922231615, 0.06297548605240913, 0.05114116652578191, 0.009298393913778529], [0.0680786686838124, 0.1361573373676248, 0.22390317700453857, 0.2042360060514372, 0.19818456883509833, 0.07866868381240545, 0.046898638426626324, 0.028744326777609682, 0.015128593040847202], [0.039271688682613354, 0.08746876115672975, 0.185290967511603, 0.282399143163156, 0.21135308818279186, 0.11567297393787933, 0.034273473759371655, 0.03748661192431275, 0.006783291681542306], [0.047636363636363636, 0.10545454545454545, 0.18836363636363637, 0.25236363636363635, 0.21672727272727274, 0.11709090909090909, 0.03127272727272727, 0.03345454545454545, 0.0076363636363636364], [0.15384615384615385, 0.23076923076923078, 0.23076923076923078, 0.15384615384615385, 0.07692307692307693, 0.07692307692307693, 0.07692307692307693, 0.0, 0.0], [0.019521178637200737, 0.05138121546961326, 0.1432780847145488, 0.2554327808471455, 0.24696132596685083, 0.14585635359116023, 0.06003683241252302, 0.07108655616942909, 0.006445672191528545], [0.017458384084449857, 0.05156313438895656, 0.11611855460820138, 0.23386114494518878, 0.2622817701989444, 0.1611855460820138, 0.06414941128704832, 0.06699147381242387, 0.02639058059277304], [0.03538399678327302, 0.08082026537997587, 0.14857257740249297, 0.2326095697627664, 0.22838761560112586, 0.1477683956574186, 0.05568958584640129, 0.05950944913550463, 0.011258544431041415], [0.03048780487804878, 0.04878048780487805, 0.21341463414634146, 0.3018292682926829, 0.2865853658536585, 0.09451219512195122, 0.024390243902439025, 0.0, 0.0], [0.01739839608536088, 0.045806714693489195, 0.12328394726111187, 0.24316977028680167, 0.2721217887725975, 0.18186760907978797, 0.053962212858502105, 0.053146663042000816, 0.009242897920347968], [0.016700749829584187, 0.0515791865485117, 0.17552828902522155, 0.315723699159282, 0.26800727107475575, 0.1165644171779141, 0.036582594864803454, 0.01817768688934333, 0.0011361054305839581], [0.0337995337995338, 0.08333333333333333, 0.19143356643356643, 0.24358974358974358, 0.23076923076923078, 0.12354312354312354, 0.050699300699300696, 0.039627039627039624, 0.003205128205128205], [0.012794151245145076, 0.040895590587160156, 0.12154443682887822, 0.22686771761480465, 0.2389764679003884, 0.188256796892849, 0.06534155814484807, 0.07973497829563628, 0.025588302490290152], [0.11167086481947942, 0.15533165407220823, 0.22418136020151133, 0.235936188077246, 0.15113350125944586, 0.07304785894206549, 0.023509655751469353, 0.022670025188916875, 0.0025188916876574307], [0.1527777777777778, 0.18611111111111112, 0.20277777777777778, 0.19722222222222222, 0.175, 0.06666666666666667, 0.005555555555555556, 0.008333333333333333, 0.005555555555555556], [0.06156901688182721, 0.11544190665342602, 0.21772591857000992, 0.27060575968222444, 0.18470705064548162, 0.0858987090367428, 0.028798411122144985, 0.03152929493545184, 0.003723932472691162], [0.029013539651837523, 0.06479690522243714, 0.13926499032882012, 0.24516441005802708, 0.2316247582205029, 0.13733075435203096, 0.06044487427466151, 0.06528046421663443, 0.027079303675048357], [0.024083769633507852, 0.0568935427574171, 0.17347294938917976, 0.26527050610820246, 0.23001745200698082, 0.1462478184991274, 0.05165794066317626, 0.044328097731239094, 0.008027923211169284], [0.03685058397100282, 0.10370519532823198, 0.21425694724124045, 0.26500201369311316, 0.21828433346757953, 0.0972613773660894, 0.03221908981071285, 0.029802658074909383, 0.002617801047120419], [0.025236593059936908, 0.07150368033648791, 0.18506834910620398, 0.27497371188222924, 0.22765509989484753, 0.10883280757097792, 0.05362776025236593, 0.04048370136698212, 0.012618296529968454], [0.015298507462686567, 0.03470149253731343, 0.0962686567164179, 0.21044776119402986, 0.2548507462686567, 0.18582089552238806, 0.07313432835820896, 0.1085820895522388, 0.020895522388059702], [0.017163698777086463, 0.06221840806693842, 0.1875134091396696, 0.25960094400343275, 0.2265608238575413, 0.13044411070585712, 0.0502038189229779, 0.05513838232139026, 0.011156404205106201], [0.017214878573624345, 0.06286504764832462, 0.19151552413157086, 0.3021826006762988, 0.22579157700584077, 0.12450046111281894, 0.03519827851214264, 0.03550568705810021, 0.00522594528127882], [0.015229325305471933, 0.04675048698423942, 0.16043917124136708, 0.30387816539755624, 0.2670444483796706, 0.1379493536391004, 0.03453160970426775, 0.029573224721090845, 0.004604214627235701], [0.3888888888888889, 0.1, 0.14444444444444443, 0.17777777777777778, 0.08888888888888889, 0.06666666666666667, 0.03333333333333333, 0.0, 0.0]]}, "ranksDetailed": {"labels": ["Unranked", "Combatatant", "Challenger", "Rival", "Duelist", "Elite"], "data": [[0.21052631578947367, 0.4298245614035088, 0.2719298245614035, 0.08771929824561403, 0.0, 0.0], [0.07888040712468193, 0.3273960983884648, 0.457167090754877, 0.11280746395250212, 0.020356234096692113, 0.0033927056827820186], [0.02555066079295154, 0.15976505139500735, 0.43230543318649045, 0.26901615271659324, 0.09192364170337738, 0.021439060205580028], [0.04606005870399639, 0.23752540076766765, 0.4971776924813728, 0.17746669677128019, 0.036577105441408894, 0.005193045834274102], [0.25, 0.36363636363636365, 0.11363636363636363, 0.20454545454545456, 0.06818181818181818, 0.0], [0.01992855799962399, 0.1994735852603873, 0.4818574920097763, 0.2098138747884941, 0.06899793194209437, 0.01992855799962399], [0.08041575492341356, 0.36050328227571116, 0.40536105032822756, 0.0962800875273523, 0.039934354485776806, 0.0175054704595186], [0.42201834862385323, 0.42201834862385323, 0.11926605504587157, 0.03669724770642202, 0.0, 0.0], [0.10117272907970583, 0.4160206718346253, 0.35360763267740014, 0.09560723514211886, 0.02941761081295965, 0.0041741204531902205], [0.05482897384305835, 0.26961770623742454, 0.4949698189134809, 0.14386317907444668, 0.03370221327967807, 0.0030181086519114686], [0.08418891170431211, 0.3960105602816075, 0.39747726606042827, 0.09328248753300088, 0.024933998239953067, 0.004106776180698152], [0.042363433667781496, 0.25863991081382387, 0.500278706800446, 0.16192865105908585, 0.032329988851727984, 0.004459308807134894], [0.0632065775950668, 0.328365878725591, 0.4696813977389517, 0.11228160328879754, 0.02081192189105858, 0.005652620760534429], [0.011834319526627219, 0.1813186813186813, 0.5211327134404058, 0.22527472527472528, 0.05114116652578191, 0.009298393913778529], [0.0680786686838124, 0.3600605143721634, 0.40242057488653554, 0.12556732223903178, 0.028744326777609682, 0.015128593040847202], [0.039271688682613354, 0.27275972866833276, 0.49375223134594787, 0.149946447697251, 0.03748661192431275, 0.006783291681542306], [0.047636363636363636, 0.2938181818181818, 0.4690909090909091, 0.14836363636363636, 0.03345454545454545, 0.0076363636363636364], [0.15384615384615385, 0.46153846153846156, 0.23076923076923078, 0.15384615384615385, 0.0, 0.0], [0.019521178637200737, 0.19465930018416205, 0.5023941068139963, 0.20589318600368325, 0.07108655616942909, 0.006445672191528545], [0.017458384084449857, 0.16768168899715793, 0.49614291514413317, 0.22533495736906212, 0.06699147381242387, 0.02639058059277304], [0.03538399678327302, 0.22939284278246883, 0.4609971853638922, 0.20345798150381986, 0.05950944913550463, 0.011258544431041415], [0.03048780487804878, 0.2621951219512195, 0.5884146341463414, 0.11890243902439024, 0.0, 0.0], [0.01739839608536088, 0.16909066195460107, 0.5152915590593992, 0.23582982193829005, 0.053146663042000816, 0.009242897920347968], [0.016700749829584187, 0.22710747557373323, 0.5837309702340377, 0.15314701204271755, 0.01817768688934333, 0.0011361054305839581], [0.0337995337995338, 0.2747668997668998, 0.47435897435897434, 0.17424242424242425, 0.039627039627039624, 0.003205128205128205], [0.012794151245145076, 0.16244002741603839, 0.4658441855151931, 0.25359835503769707, 0.07973497829563628, 0.025588302490290152], [0.11167086481947942, 0.3795130142737196, 0.38706968933669184, 0.09655751469353484, 0.022670025188916875, 0.0025188916876574307], [0.1527777777777778, 0.3888888888888889, 0.37222222222222223, 0.07222222222222222, 0.008333333333333333, 0.005555555555555556], [0.06156901688182721, 0.33316782522343596, 0.45531281032770604, 0.11469712015888779, 0.03152929493545184, 0.003723932472691162], [0.029013539651837523, 0.20406189555125726, 0.47678916827852996, 0.19777562862669246, 0.06528046421663443, 0.027079303675048357], [0.024083769633507852, 0.23036649214659685, 0.4952879581151832, 0.19790575916230366, 0.044328097731239094, 0.008027923211169284], [0.03685058397100282, 0.3179621425694724, 0.4832863471606927, 0.12948046717680226, 0.029802658074909383, 0.002617801047120419], [0.025236593059936908, 0.2565720294426919, 0.5026288117770767, 0.16246056782334384, 0.04048370136698212, 0.012618296529968454], [0.015298507462686567, 0.13097014925373135, 0.4652985074626866, 0.258955223880597, 0.1085820895522388, 0.020895522388059702], [0.017163698777086463, 0.24973181720660803, 0.48616176786097404, 0.18064792962883502, 0.05513838232139026, 0.011156404205106201], [0.017214878573624345, 0.2543805717798955, 0.5279741776821396, 0.15969873962496156, 0.03550568705810021, 0.00522594528127882], [0.015229325305471933, 0.2071896582256065, 0.5709226137772269, 0.17248096334336815, 0.029573224721090845, 0.004604214627235701], [0.3888888888888889, 0.24444444444444444, 0.26666666666666666, 0.1, 0.0, 0.0]]}}}, "eu": {"histType": {"histogram": {"labels": ["0", "100", "200", "300", "400", "500", "600", "700", "800", "900", "1000", "1100", "1200", "1300", "1400", "1500", "1600", "1700", "1800", "1900", "2000", "2100", "2200", "2300", "2400", "2500", "2600", "2700", "2800", "2900", "3000", "3100"], "data": [[0.0, 0.0, 0.0, 0.0, 0.0, 0.01282051282051282, 0.02564102564102564, 0.038461538461538464, 0.10256410256410256, 0.10256410256410256, 0.08974358974358974, 0.08974358974358974, 0.11538461538461539, 0.07692307692307693, 0.0641025641025641, 0.11538461538461539, 0.038461538461538464, 0.05128205128205128, 0.02564102564102564, 0.01282051282051282, 0.02564102564102564, 0.01282051282051282, 0.0, 0.0, 0.0, 0.0, 0.0, 0.0, 0.0, 0.0, 0.0, 0.0], [0.0, 0.0, 0.0, 0.0009407337723424271, 0.0009407337723424271, 0.004703668861712135, 0.010348071495766699, 0.00658513640639699, 0.028222013170272814, 0.034807149576669805, 0.055503292568203196, 0.08748824082784572, 0.10442144873000941, 0.1279397930385701, 0.1458137347130762, 0.11853245531514581, 0.10724365004703669, 0.053621825023518345, 0.05644402634054563, 0.024459078080903106, 0.007525870178739417, 0.017873941674506115, 0.0018814675446848542, 0.004703668861712135, 0.0, 0.0, 0.0, 0.0, 0.0, 0.0, 0.0, 0.0], [0.0, 0.0, 0.0, 0.0, 0.00033921302578018993, 0.0010176390773405698, 0.0013568521031207597, 0.0033921302578018998, 0.009497964721845319, 0.014586160108548168, 0.02408412483039349, 0.03154681139755767, 0.052917232021709636, 0.07293080054274084, 0.09735413839891452, 0.09565807327001356, 0.14484396200814112, 0.09294436906377204, 0.15264586160108548, 0.062075983717774764, 0.0407055630936228, 0.046811397557666216, 0.019335142469470826, 0.010854816824966078, 0.014586160108548168, 0.0067842605156037995, 0.0037313432835820895, 0.0, 0.0, 0.0, 0.0, 0.0], [0.0, 0.0, 0.0, 0.00040494027130998176, 0.00020247013565499088, 0.00040494027130998176, 0.0014172909495849362, 0.005871633933994736, 0.00911115610447459, 0.01640008098805426, 0.03401498279003847, 0.04859283255719781, 0.06904231625835189, 0.09293379226564082, 0.1245191334278194, 0.12816359586960924, 0.1488155497064183, 0.10022271714922049, 0.11358574610244988, 0.04697307147195789, 0.019639603158534115, 0.021664304515084026, 0.008301275561854626, 0.003239522170479854, 0.0038469325774448267, 0.002024701356549909, 0.0006074104069649726, 0.0, 0.0, 0.0, 0.0, 0.0], [0.0, 0.0, 0.0, 0.0, 0.0, 0.0, 0.043478260869565216, 0.06521739130434782, 0.10869565217391304, 0.021739130434782608, 0.10869565217391304, 0.17391304347826086, 0.043478260869565216, 0.043478260869565216, 0.13043478260869565, 0.06521739130434782, 0.043478260869565216, 0.043478260869565216, 0.021739130434782608, 0.043478260869565216, 0.0, 0.021739130434782608, 0.021739130434782608, 0.0, 0.0, 0.0, 0.0, 0.0, 0.0, 0.0, 0.0, 0.0], [0.0, 0.0003709886848451122, 0.0001854943424225561, 0.0003709886848451122, 0.0005564830272676684, 0.0001854943424225561, 0.0001854943424225561, 0.003524392506028566, 0.004637358560563903, 0.010202188833240587, 0.01762196253014283, 0.030792060842144316, 0.05434984232980894, 0.08681135225375626, 0.1048043034687442, 0.11853088480801335, 0.1381932851048043, 0.09923947319606752, 0.12502318679280283, 0.06343906510851419, 0.03598590242997589, 0.051196438508625486, 0.020218883324058617, 0.008532739751437582, 0.015210536078649601, 0.005564830272676683, 0.003709886848451122, 0.0005564830272676684, 0.0, 0.0, 0.0, 0.0], [0.0, 0.00049800796812749, 0.00049800796812749, 0.00149402390438247, 0.00099601593625498, 0.0034860557768924302, 0.005478087649402391, 0.01593625498007968, 0.030876494023904383, 0.036354581673306775, 0.05876494023904383, 0.08067729083665338, 0.09611553784860558, 0.11404382470119521, 0.1100597609561753, 0.10657370517928287, 0.10059760956175298, 0.05727091633466135, 0.05926294820717132, 0.029880478087649404, 0.022908366533864542, 0.023406374501992032, 0.012948207171314742, 0.0099601593625498, 0.011454183266932271, 0.00398406374501992, 0.006474103585657371, 0.0, 0.0, 0.0, 0.0, 0.0], [0.0, 0.0, 0.0, 0.0, 0.014285714285714285, 0.014285714285714285, 0.0, 0.11428571428571428, 0.07142857142857142, 0.1, 0.08571428571428572, 0.1, 0.08571428571428572, 0.05714285714285714, 0.05714285714285714, 0.2, 0.07142857142857142, 0.02857142857142857, 0.0, 0.0, 0.0, 0.0, 0.0, 0.0, 0.0, 0.0, 0.0, 0.0, 0.0, 0.0, 0.0, 0.0], [0.0007887990534411359, 0.00019719976336028398, 0.0005915992900808519, 0.0011831985801617037, 0.0005915992900808519, 0.0019719976336028395, 0.006113192664168803, 0.012029185564977321, 0.029185564977322026, 0.04870834154999014, 0.07789390652731217, 0.09445868664957602, 0.12601064878722146, 0.12739104713074345, 0.11082626700847958, 0.09406428712285546, 0.08282390061131926, 0.0504831394202327, 0.050877538946953266, 0.029185564977322026, 0.018536777755866693, 0.017747978702425556, 0.008282390061131926, 0.004732794320646815, 0.004338394793926247, 0.0009859988168014198, 0.0, 0.0, 0.0, 0.0, 0.0, 0.0], [0.0, 0.0, 0.0, 0.0, 0.0, 0.001282051282051282, 0.001282051282051282, 0.007692307692307693, 0.013461538461538462, 0.021153846153846155, 0.04807692307692308, 0.04871794871794872, 0.07243589743589744, 0.1076923076923077, 0.12884615384615383, 0.12692307692307692, 0.14615384615384616, 0.07692307692307693, 0.1, 0.028846153846153848, 0.028205128205128206, 0.023717948717948717, 0.010897435897435897, 0.002564102564102564, 0.003205128205128205, 0.0019230769230769232, 0.0, 0.0, 0.0, 0.0, 0.0, 0.0], [0.00036101083032490973, 0.0, 0.0, 0.0, 0.001444043321299639, 0.002888086642599278, 0.003971119133574007, 0.011913357400722021, 0.023826714801444042, 0.039711191335740074, 0.06570397111913358, 0.08916967509025271, 0.11407942238267148, 0.12021660649819495, 0.12815884476534295, 0.10108303249097472, 0.0927797833935018, 0.05306859205776173, 0.0628158844765343, 0.03140794223826715, 0.020938628158844765, 0.0184115523465704, 0.008664259927797834, 0.004693140794223827, 0.002888086642599278, 0.0018050541516245488, 0.0, 0.0, 0.0, 0.0, 0.0, 0.0], [0.0, 0.0, 0.0, 0.0006027727546714888, 0.0009041591320072332, 0.0012055455093429777, 0.0015069318866787222, 0.006630500301386378, 0.012658227848101266, 0.02531645569620253, 0.03948161543098252, 0.04912597950572634, 0.08047016274864376, 0.09252561784207354, 0.12025316455696203, 0.11844484629294756, 0.1479807112718505, 0.08890898131404461, 0.09855334538878843, 0.04701627486437613, 0.023206751054852322, 0.025015069318866788, 0.0108499095840868, 0.0015069318866787222, 0.005123568414707656, 0.0015069318866787222, 0.0006027727546714888, 0.0003013863773357444, 0.0, 0.0, 0.0003013863773357444, 0.0], [0.00031210986267166043, 0.0, 0.00031210986267166043, 0.0009363295880149813, 0.00031210986267166043, 0.001560549313358302, 0.003745318352059925, 0.009987515605493134, 0.018102372034956304, 0.02746566791510612, 0.05149812734082397, 0.06897627965043696, 0.10205992509363296, 0.10892634207240949, 0.14325842696629212, 0.12390761548064919, 0.1104868913857678, 0.06991260923845194, 0.07459425717852684, 0.032147315855181026, 0.016853932584269662, 0.015605493133583021, 0.008739076154806492, 0.003433208489388265, 0.004057428214731586, 0.001560549313358302, 0.0012484394506866417, 0.0, 0.0, 0.0, 0.0, 0.0], [0.0, 0.0, 0.0, 0.0003856536829926726, 0.0003856536829926726, 0.0, 0.0007713073659853452, 0.0015426147319706903, 0.004627844195912071, 0.007713073659853451, 0.01504049363671423, 0.026610104126494408, 0.05553413035094485, 0.08330119552641728, 0.11608175858079445, 0.1349787890474354, 0.16081758580794447, 0.12225221750867721, 0.11338218279984574, 0.05669109139992287, 0.031623602005399154, 0.034708831469340534, 0.017354415734670267, 0.006941766293868106, 0.006170458927882761, 0.0011569610489780178, 0.0015426147319706903, 0.0003856536829926726, 0.0, 0.0, 0.0, 0.0], [0.0, 0.0, 0.00186219