{"region": {"us": {"histType": {"histogram": {"labels": ["0", "100", "200", "300", "400", "500", "600", "700", "800", "900", "1000", "1100", "1200", "1300", "1400", "1500", "1600", "1700", "1800", "1900", "2000", "2100", "2200", "2300", "2400", "2500", "2600", "2700", "2800", "2900", "3000", "3100", "3200"], "data": [[0.0, 0.0, 0.0028328611898017, 0.007082152974504249, 0.0028328611898017, 0.007082152974504249, 0.014164305949008499, 0.014164305949008499, 0.036827195467422094, 0.046742209631728045, 0.08356940509915015, 0.09773371104815864, 0.11614730878186968, 0.13172804532577903, 0.1274787535410765, 0.10056657223796034, 0.07507082152974505, 0.03541076487252125, 0.04815864022662889, 0.019830028328611898, 0.014164305949008499, 0.009915014164305949, 0.0056657223796034, 0.0028328611898017, 0.0, 0.0, 0.0, 0.0, 0.0, 0.0, 0.0, 0.0, 0.0], [0.0, 0.00025568908207619537, 0.00025568908207619537, 0.00025568908207619537, 0.0010227563283047815, 0.002301201738685758, 0.005113781641523907, 0.009204806954743032, 0.015341344924571721, 0.02914855535668627, 0.03937611863973409, 0.05574021989261058, 0.08361032983891588, 0.0933265149578113, 0.12503196113525952, 0.1373050370749169, 0.14676553311173612, 0.08361032983891588, 0.10176425466632574, 0.034773715162362565, 0.016619790334952696, 0.006647916133981079, 0.004091025313219126, 0.0025568908207619537, 0.003068268984914344, 0.000767067246228586, 0.0010227563283047815, 0.0010227563283047815, 0.0, 0.0, 0.0, 0.0, 0.0], [0.00011766090128250382, 0.0, 0.0, 0.00023532180256500765, 0.00023532180256500765, 0.00023532180256500765, 0.00023532180256500765, 0.0005883045064125191, 0.002588539828215084, 0.003412166137192611, 0.005177079656430168, 0.007294975879515237, 0.01200141193081539, 0.01917872690904812, 0.02517943287445582, 0.03882809742322626, 0.10542416754912343, 0.15778326861983763, 0.3569831744911166, 0.08683374514648783, 0.05271208377456171, 0.060360042357924464, 0.022002588539828213, 0.009412872102600306, 0.020472996823155665, 0.006236027767972703, 0.0031768443346276033, 0.0028238616307800918, 0.0, 0.0004706436051300153, 0.0, 0.0, 0.0], [0.0, 0.0, 0.0, 0.0, 0.00011512779184895233, 0.0, 0.0008058945429426663, 0.001726916877734285, 0.004720239465807046, 0.00782868984572876, 0.011743034768593138, 0.013239696062629518, 0.025903753166014277, 0.028781947962238083, 0.04305779415150818, 0.051807506332028554, 0.07160948653004835, 0.043978816486299796, 0.2734285056412618, 0.14897536265254432, 0.0886483997236933, 0.09498042827538568, 0.033156804052498275, 0.01381533502187428, 0.024867603039373704, 0.007253050886483997, 0.0049504950495049506, 0.0029933225880727607, 0.0016117890858853327, 0.0, 0.0, 0.0, 0.0], [0.0, 0.0, 0.0, 0.0, 0.010638297872340425, 0.005319148936170213, 0.026595744680851064, 0.026595744680851064, 0.05319148936170213, 0.06382978723404255, 0.07446808510638298, 0.0851063829787234, 0.10106382978723404, 0.11170212765957446, 0.09574468085106383, 0.09574468085106383, 0.0797872340425532, 0.03723404255319149, 0.05319148936170213, 0.031914893617021274, 0.03723404255319149, 0.005319148936170213, 0.005319148936170213, 0.0, 0.0, 0.0, 0.0, 0.0, 0.0, 0.0, 0.0, 0.0, 0.0], [0.0, 0.0, 0.0, 0.0, 0.0, 0.0, 0.0, 0.0013572770933389015, 0.0013572770933389015, 0.004698266861557736, 0.007204009187721862, 0.011484652328252245, 0.021403215702651912, 0.07945291292545417, 0.12006681979536438, 0.14762998538316977, 0.1742534975986636, 0.11004385049070788, 0.1458550845688035, 0.057214449780747544, 0.0324702443098768, 0.03967425349759866, 0.01472123616621424, 0.008248068490290248, 0.01252871163082063, 0.0041762372102735435, 0.004280643140530382, 0.001252871163082063, 0.0006264355815410315, 0.0, 0.0, 0.0, 0.0], [0.0, 0.0, 0.0004069175991861648, 0.0022380467955239063, 0.0016276703967446592, 0.0032553407934893183, 0.007121057985757884, 0.01261444557477111, 0.01953204476093591, 0.03519837232960325, 0.04903357070193286, 0.06856561546286877, 0.09460834181078331, 0.11251271617497456, 0.12166836215666328, 0.12044760935910478, 0.11963377416073245, 0.0669379450661241, 0.07344862665310274, 0.02868769074262462, 0.017293997965412006, 0.015055951169888098, 0.009766022380467955, 0.005493387589013225, 0.006510681586978637, 0.0028484231943031535, 0.002644964394710071, 0.0016276703967446592, 0.0008138351983723296, 0.0, 0.0004069175991861648, 0.0, 0.0], [0.0027624309392265192, 0.0027624309392265192, 0.0, 0.008287292817679558, 0.0055248618784530384, 0.019337016574585635, 0.013812154696132596, 0.04143646408839779, 0.058011049723756904, 0.11602209944751381, 0.11049723756906077, 0.13259668508287292, 0.10773480662983426, 0.10497237569060773, 0.06906077348066299, 0.07458563535911603, 0.052486187845303865, 0.013812154696132596, 0.024861878453038673, 0.03314917127071823, 0.0055248618784530384, 0.0, 0.0, 0.0027624309392265192, 0.0, 0.0, 0.0, 0.0, 0.0, 0.0, 0.0, 0.0, 0.0], [0.00031410323526332324, 0.00020940215684221548, 0.0005235053921055386, 0.00031410323526332324, 0.0005235053921055386, 0.001256412941053293, 0.0015705161763166161, 0.004292744215265417, 0.007538477646319757, 0.016123966076850592, 0.025756465291592503, 0.03455135587896555, 0.04156632813317977, 0.046382577740550726, 0.05884200607266255, 0.07904931420793634, 0.19568631556905036, 0.13213276096743795, 0.14249816773112764, 0.0649146686210868, 0.04313684430949639, 0.042403936760548634, 0.019579101664747148, 0.014239346665270653, 0.015914563920008375, 0.0048162496073709555, 0.004502146372107632, 0.0010470107842110773, 0.00031410323526332324, 0.0, 0.0, 0.0, 0.0], [0.0, 0.0, 0.0, 0.0, 0.000390015600624025, 0.00078003120124805, 0.001170046801872075, 0.001170046801872075, 0.00234009360374415, 0.008970358814352574, 0.012870514820592824, 0.015990639625585022, 0.02262090483619345, 0.03783151326053042, 0.060842433697347896, 0.07839313572542901, 0.1029641185647426, 0.08892355694227769, 0.17784711388455537, 0.06903276131045241, 0.0748829953198128, 0.09633385335413416, 0.0436817472698908, 0.017550702028081122, 0.046801872074883, 0.015990639625585022, 0.010530421216848674, 0.008190327613104524, 0.002730109204368175, 0.001170046801872075, 0.0, 0.0, 0.0], [0.0, 0.0, 0.00017998560115190784, 0.0, 0.0008999280057595393, 0.0005399568034557236, 0.0017998560115190785, 0.004319654427645789, 0.007739380849532037, 0.014758819294456443, 0.021238300935925127, 0.030777537796976243, 0.05345572354211663, 0.064434845212383, 0.10241180705543557, 0.12742980561555076, 0.15208783297336212, 0.09683225341972643, 0.14272858171346292, 0.06101511879049676, 0.03833693304535637, 0.03761699064074874, 0.012419006479481642, 0.008819294456443484, 0.010619150467962564, 0.003599712023038157, 0.0025197984161267097, 0.002339812814974802, 0.0010799136069114472, 0.0, 0.0, 0.0, 0.0], [0.0, 0.0, 0.00042668183757644715, 0.0005689091167685962, 0.0011378182335371925, 0.0032712274214194282, 0.006115773005262409, 0.012800455127293414, 0.02104963732043806, 0.0368368653107666, 0.058028729910396815, 0.0750960034134547, 0.09913241359692788, 0.1214620964300953, 0.13639596074527094, 0.12103541459251885, 0.1069549139524961, 0.059735457260702604, 0.0603043663774712, 0.027307637604892618, 0.018489546294979377, 0.013084909685677713, 0.008106954913952497, 0.004266818375764472, 0.0038401365381880246, 0.002417863746266534, 0.0011378182335371925, 0.0009955909543450433, 0.0, 0.0, 0.0, 0.0, 0.0], [0.0, 0.0, 0.0, 0.0, 0.00012597631645250694, 0.0005039052658100278, 0.001763668430335097, 0.002015621063240111, 0.0045351473922902496, 0.005291005291005291, 0.013353489543965735, 0.019400352733686066, 0.02784076593600403, 0.03350970017636684, 0.048626858150667675, 0.057949105568153185, 0.22713529856387, 0.15217939027462837, 0.20508944318468128, 0.07067271352985639, 0.04257999496094734, 0.039052658100277145, 0.016502897455278408, 0.01146384479717813, 0.011841773746535651, 0.0045351473922902496, 0.001889644746787604, 0.00163769211388259, 0.0005039052658100278, 0.0, 0.0, 0.0, 0.0], [0.00020368672980955292, 0.0, 0.0, 0.00010184336490477646, 0.00010184336490477646, 0.00030553009471432935, 0.0012221203788573174, 0.0016294938384764234, 0.004175577961095835, 0.009878806395763317, 0.016091251654954678, 0.019044709237193196, 0.02556268459109889, 0.08259496893777371, 0.13443324167430493, 0.14441389143497302, 0.1678378653630716, 0.10897240044811081, 0.13270190447092373, 0.05285670638557898, 0.030858539566147265, 0.031164069660861594, 0.012730420613097057, 0.00631428862409614, 0.008045625827477339, 0.003360831041857623, 0.003360831041857623, 0.0007129035543334351, 0.0006110601894286587, 0.0006110601894286587, 0.00010184336490477646, 0.0, 0.0], [0.0, 0.0, 0.0, 0.00018315018315018315, 0.0005494505494505495, 0.0003663003663003663, 0.001098901098901099, 0.0016483516483516484, 0.00402930402930403, 0.00641025641025641, 0.014652014652014652, 0.02454212454212454, 0.0456043956043956, 0.06648351648351648, 0.09633699633699634, 0.11483516483516483, 0.16117216117216118, 0.11996336996336997, 0.1498168498168498, 0.07032967032967033, 0.04487179487179487, 0.036813186813186814, 0.013553113553113554, 0.00695970695970696, 0.011355311355311355, 0.003663003663003663, 0.002380952380952381, 0.001098901098901099, 0.0007326007326007326, 0.0005494505494505495, 0.0, 0.0, 0.0], [0.0, 0.0, 0.00025031289111389235, 0.00025031289111389235, 0.0017521902377972466, 0.002753441802252816, 0.001501877346683354, 0.005256570713391739, 0.011013767209011264, 0.018272841051314142, 0.03053817271589487, 0.04730913642052566, 0.06533166458072591, 0.0918648310387985, 0.11514392991239049, 0.1276595744680851, 0.1336670838548185, 0.09637046307884856, 0.10087609511889863, 0.04555694618272841, 0.02828535669586984, 0.03128911138923655, 0.015269086357947435, 0.007008760951188986, 0.01151439299123905, 0.005506883604505632, 0.0025031289111389237, 0.0025031289111389237, 0.0005006257822277847, 0.00025031289111389235, 0.0, 0.0, 0.0], [0.00018532246108228317, 0.0, 0.0005559673832468495, 0.0012972572275759822, 0.0005559673832468495, 0.0016679021497405485, 0.0035211267605633804, 0.007412898443291327, 0.01167531504818384, 0.020570793180133433, 0.03206078576723499, 0.051704966641957006, 0.07635285396590066, 0.10118606375092662, 0.1245366938472943, 0.1276871756856931, 0.134173461823573, 0.08061527057079318, 0.11063750926612305, 0.04058561897702002, 0.022979985174203115, 0.02223869532987398, 0.01111934766493699, 0.005189028910303929, 0.005559673832468495, 0.0016679021497405485, 0.0016679021497405485, 0.0018532246108228317, 0.00037064492216456633, 0.00037064492216456633, 0.0, 0.0, 0.0], [0.0, 0.0, 0.00012370113805047008, 0.00024740227610094015, 0.0003711034141514102, 0.00012370113805047008, 0.0008659079663532904, 0.001855517070757051, 0.0027214250371103412, 0.006308758040573973, 0.012246412666996536, 0.014473033151904997, 0.027585353785254823, 0.05999505195447798, 0.14077189510143492, 0.15573973280554182, 0.17268678871845622, 0.10898070262246412, 0.165264720435428, 0.046759030183077685, 0.02498762988619495, 0.025977238990598714, 0.010514596734289956, 0.006432459178624443, 0.007545769421078674, 0.0027214250371103412, 0.001855517070757051, 0.0009896091044037606, 0.0014844136566056407, 0.0003711034141514102, 0.0, 0.0, 0.0], [0.0, 0.0, 0.0, 0.00641025641025641, 0.00641025641025641, 0.00641025641025641, 0.0, 0.019230769230769232, 0.04487179487179487, 0.08974358974358974, 0.057692307692307696, 0.09615384615384616, 0.07692307692307693, 0.05128205128205128, 0.05128205128205128, 0.1282051282051282, 0.09615384615384616, 0.08333333333333333, 0.05128205128205128, 0.03205128205128205, 0.02564102564102564, 0.019230769230769232, 0.02564102564102564, 0.0, 0.00641025641025641, 0.01282051282051282, 0.0, 0.01282051282051282, 0.0, 0.0, 0.0, 0.0, 0.0], [0.0002190580503833516, 0.0001095290251916758, 0.0, 0.0, 0.0, 0.0001095290251916758, 0.0002190580503833516, 0.0009857612267250822, 0.0024096385542168677, 0.004600219058050383, 0.00755750273822563, 0.01018619934282585, 0.022015334063526834, 0.030010952902519168, 0.05147864184008762, 0.17349397590361446, 0.22048192771084338, 0.14852135815991238, 0.15049288061336255, 0.06462212486308871, 0.036801752464403065, 0.03647316538882804, 0.013910186199342827, 0.006790799561883899, 0.010514786418400876, 0.0036144578313253013, 0.003176341730558598, 0.0006571741511500548, 0.000547645125958379, 0.0, 0.0, 0.0, 0.0], [0.0, 0.0, 0.0, 0.00011852554225435582, 0.0, 0.00011852554225435582, 0.0009482043380348466, 0.0003555766267630674, 0.001303780964797914, 0.0022519853028327604, 0.004503970605665521, 0.006755955908498281, 0.011496977598672515, 0.016237999288846748, 0.02809055351428233, 0.11947374659239066, 0.18466279483228637, 0.15040891312077753, 0.20421950930425506, 0.09233139741614318, 0.05784046462012564, 0.05629963257081901, 0.019675240014223064, 0.011496977598672515, 0.01872703567618822, 0.005807751570463435, 0.0035557662676306743, 0.002014934218324049, 0.0005926277112717791, 0.00023705108450871164, 0.0004741021690174233, 0.0, 0.0], [0.00019436345966958212, 9.718172983479106e-05, 0.0, 0.00019436345966958212, 0.00019436345966958212, 0.0005830903790087463, 0.0007774538386783285, 0.0018464528668610302, 0.0029154518950437317, 0.0055393586005830905, 0.010301263362487852, 0.013508260447035958, 0.01749271137026239, 0.024586977648202137, 0.038969873663751216, 0.14314868804664724, 0.16647230320699707, 0.14052478134110788, 0.18406219630709428, 0.08503401360544217, 0.050923226433430516, 0.05587949465500486, 0.022740524781341108, 0.01098153547133139, 0.014188532555879495, 0.0058309037900874635, 0.0020408163265306124, 0.0005830903790087463, 0.00038872691933916425, 0.0, 0.0, 0.0, 0.0], [0.0, 0.0, 0.0, 0.00145985401459854, 0.00145985401459854, 0.0, 0.00145985401459854, 0.0072992700729927005, 0.0072992700729927005, 0.0072992700729927005, 0.013138686131386862, 0.024817518248175182, 0.043795620437956206, 0.08905109489051095, 0.12262773722627737, 0.17664233576642335, 0.17518248175182483, 0.11970802919708029, 0.12116788321167883, 0.04817518248175182, 0.024817518248175182, 0.014598540145985401, 0.0, 0.0, 0.0, 0.0, 0.0, 0.0, 0.0, 0.0, 0.0, 0.0, 0.0], [0.0, 0.0, 0.0, 8.968609865470852e-05, 0.0, 8.968609865470852e-05, 0.0002690582959641256, 0.0007174887892376681, 0.0016143497757847534, 0.00484304932735426, 0.007443946188340807, 0.012556053811659192, 0.02116591928251121, 0.027623318385650224, 0.04071748878923767, 0.04852017937219731, 0.10986547085201794, 0.16340807174887892, 0.2739013452914798, 0.09524663677130045, 0.0568609865470852, 0.07219730941704036, 0.02295964125560538, 0.010044843049327354, 0.01748878923766816, 0.005470852017937219, 0.0026905829596412557, 0.0034080717488789236, 0.0006278026905829596, 0.00017937219730941703, 0.0, 0.0, 0.0], [9.828009828009828e-05, 9.828009828009828e-05, 9.828009828009828e-05, 0.0, 0.0003931203931203931, 0.0003931203931203931, 0.00029484029484029485, 0.0009828009828009828, 0.001081081081081081, 0.005208845208845209, 0.009533169533169534, 0.01896805896805897, 0.033218673218673216, 0.04461916461916462, 0.06555282555282556, 0.07695331695331695, 0.10899262899262899, 0.20334152334152333, 0.22427518427518428, 0.09081081081081081, 0.044815724815724815, 0.0399017199017199, 0.014545454545454545, 0.006191646191646191, 0.004127764127764128, 0.003832923832923833, 0.0012776412776412777, 0.0003931203931203931, 0.0, 0.0, 0.0, 0.0, 0.0], [0.0, 0.00010436234606553955, 0.0, 0.00010436234606553955, 0.00010436234606553955, 0.0005218117303276978, 0.0007305364224587769, 0.0016697975370486328, 0.00229597161344187, 0.004487580880818201, 0.008348987685243165, 0.03475266123982467, 0.05552076810686704, 0.0794197453558756, 0.10613650594865373, 0.1379670214986433, 0.15581298267585056, 0.11417240659570027, 0.13473178877061157, 0.062199958255061576, 0.03903151742851179, 0.030995616781465247, 0.01419327906491338, 0.005948653725735754, 0.005844291379670215, 0.0029221456898351076, 0.0015654351909830933, 0.0004174493842621582, 0.0, 0.0, 0.0, 0.0, 0.0], [0.0, 0.0, 0.0, 0.0, 0.00023832221163012392, 0.0, 0.0011916110581506197, 0.0021448999046711154, 0.004885605338417541, 0.0076263107721639654, 0.015967588179218305, 0.024547187797902766, 0.043136320305052434, 0.06661105815061964, 0.10140610104861773, 0.12845567206863678, 0.1531220209723546, 0.09830791229742612, 0.16396568160152525, 0.05993803622497617, 0.03848903717826502, 0.038608198284080075, 0.01751668255481411, 0.00786463298379409, 0.011201143946615824, 0.005004766444232603, 0.004408960915157293, 0.002740705433746425, 0.0011916110581506197, 0.00047664442326024784, 0.0009532888465204957, 0.0, 0.0], [0.0, 0.00017382235355466714, 0.00017382235355466714, 0.0003476447071093343, 0.0010429341213280027, 0.0010429341213280027, 0.0017382235355466714, 0.002607335303320007, 0.008691117677733357, 0.02555188597253607, 0.04362941074222145, 0.06031635668346949, 0.0766556579176082, 0.10377194507213627, 0.127411785155571, 0.11941595689205632, 0.14444637580392838, 0.07474361202850686, 0.10985572744654963, 0.029549800104293412, 0.022596905962106728, 0.021553971840778723, 0.007995828263514687, 0.003997914131757344, 0.00782200590996002, 0.00121675647488267, 0.0015644011819920041, 0.0010429341213280027, 0.0010429341213280027, 0.0, 0.0, 0.0, 0.0], [0.0, 0.0, 0.0, 0.0007398273736128237, 0.0022194821208384712, 0.001972872996300863, 0.003945745992601726, 0.007151664611590629, 0.013316892725030826, 0.016029593094944512, 0.02688039457459926, 0.041676942046855736, 0.055240443896424164, 0.08261405672009864, 0.12404438964241676, 0.12971639950678174, 0.15166461159062886, 0.09691738594327991, 0.10727496917385944, 0.04858199753390875, 0.02564734895191122, 0.023181257706535143, 0.012330456226880395, 0.008631319358816275, 0.008384710234278668, 0.003945745992601726, 0.0027127003699136867, 0.0032059186189889025, 0.0017262638717632551, 0.0002466091245376079, 0.0, 0.0, 0.0], [0.00022388895108026418, 0.0, 0.0, 0.0, 0.00044777790216052836, 0.00044777790216052836, 0.0016791671331019813, 0.0034702787417440948, 0.004925556923765812, 0.00962722489645136, 0.01757528265980074, 0.04522556811821336, 0.08496585693496025, 0.11955669987686107, 0.1465353184820329, 0.14877420799283556, 0.13892309414530393, 0.07858502182917274, 0.09526474868465241, 0.03369528713757976, 0.021269450352625098, 0.02462778461882906, 0.00850778014105004, 0.004925556923765812, 0.006716668532407925, 0.0017911116086421135, 0.001119444755401321, 0.0008955558043210567, 0.0, 0.00022388895108026418, 0.0, 0.0, 0.0], [0.0, 0.0, 0.0, 0.0002820078962210942, 0.0001410039481105471, 0.0001410039481105471, 0.0014100394811054709, 0.00042301184433164127, 0.0021150592216582064, 0.004653130287648054, 0.00775521714608009, 0.009306260575296108, 0.014664410603496898, 0.07430908065425831, 0.11280315848843768, 0.14001692047377326, 0.1694867456288776, 0.10970107163000564, 0.15975747320924985, 0.06020868584320361, 0.03680203045685279, 0.03990411731528483, 0.018612521150592216, 0.00874224478285392, 0.013818386914833615, 0.004935138183869149, 0.004794134235758601, 0.003102086858432036, 0.0011280315848843769, 0.0005640157924421884, 0.00042301184433164127, 0.0, 0.0], [0.0, 0.0, 0.0001733402669440111, 0.0003466805338880222, 0.0010400416016640667, 0.0012133818686080777, 0.002253423470272144, 0.0046801872074883, 0.0078003120124804995, 0.01750736696134512, 0.03016120644825793, 0.04142832379961865, 0.0686427457098284, 0.09135032067949385, 0.11804472178887156, 0.1310452418096724, 0.14421910209741723, 0.09083029987866181, 0.12272490899635985, 0.04610851100710695, 0.027214421910209743, 0.02236089443577743, 0.010747096550528688, 0.004160166406656267, 0.006066909343040388, 0.0008667013347200555, 0.002253423470272144, 0.005373548275264344, 0.0012133818686080777, 0.0001733402669440111, 0.0, 0.0, 0.0], [0.00011627906976744187, 0.0, 0.0, 0.0, 0.00011627906976744187, 0.0010465116279069768, 0.0006976744186046512, 0.002325581395348837, 0.0027906976744186047, 0.005813953488372093, 0.014069767441860465, 0.021744186046511627, 0.035813953488372095, 0.04267441860465116, 0.05883720930232558, 0.13279069767441862, 0.20546511627906977, 0.14720930232558138, 0.15465116279069768, 0.07034883720930232, 0.0436046511627907, 0.029534883720930234, 0.014883720930232559, 0.005813953488372093, 0.005465116279069767, 0.0022093023255813954, 0.0013953488372093023, 0.00046511627906976747, 0.00011627906976744187, 0.0, 0.0, 0.0, 0.0], [0.0, 0.0, 0.0, 0.00014916467780429595, 0.00014916467780429595, 0.00044749403341288785, 0.0005966587112171838, 0.0016408114558472554, 0.003579952267303103, 0.009248210023866348, 0.022822195704057278, 0.0331145584725537, 0.06831742243436754, 0.09680787589498807, 0.12947494033412887, 0.14513723150357996, 0.15542959427207637, 0.10307279236276849, 0.11157517899761336, 0.04191527446300716, 0.026551312649164677, 0.018943914081145586, 0.009994033412887827, 0.004922434367541766, 0.008204057279236277, 0.0017899761336515514, 0.0031324582338902148, 0.0019391408114558472, 0.0008949880668257757, 0.0, 0.00014916467780429595, 0.0, 0.0], [0.0, 0.0, 0.0, 0.00015595757953836556, 0.0, 0.0006238303181534623, 0.0009357454772301934, 0.0009357454772301934, 0.0023393636930754834, 0.002027448533998752, 0.005302557704304429, 0.016999376169681845, 0.04023705552089832, 0.06253898939488459, 0.09076731129132876, 0.1182158452900811, 0.15689332501559575, 0.11260137242669994, 0.17420461634435433, 0.06893325015595758, 0.043668122270742356, 0.044291952588895823, 0.019962570180910792, 0.011540860885839051, 0.014348097317529632, 0.006862133499688085, 0.0031191515907673115, 0.0012476606363069245, 0.001091703056768559, 0.00015595757953836556, 0.0, 0.0, 0.0], [0.0, 0.0, 0.00011503508570113885, 0.0, 0.0002300701714022777, 0.00034510525710341653, 0.00034510525710341653, 0.0012653859427125273, 0.0011503508570113886, 0.003796157828137582, 0.006672034970666053, 0.01610491199815944, 0.02703324513976763, 0.04509375359484643, 0.06775566547797078, 0.15794317266766364, 0.17876452317956976, 0.10893822615897848, 0.17600368112274245, 0.0633843322213275, 0.04279305188082365, 0.03888185896698493, 0.02404233291153802, 0.01196364891291844, 0.015759806741056023, 0.004601403428045554, 0.0032209823996318877, 0.002300701714022777, 0.0013804210284136661, 0.00011503508570113885, 0.0, 0.0, 0.0], [0.0, 0.0, 9.273856997125104e-05, 0.0, 9.273856997125104e-05, 9.273856997125104e-05, 9.273856997125104e-05, 0.0008346471297412594, 0.0017620328294537697, 0.0047296670685338035, 0.00899564128721135, 0.016321988314940184, 0.028099786701289067, 0.03616804228878791, 0.054808494853009364, 0.05907446907168692, 0.0719651302976908, 0.10182694982843364, 0.3138273207827135, 0.112306408235185, 0.0625057961606232, 0.07038857460817954, 0.01864045256422146, 0.008068255587498841, 0.01604377260502643, 0.005842529908188816, 0.004265974218677548, 0.0019475099693962719, 0.0007419085597700083, 0.0004636928498562552, 0.0, 0.0, 0.0], [0.0, 0.0, 0.0, 0.0, 0.0, 0.0001007252215954875, 0.0008058017727639, 0.0030217566478646252, 0.004935535858178888, 0.009871071716357776, 0.017727639000805803, 0.03354149879129734, 0.05066478646253022, 0.07594681708299758, 0.11462530217566479, 0.13587832393231264, 0.17284448025785656, 0.11069701853344077, 0.15451248992747785, 0.047643029814665595, 0.0249798549556809, 0.02628928283642224, 0.007453666398066076, 0.0031224818694601127, 0.002518130539887188, 0.001007252215954875, 0.0009065269943593876, 0.0009065269943593876, 0.0, 0.0, 0.0, 0.0, 0.0], [0.0, 0.00303951367781155, 0.0, 0.00303951367781155, 0.0060790273556231, 0.02127659574468085, 0.02127659574468085, 0.04559270516717325, 0.08206686930091185, 0.057750759878419454, 0.057750759878419454, 0.0729483282674772, 0.08206686930091185, 0.11550151975683891, 0.1276595744680851, 0.10030395136778116, 0.08206686930091185, 0.03951367781155015, 0.0364741641337386, 0.0182370820668693, 0.00911854103343465, 0.00911854103343465, 0.0, 0.00911854103343465, 0.0, 0.0, 0.0, 0.0, 0.0, 0.0, 0.0, 0.0, 0.0]]}, "ranks": {"labels": ["Unranked", "Combatatent I", "Combatatent II", "Challenger I", "Challenger II", "Rival I", "Rival II", "Duelist", "Elite"], "data": [[0.13172804532577903, 0.1813031161473088, 0.24787535410764872, 0.22804532577903683, 0.11048158640226628, 0.06232294617563739, 0.019830028328611898, 0.018413597733711047, 0.0], [0.06289951419074405, 0.09511633853234466, 0.17693684479672717, 0.2623369982101764, 0.23037586295065202, 0.12170800306826898, 0.031449757095372025, 0.013295832267962158, 0.005880848887752493], [0.007647958583362749, 0.012472055535945405, 0.03118013883986351, 0.06400753029768208, 0.26320743616896103, 0.4033415695964231, 0.09318743381574303, 0.09177550300035298, 0.033180374161666075], [0.015196868524061708, 0.02498273083122266, 0.05468570112825236, 0.09486530048353672, 0.11558830301634815, 0.3564356435643564, 0.15461662445314298, 0.14195256734975822, 0.04167626064932074], [0.18617021276595744, 0.1595744680851064, 0.2127659574468085, 0.19148936170212766, 0.11702127659574468, 0.0797872340425532, 0.0425531914893617, 0.010638297872340425, 0.0], [0.00741282104823554, 0.018688661515974106, 0.10085612862810607, 0.2676968051785341, 0.28429734808937146, 0.17863854666945084, 0.05690123198997703, 0.06264355815410315, 0.02286489872624765], [0.0819938962360122, 0.11759918616480163, 0.2071210579857579, 0.24211597151576805, 0.18657171922685656, 0.09074262461851475, 0.02868769074262462, 0.03031536113936928, 0.014852492370295015], [0.26795580110497236, 0.2430939226519337, 0.212707182320442, 0.143646408839779, 0.06629834254143646, 0.03867403314917127, 0.024861878453038673, 0.0027624309392265192, 0.0], [0.03266673646738561, 0.06030782117055806, 0.0879489058737305, 0.1378913202805989, 0.32781907653648834, 0.179771751649042, 0.07077792901266883, 0.07622238509056643, 0.026594073918961365], [0.014820592823712949, 0.028861154446177848, 0.060452418096723866, 0.1392355694227769, 0.1918876755070203, 0.21177847113884554, 0.10998439937597504, 0.15756630265210608, 0.08541341653666147], [0.03023758099352052, 0.052015838732901366, 0.11789056875449964, 0.22984161267098632, 0.24892008639308855, 0.17908567314614832, 0.06299496040316775, 0.058855291576673865, 0.020158387329013677], [0.08220736737306215, 0.13312473332385152, 0.22059451002702318, 0.2574313753377898, 0.16669037121319868, 0.07452709429668611, 0.03157445598065709, 0.02545868297539468, 0.008391409472336794], [0.014235323759133283, 0.0327538422776518, 0.061350466112370876, 0.10657596371882086, 0.37931468883849834, 0.24590576971529352, 0.07243638196019149, 0.06701940035273368, 0.02040816326530612], [0.017618902128526327, 0.03513596089214788, 0.10815765352887259, 0.27884713310927794, 0.2768102658111824, 0.16244016702311845, 0.05397698339953152, 0.05020877889805479, 0.016804155209288116], [0.014285714285714285, 0.039194139194139194, 0.11208791208791209, 0.21117216117216117, 0.28113553113553114, 0.18864468864468864, 0.07637362637362638, 0.057326007326007324, 0.01978021978021978], [0.04105131414267835, 0.07784730913642053, 0.1571964956195244, 0.2428035043804756, 0.2300375469336671, 0.12615769712140176, 0.04856070087609512, 0.05356695869837297, 0.022778473091364205], [0.04744255003706449, 0.083765752409192, 0.17753891771682728, 0.2522238695329874, 0.2147887323943662, 0.13510007412898442, 0.03910303928836175, 0.0385470719051149, 0.011489992587101558], [0.012617516081147946, 0.026719445818901535, 0.0875804057397328, 0.29651162790697677, 0.28166749134092034, 0.19186046511627908, 0.04515091538842157, 0.04292429490351311, 0.014967837704106878], [0.17307692307692307, 0.15384615384615385, 0.1282051282051282, 0.1794871794871795, 0.1794871794871795, 0.057692307692307696, 0.05128205128205128, 0.04487179487179487, 0.03205128205128205], [0.008652792990142388, 0.017743702081051478, 0.052026286966046005, 0.22497261774370209, 0.36900328587075576, 0.18882803943044907, 0.06308871851040526, 0.05717415115005477, 0.018510405257393208], [0.0050965983169373, 0.011259926514163802, 0.02773497688751926, 0.14756430010667299, 0.3350717079530639, 0.2556595946426455, 0.09873177669787839, 0.08747185018371459, 0.03140926869740429], [0.012342079689018464, 0.023809523809523808, 0.04207968901846453, 0.18211856171039845, 0.306997084548105, 0.2313896987366375, 0.08862973760932945, 0.08960155490767735, 0.023032069970845483], [0.026277372262773723, 0.03795620437956204, 0.13284671532846715, 0.29927007299270075, 0.2948905109489051, 0.15328467153284672, 0.040875912408759124, 0.014598540145985401, 0.0], [0.007623318385650224, 0.02, 0.048789237668161435, 0.08923766816143498, 0.27327354260089687, 0.32923766816143496, 0.09677130044843049, 0.1052017937219731, 0.029865470852017937], [0.008648648648648649, 0.0285012285012285, 0.07783783783783783, 0.14250614250614252, 0.31233415233415235, 0.2746928746928747, 0.08520884520884521, 0.06063882063882064, 0.00963144963144963], [0.010018785222291797, 0.043101648925067834, 0.13494051346274263, 0.24410352744729702, 0.2699853892715508, 0.16917136297223961, 0.06679190148194532, 0.05113754957211438, 0.010749321644750573], [0.016086749285033366, 0.04051477597712107, 0.10974737845567206, 0.22986177311725453, 0.25142993326978075, 0.19566253574833176, 0.0667302192564347, 0.06398951382268828, 0.025977121067683507], [0.04136972014601078, 0.10394576742569095, 0.18042760298974447, 0.24682774204762734, 0.21918998783243526, 0.12619502868068833, 0.03580740483226143, 0.033547714236050755, 0.0126890318094907], [0.045376078914919855, 0.068557336621455, 0.13785450061652282, 0.25376078914919853, 0.24858199753390875, 0.13415536374845868, 0.04734895191122072, 0.04414303329223181, 0.020221948212083847], [0.02082167245046457, 0.0628008507780141, 0.20452255681182133, 0.29530952647486847, 0.21750811597447667, 0.11418336505093474, 0.03604612112392253, 0.038061121683644915, 0.010746669651852682], [0.00916525662718556, 0.017061477721376197, 0.08897349125775522, 0.2528200789622109, 0.27918781725888325, 0.19289340101522842, 0.06387478849407784, 0.06725888324873096, 0.028764805414551606], [0.03501473392269024, 0.07158953024787658, 0.15999306638932223, 0.24908996359854393, 0.23504940197607904, 0.14889928930490554, 0.047148552608771016, 0.03726815739296239, 0.01594730455884902], [0.012906976744186047, 0.035813953488372095, 0.07848837209302326, 0.19162790697674417, 0.35267441860465115, 0.1930232558139535, 0.0755813953488372, 0.05023255813953489, 0.009651162790697674], [0.01581145584725537, 0.05593675417661098, 0.1651252983293556, 0.2746121718377088, 0.25850238663484487, 0.13469570405727924, 0.045346062052505964, 0.03386038186157518, 0.016109785202863963], [0.007018091079226451, 0.022301933873986275, 0.1027760449157829, 0.20898315658140987, 0.2694946974422957, 0.21257018091079227, 0.07423580786026202, 0.07579538365564567, 0.026824703680598878], [0.007247210399171747, 0.02277694696882549, 0.07212699873461406, 0.2256988381456344, 0.2877027493385483, 0.209593926147475, 0.07258713907741861, 0.0748878407914414, 0.027378350396871046], [0.0076973013076138365, 0.025317629602151535, 0.06426782899007698, 0.11388296392469628, 0.17379208012612446, 0.37568394695353796, 0.11295557822498377, 0.09709728275989984, 0.02930538811091533], [0.018734891216760675, 0.05126913779210314, 0.1266116035455278, 0.25050362610797744, 0.28354149879129736, 0.181406124093473, 0.04572925060435133, 0.03686543110394843, 0.005338436744560838], [0.24012158054711247, 0.13069908814589665, 0.19756838905775076, 0.22796352583586627, 0.12158054711246201, 0.03951367781155015, 0.0243161094224924, 0.0182370820668693, 0.0]]}, "ranksDetailed": {"labels": ["Unranked", "Combatatant", "Challenger", "Rival", "Duelist", "Elite"], "data": [[0.13172804532577903, 0.42917847025495753, 0.3385269121813031, 0.0821529745042493, 0.018413597733711047, 0.0], [0.06289951419074405, 0.27205318332907186, 0.4927128611608284, 0.15315776016364102, 0.013295832267962158, 0.005880848887752493], [0.007647958583362749, 0.04365219437580892, 0.3272149664666431, 0.49652900341216616, 0.09177550300035298, 0.033180374161666075], [0.015196868524061708, 0.07966843195947501, 0.21045360349988487, 0.5110522680174995, 0.14195256734975822, 0.04167626064932074], [0.18617021276595744, 0.3723404255319149, 0.30851063829787234, 0.12234042553191489, 0.010638297872340425, 0.0], [0.00741282104823554, 0.11954479014408019, 0.5519941532679056, 0.23553977865942785, 0.06264355815410315, 0.02286489872624765], [0.0819938962360122, 0.3247202441505595, 0.42868769074262464, 0.11943031536113936, 0.03031536113936928, 0.014852492370295015], [0.26795580110497236, 0.4558011049723757, 0.20994475138121546, 0.06353591160220995, 0.0027624309392265192, 0.0], [0.03266673646738561, 0.14825672704428855, 0.4657103968170872, 0.2505496806617108, 0.07622238509056643, 0.026594073918961365], [0.014820592823712949, 0.08931357254290172, 0.33112324492979717, 0.3217628705148206, 0.15756630265210608, 0.08541341653666147], [0.03023758099352052, 0.16990640748740102, 0.4787616990640749, 0.24208063354931605, 0.058855291576673865, 0.020158387329013677], [0.08220736737306215, 0.3537192433508747, 0.4241217465509885, 0.10610155027734319, 0.02545868297539468, 0.008391409472336794], [0.014235323759133283, 0.09410430839002268, 0.4858906525573192, 0.318342151675485, 0.06701940035273368, 0.02040816326530612], [0.017618902128526327, 0.14329361442102048, 0.5556573989204603, 0.21641715042264997, 0.05020877889805479, 0.016804155209288116], [0.014285714285714285, 0.15128205128205127, 0.49230769230769234, 0.265018315018315, 0.057326007326007324, 0.01978021978021978], [0.04105131414267835, 0.23504380475594494, 0.47284105131414267, 0.17471839799749686, 0.05356695869837297, 0.022778473091364205], [0.04744255003706449, 0.26130467012601927, 0.4670126019273536, 0.17420311341734618, 0.0385470719051149, 0.011489992587101558], [0.012617516081147946, 0.11429985155863434, 0.5781791192478971, 0.23701138050470064, 0.04292429490351311, 0.014967837704106878], [0.17307692307692307, 0.28205128205128205, 0.358974358974359, 0.10897435897435898, 0.04487179487179487, 0.03205128205128205], [0.008652792990142388, 0.06976998904709748, 0.5939759036144578, 0.25191675794085433, 0.05717415115005477, 0.018510405257393208], [0.0050965983169373, 0.03899490340168306, 0.4826360080597369, 0.3543913713405239, 0.08747185018371459, 0.03140926869740429], [0.012342079689018464, 0.06588921282798833, 0.4891156462585034, 0.32001943634596697, 0.08960155490767735, 0.023032069970845483], [0.026277372262773723, 0.1708029197080292, 0.5941605839416059, 0.19416058394160585, 0.014598540145985401, 0.0], [0.007623318385650224, 0.06878923766816143, 0.36251121076233184, 0.4260089686098655, 0.1052017937219731, 0.029865470852017937], [0.008648648648648649, 0.10633906633906634, 0.45484029484029487, 0.3599017199017199, 0.06063882063882064, 0.00963144963144963], [0.010018785222291797, 0.17804216238781048, 0.5140889167188478, 0.23596326445418492, 0.05113754957211438, 0.010749321644750573], [0.016086749285033366, 0.15026215443279314, 0.4812917063870353, 0.26239275500476644, 0.06398951382268828, 0.025977121067683507], [0.04136972014601078, 0.2843733704154354, 0.46601772988006257, 0.16200243351294977, 0.033547714236050755, 0.0126890318094907], [0.045376078914919855, 0.20641183723797782, 0.5023427866831073, 0.18150431565967942, 0.04414303329223181, 0.020221948212083847], [0.02082167245046457, 0.2673234075898354, 0.5128176424493451, 0.15022948617485726, 0.038061121683644915, 0.010746669651852682], [0.00916525662718556, 0.10603496897913142, 0.5320078962210942, 0.25676818950930624, 0.06725888324873096, 0.028764805414551606], [0.03501473392269024, 0.23158259663719882, 0.484139365574623, 0.19604784191367655, 0.03726815739296239, 0.01594730455884902], [0.012906976744186047, 0.11430232558139534, 0.5443023255813954, 0.2686046511627907, 0.05023255813953489, 0.009651162790697674], [0.01581145584725537, 0.22106205250596658, 0.5331145584725537, 0.1800417661097852, 0.03386038186157518, 0.016109785202863963], [0.007018091079226451, 0.12507797878976917, 0.4784778540237056, 0.2868059887710543, 0.07579538365564567, 0.026824703680598878], [0.007247210399171747, 0.09490394570343955, 0.5134015874841826, 0.2821810652248936, 0.0748878407914414, 0.027378350396871046], [0.0076973013076138365, 0.08958545859222851, 0.2876750440508207, 0.48863952517852177, 0.09709728275989984, 0.02930538811091533], [0.018734891216760675, 0.17788074133763093, 0.5340451248992748, 0.22713537469782433, 0.03686543110394843, 0.005338436744560838], [0.24012158054711247, 0.3282674772036474, 0.3495440729483283, 0.06382978723404255, 0.0182370820668693, 0.0]]}}}, "eu": {"histType": {"histogram": {"labels": ["0", "100", "200", "300", "400", "500", "600", "700", "800", "900", "1000", "1100", "1200", "1300", "1400", "1500", "1600", "1700", "1800", "1900", "2000", "2100", "2200", "2300", "2400", "2500", "2600", "2700", "2800", "2900", "3000", "3100", "3200"], "data": [[0.0, 0.0, 0.0018796992481203006, 0.0, 0.0, 0.005639097744360902, 0.011278195488721804, 0.02631578947368421, 0.05263157894736842, 0.07706766917293233, 0.07706766917293233, 0.10338345864661654, 0.09774436090225563, 0.12406015037593984, 0.14097744360902256, 0.09586466165413533, 0.06015037593984962, 0.039473684210526314, 0.03571428571428571, 0.022556390977443608, 0.007518796992481203, 0.005639097744360902, 0.015037593984962405, 0.0, 0.0, 0.0, 0.0, 0.0, 0.0, 0.0, 0.0, 0.0, 0.0], [0.0002820078962210942, 0.0002820078962210942, 0.0005640157924421884, 0.0011280315848843769, 0.0019740552735476595, 0.004230118443316413, 0.00676818950930626, 0.010998307952622674, 0.019176536943034405, 0.034122955442752394, 0.04483925549915398, 0.0631697687535251, 0.08093626621545404, 0.10377890580936266, 0.1362098138747885, 0.1314156796390299, 0.14015792442188382, 0.06598984771573604, 0.09475465313028765, 0.025380710659898477, 0.011280315848843767, 0.011280315848843767, 0.004794134235758601, 0.0025380710659898475, 0.0028200789622109417, 0.0005640157924421884, 0.0005640157924421884, 0.0, 0.0, 0.0, 0.0, 0.0, 0.0], [0.0, 0.0, 0.0, 0.00011892020454275182, 0.00011892020454275182, 0.00011892020454275182, 0.0, 0.0008324414317992627, 0.001902723272684029, 0.0026162444999405397, 0.005827090022594839, 0.009513616363420145, 0.011892020454275181, 0.015340706386014985, 0.025805684385777145, 0.034962540135569035, 0.18920204542751815, 0.15412058508740634, 0.3158520632655488, 0.08003329765727198, 0.050897847544297777, 0.053276251635152816, 0.018432631704126533, 0.007373052681650612, 0.011178499227018671, 0.004875728386252824, 0.0030919253181115472, 0.0021405636817695326, 0.00023784040908550363, 0.00023784040908550363, 0.0, 0.0, 0.0], [0.0, 0.0, 0.0, 0.00011050944855785169, 0.00011050944855785169, 0.00022101889711570338, 0.0007735661399049619, 0.0020996795225991824, 0.0024312078682727375, 0.00585700077356614, 0.01171400154713228, 0.017349983423582717, 0.020665266880318268, 0.02674328655100011, 0.04287766604044646, 0.05426013924190518, 0.07680406674770693, 0.05249198806497955, 0.280915018234059, 0.14211515084539728, 0.0906177478174384, 0.08719195491214499, 0.030942645596198474, 0.013371643275500056, 0.02298596530003315, 0.008177699193281025, 0.004862415736545475, 0.0030942645596198476, 0.0009945850370206653, 0.00022101889711570338, 0.0, 0.0, 0.0], [0.0, 0.0, 0.0, 0.0, 0.0, 0.021505376344086023, 0.03225806451612903, 0.04838709677419355, 0.05913978494623656, 0.05913978494623656, 0.06989247311827956, 0.08064516129032258, 0.053763440860215055, 0.11827956989247312, 0.08602150537634409, 0.15053763440860216, 0.026881720430107527, 0.06451612903225806, 0.043010752688172046, 0.043010752688172046, 0.021505376344086023, 0.005376344086021506, 0.0, 0.005376344086021506, 0.010752688172043012, 0.0, 0.0, 0.0, 0.0, 0.0, 0.0, 0.0, 0.0], [0.0, 0.00010398253093480295, 0.00010398253093480295, 0.0002079650618696059, 0.00031194759280440883, 0.00010398253093480295, 0.0002079650618696059, 0.0011438078402828324, 0.001871685556826453, 0.003847353644587709, 0.007798689820110221, 0.011957991057502339, 0.03930539669335552, 0.08703337839243007, 0.12477903712176354, 0.13538525527711345, 0.1589892897993137, 0.10990953519808672, 0.14775917645835498, 0.055318706457315174, 0.03379432255381096, 0.03836955391494229, 0.015597379640220442, 0.005511074139544557, 0.010398253093480296, 0.004471248830196527, 0.0035354060517833004, 0.0011438078402828324, 0.00051