{"region": {"us": {"histType": {"histogram": {"labels": ["0", "100", "200", "300", "400", "500", "600", "700", "800", "900", "1000", "1100", "1200", "1300", "1400", "1500", "1600", "1700", "1800", "1900", "2000", "2100", "2200", "2300", "2400", "2500", "2600", "2700", "2800", "2900", "3000", "3100"], "data": [[0.0, 0.0, 0.0033222591362126247, 0.0033222591362126247, 0.006644518272425249, 0.006644518272425249, 0.023255813953488372, 0.013289036544850499, 0.03322259136212625, 0.03322259136212625, 0.06976744186046512, 0.08637873754152824, 0.07641196013289037, 0.11295681063122924, 0.10963455149501661, 0.11295681063122924, 0.08305647840531562, 0.06312292358803986, 0.053156146179401995, 0.046511627906976744, 0.023255813953488372, 0.019933554817275746, 0.019933554817275746, 0.0, 0.0, 0.0, 0.0, 0.0, 0.0, 0.0, 0.0, 0.0], [0.0, 0.0008539709649871904, 0.0, 0.0004269854824935952, 0.0008539709649871904, 0.0017079419299743809, 0.005123825789923143, 0.01067463706233988, 0.01067463706233988, 0.020922288642186166, 0.034585824081981215, 0.04526046114432109, 0.06618274978650726, 0.07643040136635354, 0.10162254483347566, 0.12126387702818105, 0.14816396242527755, 0.09350982066609735, 0.1426131511528608, 0.053800170794193, 0.02305721605465414, 0.015371477369769428, 0.00982066609735269, 0.005123825789923143, 0.0034158838599487617, 0.0034158838599487617, 0.003842869342442357, 0.0012809564474807857, 0.0, 0.0, 0.0, 0.0], [0.0001368550704803613, 0.0, 0.0, 0.0002737101409607226, 0.0002737101409607226, 0.0002737101409607226, 0.0002737101409607226, 0.0006842753524018064, 0.003695086902969755, 0.004516217325851923, 0.0084850143697824, 0.012316956343232517, 0.019570275078691666, 0.030929245928561652, 0.04694128917476392, 0.06979608594498427, 0.11892705624743397, 0.1053784042698782, 0.25865608320788286, 0.08786095524839195, 0.05857397016559464, 0.0823867524291775, 0.026002463391268646, 0.013548651977555769, 0.029834405364718763, 0.009716710004105652, 0.004379362255371562, 0.003284521691528671, 0.002326536198166142, 0.0009579854933625291, 0.0, 0.0], [0.0, 0.0, 0.0, 0.0, 0.00012521913348359628, 0.00025043826696719256, 0.0010017530678687703, 0.0023791635361883295, 0.006511394941147007, 0.011394941147007263, 0.016779363886801905, 0.019909842223891812, 0.037315301778111695, 0.051590282995241675, 0.07650889055847733, 0.10443275732531931, 0.15952917605810168, 0.11382419233658903, 0.18469822188830454, 0.07726020535937891, 0.048835462058602556, 0.049837215126471324, 0.015276734284998747, 0.007888805409466567, 0.009516654144753318, 0.002629601803155522, 0.0011269722013523666, 0.0010017530678687703, 0.00012521913348359628, 0.00025043826696719256, 0.0, 0.0], [0.0, 0.0, 0.0, 0.0, 0.00909090909090909, 0.0, 0.00909090909090909, 0.03636363636363636, 0.02727272727272727, 0.05454545454545454, 0.045454545454545456, 0.08181818181818182, 0.07272727272727272, 0.10909090909090909, 0.08181818181818182, 0.1, 0.05454545454545454, 0.03636363636363636, 0.09090909090909091, 0.1, 0.02727272727272727, 0.02727272727272727, 0.01818181818181818, 0.01818181818181818, 0.0, 0.0, 0.0, 0.0, 0.0, 0.0, 0.0, 0.0], [0.0, 0.0, 0.0, 0.00012968486577616392, 0.0, 0.00012968486577616392, 0.0, 0.0019452729866424588, 0.001685903255090131, 0.007132667617689016, 0.011282583322526261, 0.018933990403319934, 0.03332901050447413, 0.05809881986772144, 0.08727791466735832, 0.11866165218519, 0.15691868758915833, 0.1067306445337829, 0.16301387628063804, 0.0679548696667099, 0.04175852677992478, 0.05848787446504993, 0.019971469329529243, 0.009466995201659967, 0.01984178446375308, 0.007392037349241344, 0.003371806510180262, 0.003242121644404098, 0.001815588120866295, 0.0014265335235378032, 0.0, 0.0], [0.0, 0.0, 0.0002735229759299781, 0.0016411378555798686, 0.0019146608315098468, 0.002735229759299781, 0.004649890590809628, 0.009026258205689279, 0.018326039387308535, 0.02735229759299781, 0.038840262582056896, 0.048960612691466086, 0.06838074398249452, 0.08479212253829321, 0.10886214442013128, 0.12855579868708972, 0.12910284463894967, 0.08205689277899343, 0.10065645514223195, 0.03938730853391685, 0.02762582056892779, 0.0262582056892779, 0.012035010940919038, 0.007932166301969365, 0.012035010940919038, 0.0057439824945295405, 0.006838074398249453, 0.0016411378555798686, 0.0030087527352297594, 0.0013676148796498905, 0.0, 0.0], [0.003436426116838488, 0.0, 0.003436426116838488, 0.010309278350515464, 0.013745704467353952, 0.013745704467353952, 0.01718213058419244, 0.048109965635738834, 0.05154639175257732, 0.10309278350515463, 0.08934707903780069, 0.09965635738831616, 0.09278350515463918, 0.10309278350515463, 0.07560137457044673, 0.07216494845360824, 0.07216494845360824, 0.030927835051546393, 0.024054982817869417, 0.03436426116838488, 0.013745704467353952, 0.027491408934707903, 0.0, 0.0, 0.0, 0.0, 0.0, 0.0, 0.0, 0.0, 0.0, 0.0], [0.00041177681696520483, 0.00030883261272390367, 0.0005147210212065061, 0.0006176652254478073, 0.0005147210212065061, 0.0018529956763434219, 0.0016471072678608193, 0.005353098620547663, 0.009676755198682314, 0.020588840848260244, 0.03500102944204241, 0.049619106444307184, 0.06526662548898497, 0.07442865966646078, 0.09687049619106444, 0.11385628989087915, 0.13670990323244803, 0.08781140621782993, 0.10006176652254478, 0.058163475396335186, 0.03850113238624665, 0.03850113238624665, 0.0171916821082973, 0.011632695079267038, 0.019147621988882025, 0.00761787111385629, 0.004529544986617253, 0.002882437718756434, 0.0007206094296891085, 0.0, 0.0, 0.0], [0.0, 0.0, 0.0, 0.0, 0.0, 0.0003874467260751647, 0.0003874467260751647, 0.0003874467260751647, 0.0003874467260751647, 0.006199147617202635, 0.007361487795428129, 0.006974041069352964, 0.012010848508330105, 0.02324680356450988, 0.04184424641611778, 0.06237892289810151, 0.08523827973653622, 0.08601317318868655, 0.1820999612553274, 0.08485083301046106, 0.0833010461061604, 0.1162340178225494, 0.05191786129407207, 0.0263463773731112, 0.06547849670670283, 0.02169701666020922, 0.014335528864781092, 0.012010848508330105, 0.005036807438977141, 0.0038744672607516468, 0.0, 0.0], [0.0, 0.0, 0.0006598482349059716, 0.0, 0.001649620587264929, 0.0009897723523589574, 0.003629165291982844, 0.003629165291982844, 0.011877268228307489, 0.017815902342461234, 0.03134279115803365, 0.03695150115473441, 0.06103596172880237, 0.07390300230946882, 0.09369844935664796, 0.11349389640382712, 0.14285714285714285, 0.09468822170900693, 0.1464863081491257, 0.047509072913229956, 0.03827119762454635, 0.03860112174199934, 0.011547344110854504, 0.008907951171230617, 0.011217419993401518, 0.003299241174529858, 0.0023094688221709007, 0.0029693170570768723, 0.0006598482349059716, 0.0, 0.0, 0.0], [0.00018677624206200972, 0.0, 0.0005603287261860292, 0.0005603287261860292, 0.0009338812103100486, 0.0022413149047441168, 0.004856182293612252, 0.008404930892790437, 0.014568546880836758, 0.023533806499813223, 0.05267090026148674, 0.06481135599551736, 0.09096002988419873, 0.09936496077698917, 0.13317146059021293, 0.13205080313784087, 0.12551363466567053, 0.07340306313036982, 0.07676503548748599, 0.03735524841240194, 0.01979828165857303, 0.016809861785580874, 0.008031378408666417, 0.005416511019798282, 0.004109077325364214, 0.002054538662682107, 0.0014942099364960778, 0.00037355248412401944, 0.0, 0.0, 0.0, 0.0], [0.0, 0.0, 0.0, 0.0, 0.00034995625546806647, 0.0006999125109361329, 0.0027996500437445318, 0.0033245844269466315, 0.007699037620297462, 0.010498687664041995, 0.02484689413823272, 0.03762029746281715, 0.05179352580927384, 0.0689413823272091, 0.10778652668416448, 0.1132108486439195, 0.1436570428696413, 0.10323709536307961, 0.15328083989501312, 0.05861767279090114, 0.03552055993000875, 0.03342082239720035, 0.01294838145231846, 0.009448818897637795, 0.011898512685914261, 0.004374453193350831, 0.0017497812773403325, 0.0017497812773403325, 0.0005249343832020997, 0.0, 0.0, 0.0], [0.00023380874444704232, 0.0, 0.0, 0.00011690437222352116, 0.00023380874444704232, 0.00046761748889408465, 0.001519756838905775, 0.0024549918166939444, 0.00502688800561141, 0.014262333411269581, 0.02232873509469254, 0.027823240589198037, 0.03857844283376198, 0.053074584989478604, 0.07996259060088848, 0.10685059621229834, 0.1457797521627309, 0.10813654430675708, 0.16109422492401215, 0.07353285012859481, 0.04956745382277297, 0.05295768061725509, 0.01928922141688099, 0.008534019172317045, 0.01414542903904606, 0.0047930792611643675, 0.002688800561140987, 0.00303951367781155, 0.002221183072246902, 0.0012859480944587328, 0.0, 0.0], [0.0, 0.0, 0.00023957834211787255, 0.0, 0.0004791566842357451, 0.0004791566842357451, 0.0007187350263536176, 0.0009583133684714902, 0.003833253473885961, 0.004072831816003833, 0.013416387158600862, 0.017968375658840442, 0.03713464302827024, 0.0515093435553426, 0.07570675610924772, 0.10709151892668903, 0.15428845232390992, 0.11403929084810734, 0.16866315285098227, 0.0802587446094873, 0.05630091039770005, 0.05198850023957834, 0.023239099185433636, 0.010301868711068519, 0.014374700527072353, 0.006947771921418304, 0.002156205079060853, 0.0016770483948251077, 0.0014374700527072352, 0.0007187350263536176, 0.0, 0.0], [0.0, 0.0, 0.0, 0.0, 0.0012776831345826234, 0.0008517887563884157, 0.0008517887563884157, 0.00596252129471891, 0.011073253833049404, 0.014906303236797274, 0.019165247018739354, 0.030664395229982964, 0.049403747870528106, 0.061754684838160136, 0.0817717206132879, 0.10604770017035775, 0.13713798977853492, 0.10264054514480409, 0.12947189097103917, 0.06431005110732538, 0.048551959114139696, 0.04812606473594549, 0.027257240204429302, 0.013628620102214651, 0.018313458262350937, 0.010221465076660987, 0.005110732538330494, 0.0038330494037478705, 0.004684838160136286, 0.002981260647359455, 0.0, 0.0], [0.00022665457842248413, 0.0, 0.00045330915684496827, 0.0006799637352674524, 0.0006799637352674524, 0.0009066183136899365, 0.0022665457842248413, 0.0038531278331822303, 0.007479601087941976, 0.012692656391659111, 0.022892112420670897, 0.04102447869446963, 0.06958295557570263, 0.08023572076155938, 0.10970081595648232, 0.12307343608340889, 0.13825929283771532, 0.0942883046237534, 0.12398005439709882, 0.051450589301903896, 0.03173164097914778, 0.0371713508612874, 0.01586582048957389, 0.00657298277425204, 0.012239347234814143, 0.004759746146872167, 0.003399818676337262, 0.0022665457842248413, 0.002039891205802357, 0.00022665457842248413, 0.0, 0.0], [0.0, 0.0, 0.00017067759003242875, 0.0003413551800648575, 0.0005120327700972862, 0.0003413551800648575, 0.0011947431302270011, 0.0032428742106161462, 0.004266939750810718, 0.011435398532172725, 0.022188086704215737, 0.026796381635091314, 0.050520566649598905, 0.06434545144222563, 0.0979689366786141, 0.12391193036354327, 0.14541730670762928, 0.09694487113841953, 0.17648062809353132, 0.05803038061102577, 0.03396484041645332, 0.036183649086874894, 0.015873015873015872, 0.006827103601297149, 0.011776753712237584, 0.003925584570745861, 0.0029015190305512885, 0.0017067759003242873, 0.0015360983102918587, 0.0011947431302270011, 0.0, 0.0], [0.0, 0.0, 0.0, 0.010309278350515464, 0.010309278350515464, 0.010309278350515464, 0.0, 0.010309278350515464, 0.020618556701030927, 0.061855670103092786, 0.020618556701030927, 0.05154639175257732, 0.05154639175257732, 0.041237113402061855, 0.061855670103092786, 0.12371134020618557, 0.10309278350515463, 0.1134020618556701, 0.05154639175257732, 0.020618556701030927, 0.07216494845360824, 0.020618556701030927, 0.041237113402061855, 0.0, 0.07216494845360824, 0.030927835051546393, 0.0, 0.0, 0.0, 0.0, 0.0, 0.0], [0.00024274790629930817, 0.00012137395314965408, 0.0, 0.00012137395314965408, 0.00024274790629930817, 0.00024274790629930817, 0.00048549581259861634, 0.0016992353440951572, 0.003034348828741352, 0.006675567423230975, 0.011773273455516447, 0.017356475300400534, 0.03349921106930453, 0.050370190557106446, 0.08581138487680544, 0.13096249544847677, 0.16664643767447507, 0.1303556256827285, 0.13921592426265322, 0.07306711979609176, 0.048549581259861634, 0.05085568636970506, 0.017963345066148804, 0.008860298579924748, 0.012137395314965408, 0.0037625925476392767, 0.003155722781891006, 0.0026702269692923898, 0.00012137395314965408, 0.0, 0.0, 0.0], [0.0, 0.0, 0.0, 0.0001590583744234134, 0.0, 0.0003181167488468268, 0.0014315253698107206, 0.000795291872117067, 0.002067758867504374, 0.003181167488468268, 0.008111977095594082, 0.012088436456179418, 0.020200413551773502, 0.029425799268331478, 0.05058056306664546, 0.08032447908382376, 0.1247017655479561, 0.11849848894544297, 0.19389215842214091, 0.09988865913790361, 0.07141721011611261, 0.08636869731191348, 0.030221091140448544, 0.015269603944647686, 0.02529028153332273, 0.011770319707332591, 0.0062032766025131225, 0.004294576109432162, 0.0017496421186575474, 0.001590583744234134, 0.0001590583744234134, 0.0], [0.00031578947368421053, 0.00010526315789473685, 0.0, 0.0002105263157894737, 0.0002105263157894737, 0.0007368421052631579, 0.0008421052631578948, 0.0025263157894736842, 0.003789473684210526, 0.007157894736842105, 0.014421052631578947, 0.01936842105263158, 0.024526315789473684, 0.03821052631578947, 0.056, 0.08694736842105263, 0.12189473684210526, 0.12863157894736843, 0.19126315789473683, 0.09789473684210526, 0.06347368421052632, 0.07021052631578947, 0.028, 0.013052631578947368, 0.018105263157894735, 0.0054736842105263155, 0.003263157894736842, 0.003157894736842105, 0.0002105263157894737, 0.0, 0.0, 0.0], [0.0, 0.0, 0.0, 0.0017605633802816902, 0.0017605633802816902, 0.0, 0.0, 0.00528169014084507, 0.008802816901408451, 0.00528169014084507, 0.01584507042253521, 0.02640845070422535, 0.045774647887323945, 0.0880281690140845, 0.09507042253521127, 0.1426056338028169, 0.16901408450704225, 0.11971830985915492, 0.1637323943661972, 0.056338028169014086, 0.022887323943661973, 0.01936619718309859, 0.007042253521126761, 0.0017605633802816902, 0.0035211267605633804, 0.0, 0.0, 0.0, 0.0, 0.0, 0.0, 0.0], [0.0, 0.0, 0.0, 0.00026223776223776224, 0.0, 0.00017482517482517483, 0.00026223776223776224, 0.0007867132867132868, 0.0020104895104895103, 0.005856643356643356, 0.008566433566433567, 0.016258741258741258, 0.027972027972027972, 0.03496503496503497, 0.05472027972027972, 0.0701048951048951, 0.11372377622377622, 0.09082167832167833, 0.21896853146853146, 0.09877622377622378, 0.06888111888111888, 0.10515734265734265, 0.032167832167832165, 0.011975524475524475, 0.02097902097902098, 0.007954545454545454, 0.003758741258741259, 0.00236013986013986, 0.00236013986013986, 0.00017482517482517483, 0.0, 0.0], [0.0001801477211313277, 9.007386056566384e-05, 9.007386056566384e-05, 0.0001801477211313277, 0.0005404431633939831, 0.0005404431633939831, 0.0005404431633939831, 0.0012610340479192938, 0.0016213294901819492, 0.006485317960727797, 0.011619528012970635, 0.024680237794991892, 0.04566744730679157, 0.06602413979463159, 0.10052242839128085, 0.14348765988110251, 0.1905962889569447, 0.12763466042154567, 0.14844172221221402, 0.05368402089713565, 0.03134570347685102, 0.024500090073860566, 0.009457755359394703, 0.0036930282831922176, 0.0037831021437578815, 0.0010808863267879661, 0.0019816249324446046, 0.00027022158169699153, 0.0, 0.0, 0.0, 0.0], [0.0, 0.00012301636117603641, 0.0, 0.00012301636117603641, 0.0003690490835281092, 0.0008611145282322549, 0.0009841308894082913, 0.0022142945011686555, 0.0033214417517529833, 0.0060278016976257846, 0.012547668839955714, 0.02189691228933448, 0.03247631935047361, 0.04674621724689384, 0.0760241112067905, 0.1259687538442613, 0.1661951039488252, 0.1209250830360438, 0.15955222044531922, 0.08266699471029647, 0.04613113544101365, 0.048222413581006277, 0.020174683232869972, 0.010333374338787059, 0.009841308894082914, 0.0034444581129290195, 0.002091278139992619, 0.0007380981670562184, 0.0, 0.0, 0.0, 0.0], [0.0, 0.0, 0.0, 0.0, 0.0002948982601002654, 0.0, 0.0008846947803007962, 0.0008846947803007962, 0.0016219404305514598, 0.003538779121203185, 0.009731642583308758, 0.015924506045414333, 0.02727808905927455, 0.047036272485992334, 0.08257151282807432, 0.11265113535830139, 0.15290474786198763, 0.09967561191388971, 0.1899144795045709, 0.07195517546446475, 0.044529637275140074, 0.05514597463874963, 0.025951046888823357, 0.013860218224712475, 0.019463285166617515, 0.008994396933058094, 0.004865821291654379, 0.0038336773813034504, 0.004570923031554114, 0.0019168386906517252, 0.0, 0.0], [0.00037778617302606723, 0.00037778617302606723, 0.00037778617302606723, 0.0007555723460521345, 0.0022667170381564035, 0.003400075557234605, 0.004533434076312807, 0.008689081979599547, 0.015489233094068758, 0.03135625236116358, 0.037778617302606725, 0.055156781261805815, 0.06157914620324896, 0.08462410275783906, 0.11560256894597658, 0.1118247072157159, 0.12429165092557612, 0.07706837929731772, 0.13751416698148847, 0.04193426520589347, 0.024178315073668303, 0.026445032111824706, 0.012466943709860219, 0.005289006422364941, 0.008689081979599547, 0.0026445032111824707, 0.003022289384208538, 0.0018889308651303363, 0.00037778617302606723, 0.0, 0.0, 0.0], [0.0, 0.0, 0.0, 0.0019880715705765406, 0.0026507620941020544, 0.0026507620941020544, 0.004638833664678595, 0.01126573889993373, 0.01126573889993373, 0.0145791915175613, 0.02584493041749503, 0.03512259774685222, 0.04970178926441352, 0.053015241882041084, 0.08681245858184228, 0.1126573889993373, 0.14049039098740887, 0.1119946984758118, 0.16766070245195494, 0.058979456593770706, 0.031146454605699137, 0.027833001988071572, 0.019880715705765408, 0.008614976805831677, 0.011928429423459244, 0.003976143141153081, 0.0026507620941020544, 0.0019880715705765406, 0.0006626905235255136, 0.0, 0.0, 0.0], [0.0002937720329024677, 0.0, 0.0, 0.0, 0.0007344300822561692, 0.0008813160987074031, 0.0030846063454759106, 0.005287896592244419, 0.00763807285546416, 0.014982373678025853, 0.028789659224441832, 0.04465334900117509, 0.059782608695652176, 0.08710340775558167, 0.1301410105757932, 0.13954171562867215, 0.14233254994124558, 0.09004112808460635, 0.11574618096357227, 0.03965922444183314, 0.025705052878965923, 0.030405405405405407, 0.010869565217391304, 0.005875440658049354, 0.010428907168037602, 0.002790834312573443, 0.0011750881316098707, 0.001028202115158637, 0.00014688601645123384, 0.0008813160987074031, 0.0, 0.0], [0.0, 0.0, 0.0, 0.00045259108395564606, 0.00045259108395564606, 0.00022629554197782303, 0.0022629554197782305, 0.0013577732518669382, 0.004299615297578638, 0.009504412763068567, 0.018103643358225844, 0.02149807648789319, 0.03620728671645169, 0.04955872369314324, 0.07490382439465942, 0.10635890472957683, 0.12265218375198009, 0.10138040280606472, 0.16270649468205475, 0.07399864222674814, 0.05317945236478842, 0.05634758995247793, 0.027381760579316586, 0.016519574564381082, 0.028060647205250058, 0.012446254808780267, 0.008599230595157275, 0.005431093007467753, 0.0029418420457116997, 0.0029418420457116997, 0.00022629554197782303, 0.0], [0.0, 0.0, 0.0, 0.00020703933747412008, 0.00020703933747412008, 0.0, 0.0010351966873706005, 0.0010351966873706005, 0.002898550724637681, 0.010144927536231883, 0.016149068322981366, 0.02836438923395445, 0.04575569358178054, 0.06563146997929607, 0.09730848861283643, 0.11925465838509317, 0.14824016563146997, 0.10144927536231885, 0.16273291925465838, 0.06687370600414079, 0.0432712215320911, 0.044099378881987575, 0.016356107660455487, 0.007660455486542443, 0.008695652173913044, 0.0018633540372670807, 0.004968944099378882, 0.0035196687370600416, 0.002070393374741201, 0.00020703933747412008, 0.0, 0.0], [0.00013135426244581636, 0.00013135426244581636, 0.00013135426244581636, 0.00013135426244581636, 0.0005254170497832654, 0.0013135426244581636, 0.0013135426244581636, 0.003152502298699593, 0.005254170497832654, 0.008800735583869696, 0.0224615788782346, 0.03402075397346644, 0.05674504137659267, 0.07539734664389859, 0.1115197688164981, 0.1427820832786024, 0.16393011953237882, 0.11138841455405228, 0.11322737422829371, 0.05924077236306318, 0.03585971364770787, 0.025220018389596744, 0.012610009194798372, 0.0043346906607119404, 0.005648233285170104, 0.0015762511493497965, 0.002495730986470511, 0.0006567713122290818, 0.0, 0.0, 0.0, 0.0], [0.0, 0.0, 0.0, 0.00021781746896101068, 0.00021781746896101068, 0.0010890873448050533, 0.001306904813766064, 0.0028316270964931388, 0.0058810716619472885, 0.007841428882596384, 0.01698976257895883, 0.024177739054672184, 0.042474406447397084, 0.059464169026355915, 0.09409714659115662, 0.13330429100413854, 0.1550860379002396, 0.11675016336310172, 0.13940318013504682, 0.0653452406883032, 0.042692223916358095, 0.03942496188194293, 0.017207580047919842, 0.007623611413635374, 0.015247222827270748, 0.003920714441298192, 0.0030494445654541493, 0.001306904813766064, 0.0023959921585711176, 0.00043563493792202136, 0.00021781746896101068, 0.0], [0.0, 0.0, 0.0, 0.00026226068712300026, 0.0, 0.001049042748492001, 0.0023603461841070024, 0.0026226068712300026, 0.005769735116706006, 0.005769735116706006, 0.012326252294781013, 0.021243115656963022, 0.03173354314188303, 0.045371098872279046, 0.08051403094676109, 0.10988722790453712, 0.13821138211382114, 0.10306845003933911, 0.18017309205350118, 0.07684238132703908, 0.047731445056386046, 0.06215578284815106, 0.023603461841070025, 0.015473380540257016, 0.018620508785733018, 0.00996590611067401, 0.002884867558353003, 0.0007867820613690008, 0.0013113034356150013, 0.00026226068712300026, 0.0, 0.0], [0.0, 0.0, 0.00028694404591104734, 0.0, 0.00028694404591104734, 0.000430416068866571, 0.0005738880918220947, 0.0020086083213773313, 0.0018651362984218078, 0.005164992826398852, 0.011908177905308464, 0.026111908177905308, 0.04318507890961262, 0.0721664275466284, 0.10416068866571018, 0.11779053084648494, 0.14533715925394547, 0.09813486370157819, 0.1568149210903874, 0.057245337159253944, 0.04131994261119082, 0.042754662840746055, 0.023529411764705882, 0.010043041606886656, 0.020373027259684363, 0.006599713055954089, 0.004878048780487805, 0.0037302725968436155, 0.0024390243902439024, 0.000860832137733142, 0.0, 0.0], [0.0, 0.0, 9.042408897730355e-05, 0.0, 9.042408897730355e-05, 0.0002712722669319107, 0.0003616963559092142, 0.0010850890677276427, 0.0019893299575006783, 0.005696717605570124, 0.010850890677276426, 0.020526268197847905, 0.03526539470114839, 0.04937155258160774, 0.07306266389366127, 0.09060493715525816, 0.11890767700515417, 0.09720589565060132, 0.21737950990143776, 0.08744009404105253, 0.053350212496609095, 0.07324351207161588, 0.022425174066371283, 0.008951984808753052, 0.018265665973415317, 0.006148838050456642, 0.003164843114205624, 0.002351026313409892, 0.0017180576905687676, 0.0001808481779546071, 0.0, 0.0], [0.0, 0.0, 0.0, 0.0, 0.0, 0.00011834319526627219, 0.0007100591715976331, 0.000591715976331361, 0.0022485207100591716, 0.005088757396449704, 0.008165680473372782, 0.018698224852071007, 0.03230769230769231, 0.056449704142011836, 0.08733727810650888, 0.12792899408284022, 0.17242603550295857, 0.12366863905325444, 0.1970414201183432, 0.06520710059171597, 0.03467455621301775, 0.04366863905325444, 0.010769230769230769, 0.0033136094674556214, 0.005088757396449704, 0.0010650887573964497, 0.0014201183431952662, 0.0017751479289940828, 0.00023668639053254438, 0.0, 0.0, 0.0], [0.0, 0.003968253968253968, 0.0, 0.003968253968253968, 0.003968253968253968, 0.01984126984126984, 0.031746031746031744, 0.01984126984126984, 0.07142857142857142, 0.03968253968253968, 0.03968253968253968, 0.07936507936507936, 0.07142857142857142, 0.10714285714285714, 0.11507936507936507, 0.11507936507936507, 0.09126984126984126, 0.06746031746031746, 0.03968253968253968, 0.01984126984126984, 0.01984126984126984, 0.015873015873015872, 0.007936507936507936, 0.015873015873015872, 0.0, 0.0, 0.0, 0.0, 0.0, 0.0, 0.0, 0.0]]}, "ranks": {"labels": ["Unranked", "Combatatent I", "Combatatent II", "Challenger I", "Challenger II", "Rival I", "Rival II", "Duelist", "Elite"], "data": [[0.12292358803986711, 0.15614617940199335, 0.1893687707641196, 0.22259136212624583, 0.1461794019933555, 0.08305647840531562, 0.03986710963455149, 0.03986710963455149, 0.0], [0.05123825789923143, 0.0798462852263023, 0.1426131511528608, 0.2228864218616567, 0.24167378309137488, 0.17335610589239966, 0.04611443210930828, 0.03031596925704526, 0.011955593509820665], [0.010127275215546737, 0.020801970713014917, 0.05049952100725332, 0.11673737511974819, 0.22430546051731218, 0.3055973723826468, 0.09949363623922267, 0.12193786779800192, 0.05049952100725332], [0.02166291009266216, 0.03668920611069371, 0.08890558477335336, 0.18094164788379666, 0.2733533683946907, 0.22514400200350615, 0.08564988730277986, 0.07300275482093664, 0.014650638617580767], [0.13636363636363635, 0.12727272727272726, 0.18181818181818182, 0.18181818181818182, 0.09090909090909091, 0.16363636363636364, 0.05454545454545454, 0.06363636363636363, 0.0], [0.011023213590973933, 0.030216573725846192, 0.09142783037219557, 0.2059395668525483, 0.2636493321229412, 0.20062248735572558, 0.07210478537154714, 0.08792633899623914, 0.037089871611982884], [0.06591903719912473, 0.08780087527352298, 0.15317286652078774, 0.237417943107221, 0.2111597374179431, 0.12226477024070022, 0.04540481400437637, 0.046225382932166305, 0.030634573304157548], [0.2646048109965636, 0.18900343642611683, 0.1958762886597938, 0.14776632302405499, 0.10309278350515463, 0.041237113402061855, 0.030927835051546393, 0.027491408934707903, 0.0], [0.04148651430924439, 0.0846201358863496, 0.13969528515544574, 0.2107267860819436, 0.22452130945027796, 0.13166563722462427, 0.06506073708050236, 0.06732550957381099, 0.034898085237801114], [0.0077489345215032935, 0.014335528864781092, 0.035257652072839984, 0.1042231693142193, 0.17125145292522279, 0.22510654784967066, 0.12514529252227818, 0.19449825648973265, 0.12243316543975204], [0.04025074232926427, 0.06829429231276807, 0.1349389640382712, 0.2071923457604751, 0.23754536456614977, 0.17255031342791158, 0.05971626525899043, 0.059056417024084464, 0.02045529528208512], [0.05584609637654091, 0.1174822562570041, 0.1903249906611879, 0.2652222637280538, 0.19891669779604035, 0.096189764661935, 0.037728800896525964, 0.030257751214045572, 0.008031378408666417], [0.02537182852143482, 0.06246719160104987, 0.12073490813648294, 0.220997375328084, 0.2468941382327209, 0.18180227471566054, 0.06561679790026247, 0.0558180227471566, 0.020297462817147855], [0.0243161094224924, 0.05015197568389058, 0.09165302782324058, 0.18681318681318682, 0.25391629646948793, 0.20014028524666821, 0.08405424362871171, 0.08078092120645312, 0.028173953705868598], [0.010781025395304265, 0.031384762817441306, 0.08864398658361285, 0.18279827503593676, 0.26832774317201724, 0.2137038811691423, 0.09151892668902731, 0.08552946813608049, 0.02731193100143747], [0.03492333901192504, 0.049829642248722314, 0.11115843270868825, 0.18781942078364566, 0.239778534923339, 0.16226575809199317, 0.08006814310051108, 0.08901192504258944, 0.04514480408858603], [0.029238440616500452, 0.06391659111514053, 0.149818676337262, 0.23277425203989122, 0.23254759746146872, 0.15253853127833183, 0.054623753399818675, 0.05961015412511333, 0.024932003626473256], [0.021505376344086023, 0.04898446833930705, 0.11486601809182455, 0.22188086704215737, 0.24236217784604883, 0.20942140296979006, 0.059054446151220345, 0.05888376856118792, 0.02304147465437788], [0.12371134020618557, 0.07216494845360824, 0.09278350515463918, 0.18556701030927836, 0.21649484536082475, 0.05154639175257732, 0.09278350515463918, 0.061855670103092786, 0.10309278350515463], [0.012865639033863332, 0.02912974875591698, 0.08386940162641097, 0.2167738803252822, 0.2970020633572035, 0.1802403204272363, 0.08059230489137031, 0.07767933001577862, 0.021847311566937734], [0.00795291872117067, 0.020200413551773502, 0.04962621282010498, 0.13090504215046922, 0.24320025449339908, 0.24558613010975028, 0.11961189756640687, 0.1318593923970097, 0.0510577381899157], [0.015894736842105264, 0.03378947368421053, 0.06273684210526316, 0.14294736842105263, 0.2505263157894737, 0.24368421052631578, 0.10894736842105263, 0.11126315789473684, 0.030210526315789472], [0.022887323943661973, 0.04225352112676056, 0.13380281690140844, 0.23767605633802816, 0.2887323943661972, 0.20422535211267606, 0.03873239436619718, 0.028169014084507043, 0.0035211267605633804], [0.009353146853146853, 0.024825174825174826, 0.06293706293706294, 0.12482517482517483, 0.20454545454545456, 0.2696678321678322, 0.11695804195804196, 0.1493006993006993, 0.037587412587412584], [0.011529454152404972, 0.03629976580796253, 0.11169158710142317, 0.24401008827238335, 0.31823094937849034, 0.1786164655017114, 0.05485498108448928, 0.037650873716447486, 0.007115834984687444], [0.01402386517406815, 0.0344445811292902, 0.07922253659736744, 0.2019928650510518, 0.28712018698486896, 0.20531430680280477, 0.08303604379382458, 0.07873047115266331, 0.01611514331406077], [0.007225007372456503, 0.02565614862872309, 0.07431436154526688, 0.1952226481863757, 0.25258035977587734, 0.22869360070775582, 0.07770569153641993, 0.09495723975228545, 0.04364494249483928], [0.06762372497166604, 0.09293539856441255, 0.14620324896108802, 0.22742727616169248, 0.20136003022289384, 0.1590479788439743, 0.044578768417075934, 0.04420098224404987, 0.01662259161314696], [0.04903909874088801, 0.06096752816434725, 0.10271703114645461, 0.19946984758117958, 0.2524850894632207, 0.2001325381047051, 0.05765407554671968, 0.05632869449966865, 0.021206096752816435], [0.03290246768507638, 0.07344300822561692, 0.14688601645123384, 0.2696827262044653, 0.23237367802585193, 0.13792596944770857, 0.04318448883666275, 0.047150411280846065, 0.01645123384253819], [0.01855623444218149, 0.03960171984611903, 0.08576601040959493, 0.18126272912423624, 0.2240325865580448, 0.2023082145281738, 0.08757637474541752, 0.10024892509617561, 0.060647205250056575], [0.015527950310559006, 0.044513457556935816, 0.1113871635610766, 0.2165631469979296, 0.2496894409937888, 0.20082815734989648, 0.07204968944099378, 0.06811594202898551, 0.02132505175983437], [0.020885327728884802, 0.05648233285170104, 0.13214238802049127, 0.2543018520951005, 0.2753185340864311, 0.14737948246420596, 0.06094837777485879, 0.042164718245107057, 0.010376986733219493], [0.01938575473752995, 0.04116750163363102, 0.101938575473753, 0.22740143759529513, 0.2718362012633413, 0.17643214985841865, 0.07100849488128948, 0.06425615334349814, 0.0265737312132433], [0.017833726724364018, 0.033569367951744034, 0.07710464201416208, 0.1904012588512982, 0.24127983215316023, 0.22265932336742722, 0.08208759506949909, 0.1012326252294781, 0.03383162863886703], [0.010616929698708751, 0.03802008608321377, 0.11535150645624104, 0.22195121951219512, 0.24347202295552367, 0.18794835007173602, 0.06743185078909612, 0.07632711621233859, 0.038880918220946914], [0.009584953431594177, 0.031377158875124336, 0.08463694728275613, 0.16366760104891942, 0.21611357265575548, 0.2616873135003165, 0.0964825029387829, 0.10462067094674021, 0.03182927932001085], [0.008757396449704143, 0.026863905325443787, 0.08875739644970414, 0.2152662721893491, 0.296094674556213, 0.23266272189349113, 0.0642603550295858, 0.05775147928994083, 0.009585798816568047], [0.19444444444444445, 0.11904761904761904, 0.17857142857142858, 0.23015873015873015, 0.15873015873015872, 0.051587301587301584, 0.027777777777777776, 0.03968253968253968, 0.0]]}, "ranksDetailed": {"labels": ["Unranked", "Combatatant", "Challenger", "Rival", "Duelist", "Elite"], "data": [[0.12292358803986711, 0.34551495016611294, 0.3687707641196013, 0.12292358803986711, 0.03986710963455149, 0.0], [0.05123825789923143, 0.2224594363791631, 0.4645602049530316, 0.21947053800170793, 0.03031596925704526, 0.011955593509820665], [0.010127275215546737, 0.07130149172026824, 0.34104283563706034, 0.4050910086218694, 0.12193786779800192, 0.05049952100725332], [0.02166291009266216, 0.12559479088404707, 0.45429501627848734, 0.310793889306286, 0.07300275482093664, 0.014650638617580767], [0.13636363636363635, 0.3090909090909091, 0.2727272727272727, 0.21818181818181817, 0.06363636363636363, 0.0], [0.011023213590973933, 0.12164440409804175, 0.46958889897548955, 0.2727272727272727, 0.08792633899623914, 0.037089871611982884], [0.06591903719912473, 0.24097374179431072, 0.4485776805251641, 0.16766958424507658, 0.046225382932166305, 0.030634573304157548], [0.2646048109965636, 0.3848797250859107, 0.2508591065292096, 0.07216494845360824, 0.027491408934707903, 0.0], [0.04148651430924439, 0.22431542104179536, 0.43524809553222155, 0.19672637430512663, 0.06732550957381099, 0.034898085237801114], [0.0077489345215032935, 0.04959318093762108, 0.2754746222394421, 0.35025184037194884, 0.19449825648973265, 0.12243316543975204], [0.04025074232926427, 0.20323325635103925, 0.4447377103266249, 0.232266578686902, 0.059056417024084464, 0.02045529528208512], [0.05584609637654091, 0.307807246918192, 0.4641389615240941, 0.13391856555846096, 0.030257751214045572, 0.008031378408666417], [0.02537182852143482, 0.18320209973753282, 0.4678915135608049, 0.247419072615923, 0.0558180227471566, 0.020297462817147855], [0.0243161094224924, 0.14180500350713116, 0.44072948328267475, 0.28419452887537994, 0.08078092120645312, 0.028173953705868598], [0.010781025395304265, 0.12002874940105414, 0.451126018207954, 0.30522280785816963, 0.08552946813608049, 0.02731193100143747], [0.03492333901192504, 0.16098807495741055, 0.42759795570698467, 0.24233390119250425, 0.08901192504258944, 0.04514480408858603], [0.029238440616500452, 0.21373526745240254, 0.4653218495013599, 0.2071622846781505, 0.05961015412511333, 0.024932003626473256], [0.021505376344086023, 0.1638504864311316, 0.46424304488820617, 0.2684758491210104, 0.05888376856118792, 0.02304147465437788], [0.12371134020618557, 0.16494845360824742, 0.4020618556701031, 0.14432989690721648, 0.061855670103092786, 0.10309278350515463], [0.012865639033863332, 0.11299915038232795, 0.5137759436824857, 0.2608326253186066, 0.07767933001577862, 0.021847311566937734], [0.00795291872117067, 0.06982662637187848, 0.3741052966438683, 0.36519802767615717, 0.1318593923970097, 0.0510577381899157], [0.015894736842105264, 0.09652631578947368, 0.3934736842105263, 0.3526315789473684, 0.11126315789473684, 0.030210526315789472], [0.022887323943661973, 0.176056338028169, 0.5264084507042254, 0.24295774647887325, 0.028169014084507043, 0.0035211267605633804], [0.009353146853146853, 0.08776223776223777, 0.3293706293706294, 0.3866258741258741, 0.1493006993006993, 0.037587412587412584], [0.011529454152404972, 0.1479913529093857, 0.5622410376508737, 0.2334714465862007, 0.037650873716447486, 0.007115834984687444], [0.01402386517406815, 0.11366711772665765, 0.48911305203592076, 0.28835035059662933, 0.07873047115266331, 0.01611514331406077], [0.007225007372456503, 0.09997051017398997, 0.44780300796225303, 0.3063992922441758, 0.09495723975228545, 0.04364494249483928], [0.06762372497166604, 0.23913864752550057, 0.42878730638458634, 0.20362674726105023, 0.04420098224404987, 0.01662259161314696], [0.04903909874088801, 0.16368455931080186, 0.45195493704440026, 0.2577866136514248, 0.05632869449966865, 0.021206096752816435], [0.03290246768507638, 0.22032902467685075, 0.5020564042303173, 0.18111045828437133, 0.047150411280846065, 0.01645123384253819], [0.01855623444218149, 0.12536773025571396, 0.40529531568228105, 0.2898845892735913, 0.10024892509617561, 0.060647205250056575], [0.015527950310559006, 0.15590062111801242, 0.4662525879917184, 0.2728778467908903, 0.06811594202898551, 0.02132505175983437], [0.020885327728884802, 0.18862472087219231, 0.5296203861815316, 0.20832786023906474, 0.042164718245107057, 0.010376986733219493], [0.01938575473752995, 0.14310607710738402, 0.4992376388586365, 0.24744064473970812, 0.06425615334349814, 0.0265737312132433], [0.017833726724364018, 0.11067400996590611, 0.43168109100445845, 0.3047469184369263, 0.1012326252294781, 0.03383162863886703], [0.010616929698708751, 0.15337159253945482, 0.46542324246771877, 0.25538020086083213, 0.07632711621233859, 0.038880918220946914], [0.009584953431594177, 0.11601410615788046, 0.3797811737046749, 0.3581698164390994, 0.10462067094674021, 0.03182927932001085], [0.008757396449704143, 0.11562130177514793, 0.5113609467455621, 0.2969230769230769, 0.05775147928994083, 0.009585798816568047], [0.19444444444444445, 0.2976190476190476, 0.3888888888888889, 0.07936507936507936, 0.03968253968253968, 0.0]]}}}, "eu": {"histType": {"histogram": {"labels": ["0", "100", "200", "300", "400", "500", "600", "700", "800", "900", "1000", "1100", "1200", "1300", "1400", "1500", "1600", "1700", "1800", "1900", "2000", "2100", "2200", "2300", "2400", "2500", "2600", "2700", "2800", "2900", "3000", "3100"], "data": [[0.0, 0.0, 0.004310344827586207, 0.0, 0.0, 0.008620689655172414, 0.017241379310344827, 0.017241379310344827, 0.04310344827586207, 0.04741379310344827, 0.06465517241379311, 0.0603448275862069, 0.0603448275862069, 0.09482758620689655, 0.15086206896551724, 0.11637931034482758, 0.09482758620689655, 0.07758620689655173, 0.04310344827586207, 0.03879310344827586, 0.02586206896551724, 0.008620689655172414, 0.004310344827586207, 0.004310344827586207, 0.017241379310344827, 0.0, 0.0, 0.0, 0.0, 0.0, 0.0, 0.0], [0.0, 0.0, 0.0004601932811780948, 0.0009203865623561896, 0.0009203865623561896, 0.0036815462494247586, 0.0050621260929590425, 0.007363092498849517, 0.017947537965945698, 0.02393005062126093, 0.0354348826507133, 0.050161067648412334, 0.06304647952139898, 0.0796134376438104, 0.11965025310630464, 0.11688909341923608, 0.1500230096640589, 0.08099401748734468, 0.140819144040497, 0.04049700874367234, 0.01840773124712379, 0.022549470777726646, 0.007363092498849517, 0.0041417395306028535, 0.0050621260929590425, 0.0032213529682466636, 0.0004601932811780948, 0.0013805798435342844, 0.0, 0.0, 0.0, 0.0], [0.0, 0.0, 0.0, 0.0001444460494005489, 0.0001444460494005489, 0.0001444460494005489, 0.0001444460494005489, 0.001444460494005489, 0.002888920988010978, 0.004044489383215369, 0.008955655062834031, 0.01430015889065434, 0.02080023111367904, 0.028311425682507583, 0.047522750252780584, 0.06817853531705907, 0.1311570128556984, 0.1051567239635996, 0.24570273003033366, 0.08652318359092878, 0.061822909143434926, 0.08305647840531562, 0.028166979633107034, 0.015166835187057633, 0.024989166546294957, 0.009677885309836777, 0.003755597284414271, 0.0036111512350137224, 0.0017333525928065867, 0.0023111367904087824, 0.0001444460494005489, 0.0], [0.0, 0.0, 0.0, 0.00012014898474107894, 0.00012014898474107894, 0.00024029796948215788, 0.0008410428931875525, 0.0026432776643037365, 0.003844767511714526, 0.008530577916616605, 0.016340261924786735, 0.025591733749849813, 0.0336417157275021, 0.04577676318635108, 0.07509311546317433, 0.10296767992310465, 0.15955785173615283, 0.11774600504625736, 0.18815331010452963, 0.08182145860867476, 0.05082302054547639, 0.0496215306980656, 0.013937282229965157, 0.0070887900997236575, 0.009131322840321998, 0.0030037246185269733, 0.0013216388321518682, 0.00048059593896431575, 0.0010813408626697105, 0.00048059593896431575, 0.0, 0.0], [0.0, 0.0, 0.0, 0.0, 0.0, 0.018691588785046728, 0.028037383177570093, 0.04672897196261682, 0.04672897196261682, 0.028037383177570093, 0.07476635514018691, 0.09345794392523364, 0.037383177570093455, 0.028037383177570093, 0.08411214953271028, 0.1308411214953271, 0.06542056074766354, 0.08411214953271028, 0.06542056074766354, 0.04672897196261682, 0.056074766355140186, 0.009345794392523364, 0.009345794392523364, 0.028037383177570093, 0.009345794392523364, 0.009345794392523364, 0.0, 0.0, 0.0, 0.0, 0.0, 0.0], [0.0, 0.00013099292638197538, 0.00013099292638197538, 0.00026198585276395077, 0.0003929787791459261, 0.00013099292638197538, 0.0003929787791459261, 0.0018339009693476552, 0.0030128373067854334, 0.006156667539952842, 0.011134398742467907, 0.020041917736442233, 0.030652344773382238, 0.053969085669373855, 0.08593135970657584, 0.10767618548598376, 0.15077285826565365, 0.10780717841236573, 0.16347917212470525, 0.07479696096410794, 0.04715745349751113, 0.06195965417867435, 0.02213780455855384, 0.011527377521613832, 0.020303903589206182, 0.009169504846738277, 0.003274823159549384, 0.0026198585276395073, 0.0015719151165837044, 0.001440922190201729, 0.000