{"region": {"us": {"histType": {"histogram": {"labels": ["0", "100", "200", "300", "400", "500", "600", "700", "800", "900", "1000", "1100", "1200", "1300", "1400", "1500", "1600", "1700", "1800", "1900", "2000", "2100", "2200", "2300", "2400", "2500", "2600", "2700", "2800", "2900", "3000", "3100", "3200"], "data": [[0.0, 0.0, 0.0035087719298245615, 0.005263157894736842, 0.005263157894736842, 0.0035087719298245615, 0.015789473684210527, 0.017543859649122806, 0.03508771929824561, 0.05087719298245614, 0.0824561403508772, 0.10701754385964912, 0.11754385964912281, 0.11754385964912281, 0.12280701754385964, 0.10877192982456141, 0.07543859649122807, 0.043859649122807015, 0.03859649122807018, 0.021052631578947368, 0.012280701754385965, 0.008771929824561403, 0.0017543859649122807, 0.0017543859649122807, 0.0035087719298245615, 0.0, 0.0, 0.0, 0.0, 0.0, 0.0, 0.0, 0.0], [0.0, 0.000286286859433152, 0.0, 0.000572573718866304, 0.000572573718866304, 0.002004008016032064, 0.005153163469796736, 0.008874892642427712, 0.013741769252791297, 0.02662467792728314, 0.03635843114801031, 0.0566847981677641, 0.08130546807901518, 0.09161179501860865, 0.12396221013455483, 0.13655883194961352, 0.1514457486401374, 0.08159175493844832, 0.10764385914686515, 0.03635843114801031, 0.016318350987689665, 0.008874892642427712, 0.005725737188663041, 0.002004008016032064, 0.002576581734898368, 0.000572573718866304, 0.0014314342971657602, 0.001145147437732608, 0.0, 0.0, 0.0, 0.0, 0.0], [0.00011445576284765938, 0.0, 0.0, 0.00022891152569531876, 0.00022891152569531876, 0.00022891152569531876, 0.00022891152569531876, 0.0005722788142382969, 0.002632482545496166, 0.003319217122582122, 0.005150509328144672, 0.0076685361107931786, 0.012246766624699553, 0.019343023921254435, 0.025523635115028042, 0.039487238182442486, 0.1659608561291061, 0.14547327457937506, 0.31944603410781736, 0.08458280874442028, 0.047041318530388, 0.059974819732173515, 0.020716493075426348, 0.009728739842051047, 0.018885200869863797, 0.006523978482316585, 0.0027469383083438253, 0.0014879249170195719, 0.0, 0.0004578230513906375, 0.0, 0.0, 0.0], [0.0, 0.0, 0.0, 0.0, 0.00011057054400707652, 0.00011057054400707652, 0.0007739938080495357, 0.0017691287041132243, 0.0046439628482972135, 0.007850508624502433, 0.011499336576735958, 0.013489606368863335, 0.0254312251216276, 0.02952233524988943, 0.04389650597080938, 0.053516143299425036, 0.07474568774878372, 0.09453781512605042, 0.31203007518796994, 0.11709420610349403, 0.07054400707651481, 0.07684652808491818, 0.023330384785493145, 0.009619637328615658, 0.01713843432109686, 0.005528527200353826, 0.003869969040247678, 0.0021008403361344537, 0.0, 0.0, 0.0, 0.0, 0.0], [0.0, 0.0, 0.0, 0.0, 0.006024096385542169, 0.006024096385542169, 0.030120481927710843, 0.024096385542168676, 0.060240963855421686, 0.05421686746987952, 0.060240963855421686, 0.0963855421686747, 0.09036144578313253, 0.12650602409638553, 0.09036144578313253, 0.10240963855421686, 0.05421686746987952, 0.03614457831325301, 0.0963855421686747, 0.024096385542168676, 0.024096385542168676, 0.012048192771084338, 0.006024096385542169, 0.0, 0.0, 0.0, 0.0, 0.0, 0.0, 0.0, 0.0, 0.0, 0.0], [0.0, 0.0, 0.0, 0.0, 0.0, 0.0, 0.0, 0.001354872329338197, 0.001354872329338197, 0.004794163626889005, 0.014695153725898906, 0.033976029181865555, 0.05388223032829599, 0.08785825951016155, 0.10995310057321521, 0.13486190724335592, 0.16550286607608128, 0.0979676915059927, 0.13298593017196456, 0.052944241792600315, 0.031266284523189164, 0.03595622720166754, 0.015841584158415842, 0.006878582595101616, 0.009379885356956748, 0.004585721730067743, 0.0026055237102657635, 0.0008337675872850443, 0.00041688379364252214, 0.0, 0.00010422094841063054, 0.0, 0.0], [0.0, 0.0004451368795904741, 0.0004451368795904741, 0.00222568439795237, 0.0015579790785666592, 0.0035610950367237926, 0.006454484754061874, 0.012686401068328511, 0.021589138660137994, 0.03627865568662364, 0.050745604273314045, 0.06877364789672824, 0.0954818606721567, 0.1123970620965947, 0.11506788337413755, 0.12219007344758513, 0.11796127309147562, 0.07033162697529491, 0.0721121744936568, 0.027375918094814156, 0.01736033830402849, 0.015579790785666592, 0.009347874471399956, 0.00445136879590474, 0.007344758513242822, 0.0033385265969285557, 0.0033385265969285557, 0.0008902737591809482, 0.00022256843979523704, 0.0, 0.0004451368795904741, 0.0, 0.0], [0.002967359050445104, 0.0, 0.0, 0.008902077151335312, 0.008902077151335312, 0.02373887240356083, 0.01483679525222552, 0.04154302670623145, 0.06231454005934718, 0.09792284866468842, 0.10979228486646884, 0.13353115727002968, 0.11275964391691394, 0.09792284866468842, 0.0771513353115727, 0.06824925816023739, 0.04451038575667656, 0.020771513353115726, 0.02967359050445104, 0.03560830860534125, 0.002967359050445104, 0.0, 0.002967359050445104, 0.002967359050445104, 0.0, 0.0, 0.0, 0.0, 0.0, 0.0, 0.0, 0.0, 0.0], [0.0003026329062846767, 0.00020175527085645111, 0.0005043881771411278, 0.0003026329062846767, 0.0005043881771411278, 0.0012105316251387068, 0.0015131645314233834, 0.004337738323413699, 0.007666700292545143, 0.016039544033087865, 0.02612730757591042, 0.03450015131645314, 0.04216685160899829, 0.04862302027640472, 0.06113184706950469, 0.15928578634116816, 0.1715928578634117, 0.11772420054473923, 0.1258952890144255, 0.05588621002723696, 0.03641682638958943, 0.03581156057702008, 0.01866236255422173, 0.010793906990820135, 0.015131645314233834, 0.004035105417129022, 0.0027236961565620904, 0.0005043881771411278, 0.00040351054171290223, 0.0, 0.0, 0.0, 0.0], [0.0, 0.0, 0.0, 0.0, 0.0007933359777865926, 0.0003966679888932963, 0.001190003966679889, 0.001190003966679889, 0.0019833399444664813, 0.007933359777865925, 0.013090043633478779, 0.01586671955573185, 0.023006743355811186, 0.036890122967076555, 0.05910353034510115, 0.07219357397857992, 0.10075366917889726, 0.09083696945656486, 0.17850059500198334, 0.07021023403411344, 0.07616025386751289, 0.09877032923443078, 0.0436334787782626, 0.018643395477984926, 0.049980166600555334, 0.014676715589051963, 0.010710035700119, 0.009520031733439112, 0.002776675922253074, 0.001190003966679889, 0.0, 0.0, 0.0], [0.0, 0.0002079002079002079, 0.0002079002079002079, 0.0, 0.0014553014553014554, 0.0006237006237006237, 0.002494802494802495, 0.00395010395010395, 0.00893970893970894, 0.016216216216216217, 0.025571725571725573, 0.03305613305613306, 0.056133056133056136, 0.0708939708939709, 0.10582120582120583, 0.1264033264033264, 0.1496881496881497, 0.09646569646569647, 0.1395010395010395, 0.057380457380457384, 0.035343035343035345, 0.03180873180873181, 0.013513513513513514, 0.006860706860706861, 0.009771309771309772, 0.0035343035343035345, 0.0031185031185031187, 0.0006237006237006237, 0.0004158004158004158, 0.0, 0.0, 0.0, 0.0], [0.0, 0.0003132832080200501, 0.0009398496240601503, 0.0009398496240601503, 0.0010964912280701754, 0.002976190476190476, 0.006578947368421052, 0.011748120300751879, 0.020989974937343357, 0.03712406015037594, 0.0631265664160401, 0.07612781954887218, 0.10354010025062657, 0.12108395989974938, 0.13580827067669174, 0.11857769423558898, 0.11231203007518797, 0.0581140350877193, 0.06077694235588972, 0.024592731829573933, 0.01519423558897243, 0.011591478696741854, 0.007518796992481203, 0.003916040100250626, 0.002662907268170426, 0.0018796992481203006, 0.00046992481203007516, 0.0, 0.0, 0.0, 0.0, 0.0, 0.0], [0.0, 0.0, 0.0, 0.0, 0.00012360939431396787, 0.0004944375772558715, 0.001854140914709518, 0.001977750309023486, 0.004449938195302843, 0.005562422744128554, 0.013473423980222497, 0.019777503090234856, 0.02843016069221261, 0.03374536464771322, 0.057478368355995055, 0.15957972805933252, 0.19864029666254635, 0.13275648949320148, 0.17317676143386898, 0.06007416563658838, 0.03411619283065513, 0.034363411619283066, 0.015451174289245983, 0.00865265760197775, 0.009147095179233622, 0.003955500618046972, 0.001977750309023486, 0.00024721878862793575, 0.0004944375772558715, 0.0, 0.0, 0.0, 0.0], [0.00020132876988121604, 0.0, 0.0, 0.00010066438494060802, 0.00010066438494060802, 0.00030199315482182406, 0.0013086370042279041, 0.0018119589289309443, 0.004127239782564928, 0.009865109724179585, 0.027179383933964164, 0.04952687739077914, 0.070364405073485, 0.09462452184417153, 0.11948862492450171, 0.1243205154016509, 0.1471713307831689, 0.09351721360982485, 0.11898530299979868, 0.04882222669619488, 0.0288906784779545, 0.02939400040265754, 0.011073082343466881, 0.004932554862089792, 0.0067445137910207365, 0.0032212603180994566, 0.0019126233138715522, 0.0006039863096436481, 0.0007046506945842561, 0.0006039863096436481, 0.00010066438494060802, 0.0, 0.0], [0.0, 0.0, 0.0, 0.0004138216428719222, 0.0004138216428719222, 0.0002069108214359611, 0.0008276432857438444, 0.0016552865714876887, 0.004758948893027105, 0.006828057107386716, 0.015725222429133042, 0.025863852679495137, 0.0494516863231947, 0.06848748189530313, 0.09745499689633767, 0.12042209807572936, 0.16139044072004965, 0.11980136561142148, 0.1456652182909166, 0.06890130353817504, 0.03931305607283261, 0.03517483964411339, 0.015311400786261121, 0.006621146285950755, 0.00931098696461825, 0.0033105731429753774, 0.0014483757500517278, 0.0004138216428719222, 0.0, 0.0008276432857438444, 0.0, 0.0, 0.0], [0.0, 0.0, 0.000286368843069874, 0.000286368843069874, 0.0014318442153493699, 0.002577319587628866, 0.002004581901489118, 0.004868270332187858, 0.011168384879725086, 0.019473081328751432, 0.028923253150057275, 0.04753722794959908, 0.06815578465063, 0.08934707903780069, 0.10509736540664376, 0.12371134020618557, 0.13344788087056128, 0.0979381443298969, 0.10395189003436427, 0.04896907216494845, 0.031214203894616266, 0.03264604810996564, 0.015463917525773196, 0.00859106529209622, 0.012313860252004582, 0.005154639175257732, 0.002290950744558992, 0.002290950744558992, 0.000572737686139748, 0.000286368843069874, 0.0, 0.0, 0.0], [0.00020197939810139365, 0.00020197939810139365, 0.0008079175924055746, 0.0010098969905069683, 0.0004039587962027873, 0.0014138557867097556, 0.0030296909715209048, 0.006665320137345991, 0.0127247020803878, 0.019390022217733793, 0.03292264189052717, 0.052716622904463745, 0.07614623308422541, 0.10442334881842052, 0.12017774187032923, 0.12522722682286408, 0.1337103615431226, 0.08321551201777419, 0.1114926277519693, 0.04079983841648152, 0.022823671985457483, 0.02383356897596445, 0.009695011108866896, 0.005453443748737629, 0.005655423146839022, 0.001817814582912543, 0.0016158351848111492, 0.0014138557867097556, 0.0004039587962027873, 0.000605938194304181, 0.0, 0.0, 0.0], [0.0, 0.0, 0.00012291052114060964, 0.0002458210422812193, 0.0003687315634218289, 0.00012291052114060964, 0.0008603736479842675, 0.0019665683382497543, 0.0029498525073746312, 0.006391347099311701, 0.018067846607669618, 0.04314159292035398, 0.07534414945919371, 0.09685349065880039, 0.12573746312684367, 0.13053097345132744, 0.15462143559488692, 0.09365781710914454, 0.14110127826941987, 0.0395771878072763, 0.02089478859390364, 0.022369714847590955, 0.009709931170108162, 0.004793510324483776, 0.00663716814159292, 0.0014749262536873156, 0.0015978367748279252, 0.0002458210422812193, 0.00012291052114060964, 0.0004916420845624386, 0.0, 0.0, 0.0], [0.0, 0.0, 0.0, 0.007462686567164179, 0.014925373134328358, 0.014925373134328358, 0.007462686567164179, 0.022388059701492536, 0.022388059701492536, 0.08208955223880597, 0.04477611940298507, 0.09701492537313433, 0.07462686567164178, 0.05970149253731343, 0.05223880597014925, 0.09701492537313433, 0.11194029850746269, 0.1044776119402985, 0.03731343283582089, 0.022388059701492536, 0.022388059701492536, 0.03731343283582089, 0.022388059701492536, 0.0, 0.007462686567164179, 0.014925373134328358, 0.007462686567164179, 0.014925373134328358, 0.0, 0.0, 0.0, 0.0, 0.0], [0.00021146119687037428, 0.00010573059843518714, 0.0, 0.0, 0.0, 0.00010573059843518714, 0.00021146119687037428, 0.0009515753859166843, 0.002326073165574117, 0.004757876929583422, 0.007824064284203848, 0.010573059843518714, 0.022414886868259674, 0.03129625713681539, 0.1423133854937619, 0.16864030450412348, 0.198879255656587, 0.12708817931909494, 0.12983717487840982, 0.06037217170649186, 0.029921759357157962, 0.032670754916472824, 0.012476210615352083, 0.004229223937407486, 0.007083950095157538, 0.0028547261577500527, 0.0017974201733981815, 0.0003171917953055614, 0.00074011418904631, 0.0, 0.0, 0.0, 0.0], [0.0, 0.0, 0.0, 0.00011742602160638798, 0.0, 0.00011742602160638798, 0.0010568341944574918, 0.0003522780648191639, 0.0012916862376702678, 0.0022310944105213715, 0.004579614842649131, 0.011507750117426021, 0.030413339596054485, 0.050258337247534056, 0.07832315641146077, 0.11284640676373885, 0.16380930014091122, 0.1286989196806012, 0.1769610145608267, 0.07855800845467356, 0.05037576326914044, 0.05284170972287459, 0.01972757162987318, 0.00927665570690465, 0.015852512916862377, 0.005284170972287459, 0.0029356505401596992, 0.0011742602160638798, 0.0005871301080319399, 0.00023485204321277596, 0.0005871301080319399, 0.0, 0.0], [0.00018654976214905325, 9.327488107452663e-05, 0.0, 0.00018654976214905325, 0.00018654976214905325, 0.0005596492864471598, 0.000746199048596213, 0.001772222740416006, 0.002984796194384852, 0.005596492864471597, 0.010446786680346983, 0.013524857755806361, 0.017628952523085533, 0.05811025090943009, 0.10502751608991699, 0.11696670086745639, 0.14802723626527375, 0.12414886671019494, 0.1681746105773715, 0.07732487641078258, 0.048502938158753846, 0.050181886018095326, 0.019494450144576066, 0.00998041227497435, 0.014084507042253521, 0.0036377203619065387, 0.0015856729782669527, 0.0003730995242981065, 0.00046637440537263317, 0.0, 0.0, 0.0, 0.0], [0.0, 0.0, 0.0, 0.0015455950540958269, 0.0015455950540958269, 0.0, 0.0015455950540958269, 0.0077279752704791345, 0.0077279752704791345, 0.0077279752704791345, 0.017001545595054096, 0.027820710973724884, 0.04636785162287481, 0.09582689335394126, 0.11901081916537867, 0.16537867078825347, 0.16537867078825347, 0.11282843894899536, 0.13292117465224113, 0.05564142194744977, 0.02009273570324575, 0.010819165378670788, 0.0030911901081916537, 0.0, 0.0, 0.0, 0.0, 0.0, 0.0, 0.0, 0.0, 0.0, 0.0], [0.0, 0.0, 0.0, 8.583690987124464e-05, 0.0, 8.583690987124464e-05, 0.0002575107296137339, 0.0007725321888412017, 0.0016309012875536481, 0.0048068669527896995, 0.007381974248927039, 0.013047210300429185, 0.02128755364806867, 0.027467811158798282, 0.040600858369098713, 0.06969957081545064, 0.19939914163090128, 0.13527896995708155, 0.22858369098712447, 0.08309012875536481, 0.0488412017167382, 0.068068669527897, 0.019742489270386267, 0.007296137339055794, 0.013562231759656653, 0.004291845493562232, 0.002832618025751073, 0.0013733905579399143, 0.0002575107296137339, 0.0002575107296137339, 0.0, 0.0, 0.0], [9.531071292413267e-05, 9.531071292413267e-05, 9.531071292413267e-05, 0.0, 0.0003812428516965307, 0.0003812428516965307, 0.000285932138772398, 0.0009531071292413268, 0.0010484178421654594, 0.00533739992375143, 0.0096263820053374, 0.019157453297750666, 0.03402592451391536, 0.04460541364849409, 0.06671749904689286, 0.07901258101410598, 0.17451391536408692, 0.18118566526877622, 0.19977125428898207, 0.08406404879908502, 0.03945863515059093, 0.03393061380099123, 0.013248189096454442, 0.004574914220358368, 0.004670224933282501, 0.0018109035455585209, 0.000571864277544796, 0.0003812428516965307, 0.0, 0.0, 0.0, 0.0, 0.0], [0.0, 0.00011343012704174228, 0.0, 0.00022686025408348456, 0.0006805807622504537, 0.0010208711433756805, 0.001588021778584392, 0.003856624319419238, 0.00646551724137931, 0.011683303085299456, 0.020530852994555353, 0.03686479128856624, 0.056147912885662433, 0.0750907441016334, 0.09857078039927404, 0.13259981851179672, 0.15517241379310345, 0.10855263157894737, 0.13486842105263158, 0.06170598911070781, 0.03402903811252268, 0.0316470054446461, 0.014405626134301271, 0.006352087114337568, 0.0054446460980036296, 0.0013611615245009074, 0.0005671506352087115, 0.00045372050816696913, 0.0, 0.0, 0.0, 0.0, 0.0], [0.0, 0.0, 0.0, 0.0, 0.0005196154845414394, 0.0005196154845414394, 0.0011691348402182386, 0.0014289425824889582, 0.0045466354897375945, 0.00792413613925695, 0.016497791634190698, 0.02533125487139517, 0.04078981553650299, 0.06547155105222136, 0.09924655754741492, 0.1270459859703819, 0.1510782021304235, 0.09885684593400883, 0.17095349441413354, 0.06066510782021304, 0.03520394907768251, 0.041829046505585867, 0.018446349701221096, 0.007274616783580151, 0.011691348402182385, 0.004416731618602235, 0.004027020005196155, 0.0019485580670303975, 0.0011691348402182386, 0.0009093270979475188, 0.0010392309690828788, 0.0, 0.0], [0.0, 0.00019708316909735908, 0.00019708316909735908, 0.00039416633819471815, 0.0011824990145841545, 0.0011824990145841545, 0.004138746551044541, 0.009459992116673236, 0.016554986204178165, 0.026803310997240835, 0.04316121403232164, 0.061884115096570755, 0.07942451714623572, 0.10346866377611352, 0.12652739456050452, 0.11726448561292865, 0.14446196294836422, 0.07627118644067797, 0.10386283011430823, 0.027000394166338194, 0.02010248324793063, 0.01911706740244383, 0.007489160425699646, 0.0027591643673630273, 0.004138746551044541, 0.0011824990145841545, 0.0011824990145841545, 0.00039416633819471815, 0.00019708316909735908, 0.0, 0.0, 0.0, 0.0], [0.0, 0.00031735956839098697, 0.0006347191367819739, 0.0012694382735639479, 0.002221516978736909, 0.0012694382735639479, 0.0031735956839098697, 0.00856870834655665, 0.012377023167248492, 0.013329101872421454, 0.030466518565534752, 0.04252618216439226, 0.056807362741986674, 0.08029197080291971, 0.11551888289431926, 0.13106950174547763, 0.15804506505871152, 0.09965090447476992, 0.11012377023167248, 0.043478260869565216, 0.02507140590288797, 0.023801967629324024, 0.012377023167248492, 0.00856870834655665, 0.009838146620120596, 0.0031735956839098697, 0.0031735956839098697, 0.002856236115518883, 0.0, 0.0, 0.0, 0.0, 0.0], [0.00022550456646747095, 0.0, 0.0, 0.0, 0.0004510091329349419, 0.0004510091329349419, 0.0019167888149735032, 0.0036080730634795353, 0.004961100462284361, 0.016574585635359115, 0.03912504228210621, 0.05502311421806291, 0.0772353140151088, 0.1134287969331379, 0.13992558349306575, 0.14421017025594768, 0.13169466681700304, 0.07768632314804375, 0.09132934941932574, 0.033825684970120645, 0.0209719246814748, 0.02300146577968204, 0.00924568722516631, 0.004397339046115683, 0.006539632427556658, 0.0016912842485060323, 0.0013530273988048259, 0.0007892659826361484, 0.0, 0.00033825684970120647, 0.0, 0.0, 0.0], [0.0, 0.0, 0.0, 0.00029342723004694836, 0.00014671361502347418, 0.00014671361502347418, 0.0014671361502347417, 0.00044014084507042255, 0.0038145539906103286, 0.013644366197183098, 0.022887323943661973, 0.02992957746478873, 0.054870892018779344, 0.08318661971830986, 0.10211267605633803, 0.1238262910798122, 0.14891431924882628, 0.09917840375586855, 0.13908450704225353, 0.05663145539906103, 0.03271713615023474, 0.036825117370892016, 0.015258215962441314, 0.007922535211267605, 0.012764084507042254, 0.004694835680751174, 0.0048415492957746475, 0.002494131455399061, 0.0010269953051643193, 0.0005868544600938967, 0.00029342723004694836, 0.0, 0.0], [0.0, 0.0, 0.0, 0.0, 0.0005504587155963303, 0.0012844036697247706, 0.002018348623853211, 0.004220183486238532, 0.006972477064220183, 0.01798165137614679, 0.027155963302752294, 0.04201834862385321, 0.0673394495412844, 0.09064220183486238, 0.1163302752293578, 0.12935779816513762, 0.14366972477064222, 0.09211009174311927, 0.12660550458715597, 0.049174311926605506, 0.029174311926605506, 0.02403669724770642, 0.010091743119266056, 0.003853211009174312, 0.005871559633027523, 0.0011009174311926607, 0.005688073394495413, 0.0014678899082568807, 0.0007339449541284404, 0.0005504587155963303, 0.0, 0.0, 0.0], [0.00011188185276348176, 0.00011188185276348176, 0.0, 0.0, 0.00011188185276348176, 0.0010069366748713358, 0.0006712911165808906, 0.002349518908033117, 0.002797046319087044, 0.00570597449093757, 0.014320877153725665, 0.021928843141642427, 0.036473484000895055, 0.0441933318415753, 0.15741776683821884, 0.1699485343477288, 0.17576639069142985, 0.11300067129111659, 0.12530767509509957, 0.0545983441485791, 0.031326918773774894, 0.022712016110986798, 0.009621839337659432, 0.003915864846721862, 0.00380398299395838, 0.0017901096442157081, 0.0005594092638174089, 0.0003356455582904453, 0.00011188185276348176, 0.0, 0.0, 0.0, 0.0], [0.0, 0.0, 0.0, 0.00016488046166529267, 0.00016488046166529267, 0.000989282769991756, 0.001483924154987634, 0.0021434460016488046, 0.005935696619950536, 0.009727947238252268, 0.025061830173124484, 0.03413025556471558, 0.06859027205276175, 0.09744435284418797, 0.12712283594394064, 0.1439406430338005, 0.15779060181368507, 0.10387469084913438, 0.10684253915910964, 0.04089035449299258, 0.025226710634789776, 0.01863149216817807, 0.010387469084913437, 0.005111294311624073, 0.008244023083264633, 0.0023083264633140975, 0.00247320692497939, 0.00032976092333058534, 0.0008244023083264633, 0.0, 0.00016488046166529267, 0.0, 0.0], [0.0, 0.0, 0.0, 0.00016880486158001352, 0.0, 0.0006752194463200541, 0.001012829169480081, 0.001688048615800135, 0.004557731262660365, 0.006076975016880486, 0.01299797434166104, 0.02076299797434166, 0.04152599594868332, 0.0612761647535449, 0.09284267386900742, 0.1176569885212694, 0.15361242403781228, 0.11022957461174882, 0.17336259284267386, 0.06785955435516543, 0.039669142471303175, 0.044058068872383525, 0.017555705604321403, 0.008946657663740715, 0.011816340310600946, 0.007427413909520594, 0.003038487508440243, 0.0008440243079000675, 0.00016880486158001352, 0.00016880486158001352, 0.0, 0.0, 0.0], [0.0, 0.0, 0.0001128286133363421, 0.0, 0.0002256572266726842, 0.0003384858400090263, 0.0003384858400090263, 0.001241114746699763, 0.001128286133363421, 0.0038361728534356313, 0.00699537402685321, 0.016247320320433262, 0.04298770168114634, 0.09737109330926323, 0.11937267290984994, 0.13404039264357442, 0.15152882771070744, 0.09466320658919102, 0.15480085749746136, 0.05235247658806273, 0.0377975854676746, 0.03305878370754824, 0.019857835947196208, 0.009477603520252736, 0.013313776373688368, 0.0033848584000902627, 0.003497687013426605, 0.0016924292000451314, 0.0002256572266726842, 0.0001128286133363421, 0.0, 0.0, 0.0], [0.0, 0.0, 8.903133903133904e-05, 0.0, 8.903133903133904e-05, 8.903133903133904e-05, 8.903133903133904e-05, 0.0008012820512820513, 0.0017806267806267807, 0.004540598290598291, 0.008903133903133903, 0.01584757834757835, 0.027866809116809117, 0.03587962962962963, 0.05448717948717949, 0.059918091168091166, 0.11948005698005698, 0.16007834757834757, 0.25783475783475784, 0.09481837606837606, 0.054309116809116806, 0.06018518518518518, 0.015046296296296295, 0.006588319088319089, 0.011663105413105413, 0.004985754985754986, 0.0023148148148148147, 0.0009793447293447294, 0.0007122507122507123, 0.0006232193732193732, 0.0, 0.0, 0.0], [0.0, 0.0, 0.0, 0.0, 0.00042794479512142934, 0.0005349309939017867, 0.001283834385364288, 0.002460682571948219, 0.0054562961377982245, 0.009307799293891089, 0.017010805606076818, 0.03156092864020541, 0.05092543061945009, 0.07456938054990907, 0.11126564673157163, 0.13608644484861454, 0.17321065582539852, 0.11137263293035199, 0.15416711244249492, 0.04932063763774473, 0.025141756713383975, 0.028993259869476838, 0.0080239649085268, 0.0034235583609714348, 0.0026746549695089335, 0.0008558895902428587, 0.000962875789023216, 0.0007489033914625013, 0.00021397239756071467, 0.0, 0.0, 0.0, 0.0], [0.0, 0.0033333333333333335, 0.0, 0.0033333333333333335, 0.006666666666666667, 0.016666666666666666, 0.03, 0.04, 0.08666666666666667, 0.04666666666666667, 0.04666666666666667, 0.07666666666666666, 0.07, 0.13333333333333333, 0.12, 0.10333333333333333, 0.08666666666666667, 0.04, 0.03666666666666667, 0.016666666666666666, 0.01, 0.01, 0.0033333333333333335, 0.013333333333333334, 0.0, 0.0, 0.0, 0.0, 0.0, 0.0, 0.0, 0.0, 0.0]]}, "ranks": {"labels": ["Unranked", "Combatatent I", "Combatatent II", "Challenger I", "Challenger II", "Rival I", "Rival II", "Duelist", "Elite"], "data": [[0.1368421052631579, 0.18947368421052632, 0.23508771929824562, 0.23157894736842105, 0.11929824561403508, 0.05263157894736842, 0.01929824561403509, 0.012280701754385965, 0.0035087719298245615], [0.05782994560549671, 0.09304322931577441, 0.1729172630976238, 0.2605210420841683, 0.23303750357858574, 0.13026052104208416, 0.03006012024048096, 0.01660463784712282, 0.005725737188663041], [0.007554080347945519, 0.01281904543893785, 0.03158979054595399, 0.06501087329747053, 0.3114341307084812, 0.3656861622982717, 0.0853839990843539, 0.0904200526496509, 0.030101865628934417], [0.01525873507297656, 0.024988942945599293, 0.05495356037151703, 0.09741264927023441, 0.16928350287483415, 0.37781954887218044, 0.12184873949579832, 0.10979655019902698, 0.02863777089783282], [0.18072289156626506, 0.1566265060240964, 0.21686746987951808, 0.1927710843373494, 0.09036144578313253, 0.12048192771084337, 0.024096385542168676, 0.018072289156626505, 0.0], [0.007503908285565399, 0.04867118290776446, 0.14174048983845752, 0.24481500781657112, 0.263470557582074, 0.1627931214174049, 0.05440333507034914, 0.058676393955184994, 0.017926003126628454], [0.08524371244157579, 0.11951925217004229, 0.2078789227687514, 0.23725795682172268, 0.18829290006677052, 0.08880480747829958, 0.028043623414199866, 0.02937903405297129, 0.015579790785666592], [0.26112759643916916, 0.2433234421364985, 0.21068249258160238, 0.14540059347181009, 0.06528189910979229, 0.050445103857566766, 0.017804154302670624, 0.005934718100890208, 0.0], [0.03258347624331686, 0.06062745889236356, 0.09078987188540301, 0.22041763341067286, 0.2893170584081509, 0.15807525471602946, 0.06012307071522244, 0.06526783012206194, 0.022798345606778975], [0.013486711622372074, 0.02895676318921063, 0.059896866322887744, 0.13129710432368108, 0.1915906386354621, 0.21340737802459342, 0.11146370487901626, 0.1610472034906783, 0.08885362951209837], [0.0340956340956341, 0.05862785862785863, 0.12702702702702703, 0.23222453222453224, 0.24615384615384617, 0.17276507276507277, 0.05945945945945946, 0.052182952182952186, 0.017463617463617465], [0.08270676691729323, 0.13925438596491227, 0.22462406015037595, 0.2543859649122807, 0.17042606516290726, 0.07221177944862156, 0.028352130325814535, 0.023026315789473683, 0.005012531328320802], [0.014462299134734239, 0.033250927070457355, 0.06217552533992583, 0.21705809641532756, 0.33139678615574786, 0.20828182941903584, 0.05908529048207664, 0.0584672435105068, 0.015822002472187888], [0.017817596134487617, 0.0767062613247433, 0.16498892691765654, 0.2438091403261526, 0.24068854439299375, 0.14646668008858466, 0.0502315280853634, 0.045399637608214215, 0.013891685121803906], [0.015104489964825161, 0.04158907510862818, 0.11793916821849783, 0.21787709497206703, 0.2811918063314711, 0.186219739292365, 0.06765983860955928, 0.057107386716325266, 0.015311400786261121], [0.04209621993127148, 0.07646048109965636, 0.1575028636884307, 0.22880870561282932, 0.2313860252004582, 0.12886597938144329, 0.05526918671248568, 0.05670103092783505, 0.022909507445589918], [0.04584932336901636, 0.08563926479499091, 0.18056958190264594, 0.24540496869319328, 0.2169258735608968, 0.13633609371844072, 0.038780044435467585, 0.038982023833568975, 0.011512825691779438], [0.013028515240904622, 0.0612094395280236, 0.1721976401179941, 0.2562684365781711, 0.24827925270403148, 0.16310226155358898, 0.03847099311701081, 0.03687315634218289, 0.010570304818092428], [0.17164179104477612, 0.1417910447761194, 0.13432835820895522, 0.14925373134328357, 0.21641791044776118, 0.04477611940298507, 0.03731343283582089, 0.05970149253731343, 0.04477611940298507], [0.008669909071685345, 0.018397124127722563, 0.05371114400507507, 0.31095368999788536, 0.325967434975682, 0.1636709663776697, 0.05646013956438994, 0.0493761894692324, 0.012793402410657644], [0.005166744950681071, 0.01608736496007515, 0.08067167684358854, 0.19116956317519962, 0.2925082198215124, 0.22052606857679663, 0.08536871770784406, 0.08184593705965242, 0.02665570690465007], [0.012312284301837515, 0.023971644436153343, 0.07573920343251563, 0.22199421695737337, 0.2721761029754687, 0.2115474302770264, 0.08245499486988155, 0.07965674843764574, 0.020147374312097753], [0.027820710973724884, 0.04482225656877898, 0.14219474497681608, 0.28438948995363217, 0.2782071097372488, 0.16692426584234932, 0.04173106646058733, 0.013910355486862442, 0.0], [0.007639484978540773, 0.020429184549356223, 0.04875536480686695, 0.11030042918454935, 0.33467811158798283, 0.27742489270386267, 0.08309012875536481, 0.09510729613733905, 0.022575107296137337], [0.008673274876096072, 0.028783835303088066, 0.07863133816240946, 0.14573008006099886, 0.3556995806328631, 0.24904689287075868, 0.07424704536789935, 0.05175371711780404, 0.007434235608082348], [0.025635208711433755, 0.0573956442831216, 0.13123865698729584, 0.23117059891107078, 0.2637250453720508, 0.169464609800363, 0.06113883847549909, 0.05240471869328494, 0.007826678765880217], [0.01610808002078462, 0.041829046505585867, 0.10626136658872434, 0.22629254351779682, 0.2499350480644323, 0.20368926994024422, 0.06313328137178488, 0.06755001299038711, 0.025201351000259806], [0.06011036657469452, 0.10504532912889239, 0.18289318092234924, 0.2437918801734332, 0.22073314938904218, 0.11962948364209697, 0.031336223886480094, 0.029365392195506504, 0.007094994087504927], [0.04316090130117423, 0.072992700729927, 0.1370993335449064, 0.2465883846397969, 0.25769596953348145, 0.1345604569977785, 0.04411298000634719, 0.04474769914312916, 0.01904157410345922], [0.02818807080843387, 0.09414815650016913, 0.1906641109482467, 0.2841357537490134, 0.20938098996504678, 0.11117375126846318, 0.034953207802458, 0.03664449205096403, 0.010711466907204871], [0.01995305164319249, 0.0528169014084507, 0.1380575117370892, 0.22593896713615025, 0.24809272300469484, 0.1698943661971831, 0.058538732394366196, 0.06000586854460094, 0.0267018779342723], [0.03302752293577982, 0.0691743119266055, 0.15798165137614678, 0.24568807339449542, 0.23577981651376148, 0.15614678899082568, 0.048807339449541284, 0.037981651376146786, 0.015412844036697248], [0.012866413067800403, 0.03624972029536809, 0.08066681584247035, 0.3273663011859476, 0.2887670619825464, 0.1557395390467666, 0.055493398970686954, 0.03624972029536809, 0.006601029313045424], [0.020610057708161583, 0.059192085737840065, 0.1660346248969497, 0.27106347897774113, 0.26166529266281946, 0.12910140148392416, 0.04385820280296785, 0.03413025556471558, 0.014344600164880462], [0.014179608372721135, 0.0337609723160027, 0.10280216070222822, 0.21049966239027684, 0.2638419986495611, 0.20830519918973667, 0.07258609047940581, 0.07056043214044565, 0.023463875759621878], [0.007221031253525894, 0.02324269434728647, 0.14035879499040957, 0.25341306555342435, 0.24619203429989844, 0.18537741171161007, 0.05957350784158863, 0.06239422317499718, 0.022227236827259394], [0.007478632478632479, 0.02475071225071225, 0.06374643874643875, 0.11440527065527066, 0.2795584045584046, 0.31054131054131057, 0.09642094017094018, 0.08181980056980057, 0.021278490028490027], [0.019471488178025034, 0.04857173424628223, 0.12549481116935915, 0.24735209158018615, 0.2845832887557505, 0.18219749652294853, 0.04643201027067508, 0.040440783138975075, 0.0054562961377982245], [0.23333333333333334, 0.12333333333333334, 0.20333333333333334, 0.22333333333333333, 0.12666666666666668, 0.043333333333333335, 0.02, 0.02666666666666667, 0.0]]}, "ranksDetailed": {"labels": ["Unranked", "Combatatant", "Challenger", "Rival", "Duelist", "Elite"], "data": [[0.1368421052631579, 0.4245614035087719, 0.3508771929824561, 0.07192982456140351, 0.012280701754385965, 0.0035087719298245615], [0.05782994560549671, 0.2659604924133982, 0.4935585456627541, 0.16032064128256512, 0.01660463784712282, 0.005725737188663041], [0.007554080347945519, 0.04440883598489184, 0.3764450040059517, 0.4510701613826256, 0.0904200526496509, 0.030101865628934417], [0.01525873507297656, 0.07994250331711632, 0.26669615214506853, 0.4996682883679788, 0.10979655019902698, 0.02863777089783282], [0.18072289156626506, 0.37349397590361444, 0.28313253012048195, 0.14457831325301204, 0.018072289156626505, 0.0], [0.007503908285565399, 0.19041167274622198, 0.5082855653986451, 0.21719645648775404, 0.058676393955184994, 0.017926003126628454], [0.08524371244157579, 0.3273981749387937, 0.4255508568884932, 0.11684843089249944, 0.02937903405297129, 0.015579790785666592], [0.26112759643916916, 0.4540059347181009, 0.21068249258160238, 0.06824925816023739, 0.005934718100890208, 0.0], [0.03258347624331686, 0.15141733077776656, 0.5097346918188238, 0.2181983254312519, 0.06526783012206194, 0.022798345606778975], [0.013486711622372074, 0.08885362951209837, 0.3228877429591432, 0.32487108290360966, 0.1610472034906783, 0.08885362951209837], [0.0340956340956341, 0.18565488565488567, 0.4783783783783784, 0.23222453222453224, 0.052182952182952186, 0.017463617463617465], [0.08270676691729323, 0.36387844611528825, 0.424812030075188, 0.10056390977443609, 0.023026315789473683, 0.005012531328320802], [0.014462299134734239, 0.0954264524103832, 0.5484548825710754, 0.2673671199011125, 0.0584672435105068, 0.015822002472187888], [0.017817596134487617, 0.24169518824239983, 0.4844976847191464, 0.19669820817394806, 0.045399637608214215, 0.013891685121803906], [0.015104489964825161, 0.159528243327126, 0.49906890130353815, 0.2538795779019243, 0.057107386716325266, 0.015311400786261121], [0.04209621993127148, 0.23396334478808706, 0.4601947308132875, 0.184135166093929, 0.05670103092783505, 0.022909507445589918], [0.04584932336901636, 0.26620884669763684, 0.4623308422540901, 0.1751161381539083, 0.038982023833568975, 0.011512825691779438], [0.013028515240904622, 0.2334070796460177, 0.5045476892822025, 0.2015732546705998, 0.03687315634218289, 0.010570304818092428], [0.17164179104477612, 0.27611940298507465, 0.3656716417910448, 0.08208955223880597, 0.05970149253731343, 0.04477611940298507], [0.008669909071685345, 0.07210826813279764, 0.6369211249735673, 0.22013110594205962, 0.0493761894692324, 0.012793402410657644], [0.005166744950681071, 0.0967590418036637, 0.48367778299671205, 0.3058947862846407, 0.08184593705965242, 0.02665570690465007], [0.012312284301837515, 0.09971084786866896, 0.4941703199328421, 0.29400242514690794, 0.07965674843764574, 0.020147374312097753], [0.027820710973724884, 0.18701700154559506, 0.5625965996908809, 0.20865533230293662, 0.013910355486862442, 0.0], [0.007639484978540773, 0.06918454935622317, 0.4449785407725322, 0.3605150214592275, 0.09510729613733905, 0.022575107296137337], [0.008673274876096072, 0.10741517346549752, 0.501429660693862, 0.32329393823865804, 0.05175371711780404, 0.007434235608082348], [0.025635208711433755, 0.18863430127041741, 0.4948956442831216, 0.23060344827586207, 0.05240471869328494, 0.007826678765880217], [0.01610808002078462, 0.1480904130943102, 0.47622759158222916, 0.2668225513120291, 0.06755001299038711, 0.025201351000259806], [0.06011036657469452, 0.2879385100512416, 0.4645250295624754, 0.15096570752857705, 0.029365392195506504, 0.007094994087504927], [0.04316090130117423, 0.2100920342748334, 0.5042843541732783, 0.17867343700412566, 0.04474769914312916, 0.01904157410345922], [0.02818807080843387, 0.2848122674484158, 0.49351674371406024, 0.1461269590709212, 0.03664449205096403, 0.010711466907204871], [0.01995305164319249, 0.1908744131455399, 0.47403169014084506, 0.22843309859154928, 0.06000586854460094, 0.0267018779342723], [0.03302752293577982, 0.22715596330275228, 0.4814678899082569, 0.20495412844036698, 0.037981651376146786, 0.015412844036697248], [0.012866413067800403, 0.11691653613783844, 0.6161333631684941, 0.21123293801745358, 0.03624972029536809, 0.006601029313045424], [0.020610057708161583, 0.22522671063478977, 0.5327287716405605, 0.172959604286892, 0.03413025556471558, 0.014344600164880462], [0.014179608372721135, 0.13656313301823092, 0.47434166103983794, 0.28089128966914245, 0.07056043214044565, 0.023463875759621878], [0.007221031253525894, 0.16360148933769603, 0.4996050998533228, 0.2449509195531987, 0.06239422317499718, 0.022227236827259394], [0.007478632478632479, 0.088497150997151, 0.3939636752136752, 0.40696225071225073, 0.08181980056980057, 0.021278490028490027], [0.019471488178025034, 0.17406654541564137, 0.5319353803359367, 0.22862950679362362, 0.040440783138975075, 0.0054562961377982245], [0.23333333333333334, 0.32666666666666666, 0.35, 0.06333333333333334, 0.02666666666666667, 0.0]]}}}, "eu": {"histType": {"histogram": {"labels": ["0", "100", "200", "300", "400", "500", "600", "700", "800", "900", "1000", "1100", "1200", "1300", "1400", "1500", "1600", "1700", "1800", "1900", "2000", "2100", "2200", "2300", "2400", "2500", "2600", "2700", "2800", "2900", "3000", "3100", "3200"], "data": [[0.0, 0.0, 0.002242152466367713, 0.0, 0.0, 0.004484304932735426, 0.011210762331838564, 0.02914798206278027, 0.05829596412556054, 0.07847533632286996, 0.06950672645739911, 0.09865470852017937, 0.08520179372197309, 0.13228699551569506, 0.13228699551569506, 0.10762331838565023, 0.06726457399103139, 0.042600896860986545, 0.03587443946188341, 0.01569506726457399, 0.01569506726457399, 0.011210762331838564, 0.002242152466367713, 0.0, 0.0, 0.0, 0.0, 0.0, 0.0, 0.0, 0.0, 0.0, 0.0], [0.00031104199066874026, 0.00031104199066874026, 0.0006220839813374805, 0.0009331259720062209, 0.0015552099533437014, 0.004043545878693624, 0.005598755832037325, 0.009642301710730949, 0.0208398133748056, 0.03359253499222395, 0.04447900466562986, 0.06283048211508553, 0.08273716951788491, 0.10544323483670295, 0.1321928460342146, 0.1290824261275272, 0.13934681181959566, 0.06780715396578538, 0.095800933125972, 0.026127527216174184, 0.013374805598755831, 0.01181959564541213, 0.004665629860031105, 0.0027993779160186624, 0.003110419906687403, 0.00031104199066874026, 0.0006220839813374805, 0.0, 0.0, 0.0, 0.0, 0.0, 0.0], [0.0, 0.0, 0.0, 0.00011564704521799469, 0.00011564704521799469, 0.00011564704521799469, 0.0, 0.0008095293165259628, 0.0019659997687059096, 0.002544234994795883, 0.005666705215681739, 0.009367410662657569, 0.012489880883543426, 0.01584364519486527, 0.025789291083612813, 0.05470105238811148, 0.22435526772290967, 0.13958598357811958, 0.2851856135075749, 0.0758644616630045, 0.04914999421764774, 0.05088469989591766, 0.016884468601827223, 0.007054469758297675, 0.011333410431363478, 0.004972822944373771, 0.0031224702208858565, 0.0016190586330519256, 0.00023129409043598937, 0.00023129409043598937, 0.0, 0.0, 0.0], [0.0, 0.0, 0.0, 0.00010666666666666667, 0.00010666666666666667, 0.00021333333333333333, 0.0007466666666666666, 0.0020266666666666666, 0.0023466666666666666, 0.005866666666666667, 0.011626666666666667, 0.01738666666666667, 0.021333333333333333, 0.0272, 0.04341333333333333, 0.05514666666666666, 0.08064, 0.10570666666666667, 0.29461333333333334, 0.12053333333333334, 0.07285333333333334, 0.072, 0.02304, 0.011306666666666666, 0.019093333333333334, 0.00608, 0.0036266666666666665, 0.0023466666666666666, 0.00042666666666666667, 0.00021333333333333333, 0.0, 0.0, 0.0], [0.0, 0.0, 0.0, 0.0, 0.0, 0.020134228187919462, 0.03355704697986577, 0.06040268456375839, 0.053691275167785234, 0.06711409395973154, 0.06040268456375839, 0.10067114093959731, 0.06711409395973154, 0.08053691275167785, 0.06040268456375839, 0.15436241610738255, 0.020134228187919462, 0.06711409395973154, 0.06040268456375839, 0.03355704697986577, 0.03355704697986577, 0.0, 0.006711409395973154, 0.006711409395973154, 0.013422818791946308, 0.0, 0.0, 0.0, 0.0, 0.0, 0.0, 0.0, 0.0], [0.0, 0.00010404744563520966, 0.00010404744563520966, 0.00020809489127041931, 0.00031214233690562894, 0.00010404744563520966, 0.00020809489127041931, 0.0011445219019873061, 0.0019769014670689834, 0.008531890542087191, 0.026011861408802413, 0.03932993445010925, 0.055353241077931534, 0.07709915721569036, 0.11403600041618979, 0.12704193112059098, 0.14826761003017375, 0.10477577775465613, 0.13526167932577254, 0.05212777026324004, 0.031214233690562896, 0.03922588700447404, 0.014254500052023724, 0.004994277390490063, 0.009988554780980126, 0.004578087607949225, 0.002184996358339