{"region": {"us": {"histType": {"histogram": {"labels": ["0", "100", "200", "300", "400", "500", "600", "700", "800", "900", "1000", "1100", "1200", "1300", "1400", "1500", "1600", "1700", "1800", "1900", "2000", "2100", "2200", "2300", "2400", "2500", "2600", "2700", "2800", "2900", "3000", "3100", "3200"], "data": [[0.0, 0.0, 0.003215434083601286, 0.003215434083601286, 0.006430868167202572, 0.006430868167202572, 0.022508038585209004, 0.012861736334405145, 0.03215434083601286, 0.028938906752411574, 0.0707395498392283, 0.07395498392282958, 0.08360128617363344, 0.1189710610932476, 0.10610932475884244, 0.11254019292604502, 0.09967845659163987, 0.05466237942122187, 0.05466237942122187, 0.04823151125401929, 0.028938906752411574, 0.00964630225080386, 0.00964630225080386, 0.0, 0.012861736334405145, 0.0, 0.0, 0.0, 0.0, 0.0, 0.0, 0.0, 0.0], [0.0, 0.0008240626287597857, 0.0, 0.00041203131437989287, 0.0008240626287597857, 0.0016481252575195715, 0.004944375772558714, 0.010712814173877214, 0.011124845488257108, 0.019777503090234856, 0.034610630407911, 0.042439225381128966, 0.0638648537288834, 0.07457766790276062, 0.10094767202307375, 0.1211372064276885, 0.14709517923362175, 0.08941079522043675, 0.15203955500618047, 0.05562422744128554, 0.024309847548413678, 0.016481252575195716, 0.009888751545117428, 0.004944375772558714, 0.004944375772558714, 0.0016481252575195715, 0.003296250515039143, 0.0020601565718994645, 0.00041203131437989287, 0.0, 0.0, 0.0, 0.0], [0.00014128284826222097, 0.0, 0.0, 0.00028256569652444194, 0.00028256569652444194, 0.00028256569652444194, 0.00028256569652444194, 0.0007064142413111048, 0.003390788358293303, 0.00437976829612885, 0.007770556654422153, 0.011302627860977677, 0.01723650748799096, 0.027267589714608645, 0.0384289347273241, 0.05948007911839503, 0.09423565979090139, 0.10695111613450127, 0.2848262220966375, 0.08787793161910144, 0.06287086747668832, 0.09296411415654139, 0.02740887256287087, 0.01469341621927098, 0.03348403503814637, 0.010313647923142131, 0.004944899689177734, 0.004097202599604408, 0.0014128284826222096, 0.002543091268719977, 0.00014128284826222097, 0.0, 0.0], [0.0, 0.0, 0.0, 0.0, 0.00013204806549584047, 0.00013204806549584047, 0.0009243364584708834, 0.0023768651789251288, 0.006206259078304503, 0.010299749108675559, 0.015449623663013336, 0.018222633038425987, 0.034596593159910205, 0.04450019807209824, 0.06285487917602008, 0.08239799286940447, 0.15119503499273734, 0.11950349927373564, 0.20797570315594877, 0.08701967516175887, 0.05427175491879044, 0.05889343721114486, 0.017562392710946784, 0.007658787798758749, 0.012016373960121484, 0.0025089132444209693, 0.0011884325894625644, 0.001584576785950086, 0.00026409613099168095, 0.0, 0.00026409613099168095, 0.0, 0.0], [0.0, 0.0, 0.0, 0.0, 0.008771929824561403, 0.0, 0.008771929824561403, 0.03508771929824561, 0.03508771929824561, 0.05263157894736842, 0.043859649122807015, 0.07894736842105263, 0.07017543859649122, 0.10526315789473684, 0.07894736842105263, 0.10526315789473684, 0.06140350877192982, 0.03508771929824561, 0.08771929824561403, 0.08771929824561403, 0.02631578947368421, 0.043859649122807015, 0.017543859649122806, 0.017543859649122806, 0.0, 0.0, 0.0, 0.0, 0.0, 0.0, 0.0, 0.0, 0.0], [0.0, 0.0, 0.0, 0.0, 0.0, 0.00013248542660307367, 0.0, 0.0018547959724430313, 0.0018547959724430313, 0.006624271330153683, 0.010466348701642819, 0.01695813460519343, 0.030604133545310015, 0.052596714361420244, 0.07472178060413355, 0.10347111817700053, 0.15990990990990991, 0.11287758346581876, 0.17580816110227876, 0.07458929517753048, 0.043587705352411237, 0.06226815050344462, 0.02066772655007949, 0.010466348701642819, 0.021197668256491786, 0.008346581875993641, 0.0033121356650768416, 0.0033121356650768416, 0.0021197668256491787, 0.000794912559618442, 0.0014573396926338103, 0.0, 0.0], [0.0, 0.0, 0.0002642007926023778, 0.001585204755614267, 0.001585204755614267, 0.003170409511228534, 0.005812417437252312, 0.008982826948480845, 0.017437252311756937, 0.024570673712021138, 0.03883751651254954, 0.04702774108322325, 0.07001321003963012, 0.08348745046235138, 0.10911492734478204, 0.12338177014531043, 0.12523117569352707, 0.08190224570673713, 0.11043593130779393, 0.03883751651254954, 0.028005284015852047, 0.02906208718626156, 0.011096433289299868, 0.007133421400264201, 0.012681638044914135, 0.006340819022457068, 0.006869220607661823, 0.0023778071334214002, 0.0018494055482166448, 0.0007926023778071334, 0.0021136063408190224, 0.0, 0.0], [0.0033333333333333335, 0.0, 0.0033333333333333335, 0.01, 0.016666666666666666, 0.013333333333333334, 0.016666666666666666, 0.05, 0.05, 0.1, 0.08666666666666667, 0.10333333333333333, 0.09, 0.10333333333333333, 0.07666666666666666, 0.06666666666666667, 0.06666666666666667, 0.03333333333333333, 0.02666666666666667, 0.03666666666666667, 0.006666666666666667, 0.013333333333333334, 0.02, 0.006666666666666667, 0.0, 0.0, 0.0, 0.0, 0.0, 0.0, 0.0, 0.0, 0.0], [0.0003312355084465055, 0.00022082367229767032, 0.0005520591807441757, 0.0005520591807441757, 0.0005520591807441757, 0.0015457657060836921, 0.0017665893783813625, 0.005078944462846417, 0.009274594236502154, 0.02075742519598101, 0.033123550844650546, 0.04593132383791543, 0.057745390305840784, 0.06425968863862205, 0.08236722976703102, 0.0863420558683891, 0.14000220823672296, 0.10135806558463067, 0.12012807772993264, 0.06348680578558022, 0.04471679364027824, 0.04593132383791543, 0.020205366015236835, 0.012918184829413714, 0.021530308049022857, 0.009164182400353318, 0.005851827315888263, 0.0017665893783813625, 0.0023186485591255384, 0.00022082367229767032, 0.0, 0.0, 0.0], [0.0, 0.0, 0.0, 0.0, 0.00036927621861152144, 0.00036927621861152144, 0.00036927621861152144, 0.00036927621861152144, 0.0007385524372230429, 0.005539143279172821, 0.007016248153618907, 0.005908419497784343, 0.012186115214180207, 0.021048744460856722, 0.04025110782865583, 0.06351550960118169, 0.07791728212703102, 0.08124076809453472, 0.18759231905465287, 0.08087149187592318, 0.08530280649926145, 0.12149187592319055, 0.050221565731166914, 0.025480059084194977, 0.06868537666174299, 0.022895125553914326, 0.013663220088626292, 0.014771048744460856, 0.0066469719350073855, 0.004062038404726735, 0.0014771048744460858, 0.0, 0.0], [0.0, 0.0, 0.0003244646333549643, 0.0, 0.0016223231667748216, 0.0016223231667748216, 0.0035691109669046075, 0.003893575600259572, 0.012005191434133679, 0.018170019467878003, 0.030499675535366644, 0.03439325113562622, 0.05970149253731343, 0.07235561323815703, 0.09214795587280987, 0.11194029850746269, 0.14049318624269955, 0.09117456197274497, 0.15120051914341337, 0.054510058403634, 0.036340038935756006, 0.04023361453601557, 0.012654120700843608, 0.008436080467229072, 0.01135626216742375, 0.004218040233614536, 0.001946787800129786, 0.0016223231667748216, 0.001946787800129786, 0.0016223231667748216, 0.0, 0.0, 0.0], [0.00018406037180195104, 0.0, 0.0005521811154058532, 0.0005521811154058532, 0.0009203018590097553, 0.0020246640898214613, 0.004601509295048776, 0.008098656359285845, 0.013620467513344376, 0.02263942573163998, 0.048223817412111174, 0.06405300938707896, 0.0898214614393521, 0.0973679366832321, 0.13454813178722622, 0.13141910546659305, 0.12902632063316768, 0.07436039020798822, 0.0804343824774526, 0.03754831584759801, 0.01932633903920486, 0.018406037180195105, 0.008098656359285845, 0.00533775078225658, 0.0040493281796429225, 0.0014724829744156083, 0.0018406037180195105, 0.0009203018590097553, 0.0005521811154058532, 0.0, 0.0, 0.0, 0.0], [0.0, 0.0, 0.0, 0.0, 0.0003484320557491289, 0.0006968641114982578, 0.0027874564459930314, 0.002961672473867596, 0.007142857142857143, 0.009233449477351916, 0.022473867595818816, 0.03397212543554007, 0.04651567944250871, 0.06759581881533101, 0.10644599303135889, 0.11306620209059233, 0.1456445993031359, 0.10400696864111499, 0.1588850174216028, 0.060278745644599306, 0.037282229965156795, 0.03623693379790941, 0.013588850174216028, 0.00853658536585366, 0.01289198606271777, 0.005052264808362369, 0.0015679442508710801, 0.0010452961672473868, 0.0017421602787456446, 0.0, 0.0, 0.0, 0.0], [0.0002420721374969741, 0.0, 0.0, 0.00012103606874848704, 0.00012103606874848704, 0.00036310820624546115, 0.0015734688937303317, 0.0022996853062212537, 0.005083514887436456, 0.01319293149358509, 0.02178649237472767, 0.025296538368433794, 0.03534253207455822, 0.04720406681190995, 0.06705398208666183, 0.08992979908012588, 0.1338658920358267, 0.11474219317356572, 0.1784071653352699, 0.08484628419268943, 0.05470830307431614, 0.05906560154926168, 0.0205761316872428, 0.0102880658436214, 0.01755022996853062, 0.00532558702493343, 0.0039941902687000725, 0.002662793512466715, 0.0015734688937303317, 0.002420721374969741, 0.00036310820624546115, 0.0, 0.0], [0.0, 0.0, 0.0, 0.0, 0.000468384074941452, 0.000234192037470726, 0.000702576112412178, 0.000702576112412178, 0.004215456674473068, 0.004215456674473068, 0.013114754098360656, 0.018032786885245903, 0.03629976580796253, 0.05175644028103044, 0.07400468384074942, 0.10070257611241218, 0.14964871194379392, 0.11592505854800937, 0.17142857142857143, 0.07962529274004684, 0.05807962529274005, 0.05690866510538642, 0.02271662763466042, 0.010304449648711944, 0.016627634660421546, 0.007728337236533958, 0.001873536299765808, 0.001873536299765808, 0.000936768149882904, 0.001873536299765808, 0.0, 0.0, 0.0], [0.0, 0.00041152263374485596, 0.0, 0.0, 0.0012345679012345679, 0.0012345679012345679, 0.0008230452674897119, 0.0049382716049382715, 0.009876543209876543, 0.013991769547325103, 0.019753086419753086, 0.031275720164609055, 0.047736625514403296, 0.05720164609053498, 0.08065843621399177, 0.10411522633744856, 0.13580246913580246, 0.10246913580246914, 0.13580246913580246, 0.06460905349794238, 0.05308641975308642, 0.046502057613168724, 0.027983539094650206, 0.01440329218106996, 0.017695473251028805, 0.009876543209876543, 0.004526748971193415, 0.006172839506172839, 0.00411522633744856, 0.0024691358024691358, 0.0012345679012345679, 0.0, 0.0], [0.00022138587558113792, 0.0, 0.00044277175116227583, 0.00044277175116227583, 0.00044277175116227583, 0.0008855435023245517, 0.0015497011290679654, 0.003763559884879345, 0.0073057338941775515, 0.012176223156962585, 0.02235997343369493, 0.03940668585344255, 0.0677440779278282, 0.07903475758246624, 0.10648660615452735, 0.12486163382776179, 0.1365950852335621, 0.09298206774407793, 0.12862519371264114, 0.050697365508080586, 0.03431481071507638, 0.04007084348018596, 0.014832853663936241, 0.007748505645339828, 0.013061766659287138, 0.00531326101394731, 0.0035421740092982067, 0.0019924728802302415, 0.0015497011290679654, 0.0015497011290679654, 0.0, 0.0, 0.0], [0.0, 0.0, 0.000168321831341525, 0.00033664366268305, 0.000504965494024575, 0.00033664366268305, 0.001178252819390675, 0.002861471132805925, 0.0040397239521966, 0.009930988049149974, 0.020030297929641474, 0.02524827470122875, 0.0457835381248948, 0.05807103181282612, 0.0989732368288167, 0.12152836222858104, 0.14610334960444368, 0.09863659316613364, 0.1826291870055546, 0.06042753745160747, 0.0350109409190372, 0.040397239521966, 0.015317286652078774, 0.007911126073051675, 0.012119171856589799, 0.004208045783538125, 0.0033664366268305, 0.00168321831341525, 0.000504965494024575, 0.0026931493014644, 0.0, 0.0, 0.0], [0.0, 0.0, 0.0, 0.009009009009009009, 0.009009009009009009, 0.009009009009009009, 0.0, 0.009009009009009009, 0.009009009009009009, 0.05405405405405406, 0.02702702702702703, 0.04504504504504504, 0.04504504504504504, 0.06306306306306306, 0.05405405405405406, 0.11711711711711711, 0.12612612612612611, 0.08108108108108109, 0.07207207207207207, 0.02702702702702703, 0.08108108108108109, 0.036036036036036036, 0.036036036036036036, 0.0, 0.018018018018018018, 0.02702702702702703, 0.009009009009009009, 0.036036036036036036, 0.0, 0.0, 0.0, 0.0, 0.0], [0.000254000508001016, 0.000127000254000508, 0.0, 0.000127000254000508, 0.000254000508001016, 0.000127000254000508, 0.000381000762001524, 0.001524003048006096, 0.0031750063500127, 0.006604013208026416, 0.011176022352044705, 0.015494030988061977, 0.03060706121412243, 0.04559309118618237, 0.07480314960629922, 0.10833121666243332, 0.1634493268986538, 0.13982727965455932, 0.15341630683261367, 0.08140716281432563, 0.05334010668021336, 0.054229108458216914, 0.02159004318008636, 0.009906019812039623, 0.012954025908051815, 0.005207010414020828, 0.002286004572009144, 0.001143002286004572, 0.002667005334010668, 0.0, 0.0, 0.0, 0.0], [0.0, 0.0, 0.0, 0.00015832805573147562, 0.0, 0.00031665611146295124, 0.0014249525015832805, 0.0007916402786573781, 0.002058264724509183, 0.003324889170360988, 0.007124762507916403, 0.010924635845471818, 0.01836605446485117, 0.026124129195693478, 0.04512349588347055, 0.06887270424319189, 0.12428752374920836, 0.11827105763141228, 0.20155161494616847, 0.10022165927802407, 0.07235592146928435, 0.09578847371754275, 0.02960734642178594, 0.016466117796073463, 0.028340721975934135, 0.013457884737175428, 0.006016466117796073, 0.004274857504749842, 0.002058264724509183, 0.0009499683343888537, 0.0017416086130462318, 0.0, 0.0], [0.0003290195218249616, 0.00010967317394165388, 0.0, 0.00021934634788330776, 0.00021934634788330776, 0.0007677122175915771, 0.000877385391533231, 0.0023031366527747313, 0.0039482342618995395, 0.007019083132265848, 0.013270454046940118, 0.01754770783066462, 0.02292169335380566, 0.03586312787892081, 0.05023031366527747, 0.07710024128098267, 0.10890546172406229, 0.11548585216056152, 0.21046282079403378, 0.10572493967975433, 0.06843606053959202, 0.08039043649923229, 0.028076332529063393, 0.014586532134239966, 0.020618556701030927, 0.007128756306207502, 0.003619214740074578, 0.0013160780872998464, 0.002522483000658039, 0.0, 0.0, 0.0, 0.0], [0.0, 0.0, 0.0, 0.001692047377326565, 0.001692047377326565, 0.0, 0.0, 0.005076142131979695, 0.008460236886632826, 0.005076142131979695, 0.01692047377326565, 0.025380710659898477, 0.043993231810490696, 0.08460236886632826, 0.09475465313028765, 0.1353637901861252, 0.16243654822335024, 0.12521150592216582, 0.16412859560067683, 0.06091370558375635, 0.02707275803722504, 0.025380710659898477, 0.00676818950930626, 0.001692047377326565, 0.00338409475465313, 0.0, 0.0, 0.0, 0.0, 0.0, 0.0, 0.0, 0.0], [0.0, 0.0, 0.0, 0.0002840640090900483, 0.0, 0.0001893760060600322, 0.0002840640090900483, 0.0008521920272701449, 0.0022725120727203865, 0.005681280181800966, 0.008616608275731465, 0.0164757125272228, 0.026133888836284442, 0.0335195530726257, 0.05132089764226872, 0.06391440204526086, 0.10036928321181707, 0.07508758640280276, 0.20499952655998485, 0.11192121958147902, 0.07461414638765268, 0.12612442003598145, 0.03749644919988637, 0.012593504402992142, 0.027080768866584604, 0.008616608275731465, 0.005207840166650885, 0.0026512640848404506, 0.001893760060600322, 0.0017990720575703058, 0.0, 0.0, 0.0], [0.0002053388090349076, 0.0001026694045174538, 0.0001026694045174538, 0.0, 0.0006160164271047228, 0.0006160164271047228, 0.000513347022587269, 0.0011293634496919917, 0.0013347022587268994, 0.006262833675564682, 0.011498973305954825, 0.023716632443531827, 0.04271047227926078, 0.05944558521560575, 0.08829568788501027, 0.11139630390143737, 0.1597535934291581, 0.152258726899384, 0.18213552361396304, 0.06457905544147843, 0.036344969199178644, 0.03131416837782341, 0.01190965092402464, 0.0037987679671457907, 0.0053388090349075976, 0.0018480492813141684, 0.0019507186858316221, 0.0008213552361396304, 0.0, 0.0, 0.0, 0.0, 0.0], [0.0, 0.00012503125781445363, 0.0, 0.00012503125781445363, 0.00037509377344336085, 0.0008752188047011753, 0.0008752188047011753, 0.002250562640660165, 0.0033758439609902473, 0.0058764691172793196, 0.011752938234558639, 0.020630157539384845, 0.03013253313328332, 0.04076019004751188, 0.07076769192298074, 0.10890222555638909, 0.16191547886971744, 0.12653163290822705, 0.1730432608152038, 0.08589647411852963, 0.05026256564141035, 0.052138034508627154, 0.024381095273818456, 0.010252563140785197, 0.011502875718929733, 0.002875718929732433, 0.002250562640660165, 0.0021255313828457112, 0.0, 0.0, 0.0, 0.0, 0.0], [0.0, 0.0, 0.0, 0.0, 0.0002926115581565472, 0.0, 0.0008778346744696416, 0.0008778346744696416, 0.0016093635698610094, 0.003365032918800293, 0.00936356986100951, 0.014923189465983906, 0.026920263350402342, 0.044769568397951716, 0.07578639356254573, 0.106949524506218, 0.15025603511338698, 0.09817117776152158, 0.19897585954645208, 0.07461594732991954, 0.04594001463057791, 0.05954645208485735, 0.026920263350402342, 0.013021214337966349, 0.02121433796634967, 0.009217264081931235, 0.005998536942209217, 0.003218727139722019, 0.0030724213606437454, 0.0020482809070958303, 0.0020482809070958303, 0.0, 0.0], [0.0, 0.00036258158085569254, 0.00036258158085569254, 0.0007251631617113851, 0.0025380710659898475, 0.0025380710659898475, 0.005438723712835388, 0.008339376359680928, 0.014503263234227702, 0.02864394488759971, 0.03807106598984772, 0.05402465554749819, 0.06018854242204496, 0.0823060188542422, 0.11385061638868746, 0.1116751269035533, 0.11892675852066716, 0.0772298767222625, 0.14938361131254532, 0.04423495286439449, 0.02102973168963017, 0.032269760696156634, 0.009427121102248005, 0.005076142131979695, 0.010514865844815084, 0.0032632342277012327, 0.0018129079042784628, 0.0010877447425670776, 0.0018129079042784628, 0.00036258158085569254, 0.0, 0.0, 0.0], [0.0, 0.0, 0.0, 0.0019305019305019305, 0.002574002574002574, 0.002574002574002574, 0.003861003861003861, 0.010939510939510939, 0.010296010296010296, 0.014800514800514801, 0.023809523809523808, 0.036036036036036036, 0.05019305019305019, 0.05662805662805663, 0.08236808236808237, 0.1093951093951094, 0.14543114543114544, 0.10424710424710425, 0.17117117117117117, 0.06113256113256113, 0.02895752895752896, 0.032818532818532815, 0.021235521235521235, 0.005791505791505791, 0.014800514800514801, 0.0045045045045045045, 0.001287001287001287, 0.002574002574002574, 0.0006435006435006435, 0.0, 0.0, 0.0, 0.0], [0.0002922267679719462, 0.0, 0.0, 0.0, 0.0005844535359438924, 0.0007305669199298656, 0.002776154295733489, 0.004967855055523086, 0.0065751022793687905, 0.014026884862653419, 0.02673874926943308, 0.04135008766803039, 0.05420806545879603, 0.07583284628872004, 0.1288720046756283, 0.14085330216247807, 0.146843950905903, 0.09015195791934541, 0.12755698421975453, 0.04222676797194623, 0.027177089421391, 0.031122150789012273, 0.013150204558737581, 0.0065751022793687905, 0.01081239041496201, 0.002630040911747516, 0.001315020455873758, 0.0010227936879018118, 0.0001461133839859731, 0.0011689070718877848, 0.0002922267679719462, 0.0, 0.0], [0.0, 0.0, 0.0, 0.00065359477124183, 0.00021786492374727668, 0.00021786492374727668, 0.002178649237472767, 0.00065359477124183, 0.00392156862745098, 0.00980392156862745, 0.016775599128540306, 0.022004357298474945, 0.03398692810457516, 0.048583877995642705, 0.07124183006535947, 0.10631808278867103, 0.11895424836601307, 0.09891067538126362, 0.1664488017429194, 0.07363834422657953, 0.05337690631808279, 0.062309368191721136, 0.02875816993464052, 0.015032679738562092, 0.0318082788671024, 0.013071895424836602, 0.009368191721132898, 0.004793028322440087, 0.0030501089324618735, 0.0023965141612200436, 0.0015250544662309367, 0.0, 0.0], [0.0, 0.0, 0.0, 0.0, 0.00020267531414673692, 0.0, 0.0008107012565869477, 0.0010133765707336846, 0.00263477908390758, 0.009120389136603162, 0.015403323875152006, 0.027969193352249695, 0.043980543169841915, 0.06485610052695581, 0.09525739764896636, 0.11775435751925416, 0.147142278070531, 0.10417511147142278, 0.1651803810295906, 0.06890960680989056, 0.04175111471422781, 0.04539927036886907, 0.016416700445885692, 0.007701661937576003, 0.01053911633563032, 0.002837454398054317, 0.004053506282934738, 0.0022294284556141062, 0.0032428050263477908, 0.0014187271990271585, 0.0, 0.0, 0.0], [0.00013457139012245997, 0.00013457139012245997, 0.00013457139012245997, 0.00013457139012245997, 0.00013457139012245997, 0.0012111425111021397, 0.0012111425111021397, 0.003095141972816579, 0.0044408558740411785, 0.007939712017225138, 0.020051137128246535, 0.030951419728165792, 0.04979141434531019, 0.0662091239402503, 0.09487283003633427, 0.14264567352980756, 0.1748082357690755, 0.11748082357690755, 0.12367110752254071, 0.06486341003902571, 0.03700713228367649, 0.029605705826941192, 0.013591710402368456, 0.005113712824653479, 0.005113712824653479, 0.0017494280715919794, 0.0009419997308572198, 0.002825999192571659, 0.00013457139012245997, 0.0, 0.0, 0.0, 0.0], [0.0, 0.0, 0.0, 0.0002105263157894737, 0.0002105263157894737, 0.0008421052631578948, 0.0010526315789473684, 0.0025263157894736842, 0.004842105263157895, 0.007157894736842105, 0.016842105263157894, 0.024842105263157895, 0.042105263157894736, 0.05789473684210526, 0.09242105263157895, 0.12842105263157894, 0.15705263157894736, 0.11536842105263158, 0.14357894736842106, 0.06757894736842106, 0.04252631578947368, 0.041473684210526315, 0.01831578947368421, 0.00631578947368421, 0.016210526315789474, 0.004842105263157895, 0.003368421052631579, 0.0014736842105263158, 0.0012631578947368421, 0.0006315789473684211, 0.0006315789473684211, 0.0, 0.0], [0.0, 0.0, 0.0, 0.0002587991718426501, 0.0, 0.0010351966873706005, 0.002070393374741201, 0.002846790890269151, 0.005693581780538302, 0.005693581780538302, 0.011904761904761904, 0.021221532091097308, 0.031314699792960664, 0.04606625258799172, 0.07712215320910973, 0.10766045548654245, 0.1389751552795031, 0.09963768115942029, 0.18297101449275363, 0.07686335403726709, 0.05124223602484472, 0.06159420289855073, 0.02562111801242236, 0.015269151138716356, 0.019409937888198756, 0.009316770186335404, 0.003105590062111801, 0.0012939958592132505, 0.0010351966873706005, 0.0007763975155279503, 0.0, 0.0, 0.0], [0.0, 0.0, 0.00014409221902017292, 0.0, 0.00028818443804034583, 0.0004322766570605187, 0.0005763688760806917, 0.001729106628242075, 0.0018731988472622477, 0.0053314121037463975, 0.01037463976945245, 0.023487031700288184, 0.04048991354466859, 0.06743515850144093, 0.09236311239193083, 0.11440922190201729, 0.1452449567723343, 0.10129682997118156, 0.16714697406340057, 0.06037463976945245, 0.04250720461095101, 0.04798270893371758, 0.024063400576368875, 0.010806916426512969, 0.02219020172910663, 0.006628242074927954, 0.005763688760806916, 0.00345821325648415, 0.001440922190201729, 0.0012968299711815562, 0.0008645533141210375, 0.0, 0.0], [0.0, 0.0, 9.802960494069208e-05, 0.0, 9.802960494069208e-05, 9.802960494069208e-05, 0.00029408881482207626, 0.000980296049406921, 0.002058621703754534, 0.005587687481619449, 0.010587197333594745, 0.02019409861778257, 0.03362415449465739, 0.04685815116165082, 0.06773845701401823, 0.07910989118713851, 0.10067640427409077, 0.07234584844623076, 0.23252622291932162, 0.10018625624938732, 0.06577786491520439, 0.08626605234780904, 0.02578178609940202, 0.009606901284187825, 0.02450740123517302, 0.006764042740907754, 0.0030389177531614546, 0.0017645328889324577, 0.0017645328889324577, 0.0016665032839917656, 0.0, 0.0, 0.0], [0.0, 0.0, 0.0, 0.0, 0.0, 0.0001194885888397658, 0.0007169315330385948, 0.000597442944198829, 0.00227028318795555, 0.0048990321424303976, 0.008125224041104075, 0.0181622655036444, 0.030469590154140278, 0.05329191062253555, 0.08196917194407934, 0.11626239694109212, 0.171944079340423, 0.1261799498147927, 0.20528139562671766, 0.07037877882662205, 0.03751941689568646, 0.046003106703309836, 0.01111243876209822, 0.004062612020552038, 0.0059744294419882904, 0.001194885888397658, 0.001194885888397658, 0.0015533516549169554, 0.0007169315330385948, 0.0, 0.0, 0.0, 0.0], [0.0, 0.00392156862745098, 0.0, 0.00392156862745098, 0.00392156862745098, 0.0196078431372549, 0.027450980392156862, 0.0196078431372549, 0.06666666666666667, 0.03529411764705882, 0.054901960784313725, 0.06666666666666667, 0.06666666666666667, 0.11372549019607843, 0.11372549019607843, 0.12549019607843137, 0.09019607843137255, 0.06666666666666667, 0.043137254901960784, 0.01568627450980392, 0.011764705882352941, 0.023529411764705882, 0.011764705882352941, 0.01568627450980392, 0.0, 0.0, 0.0, 0.0, 0.0, 0.0, 0.0, 0.0, 0.0]]}, "ranks": {"labels": ["Unranked", "Combatatent I", "Combatatent II", "Challenger I", "Challenger II", "Rival I", "Rival II", "Duelist", "Elite"], "data": [[0.1157556270096463, 0.14469453376205788, 0.20257234726688103, 0.21864951768488747, 0.15434083601286175, 0.08360128617363344, 0.04823151125401929, 0.01929260450160772, 0.012861736334405145], [0.05026782035434693, 0.07704985578903997, 0.138442521631644, 0.22208487845076225, 0.23650597445405852, 0.18541409147095178, 0.0465595385249279, 0.031314379892871856, 0.012360939431396786], [0.009748516530093246, 0.01907318451539983, 0.0445040972025996, 0.09790901384571912, 0.20118677592540266, 0.3322972591127437, 0.10327776207968353, 0.13506640293868324, 0.05693698784967505], [0.020071305955367755, 0.03367225670143932, 0.07909679123200845, 0.14525287204542453, 0.270698534266473, 0.2540604780139971, 0.09520665522250099, 0.0841146177208504, 0.017826488841938465], [0.14035087719298245, 0.12280701754385964, 0.17543859649122806, 0.18421052631578946, 0.09649122807017543, 0.14912280701754385, 0.05263157894736842, 0.07894736842105263, 0.0], [0.010466348701642819, 0.027424483306836247, 0.08320084790673025, 0.17819289878113406, 0.27278749337572866, 0.21542130365659778, 0.07856385797562268, 0.09340222575516693, 0.04054054054054054], [0.06340819022457067, 0.08586525759577279, 0.1535006605019815, 0.23249669749009247, 0.2071334214002642, 0.13421400264200792, 0.043064729194187586, 0.047291941875825624, 0.03302509907529723], [0.2633333333333333, 0.19, 0.19333333333333333, 0.14333333333333334, 0.1, 0.04, 0.03, 0.04, 0.0], [0.040631555702771334, 0.07905487468256597, 0.12200507894446284, 0.16870928563542012, 0.24136027382135364, 0.15424533509992272, 0.07408634205586839, 0.07905487468256597, 0.040852379375069005], [0.00775480059084195, 0.01292466765140325, 0.03323485967503693, 0.10376661742983752, 0.15915805022156573, 0.22710487444608568, 0.12666174298375185, 0.19719350073855244, 0.13220088626292467], [0.04120700843608047, 0.06489292667099286, 0.13205710577547047, 0.20408825438027256, 0.23166774821544453, 0.17975340687865024, 0.06229720960415315, 0.06132381570408826, 0.0227125243348475], [0.05319344745076385, 0.11227682679919014, 0.1871893981225842, 0.26596723725381927, 0.2033867108411559, 0.09847229891404381, 0.03883673845021167, 0.03184244432173753, 0.00883489784649365], [0.023170731707317073, 0.05644599303135889, 0.11411149825783973, 0.21951219512195122, 0.24965156794425086, 0.1897212543554007, 0.06672473867595818, 0.05836236933797909, 0.02229965156794425], [0.02299685306221254, 0.04708303074316146, 0.08254659888646816, 0.1569837811667877, 0.2486080852093924, 0.22403776325344954, 0.09392398934882595, 0.08992979908012588, 0.03389009924957637], [0.01053864168618267, 0.03114754098360656, 0.08805620608899298, 0.17470725995316158, 0.26557377049180325, 0.2189695550351288, 0.09016393442622951, 0.08992974238875878, 0.030913348946135833], [0.03251028806584362, 0.05102880658436214, 0.10493827160493827, 0.18477366255144034, 0.2382716049382716, 0.1699588477366255, 0.08353909465020576, 0.08888888888888889, 0.04609053497942387], [0.027230462696479964, 0.06176665928713748, 0.14677883551029444, 0.23134823998228912, 0.22957715297764003, 0.15806951516493248, 0.05556785477086562, 0.06265220278946203, 0.027009076820898828], [0.019357010604275374, 0.04527857263087023, 0.10385456993772092, 0.22050159905739775, 0.24473994277057734, 0.21578858777983503, 0.06227907759636425, 0.06362565224709645, 0.02457498737586265], [0.0990990990990991, 0.07207207207207207, 0.10810810810810811, 0.17117117117117117, 0.2072072072072072, 0.08108108108108109, 0.0990990990990991, 0.07207207207207207, 0.09009009009009009], [0.012573025146050291, 0.02667005334010668, 0.0762001524003048, 0.18313436626873253, 0.3032766065532131, 0.19939039878079756, 0.0887731775463551, 0.0857251714503429, 0.02425704851409703], [0.008074730842305257, 0.01804939835338822, 0.04449018366054465, 0.11399620012666245, 0.24255858138062064, 0.2539582013932869, 0.12017099430018999, 0.14186193793540217, 0.056839772007599744], [0.015792937047598158, 0.03081816187760474, 0.05878482123272648, 0.12733055494626014, 0.22439131388462383, 0.26584777363456896, 0.11877604737881114, 0.12305330116253564, 0.03520508883527089], [0.021996615905245348, 0.04230118443316413, 0.12859560067681894, 0.23011844331641285, 0.2876480541455161, 0.20135363790186125, 0.050761421319796954, 0.0338409475465313, 0.00338409475465313], [0.009563488306031626, 0.025092320802954267, 0.05965344190891014, 0.11523529968752959, 0.17545686961461981, 0.26607328851434525, 0.12546160401477133, 0.17621437363885994, 0.04724931351197803], [0.010882956878850103, 0.03521560574948665, 0.10215605749486653, 0.19969199178644764, 0.3120123203285421, 0.2173511293634497, 0.06570841889117043, 0.04702258726899384, 0.00995893223819302], [0.01387846961740435, 0.032383095773943486, 0.0708927231807952, 0.17966991747936983, 0.28844711177794446, 0.21905476369092272, 0.09014753688422106, 0.08677169292323081, 0.018754688672168042], [0.0070226773957571325, 0.024286759326993416, 0.07168983174835405, 0.18273591806876371, 0.24842721287490857, 0.23979517190929042, 0.07973664959765911, 0.09948792977322604, 0.04681784930504755], [0.06345177664974619, 0.09209572153734591, 0.14249456127628715, 0.22552574329224076, 0.19615663524292967, 0.1700507614213198, 0.04459753444525018, 0.046773023930384336, 0.01885424220449601], [0.046975546975546977, 0.059845559845559844, 0.10682110682110682, 0.19176319176319176, 0.24967824967824967, 0.20527670527670527, 0.055984555984555984, 0.059845559845559844, 0.023809523809523808], [0.02995324371712449, 0.06808883693746347, 0.13004091174751609, 0.26972530683810636, 0.2369959088252484, 0.15020455873758037, 0.046756282875511396, 0.05084745762711865, 0.017387492694330802], [0.01764705882352941, 0.038779956427015254, 0.08257080610021786, 0.1775599128540305, 0.2178649237472767, 0.20610021786492375, 0.08736383442265795, 0.10610021786492374, 0.06601307189542484], [0.013781921361978111, 0.0433725172274017, 0.10883664369679773, 0.21301175516822052, 0.2513173895419538, 0.2047020672882043, 0.07113903526550466, 0.06951763275233076, 0.02432103769760843], [0.018570851836899476, 0.05100255685641233, 0.11600053828556049, 0.23751850356614185, 0.29228905934598304, 0.16013995424572736, 0.06540169559951554, 0.04831112905396313, 0.010765711209796797], [0.016842105263157894, 0.04168421052631579, 0.1, 0.2208421052631579, 0.27242105263157895, 0.18021052631578946, 0.07347368421052632, 0.06610526315789474, 0.028421052631578948], [0.017598343685300208, 0.033126293995859216, 0.07738095238095238, 0.18478260869565216, 0.2386128364389234, 0.2277432712215321, 0.08333333333333333, 0.10248447204968944, 0.03493788819875776], [0.01037463976945245, 0.03386167146974063, 0.10792507204610952, 0.20677233429394812, 0.24654178674351584, 0.2, 0.07002881844380403, 0.08285302593659942, 0.04164265129682997], [0.009214782864425057, 0.030781295951377317, 0.0804823056563082, 0.14684834820115675, 0.17302225272032154, 0.2853641799823547, 0.11312616410155867, 0.12165473973139888, 0.03950593079109891], [0.008603178396463138, 0.026287489544748476, 0.08376150077667582, 0.19823156888517146, 0.2981240291552157, 0.24363723264428247, 0.06954235870474369, 0.06117815748596009, 0.010634484406739156], [0.1803921568627451, 0.12156862745098039, 0.1803921568627451, 0.23921568627450981, 0.1568627450980392, 0.047058823529411764, 0.023529411764705882, 0.050980392156862744, 0.0]]}, "ranksDetailed": {"labels": ["Unranked", "Combatatant", "Challenger", "Rival", "Duelist", "Elite"], "data": [[0.1157556270096463, 0.34726688102893893, 0.3729903536977492, 0.13183279742765272, 0.01929260450160772, 0.012861736334405145], [0.05026782035434693, 0.21549237742068397, 0.45859085290482077, 0.2319736299958797, 0.031314379892871856, 0.012360939431396786], [0.009748516530093246, 0.06357728171799944, 0.2990957897711218, 0.43557502119242725, 0.13506640293868324, 0.05693698784967505], [0.020071305955367755, 0.11276904793344777, 0.41595140631189753, 0.3492671332364981, 0.0841146177208504, 0.017826488841938465], [0.14035087719298245, 0.2982456140350877, 0.2807017543859649, 0.20175438596491227, 0.07894736842105263, 0.0], [0.010466348701642819, 0.1106253312135665, 0.45098039215686275, 0.29398516163222044, 0.09340222575516693, 0.04054054054054054], [0.06340819022457067, 0.2393659180977543, 0.4396301188903567, 0.1772787318361955, 0.047291941875825624, 0.03302509907529723], [0.2633333333333333, 0.38333333333333336, 0.24333333333333335, 0.07, 0.04, 0.0], [0.040631555702771334, 0.20105995362702883, 0.41006955945677376, 0.2283316771557911, 0.07905487468256597, 0.040852379375069005], [0.00775480059084195, 0.04615952732644018, 0.26292466765140327, 0.3537666174298375, 0.19719350073855244, 0.13220088626292467], [0.04120700843608047, 0.19695003244646334, 0.43575600259571706, 0.24205061648280338, 0.06132381570408826, 0.0227125243348475], [0.05319344745076385, 0.2994662249217743, 0.46935394809497516, 0.13730903736425548, 0.03184244432173753, 0.00883489784649365], [0.023170731707317073, 0.17055749128919862, 0.4691637630662021, 0.2564459930313589, 0.05836236933797909, 0.02229965156794425], [0.02299685306221254, 0.12962962962962962, 0.4055918663761801, 0.3179617526022755, 0.08992979908012588, 0.03389009924957637], [0.01053864168618267, 0.11920374707259954, 0.44028103044496486, 0.3091334894613583, 0.08992974238875878, 0.030913348946135833], [0.03251028806584362, 0.15596707818930042, 0.42304526748971194, 0.25349794238683127, 0.08888888888888889, 0.04609053497942387], [0.027230462696479964, 0.20854549479743192, 0.4609253929599292, 0.2136373699357981, 0.06265220278946203, 0.027009076820898828], [0.019357010604275374, 0.14913314256859114, 0.4652415418279751, 0.2780676653761993, 0.06362565224709645, 0.02457498737586265], [0.0990990990990991, 0.18018018018018017, 0.3783783783783784, 0.18018018018018017, 0.07207207207207207, 0.09009009009009009], [0.012573025146050291, 0.10287020574041147, 0.4864109728219456, 0.28816357632715267, 0.0857251714503429, 0.02425704851409703], [0.008074730842305257, 0.06253958201393287, 0.3565547815072831, 0.37412919569347686, 0.14186193793540217, 0.056839772007599744], [0.015792937047598158, 0.08960298311033121, 0.35172186883088397, 0.3846238210133801, 0.12305330116253564, 0.03520508883527089], [0.021996615905245348, 0.17089678510998307, 0.5177664974619289, 0.2521150592216582, 0.0338409475465313, 0.00338409475465313], [0.009563488306031626, 0.0847457627118644, 0.2906921693021494, 0.39153489252911655, 0.17621437363885994, 0.04724931351197803], [0.010882956878850103, 0.13737166324435318, 0.5117043121149897, 0.2830595482546201, 0.04702258726899384, 0.00995893223819302], [0.01387846961740435, 0.10327581895473868, 0.46811702925731435, 0.3092023005751438, 0.08677169292323081, 0.018754688672168042], [0.0070226773957571325, 0.09597659107534748, 0.43116313094367226, 0.31953182150694953, 0.09948792977322604, 0.04681784930504755], [0.06345177664974619, 0.23459028281363306, 0.42168237853517043, 0.21464829586656997, 0.046773023930384336, 0.01885424220449601], [0.046975546975546977, 0.16666666666666666, 0.44144144144144143, 0.26126126126126126, 0.059845559845559844, 0.023809523809523808], [0.02995324371712449, 0.19812974868497954, 0.5067212156633548, 0.19696084161309177, 0.05084745762711865, 0.017387492694330802], [0.01764705882352941, 0.12135076252723312, 0.3954248366013072, 0.2934640522875817, 0.10610021786492374, 0.06601307189542484], [0.013781921361978111, 0.15220916092419942, 0.4643291447101743, 0.275841102553709, 0.06951763275233076, 0.02432103769760843], [0.018570851836899476, 0.1670030951419728, 0.5298075629121248, 0.22554164984524291, 0.04831112905396313, 0.010765711209796797], [0.016842105263157894, 0.1416842105263158, 0.49326315789473685, 0.2536842105263158, 0.06610526315789474, 0.028421052631578948], [0.017598343685300208, 0.1105072463768116, 0.42339544513457555, 0.3110766045548654, 0.10248447204968944, 0.03493788819875776], [0.01037463976945245, 0.14178674351585013, 0.453314121037464, 0.27002881844380405, 0.08285302593659942, 0.04164265129682997], [0.009214782864425057, 0.11126360160768552, 0.3198706009214783, 0.3984903440839133, 0.12165473973139888, 0.03950593079109891], [0.008603178396463138, 0.1100489903214243, 0.49635559804038715, 0.3131795913490262, 0.06117815748596009, 0.010634484406739156], [0.1803921568627451, 0.30196078431372547, 0.396078431372549, 0.07058823529411765, 0.050980392156862744, 0.0]]}}}, "eu": {"histType": {"histogram": {"labels": ["0", "100", "200", "300", "400", "500", "600", "700", "800", "900", "1000", "1100", "1200", "1300", "1400", "1500", "1600", "1700", "1800", "1900", "2000", "2100", "2200", "2300", "2400", "2500", "2600", "2700", "2800", "2900", "3000", "3100", "3200"], "data": [[0.0, 0.0, 0.004098360655737705, 0.0, 0.0, 0.00819672131147541, 0.01639344262295082, 0.01639344262295082, 0.040983606557377046, 0.045081967213114756, 0.06557377049180328, 0.06557377049180328, 0.06147540983606557, 0.11885245901639344, 0.14344262295081966, 0.11065573770491803, 0.0942622950819672, 0.0778688524590164, 0.040983606557377046, 0.028688524590163935, 0.012295081967213115, 0.020491803278688523, 0.004098360655737705, 0.004098360655737705, 0.01639344262295082, 0.004098360655737705, 0.0, 0.0, 0.0, 0.0, 0.0, 0.0, 0.0], [0.0, 0.0, 0.00044365572315882877, 0.0013309671694764862, 0.0008873114463176575, 0.003105590062111801, 0.0048802129547471165, 0.00709849157054126, 0.01730257320319432, 0.022182786157941437, 0.03194321206743567, 0.048802129547471165, 0.06388642413487133, 0.07630878438331855, 0.12067435669920142, 0.1126885536823425, 0.1512866015971606, 0.08606921029281278, 0.145075421472937, 0.04259094942324756, 0.02085181898846495, 0.021739130434782608, 0.005767524401064774, 0.0044365572315882874, 0.006654835847382431, 0.0013309671694764862, 0.0008873114463176575, 0.001774622892635315, 0.0, 0.0, 0.0, 0.0, 0.0], [0.0, 0.0, 0.0, 0.00014654161781946072, 0.00014654161781946072, 0.00014654161781946072, 0.00014654161781946072, 0.0013188745603751465, 0.0023446658851113715, 0.003956623681125439, 0.008499413833528723, 0.013921453692848768, 0.01875732708089097, 0.02432590855803048, 0.04191090269636577, 0.055832356389214535, 0.11034583821805392, 0.10404454865181711, 0.2702227432590856, 0.09100234466588511, 0.06594372801875732, 0.08587338804220399, 0.030627198124267292, 0.014947245017584994, 0.031066822977725676, 0.010844079718640093, 0.005568581477139508, 0.0029308323563892145, 0.0017584994138335288, 0.0017584994138335288, 0.001611957796014068, 0.0, 0.0], [0.0, 0.0, 0.0, 0.00012599218848431397, 0.00012599218848431397, 0.00025198437696862794, 0.0008819453193901979, 0.0026458359581705932, 0.0032757969005921634, 0.008189492251480409, 0.015245054806601991, 0.02381252362353534, 0.029986140859266725, 0.0405694846919491, 0.0648859770694217, 0.08428877409600605, 0.14325311830666498, 0.1225903993952375, 0.2144387048003024, 0.08718659443114526, 0.0559405316870354, 0.061106211414892274, 0.01587501574902356, 0.007181554743605896, 0.010961320398135316, 0.0035277812775607914, 0.0011339296963588257, 0.00037797656545294193, 0.0011339296963588257, 0.0008819453193901979, 0.00012599218848431397, 0.0, 0.0], [0.0, 0.0, 0.0, 0.0, 0.0, 0.018018018018018018, 0.02702702702702703, 0.04504504504504504, 0.04504504504504504, 0.02702702702702703, 0.07207207207207207, 0.09009009009009009, 0.036036036036036036, 0.02702702702702703, 0.08108108108108109, 0.14414414414414414, 0.06306306306306306, 0.0990990990990991, 0.06306306306306306, 0.05405405405405406, 0.04504504504504504, 0.0, 0.018018018018018018, 0.009009009009009009, 0.02702702702702703, 0.009009009009009009, 0.0, 0.0, 0.0, 0.0, 0.0, 0.0, 0.0], [0.0, 0.00013324450366422385, 0.00013324450366422385, 0.0002664890073284477, 0.00039973351099267156, 0.00013324450366422385, 0.00039973351099267156, 0.0014656895403064624, 0.0029313790806129248, 0.005729513657561625, 0.011325782811459028, 0.018254497001998667, 0.027448367754830113, 0.04850099933377748, 0.0782145236508994, 0.0938041305