{"region": {"us": {"histType": {"histogram": {"labels": ["0", "100", "200", "300", "400", "500", "600", "700", "800", "900", "1000", "1100", "1200", "1300", "1400", "1500", "1600", "1700", "1800", "1900", "2000", "2100", "2200", "2300", "2400", "2500", "2600", "2700", "2800", "2900", "3000", "3100", "3200"], "data": [[0.0, 0.0, 0.005571030640668524, 0.002785515320334262, 0.005571030640668524, 0.008356545961002786, 0.022284122562674095, 0.016713091922005572, 0.04178272980501393, 0.04456824512534819, 0.06685236768802229, 0.116991643454039, 0.09749303621169916, 0.12534818941504178, 0.11142061281337047, 0.0947075208913649, 0.0807799442896936, 0.04456824512534819, 0.03899721448467967, 0.033426183844011144, 0.016713091922005572, 0.008356545961002786, 0.008356545961002786, 0.0, 0.008356545961002786, 0.0, 0.0, 0.0, 0.0, 0.0, 0.0, 0.0, 0.0], [0.0, 0.0007215007215007215, 0.0, 0.00036075036075036075, 0.0007215007215007215, 0.0018037518037518038, 0.004329004329004329, 0.00974025974025974, 0.011544011544011544, 0.02958152958152958, 0.03968253968253968, 0.05519480519480519, 0.0854978354978355, 0.09018759018759019, 0.12337662337662338, 0.13131313131313133, 0.14321789321789322, 0.08441558441558442, 0.11002886002886003, 0.03932178932178932, 0.013347763347763348, 0.011183261183261184, 0.005050505050505051, 0.0021645021645021645, 0.002886002886002886, 0.00036075036075036075, 0.0021645021645021645, 0.001443001443001443, 0.00036075036075036075, 0.0, 0.0, 0.0, 0.0], [0.00010897994768962511, 0.0, 0.0, 0.00021795989537925023, 0.00021795989537925023, 0.00021795989537925023, 0.00021795989537925023, 0.0005448997384481255, 0.0026155187445510027, 0.0033783783783783786, 0.005557977332170881, 0.008064516129032258, 0.012750653879686137, 0.04893199651264167, 0.0803182214472537, 0.11083260680034873, 0.17523975588491716, 0.11268526591107236, 0.24237140366172624, 0.06800348735832606, 0.038034001743679165, 0.04762423714036617, 0.016129032258064516, 0.0075196163905841325, 0.012314734088927637, 0.002833478639930253, 0.0013077593722755014, 0.0011987794245858763, 0.00032693984306887534, 0.00043591979075850045, 0.0, 0.0, 0.0], [0.0, 0.0, 0.0, 0.0, 0.00010400416016640666, 0.00010400416016640666, 0.0007280291211648466, 0.00187207488299532, 0.004784191367654706, 0.007592303692147686, 0.011544461778471139, 0.013728549141965678, 0.025585023400936036, 0.03234529381175247, 0.05699427977119085, 0.13052522100884034, 0.19750390015600625, 0.11898075923036922, 0.21144045761830474, 0.07405096203848154, 0.03941757670306812, 0.04180967238689547, 0.015600624024960999, 0.004888195527821113, 0.008008320332813313, 0.0013520540821632865, 0.0005200208008320333, 0.0005200208008320333, 0.0, 0.0, 0.0, 0.0, 0.0], [0.0, 0.0, 0.0, 0.0, 0.007936507936507936, 0.0, 0.015873015873015872, 0.03968253968253968, 0.03968253968253968, 0.05555555555555555, 0.05555555555555555, 0.10317460317460317, 0.10317460317460317, 0.1111111111111111, 0.0873015873015873, 0.09523809523809523, 0.06349206349206349, 0.031746031746031744, 0.07142857142857142, 0.05555555555555555, 0.015873015873015872, 0.03968253968253968, 0.007936507936507936, 0.0, 0.0, 0.0, 0.0, 0.0, 0.0, 0.0, 0.0, 0.0, 0.0], [0.0, 0.0, 0.0, 0.00011723329425556858, 0.00035169988276670573, 0.00023446658851113716, 0.0005861664712778429, 0.00246189917936694, 0.005392731535756155, 0.011723329425556858, 0.020515826494724502, 0.030715123094958968, 0.05744431418522861, 0.0817116060961313, 0.10316529894490035, 0.12883939038686987, 0.15873388042203987, 0.09706916764361079, 0.13763188745603752, 0.05322391559202814, 0.032004689331770225, 0.04091441969519344, 0.014419695193434936, 0.005509964830011723, 0.009730363423212192, 0.0035169988276670576, 0.0016412661195779601, 0.0011723329425556857, 0.0005861664712778429, 0.0004689331770222743, 0.00011723329425556858, 0.0, 0.0], [0.0, 0.00025464731347084286, 0.00025464731347084286, 0.0017825311942959, 0.0015278838808250573, 0.0035650623885918, 0.006620830150241915, 0.01324166030048383, 0.0213903743315508, 0.03717850776674306, 0.05220269926152279, 0.06518971224853577, 0.09600203717850776, 0.1092436974789916, 0.11026228673287497, 0.12274000509294627, 0.12019353195823784, 0.06824548001018589, 0.0766488413547237, 0.03106697224344283, 0.01833460656990069, 0.01578813343519226, 0.008658008658008658, 0.0056022408963585435, 0.0053475935828877, 0.0035650623885918, 0.002546473134708429, 0.0010185892538833714, 0.0005092946269416857, 0.00025464731347084286, 0.0007639419404125286, 0.0, 0.0], [0.003355704697986577, 0.0, 0.0, 0.006711409395973154, 0.006711409395973154, 0.02348993288590604, 0.016778523489932886, 0.040268456375838924, 0.050335570469798654, 0.10738255033557047, 0.10067114093959731, 0.12080536912751678, 0.11409395973154363, 0.1040268456375839, 0.0738255033557047, 0.06375838926174497, 0.05704697986577181, 0.026845637583892617, 0.03355704697986577, 0.030201342281879196, 0.003355704697986577, 0.003355704697986577, 0.006711409395973154, 0.006711409395973154, 0.0, 0.0, 0.0, 0.0, 0.0, 0.0, 0.0, 0.0, 0.0], [0.000281478701444924, 0.00018765246762994934, 0.0004691311690748733, 0.0003753049352598987, 0.0004691311690748733, 0.0012197410395946707, 0.00140739350722462, 0.004034528054043911, 0.0076937511728279225, 0.01623193844999062, 0.026458997935822855, 0.03546631638206042, 0.07750046913116908, 0.12957402889848002, 0.13464064552448865, 0.12478889097391631, 0.14139613435916681, 0.08350534809532745, 0.09157440420341527, 0.042503283918183525, 0.026365171702007882, 0.026177519234377934, 0.010133233252017265, 0.005535747795083506, 0.007506098705197973, 0.001970350910114468, 0.00140739350722462, 0.000562957402889848, 0.000562957402889848, 0.0, 0.0, 0.0, 0.0], [0.0, 0.0, 0.0, 0.0, 0.0003990422984836393, 0.0003990422984836393, 0.0015961691939345571, 0.0003990422984836393, 0.0015961691939345571, 0.007980845969672785, 0.010375099760574621, 0.01157222665602554, 0.02114924181963288, 0.030327214684756583, 0.05426975259377494, 0.07262569832402235, 0.09736632083000799, 0.08858739026336791, 0.18435754189944134, 0.07262569832402235, 0.08100558659217877, 0.10335195530726257, 0.04628890662410216, 0.019553072625698324, 0.051476456504389465, 0.01636073423782921, 0.0111731843575419, 0.009976057462090982, 0.003591380686352753, 0.0015961691939345571, 0.0, 0.0, 0.0], [0.0, 0.0, 0.0002981514609421586, 0.0, 0.0014907573047107932, 0.0014907573047107932, 0.0029815146094215863, 0.005366726296958855, 0.013416815742397137, 0.02146690518783542, 0.03130590339892665, 0.039654144305307094, 0.06887298747763863, 0.08258795468097793, 0.10524746571258199, 0.12552176505664878, 0.1520572450805009, 0.0885509838998211, 0.13506261180679785, 0.04442456768038163, 0.029218843172331546, 0.02534287418008348, 0.007751937984496124, 0.005664877757901014, 0.007751937984496124, 0.0017889087656529517, 0.0014907573047107932, 0.0002981514609421586, 0.0005963029218843172, 0.0002981514609421586, 0.0, 0.0, 0.0], [0.00018241517694272163, 0.0, 0.0010944910616563297, 0.0005472455308281649, 0.0009120758847136082, 0.003465888361911711, 0.0063845311929952575, 0.011856986501276907, 0.019518423932871214, 0.03921926304268515, 0.06421014228383802, 0.07460780736957315, 0.10817219992703393, 0.10890186063480481, 0.13279824881430136, 0.12002918642831084, 0.1196643560744254, 0.0623859905144108, 0.0632980663991244, 0.026085370302809194, 0.012586647209047792, 0.011674571324334184, 0.006931776723823422, 0.003465888361911711, 0.001459321415541773, 0.00018241517694272163, 0.00036483035388544326, 0.0, 0.0, 0.0, 0.0, 0.0, 0.0], [0.0, 0.0, 0.0, 0.0, 0.00013123359580052493, 0.0005249343832020997, 0.002099737532808399, 0.0030183727034120734, 0.008661417322834646, 0.014041994750656168, 0.027296587926509186, 0.04488188976377953, 0.065748031496063, 0.08464566929133858, 0.11863517060367454, 0.12467191601049869, 0.16299212598425197, 0.09671916010498688, 0.13241469816272966, 0.04356955380577428, 0.025196850393700787, 0.024540682414698162, 0.007480314960629921, 0.005249343832020997, 0.004330708661417323, 0.0015748031496062992, 0.0006561679790026247, 0.00013123359580052493, 0.0007874015748031496, 0.0, 0.0, 0.0, 0.0], [0.00022750540325332727, 0.0, 0.0, 0.00011375270162666363, 0.00022750540325332727, 0.0006825162097599818, 0.0029575702422932545, 0.004550108065066546, 0.010237743146399726, 0.02184051871231942, 0.035832101012399045, 0.04675236036855875, 0.07098168581503811, 0.08440450460698441, 0.10567625981117051, 0.11238766920714367, 0.13718575816175635, 0.09077465589807758, 0.1201228529177568, 0.055056307587305196, 0.03207826185871914, 0.03367079968149243, 0.012285291775679672, 0.0047776134683198725, 0.008758958025253099, 0.0029575702422932545, 0.0019337959276532818, 0.0014787851211466273, 0.0011375270162666364, 0.0007962689113866454, 0.00011375270162666363, 0.0, 0.0], [0.0, 0.0, 0.0, 0.0, 0.00047281323877068556, 0.00023640661938534278, 0.0007092198581560284, 0.0018912529550827422, 0.004491725768321513, 0.00591016548463357, 0.015602836879432624, 0.028368794326241134, 0.050591016548463354, 0.07281323877068557, 0.09621749408983452, 0.11702127659574468, 0.16193853427895982, 0.116548463356974, 0.14728132387706855, 0.06524822695035461, 0.039952718676122934, 0.03877068557919622, 0.013947990543735224, 0.005200945626477541, 0.009929078014184398, 0.0028368794326241137, 0.0016548463356973995, 0.0009456264775413711, 0.00047281323877068556, 0.0009456264775413711, 0.0, 0.0, 0.0], [0.0, 0.0, 0.0, 0.0, 0.0011424219345011425, 0.001904036557501904, 0.002284843869002285, 0.0049504950495049506, 0.012947448591012947, 0.020182787509520184, 0.03351104341203351, 0.048743335872048744, 0.06626047220106626, 0.0833968012185834, 0.09824828636709824, 0.11766945925361767, 0.13175932977913177, 0.09482102056359482, 0.11348057882711349, 0.05255140898705255, 0.03351104341203351, 0.0297029702970297, 0.019801980198019802, 0.00913937547600914, 0.011043412033511044, 0.0049504950495049506, 0.0015232292460015233, 0.003808073115003808, 0.002284843869002285, 0.0003808073115003808, 0.0, 0.0, 0.0], [0.0002188662727073758, 0.0, 0.0004377325454147516, 0.0004377325454147516, 0.0004377325454147516, 0.001094331363536879, 0.0028452615451958854, 0.006565988181221274, 0.011162179908076166, 0.019041365725541694, 0.032392208360691614, 0.050558108995403805, 0.07901072444736267, 0.09958415408185599, 0.11227839789888379, 0.1247537754432042, 0.14248194353250165, 0.08426351499233968, 0.11599912453490917, 0.04224119063252353, 0.024731888815933464, 0.02385642372510396, 0.008973517181002408, 0.005033924272269643, 0.005471656817684395, 0.0017509301816590063, 0.0015320639089516305, 0.0015320639089516305, 0.0004377325454147516, 0.0008754650908295032, 0.0, 0.0, 0.0], [0.0, 0.0, 0.0001498576352465158, 0.0002997152704930316, 0.0004495729057395474, 0.0007492881762325791, 0.0016484339877116739, 0.0035965832459163793, 0.007942454668065337, 0.016634197512363256, 0.02817323542634497, 0.0407612767870523, 0.07837554323392777, 0.08841600479544433, 0.11988610819721265, 0.12737898995953845, 0.15210549977521354, 0.08541885209051402, 0.14041660422598531, 0.04016184624606624, 0.022328787651730856, 0.023227933463209952, 0.006893451221339727, 0.00464558669264199, 0.006743593586093211, 0.0013487187172186424, 0.0008991458114790948, 0.0004495729057395474, 0.0001498576352465158, 0.0007492881762325791, 0.0, 0.0, 0.0], [0.0, 0.0, 0.0, 0.008547008547008548, 0.008547008547008548, 0.008547008547008548, 0.008547008547008548, 0.008547008547008548, 0.017094017094017096, 0.07692307692307693, 0.05128205128205128, 0.07692307692307693, 0.05982905982905983, 0.06837606837606838, 0.07692307692307693, 0.1282051282051282, 0.11965811965811966, 0.07692307692307693, 0.042735042735042736, 0.02564102564102564, 0.03418803418803419, 0.008547008547008548, 0.02564102564102564, 0.0, 0.008547008547008548, 0.02564102564102564, 0.008547008547008548, 0.02564102564102564, 0.0, 0.0, 0.0, 0.0, 0.0], [0.00021019442984760903, 0.00010509721492380452, 0.0, 0.00010509721492380452, 0.00010509721492380452, 0.00010509721492380452, 0.00031529164477141355, 0.0019968470835522857, 0.00651602732527588, 0.012191276931161324, 0.02186022070415134, 0.03531266421439832, 0.06652653704676827, 0.08744088281660536, 0.1139253809774041, 0.13189700472937468, 0.16794534944823963, 0.10982658959537572, 0.11140304781923278, 0.05055176037834997, 0.027745664739884393, 0.029427220178665267, 0.009458749343142408, 0.0037834997372569626, 0.00651602732527588, 0.0018917498686284813, 0.0013662637940094588, 0.00042038885969521806, 0.0010509721492380452, 0.0, 0.0, 0.0, 0.0], [0.0, 0.00015044380923724988, 0.0, 0.00015044380923724988, 0.0, 0.00015044380923724988, 0.0016548819016097489, 0.0010531066646607492, 0.0034602076124567475, 0.005716864751015496, 0.011734617120505492, 0.018504588536181737, 0.02933654280126373, 0.04633669324507297, 0.0711599217692192, 0.09778847600421242, 0.15014292161877538, 0.12411614262073116, 0.18038212727546263, 0.08063788175116594, 0.057469535128629456, 0.061080186550323455, 0.020761245674740483, 0.010230179028132993, 0.01474349330525049, 0.006769971415676245, 0.0031593199939822475, 0.001353994283135249, 0.0007522190461862494, 0.00045133142771174966, 0.0007522190461862494, 0.0, 0.0], [0.0002947244326554671, 9.824147755182238e-05, 9.824147755182238e-05, 0.0002947244326554671, 0.0004912073877591119, 0.0011788977306218685, 0.0018665880734846253, 0.0038314176245210726, 0.007466352293938501, 0.014932704587877002, 0.02514981825326653, 0.03251792906965321, 0.05108556832694764, 0.06356223597602909, 0.08144218489046075, 0.09686609686609686, 0.13144709696433834, 0.11258473327438845, 0.15993712545436684, 0.07515473032714412, 0.04725415070242656, 0.04931722173101483, 0.016995775616465272, 0.010118872187837705, 0.009824147755182238, 0.0030454858041064937, 0.0014736221632773356, 0.0005894488653109342, 0.0010806562530700462, 0.0, 0.0, 0.0, 0.0], [0.0, 0.0, 0.0, 0.0017605633802816902, 0.0017605633802816902, 0.0, 0.0, 0.00528169014084507, 0.01056338028169014, 0.007042253521126761, 0.01584507042253521, 0.03169014084507042, 0.04753521126760563, 0.09859154929577464, 0.11091549295774648, 0.1602112676056338, 0.16549295774647887, 0.11443661971830986, 0.1426056338028169, 0.056338028169014086, 0.01584507042253521, 0.008802816901408451, 0.0035211267605633804, 0.0, 0.0017605633802816902, 0.0, 0.0, 0.0, 0.0, 0.0, 0.0, 0.0, 0.0], [0.0, 0.0, 0.0, 0.00016099170892699025, 0.0, 0.00016099170892699025, 0.0002414875633904854, 0.0007244626901714562, 0.0017709087981968928, 0.004588263704419222, 0.007164131047251067, 0.026161152700635917, 0.053932222490541734, 0.07164131047251067, 0.09224824921516542, 0.10303469371327377, 0.1453755131610722, 0.09707800048297513, 0.18473798599372132, 0.06713354262255494, 0.04145536504869999, 0.061740320373500766, 0.01690412943733398, 0.005473718103517669, 0.011269419624889318, 0.0031393383240763103, 0.0014489253803429123, 0.0013684295258794173, 0.0004829751267809708, 0.0005634709812444659, 0.0, 0.0, 0.0], [0.00017688157778367384, 8.844078889183692e-05, 8.844078889183692e-05, 0.0, 0.0005306447333510214, 0.0005306447333510214, 0.0002653223666755107, 0.0008844078889183692, 0.00114973025559388, 0.005306447333510215, 0.009374723622534713, 0.01972229592287963, 0.03466878924560007, 0.04713894047934908, 0.06951446006898382, 0.18837888033961264, 0.2258777748297515, 0.13089236755991862, 0.152383479260635, 0.051560979923940924, 0.027681966923144955, 0.022463960378526576, 0.004952684177942868, 0.002741664455646944, 0.0023879013000795966, 0.0005306447333510214, 0.0003537631555673477, 0.0003537631555673477, 0.0, 0.0, 0.0, 0.0, 0.0], [0.00012569130216189038, 0.00012569130216189038, 0.00012569130216189038, 0.00025138260432378077, 0.0007541478129713424, 0.0008798391151332328, 0.002011060834590246, 0.0032679738562091504, 0.005656108597285068, 0.011814982403217697, 0.021618903971845148, 0.033685268979386625, 0.05404725992961287, 0.05982905982905983, 0.08961789844142785, 0.12883358471593764, 0.16201608848667673, 0.11010558069381599, 0.1414027149321267, 0.06686777275012569, 0.03657616892911011, 0.038964303670186023, 0.014203117144293615, 0.006535947712418301, 0.006787330316742082, 0.001885369532428356, 0.0011312217194570137, 0.0008798391151332328, 0.0, 0.0, 0.0, 0.0, 0.0], [0.0, 0.0, 0.0, 0.0, 0.00029511583296443856, 0.00014755791648221928, 0.0008853474988933156, 0.0017706949977866313, 0.00413162166150214, 0.00604987457577099, 0.014903349564704146, 0.02405194038660174, 0.04028331119964586, 0.059318282425852145, 0.09679799321233584, 0.12203039693079534, 0.15478825438984803, 0.09546997196399587, 0.18120112144016526, 0.061531651173085435, 0.03821750036889479, 0.044414932861148, 0.01814962372731297, 0.00811568540652206, 0.011066843736166445, 0.00619743249225321, 0.00413162166150214, 0.0019182529142688506, 0.001623137081304412, 0.0011804633318577543, 0.0013280212483399733, 0.0, 0.0], [0.0, 0.0002508780732563974, 0.0002508780732563974, 0.0005017561465127947, 0.0015052684395383843, 0.0017561465127947818, 0.004766683391871551, 0.008780732563973909, 0.014550928248871048, 0.02784746613146011, 0.04490717511289513, 0.061214249874560964, 0.08379327646763673, 0.10712493728048168, 0.1266934269944807, 0.11038635223281486, 0.14851981936778724, 0.06999498243853487, 0.10988459608630206, 0.02483692925238334, 0.019568489713998997, 0.02007024586051179, 0.0030105368790767687, 0.0022579026593075764, 0.004264927245358756, 0.0015052684395383843, 0.0005017561465127947, 0.0007526342197691922, 0.0005017561465127947, 0.0, 0.0, 0.0, 0.0], [0.0, 0.0, 0.0, 0.0015965939329430547, 0.0021287919105907396, 0.0021287919105907396, 0.0031931878658861094, 0.011708355508249068, 0.014369345396487493, 0.013837147418839808, 0.032464076636508785, 0.0494944119212347, 0.06546035125066525, 0.08142629058009579, 0.10431080361894625, 0.11229377328366152, 0.16338477913783928, 0.09047365620010644, 0.12985630654603514, 0.041511442256519426, 0.025013304949441192, 0.026077700904736562, 0.014369345396487493, 0.005321979776476849, 0.004789781798829164, 0.0021287919105907396, 0.0005321979776476849, 0.0021287919105907396, 0.0, 0.0, 0.0, 0.0, 0.0], [0.0002672010688042752, 0.0, 0.0, 0.0, 0.0009352037408149633, 0.0009352037408149633, 0.0037408149632598532, 0.006947227788911155, 0.012157648630594523, 0.020574482297929193, 0.03513694054776219, 0.053440213760855046, 0.07949231796927188, 0.10460921843687375, 0.13560454241816966, 0.13774215096860387, 0.1364061456245825, 0.0792251169004676, 0.09405477621910488, 0.03460253841015364, 0.019372077488309953, 0.02231128924515698, 0.008149632598530394, 0.004141616566466266, 0.006813627254509018, 0.0014696058784235137, 0.0005344021376085504, 0.0006680026720106881, 0.0, 0.0004008016032064128, 0.0002672010688042752, 0.0, 0.0], [0.0, 0.0, 0.0, 0.0005496518871381459, 0.00018321729571271528, 0.0010993037742762918, 0.001832172957127153, 0.002565042139978014, 0.007878343715646757, 0.011909124221326494, 0.02326859655551484, 0.032795895932576036, 0.06375961890802492, 0.08464639061927445, 0.09838768779772811, 0.11487724441187248, 0.14547453279589592, 0.0910589959692195, 0.1320996702088677, 0.055698057896665445, 0.03627702455111763, 0.039391718578233786, 0.015390252839868083, 0.007695126419934042, 0.01630633931843166, 0.005496518871381458, 0.005313301575668743, 0.002565042139978014, 0.0014657383657017222, 0.001282521069989007, 0.0007328691828508611, 0.0, 0.0], [0.00019964064683569574, 0.0, 0.0, 0.0, 0.0003992812936713915, 0.0011978438810141745, 0.0013974845278498702, 0.002196047115192653, 0.006388500698742264, 0.015571970453184269, 0.025554002794969055, 0.040527051307646236, 0.06248752245957277, 0.08664404072669195, 0.11100019964064683, 0.1267718107406668, 0.14773407865841484, 0.09502894789379118, 0.1367538430824516, 0.05090836494310241, 0.0329407067278898, 0.026552206029147533, 0.010980235575963266, 0.004991016170892394, 0.005989219405070872, 0.0011978438810141745, 0.002395687762028349, 0.001597125174685566, 0.0017967658215212617, 0.000798562587342783, 0.0, 0.0, 0.0], [0.0001157943492357573, 0.0001157943492357573, 0.0001157943492357573, 0.0, 0.0001157943492357573, 0.001157943492357573, 0.0018527095877721167, 0.004979157017137564, 0.0072950440018527095, 0.016442797591477536, 0.03195924038906901, 0.05048633626679018, 0.08603520148216767, 0.10595182955071793, 0.13188976377952755, 0.1390690134321445, 0.15528022232515054, 0.08858267716535433, 0.09367762853172765, 0.04377026401111626, 0.01667438628994905, 0.013895321908290875, 0.005789717461787865, 0.0020842982862436313, 0.0015053265400648448, 0.0002315886984715146, 0.0003473830477072719, 0.0004631773969430292, 0.0001157943492357573, 0.0, 0.0, 0.0, 0.0], [0.0, 0.0, 0.0, 0.00020149103364900262, 0.00020149103364900262, 0.0010074551682450132, 0.0012089462018940156, 0.003223856538384042, 0.005641748942172073, 0.011082006850695145, 0.024380415071529316, 0.03908926052790651, 0.06991738867620391, 0.0930888575458392, 0.12734233326616964, 0.13439451944388475, 0.15897642554906308, 0.10155148095909731, 0.10618577473302437, 0.04493250050372758, 0.024984888172476325, 0.022768486802337295, 0.011082006850695145, 0.004029820672980053, 0.008664114446907113, 0.0020149103364900263, 0.0018134193028410237, 0.0006044731009470078, 0.0012089462018940156, 0.00020149103364900262, 0.00020149103364900262, 0.0, 0.0], [0.0, 0.0, 0.0, 0.00020951183741881415, 0.0, 0.001257071024512885, 0.001257071024512885, 0.0023046302116069557, 0.004818772260632726, 0.006494866959983239, 0.012780222082547664, 0.022208254766394302, 0.041064320134087576, 0.06452964592499476, 0.09993714644877436, 0.1198407710035617, 0.16174313848732452, 0.11229834485648439, 0.1701236119840771, 0.06536769327467001, 0.03142677561282212, 0.04127383197150639, 0.017808506180599204, 0.007123402472239681, 0.009428032683846637, 0.004818772260632726, 0.0008380473496752566, 0.0004190236748376283, 0.00020951183741881415, 0.0004190236748376283, 0.0, 0.0, 0.0], [0.0, 0.0, 0.00013290802764486976, 0.0, 0.0002658160552897395, 0.0006645401382243488, 0.0006645401382243488, 0.003189792663476874, 0.004784688995215311, 0.008373205741626795, 0.019271664008506113, 0.03814460393407762, 0.06166932482721956, 0.09383306751727805, 0.11469962785752259, 0.12440191387559808, 0.1476608187134503, 0.09303561935140882, 0.14021796916533757, 0.04771398192450824, 0.030568846358320044, 0.029372674109516213, 0.01634768740031898, 0.006911217437533227, 0.011031366294524189, 0.0029239766081871343, 0.002126528442317916, 0.001594896331738437, 0.00013290802764486976, 0.0002658160552897395, 0.0, 0.0, 0.0], [0.0, 0.0, 8.267879288962381e-05, 0.0, 8.267879288962381e-05, 8.267879288962381e-05, 0.0002480363786688714, 0.0008267879288962381, 0.0017362546506821, 0.004712691194708557, 0.008433236874741628, 0.01653575857792476, 0.027697395618023975, 0.03712277800744109, 0.09078131459280694, 0.1403059115336916, 0.17800744109136007, 0.11343530384456386, 0.19991732120711037, 0.07060768912773874, 0.037370814386109966, 0.04390243902439024, 0.010913600661430344, 0.00413393964448119, 0.007441091360066143, 0.002232327408019843, 0.001322860686233981, 0.0007441091360066144, 0.0007441091360066144, 0.0005787515502273667, 0.0, 0.0, 0.0], [0.0, 0.0, 0.0, 0.0, 0.0002337267734018932, 0.0007011803202056796, 0.001168633867009466, 0.002337267734018932, 0.004791398854738811, 0.010050251256281407, 0.016360874138132524, 0.028397802968330024, 0.04499240387986444, 0.07152039266097932, 0.10330723384363678, 0.1319387635853687, 0.17576253359822366, 0.11172139768610494, 0.16664718943554985, 0.053990884655837325, 0.02676171555451677, 0.03202056795605936, 0.008180437069066262, 0.0033890382143274512, 0.002921584667523665, 0.0007011803202056796, 0.0008180437069066262, 0.0008180437069066262, 0.0004674535468037864, 0.0, 0.0, 0.0, 0.0], [0.0, 0.004, 0.0, 0.004, 0.004, 0.02, 0.028, 0.032, 0.076, 0.06, 0.036, 0.072, 0.06, 0.124, 0.116, 0.104, 0.104, 0.052, 0.036, 0.016, 0.012, 0.02, 0.004, 0.016, 0.0, 0.0, 0.0, 0.0, 0.0, 0.0, 0.0, 0.0, 0.0]]}, "ranks": {"labels": ["Unranked", "Combatatent I", "Combatatent II", "Challenger I", "Challenger II", "Rival I", "Rival II", "Duelist", "Elite"], "data": [[0.14763231197771587, 0.18384401114206128, 0.22284122562674094, 0.20612813370473537, 0.12534818941504178, 0.06406685236768803, 0.025069637883008356, 0.016713091922005572, 0.008356545961002786], [0.0588023088023088, 0.09487734487734488, 0.1756854256854257, 0.2546897546897547, 0.22763347763347763, 0.1349206349206349, 0.027777777777777776, 0.0183982683982684, 0.007215007215007215], [0.0075196163905841325, 0.01362249346120314, 0.061682650392327815, 0.19115082824760243, 0.28792502179598956, 0.27833478639930254, 0.07007410636442894, 0.07127288578901482, 0.018417611159546644], [0.015184607384295373, 0.02527301092043682, 0.05793031721268851, 0.1875195007800312, 0.31648465938637543, 0.25252210088403537, 0.07238689547581903, 0.06229849193967759, 0.010400416016640665], [0.15873015873015872, 0.15873015873015872, 0.21428571428571427, 0.18253968253968253, 0.09523809523809523, 0.11904761904761904, 0.023809523809523808, 0.047619047619047616, 0.0], [0.020867526377491206, 0.051230949589683474, 0.1391559202813599, 0.23200468933177024, 0.25580304806565063, 0.16764361078546308, 0.0552168815943728, 0.060844079718640094, 0.01723329425556858], [0.08581614463967405, 0.11739241151005857, 0.20524573465749937, 0.23300229182582124, 0.18843901196842372, 0.09702062643239114, 0.029029793735676088, 0.03004838298955946, 0.014005602240896359], [0.2550335570469799, 0.2214765100671141, 0.2181208053691275, 0.13758389261744966, 0.08389261744966443, 0.0436241610738255, 0.02348993288590604, 0.016778523489932886, 0.0], [0.03237005066616626, 0.06192531431788328, 0.20707449802964908, 0.25942953649840494, 0.2249014824544943, 0.11728279226871834, 0.04316006755488835, 0.0418465002814787, 0.012009757928316758], [0.012370311252992818, 0.02194732641660016, 0.051476456504389465, 0.12689545091779728, 0.18595371109337588, 0.2202713487629689, 0.11771747805267359, 0.16919393455706305, 0.09417398244213887], [0.046511627906976744, 0.07096004770423375, 0.15146094215861658, 0.23076923076923078, 0.240608228980322, 0.15951103160405486, 0.049194991055456175, 0.03875968992248062, 0.012224209898628503], [0.08318132068588106, 0.13881794965341115, 0.21707406056183876, 0.2528274352426122, 0.1820503465888362, 0.07624954396205764, 0.02572053994892375, 0.022072236410069317, 0.002006566946369938], [0.02847769028871391, 0.07217847769028872, 0.15039370078740158, 0.24330708661417322, 0.2597112860892388, 0.15616797900262466, 0.045013123359580055, 0.03727034120734908, 0.007480314960629921], [0.040837219883972244, 0.08258446138095779, 0.15538619042202254, 0.21806392901831417, 0.22796041405983392, 0.150494824252076, 0.056762598111705156, 0.05073370492549198, 0.017176657945626207], [0.013711583924349883, 0.04397163120567376, 0.12340425531914893, 0.2132387706855792, 0.2784869976359338, 0.18723404255319148, 0.06524822695035461, 0.057919621749408984, 0.016784869976359338], [0.04341203351104341, 0.08225437928408226, 0.14965727341964966, 0.21591774562071592, 0.22658035034272658, 0.14204112718964204, 0.0575019040365575, 0.05864432597105865, 0.02399086062452399], [0.04224119063252353, 0.08295031735609543, 0.17859487852921865, 0.23703217334208798, 0.22674545852484132, 0.14182534471437952, 0.041146859268986646, 0.03786386517837601, 0.011599912453490917], [0.03147010340176832, 0.06893451221339728, 0.1667915480293721, 0.24726509815675107, 0.23752435186572757, 0.1640941105949348, 0.038813127528847594, 0.03476697137719167, 0.010340176832009591], [0.13675213675213677, 0.1282051282051282, 0.1282051282051282, 0.20512820512820512, 0.19658119658119658, 0.05128205128205128, 0.05128205128205128, 0.03418803418803419, 0.06837606837606838], [0.021650026274303732, 0.05717288491854966, 0.15396741986337362, 0.24582238570677878, 0.27777193904361536, 0.14051497635312665, 0.049185496584340516, 0.04266946925906463, 0.011245401996847084], [0.012336392357454491, 0.030239205656687227, 0.07567323604633669, 0.16894839777343162, 0.2742590642395065, 0.22416127576350234, 0.09432826839175568, 0.09207161125319693, 0.02798254851812848], [0.03055309951861676, 0.05766774732291974, 0.11464780430297672, 0.1783082817565576, 0.2440318302387268, 0.19982316534040673, 0.0825228411435308, 0.07643186953531782, 0.01601336084094705], [0.02640845070422535, 0.04753521126760563, 0.14612676056338028, 0.2711267605633803, 0.27992957746478875, 0.1795774647887324, 0.035211267605633804, 0.01232394366197183, 0.0017605633802816902], [0.007647106174032038, 0.033325283747886986, 0.1255735329630524, 0.19528294292843917, 0.24245351364404732, 0.22377847540851648, 0.0695484182564598, 0.0841181679143524, 0.018272558963213396], [0.009020960466967366, 0.029097019545414344, 0.08180772972494915, 0.25789334040859646, 0.35677014238967014, 0.1818342619616167, 0.049792164146104184, 0.03015830901211639, 0.0036260723445653135], [0.02501256913021619, 0.05530417295123177, 0.1138763197586727, 0.2184514831573655, 0.2721216691804927, 0.1782302664655606, 0.06661639014580191, 0.05970336852689794, 0.010683760683760684], [0.013280212483399735, 0.038955289951305885, 0.099601593625498, 0.21882839014313119, 0.25025822635384387, 0.21381142098273573, 0.06713885199940976, 0.07068024199498303, 0.027445772465692783], [0.060210737581535376, 0.1061214249874561, 0.1909182137481184, 0.23707977922729553, 0.21851480180632213, 0.12267937782237832, 0.03161063723030607, 0.025338685398896138, 0.007526342197691922], [0.04896221394358701, 0.08195848855774349, 0.14688664183076106, 0.21660457690260776, 0.2538584353379457, 0.15486961149547632, 0.041511442256519426, 0.045769026077700906, 0.009579563597658328], [0.04555778223112893, 0.08857715430861723, 0.18410153640614563, 0.27334669338677353, 0.2156312625250501, 0.11422845691382766, 0.03380093520374081, 0.03460253841015364, 0.010153640614562458], [0.02601685599120557, 0.056064492488090874, 0.14840600952729938, 0.21326493220960058, 0.23653352876511544, 0.16141443752290216, 0.06266031513374863, 0.062477097838035914, 0.033162330524001464], [0.027350768616490318, 0.06608105410261529, 0.14913156318626472, 0.23777201038131363, 0.24276302655220602, 0.16709922140147734, 0.05350369335196646, 0.04252345777600319, 0.013775204631663006], [0.03219082908754053, 0.08244557665585919, 0.19198703103288559, 0.27095877721167205, 0.24386289949050485, 0.11926817971283002, 0.03485409911996295, 0.02176933765632237, 0.0026632700324224177], [0.022566995768688293, 0.06346967559943582, 0.16300624622204313, 0.2617368527100544, 0.2605279065081604, 0.1303646987709047, 0.045738464638323595, 0.03788031432601249, 0.014708845456377191], [0.016341923318667503, 0.03498847684894196, 0.10559396605908233, 0.21977791745233605, 0.2740414833438089, 0.2084642782317201, 0.05845380263984915, 0.06620574062434527, 0.01613241148124869], [0.018075491759702286, 0.05741626794258373, 0.15550239234449761, 0.23910154173312068, 0.24069643806485913, 0.16653375863902178, 0.05196703880914407, 0.05263157894736842, 0.018075491759702286], [0.0077718065316246384, 0.02496899545266639, 0.06482017362546506, 0.23108722612649854, 0.2914427449359239, 0.23877635386523358, 0.0691194708557255, 0.05894997933030178, 0.013063249276560562], [0.019282458805656186, 0.044758677106462544, 0.11651279654084376, 0.23524599742900548, 0.28748393128432864, 0.19668107981769312, 0.05071870982821082, 0.04359004323945308, 0.005726305948346383], [0.228, 0.108, 0.184, 0.22, 0.156, 0.04, 0.024, 0.04, 0.0]]}, "ranksDetailed": {"labels": ["Unranked", "Combatatant", "Challenger", "Rival", "Duelist", "Elite"], "data": [[0.14763231197771587, 0.40668523676880225, 0.33147632311977715, 0.08913649025069638, 0.016713091922005572, 0.008356545961002786], [0.0588023088023088, 0.27056277056277056, 0.4823232323232323, 0.1626984126984127, 0.0183982683982684, 0.007215007215007215], [0.0075196163905841325, 0.07530514385353095, 0.479075850043592, 0.3484088927637315, 0.07127288578901482, 0.018417611159546644], [0.015184607384295373, 0.08320332813312532, 0.5040041601664067, 0.3249089963598544, 0.06229849193967759, 0.010400416016640665], [0.15873015873015872, 0.373015873015873, 0.2777777777777778, 0.14285714285714285, 0.047619047619047616, 0.0], [0.020867526377491206, 0.19038686987104336, 0.4878077373974209, 0.22286049237983588, 0.060844079718640094, 0.01723329425556858], [0.08581614463967405, 0.3226381461675579, 0.421441303794245, 0.12605042016806722, 0.03004838298955946, 0.014005602240896359], [0.2550335570469799, 0.4395973154362416, 0.2214765100671141, 0.06711409395973154, 0.016778523489932886, 0.0], [0.03237005066616626, 0.2689998123475324, 0.4843310189528992, 0.16044285982360668, 0.0418465002814787, 0.012009757928316758], [0.012370311252992818, 0.07342378292098962, 0.3128491620111732, 0.33798882681564246, 0.16919393455706305, 0.09417398244213887], [0.046511627906976744, 0.22242098986285033, 0.47137745974955275, 0.20870602265951102, 0.03875968992248062, 0.012224209898628503], [0.08318132068588106, 0.3558920102152499, 0.4348777818314484, 0.10197008391098139, 0.022072236410069317, 0.002006566946369938], [0.02847769028871391, 0.22257217847769029, 0.5030183727034121, 0.2011811023622047, 0.03727034120734908, 0.007480314960629921], [0.040837219883972244, 0.23797065180298033, 0.4460243430781481, 0.20725742236378114, 0.05073370492549198, 0.017176657945626207], [0.013711583924349883, 0.1673758865248227, 0.491725768321513, 0.2524822695035461, 0.057919621749408984, 0.016784869976359338], [0.04341203351104341, 0.2319116527037319, 0.4424980959634425, 0.19954303122619954, 0.05864432597105865, 0.02399086062452399], [0.04224119063252353, 0.26154519588531405, 0.46377763186692933, 0.18297220398336617, 0.03786386517837601, 0.011599912453490917], [0.03147010340176832, 0.23572606024276938, 0.48478945002247864, 0.20290723812378242, 0.03476697137719167, 0.010340176832009591], [0.13675213675213677, 0.2564102564102564, 0.4017094017094017, 0.10256410256410256, 0.03418803418803419, 0.06837606837606838], [0.021650026274303732, 0.21114030478192328, 0.5235943247503941, 0.18970047293746717, 0.04266946925906463, 0.011245401996847084], [0.012336392357454491, 0.10591244170302393, 0.44320746201293815, 0.318489544155258, 0.09207161125319693, 0.02798254851812848], [0.03055309951861676, 0.17231555162589646, 0.42234011199528443, 0.28234600648393754, 0.07643186953531782, 0.01601336084094705], [0.02640845070422535, 0.1936619718309859, 0.551056338028169, 0.2147887323943662, 0.01232394366197183, 0.0017605633802816902], [0.007647106174032038, 0.1588988167109394, 0.4377364565724865, 0.2933268936649763, 0.0841181679143524, 0.018272558963213396], [0.009020960466967366, 0.11090474927036349, 0.6146634827982665, 0.23162642610772088, 0.03015830901211639, 0.0036260723445653135], [0.02501256913021619, 0.16918049270990448, 0.4905731523378582, 0.24484665661136248, 0.05970336852689794, 0.010683760683760684], [0.013280212483399735, 0.1385568835768039, 0.4690866164969751, 0.2809502729821455, 0.07068024199498303, 0.027445772465692783], [0.060210737581535376, 0.2970396387355745, 0.45559458103361766, 0.1542900150526844, 0.025338685398896138, 0.007526342197691922], [0.04896221394358701, 0.22884513038850451, 0.4704630122405535, 0.19638105375199574, 0.045769026077700906, 0.009579563597658328], [0.04555778223112893, 0.27267869071476286, 0.48897795591182364, 0.14802939211756846, 0.03460253841015364, 0.010153640614562458], [0.02601685599120557, 0.20447050201539024, 0.449798460974716, 0.22407475265665078, 0.062477097838035914, 0.033162330524001464], [0.027350768616490318, 0.21521261728888003, 0.4805350369335197, 0.2206029147534438, 0.04252345777600319, 0.013775204631663006], [0.03219082908754053, 0.2744326076887448, 0.5148216767021769, 0.15412227883279295, 0.02176933765632237, 0.0026632700324224177], [0.022566995768688293, 0.22647592182147894, 0.5222647592182148, 0.1761031634092283, 0.03788031432601249, 0.014708845456377191], [0.016341923318667503, 0.1405824429080243, 0.493819400796145, 0.26691808087156926, 0.06620574062434527, 0.01613241148124869], [0.018075491759702286, 0.21291866028708134, 0.4797979797979798, 0.21850079744816586, 0.05263157894736842, 0.018075491759702286], [0.0077718065316246384, 0.08978916907813146, 0.5225299710624225, 0.30789582472095905, 0.05894997933030178, 0.013063249276560562], [0.019282458805656186, 0.1612714736473063, 0.5227299287133341, 0.24739978964590395, 0.04359004323945308, 0.005726305948346383], [0.228, 0.292, 0.376, 0.064, 0.04, 0.0]]}}}, "eu": {"histType": {"histogram": {"labels": ["0", "100", "200", "300", "400", "500", "600", "700", "800", "900", "1000", "1100", "1200", "1300", "1400", "1500", "1600", "1700", "1800", "1900", "2000", "2100", "2200", "2300", "2400", "2500", "2600", "2700", "2800", "2900", "3000", "3100", "3200"], "data": [[0.0, 0.0, 0.0035842293906810036, 0.0, 0.0, 0.007168458781362007, 0.017921146953405017, 0.02867383512544803, 0.053763440860215055, 0.08602150537634409, 0.07168458781362007, 0.07168458781362007, 0.06810035842293907, 0.13261648745519714, 0.12544802867383512, 0.1003584229390681, 0.08602150537634409, 0.05734767025089606, 0.02867383512544803, 0.03225806451612903, 0.007168458781362007, 0.010752688172043012, 0.007168458781362007, 0.0, 0.0035842293906810036, 0.0, 0.0, 0.0, 0.0, 0.0, 0.0, 0.0, 0.0], [0.0, 0.0, 0.000777000777000777, 0.000777000777000777, 0.0011655011655011655, 0.004273504273504274, 0.005827505827505828, 0.009712509712509712, 0.025252525252525252, 0.03108003108003108, 0.04584304584304584, 0.06371406371406371, 0.08236208236208237, 0.10101010101010101, 0.12276612276612277, 0.1282051282051282, 0.13791763791763792, 0.07226107226107226, 0.10178710178710179, 0.027972027972027972, 0.013597513597513598, 0.01320901320901321, 0.003108003108003108, 0.0027195027195027195, 0.003108003108003108, 0.000777000777000777, 0.000777000777000777, 0.0, 0.0, 0.0, 0.0, 0.0, 0.0], [0.0, 0.0, 0.0, 0.00011004732034774953, 0.00011004732034774953, 0.00011004732034774953, 0.00011004732034774953, 0.0009904258831297458, 0.0017607571255639925, 0.002641135688345989, 0.006052602619126224, 0.01166501595686145, 0.04302850225597007, 0.055683944095961266, 0.08891823484098162, 0.11015736766809728, 0.17222405634422802, 0.10520523825244855, 0.22097501925828106, 0.06382744580169473, 0.03785627819962584, 0.04181798173214482, 0.015076482887641686, 0.005722460658082976, 0.009794211510949708, 0.002861230329041488, 0.0011004732034774953, 0.0013205678441729944, 0.00044018928139099813, 0.0003301419610432486, 0.00011004732034774953, 0.0, 0.0], [0.0, 0.0, 0.0, 9.859988168014199e-05, 9.859988168014199e-05, 0.00019719976336028398, 0.0006901991717609938, 0.0020705975152829816, 0.0024649970420035495, 0.005718793137448235, 0.011141786629856045, 0.0178465785841057, 0.021987773614671663, 0.02879116545060146, 0.08233090120291855, 0.13468743837507394, 0.19286136856635772, 0.12837704594754487, 0.19019917176099388, 0.07148491421810294, 0.03884835338197594, 0.04131335042397949, 0.012522184973378031, 0.004634194438966673, 0.008578189706172353, 0.0018733977519226977, 0.00039439952672056796, 0.00019719976336028398, 0.00029579964504042593, 0.00029579964504042593, 0.0, 0.0, 0.0], [0.0, 0.0, 0.0, 0.0, 0.0, 0.03361344537815126, 0.025210084033613446, 0.058823529411764705, 0.06722689075630252, 0.03361344537815126, 0.07563025210084033, 0.1092436974789916, 0.05042016806722689, 0.058823529411764705, 0.06722689075630252, 0.12605042016806722, 0.03361344537815126, 0.08403361344537816, 0.03361344537815126, 0.05042016806722689, 0.05042016806722689, 0.0, 0.008403361344537815, 0.008403361344537815, 0.025210084033613446, 0.0, 0.0, 0.0, 0.0, 0.0, 0.0, 0.0, 0.0], [0.0, 0.00011749500646222535, 0.0002349900129244507, 0.0002349900129244507, 0.00035248501938667606, 0.00035248501938667606, 0.0008224650452355775, 0.003994830219715662, 0.00634473034896017, 0.01268946069792034, 0.022206556221360592, 0.03395605686758313, 0.05275525790153918, 0.07496181412289978, 0.10950534602279403, 0.11737751145576313, 0.14980613323933734, 0.10151568558336271, 0.14122899776759487, 0.05686758312771707, 0.032428621783574196, 0.04476559746210786, 0.013276935730231466, 0.005404770297262366, 0.010104570555751381, 0.004347315239102338, 0.0021149101163200562, 0.0009399600516978028, 0.00023499001292445