{"region": {"us": {"histType": {"histogram": {"labels": ["0", "100", "200", "300", "400", "500", "600", "700", "800", "900", "1000", "1100", "1200", "1300", "1400", "1500", "1600", "1700", "1800", "1900", "2000", "2100", "2200", "2300", "2400", "2500", "2600", "2700", "2800", "2900", "3000", "3100"], "data": [[0.0, 0.0, 0.0, 0.006802721088435374, 0.006802721088435374, 0.006802721088435374, 0.02040816326530612, 0.013605442176870748, 0.061224489795918366, 0.061224489795918366, 0.07482993197278912, 0.10204081632653061, 0.07482993197278912, 0.16326530612244897, 0.12244897959183673, 0.06802721088435375, 0.07482993197278912, 0.04081632653061224, 0.034013605442176874, 0.05442176870748299, 0.013605442176870748, 0.0, 0.0, 0.0, 0.0, 0.0, 0.0, 0.0, 0.0, 0.0, 0.0, 0.0], [0.0, 0.0014577259475218659, 0.0, 0.0007288629737609329, 0.0014577259475218659, 0.0014577259475218659, 0.00510204081632653, 0.013848396501457727, 0.016763848396501458, 0.030612244897959183, 0.056851311953352766, 0.060495626822157436, 0.09037900874635568, 0.09475218658892129, 0.14504373177842567, 0.12900874635568513, 0.13994169096209913, 0.06486880466472303, 0.08309037900874636, 0.021865889212827987, 0.011661807580174927, 0.01749271137026239, 0.004373177842565598, 0.002186588921282799, 0.0007288629737609329, 0.0058309037900874635, 0.0, 0.0, 0.0, 0.0, 0.0, 0.0], [0.00021772262138036142, 0.0, 0.00021772262138036142, 0.00021772262138036142, 0.00021772262138036142, 0.00043544524276072284, 0.00021772262138036142, 0.0013063357282821686, 0.006967123884171565, 0.009144350097975179, 0.014805138253864576, 0.020683649031134337, 0.038754626605704334, 0.05116481602438493, 0.07184846505551927, 0.10298279991291096, 0.15044633137382973, 0.11299804049640758, 0.1878946222512519, 0.06488134117134771, 0.043762246897452645, 0.05791421728717614, 0.023731765730459396, 0.011103853690398433, 0.018724145438711082, 0.0054430655345090355, 0.0030481166993250597, 0.0008708904855214457, 0.0, 0.0, 0.0, 0.0], [0.0, 0.00019212295869356388, 0.0, 0.0, 0.0, 0.0007684918347742555, 0.0026897214217098944, 0.0038424591738712775, 0.010182516810758886, 0.0207492795389049, 0.029971181556195964, 0.03400576368876081, 0.06455331412103746, 0.08165225744476465, 0.11469740634005764, 0.1323727185398655, 0.17329490874159462, 0.10297790585975024, 0.11796349663784822, 0.04265129682997118, 0.02632084534101825, 0.022670509125840538, 0.008645533141210375, 0.0038424591738712775, 0.004034582132564841, 0.0009606147934678194, 0.0009606147934678194, 0.0, 0.0, 0.0, 0.0, 0.0], [0.0, 0.0, 0.0, 0.0, 0.0, 0.0, 0.0, 0.07692307692307693, 0.057692307692307696, 0.11538461538461539, 0.057692307692307696, 0.07692307692307693, 0.11538461538461539, 0.11538461538461539, 0.0, 0.019230769230769232, 0.07692307692307693, 0.038461538461538464, 0.07692307692307693, 0.09615384615384616, 0.019230769230769232, 0.019230769230769232, 0.0, 0.038461538461538464, 0.0, 0.0, 0.0, 0.0, 0.0, 0.0, 0.0, 0.0], [0.0, 0.0, 0.0, 0.0, 0.0, 0.0, 0.000176522506619594, 0.002294792586054722, 0.002118270079435128, 0.008473080317740512, 0.013945278022947925, 0.022241835834068843, 0.042188879082082964, 0.07413945278022947, 0.11932921447484554, 0.13768755516328332, 0.1641659311562224, 0.10397175639894086, 0.12480141218005296, 0.05648720211827008, 0.03495145631067961, 0.0441306266548985, 0.01994704324801412, 0.006001765225066196, 0.012003530450132392, 0.006707855251544572, 0.003706972639011474, 0.000529567519858782, 0.0, 0.0, 0.0, 0.0], [0.0, 0.0, 0.0009037505648441031, 0.0022593764121102574, 0.0013556258472661546, 0.0013556258472661546, 0.004066877541798464, 0.010393131495707185, 0.024401265250790782, 0.031631269769543606, 0.05377315860822413, 0.06642566651604158, 0.09082693176683236, 0.11613194758246724, 0.1296882060551288, 0.12336195210122006, 0.11070944419340262, 0.06913691821057388, 0.06281066425666516, 0.027564392227745142, 0.01807501129688206, 0.019882512426570267, 0.008133755083596927, 0.008133755083596927, 0.010393131495707185, 0.00587437867148667, 0.0027112516945323093, 0.0, 0.0, 0.0, 0.0, 0.0], [0.0, 0.0, 0.0070921985815602835, 0.014184397163120567, 0.0070921985815602835, 0.0070921985815602835, 0.03546099290780142, 0.05673758865248227, 0.09929078014184398, 0.11347517730496454, 0.1276595744680851, 0.12056737588652482, 0.12056737588652482, 0.09929078014184398, 0.0425531914893617, 0.02127659574468085, 0.05673758865248227, 0.028368794326241134, 0.0, 0.0425531914893617, 0.0, 0.0, 0.0, 0.0, 0.0, 0.0, 0.0, 0.0, 0.0, 0.0, 0.0, 0.0], [0.0, 0.0001755926251097454, 0.000877963125548727, 0.0005267778753292362, 0.0007023705004389816, 0.0014047410008779632, 0.004038630377524144, 0.009657594381035996, 0.01755926251097454, 0.04196663740122915, 0.06461808604038631, 0.09973661106233538, 0.11747146619841967, 0.11747146619841967, 0.13871817383669885, 0.10904302019315189, 0.09323968393327481, 0.053028972783143107, 0.05127304653204565, 0.026163301141352062, 0.018261633011413522, 0.014925373134328358, 0.010535557506584723, 0.0026338893766461808, 0.0052677787532923615, 0.0005267778753292362, 0.0001755926251097454, 0.0, 0.0, 0.0, 0.0, 0.0], [0.0, 0.0, 0.0004597701149425287, 0.0004597701149425287, 0.0018390804597701149, 0.0018390804597701149, 0.0036781609195402297, 0.004597701149425287, 0.015632183908045976, 0.02574712643678161, 0.03494252873563218, 0.04551724137931035, 0.07402298850574712, 0.09241379310344827, 0.11954022988505747, 0.13333333333333333, 0.16413793103448276, 0.08229885057471265, 0.10436781609195403, 0.03770114942528736, 0.017011494252873564, 0.019310344827586208, 0.008275862068965517, 0.0073563218390804595, 0.004597701149425287, 0.0009195402298850574, 0.0, 0.0, 0.0, 0.0, 0.0, 0.0], [0.0, 0.0, 0.0005122950819672131, 0.0007684426229508197, 0.0012807377049180327, 0.003329918032786885, 0.00665983606557377, 0.012295081967213115, 0.016905737704918034, 0.03790983606557377, 0.0701844262295082, 0.07940573770491803, 0.10220286885245902, 0.1091188524590164, 0.14395491803278687, 0.1257684426229508, 0.10092213114754098, 0.057633196721311473, 0.05891393442622951, 0.027663934426229508, 0.015112704918032786, 0.014344262295081968, 0.00665983606557377, 0.0038422131147540983, 0.003329918032786885, 0.0012807377049180327, 0.0, 0.0, 0.0, 0.0, 0.0, 0.0], [0.0, 0.0, 0.0, 0.0, 0.0002442002442002442, 0.0009768009768009768, 0.0019536019536019536, 0.006349206349206349, 0.010256410256410256, 0.01611721611721612, 0.03321123321123321, 0.04884004884004884, 0.06691086691086691, 0.0822954822954823, 0.13455433455433455, 0.12234432234432234, 0.15482295482295483, 0.09304029304029304, 0.11404151404151404, 0.04493284493284493, 0.02197802197802198, 0.024175824175824177, 0.009035409035409036, 0.005616605616605617, 0.00463980463980464, 0.003663003663003663, 0.0, 0.0, 0.0, 0.0, 0.0, 0.0], [0.0, 0.0, 0.0, 0.000427807486631016, 0.000427807486631016, 0.0010695187165775401, 0.0025668449197860962, 0.005561497326203209, 0.011122994652406418, 0.029518716577540106, 0.05090909090909091, 0.060748663101604275, 0.07657754010695188, 0.10096256684491979, 0.13497326203208557, 0.13689839572192514, 0.1495187165775401, 0.08213903743315508, 0.07743315508021391, 0.031229946524064172, 0.01625668449197861, 0.015614973262032086, 0.0053475935828877, 0.004491978609625668, 0.0027807486631016044, 0.0021390374331550803, 0.0012834224598930481, 0.0, 0.0, 0.0, 0.0, 0.0], [0.0, 0.0, 0.0003563791874554526, 0.0, 0.0, 0.0007127583749109052, 0.0, 0.0010691375623663579, 0.0032074126870990736, 0.00819672131147541, 0.01496792587312901, 0.023877405559515324, 0.048467569493941556, 0.06628652886671418, 0.10121168923734854, 0.13791874554526015, 0.17284390591589452, 0.12009978617248752, 0.13328581610833928, 0.06129722024233785, 0.036707056307911615, 0.03349964362081254, 0.015324305060584463, 0.00819672131147541, 0.0060584461867426945, 0.0042765502494654314, 0.0021382751247327157, 0.0, 0.0, 0.0, 0.0, 0.0], [0.0, 0.0, 0.0, 0.0, 0.0008873114463176575, 0.001774622892635315, 0.0, 0.006211180124223602, 0.008873114463176575, 0.023957409050576754, 0.031055900621118012, 0.05944986690328305, 0.06299911268855368, 0.08961845607808341, 0.1002661934338953, 0.13309671694764863, 0.13930789707187222, 0.08873114463176575, 0.0940550133096717, 0.048802129547471165, 0.030168589174800354, 0.0354924578527063, 0.009760425909494233, 0.011535048802129548, 0.011535048802129548, 0.00354924578527063, 0.007985803016858917, 0.0008873114463176575, 0.0, 0.0, 0.0, 0.0], [0.000318775900541919, 0.0, 0.000637551801083838, 0.000318775900541919, 0.000637551801083838, 0.0015938795027095952, 0.0035065349059611095, 0.004144086707044948, 0.00988205291679949, 0.01625757092763787, 0.03251514185527574, 0.0452661778769525, 0.0822441823398151, 0.09563277016257571, 0.13197322282435447, 0.14026139623844439, 0.13962384443736053, 0.08383806184252471, 0.09308256295824036, 0.040484539368823715, 0.024226968441185846, 0.02709595154606312, 0.011157156518967166, 0.004462862607586867, 0.005419190309212623, 0.0031877590054191903, 0.001912655403251514, 0.000318775900541919, 0.0, 0.0, 0.0, 0.0], [0.0, 0.0, 0.0, 0.0005644933672029354, 0.000846740050804403, 0.0002822466836014677, 0.002540220152413209, 0.005362686988427886, 0.009314140558848433, 0.020604007902907142, 0.03499858876658199, 0.04685294947784364, 0.07056167090036693, 0.08862545865086086, 0.12644651425345751, 0.13576065481230595, 0.1493084956251764, 0.09427039232289021, 0.10979395992097093, 0.032740615297770254, 0.0183460344340954, 0.02427321478972622, 0.009314140558848433, 0.005080440304826418, 0.009314140558848433, 0.001693480101608806, 0.0031047135196161446, 0.0, 0.0, 0.0, 0.0, 0.0], [0.0, 0.0, 0.0, 0.0, 0.0, 0.0, 0.0, 0.0, 0.024390243902439025, 0.0975609756097561, 0.0975609756097561, 0.04878048780487805, 0.04878048780487805, 0.07317073170731707, 0.0975609756097561, 0.17073170731707318, 0.07317073170731707, 0.04878048780487805, 0.0975609756097561, 0.024390243902439025, 0.07317073170731707, 0.024390243902439025, 0.0, 0.0, 0.0, 0.0, 0.0, 0.0, 0.0, 0.0, 0.0, 0.0], [0.00016570008285004143, 0.0, 0.00016570008285004143, 0.00016570008285004143, 0.0, 0.0004971002485501243, 0.00033140016570008286, 0.0013256006628003315, 0.004142502071251036, 0.007787903893951947, 0.016570008285004142, 0.025186412593206295, 0.05103562551781276, 0.07323943661971831, 0.12228666114333057, 0.14217067108533554, 0.15857497928748965, 0.11184755592377796, 0.10671085335542668, 0.06346313173156587, 0.03844241922120961, 0.04192212096106048, 0.016570008285004142, 0.008616404308202154, 0.006628003314001657, 0.0021541010770505385, 0.0, 0.0, 0.0, 0.0, 0.0, 0.0], [0.0, 0.0, 0.0, 0.0002738225629791895, 0.0, 0.0002738225629791895, 0.002738225629791895, 0.001095290251916758, 0.0035596933187294635, 0.004654983570646221, 0.015060240963855422, 0.02053669222343921, 0.03285870755750274, 0.050383351588170866, 0.07776560788608981, 0.10706462212486309, 0.15306681270536693, 0.13253012048192772, 0.1533406352683461, 0.07530120481927711, 0.04463307776560788, 0.05558598028477547, 0.02217962760131435, 0.011774370208105149, 0.0208105147864184, 0.008214676889375685, 0.00547645125958379, 0.0008214676889375684, 0.0, 0.0, 0.0, 0.0], [0.00030632562413845916, 0.00015316281206922958, 0.0, 0.00030632562413845916, 0.00030632562413845916, 0.0010721396844846072, 0.0016847909327615256, 0.00367590748966151, 0.006432838106907643, 0.011640373717261449, 0.023280747434522898, 0.030938888037984377, 0.042579261755245824, 0.05942717108286108, 0.09970899065706847, 0.1283504365140144, 0.14703629958646042, 0.10874559656915302, 0.14045029866748354, 0.06555368356563027, 0.03920967988972277, 0.04594884362076888, 0.016082095267269107, 0.009955582784499923, 0.012865676213815286, 0.0038290703017307397, 0.00045948843620768876, 0.0, 0.0, 0.0, 0.0, 0.0], [0.0, 0.0, 0.0, 0.0, 0.0, 0.0026246719160104987, 0.0, 0.005249343832020997, 0.007874015748031496, 0.007874015748031496, 0.015748031496062992, 0.03674540682414698, 0.05774278215223097, 0.12335958005249344, 0.14960629921259844, 0.14960629921259844, 0.16535433070866143, 0.12860892388451445, 0.09973753280839895, 0.03412073490813648, 0.015748031496062992, 0.0, 0.0, 0.0, 0.0, 0.0, 0.0, 0.0, 0.0, 0.0, 0.0, 0.0], [0.0, 0.00012714558169103624, 0.0, 0.00012714558169103624, 0.00012714558169103624, 0.0002542911633820725, 0.0002542911633820725, 0.0008900190718372536, 0.0029243483788938336, 0.008264462809917356, 0.013350286077558804, 0.022123331214240306, 0.040050858232676415, 0.052129688493324854, 0.08493324856961221, 0.11010807374443739, 0.1842339478703115, 0.12015257469802924, 0.17533375715193897, 0.06738715829624921, 0.0378893833439288, 0.045518118245390975, 0.014748887476160204, 0.004831532104259377, 0.009917355371900827, 0.0029243483788938336, 0.0013986013986013986, 0.0, 0.0, 0.0, 0.0, 0.0], [0.00012286521685710776, 0.00012286521685710776, 0.0002457304337142155, 0.00012286521685710776, 0.00036859565057132326, 0.0002457304337142155, 0.00012286521685710776, 0.000982921734856862, 0.0008600565179997543, 0.007249047794569357, 0.010812139083425482, 0.026047425973706843, 0.0491460867428431, 0.07421059098169308, 0.11684482123110947, 0.17520579923823565, 0.20997665560879714, 0.1205307777368227, 0.11463324732768153, 0.046197321538272516, 0.021255682516279642, 0.015726747757709793, 0.004546013023712987, 0.0020887086865708318, 0.0017201130359995086, 0.0006143260842855387, 0.0, 0.0, 0.0, 0.0, 0.0, 0.0], [0.0002183406113537118, 0.0, 0.0, 0.0004366812227074236, 0.0004366812227074236, 0.001091703056768559, 0.0015283842794759825, 0.0034934497816593887, 0.007423580786026201, 0.014192139737991267, 0.02445414847161572, 0.04388646288209607, 0.0703056768558952, 0.08209606986899563, 0.12183406113537118, 0.14432314410480349, 0.1554585152838428, 0.10327510917030568, 0.1017467248908297, 0.04737991266375546, 0.028602620087336245, 0.025109170305676855, 0.012663755458515284, 0.005240174672489083, 0.004148471615720524, 0.0006550218340611354, 0.0, 0.0, 0.0, 0.0, 0.0, 0.0], [0.0, 0.0, 0.0, 0.0, 0.0004037956793862306, 0.0, 0.0006056935190793458, 0.0010094891984655764, 0.0026246719160104987, 0.00343226327478296, 0.01413284877851807, 0.021199273167777106, 0.04199475065616798, 0.06985665253381788, 0.10276600040379567, 0.13567534827377348, 0.16091257823541288, 0.09287300625883303, 0.1532404603270745, 0.059357964869775896, 0.036947304663840094, 0.04562891177064406, 0.018978396931152837, 0.012113870381586917, 0.01615182717544922, 0.005451241671714113, 0.004239854633555421, 0.0004037956793862306, 0.0, 0.0, 0.0, 0.0], [0.0, 0.000731528895391368, 0.000731528895391368, 0.000731528895391368, 0.001463057790782736, 0.0043891733723482075, 0.0073152889539136795, 0.012435991221653255, 0.029992684711046085, 0.04974396488661302, 0.05413313825896123, 0.07973664959765911, 0.09290416971470374, 0.11923920994879297, 0.14045354791514264, 0.11558156547183614, 0.10534016093635698, 0.04681784930504755, 0.07827359180687637, 0.023408924652523776, 0.013167520117044623, 0.016093635698610095, 0.0036576444769568397, 0.000731528895391368, 0.002926115581565472, 0.0, 0.0, 0.0, 0.0, 0.0, 0.0, 0.0], [0.0, 0.0, 0.0, 0.0020325203252032522, 0.0, 0.0020325203252032522, 0.0040650406504065045, 0.024390243902439025, 0.04065040650406504, 0.036585365853658534, 0.07113821138211382, 0.08333333333333333, 0.08943089430894309, 0.07520325203252033, 0.10569105691056911, 0.10975609756097561, 0.13617886178861788, 0.07317073170731707, 0.056910569105691054, 0.034552845528455285, 0.022357723577235773, 0.012195121951219513, 0.006097560975609756, 0.0020325203252032522, 0.006097560975609756, 0.0040650406504065045, 0.0020325203252032522, 0.0, 0.0, 0.0, 0.0, 0.0], [0.00021505376344086021, 0.0, 0.0, 0.00021505376344086021, 0.0006451612903225806, 0.0012903225806451613, 0.0032258064516129032, 0.007956989247311828, 0.013763440860215054, 0.026236559139784947, 0.044946236559139784, 0.06258064516129032, 0.0935483870967742, 0.10408602150537634, 0.14387096774193547, 0.14193548387096774, 0.12473118279569892, 0.07354838709677419, 0.07526881720430108, 0.026881720430107527, 0.018494623655913978, 0.0189247311827957, 0.007311827956989247, 0.004731182795698925, 0.003870967741935484, 0.0006451612903225806, 0.001075268817204301, 0.0, 0.0, 0.0, 0.0, 0.0], [0.0, 0.0, 0.0, 0.0008550662676357417, 0.0008550662676357417, 0.0, 0.0021376656690893546, 0.0012825994014536127, 0.004275331338178709, 0.016673792218896963, 0.027362120564343735, 0.03548525010688328, 0.05044890979050876, 0.07652843095339888, 0.11030354852501069, 0.12569474134245404, 0.15305686190679776, 0.0880718255664814, 0.11970927746900385, 0.05557930739632321, 0.03163745190252244, 0.03805044890979051, 0.017528858486532708, 0.013253527148353997, 0.021804189824711415, 0.006840530141085934, 0.0021376656690893546, 0.00042753313381787086, 0.0, 0.0, 0.0, 0.0], [0.0, 0.0, 0.0, 0.0, 0.0002992220227408737, 0.0002992220227408737, 0.0008976660682226212, 0.0011968880909634949, 0.005086774386594853, 0.013464991023339317, 0.018850987432675045, 0.033812088569718735, 0.06044284859365649, 0.09305804907241173, 0.11430281268701377, 0.14841412327947337, 0.1615798922800718, 0.08707360861759425, 0.12327947336923997, 0.050867743865948535, 0.02872531418312388, 0.03052064631956912, 0.010472770795930581, 0.005685218432076601, 0.00807899461400359, 0.002992220227408737, 0.0005984440454817474, 0.0, 0.0, 0.0, 0.0, 0.0], [0.0003551136363636364, 0.0, 0.0001775568181818182, 0.0, 0.0003551136363636364, 0.0012428977272727273, 0.0017755681818181818, 0.003728693181818182, 0.006924715909090909, 0.014026988636363636, 0.03551136363636364, 0.05042613636363636, 0.08611505681818182, 0.10564630681818182, 0.13636363636363635, 0.14080255681818182, 0.14382102272727273, 0.09268465909090909, 0.08380681818181818, 0.04012784090909091, 0.020951704545454544, 0.01953125, 0.009410511363636364, 0.0031960227272727275, 0.0026633522727272725, 0.0003551136363636364, 0.0, 0.0, 0.0, 0.0, 0.0, 0.0], [0.0, 0.0, 0.0, 0.0, 0.0012908777969018934, 0.0004302925989672978, 0.0008605851979345956, 0.004302925989672977, 0.004733218588640275, 0.010327022375215147, 0.026247848537005163, 0.042598967297762476, 0.06669535283993115, 0.09767641996557659, 0.12822719449225473, 0.16523235800344235, 0.14371772805507746, 0.096815834767642, 0.08175559380378658, 0.04130808950086059, 0.031841652323580036, 0.02280550774526678, 0.015920826161790018, 0.004733218588640275, 0.00774526678141136, 0.0034423407917383822, 0.0012908777969018934, 0.0, 0.0, 0.0, 0.0, 0.0], [0.0, 0.0, 0.0, 0.0, 0.0, 0.0006697923643670462, 0.0010046885465505692, 0.0026791694574681848, 0.003014065639651708, 0.007032819825853985, 0.012391158740790355, 0.02277294038847957, 0.035164099129269925, 0.05425318151373074, 0.09812458137977227, 0.12357669122572003, 0.15472203616878769, 0.10917615539182854, 0.13998660415271266, 0.0709979906229069, 0.04320160750167448, 0.06128600133958473, 0.021433355659745478, 0.017414601473543203, 0.014400535833891493, 0.006028131279303416, 0.0006697923643670462, 0.0, 0.0, 0.0, 0.0, 0.0], [0.0, 0.0, 0.0, 0.0, 0.00019976028765481422, 0.00019976028765481422, 0.0007990411506192569, 0.001797842588893328, 0.0023971234518577705, 0.006991610067918498, 0.014582500998801439, 0.030363563723531762, 0.06632041550139832, 0.11006791849780263, 0.137634838194167, 0.1306432281262485, 0.14342788653615662, 0.08689572512984418, 0.1136636036755893, 0.047542948461845785, 0.031362365161805836, 0.03395924890131842, 0.01757890531362365, 0.006392329204954055, 0.011586096683979225, 0.0031961646024770275, 0.0023971234518577705, 0.0, 0.0, 0.0, 0.0, 0.0], [0.0, 0.0, 0.00014351320321469576, 0.0, 0.0, 0.00014351320321469576, 0.00043053960964408724, 0.0014351320321469576, 0.003444316877152698, 0.00846727898966705, 0.014781859931113663, 0.027123995407577497, 0.054247990815154995, 0.07491389207807118, 0.12126865671641791, 0.16733639494833524, 0.17408151549942594, 0.1044776119402985, 0.12987944890929964, 0.047502870264064294, 0.022962112514351322, 0.026693455797933408, 0.00846727898966705, 0.004448909299655569, 0.0054535017221584384, 0.0012916188289322618, 0.0010045924225028703, 0.0, 0.0, 0.0, 0.0, 0.0], [0.0, 0.0, 0.0, 0.0, 0.0, 0.00015827793605571383, 0.00031655587211142766, 0.00031655587211142766, 0.0023741690408357074, 0.004906616017727129, 0.009338398227287116, 0.0240582462804685, 0.04795821462488129, 0.0788224121557455, 0.1294713516935739, 0.1682494460272238, 0.1864514086736309, 0.1098448876226654, 0.1362773029439696, 0.03956948401392846, 0.02184235517568851, 0.025482747704969926, 0.006014561570117125, 0.0022158911047799935, 0.003956948401392846, 0.0022158911047799935, 0.00015827793605571383, 0.0, 0.0, 0.0, 0.0, 0.0], [0.0, 0.00819672131147541, 0.0, 0.00819672131147541, 0.00819672131147541, 0.02459016393442623, 0.05737704918032787, 0.03278688524590164, 0.10655737704918032, 0.09016393442622951, 0.04918032786885246, 0.05737704918032787, 0.08196721311475409, 0.10655737704918032, 0.05737704918032787, 0.09836065573770492, 0.040983606557377046, 0.04918032786885246, 0.05737704918032787, 0.02459016393442623, 0.0, 0.02459016393442623, 0.00819672131147541, 0.00819672131147541, 0.0, 0.0, 0.0, 0.0, 0.0, 0.0, 0.0, 0.0]]}, "ranks": {"labels": ["Unranked", "Combatatent I", "Combatatent II", "Challenger I", "Challenger II", "Rival I", "Rival II", "Duelist", "Elite"], "data": [[0.17687074829931973, 0.17687074829931973, 0.23809523809523808, 0.19047619047619047, 0.11564625850340136, 0.08163265306122448, 0.02040816326530612, 0.0, 0.0], [0.07142857142857142, 0.11734693877551021, 0.18513119533527697, 0.27405247813411077, 0.20481049562682216, 0.09766763848396501, 0.018950437317784258, 0.024052478134110787, 0.006559766763848397], [0.018941868060091443, 0.035488787284998914, 0.08991944263008926, 0.1748312649684302, 0.26344437187023734, 0.2229479642934901, 0.07359024602656215, 0.09274983670803397, 0.028086218158066622], [0.03842459173871278, 0.06397694524495677, 0.1462055715658021, 0.24707012487992316, 0.27627281460134484, 0.13890489913544668, 0.04803073967339097, 0.03515850144092219, 0.00595581171950048], [0.25, 0.1346153846153846, 0.23076923076923078, 0.019230769230769232, 0.11538461538461539, 0.15384615384615385, 0.038461538461538464, 0.057692307692307696, 0.0], [0.013062665489849955, 0.03618711385701677, 0.11632833186231245, 0.25701676963812886, 0.26813768755516326, 0.15445719329214475, 0.0617828773168579, 0.07007943512797882, 0.02294792586054722], [0.0763669227293267, 0.1201988251242657, 0.2069588793492996, 0.25305015815634885, 0.1798463624039765, 0.07907817442385902, 0.02937189335743335, 0.03615002259376412, 0.018978761861726163], [0.3404255319148936, 0.24822695035460993, 0.2198581560283688, 0.06382978723404255, 0.0851063829787234, 0.03546099290780142, 0.0070921985815602835, 0.0, 0.0], [0.07690956979806848, 0.1643546971027217, 0.23494293239683933, 0.24776119402985075, 0.14626865671641792, 0.06637401229148376, 0.02932396839332748, 0.028094820017559263, 0.005970149253731343], [0.05425287356321839, 0.08045977011494253, 0.1664367816091954, 0.25287356321839083, 0.2464367816091954, 0.12643678160919541, 0.03264367816091954, 0.03494252873563218, 0.005517241379310344], [0.07966188524590163, 0.14959016393442623, 0.21132172131147542, 0.2697233606557377, 0.15855532786885246, 0.07248975409836066, 0.02920081967213115, 0.024846311475409836, 0.004610655737704918], [0.035897435897435895, 0.08205128205128205, 0.1492063492063492, 0.2568986568986569, 0.24786324786324787, 0.13675213675213677, 0.0442002442002442, 0.03882783882783883, 0.008302808302808303], [0.0506951871657754, 0.11165775401069519, 0.17754010695187167, 0.2718716577540107, 0.2316577540106952, 0.09518716577540107, 0.029732620320855614, 0.025454545454545455, 0.006203208556149733], [0.0135424091233072, 0.038845331432644334, 0.11475409836065574, 0.2391304347826087, 0.29294369208838206, 0.17034925160370634, 0.06094084105488239, 0.05702066999287242, 0.012473271560940842], [0.0417036379769299, 0.09050576752440107, 0.1526175687666371, 0.23336291038154391, 0.22803904170363798, 0.12156166814551908, 0.05146406388642413, 0.05678793256433008, 0.023957409050576754], [0.03729678036340452, 0.07778131973222824, 0.17787695250239083, 0.27223461906279883, 0.22346190627988524, 0.11699075549888428, 0.040803315269365634, 0.04271597067261715, 0.010838380618425247], [0.039514535704205475, 0.08185153824442563, 0.15918712955122777, 0.26220716906576347, 0.24357888794806662, 0.12870448772226925, 0.03217612193056731, 0.038667795653401074, 0.014112334180073384], [0.12195121951219512, 0.14634146341463414, 0.12195121951219512, 0.2682926829268293, 0.12195121951219512, 0.0975609756097561, 0.0975609756097561, 0.024390243902439025, 0.0], [0.014581607290803645, 0.04175642087821044, 0.12427506213753108, 0.26445733222866613, 0.2704225352112676, 0.14167357083678542, 0.06694283347141673, 0.06710853355426678, 0.008782104391052195], [0.012595837897042717, 0.035596933187294635, 0.0832420591456736, 0.1848302300109529, 0.2855969331872946, 0.19605695509309967, 0.07721796276013143, 0.08953997809419496, 0.035323110624315444], [0.025578189615561343, 0.05421963547250728, 0.10200643283810691, 0.22805942717108285, 0.2557818961556134, 0.1770562107520294, 0.06815745137080717, 0.07198652167253791, 0.017154234951753715], [0.023622047244094488, 0.05249343832020997, 0.18110236220472442, 0.2992125984251969, 0.29396325459317585, 0.12073490813648294, 0.028871391076115485, 0.0, 0.0], [0.012968849332485696, 0.03547361729179911, 0.09218054672600128, 0.19504132231404958, 0.30438652256834076, 0.2129688493324857, 0.06764144945963128, 0.06509853782581056, 0.014240305149396058], [0.010443543432854158, 0.036859565057132324, 0.12335667772453618, 0.2920506204693451, 0.3305074333456198, 0.14043494286767416, 0.041651308514559525, 0.02236146946799361, 0.0023344391202850473], [0.028820960698689956, 0.06834061135371179, 0.15240174672489082, 0.26615720524017467, 0.2587336244541485, 0.12816593886462882, 0.04956331877729258, 0.043013100436681224, 0.00480349344978166], [0.00807591358772461, 0.035332121946295175, 0.11185140318998586, 0.23844134867756914, 0.25378558449424593, 0.18695739955582474, 0.06258833030486574, 0.07672117908338381, 0.026246719160104987], [0.1075347476225311, 0.13386978785662035, 0.2121433796634967, 0.25603511338697876, 0.15215801024140455, 0.08924652523774688, 0.025603511338697878, 0.020482809070958303, 0.002926115581565472], [0.10975609756097561, 0.15447154471544716, 0.16463414634146342, 0.21544715447154472, 0.20934959349593496, 0.08130081300813008, 0.032520325203252036, 0.02032520325203252, 0.012195121951219513], [0.053548387096774196, 0.10752688172043011, 0.19763440860215054, 0.28580645161290325, 0.1982795698924731, 0.09010752688172043, 0.03053763440860215, 0.03096774193548387, 0.005591397849462366], [0.026079521162890123, 0.06284737067122702, 0.12697734074390765, 0.23599828986746474, 0.24112868747327917, 0.1483539974348012, 0.05857203933304831, 0.06883283454467722, 0.031209918768704575], [0.021244763614602036, 0.052663076002393776, 0.15350089766606823, 0.26271693596648715, 0.24865350089766608, 0.15350089766606823, 0.04937163375224417, 0.0466786355475763, 0.011669658886894075], [0.028586647727272728, 0.0859375, 0.19176136363636365, 0.2771661931818182, 0.23650568181818182, 0.10884232954545454, 0.03604403409090909, 0.03213778409090909, 0.003018465909090909], [0.021944922547332185, 0.06884681583476764, 0.16437177280550774, 0.29345955249569705, 0.24053356282271945, 0.10413080895008606, 0.050774526678141134, 0.04345955249569707, 0.012478485370051634], [0.014400535833891493, 0.035164099129269925, 0.08941728064300067, 0.2217012726054923, 0.2638981915606162, 0.18151373074346952, 0.07267247153382451, 0.10013395847287342, 0.021098459477561955], [0.012385137834598482, 0.0449460647223332, 0.17638833399920095, 0.2682780663204155, 0.2303236116660008, 0.14083100279664404, 0.051737914502596884, 0.05793048341989612, 0.017179384738314023], [0.014064293915040185, 0.04190585533869116, 0.12916188289322617, 0.28860505166475314, 0.27855912743972444, 0.15585533869115958, 0.044489092996555686, 0.03960964408725603, 0.007749712973593571], [0.008072174738841406, 0.03339664450775562, 0.1267806267806268, 0.29772079772079774, 0.2962962962962963, 0.15669515669515668, 0.040993985438429886, 0.033713200379867046, 0.006331117442228553], [0.3360655737704918, 0.10655737704918032, 0.1885245901639344, 0.1557377049180328, 0.09016393442622951, 0.07377049180327869, 0.00819672131147541, 0.040983606557377046, 0.0]]}, "ranksDetailed": {"labels": ["Unranked", "Combatatant", "Challenger", "Rival", "Duelist", "Elite"], "data": [[0.17687074829931973, 0.41496598639455784, 0.30612244897959184, 0.10204081632653061, 0.0, 0.0], [0.07142857142857142, 0.30247813411078717, 0.47886297376093295, 0.11661807580174927, 0.024052478134110787, 0.006559766763848397], [0.018941868060091443, 0.12540822991508818, 0.43827563683866755, 0.29653821032005223, 0.09274983670803397, 0.028086218158066622], [0.03842459173871278, 0.2101825168107589, 0.523342939481268, 0.18693563880883765, 0.03515850144092219, 0.00595581171950048], [0.25, 0.36538461538461536, 0.1346153846153846, 0.19230769230769232, 0.057692307692307696, 0.0], [0.013062665489849955, 0.1525154457193292, 0.5251544571932921, 0.21624007060900266, 0.07007943512797882, 0.02294792586054722], [0.0763669227293267, 0.3271577044735653, 0.43289652056032535, 0.10845006778129236, 0.03615002259376412, 0.018978761861726163], [0.3404255319148936, 0.46808510638297873, 0.14893617021276595, 0.0425531914893617, 0.0, 0.0], [0.07690956979806848, 0.399297629499561, 0.3940298507462687, 0.09569798068481124, 0.028094820017559263, 0.005970149253731343], [0.05425287356321839, 0.24689655172413794, 0.4993103448275862, 0.15908045977011495, 0.03494252873563218, 0.005517241379310344], [0.07966188524590163, 0.3609118852459016, 0.42827868852459017, 0.1016905737704918, 0.024846311475409836, 0.004610655737704918], [0.035897435897435895, 0.23125763125763127, 0.5047619047619047, 0.18095238095238095, 0.03882783882783883, 0.008302808302808303], [0.0506951871657754, 0.28919786096256683, 0.5035294117647059, 0.12491978609625669, 0.025454545454545455, 0.006203208556149733], [0.0135424091233072, 0.15359942979330007, 0.5320741268709908, 0.23129009265858874, 0.05702066999287242, 0.012473271560940842], [0.0417036379769299, 0.24312333629103816, 0.4614019520851819, 0.1730257320319432, 0.05678793256433008, 0.023957409050576754], [0.03729678036340452, 0.25565827223461907, 0.4956965253426841, 0.15779407076824992, 0.04271597067261715, 0.010838380618425247], [0.039514535704205475, 0.2410386677956534, 0.5057860570138301, 0.16088060965283657, 0.038667795653401074, 0.014112334180073384], [0.12195121951219512, 0.2682926829268293, 0.3902439024390244, 0.1951219512195122, 0.024390243902439025, 0.0], [0.014581607290803645, 0.1660314830157415, 0.5348798674399338, 0.20861640430820216, 0.06710853355426678, 0.008782104391052195], [0.012595837897042717, 0.11883899233296824, 0.4704271631982475, 0.2732749178532311, 0.08953997809419496, 0.035323110624315444], [0.025578189615561343, 0.1562260683106142, 0.48384132332669627, 0.24521366212283657, 0.07198652167253791, 0.017154234951753715], [0.023622047244094488, 0.2335958005249344, 0.5931758530183727, 0.14960629921259844, 0.0, 0.0], [0.012968849332485696, 0.1276541640178004, 0.49942784488239034, 0.28061029879211696, 0.06509853782581056, 0.014240305149396058], [0.010443543432854158, 0.16021624278166852, 0.622558053814965, 0.1820862513822337, 0.02236146946799361, 0.0023344391202850473], [0.028820960698689956, 0.22074235807860262, 0.5248908296943231, 0.1777292576419214, 0.043013100436681224, 0.00480349344978166], [0.00807591358772461, 0.14718352513628105, 0.49222693317181504, 0.24954572986069049, 0.07672117908338381, 0.026246719160104987], [0.1075347476225311, 0.34601316752011707, 0.40819312362838334, 0.11485003657644477, 0.020482809070958303, 0.002926115581565472], [0.10975609756097561, 0.31910569105691056, 0.4247967479674797, 0.11382113821138211, 0.02032520325203252, 0.012195121951219513], [0.053548387096774196, 0.30516129032258066, 0.48408602150537633, 0.12064516129032259, 0.03096774193548387, 0.005591397849462366], [0.026079521162890123, 0.18982471141513468, 0.4771269773407439, 0.2069260367678495, 0.06883283454467722, 0.031209918768704575], [0.021244763614602036, 0.206163973668462, 0.5113704368641532, 0.20287253141831238, 0.0466786355475763, 0.011669658886894075], [0.028586647727272728, 0.27769886363636365, 0.513671875, 0.14488636363636365, 0.03213778409090909, 0.003018465909090909], [0.021944922547332185, 0.2332185886402754, 0.5339931153184165, 0.1549053356282272, 0.04345955249569707, 0.012478485370051634], [0.014400535833891493, 0.1245813797722706, 0.4855994641661085, 0.25418620227729405, 0.10013395847287342, 0.021098459477561955], [0.012385137834598482, 0.22133439872153415, 0.4986016779864163, 0.19256891729924092, 0.05793048341989612, 0.017179384738314023], [0.014064293915040185, 0.17106773823191734, 0.5671641791044776, 0.20034443168771526, 0.03960964408725603, 0.007749712973593571], [0.008072174738841406, 0.1601772712883824, 0.594017094017094, 0.19768914213358657, 0.033713200379867046, 0.006331117442228553], [0.3360655737704918, 0.29508196721311475, 0.2459016393442623, 0.08196721311475409, 0.040983606557377046, 0.0]]}}}, "eu": {"histType": {"histogram": {"labels": ["0", "100", "200", "300", "400", "500", "600", "700", "800", "900", "1000", "1100", "1200", "1300", "1400", "1500", "1600", "1700", "1800", "1900", "2000", "2100", "2200", "2300", "2400", "2500", "2600", "2700", "2800", "2900", "3000", "3100"], "data": [[0.0, 0.0, 0.0, 0.0, 0.0, 0.009345794392523364, 0.018691588785046728, 0.028037383177570093, 0.102803738317757, 0.06542056074766354, 0.09345794392523364, 0.09345794392523364, 0.09345794392523364, 0.09345794392523364, 0.08411214953271028, 0.09345794392523364, 0.06542056074766354, 0.06542056074766354, 0.056074766355140186, 0.0, 0.0, 0.028037383177570093, 0.009345794392523364, 0.0, 0.0, 0.0, 0.0, 0.0, 0.0, 0.0, 0.0, 0.0], [0.0, 0.0, 0.0015748031496062992, 0.0007874015748031496, 0.0007874015748031496, 0.003937007874015748, 0.008661417322834646, 0.008661417322834646, 0.026771653543307086, 0.03385826771653543, 0.04409448818897638, 0.08188976377952756, 0.08503937007874016, 0.11811023622047244, 0.13228346456692913, 0.1283464566929134, 0.13070866141732285, 0.07007874015748032, 0.06299212598425197, 0.024409448818897637, 0.010236220472440945, 0.015748031496062992, 0.003937007874015748, 0.0031496062992125984, 0.003937007874015748, 0.0, 0.0, 0.0, 0.0, 0.0, 0.0, 0.0], [0.0, 0.0, 0.0, 0.0002370791844476055, 0.0002370791844476055, 0.0002370791844476055, 0.0007112375533428165, 0.0026078710289236607, 0.006638217164532954, 0.007823613086770981, 0.016595542911332386, 0.024893314366998577, 0.03556187766714083, 0.049312470365101946, 0.07871028923660503, 0.09767662399241346, 0.15718349928876243, 0.1078710289236605, 0.17804646752015174, 0.06258890469416785, 0.050497866287339974, 0.062351825509720245, 0.02110004741583689, 0.012328117591275486, 0.016595542911332386, 0.005215742057847321, 0.002370791844476055, 0.0026078710289236607, 0.0, 0.0, 0.0, 0.0], [0.0, 0.00017624250969333803, 0.0, 0.00017624250969333803, 0.00017624250969333803, 0.00035248501938667606, 0.0012336975678533663, 0.0040535777229467745, 0.007049700387733521, 0.014451885794853719, 0.02784631653154741, 0.04176947479732111, 0.060451180824814946, 0.07772294677476208, 0.11367641875220304, 0.1427564328516038, 0.16090941135001763, 0.10927035600986958, 0.12513218188227002, 0.049347902714134646, 0.022911526260133944, 0.02167782869228058, 0.007049700387733521, 0.004758547761720127, 0.0042298202326401125, 0.0015861825872400424, 0.0010574550581600281, 0.00017624250969333803, 0.0, 0.0, 0.0, 0.0], [0.0, 0.0, 0.0, 0.0, 0.0, 0.0, 0.04, 0.06, 0.08, 0.1, 0.12, 0.1, 0.06, 0.04, 0.12, 0.06, 0.06, 0.02, 0.02, 0.08, 0.0, 0.02, 0.0, 0.02, 0.0, 0.0, 0.0, 0.0, 0.0, 0.0, 0.0, 0.0], [0.0, 0.0, 0.0001763046544428773, 0.0001763046544428773, 0.0001763046544428773, 0.0001763046544428773, 0.0001763046544428773, 0.0022919605077574047, 0.0033497884344146685, 0.006875881523272214, 0.014985895627644569, 0.01956981664315938, 0.03755289139633286, 0.061530324400564176, 0.11600846262341326, 0.13081805359661494, 0.1553244005641749, 0.10913258110014104, 0.13240479548660083, 0.06629055007052186, 0.03578984485190409, 0.053067700987306066, 0.019393511988716503, 0.009167842031029619, 0.014280677009873061, 0.006699576868829337, 0.002997179125528914, 0.0015867418899858955, 0.0, 0.0, 0.0, 0.0], [0.0, 0.0004246284501061571, 0.0004246284501061571, 0.0012738853503184713, 0.0012738853503184713, 0.0029723991507431, 0.004670912951167728, 0.014861995753715499, 0.025902335456475585, 0.03481953290870488, 0.04883227176220807, 0.07303609341825902, 0.08832271762208067, 0.10530785562632697, 0.1129511677282378, 0.11762208067940552, 0.11719745222929936, 0.06454352441613588, 0.06326963906581741, 0.029723991507430998, 0.02165605095541401, 0.022505307855626325, 0.013163481953290871, 0.008067940552016985, 0.012738853503184714, 0.006369426751592357, 0.006369426751592357, 0.0016985138004246285, 0.0, 0.0, 0.0, 0.0], [0.0, 0.0, 0.0, 0.0, 0.0, 0.02127659574468085, 0.0, 0.0851063829787234, 0.031914893617021274, 0.0851063829787234, 0.0851063829787234, 0.11702127659574468, 0.0851063829787234, 0.0425531914893617, 0.11702127659574468, 0.18085106382978725, 0.0851063829787234, 0.010638297872340425, 0.031914893617021274, 0.02127659574468085, 0.0, 0.0, 0.0, 0.0, 0.0, 0.0, 0.0, 0.0, 0.0, 0.0, 0.0, 0.0], [0.0005259467040673212, 0.0, 0.0005259467040673212, 0.0005259467040673212, 0.0001753155680224404, 0.0007012622720897616, 0.0024544179523141654, 0.011044880785413744, 0.026122019635343618, 0.04032258064516129, 0.06679523141654979, 0.09712482468443198, 0.12009116409537167, 0.12184431977559607, 0.12184431977559607, 0.10746844319775596, 0.09256661991584852, 0.055224403927068726, 0.050666199158485276, 0.030329593267882187, 0.019109396914446002, 0.0173562412342216, 0.006837307152875175, 0.004908835904628331, 0.00438288920056101, 0.0008765778401122019, 0.0001753155680224404, 0.0, 0.0, 0.0, 0.0, 0.0], [0.0, 0.0, 0.0005903187721369539, 0.0, 0.0, 0.0005903187721369539, 0.0011806375442739079, 0.00885478158205431, 0.01357733175914994, 0.02066115702479339, 0.04604486422668241, 0.048996458087367176, 0.06847697756788666, 0.09917355371900827, 0.11629279811097992, 0.12514757969303425, 0.15348288075560804, 0.07969303423848878, 0.10979929161747344, 0.02833530106257379, 0.0295159386068477, 0.03010625737898465, 0.010625737898465172, 0.0035419126328217238, 0.0029515938606847697, 0.0017709563164108619, 0.0005903187721369539, 0.0, 0.0, 0.0, 0.0, 0.0], [0.00031191515907673113, 0.00031191515907673113, 0.0, 0.0015595757953836558, 0.0015595757953836558, 0.002183406113537118, 0.0031191515907673115, 0.011228945726762321, 0.023081721771678103, 0.03898939488459139, 0.061759201497192766, 0.08484092326887087, 0.10386774797255147, 0.10979413599500935, 0.13973799126637554, 0.1132252027448534, 0.09950093574547723, 0.056144728633811605, 0.06363069245165315, 0.02744853399875234, 0.018714909544603867, 0.020586400499064253, 0.005926388022457892, 0.004990642545227698, 0.0056144728633811605, 0.0018714909544603868, 0.0, 0.0, 0.0, 0.0, 0.0, 0.0], [0.0, 0.0, 0.0, 0.0, 0.00026014568158168577, 0.0007804370447450572, 0.002081165452653486, 0.005202913631633715, 0.011966701352757543, 0.02081165452653486, 0.035119667013527575, 0.045525494276795, 0.07232049947970863, 0.08350676378772112, 0.12486992715920915, 0.12278876170655567, 0.14516129032258066, 0.09131113423517169, 0.1113423517169615, 0.04864724245577524, 0.024713839750260147, 0.02861602497398543, 0.011706555671175858, 0.0033818938605619147, 0.007023933402705515, 0.001040582726326743, 0.0007804370447450572, 0.0007804370447450572, 0.0, 0.0, 0.00026014568158168577, 0.0], [0.0, 0.0, 0.00025188916876574307, 0.0005037783375314861, 0.00025188916876574307, 0.0017632241813602015, 0.0027707808564231737, 0.008564231738035265, 0.014861460957178841, 0.022670025188916875, 0.044836272040302265, 0.057178841309823675, 0.08841309823677582, 0.0964735516372796, 0.14080604534005037, 0.1428211586901763, 0.13148614609571788, 0.07858942065491184, 0.08312342569269521, 0.03173803526448363, 0.017632241813602016, 0.016372