{"region": {"us": {"histType": {"histogram": {"labels": ["0", "100", "200", "300", "400", "500", "600", "700", "800", "900", "1000", "1100", "1200", "1300", "1400", "1500", "1600", "1700", "1800", "1900", "2000", "2100", "2200", "2300", "2400", "2500", "2600", "2700", "2800", "2900", "3000", "3100", "3200"], "data": [[0.0, 0.0, 0.005319148936170213, 0.0026595744680851063, 0.005319148936170213, 0.007978723404255319, 0.023936170212765957, 0.015957446808510637, 0.0425531914893617, 0.047872340425531915, 0.07446808510638298, 0.10638297872340426, 0.10638297872340426, 0.1276595744680851, 0.11170212765957446, 0.09574468085106383, 0.07712765957446809, 0.0425531914893617, 0.03723404255319149, 0.031914893617021274, 0.013297872340425532, 0.007978723404255319, 0.007978723404255319, 0.0, 0.007978723404255319, 0.0, 0.0, 0.0, 0.0, 0.0, 0.0, 0.0, 0.0], [0.0, 0.0003505082369435682, 0.0, 0.0003505082369435682, 0.0007010164738871364, 0.0017525411847178409, 0.004556607080266386, 0.008412197686645636, 0.011216263582194182, 0.029793200140203296, 0.0385559060637925, 0.0539782684893095, 0.08201892744479496, 0.08867858394672275, 0.123378899404136, 0.1321416053277252, 0.14826498422712933, 0.08447248510339993, 0.11286365229582895, 0.03995793901156677, 0.01331931300385559, 0.010515247108307046, 0.004907115317209955, 0.0028040658955485456, 0.0028040658955485456, 0.0003505082369435682, 0.002103049421661409, 0.0014020329477742728, 0.0003505082369435682, 0.0, 0.0, 0.0, 0.0], [0.00010931351114997814, 0.0, 0.0, 0.00021862702229995628, 0.00021862702229995628, 0.00021862702229995628, 0.00021862702229995628, 0.0005465675557498906, 0.0026235242675994755, 0.003279405334499344, 0.005574989068648885, 0.007979886313948404, 0.012680367293397464, 0.019676432006996064, 0.07870572802798426, 0.11139046786182773, 0.17839965019676432, 0.11707477044162659, 0.2514210756449497, 0.07356799300393528, 0.039462177525142104, 0.04962833406209007, 0.018036729339746392, 0.00874508089199825, 0.013882815916047224, 0.0029514648010494095, 0.001530389156099694, 0.0012024486226497595, 0.00021862702229995628, 0.00043725404459991256, 0.0, 0.0, 0.0], [0.0, 0.0, 0.0, 0.0, 0.00010441683199331732, 0.00010441683199331732, 0.0007309178239532213, 0.0017750861438863945, 0.004803174271692597, 0.007622428735512165, 0.011381434687271588, 0.013783021823117886, 0.02537329017437611, 0.03236921791792837, 0.045838989245066304, 0.10765375378511016, 0.20350840555497546, 0.12258536076015454, 0.21739584421008668, 0.08144512895478752, 0.04416831993317323, 0.04531690508509972, 0.015453691135010965, 0.006056176255612404, 0.009293098047405243, 0.0021927534718596637, 0.0005220841599665867, 0.0005220841599665867, 0.0, 0.0, 0.0, 0.0, 0.0], [0.0, 0.0, 0.0, 0.0, 0.0078125, 0.0, 0.015625, 0.046875, 0.0390625, 0.046875, 0.078125, 0.09375, 0.09375, 0.1171875, 0.09375, 0.1015625, 0.0546875, 0.015625, 0.09375, 0.0390625, 0.015625, 0.0390625, 0.0078125, 0.0, 0.0, 0.0, 0.0, 0.0, 0.0, 0.0, 0.0, 0.0, 0.0], [0.0, 0.0, 0.0, 0.0, 0.0004607764082478977, 0.0003455823061859233, 0.0005759705103098721, 0.0026494643474254116, 0.005183734592788849, 0.01094343969588757, 0.020850132473217372, 0.030526437046423223, 0.055293168989747725, 0.08270936528049763, 0.10286833314134317, 0.12936297661559729, 0.16127174288676419, 0.09584149291556272, 0.13719617555581154, 0.05368045156088008, 0.03075682525054717, 0.04077871212993895, 0.01509042737011865, 0.006450869715470568, 0.009906692777329801, 0.0036862112659831817, 0.001612717428867642, 0.0011519410206197443, 0.0004607764082478977, 0.00023038820412394885, 0.00011519410206197443, 0.0, 0.0], [0.0, 0.00025131942699170643, 0.00025131942699170643, 0.0017592359889419453, 0.0012565971349585323, 0.0035184719778838906, 0.007288263382759487, 0.01357124905755215, 0.02136215129429505, 0.03468208092485549, 0.051269163106308115, 0.06659964815280221, 0.09349082684091481, 0.11108318673033425, 0.11359638100025132, 0.12314651922593617, 0.12138728323699421, 0.06710228700678562, 0.07589846695149535, 0.029655692385021363, 0.018848957024377985, 0.01633576275446092, 0.008796179944709727, 0.004775069112842423, 0.005780346820809248, 0.0035184719778838906, 0.0025131942699170647, 0.0010052777079668257, 0.0005026388539834129, 0.00025131942699170643, 0.0005026388539834129, 0.0, 0.0], [0.0033112582781456954, 0.0, 0.0, 0.006622516556291391, 0.009933774834437087, 0.023178807947019868, 0.013245033112582781, 0.04304635761589404, 0.04966887417218543, 0.10927152317880795, 0.10596026490066225, 0.11258278145695365, 0.11258278145695365, 0.09933774834437085, 0.07947019867549669, 0.059602649006622516, 0.056291390728476824, 0.033112582781456956, 0.033112582781456956, 0.029801324503311258, 0.0033112582781456954, 0.0033112582781456954, 0.006622516556291391, 0.006622516556291391, 0.0, 0.0, 0.0, 0.0, 0.0, 0.0, 0.0, 0.0, 0.0], [0.00028363430084144843, 0.00018908953389429895, 0.00047272383473574735, 0.00028363430084144843, 0.00047272383473574735, 0.0012290819703129432, 0.0014181715042072421, 0.004065424978727428, 0.007752670889666257, 0.01616715514796256, 0.026377989978254704, 0.035548832372128206, 0.04415240616431881, 0.13047177838706628, 0.141060792285147, 0.1317008603573792, 0.14266805332324856, 0.0903847972014749, 0.09322114020988938, 0.04557057766852605, 0.027796161482461945, 0.027228892880779048, 0.011723551101446536, 0.006523588919353313, 0.008319939491349154, 0.0022690744067315875, 0.001607261038101541, 0.00047272383473574735, 0.0005672686016828969, 0.0, 0.0, 0.0, 0.0], [0.0, 0.0, 0.0, 0.0, 0.0003990422984836393, 0.0003990422984836393, 0.0011971268954509178, 0.0007980845969672786, 0.0023942537909018356, 0.007581803671189146, 0.0111731843575419, 0.012370311252992818, 0.02114924181963288, 0.029130087789305665, 0.05307262569832402, 0.07462090981644054, 0.0985634477254589, 0.08898643256185156, 0.1831604150039904, 0.07262569832402235, 0.08100558659217877, 0.10295291300877893, 0.045889864325618514, 0.019952114924181964, 0.05107741420590583, 0.01596169193934557, 0.0111731843575419, 0.009976057462090982, 0.002793296089385475, 0.0015961691939345571, 0.0, 0.0, 0.0], [0.0, 0.0, 0.00028851702250432774, 0.0, 0.0014425851125216388, 0.0014425851125216388, 0.0028851702250432777, 0.004327755337564916, 0.012117714945181766, 0.02163877668782458, 0.03144835545297173, 0.03750721292556261, 0.06491633006347375, 0.08338141950375072, 0.10415464512406232, 0.12348528563185228, 0.15262550490478938, 0.0894402769763416, 0.13877668782458166, 0.04414310444316215, 0.029140219272937102, 0.02971725331794576, 0.008366993652625505, 0.0051933064050779, 0.008655510675129832, 0.002308136180034622, 0.0014425851125216388, 0.00028851702250432774, 0.0005770340450086555, 0.00028851702250432774, 0.0, 0.0, 0.0], [0.0001801477211313277, 0.0, 0.0010808863267879661, 0.0005404431633939831, 0.0014411817690506215, 0.0030625112592325707, 0.0066654656818591245, 0.01098901098901099, 0.020536840208971358, 0.03747072599531616, 0.06467303188614663, 0.07404071338497568, 0.10826878039992795, 0.11079084849576652, 0.1340299045217078, 0.11979823455233292, 0.11673572329310035, 0.06395244100162133, 0.06215096379030805, 0.026301567285173844, 0.013330931363718249, 0.011169158710142317, 0.006845613402990452, 0.0036029544226265538, 0.0019816249324446046, 0.0001801477211313277, 0.0001801477211313277, 0.0, 0.0, 0.0, 0.0, 0.0, 0.0], [0.0, 0.0, 0.0, 0.0, 0.0001271294177472667, 0.0005085176709890668, 0.0020340706839562673, 0.0021612001017035343, 0.006229341469616069, 0.012840071192473938, 0.027587083651156877, 0.04424103737604882, 0.06140350877192982, 0.08187134502923976, 0.12153572336638699, 0.12229849987287059, 0.16564963132468855, 0.09636409865242818, 0.1371726417493008, 0.04233409610983982, 0.027205695397915078, 0.02440884820747521, 0.010170353419781338, 0.005085176709890669, 0.0055936943808797355, 0.001779811848461734, 0.0006356470887363336, 0.0001271294177472667, 0.0006356470887363336, 0.0, 0.0, 0.0, 0.0], [0.00022323920080366113, 0.0, 0.0, 0.00011161960040183056, 0.00022323920080366113, 0.0005580980020091528, 0.002790490010045764, 0.004464784016073222, 0.010157383636566581, 0.020872865275142316, 0.03315102131934368, 0.04621051456635785, 0.07032034825315325, 0.08494251590579306, 0.10648509878334636, 0.11340551400825985, 0.14209175131153032, 0.09219778993191205, 0.11976783123116419, 0.0536890277932805, 0.03125348811251256, 0.03370911932135283, 0.011608438441790379, 0.005022882018082375, 0.008483089630539122, 0.003348588012054917, 0.0018975332068311196, 0.0011161960040183055, 0.001004576403616475, 0.000781337202812814, 0.00011161960040183056, 0.0, 0.0], [0.0, 0.0, 0.0, 0.0, 0.0006975122064636131, 0.00023250406882120437, 0.0009300162752848175, 0.001860032550569635, 0.004882585445245292, 0.005580097651708905, 0.01488026040455708, 0.029063008602650545, 0.05068588700302255, 0.07230876540339456, 0.09462915601023018, 0.11787956289235062, 0.16182283189955823, 0.1169495466170658, 0.14764008370146478, 0.06696117182050686, 0.039758195768425944, 0.03696814694257149, 0.01441525226691467, 0.006045105789351314, 0.009300162752848175, 0.003022552894675657, 0.0013950244129272262, 0.0009300162752848175, 0.00023250406882120437, 0.0009300162752848175, 0.0, 0.0, 0.0], [0.0, 0.0, 0.0, 0.0, 0.0011198208286674132, 0.001866368047779022, 0.0033594624860022394, 0.004479283314669653, 0.012318029115341545, 0.020156774916013438, 0.033221351250466595, 0.04553938036580814, 0.0675625233296006, 0.08137364688316535, 0.09854423292273236, 0.11571481896229936, 0.13325867861142218, 0.09705113848450915, 0.11198208286674133, 0.054871220604703244, 0.03546099290780142, 0.030235162374020158, 0.018290406868234417, 0.00933184023889511, 0.011571481896229937, 0.005599104143337066, 0.0011198208286674132, 0.0033594624860022394, 0.0022396416573348264, 0.0003732736095558044, 0.0, 0.0, 0.0], [0.0002166377816291161, 0.0, 0.0006499133448873484, 0.0002166377816291161, 0.0004332755632582322, 0.0012998266897746968, 0.0025996533795493936, 0.006499133448873483, 0.010831889081455806, 0.019714038128249567, 0.03249566724436742, 0.050043327556325824, 0.08015597920277297, 0.0981369150779896, 0.11243500866551126, 0.1237001733102253, 0.14211438474870017, 0.08557192374350087, 0.115684575389948, 0.042027729636048526, 0.025346620450606587, 0.023613518197573655, 0.009315424610051993, 0.00498266897746967, 0.005632582322357019, 0.0017331022530329288, 0.0015164644714038128, 0.0017331022530329288, 0.0004332755632582322, 0.0008665511265164644, 0.0, 0.0, 0.0], [0.0, 0.0, 0.00014714537963507945, 0.0002942907592701589, 0.00044143613890523835, 0.0008828722778104767, 0.0017657445556209534, 0.0033843437316068274, 0.007798705120659211, 0.015597410241318423, 0.028399058269570336, 0.04061212477928193, 0.07327839905826956, 0.088875809299588, 0.11948204826368453, 0.125956444967628, 0.1559741024131842, 0.08681577398469688, 0.14140670982931136, 0.039140670982931135, 0.022218952324897, 0.02442613301942319, 0.008534432018834609, 0.0044143613890523835, 0.005738669805768099, 0.0020600353148911123, 0.0010300176574455562, 0.00044143613890523835, 0.00014714537963507945, 0.0007357268981753973, 0.0, 0.0, 0.0], [0.0, 0.0, 0.0, 0.008547008547008548, 0.008547008547008548, 0.008547008547008548, 0.008547008547008548, 0.017094017094017096, 0.008547008547008548, 0.07692307692307693, 0.06837606837606838, 0.06837606837606838, 0.05982905982905983, 0.06837606837606838, 0.07692307692307693, 0.1282051282051282, 0.11965811965811966, 0.07692307692307693, 0.03418803418803419, 0.02564102564102564, 0.03418803418803419, 0.008547008547008548, 0.02564102564102564, 0.0, 0.008547008547008548, 0.02564102564102564, 0.008547008547008548, 0.02564102564102564, 0.0, 0.0, 0.0, 0.0, 0.0], [0.00020663291662361815, 0.00010331645831180907, 0.0, 0.00010331645831180907, 0.00010331645831180907, 0.00010331645831180907, 0.0003099493749354272, 0.0011364810414298998, 0.002479594999483418, 0.0079553672900093, 0.02324620312015704, 0.03337121603471433, 0.06591590040293419, 0.09019526810620931, 0.11726418018390329, 0.13482797809691083, 0.16902572579811964, 0.1092054964355822, 0.11199504081000103, 0.04979853290629197, 0.02655232978613493, 0.03099493749354272, 0.010228329372869098, 0.0036160760409133176, 0.006302303957020353, 0.0021696456245479906, 0.001343113958053518, 0.0004132658332472363, 0.0010331645831180907, 0.0, 0.0, 0.0, 0.0], [0.0, 0.00014524328249818446, 0.0, 0.00014524328249818446, 0.0, 0.00029048656499636893, 0.00130718954248366, 0.0008714596949891067, 0.003485838779956427, 0.005664488017429194, 0.011183732752360204, 0.018445896877269427, 0.030355846042120552, 0.045170660856935364, 0.07262164124909223, 0.09557007988380538, 0.15831517792302105, 0.12229484386347131, 0.17690631808278867, 0.08177196804647785, 0.057225853304284674, 0.05954974582425563, 0.019753086419753086, 0.010893246187363835, 0.015105301379811184, 0.0068264342774146695, 0.002904865649963689, 0.00130718954248366, 0.0007262164124909223, 0.00043572984749455336, 0.0007262164124909223, 0.0, 0.0], [0.0002896591677126581, 9.655305590421937e-05, 0.0, 0.00019310611180843875, 0.0005793183354253162, 0.0010620836149464131, 0.0020276141739886066, 0.0034759100125518975, 0.006951820025103795, 0.014869170609249784, 0.02577966592642657, 0.032731485951530366, 0.050786907405619384, 0.06295259244955102, 0.07917350584145988, 0.09790479868687844, 0.13025007241479192, 0.11248431012841556, 0.16240224003089698, 0.07405619387853625, 0.048179974896205464, 0.051076566573332045, 0.01660712561552573, 0.009462199478613499, 0.01091049531717679, 0.0029931447330308002, 0.0013517427826590712, 0.0004827652795210968, 0.0008689775031379744, 0.0, 0.0, 0.0, 0.0], [0.0, 0.0, 0.0, 0.0017211703958691911, 0.0017211703958691911, 0.0, 0.0, 0.0051635111876075735, 0.008605851979345954, 0.0068846815834767644, 0.01549053356282272, 0.03098106712564544, 0.04647160068846816, 0.10154905335628227, 0.10671256454388985, 0.16351118760757316, 0.16695352839931152, 0.11703958691910499, 0.1342512908777969, 0.06368330464716007, 0.01549053356282272, 0.008605851979345954, 0.0034423407917383822, 0.0, 0.0017211703958691911, 0.0, 0.0, 0.0, 0.0, 0.0, 0.0, 0.0, 0.0], [0.0, 0.0, 0.0, 0.0001612513101668951, 0.0, 8.062565508344755e-05, 0.00024187696525034265, 0.0007256308957510279, 0.0017737644118358462, 0.004595662339756511, 0.007175683302426832, 0.013303233088768846, 0.041683463678142386, 0.07344997178102072, 0.09538014996371845, 0.10352334112714666, 0.1532693703136338, 0.09933080706280739, 0.1901959203418528, 0.06885430944126421, 0.04321535112472789, 0.061114246553253246, 0.017979521083608806, 0.005240667580424091, 0.011610094332016447, 0.0033862775135047973, 0.0013706361364186083, 0.0013706361364186083, 0.0004837539305006853, 0.0004837539305006853, 0.0, 0.0, 0.0], [0.00017866714311238162, 8.933357155619081e-05, 8.933357155619081e-05, 0.0, 0.0004466678577809541, 0.0005360014293371449, 0.00026800071466857243, 0.0008933357155619082, 0.0011613364302304806, 0.005270680721815258, 0.009469358584956226, 0.01974271931391817, 0.034482758620689655, 0.04716812578166875, 0.0690548508129355, 0.1517777380739682, 0.2363766303376809, 0.13846703591209578, 0.1585670895122387, 0.058424155797748796, 0.02849740932642487, 0.024834732892621048, 0.006700017866714311, 0.003573342862247633, 0.0026800071466857246, 0.0005360014293371449, 0.00035733428622476324, 0.00035733428622476324, 0.0, 0.0, 0.0, 0.0, 0.0], [0.00012461059190031152, 0.00012461059190031152, 0.00012461059190031152, 0.00024922118380062304, 0.0007476635514018691, 0.0007476635514018691, 0.0017445482866043614, 0.0032398753894080996, 0.006230529595015576, 0.01146417445482866, 0.020186915887850466, 0.034143302180685356, 0.05395638629283489, 0.06317757009345794, 0.08996884735202493, 0.1274766355140187, 0.16149532710280373, 0.11165109034267913, 0.14130841121495327, 0.0649221183800623, 0.0367601246105919, 0.03900311526479751, 0.014579439252336448, 0.006230529595015576, 0.006479750778816199, 0.001869158878504673, 0.0011214953271028037, 0.0008722741433021807, 0.0, 0.0, 0.0, 0.0, 0.0], [0.0, 0.0, 0.0, 0.0, 0.00043968928623772536, 0.0001465630954125751, 0.0010259416678880258, 0.001319067858713176, 0.004543455957789828, 0.006888465484391031, 0.014070057159607212, 0.023743221456837167, 0.040597977429283304, 0.06097024769163125, 0.09614539059064928, 0.1195954858566613, 0.15521031804191704, 0.09467975963652352, 0.18188480140700572, 0.0618496262641067, 0.037666715521031804, 0.045727685768723436, 0.018760076212809614, 0.007914407152279056, 0.010992232155943133, 0.005569397625677854, 0.004250329766964678, 0.0019053202403634766, 0.0016121940495383263, 0.0011725047633006009, 0.001319067858713176, 0.0, 0.0], [0.0, 0.000243842965130456, 0.000243842965130456, 0.000487685930260912, 0.001463057790782736, 0.001950743721043648, 0.004145330407217752, 0.00853450377956596, 0.014386734942696903, 0.026335040234089245, 0.0448671055840039, 0.05949768349183126, 0.08388198000487686, 0.10314557425018288, 0.12704218483296756, 0.11119239209948793, 0.1485003657644477, 0.07485979029505, 0.10851011948305292, 0.028285783955132895, 0.018532065349914657, 0.021945866861741038, 0.00243842965130456, 0.0021945866861741038, 0.0043891733723482075, 0.001463057790782736, 0.000487685930260912, 0.000731528895391368, 0.000243842965130456, 0.0, 0.0, 0.0, 0.0], [0.0, 0.0, 0.0, 0.0015641293013555788, 0.0026068821689259644, 0.0015641293013555788, 0.0031282586027111575, 0.011470281543274244, 0.015119916579770595, 0.013555787278415016, 0.03232533889468196, 0.049009384775808136, 0.06725755995828989, 0.07716371220020855, 0.10636079249217935, 0.10948905109489052, 0.1673618352450469, 0.09228362877997914, 0.1266944734098019, 0.04275286757038582, 0.022940563086548488, 0.026590198123044837, 0.014077163712200209, 0.006256517205422315, 0.005735140771637122, 0.0026068821689259644, 0.0005213764337851929, 0.0015641293013555788, 0.0, 0.0, 0.0, 0.0, 0.0], [0.0002620888481195125, 0.0, 0.0, 0.0, 0.0009173109684182938, 0.00104835539247805, 0.0038002882977329314, 0.0068143100511073255, 0.011007731621019526, 0.020180841305202462, 0.03616826104049273, 0.053728213864500066, 0.07836456558773425, 0.1036561394312672, 0.13772768968680382, 0.13654828987026602, 0.13484471235748918, 0.08137858734110863, 0.09448302974708427, 0.03538199449613419, 0.018739352640545145, 0.023719040754815884, 0.007862665443585375, 0.003538199449613419, 0.006945354475167082, 0.00104835539247805, 0.000524177696239025, 0.0007862665443585375, 0.0, 0.00039313327217926875, 0.00013104442405975625, 0.0, 0.0], [0.0, 0.0, 0.0, 0.0005371530886302597, 0.00017905102954341988, 0.0010743061772605193, 0.0017905102954341987, 0.0021486123545210387, 0.0075201432408236344, 0.01235452103849597, 0.023097582811101164, 0.031512981199641896, 0.06159355416293644, 0.08182632050134288, 0.09901521933751119, 0.1179946284691137, 0.14485228290062668, 0.0900626678603402, 0.13589973142345568, 0.055863921217547, 0.036884512085944496, 0.04010743061772605, 0.015040286481647269, 0.008594449418084155, 0.01521933751119069, 0.005550581915846016, 0.005371530886302597, 0.002506714413607878, 0.001432408236347359, 0.001253357206803939, 0.0007162041181736795, 0.0, 0.0], [0.0, 0.00019801980198019803, 0.0, 0.0, 0.00039603960396039607, 0.0009900990099009901, 0.0017821782178217822, 0.002376237623762376, 0.006336633663366337, 0.015643564356435644, 0.02594059405940594, 0.040792079207920794, 0.06118811881188119, 0.08811881188118811, 0.11089108910891089, 0.12594059405940594, 0.14633663366336633, 0.09683168316831683, 0.13643564356435645, 0.05089108910891089, 0.032475247524752476, 0.02693069306930693, 0.010495049504950496, 0.004356435643564357, 0.0057425742574257425, 0.002772277227722772, 0.0021782178217821784, 0.001386138613861386, 0.0017821782178217822, 0.0007920792079207921, 0.0, 0.0, 0.0], [0.0001124985937675779, 0.0001124985937675779, 0.0001124985937675779, 0.0, 0.0001124985937675779, 0.0010124873439082012, 0.0013499831252109348, 0.004724940938238272, 0.0073124085948925634, 0.015299808752390596, 0.03262459219259759, 0.04859939250759365, 0.08201147485656429, 0.10574867814152324, 0.1322983462706716, 0.13983575205309934, 0.15288558893013837, 0.0890988862639217, 0.09866126673416582, 0.040611992350095626, 0.020024749690628868, 0.015187310158623017, 0.006637417032287096, 0.0019124760940488245, 0.002249971875351558, 0.0005624929688378895, 0.0003374957813027337, 0.0004499943750703116, 0.0001124985937675779, 0.0, 0.0, 0.0, 0.0], [0.0, 0.0, 0.0, 0.00019801980198019803, 0.00019801980198019803, 0.0009900990099009901, 0.001188118811881188, 0.0029702970297029703, 0.006138613861386139, 0.01089108910891089, 0.02514851485148515, 0.03762376237623762, 0.07049504950495049, 0.09366336633663366, 0.12475247524752475, 0.13663366336633664, 0.15762376237623762, 0.10138613861386139, 0.10633663366336633, 0.04574257425742574, 0.02514851485148515, 0.02277227722772277, 0.011287128712871287, 0.004752475247524752, 0.008118811881188119, 0.0019801980198019802, 0.0017821782178217822, 0.000594059405940594, 0.001188118811881188, 0.00019801980198019803, 0.00019801980198019803, 0.0, 0.0], [0.0, 0.0, 0.0, 0.00020483408439164277, 0.0, 0.0012290045063498567, 0.0012290045063498567, 0.0024580090126997134, 0.005325686194182712, 0.0061450225317492835, 0.013109381401065138, 0.021507578861122492, 0.038713641950020486, 0.06124539123310119, 0.0991396968455551, 0.11982793936911101, 0.162843097091356, 0.11204424416222859, 0.17083162638263008, 0.06616140925850061, 0.03379762392462106, 0.043015157722244984, 0.016796394920114706, 0.006964358869315854, 0.009832036050798854, 0.005120852109791069, 0.0014338385907414993, 0.00040966816878328555, 0.00020483408439164277, 0.00040966816878328555, 0.0, 0.0, 0.0], [0.0, 0.0, 0.0001301405517959396, 0.0, 0.00039042165538781884, 0.0005205622071837585, 0.0007808433107756377, 0.0028630921395106715, 0.004685059864653826, 0.008719416970327954, 0.019260801665799063, 0.03695991671004685, 0.05778240499739719, 0.09539302446642374, 0.11504424778761062, 0.12376366475793857, 0.1484903695991671, 0.09174908901613743, 0.14003123373243104, 0.04945340968245705, 0.029672045809474232, 0.031754294638209266, 0.01678813118167621, 0.007418011452368558, 0.011452368558042686, 0.0024726704841228526, 0.002342529932326913, 0.001691827173347215, 0.0001301405517959396, 0.0002602811035918792, 0.0, 0.0, 0.0], [0.0, 0.0, 8.339588024351597e-05, 0.0, 8.339588024351597e-05, 8.339588024351597e-05, 0.0002501876407305479, 0.0008339588024351598, 0.0017513134851138354, 0.0047535651738804105, 0.00850637978483863, 0.016595780168459678, 0.027854224001334336, 0.03686097906763406, 0.05487448920023351, 0.1426069552164123, 0.18547243766157953, 0.11717121174213994, 0.2067383871236761, 0.07672420982403469, 0.04169794012175799, 0.046284713535151366, 0.012259194395796848, 0.004503377533149862, 0.00808940038362105, 0.002585272287548995, 0.0013343340838962556, 0.0006671670419481278, 0.0007505629221916438, 0.0005837711617046118, 0.0, 0.0, 0.0], [0.0, 0.0, 0.0, 0.0, 0.00023166917641607784, 0.0006950075292482335, 0.0009266767056643114, 0.0025483609405768564, 0.005212556469361751, 0.00961427082126723, 0.015753503996293293, 0.029421985404841887, 0.046333835283215566, 0.07100660257152785, 0.10251361056411444, 0.1333256110274528, 0.1740993860766825, 0.11351789644387814, 0.16529595737287153, 0.05363141434032202, 0.026989459052473068, 0.031622842580794626, 0.007992586586354685, 0.0034750376462411676, 0.003011699293409012, 0.0006950075292482335, 0.0008108421174562725, 0.0008108421174562725, 0.0004633383528321557, 0.0, 0.0, 0.0, 0.0], [0.0, 0.00392156862745098, 0.0, 0.00392156862745098, 0.00392156862745098, 0.023529411764705882, 0.027450980392156862, 0.03529411764705882, 0.0784313725490196, 0.043137254901960784, 0.047058823529411764, 0.07058823529411765, 0.06274509803921569, 0.12549019607843137, 0.11764705882352941, 0.10196078431372549, 0.09019607843137255, 0.054901960784313725, 0.043137254901960784, 0.01568627450980392, 0.011764705882352941, 0.0196078431372549, 0.00392156862745098, 0.01568627450980392, 0.0, 0.0, 0.0, 0.0, 0.0, 0.0, 0.0, 0.0, 0.0]]}, "ranks": {"labels": ["Unranked", "Combatatent I", "Combatatent II", "Challenger I", "Challenger II", "Rival I", "Rival II", "Duelist", "Elite"], "data": [[0.15159574468085107, 0.18085106382978725, 0.23404255319148937, 0.2074468085106383, 0.1196808510638298, 0.061170212765957445, 0.02127659574468085, 0.015957446808510637, 0.007978723404255319], [0.05713284262180161, 0.09253417455310199, 0.1706975113915177, 0.2555205047318612, 0.23273746933052927, 0.138801261829653, 0.027339642481598318, 0.018226428321065545, 0.0070101647388713636], [0.007433318758198513, 0.01355487538259729, 0.03235679930039353, 0.19009619588981197, 0.2954744206383909, 0.29088325317009184, 0.07356799300393528, 0.07641014429383472, 0.020222999562745956], [0.015140440639031012, 0.025164456510389475, 0.05774250809230448, 0.15349274303017646, 0.32609376631513, 0.2630259997911663, 0.07998329330688107, 0.06682677247572309, 0.012530019839198079], [0.15625, 0.171875, 0.2109375, 0.1953125, 0.0703125, 0.1328125, 0.015625, 0.046875, 0.0], [0.020158967860845523, 0.05137656951964059, 0.13800253427024536, 0.23223130975694045, 0.2571132358023269, 0.16726183619398688, 0.05437161617325193, 0.06232000921552817, 0.01716392120723419], [0.08394068861522996, 0.11786881125911033, 0.20457401357124905, 0.2367429002261875, 0.18848957024377985, 0.09449610454888163, 0.02990701181201307, 0.02990701181201307, 0.014073887911535563], [0.2582781456953642, 0.2185430463576159, 0.2119205298013245, 0.1390728476821192, 0.08940397350993377, 0.04304635761589404, 0.023178807947019868, 0.016556291390728478, 0.0], [0.03233431029592512, 0.06192682235038291, 0.1746241845513851, 0.2727616526425262, 0.23305285052472346, 0.12045003309066843, 0.04613784627020894, 0.045476032901578894, 0.013236267372600927], [0.012769353551476457, 0.023543495610534718, 0.05027932960893855, 0.12769353551476456, 0.18754988028731046, 0.21907422186751796, 0.11771747805267359, 0.1687948922585794, 0.09257781324820431], [0.04414310444316215, 0.06895556837853434, 0.14829774956722447, 0.2276399307559146, 0.24206578188113098, 0.16358915175995384, 0.048470859780727064, 0.04327755337564916, 0.013560300057703404], [0.08196721311475409, 0.13871374527112232, 0.21905962889569447, 0.2538281390740407, 0.18068816429472168, 0.07584219059628895, 0.025941271842911187, 0.021617726535759323, 0.00234192037470726], [0.023900330536486145, 0.07182812102720569, 0.14327485380116958, 0.24383422323925757, 0.2620137299771167, 0.16056445461479787, 0.046147978642257816, 0.03966437833714721, 0.008771929824561403], [0.03940171894184619, 0.07936153588570152, 0.1552628641589463, 0.2198906127916062, 0.23428954124344234, 0.1493470253376493, 0.05536332179930796, 0.050340439781225585, 0.016742940060274585], [0.014182748198093467, 0.04394326900720762, 0.12299465240641712, 0.2125087189025808, 0.27877237851662406, 0.18786328760753312, 0.06649616368286446, 0.057428504998837476, 0.015810276679841896], [0.04329973870847331, 0.07876073161627473, 0.14893617021276595, 0.21425905188503172, 0.23030981709593132, 0.1422172452407615, 0.06009705113848451, 0.05785740948114968, 0.024262784621127288], [0.04246100519930676, 0.08253899480069324, 0.17829289428076256, 0.23613518197573657, 0.22768630849220103, 0.14211438474870017, 0.04094454072790295, 0.03791161178509532, 0.011915077989601387], [0.03031194820482637, 0.06901118304885226, 0.16215420835785757, 0.24543849323131253, 0.2427898763978811, 0.16539140670982933, 0.03737492642731018, 0.03737492642731018, 0.010153031194820483], [0.13675213675213677, 0.13675213675213677, 0.1282051282051282, 0.20512820512820512, 0.19658119658119658, 0.042735042735042736, 0.05128205128205128, 0.03418803418803419, 0.06837606837606838], [0.012501291455728897, 0.05661741915487137, 0.1561111685091435, 0.25209215828081416, 0.27823122223370184, 0.14092364913730757, 0.04742225436512036, 0.044839342907325136, 0.01126149395598719], [0.011909949164851125, 0.02962962962962963, 0.07552650689905592, 0.1681917211328976, 0.28061002178649236, 0.22207697893972403, 0.09382716049382717, 0.09019607843137255, 0.0280319535221496], [0.029545235106691128, 0.05851115187795694, 0.11373949985517041, 0.1770783045283383, 0.2427343825432075, 0.20160278072801005, 0.08303562807762865, 0.07714589166747128, 0.01660712561552573], [0.024096385542168676, 0.04647160068846816, 0.14802065404475043, 0.270223752151463, 0.28399311531841653, 0.1703958691910499, 0.043029259896729774, 0.012048192771084338, 0.0017211703958691911], [0.00757881157784407, 0.02047891639119568, 0.1151334354591631, 0.1989034910908651, 0.2526001773764412, 0.22913811174715795, 0.07312746916068694, 0.08433443521728615, 0.018705151979359833], [0.008933357155619081, 0.029212077898874398, 0.0816508844023584, 0.22083258888690369, 0.37484366624977666, 0.19206717884581026, 0.05342147579060211, 0.03510809362158299, 0.003930677148472396], [0.024797507788161994, 0.05433021806853582, 0.11713395638629283, 0.21744548286604362, 0.27314641744548285, 0.17719626168224298, 0.06579439252336448, 0.059813084112149535, 0.010342679127725856], [0.014363183350432362, 0.03781327861644438, 0.10156822512091455, 0.21574087644731058, 0.24989007767844057, 0.21456837168400997, 0.06683277150813426, 0.0724021691338121, 0.026821046460501246], [0.05779078273591807, 0.10436478907583516, 0.18702755425505974, 0.2382345769324555, 0.2233601560594977, 0.12387222628627165, 0.03145574250182882, 0.0265788831992197, 0.0073152889539136795], [0.049009384775808136, 0.08133472367049009, 0.14442127215849843, 0.21584984358706985, 0.2596454640250261, 0.15380604796663191, 0.03858185610010428, 0.04692387904066736, 0.010427528675703858], [0.0440309264840781, 0.08989647490499279, 0.18202070501900144, 0.27427597955706984, 0.21622329969859783, 0.11545013759664527, 0.03315423928711833, 0.035119905648014677, 0.00982833180448172], [0.02560429722470904, 0.05461056401074306, 0.14341987466427933, 0.21700984780662488, 0.23491495076096688, 0.16615935541629365, 0.06248880931065354, 0.06374216651745747, 0.03205013428827216], [0.027722772277227723, 0.06673267326732674, 0.1493069306930693, 0.23683168316831682, 0.24316831683168316, 0.16693069306930694, 0.05287128712871287, 0.041782178217821785, 0.014653465346534653], [0.030149623129710878, 0.08122398470019125, 0.18776015299808752, 0.27213409832377095, 0.24198447519406008, 0.12183597705028687, 0.03746203172460344, 0.023737203284958937, 0.003712453594330071], [0.022574257425742573, 0.06277227722772277, 0.16415841584158417, 0.2613861386138614, 0.259009900990099, 0.1312871287128713, 0.04594059405940594, 0.03881188118811881, 0.01405940594059406], [0.016591560835723065, 0.03461696026218763, 0.09995903318312167, 0.2189676362146661, 0.2748873412535846, 0.2093404342482589, 0.06145022531749283, 0.06677591151167554, 0.017410897173289634], [0.018089536699635606, 0.05622071837584591, 0.15317542946382093, 0.2388079125455492, 0.24023945861530452, 0.1682717334721499, 0.05088495575221239, 0.055960437272254034, 0.018349817803227485], [0.0078392127428905, 0.025102159953298307, 0.0647152030689684, 0.1974814444166458, 0.30264364940371946, 0.24785255608372947, 0.07730798098573931, 0.06304728546409807, 0.014010507880910683], [0.01922854164253446, 0.04517548940113518, 0.11734043785474342, 0.23583922159156726, 0.2876172825205606, 0.1949496119541295, 0.050967218811537124, 0.04309046681339048, 0.005791729410401946], [0.2196078431372549, 0.11764705882352941, 0.18823529411764706, 0.2196078431372549, 0.1450980392156863, 0.047058823529411764, 0.023529411764705882, 0.0392156862745098, 0.0]]}, "ranksDetailed": {"labels": ["Unranked", "Combatatant", "Challenger", "Rival", "Duelist", "Elite"], "data": [[0.15159574468085107, 0.4148936170212766, 0.3271276595744681, 0.08244680851063829, 0.015957446808510637, 0.007978723404255319], [0.05713284262180161, 0.2632316859446197, 0.48825797406239047, 0.1661409043112513, 0.018226428321065545, 0.0070101647388713636], [0.007433318758198513, 0.045911674682990816, 0.4855706165282029, 0.36445124617402713, 0.07641014429383472, 0.020222999562745956], [0.015140440639031012, 0.08290696460269395, 0.47958650934530644, 0.3430092930980474, 0.06682677247572309, 0.012530019839198079], [0.15625, 0.3828125, 0.265625, 0.1484375, 0.046875, 0.0], [0.020158967860845523, 0.18937910378988596, 0.4893445455592674, 0.2216334523672388, 0.06232000921552817, 0.01716392120723419], [0.08394068861522996, 0.3224428248303594, 0.4252324704699673, 0.1244031163608947, 0.02990701181201307, 0.014073887911535563], [0.2582781456953642, 0.4304635761589404, 0.22847682119205298, 0.06622516556291391, 0.016556291390728478, 0.0], [0.03233431029592512, 0.23655100690176797, 0.5058145031672497, 0.16658787936087738, 0.045476032901578894, 0.013236267372600927], [0.012769353551476457, 0.07382282521947327, 0.31524341580207504, 0.33679169992019153, 0.1687948922585794, 0.09257781324820431], [0.04414310444316215, 0.2172533179457588, 0.4697057126370456, 0.2120600115406809, 0.04327755337564916, 0.013560300057703404], [0.08196721311475409, 0.3577733741668168, 0.4345163033687624, 0.10178346243920014, 0.021617726535759323, 0.00234192037470726], [0.023900330536486145, 0.2151029748283753, 0.5058479532163743, 0.20671243325705568, 0.03966437833714721, 0.008771929824561403], [0.03940171894184619, 0.23462440004464785, 0.4541801540350486, 0.20471034713695724, 0.050340439781225585, 0.016742940060274585], [0.014182748198093467, 0.16693792141362473, 0.49128109741920484, 0.2543594512903976, 0.057428504998837476, 0.015810276679841896], [0.04329973870847331, 0.22769690182904068, 0.44456886898096304, 0.202314296379246, 0.05785740948114968, 0.024262784621127288], [0.04246100519930676, 0.2608318890814558, 0.46382149046793764, 0.18305892547660313, 0.03791161178509532, 0.011915077989601387], [0.03031194820482637, 0.23116539140670983, 0.48822836962919364, 0.2027663331371395, 0.03737492642731018, 0.010153031194820483], [0.13675213675213677, 0.26495726495726496, 0.4017094017094017, 0.09401709401709402, 0.03418803418803419, 0.06837606837606838], [0.012501291455728897, 0.21272858766401487, 0.530323380514516, 0.18834590350242794, 0.044839342907325136, 0.01126149395598719], [0.011909949164851125, 0.10515613652868555, 0.44880174291938996, 0.3159041394335512, 0.09019607843137255, 0.0280319535221496], [0.029545235106691128, 0.17225065173312734, 0.4198126870715458, 0.2846384088056387, 0.07714589166747128, 0.01660712561552573], [0.024096385542168676, 0.1944922547332186, 0.5542168674698795, 0.2134251290877797, 0.012048192771084338, 0.0017211703958691911], [0.00757881157784407, 0.13561235185035878, 0.4515036684673063, 0.3022655809078449, 0.08433443521728615, 0.018705151979359833], [0.008933357155619081, 0.1108629623012328, 0.5956762551366803, 0.24548865463641237, 0.03510809362158299, 0.003930677148472396], [0.024797507788161994, 0.17146417445482867, 0.4905919003115265, 0.24299065420560748, 0.059813084112149535, 0.010342679127725856], [0.014363183350432362, 0.13938150373735894, 0.4656309541257511, 0.2814011431921442, 0.0724021691338121, 0.026821046460501246], [0.05779078273591807, 0.2913923433308949, 0.4615947329919532, 0.15532796878810046, 0.0265788831992197, 0.0073152889539136795], [0.049009384775808136, 0.22575599582898853, 0.4754953076120959, 0.19238790406673617, 0.04692387904066736, 0.010427528675703858], [0.0440309264840781, 0.2719171799239942, 0.49049927925566766, 0.1486043768837636, 0.035119905648014677, 0.00982833180448172], [0.02560429722470904, 0.19803043867502237, 0.45192479856759177, 0.22864816472694718, 0.06374216651745747, 0.03205013428827216], [0.027722772277227723, 0.21603960396039604, 0.48, 0.2198019801980198, 0.041782178217821785, 0.014653465346534653], [0.030149623129710878, 0.2689841376982788, 0.5141185735178311, 0.1592980087748903, 0.023737203284958937, 0.003712453594330071], [0.022574257425742573, 0.22693069306930694, 0.5203960396039604, 0.17722772277227722, 0.03881188118811881, 0.01405940594059406], [0.016591560835723065, 0.1345759934453093, 0.49385497746825074, 0.27079065956575177, 0.06677591151167554, 0.017410897173289634], [0.018089536699635606, 0.20939614783966684, 0.4790473711608537, 0.21915668922436232, 0.055960437272254034, 0.018349817803227485], [0.0078392127428905, 0.0898173630222667, 0.5001250938203653, 0.3251605370694688, 0.06304728546409807, 0.014010507880910683], [0.01922854164253446, 0.1625159272558786, 0.5234565041121279, 0.24591683076566662, 0.04309046681339048, 0.005791729410401946], [0.2196078431372549, 0.3058823529411765, 0.36470588235294116, 0.07058823529411765, 0.0392156862745098, 0.0]]}}}, "eu": {"histType": {"histogram": {"labels": ["0", "100", "200", "300", "400", "500", "600", "700", "800", "900", "1000", "1100", "1200", "1300", "1400", "1500", "1600", "1700", "1800", "1900", "2000", "2100", "2200", "2300", "2400", "2500", "2600", "2700", "2800", "2900", "3000", "3100", "3200"], "data": [[0.0, 0.0, 0.0033783783783783786, 0.0, 0.0, 0.006756756756756757, 0.016891891891891893, 0.030405405405405407, 0.05405405405405406, 0.08108108108108109, 0.07094594594594594, 0.08445945945945946, 0.06418918918918919, 0.13851351351351351, 0.13513513513513514, 0.09797297297297297, 0.0777027027027027, 0.05067567567567568, 0.033783783783783786, 0.02364864864864865, 0.010135135135135136, 0.010135135135135136, 0.006756756756756757, 0.0, 0.0033783783783783786, 0.0, 0.0, 0.0, 0.0, 0.0, 0.0, 0.0, 0.0], [0.0, 0.0, 0.0007527286413248024, 0.0007527286413248024, 0.0011290929619872036, 0.0041400075272864136, 0.0060218291305984195, 0.010161836657884832, 0.023334587881068874, 0.030109145652992095, 0.04252916823485134, 0.0643582988332706, 0.08204742190440346, 0.10011290929619872, 0.1272111403838916, 0.1264584117425668, 0.14414753481369966, 0.07038012796386903, 0.10161836657884833, 0.027474595408355288, 0.013172751223184042, 0.01279638690252164, 0.0041400075272864136, 0.0030109145652992097, 0.0026345502446368085, 0.0007527286413248024, 0.0007527286413248024, 0.0, 0.0, 0.0, 0.0, 0.0, 0.0], [0.0, 0.0, 0.0, 0.00010998680158380995, 0.00010998680158380995, 0.00010998680158380995, 0.00010998680158380995, 0.0009898812142542894, 0.0017597888253409592, 0.0026396832380114386, 0.0060492740871095465, 0.009788825340959085, 0.015178178618565772, 0.05598328200615926, 0.08985921689397272, 0.112846458424989, 0.17861856577210736, 0.10668719753629564, 0.23141223053233612, 0.06467223933128025, 0.0398152221733392, 0.04399472063352398, 0.015508139023317201, 0.006599208095028597, 0.010668719753629565, 0.0031896172459304883, 0.0010998680158380994, 0.0013198416190057193, 0.0004399472063352398, 0.0003299604047514298, 0.00010998680158380995, 0.0, 0.0], [0.0, 0.0, 0.0, 9.930486593843098e-05, 9.930486593843098e-05, 0.00019860973187686197, 0.0006951340615690168, 0.0020854021847070505, 0.0024826216484607746, 0.005660377358490566, 0.01102284011916584, 0.01797418073485601, 0.02194637537239325, 0.028699106256206555, 0.04607745779543198, 0.135948361469712, 0.19930486593843097, 0.1326713008937438, 0.19930486593843097, 0.07894736842105263, 0.04001986097318769, 0.044687189672293945, 0.01310824230387289, 0.005958291956305859, 0.009334657398212513, 0.002284011916583913, 0.0005958291956305859, 0.00019860973187686197, 0.00029791459781529296, 0.00029791459781529296, 0.0, 0.0, 0.0], [0.0, 0.0, 0.0, 0.0, 0.0, 0.032, 0.024, 0.056, 0.064, 0.048, 0.064, 0.112, 0.08, 0.056, 0.056, 0.128, 0.024, 0.088, 0.032, 0.048, 0.048, 0.0, 0.008, 0.008, 0.024, 0.0, 0.0, 0.0, 0.0, 0.0, 0.0, 0.0, 0.0], [0.0, 0.00011571395510298542, 0.00011571395510298542, 0.00034714186530895625, 0.0005785697755149271, 0.0004628558204119417, 0.0009257116408238834, 0.003934274473501504, 0.006017125665355242, 0.012034251330710484, 0.02267993520018514, 0.03367276093496876, 0.051608423975931496, 0.0745197870863226, 0.10726683638046748, 0.11999537144179588, 0.14950242999305716, 0.10286970608655403, 0.14221245082156908, 0.05681555195556584, 0.03205276556352696, 0.04535987040037028, 0.012959962971534367, 0.005322841934737329, 0.00960425827354779, 0.004975700069428373, 0.001967137236750752, 0.0009257116408238834, 0.00023142791020597085, 0.0005785697755149271, 0.00034714186530895625, 0.0, 0.0], [0.00022988505747126436, 0.0004597701149425287, 0.0004597701149425287, 0.00137931034482758