{"region": {"us": {"histType": {"histogram": {"labels": ["0", "100", "200", "300", "400", "500", "600", "700", "800", "900", "1000", "1100", "1200", "1300", "1400", "1500", "1600", "1700", "1800", "1900", "2000", "2100", "2200", "2300", "2400", "2500", "2600", "2700", "2800", "2900", "3000"], "data": [[0.0, 0.0, 0.0035971223021582736, 0.0035971223021582736, 0.0035971223021582736, 0.01079136690647482, 0.02158273381294964, 0.014388489208633094, 0.03597122302158273, 0.03237410071942446, 0.06474820143884892, 0.08992805755395683, 0.08273381294964029, 0.1079136690647482, 0.1079136690647482, 0.10071942446043165, 0.09352517985611511, 0.07194244604316546, 0.046762589928057555, 0.0539568345323741, 0.017985611510791366, 0.014388489208633094, 0.02158273381294964, 0.0, 0.0, 0.0, 0.0, 0.0, 0.0, 0.0, 0.0], [0.0, 0.0009066183136899365, 0.0, 0.00045330915684496827, 0.0009066183136899365, 0.0013599274705349048, 0.006346328195829556, 0.010879419764279238, 0.01042611060743427, 0.020398912058023574, 0.0371713508612874, 0.04623753399818677, 0.07026291931097008, 0.07524932003626474, 0.1056210335448776, 0.12783318223028106, 0.15231187669990934, 0.09156844968268359, 0.13372620126926563, 0.04215775158658205, 0.02357207615593835, 0.0185856754306437, 0.0077062556663644605, 0.004986400725294651, 0.003626473254759746, 0.003626473254759746, 0.004079782411604714, 0.0, 0.0, 0.0, 0.0], [0.00014310246136233542, 0.0, 0.0, 0.00028620492272467084, 0.00028620492272467084, 0.00028620492272467084, 0.00028620492272467084, 0.0007155123068116772, 0.0038637664567830565, 0.004865483686319404, 0.008729250143102461, 0.01316542644533486, 0.02160847166571265, 0.03377218088151116, 0.048511734401831715, 0.07627361190612479, 0.1307956496851746, 0.10632512879221523, 0.2488551803091013, 0.08557527189467659, 0.05609616485403549, 0.07613050944476245, 0.02375500858614768, 0.014453348597595879, 0.02661705781339439, 0.009015455065827132, 0.004722381224957069, 0.0031482541499713796, 0.0014310246136233543, 0.00028620492272467084, 0.0], [0.0, 0.0, 0.0, 0.0, 0.0001315097317201473, 0.0002630194634402946, 0.0013150973172014729, 0.0026301946344029457, 0.006575486586007364, 0.011572856391372961, 0.01841136244082062, 0.021567596002104155, 0.03879537085744345, 0.05628616517622304, 0.08035244608101, 0.1140189374013677, 0.1601788532351394, 0.11165176223040504, 0.17924776433456074, 0.07154129405576012, 0.04523934771173067, 0.047869542346133616, 0.012361914781693845, 0.006706996317727512, 0.008679642293529721, 0.0021041557075223566, 0.0015781167806417674, 0.0007890583903208837, 0.0001315097317201473, 0.0, 0.0], [0.0, 0.0, 0.0, 0.0, 0.009900990099009901, 0.0, 0.0, 0.039603960396039604, 0.0297029702970297, 0.06930693069306931, 0.04950495049504951, 0.06930693069306931, 0.07920792079207921, 0.1188118811881188, 0.06930693069306931, 0.06930693069306931, 0.0594059405940594, 0.04950495049504951, 0.09900990099009901, 0.0891089108910891, 0.0297029702970297, 0.0594059405940594, 0.0, 0.009900990099009901, 0.0, 0.0, 0.0, 0.0, 0.0, 0.0, 0.0], [0.0, 0.0, 0.0, 0.0, 0.0, 0.0002678810608090008, 0.0, 0.0018751674256630056, 0.0017412268952585051, 0.007098848111438521, 0.012322528797214037, 0.020894722743102064, 0.03522635949638361, 0.06147870345566568, 0.08907045271899276, 0.12550227698901686, 0.15657648004286098, 0.10715242432360032, 0.15443343155638897, 0.0681757299758907, 0.03978033753013662, 0.055451379587463163, 0.019421376908652557, 0.00964371818912403, 0.018349852665416555, 0.0061612643986070185, 0.004152156442539513, 0.003750334851326011, 0.001339405304045004, 0.0001339405304045004, 0.0], [0.0, 0.0, 0.00029027576197387516, 0.0017416545718432512, 0.0017416545718432512, 0.003193033381712627, 0.0046444121915820025, 0.00841799709724238, 0.018867924528301886, 0.02815674891146589, 0.04150943396226415, 0.04731494920174165, 0.07082728592162554, 0.09027576197387518, 0.11523947750362845, 0.1288824383164006, 0.13062409288824384, 0.08243831640058055, 0.09433962264150944, 0.0351233671988389, 0.026415094339622643, 0.023802612481857766, 0.009579100145137881, 0.006966618287373005, 0.011901306240928883, 0.0055152394775036286, 0.006966618287373005, 0.0034833091436865023, 0.0017416545718432512, 0.0, 0.0], [0.0036496350364963502, 0.0, 0.0036496350364963502, 0.010948905109489052, 0.0072992700729927005, 0.014598540145985401, 0.01824817518248175, 0.051094890510948905, 0.05474452554744526, 0.10948905109489052, 0.09124087591240876, 0.09854014598540146, 0.11313868613138686, 0.10218978102189781, 0.06934306569343066, 0.06204379562043796, 0.058394160583941604, 0.025547445255474453, 0.032846715328467155, 0.029197080291970802, 0.021897810218978103, 0.021897810218978103, 0.0, 0.0, 0.0, 0.0, 0.0, 0.0, 0.0, 0.0, 0.0], [0.0003283353398270767, 0.0003283353398270767, 0.0005472255663784612, 0.0007661157929298456, 0.0005472255663784612, 0.001751121812411076, 0.001860566925686768, 0.005691145890335997, 0.010835066214293532, 0.022217357994965523, 0.0380868994199409, 0.05516033709094889, 0.0689504213636861, 0.08109882893728795, 0.105614534311043, 0.12651855094670023, 0.1240013133413593, 0.08120827405056365, 0.0945605778701981, 0.05286198971215935, 0.03513188136149721, 0.03425632045529167, 0.016416766991353835, 0.011272846667396301, 0.0169639925577323, 0.0075517128160227645, 0.0038305789646492284, 0.0016416766991353836, 0.0, 0.0, 0.0], [0.0, 0.0, 0.0, 0.0, 0.000449842555105713, 0.000449842555105713, 0.000449842555105713, 0.000449842555105713, 0.000449842555105713, 0.005398110661268556, 0.007197480881691408, 0.009896536212325686, 0.011246063877642825, 0.023391812865497075, 0.048582995951417005, 0.06387764282501125, 0.09041835357624832, 0.09086819613135402, 0.18443544759334232, 0.08591992802519119, 0.08457040035987404, 0.1111111111111111, 0.05038236617183985, 0.025191183085919926, 0.05982905982905983, 0.016644174538911382, 0.009896536212325686, 0.01349527665317139, 0.005398110661268556, 0.0, 0.0], [0.0, 0.0, 0.0006868131868131869, 0.0, 0.002403846153846154, 0.0006868131868131869, 0.004120879120879121, 0.003434065934065934, 0.01304945054945055, 0.018200549450549452, 0.03125, 0.03949175824175824, 0.06078296703296703, 0.07864010989010989, 0.09581043956043957, 0.11675824175824176, 0.14697802197802198, 0.09443681318681318, 0.14285714285714285, 0.04945054945054945, 0.03365384615384615, 0.030906593406593408, 0.010645604395604396, 0.007898351648351648, 0.009615384615384616, 0.0037774725274725275, 0.003434065934065934, 0.0010302197802197802, 0.0, 0.0, 0.0], [0.0, 0.0, 0.0005808325266214908, 0.0005808325266214908, 0.000968054211035818, 0.0021297192642787998, 0.00484027105517909, 0.008712487899322363, 0.015488867376573089, 0.02516940948693127, 0.05440464666021297, 0.06776379477250725, 0.09235237173281703, 0.10300096805421104, 0.13727008712487898, 0.13397870280735721, 0.12313649564375605, 0.06892545982575024, 0.07124878993223621, 0.033688286544046465, 0.018586640851887704, 0.017812197483059053, 0.008518877057115199, 0.0034849951597289448, 0.0036786060019361085, 0.003097773475314618, 0.0003872216844143272, 0.0001936108422071636, 0.0, 0.0, 0.0], [0.0, 0.0, 0.0, 0.0, 0.00036075036075036075, 0.0007215007215007215, 0.0027056277056277055, 0.0036075036075036075, 0.007215007215007215, 0.010281385281385282, 0.026334776334776336, 0.03896103896103896, 0.05627705627705628, 0.06944444444444445, 0.11201298701298701, 0.1130952380952381, 0.14826839826839827, 0.102994227994228, 0.14393939393939395, 0.056998556998557, 0.03373015873015873, 0.03354978354978355, 0.012987012987012988, 0.009018759018759018, 0.011363636363636364, 0.0025252525252525255, 0.001984126984126984, 0.001443001443001443, 0.00018037518037518038, 0.0, 0.0], [0.0002498126405196103, 0.0, 0.0, 0.00012490632025980515, 0.0002498126405196103, 0.00037471896077941546, 0.0017486884836372721, 0.002498126405196103, 0.005495878091431427, 0.015613290032475644, 0.023857107169622783, 0.031226580064951288, 0.04096927304521609, 0.05895578316262803, 0.08618536097926555, 0.1164126904821384, 0.15188608543592305, 0.10504621533849613, 0.1527604296777417, 0.07219585311016738, 0.041094179365475894, 0.043592305770671996, 0.016612540594554085, 0.00824381713714714, 0.012490632025980514, 0.003622283287534349, 0.0027479390457157134, 0.003622283287534349, 0.0018735948038970773, 0.0002498126405196103, 0.0], [0.0, 0.0, 0.00025119316754584274, 0.0, 0.0005023863350916855, 0.0005023863350916855, 0.0005023863350916855, 0.0012559658377292139, 0.003265511178095956, 0.004019090680733484, 0.012308465209746294, 0.01808590806330068, 0.03918613413715147, 0.05275056518462698, 0.07786988193921125, 0.11152976639035418, 0.16026124089424768, 0.1175584024114544, 0.16377794523988948, 0.08138658628485305, 0.05149459934689776, 0.04848028133634765, 0.019844260236121576, 0.012308465209746294, 0.012559658377292138, 0.005777442853554383, 0.001004772670183371, 0.0015071590052750565, 0.002009545340366742, 0.0, 0.0], [0.0, 0.0, 0.0, 0.00045662100456621003, 0.0009132420091324201, 0.0013698630136986301, 0.0009132420091324201, 0.005479452054794521, 0.01004566210045662, 0.014155251141552512, 0.021461187214611873, 0.03333333333333333, 0.050684931506849315, 0.06575342465753424, 0.08584474885844749, 0.11461187214611872, 0.13424657534246576, 0.10319634703196347, 0.1223744292237443, 0.05799086757990868, 0.053881278538812784, 0.04246575342465753, 0.026484018264840183, 0.013242009132420091, 0.016894977168949773, 0.008675799086757991, 0.005936073059360731, 0.0036529680365296802, 0.005936073059360731, 0.0, 0.0], [0.00023741690408357076, 0.0, 0.0004748338081671415, 0.0004748338081671415, 0.0004748338081671415, 0.0011870845204178537, 0.0023741690408357074, 0.004273504273504274, 0.007834757834757835, 0.013770180436847104, 0.023504273504273504, 0.044396961063627734, 0.06885090218423552, 0.08214624881291548, 0.11324786324786325, 0.12939221272554605, 0.1372269705603039, 0.09734093067426401, 0.11514719848053181, 0.05246913580246913, 0.027777777777777776, 0.03584995251661918, 0.014007597340930674, 0.005935422602089269, 0.010683760683760684, 0.0035612535612535613, 0.0035612535612535613, 0.0026115859449192783, 0.0011870845204178537, 0.0, 0.0], [0.0, 0.0, 0.00017959770114942528, 0.00035919540229885057, 0.0005387931034482759, 0.00035919540229885057, 0.001257183908045977, 0.0035919540229885057, 0.004669540229885058, 0.013110632183908046, 0.02442528735632184, 0.029274425287356323, 0.055136494252873564, 0.06591235632183907, 0.10201149425287356, 0.1255387931034483, 0.1540948275862069, 0.09428879310344827, 0.16594827586206898, 0.05405890804597701, 0.029813218390804596, 0.03430316091954023, 0.014547413793103448, 0.006285919540229885, 0.010775862068965518, 0.003771551724137931, 0.0021551724137931034, 0.0021551724137931034, 0.0014367816091954023, 0.0, 0.0], [0.0, 0.0, 0.0, 0.0125, 0.0125, 0.0125, 0.0, 0.0, 0.0125, 0.075, 0.025, 0.0625, 0.05, 0.05, 0.1, 0.15, 0.1375, 0.0625, 0.025, 0.05, 0.05, 0.0375, 0.025, 0.025, 0.025, 0.0, 0.0, 0.0, 0.0, 0.0, 0.0], [0.0001256281407035176, 0.0001256281407035176, 0.0, 0.0001256281407035176, 0.0002512562814070352, 0.0002512562814070352, 0.00037688442211055275, 0.0016331658291457286, 0.003015075376884422, 0.006909547738693468, 0.012939698492462312, 0.017964824120603014, 0.0342964824120603, 0.053266331658291456, 0.0899497487437186, 0.1378140703517588, 0.1707286432160804, 0.1263819095477387, 0.13555276381909548, 0.07035175879396985, 0.04660804020100503, 0.04610552763819095, 0.017839195979899497, 0.0074120603015075375, 0.01193467336683417, 0.0038944723618090453, 0.0035175879396984926, 0.000628140703517588, 0.0, 0.0, 0.0], [0.0, 0.0, 0.0, 0.0001658374792703151, 0.0, 0.0003316749585406302, 0.0011608623548922056, 0.0008291873963515755, 0.002155887230514096, 0.003648424543946932, 0.008789386401326699, 0.012603648424543947, 0.021061359867330015, 0.03101160862354892, 0.05406301824212272, 0.08291873963515754, 0.1306799336650083, 0.124212271973466, 0.18839137645107795, 0.09867330016583747, 0.06716417910447761, 0.0824212271973466, 0.03034825870646766, 0.014759535655058043, 0.02155887230514096, 0.011276948590381426, 0.005804311774461028, 0.0041459369817578775, 0.001658374792703151, 0.0001658374792703151, 0.0], [0.00032622879512831667, 0.00010874293170943889, 0.0, 0.00021748586341887777, 0.00021748586341887777, 0.0007612005219660722, 0.0007612005219660722, 0.0023923444976076554, 0.0039147455415398, 0.007720748151370161, 0.015115267507612004, 0.020117442366246192, 0.025010874293170945, 0.041757285776424534, 0.05969986950848195, 0.09058286211396259, 0.12907785993910395, 0.1320139190952588, 0.18138321009134406, 0.09765115267507612, 0.05709003914745542, 0.0674206176598521, 0.026750761200521965, 0.012179208351457155, 0.017072640278381904, 0.005763375380600261, 0.0034797738147020443, 0.0014136581122227054, 0.0, 0.0, 0.0], [0.0, 0.0, 0.0, 0.001838235294117647, 0.001838235294117647, 0.0, 0.0, 0.0055147058823529415, 0.009191176470588236, 0.0055147058823529415, 0.016544117647058824, 0.025735294117647058, 0.04963235294117647, 0.0900735294117647, 0.0974264705882353, 0.15073529411764705, 0.17279411764705882, 0.12867647058823528, 0.15441176470588236, 0.04779411764705882, 0.01838235294117647, 0.016544117647058824, 0.003676470588235294, 0.003676470588235294, 0.0, 0.0, 0.0, 0.0, 0.0, 0.0, 0.0], [0.0, 0.0, 0.0, 0.0002736976553234194, 9.123255177447313e-05, 9.123255177447313e-05, 0.0002736976553234194, 0.0009123255177447313, 0.002189581242587355, 0.005930115865340754, 0.009123255177447314, 0.017334184837149894, 0.02992427698202719, 0.03676671836511267, 0.058023902928564915, 0.07663534349055744, 0.12097436365295137, 0.09606787701852021, 0.21959675212115684, 0.09606787701852021, 0.06295046072438647, 0.09387829577593285, 0.028373323601861143, 0.011860231730681507, 0.018702673113766992, 0.006477511175987593, 0.002828209105008667, 0.002828209105008667, 0.0018246510354894625, 0.0, 0.0], [0.000185649308456326, 9.2824654228163e-05, 9.2824654228163e-05, 9.2824654228163e-05, 0.000649772579597141, 0.000649772579597141, 0.000556947925368978, 0.001299545159194282, 0.001763668430335097, 0.006683375104427736, 0.012438503666573841, 0.02571242922120115, 0.04799034623596027, 0.06934001670843776, 0.10507750858628051, 0.15130418639190568, 0.19595284507565208, 0.12512763389956372, 0.13868003341687551, 0.05021813793743618, 0.028589993502274202, 0.02199944305207463, 0.007518796992481203, 0.003156038243757542, 0.002506265664160401, 0.001578019121878771, 0.000742597233825304, 0.0, 0.0, 0.0, 0.0], [0.0, 0.00012938284383490748, 0.0, 0.00012938284383490748, 0.00025876568766981497, 0.0009056799068443525, 0.0010350627506792599, 0.0024582740328632424, 0.003752102471212317, 0.006339759347910467, 0.01345581575883038, 0.02367706042178807, 0.03558028205459956, 0.04929486350109975, 0.0829344028981757, 0.13714581446500193, 0.16768016561004012, 0.12019666192262905, 0.14917841894164835, 0.07957044895846811, 0.04204942424634493, 0.040755595807995856, 0.021348169232759735, 0.009186181912278431, 0.008668650536938802, 0.0020701255013585197, 0.0015525941260188898, 0.0006469142191745374, 0.0, 0.0, 0.0], [0.0, 0.0, 0.0, 0.0, 0.000306044376434583, 0.0, 0.000918133129303749, 0.000918133129303749, 0.0016832440703902067, 0.003978576893649579, 0.010405508798775822, 0.01637337413925019, 0.028768171384850803, 0.05003825554705432, 0.086610558530987, 0.12012241775057383, 0.15378729915837797, 0.09977046671767406, 0.1819433817903596, 0.06916602907421576, 0.0433052792654935, 0.05508798775822494, 0.02310635042081102, 0.013771996939556235, 0.019892884468247895, 0.006579954093343535, 0.00612088752869166, 0.003672532517214996, 0.003672532517214996, 0.0, 0.0], [0.00040567951318458417, 0.00040567951318458417, 0.00040567951318458417, 0.0012170385395537525, 0.002434077079107505, 0.0032454361054766734, 0.004462474645030426, 0.008924949290060852, 0.015010141987829614, 0.03123732251521298, 0.040973630831643, 0.05760649087221095, 0.0665314401622718, 0.09087221095334685, 0.1204868154158215, 0.11237322515212982, 0.12008113590263692, 0.08073022312373225, 0.12332657200811359, 0.03772819472616633, 0.025557809330628803, 0.02920892494929006, 0.007302231237322515, 0.005273833671399594, 0.007707910750507099, 0.004056795131845842, 0.002434077079107505, 0.0, 0.0, 0.0, 0.0], [0.0, 0.0, 0.0, 0.002130681818181818, 0.0014204545454545455, 0.002840909090909091, 0.004261363636363636, 0.011363636363636364, 0.012073863636363636, 0.013494318181818182, 0.02556818181818182, 0.037642045454545456, 0.05539772727272727, 0.05894886363636364, 0.0859375, 0.11647727272727272, 0.13849431818181818, 0.11008522727272728, 0.16335227272727273, 0.05752840909090909, 0.03125, 0.026988636363636364, 0.019176136363636364, 0.0078125, 0.009232954545454546, 0.0035511363636363635, 0.002840909090909091, 0.002130681818181818, 0.0, 0.0, 0.0], [0.0003075030750307503, 0.0, 0.0, 0.0, 0.0006150061500615006, 0.0009225092250922509, 0.0032287822878228783, 0.005535055350553505, 0.008456334563345633, 0.016297662976629768, 0.03151906519065191, 0.047355473554735544, 0.06319188191881919, 0.09255842558425584, 0.13699261992619927, 0.14022140221402213, 0.13668511685116852, 0.08963714637146371, 0.1070110701107011, 0.03874538745387454, 0.024292742927429275, 0.02567650676506765, 0.011223862238622387, 0.004920049200492005, 0.008456334563345633, 0.0032287822878228783, 0.001076260762607626, 0.0009225092250922509, 0.0007687576875768758, 0.00015375153751537516, 0.0], [0.0, 0.0, 0.0, 0.0004898359049718344, 0.0007347538574577516, 0.0002449179524859172, 0.002204261572373255, 0.002204261572373255, 0.004653441097232427, 0.010041636051922606, 0.017389174626500123, 0.023267205486162134, 0.038941954445260836, 0.05461670340435954, 0.07739407298554984, 0.11315209404849376, 0.12760225324516286, 0.10825373499877541, 0.15307372030369826, 0.06882194464854274, 0.048493754592211606, 0.05437178545187362, 0.02620622091599314, 0.01224589762429586, 0.026940974773450893, 0.012490815576781777, 0.007592456527063434, 0.0039186872397746755, 0.004653441097232427, 0.0, 0.0], [0.0, 0.0, 0.0, 0.0, 0.00021677866897897247, 0.0, 0.0010838933448948623, 0.0010838933448948623, 0.0030349013657056147, 0.011272490786906569, 0.016258400173422935, 0.027314112291350532, 0.04790808584435292, 0.06893561673531325, 0.10123563841318015, 0.12421417732495123, 0.1504443962714069, 0.10340342510296986, 0.15391285497507046, 0.06351615001083893, 0.042488619119878605, 0.04162150444396272, 0.015391285497507045, 0.007804032083243009, 0.006720138738348146, 0.0021677866897897246, 0.007587253414264037, 0.0021677866897897246, 0.00021677866897897247, 0.0, 0.0], [0.00027277686852154935, 0.00013638843426077467, 0.00013638843426077467, 0.00013638843426077467, 0.0005455537370430987, 0.001363884342607747, 0.0012274959083469722, 0.0032733224222585926, 0.005455537370430988, 0.009274413529732678, 0.023322422258592473, 0.03546099290780142, 0.059601745771958536, 0.08033278777959629, 0.11865793780687398, 0.14743589743589744, 0.15834697217675942, 0.11061102018548827, 0.11115657392253137, 0.055373704309874525, 0.030141843971631204, 0.022504091653027823, 0.012411347517730497, 0.004637206764866339, 0.004909983633387889, 0.0015002727768685215, 0.0016366612111292963, 0.00013638843426077467, 0.0, 0.0, 0.0], [0.0, 0.0, 0.0, 0.0002328830926874709, 0.0006986492780624127, 0.0009315323707498836, 0.0013972985561248254, 0.0034932463903120633, 0.004890544946436889, 0.008616674429436423, 0.018630647414997672, 0.02631578947368421, 0.044946436888681884, 0.06450861667442943, 0.10130414531904984, 0.132044713553796, 0.1592920353982301, 0.11551001397298556, 0.13251047973917093, 0.0624126688402422, 0.03959012575687005, 0.036329762459245456, 0.01793199813693526, 0.005822077317186773, 0.012342803912435958, 0.004191895668374476, 0.0032603632976245926, 0.0025617140195621797, 0.0002328830926874709, 0.0, 0.0], [0.0, 0.0, 0.0, 0.00026925148088314486, 0.0, 0.0010770059235325794, 0.001884760366182014, 0.0026925148088314485, 0.0059235325794291865, 0.0059235325794291865, 0.012116316639741519, 0.021809369951534735, 0.033117932148626815, 0.04658050619278406, 0.08589122240172321, 0.10850834679590737, 0.14081852450188476, 0.1074313408723748, 0.17205169628432956, 0.07512116316639741, 0.048465266558966075, 0.06085083467959074, 0.023424878836833602, 0.013193322563274098, 0.018578352180936994, 0.009693053311793215, 0.0029617662897145933, 0.0010770059235325794, 0.0005385029617662897, 0.0, 0.0], [0.0, 0.0, 0.000299311583358276, 0.0, 0.000149655791679138, 0.0004489673750374139, 0.000598623166716552, 0.0020951810835079317, 0.0019455252918287938, 0.005686920083807243, 0.012870398084405866, 0.02738700987728225, 0.045495360670457945, 0.07587548638132295, 0.11254115534271177, 0.12077222388506435, 0.1445674947620473, 0.10161628255013469, 0.14666267584555523, 0.055222987129601914, 0.03786291529482191, 0.04025740796168812, 0.024094582460341216, 0.009727626459143969, 0.019006285543250522, 0.0050882969170906915, 0.004489673750374139, 0.0031427716252618977, 0.0020951810835079317, 0.0, 0.0], [0.0, 0.0, 9.479571523367143e-05, 0.0, 9.479571523367143e-05, 0.00018959143046734286, 0.00028438714570101434, 0.0013271400132714001, 0.0020855057351407717, 0.005782538629253957, 0.011470281543274244, 0.021708218788510758, 0.03753910323253389, 0.05308560053085601, 0.07924921793534932, 0.09735519954498056, 0.12693146269788605, 0.10370651246563656, 0.2067494549246374, 0.08427339084273391, 0.0497677504976775, 0.06294435491515783, 0.01962271305336999, 0.009384775808133473, 0.015072518722153759, 0.006351312920655986, 0.0018011185894397574, 0.0018959143046734287, 0.0010427528675703858, 0.00018959143046734286, 0.0], [0.0, 0.0, 0.0, 0.0, 0.0, 0.00012132977432661975, 0.0007279786459597186, 0.0006066488716330988, 0.002305265712205775, 0.005338510070371269, 0.008129094879883524, 0.019412763892259162, 0.03397233681145353, 0.05787430235379762, 0.09172530939092453, 0.13261344333899538, 0.17823343848580442, 0.12448434845911187, 0.18599854404270807, 0.06345547197282213, 0.031667071099247754, 0.04064547439941762, 0.01007037126910944, 0.0036398932297985924, 0.004246542101431691, 0.001455957291919437, 0.002062606163552536, 0.0012132977432661976, 0.0, 0.0, 0.0], [0.0, 0.004219409282700422, 0.0, 0.004219409282700422, 0.004219409282700422, 0.02109704641350211, 0.02531645569620253, 0.02109704641350211, 0.0759493670886076, 0.046413502109704644, 0.04219409282700422, 0.06751054852320675, 0.06751054852320675, 0.11814345991561181, 0.10548523206751055, 0.10970464135021098, 0.0970464135021097, 0.06751054852320675, 0.046413502109704644, 0.008438818565400843, 0.029535864978902954, 0.012658227848101266, 0.012658227848101266, 0.012658227848101266, 0.0, 0.0, 0.0, 0.0, 0.0, 0.0, 0.0]]}, "ranks": {"labels": ["Unranked", "Combatatent I", "Combatatent II", "Challenger I", "Challenger II", "Rival I", "Rival II", "Duelist", "Elite"], "data": [[0.12589928057553956, 0.15467625899280577, 0.1906474820143885, 0.20863309352517986, 0.16546762589928057, 0.08273381294964029, 0.03597122302158273, 0.03597122302158273, 0.0], [0.051677243880326386, 0.08340888485947416, 0.1455122393472348, 0.23345421577515865, 0.24388032638259294, 0.15775158658204896, 0.04170444242973708, 0.03127833182230281, 0.011332728921124207], [0.010732684602175158, 0.02189467658843732, 0.05538065254722381, 0.1247853463079565, 0.2371207784773898, 0.29636519748139667, 0.09416141957641672, 0.11433886662850601, 0.045220377790498], [0.022488164124145185, 0.039978958442924775, 0.0950815360336665, 0.1943713834823777, 0.27183061546554443, 0.2177801157285639, 0.07824829037348764, 0.06693845344555498, 0.013282482903734877], [0.1485148514851485, 0.1188118811881188, 0.19801980198019803, 0.13861386138613863, 0.10891089108910891, 0.1782178217821782, 0.039603960396039604, 0.06930693069306931, 0.0], [0.010983123493169033, 0.0332172515403161, 0.0967050629520493, 0.21457272970800964, 0.2637289043664613, 0.19113313688722208, 0.07125636217519421, 0.08451647468523975, 0.0338869541923386], [0.06705370101596517, 0.0888243831640058, 0.16110304789550073, 0.24412191582002904, 0.2130624092888244, 0.11320754716981132, 0.04267053701015965, 0.04034833091436865, 0.029608127721335267], [0.2737226277372263, 0.1897810218978102, 0.21532846715328466, 0.13138686131386862, 0.08394160583941605, 0.043795620437956206, 0.040145985401459854, 0.021897810218978103, 0.0], [0.044872496443033816, 0.09324723651088979, 0.15004925030097407, 0.23213308525774323, 0.20520958739192294, 0.12443909379446208, 0.05811535514939258, 0.061945934114041805, 0.029987961037539673], [0.007647323436797121, 0.017094017094017096, 0.0346378767431399, 0.11246063877642826, 0.18128654970760233, 0.22717049032838507, 0.1277552856500225, 0.1866846603688709, 0.10526315789473684], [0.042582417582417584, 0.07074175824175824, 0.13942307692307693, 0.2125686813186813, 0.24141483516483517, 0.16964285714285715, 0.05631868131868132, 0.04945054945054945, 0.017857142857142856], [0.058470474346563404, 0.12216844143272024, 0.19535333978702807, 0.2712487899322362, 0.1920619554695063, 0.08809293320425944, 0.03543078412391094, 0.029816069699903195, 0.007357212003872217], [0.024891774891774892, 0.0652958152958153, 0.12572150072150073, 0.22510822510822512, 0.25126262626262624, 0.17442279942279942, 0.06024531024531025, 0.05555555555555555, 0.017496392496392496], [0.026355233574818886, 0.05508368723457407, 0.09992505620784412, 0.20259805146140394, 0.2569323007744192, 0.19023232575568325, 0.07581813639770173, 0.06844866350237322, 0.024606545091181615], [0.010298919869379553, 0.030394373273046973, 0.09193669932177845, 0.18939964832956543, 0.2778196433057021, 0.21075106757096207, 0.08590806330067823, 0.08063300678221552, 0.02285857824667169], [0.03333333333333333, 0.0547945205479452, 0.11643835616438356, 0.2004566210045662, 0.2374429223744292, 0.15296803652968036, 0.08127853881278539, 0.0821917808219178, 0.0410958904109589], [0.03110161443494777, 0.06790123456790123, 0.150997150997151, 0.2426400759734093, 0.2345679012345679, 0.14387464387464388, 0.05151946818613485, 0.05579297245963913, 0.021604938271604937], [0.024066091954022987, 0.05369971264367816, 0.12104885057471264, 0.22755028735632185, 0.24838362068965517, 0.19719827586206898, 0.05262212643678161, 0.055136494252873564, 0.02029454022988506], [0.125, 0.0875, 0.1, 0.25, 0.2, 0.0375, 0.0875, 0.0875, 0.025], [0.012814070351758794, 0.030904522613065328, 0.08756281407035175, 0.22776381909547738, 0.2971105527638191, 0.1748743718592965, 0.07763819095477387, 0.07135678391959799, 0.019974874371859297], [0.008291873963515755, 0.021393034825870648, 0.05207296849087894, 0.13698175787728026, 0.2548922056384743, 0.23980099502487562, 0.11442786069651742, 0.1275290215588723, 0.04461028192371476], [0.01642018268812527, 0.0352327098738582, 0.06676816006959548, 0.15028273162244454, 0.26109177903436276, 0.23444976076555024, 0.10167464114832536, 0.10635058721183123, 0.027729447585906918], [0.02389705882352941, 0.042279411764705885, 0.13970588235294118, 0.24816176470588236, 0.3014705882352941, 0.18933823529411764, 0.03125, 0.02389705882352941, 0.0], [0.009761883039868625, 0.026457440014597208, 0.06669099534713986, 0.13465924641912233, 0.21704224067147157, 0.2692272602864702, 0.10938782957759328, 0.1341118511084755, 0.03266125353526138], [0.01206720504966119, 0.03815093288777499, 0.11733036294439803, 0.2563816949781862, 0.3210804789752158, 0.16494941056344564, 0.052538754293140255, 0.032674278288313374, 0.004826882019864476], [0.015008409884849269, 0.03713287618061845, 0.08487514555569932, 0.22008021736317765, 0.2878768275326692, 0.19303920300168198, 0.0777590891447794, 0.07128994695303403, 0.012938284383490749], [0.007804131599081867, 0.026778882938026015, 0.07880642693190512, 0.20673297628156082, 0.25355776587605205, 0.21866870696250956, 0.0757459831675593, 0.0919663351185922, 0.03993879112471308], [0.06774847870182556, 0.09858012170385395, 0.15740365111561866, 0.23286004056795132, 0.20081135902636918, 0.1411764705882353, 0.04543610547667343, 0.04178498985801217, 0.014198782961460446], [0.04758522727272727, 0.06321022727272728, 0.11434659090909091, 0.20241477272727273, 0.24857954545454544, 0.19318181818181818, 0.05894886363636364, 0.05397727272727273, 0.01775568181818182], [0.035362853628536285, 0.07887453874538745, 0.15575030750307503, 0.2772140221402214, 0.22632226322263221, 0.12761377613776137, 0.042435424354243544, 0.041820418204182044, 0.01460639606396064], [0.020573108008817047, 0.04065638011266226, 0.09355865784962038, 0.1905461670340436, 0.23585598824393827, 0.18981141317658584, 0.08057800636786676, 0.09282390399216263, 0.05559637521430321], [0.01669195751138088, 0.043572512464773464, 0.11684370257966616, 0.22544981573813136, 0.2538478213743768, 0.188814220680685, 0.07110340342510298, 0.06481682202471277, 0.018859744201170606], [0.02182214948172395, 0.05878341516639389, 0.13993453355155483, 0.2660938352427714, 0.26895799236224766, 0.14361702127659576, 0.053055100927441354, 0.03955264593562466, 0.008183306055646482], [0.02026082906380997, 0.044946436888681884, 0.10945505356311132, 0.23334885887284584, 0.27480204937121566, 0.1688402421984164, 0.0656730321378668, 0.06008383791336749, 0.022589659990684675], [0.017770597738287562, 0.033925686591276254, 0.07969843834141088, 0.1943995691976306, 0.24824986537425955, 0.21405492730210016, 0.0815831987075929, 0.09746903607969844, 0.03284868066774367], [0.011224184375935349, 0.04025740796168812, 0.1213708470517809, 0.23331337922777612, 0.246183777312182, 0.17719245734809938, 0.06255612092187968, 0.0740796168811733, 0.03382220891948518], [0.009858754384301829, 0.033178500331785, 0.0906247037633899, 0.1766044174803299, 0.2306379751635226, 0.25035548393212625, 0.09043511233292255, 0.0919518437766613, 0.02635320883496066], [0.00909973307449648, 0.027541858772142686, 0.09184663916525115, 0.22433875272991993, 0.3027177869449163, 0.22021354040281485, 0.06090754671196311, 0.05435573889832565, 0.008978403300169862], [0.20253164556962025, 0.10970464135021098, 0.18565400843881857, 0.21518987341772153, 0.16455696202531644, 0.05485232067510549, 0.029535864978902954, 0.0379746835443038, 0.0]]}, "ranksDetailed": {"labels": ["Unranked", "Combatatant", "Challenger", "Rival", "Duelist", "Elite"], "data": [[0.12589928057553956, 0.34532374100719426, 0.37410071942446044, 0.11870503597122302, 0.03597122302158273, 0.0], [0.051677243880326386, 0.228921124206709, 0.47733454215775156, 0.19945602901178605, 0.03127833182230281, 0.011332728921124207], [0.010732684602175158, 0.07727532913566114, 0.3619061247853463, 0.3905266170578134, 0.11433886662850601, 0.045220377790498], [0.022488164124145185, 0.13506049447659127, 0.46620199894792214, 0.29602840610205156, 0.06693845344555498, 0.013282482903734877], [0.1485148514851485, 0.31683168316831684, 0.24752475247524752, 0.21782178217821782, 0.06930693069306931, 0.0], [0.010983123493169033, 0.12992231449236538, 0.47830163407447096, 0.26238949906241626, 0.08451647468523975, 0.0338869541923386], [0.06705370101596517, 0.24992743105950654, 0.45718432510885343, 0.15587808417997098, 0.04034833091436865, 0.029608127721335267], [0.2737226277372263, 0.4051094890510949, 0.21532846715328466, 0.08394160583941605, 0.021897810218978103, 0.0], [0.044872496443033816, 0.24329648681186386, 0.4373426726496662, 0.18255444894385467, 0.061945934114041805, 0.029987961037539673], [0.007647323436797121, 0.051731893837157, 0.2937471884840306, 0.3549257759784076, 0.1866846603688709, 0.10526315789473684], [0.042582417582417584, 0.21016483516483517, 0.4539835164835165, 0.22596153846153846, 0.04945054945054945, 0.017857142857142856], [0.058470474346563404, 0.31752178121974833, 0.4633107454017425, 0.12352371732817037, 0.029816069699903195, 0.007357212003872217], [0.024891774891774892, 0.19101731601731603, 0.4763708513708514, 0.23466810966810966, 0.05555555555555555, 0.017496392496392496], [0.026355233574818886, 0.1550087434424182, 0.4595303522358231, 0.26605046215338496, 0.06844866350237322, 0.024606545091181615], [0.010298919869379553, 0.12233107259482542, 0.46721929163526754, 0.2966591308716403, 0.08063300678221552, 0.02285857824667169], [0.03333333333333333, 0.17123287671232876, 0.43789954337899545, 0.23424657534246576, 0.0821917808219178, 0.0410958904109589], [0.03110161443494777, 0.21889838556505223, 0.4772079772079772, 0.19539411206077872, 0.05579297245963913, 0.021604938271604937], [0.024066091954022987, 0.1747485632183908, 0.475933908045977, 0.24982040229885058, 0.055136494252873564, 0.02029454022988506], [0.125, 0.1875, 0.45, 0.125, 0.0875, 0.025], [0.012814070351758794, 0.11846733668341708, 0.5248743718592965, 0.25251256281407036, 0.07135678391959799, 0.019974874371859297], [0.008291873963515755, 0.07346600331674959, 0.39187396351575454, 0.354228855721393, 0.1275290215588723, 0.04461028192371476], [0.01642018268812527, 0.10200086994345367, 0.4113745106568073, 0.3361244019138756, 0.10635058721183123, 0.027729447585906918], [0.02389705882352941, 0.18198529411764705, 0.5496323529411765, 0.22058823529411764, 0.02389705882352941, 0.0], [0.009761883039868625, 0.09314843536173707, 0.3517014870905939, 0.3786150898640635, 0.1341118511084755, 0.03266125353526138], [0.01206720504966119, 0.15548129583217302, 0.577462173953402, 0.2174881648565859, 0.032674278288313374, 0.004826882019864476], [0.015008409884849269, 0.12200802173631776, 0.5079570448958468, 0.2707982921464614, 0.07128994695303403, 0.012938284383490749], [0.007804131599081867, 0.10558530986993114, 0.46029074215761284, 0.2944146901300689, 0.0919663351185922, 0.03993879112471308], [0.06774847870182556, 0.2559837728194726, 0.4336713995943205, 0.18661257606490872, 0.04178498985801217, 0.014198782961460446], [0.04758522727272727, 0.17755681818181818, 0.4509943181818182, 0.2521306818181818, 0.05397727272727273, 0.01775568181818182], [0.035362853628536285, 0.23462484624846247, 0.5035362853628537, 0.17004920049200492, 0.041820418204182044, 0.01460639606396064], [0.020573108008817047, 0.13421503796228262, 0.42640215527798186, 0.2703894195444526, 0.09282390399216263, 0.05559637521430321], [0.01669195751138088, 0.16041621504443962, 0.4792976371125081, 0.259917624105788, 0.06481682202471277, 0.018859744201170606], [0.02182214948172395, 0.1987179487179487, 0.5350518276050191, 0.1966721222040371, 0.03955264593562466, 0.008183306055646482], [0.02026082906380997, 0.1544014904517932, 0.5081509082440615, 0.2345132743362832, 0.06008383791336749, 0.022589659990684675], [0.017770597738287562, 0.11362412493268713, 0.44264943457189015, 0.2956381260096931, 0.09746903607969844, 0.03284868066774367], [0.011224184375935349, 0.16162825501346903, 0.4794971565399581, 0.23974857826997906, 0.0740796168811733, 0.03382220891948518], [0.009858754384301829, 0.1238032040951749, 0.4072423926438525, 0.3407905962650488, 0.0919518437766613, 0.02635320883496066], [0.00909973307449648, 0.11938849793739384, 0.5270565396748362, 0.28112108711477796, 0.05435573889832565, 0.008978403300169862], [0.20253164556962025, 0.29535864978902954, 0.379746835443038, 0.08438818565400844, 0.0379746835443038, 0.0]]}}}, "eu": {"histType": {"histogram": {"labels": ["0", "100", "200", "300", "400", "500", "600", "700", "800", "900", "1000", "1100", "1200", "1300", "1400", "1500", "1600", "1700", "1800", "1900", "2000", "2100", "2200", "2300", "2400", "2500", "2600", "2700", "2800", "2900", "3000"], "data": [[0.0, 0.0, 0.0, 0.0, 0.0, 0.009302325581395349, 0.013953488372093023, 0.018604651162790697, 0.05116279069767442, 0.05116279069767442, 0.07441860465116279, 0.06976744186046512, 0.05116279069767442, 0.09767441860465116, 0.14883720930232558, 0.11162790697674418, 0.08372093023255814, 0.09767441860465116, 0.04186046511627907, 0.03255813953488372, 0.009302325581395349, 0.013953488372093023, 0.004651162790697674, 0.013953488372093023, 0.004651162790697674, 0.0, 0.0, 0.0, 0.0, 0.0, 0.0], [0.0, 0.0, 0.0004854368932038835, 0.000970873786407767, 0.000970873786407767, 0.0033980582524271844, 0.0048543689320388345, 0.008737864077669903, 0.019417475728155338, 0.02621359223300971, 0.03640776699029126, 0.05242718446601942, 0.06359223300970873, 0.08203883495145631, 0.12233009708737864, 0.11990291262135923, 0.14902912621359224, 0.08398058252427185, 0.13106796116504854, 0.03495145631067961, 0.018446601941747572, 0.02087378640776699, 0.005825242718446602, 0.0033980582524271844, 0.006310679611650485, 0.0024271844660194173, 0.0014563106796116505, 0.0004854368932038835, 0.0, 0.0, 0.0], [0.0, 0.0, 0.0, 0.00015176809834572774, 0.00015176809834572774, 0.00015176809834572774, 0.00030353619669145547, 0.0015176809834572772, 0.002883593868568827, 0.004249506753680376, 0.01001669449081803, 0.015025041736227046, 0.023675823341933525, 0.030353619669145546, 0.05129761724085597, 0.07421460009106086, 0.13856427378964942, 0.10471998785855213, 0.23448171194414935, 0.08605251176202762, 0.0623766884200941, 0.07679465776293823, 0.028532402488996814, 0.014569737441189862, 0.02064046137501897, 0.008954317802397936, 0.00333889816360601, 0.004401274852026104, 0.0024282895735316438, 0.00015176809834572774, 0.0], [0.0, 0.0, 0.0, 0.0001258970162407151, 0.0001258970162407151, 0.0002517940324814302, 0.0008812791136850056, 0.002643837341055017, 0.004406395568425028, 0.00868689412060934, 0.01775147928994083, 0.02719375550799446, 0.036258340677325945, 0.04771496915523102, 0.08132947249150195, 0.10789374291829283, 0.16542867934029964, 0.11897268034747577, 0.17915145411053757, 0.07793025305300265, 0.04620420496034244, 0.04444164673297243, 0.012715598640312225, 0.006294850812035755, 0.007805615006924336, 0.0030215283897771623, 0.0006294850812035755, 0.0010071761299257208, 0.0008812791136850056, 0.0002517940324814302, 0.0], [0.0, 0.0, 0.0, 0.0, 0.010101010101010102, 0.020202020202020204, 0.020202020202020204, 0.050505050505050504, 0.050505050505050504, 0.030303030303030304, 0.08080808080808081, 0.1111111111111111, 0.030303030303030304, 0.020202020202020204, 0.10101010101010101, 0.10101010101010101, 0.06060606060606061, 0.09090909090909091, 0.050505050505050504, 0.06060606060606061, 0.050505050505050504, 0.020202020202020204, 0.010101010101010102, 0.010101010101010102, 0.010101010101010102, 0.010101010101010102, 0.0, 0.0, 0.0, 0.0, 0.0], [0.0, 0.00013557483731019523, 0.00013557483731019523, 0.00027114967462039046, 0.00040672451193058567, 0.00013557483731019523, 0.00040672451193058567, 0.0020336225596529283, 0.002982646420824295, 0.006507592190889371, 0.01193058568329718, 0.020200650759219087, 0.03348698481561822, 0.05707700650759219, 0.08975054229934924, 0.11320498915401302, 0.15143709327548807, 0.10656182212581344, 0.15686008676789587, 0.07646420824295011, 0.04311279826464208, 0.05856832971800434, 0.0227765726681128, 0.011117136659436009, 0.01816702819956616, 0.008134490238611713, 0.0032537960954446853, 0.0028470715835141, 0.0014913232104121475, 0.0005422993492407809, 0.0], [0.00026680896478121667, 0.00026680896478121667, 0.00026680896478121667, 0.0013340448239060833, 0.002934898612593383, 0.00240128068303095, 0.004535752401280683, 0.010939167556029883, 0.02054429028815368, 0.02774813233724653, 0.04108858057630736, 0.057097118463180364, 0.07497331910352188, 0.08511205976520811, 0.09471718249733191, 0.12353255069370331, 0.12593383137673425, 0.0768409818569904, 0.08938100320170758, 0.044823906083244394, 0.029882604055496264, 0.028548559231590182, 0.013073639274279616, 0.007470651013874066, 0.01200640341515475, 0.0064034151547491995, 0.0080042689434365, 0.004535752401280683, 0.0048025613660619, 0.0005336179295624333, 0.0], [0.0, 0.0, 0.0, 0.0, 0.009950248756218905, 0.024875621890547265, 0.004975124378109453, 0.05472636815920398, 0.029850746268656716, 0.05970149253731343, 0.07960199004975124, 0.08955223880597014, 0.1044776119402985, 0.06467661691542288, 0.1044776119402985, 0.14427860696517414, 0.07462686567164178, 0.04975124378109453, 0.04477611940298507, 0.01990049751243781, 0.024875621890547265, 0.014925373134328358, 0.0, 0.0, 0.0, 0.0, 0.0, 0.0, 0.0, 0.0, 0.0], [0.0004363001745200698, 0.00010907504363001745, 0.0004363001745200698, 0.0005453752181500873, 0.0007635253054101221, 0.0015270506108202443, 0.0022905759162303663, 0.006762652705061082, 0.013198080279232112, 0.022142233856893543, 0.03828534031413613, 0.053228621291448515, 0.07471640488656195, 0.08333