{"region": {"us": {"histType": {"histogram": {"labels": ["0", "100", "200", "300", "400", "500", "600", "700", "800", "900", "1000", "1100", "1200", "1300", "1400", "1500", "1600", "1700", "1800", "1900", "2000", "2100", "2200", "2300", "2400", "2500", "2600", "2700", "2800", "2900", "3000", "3100"], "data": [[0.0, 0.0, 0.0, 0.007751937984496124, 0.0, 0.007751937984496124, 0.031007751937984496, 0.023255813953488372, 0.07751937984496124, 0.046511627906976744, 0.05426356589147287, 0.12403100775193798, 0.09302325581395349, 0.17054263565891473, 0.09302325581395349, 0.08527131782945736, 0.03875968992248062, 0.05426356589147287, 0.031007751937984496, 0.05426356589147287, 0.007751937984496124, 0.0, 0.0, 0.0, 0.0, 0.0, 0.0, 0.0, 0.0, 0.0, 0.0, 0.0], [0.0, 0.0016488046166529267, 0.0, 0.0008244023083264633, 0.0016488046166529267, 0.0008244023083264633, 0.0032976092333058533, 0.01236603462489695, 0.018136850783182192, 0.03709810387469085, 0.05276174773289365, 0.07089859851607584, 0.10057708161582853, 0.10057708161582853, 0.1615828524319868, 0.1236603462489695, 0.1145919208573784, 0.06595218466611706, 0.0741962077493817, 0.023083264633140973, 0.010717230008244023, 0.014014839241549877, 0.00741962077493817, 0.0008244023083264633, 0.0032976092333058533, 0.0, 0.0, 0.0, 0.0, 0.0, 0.0, 0.0], [0.0, 0.0, 0.0002651113467656416, 0.0002651113467656416, 0.0005302226935312832, 0.0007953340402969247, 0.0007953340402969247, 0.0023860021208907743, 0.007953340402969246, 0.01007423117709438, 0.015641569459172854, 0.02545068928950159, 0.045334040296924706, 0.06256627783669141, 0.08271474019088017, 0.09862142099681867, 0.14475079533404028, 0.09676564156945917, 0.17762460233297986, 0.0630965005302227, 0.04215270413573701, 0.06097560975609756, 0.022799575821845174, 0.010604453870625663, 0.018822905620360552, 0.005832449628844115, 0.003181336161187699, 0.0, 0.0, 0.0, 0.0, 0.0], [0.0, 0.00021630975556997622, 0.0, 0.0, 0.00021630975556997622, 0.0008652390222799049, 0.0028120268224096907, 0.004109885355829548, 0.011031797534068787, 0.02574086091282717, 0.03201384382435648, 0.03807051698031581, 0.06878650227125244, 0.09258057538394981, 0.12264763140817651, 0.13021847285312568, 0.15747350205494268, 0.09085009733939, 0.11507678996322734, 0.04282933160285529, 0.023577763357127406, 0.022928834090417478, 0.008219770711659096, 0.004542504866969501, 0.0034609560891196195, 0.001081548777849881, 0.0006489292667099286, 0.0, 0.0, 0.0, 0.0, 0.0], [0.0, 0.0, 0.0, 0.0, 0.0, 0.0, 0.0, 0.08888888888888889, 0.06666666666666667, 0.08888888888888889, 0.044444444444444446, 0.08888888888888889, 0.13333333333333333, 0.1111111111111111, 0.0, 0.0, 0.06666666666666667, 0.044444444444444446, 0.06666666666666667, 0.1111111111111111, 0.022222222222222223, 0.022222222222222223, 0.022222222222222223, 0.022222222222222223, 0.0, 0.0, 0.0, 0.0, 0.0, 0.0, 0.0, 0.0], [0.0, 0.0, 0.0, 0.0, 0.0, 0.0, 0.000366905155017428, 0.003302146395156852, 0.003302146395156852, 0.011190607228031554, 0.01926252063841497, 0.028802054668868097, 0.05870482480278848, 0.091726288754357, 0.11575857640799853, 0.12272977435332967, 0.1491469455145845, 0.0983305815446707, 0.11979453311319024, 0.05576958356264906, 0.03265455879655109, 0.0445789763346175, 0.016694184553292975, 0.006971197945331132, 0.011740964960557695, 0.006053935057787562, 0.00275178866263071, 0.000366905155017428, 0.0, 0.0, 0.0, 0.0], [0.0, 0.0, 0.0, 0.0015641293013555788, 0.0015641293013555788, 0.0015641293013555788, 0.0036496350364963502, 0.01251303441084463, 0.022940563086548488, 0.0370177267987487, 0.058394160583941604, 0.0662148070907195, 0.102711157455683, 0.12930135557872785, 0.13451511991657977, 0.09906152241918666, 0.11209593326381648, 0.058915537017726796, 0.05943691345151199, 0.027111574556830033, 0.01824817518248175, 0.01564129301355579, 0.01251303441084463, 0.006777893639207508, 0.01251303441084463, 0.004171011470281543, 0.0015641293013555788, 0.0, 0.0, 0.0, 0.0, 0.0], [0.0, 0.0, 0.008403361344537815, 0.01680672268907563, 0.01680672268907563, 0.008403361344537815, 0.03361344537815126, 0.08403361344537816, 0.08403361344537816, 0.1092436974789916, 0.12605042016806722, 0.13445378151260504, 0.10084033613445378, 0.10084033613445378, 0.04201680672268908, 0.03361344537815126, 0.025210084033613446, 0.04201680672268908, 0.01680672268907563, 0.01680672268907563, 0.0, 0.0, 0.0, 0.0, 0.0, 0.0, 0.0, 0.0, 0.0, 0.0, 0.0, 0.0], [0.0005730659025787965, 0.00038204393505253105, 0.0009551098376313276, 0.0007640878701050621, 0.0017191977077363897, 0.0034383954154727794, 0.004202483285577842, 0.0110792741165234, 0.0221585482330468, 0.05176695319961796, 0.07277936962750717, 0.0991404011461318, 0.11442215854823305, 0.12951289398280802, 0.13276026743075453, 0.09512893982808023, 0.08156638013371538, 0.0492836676217765, 0.0492836676217765, 0.027125119388729704, 0.017956064947468958, 0.016045845272206302, 0.010506208213944603, 0.0028653295128939827, 0.0038204393505253103, 0.0005730659025787965, 0.00019102196752626553, 0.0, 0.0, 0.0, 0.0, 0.0], [0.0, 0.0, 0.0004916420845624386, 0.0, 0.0014749262536873156, 0.0014749262536873156, 0.004916420845624385, 0.004916420845624385, 0.01671583087512291, 0.024090462143559487, 0.032940019665683384, 0.048672566371681415, 0.0791543756145526, 0.10521140609636184, 0.12291052114060963, 0.13126843657817108, 0.15781710914454278, 0.08161258603736479, 0.09931170108161258, 0.0344149459193707, 0.014257620452310717, 0.02064896755162242, 0.009341199606686333, 0.004916420845624385, 0.0029498525073746312, 0.0004916420845624386, 0.0, 0.0, 0.0, 0.0, 0.0, 0.0], [0.0, 0.0, 0.0008443568815085843, 0.001125809175344779, 0.002251618350689558, 0.0025330706445257528, 0.006754855052068675, 0.010413734871939206, 0.01998311286236983, 0.03996622572473966, 0.07796228539262595, 0.08133971291866028, 0.11004784688995216, 0.11680270194202083, 0.14354066985645933, 0.11567689276667605, 0.09090909090909091, 0.05572755417956656, 0.052350126653532225, 0.027582324795947088, 0.014916971573318323, 0.016042780748663103, 0.006191950464396285, 0.0025330706445257528, 0.0030959752321981426, 0.0014072614691809737, 0.0, 0.0, 0.0, 0.0, 0.0, 0.0], [0.0, 0.0, 0.0, 0.0, 0.0002681684097613301, 0.0008045052292839903, 0.0029498525073746312, 0.006972378653794583, 0.010726736390453205, 0.017699115044247787, 0.0356663984982569, 0.053901850362027354, 0.06972378653794584, 0.0925181013676589, 0.1378385626173237, 0.11799410029498525, 0.15634218289085547, 0.09037275408956826, 0.1024403325288281, 0.04076159828372218, 0.02252614641995173, 0.02011263073209976, 0.008849557522123894, 0.006167873424510592, 0.004558862965942612, 0.0008045052292839903, 0.0, 0.0, 0.0, 0.0, 0.0, 0.0], [0.0002443195699975568, 0.0, 0.0, 0.0004886391399951136, 0.0004886391399951136, 0.001221597849987784, 0.0026875152699731247, 0.006840947959931591, 0.014170535059858295, 0.034204739799657956, 0.055949181529440506, 0.06474468604935256, 0.08624480820913755, 0.11751771316882482, 0.14072807231859272, 0.12338138284876618, 0.13535304177864646, 0.07305155142926949, 0.06987539701930125, 0.028585389689714146, 0.016369411189836307, 0.013193256779868068, 0.005863669679941363, 0.0026875152699731247, 0.004153432689958466, 0.0019545565599804545, 0.0, 0.0, 0.0, 0.0, 0.0, 0.0], [0.0, 0.0, 0.0, 0.0004014452027298274, 0.0, 0.0008028904054596548, 0.0, 0.0008028904054596548, 0.004817342432757929, 0.0076274588518667205, 0.017262143717382578, 0.02609393817743878, 0.05459654757125652, 0.07547169811320754, 0.10959454034524288, 0.1272581292653553, 0.1718185467683661, 0.11481332798073063, 0.1276595744680851, 0.06061822561220393, 0.037334403853873946, 0.03091128061019671, 0.014050582095543959, 0.00923323966278603, 0.004415897230028101, 0.0036130068245684463, 0.0008028904054596548, 0.0, 0.0, 0.0, 0.0, 0.0], [0.0, 0.0, 0.0, 0.0, 0.0013280212483399733, 0.0, 0.0, 0.00796812749003984, 0.01195219123505976, 0.033200531208499334, 0.041168658698539175, 0.07171314741035857, 0.08632138114209828, 0.12350597609561753, 0.10756972111553785, 0.12350597609561753, 0.11420982735723771, 0.07702523240371846, 0.08233731739707835, 0.035856573705179286, 0.03054448871181939, 0.014608233731739707, 0.00796812749003984, 0.009296148738379814, 0.00796812749003984, 0.0026560424966799467, 0.009296148738379814, 0.0, 0.0, 0.0, 0.0, 0.0], [0.0003448275862068965, 0.0, 0.000689655172413793, 0.0003448275862068965, 0.000689655172413793, 0.0017241379310344827, 0.002758620689655172, 0.005172413793103448, 0.011724137931034483, 0.01793103448275862, 0.03413793103448276, 0.052068965517241377, 0.08620689655172414, 0.1, 0.13655172413793104, 0.13034482758620689, 0.13344827586206898, 0.08241379310344828, 0.09586206896551724, 0.039655172413793106, 0.023103448275862068, 0.023103448275862068, 0.009310344827586206, 0.004137931034482759, 0.0034482758620689655, 0.0034482758620689655, 0.001379310344827586, 0.0, 0.0, 0.0, 0.0, 0.0], [0.0, 0.0, 0.0, 0.000671591672263264, 0.0010073875083948958, 0.000335795836131632, 0.0030221625251846875, 0.006044325050369375, 0.01175285426460712, 0.019811954331766288, 0.04264607118871726, 0.05809267965077233, 0.07991940899932841, 0.10846205507051712, 0.12726662189388852, 0.11954331766286098, 0.13901947615849564, 0.08025520483546005, 0.10644728005372733, 0.03223640026863667, 0.016453995970449966, 0.02384150436534587, 0.006715916722632639, 0.005708529214237743, 0.007051712558764272, 0.0016789791806581598, 0.0020147750167897917, 0.0, 0.0, 0.0, 0.0, 0.0], [0.0, 0.0, 0.0, 0.0, 0.0, 0.0, 0.0, 0.0, 0.03333333333333333, 0.13333333333333333, 0.1, 0.06666666666666667, 0.06666666666666667, 0.13333333333333333, 0.1, 0.06666666666666667, 0.06666666666666667, 0.1, 0.0, 0.03333333333333333, 0.06666666666666667, 0.03333333333333333, 0.0, 0.0, 0.0, 0.0, 0.0, 0.0, 0.0, 0.0, 0.0, 0.0], [0.00017901897601145723, 0.00017901897601145723, 0.00017901897601145723, 0.00017901897601145723, 0.00017901897601145723, 0.00017901897601145723, 0.0007160759040458289, 0.001611170784103115, 0.0055495882563551735, 0.009488005728607233, 0.02184031507339778, 0.02756892230576441, 0.05782312925170068, 0.08539205155746508, 0.12191192266380237, 0.1288936627282492, 0.1485857500895095, 0.10436806301467956, 0.1079484425349087, 0.06373075546007877, 0.03580379520229144, 0.04708199069101325, 0.015216612960973864, 0.008234872896527032, 0.0055495882563551735, 0.001611170784103115, 0.0, 0.0, 0.0, 0.0, 0.0, 0.0], [0.0, 0.0, 0.0, 0.0003599712023038157, 0.0, 0.0003599712023038157, 0.0032397408207343412, 0.0014398848092152627, 0.005039596832253419, 0.007199424046076314, 0.017998560115190784, 0.028797696184305256, 0.04427645788336933, 0.06047516198704104, 0.09827213822894168, 0.11663066954643629, 0.15226781857451405, 0.11591072714182865, 0.13102951763858892, 0.06551475881929446, 0.03851691864650828, 0.04859611231101512, 0.020518358531317494, 0.014758819294456443, 0.016198704103671708, 0.00827933765298776, 0.004319654427645789, 0.0, 0.0, 0.0, 0.0, 0.0], [0.0003679175864606328, 0.0, 0.0, 0.0003679175864606328, 0.0007358351729212656, 0.0012877115526122149, 0.0014716703458425313, 0.004782928623988227, 0.0075423105224429726, 0.014716703458425313, 0.03127299484915379, 0.04157468727005151, 0.05573951434878587, 0.08204562178072111, 0.11387049300956585, 0.12012509197939661, 0.1344738778513613, 0.09952170713760118, 0.12178072111846946, 0.058130978660779986, 0.03660779985283297, 0.034584253127299486, 0.016372332597498162, 0.008646063281824871, 0.01177336276674025, 0.002207505518763797, 0.0, 0.0, 0.0, 0.0, 0.0, 0.0], [0.0, 0.0, 0.0, 0.0, 0.0, 0.0029411764705882353, 0.0, 0.0058823529411764705, 0.011764705882352941, 0.0058823529411764705, 0.014705882352941176, 0.03823529411764706, 0.06470588235294118, 0.1323529411764706, 0.1588235294117647, 0.15294117647058825, 0.17941176470588235, 0.10882352941176471, 0.07941176470588235, 0.03235294117647059, 0.011764705882352941, 0.0, 0.0, 0.0, 0.0, 0.0, 0.0, 0.0, 0.0, 0.0, 0.0, 0.0], [0.0, 0.0, 0.0, 0.00013190871916633689, 0.0, 0.00026381743833267377, 0.00026381743833267377, 0.0017148133491623797, 0.003693444136657433, 0.010684606252473288, 0.01662049861495845, 0.027832739744097085, 0.05091676559820604, 0.06635008574066746, 0.10539506661390317, 0.13164490172800422, 0.1698984302862419, 0.10328452710724179, 0.1555203798971112, 0.059227014905685264, 0.03139427516158818, 0.0382535285582377, 0.01279514575913468, 0.003957261574990107, 0.00765070571164754, 0.0017148133491623797, 0.0007914523149980214, 0.0, 0.0, 0.0, 0.0, 0.0], [0.00011189437171310283, 0.00011189437171310283, 0.00022378874342620565, 0.0, 0.000671366230278617, 0.0010070493454179255, 0.0004475774868524113, 0.002014098690835851, 0.0022378874342620565, 0.00984670471075305, 0.015105740181268883, 0.03479914960277498, 0.06791988362985342, 0.10350229383462012, 0.14423184513818954, 0.17142217746447352, 0.17477900861586662, 0.09611726530155533, 0.09634105404498154, 0.0397225019581515, 0.018910148819514378, 0.013203535862146135, 0.00436388049681101, 0.0015665212039834397, 0.0012308380888441312, 0.00011189437171310283, 0.0, 0.0, 0.0, 0.0, 0.0, 0.0], [0.0, 0.00027114967462039046, 0.0, 0.0005422993492407809, 0.0008134490238611713, 0.0016268980477223427, 0.001898047722342733, 0.0035249457700650758, 0.008947939262472886, 0.015184381778741865, 0.028470715835141, 0.05070498915401302, 0.0797180043383948, 0.0992407809110629, 0.12689804772234273, 0.12174620390455532, 0.14669197396963124, 0.09354663774403471, 0.10032537960954446, 0.04718004338394794, 0.028741865509761388, 0.023318872017353578, 0.010303687635574838, 0.0067787418655097615, 0.0027114967462039045, 0.0008134490238611713, 0.0, 0.0, 0.0, 0.0, 0.0, 0.0], [0.0, 0.0, 0.0, 0.0, 0.00043821209465381246, 0.0, 0.0006573181419807187, 0.0013146362839614374, 0.004163014899211218, 0.005915863277826468, 0.015994741454864153, 0.024758983347940404, 0.04360210341805434, 0.07449605609114812, 0.10889570552147239, 0.12510955302366344, 0.15074496056091147, 0.08720420683610867, 0.1546888694127958, 0.060692375109553026, 0.036152497808939525, 0.04951796669588081, 0.01862401402278703, 0.01161262050832603, 0.015337423312883436, 0.006134969325153374, 0.0035056967572304996, 0.00043821209465381246, 0.0, 0.0, 0.0, 0.0], [0.0, 0.0008045052292839903, 0.0008045052292839903, 0.0016090104585679806, 0.0016090104585679806, 0.004022526146419952, 0.007240547063555913, 0.012067578439259855, 0.02815768302493966, 0.05309734513274336, 0.05953338696701529, 0.09090909090909091, 0.08849557522123894, 0.13274336283185842, 0.13757039420756234, 0.10378117457763475, 0.09654062751407884, 0.05711987127916331, 0.06757843925985518, 0.02252614641995173, 0.006436041834271922, 0.02333065164923572, 0.0008045052292839903, 0.0008045052292839903, 0.002413515687851971, 0.0, 0.0, 0.0, 0.0, 0.0, 0.0, 0.0], [0.0, 0.0, 0.0, 0.0, 0.005208333333333333, 0.0, 0.005208333333333333, 0.028645833333333332, 0.049479166666666664, 0.049479166666666664, 0.09375, 0.09375, 0.08854166666666667, 0.09375, 0.11458333333333333, 0.09114583333333333, 0.12760416666666666, 0.0546875, 0.059895833333333336, 0.026041666666666668, 0.005208333333333333, 0.0, 0.0026041666666666665, 0.0026041666666666665, 0.0078125, 0.0, 0.0, 0.0, 0.0, 0.0, 0.0, 0.0], [0.0004780114722753346, 0.0, 0.0, 0.0, 0.0007170172084130019, 0.0014340344168260039, 0.004541108986615679, 0.00884321223709369, 0.016252390057361378, 0.027246653919694074, 0.04660611854684513, 0.06644359464627152, 0.0994263862332696, 0.11304971319311663, 0.14890057361376674, 0.1302581261950287, 0.11926386233269598, 0.06787762906309751, 0.06787762906309751, 0.027963671128107076, 0.017925430210325048, 0.01864244741873805, 0.008604206500956023, 0.0033460803059273425, 0.0026290630975143404, 0.0009560229445506692, 0.0007170172084130019, 0.0, 0.0, 0.0, 0.0, 0.0], [0.0, 0.0, 0.0, 0.0004679457182966776, 0.0, 0.0, 0.002339728591483388, 0.0018717828731867104, 0.004679457182966776, 0.017781937295273748, 0.02901263453439401, 0.03696771174543753, 0.058961160505381374, 0.07627515208235845, 0.12072999532054282, 0.12681328965839964, 0.14085166120729994, 0.09265325222274216, 0.114646700982686, 0.0500701918577445, 0.03228825456247075, 0.03462798315395414, 0.01918577445016378, 0.012166588675713618, 0.021993448759943846, 0.004679457182966776, 0.0009358914365933552, 0.0, 0.0, 0.0, 0.0, 0.0], [0.0, 0.0, 0.0, 0.0, 0.00033523298692591353, 0.0, 0.0013409319477036541, 0.0016761649346295675, 0.0053637277908146165, 0.012738853503184714, 0.02078444518940664, 0.038887026483405966, 0.06637613141133088, 0.10224606101240362, 0.1263828360710694, 0.14180355346966142, 0.1488434461951056, 0.08112638283607107, 0.11364398256788467, 0.05296681193429433, 0.031176667784109956, 0.02849480388870265, 0.011733154542406973, 0.00670465973851827, 0.004693261816962789, 0.0023466309084813944, 0.00033523298692591353, 0.0, 0.0, 0.0, 0.0, 0.0], [0.0001937984496124031, 0.0001937984496124031, 0.0001937984496124031, 0.0003875968992248062, 0.0003875968992248062, 0.001937984496124031, 0.0029069767441860465, 0.004457364341085271, 0.007558139534883721, 0.01744186046511628, 0.040310077519379844, 0.06201550387596899, 0.0877906976744186, 0.1182170542635659, 0.13372093023255813, 0.13217054263565892, 0.1377906976744186, 0.08546511627906976, 0.07674418604651163, 0.0374031007751938, 0.018992248062015504, 0.018604651162790697, 0.009496124031007752, 0.0029069767441860465, 0.0025193798449612403, 0.0001937984496124031, 0.0, 0.0, 0.0, 0.0, 0.0, 0.0], [0.0, 0.0, 0.0, 0.0, 0.00049800796812749, 0.00049800796812749, 0.0, 0.0034860557768924302, 0.006474103585657371, 0.01245019920318725, 0.02888446215139442, 0.044322709163346616, 0.07470119521912351, 0.10557768924302789, 0.1394422310756972, 0.14641434262948208, 0.12350597609561753, 0.08964143426294821, 0.09262948207171315, 0.04183266932270916, 0.030876494023904383, 0.027390438247011952, 0.013944223107569721, 0.004482071713147411, 0.010956175298804782, 0.00199203187250996, 0.0, 0.0, 0.0, 0.0, 0.0, 0.0], [0.0, 0.0, 0.0, 0.0, 0.0, 0.0007220216606498195, 0.00036101083032490973, 0.002888086642599278, 0.004332129963898917, 0.005054151624548736, 0.01227436823104693, 0.025992779783393503, 0.03790613718411552, 0.0592057761732852, 0.0927797833935018, 0.11768953068592057, 0.1552346570397112, 0.09891696750902527, 0.14404332129963898, 0.07472924187725631, 0.04332129963898917, 0.06534296028880866, 0.022743682310469315, 0.01516245487364621, 0.0148014440433213, 0.005776173285198556, 0.0007220216606498195, 0.0, 0.0, 0.0, 0.0, 0.0], [0.0, 0.0, 0.0, 0.0, 0.0002090738030524775, 0.0002090738030524775, 0.0010453690152623877, 0.002299811833577253, 0.004390549864102028, 0.009617394940413967, 0.01777127325946059, 0.04181476061049551, 0.07129416684089483, 0.11394522266360026, 0.14258833368178966, 0.12168095337654192, 0.13840685762074012, 0.08613840685762074, 0.10495504913234371, 0.04641438427765001, 0.028224963412084466, 0.032615513276186496, 0.017562199456408113, 0.006063140288521849, 0.008362952122099102, 0.003972402257997073, 0.000418147606104955, 0.0, 0.0, 0.0, 0.0, 0.0], [0.0, 0.0, 0.0001474491300501327, 0.0001474491300501327, 0.0, 0.0001474491300501327, 0.0004423473901503981, 0.0017693895606015924, 0.0032438808611029196, 0.010468888233559423, 0.020347979946918313, 0.037894426422884105, 0.07166027720436449, 0.10690061928634621, 0.15216750221173694, 0.14744913005013272, 0.1483338248304335, 0.08758478324977882, 0.10690061928634621, 0.03907401946328517, 0.023149513417870835, 0.024329106458271896, 0.007225007372456503, 0.005160719551754645, 0.003538779121203185, 0.0008846947803007962, 0.0010321439103509289, 0.0, 0.0, 0.0, 0.0, 0.0], [0.0, 0.0, 0.0, 0.0, 0.0, 0.00017152658662092623, 0.0008576329331046312, 0.0012006861063464838, 0.0032590051457975985, 0.009262435677530018, 0.014579759862778732, 0.030360205831903946, 0.05660377358490566, 0.09708404802744425, 0.14030874785591765, 0.1660377358490566, 0.17032590051457977, 0.09914236706689537, 0.11938250428816466, 0.03773584905660377, 0.019039451114922813, 0.022298456260720412, 0.006003430531732418, 0.002058319039451115, 0.0032590051457975985, 0.0008576329331046312, 0.00017152658662092623, 0.0, 0.0, 0.0, 0.0, 0.0], [0.0, 0.010416666666666666, 0.0, 0.0, 0.010416666666666666, 0.03125, 0.041666666666666664, 0.052083333333333336, 0.125, 0.09375, 0.07291666666666667, 0.052083333333333336, 0.052083333333333336, 0.10416666666666667, 0.07291666666666667, 0.08333333333333333, 0.052083333333333336, 0.041666666666666664, 0.03125, 0.041666666666666664, 0.03125, 0.0, 0.0, 0.0, 0.0, 0.0, 0.0, 0.0, 0.0, 0.0, 0.0, 0.0]]}, "ranks": {"labels": ["Unranked", "Combatatent I", "Combatatent II", "Challenger I", "Challenger II", "Rival I", "Rival II", "Duelist", "Elite"], "data": [[0.1937984496124031, 0.17829457364341086, 0.26356589147286824, 0.17829457364341086, 0.09302325581395349, 0.06976744186046512, 0.023255813953488372, 0.0, 0.0], [0.07584501236603462, 0.1236603462489695, 0.20115416323165705, 0.2852431986809563, 0.18054410552349548, 0.08821104699093157, 0.01978565539983512, 0.02225886232481451, 0.0032976092333058533], [0.023064687168610817, 0.04109225874867444, 0.10790031813361611, 0.18133616118769882, 0.24151643690349947, 0.20996818663838812, 0.07290562036055143, 0.09437963944856839, 0.027836691410392366], [0.04499242915855505, 0.07008436080467229, 0.16136707765520225, 0.2528661042613022, 0.24832359939433268, 0.13887086307592472, 0.04261302184728531, 0.035691109669046074, 0.005191434133679429], [0.24444444444444444, 0.13333333333333333, 0.24444444444444444, 0.0, 0.1111111111111111, 0.15555555555555556, 0.044444444444444446, 0.06666666666666667, 0.0], [0.018161805173362685, 0.048064575307283065, 0.15043111355714547, 0.2384883507613282, 0.2474775270592552, 0.1496973032471106, 0.05852137222527976, 0.0682443588332416, 0.020913593835993397], [0.0808133472367049, 0.1246089676746611, 0.23201251303441084, 0.23357664233576642, 0.1710114702815433, 0.07612095933263817, 0.02867570385818561, 0.034932221063607924, 0.01824817518248175], [0.36134453781512604, 0.2605042016806723, 0.20168067226890757, 0.07563025210084033, 0.06722689075630252, 0.03361344537815126, 0.0, 0.0, 0.0], [0.09703915950334288, 0.17191977077363896, 0.24393505253104106, 0.22788920725883477, 0.1308500477554919, 0.06361031518624642, 0.03075453677172875, 0.02941738299904489, 0.004584527220630372], [0.05408062930186824, 0.08161258603736479, 0.18436578171091444, 0.25417895771878074, 0.23942969518190757, 0.11946902654867257, 0.028515240904621434, 0.034906588003933134, 0.00344149459193707], [0.08387278356318605, 0.15930199831128625, 0.22685054883197298, 0.2592175626231354, 0.14663664508865748, 0.06585983675766957, 0.02898958626512806, 0.02476780185758514, 0.004503236701379116], [0.039420756234915526, 0.08956824886028426, 0.16224188790560473, 0.25583266291230894, 0.2467149369804237, 0.12308930008045052, 0.042638777152051485, 0.035130061678734247, 0.0053633681952266025], [0.06034693378939653, 0.12069386757879307, 0.20376252137796239, 0.2641094551673589, 0.20840459320791596, 0.08331297336916688, 0.03151722452968483, 0.021744441729782557, 0.00610798924993892], [0.014452027298273785, 0.043356081894821354, 0.13006824568446407, 0.23685266961059814, 0.28663187474909674, 0.16057808109193095, 0.06503412284223203, 0.0541951023685267, 0.008831794460056202], [0.05444887118193891, 0.11288180610889774, 0.2098273572377158, 0.23107569721115537, 0.19123505976095617, 0.10092961487383798, 0.04780876494023904, 0.03187250996015936, 0.0199203187250996], [0.041379310344827586, 0.08620689655172414, 0.18620689655172415, 0.26689655172413795, 0.21586206896551724, 0.1196551724137931, 0.03896551724137931, 0.036551724137931035, 0.008275862068965517], [0.04264607118871726, 0.10073875083948959, 0.18838146406984554, 0.24680993955674949, 0.21927468099395567, 0.12525184687709873, 0.029885829415715246, 0.03626595030221625, 0.010745466756212223], [0.16666666666666666, 0.16666666666666666, 0.2, 0.16666666666666666, 0.16666666666666666, 0.03333333333333333, 0.06666666666666667, 0.03333333333333333, 0.0], [0.018438954529180093, 0.04940923737916219, 0.14321518080916576, 0.25080558539205156, 0.252953813104189, 0.14554242749731472, 0.061940565699964194, 0.07053347654851415, 0.007160759040458289], [0.017638588912886968, 0.04679625629949604, 0.10475161987041037, 0.21490280777537796, 0.2681785457163427, 0.16558675305975523, 0.06947444204463643, 0.08387329013678906, 0.028797696184305256], [0.03127299484915379, 0.0728476821192053, 0.137785136129507, 0.23399558498896247, 0.23399558498896247, 0.15378955114054452, 0.0627299484915379, 0.059602649006622516, 0.013980868285504048], [0.026470588235294117, 0.052941176470588235, 0.19705882352941176, 0.31176470588235294, 0.28823529411764703, 0.10294117647058823, 0.020588235294117647, 0.0, 0.0], [0.016752407334124787, 0.044453238359055534, 0.1172668513388735, 0.2370399683419074, 0.2731829573934837, 0.18744228993536471, 0.05869938002901992, 0.05500593589236249, 0.010156971375807941], [0.01667226138525232, 0.049904889784043865, 0.17142217746447352, 0.31565402260266306, 0.27089627391742194, 0.11804856215732348, 0.036925142665323936, 0.019133937562940583, 0.001342732460557234], [0.032809110629067245, 0.07917570498915401, 0.1789587852494577, 0.24864425162689804, 0.24023861171366595, 0.12662689804772234, 0.04962039045553145, 0.040401301518438175, 0.0035249457700650758], [0.012489044697633655, 0.04075372480280456, 0.11809815950920245, 0.23400525854513585, 0.23794916739702016, 0.18777388255915864, 0.06375985977212971, 0.07975460122699386, 0.025416301489921123], [0.10941271118262269, 0.1504424778761062, 0.22123893805309736, 0.2413515687851971, 0.15366049879324215, 0.07803700724054706, 0.01850362027353178, 0.0249396621078037, 0.002413515687851971], [0.13802083333333334, 0.1875, 0.18229166666666666, 0.20572916666666666, 0.18229166666666666, 0.078125, 0.013020833333333334, 0.005208333333333333, 0.0078125], [0.05951242829827916, 0.11304971319311663, 0.21247609942638623, 0.27915869980879543, 0.1871414913957935, 0.08293499043977055, 0.030831739961759082, 0.030592734225621414, 0.004302103250478011], [0.0271408516612073, 0.06598034627983154, 0.13523631258773983, 0.24754328497894243, 0.23350491343004212, 0.1394478240524099, 0.057557323350491345, 0.06598034627983154, 0.027608797379503978], [0.021454911163258466, 0.05967147167281261, 0.1686221924237345, 0.2681863895407308, 0.22996982903117666, 0.14582634931277239, 0.0519611129735166, 0.04693261816962789, 0.0073751257123700975], [0.03565891472868217, 0.10232558139534884, 0.20600775193798448, 0.26589147286821707, 0.22325581395348837, 0.09941860465116278, 0.03372093023255814, 0.031007751937984496, 0.0027131782945736434], [0.023406374501992032, 0.07320717131474104, 0.1802788844621514, 0.2858565737051793, 0.21314741035856574, 0.1150398406374502, 0.05029880478087649, 0.045816733067729085, 0.012948207171314742], [0.013357400722021661, 0.038267148014440436, 0.09711191335740073, 0.21046931407942238, 0.25415162454873647, 0.18953068592057762, 0.07256317689530686, 0.10324909747292418, 0.021299638989169676], [0.01777127325946059, 0.0595860338699561, 0.1852393895044951, 0.2642692870583316, 0.22454526447836087, 0.13150742212000835, 0.04808697470206983, 0.056240853021116456, 0.01275350198620113], [0.01636685343556473, 0.05824240636980242, 0.1785608964907107, 0.29961663226186963, 0.23591860808021234, 0.12828074314361546, 0.04084340902388676, 0.03671483338248304, 0.00545561781185491], [0.014751286449399657, 0.04493996569468268, 0.15368782161234992, 0.30634648370497425, 0.26946826758147513, 0.14168096054888507, 0.034476843910806174, 0.030360205831903946, 0.004288164665523156], [0.3645833333333333, 0.125, 0.15625, 0.15625, 0.09375, 0.0625, 0.041666666666666664, 0.0, 0.0]]}, "ranksDetailed": {"labels": ["Unranked", "Combatatant", "Challenger", "Rival", "Duelist", "Elite"], "data": [[0.1937984496124031, 0.4418604651162791, 0.2713178294573643, 0.09302325581395349, 0.0, 0.0], [0.07584501236603462, 0.32481450948062657, 0.46578730420445175, 0.1079967023907667, 0.02225886232481451, 0.0032976092333058533], [0.023064687168610817, 0.14899257688229056, 0.4228525980911983, 0.28287380699893955, 0.09437963944856839, 0.027836691410392366], [0.04499242915855505, 0.23145143845987454, 0.5011897036556349, 0.18148388492321005, 0.035691109669046074, 0.005191434133679429], [0.24444444444444444, 0.37777777777777777, 0.1111111111111111, 0.2, 0.06666666666666667, 0.0], [0.018161805173362685, 0.19849568886442853, 0.48596587782058337, 0.2082186754723904, 0.0682443588332416, 0.020913593835993397], [0.0808133472367049, 0.35662148070907196, 0.4045881126173097, 0.10479666319082377, 0.034932221063607924, 0.01824817518248175], [0.36134453781512604, 0.46218487394957986, 0.14285714285714285, 0.03361344537815126, 0.0, 0.0], [0.09703915950334288, 0.41585482330468004, 0.35873925501432663, 0.09436485195797517, 0.02941738299904489, 0.004584527220630372], [0.05408062930186824, 0.26597836774827927, 0.4936086529006883, 0.147984267453294, 0.034906588003933134, 0.00344149459193707], [0.08387278356318605, 0.3861525471432592, 0.40585420771179287, 0.09484942302279764, 0.02476780185758514, 0.004503236701379116], [0.039420756234915526, 0.251810136765889, 0.5025475998927327, 0.16572807723250202, 0.035130061678734247, 0.0053633681952266025], [0.06034693378939653, 0.32445638895675544, 0.4725140483752749, 0.1148301978988517, 0.021744441729782557, 0.00610798924993892], [0.014452027298273785, 0.17342432757928541, 0.5234845443596949, 0.22561220393416298, 0.0541951023685267, 0.008831794460056202], [0.05444887118193891, 0.32270916334661354, 0.42231075697211157, 0.14873837981407703, 0.03187250996015936, 0.0199203187250996], [0.041379310344827586, 0.27241379310344827, 0.4827586206896552, 0.15862068965517243, 0.036551724137931035, 0.008275862068965517], [0.04264607118871726, 0.28912021490933515, 0.46608462055070515, 0.15513767629281397, 0.03626595030221625, 0.010745466756212223], [0.16666666666666666, 0.36666666666666664, 0.3333333333333333, 0.1, 0.03333333333333333, 0.0], [0.018438954529180093, 0.19262441818832796, 0.5037593984962406, 0.20748299319727892, 0.07053347654851415, 0.007160759040458289], [0.017638588912886968, 0.15154787616990642, 0.48308135349172066, 0.23506119510439166, 0.08387329013678906, 0.028797696184305256], [0.03127299484915379, 0.2106328182487123, 0.46799116997792495, 0.21651949963208242, 0.059602649006622516, 0.013980868285504048], [0.026470588235294117, 0.25, 0.6, 0.12352941176470589, 0.0, 0.0], [0.016752407334124787, 0.16172008969792903, 0.5102229257353911, 0.24614166996438464, 0.05500593589236249, 0.010156971375807941], [0.01667226138525232, 0.2213270672485174, 0.5865502965200851, 0.1549737048226474, 0.019133937562940583, 0.001342732460557234], [0.032809110629067245, 0.25813449023861174, 0.48888286334056397, 0.1762472885032538, 0.040401301518438175, 0.0035249457700650758], [0.012489044697633655, 0.158851884312007, 0.47195442594215603, 0.25153374233128833, 0.07975460122699386, 0.025416301489921123], [0.10941271118262269, 0.37168141592920356, 0.39501206757843926, 0.09654062751407884, 0.0249396621078037, 0.002413515687851971], [0.13802083333333334, 0.3697916666666667, 0.3880208333333333, 0.09114583333333333, 0.005208333333333333, 0.0078125], [0.05951242829827916, 0.32552581261950286, 0.46630019120458893, 0.11376673040152964, 0.030592734225621414, 0.004302103250478011], [0.0271408516612073, 0.20121665886757137, 0.48104819840898455, 0.19700514740290126, 0.06598034627983154, 0.027608797379503978], [0.021454911163258466, 0.2282936640965471, 0.49815621857190745, 0.19778746228628896, 0.04693261816962789, 0.0073751257123700975], [0.03565891472868217, 0.30833333333333335, 0.48914728682170544, 0.13313953488372093, 0.031007751937984496, 0.0027131782945736434], [0.023406374501992032, 0.2534860557768924, 0.499003984063745, 0.16533864541832669, 0.045816733067729085, 0.012948207171314742], [0.013357400722021661, 0.13537906137184116, 0.46462093862815884, 0.2620938628158845, 0.10324909747292418, 0.021299638989169676], [0.01777127325946059, 0.24482542337445118, 0.48881455153669245, 0.1795943968220782, 0.056240853021116456, 0.01275350198620113], [0.01636685343556473, 0.23680330286051313, 0.535535240342082, 0.1691241521675022, 0.03671483338248304, 0.00545561781185491], [0.014751286449399657, 0.1986277873070326, 0.5758147512864494, 0.17615780445969126, 0.030360205831903946, 0.004288164665523156], [0.3645833333333333, 0.28125, 0.25, 0.10416666666666667, 0.0, 0.0]]}}}, "eu": {"histType": {"histogram": {"labels": ["0", "100", "200", "300", "400", "500", "600", "700", "800", "900", "1000", "1100", "1200", "1300", "1400", "1500", "1600", "1700", "1800", "1900", "2000", "2100", "2200", "2300", "2400", "2500", "2600", "2700", "2800", "2900", "3000", "3100"], "data": [[0.0, 0.0, 0.0, 0.0, 0.0, 0.012195121951219513, 0.024390243902439025, 0.036585365853658534, 0.08536585365853659, 0.08536585365853659, 0.10975609756097561, 0.10975609756097561, 0.10975609756097561, 0.07317073170731707, 0.06097560975609756, 0.08536585365853659, 0.06097560975609756, 0.06097560975609756, 0.036585365853658534, 0.0, 0.036585365853658534, 0.012195121951219513, 0.0, 0.0, 0.0, 0.0, 0.0, 0.0, 0.0, 0.0, 0.0, 0.0], [0.0, 0.0, 0.0, 0.0009082652134423251, 0.0018165304268846503, 0.004541326067211626, 0.009082652134423252, 0.008174386920980926, 0.029064486830154404, 0.03451407811080836, 0.049954586739327886, 0.09173478655767484, 0.10172570390554042, 0.1271571298819255, 0.14168937329700274, 0.11989100817438691, 0.1080835603996367, 0.055404178019981834, 0.06085376930063579, 0.023614895549500452, 0.008174386920980926, 0.01634877384196185, 0.0018165304268846503, 0.004541326067211626, 0.0009082652134423251, 0.0, 0.0, 0.0, 0.0, 0.0, 0.0, 0.0], [0.0, 0.0, 0.0, 0.0, 0.000302571860816944, 0.000907715582450832, 0.000907715582450832, 0.0030257186081694403, 0.008169440242057489, 0.012102874432677761, 0.02027231467473525, 0.030559757942511347, 0.04599092284417549, 0.06565809379727686, 0.08895612708018154, 0.09561270801815432, 0.14251134644478064, 0.09258698940998487, 0.16792738275340394, 0.06565809379727686, 0.042965204236006055, 0.05446293494704992, 0.026626323751891074, 0.006959152798789713, 0.019062027231467472, 0.003933434190620273, 0.004236006051437216, 0.000605143721633888, 0.0, 0.0, 0.0, 0.0], [0.0, 0.00019538882375928098, 0.0, 0.00019538882375928098, 0.00019538882375928098, 0.0005861664712778429, 0.0015631105900742479, 0.005470887065259867, 0.008401719421649082, 0.015631105900742476, 0.032825322391559206, 0.05021492770613521, 0.06584603360687769, 0.09026963657678781, 0.11899179366940212, 0.13071512309495897, 0.15181711606096132, 0.10160218835482611, 0.11742868307932786, 0.047284095349745994, 0.019343493552168817, 0.022860492379835874, 0.008792497069167644, 0.0033216100039077765, 0.0035169988276670576, 0.0017584994138335288, 0.0011723329425556857, 0.0, 0.0, 0.0, 0.0, 0.0], [0.0, 0.0, 0.0, 0.0, 0.0, 0.0, 0.0425531914893617, 0.06382978723404255, 0.10638297872340426, 0.02127659574468085, 0.10638297872340426, 0.1276595744680851, 0.06382978723404255, 0.06382978723404255, 0.14893617021276595, 0.06382978723404255, 0.06382978723404255, 0.02127659574468085, 0.0, 0.06382978723404255, 0.0, 0.02127659574468085, 0.0, 0.02127659574468085, 0.0, 0.0, 0.0, 0.0, 0.0, 0.0, 0.0, 0.0], [0.0, 0.00017988846914912754, 0.0003597769382982551, 0.0003597769382982551, 0.0005396654074473826, 0.00017988846914912754, 0.0003597769382982551, 0.0032379924446842958, 0.004137434790429933, 0.00953408886490376, 0.017269293038316244, 0.027522935779816515, 0.05504587155963303, 0.08364813815434431, 0.11099118546501169, 0.12106493973736283, 0.13563590573844217, 0.0992984349703184, 0.12951969778737182, 0.06080230257240511, 0.03633747076812376, 0.051088325238352224, 0.019967620075553156, 0.008094981111710739, 0.01457096600107933, 0.005756431012772081, 0.0032379924446842958, 0.0012592192840438928, 0.0, 0.0, 0.0, 0.0], [0.0, 0.00047709923664122136, 0.00047709923664122136, 0.0014312977099236641, 0.0009541984732824427, 0.003816793893129771, 0.0057251908396946565, 0.01431297709923664, 0.029580152671755726, 0.036736641221374045, 0.05677480916030534, 0.07919847328244274, 0.09303435114503816, 0.11402671755725191, 0.11020992366412213, 0.10353053435114504, 0.11020992366412213, 0.061545801526717556, 0.05534351145038168, 0.03148854961832061, 0.022423664122137404, 0.022900763358778626, 0.012881679389312978, 0.010019083969465648, 0.013358778625954198, 0.0028625954198473282, 0.006679389312977099, 0.0, 0.0, 0.0, 0.0, 0.0], [0.0, 0.0, 0.0, 0.0, 0.0, 0.025974025974025976, 0.0, 0.1038961038961039, 0.05194805194805195, 0.1038961038961039, 0.07792207792207792, 0.11688311688311688, 0.11688311688311688, 0.06493506493506493, 0.05194805194805195, 0.15584415584415584, 0.09090909090909091, 0.03896103896103896, 0.0, 0.0, 0.0, 0.0, 0.0, 0.0, 0.0, 0.0, 0.0, 0.0, 0.0, 0.0, 0.0, 0.0], [0.0007575757575757576, 0.0001893939393939394, 0.0007575757575757576, 0.0007575757575757576, 0.000946969696969697, 0.001893939393939394, 0.005681818181818182, 0.011742424242424242, 0.028977272727272727, 0.048295454545454544, 0.07386363636363637, 0.09659090909090909, 0.1268939393939394, 0.12556818181818183, 0.10814393939393939, 0.09772727272727273, 0.08276515151515151, 0.05321969696969697, 0.051515151515151514, 0.029734848484848486, 0.01950757575757576, 0.016666666666666666, 0.007954545454545454, 0.004356060606060606, 0.004545454545454545, 0.000946969696969697, 0.0, 0.0, 0.0, 0.0, 0.0, 0.0], [0.0, 0.0, 0.0, 0.0, 0.0, 0.0006261740763932373, 0.0012523481527864746, 0.007514088916718848, 0.015028177833437696, 0.021916092673763307, 0.045084533500313086, 0.049467752035065746, 0.07138384470882905, 0.10958046336881654, 0.12460864120225423, 0.13024420788979335, 0.14527238572323106, 0.07451471509079524, 0.10206637445209768, 0.026925485284909206, 0.031934877896055106, 0.023794614902943018, 0.010644959298685034, 0.002504696305572949, 0.0031308703819661866, 0.002504696305572949, 0.0, 0.0, 0.0, 0.0, 0.0, 0.0], [0.00034614053305642093, 0.0, 0.0, 0.0006922810661128419, 0.0013845621322256837, 0.0024229837313949464, 0.003461405330564209, 0.012807199723087574, 0.02284527518172378, 0.03911388023537556, 0.06334371754932502, 0.08618899273104881, 0.11318795430944964, 0.12218760816891658, 0.1304949809622707, 0.10661128418137764, 0.0893042575285566, 0.054690204222914506, 0.06299757701626861, 0.029075804776739357, 0.021806853582554516, 0.018691588785046728, 0.007268951194184839, 0.005884389061959155, 0.003461405330564209, 0.0017307026652821046, 0.0, 0.0, 0.0, 0.0, 0.0, 0.0], [0.0, 0.0, 0.0, 0.0005763688760806917, 0.0008645533141210375, 0.0011527377521613833, 0.001729106628242075, 0.004899135446685879, 0.012103746397694525, 0.027953890489913546, 0.038328530259365994, 0.05043227665706052, 0.08069164265129683, 0.08904899135446685, 0.12046109510086456, 0.11440922190201729, 0.14697406340057637, 0.08818443804034583, 0.10115273775216138, 0.04639769452449568, 0.027377521613832854, 0.024495677233429394, 0.01181556195965418, 0.002881844380403458, 0.00547550432276657, 0.0011527377521613833, 0.0005763688760806917, 0.0005763688760806917, 0.0, 0.0, 0.00028818443804034583, 0.0], [0.0002957704821058858, 0.0, 0.0002957704821058858, 0.0008873114463176575, 0.0, 0.002070393374741201, 0.0029577048210588583, 0.01064773735581189, 0.017450458444247263, 0.024844720496894408, 0.048802129547471165, 0.064773735581189, 0.10085773439810707, 0.10795622596864833, 0.14344868382135462, 0.1251109139307897, 0.11653356994971902, 0.06980183377698905, 0.07837917775805975, 0.03076013013901213, 0.019520851818988466, 0.01567583555161195, 0.00709849157054126, 0.004140786749482402, 0.00354924578527063, 0.0026619343389529724, 0.0014788524105294291, 0.0, 0.0, 0.0, 0.0, 0.0], [0.0, 0.0, 0.0, 0.0003672420124862284, 0.0003672420124862284, 0.0, 0.0011017260374586854, 0.0011017260374586854, 0.0044069041498347415, 0.007344840249724568, 0.012853470437017995, 0.027543150936467132, 0.05435181784796181, 0.08079324274697025, 0.11568123393316196, 0.1358795446199045, 0.1641571795813441, 0.11568123393316196, 0.11715020198310687, 0.060227690047741464, 0.03305178112376056, 0.03195005508630187, 0.019096584649283876, 0.006610356224752111, 0.006243114212265883, 0.0014689680499449136, 0.002570694087403599, 0.0, 0.0, 0.0, 0.0, 0.0]