{"region": {"us": {"histType": {"histogram": {"labels": ["0", "100", "200", "300", "400", "500", "600", "700", "800", "900", "1000", "1100", "1200", "1300", "1400", "1500", "1600", "1700", "1800", "1900", "2000", "2100", "2200", "2300", "2400", "2500", "2600", "2700", "2800", "2900", "3000", "3100"], "data": [[0.0, 0.0, 0.0035087719298245615, 0.0035087719298245615, 0.0035087719298245615, 0.010526315789473684, 0.02456140350877193, 0.014035087719298246, 0.03508771929824561, 0.028070175438596492, 0.07368421052631578, 0.08070175438596491, 0.07368421052631578, 0.11228070175438597, 0.10526315789473684, 0.10877192982456141, 0.08771929824561403, 0.07017543859649122, 0.05263157894736842, 0.05964912280701754, 0.014035087719298246, 0.017543859649122806, 0.021052631578947368, 0.0, 0.0, 0.0, 0.0, 0.0, 0.0, 0.0, 0.0, 0.0], [0.0, 0.0008841732979664014, 0.0, 0.0004420866489832007, 0.0008841732979664014, 0.001326259946949602, 0.005747126436781609, 0.011052166224580018, 0.010167992926613616, 0.021662245800176835, 0.03669319186560566, 0.046861184792219276, 0.0649867374005305, 0.07515473032714412, 0.10698496905393456, 0.1273209549071618, 0.15296198054818744, 0.08841732979664015, 0.1361626878868258, 0.04553492484526967, 0.023872679045092837, 0.018125552608311227, 0.007515473032714412, 0.005747126436781609, 0.003978779840848806, 0.0035366931918656055, 0.003978779840848806, 0.0, 0.0, 0.0, 0.0, 0.0], [0.00014060742407199101, 0.0, 0.0, 0.00028121484814398203, 0.00028121484814398203, 0.00028121484814398203, 0.00028121484814398203, 0.000703037120359955, 0.003796400449943757, 0.004640044994375703, 0.008717660292463443, 0.012373453318335208, 0.02095050618672666, 0.03233970753655793, 0.048650168728908885, 0.07311586051743532, 0.12823397075365578, 0.10700224971878515, 0.24817210348706412, 0.08731721034870642, 0.058070866141732284, 0.07831833520809899, 0.024746906636670417, 0.013498312710911136, 0.028543307086614175, 0.00970191226096738, 0.00421822272215973, 0.003515185601799775, 0.001687289088863892, 0.000421822272215973, 0.0, 0.0], [0.0, 0.0, 0.0, 0.0, 0.0001287001287001287, 0.0002574002574002574, 0.0011583011583011582, 0.0024453024453024454, 0.006306306306306306, 0.011583011583011582, 0.018018018018018018, 0.02072072072072072, 0.03783783783783784, 0.05456885456885457, 0.07876447876447877, 0.11055341055341056, 0.16216216216216217, 0.11068211068211069, 0.18275418275418276, 0.0734877734877735, 0.04517374517374517, 0.04929214929214929, 0.013642213642213642, 0.0066924066924066924, 0.00888030888030888, 0.0024453024453024454, 0.0011583011583011582, 0.0010296010296010295, 0.0002574002574002574, 0.0, 0.0, 0.0], [0.0, 0.0, 0.0, 0.0, 0.009708737864077669, 0.0, 0.0, 0.038834951456310676, 0.02912621359223301, 0.05825242718446602, 0.04854368932038835, 0.07766990291262135, 0.07766990291262135, 0.11650485436893204, 0.06796116504854369, 0.06796116504854369, 0.07766990291262135, 0.04854368932038835, 0.0970873786407767, 0.08737864077669903, 0.02912621359223301, 0.05825242718446602, 0.0, 0.009708737864077669, 0.0, 0.0, 0.0, 0.0, 0.0, 0.0, 0.0, 0.0], [0.0, 0.0, 0.0, 0.0, 0.0, 0.00026476039184537993, 0.0, 0.0018533227429176596, 0.0017209425469949695, 0.007148530579825258, 0.011914217633042097, 0.019857029388403495, 0.03494837172359015, 0.059703468361133175, 0.08895949166004766, 0.12324596240402436, 0.15647339158061954, 0.10484511517077046, 0.1583267143235372, 0.0685729414879534, 0.04024357956049775, 0.05652634365898861, 0.020121789780248873, 0.010060894890124437, 0.019459888800635424, 0.006089489012443739, 0.004368546465448769, 0.003177124702144559, 0.0017209425469949695, 0.0003971405877680699, 0.0, 0.0], [0.0, 0.0, 0.0002834467120181406, 0.0017006802721088435, 0.0017006802721088435, 0.0031179138321995466, 0.00481859410430839, 0.008503401360544218, 0.018424036281179137, 0.02806122448979592, 0.040249433106575964, 0.0467687074829932, 0.06972789115646258, 0.08645124716553287, 0.11224489795918367, 0.13180272108843538, 0.13010204081632654, 0.08276643990929705, 0.09608843537414966, 0.03713151927437642, 0.0286281179138322, 0.02239229024943311, 0.012188208616780046, 0.006235827664399093, 0.012471655328798186, 0.005385487528344671, 0.007936507936507936, 0.002551020408163265, 0.0022675736961451248, 0.0, 0.0, 0.0], [0.0035971223021582736, 0.0, 0.0035971223021582736, 0.01079136690647482, 0.01079136690647482, 0.014388489208633094, 0.017985611510791366, 0.050359712230215826, 0.0539568345323741, 0.1079136690647482, 0.09352517985611511, 0.09712230215827339, 0.10431654676258993, 0.10071942446043165, 0.0683453237410072, 0.06474820143884892, 0.06115107913669065, 0.03237410071942446, 0.025179856115107913, 0.03597122302158273, 0.02158273381294964, 0.02158273381294964, 0.0, 0.0, 0.0, 0.0, 0.0, 0.0, 0.0, 0.0, 0.0, 0.0], [0.0004263937746508901, 0.0003197953309881676, 0.0005329922183136127, 0.0005329922183136127, 0.0005329922183136127, 0.0019187719859290054, 0.0019187719859290054, 0.0055431190704615715, 0.010340049035284085, 0.02153288561986995, 0.036883061507301994, 0.05287282805671037, 0.06747681483850336, 0.07888284831041467, 0.10073552926127279, 0.1245069821980599, 0.12930391216288242, 0.08378637671889991, 0.09572540240912483, 0.055111395373627546, 0.03496428952137299, 0.03624347084532566, 0.016522758767721992, 0.011619230359236754, 0.018228333866325552, 0.006928898838076964, 0.003944142415520734, 0.0025583626479053407, 0.00010659844366272253, 0.0, 0.0, 0.0], [0.0, 0.0, 0.0, 0.0, 0.0, 0.000425531914893617, 0.000425531914893617, 0.000425531914893617, 0.000425531914893617, 0.005957446808510639, 0.008085106382978723, 0.007659574468085106, 0.011063829787234043, 0.02425531914893617, 0.0451063829787234, 0.06468085106382979, 0.08851063829787234, 0.0876595744680851, 0.17957446808510638, 0.08808510638297873, 0.08936170212765958, 0.1102127659574468, 0.05319148936170213, 0.02297872340425532, 0.06170212765957447, 0.01872340425531915, 0.010638297872340425, 0.013617021276595745, 0.006808510638297872, 0.000425531914893617, 0.0, 0.0], [0.0, 0.0, 0.000671366230278617, 0.0, 0.0023497818059751594, 0.000671366230278617, 0.004028197381671702, 0.003356831151393085, 0.012755958375293723, 0.019133937562940583, 0.029875797247398455, 0.03927492447129909, 0.06143001007049345, 0.0755287009063444, 0.09600537092984222, 0.11379657603222558, 0.1426653239342061, 0.09566968781470292, 0.1463578382007385, 0.050016784155756965, 0.03491104397448808, 0.03390399462907016, 0.011413225914736489, 0.008056394763343404, 0.00906344410876133, 0.004028197381671702, 0.0036925142665323934, 0.001342732460557234, 0.0, 0.0, 0.0, 0.0], [0.0, 0.00019007793195210037, 0.0005702337958563011, 0.0005702337958563011, 0.0009503896597605018, 0.002090857251473104, 0.004942026230754609, 0.008553506937844516, 0.015206234556168029, 0.024710131153773046, 0.053031743014636, 0.06652727618323513, 0.09161756320091237, 0.1013115377304695, 0.13628587720965596, 0.13115377304694925, 0.12488120129252994, 0.07222961414179814, 0.07165938034594184, 0.035734651206994865, 0.02147880631058734, 0.01596654628397643, 0.008933662801748716, 0.0038015586390420073, 0.003611480707089907, 0.003231324843185706, 0.00038015586390420075, 0.00038015586390420075, 0.0, 0.0, 0.0, 0.0], [0.0, 0.0, 0.0, 0.0, 0.0003559352197899982, 0.0007118704395799964, 0.0026695141484249867, 0.003381384588004983, 0.007296672005694963, 0.01014415376401495, 0.02580530343477487, 0.03844100373731981, 0.05463605623776473, 0.06905143263925966, 0.11016195052500445, 0.11140772379426944, 0.14593344011389928, 0.10660259832710446, 0.14771311621284927, 0.057127602776294716, 0.03345791066025983, 0.03399181348994483, 0.013169603132229934, 0.009254315714539954, 0.011567894643174943, 0.0037373198077949813, 0.0019576437088449903, 0.0010678056593699946, 0.0003559352197899982, 0.0, 0.0, 0.0], [0.00024295432458697764, 0.0, 0.0, 0.00012147716229348882, 0.00024295432458697764, 0.00036443148688046647, 0.0015792031098153547, 0.002551020408163265, 0.005344995140913508, 0.015184645286686104, 0.023202137998056364, 0.029640427599611274, 0.04008746355685131, 0.056365403304178816, 0.08272594752186589, 0.11212342079689018, 0.1488095238095238, 0.10665694849368319, 0.15670553935860057, 0.07337220602526726, 0.045553935860058306, 0.048104956268221574, 0.01639941690962099, 0.00826044703595724, 0.012998056365403304, 0.004616132167152575, 0.0023080660835762875, 0.003522837706511176, 0.0024295432458697765, 0.00048590864917395527, 0.0, 0.0], [0.0, 0.0, 0.000246669955599408, 0.0, 0.000493339911198816, 0.000493339911198816, 0.000493339911198816, 0.000986679822397632, 0.00370004933399112, 0.004193389245189936, 0.013320177602368031, 0.018746916625555006, 0.03749383325111001, 0.05204736063147509, 0.07893438579181056, 0.11001480019733596, 0.15589541193882586, 0.11322150962012827, 0.16724222989639861, 0.08288110508140109, 0.05155402072027627, 0.05056734089787864, 0.02096694622594968, 0.010853478046373951, 0.015046867291563888, 0.005673408978786384, 0.00123334977799704, 0.001726689689195856, 0.0014800197335964479, 0.000493339911198816, 0.0, 0.0], [0.0, 0.0, 0.0, 0.0, 0.0013321492007104796, 0.0008880994671403197, 0.0008880994671403197, 0.006216696269982238, 0.011101243339253997, 0.013765541740674956, 0.021314387211367674, 0.03285968028419183, 0.049289520426287745, 0.06349911190053285, 0.0852575488454707, 0.11190053285968028, 0.13676731793960922, 0.10079928952042629, 0.12300177619893428, 0.06127886323268206, 0.049289520426287745, 0.044849023090586145, 0.02708703374777975, 0.015541740674955595, 0.018206039076376555, 0.009769094138543518, 0.0053285968028419185, 0.0026642984014209592, 0.006216696269982238, 0.0008880994671403197, 0.0, 0.0], [0.00023282887077997672, 0.0, 0.00046565774155995343, 0.00046565774155995343, 0.00046565774155995343, 0.0009313154831199069, 0.002328288707799767, 0.0044237485448195574, 0.007916181606519208, 0.013969732246798603, 0.023050058207217696, 0.04260768335273574, 0.06775320139697323, 0.08265424912689173, 0.11059371362048893, 0.1289871944121071, 0.13387660069848661, 0.09662398137369034, 0.1220023282887078, 0.051222351571594875, 0.03050058207217695, 0.03655413271245635, 0.01490104772991851, 0.005355064027939465, 0.010942956926658906, 0.0037252619324796275, 0.0030267753201396975, 0.002561117578579744, 0.001629802095459837, 0.00023282887077997672, 0.0, 0.0], [0.0, 0.0, 0.00017562346329469617, 0.00035124692658939234, 0.0005268703898840885, 0.00035124692658939234, 0.0012293642430628731, 0.0035124692658939235, 0.0043905865823674044, 0.012293642430628733, 0.023533544081489288, 0.028099754127151388, 0.05374077976817703, 0.06673691605198455, 0.10203723217421848, 0.12486828240252898, 0.1517386722866175, 0.09466104671584123, 0.16719353705655077, 0.05409202669476642, 0.03178784685634001, 0.034597822269055147, 0.017211099402880226, 0.005795574288724974, 0.010713031260976466, 0.0043905865823674044, 0.002107481559536354, 0.001931858096241658, 0.0017562346329469617, 0.00017562346329469617, 0.0, 0.0], [0.0, 0.0, 0.0, 0.01098901098901099, 0.01098901098901099, 0.01098901098901099, 0.0, 0.01098901098901099, 0.02197802197802198, 0.06593406593406594, 0.02197802197802198, 0.054945054945054944, 0.04395604395604396, 0.04395604395604396, 0.07692307692307693, 0.10989010989010989, 0.14285714285714285, 0.08791208791208792, 0.03296703296703297, 0.03296703296703297, 0.03296703296703297, 0.04395604395604396, 0.054945054945054944, 0.02197802197802198, 0.06593406593406594, 0.0, 0.0, 0.0, 0.0, 0.0, 0.0, 0.0], [0.00024770869457517957, 0.00012385434728758978, 0.0, 0.00012385434728758978, 0.00024770869457517957, 0.00024770869457517957, 0.0003715630418627694, 0.0016101065147386673, 0.003096358682189745, 0.006564280406242259, 0.01250928907604657, 0.017711171662125342, 0.034183799851374784, 0.05226653455536289, 0.08830814961605152, 0.13462967550161012, 0.17054743621501114, 0.12695070596977953, 0.13648749071092395, 0.07096854099578895, 0.04793163240029725, 0.047683923705722074, 0.01833044339856329, 0.008793658657418876, 0.010899182561307902, 0.004458756502353232, 0.0034679217240525142, 0.0012385434728758979, 0.0, 0.0, 0.0, 0.0], [0.0, 0.0, 0.0, 0.00016265452179570593, 0.0, 0.00032530904359141186, 0.0014638906961613532, 0.0008132726089785296, 0.002114508783344177, 0.0034157449577098243, 0.008620689655172414, 0.012199089134677944, 0.020982433311646065, 0.03074170461938842, 0.052374756018217304, 0.08197787898503578, 0.12865972674040338, 0.11987638256343526, 0.19209499024072868, 0.09808067664281067, 0.0686402081977879, 0.08571893298633702, 0.029765777488614184, 0.014476252439817826, 0.023747560182173066, 0.011385816525699415, 0.005530253741054001, 0.004554326610279766, 0.001951854261548471, 0.00032530904359141186, 0.0, 0.0], [0.0003211303789338471, 0.00010704345964461572, 0.0, 0.00021408691928923143, 0.00021408691928923143, 0.00074930421751231, 0.0008563476771569257, 0.0024619995718261614, 0.0038535645472061657, 0.0074930421751231, 0.014879040890601583, 0.02001712695354314, 0.024834082637550846, 0.039927210447441665, 0.05812459858702633, 0.08895311496467566, 0.1266324127595804, 0.13198458574181118, 0.18336544637122673, 0.09901520017126954, 0.059623207022050956, 0.06893598801113252, 0.02569043031470777, 0.01327338899593235, 0.01798330122029544, 0.004816955684007707, 0.0035324341682723185, 0.002140869192892314, 0.0, 0.0, 0.0, 0.0], [0.0, 0.0, 0.0, 0.0018018018018018018, 0.0018018018018018018, 0.0, 0.0, 0.005405405405405406, 0.009009009009009009, 0.005405405405405406, 0.016216216216216217, 0.02702702702702703, 0.04864864864864865, 0.09009009009009009, 0.09549549549549549, 0.14414414414414414, 0.17477477477477477, 0.12612612612612611, 0.15315315315315314, 0.05045045045045045, 0.023423423423423424, 0.014414414414414415, 0.009009009009009009, 0.0, 0.0036036036036036037, 0.0, 0.0, 0.0, 0.0, 0.0, 0.0, 0.0], [0.0, 0.0, 0.0, 0.0002690100430416069, 0.0, 0.0001793400286944046, 0.0002690100430416069, 0.000896700143472023, 0.002421090387374462, 0.005738880918220947, 0.008877331420373027, 0.01685796269727403, 0.02887374461979914, 0.03613701578192253, 0.056940459110473456, 0.0740674318507891, 0.11809540889526543, 0.09316714490674319, 0.21951219512195122, 0.09711262553802008, 0.06563845050215208, 0.09863701578192252, 0.02968077474892396, 0.011836441893830704, 0.0195480631276901, 0.006904591104734577, 0.003048780487804878, 0.0032281205164992827, 0.0020624103299856527, 0.0, 0.0, 0.0], [0.00018336847895846704, 9.168423947923352e-05, 9.168423947923352e-05, 0.00018336847895846704, 0.0005501054368754011, 0.0006417896763546347, 0.0005501054368754011, 0.0013752635921885027, 0.0016503163106262033, 0.006601265242504813, 0.012102319611258825, 0.025396534335747685, 0.047217383331805265, 0.06802970569359128, 0.10323645365361694, 0.14834509947739982, 0.19207848170899422, 0.12597414504446686, 0.14431099294031355, 0.05125148986889154, 0.029614009351792425, 0.023379481067204548, 0.008251581553131018, 0.0033006326212524067, 0.0027505271843770054, 0.001742000550105437, 0.0011002108737508023, 0.0, 0.0, 0.0, 0.0, 0.0], [0.0, 0.00012672665061462426, 0.0, 0.00012672665061462426, 0.0002534533012292485, 0.0008870865543023698, 0.001013813204916994, 0.0022810797110632366, 0.0036750728678241035, 0.006209605880116588, 0.012926118362691674, 0.022684070460017743, 0.03523000887086554, 0.04802940058294259, 0.07983778988721328, 0.1321758965910531, 0.16677227220884552, 0.12001013813204917, 0.15384615384615385, 0.08021796983905716, 0.04498796096819161, 0.04384742111265999, 0.02052971739956913, 0.010011405398555316, 0.009504498796096819, 0.002534533012292485, 0.0016474464579901153, 0.0006336332530731213, 0.0, 0.0, 0.0, 0.0], [0.0, 0.0, 0.0, 0.0, 0.0003011594639361542, 0.0, 0.0009034783918084626, 0.0009034783918084626, 0.0018069567836169252, 0.003915073031170005, 0.010088842041861166, 0.016262611052552327, 0.028158409878030418, 0.048486673693720825, 0.08462580936605933, 0.11880740852281282, 0.15208552928775787, 0.10103900015057973, 0.1841590121969583, 0.06821261858153893, 0.04577623851829544, 0.054660442704411984, 0.025447974702605028, 0.013100436681222707, 0.01957536515585002, 0.007528986598403855, 0.005872609546755007, 0.004065652763138082, 0.003915073031170005, 0.0003011594639361542, 0.0, 0.0], [0.00039277297721916735, 0.00039277297721916735, 0.00039277297721916735, 0.0007855459544383347, 0.002356637863315004, 0.003142183817753339, 0.004713275726630008, 0.00864100549882168, 0.015710919088766692, 0.03181461115475255, 0.03927729772191673, 0.05734485467399843, 0.06402199528672427, 0.08876669285153181, 0.1190102120974077, 0.11036920659858601, 0.1249018067556952, 0.07659073055773763, 0.13157894736842105, 0.03613511390416339, 0.02670856245090338, 0.028672427336999214, 0.007462686567164179, 0.0054988216810683424, 0.007462686567164179, 0.005106048703849175, 0.0027494108405341712, 0.0, 0.0, 0.0, 0.0, 0.0], [0.0, 0.0, 0.0, 0.002053388090349076, 0.0027378507871321013, 0.0027378507871321013, 0.004106776180698152, 0.010951403148528405, 0.01163586584531143, 0.013004791238877482, 0.025325119780971937, 0.03559206023271732, 0.05270362765229295, 0.05612594113620808, 0.08829568788501027, 0.11704312114989733, 0.13620807665982204, 0.11225188227241616, 0.162217659137577, 0.0568104038329911, 0.03696098562628337, 0.025325119780971937, 0.019164955509924708, 0.009582477754962354, 0.01026694045174538, 0.004106776180698152, 0.0027378507871321013, 0.002053388090349076, 0.0, 0.0, 0.0, 0.0], [0.0003017956843217142, 0.0, 0.0, 0.0, 0.0006035913686434284, 0.0009053870529651426, 0.0033197525275388564, 0.005432322317790856, 0.008148483476686284, 0.01614606911121171, 0.03078315980081485, 0.045571148332578845, 0.0615663196016297, 0.08948242040138826, 0.13460087520748454, 0.14184397163120568, 0.13776972989286254, 0.09144409234947941, 0.10849554851365625, 0.04059151954127056, 0.02550173532518485, 0.026105326693828278, 0.01041195110909914, 0.005583220159951712, 0.009657461898294854, 0.002716161158895428, 0.0010562848951259998, 0.0009053870529651426, 0.0003017956843217142, 0.0007544892108042855, 0.0, 0.0], [0.0, 0.0, 0.0, 0.00047551117451260106, 0.00047551117451260106, 0.00023775558725630053, 0.0023775558725630053, 0.0014265335235378032, 0.00451735615786971, 0.009510223490252021, 0.017356157869709937, 0.02234902520209225, 0.03827864954826438, 0.05397051830718022, 0.07631954350927246, 0.10865430337612934, 0.12601046124583928, 0.10722776985259154, 0.15454113171659534, 0.07085116500237755, 0.05111745126010461, 0.05587256300523062, 0.02615311459819306, 0.015216357584403234, 0.02734189253447456, 0.011650023775558726, 0.008083689966714217, 0.00451735615786971, 0.003566333808844508, 0.0019020446980504042, 0.0, 0.0], [0.0, 0.0, 0.0, 0.0, 0.00021240441801189465, 0.0, 0.0010620220900594733, 0.0010620220900594733, 0.002973661852166525, 0.010832625318606627, 0.016355140186915886, 0.02740016992353441, 0.04715378079864061, 0.06860662701784197, 0.0989804587935429, 0.12383177570093458, 0.14910790144435004, 0.102803738317757, 0.15717926932880205, 0.062446898895497024, 0.045029736618521665, 0.04141886151231946, 0.01784197111299915, 0.005734919286321156, 0.007009345794392523, 0.002548853016142736, 0.006372132540356839, 0.002336448598130841, 0.0016992353440951572, 0.0, 0.0, 0.0], [0.00013442667025137788, 0.00013442667025137788, 0.00013442667025137788, 0.00013442667025137788, 0.0005377066810055115, 0.0013442667025137787, 0.0012098400322624009, 0.003226240086033069, 0.005242640139803737, 0.009141013577093696, 0.023255813953488372, 0.034278800914101355, 0.058475601559349374, 0.07850517542680467, 0.11506922973517945, 0.14665949724425326, 0.16010216426939106, 0.11332168302191155, 0.10982658959537572, 0.057803468208092484, 0.0315902675090738, 0.023255813953488372, 0.012904960344132277, 0.004704933458798226, 0.005780346820809248, 0.0008065600215082673, 0.002150826724022046, 0.00026885334050275576, 0.0, 0.0, 0.0, 0.0], [0.0, 0.0, 0.0, 0.00022593764121102577, 0.00022593764121102577, 0.0011296882060551287, 0.0015815634884771804, 0.0031631269769543608, 0.00587437867148667, 0.00858563036601898, 0.017397198373248983, 0.02553095345684591, 0.044283777677361046, 0.06168097605061003, 0.0973791233619521, 0.1348847718029824, 0.15928603705377317, 0.1183913239945775, 0.1344328965205603, 0.061003163126976956, 0.03953908721192951, 0.0377315860822413, 0.01649344780840488, 0.0076818798011748755, 0.012652507907817443, 0.004066877541798464, 0.0031631269769543608, 0.0027112516945323093, 0.0009037505648441031, 0.0, 0.0, 0.0], [0.0, 0.0, 0.0, 0.0002666666666666667, 0.0, 0.0010666666666666667, 0.0018666666666666666, 0.0026666666666666666, 0.005866666666666667, 0.005866666666666667, 0.012266666666666667, 0.0216, 0.0328, 0.04586666666666667, 0.08373333333333334, 0.1088, 0.13866666666666666, 0.10613333333333333, 0.17573333333333332, 0.0768, 0.046933333333333334, 0.06213333333333333, 0.0232, 0.013866666666666666, 0.018666666666666668, 0.0104, 0.0026666666666666666, 0.0010666666666666667, 0.0008, 0.0002666666666666667, 0.0, 0.0], [0.0, 0.0, 0.0002945508100147275, 0.0, 0.0002945508100147275, 0.0004418262150220913, 0.000589101620029455, 0.002061855670103093, 0.001914580265095729, 0.005449189985272459, 0.012223858615611193, 0.02695139911634757, 0.045213549337260676, 0.07393225331369661, 0.10986745213549337, 0.12061855670103093, 0.14256259204712812, 0.10014727540500737, 0.15066273932253313, 0.05625920471281296, 0.03946980854197349, 0.04212076583210604, 0.023711340206185566, 0.010898379970544918, 0.01796759941089838, 0.006185567010309278, 0.00471281296023564, 0.002650957290132548, 0.002650957290132548, 0.00014727540500736376, 0.0, 0.0], [0.0, 0.0, 9.315323707498835e-05, 0.0, 9.315323707498835e-05, 0.0001863064741499767, 0.00027945971122496507, 0.0012109920819748487, 0.0020493712156497436, 0.0055891942244993015, 0.011271541686073592, 0.021145784816022358, 0.03688868188169539, 0.0519795062878435, 0.07647880763856545, 0.09455053563111318, 0.12454587796925944, 0.1000465766185375, 0.21080577550069865, 0.08588728458313927, 0.05309734513274336, 0.0647414997671169, 0.021145784816022358, 0.009222170470423847, 0.01648812296227294, 0.005868653935724266, 0.0027945971122496508, 0.002142524452724732, 0.0012109920819748487, 0.0001863064741499767, 0.0, 0.0], [0.0, 0.0, 0.0, 0.0, 0.0, 0.00012007684918347742, 0.0007204610951008645, 0.0006003842459173872, 0.002281460134486071, 0.005283381364073006, 0.008165225744476465, 0.01909221902017291, 0.03362151777137368, 0.05739673390970221, 0.08981748318924111, 0.13064361191162344, 0.17579250720461095, 0.12343900096061479, 0.19080211335254563, 0.06664265129682997, 0.03182036503362152, 0.0409462055715658, 0.010206532180595581, 0.0037223823246878003, 0.004442843419788665, 0.0013208453410182516, 0.0012007684918347744, 0.0018011527377521613, 0.00012007684918347742, 0.0, 0.0, 0.0], [0.0, 0.004098360655737705, 0.0, 0.004098360655737705, 0.004098360655737705, 0.020491803278688523, 0.028688524590163935, 0.020491803278688523, 0.06967213114754098, 0.040983606557377046, 0.040983606557377046, 0.08196721311475409, 0.0778688524590164, 0.10245901639344263, 0.10245901639344263, 0.11475409836065574, 0.09836065573770492, 0.05737704918032787, 0.05327868852459016, 0.01639344262295082, 0.028688524590163935, 0.00819672131147541, 0.00819672131147541, 0.01639344262295082, 0.0, 0.0, 0.0, 0.0, 0.0, 0.0, 0.0, 0.0]]}, "ranks": {"labels": ["Unranked", "Combatatent I", "Combatatent II", "Challenger I", "Challenger II", "Rival I", "Rival II", "Duelist", "Elite"], "data": [[0.12280701754385964, 0.1543859649122807, 0.18596491228070175, 0.21403508771929824, 0.15789473684210525, 0.09473684210526316, 0.031578947368421054, 0.03859649122807018, 0.0], [0.052166224580017684, 0.08355437665782493, 0.14014146772767463, 0.23430592396109637, 0.2413793103448276, 0.16357206012378425, 0.041998231653404064, 0.03138815207780725, 0.011494252873563218], [0.010404949381327334, 0.02109111361079865, 0.05329021372328459, 0.1217660292463442, 0.23523622047244094, 0.2955568053993251, 0.09800337457817773, 0.11656355455568054, 0.048087739032620924], [0.021879021879021878, 0.03873873873873874, 0.0924066924066924, 0.18931788931788932, 0.2728442728442728, 0.22110682110682112, 0.08030888030888031, 0.06962676962676963, 0.013770913770913771], [0.13592233009708737, 0.1262135922330097, 0.1941747572815534, 0.13592233009708737, 0.1262135922330097, 0.1650485436893204, 0.04854368932038835, 0.06796116504854369, 0.0], [0.010987556261583268, 0.03177124702144559, 0.09465184008472333, 0.212205454064072, 0.26131850675139, 0.1952607889859677, 0.07188244638602065, 0.08670902832936193, 0.03521313211543553], [0.06660997732426303, 0.08701814058956917, 0.15617913832199545, 0.24404761904761904, 0.2128684807256236, 0.11706349206349206, 0.04478458049886622, 0.04081632653061224, 0.030612244897959183], [0.2733812949640288, 0.1906474820143885, 0.20503597122302158, 0.13309352517985612, 0.09352517985611511, 0.039568345323741004, 0.04316546762589928, 0.02158273381294964, 0.0], [0.04359876345805351, 0.08975588956401237, 0.14635966314891802, 0.2252425114593327, 0.21309028888178233, 0.12503997441637352, 0.060761112887751836, 0.0643854599722844, 0.03176633621149131], [0.007659574468085106, 0.01574468085106383, 0.03531914893617021, 0.1097872340425532, 0.17617021276595746, 0.22127659574468084, 0.13574468085106384, 0.18638297872340426, 0.11191489361702128], [0.04296743873783149, 0.06915072171869754, 0.13695871097683787, 0.2098019469620678, 0.23833501174890903, 0.1732124874118832, 0.05807317891910037, 0.05337361530715005, 0.01812688821752266], [0.05778369131343851, 0.11955901919787112, 0.19292910093138185, 0.2674396502566052, 0.19711081543432807, 0.09066717354115188, 0.03820566432237217, 0.028701767724767156, 0.0076031172780840145], [0.024559530165509876, 0.06424630717209467, 0.12368748887702438, 0.22156967431927388, 0.25253603844100375, 0.17672183662573412, 0.06157679302366969, 0.056415732336714715, 0.01868659903897491], [0.025631681243926143, 0.05284256559766764, 0.09645286686103012, 0.19484936831875607, 0.255466472303207, 0.1966715257531584, 0.07896015549076774, 0.0727648202137998, 0.026360544217687076], [0.010606808090774543, 0.03206709422792304, 0.08954119388258511, 0.18894918598914653, 0.2691169215589541, 0.21262950172668968, 0.08904785397138629, 0.08238776517020227, 0.025653675382338433], [0.034191829484902306, 0.0541740674955595, 0.1127886323268206, 0.19715808170515098, 0.23756660746003552, 0.1558614564831261, 0.07770870337477798, 0.08747779751332149, 0.043072824156305506], [0.03119906868451688, 0.06565774155995344, 0.15040745052386495, 0.23958090803259605, 0.23050058207217694, 0.15064027939464494, 0.05308498253783469, 0.05681024447031432, 0.02211874272409779], [0.0228310502283105, 0.051633298208640675, 0.12047769582016157, 0.22690551457674746, 0.24639971900245872, 0.19810326659641728, 0.0549701440112399, 0.05760449596066034, 0.02107481559536354], [0.13186813186813187, 0.07692307692307693, 0.08791208791208792, 0.18681318681318682, 0.23076923076923078, 0.03296703296703297, 0.06593406593406594, 0.12087912087912088, 0.06593406593406594], [0.012633143423334159, 0.03022046073817191, 0.08645033440673767, 0.22293782511766164, 0.2974981421847907, 0.17624473619024028, 0.07914292791676988, 0.07480802576170424, 0.020064404260589547], [0.008295380611581003, 0.02081977878985036, 0.05172413793103448, 0.1343526350032531, 0.24853610930383865, 0.244469746258946, 0.11434612882238127, 0.12996096291476902, 0.04749512036434613], [0.01627060586598159, 0.034896167844144725, 0.06476129308499251, 0.147077713551702, 0.2586169985013916, 0.23667308927424535, 0.10533076429030186, 0.10789980732177264, 0.02847356026546778], [0.023423423423423424, 0.043243243243243246, 0.13873873873873874, 0.23963963963963963, 0.3009009009009009, 0.1927927927927928, 0.03423423423423423, 0.023423423423423424, 0.0036036036036036037], [0.00977403156384505, 0.025735294117647058, 0.06501076040172167, 0.13100789096126256, 0.21126255380200862, 0.26918938307030127, 0.11307388809182209, 0.1401542324246772, 0.03479196556671449], [0.011918951132300357, 0.03749885394700651, 0.11524708902539653, 0.25158155313101677, 0.3180526267534611, 0.1729164756578344, 0.05226001650316311, 0.03493169524158797, 0.005592738608233245], [0.014573564820681789, 0.035610188822709415, 0.08325940945380814, 0.21201368647826638, 0.2867824103408947, 0.19921429476618932, 0.07983778988721328, 0.07438854391078444, 0.014320111519452542], [0.00783014606234001, 0.02635145309441349, 0.07664508357175125, 0.20343321788887217, 0.2531245294383376, 0.22240626411684988, 0.07574160517994279, 0.09320885408823973, 0.041258846559253125], [0.06834249803613511, 0.09662215239591516, 0.15278868813825608, 0.2293794186959937, 0.20149253731343283, 0.14925373134328357, 0.045168892380204245, 0.041633935585231735, 0.015318146111547526], [0.04722792607802875, 0.06091718001368925, 0.10882956878850103, 0.2053388090349076, 0.24845995893223818, 0.19301848049281314, 0.06297056810403832, 0.054072553045859, 0.019164955509924708], [0.03485740153915799, 0.0763543081333937, 0.15104874000301796, 0.2764448468386902, 0.22921382224234194, 0.12962124641617626, 0.044967556963935416, 0.04210049796287913, 0.015391579900407425], [0.019020446980504042, 0.03970518307180219, 0.0922491678554446, 0.1849738468854018, 0.2332382310984308, 0.19163100332857821, 0.08487874465049929, 0.09724203518782691, 0.05706134094151213], [0.016142735768903994, 0.0437553101104503, 0.11576040781648259, 0.22281223449447748, 0.25191163976210706, 0.19350042480883603, 0.07115548003398471, 0.06499575191163977, 0.019966015293118096], [0.021239413899717705, 0.05753461486758973, 0.13698077698615405, 0.2617287269794327, 0.2734238472913026, 0.14289555047721467, 0.05632477483532733, 0.04086570775641887, 0.009006586906842317], [0.02078626299141437, 0.04292815183009489, 0.10596475372797108, 0.23226389516493448, 0.27767736104835067, 0.16945323090826933, 0.06552191595119747, 0.06190691369182106, 0.02349751468594668], [0.0176, 0.03386666666666667, 0.07866666666666666, 0.19253333333333333, 0.2448, 0.2192, 0.08026666666666667, 0.0992, 0.03386666666666667], [0.011045655375552283, 0.03917525773195876, 0.1191458026509573, 0.23048600883652431, 0.2427098674521355, 0.1829160530191458, 0.06347569955817378, 0.07673048600883653, 0.03431516936671576], [0.009501630181648813, 0.032417326502095944, 0.0888681881695389, 0.1710293432696786, 0.22459245458779692, 0.2553330228225431, 0.0944573823940382, 0.09510945505356311, 0.028691197019096414], [0.009005763688760807, 0.027257444764649377, 0.09101825168107588, 0.22046109510086456, 0.29923150816522576, 0.22838616714697407, 0.060878962536023054, 0.054875120076849186, 0.00888568683957733], [0.19262295081967212, 0.12295081967213115, 0.18032786885245902, 0.21721311475409835, 0.1557377049180328, 0.06557377049180328, 0.03278688524590164, 0.03278688524590164, 0.0]]}, "ranksDetailed": {"labels": ["Unranked", "Combatatant", "Challenger", "Rival", "Duelist", "Elite"], "data": [[0.12280701754385964, 0.34035087719298246, 0.3719298245614035, 0.12631578947368421, 0.03859649122807018, 0.0], [0.052166224580017684, 0.22369584438549955, 0.47568523430592397, 0.20557029177718833, 0.03138815207780725, 0.011494252873563218], [0.010404949381327334, 0.07438132733408324, 0.35700224971878514, 0.3935601799775028, 0.11656355455568054, 0.048087739032620924], [0.021879021879021878, 0.13114543114543115, 0.46216216216216216, 0.3014157014157014, 0.06962676962676963, 0.013770913770913771], [0.13592233009708737, 0.32038834951456313, 0.2621359223300971, 0.21359223300970873, 0.06796116504854369, 0.0], [0.010987556261583268, 0.12642308710616892, 0.473523960815462, 0.26714323537198836, 0.08670902832936193, 0.03521313211543553], [0.06660997732426303, 0.24319727891156462, 0.45691609977324266, 0.16184807256235828, 0.04081632653061224, 0.030612244897959183], [0.2733812949640288, 0.39568345323741005, 0.22661870503597123, 0.08273381294964029, 0.02158273381294964, 0.0], [0.04359876345805351, 0.2361155527129304, 0.438332800341115, 0.18580108730412537, 0.0643854599722844, 0.03176633621149131], [0.007659574468085106, 0.05106382978723404, 0.28595744680851065, 0.3570212765957447, 0.18638297872340426, 0.11191489361702128], [0.04296743873783149, 0.20610943269553542, 0.44813695871097686, 0.23128566633098355, 0.05337361530715005, 0.01812688821752266], [0.05778369131343851, 0.312488120129253, 0.4645504656909333, 0.12887283786352405, 0.028701767724767156, 0.0076031172780840145], [0.024559530165509876, 0.18793379604911906, 0.47410571276027763, 0.23829862964940382, 0.056415732336714715, 0.01868659903897491], [0.025631681243926143, 0.14929543245869775, 0.45031584062196306, 0.2756316812439261, 0.0727648202137998, 0.026360544217687076], [0.010606808090774543, 0.12160828811050814, 0.4580661075481006, 0.30167735569807597, 0.08238776517020227, 0.025653675382338433], [0.034191829484902306, 0.1669626998223801, 0.43472468916518653, 0.23357015985790408, 0.08747779751332149, 0.043072824156305506], [0.03119906868451688, 0.21606519208381839, 0.470081490104773, 0.20372526193247964, 0.05681024447031432, 0.02211874272409779], [0.0228310502283105, 0.17211099402880226, 0.4733052335792062, 0.2530734106076572, 0.05760449596066034, 0.02107481559536354], [0.13186813186813187, 0.16483516483516483, 0.4175824175824176, 0.0989010989010989, 0.12087912087912088, 0.06593406593406594], [0.012633143423334159, 0.11667079514490959, 0.5204359673024523, 0.25538766410701014, 0.07480802576170424, 0.020064404260589547], [0.008295380611581003, 0.07254391672088484, 0.38288874430709174, 0.3588158750813273, 0.12996096291476902, 0.04749512036434613], [0.01627060586598159, 0.09965746092913723, 0.40569471205309354, 0.3420038535645472, 0.10789980732177264, 0.02847356026546778], [0.023423423423423424, 0.18198198198198198, 0.5405405405405406, 0.22702702702702704, 0.023423423423423424, 0.0036036036036036037], [0.00977403156384505, 0.09074605451936872, 0.3422704447632712, 0.3822632711621234, 0.1401542324246772, 0.03479196556671449], [0.011918951132300357, 0.15274594297240304, 0.5696341798844778, 0.22517649216099753, 0.03493169524158797, 0.005592738608233245], [0.014573564820681789, 0.11886959827651755, 0.4987960968191611, 0.2790520846534026, 0.07438854391078444, 0.014320111519452542], [0.00783014606234001, 0.10299653666616473, 0.4565577473272098, 0.29814786929679266, 0.09320885408823973, 0.041258846559253125], [0.06834249803613511, 0.24941084053417126, 0.43087195600942657, 0.19442262372348781, 0.041633935585231735, 0.015318146111547526], [0.04722792607802875, 0.1697467488021903, 0.4537987679671458, 0.25598904859685145, 0.054072553045859, 0.019164955509924708], [0.03485740153915799, 0.22740304813641166, 0.5056586690810322, 0.17458880338011165, 0.04210049796287913, 0.015391579900407425], [0.019020446980504042, 0.13195435092724678, 0.41821207798383264, 0.2765097479790775, 0.09724203518782691, 0.05706134094151213], [0.016142735768903994, 0.1595157179269329, 0.4747238742565845, 0.26465590484282076, 0.06499575191163977, 0.019966015293118096], [0.021239413899717705, 0.19451539185374378, 0.5351525742707353, 0.199220325312542, 0.04086570775641887, 0.009006586906842317], [0.02078626299141437, 0.14889290555806597, 0.5099412562132851, 0.2349751468594668, 0.06190691369182106, 0.02349751468594668], [0.0176, 0.11253333333333333, 0.43733333333333335, 0.29946666666666666, 0.0992, 0.03386666666666667], [0.011045655375552283, 0.15832106038291605, 0.4731958762886598, 0.2463917525773196, 0.07673048600883653, 0.03431516936671576], [0.009501630181648813, 0.12128551467163484, 0.39562179785747553, 0.3497904052165813, 0.09510945505356311, 0.028691197019096414], [0.009005763688760807, 0.11827569644572526, 0.5196926032660903, 0.2892651296829971, 0.054875120076849186, 0.00888568683957733], [0.19262295081967212, 0.30327868852459017, 0.3729508196721312, 0.09836065573770492, 0.03278688524590164, 0.0]]}}}, "eu": {"histType": {"histogram": {"labels": ["0", "100", "200", "300", "400", "500", "600", "700", "800", "900", "1000", "1100", "1200", "1300", "1400", "1500", "1600", "1700", "1800", "1900", "2000", "2100", "2200", "2300", "2400", "2500", "2600", "2700", "2800", "2900", "3000", "3100"], "data": [[0.0, 0.0, 0.004424778761061947, 0.0, 0.0, 0.008849557522123894, 0.017699115044247787, 0.017699115044247787, 0.04424778761061947, 0.04424778761061947, 0.0752212389380531, 0.061946902654867256, 0.061946902654867256, 0.10176991150442478, 0.1415929203539823, 0.12831858407079647, 0.0752212389380531, 0.08849557522123894, 0.048672566371681415, 0.02654867256637168, 0.01327433628318584, 0.01327433628318584, 0.0, 0.022123893805309734, 0.004424778761061947, 0.0, 0.0, 0.0, 0.0, 0.0, 0.0, 0.0], [0.0, 0.0, 0.00047596382674916705, 0.0009519276534983341, 0.0009519276534983341, 0.0033317467872441696, 0.00475963826749167, 0.007615421227986673, 0.018086625416468348, 0.026653974297953357, 0.036173250832936696, 0.049976201808662545, 0.06187529747739172, 0.07900999524036173, 0.12041884816753927, 0.1199428843407901, 0.1561161351737268, 0.08805330794859591, 0.1275583055687768, 0.03664921465968586, 0.01903855306996668, 0.021894336030461686, 0.005235602094240838, 0.00475963826749167, 0.005711565920990005, 0.0019038553069966682, 0.0019038553069966682, 0.0009519276534983341, 0.0, 0.0, 0.0, 0.0], [0.0, 0.0, 0.0, 0.0001485663348685188, 0.0001485663348685188, 0.0001485663348685188, 0.0001485663348685188, 0.0014856633486851878, 0.002822760362501857, 0.004011291041450008, 0.00980537810132224, 0.01485663348685188, 0.02198781756054078, 0.029861833308572276, 0.049324023176348236, 0.07131184073688902, 0.13697816074877434, 0.10369930173822611, 0.2387461001337097, 0.08631704055860942, 0.06254642697964641, 0.07978012182439459, 0.029267567969098202, 0.013965235477640767, 0.022879215569751893, 0.008913980092111128, 0.004011291041450008, 0.003565592036844451, 0.002079928688159263, 0.0011885306789481504, 0.0, 0.0], [0.0, 0.0, 0.0, 0.0001235635734585444, 0.0001235635734585444, 0.0002471271469170888, 0.000864945014209811, 0.0025948350426294327, 0.004077597924131966, 0.008896577289015198, 0.017175336710737673, 0.026442604720128507, 0.035092054862226614, 0.046459903620412704, 0.08056344989497097, 0.1062646731743482, 0.16322748053873717, 0.11689114049178302, 0.18287408871864574, 0.07969850488076115, 0.046707030767329794, 0.04707772148770543, 0.013344865933522798, 0.006795996540219943, 0.008896577289015198, 0.0027183986160879774, 0.00037069072037563324, 0.0009885085876683553, 0.0012356357345854442, 0.0002471271469170888, 0.0, 0.0], [0.0, 0.0, 0.0, 0.0, 0.0, 0.019801980198019802, 0.0297029702970297, 0.04950495049504951, 0.04950495049504951, 0.0297029702970297, 0.07920792079207921, 0.10891089108910891, 0.0297029702970297, 0.0297029702970297, 0.09900990099009901, 0.10891089108910891, 0.0594059405940594, 0.0891089108910891, 0.0594059405940594, 0.04950495049504951, 0.04950495049504951, 0.009900990099009901, 0.019801980198019802, 0.009900990099009901, 0.009900990099009901, 0.009900990099009901, 0.0, 0.0, 0.0, 0.0, 0.0, 0.0], [0.0, 0.0001339046598821639, 0.0001339046598821639, 0.0002678093197643278, 0.0004017139796464917, 0.0001339046598821639, 0.0002678093197643278, 0.0018746652383502945, 0.0029459025174076057, 0.0062935190144617036, 0.01164970540974826, 0.02021960364220675, 0.03267273701124799, 0.056106052490626675, 0.08770755222281736, 0.11314943760042849, 0.14997321906802358, 0.10739153722549545, 0.16001606855918585, 0.07565613283342261, 0.044456347080878415, 0.05891805034815212, 0.022094268880557044, 0.010712372790573112, 0.019550080342795928, 0.008971612212104981, 0.0030798071772897696, 0.002678093197643278, 0.001339046598821639, 0.001205141938939475, 0.0, 0.0], [0.0002586652871184687, 0.0002586652871184687, 0.0002586652871184687, 0.0012933264355923435, 0.003362648732540093, 0.002586652871184687, 0.004397309881013968, 0.010605276771857217, 0.01991722710812209, 0.027159855147439214, 0.042162441800310396, 0.05613036730470771, 0.07242628039317124, 0.08432488360062079, 0.09570615623383343, 0.11924469736161407, 0.12752198654940508, 0.08044490429384377, 0.08872219348163476, 0.04759441282979824, 0.02767718572167615, 0.030781169167097777, 0.012674599068804967, 0.007501293326435592, 0.01189860320744956, 0.006983962752198655, 0.00750129332643559