{"region": {"us": {"histType": {"histogram": {"labels": ["0", "100", "200", "300", "400", "500", "600", "700", "800", "900", "1000", "1100", "1200", "1300", "1400", "1500", "1600", "1700", "1800", "1900", "2000", "2100", "2200", "2300", "2400", "2500", "2600", "2700", "2800", "2900", "3000", "3100", "3200"], "data": [[0.0, 0.0, 0.0028208744710860366, 0.005641748942172073, 0.004231311706629055, 0.007052186177715092, 0.012693935119887164, 0.014104372355430184, 0.036671368124118475, 0.04936530324400564, 0.08321579689703808, 0.10296191819464035, 0.11706629055007052, 0.1325811001410437, 0.1325811001410437, 0.09873060648801128, 0.06770098730606489, 0.04231311706629055, 0.04231311706629055, 0.015514809590973202, 0.014104372355430184, 0.00846262341325811, 0.004231311706629055, 0.005641748942172073, 0.0, 0.0, 0.0, 0.0, 0.0, 0.0, 0.0, 0.0, 0.0], [0.0, 0.00025581990278843696, 0.00025581990278843696, 0.00025581990278843696, 0.0010232796111537478, 0.0020465592223074956, 0.004604758250191865, 0.009465336403172167, 0.01586083397288309, 0.028907649015093375, 0.03862880532105398, 0.05525709900230238, 0.08262982860066513, 0.09439754412893323, 0.13046815042210283, 0.13635200818623688, 0.14402660526989, 0.08339728830903044, 0.10386288053210539, 0.03300076745970836, 0.017139933486825274, 0.00665131747249936, 0.004093118444614991, 0.0028140189306728063, 0.0012790995139421847, 0.0015349194167306216, 0.0010232796111537478, 0.0007674597083653108, 0.0, 0.0, 0.0, 0.0, 0.0], [0.00012189176011701609, 0.0, 0.0, 0.00024378352023403217, 0.00024378352023403217, 0.00024378352023403217, 0.00024378352023403217, 0.0006094588005850804, 0.0024378352023403218, 0.0035348610433934666, 0.0049975621647976596, 0.007069722086786933, 0.01182350073135056, 0.01877133105802048, 0.024987810823988297, 0.03705509507557289, 0.08764017552413457, 0.16248171623598245, 0.37140419307654804, 0.08776206728425158, 0.05204778156996587, 0.06045831301803998, 0.02364700146270112, 0.009507557289127255, 0.01901511457825451, 0.006460263286201853, 0.0024378352023403218, 0.004144319843978547, 0.00012189176011701609, 0.00048756704046806434, 0.0, 0.0, 0.0], [0.0, 0.0, 0.0, 0.0, 0.00011862396204033214, 0.0, 0.000830367734282325, 0.0017793594306049821, 0.004626334519572953, 0.007829181494661922, 0.011743772241992882, 0.012455516014234875, 0.025266903914590747, 0.027995255041518386, 0.042111506524317915, 0.0498220640569395, 0.06975088967971531, 0.04175563463819692, 0.2680901542111507, 0.1557532621589561, 0.0900355871886121, 0.09845788849347568, 0.032977461447212336, 0.013879003558718862, 0.02823250296559905, 0.006880189798339265, 0.004744958481613286, 0.0020166073546856464, 0.0028469750889679717, 0.0, 0.0, 0.0, 0.0], [0.0, 0.0, 0.0, 0.0, 0.010416666666666666, 0.005208333333333333, 0.03125, 0.026041666666666668, 0.057291666666666664, 0.052083333333333336, 0.07291666666666667, 0.08854166666666667, 0.10416666666666667, 0.11458333333333333, 0.09375, 0.10416666666666667, 0.078125, 0.03125, 0.0625, 0.026041666666666668, 0.036458333333333336, 0.005208333333333333, 0.0, 0.0, 0.0, 0.0, 0.0, 0.0, 0.0, 0.0, 0.0, 0.0, 0.0], [0.0, 0.0, 0.0, 0.0, 0.0, 0.0, 0.0, 0.001200742277043991, 0.0013099006658661718, 0.004693810719353782, 0.007313612051086126, 0.011352472437506823, 0.021504202597969653, 0.06909726012444056, 0.12302150420259797, 0.14932867590874357, 0.17781901539133282, 0.11068660626569152, 0.1486737255758105, 0.056107411854601025, 0.0327475166466543, 0.03951533675362952, 0.014845540879816614, 0.00775024560637485, 0.01211658115926209, 0.004693810719353782, 0.0029472764981988866, 0.0013099006658661718, 0.0013099006658661718, 0.0006549503329330859, 0.0, 0.0, 0.0], [0.0, 0.0, 0.00041118421052631577, 0.002261513157894737, 0.001644736842105263, 0.0034950657894736842, 0.0069901315789473685, 0.012952302631578948, 0.019325657894736843, 0.03618421052631579, 0.050370065789473686, 0.06907894736842106, 0.09354440789473684, 0.11328125, 0.12273848684210527, 0.11924342105263158, 0.12047697368421052, 0.06640625, 0.07257401315789473, 0.027754934210526317, 0.017269736842105265, 0.015419407894736841, 0.008429276315789474, 0.004934210526315789, 0.006167763157894737, 0.003700657894736842, 0.0024671052631578946, 0.0014391447368421052, 0.0010279605263157894, 0.00020559210526315788, 0.00020559210526315788, 0.0, 0.0], [0.00273224043715847, 0.00273224043715847, 0.0, 0.00819672131147541, 0.00546448087431694, 0.01912568306010929, 0.01366120218579235, 0.03278688524590164, 0.05737704918032787, 0.12568306010928962, 0.11748633879781421, 0.13114754098360656, 0.10109289617486339, 0.11202185792349727, 0.06830601092896176, 0.07103825136612021, 0.05191256830601093, 0.01092896174863388, 0.02185792349726776, 0.03278688524590164, 0.01092896174863388, 0.00273224043715847, 0.0, 0.0, 0.0, 0.0, 0.0, 0.0, 0.0, 0.0, 0.0, 0.0, 0.0], [0.00021710811984368216, 0.00021710811984368216, 0.0004342162396873643, 0.0003256621797655232, 0.0004342162396873643, 0.0013026487190620929, 0.001628310898827616, 0.004342162396873643, 0.007164567954841511, 0.01606600086843248, 0.02540165002171081, 0.03354320451584889, 0.04081632653061224, 0.04504993486756405, 0.05590534085974815, 0.06665219279201041, 0.2042987407729049, 0.1347155883630048, 0.14698219713417282, 0.06491532783326097, 0.043095961788970905, 0.04266174554928354, 0.021819366044290057, 0.012917933130699088, 0.0182370820668693, 0.005210594876248371, 0.0021710811984368217, 0.00303951367781155, 0.0004342162396873643, 0.0, 0.0, 0.0, 0.0], [0.0, 0.0, 0.0, 0.0, 0.00039840637450199205, 0.0007968127490039841, 0.001195219123505976, 0.0015936254980079682, 0.002390438247011952, 0.009163346613545816, 0.013147410358565738, 0.01593625498007968, 0.022310756972111555, 0.03824701195219123, 0.061752988047808766, 0.07888446215139443, 0.1051792828685259, 0.08884462151394422, 0.17768924302788844, 0.06812749003984064, 0.07370517928286853, 0.09721115537848606, 0.04342629482071713, 0.016733067729083666, 0.04661354581673307, 0.013545816733067729, 0.01195219123505976, 0.007569721115537849, 0.0027888446215139444, 0.0007968127490039841, 0.0, 0.0, 0.0], [0.0, 0.0, 0.0001798237727027513, 0.0, 0.0008991188635137566, 0.000539471318108254, 0.001258766408919259, 0.004315770544866032, 0.008631541089732063, 0.014565725588922855, 0.021039381406221903, 0.030030570041359467, 0.05412695558352814, 0.06311814421866571, 0.10124078403164899, 0.12497752202841216, 0.15267038302463587, 0.0963855421686747, 0.1440388419349038, 0.0620392015824492, 0.03812263981298328, 0.03722352094946952, 0.012947311634598094, 0.008451717317029312, 0.013666606725409099, 0.0034166516813522747, 0.0026973565905412697, 0.0014385901816220104, 0.0019780614997302643, 0.0, 0.0, 0.0, 0.0], [0.0, 0.0, 0.00044176115446915035, 0.00044176115446915035, 0.00044176115446915035, 0.0033868355175968195, 0.0064791635988808716, 0.01281107347960536, 0.021499042850831984, 0.03681342953909586, 0.0596377558533353, 0.07524664997791194, 0.09821823001030776, 0.1192755117066706, 0.13886025622146958, 0.1201590340156089, 0.10219408040053012, 0.05934324841702253, 0.06155205418936828, 0.026800176704461786, 0.018553968487704315, 0.015019879251951113, 0.007951700780444706, 0.00427035782653512, 0.003975850390222353, 0.003681342953909586, 0.0014725371815638344, 0.0002945074363127669, 0.0011780297452510676, 0.0, 0.0, 0.0, 0.0], [0.0, 0.0, 0.0, 0.0, 0.00012879958784131891, 0.0005151983513652757, 0.0016743946419371459, 0.0020607934054611026, 0.004379185986604843, 0.005280783101494075, 0.012751159196290572, 0.019191138588356516, 0.02743431221020093, 0.03361669242658424, 0.047527047913446675, 0.04379185986604843, 0.22565687789799072, 0.1545595054095827, 0.21483771251931993, 0.07547655847501288, 0.04005667181865018, 0.04198866563626996, 0.0163575476558475, 0.01069036579082947, 0.013523956723338485, 0.0037351880473982485, 0.0018031942297784646, 0.0010303967027305513, 0.0019319938176197836, 0.0, 0.0, 0.0, 0.0], [0.00021369804466289135, 0.0, 0.0, 0.00010684902233144567, 0.00010684902233144567, 0.000320547066994337, 0.001282188267977348, 0.001602735334971685, 0.004167111870926381, 0.010150657121487338, 0.01624105139437974, 0.018912276952665882, 0.025002671225558284, 0.06421626242119885, 0.14275029383481141, 0.15076397050966983, 0.1714926808419703, 0.10984079495672615, 0.13462976813762154, 0.05342451116572283, 0.02938348114114756, 0.03152046158777647, 0.01132599636713324, 0.005342451116572284, 0.009082166898172882, 0.002884923602949033, 0.0018164333796345763, 0.0021369804466289132, 0.0005342451116572283, 0.000641094133988674, 0.00010684902233144567, 0.0, 0.0], [0.0, 0.0, 0.0, 0.00018331805682859762, 0.0005499541704857929, 0.00018331805682859762, 0.0012832263978001834, 0.0018331805682859762, 0.004032997250229147, 0.006966086159486709, 0.01466544454628781, 0.02548120989917507, 0.044729605866177816, 0.06526122823098075, 0.09624197983501374, 0.11915673693858846, 0.15857011915673694, 0.11732355637030248, 0.15178735105407884, 0.06947754353803849, 0.042713107241063246, 0.03703024747937672, 0.015582034830430797, 0.006049495875343721, 0.010632447296058662, 0.00458295142071494, 0.002933088909257562, 0.0009165902841429881, 0.0009165902841429881, 0.0009165902841429881, 0.0, 0.0, 0.0], [0.0, 0.0, 0.0002516356316054353, 0.0002516356316054353, 0.0017614494212380473, 0.0032712632108706594, 0.001509813789632612, 0.0055359838953195776, 0.01132360342224459, 0.017866129843985907, 0.03019627579265224, 0.046804227478610974, 0.06592853548062405, 0.09285354806240563, 0.11550075490689482, 0.12908907901358832, 0.13160543532964267, 0.09511826874685456, 0.10241570206341218, 0.04579768495218923, 0.028938097634625064, 0.03069954705586311, 0.013839959738298943, 0.006542526421741319, 0.012078510317060896, 0.005284348263714142, 0.002264720684448918, 0.0027679919476597888, 0.0002516356316054353, 0.0002516356316054353, 0.0, 0.0, 0.0], [0.0001892863903085368, 0.0, 0.0005678591709256105, 0.0013250047321597578, 0.0005678591709256105, 0.0013250047321597578, 0.0034071550255536627, 0.007192882831724399, 0.01192504258943782, 0.02025364376301344, 0.03236797274275979, 0.05318947567669884, 0.0745788377815635, 0.10240393715691842, 0.12417187204240016, 0.12890403180011356, 0.13590762824152944, 0.079689570319894, 0.11281468862388794, 0.038425137232632973, 0.02309293961764149, 0.022903653227332954, 0.010032178686352452, 0.004542873367404884, 0.004921446148021957, 0.0018928639030853683, 0.0005678591709256105, 0.0013250047321597578, 0.0013250047321597578, 0.0001892863903085368, 0.0, 0.0, 0.0], [0.0, 0.0, 0.00012784454103809768, 0.00025568908207619537, 0.000383533623114293, 0.00025568908207619537, 0.000767067246228586, 0.0016619790334952698, 0.002684735361800051, 0.006264382510866786, 0.012400920480695474, 0.014190744055228842, 0.027742265405267193, 0.03323958066990539, 0.14689337765277422, 0.15776016364101253, 0.1746356430580414, 0.11173612886729736, 0.17450779851700332, 0.04691894656098185, 0.02531321912554334, 0.02927639989772437, 0.010227563283047815, 0.0063922270519048835, 0.008565584249552545, 0.0031961135259524417, 0.0012784454103809768, 0.0010227563283047815, 0.0019176681155714651, 0.000383533623114293, 0.0, 0.0, 0.0], [0.0, 0.0, 0.0, 0.006329113924050633, 0.006329113924050633, 0.006329113924050633, 0.0, 0.0189873417721519, 0.05063291139240506, 0.0949367088607595, 0.06329113924050633, 0.08227848101265822, 0.0759493670886076, 0.06329113924050633, 0.04430379746835443, 0.12658227848101267, 0.08860759493670886, 0.08227848101265822, 0.0379746835443038, 0.0379746835443038, 0.05063291139240506, 0.006329113924050633, 0.03164556962025317, 0.0, 0.006329113924050633, 0.006329113924050633, 0.0, 0.012658227848101266, 0.0, 0.0, 0.0, 0.0, 0.0], [0.00022655188038060717, 0.00011327594019030358, 0.0, 0.0, 0.0, 0.00011327594019030358, 0.00022655188038060717, 0.0010194834617127321, 0.0022655188038060714, 0.004644313547802446, 0.007362936112369733, 0.009968282736746714, 0.021635704576347985, 0.02967829632985954, 0.05086089714544631, 0.1586995922066153, 0.2279111916628908, 0.14963751699139102, 0.1551880380607159, 0.06434073402809243, 0.037947439963751696, 0.03783416402356139, 0.013479836882646127, 0.007023108291798822, 0.010987766198459448, 0.0040779338468509285, 0.001925690983235161, 0.0022655188038060714, 0.0005663797009515179, 0.0, 0.0, 0.0, 0.0], [0.0, 0.0, 0.0, 0.00012306177701206005, 0.0, 0.00012306177701206005, 0.0009844942160964804, 0.00036918533103618014, 0.0012306177701206006, 0.002215111986217081, 0.004553285749446222, 0.006891459512675363, 0.010952498154073344, 0.015505783903519567, 0.027196652719665274, 0.10337189269013045, 0.19049963081466897, 0.15173517105587006, 0.21400443022397245, 0.09192714742800887, 0.05783903519566823, 0.056854540979571745, 0.01968988432192961, 0.010952498154073344, 0.01956682254491755, 0.007137583066699483, 0.0031996062023135615, 0.0007383706620723603, 0.0015998031011567808, 0.0002461235540241201, 0.0004922471080482402, 0.0, 0.0], [0.00020202020202020202, 0.00010101010101010101, 0.0, 0.00020202020202020202, 0.00020202020202020202, 0.000505050505050505, 0.0008080808080808081, 0.0018181818181818182, 0.0029292929292929295, 0.005454545454545455, 0.009898989898989899, 0.013232323232323233, 0.017474747474747476, 0.02484848484848485, 0.03333333333333333, 0.14252525252525253, 0.1687878787878788, 0.1394949494949495, 0.1901010101010101, 0.08464646464646465, 0.05131313131313131, 0.057272727272727274, 0.021616161616161617, 0.01101010101010101, 0.014141414141414142, 0.004141414141414141, 0.0024242424242424242, 0.0013131313131313131, 0.00020202020202020202, 0.0, 0.0, 0.0, 0.0], [0.0, 0.0, 0.0, 0.0014492753623188406, 0.0014492753623188406, 0.0, 0.0, 0.007246376811594203, 0.007246376811594203, 0.005797101449275362, 0.013043478260869565, 0.02608695652173913, 0.043478260869565216, 0.08695652173913043, 0.12318840579710146, 0.17391304347826086, 0.17246376811594202, 0.12318840579710146, 0.12028985507246377, 0.04927536231884058, 0.02318840579710145, 0.013043478260869565, 0.0014492753623188406, 0.007246376811594203, 0.0, 0.0, 0.0, 0.0, 0.0, 0.0, 0.0, 0.0, 0.0], [0.0, 0.0, 0.0, 9.495774380400722e-05, 0.0, 9.495774380400722e-05, 0.00028487323141202165, 0.0007596619504320577, 0.0016142816446681227, 0.004937802677808375, 0.007406704016712563, 0.012344506694520939, 0.020985661380685593, 0.027822618934574113, 0.04016712562909505, 0.047573829645807614, 0.08669642009305858, 0.17006931915297693, 0.28610768208147375, 0.09666698319247935, 0.05887380115848447, 0.07511157534896971, 0.019656252967429493, 0.010160478587028772, 0.020036083942645524, 0.005222675909220397, 0.0024689013389041876, 0.002278985851296173, 0.0023739435951001804, 0.00018991548760801443, 0.0, 0.0, 0.0], [0.00010195758564437195, 0.00010195758564437195, 0.00010195758564437195, 0.0, 0.0003058727569331158, 0.0003058727569331158, 0.0003058727569331158, 0.0009176182707993475, 0.0010195758564437193, 0.005199836867862969, 0.00948205546492659, 0.01896411092985318, 0.03181076672104405, 0.0450652528548124, 0.06290783034257749, 0.07514274061990212, 0.09349510603588906, 0.21023654159869495, 0.23225938009787928, 0.09257748776508973, 0.0464926590538336, 0.04180261011419249, 0.015089722675367047, 0.006423327895595432, 0.0041802610114192494, 0.001835236541598695, 0.003466557911908646, 0.0004078303425774878, 0.0, 0.0, 0.0, 0.0, 0.0], [0.0, 0.00011194447554013209, 0.0, 0.00011194447554013209, 0.00011194447554013209, 0.0003358334266203963, 0.0007836113287809246, 0.0017911116086421135, 0.00212694503526251, 0.00425389007052502, 0.008171946714429643, 0.014216948393596777, 0.05194223665062129, 0.08563752378820105, 0.11451919847755514, 0.14138587260718682, 0.15806559946266652, 0.11485503190417552, 0.138139482816523, 0.06168140602261278, 0.037613343781484385, 0.0331355647598791, 0.014216948393596777, 0.0060450016791671335, 0.005709168252546737, 0.002350833986342774, 0.0013433337064815852, 0.0013433337064815852, 0.0, 0.0, 0.0, 0.0, 0.0], [0.0, 0.0, 0.0, 0.0, 0.0002452483139178418, 0.0, 0.0008583690987124463, 0.002452483139178418, 0.005027590435315758, 0.00809319435928878, 0.016922133660331084, 0.02575107296137339, 0.04304107909258124, 0.06817903126916003, 0.1043531575720417, 0.12618025751072962, 0.15328019619865113, 0.09760882893930105, 0.16554261189454322, 0.05935009196811772, 0.03641937461679951, 0.03801348865726548, 0.015695892090741875, 0.006253832004904966, 0.01213979153893317, 0.004904966278356836, 0.00404659717964439, 0.002452483139178418, 0.0019619865113427344, 0.0004904966278356836, 0.0007357449417535254, 0.0, 0.0], [0.0, 0.00017516202487300754, 0.00017516202487300754, 0.00017516202487300754, 0.0010509721492380452, 0.0010509721492380452, 0.0017516202487300753, 0.0024522683482221053, 0.005605184795936241, 0.017516202487300753, 0.042214047994394814, 0.06008057453144158, 0.0793483972674724, 0.10562270099842354, 0.1255911718339464, 0.1187598528638991, 0.1466106148187073, 0.07759677701874233, 0.11315466806796287, 0.02995270625328429, 0.023822035382729024, 0.020844280959887895, 0.008582939218777369, 0.004554212646698196, 0.007006480994920301, 0.0021019442984760903, 0.0021019442984760903, 0.00017516202487300754, 0.0010509721492380452, 0.0008758101243650377, 0.0, 0.0, 0.0], [0.0, 0.0, 0.0, 0.0007290400972053463, 0.0009720534629404617, 0.002187120291616039, 0.003888213851761847, 0.006804374240583232, 0.013608748481166465, 0.015309842041312272, 0.02648845686512758, 0.04301336573511543, 0.05370595382746051, 0.0818955042527339, 0.12369380315917375, 0.13122721749696234, 0.1496962332928311, 0.09623329283110571, 0.11008505467800729, 0.04860267314702309, 0.027946537059538274, 0.02235722964763062, 0.012393681652490888, 0.009234507897934386, 0.008262454434993925, 0.0031591737545565005, 0.0026731470230862697, 0.003402187120291616, 0.0014580801944106927, 0.0009720534629404617, 0.0, 0.0, 0.0], [0.00022657754616517504, 0.0, 0.0, 0.0, 0.0004531550923303501, 0.0004531550923303501, 0.0016993315962388128, 0.0033986631924776255, 0.004871417242551263, 0.00951625693893735, 0.017219893508553304, 0.04135040217514444, 0.08485329103885805, 0.12008609946754277, 0.146935538688116, 0.1506740681998414, 0.13821230316075678, 0.08032174011555455, 0.0961821683471168, 0.03421320947094143, 0.020618556701030927, 0.024357086212756316, 0.008836524300441826, 0.004191684604055738, 0.007250481477285601, 0.0022657754616517505, 0.0005664438654129376, 0.0009063101846607002, 0.00011328877308258752, 0.00022657754616517504, 0.0, 0.0, 0.0], [0.0, 0.0, 0.0, 0.00028698522026115655, 0.00014349261013057828, 0.00014349261013057828, 0.0014349261013057828, 0.00043047783039173483, 0.002008896541828096, 0.004591763524178505, 0.00746161572679007, 0.008896541828095853, 0.014636246233318984, 0.06227579279667097, 0.11450710288420146, 0.13904433921653034, 0.17420002869852202, 0.11106328024106758, 0.1664514277514708, 0.05911895537379825, 0.03716458602381977, 0.0403214234466925, 0.018941024537236333, 0.00832257138757354, 0.01420576840292725, 0.004735256134309083, 0.004878748744439661, 0.0022958817620892524, 0.0014349261013057828, 0.0005739704405223131, 0.00043047783039173483, 0.0, 0.0], [0.0, 0.0, 0.00017568517217146873, 0.00035137034434293746, 0.0010541110330288123, 0.0014054813773717498, 0.0022839072382290935, 0.004743499648629656, 0.007730147575544624, 0.018271257905832748, 0.03074490513000703, 0.042340126493323964, 0.06834153197470133, 0.09205903021784961, 0.11753338018271257, 0.1324666198172874, 0.14546732255797612, 0.09012649332396346, 0.1224525650035137, 0.04409697821503865, 0.026704146170063246, 0.02178496134926212, 0.010014054813773718, 0.004392129304286718, 0.00544624033731553, 0.001229796205200281, 0.0022839072382290935, 0.003865073787772312, 0.002459592410400562, 0.00017568517217146873, 0.0, 0.0, 0.0], [0.00012065637065637066, 0.0, 0.0, 0.0, 0.00012065637065637066, 0.001085907335907336, 0.0007239382239382239, 0.002413127413127413, 0.0028957528957528956, 0.005670849420849421, 0.013634169884169885, 0.021476833976833976, 0.03462837837837838, 0.04210907335907336, 0.056587837837837836, 0.11607142857142858, 0.21042471042471042, 0.15045849420849422, 0.1608349420849421, 0.0727557915057915, 0.045246138996138996, 0.033421814671814674, 0.013513513513513514, 0.00542953667953668, 0.005670849420849421, 0.002051158301158301, 0.0022924710424710427, 0.00024131274131274132, 0.00012065637065637066, 0.0, 0.0, 0.0, 0.0], [0.0, 0.0, 0.0, 0.0001528350909368791, 0.0001528350909368791, 0.0004585052728106373, 0.0006113403637475164, 0.00168118600030567, 0.002598196545926945, 0.005654898364664527, 0.023995109277090018, 0.033623720006113404, 0.06892862601253248, 0.09827296347241327, 0.13327219929695858, 0.14595751184471956, 0.1565031331193642, 0.1031636863823934, 0.10958276020174232, 0.041723979825768, 0.02552346018645881, 0.019410056548983645, 0.009475775638086504, 0.004432217637169494, 0.007030414183096439, 0.002598196545926945, 0.002751031636863824, 0.0012226807274950328, 0.0012226807274950328, 0.0, 0.0, 0.0, 0.0], [0.0, 0.0, 0.0, 0.00015686274509803922, 0.0, 0.00047058823529411766, 0.0009411764705882353, 0.0009411764705882353, 0.002352941176470588, 0.001568627450980392, 0.005333333333333333, 0.010352941176470589, 0.04015686274509804, 0.06415686274509803, 0.09286274509803921, 0.11811764705882354, 0.15529411764705883, 0.10949019607843137, 0.18007843137254903, 0.06964705882352941, 0.04156862745098039, 0.04611764705882353, 0.02023529411764706, 0.011137254901960785, 0.01631372549019608, 0.006431372549019608, 0.002823529411764706, 0.000784313725490196, 0.002352941176470588, 0.00031372549019607844, 0.0, 0.0, 0.0], [0.0, 0.0, 0.00011813349084465446, 0.0, 0.00023626698168930892, 0.0003544004725339634, 0.0003544004725339634, 0.001299468399291199, 0.0009450679267572357, 0.0034258712344949795, 0.0066154754873006495, 0.016302421736562316, 0.026816302421736563, 0.044654459539279386, 0.05493207324276432, 0.15853514471352628, 0.18098050797401063, 0.10974601299468399, 0.18251624335499114, 0.0648552864737153, 0.04406379208505611, 0.04004725339633786, 0.023390431187241583, 0.012285883047844063, 0.01642055522740697, 0.004370939161252215, 0.002835203780271707, 0.002008269344359126, 0.00106320141760189, 0.0008269344359125812, 0.0, 0.0, 0.0], [0.0, 0.0, 0.0, 0.0, 9.704027171276079e-05, 9.704027171276079e-05, 9.704027171276079e-05, 0.0008733624454148472, 0.0018437651625424552, 0.0048520135856380394, 0.008927704997573994, 0.016690926734594855, 0.027850557981562347, 0.03629306162057254, 0.05366327025715672, 0.05725376031052887, 0.06996603590490054, 0.07666181465308103, 0.3319747695293547, 0.11470160116448326, 0.06550218340611354, 0.07258612324114508, 0.018631732168850074, 0.008830664725861232, 0.019893255701115962, 0.004949053857350801, 0.003008248423095585, 0.0025230470645317806, 0.0018437651625424552, 0.00038816108685104316, 0.0, 0.0, 0.0], [0.0, 0.0, 0.0, 0.0, 0.0, 0.00010418837257762034, 0.0005209418628881017, 0.0031256511773286103, 0.005521983746613878, 0.009897895394873932, 0.01854553031881642, 0.03438216295061471, 0.051677432798499685, 0.07845384455094812, 0.11596165867889144, 0.1383621587830798, 0.17482808918524692, 0.10898103771619087, 0.15232340070848094, 0.04615544905188581, 0.022817253594498856, 0.02438007918316316, 0.006355490727234841, 0.0032298395499062303, 0.002187955824130027, 0.000625130235465722, 0.0007293186080433424, 0.0005209418628881017, 0.000312565117732861, 0.0, 0.0, 0.0, 0.0], [0.0, 0.0030211480362537764, 0.0, 0.0030211480362537764, 0.006042296072507553, 0.021148036253776436, 0.021148036253776436, 0.03927492447129909, 0.08459214501510574, 0.06042296072507553, 0.0513595166163142, 0.0755287009063444, 0.07854984894259819, 0.1148036253776435, 0.12084592145015106, 0.10574018126888217, 0.08157099697885196, 0.04833836858006042, 0.04229607250755287, 0.015105740181268883, 0.012084592145015106, 0.00906344410876133, 0.0, 0.006042296072507553, 0.0, 0.0, 0.0, 0.0, 0.0, 0.0, 0.0, 0.0, 0.0]]}, "ranks": {"labels": ["Unranked", "Combatatent I", "Combatatent II", "Challenger I", "Challenger II", "Rival I", "Rival II", "Duelist", "Elite"], "data": [[0.1325811001410437, 0.1861777150916784, 0.24964739069111425, 0.231311706629055, 0.11001410437235543, 0.05500705218617771, 0.01692524682651622, 0.018335684062059238, 0.0], [0.06267587618316706, 0.09388590432335636, 0.17702737272959837, 0.26682015860833974, 0.22742389357892043, 0.12279355333844973, 0.031210028140189305, 0.013558454847787157, 0.004604758250191865], [0.007679180887372013, 0.012067284251584593, 0.03059483178937104, 0.06204290589956119, 0.250121891760117, 0.41918576304241834, 0.09202827888834715, 0.09361287176986836, 0.03266699171136031], [0.015183867141162514, 0.024199288256227757, 0.05326215895610913, 0.09193357058125741, 0.11150652431791222, 0.35243179122182683, 0.16144721233689205, 0.14531435349940688, 0.04472123368920522], [0.18229166666666666, 0.16145833333333334, 0.21875, 0.19791666666666666, 0.109375, 0.08854166666666667, 0.036458333333333336, 0.005208333333333333, 0.0], [0.007204453662263945, 0.018666084488592947, 0.09060146272241022, 0.27235018011134154, 0.28850562165702437, 0.18043881672306517, 0.05708983735400065, 0.06211112323982098, 0.02303242004148019], [0.08326480263157894, 0.11944901315789473, 0.20682565789473684, 0.24198190789473684, 0.18688322368421054, 0.09025493421052631, 0.02734375, 0.028782894736842105, 0.015213815789473685], [0.2677595628415301, 0.24863387978142076, 0.21311475409836064, 0.13934426229508196, 0.06284153005464481, 0.03825136612021858, 0.0273224043715847, 0.00273224043715847, 0.0], [0.03213200173686496, 0.0589448545375597, 0.0858662613981763, 0.12255753365175857, 0.3390143291359097, 0.18356491532783326, 0.07142857142857142, 0.07739904472427268, 0.029092488059053408], [0.015537848605577689, 0.02908366533864542, 0.06055776892430279, 0.14063745019920318, 0.1940239043824701, 0.21195219123505976, 0.10756972111553785, 0.15737051792828685, 0.08326693227091633], [0.03039021758676497, 0.05106995144758137, 0.11724509980219384, 0.22621830606006113, 0.24905592519331055, 0.18108253911167058, 0.06311814421866571, 0.05862254990109692, 0.023197266678654918], [0.08231482844941834, 0.13488440583124725, 0.21749374171697836, 0.2590192902370785, 0.16153732881755264, 0.07583566485053747, 0.031070534530996907, 0.027241937858930938, 0.010602267707259609], [0.014039155074703762, 0.03194229778464709, 0.061051004636785165, 0.09131890777949511, 0.3802163833075734, 0.25837197320968575, 0.07199896960329727, 0.06903657908294693, 0.022024729520865535], [0.01795063575168287, 0.035153328347045626, 0.08921893364675713, 0.29351426434448125, 0.28133347579869644, 0.16486804145742068, 0.052569718987071266, 0.048188909071481996, 0.01720269259536275], [0.015032080659945005, 0.04014665444546288, 0.10999083409715857, 0.2153987167736022, 0.2758936755270394, 0.19028414298808433, 0.07369385884509624, 0.05866177818515124, 0.02089825847846013], [0.04177151484650227, 0.0770005032712632, 0.1587820835430297, 0.24458983392048314, 0.22672370407649722, 0.12732762959235028, 0.0498238550578762, 0.05108203321590337, 0.022898842476094614], [0.04675373840620859, 0.08555744841945864, 0.1769827749384819, 0.2530759038425137, 0.21559719856142343, 0.1368540601930721, 0.03747870528109029, 0.03747870528109029, 0.010221465076660987], [0.012400920480695474, 0.026591664535924316, 0.06098184607517259, 0.30465354129378674, 0.2863717719253388, 0.20109946305292764, 0.04564050115060087, 0.04589619023267706, 0.016364101252876503], [0.18354430379746836, 0.14556962025316456, 0.13924050632911392, 0.17088607594936708, 0.17088607594936708, 0.056962025316455694, 0.06962025316455696, 0.0379746835443038, 0.02531645569620253], [0.008608971454463071, 0.017331218849116446, 0.051314000906207524, 0.20956048935206162, 0.3775487086542818, 0.19347530584503853, 0.06400090620752152, 0.058337109198006346, 0.019823289533303125], [0.005045532857494462, 0.011444745262121586, 0.026458282057592913, 0.1305685454097957, 0.342234801870539, 0.2647058823529412, 0.09906473049470835, 0.0874969234555747, 0.032980556239232094], [0.012222222222222223, 0.02313131313131313, 0.042323232323232325, 0.17585858585858585, 0.30828282828282827, 0.23676767676767677, 0.0892929292929293, 0.0898989898989899, 0.022222222222222223], [0.02318840579710145, 0.0391304347826087, 0.13043478260869565, 0.2971014492753623, 0.2956521739130435, 0.1492753623188406, 0.043478260869565216, 0.021739130434782608, 0.0], [0.007786534991928592, 0.0197512107112335, 0.04880828031525971, 0.08774095527490267, 0.2567657392460355, 0.34270249738866204, 0.09894596904377552, 0.10492830690342797, 0.032570506124774475], [0.008360522022838499, 0.028446166394779773, 0.07687601957585645, 0.1380505709624796, 0.303731647634584, 0.28395187601957583, 0.08737765089722675, 0.06331566068515497, 0.009889885807504079], [0.00962722489645136, 0.02238889510802642, 0.13757976043882233, 0.255905071084742, 0.272920631366842, 0.17329004813612447, 0.06414418448449569, 0.05339751483264301, 0.010746669651852682], [0.016676885346413244, 0.04267320662170448, 0.11122011036174126, 0.2305334150827713, 0.2508890251379522, 0.1964438994481913, 0.06486817903126917, 0.059963212752912325, 0.02673206621704476], [0.02995270625328429, 0.1022946225258364, 0.18497109826589594, 0.2443510246978455, 0.22420739183744964, 0.12961989840602559, 0.037309511297950605, 0.033981432825363464, 0.013312313890348572], [0.043499392466585664, 0.06950182260024301, 0.13560145808019441, 0.2549210206561361, 0.24592952612393681, 0.13730255164034022, 0.049331713244228435, 0.043985419198055896, 0.019927095990279465], [0.020618556701030927, 0.058570295683697746, 0.2049393905064008, 0.2976096068879574, 0.21853404327631132, 0.11476152713266115, 0.03625240738642801, 0.03738529511725388, 0.011328877308258751], [0.009040034438226431, 0.016358157554885924, 0.07691203902998996, 0.2535514421007318, 0.2852633089395896, 0.1987372650308509, 0.06399770411823791, 0.06758501937150237, 0.028555029415985075], [0.03601546029515109, 0.07308503162333099, 0.16040056219255094, 0.25, 0.23559381588193956, 0.1482782853127196, 0.044975404075895994, 0.03619114546732256, 0.015460295151089248], [0.013030888030888031, 0.03511100386100386, 0.07673745173745174, 0.1726592664092664, 0.3608832046332046, 0.20089285714285715, 0.07794401544401544, 0.052364864864864864, 0.010376447876447877], [0.011309796729329054, 0.05761882928320342, 0.16720158948494573, 0.2792297111416781, 0.25966681950175763, 0.13296652911508483, 0.0438636710988843, 0.033318049824239644, 0.014825003820877274], [0.006431372549019608, 0.01568627450980392, 0.10431372549019607, 0.21098039215686273, 0.2647843137254902, 0.21741176470588236, 0.07388235294117647, 0.07749019607843137, 0.029019607843137254], [0.006733608978145304, 0.022917897223862966, 0.07147076196101594, 0.21346721795629062, 0.2907265209686946, 0.21736562315416422, 0.07406969875959835, 0.0757235676314235, 0.027525103366804488], [0.007860262008733625, 0.02561863173216885, 0.06414361960213488, 0.11091703056768559, 0.14662785055798155, 0.3952450266860747, 0.11693352741387676, 0.10004852013585638, 0.03260553129548763], [0.019170660554282144, 0.05292769326943113, 0.1301312773494478, 0.25432381746197125, 0.2838091269014378, 0.17857887059804126, 0.04271723275682434, 0.03396540946030423, 0.004375911648260054], [0.23867069486404835, 0.1268882175226586, 0.1933534743202417, 0.22658610271903323, 0.1299093655589124, 0.045317220543806644, 0.02416918429003021, 0.015105740181268883, 0.0]]}, "ranksDetailed": {"labels": ["Unranked", "Combatatant", "Challenger", "Rival", "Duelist", "Elite"], "data": [[0.1325811001410437, 0.43582510578279265, 0.34132581100141046, 0.07193229901269393, 0.018335684062059238, 0.0], [0.06267587618316706, 0.2709132770529547, 0.49424405218726014, 0.15400358147863905, 0.013558454847787157, 0.004604758250191865], [0.007679180887372013, 0.042662116040955635, 0.3121647976596782, 0.5112140419307655, 0.09361287176986836, 0.03266699171136031], [0.015183867141162514, 0.07746144721233689, 0.20344009489916964, 0.5138790035587188, 0.14531435349940688, 0.04472123368920522], [0.18229166666666666, 0.3802083333333333, 0.3072916666666667, 0.125, 0.005208333333333333, 0.0], [0.007204453662263945, 0.10926754721100317, 0.5608558017683659, 0.23752865407706583, 0.06211112323982098, 0.02303242004148019], [0.08326480263157894, 0.3262746710526316, 0.42886513157894735, 0.11759868421052631, 0.028782894736842105, 0.015213815789473685], [0.2677595628415301, 0.46174863387978143, 0.20218579234972678, 0.06557377049180328, 0.00273224043715847, 0.0], [0.03213200173686496, 0.144811115935736, 0.46157186278766826, 0.2549934867564047, 0.07739904472427268, 0.029092488059053408], [0.015537848605577689, 0.08964143426294821, 0.3346613545816733, 0.3195219123505976, 0.15737051792828685, 0.08326693227091633], [0.03039021758676497, 0.16831505124977522, 0.4752742312533717, 0.24420068333033626, 0.05862254990109692, 0.023197266678654918], [0.08231482844941834, 0.3523781475482256, 0.42055661905463115, 0.10690619938153438, 0.027241937858930938, 0.010602267707259609], [0.014039155074703762, 0.09299330242143225, 0.47153529108706854, 0.330370942812983, 0.06903657908294693, 0.022024729520865535], [0.01795063575168287, 0.12437226199380276, 0.5748477401431777, 0.21743776044449192, 0.048188909071481996, 0.01720269259536275], [0.015032080659945005, 0.15013748854262146, 0.4912923923006416, 0.26397800183318054, 0.05866177818515124, 0.02089825847846013], [0.04177151484650227, 0.2357825868142929, 0.4713135379969804, 0.17715148465022648, 0.05108203321590337, 0.022898842476094614], [0.04675373840620859, 0.2625402233579406, 0.46867310240393717, 0.1743327654741624, 0.03747870528109029, 0.010221465076660987], [0.012400920480695474, 0.0875735106110969, 0.5910253132191255, 0.2467399642035285, 0.04589619023267706, 0.016364101252876503], [0.18354430379746836, 0.2848101265822785, 0.34177215189873417, 0.12658227848101267, 0.0379746835443038, 0.02531645569620253], [0.008608971454463071, 0.06864521975532396, 0.5871091980063434, 0.25747621205256005, 0.058337109198006346, 0.019823289533303125], [0.005045532857494462, 0.0379030273197145, 0.47280334728033474, 0.3637706128476495, 0.0874969234555747, 0.032980556239232094], [0.012222222222222223, 0.06545454545454546, 0.48414141414141415, 0.32606060606060605, 0.0898989898989899, 0.022222222222222223], [0.02318840579710145, 0.16956521739130434, 0.5927536231884057, 0.1927536231884058, 0.021739130434782608, 0.0], [0.007786534991928592, 0.06855949102649321, 0.3445066945209382, 0.44164846643243755, 0.10492830690342797, 0.032570506124774475], [0.008360522022838499, 0.10532218597063621, 0.4417822185970636, 0.3713295269168026, 0.06331566068515497, 0.009889885807504079], [0.00962722489645136, 0.15996865554684878, 0.528825702451584, 0.23743423262062016, 0.05339751483264301, 0.010746669651852682], [0.016676885346413244, 0.15389331698344574, 0.4814224402207235, 0.2613120784794605, 0.059963212752912325, 0.02673206621704476], [0.02995270625328429, 0.28726572079173235, 0.4685584165352952, 0.16692940970397618, 0.033981432825363464, 0.013312313890348572], [0.043499392466585664, 0.20510328068043743, 0.5008505467800729, 0.18663426488456866, 0.043985419198055896, 0.019927095990279465], [0.020618556701030927, 0.26350968619009857, 0.5161436501642688, 0.15101393451908915, 0.03738529511725388, 0.011328877308258751], [0.009040034438226431, 0.09327019658487588, 0.5388147510403214, 0.26273496914908884, 0.06758501937150237, 0.028555029415985075], [0.03601546029515109, 0.23348559381588194, 0.48559381588193956, 0.1932536893886156, 0.03619114546732256, 0.015460295151089248], [0.013030888030888031, 0.1118484555984556, 0.533542471042471, 0.27883687258687256, 0.052364864864864864, 0.010376447876447877], [0.011309796729329054, 0.22482041876814918, 0.5388965306434357, 0.17683020021396914, 0.033318049824239644, 0.014825003820877274], [0.006431372549019608, 0.12, 0.4757647058823529, 0.2912941176470588, 0.07749019607843137, 0.029019607843137254], [0.006733608978145304, 0.09438865918487892, 0.5041937389249852, 0.29143532191376254, 0.0757235676314235, 0.027525103366804488], [0.007860262008733625, 0.08976225133430374, 0.25754488112566715, 0.5121785540999515, 0.10004852013585638, 0.03260553129548763], [0.019170660554282144, 0.18305897061887894, 0.5381329443634091, 0.2212961033548656, 0.03396540946030423, 0.004375911648260054], [0.23867069486404835, 0.3202416918429003, 0.3564954682779456, 0.06948640483383686, 0.015105740181268883, 0.0]]}}}, "eu": {"histType": {"histogram": {"labels": ["0", "100", "200", "300", "400", "500", "600", "700", "800", "900", "1000", "1100", "1200", "1300", "1400", "1500", "1600", "1700", "1800", "1900", "2000", "2100", "2200", "2300", "2400", "2500", "2600", "2700", "2800", "2900", "3000", "3100", "3200"], "data": [[0.0, 0.0, 0.0018587360594795538, 0.0, 0.0018587360594795538, 0.007434944237918215, 0.013011152416356878, 0.026022304832713755, 0.048327137546468404, 0.07806691449814127, 0.07806691449814127, 0.10780669144981413, 0.10223048327137546, 0.11895910780669144, 0.1412639405204461, 0.09293680297397769, 0.06319702602230483, 0.03345724907063197, 0.03531598513011153, 0.020446096654275093, 0.013011152416356878, 0.0055762081784386614, 0.0037174721189591076, 0.007434944237918215, 0.0, 0.0, 0.0, 0.0, 0.0, 0.0, 0.0, 0.0, 0.0], [0.0, 0.000281928390188892, 0.0008457851705666761, 0.001127713560755568, 0.0016915703411333521, 0.0039469974626444885, 0.007048209754722301, 0.01099520721736679, 0.01973498731322244, 0.03467719199323372, 0.04510854243022272, 0.06202424584155625, 0.08204116154496757, 0.10487736115026783, 0.13560755568085706, 0.12968705948689033, 0.14040033831406823, 0.06907245559627855, 0.09557372427403439, 0.02368198477586693, 0.011840992387933465, 0.009303636876233437, 0.00422892585283338, 0.00281928390188892, 0.0019734987313222443, 0.001127713560755568, 0.000281928390188892, 0.0, 0.0, 0.0, 0.0, 0.0, 0.0], [0.0, 0.0, 0.0, 0.00012265423770391266, 0.00012265423770391266, 0.00012265423770391266, 0.0, 0.000735925426223476, 0.00183981356555869, 0.002698393229486079, 0.005764749172083895, 0.009567030540905188, 0.012020115294983442, 0.014963816999877345, 0.025021464491598186, 0.03458849503250337, 0.1810376548509751, 0.15466699374463388, 0.325892309579296, 0.08046117993376671, 0.05212805102416288, 0.051637434073347234, 0.018152827180179076, 0.00784987121305041, 0.01152949834416779, 0.005028823745860419, 0.0017171593278547774, 0.0020851220409665154, 0.00012265423770391266, 0.00012265423770391266, 0.0, 0.0, 0.0], [0.0, 0.0, 0.0, 0.0001141422212076247, 0.0001141422212076247, 0.0002282844424152494, 0.0007989955484533729, 0.0020545599817372445, 0.0025111288665677434, 0.00582125328158886, 0.011071795457139596, 0.016893048738728454, 0.020431457596164822, 0.025910284214130806, 0.04131948407716014, 0.05250542175550736, 0.0739641593425408, 0.04919529734048625, 0.2781645930829814, 0.14895559867595023, 0.09359662139025225, 0.0896016436479854, 0.031046684168473917, 0.013697066544914965, 0.024426435338431685, 0.008104097705741354, 0.004337404405889739, 0.0014838488756991211, 0.0035384088574363657, 0.0001141422212076247, 0.0, 0.0, 0.0], [0.0, 0.0, 0.0, 0.0, 0.0, 0.021739130434782608, 0.02717391304347826, 0.04891304347826087, 0.06521739130434782, 0.04891304347826087, 0.07608695652173914, 0.08152173913043478, 0.06521739130434782, 0.11956521739130435, 0.09239130434782608, 0.14673913043478262, 0.03260869565217391, 0.06521739130434782, 0.03260869565217391, 0.04891304347826087, 0.005434782608695652, 0.005434782608695652, 0.0, 0.005434782608695652, 0.010869565217391304, 0.0, 0.0, 0.0, 0.0, 0.0, 0.0, 0.0, 0.0], [0.0, 0.0, 0.00010854227721697601, 0.00021708455443395202, 0.00032562683165092806, 0.00010854227721697601, 0.00021708455443395202, 0.0011939650493867362, 0.0019537609899055682, 0.0039075219798111365, 0.00792358623683925, 0.011939650493867362, 0.018452187126885924, 0.09171822424834473, 0.1299251058287203, 0.13763160751112558, 0.16270487354824703, 0.11136437642461738, 0.14946271572777597, 0.05622489959839357, 0.036036036036036036, 0.03831542385759253, 0.014219038315423857, 0.005427113860848801, 0.010854227721697602, 0.004341691088679041, 0.0024964723759904484, 0.000759795940518832, 0.0017366764354716162, 0.00032562683165092806, 0.0