{"region": {"us": {"histType": {"histogram": {"labels": ["0", "100", "200", "300", "400", "500", "600", "700", "800", "900", "1000", "1100", "1200", "1300", "1400", "1500", "1600", "1700", "1800", "1900", "2000", "2100", "2200", "2300", "2400", "2500", "2600", "2700", "2800", "2900", "3000", "3100"], "data": [[0.0, 0.0, 0.0, 0.005263157894736842, 0.0, 0.015789473684210527, 0.021052631578947368, 0.015789473684210527, 0.04736842105263158, 0.05263157894736842, 0.05789473684210526, 0.10526315789473684, 0.09473684210526316, 0.12105263157894737, 0.12105263157894737, 0.07368421052631578, 0.05789473684210526, 0.04736842105263158, 0.05789473684210526, 0.04736842105263158, 0.02631578947368421, 0.031578947368421054, 0.0, 0.0, 0.0, 0.0, 0.0, 0.0, 0.0, 0.0, 0.0, 0.0], [0.0, 0.0012055455093429777, 0.0, 0.0006027727546714888, 0.0018083182640144665, 0.0012055455093429777, 0.0054249547920434, 0.012658227848101266, 0.014466546112115732, 0.02591922845087402, 0.044002411091018684, 0.05786618444846293, 0.08438818565400844, 0.08016877637130802, 0.1289933694996986, 0.12778782399035563, 0.1567209162145871, 0.07233273056057866, 0.0916214587100663, 0.033152501506931886, 0.023508137432188065, 0.013261000602772756, 0.007836045810729355, 0.004822182037371911, 0.004219409282700422, 0.004822182037371911, 0.0012055455093429777, 0.0, 0.0, 0.0, 0.0, 0.0], [0.0001766472354707649, 0.0, 0.0001766472354707649, 0.0003532944709415298, 0.0003532944709415298, 0.0001766472354707649, 0.0003532944709415298, 0.0008832361773538244, 0.004946122593181417, 0.006535947712418301, 0.011835364776541247, 0.016781487369722663, 0.02755696873343932, 0.043631867161278926, 0.071365483130189, 0.09574280162515457, 0.142730966260378, 0.10899134428546194, 0.20985691573926868, 0.07277866101395514, 0.047871400812577285, 0.06765589118530295, 0.025083907436848612, 0.012012012012012012, 0.020844373785550256, 0.0047694753577106515, 0.004946122593181417, 0.001589825119236884, 0.0, 0.0, 0.0, 0.0], [0.0, 0.00016020506247997436, 0.0, 0.00016020506247997436, 0.00016020506247997436, 0.00016020506247997436, 0.0020826658122396666, 0.002723486062159564, 0.008651073373918615, 0.014899070810637616, 0.024991989746876, 0.027074655559115667, 0.05270746555591157, 0.07289330342838833, 0.10429349567446332, 0.12768343479653957, 0.16004485741749438, 0.11166292854854214, 0.1462672220442166, 0.057033002242870875, 0.03508490868311439, 0.029477731496315284, 0.008971483498878564, 0.003524511374559436, 0.006247997436719, 0.001762255687279718, 0.0011214354373598205, 0.00016020506247997436, 0.0, 0.0, 0.0, 0.0], [0.0, 0.0, 0.0, 0.0, 0.0, 0.0, 0.0, 0.058823529411764705, 0.04411764705882353, 0.10294117647058823, 0.04411764705882353, 0.07352941176470588, 0.11764705882352941, 0.16176470588235295, 0.029411764705882353, 0.0, 0.10294117647058823, 0.04411764705882353, 0.07352941176470588, 0.07352941176470588, 0.029411764705882353, 0.029411764705882353, 0.0, 0.014705882352941176, 0.0, 0.0, 0.0, 0.0, 0.0, 0.0, 0.0, 0.0], [0.0, 0.0, 0.0, 0.0, 0.0, 0.0, 0.0001520912547528517, 0.0022813688212927757, 0.0024334600760456274, 0.008517110266159696, 0.014600760456273764, 0.023726235741444866, 0.04304182509505704, 0.07300380228136882, 0.10783269961977186, 0.13368821292775665, 0.15726235741444866, 0.10159695817490494, 0.13809885931558935, 0.057490494296577946, 0.035893536121673, 0.04608365019011407, 0.01961977186311787, 0.0066920152091254756, 0.01612167300380228, 0.005627376425855513, 0.0050190114068441065, 0.0012167300380228137, 0.0, 0.0, 0.0, 0.0], [0.0, 0.0, 0.0007530120481927711, 0.0015060240963855422, 0.0018825301204819277, 0.0018825301204819277, 0.004141566265060241, 0.01016566265060241, 0.02033132530120482, 0.03237951807228916, 0.04819277108433735, 0.0598644578313253, 0.08132530120481928, 0.10466867469879518, 0.1302710843373494, 0.12914156626506024, 0.11784638554216867, 0.07643072289156627, 0.06551204819277108, 0.03275602409638554, 0.018448795180722892, 0.022213855421686746, 0.007530120481927711, 0.008283132530120483, 0.010918674698795181, 0.006400602409638554, 0.006024096385542169, 0.0011295180722891566, 0.0, 0.0, 0.0, 0.0], [0.0, 0.0, 0.005494505494505495, 0.01098901098901099, 0.005494505494505495, 0.01098901098901099, 0.016483516483516484, 0.04945054945054945, 0.08791208791208792, 0.12087912087912088, 0.08791208791208792, 0.10989010989010989, 0.12637362637362637, 0.0989010989010989, 0.07692307692307693, 0.04945054945054945, 0.04395604395604396, 0.027472527472527472, 0.0, 0.06593406593406594, 0.005494505494505495, 0.0, 0.0, 0.0, 0.0, 0.0, 0.0, 0.0, 0.0, 0.0, 0.0, 0.0], [0.00044359012272660064, 0.0005914534969688008, 0.0007393168712110011, 0.00044359012272660064, 0.0008871802454532013, 0.0031051308590862043, 0.002809404110601804, 0.007984622209078812, 0.015082064172704421, 0.034008576075706044, 0.05500517521809848, 0.07984622209078811, 0.10779239982256394, 0.11799497264527577, 0.1431317462664498, 0.11888215289072897, 0.09507614963773474, 0.0629897974271773, 0.05914534969688008, 0.029868401596924443, 0.01981369214845483, 0.019074375277243826, 0.009758982699985213, 0.006062398343930208, 0.005914534969688009, 0.0029572674848440043, 0.0005914534969688008, 0.0, 0.0, 0.0, 0.0, 0.0], [0.0, 0.0, 0.0008126777732629012, 0.0, 0.0016253555465258025, 0.0008126777732629012, 0.005282405526208858, 0.0040633888663145065, 0.014628199918732222, 0.021942299878098336, 0.033319788703778955, 0.047135310849248276, 0.0707029662738724, 0.08695652173913043, 0.11702559934985778, 0.1275904104022755, 0.1548151158065827, 0.08370581064607883, 0.11540024380333198, 0.041040227549776515, 0.023973994311255586, 0.022348638764729784, 0.009752133279154815, 0.00650142218610321, 0.00650142218610321, 0.0040633888663145065, 0.0, 0.0, 0.0, 0.0, 0.0, 0.0], [0.0, 0.0, 0.0008954555630176853, 0.0008954555630176853, 0.001343183344526528, 0.0022386389075442132, 0.005596597268860533, 0.011193194537721066, 0.019028430714125813, 0.03223640026863667, 0.06357734497425566, 0.07230803671367808, 0.09961943138571748, 0.10208193418401612, 0.14752630400716366, 0.12872173718379226, 0.10588762032684128, 0.06447280053727333, 0.0662637116633087, 0.03134094470561898, 0.015894336243563914, 0.013207969554510857, 0.006044325050369375, 0.0038056861428251623, 0.003581822252070741, 0.0020147750167897917, 0.00022386389075442132, 0.0, 0.0, 0.0, 0.0, 0.0], [0.0, 0.0, 0.0, 0.0, 0.0004152823920265781, 0.0010382059800664453, 0.0026993355481727574, 0.004152823920265781, 0.009136212624584718, 0.012458471760797342, 0.03301495016611296, 0.0436046511627907, 0.061461794019933555, 0.0757890365448505, 0.12292358803986711, 0.11690199335548172, 0.15635382059800665, 0.09821428571428571, 0.1287375415282392, 0.04796511627906977, 0.026785714285714284, 0.028654485049833887, 0.011627906976744186, 0.005191029900332226, 0.0070598006644518275, 0.004152823920265781, 0.0016611295681063123, 0.0, 0.0, 0.0, 0.0, 0.0], [0.00016680567139282736, 0.0, 0.0, 0.0003336113427856547, 0.00016680567139282736, 0.001000834028356964, 0.002001668056713928, 0.00316930775646372, 0.008006672226855712, 0.021017514595496247, 0.03786488740617181, 0.045871559633027525, 0.06555462885738116, 0.08740617180984153, 0.12093411175979983, 0.13311092577147624, 0.15329441201000835, 0.0902418682235196, 0.10742285237698082, 0.044370308590492076, 0.026188490408673895, 0.02468723936613845, 0.007673060884070058, 0.004503753127606339, 0.008507089241034195, 0.0025020850708924102, 0.0030025020850708924, 0.0008340283569641367, 0.00016680567139282736, 0.0, 0.0, 0.0], [0.0, 0.0, 0.00029976019184652276, 0.0, 0.00029976019184652276, 0.00029976019184652276, 0.00029976019184652276, 0.0008992805755395684, 0.0032973621103117505, 0.006894484412470024, 0.014388489208633094, 0.022781774580335732, 0.042865707434052755, 0.05815347721822542, 0.09292565947242207, 0.12829736211031176, 0.17266187050359713, 0.11810551558752998, 0.14808153477218225, 0.06954436450839328, 0.03657074340527578, 0.03836930455635491, 0.015587529976019185, 0.011390887290167866, 0.011390887290167866, 0.002997601918465228, 0.002697841726618705, 0.0008992805755395684, 0.0, 0.0, 0.0, 0.0], [0.0, 0.0, 0.0, 0.0, 0.0012578616352201257, 0.0018867924528301887, 0.0006289308176100629, 0.005660377358490566, 0.010062893081761006, 0.01761006289308176, 0.027044025157232705, 0.050314465408805034, 0.05345911949685535, 0.08113207547169811, 0.10440251572327044, 0.11635220125786164, 0.13647798742138365, 0.09119496855345911, 0.11132075471698114, 0.04654088050314465, 0.04213836477987421, 0.03647798742138365, 0.021383647798742137, 0.006918238993710692, 0.018238993710691823, 0.00880503144654088, 0.00440251572327044, 0.005660377358490566, 0.0006289308176100629, 0.0, 0.0, 0.0], [0.00028074115665356543, 0.0, 0.0005614823133071309, 0.00028074115665356543, 0.0005614823133071309, 0.0011229646266142617, 0.002807411566535654, 0.0039303761931499155, 0.008141493542953397, 0.015440763615946098, 0.026670409882088714, 0.04435710275126333, 0.07832678270634474, 0.09376754632229085, 0.12549129702414374, 0.1339135317237507, 0.13587871982032565, 0.08815272318921955, 0.10331274564851207, 0.04351487928130264, 0.02695115103874228, 0.029758562605277934, 0.01403705783267827, 0.005334081976417743, 0.010387422796181921, 0.0025266704098820887, 0.0036496350364963502, 0.0008422234699606962, 0.0, 0.0, 0.0, 0.0], [0.0, 0.0, 0.0, 0.0006691947356680794, 0.0008922596475574393, 0.00044612982377871963, 0.0017845192951148785, 0.004461298237787196, 0.007584207004238233, 0.016060673656033905, 0.03145215257639973, 0.03814409993308052, 0.06558108409547178, 0.07963417354450145, 0.11733214365380326, 0.13004684363149677, 0.14967655587776044, 0.09056435422708008, 0.13673879098817757, 0.04282846308275708, 0.02431407539594022, 0.027660049074280615, 0.01159937541824671, 0.005799687709123355, 0.008253401739906312, 0.003569038590229757, 0.0031229087664510374, 0.0017845192951148785, 0.0, 0.0, 0.0, 0.0], [0.0, 0.0, 0.0, 0.03773584905660377, 0.0, 0.0, 0.0, 0.0, 0.018867924528301886, 0.07547169811320754, 0.03773584905660377, 0.09433962264150944, 0.05660377358490566, 0.05660377358490566, 0.09433962264150944, 0.1509433962264151, 0.11320754716981132, 0.03773584905660377, 0.07547169811320754, 0.03773584905660377, 0.0, 0.07547169811320754, 0.03773584905660377, 0.0, 0.0, 0.0, 0.0, 0.0, 0.0, 0.0, 0.0, 0.0], [0.00014407145944388418, 0.0, 0.0, 0.00014407145944388418, 0.00014407145944388418, 0.00028814291888776836, 0.0004322143783316525, 0.0012966431349949576, 0.0038899294049848723, 0.008068001728857513, 0.016136003457715025, 0.022331076213802047, 0.04221293761705806, 0.06339144215530904, 0.11165538106901023, 0.14796138884886903, 0.16452960668491573, 0.11295202420400519, 0.11986745425731163, 0.064688085290304, 0.038611151130960954, 0.04322143783316525, 0.016136003457715025, 0.007779858809969745, 0.00936464486385247, 0.004178072323872641, 0.0005762858377755367, 0.0, 0.0, 0.0, 0.0, 0.0], [0.0, 0.0, 0.0, 0.00020308692120227456, 0.0, 0.00040617384240454913, 0.0016246953696181965, 0.0008123476848090983, 0.002843216896831844, 0.004670999187652315, 0.0119821283509342, 0.01726238830219334, 0.02701056051990252, 0.041023558082859464, 0.0686433793663688, 0.0982940698619009, 0.13809910641754672, 0.11921202274573517, 0.17912266450040618, 0.08834281072298944, 0.06031681559707555, 0.06580016246953696, 0.024979691307879772, 0.012185215272136474, 0.021324126726238832, 0.008529650690495532, 0.004264825345247766, 0.0030463038180341185, 0.0, 0.0, 0.0, 0.0], [0.00024912805181863477, 0.00012456402590931738, 0.0, 0.00024912805181863477, 0.00024912805181863477, 0.000996512207274539, 0.0008719481813652218, 0.0027404085700049826, 0.004359740906826109, 0.009217737917289488, 0.017812655705032387, 0.025535625311410064, 0.030642750373692077, 0.050697558545092176, 0.07573492775286497, 0.1103637269556552, 0.148355754857997, 0.12443946188340807, 0.15869456900847034, 0.08046836073741903, 0.047957149975087196, 0.056178375685102144, 0.021175884404583956, 0.011833582461385153, 0.014573991031390135, 0.00523168908819133, 0.001245640259093174, 0.0, 0.0, 0.0, 0.0, 0.0], [0.0, 0.0, 0.0, 0.0, 0.0, 0.0022988505747126436, 0.0, 0.004597701149425287, 0.006896551724137931, 0.009195402298850575, 0.013793103448275862, 0.03218390804597701, 0.052873563218390804, 0.10804597701149425, 0.135632183908046, 0.15402298850574714, 0.1793103448275862, 0.12413793103448276, 0.11494252873563218, 0.03908045977011494, 0.016091954022988506, 0.006896551724137931, 0.0, 0.0, 0.0, 0.0, 0.0, 0.0, 0.0, 0.0, 0.0, 0.0], [0.0, 0.0, 0.0, 0.00010785159620362382, 0.00010785159620362382, 0.0003235547886108714, 0.0005392579810181191, 0.0012942191544434857, 0.0028041415012942193, 0.007118205349439172, 0.011971527178602243, 0.02146246764452114, 0.03807161345987921, 0.04616048317515099, 0.07797670405522002, 0.10116479723899914, 0.15649266609145815, 0.11745038826574633, 0.1952113891285591, 0.07754529767040552, 0.04389559965487489, 0.05834771354616048, 0.018011216566005177, 0.00593183779119931, 0.01100086281276963, 0.004421915444348576, 0.0018334771354616048, 0.0007549611734253667, 0.0, 0.0, 0.0, 0.0], [0.00020157226365652087, 0.0, 0.00020157226365652087, 0.0, 0.0010078613182826044, 0.0009070751864543439, 0.0005039306591413022, 0.0014110058455956461, 0.0018141503729086877, 0.008163676678089095, 0.012699052610360815, 0.029026405966539003, 0.05633944769199758, 0.08042733319895183, 0.1265873815762951, 0.16639790364845797, 0.1912920782100383, 0.11338439830679299, 0.11560169320701472, 0.042632533763354165, 0.022878451925015118, 0.016932070147147753, 0.0056440233823825845, 0.0024188671638782503, 0.0024188671638782503, 0.0010078613182826044, 0.00010078613182826043, 0.0, 0.0, 0.0, 0.0, 0.0], [0.0, 0.0001649620587264929, 0.0, 0.0001649620587264929, 0.0003299241174529858, 0.0009897723523589574, 0.0013196964698119432, 0.0026393929396238865, 0.005278785879247773, 0.009237875288683603, 0.018970636753546686, 0.03117782909930716, 0.05229297261629825, 0.0671395579016826, 0.12157703728142527, 0.14797096667766413, 0.1558891454965358, 0.10755526228967338, 0.12405146816232267, 0.061695809963708347, 0.03117782909930716, 0.03216760145166612, 0.013361926756845926, 0.007588254701418674, 0.00511382382052128, 0.001649620587264929, 0.0004948861761794787, 0.0, 0.0, 0.0, 0.0, 0.0], [0.0, 0.0, 0.0, 0.0, 0.00035341933203746247, 0.0, 0.0007068386640749249, 0.0012369676621311187, 0.002297225658243506, 0.005124580314543206, 0.012899805619367379, 0.019614772928079165, 0.03693232019791483, 0.06131825410849973, 0.10408199328503269, 0.13076515285386112, 0.15656476409259587, 0.09648347764622725, 0.16310302173528893, 0.05849089945220003, 0.04135006184838311, 0.046828061494963776, 0.020675030924191554, 0.012546386287329916, 0.016257289273723274, 0.006008128644636862, 0.005124580314543206, 0.0012369676621311187, 0.0, 0.0, 0.0, 0.0], [0.0005675368898978433, 0.0011350737797956867, 0.0005675368898978433, 0.0005675368898978433, 0.0022701475595913734, 0.00340522133938706, 0.0056753688989784334, 0.00851305334846765, 0.02553916004540295, 0.04029511918274688, 0.051645856980703744, 0.08059023836549375, 0.0771850170261067, 0.10896708286038592, 0.12883087400681045, 0.1191827468785471, 0.10896708286038592, 0.06640181611804767, 0.08853575482406356, 0.024971623155505107, 0.019863791146424517, 0.021566401816118047, 0.007945516458569807, 0.00170261066969353, 0.00510783200908059, 0.0, 0.0, 0.0, 0.0, 0.0, 0.0, 0.0], [0.001037344398340249, 0.0, 0.0, 0.002074688796680498, 0.001037344398340249, 0.0031120331950207467, 0.004149377593360996, 0.014522821576763486, 0.01867219917012448, 0.021784232365145227, 0.04149377593360996, 0.043568464730290454, 0.06327800829875518, 0.05705394190871369, 0.11203319502074689, 0.11307053941908714, 0.1545643153526971, 0.09647302904564316, 0.11099585062240663, 0.054979253112033194, 0.028008298755186723, 0.025933609958506226, 0.00933609958506224, 0.008298755186721992, 0.007261410788381743, 0.0031120331950207467, 0.004149377593360996, 0.0, 0.0, 0.0, 0.0, 0.0], [0.00036920804873546244, 0.0, 0.0, 0.0, 0.0007384160974709249, 0.0011076241462063873, 0.0038766845117223555, 0.007384160974709249, 0.011260845486431604, 0.020491046704818165, 0.038951449141591286, 0.060550119992615836, 0.08122577072180173, 0.10596270998707771, 0.14048366254384345, 0.1419604947387853, 0.1306996492523537, 0.07974893852685988, 0.08362562303858224, 0.028244415728262875, 0.021967878899760016, 0.021598670851024553, 0.0071995569503415175, 0.005168912682296474, 0.005538120731031937, 0.0007384160974709249, 0.0011076241462063873, 0.0, 0.0, 0.0, 0.0, 0.0], [0.0, 0.0, 0.0, 0.0006854009595613434, 0.0003427004797806717, 0.0, 0.00205620287868403, 0.0013708019191226869, 0.004455106237148732, 0.013022618231665525, 0.023303632625085675, 0.03050034270047978, 0.04592186429061001, 0.06751199451679232, 0.10075394105551748, 0.12200137080191913, 0.14941740918437285, 0.10109664153529815, 0.1223440712816998, 0.06682659355723097, 0.0387251542152159, 0.04386566141192598, 0.0181631254283756, 0.010966415352981495, 0.023646333104866347, 0.0075394105551747775, 0.004455106237148732, 0.001028101439342015, 0.0, 0.0, 0.0, 0.0], [0.0, 0.0, 0.0, 0.0, 0.0002599428125812321, 0.0002599428125812321, 0.0012997140629061607, 0.0015596568754873928, 0.003899142188718482, 0.012737197816480375, 0.01949571094359241, 0.030933194697166624, 0.05276839095399012, 0.07772290096178841, 0.11281518066025474, 0.1390694047309592, 0.15544580192357682, 0.0987782687808682, 0.13465037691707823, 0.06056667533142709, 0.03327268001039771, 0.03171302313491032, 0.01221731219131791, 0.005978684689368339, 0.007798284377436964, 0.005458799064205874, 0.0012997140629061607, 0.0, 0.0, 0.0, 0.0, 0.0], [0.00046860356138706655, 0.00015620118712902218, 0.00031240237425804435, 0.00015620118712902218, 0.00031240237425804435, 0.0014058106841611997, 0.001718213058419244, 0.0037488284910965324, 0.007029053420805998, 0.011871290221805686, 0.029678225554514215, 0.04279912527335208, 0.07122774133083412, 0.10028116213683223, 0.13808184942205562, 0.14542330521711966, 0.14620431115276475, 0.10121836925960637, 0.09247110278038113, 0.04420493595751328, 0.022336769759450172, 0.02077475788815995, 0.009215870040612308, 0.0039050296782255547, 0.003124023742580444, 0.0018744142455482662, 0.0, 0.0, 0.0, 0.0, 0.0, 0.0], [0.0, 0.0, 0.0, 0.0006232471174820816, 0.0006232471174820816, 0.0015581177937052041, 0.0006232471174820816, 0.00373948270489249, 0.005609224057338735, 0.008413836086008103, 0.02243689622935494, 0.036459956372701774, 0.05578061701464631, 0.0816453723901527, 0.11935182299781863, 0.1495793081956996, 0.15550015581177937, 0.1037706450607666, 0.10595200997195388, 0.051417887192271736, 0.03303209722655033, 0.02617637893424743, 0.01495793081956996, 0.006544094733561857, 0.010595200997195388, 0.0028046120286693674, 0.0028046120286693674, 0.0, 0.0, 0.0, 0.0, 0.0], [0.0, 0.0, 0.0, 0.0, 0.0, 0.0005997001499250374, 0.0011994002998500749, 0.0026986506746626685, 0.0047976011994002995, 0.0047976011994002995, 0.013193403298350824, 0.022488755622188907, 0.035982008995502246, 0.050974512743628186, 0.09145427286356822, 0.12383808095952024, 0.14812593703148424, 0.10974512743628186, 0.14992503748125938, 0.07166416791604198, 0.044077961019490255, 0.05967016491754123, 0.020989505247376312, 0.016791604197901048, 0.016191904047976012, 0.008995502248875561, 0.0014992503748125937, 0.0002998500749625187, 0.0, 0.0, 0.0, 0.0], [0.0, 0.0, 0.0003502626970227671, 0.0, 0.00017513134851138354, 0.0005253940455341507, 0.0005253940455341507, 0.0021015761821366026, 0.003327495621716287, 0.007530647985989492, 0.016112084063047285, 0.03327495621716287, 0.057092819614711035, 0.09649737302977233, 0.12626970227670753, 0.13274956217162873, 0.1394045534150613, 0.09369527145359019, 0.12066549912434325, 0.05183887915936953, 0.03187390542907181, 0.034851138353765326, 0.018739054290718038, 0.006129597197898424, 0.014535901926444834, 0.004903677758318739, 0.005078809106830123, 0.0015761821366024518, 0.00017513134851138354, 0.0, 0.0, 0.0], [0.0, 0.0, 0.00011551345731777752, 0.0, 0.00034654037195333255, 0.00023102691463555504, 0.00034654037195333255, 0.0013861614878133302, 0.002656809518308883, 0.007623888182973317, 0.015132262908628855, 0.027838743213584382, 0.04851565207346656, 0.07231142428092872, 0.10869816333602865, 0.13041469331177083, 0.16610835162296408, 0.10199838281159755, 0.1540949520619152, 0.056717107543028764, 0.033498902622155484, 0.04066073697585769, 0.010511724615917754, 0.006584267067113319, 0.009472103500057756, 0.0025412960609911056, 0.0018482153170844404, 0.00034654037195333255, 0.0, 0.0, 0.0, 0.0], [0.0, 0.0, 0.0, 0.0, 0.0, 0.0002689256420599704, 0.0008067769261799112, 0.0005378512841199408, 0.002554793599569719, 0.00645421540943929, 0.00981578593518892, 0.022589753933037516, 0.04020438348796558, 0.06682802205190265, 0.11187306709694769, 0.15409439290036306, 0.1828694366007799, 0.118192819685357, 0.1581282775312626, 0.050692483528304425, 0.02447223342745731, 0.03173322576307651, 0.008605620545919053, 0.0028237192416296895, 0.003227107704719645, 0.002151405136479763, 0.0010757025682398816, 0.0, 0.0, 0.0, 0.0, 0.0], [0.0, 0.005917159763313609, 0.0, 0.005917159763313609, 0.005917159763313609, 0.023668639053254437, 0.04142011834319527, 0.011834319526627219, 0.08875739644970414, 0.07692307692307693, 0.05325443786982249, 0.04142011834319527, 0.07692307692307693, 0.11834319526627218, 0.10059171597633136, 0.10650887573964497, 0.0650887573964497, 0.0650887573964497, 0.05325443786982249, 0.01775147928994083, 0.01775147928994083, 0.005917159763313609, 0.011834319526627219, 0.005917159763313609, 0.0, 0.0, 0.0, 0.0, 0.0, 0.0, 0.0, 0.0]]}, "ranks": {"labels": ["Unranked", "Combatatent I", "Combatatent II", "Challenger I", "Challenger II", "Rival I", "Rival II", "Duelist", "Elite"], "data": [[0.15789473684210525, 0.1631578947368421, 0.21578947368421053, 0.19473684210526315, 0.10526315789473684, 0.1, 0.031578947368421054, 0.031578947368421054, 0.0], [0.06329113924050633, 0.10186859553948162, 0.16455696202531644, 0.25678119349005424, 0.22905364677516576, 0.11271850512356842, 0.03556359252561784, 0.02591922845087402, 0.010247136829415311], [0.013955131602190425, 0.028616852146263912, 0.07118883589471825, 0.1671082847553436, 0.25172231054583993, 0.24907260201377848, 0.08143437555202261, 0.10475181063416357, 0.03214979685567921], [0.02899711630887536, 0.05206664530599167, 0.1256007689842999, 0.23197693047100287, 0.2717077859660365, 0.17846843960269146, 0.05991669336751041, 0.041973726369753286, 0.009291893623838513], [0.20588235294117646, 0.11764705882352941, 0.27941176470588236, 0.029411764705882353, 0.14705882352941177, 0.1323529411764706, 0.04411764705882353, 0.04411764705882353, 0.0], [0.013384030418250951, 0.03832699619771863, 0.11604562737642586, 0.24152091254752853, 0.2588593155893536, 0.16806083650190115, 0.06342205323193917, 0.07239543726235742, 0.027984790874524716], [0.0730421686746988, 0.10805722891566265, 0.18599397590361447, 0.25941265060240964, 0.19427710843373494, 0.08396084337349398, 0.03275602409638554, 0.03802710843373494, 0.02447289156626506], [0.3076923076923077, 0.1978021978021978, 0.22527472527472528, 0.12637362637362637, 0.07142857142857142, 0.038461538461538464, 0.03296703296703297, 0.0, 0.0], [0.0660949282862635, 0.1348513973088866, 0.22578737246783973, 0.26201389915717876, 0.15806594706491203, 0.0745231406180689, 0.03430430282419045, 0.03489575632115925, 0.009463255951500812], [0.04916700528240553, 0.08045509955302722, 0.15765948801300284, 0.24461600975213327, 0.2385209264526615, 0.1389678992279561, 0.04144656643640796, 0.03860219422998781, 0.010564811052417716], [0.07342735616745019, 0.13588538168793374, 0.20170136556973361, 0.2762480411909559, 0.17036042086411463, 0.0808148645623461, 0.03268412805014551, 0.023057980747705396, 0.005820461159614954], [0.029900332225913623, 0.07661960132890365, 0.13725083056478404, 0.23982558139534885, 0.2545681063122924, 0.15406976744186046, 0.04941860465116279, 0.0454734219269103, 0.01287375415282392], [0.03586321934945788, 0.08373644703919933, 0.15296080066722267, 0.25404503753127605, 0.24353628023352794, 0.13127606338615513, 0.04670558798999166, 0.03686405337781484, 0.015012510425354461], [0.012290167865707434, 0.03717026378896882, 0.10101918465227817, 0.22122302158273383, 0.2907673860911271, 0.1882494004796163, 0.06594724220623502, 0.06534772182254196, 0.017985611510791366], [0.03710691823899371, 0.07735849056603773, 0.13459119496855346, 0.22075471698113208, 0.22767295597484277, 0.13647798742138365, 0.06352201257861635, 0.06477987421383648, 0.03773584905660377], [0.03312745648512072, 0.07102751263335205, 0.17209432902863558, 0.25940482874789444, 0.2240314430095452, 0.12773722627737227, 0.04604154969118473, 0.04912970241437395, 0.017405951712521055], [0.03189828240017845, 0.06959625250948026, 0.14521525763997323, 0.24737898728530003, 0.2402409101048405, 0.15904528217711353, 0.04483604728976132, 0.04505911220165068, 0.016729868391701985], [0.1320754716981132, 0.1320754716981132, 0.11320754716981132, 0.24528301886792453, 0.1509433962264151, 0.11320754716981132, 0.0, 0.11320754716981132, 0.0], [0.014407145944388416, 0.03846707967151707, 0.1056043797723671, 0.25961676991787924, 0.2774816308889209, 0.1547327474427316, 0.06843394323584498, 0.06713730010085002, 0.014119003025500648], [0.010560519902518278, 0.02924451665312754, 0.06803411860276198, 0.1669374492282697, 0.25731112916328186, 0.2238017871649066, 0.10398050365556458, 0.10296506904955322, 0.03716490658001625], [0.01905829596412556, 0.043348281016442454, 0.08134030891878426, 0.1860986547085202, 0.27279521674140506, 0.20378674638764324, 0.08333333333333333, 0.08918784255107125, 0.02105132037867464], [0.022988505747126436, 0.04597701149425287, 0.16091954022988506, 0.2896551724137931, 0.30344827586206896, 0.14022988505747128, 0.029885057471264367, 0.006896551724137931, 0.0], [0.012295081967213115, 0.033433994823123384, 0.0842320966350302, 0.17914150129421916, 0.2739430543572045, 0.23619499568593616, 0.08045729076790337, 0.08229076790336497, 0.018011216566005177], [0.01421084458778472, 0.04172545857689982, 0.1367667808909494, 0.2929852852247531, 0.3046764765168313, 0.1397903648457972, 0.04132231404958678, 0.024994960693408588, 0.003527514613989115], [0.020125371164632134, 0.050148465852853846, 0.11943253051798086, 0.2695480039590894, 0.26344440778620914, 0.1605080831408776, 0.056417024084460574, 0.053117782909930716, 0.007258330583965688], [0.009719031631030217, 0.03251457854744655, 0.09825057430641457, 0.2348471461388938, 0.2530482417388231, 0.195264180950698, 0.06767980208517406, 0.08004947870648524, 0.028626965895034457], [0.08853575482406356, 0.1322360953461975, 0.18615209988649262, 0.24801362088535756, 0.1753688989784336, 0.10045402951191827, 0.032917139614074914, 0.031214528944381384, 0.00510783200908059], [0.06639004149377593, 0.08506224066390042, 0.12033195020746888, 0.22510373443983403, 0.25103734439834025, 0.14522821576763487, 0.0487551867219917, 0.043568464730290454, 0.014522821576763486], [0.04522798597009415, 0.09950156913420713, 0.18718848070887945, 0.2824441572826288, 0.21044858777921358, 0.09839394498800073, 0.03544397267860439, 0.03396714048366254, 0.007384160974709249], [0.02193283070596299, 0.053803975325565453, 0.11343385880740232, 0.2227553118574366, 0.25051405071967103, 0.15558601782042494, 0.07230980123372173, 0.07299520219328307, 0.03666895133653187], [0.020015596568754873, 0.05042890564075903, 0.13049129191577852, 0.25188458539121394, 0.254224070704445, 0.1689628281778009, 0.05952690408110216, 0.04990902001559657, 0.014556797504549], [0.02717900656044986, 0.07247735082786629, 0.17150890346766634, 0.28350515463917525, 0.24742268041237114, 0.11918150577944392, 0.039831302717900655, 0.033895657606997816, 0.00499843798812871], [0.021190401994390776, 0.058896852602056717, 0.137425989404799, 0.26893113119351825, 0.25927080087254595, 0.1327516360236834, 0.05765035836709255, 0.04767840448737925, 0.016204425054534122], [0.014092953523238382, 0.03568215892053973, 0.08695652173913043, 0.21529235382308845, 0.25787106446776614, 0.19130434782608696, 0.07436281859070465, 0.09745127436281859, 0.026986506746626688], [0.014535901926444834, 0.04938704028021016, 0.15359019264448337, 0.25901926444833623, 0.2330998248686515, 0.15061295971978983, 0.053765323992994746, 0.059719789842381785, 0.02626970227670753], [0.012706480304955527, 0.04297100612221324, 0.12082707635439528, 0.23911285664779947, 0.2681067344345616, 0.18470601825112626, 0.0596049439759732, 0.05775672865888876, 0.014208155250086636], [0.01062256286136883, 0.03240553986822643, 0.10703240553986823, 0.26596745999731075, 0.30106225628613686, 0.1863654699475595, 0.04692752453946484, 0.043162565550625254, 0.00645421540943929], [0.2603550295857988, 0.09467455621301775, 0.1952662721893491, 0.20710059171597633, 0.1301775147928994, 0.0650887573964497, 0.023668639053254437, 0.023668639053254437, 0.0]]}, "ranksDetailed": {"labels": ["Unranked", "Combatatant", "Challenger", "Rival", "Duelist", "Elite"], "data": [[0.15789473684210525, 0.37894736842105264, 0.3, 0.13157894736842105, 0.031578947368421054, 0.0], [0.06329113924050633, 0.2664255575647981, 0.48583484026522, 0.14828209764918626, 0.02591922845087402, 0.010247136829415311], [0.013955131602190425, 0.09980568804098215, 0.41883059530118355, 0.3305069775658011, 0.10475181063416357, 0.03214979685567921], [0.02899711630887536, 0.17766741429029156, 0.5036847164370394, 0.23838513297020186, 0.041973726369753286, 0.009291893623838513], [0.20588235294117646, 0.39705882352941174, 0.17647058823529413, 0.17647058823529413, 0.04411764705882353, 0.0], [0.013384030418250951, 0.1543726235741445, 0.5003802281368821, 0.2314828897338403, 0.07239543726235742, 0.027984790874524716], [0.0730421686746988, 0.2940512048192771, 0.45368975903614456, 0.11671686746987951, 0.03802710843373494, 0.02447289156626506], [0.3076923076923077, 0.4230769230769231, 0.1978021978021978, 0.07142857142857142, 0.0, 0.0], [0.0660949282862635, 0.3606387697767263, 0.42007984622209077, 0.10882744344225935, 0.03489575632115925, 0.009463255951500812], [0.04916700528240553, 0.23811458756603007, 0.4831369362047948, 0.1804144656643641, 0.03860219422998781, 0.010564811052417716], [0.07342735616745019, 0.33758674725766735, 0.44660846205507054, 0.1134989926124916, 0.023057980747705396, 0.005820461159614954], [0.029900332225913623, 0.2138704318936877, 0.4943936877076412, 0.20348837209302326, 0.0454734219269103, 0.01287375415282392], [0.03586321934945788, 0.23669724770642203, 0.497581317764804, 0.1779816513761468, 0.03686405337781484, 0.015012510425354461], [0.012290167865707434, 0.138189448441247, 0.511990407673861, 0.2541966426858513, 0.06534772182254196, 0.017985611510791366], [0.03710691823899371, 0.2119496855345912, 0.44842767295597485, 0.2, 0.06477987421383648, 0.03773584905660377], [0.03312745648512072, 0.24312184166198764, 0.48343627175743964, 0.17377877596855698, 0.04912970241437395, 0.017405951712521055], [0.03189828240017845, 0.2148115101494535, 0.48761989739014056, 0.20388132946687487, 0.04505911220165068, 0.016729868391701985], [0.1320754716981132, 0.24528301886792453, 0.39622641509433965, 0.11320754716981132, 0.11320754716981132, 0.0], [0.014407145944388416, 0.14407145944388416, 0.5370984008068002, 0.22316669067857658, 0.06713730010085002, 0.014119003025500648], [0.010560519902518278, 0.09727863525588952, 0.4242485783915516, 0.32778229082047117, 0.10296506904955322, 0.03716490658001625], [0.01905829596412556, 0.1246885899352267, 0.4588938714499253, 0.2871200797209766, 0.08918784255107125, 0.02105132037867464], [0.022988505747126436, 0.20689655172413793, 0.593103448275862, 0.17011494252873563, 0.006896551724137931, 0.0], [0.012295081967213115, 0.11766609145815358, 0.45308455565142364, 0.3166522864538395, 0.08229076790336497, 0.018011216566005177], [0.01421084458778472, 0.17849223946784923, 0.5976617617415844, 0.181112678895384, 0.024994960693408588, 0.003527514613989115], [0.020125371164632134, 0.1695809963708347, 0.5329924117452985, 0.21692510722533817, 0.053117782909930716, 0.007258330583965688], [0.009719031631030217, 0.13076515285386112, 0.4878953878777169, 0.2629439830358721, 0.08004947870648524, 0.028626965895034457], [0.08853575482406356, 0.31838819523269013, 0.42338251986379116, 0.1333711691259932, 0.031214528944381384, 0.00510783200908059], [0.06639004149377593, 0.2053941908713693, 0.47614107883817425, 0.19398340248962656, 0.043568464730290454, 0.014522821576763486], [0.04522798597009415, 0.2866900498430866, 0.49289274506184233, 0.13383791766660513, 0.03396714048366254, 0.007384160974709249], [0.02193283070596299, 0.16723783413296778, 0.4732693625771076, 0.2278958190541467, 0.07299520219328307, 0.03666895133653187], [0.020015596568754873, 0.18092019755653757, 0.5061086560956589, 0.22848973225890304, 0.04990902001559657, 0.014556797504549], [0.02717900656044986, 0.24398625429553264, 0.5309278350515464, 0.1590128084973446, 0.033895657606997816, 0.00499843798812871], [0.021190401994390776, 0.1963228420068557, 0.5282019320660641, 0.19040199439077593, 0.04767840448737925, 0.016204425054534122], [0.014092953523238382, 0.12263868065967017, 0.47316341829085456, 0.2656671664167916, 0.09745127436281859, 0.026986506746626688], [0.014535901926444834, 0.20297723292469352, 0.4921190893169877, 0.20437828371278458, 0.059719789842381785, 0.02626970227670753], [0.012706480304955527, 0.16379808247660851, 0.5072195910823611, 0.24431096222709947, 0.05775672865888876, 0.014208155250086636], [0.01062256286136883, 0.13943794540809465, 0.5670297162834477, 0.23329299448702434, 0.043162565550625254, 0.00645421540943929], [0.2603550295857988, 0.28994082840236685, 0.33727810650887574, 0.08875739644970414, 0.023668639053254437, 0.0]]}}}, "eu": {"histType": {"histogram": {"labels": ["0", "100", "200", "300", "400", "500", "600", "700", "800", "900", "1000", "1100", "1200", "1300", "1400", "1500", "1600", "1700", "1800", "1900", "2000", "2100", "2200", "2300", "2400", "2500", "2600", "2700", "2800", "2900", "3000", "3100"], "data": [[0.0, 0.0, 0.0, 0.0, 0.0, 0.012987012987012988, 0.006493506493506494, 0.025974025974025976, 0.03896103896103896, 0.07142857142857142, 0.1038961038961039, 0.045454545454545456, 0.07142857142857142, 0.1038961038961039, 0.14935064935064934, 0.07792207792207792, 0.11688311688311688, 0.07792207792207792, 0.032467532467532464, 0.006493506493506494, 0.012987012987012988, 0.025974025974025976, 0.01948051948051948, 0.0, 0.0, 0.0, 0.0, 0.0, 0.0, 0.0, 0.0, 0.0], [0.0, 0.0, 0.0006451612903225806, 0.0006451612903225806, 0.0012903225806451613, 0.0032258064516129032, 0.005161290322580645, 0.00903225806451613, 0.02193548387096774, 0.031612903225806455, 0.036774193548387096, 0.06709677419354838, 0.08258064516129032, 0.10451612903225807, 0.1335483870967742, 0.12322580645161291, 0.14, 0.07935483870967742, 0.08645161290322581, 0.027741935483870966, 0.012258064516129033, 0.016774193548387096, 0.005161290322580645, 0.005806451612903226, 0.001935483870967742, 0.0032258064516129032, 0.0, 0.0, 0.0, 0.0, 0.0, 0.0], [0.0, 0.00018772292096865028, 0.0, 0.00018772292096865028, 0.00018772292096865028, 0.00037544584193730055, 0.0005631687629059508, 0.0016895062887178525, 0.004505350103247607, 0.006194856391965459, 0.01389149615168012, 0.02046179838558288, 0.03134972780176459, 0.040548150929228456, 0.0739628308616482, 0.08672798948751642, 0.1490519992491083, 0.11056880045053501, 0.19710906701708278, 0.0743382767035855, 0.052937863713159374, 0.06626619110193355, 0.023840810963018585, 0.01351605030974282, 0.017645954571053127, 0.008259808522620612, 0.002064952130655153, 0.0035667354984043552, 0.0, 0.0, 0.0, 0.0], [0.0, 0.00014847809948032666, 0.0, 0.00014847809948032666, 0.00014847809948032666, 0.0002969561989606533, 0.0010393466963622866, 0.003414996288047513, 0.005345211581291759, 0.010838901262063846, 0.021529324424647365, 0.032516703786191536, 0.04617668893838159, 0.06146993318485523, 0.10764662212323682, 0.133630289532294, 0.16451373422420193, 0.1147735708982925, 0.14936896807720862, 0.061321455085374905, 0.03236822568671121, 0.030734966592427616, 0.009205642167780253, 0.003860430586488493, 0.005790645879732739, 0.0016332590942835933, 0.0011878247958426132, 0.0008908685968819599, 0.0, 0.0, 0.0, 0.0], [0.0, 0.0, 0.0, 0.0, 0.0, 0.0, 0.03278688524590164, 0.08196721311475409, 0.06557377049180328, 0.04918032786885246, 0.09836065573770492, 0.09836065573770492, 0.04918032786885246, 0.04918032786885246, 0.09836065573770492, 0.08196721311475409, 0.08196721311475409, 0.04918032786885246, 0.03278688524590164, 0.04918032786885246, 0.01639344262295082, 0.04918032786885246, 0.0, 0.0, 0.01639344262295082, 0.0, 0.0, 0.0, 0.0, 0.0, 0.0, 0.0], [0.0, 0.0001527417137620284, 0.0001527417137620284, 0.0003054834275240568, 0.00045822514128608525, 0.0001527417137620284, 0.0003054834275240568, 0.0024438674201924544, 0.003360317702764625, 0.0070261188330533065, 0.01542691308996487, 0.02306399877806629, 0.04185122957079578, 0.06690087062776845, 0.10569726592332367, 0.1241790132885291, 0.14800672063540554, 0.10416984878570337, 0.14266076065373454, 0.0682755460516267, 0.035283335879028564, 0.052084924392851686, 0.021536581640446004, 0.008553535970673591, 0.014663204521154728, 0.006873377119291278, 0.0042767679853367956, 0.0021383839926683978, 0.0, 0.0, 0.0, 0.0], [0.0, 0.0, 0.001394700139470014, 0.001394700139470014, 0.002789400278940028, 0.0024407252440725243, 0.0038354253835425384, 0.012552301255230125, 0.02301255230125523, 0.0299860529986053, 0.049163179916317995, 0.06799163179916318, 0.08403068340306834, 0.09797768479776849, 0.11680613668061367, 0.12203626220362622, 0.11366806136680614, 0.07078103207810321, 0.06729428172942817, 0.03695955369595537, 0.021617852161785217, 0.023361227336122732, 0.012203626220362623, 0.008716875871687587, 0.011854951185495118, 0.00801952580195258, 0.006624825662482566, 0.003486750348675035, 0.0, 0.0, 0.0, 0.0], [0.0, 0.0, 0.0, 0.0, 0.0, 0.015037593984962405, 0.015037593984962405, 0.06015037593984962, 0.03007518796992481, 0.05263157894736842, 0.06015037593984962, 0.12030075187969924, 0.09774436090225563, 0.06015037593984962, 0.13533834586466165, 0.15789473684210525, 0.08270676691729323, 0.03759398496240601, 0.045112781954887216, 0.015037593984962405, 0.015037593984962405, 0.0, 0.0, 0.0, 0.0, 0.0, 0.0, 0.0, 0.0, 0.0, 0.0, 0.0], [0.0004462957453138947, 0.0001487652484379649, 0.0005950609937518596, 0.0005950609937518596, 0.0005950609937518596, 0.0019339482296935435, 0.0043141922047009815, 0.009223445403153823, 0.021124665278191016, 0.03495983338292175, 0.058464742636120205, 0.0779529901814936, 0.11797084201130616, 0.11826837250818209, 0.1292770008925915, 0.1173757810175543, 0.09580481999404938, 0.05519190717048497, 0.05876227313299613, 0.030943171675096696, 0.02097590002975305, 0.020232073787563226, 0.009223445403153823, 0.006843201428146385, 0.005355548943766736, 0.0023802439750074383, 0.0010413567390657541, 0.0, 0.0, 0.0, 0.0, 0.0], [0.0, 0.0, 0.0010615711252653928, 0.0005307855626326964, 0.0015923566878980893, 0.0010615711252653928, 0.0010615711252653928, 0.006900212314225053, 0.01167728237791932, 0.01751592356687898, 0.042993630573248405, 0.0435244161358811, 0.06900212314225053, 0.09288747346072186, 0.10721868365180467, 0.11995753715498939, 0.15339702760084925, 0.0865180467091295, 0.1183651804670913, 0.034501061571125265, 0.03556263269639066, 0.027070063694267517, 0.011146496815286623, 0.008492569002123142, 0.004777070063694267, 0.002653927813163482, 0.0005307855626326964, 0.0, 0.0, 0.0, 0.0, 0.0], [0.0002703433360367667, 0.0005406866720735334, 0.0008110300081103001, 0.0008110300081103001, 0.001892403352257367, 0.0021627466882941336, 0.0032441200324412004, 0.012165450121654502, 0.020005406866720737, 0.034874290348742905, 0.0575831305758313, 0.0786699107866991, 0.10002703433360367, 0.11165179778318464, 0.14274128142741282, 0.1192214111922141, 0.10110840767775074, 0.05677210056772101, 0.0665044606650446, 0.03352257366855907, 0.018383346850500134, 0.015950256826169237, 0.007028926736955934, 0.005947553392808867, 0.004325493376588267, 0.002703433360367667, 0.0010813733441470668, 0.0, 0.0, 0.0, 0.0, 0.0], [0.0, 0.0, 0.0, 0.0, 0.00