{"region": {"us": {"histType": {"histogram": {"labels": ["0", "100", "200", "300", "400", "500", "600", "700", "800", "900", "1000", "1100", "1200", "1300", "1400", "1500", "1600", "1700", "1800", "1900", "2000", "2100", "2200", "2300", "2400", "2500", "2600", "2700", "2800", "2900", "3000", "3100", "3200"], "data": [[0.0, 0.0, 0.004975124378109453, 0.004975124378109453, 0.004975124378109453, 0.007462686567164179, 0.01990049751243781, 0.01990049751243781, 0.04477611940298507, 0.04228855721393035, 0.08706467661691543, 0.09950248756218906, 0.1044776119402985, 0.13432835820895522, 0.11442786069651742, 0.0945273631840796, 0.06965174129353234, 0.04228855721393035, 0.03482587064676617, 0.03482587064676617, 0.012437810945273632, 0.007462686567164179, 0.007462686567164179, 0.0, 0.007462686567164179, 0.0, 0.0, 0.0, 0.0, 0.0, 0.0, 0.0, 0.0], [0.0, 0.0003307972213033411, 0.0, 0.0003307972213033411, 0.0006615944426066821, 0.0019847833278200462, 0.004961958319550115, 0.007277538868673503, 0.011577902745616937, 0.026463777704267284, 0.039364869335097585, 0.051604366523321205, 0.0830301025471386, 0.08964604697320543, 0.12338736354614621, 0.13264968574263977, 0.14852795236520014, 0.08534568309626199, 0.11379424412834932, 0.04134965266291763, 0.014555077737347006, 0.00992391663910023, 0.0039695666556400925, 0.0019847833278200462, 0.0033079722130334105, 0.0006615944426066821, 0.0016539861065167053, 0.0013231888852133643, 0.0003307972213033411, 0.0, 0.0, 0.0, 0.0], [0.00011029006286533584, 0.0, 0.0, 0.00022058012573067168, 0.00022058012573067168, 0.00022058012573067168, 0.00022058012573067168, 0.0005514503143266791, 0.00264696150876806, 0.003198411823094739, 0.005624793206132127, 0.00794088452630418, 0.012573067166648286, 0.019411051064299106, 0.026028454836219257, 0.10444468953347304, 0.19168412925995368, 0.12153964927760008, 0.2770486379177236, 0.07731333406860041, 0.0427925443917503, 0.053600970552553216, 0.0190801808757031, 0.010256975846476233, 0.014227418109628322, 0.004632182640344105, 0.00264696150876806, 0.0012131906915186941, 0.00011029006286533584, 0.00044116025146134335, 0.0, 0.0, 0.0], [0.0, 0.0, 0.0, 0.0, 0.00010567473317129874, 0.00010567473317129874, 0.0007397231321990912, 0.0017964704639120786, 0.004649688259537144, 0.00760858078833351, 0.011307196449328965, 0.013737715312268837, 0.025256261227940398, 0.03159674521821832, 0.045017436330973264, 0.05643030751347353, 0.2001479446264398, 0.13822255098805875, 0.23681707703688049, 0.08570220860192328, 0.04966712459051041, 0.0506181971890521, 0.01838740357180598, 0.007080207122477015, 0.010778822783472471, 0.002324844129768572, 0.0014794462643981823, 0.00042269893268519497, 0.0, 0.0, 0.0, 0.0, 0.0], [0.0, 0.0, 0.0, 0.0, 0.0072992700729927005, 0.0072992700729927005, 0.021897810218978103, 0.029197080291970802, 0.058394160583941604, 0.058394160583941604, 0.06569343065693431, 0.10948905109489052, 0.10218978102189781, 0.10948905109489052, 0.072992700729927, 0.11678832116788321, 0.043795620437956206, 0.029197080291970802, 0.08029197080291971, 0.043795620437956206, 0.014598540145985401, 0.021897810218978103, 0.0072992700729927005, 0.0, 0.0, 0.0, 0.0, 0.0, 0.0, 0.0, 0.0, 0.0, 0.0], [0.0, 0.0, 0.0, 0.0, 0.0, 0.00033523298692591353, 0.0006704659738518271, 0.0034640741982344394, 0.004805006145938094, 0.011062688568555145, 0.021231422505307854, 0.03072969046820874, 0.05274332327634373, 0.08447871270533021, 0.10582187953961336, 0.1287294669795508, 0.1635936976198458, 0.09475919097105821, 0.134316683428316, 0.0545312325399486, 0.03173538942898648, 0.03821656050955414, 0.015197228740641413, 0.006257682422617052, 0.010950944239579841, 0.0030170968823332216, 0.0017879092636048722, 0.0008939546318024361, 0.00044697731590121804, 0.00011174432897530451, 0.00011174432897530451, 0.0, 0.0], [0.0, 0.000243842965130456, 0.000243842965130456, 0.001950743721043648, 0.001463057790782736, 0.0036576444769568397, 0.0063399170933918555, 0.013167520117044623, 0.021702023896610582, 0.03438185808339429, 0.05023165081687393, 0.06778834430626676, 0.0953425993660083, 0.10924164837844429, 0.11338697878566203, 0.12435991221653256, 0.12192148256522799, 0.0675445013411363, 0.07607900512070227, 0.02804194099000244, 0.018775908315045112, 0.01633747866374055, 0.00902218970982687, 0.00487685930260912, 0.005852231163130944, 0.0031699585466959277, 0.0026822726164350157, 0.000975371860521824, 0.000487685930260912, 0.000243842965130456, 0.000487685930260912, 0.0, 0.0], [0.0031847133757961785, 0.0, 0.0, 0.006369426751592357, 0.009554140127388535, 0.022292993630573247, 0.012738853503184714, 0.03821656050955414, 0.05732484076433121, 0.10509554140127389, 0.10828025477707007, 0.12420382165605096, 0.10828025477707007, 0.10509554140127389, 0.0732484076433121, 0.06369426751592357, 0.054140127388535034, 0.028662420382165606, 0.03503184713375796, 0.025477707006369428, 0.0031847133757961785, 0.0031847133757961785, 0.006369426751592357, 0.006369426751592357, 0.0, 0.0, 0.0, 0.0, 0.0, 0.0, 0.0, 0.0, 0.0], [0.0002878526194588371, 0.00019190174630589137, 0.00047975436576472844, 0.0002878526194588371, 0.00047975436576472844, 0.001247361350988294, 0.0014392630972941854, 0.0041258875455766645, 0.007772020725388601, 0.016119746689694875, 0.026194588370754175, 0.034830166954519286, 0.043465745538284396, 0.07138744962579159, 0.15169833045480713, 0.14498176933410095, 0.15006716561120706, 0.09412780656303972, 0.1045864517367108, 0.047591633083861065, 0.029744770677413164, 0.03070427940894262, 0.015064287085012474, 0.007484168105929764, 0.00978698906160046, 0.0033582805603530994, 0.001535213970447131, 0.00038380349261178274, 0.0005757052389176742, 0.0, 0.0, 0.0, 0.0], [0.0, 0.0, 0.0, 0.0, 0.0007939658594680428, 0.0003969829297340214, 0.0011909487892020642, 0.0015879317189360857, 0.0015879317189360857, 0.00833664152441445, 0.011512504962286622, 0.012703453751488685, 0.021834061135371178, 0.030964668519253672, 0.05597459309249702, 0.07423580786026202, 0.09884874950377134, 0.0889241762604208, 0.1794362842397777, 0.07145692735212386, 0.08058753473600636, 0.10123064708217547, 0.04724096863834855, 0.018658197697499008, 0.051210797935688765, 0.015879317189360857, 0.0111155220325526, 0.009924573243350537, 0.00277888050813815, 0.0015879317189360857, 0.0, 0.0, 0.0], [0.0, 0.0, 0.0002664535038635758, 0.0, 0.001332267519317879, 0.001332267519317879, 0.002398081534772182, 0.003996802557953637, 0.010391686650679457, 0.019984012789768184, 0.02984279243272049, 0.037569944044764186, 0.06288302691180389, 0.07753796962430055, 0.10231814548361311, 0.12283506528110845, 0.15001332267519318, 0.09272581934452438, 0.14388489208633093, 0.04769517719158007, 0.03250732747135625, 0.03064215294431122, 0.009858779642952304, 0.005062616573407941, 0.00826005861977085, 0.0034638955502264853, 0.0021316280309086064, 0.0002664535038635758, 0.0005329070077271516, 0.0002664535038635758, 0.0, 0.0, 0.0], [0.0, 0.0, 0.001051156271899089, 0.000700770847932726, 0.0015767344078486335, 0.0029782761037140857, 0.006832515767344079, 0.010861948142957253, 0.01979677645409951, 0.036440084092501754, 0.06341976173791171, 0.07533286615276805, 0.1098458304134548, 0.1137000700770848, 0.13384723195515066, 0.11983181499649614, 0.11597757533286615, 0.06096706377014716, 0.06131744919411353, 0.027505255781359494, 0.013139453398738612, 0.011212333566923615, 0.006482130343377715, 0.004029432375613175, 0.0026278906797477224, 0.0005255781359495446, 0.0, 0.0, 0.0, 0.0, 0.0, 0.0, 0.0], [0.0, 0.0, 0.0, 0.0, 0.00012250398137939484, 0.0004900159255175794, 0.0019600637020703174, 0.0019600637020703174, 0.0046551512924170035, 0.006002695087590347, 0.0142104618400098, 0.03295357099105721, 0.06247703050349136, 0.0829351953938503, 0.12617910082077669, 0.12764914859732943, 0.16770795050839152, 0.10278084037731226, 0.13928702682837193, 0.04593899301727306, 0.028053411735881415, 0.02719588386622565, 0.010535342398627955, 0.006247703050349137, 0.006247703050349137, 0.003062599534484871, 0.0006125199068969741, 0.00012250398137939484, 0.0006125199068969741, 0.0, 0.0, 0.0, 0.0], [0.00021600604816934875, 0.0, 0.0, 0.00010800302408467438, 0.00010800302408467438, 0.0004320120963386975, 0.002700075602116859, 0.0042121179393023005, 0.01015228426395939, 0.020412571552003458, 0.0341289556107571, 0.04654930338049466, 0.06998595960686899, 0.08823847067717897, 0.10983907549411384, 0.11286316016848472, 0.14213197969543148, 0.09309860676098931, 0.11729128415595637, 0.053245490873744465, 0.02872880440652338, 0.033696943514418404, 0.011232314504806135, 0.004644130035640998, 0.008100226806350579, 0.0030240846743708823, 0.002268063505778162, 0.000864024192677395, 0.000864024192677395, 0.0007560211685927206, 0.00010800302408467438, 0.0, 0.0], [0.0, 0.0, 0.0, 0.0, 0.00045433893684688776, 0.00022716946842344388, 0.0009086778736937755, 0.0015901862789641072, 0.004543389368468878, 0.006587914584279873, 0.014538845979100408, 0.02862335302135393, 0.0481599273057701, 0.06905951840072694, 0.09927305770104498, 0.11517492049068605, 0.16310767832803272, 0.11494775102226261, 0.14970467969104953, 0.06905951840072694, 0.03930031803725579, 0.03771013175829169, 0.016583371194911403, 0.005452067242162653, 0.009086778736937756, 0.0029532030895047705, 0.0011358473421172195, 0.0009086778736937755, 0.0, 0.0009086778736937755, 0.0, 0.0, 0.0], [0.0, 0.0, 0.0, 0.0003536067892503536, 0.001768033946251768, 0.0021216407355021216, 0.002828854314002829, 0.0038896746817538895, 0.010961810466760962, 0.018387553041018388, 0.031117397454031116, 0.04985855728429986, 0.07036775106082037, 0.08062234794908062, 0.10007072135785007, 0.11173974540311174, 0.1347241867043847, 0.09512022630834512, 0.1166902404526167, 0.04985855728429986, 0.03571428571428571, 0.033592644978783594, 0.017326732673267328, 0.009547383309759547, 0.01272984441301273, 0.0049504950495049506, 0.0010608203677510608, 0.0031824611032531826, 0.0010608203677510608, 0.0003536067892503536, 0.0, 0.0, 0.0], [0.00021290185224611454, 0.0, 0.0006387055567383436, 0.0004258037044922291, 0.0006387055567383436, 0.0014903129657228018, 0.00234192037470726, 0.005748350010645093, 0.011070896316797956, 0.020864381520119227, 0.03278688524590164, 0.05003193527783692, 0.07707047051309346, 0.09985096870342772, 0.11794762614434745, 0.12497338726846924, 0.13710879284649777, 0.08516074089844582, 0.11517990206514797, 0.04449648711943794, 0.02299340004258037, 0.02384500745156483, 0.00936768149882904, 0.0048967426016606344, 0.005109644453906749, 0.0017032148179689163, 0.0012774111134766872, 0.0014903129657228018, 0.0004258037044922291, 0.0008516074089844582, 0.0, 0.0, 0.0], [0.0, 0.0, 0.00013964530093562352, 0.00027929060187124703, 0.0005585812037424941, 0.0008378718056137411, 0.0016757436112274822, 0.0033514872224549644, 0.007820136852394917, 0.014243820695433599, 0.026811897779639715, 0.04105571847507331, 0.07484988130149421, 0.08881441139505655, 0.1228878648233487, 0.1265186426476749, 0.15430805753386398, 0.08839547549224969, 0.13978494623655913, 0.039100684261974585, 0.02178466694595727, 0.02304147465437788, 0.008378718056137411, 0.0047479402318111995, 0.006284038542103058, 0.0016757436112274822, 0.0015360983102918587, 0.00027929060187124703, 0.00013964530093562352, 0.0006982265046781176, 0.0, 0.0, 0.0], [0.0, 0.0, 0.0, 0.008620689655172414, 0.008620689655172414, 0.008620689655172414, 0.008620689655172414, 0.017241379310344827, 0.008620689655172414, 0.07758620689655173, 0.04310344827586207, 0.08620689655172414, 0.0603448275862069, 0.06896551724137931, 0.05172413793103448, 0.1206896551724138, 0.12931034482758622, 0.09482758620689655, 0.04310344827586207, 0.02586206896551724, 0.034482758620689655, 0.008620689655172414, 0.02586206896551724, 0.0, 0.008620689655172414, 0.02586206896551724, 0.008620689655172414, 0.02586206896551724, 0.0, 0.0, 0.0, 0.0, 0.0], [0.0002051702913418137, 0.00010258514567090685, 0.0, 0.0, 0.00010258514567090685, 0.00010258514567090685, 0.0002051702913418137, 0.0011284366023799754, 0.0023594583504308576, 0.0051292572835453425, 0.008001641362330735, 0.01856791136643414, 0.06616741895773492, 0.09519901518260156, 0.12351251538777185, 0.14002872384078785, 0.17490767336889618, 0.11356175625769388, 0.11602379975379565, 0.0524210094378334, 0.025543701272055807, 0.030160032827246615, 0.010874025441116127, 0.0036930652441526466, 0.0071809601969634795, 0.0022568732047599507, 0.0012310217480508822, 0.0004103405826836274, 0.0009232663110381617, 0.0, 0.0, 0.0, 0.0], [0.0, 0.0, 0.0, 0.00013614703880190606, 0.0, 0.0002722940776038121, 0.0013614703880190605, 0.0006807351940095302, 0.003948264125255276, 0.004901293396868618, 0.009802586793737236, 0.01701837985023826, 0.029816201497617427, 0.04628999319264806, 0.0720217835262083, 0.10034036759700476, 0.15901974132062627, 0.12471068754254595, 0.17916950306330837, 0.07910142954390742, 0.055411844792375764, 0.057998638529611984, 0.02042205582028591, 0.010074880871341048, 0.015520762423417291, 0.005990469707283867, 0.0031313818924438392, 0.0012253233492171545, 0.0006807351940095302, 0.0002722940776038121, 0.0006807351940095302, 0.0, 0.0], [0.0001874062968515742, 9.37031484257871e-05, 0.0, 0.0001874062968515742, 0.0001874062968515742, 0.0005622188905547226, 0.0011244377811094452, 0.003467016491754123, 0.0075899550224887554, 0.014430284857571215, 0.025768365817091455, 0.032796101949025484, 0.048631934032983506, 0.06662293853073463, 0.08011619190404798, 0.10044977511244378, 0.1309032983508246, 0.11169415292353824, 0.15892053973013492, 0.07355697151424288, 0.04638305847076462, 0.050974512743628186, 0.018834332833583208, 0.009651424287856073, 0.011244377811094454, 0.0030922038980509747, 0.0014055472263868067, 0.00046851574212893553, 0.0006559220389805098, 0.0, 0.0, 0.0, 0.0], [0.0, 0.0, 0.0, 0.0016556291390728477, 0.0033112582781456954, 0.0, 0.0, 0.006622516556291391, 0.008278145695364239, 0.008278145695364239, 0.014900662251655629, 0.028145695364238412, 0.04966887417218543, 0.09768211920529801, 0.10927152317880795, 0.17218543046357615, 0.15894039735099338, 0.11589403973509933, 0.1291390728476821, 0.061258278145695365, 0.019867549668874173, 0.009933774834437087, 0.0033112582781456954, 0.0, 0.0016556291390728477, 0.0, 0.0, 0.0, 0.0, 0.0, 0.0, 0.0, 0.0], [0.0, 0.0, 0.0, 0.00016225864027259452, 0.0, 8.112932013629726e-05, 0.00024338796040889178, 0.0007301638812266753, 0.0017848450429985396, 0.004543241927632647, 0.007139380171994158, 0.01330520850235275, 0.02101249391530099, 0.052896316728865814, 0.10108713288982639, 0.11195846178809021, 0.16112282979068634, 0.10530585753691384, 0.19641408404997565, 0.07220509492130456, 0.0442966087944183, 0.06222618854454, 0.018416355670939476, 0.0059224403699496995, 0.012007139380171995, 0.003569690085997079, 0.0014603277624533507, 0.0012980691221807562, 0.0004056466006814863, 0.0004056466006814863, 0.0, 0.0, 0.0], [0.00018157058556513844, 9.078529278256922e-05, 9.078529278256922e-05, 0.0, 0.00045392646391284613, 0.0005447117566954153, 0.00027235587834770767, 0.0009078529278256923, 0.0011802088061733998, 0.005356332274171584, 0.009532455742169769, 0.019609623241034952, 0.034316840671811163, 0.046028143440762594, 0.06827054017249205, 0.09977303676804358, 0.25301861098502043, 0.15079437131184747, 0.1693145710394916, 0.06463912846118929, 0.030594643667725827, 0.02823422605537903, 0.008624602814344077, 0.003631411711302769, 0.0030866999546073537, 0.0007262823422605537, 0.00036314117113027687, 0.00036314117113027687, 0.0, 0.0, 0.0, 0.0, 0.0], [0.0001222195062331948, 0.0001222195062331948, 0.00036665851869958444, 0.0002444390124663896, 0.0006110975311659741, 0.0009777560498655585, 0.001955512099731117, 0.0036665851869958446, 0.006110975311659741, 0.011366414079687118, 0.02028843803471034, 0.0354436568076265, 0.05169885113664141, 0.06660963089709118, 0.0920312881935957, 0.12918601808848693, 0.15998533365925202, 0.11085309215350769, 0.14140796871180641, 0.06269860669762894, 0.03617697384502567, 0.036665851869958445, 0.015155218772916158, 0.006355414324126131, 0.006233194817892936, 0.0018332925934979223, 0.0009777560498655585, 0.0008555365436323637, 0.0, 0.0, 0.0, 0.0, 0.0], [0.0, 0.0, 0.0, 0.0, 0.00043115837884449555, 0.0002874389192296637, 0.001006036217303823, 0.0014371945961483186, 0.004455303248059787, 0.007329692440356425, 0.014371945961483185, 0.025150905432595575, 0.039235412474849095, 0.06194308709399253, 0.0970106352400115, 0.12173038229376258, 0.15363610232825525, 0.09643575740155216, 0.179505605058925, 0.06050589249784421, 0.037510778959471115, 0.0451279103190572, 0.018970968669157803, 0.0077608508192009195, 0.010922678930727221, 0.0053176200057487785, 0.004024144869215292, 0.0018683529749928141, 0.0015809140557631503, 0.0011497556769186547, 0.0012934751365334866, 0.0, 0.0], [0.0, 0.000230361667818475, 0.000230361667818475, 0.00046072333563695, 0.001612531674729325, 0.0018428933425478, 0.00414651002073255, 0.008984105044920525, 0.01612531674729325, 0.02533978346003225, 0.04376871688551025, 0.06242801197880673, 0.082930200414651, 0.10274130384703985, 0.1262381939645243, 0.11633264224832988, 0.1465100207325501, 0.0746371803731859, 0.1050449205252246, 0.027873761806035475, 0.01796821008984105, 0.020962911771481227, 0.0036857866850956, 0.00230361667818475, 0.0048375950241879755, 0.001612531674729325, 0.00046072333563695, 0.00046072333563695, 0.000230361667818475, 0.0, 0.0, 0.0, 0.0], [0.0, 0.0, 0.000493339911198816, 0.0014800197335964479, 0.00246669955599408, 0.00246669955599408, 0.003453379378391712, 0.012826837691169216, 0.013320177602368031, 0.013320177602368031, 0.033547113961519485, 0.048347311297483965, 0.0646275283670449, 0.07844104588061174, 0.11149481993093241, 0.10754810064134189, 0.15934879131721758, 0.09521460286137148, 0.12284163788850518, 0.04440059200789344, 0.02713369511593488, 0.024173655648741982, 0.015293537247163296, 0.005426739023186976, 0.006906758756783424, 0.003453379378391712, 0.000493339911198816, 0.0014800197335964479, 0.0, 0.0, 0.0, 0.0, 0.0], [0.0002503755633450175, 0.0, 0.0, 0.00012518778167250875, 0.0008763144717075614, 0.0012518778167250877, 0.003630445668502754, 0.007260891337005508, 0.010640961442163244, 0.020781171757636455, 0.03455182774161242, 0.05107661492238358, 0.07699048572859289, 0.10378067100650977, 0.13657986980470707, 0.13808212318477717, 0.13232348522784176, 0.08375062593890836, 0.09451677516274412, 0.03730595893840761, 0.019654481722583876, 0.022784176264396595, 0.009263895843765649, 0.0043815723585378065, 0.007010515773660491, 0.0013770655983975965, 0.0003755633450175263, 0.0008763144717075614, 0.0, 0.0003755633450175263, 0.00012518778167250875, 0.0, 0.0], [0.0, 0.0, 0.0, 0.0005047955577990914, 0.00016826518593303046, 0.0008413259296651522, 0.0020191822311963654, 0.002523977788995457, 0.007740198552919401, 0.011946828201245163, 0.02204273935722699, 0.03011946828201245, 0.05922934544842672, 0.08244994110718493, 0.09826686858488978, 0.11980481238431769, 0.14655897694766953, 0.09439676930843009, 0.13747265690728588, 0.05519098098603399, 0.03499915867407034, 0.03971058388019519, 0.016153457849570924, 0.00740366818105334, 0.013629480060575468, 0.006057546693589096, 0.005216220763923944, 0.002355712603062426, 0.0013461214874642437, 0.001177856301531213, 0.0006730607437321219, 0.0, 0.0], [0.0, 0.00019477989871445267, 0.0, 0.00019477989871445267, 0.00038955979742890534, 0.0007791195948578107, 0.0019477989871445266, 0.002532138683287885, 0.006622516556291391, 0.016945851188157383, 0.026100506427736658, 0.04129333852746397, 0.06194000779119595, 0.08531359563693026, 0.11277756135566809, 0.1246591351772497, 0.1509544215037008, 0.09583171016751071, 0.1334242306194001, 0.050642773665757694, 0.032333463186599146, 0.0255161667315933, 0.010518114530580444, 0.0037008180755746006, 0.00584339696143358, 0.00292169848071679, 0.0031164783794312427, 0.0013634592910011687, 0.0015582391897156214, 0.000584339696143358, 0.0, 0.0, 0.0], [0.00010868383871318335, 0.00010868383871318335, 0.00010868383871318335, 0.0, 0.00010868383871318335, 0.00097815454841865, 0.0007607868709922835, 0.0023910444516900336, 0.003151831322682317, 0.0058689272905119005, 0.030214107162264973, 0.049777198130637974, 0.07955656993805021, 0.11009672861645474, 0.13107270948809913, 0.14259319639169654, 0.1560699923921313, 0.09194652755135312, 0.1005325508096946, 0.043582219323986524, 0.021519400065210303, 0.015541788935985219, 0.007499184871209651, 0.002499728290403217, 0.0022823606129768505, 0.0008694707097054668, 0.0002173676774263667, 0.0004347353548527334, 0.00010868383871318335, 0.0, 0.0, 0.0, 0.0], [0.0, 0.0, 0.0, 0.00018864365214110544, 0.0005659309564233164, 0.0009432182607055273, 0.001697792869269949, 0.0028296547821165816, 0.00622524052065648, 0.011507262780607432, 0.023957743821920393, 0.03678551216751556, 0.06828900207508018, 0.09300132050556499, 0.12657989058668176, 0.14072816449726466, 0.15619694397283532, 0.10167892850405584, 0.10582908885116016, 0.04357668364459536, 0.02697604225617808, 0.023014525561214864, 0.011695906432748537, 0.003395585738539898, 0.00792303338992643, 0.0028296547821165816, 0.001697792869269949, 0.0003772873042822109, 0.0011318619128466328, 0.00018864365214110544, 0.00018864365214110544, 0.0, 0.0], [0.0, 0.0, 0.0, 0.00019688915140775743, 0.00019688915140775743, 0.001378224059854302, 0.001378224059854302, 0.0025595589683008466, 0.0043315613309706635, 0.005316007088009451, 0.013388462295727505, 0.02146091750344556, 0.03819649537310494, 0.06162630439062808, 0.09647568418980114, 0.11951171490450876, 0.16302421736562314, 0.11006103563693641, 0.17542823390431186, 0.06576097657019098, 0.03603071470761961, 0.04055916518999803, 0.017129356172474897, 0.008072455207718056, 0.010238235873203386, 0.005316007088009451, 0.0015751132112620594, 0.00039377830281551486, 0.00019688915140775743, 0.00019688915140775743, 0.0, 0.0, 0.0], [0.0, 0.0, 0.00012431626056688214, 0.0, 0.0002486325211337643, 0.0004972650422675286, 0.000870213823968175, 0.0027349577324714074, 0.003356539035305818, 0.010069617105917455, 0.018771755345599203, 0.03617603182496271, 0.060044753853804075, 0.09385877672799602, 0.11474390850323223, 0.12555942317255098, 0.14532570860268523, 0.09099950273495773, 0.14022874191944307, 0.04835902536051716, 0.03170064644455495, 0.03269517652909001, 0.0174042764793635, 0.006464445549477871, 0.013177523620089508, 0.002610641471904525, 0.002362008950770761, 0.0013674788662357037, 0.00012431626056688214, 0.00012431626056688214, 0.0, 0.0, 0.0], [0.0, 0.0, 8.481764206955047e-05, 0.0, 8.481764206955047e-05, 8.481764206955047e-05, 0.0002544529262086514, 0.0008481764206955047, 0.0017811704834605599, 0.004749787955894826, 0.008651399491094147, 0.016454622561492792, 0.028074639525021206, 0.0363019508057676, 0.0546225614927905, 0.08625954198473282, 0.20144189991518235, 0.12858354537743852, 0.2195080576759966, 0.08159457167090754, 0.0452078032230704, 0.05106022052586938, 0.013146734520780322, 0.005004240882103477, 0.009584393553859203, 0.0029686174724342664, 0.001611535199321459, 0.0006785411365564037, 0.0007633587786259542, 0.0005937234944868533, 0.0, 0.0, 0.0], [0.0, 0.0, 0.0, 0.00011370096645821489, 0.00034110289937464467, 0.0005685048322910744, 0.0007959067652075042, 0.0026151222285389427, 0.005685048322910745, 0.009891984081864695, 0.015349630471859011, 0.028880045480386585, 0.04945992040932348, 0.07129050596930074, 0.10619670267197272, 0.13337123365548606, 0.17146105741898807, 0.11313246162592382, 0.1640704945992041, 0.05173393973848778, 0.02649232518476407, 0.03126776577600909, 0.008300170551449687, 0.003297328027288232, 0.002956225127913587, 0.0006822057987492893, 0.0007959067652075042, 0.0007959067652075042, 0.00045480386583285955, 0.0, 0.0, 0.0, 0.0], [0.0, 0.003787878787878788, 0.0, 0.003787878787878788, 0.003787878787878788, 0.01893939393939394, 0.026515151515151516, 0.041666666666666664, 0.07196969696969698, 0.041666666666666664, 0.041666666666666664, 0.07954545454545454, 0.06439393939393939, 0.12878787878787878, 0.11742424242424243, 0.10606060606060606, 0.09090909090909091, 0.04924242424242424, 0.045454545454545456, 0.015151515151515152, 0.011363636363636364, 0.01893939393939394, 0.003787878787878788, 0.015151515151515152, 0.0, 0.0, 0.0, 0.0, 0.0, 0.0, 0.0, 0.0, 0.0]]}, "ranks": {"labels": ["Unranked", "Combatatent I", "Combatatent II", "Challenger I", "Challenger II", "Rival I", "Rival II", "Duelist", "Elite"], "data": [[0.14925373134328357, 0.1865671641791045, 0.23880597014925373, 0.208955223880597, 0.11194029850746269, 0.06218905472636816, 0.01990049751243781, 0.014925373134328358, 0.007462686567164179], [0.05358914985114125, 0.09096923585841879, 0.17267614952034402, 0.25603704928878596, 0.23387363546146211, 0.13926563016870658, 0.030433344359907376, 0.01587826662256037, 0.007277538868673503], [0.007389434211977501, 0.013565677732436308, 0.03198411823094739, 0.1304731443696923, 0.3132237785375538, 0.3185177015550899, 0.07863681482298444, 0.08293812727473254, 0.02327120326458586], [0.015005812110324422, 0.025044911761597802, 0.056853006446158726, 0.1014477438444468, 0.33837049561449856, 0.2853217795625066, 0.08686463066680757, 0.07608580788333509, 0.015005812110324422], [0.18248175182481752, 0.17518248175182483, 0.2116788321167883, 0.1897810218978102, 0.072992700729927, 0.11678832116788321, 0.021897810218978103, 0.029197080291970802, 0.0], [0.02033746787350542, 0.0519611129735166, 0.13722203598167393, 0.23455134651916415, 0.258352888590904, 0.16526986255447537, 0.05531344284277573, 0.05967147167281261, 0.017320370991172198], [0.08315045110948549, 0.1180199951231407, 0.20458424774445258, 0.2377468910021946, 0.1894659839063643, 0.09290416971470374, 0.029992684711046085, 0.03023652767617654, 0.013899049012435992], [0.25477707006369427, 0.23248407643312102, 0.21337579617834396, 0.13694267515923567, 0.08280254777070063, 0.044585987261146494, 0.01910828025477707, 0.01592356687898089, 0.0], [0.03243139512569564, 0.06102475532527346, 0.114853195164076, 0.2966800997889081, 0.2441949721742468, 0.13260410669737094, 0.049318748800614085, 0.05325273459988486, 0.01563999232393015], [0.013894402540690751, 0.02421595871377531, 0.05279872965462485, 0.13021040095275904, 0.18777292576419213, 0.21476776498610559, 0.1167129813418023, 0.16712981341802302, 0.09249702262802699], [0.03970157207567279, 0.06741273647748468, 0.14042099653610446, 0.22515321076472156, 0.24273914201971755, 0.17319477751132428, 0.05089261923794298, 0.045563549160671464, 0.014921396216360246], [0.08023826208829712, 0.13875262789067974, 0.2235459004905396, 0.25367904695164684, 0.1769446391030133, 0.07585844428871759, 0.026103714085494042, 0.021723896285914507, 0.003153468815697267], [0.015190493691044958, 0.04716403283106701, 0.14541222589734165, 0.2538282494181061, 0.27048879088570377, 0.16464535097390665, 0.04863408060761975, 0.043978929315202746, 0.01065784638000735], [0.038341073550059404, 0.08067825899125175, 0.15822443028404795, 0.22270223566259856, 0.23523058645642078, 0.1462360946106491, 0.05302948482557512, 0.04957338805486554, 0.015984447564531806], [0.014311676510676965, 0.043162199000454336, 0.11721944570649705, 0.21444797819173103, 0.2780554293502953, 0.19082235347569287, 0.06724216265333939, 0.05974557019536574, 0.014993184915947297], [0.04031117397454031, 0.08097595473833098, 0.15099009900990099, 0.21181046676096182, 0.22984441301272984, 0.14356435643564355, 0.0586987270155587, 0.060466760961810466, 0.02333804809052334], [0.04343197785820737, 0.08281882052373855, 0.17692143921652118, 0.2429210134128167, 0.22226953374494357, 0.1422184373004045, 0.04045135192676176, 0.038109431552054505, 0.010857994464551842], [0.028906577293674067, 0.06786761625471303, 0.16366429269655075, 0.2494065074710236, 0.24270353302611367, 0.16254713028906578, 0.03812316715542522, 0.03616813294232649, 0.010613042871107387], [0.13793103448275862, 0.12931034482758622, 0.12931034482758622, 0.1724137931034483, 0.22413793103448276, 0.05172413793103448, 0.05172413793103448, 0.034482758620689655, 0.06896551724137931], [0.009335248256052524, 0.026569552728764875, 0.16136643414033647, 0.2635412392285597, 0.28846942962659006, 0.14638900287238407, 0.04759950759130078, 0.044727123512515385, 0.012002462043496101], [0.011300204220558203, 0.026820966643975493, 0.07610619469026549, 0.17236215112321307, 0.28373042886317223, 0.22314499659632403, 0.09053778080326753, 0.08849557522123894, 0.027501701837985025], [0.02782983508245877, 0.05856446776611694, 0.11525487256371814, 0.18056596701649175, 0.24259745127436283, 0.1984632683658171, 0.08039730134932534, 0.07946026986506746, 0.01686656671664168], [0.028145695364238412, 0.04304635761589404, 0.14735099337748345, 0.2814569536423841, 0.27483443708609273, 0.1672185430463576, 0.04304635761589404, 0.013245033112582781, 0.0016556291390728477], [0.007545026772675645, 0.020444588674346908, 0.07390881064416681, 0.2130455946779166, 0.2664286873276002, 0.23738439071880577, 0.07553139704689275, 0.08656498458542917, 0.019146519552166154], [0.009078529278256923, 0.02914207898320472, 0.08034498411257376, 0.16804357694053562, 0.4038129822968679, 0.20453926463912847, 0.060009078529278254, 0.04049024058102588, 0.004539264639128461], [0.025543876802737717, 0.055732094842336835, 0.11830848203373258, 0.2212173062820826, 0.27083842581275974, 0.17648496700073332, 0.0637985822537277, 0.05817648496700073, 0.00989978000488878], [0.014946823799942513, 0.03952285139407876, 0.10117849956884162, 0.21874101753377406, 0.2500718597298074, 0.2125610807703363, 0.06496119574590399, 0.07185972980741592, 0.026156941649899398], [0.0589725869615296, 0.10619672886431698, 0.18567150426169085, 0.2425708362128542, 0.22114720110573602, 0.1207095139368809, 0.030177378484220224, 0.026952315134761574, 0.007601935038009675], [0.04982733103108041, 0.08189442525900345, 0.14306857424765665, 0.21904292057227429, 0.25456339417858903, 0.14948199309324126, 0.04489393191909225, 0.04489393191909225, 0.0123334977799704], [0.044817225838758135, 0.085628442663996, 0.18077115673510266, 0.27466199298948424, 0.21607411116675013, 0.11542313470205308, 0.03605408112168253, 0.03642964446670005, 0.01014021031547321], [0.02574457344775366, 0.05216220763923944, 0.14167928655561166, 0.21807168096920748, 0.2409557462560996, 0.16708732963149925, 0.06057546693589096, 0.06326770991081945, 0.030455998653878512], [0.029606544604596805, 0.06739384495520062, 0.1472536034281262, 0.2374366965329178, 0.24678613167121152, 0.16400467471756916, 0.052395792754187764, 0.039735099337748346, 0.01538761199844176], [0.013585479839147919, 0.07999130529290295, 0.18965329855450494, 0.27366590587979567, 0.2480165199434844, 0.12509509835887403, 0.04053907184001739, 0.025540702097598088, 0.0039126181936746], [0.023957743821920393, 0.06074325598943595, 0.16129032258064516, 0.26730805508394645, 0.25787587247689114, 0.12978683267308055, 0.04659498207885305, 0.0381060177325033, 0.014336917562724014], [0.01535735380980508, 0.03484937979917307, 0.09982279976373302, 0.2159873990943099, 0.27308525300255954, 0.21126205946052373, 0.06595786572159874, 0.06576097657019098, 0.017916912778105927], [0.01790154152163103, 0.05494778717056191, 0.1539035305818001, 0.2403033316757832, 0.23632521133764298, 0.16770263550472403, 0.05258577821979115, 0.056563898557931376, 0.019766285430134263], [0.007888040712468193, 0.025106022052586937, 0.06437659033078881, 0.14088210347752333, 0.33002544529262084, 0.26293469041560646, 0.0833757421543681, 0.06921119592875317, 0.016200169635284138], [0.02001137009664582, 0.04422967595224559, 0.12075042637862422, 0.2395679363274588, 0.28459351904491187, 0.19283683911313246, 0.04945992040932348, 0.04286526435474702, 0.005685048322910745], [0.21212121212121213, 0.12121212121212122, 0.19318181818181818, 0.22348484848484848, 0.14015151515151514, 0.04924242424242424, 0.022727272727272728, 0.03787878787878788, 0.0]]}, "ranksDetailed": {"labels": ["Unranked", "Combatatant", "Challenger", "Rival", "Duelist", "Elite"], "data": [[0.14925373134328357, 0.4253731343283582, 0.3208955223880597, 0.08208955223880597, 0.014925373134328358, 0.007462686567164179], [0.05358914985114125, 0.2636453853787628, 0.48991068475024807, 0.16969897452861396, 0.01587826662256037, 0.007277538868673503], [0.007389434211977501, 0.045549795963383696, 0.44369692290724605, 0.39715451637807436, 0.08293812727473254, 0.02327120326458586], [0.015005812110324422, 0.08189791820775652, 0.4398182394589454, 0.37218641022931415, 0.07608580788333509, 0.015005812110324422], [0.18248175182481752, 0.38686131386861317, 0.26277372262773724, 0.1386861313868613, 0.029197080291970802, 0.0], [0.02033746787350542, 0.18918314895519053, 0.49290423511006815, 0.2205833053972511, 0.05967147167281261, 0.017320370991172198], [0.08315045110948549, 0.32260424286759326, 0.4272128749085589, 0.12289685442574981, 0.03023652767617654, 0.013899049012435992], [0.25477707006369427, 0.445859872611465, 0.2197452229299363, 0.06369426751592357, 0.01592356687898089, 0.0], [0.03243139512569564, 0.17587795048934945, 0.5408750719631549, 0.18192285549798504, 0.05325273459988486, 0.01563999232393015], [0.013894402540690751, 0.07701468836840016, 0.3179833267169512, 0.3314807463279079, 0.16712981341802302, 0.09249702262802699], [0.03970157207567279, 0.20783373301358912, 0.46789235278443914, 0.22408739674926725, 0.045563549160671464, 0.014921396216360246], [0.08023826208829712, 0.36229852838121934, 0.4306236860546601, 0.10196215837421163, 0.021723896285914507, 0.003153468815697267], [0.015190493691044958, 0.19257625872840867, 0.5243170403038099, 0.2132794315815264, 0.043978929315202746, 0.01065784638000735], [0.038341073550059404, 0.2389026892752997, 0.4579328221190193, 0.19926557943622422, 0.04957338805486554, 0.015984447564531806], [0.014311676510676965, 0.16038164470695138, 0.4925034075420264, 0.25806451612903225, 0.05974557019536574, 0.014993184915947297], [0.04031117397454031, 0.23196605374823195, 0.44165487977369167, 0.20226308345120225, 0.060466760961810466, 0.02333804809052334], [0.04343197785820737, 0.2597402597402597, 0.46519054715776026, 0.18266978922716628, 0.038109431552054505, 0.010857994464551842], [0.028906577293674067, 0.2315319089512638, 0.49211004049713725, 0.200670297444491, 0.03616813294232649, 0.010613042871107387], [0.13793103448275862, 0.25862068965517243, 0.39655172413793105, 0.10344827586206896, 0.034482758620689655, 0.06896551724137931], [0.009335248256052524, 0.18793598686910135, 0.5520106688551498, 0.19398851046368487, 0.044727123512515385, 0.012002462043496101], [0.011300204220558203, 0.10292716133424099, 0.4560925799863853, 0.31368277739959155, 0.08849557522123894, 0.027501701837985025], [0.02782983508245877, 0.1738193403298351, 0.4231634182908546, 0.27886056971514245, 0.07946026986506746, 0.01686656671664168], [0.028145695364238412, 0.19039735099337748, 0.5562913907284768, 0.21026490066225165, 0.013245033112582781, 0.0016556291390728477], [0.007545026772675645, 0.0943533993185137, 0.4794742820055168, 0.3129157877656985, 0.08656498458542917, 0.019146519552166154], [0.009078529278256923, 0.10948706309577848, 0.5718565592374035, 0.2645483431684067, 0.04049024058102588, 0.004539264639128461], [0.025543876802737717, 0.1740405768760694, 0.4920557320948423, 0.24028354925446102, 0.05817648496700073, 0.00989978000488878], [0.014946823799942513, 0.14070135096292039, 0.4688128772635815, 0.2775222765162403, 0.07185972980741592, 0.026156941649899398], [0.0589725869615296, 0.29186823312600785, 0.4637180373185902, 0.15088689242110112, 0.026952315134761574, 0.007601935038009675], [0.04982733103108041, 0.2249629995066601, 0.47360631475086334, 0.1943759250123335, 0.04489393191909225, 0.0123334977799704], [0.044817225838758135, 0.26639959939909863, 0.49073610415623437, 0.1514772158237356, 0.03642964446670005, 0.01014021031547321], [0.02574457344775366, 0.19384149419485108, 0.4590274272253071, 0.22766279656739022, 0.06326770991081945, 0.030455998653878512], [0.029606544604596805, 0.21464744838332683, 0.4842228282041293, 0.21640046747175692, 0.039735099337748346, 0.01538761199844176], [0.013585479839147919, 0.2696446038474079, 0.5216824258232801, 0.16563417019889143, 0.025540702097598088, 0.0039126181936746], [0.023957743821920393, 0.22203357857008113, 0.5251839275608375, 0.1763818147519336, 0.0381060177325033, 0.014336917562724014], [0.01535735380980508, 0.13467217956290609, 0.48907265209686945, 0.27721992518212246, 0.06576097657019098, 0.017916912778105927], [0.01790154152163103, 0.20885131775236201, 0.47662854301342616, 0.22028841372451516, 0.056563898557931376, 0.019766285430134263], [0.007888040712468193, 0.08948261238337574, 0.4709075487701442, 0.34631043256997457, 0.06921119592875317, 0.016200169635284138], [0.02001137009664582, 0.16498010233086982, 0.5241614553723707, 0.24229675952245594, 0.04286526435474702, 0.005685048322910745], [0.21212121212121213, 0.3143939393939394, 0.36363636363636365, 0.07196969696969698, 0.03787878787878788, 0.0]]}}}, "eu": {"histType": {"histogram": {"labels": ["0", "100", "200", "300", "400", "500", "600", "700", "800", "900", "1000", "1100", "1200", "1300", "1400", "1500", "1600", "1700", "1800", "1900", "2000", "2100", "2200", "2300", "2400", "2500", "2600", "2700", "2800", "2900", "3000", "3100", "3200"], "data": [[0.0, 0.0, 0.0031545741324921135, 0.0, 0.0, 0.006309148264984227, 0.015772870662460567, 0.022082018927444796, 0.05993690851735016, 0.08517350157728706, 0.08201892744479496, 0.0946372239747634, 0.05993690851735016, 0.12302839116719243, 0.13564668769716087, 0.10094637223974763, 0.08201892744479496, 0.04416403785488959, 0.03470031545741325, 0.028391167192429023, 0.00946372239747634, 0.00946372239747634, 0.0031545741324921135, 0.0, 0.0, 0.0, 0.0, 0.0, 0.0, 0.0, 0.0, 0.0, 0.0], [0.00035423308537017357, 0.0, 0.0007084661707403471, 0.0007084661707403471, 0.0010626992561105207, 0.004250797024442083, 0.006376195536663124, 0.00991852639036486, 0.021608218207580587, 0.030818278427205102, 0.04073680481756996, 0.06234502302515055, 0.07828551186680836, 0.10024796315975912, 0.1314204746723344, 0.13106624158696423, 0.1434643995749203, 0.07190931633014523, 0.09847679773290825, 0.026921714488133193, 0.015232022670917464, 0.010981225646475381, 0.0060219624512929506, 0.0028338646829613886, 0.0028338646829613886, 0.0007084661707403471, 0.0007084661707403471, 0.0, 0.0, 0.0, 0.0, 0.0, 0.0], [0.0, 0.0, 0.0, 0.00011103708638685321, 0.00011103708638685321, 0.00011103708638685321, 0.00011103708638685321, 0.000999333777481679, 0.0017765933821896514, 0.0025538529868976236, 0.005773928492116367, 0.009549189429269377, 0.012880302020874972, 0.016100377526093716, 0.07139684654674662, 0.12325116588940706, 0.1882078614257162, 0.1176993115700644, 0.24616922051965356, 0.06928714190539641, 0.04308238951809905, 0.046635576282478344, 0.017321785476349102, 0.008438818565400843, 0.010881634465911614, 0.0036642238507661557, 0.001998667554963358, 0.0012214079502553853, 0.00033311125916055963, 0.00033311125916055963, 0.0, 0.0, 0.0], [0.0, 0.0, 0.0, 0.00010091835704914725, 0.00010091835704914725, 0.0002018367140982945, 0.0007064284993440307, 0.0019174487839337976, 0.002522958926228681, 0.005752346351801393, 0.011403774346553638, 0.017660712483600766, 0.021697446765566657, 0.028358058330810374, 0.045009587243919666, 0.06226662629932385, 0.22202038550812392, 0.14390957715208397, 0.21929558986779696, 0.08578060349177516, 0.045615097386214554, 0.048138056312443236, 0.014532243415077202, 0.007367040064587748, 0.010798264204258754, 0.0027247956403269754, 0.000807346856393178, 0.0007064284993440307, 0.0003027550711474417, 0.0003027550711474417, 0.0, 0.0, 0.0], [0.0, 0.0, 0.0, 0.0, 0.0, 0.022900763358778626, 0.030534351145038167, 0.05343511450381679, 0.07633587786259542, 0.04580152671755725, 0.061068702290076333, 0.10687022900763359, 0.07633587786259542, 0.04580152671755725, 0.06870229007633588, 0.13740458015267176, 0.007633587786259542, 0.10687022900763359, 0.030534351145038167, 0.04580152671755725, 0.04580152671755725, 0.0, 0.007633587786259542, 0.007633587786259542, 0.022900763358778626, 0.0, 0.0, 0.0, 0.0, 0.0, 0.0, 0.0, 0.0], [0.0, 0.000112145340361108, 0.000112145340361108, 0.000224290680722216, 0.000448581361444432, 0.000224290680722216, 0.001457889424