{"region": {"us": {"histType": {"histogram": {"labels": ["0", "100", "200", "300", "400", "500", "600", "700", "800", "900", "1000", "1100", "1200", "1300", "1400", "1500", "1600", "1700", "1800", "1900", "2000", "2100", "2200", "2300", "2400", "2500", "2600", "2700", "2800", "2900", "3000"], "data": [[0.0, 0.0, 0.0036900369003690036, 0.0036900369003690036, 0.0, 0.01107011070110701, 0.02214022140221402, 0.014760147601476014, 0.04059040590405904, 0.033210332103321034, 0.06642066420664207, 0.08487084870848709, 0.08487084870848709, 0.11070110701107011, 0.11070110701107011, 0.1033210332103321, 0.08487084870848709, 0.07011070110701106, 0.04428044280442804, 0.05904059040590406, 0.01107011070110701, 0.014760147601476014, 0.025830258302583026, 0.0, 0.0, 0.0, 0.0, 0.0, 0.0, 0.0, 0.0], [0.0, 0.0009132420091324201, 0.0, 0.00045662100456621003, 0.0009132420091324201, 0.0013698630136986301, 0.005479452054794521, 0.01141552511415525, 0.010958904109589041, 0.021461187214611873, 0.03744292237442922, 0.049771689497716896, 0.0684931506849315, 0.07351598173515982, 0.10776255707762557, 0.12694063926940638, 0.154337899543379, 0.08904109589041095, 0.13287671232876713, 0.04337899543378995, 0.021461187214611873, 0.017351598173515982, 0.00821917808219178, 0.005479452054794521, 0.0036529680365296802, 0.0036529680365296802, 0.0036529680365296802, 0.0, 0.0, 0.0, 0.0], [0.0001443001443001443, 0.0, 0.0, 0.0002886002886002886, 0.0002886002886002886, 0.0002886002886002886, 0.0002886002886002886, 0.0007215007215007215, 0.003896103896103896, 0.004761904761904762, 0.008802308802308803, 0.013564213564213565, 0.021645021645021644, 0.03347763347763348, 0.049783549783549784, 0.07705627705627706, 0.13347763347763347, 0.10663780663780664, 0.24805194805194805, 0.084992784992785, 0.05353535353535353, 0.0761904761904762, 0.023232323232323233, 0.015007215007215007, 0.02683982683982684, 0.00836940836940837, 0.00404040404040404, 0.0030303030303030303, 0.0012987012987012987, 0.0002886002886002886, 0.0], [0.0, 0.0, 0.0, 0.0, 0.00013218770654329148, 0.00026437541308658297, 0.0015862524785194977, 0.0026437541308658294, 0.006477197620621282, 0.011500330469266358, 0.018638466622604096, 0.0216787838730998, 0.04005287508261732, 0.055783212161269004, 0.08076668869795109, 0.11539986781229346, 0.16153337739590218, 0.11249173826834104, 0.17686715135492398, 0.07177792465300727, 0.04454725710508923, 0.04639788499669531, 0.012425644415069399, 0.006609385327164574, 0.0077990746860541965, 0.0021150033046926637, 0.0015862524785194977, 0.0007931262392597488, 0.00013218770654329148, 0.0, 0.0], [0.0, 0.0, 0.0, 0.0, 0.01, 0.0, 0.0, 0.04, 0.03, 0.06, 0.05, 0.07, 0.08, 0.12, 0.08, 0.07, 0.06, 0.05, 0.1, 0.08, 0.03, 0.06, 0.0, 0.01, 0.0, 0.0, 0.0, 0.0, 0.0, 0.0, 0.0], [0.0, 0.0, 0.0, 0.0, 0.0, 0.00026932399676811203, 0.0, 0.0018852679773767843, 0.0017506059789927282, 0.007137085914354969, 0.012254241852949098, 0.02154591974144896, 0.034742795583086454, 0.06180985725828171, 0.09022353891731753, 0.1257743064907083, 0.15634258012388905, 0.10772959870724481, 0.1549959601400485, 0.06652302720172368, 0.040667923511984914, 0.05359547535685429, 0.01992997576084029, 0.009022353891731753, 0.018179369781847563, 0.006059789927282521, 0.004443845946673849, 0.0036358739563695126, 0.00134661998384056, 0.00013466199838405601, 0.0], [0.0, 0.0, 0.0002933411557641537, 0.0017600469345849222, 0.0017600469345849222, 0.0032267527134056907, 0.004986799647990613, 0.008213552361396304, 0.019360516280434146, 0.027867409797594604, 0.040774420651217363, 0.0475212672337929, 0.07245526547374596, 0.0900557348195952, 0.11792314461718979, 0.12789674391317102, 0.12907010853622763, 0.08154884130243473, 0.0950425344675858, 0.036080962158990905, 0.023467292461132296, 0.024933998239953067, 0.009680258140217073, 0.006453505426811381, 0.011440305074801994, 0.007333528894103843, 0.005866823115283074, 0.0035200938691698444, 0.0014667057788207685, 0.0, 0.0], [0.003676470588235294, 0.0, 0.003676470588235294, 0.011029411764705883, 0.007352941176470588, 0.014705882352941176, 0.01838235294117647, 0.051470588235294115, 0.05514705882352941, 0.11029411764705882, 0.08823529411764706, 0.10661764705882353, 0.11764705882352941, 0.09558823529411764, 0.0661764705882353, 0.0625, 0.05514705882352941, 0.029411764705882353, 0.025735294117647058, 0.03308823529411765, 0.022058823529411766, 0.022058823529411766, 0.0, 0.0, 0.0, 0.0, 0.0, 0.0, 0.0, 0.0, 0.0], [0.00033119894016339147, 0.00033119894016339147, 0.0005519982336056525, 0.0007727975270479134, 0.0005519982336056525, 0.0017663943475380878, 0.0018767939942592184, 0.005851181276219916, 0.010929565025391918, 0.022742327224552883, 0.03852947670567454, 0.05542062265400751, 0.07032457496136012, 0.08279973504084787, 0.10664605873261206, 0.12740119231618457, 0.125193199381762, 0.07739015235151248, 0.0945020975932877, 0.05188783395893133, 0.034555089423713846, 0.032899094722896885, 0.016780746301611835, 0.011923161845882093, 0.015455950540958269, 0.007396776330315743, 0.003974387281960698, 0.0012143961139324355, 0.0, 0.0, 0.0], [0.0, 0.0, 0.0, 0.0, 0.0004623208506703652, 0.0004623208506703652, 0.0004623208506703652, 0.0004623208506703652, 0.0013869625520110957, 0.005085529357374018, 0.00785945446139621, 0.009246417013407305, 0.009708737864077669, 0.024040684234858993, 0.047156726768377254, 0.06611188164586222, 0.09153952843273232, 0.09153952843273232, 0.1807674526121128, 0.08691631992602866, 0.08552935737401757, 0.11326860841423948, 0.048081368469717986, 0.025427646786870088, 0.06102635228848821, 0.015256588072122053, 0.009246417013407305, 0.013869625520110958, 0.005085529357374018, 0.0, 0.0], [0.0, 0.0, 0.0006918021445866483, 0.0, 0.002421307506053269, 0.0006918021445866483, 0.0041508128675198895, 0.0034590107229332413, 0.012798339674852992, 0.018332756831546178, 0.031822898650985816, 0.03770321687997233, 0.06191629194050501, 0.08024904877205119, 0.09650639916983743, 0.11795226565202352, 0.14424074714631616, 0.09650639916983743, 0.1421653407125562, 0.0487720511933587, 0.033206502940159116, 0.030439294361812523, 0.010722933241093047, 0.007609823590453131, 0.008647526807333102, 0.004496713939813214, 0.0034590107229332413, 0.0010377032168799724, 0.0, 0.0, 0.0], [0.0, 0.0, 0.0007782101167315176, 0.0005836575875486381, 0.0009727626459143969, 0.0021400778210116734, 0.005058365758754864, 0.008560311284046693, 0.01575875486381323, 0.02529182879377432, 0.054863813229571984, 0.06770428015564202, 0.09377431906614786, 0.10252918287937743, 0.1365758754863813, 0.13443579766536964, 0.12120622568093385, 0.07003891050583658, 0.07042801556420233, 0.03463035019455253, 0.018093385214007784, 0.017120622568093387, 0.00894941634241245, 0.0031128404669260703, 0.0038910505836575876, 0.0029182879377431907, 0.0003891050583657588, 0.0001945525291828794, 0.0, 0.0, 0.0], [0.0, 0.0, 0.0, 0.0, 0.0003616636528028933, 0.0007233273056057866, 0.0027124773960217, 0.0034358047016274863, 0.007233273056057866, 0.010488245931283906, 0.02640144665461121, 0.03905967450271248, 0.0566003616636528, 0.0705244122965642, 0.11175406871609403, 0.11175406871609403, 0.1484629294755877, 0.10397830018083183, 0.14430379746835442, 0.056419529837251355, 0.03218806509945751, 0.034358047016274866, 0.012839059674502712, 0.008499095840867993, 0.011573236889692586, 0.0028933092224231465, 0.0018083182640144665, 0.0016274864376130199, 0.0, 0.0, 0.0], [0.0002522704339051463, 0.0, 0.0, 0.00012613521695257316, 0.0002522704339051463, 0.00037840565085771945, 0.0017658930373360242, 0.00239656912209889, 0.005423814328960646, 0.015766902119071644, 0.024217961654894045, 0.031786074672048435, 0.04124621594349142, 0.05915741675075681, 0.08703329969727548, 0.1179364278506559, 0.15186680121089807, 0.10494450050454086, 0.15186680121089807, 0.0710141271442987, 0.04023713420787084, 0.04339051463168517, 0.017028254288597375, 0.00718970736629667, 0.01273965691220989, 0.0036579212916246218, 0.0026488395560040363, 0.0035317860746720484, 0.0018920282542885974, 0.0002522704339051463, 0.0], [0.0, 0.0, 0.00025233409033560434, 0.0, 0.0005046681806712087, 0.0005046681806712087, 0.0005046681806712087, 0.0012616704516780217, 0.0032803431743628564, 0.004289679535705274, 0.012616704516780217, 0.017663386323492306, 0.03936411809235428, 0.0524854907898057, 0.07923290436537976, 0.11127933383800151, 0.16124148372445118, 0.1163260156447136, 0.163260156447136, 0.0812515770880646, 0.050719152157456475, 0.04769114307342922, 0.020186727226848347, 0.012364370426444614, 0.012112036336109008, 0.0063083522583901085, 0.0017663386323492304, 0.0017663386323492304, 0.0017663386323492304, 0.0, 0.0], [0.0, 0.0, 0.0, 0.0004616805170821791, 0.0009233610341643582, 0.0013850415512465374, 0.0009233610341643582, 0.00554016620498615, 0.010156971375807941, 0.015235457063711912, 0.02123730378578024, 0.033702677746999074, 0.04986149584487535, 0.06694367497691597, 0.08771929824561403, 0.11449676823638043, 0.1348107109879963, 0.10341643582640812, 0.1172668513388735, 0.06001846722068329, 0.05447830101569714, 0.04016620498614958, 0.02723915050784857, 0.012927054478301015, 0.01662049861495845, 0.008771929824561403, 0.006925207756232687, 0.003693444136657433, 0.0050784856879039705, 0.0, 0.0], [0.00023912003825920613, 0.0, 0.00047824007651841227, 0.00047824007651841227, 0.00047824007651841227, 0.0011956001912960307, 0.0023912003825920613, 0.004543280726924916, 0.007173601147776184, 0.014347202295552367, 0.024151123864179818, 0.04375896700143472, 0.06886657101865136, 0.08225729316116691, 0.11477761836441894, 0.13127690100430417, 0.13629842180774748, 0.09660449545671927, 0.11477761836441894, 0.050693448110951694, 0.02893352462936394, 0.0351506456241033, 0.014108082257293162, 0.005738880918220947, 0.010521281683405069, 0.003586800573888092, 0.0031085604973696795, 0.0028694404591104736, 0.0011956001912960307, 0.0, 0.0], [0.0, 0.0, 0.00018083182640144665, 0.0003616636528028933, 0.00054249547920434, 0.0003616636528028933, 0.0012658227848101266, 0.003616636528028933, 0.005063291139240506, 0.013019891500904159, 0.025135623869801085, 0.02965641952983725, 0.05569620253164557, 0.06582278481012659, 0.10180831826401447, 0.12875226039783003, 0.15370705244122965, 0.09312839059674503, 0.16419529837251357, 0.052622061482820975, 0.03128390596745027, 0.0325497287522604, 0.015009041591320072, 0.006148282097649186, 0.011030741410488246, 0.0034358047016274863, 0.0018083182640144665, 0.00216998191681736, 0.0016274864376130199, 0.0, 0.0], [0.0, 0.0, 0.0, 0.013157894736842105, 0.013157894736842105, 0.013157894736842105, 0.0, 0.0, 0.013157894736842105, 0.07894736842105263, 0.02631578947368421, 0.06578947368421052, 0.05263157894736842, 0.05263157894736842, 0.10526315789473684, 0.15789473684210525, 0.13157894736842105, 0.05263157894736842, 0.039473684210526314, 0.05263157894736842, 0.013157894736842105, 0.05263157894736842, 0.02631578947368421, 0.02631578947368421, 0.013157894736842105, 0.0, 0.0, 0.0, 0.0, 0.0, 0.0], [0.00012637432073802604, 0.00012637432073802604, 0.0, 0.00012637432073802604, 0.00012637432073802604, 0.0002527486414760521, 0.0005054972829521042, 0.0016428661695943383, 0.0030329836977126246, 0.006571464678377353, 0.01339567799823076, 0.0184506508277518, 0.03462656388221913, 0.053709086313661066, 0.09149500821433085, 0.13774800960444838, 0.17161632756223935, 0.12511057753064578, 0.1339567799823076, 0.07064324529255656, 0.046379375710855555, 0.04511563250347529, 0.017945153544799697, 0.008087956527233667, 0.011500063187160368, 0.004170352584354859, 0.003159358018450651, 0.0003791229622140781, 0.0, 0.0, 0.0], [0.0, 0.0, 0.0, 0.00016688918558077436, 0.0, 0.0003337783711615487, 0.0011682242990654205, 0.0008344459279038719, 0.0021695594125500667, 0.003671562082777036, 0.008845126835781042, 0.0130173564753004, 0.020861148197596796, 0.03170894526034713, 0.05440587449933244, 0.08427903871829105, 0.13067423230974634, 0.1236648865153538, 0.18775033377837116, 0.0996328437917223, 0.06759012016021362, 0.08177570093457943, 0.028037383177570093, 0.015520694259012017, 0.021695594125500667, 0.011014686248331108, 0.005173564753004005, 0.004506008010680908, 0.0015020026702269693, 0.0, 0.0], [0.0003278330237132554, 0.00010927767457108513, 0.0, 0.00021855534914217025, 0.00021855534914217025, 0.0007649437219975958, 0.0007649437219975958, 0.0024041088405638727, 0.003933996284559064, 0.0075401595454048734, 0.015298874439951917, 0.02065348049393509, 0.02513386515134958, 0.04196262703529669, 0.059774887990383566, 0.09146541361599825, 0.12949404436673587, 0.13244454158015517, 0.18325866025570975, 0.09583652059884165, 0.055731614031253415, 0.06709649218664626, 0.026117364222489347, 0.011583433504535024, 0.017375150256802536, 0.006010272101409682, 0.0030597748879903834, 0.0014206097694241067, 0.0, 0.0, 0.0], [0.0, 0.0, 0.0, 0.0, 0.001851851851851852, 0.0, 0.0, 0.005555555555555556, 0.009259259259259259, 0.005555555555555556, 0.018518518518518517, 0.025925925925925925, 0.04814814814814815, 0.09074074074074075, 0.09814814814814815, 0.15, 0.17407407407407408, 0.13333333333333333, 0.15185185185185185, 0.046296296296296294, 0.016666666666666666, 0.016666666666666666, 0.003703703703703704, 0.003703703703703704, 0.0, 0.0, 0.0, 0.0, 0.0, 0.0, 0.0], [0.0, 0.0, 0.0, 0.0002754820936639118, 9.182736455463728e-05, 9.182736455463728e-05, 0.0002754820936639118, 0.0009182736455463728, 0.0021120293847566576, 0.005968778696051423, 0.009274563820018365, 0.017355371900826446, 0.030303030303030304, 0.03691460055096419, 0.05858585858585859, 0.07713498622589532, 0.1224058769513315, 0.09651056014692379, 0.22112029384756657, 0.09412304866850321, 0.06253443526170799, 0.09302112029384757, 0.027548209366391185, 0.011294765840220386, 0.018365472910927456, 0.006978879706152434, 0.0022038567493112946, 0.0031221303948576677, 0.0014692378328741965, 0.0, 0.0], [0.0001863932898415657, 9.319664492078285e-05, 9.319664492078285e-05, 9.319664492078285e-05, 0.00065237651444548, 0.00065237651444548, 0.0005591798695246971, 0.00130475302889096, 0.0017707362534948741, 0.0066169617893755825, 0.012395153774464119, 0.02581547064305685, 0.048462255358807084, 0.06933830382106244, 0.10587138863000932, 0.15172413793103448, 0.19692451071761416, 0.12525629077353215, 0.13690587138863, 0.04976700838769804, 0.028518173345759554, 0.021808014911463187, 0.007362534948741845, 0.003075489282385834, 0.00260950605778192, 0.0013979496738117428, 0.0007455731593662628, 0.0, 0.0, 0.0, 0.0], [0.0, 0.00013036110024768608, 0.0, 0.00013036110024768608, 0.00026072220049537216, 0.0009125277017338027, 0.0010428888019814887, 0.0024768609047060358, 0.0037804719071828966, 0.006778777212879676, 0.013427193325511667, 0.023856081345326553, 0.035849302568113674, 0.0496675791943684, 0.08473471516099595, 0.1388345717637857, 0.16738365271802894, 0.11862860122539434, 0.14782948768087603, 0.0796506322513362, 0.04210663538000261, 0.04002085777603963, 0.02098813713987746, 0.009646721418328771, 0.007821666014861166, 0.0023464998044583495, 0.0010428888019814887, 0.0006518055012384304, 0.0, 0.0, 0.0], [0.0, 0.0, 0.0, 0.0, 0.0003083089255433945, 0.0, 0.0009249267766301834, 0.0010790812394018807, 0.0016956990904886697, 0.004008016032064128, 0.01063665793124711, 0.016648681979343303, 0.028826884538307385, 0.0502543548635733, 0.08863881609372591, 0.11993217203638046, 0.15400030830892555, 0.09865885617388623, 0.18113149375674426, 0.06906119932172036, 0.043779867427162014, 0.053491598581778946, 0.02404809619238477, 0.013873901649452751, 0.019423462309233853, 0.007707723138584862, 0.005857869585324495, 0.0030830892554339446, 0.0029289347926622477, 0.0, 0.0], [0.0004098360655737705, 0.0004098360655737705, 0.0004098360655737705, 0.0012295081967213116, 0.002459016393442623, 0.003278688524590164, 0.004918032786885246, 0.00860655737704918, 0.015163934426229509, 0.030737704918032786, 0.04139344262295082, 0.05860655737704918, 0.06557377049180328, 0.09221311475409837, 0.11967213114754098, 0.11270491803278689, 0.12254098360655738, 0.07950819672131147, 0.12336065573770492, 0.03401639344262295, 0.02745901639344262, 0.028278688524590163, 0.007377049180327869, 0.005737704918032787, 0.007377049180327869, 0.004508196721311476, 0.0020491803278688526, 0.0, 0.0, 0.0, 0.0], [0.0, 0.0, 0.0, 0.002158273381294964, 0.0014388489208633094, 0.0028776978417266188, 0.004316546762589928, 0.011510791366906475, 0.01223021582733813, 0.014388489208633094, 0.025899280575539568, 0.03669064748201439, 0.05467625899280575, 0.05755395683453238, 0.0856115107913669, 0.11798561151079137, 0.13597122302158274, 0.11223021582733812, 0.16330935251798562, 0.05827338129496403, 0.030215827338129497, 0.027338129496402876, 0.020863309352517987, 0.006474820143884892, 0.00935251798561151, 0.0035971223021582736, 0.0028776978417266188, 0.002158273381294964, 0.0, 0.0, 0.0], [0.0003093102381688834, 0.0, 0.0, 0.0, 0.0006186204763377668, 0.0009279307145066501, 0.0032477575007732757, 0.005567584287039901, 0.008506031549644293, 0.01654809774203526, 0.031394989174141665, 0.04794308691617693, 0.06387256418187442, 0.09248376121249613, 0.13748840086606867, 0.1405815032477575, 0.1371790906278998, 0.09000927930714507, 0.10470151562016702, 0.03835446953294154, 0.024280853696257345, 0.02660068048252397, 0.010207237859573151, 0.005103618929786576, 0.008042066192390968, 0.003093102381688834, 0.0012372409526755336, 0.0010825858335910918, 0.0006186204763377668, 0.0, 0.0], [0.0, 0.0, 0.0, 0.0004951720722951226, 0.0007427581084426838, 0.0002475860361475613, 0.0022282743253280515, 0.0022282743253280515, 0.004704134686803664, 0.010893785590492696, 0.01733102253032929, 0.023768259470165882, 0.039613765783609804, 0.055954444169348846, 0.07749442931418668, 0.11190888833869769, 0.1297350829413221, 0.10745233968804159, 0.15424610051993068, 0.06734340183213666, 0.04704134686803664, 0.053726169844020795, 0.02550136172319881, 0.012379301807378064, 0.027482050012379303, 0.01163654369893538, 0.007179995048279277, 0.004704134686803664, 0.003961376578360981, 0.0, 0.0], [0.0, 0.0, 0.0, 0.0, 0.00021777003484320557, 0.0, 0.0010888501742160278, 0.0010888501742160278, 0.0032665505226480837, 0.01132404181184669, 0.015897212543554008, 0.027874564459930314, 0.048344947735191636, 0.06925087108013937, 0.10060975609756098, 0.12412891986062717, 0.15265679442508712, 0.1019163763066202, 0.15483449477351915, 0.06184668989547038, 0.041158536585365856, 0.04224738675958188, 0.01633275261324042, 0.007186411149825784, 0.006750871080139373, 0.0028310104529616726, 0.007404181184668989, 0.001524390243902439, 0.00021777003484320557, 0.0, 0.0], [0.0002744613695622341, 0.00013723068478111705, 0.00013723068478111705, 0.00013723068478111705, 0.0005489227391244682, 0.0012350761630300535, 0.0012350761630300535, 0.0034307671195279266, 0.005489227391244683, 0.00933168656511596, 0.02374090846713325, 0.035131055303965965, 0.059832578564567036, 0.082063949499108, 0.11884177302044738, 0.1480719088788253, 0.1583642102374091, 0.11033347056401811, 0.10964731714011253, 0.05475504322766571, 0.029641827912721283, 0.022780293673665433, 0.011801838891176067, 0.004803073967339097, 0.004803073967339097, 0.0017839989021545218, 0.0016467682173734047, 0.0, 0.0, 0.0, 0.0], [0.0, 0.0, 0.0, 0.0002346316283435007, 0.0007038948850305022, 0.0009385265133740028, 0.001642421398404505, 0.0035194744251525107, 0.004927264195213514, 0.008681370248709526, 0.018770530267480056, 0.02721726888784608, 0.04622243078366964, 0.06335053965274519, 0.10370717972782731, 0.1292820272172689, 0.16072266541529798, 0.11426560300328484, 0.1318629751290474, 0.061473486625997185, 0.042468324730173625, 0.0333176912247771, 0.017832003754106054, 0.006335053965274519, 0.012200844673862036, 0.004927264195213514, 0.0028155795401220087, 0.002346316283435007, 0.0002346316283435007, 0.0, 0.0], [0.0, 0.0, 0.0, 0.00027063599458728013, 0.0, 0.0010825439783491205, 0.0018944519621109607, 0.0027063599458728013, 0.005953991880920162, 0.005683355886332882, 0.012449255751014885, 0.022192151556156968, 0.03301759133964818, 0.04682002706359946, 0.08633288227334235, 0.10825439783491204, 0.1415426251691475, 0.10635994587280108, 0.17104194857916102, 0.0774018944519621, 0.04709066305818674, 0.06062246278755074, 0.023004059539918808, 0.013531799729364006, 0.018944519621109608, 0.008930987821380243, 0.003247631935047361, 0.0010825439783491205, 0.0005412719891745603, 0.0, 0.0], [0.0, 0.0, 0.0003016136329362087, 0.0, 0.00015080681646810435, 0.00045242044940431306, 0.0006032272658724174, 0.002111295430553461, 0.0019604886140853566, 0.006032272658724174, 0.012667772583320766, 0.027899261046599306, 0.045543658573367514, 0.07676066958226511, 0.11295430553461017, 0.12049464635801538, 0.14477454380938018, 0.10179460111597044, 0.1450761574423164, 0.05579852209319861, 0.03845573819936661, 0.04011461318051576, 0.02247021565374755, 0.009953249886894888, 0.01870004524204494, 0.005127431759915548, 0.004976624943447444, 0.0028653295128939827, 0.0019604886140853566, 0.0, 0.0], [0.0, 0.0, 9.533797311469158e-05, 0.0, 9.533797311469158e-05, 0.00019067594622938316, 0.0002860139193440747, 0.001334731623605682, 0.0020974354085232147, 0.005720278386881495, 0.011535894746877681, 0.021927733816379063, 0.03784917532653256, 0.05405663075603013, 0.07970254552388216, 0.09886547811993517, 0.12775288397368673, 0.10601582610353703, 0.20526265611593097, 0.08170464295929068, 0.04938507007341024, 0.06244637239012298, 0.01878158070359424, 0.009533797311469158, 0.014205357994089046, 0.0058156163599961865, 0.0021927733816379065, 0.002002097435408523, 0.0009533797311469158, 0.00019067594622938316, 0.0], [0.0, 0.0, 0.0, 0.0, 0.0, 0.00012177301509985388, 0.0006088650754992694, 0.0006088650754992694, 0.0024354603019970775, 0.00535801266439357, 0.00815879201169021, 0.019970774476376036, 0.03397467121285923, 0.0580857282026303, 0.09218217243058938, 0.1340720896249391, 0.17717973697028738, 0.12652216268874816, 0.18278129566488066, 0.06368728689722357, 0.03214807598636142, 0.039819775937652215, 0.00974184120798831, 0.0034096444227959084, 0.004262055528494886, 0.0017048222113979542, 0.00219191427179737, 0.000974184120798831, 0.0, 0.0, 0.0], [0.0, 0.00425531914893617, 0.0, 0.00425531914893617, 0.00425531914893617, 0.02127659574468085, 0.02553191489361702, 0.02127659574468085, 0.07659574468085106, 0.0425531914893617, 0.0425531914893617, 0.06808510638297872, 0.06808510638297872, 0.11914893617021277, 0.09787234042553192, 0.11914893617021277, 0.09361702127659574, 0.07234042553191489, 0.04680851063829787, 0.00851063829787234, 0.02553191489361702, 0.01702127659574468, 0.00851063829787234, 0.01276595744680851, 0.0, 0.0, 0.0, 0.0, 0.0, 0.0, 0.0]]}, "ranks": {"labels": ["Unranked", "Combatatent I", "Combatatent II", "Challenger I", "Challenger II", "Rival I", "Rival II", "Duelist", "Elite"], "data": [[0.12915129151291513, 0.15129151291512916, 0.19557195571955718, 0.2140221402214022, 0.15498154981549817, 0.08118081180811808, 0.033210332103321034, 0.04059040590405904, 0.0], [0.052968036529680365, 0.08721461187214612, 0.14200913242009133, 0.23470319634703196, 0.24337899543378996, 0.15799086757990868, 0.03972602739726028, 0.031050228310502283, 0.010958904109589041], [0.010678210678210679, 0.022366522366522368, 0.05512265512265512, 0.12683982683982684, 0.24011544011544012, 0.29408369408369406, 0.0924963924963925, 0.11443001443001442, 0.04386724386724387], [0.02260409781890284, 0.0403172504957039, 0.09583608724388631, 0.19616655651024456, 0.2740251156642432, 0.21480502313284863, 0.07838730998017185, 0.06543291473892927, 0.012425644415069399], [0.14, 0.12, 0.2, 0.15, 0.11, 0.17, 0.04, 0.07, 0.0], [0.011042283867492593, 0.03380016159439806, 0.09655265284136817, 0.21599784540802586, 0.2640721788311339, 0.19081605171020738, 0.0713708591435497, 0.08254780500942634, 0.03380016159439806], [0.06746846582575536, 0.08829568788501027, 0.16251100029334115, 0.2458198885303608, 0.21061894983866236, 0.1152830742153124, 0.0393077148723966, 0.04106776180698152, 0.029627456732179525], [0.2757352941176471, 0.1948529411764706, 0.21323529411764705, 0.12867647058823528, 0.08455882352941177, 0.03676470588235294, 0.04411764705882353, 0.022058823529411766, 0.0], [0.04570545374254802, 0.09395009935968204, 0.153124310002208, 0.23404725104879665, 0.20258335173327446, 0.12232280856701258, 0.05862221240892029, 0.06160300287039081, 0.028041510267167145], [0.008321775312066574, 0.017105871474803514, 0.03374942209893666, 0.11326860841423948, 0.18307905686546463, 0.2274618585298197, 0.12575127138233935, 0.18677762367082756, 0.10448451225150254], [0.04254583189207887, 0.06952611553095815, 0.1421653407125562, 0.21445866482186096, 0.24074714631615357, 0.16879972327914217, 0.05534417156693186, 0.0487720511933587, 0.01764095468695953], [0.05914396887159533, 0.122568093385214, 0.1963035019455253, 0.27101167315175095, 0.19124513618677041, 0.08754863813229571, 0.035603112840466924, 0.029182879377431907, 0.007392996108949416], [0.024954792043399638, 0.06546112115732369, 0.12712477396021699, 0.22350813743218806, 0.2524412296564195, 0.17233273056057866, 0.06057866184448463, 0.05569620253164557, 0.01790235081374322], [0.02636226034308779, 0.05600403632694248, 0.10040363269424823, 0.20496972754793139, 0.256811301715439, 0.18995963673057517, 0.07315842583249244, 0.06760847628657922, 0.02472250252270434], [0.010598031794095382, 0.03028009084027252, 0.09184960888215998, 0.19051223820338128, 0.27756749936916475, 0.2094372949785516, 0.08579359071410547, 0.08024224072672217, 0.02371940449154681], [0.03462603878116344, 0.05493998153277932, 0.11680517082179132, 0.20221606648199447, 0.23822714681440443, 0.14912280701754385, 0.08264081255771007, 0.08033240997229917, 0.041089566020313946], [0.031324725011956, 0.06791009086561454, 0.15112386417981827, 0.2460545193687231, 0.23290291726446677, 0.14155906264945003, 0.052845528455284556, 0.05499760879961741, 0.021281683405069345], [0.024412296564195298, 0.054792043399638335, 0.12151898734177215, 0.23056057866184448, 0.2468354430379747, 0.19475587703435804, 0.05334538878842676, 0.053707052441229655, 0.02007233273056058], [0.13157894736842105, 0.09210526315789473, 0.10526315789473684, 0.2631578947368421, 0.18421052631578946, 0.06578947368421052, 0.039473684210526314, 0.10526315789473684, 0.013157894736842105], [0.012511057753064577, 0.03184632882598256, 0.0883356501958802, 0.22924301781877923, 0.29672690509288513, 0.17288007076961961, 0.07809933021610009, 0.07114874257550866, 0.019208896752179957], [0.008344459279038718, 0.02186248331108144, 0.052570093457943924, 0.1386849132176235, 0.25433911882510013, 0.23865153538050735, 0.11632176234979973, 0.12533377837116155, 0.04389185580774366], [0.016282373511091686, 0.03595235493388701, 0.06709649218664626, 0.15124030160638183, 0.26193858594689107, 0.23418205660583544, 0.1006447382799694, 0.10479728991367064, 0.027865807015626708], [0.022222222222222223, 0.044444444444444446, 0.1388888888888889, 0.24814814814814815, 0.3074074074074074, 0.18333333333333332, 0.03148148148148148, 0.024074074074074074, 0.0], [0.009733700642791552, 0.02662993572084481, 0.06721763085399449, 0.1357208448117539, 0.21891643709825528, 0.2702479338842975, 0.10752984389348026, 0.13186409550045913, 0.03213957759412305], [0.012022367194780987, 0.03821062441752097, 0.11780055917986952, 0.2575955265610438, 0.3221808014911463, 0.16300093196644921, 0.0521901211556384, 0.03224603914259087, 0.004753028890959925], [0.015512970929474644, 0.03728327467083822, 0.08551688176248208, 0.22356928692478165, 0.2860122539434233, 0.19189153956459393, 0.07769521574762091, 0.07065571633424586, 0.011862860122539435], [0.008016032064128256, 0.02728533991059041, 0.07908123940188068, 0.20857098813010636, 0.2526591644828118, 0.21859102821026669, 0.07538153229535995, 0.09141359642361646, 0.039001079081239405], [0.06762295081967214, 0.1, 0.15778688524590165, 0.23237704918032787, 0.20204918032786887, 0.13975409836065575, 0.045081967213114756, 0.04139344262295082, 0.013934426229508197], [0.04892086330935252, 0.06258992805755395, 0.11223021582733812, 0.20359712230215826, 0.24820143884892087, 0.19352517985611511, 0.05827338129496403, 0.05467625899280575, 0.017985611510791366], [0.035725332508506034, 0.0793380760903186, 0.15635632539437055, 0.27806990411382615, 0.22718836993504485, 0.12635323229198886, 0.040983606557377046, 0.0419115372718837, 0.014073615836684194], [0.02153998514483783, 0.041099282000495174, 0.09556820995295866, 0.18940331765288437, 0.2371874226293637, 0.19039366179747463, 0.07823718742262936, 0.09160683337459767, 0.05496410002475861], [0.016986062717770034, 0.04377177700348432, 0.11759581881533102, 0.22473867595818817, 0.2545731707317073, 0.18924216027874566, 0.06859756097560976, 0.06576655052264808, 0.018728222996515678], [0.02195690956497873, 0.05887196377109922, 0.14189652806367503, 0.26691368189927267, 0.2686976808014272, 0.14175929737889392, 0.052284890901605596, 0.0393852065321806, 0.008233841086867023], [0.020647583294228063, 0.04598779915532614, 0.10957297043641483, 0.2329892069450962, 0.2749882684185828, 0.16752698263725951, 0.0682778038479587, 0.05748474894415767, 0.02252463632097607], [0.017591339648173207, 0.034641407307171856, 0.07983761840324763, 0.1945872801082544, 0.24790257104194857, 0.21488497970230042, 0.08064952638700948, 0.09715832205683356, 0.03274695534506089], [0.011612124868044036, 0.04056703362992007, 0.12230432815563264, 0.23344895189262554, 0.24656914492535062, 0.17538832755240538, 0.06394209018247625, 0.0725380787211582, 0.03362992007238727], [0.009819811230813233, 0.03346362856325674, 0.09190580608256269, 0.17856802364381733, 0.23376871007722375, 0.2466393364477071, 0.08971303270092477, 0.09076175040518639, 0.02535990084850796], [0.00913297613248904, 0.028129566488066245, 0.09206039941548953, 0.22625426205552848, 0.30370189965903555, 0.21748660496833902, 0.061130053580126645, 0.052971261568436435, 0.00913297613248904], [0.2, 0.11063829787234042, 0.18723404255319148, 0.2170212765957447, 0.16595744680851063, 0.05106382978723404, 0.029787234042553193, 0.03829787234042553, 0.0]]}, "ranksDetailed": {"labels": ["Unranked", "Combatatant", "Challenger", "Rival", "Duelist", "Elite"], "data": [[0.12915129151291513, 0.34686346863468637, 0.36900369003690037, 0.11439114391143912, 0.04059040590405904, 0.0], [0.052968036529680365, 0.22922374429223744, 0.4780821917808219, 0.19771689497716896, 0.031050228310502283, 0.010958904109589041], [0.010678210678210679, 0.07748917748917748, 0.366955266955267, 0.3865800865800866, 0.11443001443001442, 0.04386724386724387], [0.02260409781890284, 0.1361533377395902, 0.47019167217448776, 0.2931923331130205, 0.06543291473892927, 0.012425644415069399], [0.14, 0.32, 0.26, 0.21, 0.07, 0.0], [0.011042283867492593, 0.13035281443576624, 0.48007002423915973, 0.26218691085375706, 0.08254780500942634, 0.03380016159439806], [0.06746846582575536, 0.25080668817835144, 0.45643883836902316, 0.154590789087709, 0.04106776180698152, 0.029627456732179525], [0.2757352941176471, 0.40808823529411764, 0.21323529411764705, 0.08088235294117647, 0.022058823529411766, 0.0], [0.04570545374254802, 0.24707440936189004, 0.4366306027820711, 0.18094502097593287, 0.06160300287039081, 0.028041510267167145], [0.008321775312066574, 0.050855293573740176, 0.29634766527970413, 0.35321312991215903, 0.18677762367082756, 0.10448451225150254], [0.04254583189207887, 0.21169145624351435, 0.4552058111380145, 0.22414389484607403, 0.0487720511933587, 0.01764095468695953], [0.05914396887159533, 0.3188715953307393, 0.4622568093385214, 0.12315175097276265, 0.029182879377431907, 0.007392996108949416], [0.024954792043399638, 0.19258589511754068, 0.4759493670886076, 0.23291139240506328, 0.05569620253164557, 0.01790235081374322], [0.02636226034308779, 0.15640766902119072, 0.46178102926337034, 0.26311806256306763, 0.06760847628657922, 0.02472250252270434], [0.010598031794095382, 0.1221296997224325, 0.46807973757254606, 0.2952308856926571, 0.08024224072672217, 0.02371940449154681], [0.03462603878116344, 0.17174515235457063, 0.4404432132963989, 0.23176361957525393, 0.08033240997229917, 0.041089566020313946], [0.031324725011956, 0.2190339550454328, 0.47895743663318985, 0.19440459110473457, 0.05499760879961741, 0.021281683405069345], [0.024412296564195298, 0.1763110307414105, 0.47739602169981915, 0.2481012658227848, 0.053707052441229655, 0.02007233273056058], [0.13157894736842105, 0.19736842105263158, 0.4473684210526316, 0.10526315789473684, 0.10526315789473684, 0.013157894736842105], [0.012511057753064577, 0.12018197902186276, 0.5259699229116643, 0.2509794009857197, 0.07114874257550866, 0.019208896752179957], [0.008344459279038718, 0.07443257676902537, 0.3930240320427236, 0.35497329773030706, 0.12533377837116155, 0.04389185580774366], [0.016282373511091686, 0.10304884712053328, 0.41317888755327287, 0.33482679488580486, 0.10479728991367064, 0.027865807015626708], [0.022222222222222223, 0.18333333333333332, 0.5555555555555556, 0.21481481481481482, 0.024074074074074074, 0.0], [0.009733700642791552, 0.09384756657483931, 0.3546372819100092, 0.37777777777777777, 0.13186409550045913, 0.03213957759412305], [0.012022367194780987, 0.1560111835973905, 0.5797763280521901, 0.2151910531220876, 0.03224603914259087, 0.004753028890959925], [0.015512970929474644, 0.1228001564333203, 0.509581540868205, 0.2695867553122148, 0.07065571633424586, 0.011862860122539435], [0.008016032064128256, 0.1063665793124711, 0.46123015261291817, 0.29397256050562665, 0.09141359642361646, 0.039001079081239405], [0.06762295081967214, 0.25778688524590165, 0.4344262295081967, 0.1848360655737705, 0.04139344262295082, 0.013934426229508197], [0.04892086330935252, 0.1748201438848921, 0.45179856115107914, 0.2517985611510791, 0.05467625899280575, 0.017985611510791366], [0.035725332508506034, 0.23569440148468915, 0.505258274048871, 0.16733683884936593, 0.0419115372718837, 0.014073615836684194], [0.02153998514483783, 0.13666749195345382, 0.4265907402822481, 0.268630849220104, 0.09160683337459767, 0.05496410002475861], [0.016986062717770034, 0.16136759581881532, 0.47931184668989546, 0.2578397212543554, 0.06576655052264808, 0.018728222996515678], [0.02195690956497873, 0.20076849183477424, 0.5356113627006999, 0.19404418828049952, 0.0393852065321806, 0.008233841086867023], [0.020647583294228063, 0.15556076959174098, 0.507977475363679, 0.23580478648521822, 0.05748474894415767, 0.02252463632097607], [0.017591339648173207, 0.11447902571041949, 0.44248985115020295, 0.29553450608930987, 0.09715832205683356, 0.03274695534506089], [0.011612124868044036, 0.1628713617855527, 0.4800180968179762, 0.23933041773488162, 0.0725380787211582, 0.03362992007238727], [0.009819811230813233, 0.12536943464581943, 0.41233673372104107, 0.3363523691486319, 0.09076175040518639, 0.02535990084850796], [0.00913297613248904, 0.12018996590355577, 0.5299561617145641, 0.2786166585484657, 0.052971261568436435, 0.00913297613248904], [0.2, 0.2978723404255319, 0.3829787234042553, 0.08085106382978724, 0.03829787234042553, 0.0]]}}}, "eu": {"histType": {"histogram": {"labels": ["0", "100", "200", "300", "400", "500", "600", "700", "800", "900", "1000", "1100", "1200", "1300", "1400", "1500", "1600", "1700", "1800", "1900", "2000", "2100", "2200", "2300", "2400", "2500", "2600", "2700", "2800", "2900", "3000"], "data": [[0.0, 0.0, 0.0, 0.0, 0.0, 0.009302325581395349, 0.013953488372093023, 0.018604651162790697, 0.05581395348837209, 0.05581395348837209, 0.07906976744186046, 0.06046511627906977, 0.05116279069767442, 0.09302325581395349, 0.14883720930232558, 0.11162790697674418, 0.08372093023255814, 0.09302325581395349, 0.046511627906976744, 0.03255813953488372, 0.009302325581395349, 0.013953488372093023, 0.009302325581395349, 0.009302325581395349, 0.004651162790697674, 0.0, 0.0, 0.0, 0.0, 0.0, 0.0], [0.0, 0.0, 0.0004897159647404506, 0.0009794319294809011, 0.0009794319294809011, 0.0034280117531831538, 0.0053868756121449556, 0.00832517140058766, 0.01909892262487757, 0.02644466209598433, 0.03623898139079334, 0.05337904015670911, 0.06464250734573947, 0.0842311459353575, 0.12242899118511263, 0.11900097943192949, 0.1493633692458374, 0.08227228207639568, 0.12830558276199805, 0.03574926542605289, 0.019588638589618023, 0.021057786483839373, 0.004407443682664055, 0.0034280117531831538, 0.005876591576885406, 0.002938295788442703, 0.0014691478942213516, 0.0004897159647404506, 0.0, 0.0, 0.0], [0.0, 0.0, 0.0, 0.00015269506794930523, 0.00015269506794930523, 0.00015269506794930523, 0.00030539013589861045, 0.0015269506794930523, 0.0030539013589861047, 0.003970071766681936, 0.010230569552603451, 0.015269506794930525, 0.024125820735990226, 0.03053901358986105, 0.05161093296686517, 0.07420980302336234, 0.13910520690181707, 0.1079554130401588, 0.23194380821499466, 0.08550923805161094, 0.062146892655367235, 0.07512597343105817, 0.029012062910367994, 0.013742556115437472, 0.02153000458085204, 0.009467094212856925, 0.0029012062910367996, 0.003970071766681936, 0.002137730951290273, 0.00015269506794930523, 0.0], [0.0, 0.0, 0.0, 0.00012683916793505834, 0.00012683916793505834, 0.0002536783358701167, 0.0008878741755454084, 0.002663622526636225, 0.004439370877727042, 0.008878741755454084, 0.018011161846778284, 0.027270421106037543, 0.03614916286149163, 0.048452562151192285, 0.08231861998985286, 0.10933536276002029, 0.16463723997970572, 0.11846778285134449, 0.1780821917808219, 0.07699137493658041, 0.04731100963977676, 0.043125317097919835, 0.012683916793505834, 0.0060882800608828, 0.008117706747843734, 0.0025367833587011668, 0.0010147133434804667, 0.0010147133434804667, 0.0008878741755454084, 0.00012683916793505834, 0.0], [0.0, 0.0, 0.0, 0.0, 0.010101010101010102, 0.020202020202020204, 0.020202020202020204, 0.050505050505050504, 0.050505050505050504, 0.030303030303030304, 0.08080808080808081, 0.1111111111111111, 0.030303030303030304, 0.020202020202020204, 0.10101010101010101, 0.10101010101010101, 0.06060606060606061, 0.09090909090909091, 0.050505050505050504, 0.08080808080808081, 0.04040404040404041, 0.010101010101010102, 0.010101010101010102, 0.010101010101010102, 0.010101010101010102, 0.010101010101010102, 0.0, 0.0, 0.0, 0.0, 0.0], [0.0, 0.00013620266957232362, 0.00013620266957232362, 0.00027240533914464724, 0.00040860800871697086, 0.00013620266957232362, 0.00040860800871697086, 0.0020430400435848543, 0.0029964587305911197, 0.006537728139471534, 0.011985834922364479, 0.02029419776627622, 0.033778262053936255, 0.05720512122037592, 0.09030236992645056, 0.1130482157450286, 0.15268319259057478, 0.1061018795968401, 0.1563606646690275, 0.07627349496050123, 0.04344865159357123, 0.05829474257695451, 0.02220103514028875, 0.010760010896213566, 0.018523563061836012, 0.007763552165622446, 0.0034050667393080904, 0.0025878507218741486, 0.001362026695723236, 0.0005448106782892945, 0.0], [0.0002690341673392521, 0.0002690341673392521, 0.0002690341673392521, 0.0013451708366962604, 0.002959375840731773, 0.002421307506053269, 0.004304546677428033, 0.011837503362927092, 0.020446596717783157, 0.026903416733925208, 0.04170029593758407, 0.057304277643260695, 0.07425343018563357, 0.08582189938122141, 0.09577616357277374, 0.12536992198009148, 0.12698412698412698, 0.07613666935700834, 0.0893193435566317, 0.044121603443637344, 0.02824858757062147, 0.027710519235942966, 0.0129136400322841, 0.006994888350820554, 0.012375571697605597, 0.006725854183481302, 0.006725854183481302, 0.00645682001614205, 0.004035512510088781, 0.0, 0.0], [0.0, 0.0, 0.0, 0.0, 0.010050251256281407, 0.020100502512562814, 0.005025125628140704, 0.05527638190954774, 0.02512562814070352, 0.06532663316582915, 0.08040201005025126, 0.10050251256281408, 0.10050251256281408, 0.06532663316582915, 0.10552763819095477, 0.135678391959799, 0.08040201005025126, 0.05527638190954774, 0.03015075376884422, 0.02512562814070352, 0.02512562814070352, 0.01507537688442211, 0.0, 0.0, 0.0, 0.0, 0.0, 0.0, 0.0, 0.0, 0.0], [0.0004410143329658214, 0.00011025358324145535, 0.0004410143329658214, 0.0005512679162072767, 0.0007717750826901874, 0.0015435501653803748, 0.0023153252480705624, 0.006725468577728776, 0.013561190738699007, 0.022712238147739802, 0.038699007717750825, 0.05369349503858875, 0.07662624035281147, 0.0846747519294377, 0.09470782800441015, 0.12326350606