{"region": {"us": {"histType": {"histogram": {"labels": ["0", "100", "200", "300", "400", "500", "600", "700", "800", "900", "1000", "1100", "1200", "1300", "1400", "1500", "1600", "1700", "1800", "1900", "2000", "2100", "2200", "2300", "2400", "2500", "2600", "2700", "2800", "2900", "3000", "3100", "3200"], "data": [[0.0, 0.0, 0.004878048780487805, 0.004878048780487805, 0.004878048780487805, 0.007317073170731708, 0.01951219512195122, 0.01951219512195122, 0.041463414634146344, 0.041463414634146344, 0.08536585365853659, 0.11463414634146342, 0.1073170731707317, 0.13414634146341464, 0.10975609756097561, 0.08780487804878048, 0.06829268292682927, 0.04878048780487805, 0.03170731707317073, 0.03414634146341464, 0.012195121951219513, 0.007317073170731708, 0.007317073170731708, 0.0, 0.007317073170731708, 0.0, 0.0, 0.0, 0.0, 0.0, 0.0, 0.0, 0.0], [0.0, 0.0003225806451612903, 0.0, 0.0003225806451612903, 0.0006451612903225806, 0.0016129032258064516, 0.004516129032258065, 0.008387096774193548, 0.011612903225806452, 0.026774193548387098, 0.037096774193548385, 0.052258064516129035, 0.08129032258064516, 0.09193548387096774, 0.12129032258064516, 0.13225806451612904, 0.15161290322580645, 0.0867741935483871, 0.11129032258064517, 0.04064516129032258, 0.016129032258064516, 0.01, 0.004516129032258065, 0.0016129032258064516, 0.0025806451612903226, 0.0012903225806451613, 0.0016129032258064516, 0.0012903225806451613, 0.0003225806451612903, 0.0, 0.0, 0.0, 0.0], [0.000111000111000111, 0.0, 0.0, 0.000222000222000222, 0.000222000222000222, 0.000222000222000222, 0.000222000222000222, 0.000555000555000555, 0.002664002664002664, 0.003219003219003219, 0.005439005439005439, 0.007881007881007882, 0.01221001221001221, 0.019425019425019424, 0.025752025752025752, 0.07492507492507493, 0.19813519813519814, 0.12753912753912755, 0.28626928626928627, 0.07636807636807637, 0.04650904650904651, 0.05672105672105672, 0.019647019647019648, 0.009768009768009768, 0.016872016872016872, 0.00444000444000444, 0.002886002886002886, 0.001221001221001221, 0.000111000111000111, 0.000444000444000444, 0.0, 0.0, 0.0], [0.0, 0.0, 0.0, 0.0, 0.00010599957600169599, 0.00010599957600169599, 0.000741997032011872, 0.001801992792028832, 0.004663981344074624, 0.007631969472122111, 0.011235955056179775, 0.013673945304218784, 0.02512189951240195, 0.03126987492050032, 0.04462582149671401, 0.05596777612889548, 0.17670129319482722, 0.14066143735425057, 0.24761500953996185, 0.09094763620945516, 0.052045791816832734, 0.054059783760864955, 0.01748993004027984, 0.007525969896120415, 0.010811956752172992, 0.002967988128047488, 0.001801992792028832, 0.00042399830400678397, 0.0, 0.0, 0.0, 0.0, 0.0], [0.0, 0.0, 0.0, 0.0, 0.0070921985815602835, 0.0070921985815602835, 0.02127659574468085, 0.03546099290780142, 0.0425531914893617, 0.06382978723404255, 0.06382978723404255, 0.0851063829787234, 0.11347517730496454, 0.1276595744680851, 0.0851063829787234, 0.09219858156028368, 0.04964539007092199, 0.028368794326241134, 0.09219858156028368, 0.0425531914893617, 0.014184397163120567, 0.02127659574468085, 0.0070921985815602835, 0.0, 0.0, 0.0, 0.0, 0.0, 0.0, 0.0, 0.0, 0.0, 0.0], [0.0, 0.0, 0.0, 0.0, 0.0, 0.0, 0.0011024142872891633, 0.0038584500055120715, 0.005071105721530151, 0.011134384301620549, 0.020284422886120604, 0.030536875757909823, 0.05291588578987984, 0.08224010583177158, 0.10880829015544041, 0.12931319589901885, 0.16227538308896483, 0.09613052585161504, 0.13339212876198875, 0.055120714364458166, 0.030867600044096572, 0.038584500055120714, 0.01411090287730129, 0.0072759342961084775, 0.01047293572924705, 0.00330724286186749, 0.001653621430933745, 0.0008819314298313307, 0.0004409657149156653, 0.00011024142872891633, 0.00011024142872891633, 0.0, 0.0], [0.0, 0.00024067388688327315, 0.00024067388688327315, 0.0019253910950661852, 0.001444043321299639, 0.0036101083032490976, 0.006498194945848376, 0.013237063778580024, 0.021660649819494584, 0.03369434416365824, 0.05102286401925391, 0.06859205776173286, 0.09362214199759326, 0.11046931407942238, 0.11407942238267148, 0.12226233453670277, 0.12178098676293622, 0.06835138387484958, 0.07605294825511431, 0.029362214199759325, 0.017328519855595668, 0.017087845968712396, 0.00914560770156438, 0.0048134777376654635, 0.005535499398315283, 0.002888086642599278, 0.002888086642599278, 0.0009626955475330926, 0.0004813477737665463, 0.00024067388688327315, 0.0004813477737665463, 0.0, 0.0], [0.0031446540880503146, 0.0, 0.0, 0.006289308176100629, 0.009433962264150943, 0.0220125786163522, 0.012578616352201259, 0.03459119496855346, 0.059748427672955975, 0.09433962264150944, 0.11635220125786164, 0.1289308176100629, 0.11006289308176101, 0.10377358490566038, 0.06918238993710692, 0.07232704402515723, 0.050314465408805034, 0.025157232704402517, 0.03773584905660377, 0.025157232704402517, 0.0031446540880503146, 0.0031446540880503146, 0.006289308176100629, 0.006289308176100629, 0.0, 0.0, 0.0, 0.0, 0.0, 0.0, 0.0, 0.0, 0.0], [0.00028993911278631486, 0.00019329274185754324, 0.0004832318546438581, 0.00028993911278631486, 0.0004832318546438581, 0.001256402822074031, 0.0014496955639315744, 0.00415579394993718, 0.007828356045230501, 0.01604329757417609, 0.02609452015076834, 0.034696047163429014, 0.04329757417608969, 0.049676234657388615, 0.1546341934860346, 0.1478689475210206, 0.1515415096163139, 0.09925582294384847, 0.1069875326181502, 0.048709770948100896, 0.03266647337392481, 0.030057021358847975, 0.016913114912535034, 0.00831158789987436, 0.010437808060307335, 0.0037692084662220935, 0.0016429883057891177, 0.0003865854837150865, 0.0005798782255726297, 0.0, 0.0, 0.0, 0.0], [0.0, 0.0, 0.0, 0.0, 0.000792393026941363, 0.0003961965134706815, 0.0011885895404120444, 0.0011885895404120444, 0.001584786053882726, 0.00832012678288431, 0.011885895404120444, 0.01347068145800317, 0.022583201267828843, 0.03169572107765452, 0.05705229793977813, 0.07329635499207607, 0.09746434231378764, 0.08914421553090333, 0.18026941362916007, 0.07091917591125198, 0.07923930269413629, 0.10142630744849446, 0.04595879556259905, 0.01901743264659271, 0.051901743264659274, 0.01584786053882726, 0.011093502377179081, 0.009904912836767036, 0.0027733755942947703, 0.001584786053882726, 0.0, 0.0, 0.0], [0.0, 0.0, 0.0002581977794990963, 0.0, 0.0012909888974954814, 0.0010327911179963851, 0.0023237800154918666, 0.003356571133488252, 0.010327911179963851, 0.020397624580428608, 0.025561580170410533, 0.038987864704363544, 0.06351665375677769, 0.07616834495223342, 0.09914794732765299, 0.12290214304156984, 0.15104570100697134, 0.09450038729666925, 0.14252517428350117, 0.049832171443325586, 0.03356571133488252, 0.03408210689388071, 0.008004131164471986, 0.006713142266976504, 0.009811515620965659, 0.001549186676994578, 0.0023237800154918666, 0.0002581977794990963, 0.0005163955589981926, 0.0, 0.0, 0.0, 0.0], [0.0, 0.0, 0.0010334137099552187, 0.000861178091629349, 0.001550120564932828, 0.003272476748191526, 0.006889424733034792, 0.010850843954529796, 0.021012745435756115, 0.03668618670341026, 0.061832586978987254, 0.07664485015501206, 0.10902514640027558, 0.11557009989665863, 0.13486048914915605, 0.11953151911815363, 0.11522562866000689, 0.06097140888735791, 0.059593523940750945, 0.02686875645883569, 0.013434378229417844, 0.010678608336203927, 0.006717189114708922, 0.0036169479848432657, 0.002411298656562177, 0.000861178091629349, 0.0, 0.0, 0.0, 0.0, 0.0, 0.0, 0.0], [0.0, 0.0, 0.0, 0.0, 0.00012198097096852891, 0.00048792388387411563, 0.0019516955354964625, 0.0019516955354964625, 0.004635276896804099, 0.0059770675774579165, 0.014027811661380825, 0.02146865089046109, 0.0514759697487192, 0.08502073676506465, 0.12734813369114417, 0.13344718223957064, 0.1691876067333496, 0.10709929251036839, 0.14381556477189558, 0.04562088314222981, 0.02915345206147841, 0.028177604293730178, 0.01122224932910466, 0.006221029519394974, 0.0070748963161746765, 0.003049524274213223, 0.0008538667967797023, 0.00012198097096852891, 0.00048792388387411563, 0.0, 0.0, 0.0, 0.0], [0.00021294718909710392, 0.0, 0.0, 0.00010647359454855196, 0.00010647359454855196, 0.00031942078364565585, 0.0024488926746166952, 0.0050042589437819425, 0.009795570698466781, 0.02076235093696763, 0.03343270868824531, 0.04599659284497445, 0.06995315161839864, 0.09028960817717206, 0.10807069846678023, 0.11637563884156729, 0.13990630323679729, 0.09390971039182283, 0.1170144804088586, 0.05227853492333901, 0.02938671209540034, 0.03311328790459966, 0.010966780238500852, 0.0050042589437819425, 0.007772572402044293, 0.002981260647359455, 0.002235945485519591, 0.0008517887563884157, 0.0008517887563884157, 0.0007453151618398638, 0.00010647359454855196, 0.0, 0.0], [0.0, 0.0, 0.0, 0.0, 0.00044933722758930576, 0.00022466861379465288, 0.0008986744551786115, 0.0011233430689732643, 0.004942709503482363, 0.006515389800044934, 0.015052797124241743, 0.027858908110536956, 0.0505504381037969, 0.06874859582116379, 0.09885419006964727, 0.1163783419456302, 0.16198607054594474, 0.1172770164008088, 0.14693327342170298, 0.06942260166254774, 0.03886767018647495, 0.03662098404852842, 0.017524151875982927, 0.00471804088968771, 0.00943608177937542, 0.0029206919793304874, 0.0011233430689732643, 0.0006740058413839587, 0.0, 0.0008986744551786115, 0.0, 0.0, 0.0], [0.0, 0.0, 0.0, 0.00034071550255536625, 0.001362862010221465, 0.0017035775127768314, 0.002385008517887564, 0.0040885860306643955, 0.012265758091993186, 0.018398637137989778, 0.03236797274275979, 0.04872231686541738, 0.07018739352640545, 0.08620102214650767, 0.09710391822827939, 0.11277683134582624, 0.13356047700170356, 0.09812606473594548, 0.1110732538330494, 0.05383304940374787, 0.032708688245315164, 0.035093696763202724, 0.016695059625212946, 0.008858603066439524, 0.012265758091993186, 0.004770017035775128, 0.0006814310051107325, 0.0030664395229982964, 0.0010221465076660989, 0.00034071550255536625, 0.0, 0.0, 0.0], [0.00021101498206372652, 0.0, 0.0008440599282549061, 0.00042202996412745304, 0.0006330449461911796, 0.0012660898923823592, 0.0025321797847647183, 0.006119434479848069, 0.010761764085250054, 0.020257438278117747, 0.03249630723781388, 0.051487655623549275, 0.07786452838151509, 0.10044313146233383, 0.11837940493775058, 0.12428782443553492, 0.13652669339523107, 0.08546106773580925, 0.11437012027853978, 0.04346908630512766, 0.023633677991137372, 0.02426672293732855, 0.008862629246676515, 0.00485334458746571, 0.005064359569529437, 0.0016881198565098122, 0.0010550749103186326, 0.0014771048744460858, 0.00042202996412745304, 0.0008440599282549061, 0.0, 0.0, 0.0], [0.0, 0.0, 0.00013636983499249966, 0.0002727396699849993, 0.000409109504977499, 0.0006818491749624983, 0.001636438019909996, 0.003681985544797491, 0.0075003409245874815, 0.014046093004227465, 0.027001227328514933, 0.04500204554752489, 0.07173053320605483, 0.09164052911495978, 0.1191872357834447, 0.12955134324287468, 0.1551888722214646, 0.08823128324014728, 0.13596072548752217, 0.0396836219828174, 0.023455611618709942, 0.021819173598799944, 0.007773080594572481, 0.0050456838947224875, 0.0058639029046774855, 0.002045547524887495, 0.0013636983499249965, 0.0002727396699849993, 0.00013636983499249966, 0.0006818491749624983, 0.0, 0.0, 0.0], [0.0, 0.0, 0.0, 0.008264462809917356, 0.008264462809917356, 0.01652892561983471, 0.008264462809917356, 0.01652892561983471, 0.008264462809917356, 0.08264462809917356, 0.04132231404958678, 0.08264462809917356, 0.06611570247933884, 0.0743801652892562, 0.05785123966942149, 0.09917355371900827, 0.1322314049586777, 0.09917355371900827, 0.04132231404958678, 0.024793388429752067, 0.03305785123966942, 0.01652892561983471, 0.024793388429752067, 0.0, 0.008264462809917356, 0.01652892561983471, 0.008264462809917356, 0.024793388429752067, 0.0, 0.0, 0.0, 0.0, 0.0], [0.0002055287226389888, 0.0001027643613194944, 0.0, 0.0, 0.0001027643613194944, 0.0001027643613194944, 0.0002055287226389888, 0.0011304079745144385, 0.0023635803103483712, 0.004932689343335731, 0.007912855821601068, 0.0109957866611859, 0.054978933305929505, 0.0990648443119926, 0.12722227931353405, 0.14458945637652862, 0.1763436440242524, 0.11417120542595828, 0.11900113040797451, 0.05230705991162265, 0.027232555749666015, 0.030212722227931352, 0.010790257938546911, 0.004007810091460282, 0.007090740931045113, 0.002260815949028877, 0.0013359366971534272, 0.0004110574452779776, 0.0009248792518754496, 0.0, 0.0, 0.0, 0.0], [0.0, 0.0, 0.0, 0.00013264358668258389, 0.00013264358668258389, 0.00026528717336516777, 0.001326435866825839, 0.0007958615200955034, 0.003581376840429765, 0.004642525533890436, 0.009815625414511208, 0.01803952778883141, 0.02931423265685104, 0.04562939381880886, 0.0733519034354689, 0.10332935402573286, 0.1547950656585754, 0.12587876376177212, 0.17986470354158376, 0.07892293407613742, 0.05451651412654198, 0.05610823716673299, 0.02135561745589601, 0.010478843347924129, 0.01604987398859265, 0.005571030640668524, 0.0033160896670645975, 0.001193792280143255, 0.0006632179334129195, 0.00026528717336516777, 0.0006632179334129195, 0.0, 0.0], [0.00018445079774970027, 9.222539887485013e-05, 0.0, 0.00018445079774970027, 0.00018445079774970027, 0.0005533523932491008, 0.0007378031909988011, 0.0017522825786221526, 0.004887946140367057, 0.014940514617725721, 0.02674536567370654, 0.0336622705893203, 0.04897168680254542, 0.06750899197639029, 0.08364843677948908, 0.1008023609702112, 0.1307756156045375, 0.11085492944756986, 0.15871991146361708, 0.0728580651111316, 0.04611269943742507, 0.049986166190168775, 0.018906206769344278, 0.010144793876233515, 0.011343724061606567, 0.002858987365120354, 0.0014756063819976021, 0.00046112699437425065, 0.0006455777921239509, 0.0, 0.0, 0.0, 0.0], [0.0, 0.0, 0.0, 0.0016339869281045752, 0.0032679738562091504, 0.0, 0.0, 0.006535947712418301, 0.008169934640522876, 0.008169934640522876, 0.016339869281045753, 0.027777777777777776, 0.049019607843137254, 0.09803921568627451, 0.11274509803921569, 0.16666666666666666, 0.16993464052287582, 0.1111111111111111, 0.12745098039215685, 0.058823529411764705, 0.0196078431372549, 0.00980392156862745, 0.0032679738562091504, 0.0, 0.0016339869281045752, 0.0, 0.0, 0.0, 0.0, 0.0, 0.0, 0.0, 0.0], [0.0, 0.0, 0.0, 8.168599901976801e-05, 0.0, 8.168599901976801e-05, 0.000245057997059304, 0.0007351739911779121, 0.0017970919784348963, 0.004574415945107008, 0.007106681914719817, 0.013233131841202417, 0.020993301748080378, 0.03210259761476883, 0.10504819473942166, 0.1159124326090508, 0.1641888580297337, 0.10782551870609378, 0.2009475575886293, 0.0735173991177912, 0.04549910145401078, 0.06159124326090508, 0.01854272177748734, 0.006289821924522137, 0.012252899852965201, 0.0038392419539290965, 0.0014703479823558242, 0.0013069759843162881, 0.00040842999509884006, 0.00040842999509884006, 0.0, 0.0, 0.0], [0.00018278194114421494, 9.139097057210747e-05, 9.139097057210747e-05, 0.0, 0.0004569548528605374, 0.0004569548528605374, 0.00027417291171632244, 0.0009139097057210748, 0.0010966916468652897, 0.005392067263754341, 0.009504660939499178, 0.019374885761286785, 0.034545786876256625, 0.045512703344909526, 0.06781210016450374, 0.08124657283860355, 0.2544324620727472, 0.15609577773715957, 0.17629318223359533, 0.06653262657649424, 0.03335770425881923, 0.02869676475964175, 0.009230488027782854, 0.0031986839700237617, 0.003838420764028514, 0.0006397367940047524, 0.0003655638822884299, 0.0003655638822884299, 0.0, 0.0, 0.0, 0.0, 0.0], [0.00012128562765312311, 0.00012128562765312311, 0.00024257125530624622, 0.00024257125530624622, 0.00048514251061249243, 0.0009702850212249849, 0.002183141297756216, 0.004123711340206186, 0.005700424499696786, 0.010794420861127956, 0.021831412977562158, 0.0351728320194057, 0.05360824742268041, 0.06755609460278957, 0.09302607640994542, 0.12722862340812613, 0.15936931473620375, 0.11061249241964827, 0.14044875682231656, 0.06391752577319587, 0.03468768950879321, 0.03662825955124318, 0.015039417828987265, 0.006306852637962402, 0.006064281382656155, 0.0018192844147968466, 0.0009702850212249849, 0.0007277137659187386, 0.0, 0.0, 0.0, 0.0, 0.0], [0.0, 0.0, 0.0, 0.0, 0.0004264998578333807, 0.00014216661927779356, 0.000995166334944555, 0.0014216661927779358, 0.004549331816889394, 0.0071083309638896785, 0.0154961615012795, 0.02388399203866932, 0.04009098663633779, 0.06369064543645152, 0.09624680125106624, 0.12112595962468012, 0.15538811487062837, 0.09397213534262155, 0.17969860676713106, 0.06042081319306227, 0.03738982087005971, 0.04577765140744953, 0.018055160648279785, 0.00796133067955644, 0.011231162922945691, 0.004975831674722775, 0.004122831959056014, 0.0018481660506113164, 0.0015638328120557293, 0.0011373329542223485, 0.0012794995735001423, 0.0, 0.0], [0.0, 0.00022507314877335134, 0.00022507314877335134, 0.00045014629754670267, 0.0015755120414134593, 0.0015755120414134593, 0.0038262435291469728, 0.009227999099707404, 0.017780778753094757, 0.024758046365068648, 0.04411433715957686, 0.06234526221021832, 0.08035111411208642, 0.10398379473328832, 0.12491559756920999, 0.11636281791582265, 0.1480981318928652, 0.0740490659464326, 0.10735989196488858, 0.025433265811388703, 0.018906144496961513, 0.02003151024082827, 0.004726536124240378, 0.002025658338960162, 0.005176682421787081, 0.0013504388926401081, 0.00045014629754670267, 0.00045014629754670267, 0.00022507314877335134, 0.0, 0.0, 0.0, 0.0], [0.0, 0.0, 0.0004791566842357451, 0.0014374700527072352, 0.0023957834211787254, 0.0019166267369429804, 0.003833253473885961, 0.011499760421657882, 0.012937230474365118, 0.01581217057977959, 0.033540967896502155, 0.04551988500239578, 0.06324868231911836, 0.08624820316243412, 0.10876856732151413, 0.10876856732151413, 0.1538092956396742, 0.09583133684714902, 0.12458073790129372, 0.04216578821274557, 0.026832774317201723, 0.02539530426449449, 0.01629132726401533, 0.007187350263536177, 0.006708193579300431, 0.0028749401054144704, 0.0009583133684714902, 0.0009583133684714902, 0.0, 0.0, 0.0, 0.0, 0.0], [0.00024363503471799245, 0.0, 0.0, 0.0, 0.0004872700694359849, 0.0012181751735899622, 0.003289072968692898, 0.006578145937385796, 0.01193811670118163, 0.021318065537824338, 0.03349981727372396, 0.05274698501644536, 0.07686685345352662, 0.10464124741137776, 0.1381410646851017, 0.13753197709830672, 0.13168473626507493, 0.08283591180411744, 0.09294676574491412, 0.03630162017298087, 0.020830795468388355, 0.022414423194055306, 0.008892678767206725, 0.0049945182117188455, 0.0064563284200268, 0.0021927153124619322, 0.0006090875867949811, 0.0008527226215129736, 0.0, 0.00036545255207698867, 0.00012181751735899622, 0.0, 0.0], [0.0, 0.0, 0.0, 0.0003290014805066623, 0.0003290014805066623, 0.0008225037012666557, 0.001974008883039974, 0.0029610133245599607, 0.007402533311399902, 0.01151505181773318, 0.023523605856226353, 0.029116631024839613, 0.05971376871195921, 0.08109886494489225, 0.10050995229478532, 0.11794703076163843, 0.14969567363053135, 0.09261391676262543, 0.13752261885178482, 0.0549432472446126, 0.03470965619345287, 0.03915117618029281, 0.016614574765586445, 0.008060536272413226, 0.012502056259253167, 0.006086527389373252, 0.005428524428359928, 0.002303010363546636, 0.0013160059220266491, 0.001151505181773318, 0.0006580029610133246, 0.0, 0.0], [0.0, 0.0001920860545524395, 0.0, 0.0, 0.0005762581636573184, 0.0009604302727621974, 0.001536688436419516, 0.003073376872839032, 0.006338839800230503, 0.016903572800614674, 0.02669996158278909, 0.040722243565117174, 0.06492508643872455, 0.08528620822128313, 0.11275451402228198, 0.12562427967729542, 0.14694583173261622, 0.09450633883980022, 0.13542066845946985, 0.050902804456396465, 0.03073376872839032, 0.025931617364579333, 0.010372646945831733, 0.00384172109104879, 0.006338839800230503, 0.0028812908182865925, 0.003073376872839032, 0.0013446023818670765, 0.001536688436419516, 0.0005762581636573184, 0.0, 0.0, 0.0], [0.00010835410120273052, 0.00010835410120273052, 0.00010835410120273052, 0.0, 0.00010835410120273052, 0.0009751869108245747, 0.0007584787084191137, 0.0023837902264600714, 0.003142268934879185, 0.0058511214649474485, 0.014952865965976812, 0.04648390941597139, 0.07931520208039874, 0.10987105861956875, 0.13728464622385958, 0.14541120381406436, 0.15711344674395925, 0.09524325495720012, 0.10326145844620219, 0.045075306100335895, 0.021454112038140644, 0.016469823382815038, 0.007584787084191137, 0.0026004984288655326, 0.0028172066312709934, 0.0008668328096218442, 0.00021670820240546104, 0.0003250623036081916, 0.00010835410120273052, 0.0, 0.0, 0.0, 0.0], [0.0, 0.0, 0.0, 0.00018463810930576072, 0.00018463810930576072, 0.0011078286558345643, 0.001292466765140325, 0.0027695716395864105, 0.006093057607090104, 0.010893648449039882, 0.023818316100443132, 0.0361890694239291, 0.06960856720827178, 0.09471935007385525, 0.12629246676514033, 0.14087887740029542, 0.15934268833087148, 0.1024741506646972, 0.1024741506646972, 0.04375923190546529, 0.0258493353028065, 0.021787296898079764, 0.012001477104874446, 0.003692762186115214, 0.00775480059084195, 0.0033234859675036928, 0.0016617429837518464, 0.00036927621861152144, 0.0011078286558345643, 0.00018463810930576072, 0.00018463810930576072, 0.0, 0.0], [0.0, 0.0, 0.0, 0.00019319938176197836, 0.00019319938176197836, 0.0013523956723338485, 0.00115919629057187, 0.00231839258114374, 0.00463678516228748, 0.005989180834621329, 0.0142967542503864, 0.022217928902627512, 0.03921947449768161, 0.05989180834621329, 0.09756568778979907, 0.11997681607418856, 0.15958268933539413, 0.10993044822256569, 0.1740726429675425, 0.06800618238021638, 0.03554868624420402, 0.040571870170015456, 0.017001545595054096, 0.007921174652241113, 0.010432766615146832, 0.0056027820710973725, 0.0015455950540958269, 0.0003863987635239567, 0.00019319938176197836, 0.00019319938176197836, 0.0, 0.0, 0.0], [0.0, 0.0, 0.0001216397031991242, 0.0, 0.0002432794063982484, 0.0003649191095973726, 0.0004865588127964968, 0.0029193528767789806, 0.0035275513927746018, 0.009487896849531687, 0.019462352511859873, 0.035762072740542515, 0.05972509427076998, 0.09536552730811337, 0.11555771803916798, 0.12589709281109354, 0.1428050115557718, 0.09171633621213965, 0.14134533511738231, 0.04756112395085756, 0.031991241941369666, 0.03211288164456879, 0.017151198151076512, 0.007176742488748327, 0.012650529132708916, 0.0026760734703807324, 0.0021895146575842354, 0.0014596764383894903, 0.0001216397031991242, 0.0001216397031991242, 0.0, 0.0, 0.0], [0.0, 0.0, 8.543357539513029e-05, 0.0, 8.543357539513029e-05, 8.543357539513029e-05, 0.00025630072618539084, 0.0008543357539513029, 0.001794105083297736, 0.004698846646732166, 0.00871422469030329, 0.016488680051260144, 0.027936779154207603, 0.03613840239214011, 0.054677488252883384, 0.0643314822725331, 0.20615121742844938, 0.13079880392994447, 0.2290474156343443, 0.08218709953011534, 0.04673216574113627, 0.05185818026484408, 0.014523707817172148, 0.005211448099102948, 0.009824861170439982, 0.0037590773173857327, 0.0017086715079026058, 0.0006834686031610423, 0.0007689021785561726, 0.000598035027765912, 0.0, 0.0, 0.0], [0.0, 0.0, 0.0, 0.00011279043537108053, 0.00045116174148432213, 0.0005639521768554027, 0.0007895330475975637, 0.0024813895781637717, 0.0055267313331829465, 0.010038348748026168, 0.015903451387322354, 0.028874351454996616, 0.04951500112790436, 0.07274983081434694, 0.1071509136025265, 0.1321903902549064, 0.1732461087299797, 0.11233927362959621, 0.16196706519287166, 0.05233476201218137, 0.026054590570719603, 0.030904579291676067, 0.007895330475975638, 0.0032709226257613354, 0.0030453417550191744, 0.0006767426122264832, 0.0007895330475975637, 0.0007895330475975637, 0.0003383713061132416, 0.0, 0.0, 0.0, 0.0], [0.0, 0.003703703703703704, 0.0, 0.003703703703703704, 0.003703703703703704, 0.018518518518518517, 0.025925925925925925, 0.044444444444444446, 0.07037037037037037, 0.044444444444444446, 0.037037037037037035, 0.07777777777777778, 0.06666666666666667, 0.12962962962962962, 0.11851851851851852, 0.11481481481481481, 0.08148148148148149, 0.05185185185185185, 0.044444444444444446, 0.014814814814814815, 0.011111111111111112, 0.018518518518518517, 0.003703703703703704, 0.014814814814814815, 0.0, 0.0, 0.0, 0.0, 0.0, 0.0, 0.0, 0.0, 0.0]]}, "ranks": {"labels": ["Unranked", "Combatatent I", "Combatatent II", "Challenger I", "Challenger II", "Rival I", "Rival II", "Duelist", "Elite"], "data": [[0.14390243902439023, 0.2, 0.24146341463414633, 0.1975609756097561, 0.11707317073170732, 0.05853658536585366, 0.01951219512195122, 0.014634146341463415, 0.007317073170731708], [0.05419354838709677, 0.08935483870967742, 0.1732258064516129, 0.2535483870967742, 0.23838709677419354, 0.13612903225806453, 0.03193548387096774, 0.016129032258064516, 0.0070967741935483875], [0.007437007437007437, 0.01332001332001332, 0.03163503163503163, 0.10067710067710067, 0.3256743256743257, 0.3277833277833278, 0.08136308136308136, 0.08613608613608614, 0.025974025974025976], [0.01505193979224083, 0.024909900360398557, 0.05639177443290227, 0.1005935976256095, 0.3173627305490778, 0.2993428026287895, 0.09126563493746025, 0.07907568369726521, 0.016005935976256096], [0.1773049645390071, 0.14893617021276595, 0.24113475177304963, 0.1773049645390071, 0.07801418439716312, 0.1276595744680851, 0.02127659574468085, 0.028368794326241134, 0.0], [0.021166354315951933, 0.05082129864403043, 0.13515599162165143, 0.23812148605445926, 0.25840590894057985, 0.16425972880608533, 0.055120714364458166, 0.05997133722853048, 0.016977180024253115], [0.0825511432009627, 0.11961492178098676, 0.20409145607701565, 0.23634175691937426, 0.1901323706377858, 0.09362214199759326, 0.029121540312876053, 0.03104693140794224, 0.013477737665463297], [0.24213836477987422, 0.24528301886792453, 0.2138364779874214, 0.14150943396226415, 0.07547169811320754, 0.04716981132075472, 0.018867924528301886, 0.015723270440251572, 0.0], [0.032473180632067264, 0.06079056731419735, 0.0929738088334783, 0.30250314100705517, 0.25079733256016234, 0.1348216874456364, 0.05354208949453948, 0.05528172417125737, 0.016816468541606264], [0.01347068145800317, 0.025356576862123614, 0.05427892234548336, 0.1303486529318542, 0.18660855784469096, 0.21473851030110935, 0.11568938193343899, 0.1664025356576862, 0.09310618066561015], [0.038987864704363544, 0.06454944487477407, 0.1396849987090111, 0.22205009036922282, 0.24554608830364058, 0.17144332558739994, 0.05447973147430932, 0.048799380325329204, 0.014459075651949394], [0.0821563899414399, 0.13847743713399932, 0.2245952462969342, 0.2543920082673097, 0.1761970375473648, 0.07320013778849466, 0.026696520840509816, 0.021012745435756115, 0.003272476748191526], [0.015125640400097584, 0.03549646255184191, 0.13649670651378384, 0.2607953159307148, 0.27628689924371796, 0.16930958770431812, 0.04928031227128568, 0.04562088314222981, 0.011588192242010246], [0.038756388415672915, 0.07942930153321977, 0.1602427597955707, 0.22444633730834754, 0.2338160136286201, 0.14661413969335604, 0.05206558773424191, 0.04908432708688246, 0.015545144804088586], [0.014154122669063131, 0.042911705234778705, 0.11929903392496068, 0.21523253201527748, 0.27926308694675356, 0.18782296113232982, 0.06740058413839586, 0.05886317681419906, 0.015052797124241743], [0.040545144804088586, 0.08109028960817717, 0.15638841567291312, 0.20988074957410563, 0.23168654173764908, 0.14275979557069846, 0.05485519591141397, 0.06064735945485519, 0.022146507666098807], [0.043047056341000214, 0.08398396286136316, 0.17830765984384891, 0.2426672293732855, 0.2219877611310403, 0.14138003798269677, 0.04009284659210804, 0.03798269677147077, 0.010550749103186326], [0.02836492567843993, 0.07200327287603982, 0.1633710623210146, 0.24873857902631938, 0.2434201554616119, 0.1594163371062321, 0.0396836219828174, 0.03463793808809491, 0.010364107459429974], [0.1487603305785124, 0.12396694214876033, 0.14049586776859505, 0.15702479338842976, 0.23140495867768596, 0.049586776859504134, 0.049586776859504134, 0.04132231404958678, 0.05785123966942149], [0.009146028157435001, 0.01890864248278697, 0.1540437776179221, 0.2718117356900627, 0.29051484945021067, 0.1485972664679889, 0.04994347960127428, 0.04501079025793855, 0.012023430274380844], [0.01087677410797188, 0.027855153203342618, 0.0749436264756599, 0.17668125746120175, 0.2806738294203475, 0.22376973073351902, 0.08953442101074413, 0.08794269797055312, 0.027722509616660035], [0.023517476713086783, 0.06040763626302684, 0.11648067877893573, 0.18445079774970027, 0.24163054505210735, 0.19810015678317808, 0.07959051922899567, 0.07903716683574656, 0.016785022595222725], [0.027777777777777776, 0.04411764705882353, 0.14705882352941177, 0.27941176470588236, 0.28104575163398693, 0.1650326797385621, 0.04084967320261438, 0.013071895424836602, 0.0016339869281045752], [0.007515111909818657, 0.020339813755922236, 0.05309589936284921, 0.22096062734847247, 0.27201437673582746, 0.24301584708380983, 0.07694821107662146, 0.08642378696291456, 0.01968632576376409], [0.008956315116066533, 0.028879546700785963, 0.08005849022116615, 0.1490586730031073, 0.41052823980990677, 0.2127581794918662, 0.0634253335770426, 0.04112593675744836, 0.005209285322610126], [0.02498483929654336, 0.05700424499696786, 0.12116434202546998, 0.22025469981807155, 0.269981807155852, 0.17756215888417223, 0.06149181322013341, 0.057974530018192846, 0.009581564584596726], [0.014643161785612738, 0.03938015353994882, 0.10378163207278931, 0.21737276087574636, 0.24936025021324992, 0.21339209553596816, 0.0641171452942849, 0.07179414273528575, 0.026158657947114018], [0.05964438442493811, 0.10645959936979518, 0.18433490884537473, 0.24127841548503265, 0.22214719783929776, 0.12153950033760973, 0.03015980193562908, 0.02678370470402881, 0.0076524870582939455], [0.05031145184475323, 0.07906085289889794, 0.14949688548155246, 0.21753713464302826, 0.2496406324868232, 0.1509343555342597, 0.04264494489698131, 0.048873981792046, 0.011499760421657882], [0.0450724814228286, 0.08624680229016933, 0.18150810086490438, 0.27567304178340846, 0.21452064806919235, 0.11353392617858447, 0.036545255207698864, 0.03630162017298087, 0.010598124010232671], [0.025333113999012995, 0.05264023688106596, 0.14081263365685145, 0.21845698305642375, 0.24230959039315678, 0.16631024839611777, 0.06086527389373252, 0.06382628721829248, 0.029445632505346275], [0.029581252401075682, 0.06742220514790626, 0.15021129466000768, 0.2383787936995774, 0.24145217057241644, 0.16596235113330773, 0.051094890510948905, 0.040145985401459854, 0.015751056473300037], [0.013544262650341315, 0.06143677538194821, 0.1891862606999675, 0.2826958500379239, 0.25235670170115937, 0.12839960992523566, 0.04139126665944306, 0.02665510889587171, 0.004334164048109221], [0.022525849335302807, 0.06000738552437223, 0.16432791728212703, 0.26717134416543575, 0.2618168389955687, 0.12536927621861152, 0.04671344165435746, 0.03748153618906942, 0.014586410635155096], [0.015842349304482226, 0.03651468315301391, 0.0991112828438949, 0.21754250386398763, 0.2695131375579598, 0.2115533230293663, 0.0660741885625966, 0.06549459041731066, 0.018353941267387944], [0.017151198151076512, 0.055224425252402384, 0.15509062157888334, 0.24145481085026152, 0.23452134776791145, 0.16847098893078702, 0.052426712078822525, 0.05644082228439363, 0.019219073105461622], [0.007859888936351986, 0.025202904741563434, 0.06407518154634771, 0.1190089705254165, 0.33695002135839386, 0.27347287483981203, 0.08449380606578386, 0.07159333618111918, 0.01734301580521145], [0.019963907060681255, 0.04477780284231897, 0.1222648319422513, 0.23934130385743288, 0.2855853823595759, 0.19106699751861042, 0.049289420257162195, 0.04207083239341304, 0.005639521768554027], [0.21481481481481482, 0.11481481481481481, 0.1962962962962963, 0.23333333333333334, 0.13333333333333333, 0.04814814814814815, 0.022222222222222223, 0.037037037037037035, 0.0]]}, "ranksDetailed": {"labels": ["Unranked", "Combatatant", "Challenger", "Rival", "Duelist", "Elite"], "data": [[0.14390243902439023, 0.44146341463414634, 0.3146341463414634, 0.07804878048780488, 0.014634146341463415, 0.007317073170731708], [0.05419354838709677, 0.2625806451612903, 0.49193548387096775, 0.16806451612903225, 0.016129032258064516, 0.0070967741935483875], [0.007437007437007437, 0.04495504495504495, 0.42635142635142637, 0.40914640914640915, 0.08613608613608614, 0.025974025974025976], [0.01505193979224083, 0.08130167479330083, 0.4179563281746873, 0.39060843756624974, 0.07907568369726521, 0.016005935976256096], [0.1773049645390071, 0.3900709219858156, 0.2553191489361702, 0.14893617021276595, 0.028368794326241134, 0.0], [0.021166354315951933, 0.18597729026568185, 0.4965273949950391, 0.21938044317054348, 0.05997133722853048, 0.016977180024253115], [0.0825511432009627, 0.3237063778580024, 0.42647412755716, 0.12274368231046931, 0.03104693140794224, 0.013477737665463297], [0.24213836477987422, 0.4591194968553459, 0.2169811320754717, 0.0660377358490566, 0.015723270440251572, 0.0], [0.032473180632067264, 0.15376437614767566, 0.5533004735672176, 0.1883637769401759, 0.05528172417125737, 0.016816468541606264], [0.01347068145800317, 0.07963549920760697, 0.31695721077654515, 0.3304278922345483, 0.1664025356576862, 0.09310618066561015], [0.038987864704363544, 0.20423444358378517, 0.4675961786728634, 0.22592305706170926, 0.048799380325329204, 0.014459075651949394], [0.0821563899414399, 0.3630726834309335, 0.4305890458146745, 0.09989665862900447, 0.021012745435756115, 0.003272476748191526], [0.015125640400097584, 0.17199316906562576, 0.5370822151744328, 0.2185898999756038, 0.04562088314222981, 0.011588192242010246], [0.038756388415672915, 0.23967206132879046, 0.45826235093696766, 0.19867972742759796, 0.04908432708688246, 0.015545144804088586], [0.014154122669063131, 0.16221073915973938, 0.494495618962031, 0.25522354527072566, 0.05886317681419906, 0.015052797124241743], [0.040545144804088586, 0.2374787052810903, 0.4415672913117547, 0.19761499148211242, 0.06064735945485519, 0.022146507666098807], [0.043047056341000214, 0.26229162270521206, 0.4646549905043258, 0.18147288457480482, 0.03798269677147077, 0.010550749103186326], [0.02836492567843993, 0.23537433519705442, 0.4921587344879313, 0.1990999590890495, 0.03463793808809491, 0.010364107459429974], [0.1487603305785124, 0.2644628099173554, 0.3884297520661157, 0.09917355371900827, 0.04132231404958678, 0.05785123966942149], [0.009146028157435001, 0.17295242010070908, 0.5623265851402733, 0.19854074606926317, 0.04501079025793855, 0.012023430274380844], [0.01087677410797188, 0.10279877967900251, 0.4573550868815493, 0.3133041517442632, 0.08794269797055312, 0.027722509616660035], [0.023517476713086783, 0.17688831504196256, 0.4260813428018076, 0.27769067601217373, 0.07903716683574656, 0.016785022595222725], [0.027777777777777776, 0.19117647058823528, 0.5604575163398693, 0.20588235294117646, 0.013071895424836602, 0.0016339869281045752], [0.007515111909818657, 0.07343571311877144, 0.49297500408429995, 0.3199640581604313, 0.08642378696291456, 0.01968632576376409], [0.008956315116066533, 0.10893803692195211, 0.5595869128130141, 0.2761835130689088, 0.04112593675744836, 0.005209285322610126], [0.02498483929654336, 0.17816858702243785, 0.49023650697392357, 0.23905397210430565, 0.057974530018192846, 0.009581564584596726], [0.014643161785612738, 0.14316178561273812, 0.4667330110889963, 0.2775092408302531, 0.07179414273528575, 0.026158657947114018], [0.05964438442493811, 0.29079450821516994, 0.4634256133243304, 0.1516993022732388, 0.02678370470402881, 0.0076524870582939455], [0.05031145184475323, 0.2285577383804504, 0.4671777671298515, 0.19357930043124102, 0.048873981792046, 0.011499760421657882], [0.0450724814228286, 0.2677549031550737, 0.4901936898526008, 0.15007918138628334, 0.03630162017298087, 0.010598124010232671], [0.025333113999012995, 0.19345287053791743, 0.4607665734495805, 0.2271755222898503, 0.06382628721829248, 0.029445632505346275], [0.029581252401075682, 0.21763349980791394, 0.47983096427199384, 0.21705724164425663, 0.040145985401459854, 0.015751056473300037], [0.013544262650341315, 0.2506230360819157, 0.5350525517390833, 0.16979087658467873, 0.02665510889587171, 0.004334164048109221], [0.022525849335302807, 0.22433530280649927, 0.5289881831610044, 0.17208271787296897, 0.03748153618906942, 0.014586410635155096], [0.015842349304482226, 0.13562596599690882, 0.48705564142194746, 0.2776275115919629, 0.06549459041731066, 0.018353941267387944], [0.017151198151076512, 0.21031504683128574, 0.475976158618173, 0.22089770100960954, 0.05644082228439363, 0.019219073105461622], [0.007859888936351986, 0.08927808628791115, 0.45595899188381034, 0.3579666809055959, 0.07159333618111918, 0.01734301580521145], [0.019963907060681255, 0.16704263478457027, 0.5249266862170088, 0.2403564177757726, 0.04207083239341304, 0.005639521768554027], [0.21481481481481482, 0.3111111111111111, 0.36666666666666664, 0.07037037037037037, 0.037037037037037035, 0.0]]}}}, "eu": {"histType": {"histogram": {"labels": ["0", "100", "200", "300", "400", "500", "600", "700", "800", "900", "1000", "1100", "1200", "1300", "1400", "1500", "1600", "1700", "1800", "1900", "2000", "2100", "2200", "2300", "2400", "2500", "2600", "2700", "2800", "2900", "3000", "3100", "3200"], "data": [[0.0, 0.0, 0.003048780487804878, 0.0, 0.0, 0.006097560975609756, 0.01524390243902439, 0.021341463414634148, 0.057926829268292686, 0.08231707317073171, 0.07317073170731707, 0.09451219512195122, 0.07317073170731707, 0.13719512195121952, 0.12195121951219512, 0.10670731707317073, 0.07926829268292683, 0.04573170731707317, 0.03048780487804878, 0.03048780487804878, 0.009146341463414634, 0.009146341463414634, 0.003048780487804878, 0.0, 0.0, 0.0, 0.0, 0.0, 0.0, 0.0, 0.0, 0.0, 0.0], [0.0003486750348675035, 0.0, 0.0010460251046025104, 0.000697350069735007, 0.0010460251046025104, 0.0041841004184100415, 0.005578800557880056, 0.010111576011157601, 0.021617852161785217, 0.0299860529986053, 0.04149232914923291, 0.061366806136680614, 0.07740585774058577, 0.10320781032078104, 0.13110181311018132, 0.1314504881450488, 0.14365411436541142, 0.07182705718270571, 0.09762900976290098, 0.02684797768479777, 0.015690376569037656, 0.011506276150627616, 0.005230125523012552, 0.002789400278940028, 0.002789400278940028, 0.000697350069735007, 0.000697350069735007, 0.0, 0.0, 0.0, 0.0, 0.0, 0.0], [0.0, 0.0, 0.0, 0.00011163206072784104, 0.00011163206072784104, 0.00011163206072784104, 0.00011163206072784104, 0.0010046885465505692, 0.0017861129716454567, 0.0025675373967403436, 0.005804867157847734, 0.009488725161866489, 0.01294931904442956, 0.015963384684081268, 0.049341370841705735, 0.12982808662647913, 0.19089082384460818, 0.12089752176825184, 0.251395400759098, 0.0709979906229069, 0.04375976780531369, 0.04710872962714892, 0.017972761777182406, 0.008260772493860237, 0.011274838133511945, 0.004018754186202277, 0.002344273275284662, 0.0012279526680062515, 0.0003348961821835231, 0.0003348961821835231, 0.0, 0.0, 0.0], [0.0, 0.0, 0.0, 0.0001013890297069857, 0.0001013890297069857, 0.0002027780594139714, 0.0007097232079489, 0.0019263915644327284, 0.002433336712967657, 0.005779174693298185, 0.011456960356889385, 0.017743080198722498, 0.021798641387001928, 0.028287539288249012, 0.04481395113048768, 0.05809591402210281, 0.20835445604785563, 0.14944742978809694, 0.22386697759302443, 0.08942512420156139, 0.046537564635506436, 0.049883402615836965, 0.015512521545168812, 0.006184730812126128, 0.011761127446010341, 0.003447227010037514, 0.0009125012673628713, 0.0006083341782419143, 0.00030416708912095713, 0.00030416708912095713, 0.0, 0.0, 0.0], [0.0, 0.0, 0.0, 0.0, 0.0, 0.022727272727272728, 0.022727272727272728, 0.05303030303030303, 0.07575757575757576, 0.06060606060606061, 0.05303030303030303, 0.10606060606060606, 0.07575757575757576, 0.045454545454545456, 0.06060606060606061, 0.15151515151515152, 0.015151515151515152, 0.09848484848484848, 0.030303030303030304, 0.045454545454545456, 0.045454545454545456, 0.0, 0.007575757575757576, 0.007575757575757576, 0.022727272727272728, 0.0, 0.0, 0.0, 0.0, 0.0, 0.0, 0.0, 0.0], [0.0, 0.00011057054400707652, 0.00011057054400707652, 0.00022114108801415304, 0.00033171163202122956, 0.00011057054400707652, 0.0017691287041132243, 0.004422821760283061, 0.005528527200353826, 0.011831048