{"region": {"us": {"histType": {"histogram": {"labels": ["0", "100", "200", "300", "400", "500", "600", "700", "800", "900", "1000", "1100", "1200", "1300", "1400", "1500", "1600", "1700", "1800", "1900", "2000", "2100", "2200", "2300", "2400", "2500", "2600", "2700", "2800", "2900", "3000", "3100"], "data": [[0.0, 0.0, 0.023255813953488372, 0.0, 0.0, 0.011627906976744186, 0.023255813953488372, 0.011627906976744186, 0.08139534883720931, 0.08139534883720931, 0.08139534883720931, 0.12790697674418605, 0.05813953488372093, 0.18604651162790697, 0.13953488372093023, 0.03488372093023256, 0.03488372093023256, 0.03488372093023256, 0.05813953488372093, 0.011627906976744186, 0.0, 0.0, 0.0, 0.0, 0.0, 0.0, 0.0, 0.0, 0.0, 0.0, 0.0, 0.0], [0.0, 0.001998001998001998, 0.0, 0.000999000999000999, 0.000999000999000999, 0.0, 0.002997002997002997, 0.017982017982017984, 0.01898101898101898, 0.03796203796203796, 0.059940059940059943, 0.07192807192807193, 0.1108891108891109, 0.11688311688311688, 0.15784215784215785, 0.0969030969030969, 0.10589410589410589, 0.06293706293706294, 0.07492507492507493, 0.01998001998001998, 0.01098901098901099, 0.016983016983016984, 0.007992007992007992, 0.002997002997002997, 0.000999000999000999, 0.0, 0.0, 0.0, 0.0, 0.0, 0.0, 0.0], [0.0, 0.0, 0.0, 0.0009573958831977022, 0.0004786979415988511, 0.0004786979415988511, 0.0019147917663954045, 0.0028721876495931067, 0.014360938247965534, 0.0205840114887506, 0.027285782671134514, 0.048827190043082815, 0.07850646242221158, 0.11345141215892772, 0.13355672570607946, 0.12876974629009094, 0.14265198659645764, 0.08281474389660125, 0.11393011010052657, 0.03446625179511728, 0.019147917663954045, 0.019147917663954045, 0.009095260890378171, 0.0023934897079942556, 0.00430828147438966, 0.0, 0.0, 0.0, 0.0, 0.0, 0.0, 0.0], [0.0, 0.0002673082063619353, 0.0, 0.0, 0.0005346164127238706, 0.0008019246190858059, 0.003475006682705159, 0.0056134723336006415, 0.01309810211173483, 0.025394279604383854, 0.039561614541566426, 0.0408981555733761, 0.07457898957497995, 0.09569633787757284, 0.132317562149158, 0.12403100775193798, 0.15236567762630313, 0.09489441325848703, 0.10344827586206896, 0.03822507350975675, 0.018444266238973536, 0.023255813953488372, 0.005078855920876771, 0.0032076984763432237, 0.0032076984763432237, 0.0016038492381716118, 0.0, 0.0, 0.0, 0.0, 0.0, 0.0], [0.0, 0.0, 0.0, 0.0, 0.0, 0.029411764705882353, 0.0, 0.08823529411764706, 0.11764705882352941, 0.058823529411764705, 0.058823529411764705, 0.08823529411764706, 0.029411764705882353, 0.11764705882352941, 0.0, 0.0, 0.058823529411764705, 0.029411764705882353, 0.029411764705882353, 0.17647058823529413, 0.029411764705882353, 0.058823529411764705, 0.0, 0.029411764705882353, 0.0, 0.0, 0.0, 0.0, 0.0, 0.0, 0.0, 0.0], [0.0, 0.0, 0.0, 0.0, 0.0, 0.0, 0.00045372050816696913, 0.0018148820326678765, 0.003856624319419238, 0.016333938294010888, 0.024500907441016333, 0.036978221415607984, 0.06941923774954628, 0.0941470054446461, 0.11683303085299455, 0.12545372050816697, 0.14813974591651544, 0.09777676950998185, 0.10866606170598911, 0.05058983666061706, 0.026088929219600727, 0.04106170598911071, 0.017695099818511795, 0.007259528130671506, 0.00839382940108893, 0.003629764065335753, 0.0009074410163339383, 0.0, 0.0, 0.0, 0.0, 0.0], [0.0, 0.0, 0.0, 0.0012903225806451613, 0.0, 0.001935483870967742, 0.003870967741935484, 0.012903225806451613, 0.025161290322580646, 0.036774193548387096, 0.05935483870967742, 0.07935483870967742, 0.1135483870967742, 0.13741935483870968, 0.12580645161290321, 0.1032258064516129, 0.09419354838709677, 0.06193548387096774, 0.052258064516129035, 0.027741935483870966, 0.013548387096774193, 0.016774193548387096, 0.012258064516129033, 0.008387096774193548, 0.007741935483870968, 0.001935483870967742, 0.0025806451612903226, 0.0, 0.0, 0.0, 0.0, 0.0], [0.0, 0.0, 0.011627906976744186, 0.011627906976744186, 0.011627906976744186, 0.0, 0.023255813953488372, 0.12790697674418605, 0.13953488372093023, 0.13953488372093023, 0.11627906976744186, 0.11627906976744186, 0.10465116279069768, 0.05813953488372093, 0.06976744186046512, 0.011627906976744186, 0.011627906976744186, 0.03488372093023256, 0.011627906976744186, 0.0, 0.0, 0.0, 0.0, 0.0, 0.0, 0.0, 0.0, 0.0, 0.0, 0.0, 0.0, 0.0], [0.0, 0.0, 0.0004714757190004715, 0.0, 0.000942951438000943, 0.0004714757190004715, 0.006364922206506365, 0.013908533710513909, 0.026874115983026876, 0.05752003771805752, 0.07614332861857614, 0.09877416313059878, 0.11834040546911834, 0.1272984441301273, 0.12046204620462046, 0.08934464875058934, 0.08274398868458274, 0.04667609618104668, 0.04950495049504951, 0.028524280999528525, 0.020037718057520037, 0.01885902876001886, 0.010136727958510137, 0.003771805752003772, 0.0016501650165016502, 0.000942951438000943, 0.00023573785950023574, 0.0, 0.0, 0.0, 0.0, 0.0], [0.0, 0.0, 0.0, 0.0005524861878453039, 0.0011049723756906078, 0.0005524861878453039, 0.0055248618784530384, 0.004972375690607734, 0.014364640883977901, 0.02430939226519337, 0.03535911602209945, 0.0569060773480663, 0.08121546961325966, 0.11215469613259668, 0.12265193370165746, 0.13314917127071824, 0.16187845303867404, 0.07237569060773481, 0.08839779005524862, 0.03314917127071823, 0.01270718232044199, 0.019889502762430938, 0.010497237569060774, 0.004419889502762431, 0.0038674033149171273, 0.0, 0.0, 0.0, 0.0, 0.0, 0.0, 0.0], [0.0, 0.0, 0.0003487966515521451, 0.0006975933031042902, 0.0017439832577607255, 0.003139169863969306, 0.007324729682595047, 0.009766306243460064, 0.02127659574468085, 0.0394140216253924, 0.08650156958493198, 0.088943146145797, 0.11475409836065574, 0.11998604813393791, 0.13498430415068016, 0.10394140216253923, 0.088943146145797, 0.0533658876874782, 0.055807464248343215, 0.023718172305545866, 0.017439832577607256, 0.012207882804325079, 0.008022322985699337, 0.0038367631670735963, 0.003139169863969306, 0.0006975933031042902, 0.0, 0.0, 0.0, 0.0, 0.0, 0.0], [0.0, 0.0, 0.0, 0.0, 0.0003184713375796178, 0.0009554140127388535, 0.0028662420382165603, 0.006050955414012739, 0.01178343949044586, 0.02165605095541401, 0.03630573248407643, 0.05445859872611465, 0.07579617834394904, 0.09936305732484077, 0.13726114649681528, 0.1286624203821656, 0.15095541401273885, 0.08343949044585987, 0.09331210191082802, 0.03917197452229299, 0.01592356687898089, 0.02356687898089172, 0.008917197452229299, 0.0044585987261146496, 0.0044585987261146496, 0.0003184713375796178, 0.0, 0.0, 0.0, 0.0, 0.0, 0.0], [0.0, 0.0, 0.0, 0.0003202049311559398, 0.0006404098623118795, 0.001601024655779699, 0.002561639449247518, 0.005763688760806916, 0.01569004162664105, 0.04098623118796029, 0.06051873198847262, 0.07044508485430676, 0.10182516810758886, 0.12904258725584375, 0.13800832532821006, 0.11879602945885366, 0.11815561959654179, 0.06147934678194044, 0.06788344540505924, 0.025616394492475183, 0.01569004162664105, 0.013768812039705411, 0.0035222542427153377, 0.002241434518091579, 0.0035222542427153377, 0.0019212295869356388, 0.0, 0.0, 0.0, 0.0, 0.0, 0.0], [0.0, 0.0, 0.0, 0.0, 0.0, 0.0, 0.0, 0.0014641288433382138, 0.003416300634455832, 0.005368472425573451, 0.02342606149341142, 0.03074670571010249, 0.05612493899463153, 0.08101512933138116, 0.11469009272816008, 0.13079551000488043, 0.17130307467057102, 0.10883357735480723, 0.11957052220595413, 0.05856515373352855, 0.03465104929233773, 0.03318692044899951, 0.01268911664226452, 0.006832601268911664, 0.004880429477794046, 0.002440214738897023, 0.0, 0.0, 0.0, 0.0, 0.0, 0.0], [0.0, 0.0, 0.0, 0.0, 0.0019083969465648854, 0.0, 0.0, 0.007633587786259542, 0.022900763358778626, 0.03435114503816794, 0.05343511450381679, 0.11068702290076336, 0.11641221374045801, 0.12022900763358779, 0.08778625954198473, 0.1049618320610687, 0.10114503816793893, 0.06679389312977099, 0.0648854961832061, 0.030534351145038167, 0.02862595419847328, 0.011450381679389313, 0.013358778625954198, 0.009541984732824428, 0.013358778625954198, 0.0, 0.0, 0.0, 0.0, 0.0, 0.0, 0.0], [0.0004033884630899556, 0.0, 0.0004033884630899556, 0.0, 0.0008067769261799112, 0.0004033884630899556, 0.002016942315449778, 0.00645421540943929, 0.010891488503428802, 0.019766034691407825, 0.03509479628882614, 0.04921339249697459, 0.09076240419524001, 0.1073013311819282, 0.14844695441710368, 0.12706736587333603, 0.1327148043565954, 0.08390480032271078, 0.08672851956434045, 0.038321903993545785, 0.017749092375958047, 0.02379991932230738, 0.008874546187979023, 0.0028237192416296895, 0.003227107704719645, 0.0028237192416296895, 0.0, 0.0, 0.0, 0.0, 0.0, 0.0], [0.0, 0.0, 0.0, 0.0, 0.0020242914979757085, 0.0010121457489878543, 0.00354251012145749, 0.0075910931174089065, 0.01720647773279352, 0.029352226720647773, 0.06072874493927125, 0.07945344129554656, 0.1007085020242915, 0.13714574898785425, 0.1361336032388664, 0.10981781376518218, 0.12297570850202429, 0.06275303643724696, 0.07540485829959515, 0.02125506072874494, 0.00860323886639676, 0.014676113360323886, 0.004048582995951417, 0.0020242914979757085, 0.0020242914979757085, 0.0015182186234817814, 0.0, 0.0, 0.0, 0.0, 0.0, 0.0], [0.0, 0.0, 0.0, 0.0, 0.0, 0.0, 0.0, 0.0, 0.045454545454545456, 0.13636363636363635, 0.09090909090909091, 0.13636363636363635, 0.09090909090909091, 0.09090909090909091, 0.09090909090909091, 0.045454545454545456, 0.09090909090909091, 0.045454545454545456, 0.045454545454545456, 0.0, 0.045454545454545456, 0.045454545454545456, 0.0, 0.0, 0.0, 0.0, 0.0, 0.0, 0.0, 0.0, 0.0, 0.0], [0.0, 0.0, 0.00021542438604049978, 0.0, 0.0, 0.0, 0.00021542438604049978, 0.0, 0.0008616975441619991, 0.0006462731581214993, 0.012710038776389487, 0.03813011632916846, 0.06678155967255493, 0.0904782421370099, 0.11482119775958638, 0.13313227057302887, 0.15036622145626885, 0.0993106419646704, 0.11029728565273589, 0.06828953037483843, 0.03532959931064197, 0.048039638087031454, 0.017233950883239983, 0.007755277897457992, 0.004739336492890996, 0.0006462731581214993, 0.0, 0.0, 0.0, 0.0, 0.0, 0.0], [0.0, 0.0, 0.0, 0.0005691519635742744, 0.0005691519635742744, 0.0, 0.003414911781445646, 0.001707455890722823, 0.005122367672168469, 0.007398975526465566, 0.025611838360842343, 0.03927148548662493, 0.06545247581104155, 0.08764940239043825, 0.12521343198634036, 0.12805919180421171, 0.1508252703471827, 0.10244735344336937, 0.11326124075128059, 0.04496300512236767, 0.0221969265793967, 0.03642572566875356, 0.012521343198634035, 0.011383039271485486, 0.011383039271485486, 0.004553215708594195, 0.0, 0.0, 0.0, 0.0, 0.0, 0.0], [0.0007380073800738007, 0.00036900369003690036, 0.00036900369003690036, 0.0007380073800738007, 0.0025830258302583027, 0.004059040590405904, 0.002952029520295203, 0.01107011070110701, 0.018819188191881917, 0.032103321033210334, 0.06826568265682657, 0.09225092250922509, 0.1033210332103321, 0.14428044280442803, 0.13874538745387455, 0.11512915129151291, 0.1018450184501845, 0.05498154981549815, 0.05498154981549815, 0.018819188191881917, 0.015498154981549815, 0.011439114391143911, 0.0051660516605166054, 0.0007380073800738007, 0.0007380073800738007, 0.0, 0.0, 0.0, 0.0, 0.0, 0.0, 0.0], [0.0, 0.0, 0.0, 0.0, 0.0, 0.003389830508474576, 0.0, 0.003389830508474576, 0.013559322033898305, 0.010169491525423728, 0.010169491525423728, 0.04067796610169491, 0.0847457627118644, 0.16610169491525423, 0.16271186440677965, 0.13559322033898305, 0.18305084745762712, 0.09152542372881356, 0.061016949152542375, 0.02711864406779661, 0.006779661016949152, 0.0, 0.0, 0.0, 0.0, 0.0, 0.0, 0.0, 0.0, 0.0, 0.0, 0.0], [0.0, 0.0, 0.00019634792852935403, 0.0, 0.0, 0.0, 0.0, 0.00019634792852935403, 0.00019634792852935403, 0.0013744354997054782, 0.0015707834282348322, 0.0039269585705870805, 0.008442960926762222, 0.007853917141174161, 0.15197329668172002, 0.16198704103671707, 0.2036128018849401, 0.11820145297467112, 0.16984095817789122, 0.06479481641468683, 0.03082662477910858, 0.04319654427645788, 0.014922442568230904, 0.006086785784409974, 0.008050265069703515, 0.0025525230708816024, 0.00019634792852935403, 0.0, 0.0, 0.0, 0.0, 0.0], [0.0, 0.0, 0.0, 0.0, 0.00018989745537409798, 0.000569692366122294, 0.00018989745537409798, 0.00018989745537409798, 0.00018989745537409798, 0.001709077098366882, 0.0032282567413596656, 0.005886821116597038, 0.008545385491834409, 0.012913026965438662, 0.05563995442461071, 0.2462969996202051, 0.2540827952905431, 0.14318268135206988, 0.14603114318268134, 0.06114698063045955, 0.029434105582985187, 0.020319027725028485, 0.0066464109380934295, 0.0024686669198632737, 0.001139384732244588, 0.0, 0.0, 0.0, 0.0, 0.0, 0.0, 0.0], [0.0, 0.0, 0.0, 0.0, 0.0, 0.0015822784810126582, 0.0015822784810126582, 0.003955696202531646, 0.0122626582278481, 0.01819620253164557, 0.037183544303797465, 0.056566455696202535, 0.09137658227848101, 0.1115506329113924, 0.127373417721519, 0.11511075949367089, 0.12579113924050633, 0.09375, 0.08425632911392406, 0.05063291139240506, 0.02610759493670886, 0.022943037974683545, 0.01305379746835443, 0.003560126582278481, 0.0031645569620253164, 0.0, 0.0, 0.0, 0.0, 0.0, 0.0, 0.0], [0.0, 0.00028312570781426955, 0.0, 0.0, 0.0, 0.0, 0.0005662514156285391, 0.0008493771234428086, 0.0033975084937712344, 0.00622876557191393, 0.01925254813137033, 0.027180067950169876, 0.04728199320498301, 0.079841449603624, 0.11268403171007928, 0.12684031710079274, 0.15741789354473387, 0.08493771234428087, 0.14439411098527746, 0.05889014722536806, 0.037089467723669306, 0.041336353340883356, 0.02349943374858437, 0.01274065685164213, 0.009626274065685165, 0.004530011325028313, 0.0011325028312570782, 0.0, 0.0, 0.0, 0.0, 0.0], [0.0, 0.0009541984732824427, 0.0009541984732824427, 0.0019083969465648854, 0.0028625954198473282, 0.0028625954198473282, 0.004770992366412214, 0.015267175572519083, 0.03721374045801527, 0.05248091603053435, 0.06679389312977099, 0.10114503816793893, 0.09637404580152671, 0.1269083969465649, 0.12786259541984732, 0.10305343511450382, 0.0868320610687023, 0.04961832061068702, 0.06583969465648855, 0.02480916030534351, 0.009541984732824428, 0.01812977099236641, 0.0019083969465648854, 0.0, 0.0019083969465648854, 0.0, 0.0, 0.0, 0.0, 0.0, 0.0, 0.0], [0.0, 0.0, 0.0, 0.0, 0.0, 0.0037174721189591076, 0.007434944237918215, 0.03717472118959108, 0.06319702602230483, 0.06691449814126393, 0.10408921933085502, 0.09293680297397769, 0.06691449814126393, 0.12267657992565056, 0.11524163568773234, 0.10780669144981413, 0.08921933085501858, 0.048327137546468404, 0.048327137546468404, 0.01486988847583643, 0.0, 0.007434944237918215, 0.0, 0.0, 0.0037174721189591076, 0.0, 0.0, 0.0, 0.0, 0.0, 0.0, 0.0], [0.00029850746268656717, 0.0, 0.0, 0.0, 0.0008955223880597015, 0.0023880597014925373, 0.005074626865671642, 0.00955223880597015, 0.015223880597014926, 0.029253731343283584, 0.05014925373134328, 0.07313432835820896, 0.10358208955223881, 0.1271641791044776, 0.14238805970149254, 0.12, 0.11253731343283582, 0.06238805970149254, 0.06955223880597015, 0.02746268656716418, 0.013134328358208954, 0.022686567164179106, 0.00626865671641791, 0.0029850746268656717, 0.0026865671641791043, 0.0008955223880597015, 0.00029850746268656717, 0.0, 0.0, 0.0, 0.0, 0.0], [0.0, 0.0, 0.0, 0.0, 0.0, 0.0005534034311012728, 0.002213613724405091, 0.002767017155506364, 0.00387382401770891, 0.020475926950747094, 0.026009961261759824, 0.043718871057000556, 0.061427780852241286, 0.08688433868289984, 0.11289429994465966, 0.12506917542888765, 0.14609850581073602, 0.08522412838959602, 0.10680686220254565, 0.0509131156613171, 0.02933038184836746, 0.03763143331488655, 0.024903154399557276, 0.008854454897620365, 0.01992252351964582, 0.004427227448810182, 0.0, 0.0, 0.0, 0.0, 0.0, 0.0], [0.0, 0.0, 0.0, 0.0, 0.0, 0.0004068348250610252, 0.0012205044751830757, 0.0016273393002441008, 0.005695687550854353, 0.013018714401952807, 0.022375915378356388, 0.038649308380797394, 0.06305939788445891, 0.11513425549227013, 0.14157851912123678, 0.13425549227013833, 0.14279902359641986, 0.07892595606183889, 0.10781122864117168, 0.04922701383238405, 0.03213995117982099, 0.02888527257933279, 0.013018714401952807, 0.003661513425549227, 0.003661513425549227, 0.0028478437754271765, 0.0, 0.0, 0.0, 0.0, 0.0, 0.0], [0.0, 0.0, 0.0, 0.0, 0.0, 0.0, 0.0007002801120448179, 0.003734827264239029, 0.00980392156862745, 0.022408963585434174, 0.045284780578898225, 0.05788982259570495, 0.09827264239028945, 0.12301587301587301, 0.12861811391223155, 0.12885154061624648, 0.13258636788048553, 0.08566760037348273, 0.07352941176470588, 0.03478057889822596, 0.023109243697478993, 0.01727357609710551, 0.010971055088702147, 0.0025676937441643324, 0.0009337068160597573, 0.0, 0.0, 0.0, 0.0, 0.0, 0.0, 0.0], [0.0, 0.0, 0.0, 0.0, 0.0006697923643670462, 0.0, 0.0, 0.0013395847287340924, 0.006697923643670462, 0.01406563965170797, 0.0361687876758205, 0.048894842598794376, 0.08640321500334897, 0.10850636302746149, 0.1319490957803081, 0.14266577361018085, 0.1346282652377763, 0.09243134628265237, 0.0709979906229069, 0.046215673141326186, 0.03014065639651708, 0.02679169457468185, 0.008707300736771601, 0.003348961821835231, 0.006697923643670462, 0.0026791694574681848, 0.0, 0.0, 0.0, 0.0, 0.0, 0.0], [0.0, 0.0, 0.0, 0.0, 0.0, 0.0008628127696289905, 0.0008628127696289905, 0.001725625539257981, 0.003882657463330457, 0.005176876617773943, 0.010785159620362382, 0.02286453839516825, 0.03796376186367558, 0.058671268334771355, 0.09361518550474547, 0.11691113028472822, 0.15142364106988784, 0.09577221742881795, 0.13848144952545297, 0.08283002588438308, 0.0457290767903365, 0.06945642795513374, 0.028904227782571183, 0.013373597929249352, 0.015962036238136326, 0.003882657463330457, 0.0008628127696289905, 0.0, 0.0, 0.0, 0.0, 0.0], [0.0, 0.0, 0.0, 0.0, 0.0, 0.0, 0.0, 0.0, 0.0031085604973696795, 0.010760401721664276, 0.020564323290291727, 0.044715447154471545, 0.0784313725490196, 0.11836441893830703, 0.13845050215208035, 0.12386417981826878, 0.13175514108082256, 0.08608321377331421, 0.10760401721664276, 0.04878048780487805, 0.028694404591104734, 0.032281205164992825, 0.014586322333811573, 0.005021520803443328, 0.005978000956480153, 0.0009564801530368245, 0.0, 0.0, 0.0, 0.0, 0.0, 0.0], [0.0, 0.0, 0.0, 0.0, 0.0, 0.0, 0.0004017677782241864, 0.0004017677782241864, 0.0008035355564483728, 0.0012053033346725592, 0.0036159100040176776, 0.00562474889513861, 0.06247488951386099, 0.14182402571313782, 0.17959019686621133, 0.1621132985134592, 0.1536761751707513, 0.07774206508638007, 0.1062675773402973, 0.0413820811570912, 0.02109280835676979, 0.023905182804339092, 0.008437123342707915, 0.004620329449578144, 0.0024106066693451184, 0.0024106066693451184, 0.0, 0.0, 0.0, 0.0, 0.0, 0.0], [0.0, 0.0, 0.0, 0.0, 0.0, 0.0, 0.00041562759767248546, 0.0008312551953449709, 0.0020781379883624274, 0.006650041562759767, 0.009559434746467166, 0.03283458021612635, 0.06920199501246883, 0.11346633416458853, 0.14380714879467996, 0.16105569409808812, 0.1701995012468828, 0.085619285120532, 0.11408977556109726, 0.0369908561928512, 0.020989193682460515, 0.02119700748129676, 0.004987531172069825, 0.0014546965918536992, 0.003740648379052369, 0.0008312551953449709, 0.0, 0.0, 0.0, 0.0, 0.0, 0.0], [0.0, 0.014492753623188406, 0.0, 0.0, 0.0, 0.043478260869565216, 0.043478260869565216, 0.07246376811594203, 0.13043478260869565, 0.10144927536231885, 0.10144927536231885, 0.028985507246376812, 0.07246376811594203, 0.028985507246376812, 0.08695652173913043, 0.07246376811594203, 0.028985507246376812, 0.10144927536231885, 0.057971014492753624, 0.0, 0.014492753623188406, 0.0, 0.0, 0.0, 0.0, 0.0, 0.0, 0.0, 0.0, 0.0, 0.0, 0.0]]}, "ranks": {"labels": ["Unranked", "Combatatent I", "Combatatent II", "Challenger I", "Challenger II", "Rival I", "Rival II", "Duelist", "Elite"], "data": [[0.23255813953488372, 0.20930232558139536, 0.2441860465116279, 0.1744186046511628, 0.06976744186046512, 0.06976744186046512, 0.0, 0.0, 0.0], [0.08191808191808192, 0.13186813186813187, 0.22777222777222778, 0.2547452547452547, 0.16883116883116883, 0.08491508491508491, 0.02097902097902098, 0.027972027972027972, 0.000999000999000999], [0.04164672091910005, 0.07611297271421733, 0.1919578745811393, 0.26232647199617043, 0.22546673049305888, 0.13547151747247488, 0.03207276208712303, 0.030636668262326472, 0.00430828147438966], [0.0491847099705961, 0.08045977011494253, 0.1702753274525528, 0.25634856990109595, 0.24726009088479017, 0.12429831595829992, 0.03581929965249933, 0.031542368350708366, 0.0048115477145148355], [0.29411764705882354, 0.14705882352941177, 0.14705882352941177, 0.0, 0.08823529411764706, 0.11764705882352941, 0.11764705882352941, 0.08823529411764706, 0.0], [0.022459165154264972, 0.06147912885662432, 0.16356624319419238, 0.2422867513611615, 0.24591651542649728, 0.13793103448275862, 0.04741379310344827, 0.06601633393829401, 0.01293103448275862], [0.08193548387096775, 0.13870967741935483, 0.2509677419354839, 0.22903225806451613, 0.15612903225806452, 0.06838709677419355, 0.025161290322580646, 0.03741935483870968, 0.012258064516129033], [0.46511627906976744, 0.23255813953488372, 0.16279069767441862, 0.08139534883720931, 0.046511627906976744, 0.011627906976744186, 0.0, 0.0, 0.0], [0.10655351249410655, 0.17491749174917492, 0.24563884959924565, 0.20980669495520982, 0.12942008486562942, 0.06553512494106553, 0.03253182461103253, 0.032767562470532766, 0.002828854314002829], [0.05138121546961326, 0.09226519337016574, 0.19337016574585636, 0.2558011049723757, 0.23425414364640884, 0.10773480662983426, 0.026519337016574586, 0.034806629834254144, 0.0038674033149171273], [0.08371119637251483, 0.17544471573072898, 0.23474014649459365, 0.23892570631321938, 0.1423090338332752, 0.06975933031042902, 0.027206138821067316, 0.024066968957098013, 0.0038367631670735963], [0.04363057324840764, 0.09076433121019108, 0.1751592356687898, 0.2659235668789809, 0.23439490445859873, 0.11751592356687898, 0.03089171974522293, 0.03694267515923567, 0.004777070063694267], [0.0675632404739033, 0.13096381684277938, 0.2308677553634326, 0.2568043547870637, 0.17963496637848222, 0.08101184758245276, 0.0281780339417227, 0.019532500800512328, 0.005443483829650976], [0.010248901903367497, 0.05417276720351391, 0.1371400683260127, 0.24548560273304051, 0.28013665202537824, 0.1581259150805271, 0.054660810151293315, 0.0527086383601757, 0.007320644216691069], [0.06679389312977099, 0.16412213740458015, 0.2366412213740458, 0.19274809160305342, 0.16793893129770993, 0.08206106870229007, 0.04198473282442748, 0.03435114503816794, 0.013358778625954198], [0.041145623235175476, 0.08430818878580072, 0.1980637353771682, 0.2755143202904397, 0.21661960467930616, 0.10851149657119806, 0.03428801936264623, 0.035498184751916094, 0.0060508269463493344], [0.06072874493927125, 0.14018218623481782, 0.23785425101214575, 0.24595141700404857, 0.18572874493927125, 0.0895748987854251, 0.01568825910931174, 0.020748987854251014, 0.00354251012145749], [0.18181818181818182, 0.22727272727272727, 0.18181818181818182, 0.13636363636363635, 0.13636363636363635, 0.045454545454545456, 0.045454545454545456, 0.045454545454545456, 0.0], [0.001938819474364498, 0.05084015510555795, 0.15725980180956484, 0.24795346833261525, 0.24967686342093925, 0.14842740198190435, 0.06548901335631194, 0.07302886686772943, 0.005385609651012494], [0.018782014797951052, 0.06488332384746727, 0.1531018782014798, 0.2532726237905521, 0.2532726237905521, 0.1400113830392715, 0.040409789413773475, 0.06033010813887308, 0.01593625498007968], [0.07380073800738007, 0.16051660516605165, 0.24760147601476015, 0.25387453874538746, 0.15682656826568267, 0.06789667896678966, 0.021402214022140223, 0.01734317343173432, 0.0007380073800738007], [0.030508474576271188, 0.05084745762711865, 0.25084745762711863, 0.2983050847457627, 0.2745762711864407, 0.07796610169491526, 0.01694915254237288, 0.0, 0.0], [0.0019634792852935403, 0.005497741998821913, 0.016296878067936383, 0.31396033771843707, 0.32181425485961124, 0.205772629098763, 0.05968977027292362, 0.06420577262909877, 0.01079913606911447], [0.0030383592859855677, 0.009115077857956703, 0.021458412457273073, 0.3019369540448158, 0.39726547664261297, 0.1805924800607672, 0.05601974933535891, 0.029434105582985187, 0.001139384732244588], [0.03757911392405063, 0.09375, 0.20292721518987342, 0.24248417721518986, 0.21954113924050633, 0.11352848101265822, 0.04746835443037975, 0.03955696202531646, 0.0031645569620253164], [0.011325028312570781, 0.0464326160815402, 0.12712344280860702, 0.23952434881087203, 0.24235560588901472, 0.1763873159682899, 0.06398640996602492, 0.07757644394110985, 0.015288788221970554], [0.11927480916030535, 0.16793893129770993, 0.22328244274809161, 0.23091603053435114, 0.1364503816793893, 0.07729007633587787, 0.022900763358778626, 0.020038167938931296, 0.0019083969465648854], [0.17843866171003717, 0.1970260223048327, 0.1895910780669145, 0.22304832713754646, 0.137546468401487, 0.05947955390334572, 0.0037174721189591076, 0.007434944237918215, 0.0037174721189591076], [0.0626865671641791, 0.12328358208955224, 0.2307462686567164, 0.26238805970149254, 0.17492537313432835, 0.08656716417910448, 0.023582089552238807, 0.03194029850746269, 0.003880597014925373], [0.029883785279468732, 0.06972883231876037, 0.14831211953514112, 0.2379634753735473, 0.23132263420033206, 0.1322634200332042, 0.05478693967902601, 0.07138904261206419, 0.024349750968456003], [0.021969080553295363, 0.061025223759153785, 0.17819365337672904, 0.2758340113913751, 0.22172497965825874, 0.14076484947111473, 0.048413344182262, 0.045565500406834825, 0.006509357200976403], [0.03664799253034547, 0.10317460317460317, 0.22128851540616246, 0.25746965452847803, 0.21825396825396826, 0.09570494864612512, 0.03571428571428571, 0.03081232492997199, 0.0009337068160597573], [0.02277294038847957, 0.08506363027461487, 0.19490957803081044, 0.27461486939048896, 0.22705961152042867, 0.0971198928332217, 0.05023442732752847, 0.03884795713328868, 0.009377093101138647], [0.012510785159620362, 0.03364969801553063, 0.09663503019844694, 0.21052631578947367, 0.2471958584987058, 0.18464193270060397, 0.08239861949956859, 0.11173425366695428, 0.02070750647109577], [0.013868962219033954, 0.06527977044476327, 0.19679579148732665, 0.26231468197034913, 0.21783835485413677, 0.13414634146341464, 0.050932568149210905, 0.05188904830224773, 0.006934481109516977], [0.002812374447569305, 0.009240658899156288, 0.2042989152269988, 0.34170349537967054, 0.23141824025713137, 0.1275612695861792, 0.04118119726797911, 0.03696263559662515, 0.004821213338690237], [0.00997506234413965, 0.04239401496259352, 0.18266832917705736, 0.3048628428927681, 0.2558187863674148, 0.13487115544472153, 0.03719866999168745, 0.027639235245220283, 0.00457190357439734], [0.4057971014492754, 0.13043478260869565, 0.10144927536231885, 0.15942028985507245, 0.13043478260869565, 0.057971014492753624, 0.014492753623188406, 0.0, 0.0]]}, "ranksDetailed": {"labels": ["Unranked", "Combatatant", "Challenger", "Rival", "Duelist", "Elite"], "data": [[0.23255813953488372, 0.45348837209302323, 0.2441860465116279, 0.06976744186046512, 0.0, 0.0], [0.08191808191808192, 0.3596403596403596, 0.42357642357642356, 0.10589410589410589, 0.027972027972027972, 0.000999000999000999], [0.04164672091910005, 0.26807084729535663, 0.4877932024892293, 0.1675442795595979, 0.030636668262326472, 0.00430828147438966], [0.0491847099705961, 0.25073509756749535, 0.5036086607858862, 0.16011761561079926, 0.031542368350708366, 0.0048115477145148355], [0.29411764705882354, 0.29411764705882354, 0.08823529411764706, 0.23529411764705882, 0.08823529411764706, 0.0], [0.022459165154264972, 0.2250453720508167, 0.4882032667876588, 0.1853448275862069, 0.06601633393829401, 0.01293103448275862], [0.08193548387096775, 0.3896774193548387, 0.3851612903225806, 0.0935483870967742, 0.03741935483870968, 0.012258064516129033], [0.46511627906976744, 0.3953488372093023, 0.12790697674418605, 0.011627906976744186, 0.0, 0.0], [0.10655351249410655, 0.42055634134842057, 0.3392267798208392, 0.09806694955209806, 0.032767562470532766, 0.002828854314002829], [0.05138121546961326, 0.2856353591160221, 0.4900552486187845, 0.13425414364640884, 0.034806629834254144, 0.0038674033149171273], [0.08371119637251483, 0.41018486222532263, 0.3812347401464946, 0.09696546913149634, 0.024066968957098013, 0.0038367631670735963], [0.04363057324840764, 0.2659235668789809, 0.5003184713375797, 0.1484076433121019, 0.03694267515923567, 0.004777070063694267], [0.0675632404739033, 0.361831572206212, 0.43643932116554596, 0.10918988152417547, 0.019532500800512328, 0.005443483829650976], [0.010248901903367497, 0.1913128355295266, 0.5256222547584187, 0.2127867252318204, 0.0527086383601757, 0.007320644216691069], [0.06679389312977099, 0.40076335877862596, 0.3606870229007634, 0.12404580152671756, 0.03435114503816794, 0.013358778625954198], [0.041145623235175476, 0.2823719241629689, 0.49213392496974584, 0.1427995159338443, 0.035498184751916094, 0.0060508269463493344], [0.06072874493927125, 0.37803643724696356, 0.4316801619433198, 0.10526315789473684, 0.020748987854251014, 0.00354251012145749], [0.18181818181818182, 0.4090909090909091, 0.2727272727272727, 0.09090909090909091, 0.045454545454545456, 0.0], [0.001938819474364498, 0.20809995691512279, 0.4976303317535545, 0.2139164153382163, 0.07302886686772943, 0.005385609651012494], [0.018782014797951052, 0.21798520204894706, 0.5065452475811042, 0.18042117245304495, 0.06033010813887308, 0.01593625498007968], [0.07380073800738007, 0.40811808118081183, 0.4107011070110701, 0.08929889298892989, 0.01734317343173432, 0.0007380073800738007], [0.030508474576271188, 0.3016949152542373, 0.5728813559322034, 0.09491525423728814, 0.0, 0.0], [0.0019634792852935403, 0.021794620066758294, 0.6357745925780482, 0.26546239937168664, 0.06420577262909877, 0.01079913606911447], [0.0030383592859855677, 0.030573490315229775, 0.6992024306874288, 0.23661222939612608, 0.029434105582985187, 0.001139384732244588], [0.03757911392405063, 0.29667721518987344, 0.4620253164556962, 0.16099683544303797, 0.03955696202531646, 0.0031645569620253164], [0.011325028312570781, 0.17355605889014722, 0.48187995469988676, 0.24037372593431483, 0.07757644394110985, 0.015288788221970554], [0.11927480916030535, 0.39122137404580154, 0.36736641221374045, 0.10019083969465649, 0.020038167938931296, 0.0019083969465648854], [0.17843866171003717, 0.38661710037174724, 0.36059479553903345, 0.06319702602230483, 0.007434944237918215, 0.0037174721189591076], [0.0626865671641791, 0.35402985074626864, 0.4373134328358209, 0.11014925373134328, 0.03194029850746269, 0.003880597014925373], [0.029883785279468732, 0.2180409518539015, 0.46928610957387934, 0.18705035971223022, 0.07138904261206419, 0.024349750968456003], [0.021969080553295363, 0.23921887713588283, 0.49755899104963386, 0.18917819365337674, 0.045565500406834825, 0.006509357200976403], [0.03664799253034547, 0.32446311858076565, 0.4757236227824463, 0.13141923436041084, 0.03081232492997199, 0.0009337068160597573], [0.02277294038847957, 0.2799732083054253, 0.5016744809109176, 0.14735432016075017, 0.03884795713328868, 0.009377093101138647], [0.012510785159620362, 0.13028472821397757, 0.45772217428817946, 0.2670405522001726, 0.11173425366695428, 0.02070750647109577], [0.013868962219033954, 0.2620755619320899, 0.4801530368244859, 0.18507890961262555, 0.05188904830224773, 0.006934481109516977], [0.002812374447569305, 0.2135395741261551, 0.5731217356368019, 0.1687424668541583, 0.03696263559662515, 0.004821213338690237], [0.00997506234413965, 0.22506234413965087, 0.5606816292601828, 0.17206982543640897, 0.027639235245220283, 0.00457190357439734], [0.4057971014492754, 0.2318840579710145, 0.2898550724637681, 0.07246376811594203, 0.0, 0.0]]}}}, "eu": {"histType": {"histogram": {"labels": ["0", "100", "200", "300", "400", "500", "600", "700", "800", "900", "1000", "1100", "1200", "1300", "1400", "1500", "1600", "1700", "1800", "1900", "2000", "2100", "2200", "2300", "2400", "2500", "2600", "2700", "2800", "2900", "3000", "3100"], "data": [[0.0, 0.0, 0.0, 0.0, 0.0, 0.014925373134328358, 0.04477611940298507, 0.04477611940298507, 0.07462686567164178, 0.08955223880597014, 0.07462686567164178, 0.13432835820895522, 0.1044776119402985, 0.13432835820895522, 0.04477611940298507, 0.08955223880597014, 0.04477611940298507, 0.014925373134328358, 0.05970149253731343, 0.014925373134328358, 0.014925373134328358, 0.0, 0.0, 0.0, 0.0, 0.0, 0.0, 0.0, 0.0, 0.0, 0.0, 0.0], [0.0010615711252653928, 0.0, 0.0, 0.0010615711252653928, 0.0010615711252653928, 0.0010615711252653928, 0.006369426751592357, 0.009554140127388535, 0.02653927813163482, 0.03821656050955414, 0.06263269639065817, 0.09766454352441614, 0.1040339702760085, 0.13800424628450106, 0.1337579617834395, 0.11995753715498939, 0.1029723991507431, 0.04670912951167728, 0.05307855626326964, 0.024416135881104035, 0.010615711252653927, 0.014861995753715499, 0.005307855626326964, 0.0010615711252653928, 0.0, 0.0, 0.0, 0.0, 0.0, 0.0, 0.0, 0.0], [0.0, 0.0, 0.0, 0.0, 0.0016146393972012918, 0.0005382131324004305, 0.0016146393972012918, 0.006996770721205597, 0.015608180839612486, 0.022066738428417654, 0.040365984930032295, 0.05597416576964478, 0.08719052744886975, 0.10495156081808396, 0.13885898815931108, 0.12970936490850377, 0.155005382131324, 0.06942949407965554, 0.10118406889128095, 0.02744886975242196, 0.012917115177610334, 0.01991388589881593, 0.004843918191603875, 0.0032292787944025836, 0.0005382131324004305, 0.0, 0.0, 0.0, 0.0, 0.0, 0.0, 0.0], [0.0, 0.0, 0.0, 0.0, 0.00047080979284369113, 0.00023540489642184556, 0.00211864406779661, 0.007532956685499058, 0.01224105461393597, 0.0185969868173258, 0.038135593220338986, 0.049670433145009414, 0.07721280602636535, 0.09769303201506592, 0.1245291902071563, 0.13135593220338984, 0.14548022598870056, 0.10145951035781545, 0.09628060263653485, 0.039077212806026364, 0.02071563088512241, 0.019538606403013182, 0.007768361581920904, 0.003766478342749529, 0.004472693032015066, 0.0009416195856873823, 0.0007062146892655367, 0.0, 0.0, 0.0, 0.0, 0.0], [0.0, 0.0, 0.0, 0.0, 0.0, 0.02702702702702703, 0.05405405405405406, 0.08108108108108109, 0.08108108108108109, 0.02702702702702703, 0.13513513513513514, 0.13513513513513514, 0.0, 0.08108108108108109, 0.10810810810810811, 0.05405405405405406, 0.08108108108108109, 0.05405405405405406, 0.0, 0.05405405405405406, 0.0, 0.0, 0.0, 0.02702702702702703, 0.0, 0.0, 0.0, 0.0, 0.0, 0.0, 0.0, 0.0], [0.0, 0.0004341219882787063, 0.00021706099413935315, 0.00021706099413935315, 0.0006511829824180595, 0.0004341219882787063, 0.0008682439765574126, 0.0034729759062296505, 0.004992402865205123, 0.01302365964836119, 0.0240937703494682, 0.03603212502713263, 0.062296505317994355, 0.0959409594095941, 0.11699587584111135, 0.1102669850227914, 0.13370957238984155, 0.09442153245061863, 0.11547644888213587, 0.05773822444106794, 0.03928803993922292, 0.04384632081614934, 0.020837855437377904, 0.008465378771434773, 0.009767744736270892, 0.003907097894508357, 0.0019535489472541786, 0.0006511829824180595, 0.0, 0.0, 0.0, 0.0], [0.0, 0.0, 0.0011494252873563218, 0.0017241379310344827, 0.0017241379310344827, 0.0034482758620689655, 0.0034482758620689655, 0.01206896551724138, 0.03333333333333333, 0.04080459770114943, 0.06551724137931035, 0.07758620689655173, 0.10574712643678161, 0.1206896551724138, 0.10114942528735632, 0.10114942528735632, 0.09770114942528736, 0.05747126436781609, 0.05919540229885058, 0.028160919540229885, 0.020114942528735632, 0.027011494252873563, 0.016666666666666666, 0.006896551724137931, 0.005747126436781609, 0.005747126436781609, 0.005747126436781609, 0.0, 0.0, 0.0, 0.0, 0.0], [0.0, 0.0, 0.0, 0.0, 0.01818181818181818, 0.01818181818181818, 0.0, 0.14545454545454545, 0.09090909090909091, 0.05454545454545454, 0.14545454545454545, 0.07272727272727272, 0.09090909090909091, 0.12727272727272726, 0.03636363636363636, 0.10909090909090909, 0.09090909090909091, 0.0, 0.0, 0.0, 0.0, 0.0, 0.0, 0.0, 0.0, 0.0, 0.0, 0.0, 0.0, 0.0, 0.0, 0.0], [0.0, 0.00022836263987211693, 0.00045672527974423386, 0.00045672527974423386, 0.00022836263987211693, 0.0006850879196163508, 0.0031970769582096367, 0.015757022151176067, 0.03425439598081754, 0.05206668189084266, 0.08106873715460151, 0.09956611098424298, 0.12559945192966432, 0.11829184745375657, 0.10139301210321991, 0.0943137702671843, 0.08038364923498516, 0.051838319250970544, 0.05023978077186572, 0.02763187942452615, 0.02215117606759534, 0.018725736469513588, 0.010047956154373145, 0.007307604475907742, 0.003425439598081754, 0.0006850879196163508, 0.0, 0.0, 0.0, 0.0, 0.0, 0.0], [0.0, 0.0, 0.0, 0.0, 0.0, 0.000715307582260372, 0.001430615164520744, 0.007868383404864092, 0.011444921316165951, 0.02503576537911302, 0.046494992846924176, 0.05221745350500715, 0.07439198855507868, 0.11945636623748211, 0.14091559370529327, 0.11802575107296137, 0.14449213161659513, 0.06723891273247497, 0.09513590844062947, 0.029327610872675252, 0.023605150214592276, 0.024320457796852647, 0.008583690987124463, 0.005007153075822604, 0.00357653791130186, 0.000715307582260372, 0.0, 0.0, 0.0, 0.0, 0.0, 0.0], [0.0004306632213608958, 0.0, 0.0, 0.0, 0.0012919896640826874, 0.002153316106804479, 0.0034453057708871662, 0.010766580534022395, 0.02627045650301464, 0.046511627906976744, 0.06244616709732989, 0.09302325581395349, 0.1227390180878553, 0.11584840654608096, 0.11757105943152454, 0.09603789836347976, 0.09388458225667529, 0.056847545219638244, 0.05598621877691645, 0.03488372093023256, 0.019810508182601206, 0.01937984496124031, 0.011627906976744186, 0.0034453057708871662, 0.004306632213608958, 0.0012919896640826874, 0.0, 0.0, 0.0, 0.0, 0.0, 0.0], [0.0, 0.0, 0.0, 0.00034083162917518747, 0.0010224948875255625, 0.0010224948875255625, 0.002044989775051125, 0.004430811179277437, 0.013974096796182686, 0.02794819359236537, 0.0354464894342195, 0.05248807089297887, 0.08043626448534424, 0.09645535105657806, 0.11792774369461487, 0.1250852079072938, 0.1359918200408998, 0.09372869802317656, 0.10088616223585549, 0.047716428084526245, 0.02283571915473756, 0.022154055896387186, 0.010565780504430812, 0.0017041581458759373, 0.003067484662576687, 0.0017041581458759373, 0.00034083162917518747, 0.00034083162917518747, 0.0, 0.0, 0.00034083162917518747, 0.0], [0.0, 0.0, 0.0, 0.0007980845969672786, 0.0003990422984836393, 0.0007980845969672786, 0.0023942537909018356, 0.011971268954509178, 0.02274541101356744, 0.029529130087789304, 0.061452513966480445, 0.07462090981644054, 0.10933758978451716, 0.12490023942537909, 0.1300877893056664, 0.11811652035115722, 0.10295291300877893, 0.06264964086193137, 0.06943335993615324, 0.030726256983240222, 0.017158818834796488, 0.013567438148443736, 0.007182761372705506, 0.002793296089385475, 0.0031923383878691143, 0.0015961691939345571, 0.0015961691939345571, 0.0, 0.0, 0.0, 0.0, 0.0], [0.0, 0.0, 0.0, 0.0, 0.0, 0.0, 0.0008968609865470852, 0.0013452914798206279, 0.0053811659192825115, 0.009417040358744395, 0.017040358744394617, 0.027354260089686097, 0.059192825112107626, 0.07847533632286996, 0.1251121076233184, 0.14080717488789238, 0.15739910313901345, 0.11883408071748879, 0.10358744394618834, 0.053811659192825115, 0.03497757847533632, 0.03991031390134529, 0.012556053811659192, 0.006278026905829596, 0.0053811659192825115, 0.0013452914798206279, 0.0004484304932735426, 0.0004484304932735426, 0.0, 0.0, 0.0, 0.0], [0.0, 0.0, 0.0022371364653243847, 0.0, 0.0, 0.0022371364653243847, 0.008948545861297539, 0.013422818791946308, 0.029082774049217, 0.03803131991051454, 0.058165548098434, 0.0738255033557047, 0.08053691275167785, 0.11409395973154363, 0.13646532438478748, 0.0738255033557047, 0.09619686800894854, 0.08501118568232663, 0.08277404921700224, 0.040268456375838924, 0.013422818791946308, 0.013422818791946308, 0.013422818791946308, 0.008948545861297539, 0.015659955257270694, 0.0, 0.0, 0.0, 0.0, 0.0, 0.0, 0.0], [0.0, 0.0, 0.0, 0.00039032006245121, 0.00039032006245121, 0.00117096018735363, 0.00195160031225605, 0.00897736143637783, 0.01131928181108509, 0.023809523809523808, 0.03434816549570648, 0.06167056986729118, 0.07298985167837627, 0.11553473848555816, 0.13387978142076504, 0.11124121779859485, 0.13466042154566746, 0.08196721311475409, 0.08274785323965651, 0.04137392661982826, 0.02849336455893833, 0.023809523809523808, 0.01092896174863388, 0.00585480093676815, 0.00819672131147541, 0.0027322404371584