{"region": {"us": {"histType": {"histogram": {"labels": ["0", "100", "200", "300", "400", "500", "600", "700", "800", "900", "1000", "1100", "1200", "1300", "1400", "1500", "1600", "1700", "1800", "1900", "2000", "2100", "2200", "2300", "2400", "2500", "2600", "2700", "2800", "2900", "3000", "3100"], "data": [[0.0, 0.0, 0.024390243902439025, 0.0, 0.0, 0.012195121951219513, 0.024390243902439025, 0.012195121951219513, 0.12195121951219512, 0.07317073170731707, 0.06097560975609756, 0.13414634146341464, 0.07317073170731707, 0.14634146341463414, 0.14634146341463414, 0.024390243902439025, 0.06097560975609756, 0.012195121951219513, 0.07317073170731707, 0.0, 0.0, 0.0, 0.0, 0.0, 0.0, 0.0, 0.0, 0.0, 0.0, 0.0, 0.0, 0.0], [0.0, 0.0020898641588296763, 0.0, 0.0010449320794148381, 0.0010449320794148381, 0.0, 0.00522466039707419, 0.01567398119122257, 0.017763845350052248, 0.03761755485893417, 0.05642633228840126, 0.07210031347962383, 0.11180773249738767, 0.12225705329153605, 0.15569487983281086, 0.10031347962382445, 0.10031347962382445, 0.06687565308254964, 0.07523510971786834, 0.019853709508881923, 0.01044932079414838, 0.014629049111807733, 0.009404388714733543, 0.003134796238244514, 0.0010449320794148381, 0.0, 0.0, 0.0, 0.0, 0.0, 0.0, 0.0], [0.0, 0.0, 0.0, 0.0, 0.0004950495049504951, 0.0004950495049504951, 0.0014851485148514852, 0.0029702970297029703, 0.01485148514851485, 0.019801980198019802, 0.02821782178217822, 0.05198019801980198, 0.08514851485148515, 0.11633663366336634, 0.12871287128712872, 0.13663366336633664, 0.13811881188118813, 0.08415841584158416, 0.10594059405940594, 0.03415841584158416, 0.01782178217821782, 0.018316831683168316, 0.009405940594059406, 0.0029702970297029703, 0.0019801980198019802, 0.0, 0.0, 0.0, 0.0, 0.0, 0.0, 0.0], [0.0, 0.0002794076557697681, 0.0, 0.0, 0.0002794076557697681, 0.0008382229673093043, 0.003352891869237217, 0.006146968426934898, 0.014249790444258172, 0.024029058396200054, 0.04219055602123498, 0.04051411008661637, 0.08046940486169321, 0.10002794076557697, 0.12377759150600727, 0.12796870634255378, 0.1531153953618329, 0.09583682592903045, 0.0972338642078793, 0.036881810561609385, 0.018720312936574463, 0.02039675887119307, 0.006146968426934898, 0.004191114836546521, 0.0019558535903883767, 0.0013970382788488405, 0.0, 0.0, 0.0, 0.0, 0.0, 0.0], [0.0, 0.0, 0.0, 0.0, 0.0, 0.0, 0.0, 0.0967741935483871, 0.0967741935483871, 0.06451612903225806, 0.06451612903225806, 0.12903225806451613, 0.0, 0.0967741935483871, 0.0, 0.03225806451612903, 0.06451612903225806, 0.06451612903225806, 0.0967741935483871, 0.0967741935483871, 0.03225806451612903, 0.03225806451612903, 0.0, 0.03225806451612903, 0.0, 0.0, 0.0, 0.0, 0.0, 0.0, 0.0, 0.0], [0.0, 0.0, 0.0, 0.0, 0.0, 0.0, 0.0006934812760055479, 0.0036985668053629217, 0.005085529357374018, 0.017105871474803514, 0.025427646786870088, 0.03906611188164586, 0.07027276930189552, 0.09408229311141933, 0.12020342117429496, 0.12413314840499307, 0.1463245492371706, 0.09639389736477115, 0.10564031437817846, 0.05062413314840499, 0.028663892741562644, 0.03814147018030513, 0.015487748497457236, 0.006934812760055479, 0.008321775312066574, 0.0034674063800277394, 0.0002311604253351826, 0.0, 0.0, 0.0, 0.0, 0.0], [0.0, 0.0, 0.0, 0.0013395847287340924, 0.0020093770931011385, 0.0026791694574681848, 0.0053583389149363695, 0.012056262558606833, 0.02478231748158071, 0.03750837240455459, 0.05961152042866711, 0.08171466845277964, 0.10917615539182854, 0.13395847287340926, 0.1319490957803081, 0.10046885465505694, 0.09778968519758875, 0.06296048225050234, 0.047555257870060284, 0.025452109845947757, 0.01406563965170797, 0.017414601473543203, 0.01406563965170797, 0.007367716008037508, 0.007367716008037508, 0.0020093770931011385, 0.0013395847287340924, 0.0, 0.0, 0.0, 0.0, 0.0], [0.0, 0.0, 0.011764705882352941, 0.011764705882352941, 0.011764705882352941, 0.0, 0.03529411764705882, 0.11764705882352941, 0.15294117647058825, 0.12941176470588237, 0.10588235294117647, 0.11764705882352941, 0.10588235294117647, 0.07058823529411765, 0.047058823529411764, 0.023529411764705882, 0.011764705882352941, 0.03529411764705882, 0.011764705882352941, 0.0, 0.0, 0.0, 0.0, 0.0, 0.0, 0.0, 0.0, 0.0, 0.0, 0.0, 0.0, 0.0], [0.0004769854519437157, 0.00023849272597185786, 0.0011924636298592892, 0.0007154781779155736, 0.001669449081803005, 0.004292869067493442, 0.007154781779155735, 0.01335559265442404, 0.027188170760791795, 0.060577152396851894, 0.07607917958502265, 0.09778201764846173, 0.11924636298592893, 0.12997853565466252, 0.11948485571190079, 0.08681135225375626, 0.07703315048891009, 0.045313617934652994, 0.049606487002146434, 0.027665156212735513, 0.0197948962556642, 0.018840925351776772, 0.01001669449081803, 0.0028619127116622945, 0.001669449081803005, 0.0007154781779155736, 0.00023849272597185786, 0.0, 0.0, 0.0, 0.0, 0.0], [0.0, 0.0, 0.0, 0.0, 0.0, 0.0005717552887364208, 0.005717552887364208, 0.005145797598627788, 0.015437392795883362, 0.025728987993138937, 0.038307604345340196, 0.0548885077186964, 0.08004574042309891, 0.1183533447684391, 0.12578616352201258, 0.13093196112064037, 0.15494568324757005, 0.08118925100057175, 0.08004574042309891, 0.032590051457975985, 0.011435105774728416, 0.023441966838193252, 0.007432818753573471, 0.005145797598627788, 0.002858776443682104, 0.0, 0.0, 0.0, 0.0, 0.0, 0.0, 0.0], [0.0003641660597232338, 0.0, 0.0007283321194464676, 0.0010924981791697013, 0.0014566642388929353, 0.0032774945375091042, 0.006919155134741442, 0.009832483612527313, 0.022578295702840496, 0.04406409322651129, 0.08703568827385287, 0.08667152221412965, 0.11762563729060452, 0.12345229424617625, 0.13801893663510562, 0.10087399854333576, 0.08849235251274581, 0.0506190823015295, 0.052075746540422435, 0.024399126001456665, 0.013474144209759651, 0.012017479970866714, 0.008375819373634377, 0.0032774945375091042, 0.0025491624180626364, 0.0007283321194464676, 0.0, 0.0, 0.0, 0.0, 0.0, 0.0], [0.0, 0.0, 0.0, 0.0, 0.0003202049311559398, 0.0009606147934678194, 0.002881844380403458, 0.006083893691962856, 0.012167787383925712, 0.022094140249759846, 0.03522254242715338, 0.05859750240153699, 0.07620877361511368, 0.09510086455331412, 0.13928914505283382, 0.12904258725584375, 0.15337816202369517, 0.08101184758245276, 0.09798270893371758, 0.03522254242715338, 0.01472942683317323, 0.022734550112071726, 0.008645533141210375, 0.004162664105027218, 0.004162664105027218, 0.0, 0.0, 0.0, 0.0, 0.0, 0.0, 0.0], [0.0, 0.0, 0.0, 0.0006657789613848203, 0.00033288948069241014, 0.0016644474034620505, 0.0036617842876165113, 0.005992010652463382, 0.017976031957390146, 0.04161118508655127, 0.06391478029294274, 0.08055925432756325, 0.09720372836218376, 0.13548601864181092, 0.14314247669773636, 0.11251664447403462, 0.11151797603195739, 0.05858854860186418, 0.06424766977363515, 0.02463382157123835, 0.012316910785619174, 0.010985352862849533, 0.0063249001331557924, 0.002996005326231691, 0.0019973368841544607, 0.0016644474034620505, 0.0, 0.0, 0.0, 0.0, 0.0, 0.0], [0.0, 0.0, 0.0, 0.0, 0.0, 0.0, 0.0, 0.0020191822311963654, 0.0035335689045936395, 0.005047955577990914, 0.02271580010095911, 0.031297324583543666, 0.05956587582029278, 0.08480565371024736, 0.11408379606259465, 0.12771327612317013, 0.17566885411408378, 0.10954063604240283, 0.11509338717819283, 0.057041898031297326, 0.03685007571933367, 0.03230691569914185, 0.01110550227158001, 0.005552751135790005, 0.004038364462392731, 0.0020191822311963654, 0.0, 0.0, 0.0, 0.0, 0.0, 0.0], [0.0, 0.0, 0.0, 0.0, 0.0019723865877712033, 0.0, 0.0, 0.009861932938856016, 0.021696252465483234, 0.03550295857988166, 0.0631163708086785, 0.09467455621301775, 0.11637080867850098, 0.1203155818540434, 0.09270216962524655, 0.10059171597633136, 0.10453648915187377, 0.07100591715976332, 0.0631163708086785, 0.03550295857988166, 0.021696252465483234, 0.013806706114398421, 0.011834319526627219, 0.007889546351084813, 0.013806706114398421, 0.0, 0.0, 0.0, 0.0, 0.0, 0.0, 0.0], [0.00041718815185648727, 0.0, 0.00041718815185648727, 0.0, 0.0008343763037129745, 0.0008343763037129745, 0.001668752607425949, 0.0070921985815602835, 0.010012515644555695, 0.0196078431372549, 0.03546099290780142, 0.05089695452649145, 0.08760951188986232, 0.11013767209011265, 0.14685022945348353, 0.13183145598664997, 0.13266583229036297, 0.08176887776387151, 0.08677513558614935, 0.037129745515227366, 0.01877346683354193, 0.02252816020025031, 0.006675010429703796, 0.004171881518564873, 0.0037546933667083854, 0.0020859407592824365, 0.0, 0.0, 0.0, 0.0, 0.0, 0.0], [0.0, 0.0, 0.0, 0.0, 0.0010346611484738748, 0.0010346611484738748, 0.0036213140196585617, 0.008794619762027936, 0.01758923952405587, 0.030522503879979308, 0.06414899120538024, 0.07863424728401448, 0.10760475944128298, 0.13605794102431454, 0.13450594930160373, 0.10915675116399379, 0.12002069322296947, 0.06311433005690636, 0.07242628039317124, 0.02017589239524056, 0.010863942058975685, 0.01189860320744956, 0.004138644593895499, 0.0015519917227108122, 0.0015519917227108122, 0.0015519917227108122, 0.0, 0.0, 0.0, 0.0, 0.0, 0.0], [0.0, 0.0, 0.0, 0.0, 0.0, 0.0, 0.0, 0.0, 0.047619047619047616, 0.14285714285714285, 0.047619047619047616, 0.19047619047619047, 0.09523809523809523, 0.047619047619047616, 0.14285714285714285, 0.09523809523809523, 0.047619047619047616, 0.0, 0.047619047619047616, 0.047619047619047616, 0.047619047619047616, 0.0, 0.0, 0.0, 0.0, 0.0, 0.0, 0.0, 0.0, 0.0, 0.0, 0.0], [0.00021034917963819942, 0.00021034917963819942, 0.0, 0.0, 0.00021034917963819942, 0.0, 0.0008413967185527977, 0.0018931426167437947, 0.006100126209507783, 0.011569204880100967, 0.026293647454774926, 0.037442153975599496, 0.06604964240639462, 0.09108119478334034, 0.11358855700462768, 0.12557846024400504, 0.14640302902818678, 0.09655027345393354, 0.1060159865376525, 0.06226335717290703, 0.034917963819941104, 0.04459402608329827, 0.01724863273033235, 0.006520824568784182, 0.004417332772402188, 0.0, 0.0, 0.0, 0.0, 0.0, 0.0, 0.0], [0.0, 0.0, 0.0, 0.0005906674542232723, 0.0, 0.0, 0.0035440047253396337, 0.002362669816893089, 0.004725339633786178, 0.01004134672179563, 0.027170702894270527, 0.03721204961606615, 0.06674542232722977, 0.08860011813349085, 0.13290017720023628, 0.1299468399291199, 0.1494388659184879, 0.09509746012994684, 0.10927347903130538, 0.0448907265209687, 0.027170702894270527, 0.0318960425280567, 0.01535735380980508, 0.009450679267572357, 0.01004134672179563, 0.0035440047253396337, 0.0, 0.0, 0.0, 0.0, 0.0, 0.0], [0.0003853564547206166, 0.0, 0.0003853564547206166, 0.0011560693641618498, 0.002697495183044316, 0.0038535645472061657, 0.0038535645472061657, 0.012716763005780347, 0.019653179190751446, 0.03275529865125241, 0.07129094412331406, 0.09210019267822736, 0.11560693641618497, 0.1464354527938343, 0.13102119460500963, 0.10867052023121387, 0.1048169556840077, 0.047398843930635835, 0.05433526011560694, 0.020809248554913295, 0.015028901734104046, 0.008863198458574181, 0.005394990366088632, 0.0003853564547206166, 0.0003853564547206166, 0.0, 0.0, 0.0, 0.0, 0.0, 0.0, 0.0], [0.0, 0.0, 0.0, 0.0, 0.0, 0.0034965034965034965, 0.0, 0.0034965034965034965, 0.013986013986013986, 0.006993006993006993, 0.013986013986013986, 0.038461538461538464, 0.09090909090909091, 0.15384615384615385, 0.17132867132867133, 0.12937062937062938, 0.1958041958041958, 0.08391608391608392, 0.055944055944055944, 0.03496503496503497, 0.0034965034965034965, 0.0, 0.0, 0.0, 0.0, 0.0, 0.0, 0.0, 0.0, 0.0, 0.0, 0.0], [0.0, 0.0, 0.00015710919088766692, 0.00015710919088766692, 0.00015710919088766692, 0.00015710919088766692, 0.0004713275726630008, 0.0015710919088766694, 0.004713275726630008, 0.012568735271013355, 0.020581304006284367, 0.036920659858601726, 0.06614296936370778, 0.08326787117046347, 0.13464257659073056, 0.13275726630007856, 0.15758051846032992, 0.08923802042419482, 0.13228593872741556, 0.050903377847604084, 0.021366849960722703, 0.031893165750196385, 0.011311861743912018, 0.0036135113904163393, 0.005970149253731343, 0.0014139827179890023, 0.00015710919088766692, 0.0, 0.0, 0.0, 0.0, 0.0], [0.0, 0.00012291052114060964, 0.0002458210422812193, 0.0, 0.0003687315634218289, 0.0008603736479842675, 0.0004916420845624386, 0.0018436578171091445, 0.002335299901671583, 0.01007866273352999, 0.018436578171091445, 0.03982300884955752, 0.07509832841691248, 0.11983775811209439, 0.1527777777777778, 0.15757128810226156, 0.16187315634218288, 0.08984759095378564, 0.09328908554572271, 0.038962635201573254, 0.018928220255653883, 0.010693215339233038, 0.004547689282202556, 0.001352015732546706, 0.0006145526057030481, 0.0, 0.0, 0.0, 0.0, 0.0, 0.0, 0.0], [0.0, 0.0, 0.0004178854993731718, 0.0, 0.0, 0.0012536564981195152, 0.0012536564981195152, 0.004178854993731718, 0.01211867948182198, 0.01880484747179273, 0.037191809444212284, 0.05808608441287087, 0.09820309235269536, 0.11115754283326369, 0.1270371918094442, 0.11617216882574175, 0.1274550773088174, 0.0873380693689929, 0.0873380693689929, 0.045967404931048894, 0.024655244463017135, 0.01964061847053907, 0.015461763476807356, 0.00459674049310489, 0.001671541997492687, 0.0, 0.0, 0.0, 0.0, 0.0, 0.0, 0.0], [0.0, 0.0, 0.0, 0.0, 0.0005707762557077625, 0.0, 0.0008561643835616438, 0.0008561643835616438, 0.003424657534246575, 0.007134703196347032, 0.019406392694063926, 0.030251141552511414, 0.04965753424657534, 0.08447488584474885, 0.10901826484018265, 0.1264269406392694, 0.15610730593607305, 0.08504566210045662, 0.1435502283105023, 0.061358447488584475, 0.03424657534246575, 0.04023972602739726, 0.021404109589041095, 0.011986301369863013, 0.007990867579908675, 0.004280821917808219, 0.0017123287671232876, 0.0, 0.0, 0.0, 0.0, 0.0], [0.0, 0.001, 0.001, 0.003, 0.002, 0.003, 0.005, 0.017, 0.041, 0.052, 0.068, 0.097, 0.096, 0.129, 0.124, 0.106, 0.082, 0.057, 0.061, 0.023, 0.01, 0.018, 0.001, 0.001, 0.002, 0.0, 0.0, 0.0, 0.0, 0.0, 0.0, 0.0], [0.0, 0.0, 0.0, 0.0, 0.0, 0.0038461538461538464, 0.007692307692307693, 0.03461538461538462, 0.05384615384615385, 0.06538461538461539, 0.12692307692307692, 0.08846153846153847, 0.06538461538461539, 0.12692307692307692, 0.11923076923076924, 0.09230769230769231, 0.08846153846153847, 0.046153846153846156, 0.05384615384615385, 0.015384615384615385, 0.0, 0.007692307692307693, 0.0, 0.0, 0.0038461538461538464, 0.0, 0.0, 0.0, 0.0, 0.0, 0.0, 0.0], [0.0006006006006006006, 0.0, 0.0, 0.0, 0.0012012012012012011, 0.002102102102102102, 0.005405405405405406, 0.01021021021021021, 0.015915915915915915, 0.02972972972972973, 0.05015015015015015, 0.07747747747747748, 0.1039039039039039, 0.12702702702702703, 0.14744744744744745, 0.11591591591591592, 0.10930930930930931, 0.058258258258258255, 0.06966966966966967, 0.02702702702702703, 0.013813813813813814, 0.02312312312312312, 0.004204204204204204, 0.0036036036036036037, 0.002702702702702703, 0.0009009009009009009, 0.0003003003003003003, 0.0, 0.0, 0.0, 0.0, 0.0], [0.0, 0.0, 0.0, 0.0, 0.0, 0.0005704506560182544, 0.002852253280091272, 0.002852253280091272, 0.003993154592127781, 0.017683970336565887, 0.02966343411294923, 0.04449515116942385, 0.06446092413006276, 0.08613804905875641, 0.11808328579577866, 0.12093553907586994, 0.14717626925270963, 0.07986309184255562, 0.10667427267541357, 0.04962920707358814, 0.032515687393040504, 0.037649743297204795, 0.023958927552766685, 0.01026811180832858, 0.017113519680547633, 0.0034227039361095267, 0.0, 0.0, 0.0, 0.0, 0.0, 0.0], [0.0, 0.0, 0.0, 0.00041911148365465214, 0.0, 0.0, 0.0012573344509639564, 0.0016764459346186086, 0.006705783738474434, 0.014249790444258172, 0.02305113160100587, 0.037720033528918694, 0.06580050293378038, 0.11986588432523052, 0.1374685666387259, 0.13285834031852473, 0.14082145850796313, 0.08130762782900251, 0.10645431684828165, 0.04777870913663034, 0.030595138306789605, 0.03143336127409891, 0.010896898575020955, 0.002514668901927913, 0.0037720033528918693, 0.003352891869237217, 0.0, 0.0, 0.0, 0.0, 0.0, 0.0], [0.00023512814483893723, 0.0, 0.00023512814483893723, 0.00047025628967787447, 0.00047025628967787447, 0.003291794027745121, 0.0028215377380672465, 0.0044674347519398075, 0.009169997648718552, 0.02116153303550435, 0.047731013402304255, 0.06089818951328474, 0.09828356454267576, 0.12391253233011991, 0.13026099224077123, 0.1262638137785093, 0.12720432635786505, 0.08370561956266165, 0.07288972490007053, 0.03432870914648484, 0.022337173759699035, 0.01716435457324242, 0.009169997648718552, 0.0025864095932283094, 0.0009405125793557489, 0.0, 0.0, 0.0, 0.0, 0.0, 0.0, 0.0], [0.0, 0.0, 0.0, 0.0, 0.0006993006993006993, 0.0, 0.0, 0.0006993006993006993, 0.006293706293706294, 0.012587412587412588, 0.04055944055944056, 0.05034965034965035, 0.08741258741258741, 0.11048951048951049, 0.13146853146853146, 0.15104895104895105, 0.13286713286713286, 0.08461538461538462, 0.07342657342657342, 0.045454545454545456, 0.028671328671328673, 0.023076923076923078, 0.011188811188811189, 0.002097902097902098, 0.006293706293706294, 0.0006993006993006993, 0.0, 0.0, 0.0, 0.0, 0.0, 0.0], [0.0, 0.0, 0.0, 0.0, 0.0, 0.0009045680687471732, 0.0009045680687471732, 0.0013568521031207597, 0.004522840343735866, 0.004070556309362279, 0.009497964721845319, 0.023518769787426504, 0.037991858887381276, 0.060153776571687016, 0.09407507914970602, 0.11352329262777024, 0.14880144730890998, 0.09859791949344188, 0.14020805065581185, 0.08186341022161918, 0.04748982360922659, 0.06829488919041157, 0.032564450474898234, 0.012211668928086838, 0.014925373134328358, 0.004070556309362279, 0.0004522840343735866, 0.0, 0.0, 0.0, 0.0, 0.0], [0.0, 0.0, 0.0, 0.0, 0.00023752969121140142, 0.0, 0.0007125890736342043, 0.0026128266033254156, 0.003800475059382423, 0.01163895486935867, 0.020190023752969122, 0.04465558194774347, 0.07885985748218527, 0.11472684085510688, 0.14133016627078385, 0.12351543942992874, 0.12802850356294537, 0.08598574821852732, 0.10950118764845605, 0.047980997624703085, 0.028028503562945367, 0.032541567695962, 0.016152019002375298, 0.00332541567695962, 0.005700712589073635, 0.00047505938242280285, 0.0, 0.0, 0.0, 0.0, 0.0, 0.0], [0.0, 0.0, 0.0001779042874933286, 0.0, 0.0, 0.0001779042874933286, 0.0003558085749866572, 0.0023127557374132716, 0.004447607187333215, 0.014054438711972959, 0.02882049457391923, 0.050880626223091974, 0.09428927237146416, 0.12898060843266324, 0.15566625155666253, 0.14054438711972958, 0.13413983276996977, 0.06724782067247821, 0.09108699519658424, 0.034335527486212415, 0.01761252446183953, 0.021170610211706103, 0.0062266500622665, 0.003558085749866572, 0.002134851449919943, 0.001779042874933286, 0.0, 0.0, 0.0, 0.0, 0.0, 0.0], [0.0, 0.0, 0.0, 0.0, 0.0, 0.00020733982998133942, 0.0010366991499066972, 0.001451378809869376, 0.005598175409496164, 0.01078167115902965, 0.018660584698320548, 0.040638606676342524, 0.06862948372382334, 0.11424424631971802, 0.14327182251710555, 0.15322413435620982, 0.16898196143479163, 0.07858179556292764, 0.11134148869997927, 0.033381712626995644, 0.019075264358283228, 0.019904623678208583, 0.005598175409496164, 0.0016587186398507154, 0.0033174372797014308, 0.00041467965996267884, 0.0, 0.0, 0.0, 0.0, 0.0, 0.0], [0.0, 0.015151515151515152, 0.0, 0.0, 0.0, 0.045454545454545456, 0.045454545454545456, 0.10606060606060606, 0.10606060606060606, 0.09090909090909091, 0.07575757575757576, 0.030303030303030304, 0.07575757575757576, 0.045454545454545456, 0.09090909090909091, 0.07575757575757576, 0.030303030303030304, 0.07575757575757576, 0.07575757575757576, 0.0, 0.015151515151515152, 0.0, 0.0, 0.0, 0.0, 0.0, 0.0, 0.0, 0.0, 0.0, 0.0, 0.0]]}, "ranks": {"labels": ["Unranked", "Combatatent I", "Combatatent II", "Challenger I", "Challenger II", "Rival I", "Rival II", "Duelist", "Elite"], "data": [[0.2682926829268293, 0.1951219512195122, 0.21951219512195122, 0.17073170731707318, 0.07317073170731707, 0.07317073170731707, 0.0, 0.0, 0.0], [0.08045977011494253, 0.12852664576802508, 0.23406478578892373, 0.2560083594566353, 0.1671891327063741, 0.08463949843260188, 0.02089864158829676, 0.027168234064785787, 0.0010449320794148381], [0.0400990099009901, 0.0801980198019802, 0.2014851485148515, 0.26534653465346536, 0.22227722772277228, 0.12326732673267327, 0.034653465346534656, 0.030693069306930693, 0.0019801980198019802], [0.049175747415479185, 0.08270466610785135, 0.18049734562727018, 0.25174629784856106, 0.24895222129086336, 0.11958647666946075, 0.033249511036602404, 0.03073484213467449, 0.003352891869237217], [0.25806451612903225, 0.1935483870967742, 0.0967741935483871, 0.03225806451612903, 0.12903225806451613, 0.16129032258064516, 0.06451612903225806, 0.06451612903225806, 0.0], [0.026583448913546002, 0.06449375866851595, 0.16435506241331485, 0.24433656957928804, 0.24271844660194175, 0.1343042071197411, 0.05062413314840499, 0.06056403143781785, 0.012020342117429497], [0.08573342263898191, 0.14132618888144674, 0.24313462826523777, 0.23241795043536503, 0.1607501674480911, 0.061620897521768254, 0.025452109845947757, 0.03884795713328868, 0.010716677829872739], [0.47058823529411764, 0.2235294117647059, 0.17647058823529413, 0.07058823529411765, 0.047058823529411764, 0.011764705882352941, 0.0, 0.0, 0.0], [0.11686143572621036, 0.17386119723348437, 0.24922489864059147, 0.20629620796565704, 0.12234676842356308, 0.0639160505604579, 0.03315048891008824, 0.03171953255425709, 0.0026234199856904365], [0.052601486563750716, 0.0931961120640366, 0.198399085191538, 0.2567181246426529, 0.2361349342481418, 0.10005717552887364, 0.024013722126929673, 0.036020583190394515, 0.002858776443682104], [0.09031318281136198, 0.17370721048798252, 0.24107793153678078, 0.23889293517844137, 0.13911143481427532, 0.06518572469045884, 0.024763292061179897, 0.023670793882010197, 0.0032774945375091042], [0.044508485430675634, 0.09382004482869036, 0.17130963816842779, 0.2683317323086776, 0.23439000960614795, 0.11943643932116554, 0.028498238872878643, 0.03554274735830932, 0.004162664105027218], [0.07190412782956059, 0.14447403462050598, 0.23268974700399467, 0.255659121171771, 0.17010652463382156, 0.07656458055925433, 0.02463382157123835, 0.02030625832223702, 0.0036617842876165113], [0.01060070671378092, 0.05401312468450278, 0.14437152953054014, 0.24179707218576477, 0.2852094901564866, 0.15497223624432105, 0.05401312468450278, 0.048965169106511865, 0.006057546693589096], [0.06903353057199212, 0.15779092702169625, 0.23668639053254437, 0.1932938856015779, 0.1755424063116371, 0.08284023668639054, 0.03747534516765286, 0.03353057199211045, 0.013806706114398421], [0.040884438881935756, 0.08635794743429287, 0.19774718397997496, 0.2786816854401335, 0.21443471005423445, 0.10805173133083021, 0.034626616604088445, 0.033375052148518984, 0.005840634125990822], [0.06259699948266943, 0.14278323848939473, 0.24366270046559751, 0.24366270046559751, 0.18313502327987585, 0.08742886704604243, 0.01603724780134506, 0.01758923952405587, 0.0031039834454216243], [0.19047619047619047, 0.23809523809523808, 0.14285714285714285, 0.23809523809523808, 0.047619047619047616, 0.09523809523809523, 0.047619047619047616, 0.0, 0.0], [0.02103491796381994, 0.06373580143037443, 0.15713083718973497, 0.23916701724863274, 0.24295330248212033, 0.1419856962557846, 0.06121161127471603, 0.06836348338241481, 0.004417332772402188], [0.021264028352037802, 0.06438275251033668, 0.1553455404607206, 0.26284701712935615, 0.24453632604843473, 0.13762551683402244, 0.04370939161252215, 0.05670407560543414, 0.013585351447135264], [0.07745664739884393, 0.16339113680154144, 0.26204238921001927, 0.2396917148362235, 0.15221579961464354, 0.06705202312138728, 0.023121387283236993, 0.01464354527938343, 0.0003853564547206166], [0.027972027972027972, 0.05244755244755245, 0.24475524475524477, 0.3006993006993007, 0.27972027972027974, 0.08391608391608392, 0.01048951048951049, 0.0, 0.0], [0.0199528672427337, 0.057501963864886096, 0.14941084053417125, 0.2673998428908091, 0.24681853888452474, 0.15993715632364494, 0.04461901021209741, 0.046818538884524745, 0.007541241162608013], [0.016347099311701082, 0.05825958702064897, 0.19493608652900687, 0.31034906588003935, 0.25172074729596855, 0.11516715830875122, 0.03601278269419862, 0.016592920353982302, 0.0006145526057030481], [0.038027580442958626, 0.09527789385708316, 0.20936063518595904, 0.24320936063518597, 0.21479314667781027, 0.11199331383201003, 0.045967404931048894, 0.03969912244045132, 0.001671541997492687], [0.012842465753424657, 0.04965753424657534, 0.1341324200913242, 0.23544520547945205, 0.2411529680365297, 0.17636986301369864, 0.06278538812785388, 0.07363013698630137, 0.013984018264840182], [0.125, 0.165, 0.225, 0.23, 0.139, 0.072, 0.022, 0.02, 0.002], [0.16538461538461538, 0.2153846153846154, 0.19230769230769232, 0.21153846153846154, 0.1346153846153846, 0.06538461538461539, 0.0038461538461538464, 0.007692307692307693, 0.0038461538461538464], [0.06516516516516517, 0.12762762762762764, 0.23093093093093092, 0.26336336336336336, 0.16756756756756758, 0.08558558558558559, 0.024924924924924926, 0.030930930930930932, 0.003903903903903904], [0.027952082144894468, 0.07415858528237307, 0.15059897318881918, 0.2390188248716486, 0.22703936109526526, 0.13234455219623503, 0.05647461494580719, 0.07187678265830005, 0.02053622361665716], [0.024308466051969825, 0.06077116512992456, 0.18566638725901088, 0.27032690695725065, 0.22212908633696563, 0.13914501257334452, 0.04568315171835708, 0.04484492875104778, 0.007124895222129086], [0.0423230660710087, 0.108629202915589, 0.22219609687279568, 0.2565248060192805, 0.2109099459205267, 0.0928756172113802, 0.03667999059487421, 0.028920761815189277, 0.0009405125793557489], [0.02027972027972028, 0.09090909090909091, 0.1979020979020979, 0.28251748251748254, 0.21748251748251748, 0.0972027972027972, 0.05034965034965035, 0.03636363636363636, 0.006993006993006993], [0.011759384893713252, 0.033016734509271825, 0.09814563545906829, 0.20759837177747625, 0.2473993668023519, 0.18860244233378562, 0.08095884215287201, 0.11307100859339665, 0.019448213478064226], [0.019002375296912115, 0.06484560570071259, 0.19358669833729217, 0.2648456057007126, 0.21401425178147268, 0.13657957244655583, 0.048931116389548696, 0.05201900237529691, 0.006175771971496437], [0.021526418786692758, 0.07970112079701121, 0.22326988080412738, 0.2962106386763921, 0.20138765344244797, 0.11154598825831702, 0.03148905888631916, 0.030955346023839175, 0.003913894324853229], [0.019075264358283228, 0.05929919137466307, 0.18287373004354138, 0.29649595687331537, 0.24756375699771926, 0.1293800539083558, 0.034418411776902344, 0.027161517727555463, 0.0037321169396641093], [0.4090909090909091, 0.10606060606060606, 0.12121212121212122, 0.16666666666666666, 0.10606060606060606, 0.07575757575757576, 0.015151515151515152, 0.0, 0.0]]}, "ranksDetailed": {"labels": ["Unranked", "Combatatant", "Challenger", "Rival", "Duelist", "Elite"], "data": [[0.2682926829268293, 0.4146341463414634, 0.24390243902439024, 0.07317073170731707, 0.0, 0.0], [0.08045977011494253, 0.3625914315569488, 0.4231974921630094, 0.10553814002089865, 0.027168234064785787, 0.0010449320794148381], [0.0400990099009901, 0.28168316831683166, 0.4876237623762376, 0.15792079207920792, 0.030693069306930693, 0.0019801980198019802], [0.049175747415479185, 0.26320201173512153, 0.5006985191394244, 0.15283598770606316, 0.03073484213467449, 0.003352891869237217], [0.25806451612903225, 0.2903225806451613, 0.16129032258064516, 0.22580645161290322, 0.06451612903225806, 0.0], [0.026583448913546002, 0.2288488210818308, 0.48705501618122976, 0.18492834026814609, 0.06056403143781785, 0.012020342117429497], [0.08573342263898191, 0.3844608171466845, 0.3931681178834561, 0.087073007367716, 0.03884795713328868, 0.010716677829872739], [0.47058823529411764, 0.4, 0.11764705882352941, 0.011764705882352941, 0.0, 0.0], [0.11686143572621036, 0.42308609587407586, 0.32864297638922013, 0.09706653947054615, 0.03171953255425709, 0.0026234199856904365], [0.052601486563750716, 0.2915951972555746, 0.4928530588907947, 0.12407089765580331, 0.036020583190394515, 0.002858776443682104], [0.09031318281136198, 0.4147851420247633, 0.3780043699927167, 0.08994901675163874, 0.023670793882010197, 0.0032774945375091042], [0.044508485430675634, 0.26512968299711814, 0.5027217419148254, 0.14793467819404418, 0.03554274735830932, 0.004162664105027218], [0.07190412782956059, 0.37716378162450065, 0.42576564580559256, 0.10119840213049268, 0.02030625832223702, 0.0036617842876165113], [0.01060070671378092, 0.1983846542150429, 0.5270065623422514, 0.20898536092882383, 0.048965169106511865, 0.006057546693589096], [0.06903353057199212, 0.39447731755424065, 0.368836291913215, 0.1203155818540434, 0.03353057199211045, 0.013806706114398421], [0.040884438881935756, 0.28410513141426785, 0.493116395494368, 0.14267834793491865, 0.033375052148518984, 0.005840634125990822], [0.06259699948266943, 0.38644593895499224, 0.42679772374547337, 0.10346611484738748, 0.01758923952405587, 0.0031039834454216243], [0.19047619047619047, 0.38095238095238093, 0.2857142857142857, 0.14285714285714285, 0.0, 0.0], [0.02103491796381994, 0.22086663862010938, 0.48212031973075303, 0.20319730753050064, 0.06836348338241481, 0.004417332772402188], [0.021264028352037802, 0.21972829297105728, 0.5073833431777909, 0.1813349084465446, 0.05670407560543414, 0.013585351447135264], [0.07745664739884393, 0.4254335260115607, 0.3919075144508671, 0.09017341040462427, 0.01464354527938343, 0.0003853564547206166], [0.027972027972027972, 0.2972027972027972, 0.5804195804195804, 0.0944055944055944, 0.0, 0.0], [0.0199528672427337, 0.20691280439905735, 0.5142183817753339, 0.20455616653574235, 0.046818538884524745, 0.007541241162608013], [0.016347099311701082, 0.25319567354965583, 0.5620698131760079, 0.15117994100294985, 0.016592920353982302, 0.0006145526057030481], [0.038027580442958626, 0.3046385290430422, 0.45800250731299624, 0.15796071876305892, 0.03969912244045132, 0.001671541997492687], [0.012842465753424657, 0.18378995433789955, 0.4765981735159817, 0.2391552511415525, 0.07363013698630137, 0.013984018264840182], [0.125, 0.39, 0.369, 0.094, 0.02, 0.002], [0.16538461538461538, 0.4076923076923077, 0.34615384615384615, 0.06923076923076923, 0.007692307692307693, 0.0038461538461538464], [0.06516516516516517, 0.35855855855855856, 0.43093093093093093, 0.11051051051051052, 0.030930930930930932, 0.003903903903903904], [0.027952082144894468, 0.22475755847119225, 0.46605818596691384, 0.18881916714204222, 0.07187678265830005, 0.02053622361665716], [0.024308466051969825, 0.24643755238893544, 0.49245599329421624, 0.1848281642917016, 0.04484492875104778, 0.007124895222129086], [0.0423230660710087, 0.33082529978838465, 0.4674347519398072, 0.1295556078062544, 0.028920761815189277, 0.0009405125793557489], [0.02027972027972028, 0.28881118881118883, 0.5, 0.14755244755244756, 0.03636363636363636, 0.006993006993006993], [0.011759384893713252, 0.13116236996834013, 0.4549977385798281, 0.2695612844866576, 0.11307100859339665, 0.019448213478064226], [0.019002375296912115, 0.25843230403800477, 0.4788598574821853, 0.18551068883610453, 0.05201900237529691, 0.006175771971496437], [0.021526418786692758, 0.3029710016011386, 0.49759829211884005, 0.1430350471446362, 0.030955346023839175, 0.003913894324853229], [0.019075264358283228, 0.24217292141820443, 0.5440597138710346, 0.16379846568525813, 0.027161517727555463, 0.0037321169396641093], [0.4090909090909091, 0.22727272727272727, 0.2727272727272727, 0.09090909090909091, 0.0, 0.0]]}}}, "eu": {"histType": {"histogram": {"labels": ["0", "100", "200", "300", "400", "500", "600", "700", "800", "900", "1000", "1100", "1200", "1300", "1400", "1500", "1600", "1700", "1800", "1900", "2000", "2100", "2200", "2300", "2400", "2500", "2600", "2700", "2800", "2900", "3000", "3100"], "data": [[0.0, 0.0, 0.0, 0.0, 0.0, 0.03225806451612903, 0.04838709677419355, 0.06451612903225806, 0.06451612903225806, 0.08064516129032258, 0.06451612903225806, 0.16129032258064516, 0.11290322580645161, 0.0967741935483871, 0.08064516129032258, 0.06451612903225806, 0.04838709677419355, 0.016129032258064516, 0.03225806451612903, 0.016129032258064516, 0.016129032258064516, 0.0, 0.0, 0.0, 0.0, 0.0, 0.0, 0.0, 0.0, 0.0, 0.0, 0.0], [0.0010976948408342481, 0.0, 0.0, 0.0010976948408342481, 0.0010976948408342481, 0.0010976948408342481, 0.007683863885839737, 0.007683863885839737, 0.026344676180021953, 0.03512623490669594, 0.07135016465422613, 0.09001097694840834, 0.11306256860592755, 0.1350164654226125, 0.14050493962678376, 0.10976948408342481, 0.10318331503841932, 0.04720087815587267, 0.052689352360043906, 0.021953896816684963, 0.014270032930845226, 0.013172338090010977, 0.005488474204171241, 0.0010976948408342481, 0.0, 0.0, 0.0, 0.0, 0.0, 0.0, 0.0, 0.0], [0.0, 0.0005574136008918618, 0.0, 0.0, 0.002229654403567447, 0.0005574136008918618, 0.0011148272017837235, 0.007803790412486065, 0.01560758082497213, 0.021181716833890748, 0.048494983277591976, 0.055741360089186176, 0.08695652173913043, 0.11204013377926421, 0.13879598662207357, 0.1326644370122631, 0.1426978818283166, 0.07692307692307693, 0.08862876254180602, 0.026755852842809364, 0.014492753623188406, 0.01950947603121516, 0.0039018952062430325, 0.002787068004459309, 0.0005574136008918618, 0.0, 0.0, 0.0, 0.0, 0.0, 0.0, 0.0], [0.0, 0.0, 0.0, 0.0, 0.0004909180166912126, 0.0004909180166912126, 0.0029455081001472753, 0.007854688267059401, 0.011536573392243496, 0.017918507609229258, 0.038782523318605794, 0.05179185076092293, 0.07682866961217477, 0.1013745704467354, 0.12616593028964163, 0.13451153657339224, 0.14457535591556211, 0.09842906234658812, 0.09548355424644084, 0.037800687285223365, 0.020127638684339717, 0.017673048600883652, 0.006136475208640157, 0.0039273441335297005, 0.0031909671084928816, 0.0014727540500736377, 0.0004909180166912126, 0.0, 0.0, 0.0, 0.0, 0.0], [0.0, 0.0, 0.0, 0.0, 0.0, 0.030303030303030304, 0.06060606060606061, 0.09090909090909091, 0.06060606060606061, 0.030303030303030304, 0.15151515151515152, 0.15151515151515152, 0.0, 0.09090909090909091, 0.06060606060606061, 0.06060606060606061, 0.06060606060606061, 0.06060606060606061, 0.0, 0.06060606060606061, 0.0, 0.0, 0.030303030303030304, 0.0, 0.0, 0.0, 0.0, 0.0, 0.0, 0.0, 0.0, 0.0], [0.0, 0.00022336385972749609, 0.00044672771945499217, 0.00022336385972749609, 0.00044672771945499217, 0.00044672771945499217, 0.00044672771945499217, 0.0037971856153674335, 0.005584096493187403, 0.01250837614473978, 0.023229841411659593, 0.03864194773285683, 0.06499888318070136, 0.0973866428411883, 0.11905293723475542, 0.11078847442483807, 0.13245476881840518, 0.09269600178691088, 0.11413893232075051, 0.05740451194996649, 0.039088675452311816, 0.04176904176904177, 0.02099620281438463, 0.008711190529372347, 0.009381282108554836, 0.0033504578959124413, 0.0015635470180924726, 0.00022336385972749609, 0.0, 0.0, 0.0, 0.0], [0.0, 0.0, 0.0011926058437686344, 0.0011926058437686344, 0.0011926058437686344, 0.004770423375074538, 0.005366726296958855, 0.011329755515802028, 0.03637447823494335, 0.0381633870005963, 0.06618962432915922, 0.08109719737626714, 0.1001788908765653, 0.12343470483005367, 0.11210494931425163, 0.09183064997018485, 0.09481216457960644, 0.06201550387596899, 0.05605247465712582, 0.026833631484794274, 0.020274299344066785, 0.028622540250447227, 0.014311270125223614, 0.007155635062611807, 0.007155635062611807, 0.0029815146094215863, 0.005366726296958855, 0.0, 0.0, 0.0, 0.0, 0.0], [0.0, 0.0, 0.0, 0.0, 0.0196078431372549, 0.0196078431372549, 0.0, 0.17647058823529413, 0.058823529411764705, 0.058823529411764705, 0.1568627450980392, 0.11764705882352941, 0.058823529411764705, 0.11764705882352941, 0.0392156862745098, 0.13725490196078433, 0.0392156862745098, 0.0, 0.0, 0.0, 0.0, 0.0, 0.0, 0.0, 0.0, 0.0, 0.0, 0.0, 0.0, 0.0, 0.0, 0.0], [0.0004645760743321719, 0.00023228803716608595, 0.0009291521486643438, 0.0009291521486643438, 0.0006968641114982578, 0.0018583042973286876, 0.008362369337979094, 0.015795586527293844, 0.03321718931475029, 0.05319396051103368, 0.08734030197444832, 0.09337979094076655, 0.12590011614401858, 0.11521486643437863, 0.10313588850174216, 0.08896631823461092, 0.08176538908246225, 0.04994192799070848, 0.049477351916376304, 0.0281068524970964, 0.02183507549361208, 0.020441347270615563, 0.008362369337979094, 0.007200929152148664, 0.0027874564459930314, 0.0004645760743321719, 0.0, 0.0, 0.0, 0.0, 0.0, 0.0], [0.0, 0.0, 0.0, 0.0, 0.0, 0.0014771048744460858, 0.0007385524372230429, 0.005908419497784343, 0.014771048744460856, 0.022156573116691284, 0.047267355982274745, 0.056129985228951254, 0.07828655834564253, 0.11595273264401773, 0.1484490398818316, 0.11669128508124077, 0.1410635155096012, 0.06646971935007386, 0.09601181683899557, 0.027326440177252585, 0.023633677991137372, 0.019202363367799114, 0.009601181683899557, 0.005908419497784343, 0.0029542097488921715, 0.0, 0.0, 0.0, 0.0, 0.0, 0.0, 0.0], [0.00045392646391284613, 0.0, 0.0, 0.0, 0.0013617793917385383, 0.0022696323195642307, 0.0031774852473899226, 0.010894235133908307, 0.02723558783477077, 0.04993191103041307, 0.0658193372673627, 0.09487063095778484, 0.12437585111211984, 0.11529732183386292, 0.11438946890603723, 0.0926009986382206, 0.09169314571039491, 0.05719473445301861, 0.05901044030867, 0.029959146618247844, 0.02088061733999092, 0.01997276441216523, 0.011348161597821153, 0.0022696323195642307, 0.0040853381752156154, 0.0009078529278256923, 0.0, 0.0, 0.0, 0.0, 0.0, 0.0], [0.0, 0.0, 0.0, 0.0006875214850464077, 0.0006875214850464077, 0.0006875214850464077, 0.0013750429700928155, 0.006187693365417669, 0.015125472671020969, 0.026125816431763493, 0.03471983499484359, 0.053970436576143005, 0.08215881746304572, 0.10140941904434514, 0.11275352354761087, 0.12684771399106223, 0.13647301478171192, 0.09178411825369542, 0.10072189755929872, 0.04537641801306291, 0.02234444826400825, 0.023375730491577863, 0.0089377793056033, 0.0017188037126160192, 0.00446888965280165, 0.0010312822275696115, 0.00034376074252320387, 0.00034376074252320387, 0.0, 0.0, 0.00034376074252320387, 0.0], [0.0, 0.0, 0.0, 0.0012583892617449664, 0.0008389261744966443, 0.0008389261744966443, 0.0016778523489932886, 0.010486577181208054, 0.02307046979865772, 0.031459731543624164, 0.06963087248322147, 0.07927852348993289, 0.11073825503355705, 0.13338926174496643, 0.12290268456375839, 0.11619127516778524, 0.10192953020134228, 0.0625, 0.06543624161073826, 0.02726510067114094, 0.015100671140939598, 0.012164429530201342, 0.00587248322147651, 0.002936241610738255, 0.0025167785234899327, 0.0016778523489932886, 0.0008389261744966443, 0.0, 0.0, 0.0, 0.0, 0.0], [0.0, 0.0, 0.0, 0.0, 0.0, 0.0, 0.0004655493482309125, 0.00186219739292365, 0.00558659217877095, 0.009776536312849162, 0.018156424581005588, 0.027001862197392923, 0.06284916201117319, 0.08705772811918064, 0.12011173184357542, 0.13500931098696461, 0.1634078212290503, 0.1154562383612663, 0.10381750465549348, 0.054003724394785846, 0.035381750465549346, 0.033054003724394786, 0.015363128491620111, 0.00558659217877095, 0.005121042830540037, 0.0004655493482309125, 0.0004655493482309125, 0.0, 0.0, 0.0, 0.0, 0.0], [0.0, 0.0, 0.0023148148148148147, 0.0, 0.0, 0.0023148148148148147, 0.006944444444444444, 0.013888888888888888, 0.03009259259259259, 0.037037037037037035, 0.0625, 0.06944444444444445, 0.09027777777777778, 0.12037037037037036, 0.12268518518518519, 0.08101851851851852, 0.11574074074074074, 0.0763888888888889, 0.08101851851851852, 0.03009259259259259, 0.011574074074074073, 0.011574074074074073, 0.011574074074074073, 0.009259259259259259, 0.013888888888888888, 0.0, 0.0, 0.0, 0.0, 0.0, 0.0, 0.0], [0.0, 0.0, 0.0, 0.0008093889113719142, 0.0004046944556859571, 0.0008093889113719142, 0.0028328611898017, 0.008093889113719142, 0.012140833670578713, 0.02225819506272764, 0.032780250910562525, 0.05868069607446378, 0.07324969647915823, 0.12585997571833266, 0.1254552812626467, 0.11574261432618373, 0.14002428166734115, 0.08012950222581951, 0.07932011331444759, 0.04411169566976932, 0.02509105625252934, 0.02225819506272764, 0.013354917037636584, 0.006475111290975314, 0.006070416835289356, 0.0016187778227438284, 0.0024281667341157424, 0.0, 0.0, 0.0, 0.0, 0.0], [0.0, 0.0, 0.0, 0.00047281323877068556, 0.00047281323877068556, 0.00047281323877068556, 0.003309692671394799, 0.01182033096926714, 0.01702127659574468, 0.029787234042553193, 0.0