{"region": {"us": {"histType": {"histogram": {"labels": ["0", "100", "200", "300", "400", "500", "600", "700", "800", "900", "1000", "1100", "1200", "1300", "1400", "1500", "1600", "1700", "1800", "1900", "2000", "2100", "2200", "2300", "2400", "2500", "2600", "2700", "2800", "2900", "3000", "3100", "3200"], "data": [[0.0, 0.0, 0.003215434083601286, 0.003215434083601286, 0.006430868167202572, 0.006430868167202572, 0.022508038585209004, 0.012861736334405145, 0.03215434083601286, 0.028938906752411574, 0.0707395498392283, 0.07395498392282958, 0.08360128617363344, 0.1189710610932476, 0.10610932475884244, 0.11254019292604502, 0.09967845659163987, 0.05466237942122187, 0.05466237942122187, 0.04823151125401929, 0.028938906752411574, 0.00964630225080386, 0.00964630225080386, 0.0, 0.012861736334405145, 0.0, 0.0, 0.0, 0.0, 0.0, 0.0, 0.0, 0.0], [0.0, 0.0008247422680412372, 0.0, 0.0004123711340206186, 0.0008247422680412372, 0.0016494845360824743, 0.004948453608247422, 0.010721649484536083, 0.0111340206185567, 0.01979381443298969, 0.03463917525773196, 0.04247422680412371, 0.06391752577319587, 0.07463917525773196, 0.10103092783505155, 0.12123711340206185, 0.1472164948453608, 0.0890721649484536, 0.15175257731958763, 0.05567010309278351, 0.024329896907216497, 0.016494845360824743, 0.009896907216494845, 0.004948453608247422, 0.004948453608247422, 0.0016494845360824743, 0.0032989690721649486, 0.002061855670103093, 0.0004123711340206186, 0.0, 0.0, 0.0, 0.0], [0.00014419610670511897, 0.0, 0.0, 0.00028839221341023794, 0.00028839221341023794, 0.00028839221341023794, 0.00028839221341023794, 0.0007209805335255948, 0.003460706560922855, 0.004470079307858687, 0.007354001441961067, 0.010670511896178804, 0.01687094448449892, 0.02653208363374189, 0.0357606344628695, 0.056380677721701515, 0.0873828406633021, 0.1087238644556597, 0.2906993511175198, 0.089689978370584, 0.06416726748377793, 0.09473684210526316, 0.02797404470079308, 0.014996395097332372, 0.03417447728911319, 0.010526315789473684, 0.005046863734679163, 0.00418168709444845, 0.0014419610670511895, 0.0025955299206921415, 0.00014419610670511897, 0.0, 0.0], [0.0, 0.0, 0.0, 0.0, 0.00013531799729364006, 0.00013531799729364006, 0.0009472259810554803, 0.002435723951285521, 0.0062246278755074425, 0.009878213802435724, 0.015155615696887685, 0.017861975642760486, 0.033288227334235455, 0.0422192151556157, 0.059945872801082545, 0.07726657645466847, 0.15047361299052775, 0.12192151556156969, 0.21299052774018945, 0.0891745602165088, 0.05561569688768606, 0.060216508795669824, 0.01799729364005413, 0.007848443843031122, 0.012313937753721246, 0.002571041948579161, 0.0012178619756427606, 0.0016238159675236806, 0.00027063599458728013, 0.0, 0.00027063599458728013, 0.0, 0.0], [0.0, 0.0, 0.0, 0.0, 0.008771929824561403, 0.0, 0.008771929824561403, 0.03508771929824561, 0.03508771929824561, 0.05263157894736842, 0.043859649122807015, 0.07894736842105263, 0.07017543859649122, 0.10526315789473684, 0.07894736842105263, 0.10526315789473684, 0.06140350877192982, 0.03508771929824561, 0.08771929824561403, 0.08771929824561403, 0.02631578947368421, 0.043859649122807015, 0.017543859649122806, 0.017543859649122806, 0.0, 0.0, 0.0, 0.0, 0.0, 0.0, 0.0, 0.0, 0.0], [0.0, 0.0, 0.0, 0.0, 0.0, 0.0, 0.0, 0.0017584201271473015, 0.0018936832138509402, 0.00662789124847829, 0.010144731502772893, 0.01623157040443663, 0.030028405248207764, 0.050858920600568104, 0.07087785743270661, 0.0982010009468416, 0.16150412552414445, 0.11510888678479643, 0.17922358988232112, 0.07615311781414852, 0.04450155552549709, 0.06357365075071013, 0.021101041525767618, 0.010685783849587448, 0.02177735695928581, 0.008521574462329231, 0.0033815771675909643, 0.0033815771675909643, 0.002164209387258217, 0.0008115785202218315, 0.0014878939537400244, 0.0, 0.0], [0.0, 0.0, 0.0002643404705260375, 0.0013217023526301878, 0.0013217023526301878, 0.0031720856463124504, 0.005815490351572826, 0.008987575997885276, 0.017446471054718478, 0.02458366375892149, 0.03885804916732752, 0.04705260375363468, 0.07005022468939995, 0.08353158868622786, 0.1091726143272535, 0.12344699973565953, 0.1252973830293418, 0.08194554586307164, 0.11049431667988369, 0.03885804916732752, 0.02802008987575998, 0.02907745175786413, 0.011102299762093577, 0.007137192704203013, 0.012688342585249802, 0.006344171292624901, 0.006872852233676976, 0.0023790642347343376, 0.0018503832936822627, 0.0007930214115781126, 0.0021147237642083, 0.0, 0.0], [0.0033333333333333335, 0.0, 0.0033333333333333335, 0.01, 0.016666666666666666, 0.013333333333333334, 0.016666666666666666, 0.05, 0.05, 0.1, 0.08666666666666667, 0.10333333333333333, 0.09, 0.10333333333333333, 0.07666666666666666, 0.06666666666666667, 0.06666666666666667, 0.03333333333333333, 0.02666666666666667, 0.03666666666666667, 0.006666666666666667, 0.013333333333333334, 0.02, 0.006666666666666667, 0.0, 0.0, 0.0, 0.0, 0.0, 0.0, 0.0, 0.0, 0.0], [0.00034510525710341653, 0.0002300701714022777, 0.0005751754285056943, 0.0004601403428045554, 0.0005751754285056943, 0.001495456114114805, 0.0017255262855170826, 0.00494650868514897, 0.009432877027493385, 0.01990106982629702, 0.03243989416772115, 0.04348326239503048, 0.05452663062233981, 0.06177384102151156, 0.07879903370528012, 0.07891406879098124, 0.1418382606695042, 0.10560220867364546, 0.12515817324283907, 0.06626020936385597, 0.046589209708961236, 0.047969630737374896, 0.021051420683308408, 0.013344069941332106, 0.022431841711722075, 0.009547912113194524, 0.006096859542160359, 0.0018405613712182216, 0.002415736799723916, 0.0002300701714022777, 0.0, 0.0, 0.0], [0.0, 0.0, 0.0, 0.0, 0.00036927621861152144, 0.00036927621861152144, 0.00036927621861152144, 0.00036927621861152144, 0.0007385524372230429, 0.005539143279172821, 0.007016248153618907, 0.005908419497784343, 0.012186115214180207, 0.021048744460856722, 0.04025110782865583, 0.06351550960118169, 0.07791728212703102, 0.08124076809453472, 0.18759231905465287, 0.08087149187592318, 0.08530280649926145, 0.12149187592319055, 0.050221565731166914, 0.025480059084194977, 0.06868537666174299, 0.022895125553914326, 0.013663220088626292, 0.014771048744460856, 0.0066469719350073855, 0.004062038404726735, 0.0014771048744460858, 0.0, 0.0], [0.0, 0.0, 0.0003245699448231094, 0.0, 0.0016228497241155468, 0.0016228497241155468, 0.0035702693930542034, 0.0038948393378773127, 0.012009087958455048, 0.018175916910094125, 0.03050957481337228, 0.0344044141512496, 0.059720869847452125, 0.0723790976955534, 0.09217786432976306, 0.11197663096397274, 0.14053878610840637, 0.09120415449529373, 0.15092502434274585, 0.054527750730282376, 0.03635183382018825, 0.040246673158065564, 0.012658227848101266, 0.008438818565400843, 0.011359948068808828, 0.004219409282700422, 0.0019474196689386564, 0.0016228497241155468, 0.0019474196689386564, 0.0016228497241155468, 0.0, 0.0, 0.0], [0.00018460402436773122, 0.0, 0.0005538120731031936, 0.0005538120731031936, 0.0007384160974709249, 0.0018460402436773122, 0.0046151006091932805, 0.008122577072180174, 0.01347609377884438, 0.021598670851024553, 0.04707402621377146, 0.06405759645560273, 0.09008676389145283, 0.09765552889052981, 0.13494554181281151, 0.1319918774229278, 0.12940742108177958, 0.07458002584456341, 0.08067195864869854, 0.03765922097101717, 0.01938342255861178, 0.018460402436773122, 0.008122577072180174, 0.0053535167066642055, 0.004061288536090087, 0.0014768321949418497, 0.0018460402436773122, 0.0009230201218386561, 0.0005538120731031936, 0.0, 0.0, 0.0, 0.0], [0.0, 0.0, 0.0, 0.0, 0.00017528483786152498, 0.0007011393514460999, 0.0028045574057843996, 0.0029798422436459245, 0.007186678352322524, 0.008939526730937774, 0.021209465381244522, 0.03277826468010517, 0.044697633654688866, 0.06783523225241017, 0.10709903593339176, 0.11375985977212971, 0.14653812445223488, 0.10464504820333041, 0.15968448729184925, 0.060473269062226116, 0.03733567046450482, 0.03645924627519719, 0.013672217353198948, 0.008588957055214725, 0.012971078001752848, 0.005083260297984224, 0.0015775635407537247, 0.0010517090271691498, 0.0017528483786152498, 0.0, 0.0, 0.0, 0.0], [0.00024743288383026105, 0.0, 0.0, 0.00012371644191513053, 0.00012371644191513053, 0.0003711493257453916, 0.0016083137448966967, 0.00235061239638748, 0.005196090560435482, 0.013113942843003835, 0.02177409377706297, 0.025114437708771496, 0.03451688729432142, 0.04589879995051342, 0.06544599777310404, 0.08449832982803415, 0.13151057775578373, 0.1171594704936286, 0.18211060249907213, 0.08647779289867623, 0.055796115303723866, 0.060373623654583694, 0.021031795125572187, 0.010515897562786094, 0.017938884077693926, 0.005443523444265743, 0.0040826425831993075, 0.0027217617221328714, 0.0016083137448966967, 0.0024743288383026105, 0.0003711493257453916, 0.0, 0.0], [0.0, 0.0, 0.0, 0.0, 0.00046871338176704945, 0.00023435669088352472, 0.00046871338176704945, 0.0007030700726505742, 0.004218420435903445, 0.004218420435903445, 0.013123974689477385, 0.018045465198031404, 0.03609093039606281, 0.05179282868525897, 0.07405671431919382, 0.10077337707991563, 0.1497539254745723, 0.11600656198734474, 0.17131474103585656, 0.0796812749003984, 0.05812045933911413, 0.05694867588469651, 0.022732599015701897, 0.010311694398875087, 0.016639325052730254, 0.007733770799156316, 0.0018748535270681978, 0.0018748535270681978, 0.0009374267635340989, 0.0018748535270681978, 0.0, 0.0, 0.0], [0.0, 0.00041186161449752884, 0.0, 0.0, 0.0012355848434925864, 0.0012355848434925864, 0.0008237232289950577, 0.004942339373970346, 0.009884678747940691, 0.01400329489291598, 0.019769357495881382, 0.03130148270181219, 0.047775947281713346, 0.05724876441515651, 0.08031301482701812, 0.10420098846787479, 0.13550247116968697, 0.10255354200988467, 0.13591433278418452, 0.06466227347611203, 0.05313014827018122, 0.04654036243822076, 0.02800658978583196, 0.014415156507413509, 0.01771004942339374, 0.009884678747940691, 0.004530477759472817, 0.006177924217462933, 0.004118616144975288, 0.002471169686985173, 0.0012355848434925864, 0.0, 0.0], [0.00022158209616662973, 0.0, 0.00044316419233325947, 0.00044316419233325947, 0.00044316419233325947, 0.0008863283846665189, 0.0013294925769997785, 0.0035453135386660757, 0.0070906270773321515, 0.012187015289164636, 0.022379791712829604, 0.03944161311766009, 0.0678041214269887, 0.07910480833148682, 0.10658098825614891, 0.12497230223797917, 0.13671615333481055, 0.0930644803899845, 0.12873919787281188, 0.05052071792599158, 0.03434522490582761, 0.04010635940615998, 0.014846000443164193, 0.007755373365832041, 0.013073343673831155, 0.005317970307999114, 0.0035453135386660757, 0.0019942388654996678, 0.0015510746731664082, 0.0015510746731664082, 0.0, 0.0, 0.0], [0.0, 0.0, 0.0001701258931609391, 0.0003402517863218782, 0.0005103776794828172, 0.0003402517863218782, 0.0011908812521265737, 0.0028921401837359645, 0.004083021435862538, 0.010037427696495406, 0.0187138482477033, 0.022966995576726778, 0.04287172507655665, 0.05648179652943178, 0.09986389928547125, 0.12283089486219803, 0.14715889758421233, 0.09935352160598843, 0.18458659407961892, 0.06107519564477713, 0.035386185777475335, 0.04083021435862538, 0.015481456277645458, 0.007995916978564138, 0.012249064307587616, 0.004253147329023477, 0.003402517863218782, 0.001701258931609391, 0.0005103776794828172, 0.0027220142905750254, 0.0, 0.0, 0.0], [0.0, 0.0, 0.0, 0.009009009009009009, 0.009009009009009009, 0.009009009009009009, 0.0, 0.009009009009009009, 0.009009009009009009, 0.05405405405405406, 0.02702702702702703, 0.04504504504504504, 0.04504504504504504, 0.06306306306306306, 0.05405405405405406, 0.11711711711711711, 0.12612612612612611, 0.08108108108108109, 0.07207207207207207, 0.02702702702702703, 0.08108108108108109, 0.036036036036036036, 0.036036036036036036, 0.0, 0.018018018018018018, 0.02702702702702703, 0.009009009009009009, 0.036036036036036036, 0.0, 0.0, 0.0, 0.0, 0.0], [0.00026096033402922753, 0.00013048016701461377, 0.0, 0.00013048016701461377, 0.00013048016701461377, 0.00013048016701461377, 0.00039144050104384135, 0.0014352818371607516, 0.0032620041753653444, 0.006524008350730689, 0.01069937369519833, 0.015266179540709812, 0.029879958246346556, 0.04384133611691023, 0.07163361169102296, 0.10073068893528184, 0.16349164926931106, 0.14365866388308976, 0.1572286012526096, 0.08350730688935282, 0.054801670146137786, 0.05571503131524008, 0.02205114822546973, 0.010177453027139875, 0.013308977035490605, 0.005349686847599165, 0.002348643006263048, 0.001174321503131524, 0.0027400835073068896, 0.0, 0.0, 0.0, 0.0], [0.0, 0.0, 0.0, 0.00015956598053295037, 0.0, 0.00015956598053295037, 0.0014360938247965534, 0.0007978299026647519, 0.0019147917663954045, 0.003031753630126057, 0.0070209031434498165, 0.010690920695707675, 0.018190521780756343, 0.02553055688527206, 0.043242380724429555, 0.0665390138822403, 0.12494016275730015, 0.11919578745811393, 0.20312749321844584, 0.10084569969682464, 0.07292165310355832, 0.09653741822243497, 0.02983883835966172, 0.01659486197542684, 0.028562310515398117, 0.013563108345300782, 0.006063507260252114, 0.00430828147438966, 0.002074357746928355, 0.0009573958831977022, 0.0017552257858624541, 0.0, 0.0], [0.00034002040122407346, 0.00011334013374135781, 0.0, 0.00022668026748271563, 0.00022668026748271563, 0.0006800408024481469, 0.0009067210699308625, 0.0021534625410857986, 0.0038535645472061657, 0.006913748158222826, 0.013374135781480221, 0.01722770032868639, 0.023008047149495635, 0.034908761192338204, 0.048509577241301144, 0.07367108693188258, 0.10257282103592882, 0.11073331066530659, 0.21715969624844159, 0.10925988892666894, 0.07049756318712457, 0.08319165816615663, 0.0290150742377876, 0.01507423778760059, 0.02130794514337527, 0.007367108693188258, 0.003740224413464808, 0.0013600816048962938, 0.00260682307605123, 0.0, 0.0, 0.0, 0.0], [0.0, 0.0, 0.0, 0.001692047377326565, 0.001692047377326565, 0.0, 0.0, 0.005076142131979695, 0.008460236886632826, 0.005076142131979695, 0.01692047377326565, 0.025380710659898477, 0.043993231810490696, 0.08460236886632826, 0.09475465313028765, 0.1353637901861252, 0.16243654822335024, 0.12521150592216582, 0.16412859560067683, 0.06091370558375635, 0.02707275803722504, 0.025380710659898477, 0.00676818950930626, 0.001692047377326565, 0.00338409475465313, 0.0, 0.0, 0.0, 0.0, 0.0, 0.0, 0.0, 0.0], [0.0, 0.0, 0.0, 0.00019630938358853554, 0.0, 0.00019630938358853554, 0.0002944640753828033, 0.0008833922261484099, 0.0021594032194738907, 0.0055948174322732625, 0.008735767569689832, 0.01629367883784845, 0.026109148017275225, 0.03356890459363958, 0.05074597565763644, 0.0624263839811543, 0.09727129956811936, 0.07037691401648999, 0.20082449941107186, 0.11552807224185316, 0.077345897133883, 0.1306438947781704, 0.03877110325873577, 0.013054574008637613, 0.02807224185316058, 0.008932076953278367, 0.005398508048684727, 0.0027483313702394976, 0.0019630938358853552, 0.0018649391440910875, 0.0, 0.0, 0.0], [0.00021475357027810586, 0.00010737678513905293, 0.00010737678513905293, 0.0, 0.0006442607108343176, 0.0006442607108343176, 0.0003221303554171588, 0.0010737678513905295, 0.0013958982068076882, 0.006442607108343176, 0.011489316009878665, 0.023945023086008804, 0.04209169977450875, 0.05723182647911521, 0.08472028347471276, 0.10340384408890797, 0.15301191882315043, 0.15795125093954687, 0.19016428648126274, 0.06743262106732524, 0.038011381939224737, 0.03274991946741115, 0.01245570707613014, 0.003972941050144958, 0.005583592827230753, 0.001932782132502953, 0.0020401589176420056, 0.0008590142811124234, 0.0, 0.0, 0.0, 0.0, 0.0], [0.0, 0.00012790995139421848, 0.0, 0.00012790995139421848, 0.0003837298541826554, 0.0007674597083653108, 0.0008953696597595293, 0.0023023791250959325, 0.00332565873624968, 0.005755947812739831, 0.011639805576873882, 0.020209772320286517, 0.028651829112304936, 0.03901253517523663, 0.06868764389869532, 0.10411870043489384, 0.16091071885392683, 0.12918905090816066, 0.17689946277820415, 0.08787413660782808, 0.051419800460475826, 0.053338449731389105, 0.024686620619084165, 0.010488616014325915, 0.0117677155282681, 0.002941928882067025, 0.0023023791250959325, 0.002174469173701714, 0.0, 0.0, 0.0, 0.0, 0.0], [0.0, 0.0, 0.0, 0.0, 0.0002954209748892171, 0.0, 0.0008862629246676514, 0.0008862629246676514, 0.0016248153618906942, 0.003397341211225997, 0.009158050221565732, 0.01432791728212703, 0.025997045790251107, 0.043870014771048745, 0.07355982274741507, 0.10576070901033974, 0.15140324963072377, 0.09896602658788774, 0.20073855243722305, 0.07533234859675036, 0.04638109305760709, 0.060118168389955685, 0.02703101920236337, 0.013146233382570163, 0.02141802067946824, 0.00930576070901034, 0.005908419497784343, 0.0032496307237813884, 0.0031019202363367798, 0.00206794682422452, 0.00206794682422452, 0.0, 0.0], [0.0, 0.00036258158085569254, 0.00036258158085569254, 0.0007251631617113851, 0.0025380710659898475, 0.0025380710659898475, 0.005438723712835388, 0.008339376359680928, 0.014503263234227702, 0.02864394488759971, 0.03807106598984772, 0.05402465554749819, 0.06018854242204496, 0.0823060188542422, 0.11385061638868746, 0.1116751269035533, 0.11892675852066716, 0.0772298767222625, 0.14938361131254532, 0.04423495286439449, 0.02102973168963017, 0.032269760696156634, 0.009427121102248005, 0.005076142131979695, 0.010514865844815084, 0.0032632342277012327, 0.0018129079042784628, 0.0010877447425670776, 0.0018129079042784628, 0.00036258158085569254, 0.0, 0.0, 0.0], [0.0, 0.0, 0.0, 0.0019292604501607716, 0.002572347266881029, 0.002572347266881029, 0.0038585209003215433, 0.010932475884244373, 0.010289389067524116, 0.014790996784565916, 0.023794212218649517, 0.0360128617363344, 0.05016077170418006, 0.05659163987138264, 0.08231511254019293, 0.10932475884244373, 0.14533762057877814, 0.10418006430868167, 0.17106109324758842, 0.06109324758842444, 0.028938906752411574, 0.033440514469453377, 0.02122186495176849, 0.005787781350482315, 0.014790996784565916, 0.0045016077170418, 0.0012861736334405145, 0.002572347266881029, 0.0006430868167202572, 0.0, 0.0, 0.0, 0.0], [0.0002962085308056872, 0.0, 0.0, 0.0, 0.0005924170616113745, 0.000740521327014218, 0.002665876777251185, 0.004887440758293839, 0.006664691943127962, 0.013773696682464455, 0.025325829383886257, 0.03835900473933649, 0.05287322274881517, 0.07257109004739337, 0.129739336492891, 0.1423281990521327, 0.14869668246445497, 0.09123222748815166, 0.12929502369668247, 0.0428021327014218, 0.02754739336492891, 0.03154620853080569, 0.013477488151658768, 0.006960900473933649, 0.010959715639810427, 0.002665876777251185, 0.0013329383886255925, 0.0010367298578199053, 0.0001481042654028436, 0.001184834123222749, 0.0002962085308056872, 0.0, 0.0], [0.0, 0.0, 0.0, 0.0004362050163576881, 0.00021810250817884405, 0.00021810250817884405, 0.0021810250817884407, 0.0006543075245365322, 0.003925845147219193, 0.009814612868047983, 0.016793893129770993, 0.02202835332606325, 0.034023991275899675, 0.048636859323882224, 0.07088331515812432, 0.1064340239912759, 0.11908396946564885, 0.0990185387131952, 0.16663031624863686, 0.0737186477644493, 0.05343511450381679, 0.0623773173391494, 0.028789531079607415, 0.01504907306434024, 0.03162486368593239, 0.012868047982551799, 0.009378407851690295, 0.004798255179934569, 0.0030534351145038168, 0.0023991275899672847, 0.0015267175572519084, 0.0, 0.0], [0.0, 0.0, 0.0, 0.0, 0.00020300446609825416, 0.0, 0.0008120178643930166, 0.0010150223304912708, 0.00243605359317905, 0.008729192042224929, 0.015022330491270807, 0.027608607389362567, 0.04405196914332115, 0.06496142915144133, 0.0952090946000812, 0.11794559480308567, 0.14738124238733252, 0.10434429557450264, 0.16544863987007713, 0.06902151847340642, 0.04181892001624036, 0.045473000406008934, 0.016443361753958587, 0.007714169711733658, 0.010556232237109216, 0.0028420625253755584, 0.004060089321965083, 0.002233049127080796, 0.0032480714575720666, 0.0014210312626877792, 0.0, 0.0, 0.0], [0.0001381788033715628, 0.0001381788033715628, 0.0001381788033715628, 0.0, 0.0001381788033715628, 0.0012436092303440651, 0.0012436092303440651, 0.0031781124775459445, 0.004145364101146884, 0.0075998341854359545, 0.01975956888213348, 0.029155727511399752, 0.04877711759016167, 0.06121320989360232, 0.08884897056791488, 0.14273870388282436, 0.17894155036617382, 0.12063009534337432, 0.12684814149509466, 0.06660218322509327, 0.03799917092717977, 0.030261157938372255, 0.013956059140527843, 0.005250794528119386, 0.005250794528119386, 0.0017963244438303164, 0.0009672516236009396, 0.002901754870802819, 0.0001381788033715628, 0.0, 0.0, 0.0, 0.0], [0.0, 0.0, 0.0, 0.00021088148460565162, 0.00021088148460565162, 0.0008435259384226065, 0.0008435259384226065, 0.0025305778152678194, 0.004428511176718684, 0.006748207507380852, 0.01687051876845213, 0.02488401518346689, 0.04217629692113033, 0.0579924082665542, 0.09236609025727541, 0.12863770560944748, 0.15710670603121046, 0.1155630535638971, 0.14361029101644876, 0.06769295655841417, 0.04259805989034163, 0.04154365246731337, 0.018346689160691692, 0.0063264445381695485, 0.016237874314635175, 0.004850274145929988, 0.003374103753690426, 0.0014761703922395613, 0.0012652889076339097, 0.0006326444538169548, 0.0006326444538169548, 0.0, 0.0], [0.0, 0.0, 0.0, 0.0002588661661920787, 0.0, 0.0010354646647683149, 0.0020709293295366298, 0.0028475278281128655, 0.005695055656225731, 0.005695055656225731, 0.01190784364483562, 0.021227025627750452, 0.03132280610924152, 0.04607817758219001, 0.07714211752523945, 0.10768832513590473, 0.13901113124514625, 0.0996634739839503, 0.18275951333160756, 0.07688325135904737, 0.05125550090603158, 0.06161014755371473, 0.02562775045301579, 0.015273103805332642, 0.019414962464405904, 0.009319181982914834, 0.003106393994304944, 0.0012943308309603934, 0.0010354646647683149, 0.000776598498576236, 0.0, 0.0, 0.0], [0.0, 0.0, 0.00014690759512266783, 0.0, 0.00029381519024533566, 0.00044072278536800354, 0.00044072278536800354, 0.0016159835463493463, 0.0017628911414720142, 0.005141765829293375, 0.009989716468341413, 0.02306449243425885, 0.03878360511238431, 0.0658146026149552, 0.08520640517114735, 0.11429410900543559, 0.14793594828852652, 0.10327603937123549, 0.17026590274717202, 0.06155428235639782, 0.04333774056118701, 0.048920229175848394, 0.02453356838548553, 0.011018069634200088, 0.02247686205376818, 0.006610841780520053, 0.005876303804906714, 0.0035257822829440283, 0.0014690759512266784, 0.0013221683561040105, 0.0008814455707360071, 0.0, 0.0], [0.0, 0.0, 0.00010141987829614604, 0.0, 0.00010141987829614604, 0.00010141987829614604, 0.00030425963488843813, 0.0010141987829614604, 0.002129817444219067, 0.0057809330628803245, 0.010344827586206896, 0.02028397565922921, 0.03407707910750507, 0.04553752535496958, 0.06734279918864097, 0.07677484787018256, 0.0949290060851927, 0.06622718052738337, 0.236815415821501, 0.10334685598377281, 0.06805273833671399, 0.08924949290060852, 0.02667342799188641, 0.009939148073022312, 0.02535496957403651, 0.006997971602434077, 0.0031440162271805273, 0.0018255578093306288, 0.0018255578093306288, 0.0017241379310344827, 0.0, 0.0, 0.0], [0.0, 0.0, 0.0, 0.0, 0.0, 0.00012156576707999027, 0.0007293946024799417, 0.0006078288353999514, 0.002188183807439825, 0.0049841964502796016, 0.007901774860199369, 0.01774860199367858, 0.030148310235837587, 0.052273279844395816, 0.08047653780695356, 0.11074641380987114, 0.17201556041818625, 0.12837345003646974, 0.2088499878434233, 0.07172380257719427, 0.03817165086311695, 0.046681254558716266, 0.011305616338439095, 0.004133236080719669, 0.006078288353999514, 0.0012156576707999028, 0.0012156576707999028, 0.0015803549720398735, 0.0007293946024799417, 0.0, 0.0, 0.0, 0.0], [0.0, 0.00392156862745098, 0.0, 0.00392156862745098, 0.00392156862745098, 0.0196078431372549, 0.027450980392156862, 0.0196078431372549, 0.06666666666666667, 0.03529411764705882, 0.054901960784313725, 0.06666666666666667, 0.06666666666666667, 0.11372549019607843, 0.11372549019607843, 0.12549019607843137, 0.09019607843137255, 0.06666666666666667, 0.043137254901960784, 0.01568627450980392, 0.011764705882352941, 0.023529411764705882, 0.011764705882352941, 0.01568627450980392, 0.0, 0.0, 0.0, 0.0, 0.0, 0.0, 0.0, 0.0, 0.0]]}, "ranks": {"labels": ["Unranked", "Combatatent I", "Combatatent II", "Challenger I", "Challenger II", "Rival I", "Rival II", "Duelist", "Elite"], "data": [[0.1157556270096463, 0.14469453376205788, 0.20257234726688103, 0.21864951768488747, 0.15434083601286175, 0.08360128617363344, 0.04823151125401929, 0.01929260450160772, 0.012861736334405145], [0.05030927835051546, 0.07711340206185567, 0.13855670103092785, 0.2222680412371134, 0.23628865979381444, 0.18515463917525773, 0.046597938144329894, 0.03134020618556701, 0.012371134020618556], [0.009949531362653209, 0.01802451333813987, 0.04340302811824081, 0.09214131218457101, 0.19610670511896178, 0.3391492429704398, 0.10540735400144197, 0.1377072819033886, 0.058111031002162944], [0.019756427604871448, 0.03301759133964818, 0.07550744248985115, 0.13721244925575102, 0.2723951285520974, 0.2602165087956698, 0.09756427604871448, 0.08606224627875507, 0.018267929634641408], [0.14035087719298245, 0.12280701754385964, 0.17543859649122806, 0.18421052631578946, 0.09649122807017543, 0.14912280701754385, 0.05263157894736842, 0.07894736842105263, 0.0], [0.010279994589476532, 0.026376301907209524, 0.08088732584877587, 0.16907885837954822, 0.27661301230894086, 0.21966725280670904, 0.08021101041525767, 0.0953604761260652, 0.041525767618017045], [0.06291303198519693, 0.0859106529209622, 0.15358181337562782, 0.23261961406291304, 0.20724292889241344, 0.13428495902722706, 0.04308749669574412, 0.04731694422416072, 0.03304255881575469], [0.2633333333333333, 0.19, 0.19333333333333333, 0.14333333333333334, 0.1, 0.04, 0.03, 0.04, 0.0], [0.0396871045668929, 0.07592315656275164, 0.11630047164385138, 0.15771310249626136, 0.24744046934314967, 0.16070401472449097, 0.07730357759116531, 0.08236512136201542, 0.042562981709421376], [0.00775480059084195, 0.01292466765140325, 0.03323485967503693, 0.10376661742983752, 0.15915805022156573, 0.22710487444608568, 0.12666174298375185, 0.19719350073855244, 0.13220088626292467], [0.041220382992534894, 0.06491398896462187, 0.13209996754300551, 0.2041544952937358, 0.2317429406037001, 0.1794871794871795, 0.062317429406037, 0.06134371957156767, 0.022719896137617657], [0.05168912682296474, 0.1111316226693742, 0.18774229278198265, 0.2669374192357393, 0.203987446926343, 0.0987631530367362, 0.038951449141591286, 0.0319364962156175, 0.008860993169651098], [0.022787028921998246, 0.053987730061349694, 0.11253286590709903, 0.22085889570552147, 0.2511831726555653, 0.19070990359333917, 0.06678352322524102, 0.058720420683610865, 0.022436459246275197], [0.023134974638129406, 0.04688853148583447, 0.08041568724483483, 0.14994432760113818, 0.24867004824941236, 0.22875170110107634, 0.0956328096003959, 0.09192131634294198, 0.03464060373623654], [0.010311694398875087, 0.03116943988750879, 0.08788375908132177, 0.17483009139910943, 0.26576048746191705, 0.21888914928521208, 0.09022732599015702, 0.0899929692992735, 0.030935083196625263], [0.032537067545304776, 0.051070840197693576, 0.10502471169686985, 0.18451400329489293, 0.23805601317957167, 0.1700988467874794, 0.08360790774299835, 0.08896210873146623, 0.04612850082372323], [0.026589851539995567, 0.061821404830489694, 0.14690892975847553, 0.23155329049412807, 0.22978063372479504, 0.15820961666297365, 0.055395524041657436, 0.06270773321515621, 0.027033015732328827], [0.019564477713507996, 0.041680843824430075, 0.09935352160598843, 0.22269479414766927, 0.24651241919020075, 0.21810139503232392, 0.06294658046954746, 0.06430758761483497, 0.024838380401497107], [0.0990990990990991, 0.07207207207207207, 0.10810810810810811, 0.17117117117117117, 0.2072072072072072, 0.08108108108108109, 0.0990990990990991, 0.07207207207207207, 0.09009009009009009], [0.012395615866388309, 0.025965553235908143, 0.07372129436325678, 0.1723643006263048, 0.3071503131524008, 0.20433194154488518, 0.09120563674321504, 0.08794363256784969, 0.02492171189979123], [0.007499601085048668, 0.01771182383915749, 0.0437210786660284, 0.10978139460666986, 0.24413595021541407, 0.2559438327748524, 0.12095101324397639, 0.14297111855752354, 0.05728418701132919], [0.015414258188824663, 0.03060183611016661, 0.057916808341833846, 0.12218066417318373, 0.2133061317012354, 0.2743964637878273, 0.1225206845744078, 0.12728097019154483, 0.03638218293097586], [0.021996615905245348, 0.04230118443316413, 0.12859560067681894, 0.23011844331641285, 0.2876480541455161, 0.20135363790186125, 0.050761421319796954, 0.0338409475465313, 0.00338409475465313], [0.009324695720455438, 0.02502944640753828, 0.0596780526109148, 0.11317235963879073, 0.16764821358460935, 0.2637416568511975, 0.1299568119356105, 0.1824695720455438, 0.04897919120533962], [0.0109524320841834, 0.03543433909588747, 0.09932352625362396, 0.18812412756362074, 0.3109631697626973, 0.2269945237839579, 0.06861376570385483, 0.049178567593686245, 0.010415548158488134], [0.013686364799181377, 0.0318495778971604, 0.06766436428754156, 0.17280634433358916, 0.2900997697620875, 0.22397032489127655, 0.09222307495523152, 0.08851368636479919, 0.01918649270913277], [0.0070901033973412115, 0.02348596750369276, 0.06986706056129985, 0.1793205317577548, 0.25036927621861155, 0.24194977843426882, 0.08050221565731167, 0.10029542097488922, 0.04711964549483013], [0.06345177664974619, 0.09209572153734591, 0.14249456127628715, 0.22552574329224076, 0.19615663524292967, 0.1700507614213198, 0.04459753444525018, 0.046773023930384336, 0.01885424220449601], [0.04694533762057878, 0.05980707395498392, 0.1067524115755627, 0.19163987138263666, 0.24951768488745982, 0.20514469453376205, 0.05594855305466238, 0.06045016077170418, 0.023794212218649517], [0.02962085308056872, 0.06368483412322275, 0.12544431279620852, 0.2720675355450237, 0.23992890995260663, 0.15225118483412323, 0.04739336492890995, 0.0519845971563981, 0.01762440758293839], [0.017448200654307525, 0.03882224645583424, 0.0826608505997819, 0.1773173391494002, 0.21810250817884405, 0.20632497273718647, 0.08745910577971647, 0.10621592148309705, 0.06564885496183206], [0.01319529029638652, 0.04263093788063337, 0.10901339829476249, 0.21315468940316687, 0.25172553796183517, 0.2050345107592367, 0.0712545676004872, 0.06963053187170118, 0.024360535931790498], [0.017963244438303164, 0.04891529639353323, 0.10999032748376399, 0.23158767445073924, 0.29957164570954814, 0.16429459720878817, 0.06715489843857952, 0.04946801160701948, 0.011054304269725024], [0.01581611134542387, 0.04175453395191902, 0.10016870518768452, 0.2210037958667229, 0.27266975959510753, 0.18030366933783215, 0.07359763812737241, 0.06621678616617462, 0.02846900042176297], [0.01760289930106135, 0.033134869272586076, 0.07740098369143153, 0.18483044266114418, 0.23867460522909656, 0.22754336008283718, 0.08335490551384934, 0.10251100181206316, 0.034946932435930625], [0.009842808873218745, 0.03305420890260027, 0.1045982077273395, 0.19950051417658293, 0.251211987659762, 0.2037608344351403, 0.07139709122961657, 0.08447186719553401, 0.04216247980020567], [0.009533468559837728, 0.030628803245436105, 0.07961460446247465, 0.14411764705882352, 0.16115618661257605, 0.2911764705882353, 0.11703853955375254, 0.12586206896551724, 0.04087221095334686], [0.008631169462679309, 0.025650376853877947, 0.0824215900802334, 0.1912229516168247, 0.300389010454656, 0.24787259907610018, 0.07087284220763433, 0.06212010697787503, 0.010819353270119134], [0.1803921568627451, 0.12156862745098039, 0.1803921568627451, 0.23921568627450981, 0.1568627450980392, 0.047058823529411764, 0.023529411764705882, 0.050980392156862744, 0.0]]}, "ranksDetailed": {"labels": ["Unranked", "Combatatant", "Challenger", "Rival", "Duelist", "Elite"], "data": [[0.1157556270096463, 0.34726688102893893, 0.3729903536977492, 0.13183279742765272, 0.01929260450160772, 0.012861736334405145], [0.05030927835051546, 0.2156701030927835, 0.4585567010309278, 0.23175257731958762, 0.03134020618556701, 0.012371134020618556], [0.009949531362653209, 0.06142754145638068, 0.2882480173035328, 0.44455659697188177, 0.1377072819033886, 0.058111031002162944], [0.019756427604871448, 0.10852503382949932, 0.40960757780784846, 0.3577807848443843, 0.08606224627875507, 0.018267929634641408], [0.14035087719298245, 0.2982456140350877, 0.2807017543859649, 0.20175438596491227, 0.07894736842105263, 0.0], [0.010279994589476532, 0.10726362775598539, 0.4456918706884891, 0.2998782632219667, 0.0953604761260652, 0.041525767618017045], [0.06291303198519693, 0.23949246629659002, 0.43986254295532645, 0.1773724557229712, 0.04731694422416072, 0.03304255881575469], [0.2633333333333333, 0.38333333333333336, 0.24333333333333335, 0.07, 0.04, 0.0], [0.0396871045668929, 0.19222362820660302, 0.40515357183941103, 0.23800759231565627, 0.08236512136201542, 0.042562981709421376], [0.00775480059084195, 0.04615952732644018, 0.26292466765140327, 0.3537666174298375, 0.19719350073855244, 0.13220088626292467], [0.041220382992534894, 0.1970139565076274, 0.4358974358974359, 0.24180460889321648, 0.06134371957156767, 0.022719896137617657], [0.05168912682296474, 0.29887391545135683, 0.47092486616208235, 0.13771460217832748, 0.0319364962156175, 0.008860993169651098], [0.022787028921998246, 0.16652059596844873, 0.47204206836108675, 0.2574934268185802, 0.058720420683610865, 0.022436459246275197], [0.023134974638129406, 0.1273042187306693, 0.39861437585055054, 0.32438451070147223, 0.09192131634294198, 0.03464060373623654], [0.010311694398875087, 0.11905319896883056, 0.4405905788610265, 0.3091164752753691, 0.0899929692992735, 0.030935083196625263], [0.032537067545304776, 0.15609555189456342, 0.42257001647446457, 0.25370675453047775, 0.08896210873146623, 0.04612850082372323], [0.026589851539995567, 0.2087303345889652, 0.4613339242189231, 0.21360514070463107, 0.06270773321515621, 0.027033015732328827], [0.019564477713507996, 0.1410343654304185, 0.46920721333787, 0.2810479755018714, 0.06430758761483497, 0.024838380401497107], [0.0990990990990991, 0.18018018018018017, 0.3783783783783784, 0.18018018018018017, 0.07207207207207207, 0.09009009009009009], [0.012395615866388309, 0.09968684759916492, 0.47951461377870563, 0.29553757828810023, 0.08794363256784969, 0.02492171189979123], [0.007499601085048668, 0.0614329025051859, 0.3539173448220839, 0.3768948460188288, 0.14297111855752354, 0.05728418701132919], [0.015414258188824663, 0.08851864445200046, 0.33548679587441915, 0.3969171483622351, 0.12728097019154483, 0.03638218293097586], [0.021996615905245348, 0.17089678510998307, 0.5177664974619289, 0.2521150592216582, 0.0338409475465313, 0.00338409475465313], [0.009324695720455438, 0.08470749901845308, 0.2808205732234001, 0.39369846878680803, 0.1824695720455438, 0.04897919120533962], [0.0109524320841834, 0.13475786534951142, 0.49908729732631807, 0.29560828948781276, 0.049178567593686245, 0.010415548158488134], [0.013686364799181377, 0.09951394218470197, 0.46290611409567667, 0.31619339984650807, 0.08851368636479919, 0.01918649270913277], [0.0070901033973412115, 0.09335302806499261, 0.4296898079763663, 0.3224519940915805, 0.10029542097488922, 0.04711964549483013], [0.06345177664974619, 0.23459028281363306, 0.42168237853517043, 0.21464829586656997, 0.046773023930384336, 0.01885424220449601], [0.04694533762057878, 0.1665594855305466, 0.44115755627009645, 0.26109324758842445, 0.06045016077170418, 0.023794212218649517], [0.02962085308056872, 0.18912914691943128, 0.5119964454976303, 0.19964454976303317, 0.0519845971563981, 0.01762440758293839], [0.017448200654307525, 0.12148309705561613, 0.39541984732824426, 0.29378407851690297, 0.10621592148309705, 0.06564885496183206], [0.01319529029638652, 0.15164433617539586, 0.464880227365002, 0.27628907835972394, 0.06963053187170118, 0.024360535931790498], [0.017963244438303164, 0.15890562387729723, 0.5311593201602874, 0.2314494956473677, 0.04946801160701948, 0.011054304269725024], [0.01581611134542387, 0.14192323913960353, 0.49367355546183045, 0.25390130746520456, 0.06621678616617462, 0.02846900042176297], [0.01760289930106135, 0.1105358529640176, 0.42350504789024074, 0.31089826559668654, 0.10251100181206316, 0.034946932435930625], [0.009842808873218745, 0.13765241662993977, 0.4507125018363449, 0.2751579256647569, 0.08447186719553401, 0.04216247980020567], [0.009533468559837728, 0.11024340770791075, 0.3052738336713996, 0.40821501014198786, 0.12586206896551724, 0.04087221095334686], [0.008631169462679309, 0.10807196693411135, 0.49161196207148067, 0.3187454412837345, 0.06212010697787503, 0.010819353270119134], [0.1803921568627451, 0.30196078431372547, 0.396078431372549, 0.07058823529411765, 0.050980392156862744, 0.0]]}}}, "eu": {"histType": {"histogram": {"labels": ["0", "100", "200", "300", "400", "500", "600", "700", "800", "900", "1000", "1100", "1200", "1300", "1400", "1500", "1600", "1700", "1800", "1900", "2000", "2100", "2200", "2300", "2400", "2500", "2600", "2700", "2800", "2900", "3000", "3100", "3200"], "data": [[0.0, 0.0, 0.004098360655737705, 0.0, 0.0, 0.00819672131147541, 0.01639344262295082, 0.01639344262295082, 0.040983606557377046, 0.045081967213114756, 0.06557377049180328, 0.06557377049180328, 0.06147540983606557, 0.11885245901639344, 0.14344262295081966, 0.11065573770491803, 0.0942622950819672, 0.0778688524590164, 0.040983606557377046, 0.028688524590163935, 0.012295081967213115, 0.020491803278688523, 0.004098360655737705, 0.004098360655737705, 0.01639344262295082, 0.004098360655737705, 0.0, 0.0, 0.0, 0.0, 0.0, 0.0, 0.0], [0.0, 0.0, 0.00044365572315882877, 0.0013309671694764862, 0.0008873114463176575, 0.003105590062111801, 0.0048802129547471165, 0.00709849157054126, 0.01730257320319432, 0.022182786157941437, 0.03194321206743567, 0.048802129547471165, 0.06388642413487133, 0.07630878438331855, 0.12067435669920142, 0.1126885536823425, 0.1512866015971606, 0.08606921029281278, 0.145075421472937, 0.04259094942324756, 0.02085181898846495, 0.021739130434782608, 0.005767524401064774, 0.0044365572315882874, 0.006654835847382431, 0.0013309671694764862, 0.0008873114463176575, 0.001774622892635315, 0.0, 0.0, 0.0, 0.0, 0.0], [0.0, 0.0, 0.0, 0.00014972301242701004, 0.00014972301242701004, 0.00014972301242701004, 0.00014972301242701004, 0.0013475071118430903, 0.0023955681988321606, 0.003593352298248241, 0.008234765683485551, 0.013475071118430902, 0.018266207516095225, 0.022757897888905525, 0.03713130708189849, 0.05360083844886959, 0.10525527773618805, 0.10615361581075011, 0.2759395119029795, 0.09297799071717323, 0.06737535559215452, 0.08773768528222788, 0.031142386584818087, 0.015271747267555024, 0.031741278634526124, 0.011079502919598742, 0.005689474472226381, 0.0029944602485402006, 0.0017966761491241205, 0.0017966761491241205, 0.0016469531366971103, 0.0, 0.0], [0.0, 0.0, 0.0, 0.00012939958592132506, 0.00012939958592132506, 0.0002587991718426501, 0.0009057971014492754, 0.002717391304347826, 0.0032349896480331265, 0.007634575569358178, 0.01462215320910973, 0.02355072463768116, 0.028856107660455488, 0.03778467908902691, 0.06120600414078675, 0.08009834368530021, 0.14065734989648032, 0.12590579710144928, 0.22023809523809523, 0.08954451345755693, 0.05745341614906832, 0.06275879917184266, 0.016304347826086956, 0.007375776397515528, 0.01125776397515528, 0.0036231884057971015, 0.0011645962732919255, 0.00038819875776397513, 0.0011645962732919255, 0.0009057971014492754, 0.00012939958592132506, 0.0, 0.0], [0.0, 0.0, 0.0, 0.0, 0.0, 0.018018018018018018, 0.02702702702702703, 0.04504504504504504, 0.04504504504504504, 0.02702702702702703, 0.07207207207207207, 0.09009009009009009, 0.036036036036036036, 0.02702702702702703, 0.08108108108108109, 0.14414414414414414, 0.06306306306306306, 0.0990990990990991, 0.06306306306306306, 0.05405405405405406, 0.04504504504504504, 0.0, 0.018018018018018018, 0.009009009009009009, 0.02702702702702703, 0.009009009009009009, 0.0, 0.0, 0.0, 0.0, 0.0, 0.0, 0.0], [0.0, 0.00013581420616596497, 0.00013581420616596497, 0.00027162841233192993, 0.0004074426184978949, 0.00013581420616596497, 0.0004074426184978949, 0.0014939562678256146, 0.0029879125356512292, 0.005840010865136493, 0.010729322287111232, 0.017384218389243516, 0.02675539861469