{"region": {"us": {"histType": {"histogram": {"labels": ["0", "100", "200", "300", "400", "500", "600", "700", "800", "900", "1000", "1100", "1200", "1300", "1400", "1500", "1600", "1700", "1800", "1900", "2000", "2100", "2200", "2300", "2400", "2500", "2600", "2700", "2800", "2900", "3000", "3100", "3200"], "data": [[0.0, 0.0, 0.00558659217877095, 0.002793296089385475, 0.00558659217877095, 0.008379888268156424, 0.0223463687150838, 0.019553072625698324, 0.03910614525139665, 0.0446927374301676, 0.06983240223463687, 0.11173184357541899, 0.10335195530726257, 0.12290502793296089, 0.11173184357541899, 0.09497206703910614, 0.07541899441340782, 0.04748603351955307, 0.03910614525139665, 0.0335195530726257, 0.01675977653631285, 0.008379888268156424, 0.008379888268156424, 0.0, 0.008379888268156424, 0.0, 0.0, 0.0, 0.0, 0.0, 0.0, 0.0, 0.0], [0.0, 0.0007233273056057866, 0.0, 0.0003616636528028933, 0.0007233273056057866, 0.0018083182640144665, 0.00433996383363472, 0.00976491862567812, 0.011573236889692586, 0.030379746835443037, 0.038698010849909585, 0.05497287522603978, 0.08716094032549729, 0.08824593128390597, 0.1236889692585895, 0.13273056057866184, 0.14358047016274864, 0.08354430379746836, 0.10958408679927667, 0.03905967450271248, 0.013381555153707052, 0.011211573236889693, 0.005063291139240506, 0.00216998191681736, 0.0028933092224231465, 0.0003616636528028933, 0.00216998191681736, 0.0014466546112115732, 0.0003616636528028933, 0.0, 0.0, 0.0, 0.0], [0.00010890873448050534, 0.0, 0.0, 0.00021781746896101068, 0.00021781746896101068, 0.00021781746896101068, 0.00021781746896101068, 0.0005445436724025267, 0.002613809627532128, 0.0033761707688956654, 0.005554345458505772, 0.008059246351557395, 0.012742321934219125, 0.05162274014375953, 0.0797211936397299, 0.11076018296667393, 0.1753430625136136, 0.11282944892180354, 0.24101502940535832, 0.06828577651927685, 0.03822696580265737, 0.04650402962317578, 0.016445218906556307, 0.0075147026791548685, 0.011762143323894577, 0.0028316270964931388, 0.001306904813766064, 0.0011979960792855588, 0.000326726203441516, 0.00043563493792202136, 0.0, 0.0, 0.0], [0.0, 0.0, 0.0, 0.0, 0.00010392849719393057, 0.00010392849719393057, 0.000727499480357514, 0.0018707129494907504, 0.0047807108709208065, 0.007586780295156932, 0.011536063188526294, 0.013718561629598836, 0.02556641030970692, 0.03242569112450634, 0.061837455830388695, 0.12897526501766785, 0.1964248596965288, 0.1193099147786323, 0.20993556433173977, 0.0737892330076907, 0.03928497193930576, 0.04136354188318437, 0.015589274579089585, 0.0047807108709208065, 0.007898565786738724, 0.0013510704635210974, 0.0005196424859696529, 0.0005196424859696529, 0.0, 0.0, 0.0, 0.0, 0.0], [0.0, 0.0, 0.0, 0.0, 0.007936507936507936, 0.0, 0.015873015873015872, 0.03968253968253968, 0.03968253968253968, 0.05555555555555555, 0.05555555555555555, 0.10317460317460317, 0.10317460317460317, 0.1111111111111111, 0.0873015873015873, 0.10317460317460317, 0.06349206349206349, 0.015873015873015872, 0.07936507936507936, 0.05555555555555555, 0.015873015873015872, 0.03968253968253968, 0.007936507936507936, 0.0, 0.0, 0.0, 0.0, 0.0, 0.0, 0.0, 0.0, 0.0, 0.0], [0.0, 0.0, 0.0, 0.00011746740279572419, 0.00023493480559144838, 0.00023493480559144838, 0.0005873370139786209, 0.0027017502643016562, 0.005286033125807588, 0.011394338071185246, 0.020674262892047456, 0.030658992129684013, 0.05720662516151768, 0.08128744273464114, 0.10384118407142018, 0.128626806061318, 0.15869846117702338, 0.09738047691765535, 0.13767179607658875, 0.054035005286033125, 0.03183366615764126, 0.040056384353341946, 0.014683425349465524, 0.005286033125807588, 0.009749794432045107, 0.0035240220838717255, 0.0016445436391401386, 0.0011746740279572419, 0.0008222718195700693, 0.00046986961118289676, 0.00011746740279572419, 0.0, 0.0], [0.0, 0.0002550369803621525, 0.0002550369803621525, 0.0017852588625350675, 0.001530221882172915, 0.003570517725070135, 0.0066309614894159655, 0.013261922978831931, 0.02142310635042081, 0.037745473093598575, 0.05279265493496557, 0.06375924509053812, 0.09614894159653149, 0.10992093853608774, 0.10941086457536343, 0.12343789849528182, 0.12037745473093599, 0.06809487375669472, 0.07702116806937005, 0.03034940066309615, 0.017852588625350677, 0.016067329762815608, 0.008671257332313186, 0.0056108135679673555, 0.005355776587605203, 0.003570517725070135, 0.002550369803621525, 0.00102014792144861, 0.000510073960724305, 0.0002550369803621525, 0.0007651109410864575, 0.0, 0.0], [0.0033783783783783786, 0.0, 0.0, 0.006756756756756757, 0.006756756756756757, 0.02364864864864865, 0.016891891891891893, 0.037162162162162164, 0.057432432432432436, 0.10472972972972973, 0.10472972972972973, 0.11824324324324324, 0.10810810810810811, 0.10810810810810811, 0.07094594594594594, 0.06756756756756757, 0.057432432432432436, 0.02364864864864865, 0.033783783783783786, 0.030405405405405407, 0.0033783783783783786, 0.0033783783783783786, 0.006756756756756757, 0.006756756756756757, 0.0, 0.0, 0.0, 0.0, 0.0, 0.0, 0.0, 0.0, 0.0], [0.00028121484814398203, 0.00018747656542932134, 0.00046869141357330335, 0.0003749531308586427, 0.00046869141357330335, 0.0012185976752905887, 0.00140607424071991, 0.004030746156730409, 0.007686539182602175, 0.016216722909636296, 0.026434195725534307, 0.03543307086614173, 0.08108361454818147, 0.1289838770153731, 0.13460817397825273, 0.12429696287964004, 0.14023247094113236, 0.08408323959505062, 0.09026996625421822, 0.04246344206974128, 0.025965504311961006, 0.025965504311961006, 0.010498687664041995, 0.0054368203974503185, 0.007592800899887514, 0.0017810273715785528, 0.00140607424071991, 0.0005624296962879641, 0.0005624296962879641, 0.0, 0.0, 0.0, 0.0], [0.0, 0.0, 0.0, 0.0, 0.0003990422984836393, 0.0003990422984836393, 0.0015961691939345571, 0.0003990422984836393, 0.0015961691939345571, 0.007980845969672785, 0.010375099760574621, 0.011971268954509178, 0.020750199521149242, 0.029928172386272944, 0.0538707102952913, 0.07262569832402235, 0.09776536312849161, 0.08898643256185156, 0.1839584996009577, 0.07302474062250598, 0.08060654429369513, 0.10335195530726257, 0.04628890662410216, 0.019553072625698324, 0.051476456504389465, 0.01675977653631285, 0.0111731843575419, 0.009976057462090982, 0.003591380686352753, 0.0015961691939345571, 0.0, 0.0, 0.0], [0.0, 0.0, 0.0002995805871779509, 0.0, 0.0014979029358897543, 0.0014979029358897543, 0.0029958058717795086, 0.005092869982025165, 0.01378070701018574, 0.021869382863990414, 0.03115638106650689, 0.040143798681845415, 0.06860395446375075, 0.08268424206111444, 0.10545236668663871, 0.12462552426602756, 0.1518873576992211, 0.08747753145596165, 0.1360095865787897, 0.04583582983822648, 0.028759736369083282, 0.025763930497303775, 0.007189934092270821, 0.005392450569203115, 0.007789095266626723, 0.0014979029358897543, 0.0014979029358897543, 0.0002995805871779509, 0.0005991611743559018, 0.0002995805871779509, 0.0, 0.0, 0.0], [0.0001827485380116959, 0.0, 0.0010964912280701754, 0.0005482456140350877, 0.0009137426900584795, 0.003472222222222222, 0.006396198830409356, 0.011878654970760233, 0.019554093567251463, 0.03929093567251462, 0.06414473684210527, 0.07474415204678363, 0.10873538011695906, 0.1070906432748538, 0.1339546783625731, 0.11951754385964912, 0.11933479532163743, 0.06341374269005848, 0.06286549707602339, 0.0266812865497076, 0.01206140350877193, 0.01206140350877193, 0.006578947368421052, 0.003472222222222222, 0.0014619883040935672, 0.0001827485380116959, 0.0003654970760233918, 0.0, 0.0, 0.0, 0.0, 0.0, 0.0], [0.0, 0.0, 0.0, 0.0, 0.00013156163662675965, 0.0005262465465070386, 0.0021049861860281543, 0.0038152874621760293, 0.008551506380739376, 0.01394553348243652, 0.027101697145112486, 0.04486251808972504, 0.0661755032232601, 0.08419944744112617, 0.11866859623733719, 0.1248519931587949, 0.16353111432706222, 0.09643467964741481, 0.1332719379029075, 0.041836600447309566, 0.02539139586896461, 0.02486514932245757, 0.00710432837784502, 0.005130903828443626, 0.004341534008683068, 0.0015787396395211155, 0.0006578081831337982, 0.00013156163662675965, 0.0007893698197605578, 0.0, 0.0, 0.0, 0.0], [0.00022802417056207958, 0.0, 0.0, 0.00011401208528103979, 0.00022802417056207958, 0.0006840725116862387, 0.0028503021320259946, 0.0044464713259605515, 0.0106031239311367, 0.02166229620339756, 0.03659787937521377, 0.047315015391631514, 0.07080150495952571, 0.08334283434044008, 0.10557519097024284, 0.11218789191654316, 0.13738456276365293, 0.09063960779842663, 0.12085281039790217, 0.05438376467905598, 0.03226542013453426, 0.03363356515790674, 0.012199293125071257, 0.004902519667084711, 0.008664918481359024, 0.0029643142173070344, 0.0019382054497776764, 0.0014821571086535172, 0.001140120852810398, 0.0007980845969672786, 0.00011401208528103979, 0.0, 0.0], [0.0, 0.0, 0.0, 0.0, 0.00047382136934375743, 0.00023691068467187872, 0.0007107320540156361, 0.0018952854773750297, 0.0045013030087656955, 0.006159677801468846, 0.015636105188343994, 0.027955460791281687, 0.050225065150438286, 0.07296849087893864, 0.09689647003079839, 0.1167969675432362, 0.1610992655768775, 0.11656005685856433, 0.1480691779199242, 0.064439706230751, 0.04027481639421938, 0.03885335228618811, 0.013977730395640844, 0.005212035062781332, 0.010187159440890783, 0.0028429282160625444, 0.001658374792703151, 0.0009476427386875149, 0.00047382136934375743, 0.0009476427386875149, 0.0, 0.0, 0.0], [0.0, 0.0, 0.0, 0.0, 0.001142857142857143, 0.0019047619047619048, 0.0026666666666666666, 0.004571428571428572, 0.012952380952380953, 0.019809523809523808, 0.03314285714285714, 0.04876190476190476, 0.06666666666666667, 0.0838095238095238, 0.09828571428571428, 0.11619047619047619, 0.1321904761904762, 0.09561904761904762, 0.11428571428571428, 0.05333333333333334, 0.031619047619047616, 0.030095238095238095, 0.02057142857142857, 0.008380952380952381, 0.011047619047619047, 0.004952380952380952, 0.0015238095238095239, 0.0038095238095238095, 0.002285714285714286, 0.00038095238095238096, 0.0, 0.0, 0.0], [0.00021920210434020167, 0.0, 0.00043840420868040335, 0.00043840420868040335, 0.00043840420868040335, 0.0010960105217010083, 0.002849627356422622, 0.00657606313020605, 0.011179307321350284, 0.019508987286277948, 0.03288031565103025, 0.04910127137220517, 0.07957036387549321, 0.09929855326611135, 0.11288908373520386, 0.12472599736957475, 0.14204296361245067, 0.08417360806663744, 0.11617711530030689, 0.04230600613765892, 0.024769837790442787, 0.02367382726874178, 0.00920648838228847, 0.004822446295484437, 0.0054800526085050415, 0.0017536168347216134, 0.0015344147303814116, 0.0015344147303814116, 0.00043840420868040335, 0.0008768084173608067, 0.0, 0.0, 0.0], [0.0, 0.0, 0.0001502178158329578, 0.0003004356316659156, 0.0004506534474988734, 0.0006008712633318312, 0.0018026137899954935, 0.003605227579990987, 0.0076611086074808476, 0.01772570226828902, 0.027489860297431275, 0.04100946372239748, 0.07946522457563467, 0.08592459065645186, 0.12047468829803215, 0.12678383656301637, 0.15322217214961695, 0.08502328376145411, 0.13970256872465076, 0.040558810274898605, 0.02253267237494367, 0.023283761454108456, 0.007210455159981974, 0.004806970106654649, 0.006459366080817185, 0.0013519603424966202, 0.0010515247108307045, 0.0004506534474988734, 0.0001502178158329578, 0.0007510890791647889, 0.0, 0.0, 0.0], [0.0, 0.0, 0.0, 0.008547008547008548, 0.008547008547008548, 0.008547008547008548, 0.008547008547008548, 0.008547008547008548, 0.017094017094017096, 0.07692307692307693, 0.05128205128205128, 0.07692307692307693, 0.05982905982905983, 0.06837606837606838, 0.07692307692307693, 0.1282051282051282, 0.11965811965811966, 0.07692307692307693, 0.042735042735042736, 0.02564102564102564, 0.03418803418803419, 0.008547008547008548, 0.02564102564102564, 0.0, 0.008547008547008548, 0.02564102564102564, 0.008547008547008548, 0.02564102564102564, 0.0, 0.0, 0.0, 0.0, 0.0], [0.00021068155482987464, 0.00010534077741493732, 0.0, 0.00010534077741493732, 0.00010534077741493732, 0.00010534077741493732, 0.00031602233224481196, 0.0018961339934688718, 0.006425787422311177, 0.012535552512377542, 0.022121563257136836, 0.035289160434004006, 0.06636468977141051, 0.08701148214473822, 0.11429474349520699, 0.13220267565574634, 0.16770251764458022, 0.11029179395343938, 0.11060781628568418, 0.05098493626882966, 0.027283261350468765, 0.029706099231012324, 0.00948066996734436, 0.003581586432107869, 0.006531128199726114, 0.0018961339934688718, 0.0013694301063941852, 0.0004213631096597493, 0.0010534077741493732, 0.0, 0.0, 0.0, 0.0], [0.0, 0.00015103458692040478, 0.0, 0.00015103458692040478, 0.0, 0.00015103458692040478, 0.0016613804561244525, 0.0010572421084428334, 0.0034737954991693096, 0.005588279716054976, 0.011478628605950763, 0.01797311584352817, 0.02945174444947893, 0.04591451442380305, 0.07023108291798821, 0.0978704123244223, 0.14982631022504153, 0.12475456879625434, 0.18199667723908775, 0.08050143482857575, 0.057846246790515025, 0.06147107687660474, 0.020691738408095454, 0.010270351910587524, 0.014499320344358859, 0.006494487237577405, 0.0031717263253285004, 0.001359311282283643, 0.0007551729346020238, 0.00045310376076121433, 0.0007551729346020238, 0.0, 0.0], [0.0002952755905511811, 9.84251968503937e-05, 9.84251968503937e-05, 0.0002952755905511811, 0.0004921259842519685, 0.0011811023622047244, 0.0015748031496062992, 0.003937007874015748, 0.007775590551181102, 0.01437007874015748, 0.025196850393700787, 0.03198818897637795, 0.05108267716535433, 0.06505905511811023, 0.08070866141732283, 0.09606299212598425, 0.13179133858267716, 0.1125984251968504, 0.16043307086614172, 0.07401574803149606, 0.048425196850393704, 0.04931102362204724, 0.01751968503937008, 0.009645669291338583, 0.010039370078740157, 0.0028543307086614173, 0.0014763779527559055, 0.0005905511811023622, 0.0010826771653543307, 0.0, 0.0, 0.0, 0.0], [0.0, 0.0, 0.0, 0.001763668430335097, 0.001763668430335097, 0.0, 0.0, 0.005291005291005291, 0.010582010582010581, 0.007054673721340388, 0.015873015873015872, 0.031746031746031744, 0.047619047619047616, 0.09876543209876543, 0.1111111111111111, 0.16049382716049382, 0.1657848324514991, 0.1146384479717813, 0.14109347442680775, 0.0564373897707231, 0.015873015873015872, 0.008818342151675485, 0.003527336860670194, 0.0, 0.001763668430335097, 0.0, 0.0, 0.0, 0.0, 0.0, 0.0, 0.0, 0.0], [0.0, 0.0, 0.0, 0.00016110842597067828, 0.0, 0.00016110842597067828, 0.0002416626389560174, 0.0007249879168680521, 0.001772192685677461, 0.00459159014016433, 0.007169324955695183, 0.02787175769292734, 0.0537296600612212, 0.07217657483486387, 0.09239568229418399, 0.10262606734332205, 0.1441114870307717, 0.09755115192524569, 0.18390526824552925, 0.06734332205574352, 0.04124375704849364, 0.06170452714676978, 0.01675527630095054, 0.0055582406959884005, 0.011277589817947478, 0.003061060093442887, 0.0014499758337361043, 0.0013694216207507652, 0.0004833252779120348, 0.000563879490897374, 0.0, 0.0, 0.0], [0.0001764757786993735, 8.823788934968675e-05, 8.823788934968675e-05, 0.0, 0.0005294273360981205, 0.0005294273360981205, 0.00026471366804906027, 0.0008823788934968676, 0.0011470925615459278, 0.005294273360981205, 0.009353216271066797, 0.019677049324980146, 0.034589252625077206, 0.04703079502338304, 0.06961969469690285, 0.19138798199947057, 0.22500661784170123, 0.13076855201623577, 0.15212212123885996, 0.05091326215476926, 0.027000794141004147, 0.022059472337421688, 0.005382511250330892, 0.0027353745698402896, 0.002117709344392482, 0.0005294273360981205, 0.000352951557398747, 0.000352951557398747, 0.0, 0.0, 0.0, 0.0, 0.0], [0.0001258019876714052, 0.0001258019876714052, 0.0001258019876714052, 0.0002516039753428104, 0.0007548119260284312, 0.0008806139136998364, 0.001887029815071078, 0.0032708516794565353, 0.005786891432884639, 0.01182538684111209, 0.021386337904138887, 0.033840734683608, 0.05472386463706127, 0.05887533023021764, 0.08994842118505472, 0.12894703736319033, 0.1617813561454271, 0.10995093722480816, 0.14203044408101648, 0.06705245942885897, 0.03648257642470751, 0.038621210215121396, 0.01421562460686879, 0.006415901371241666, 0.006793307334255881, 0.001887029815071078, 0.0011322178890426468, 0.0008806139136998364, 0.0, 0.0, 0.0, 0.0, 0.0], [0.0, 0.0, 0.0, 0.0, 0.0002952901225454009, 0.00014764506127270044, 0.0008858703676362026, 0.0017717407352724052, 0.004134061715635612, 0.006348737634726118, 0.014912151188542742, 0.02391849992617747, 0.03956887642108371, 0.060386830060534476, 0.09744574043998228, 0.12121659530488706, 0.15473202421379004, 0.09596928982725528, 0.1796840395688764, 0.06201092573453418, 0.03853536099217481, 0.044441163443082826, 0.018012697475269453, 0.008120478369998524, 0.011073379595452532, 0.006201092573453418, 0.004134061715635612, 0.0019193857965451055, 0.0016240956739997047, 0.0011811604901816035, 0.0013288055514543038, 0.0, 0.0], [0.0, 0.0002516356316054353, 0.0002516356316054353, 0.0005032712632108706, 0.001509813789632612, 0.0017614494212380473, 0.004781077000503271, 0.008807247106190236, 0.014343231001509815, 0.02843482637141419, 0.042274786109713136, 0.06240563663814796, 0.0832913940613991, 0.10744841469552088, 0.1275792652239557, 0.11147458480120785, 0.14771011575239054, 0.07146451937594363, 0.10870659285354806, 0.025415198792148968, 0.019124308002013084, 0.01987921489682939, 0.0027679919476597888, 0.002264720684448918, 0.004529441368897836, 0.0012581781580271766, 0.0005032712632108706, 0.000754906894816306, 0.0005032712632108706, 0.0, 0.0, 0.0, 0.0], [0.0, 0.0, 0.0, 0.0015923566878980893, 0.0021231422505307855, 0.0021231422505307855, 0.0031847133757961785, 0.01167728237791932, 0.014861995753715499, 0.014861995753715499, 0.03131634819532909, 0.04883227176220807, 0.06528662420382166, 0.08227176220806794, 0.1035031847133758, 0.11305732484076433, 0.16348195329087048, 0.09023354564755838, 0.1316348195329087, 0.04193205944798301, 0.02388535031847134, 0.026008492569002124, 0.013800424628450107, 0.004246284501061571, 0.005307855626326964, 0.0021231422505307855, 0.0005307855626326964, 0.0021231422505307855, 0.0, 0.0, 0.0, 0.0, 0.0], [0.0002681684097613301, 0.0, 0.0, 0.0, 0.0009385894341646554, 0.0010726736390453205, 0.0037543577366586215, 0.006838294448913918, 0.01193349423437919, 0.02064896755162242, 0.03526414588361491, 0.05323142933762403, 0.07924376508447305, 0.10458567980691874, 0.1358272995441137, 0.138508983641727, 0.13555913113435236, 0.07870742826495039, 0.09466344864574953, 0.035130061678734247, 0.018905872888173775, 0.022660230624832394, 0.008179136497720568, 0.004022526146419952, 0.006704210244033253, 0.0014749262536873156, 0.0005363368195226602, 0.0006704210244033253, 0.0, 0.00040225261464199515, 0.0002681684097613301, 0.0, 0.0], [0.0, 0.0, 0.0, 0.000551774875850653, 0.0001839249586168843, 0.001103549751701306, 0.0018392495861688431, 0.0025749494206363803, 0.007908773220526025, 0.011771197351480595, 0.022806694868493654, 0.03365826742688983, 0.062350560971123785, 0.08460548096376679, 0.09913555269450064, 0.11476917417693581, 0.14603641714180615, 0.08993930476365643, 0.13260989516277358, 0.05609711237814972, 0.03623321684752621, 0.03935994114401324, 0.015633621482435165, 0.0075409233032922565, 0.016369321316902705, 0.0055177487585065296, 0.005333823799889645, 0.0025749494206363803, 0.0014713996689350744, 0.0012874747103181902, 0.0007356998344675372, 0.0, 0.0], [0.00019984012789768185, 0.0, 0.0, 0.0, 0.0003996802557953637, 0.0009992006394884093, 0.001398880895283773, 0.0021982414068745003, 0.006195043964828137, 0.015587529976019185, 0.02577937649880096, 0.03996802557953637, 0.06314948041566747, 0.0859312549960032, 0.11131095123900879, 0.1256994404476419, 0.14828137490007995, 0.09532374100719425, 0.13689048760991207, 0.051159072741806554, 0.03297362110311751, 0.02697841726618705, 0.010391686650679457, 0.00539568345323741, 0.005795363709032774, 0.001398880895283773, 0.002398081534772182, 0.0015987210231814548, 0.0017985611510791368, 0.0007993605115907274, 0.0, 0.0, 0.0], [0.00011618450098756825, 0.00011618450098756825, 0.00011618450098756825, 0.0, 0.00011618450098756825, 0.0011618450098756826, 0.001742767514813524, 0.005112118043453003, 0.007551992564191937, 0.01591727663529685, 0.03229929127454398, 0.05054025792959219, 0.08620889973277565, 0.10561171139769955, 0.13233414662484025, 0.13930521668409435, 0.15499012431741604, 0.08830022075055188, 0.09422563030091785, 0.043453003369350526, 0.016498199140234693, 0.013942140118508192, 0.006157778552341117, 0.0016265830138259556, 0.0013942140118508191, 0.0002323690019751365, 0.0003485535029627048, 0.000464738003950273, 0.00011618450098756825, 0.0, 0.0, 0.0, 0.0], [0.0, 0.0, 0.0, 0.00020177562550443906, 0.00020177562550443906, 0.0010088781275221952, 0.0012106537530266344, 0.003430185633575464, 0.005447941888619854, 0.011097659402744148, 0.024213075060532687, 0.03954802259887006, 0.07001614205004035, 0.09382566585956416, 0.12691686844229216, 0.134180790960452, 0.15879741727199354, 0.10028248587570622, 0.10714285714285714, 0.045601291364003226, 0.02401129943502825, 0.022598870056497175, 0.011299435028248588, 0.0038337368845843423, 0.00887812752219532, 0.00221953188054883, 0.0018159806295399517, 0.0006053268765133172, 0.0012106537530266344, 0.00020177562550443906, 0.00020177562550443906, 0.0, 0.0], [0.0, 0.0, 0.0, 0.00020973154362416107, 0.0, 0.0012583892617449664, 0.0012583892617449664, 0.002307046979865772, 0.0050335570469798654, 0.006921140939597316, 0.013003355704697987, 0.022441275167785234, 0.041107382550335574, 0.06480704697986577, 0.09941275167785235, 0.12080536912751678, 0.16128355704697986, 0.1109479865771812, 0.17030201342281878, 0.06501677852348993, 0.03166946308724832, 0.041107382550335574, 0.01761744966442953, 0.007130872483221477, 0.009437919463087249, 0.0050335570469798654, 0.0008389261744966443, 0.00041946308724832214, 0.00020973154362416107, 0.00041946308724832214, 0.0, 0.0, 0.0], [0.0, 0.0, 0.00013313806417254693, 0.0, 0.00026627612834509385, 0.0006656903208627346, 0.0006656903208627346, 0.0031953135401411262, 0.004792970310211689, 0.007988283850352816, 0.019438157369191852, 0.037944348289175873, 0.06150978564771668, 0.09439488749833577, 0.1151644255092531, 0.12341898548795101, 0.14765011316735455, 0.09346292104912794, 0.1399281054453468, 0.04806284116628944, 0.030621754759685794, 0.02982292637465051, 0.01610970576487818, 0.006790041272799894, 0.010784183197976301, 0.0029290374117960324, 0.002130209026760751, 0.0015976567700705631, 0.00013313806417254693, 0.0003994141925176408, 0.0, 0.0, 0.0], [0.0, 0.0, 8.259002312520647e-05, 0.0, 8.259002312520647e-05, 8.259002312520647e-05, 0.0002477700693756194, 0.0008259002312520648, 0.001734390485629336, 0.004707631318136769, 0.00842418235877106, 0.016518004625041296, 0.027750247770069375, 0.037082920383217706, 0.09291377601585729, 0.1415592996366039, 0.17773372976544433, 0.11265279154278163, 0.19854641559299638, 0.0701189296333003, 0.037413280475718534, 0.04377271225635943, 0.010736703006276842, 0.004046911133135117, 0.007350512058143376, 0.0022299306243805748, 0.0013214403700033035, 0.0007433102081268583, 0.0007433102081268583, 0.0005781301618764453, 0.0, 0.0, 0.0], [0.0, 0.0, 0.0, 0.0, 0.0002339728591483388, 0.0007019185774450163, 0.0012868507253158633, 0.002339728591483388, 0.004679457182966776, 0.0099438465138044, 0.015559195133364529, 0.02889564810481984, 0.045624707533926064, 0.07136172204024332, 0.10376696303228826, 0.13114178755264388, 0.17559663079082827, 0.11242395882077678, 0.16647168928404305, 0.05381375760411792, 0.026789892372484792, 0.03205428170332241, 0.008306036499766026, 0.003275620028076743, 0.002924660739354235, 0.0007019185774450163, 0.0008189050070191858, 0.0008189050070191858, 0.0004679457182966776, 0.0, 0.0, 0.0, 0.0], [0.0, 0.00398406374501992, 0.0, 0.00398406374501992, 0.00398406374501992, 0.0199203187250996, 0.03187250996015936, 0.03187250996015936, 0.0796812749003984, 0.05179282868525897, 0.035856573705179286, 0.07171314741035857, 0.05976095617529881, 0.12350597609561753, 0.11952191235059761, 0.10358565737051793, 0.099601593625498, 0.055776892430278883, 0.035856573705179286, 0.01593625498007968, 0.01195219123505976, 0.0199203187250996, 0.00398406374501992, 0.01593625498007968, 0.0, 0.0, 0.0, 0.0, 0.0, 0.0, 0.0, 0.0, 0.0]]}, "ranks": {"labels": ["Unranked", "Combatatent I", "Combatatent II", "Challenger I", "Challenger II", "Rival I", "Rival II", "Duelist", "Elite"], "data": [[0.14804469273743018, 0.18156424581005587, 0.22625698324022347, 0.20670391061452514, 0.12290502793296089, 0.06424581005586592, 0.025139664804469275, 0.01675977653631285, 0.008379888268156424], [0.059674502712477394, 0.09367088607594937, 0.17540687160940324, 0.25641952983725136, 0.227124773960217, 0.1341772151898734, 0.027848101265822784, 0.01844484629294756, 0.007233273056057866], [0.0075147026791548685, 0.013613591810063167, 0.06436506207797865, 0.19048137660640382, 0.2881725114354171, 0.27608364190808105, 0.0714441298192115, 0.07046395120888695, 0.017861032454802875], [0.015173560590313865, 0.02525462481812513, 0.05799210143421326, 0.19081272084805653, 0.3157347744751611, 0.25067553523176056, 0.07233423404697568, 0.06173352733319476, 0.010288921222199127], [0.15873015873015872, 0.15873015873015872, 0.21428571428571427, 0.19047619047619047, 0.07936507936507936, 0.12698412698412698, 0.023809523809523808, 0.047619047619047616, 0.0], [0.020556795489251732, 0.05133325502173147, 0.1384940678961588, 0.23246799013273817, 0.25607893809467874, 0.16774345119229414, 0.05579701632796899, 0.06002584282861506, 0.017502643016562902], [0.0864575363427697, 0.1165519000255037, 0.20606988013261923, 0.23284876307064525, 0.1884723284876307, 0.0966590155572558, 0.02856414180056108, 0.03034940066309615, 0.014027033919918388], [0.25675675675675674, 0.22297297297297297, 0.21621621621621623, 0.13851351351351351, 0.08108108108108109, 0.04391891891891892, 0.02364864864864865, 0.016891891891891893, 0.0], [0.03233970753655793, 0.06186726659167604, 0.21006749156355456, 0.25890513685789274, 0.224315710536183, 0.11557930258717661, 0.04311961004874391, 0.04190101237345332, 0.011904761904761904], [0.012370311252992818, 0.0223463687150838, 0.050678371907422186, 0.12649640861931366, 0.18675179569034317, 0.21987230646448525, 0.11771747805267359, 0.16919393455706305, 0.0945730247406225], [0.04703415218693829, 0.0713001797483523, 0.1512881965248652, 0.23007789095266626, 0.23936488915518275, 0.16177351707609347, 0.04883163571000599, 0.03834631515877771, 0.011983223487118035], [0.08333333333333333, 0.1388888888888889, 0.21582602339181287, 0.2534722222222222, 0.1827485380116959, 0.0762061403508772, 0.02540204678362573, 0.022112573099415205, 0.002010233918128655], [0.02907512169451388, 0.07196421523483752, 0.15037495066438628, 0.24352058939613208, 0.25996579397447706, 0.15576897776608342, 0.044730956453098276, 0.037100381528746215, 0.007499013287725299], [0.04081632653061224, 0.08391289476684528, 0.1541443392999658, 0.217763082886786, 0.22802417056207958, 0.15060996465625356, 0.05689203055523886, 0.05073537795006271, 0.01710181279215597], [0.013977730395640844, 0.04359156597962568, 0.12319355602937693, 0.21369343757403458, 0.27765932243544184, 0.18715944089078418, 0.0656242596541104, 0.05804311774461028, 0.017057569296375266], [0.04304761904761905, 0.08190476190476191, 0.15047619047619049, 0.2144761904761905, 0.22780952380952382, 0.14285714285714285, 0.05638095238095238, 0.05904761904761905, 0.024], [0.04274441034633932, 0.08198158702323542, 0.17886891714160455, 0.2376150811047786, 0.22621657167908812, 0.14204296361245067, 0.041209995615957916, 0.03770276194651469, 0.011617711530030689], [0.03229683040408592, 0.06849932401982875, 0.1653898152320865, 0.24725852486104852, 0.23824545591107105, 0.16388763707375695, 0.03890641430073607, 0.03530118672074508, 0.01021481147664113], [0.13675213675213677, 0.1282051282051282, 0.1282051282051282, 0.20512820512820512, 0.19658119658119658, 0.05128205128205128, 0.05128205128205128, 0.03418803418803419, 0.06837606837606838], [0.021805540924892026, 0.05741072369114084, 0.15337617191614875, 0.24649741915095333, 0.2779943115980196, 0.139471189297377, 0.049404824607605605, 0.04276835563046455, 0.011271463183398294], [0.012233801540552787, 0.02945174444947893, 0.07536625887328198, 0.16810149524241053, 0.27458087902129585, 0.2250415345114031, 0.09530282434677541, 0.09243316719528773, 0.02748829481951367], [0.030118110236220474, 0.05718503937007874, 0.11614173228346457, 0.1767716535433071, 0.24438976377952756, 0.19960629921259843, 0.08326771653543306, 0.0764763779527559, 0.016043307086614174], [0.026455026455026454, 0.047619047619047616, 0.14638447971781304, 0.2716049382716049, 0.2804232804232804, 0.1781305114638448, 0.03527336860670194, 0.012345679012345678, 0.001763668430335097], [0.007652650233607217, 0.035041082648622525, 0.12590623489608507, 0.19502174963750604, 0.2416626389560174, 0.22281295311744803, 0.06967939423231835, 0.08401804414370871, 0.018205252134686645], [0.00900026471366805, 0.029030265596046944, 0.08162004764846024, 0.2610076766963734, 0.355775169857937, 0.18079943527750816, 0.04923674225712521, 0.03017735815759287, 0.0033530397952880966], [0.025034595546609636, 0.05522707258774689, 0.1135991948672789, 0.21889545854824508, 0.27173229337023524, 0.17863882249339538, 0.06692665744118757, 0.059252736193231854, 0.010693168952069444], [0.01358334563708844, 0.03883065111472021, 0.0999557064816182, 0.21866233574486935, 0.25070131404104534, 0.212904178355234, 0.0673261479403514, 0.0705743392883508, 0.02746198139672228], [0.060644187216909916, 0.1046804227478611, 0.19073980875691998, 0.23905385002516355, 0.21917463512833418, 0.1217916456970307, 0.03145445395067942, 0.0249119275289381, 0.00754906894816306], [0.05042462845010616, 0.08014861995753715, 0.1475583864118896, 0.21656050955414013, 0.2537154989384289, 0.15658174097664543, 0.04087048832271762, 0.0440552016985138, 0.010084925690021231], [0.045454545454545456, 0.08849557522123894, 0.1838294448913918, 0.2743362831858407, 0.21426655939930275, 0.11504424778761062, 0.03365513542504693, 0.03486189326897292, 0.01005631536604988], [0.025933419164980688, 0.05646496229538348, 0.14695604193489056, 0.21390472687143644, 0.23597572190546257, 0.16222181350009196, 0.06271841088835756, 0.06253448592974066, 0.03329041750965606], [0.02697841726618705, 0.06574740207833733, 0.14908073541167066, 0.23701039168665067, 0.24360511590727418, 0.16686650679456436, 0.054156674660271784, 0.04276578737010392, 0.013788968824940047], [0.03195073777158127, 0.08283954920413616, 0.1918206111304752, 0.27163936330893457, 0.24329034506796793, 0.12013477402114559, 0.0340420587893575, 0.021726501684675263, 0.0025560590217265015], [0.022598870056497175, 0.06376109765940274, 0.1638418079096045, 0.26109765940274415, 0.25907990314769974, 0.13135593220338984, 0.04539951573849879, 0.0377320419693301, 0.01513317191283293], [0.016988255033557047, 0.03544463087248322, 0.10591442953020135, 0.22021812080536912, 0.2722315436241611, 0.20868288590604026, 0.05830536912751678, 0.06585570469798657, 0.016359060402684564], [0.017707362534948742, 0.05738250565836773, 0.15590467314605247, 0.2385834109972041, 0.2411130342164825, 0.16695513247237384, 0.05165756889894821, 0.052722673412328586, 0.017973638663293837], [0.007763462173769409, 0.024942186983812356, 0.06483316815328709, 0.23447307565246117, 0.29038652130822595, 0.23752890650809383, 0.06854971919392137, 0.058556326395771394, 0.012966633630657417], [0.01918577445016378, 0.04445484323818437, 0.1169864295741694, 0.23490875058493216, 0.28802058961160504, 0.19630322882545626, 0.05077211043518952, 0.04363593823116518, 0.005732335049134301], [0.22709163346613545, 0.10756972111553785, 0.18326693227091634, 0.22310756972111553, 0.1553784860557769, 0.0398406374501992, 0.02390438247011952, 0.0398406374501992, 0.0]]}, "ranksDetailed": {"labels": ["Unranked", "Combatatant", "Challenger", "Rival", "Duelist", "Elite"], "data": [[0.14804469273743018, 0.40782122905027934, 0.329608938547486, 0.0893854748603352, 0.01675977653631285, 0.008379888268156424], [0.059674502712477394, 0.26907775768535264, 0.4835443037974684, 0.1620253164556962, 0.01844484629294756, 0.007233273056057866], [0.0075147026791548685, 0.07797865388804182, 0.47865388804182096, 0.34752777172729254, 0.07046395120888695, 0.017861032454802875], [0.015173560590313865, 0.0832467262523384, 0.5065474953232176, 0.3230097692787362, 0.06173352733319476, 0.010288921222199127], [0.15873015873015872, 0.373015873015873, 0.2698412698412698, 0.15079365079365079, 0.047619047619047616, 0.0], [0.020556795489251732, 0.18982732291789028, 0.4885469282274169, 0.22354046752026313, 0.06002584282861506, 0.017502643016562902], [0.0864575363427697, 0.32262178015812293, 0.42132109155827596, 0.1252231573578169, 0.03034940066309615, 0.014027033919918388], [0.25675675675675674, 0.4391891891891892, 0.2195945945945946, 0.06756756756756757, 0.016891891891891893, 0.0], [0.03233970753655793, 0.2719347581552306, 0.4832208473940757, 0.1586989126359205, 0.04190101237345332, 0.011904761904761904], [0.012370311252992818, 0.07302474062250598, 0.31324820430965683, 0.3375897845171588, 0.16919393455706305, 0.0945730247406225], [0.04703415218693829, 0.2225883762732175, 0.469442780107849, 0.21060515278609945, 0.03834631515877771, 0.011983223487118035], [0.08333333333333333, 0.35471491228070173, 0.43622076023391815, 0.10160818713450293, 0.022112573099415205, 0.002010233918128655], [0.02907512169451388, 0.22233916589922378, 0.5034863833706091, 0.2004999342191817, 0.037100381528746215, 0.007499013287725299], [0.04081632653061224, 0.2380572340668111, 0.4457872534488656, 0.20750199521149243, 0.05073537795006271, 0.01710181279215597], [0.013977730395640844, 0.1667851220090026, 0.4913527600094764, 0.2527837005448946, 0.05804311774461028, 0.017057569296375266], [0.04304761904761905, 0.23238095238095238, 0.4422857142857143, 0.19923809523809524, 0.05904761904761905, 0.024], [0.04274441034633932, 0.26085050416483996, 0.46383165278386673, 0.1832529592284086, 0.03770276194651469, 0.011617711530030689], [0.03229683040408592, 0.2338891392519153, 0.4855039807721196, 0.20279405137449302, 0.03530118672074508, 0.01021481147664113], [0.13675213675213677, 0.2564102564102564, 0.4017094017094017, 0.10256410256410256, 0.03418803418803419, 0.06837606837606838], [0.021805540924892026, 0.21078689560728958, 0.5244917307489729, 0.18887601390498263, 0.04276835563046455, 0.011271463183398294], [0.012233801540552787, 0.10481800332276091, 0.4426823742637064, 0.3203443588581785, 0.09243316719528773, 0.02748829481951367], [0.030118110236220474, 0.1733267716535433, 0.42116141732283463, 0.2828740157480315, 0.0764763779527559, 0.016043307086614174], [0.026455026455026454, 0.19400352733686066, 0.5520282186948854, 0.21340388007054673, 0.012345679012345678, 0.001763668430335097], [0.007652650233607217, 0.1609473175447076, 0.43668438859352343, 0.29249234734976637, 0.08401804414370871, 0.018205252134686645], [0.00900026471366805, 0.11065031324450719, 0.6167828465543104, 0.23003617753463337, 0.03017735815759287, 0.0033530397952880966], [0.025034595546609636, 0.1688262674550258, 0.4906277519184803, 0.24556547993458297, 0.059252736193231854, 0.010693168952069444], [0.01358334563708844, 0.1387863575963384, 0.46936364978591466, 0.2802303262955854, 0.0705743392883508, 0.02746198139672228], [0.060644187216909916, 0.2954202315047811, 0.45822848515349773, 0.1532460996477101, 0.0249119275289381, 0.00754906894816306], [0.05042462845010616, 0.22770700636942676, 0.470276008492569, 0.19745222929936307, 0.0440552016985138, 0.010084925690021231], [0.045454545454545456, 0.2723250201126307, 0.48860284258514347, 0.14869938321265755, 0.03486189326897292, 0.01005631536604988], [0.025933419164980688, 0.20342100423027404, 0.44988044877689903, 0.22494022438844952, 0.06253448592974066, 0.03329041750965606], [0.02697841726618705, 0.21482813749000798, 0.48061550759392485, 0.22102318145483613, 0.04276578737010392, 0.013788968824940047], [0.03195073777158127, 0.2746601603346114, 0.5149297083769026, 0.15417683281050307, 0.021726501684675263, 0.0025560590217265015], [0.022598870056497175, 0.22760290556900725, 0.5201775625504439, 0.17675544794188863, 0.0377320419693301, 0.01513317191283293], [0.016988255033557047, 0.14135906040268456, 0.4924496644295302, 0.26698825503355705, 0.06585570469798657, 0.016359060402684564], [0.017707362534948742, 0.2132871788044202, 0.4796964452136866, 0.21861270137132205, 0.052722673412328586, 0.017973638663293837], [0.007763462173769409, 0.08977535513709944, 0.5248595969606872, 0.3060786257020152, 0.058556326395771394, 0.012966633630657417], [0.01918577445016378, 0.16144127281235376, 0.5229293401965373, 0.24707533926064576, 0.04363593823116518, 0.005732335049134301], [0.22709163346613545, 0.2908366533864542, 0.3784860557768924, 0.06374501992031872, 0.0398406374501992, 0.0]]}}}, "eu": {"histType": {"histogram": {"labels": ["0", "100", "200", "300", "400", "500", "600", "700", "800", "900", "1000", "1100", "1200", "1300", "1400", "1500", "1600", "1700", "1800", "1900", "2000", "2100", "2200", "2300", "2400", "2500", "2600", "2700", "2800", "2900", "3000", "3100", "3200"], "data": [[0.0, 0.0, 0.0036101083032490976, 0.0, 0.0, 0.007220216606498195, 0.018050541516245487, 0.02888086642599278, 0.05054151624548736, 0.08664259927797834, 0.07220216606498195, 0.07220216606498195, 0.07220216606498195, 0.1299638989169675, 0.1263537906137184, 0.10108303249097472, 0.08303249097472924, 0.05776173285198556, 0.032490974729241874, 0.02888086642599278, 0.007220216606498195, 0.010830324909747292, 0.007220216606498195, 0.0, 0.0036101083032490976, 0.0, 0.0, 0.0, 0.0, 0.0, 0.0, 0.0, 0.0], [0.0, 0.0, 0.00078125, 0.00078125, 0.001171875, 0.004296875, 0.005859375, 0.009765625, 0.025, 0.030859375, 0.044921875, 0.06328125, 0.083203125, 0.1, 0.12421875, 0.1265625, 0.13828125, 0.073046875, 0.102734375, 0.027734375, 0.0140625, 0.012890625, 0.003125, 0.002734375, 0.003125, 0.00078125, 0.00078125, 0.0, 0.0, 0.0, 0.0, 0.0, 0.0], [0.0, 0.0, 0.0, 0.00011001100110011001, 0.00011001100110011001, 0.00011001100110011001, 0.00011001100110011001, 0.0009900990099009901, 0.0017601760176017601, 0.0026402640264026403, 0.00605060506050605, 0.013971397139713971, 0.043014301430143016, 0.05654565456545654, 0.0878987898789879, 0.10968096809680968, 0.1715071507150715, 0.1055005500550055, 0.22035203520352034, 0.06314631463146314, 0.038173817381738175, 0.041804180418041806, 0.01485148514851485, 0.005830583058305831, 0.009680968096809682, 0.00286028602860286, 0.0011001100110011, 0.0013201320132013201, 0.00044004400440044003, 0.00033003300330033004, 0.00011001100110011001, 0.0, 0.0], [0.0, 0.0, 0.0, 9.855129594954174e-05, 9.855129594954174e-05, 0.00019710259189908348, 0.0006898590716467921, 0.0020695772149403767, 0.0024637823987385433, 0.005715975165073421, 0.011136296442298216, 0.017936335862816597, 0.021976938996747807, 0.02877697841726619, 0.08465556322065636, 0.13580368581846852, 0.19079530895831281, 0.12762392825465654, 0.190105449886666, 0.07105548437961959, 0.03981472356361486, 0.04089878781905982, 0.011924706809894551, 0.004730462205578003, 0.008376860155711048, 0.001872474623041293, 0.00039420518379816696, 0.00019710259189908348, 0.0002956538878486252, 0.0002956538878486252, 0.0, 0.0, 0.0], [0.0, 0.0, 0.0, 0.0, 0.0, 0.025423728813559324, 0.025423728813559324, 0.059322033898305086, 0.06779661016949153, 0.03389830508474576, 0.07627118644067797, 0.11016949152542373, 0.05084745762711865, 0.059322033898305086, 0.06779661016949153, 0.13559322033898305, 0.025423728813559324, 0.0847457627118644, 0.03389830508474576, 0.05084745762711865, 0.05084745762711865, 0.0, 0.00847457627118644, 0.00847457627118644, 0.025423728813559324, 0.0, 0.0, 0.0, 0.0, 0.0, 0.0, 0.0, 0.0], [0.0, 0.00011768859597505002, 0.00023537719195010004, 0.00023537719195010004, 0.0004707543839002001, 0.00035306578792515005, 0.0008238201718253501, 0.0038837236671766507, 0.006237495586677651, 0.013181122749205602, 0.021537013063434154, 0.033541249852889254, 0.05354831116864776, 0.07461456984818171, 0.11003883723667177, 0.11721784159114981, 0.14993527127221373, 0.10191832411439332, 0.14122631517006, 0.05590208308814876, 0.03271742