{"region": {"us": {"histType": {"histogram": {"labels": ["0", "100", "200", "300", "400", "500", "600", "700", "800", "900", "1000", "1100", "1200", "1300", "1400", "1500", "1600", "1700", "1800", "1900", "2000", "2100", "2200", "2300", "2400", "2500", "2600", "2700", "2800", "2900", "3000", "3100"], "data": [[0.0, 0.0, 0.003246753246753247, 0.003246753246753247, 0.006493506493506494, 0.006493506493506494, 0.022727272727272728, 0.012987012987012988, 0.032467532467532464, 0.02922077922077922, 0.06493506493506493, 0.08116883116883117, 0.08766233766233766, 0.11688311688311688, 0.10714285714285714, 0.10714285714285714, 0.10064935064935066, 0.05519480519480519, 0.05519480519480519, 0.048701298701298704, 0.025974025974025976, 0.00974025974025974, 0.0, 0.012987012987012988, 0.00974025974025974, 0.0, 0.0, 0.0, 0.0, 0.0, 0.0, 0.0], [0.0, 0.0008343763037129745, 0.0, 0.00041718815185648727, 0.0008343763037129745, 0.001668752607425949, 0.0050062578222778474, 0.010429703796412181, 0.01084689194826867, 0.02002503128911139, 0.034626616604088445, 0.04297037964121819, 0.06382978723404255, 0.07592824363788069, 0.10137672090112641, 0.12098456403838131, 0.14685022945348353, 0.09094701710471423, 0.14977054651647892, 0.05506883604505632, 0.023362536503963287, 0.016687526074259492, 0.010012515644555695, 0.005423445974134335, 0.004171881518564873, 0.0020859407592824365, 0.0037546933667083854, 0.0020859407592824365, 0.0, 0.0, 0.0, 0.0], [0.00013449899125756557, 0.0, 0.0, 0.00026899798251513114, 0.00026899798251513114, 0.00026899798251513114, 0.00026899798251513114, 0.0006724949562878278, 0.0036314727639542702, 0.004438466711499664, 0.008338937457969065, 0.011701412239408205, 0.019233355749831878, 0.03026227303295225, 0.04546065904505716, 0.06819098856758574, 0.11593813046402152, 0.10302622730329522, 0.2652320107599193, 0.08312037659717553, 0.06160053799596503, 0.08459986550100874, 0.025958305312710154, 0.014122394082044385, 0.03160726294552791, 0.009280430396772024, 0.004707464694014795, 0.004169468728984532, 0.0014794889038332213, 0.001882985877605918, 0.00013449899125756557, 0.0], [0.0, 0.0, 0.0, 0.0, 0.0001231830500123183, 0.0002463661000246366, 0.0009854644000985464, 0.002340477950234048, 0.006282335550628234, 0.010963291451096329, 0.016383345651638334, 0.01983247105198325, 0.036708548903670854, 0.05001231830500123, 0.07440256220744025, 0.10199556541019955, 0.1547179108154718, 0.11160384331116038, 0.19068736141906872, 0.0787139689578714, 0.050997782705099776, 0.05407735895540774, 0.016506528701650654, 0.006282335550628234, 0.010963291451096329, 0.0022172949002217295, 0.0011086474501108647, 0.0013550135501355014, 0.0002463661000246366, 0.0, 0.0002463661000246366, 0.0], [0.0, 0.0, 0.0, 0.0, 0.008771929824561403, 0.0, 0.008771929824561403, 0.03508771929824561, 0.02631578947368421, 0.05263157894736842, 0.043859649122807015, 0.07894736842105263, 0.07017543859649122, 0.10526315789473684, 0.08771929824561403, 0.09649122807017543, 0.06140350877192982, 0.03508771929824561, 0.09649122807017543, 0.08771929824561403, 0.03508771929824561, 0.03508771929824561, 0.017543859649122806, 0.017543859649122806, 0.0, 0.0, 0.0, 0.0, 0.0, 0.0, 0.0, 0.0], [0.0, 0.0, 0.0, 0.0001278118609406953, 0.0, 0.0001278118609406953, 0.0, 0.0017893660531697342, 0.0019171779141104294, 0.0066462167689161555, 0.01111963190184049, 0.01853271983640082, 0.032208588957055216, 0.05789877300613497, 0.0844836400817996, 0.1166922290388548, 0.15465235173824132, 0.10672290388548057, 0.16692229038854806, 0.0708077709611452, 0.043072597137014314, 0.05764314928425358, 0.019938650306748466, 0.009969325153374233, 0.020705521472392636, 0.007668711656441718, 0.0031952965235173825, 0.003067484662576687, 0.0019171779141104294, 0.0015337423312883436, 0.0006390593047034765, 0.0], [0.0, 0.0, 0.00026659557451346307, 0.0015995734470807784, 0.0018661690215942416, 0.002932551319648094, 0.005065315915755798, 0.00959744068248467, 0.017595307917888565, 0.02505998400426553, 0.038656358304452146, 0.04798720341242335, 0.07011463609704079, 0.08344441482271395, 0.10770461210343908, 0.12476672887230073, 0.12583311117035456, 0.08344441482271395, 0.10663822980538523, 0.04025593175153293, 0.02852572647294055, 0.028259130898427087, 0.011197014129565449, 0.00693148493735004, 0.012263396427619302, 0.005865102639296188, 0.006664889362836577, 0.0023993601706211675, 0.002932551319648094, 0.0021327645961077045, 0.0, 0.0], [0.003355704697986577, 0.0, 0.003355704697986577, 0.010067114093959731, 0.013422818791946308, 0.013422818791946308, 0.016778523489932886, 0.050335570469798654, 0.050335570469798654, 0.09731543624161074, 0.087248322147651, 0.10067114093959731, 0.09060402684563758, 0.10738255033557047, 0.07046979865771812, 0.07718120805369127, 0.06040268456375839, 0.040268456375838924, 0.02348993288590604, 0.03355704697986577, 0.010067114093959731, 0.016778523489932886, 0.020134228187919462, 0.003355704697986577, 0.0, 0.0, 0.0, 0.0, 0.0, 0.0, 0.0, 0.0], [0.00040342914775592535, 0.000302571860816944, 0.0005042864346949068, 0.000605143721633888, 0.0005042864346949068, 0.0017145738779626829, 0.0017145738779626829, 0.00524457892082703, 0.009480584972264247, 0.019868885526979324, 0.03429147755925366, 0.048714069591527985, 0.06364094805849722, 0.07170953101361574, 0.09309127584467977, 0.1097327281896117, 0.1361573373676248, 0.09127584467977812, 0.10660615229450328, 0.057488653555219364, 0.040342914775592535, 0.041048915784165405, 0.01734745335350479, 0.011699445284921835, 0.019263741805345437, 0.008371154815935452, 0.004437720625315179, 0.002420574886535552, 0.0019162884518406456, 0.00010085728693898134, 0.0, 0.0], [0.0, 0.0, 0.0, 0.0, 0.00037313432835820896, 0.0007462686567164179, 0.00037313432835820896, 0.00037313432835820896, 0.0007462686567164179, 0.005597014925373134, 0.0070895522388059705, 0.006716417910447761, 0.013059701492537313, 0.020895522388059702, 0.03955223880597015, 0.06343283582089553, 0.07723880597014926, 0.0832089552238806, 0.18507462686567164, 0.08246268656716418, 0.08619402985074627, 0.12052238805970149, 0.050746268656716415, 0.025373134328358207, 0.0667910447761194, 0.023880597014925373, 0.012313432835820896, 0.015671641791044775, 0.006716417910447761, 0.0029850746268656717, 0.0018656716417910447, 0.0], [0.0, 0.0, 0.00032583903551645487, 0.0, 0.0019550342130987292, 0.0013033561420658195, 0.0035842293906810036, 0.0035842293906810036, 0.012056044314108831, 0.017921146953405017, 0.030954708374063212, 0.03486477680026067, 0.06028022157054415, 0.07266210492016943, 0.09221244705115673, 0.11274030628869339, 0.1378299120234604, 0.09644835451287065, 0.1495601173020528, 0.05278592375366569, 0.03616813294232649, 0.039100684261974585, 0.013033561420658195, 0.008145975887911373, 0.011078527207559466, 0.004235907461713913, 0.0032583903551645487, 0.0013033561420658195, 0.0019550342130987292, 0.0006516780710329097, 0.0, 0.0], [0.00018389113644722325, 0.0, 0.0005516734093416697, 0.0005516734093416697, 0.0009194556822361162, 0.002022802500919456, 0.004597278411180581, 0.008275101140125045, 0.014343508642883413, 0.023538065465244576, 0.050937844795880836, 0.06417800662008091, 0.08955498344979772, 0.0972784111805811, 0.1344244207429202, 0.13001103346818682, 0.12798823096726739, 0.07410812798823097, 0.07962486208164767, 0.03622655388010298, 0.020779698418536226, 0.017653549098933432, 0.008275101140125045, 0.004965060684075028, 0.004597278411180581, 0.0012872379551305626, 0.002022802500919456, 0.000735564545788893, 0.0003677822728944465, 0.0, 0.0, 0.0], [0.0, 0.0, 0.0, 0.0, 0.00034620045006058506, 0.0006924009001211701, 0.0027696036004846805, 0.003288904275575558, 0.007443309676302579, 0.01021291327678726, 0.025099532629392417, 0.03669724770642202, 0.05141076683399688, 0.0673359875367838, 0.10593733771853904, 0.11095724424441752, 0.14471178812532456, 0.10299463389302406, 0.15475160117708153, 0.06075817898563268, 0.03513934568114938, 0.03531244590617968, 0.013501817552362818, 0.009174311926605505, 0.012636316427211355, 0.004500605850787606, 0.0017310022503029255, 0.0013848018002423402, 0.0012117015752120478, 0.0, 0.0, 0.0], [0.00022838871759735068, 0.0, 0.0, 0.00011419435879867534, 0.00022838871759735068, 0.00034258307639602604, 0.0014845266643827796, 0.002283887175973507, 0.004796163069544364, 0.013589128697042365, 0.021468539454150965, 0.027064063035286058, 0.03768413840356286, 0.0504739065890145, 0.07730958090670322, 0.10311750599520383, 0.14377069772753226, 0.10757108598835217, 0.1658102089756766, 0.07673860911270983, 0.0504739065890145, 0.05584104145255225, 0.01964142971337216, 0.008907159986296678, 0.015873015873015872, 0.006052301016329793, 0.0027406646111682084, 0.002398081534772182, 0.0014845266643827796, 0.002398081534772182, 0.00011419435879867534, 0.0], [0.0, 0.0, 0.00023607176581680832, 0.0, 0.00047214353163361664, 0.00023607176581680832, 0.000708215297450425, 0.0009442870632672333, 0.003777148253068933, 0.0044853635505193576, 0.013220018885741265, 0.017705382436260624, 0.03635505193578848, 0.05146364494806421, 0.07459867799811143, 0.10174693106704438, 0.1506137865911237, 0.11425873465533522, 0.17162417374881964, 0.0795561850802644, 0.056893295561850805, 0.056421152030217185, 0.024079320113314446, 0.010859301227573183, 0.016052880075542966, 0.006846081208687441, 0.0028328611898017, 0.0016525023607176581, 0.0011803588290840415, 0.0011803588290840415, 0.0, 0.0], [0.0, 0.0004152823920265781, 0.0, 0.0, 0.0012458471760797341, 0.0012458471760797341, 0.0008305647840531562, 0.005398671096345515, 0.010382059800664452, 0.014119601328903655, 0.018272425249169437, 0.03197674418604651, 0.046511627906976744, 0.058970099667774084, 0.08139534883720931, 0.10340531561461794, 0.13662790697674418, 0.10340531561461794, 0.13496677740863788, 0.0643687707641196, 0.05149501661129568, 0.04775747508305648, 0.027408637873754152, 0.014950166112956811, 0.016196013289036543, 0.010382059800664452, 0.0049833887043189366, 0.0049833887043189366, 0.004568106312292359, 0.0029069767441860465, 0.0008305647840531562, 0.0], [0.00022222222222222223, 0.0, 0.00044444444444444447, 0.0006666666666666666, 0.0006666666666666666, 0.0008888888888888889, 0.0022222222222222222, 0.003777777777777778, 0.007555555555555556, 0.012444444444444444, 0.022, 0.03977777777777778, 0.06822222222222223, 0.07888888888888888, 0.108, 0.12533333333333332, 0.13666666666666666, 0.09288888888888888, 0.126, 0.04933333333333333, 0.035555555555555556, 0.03911111111111111, 0.01577777777777778, 0.0071111111111111115, 0.013111111111111112, 0.004666666666666667, 0.0035555555555555557, 0.0022222222222222222, 0.0015555555555555555, 0.0013333333333333333, 0.0, 0.0], [0.0, 0.0, 0.00016750418760469013, 0.00033500837520938025, 0.0005025125628140704, 0.00033500837520938025, 0.0011725293132328308, 0.003182579564489112, 0.004020100502512563, 0.011055276381909548, 0.020938023450586266, 0.026633165829145728, 0.05075376884422111, 0.061306532663316586, 0.09798994974874371, 0.12077051926298157, 0.14355108877721942, 0.09882747068676717, 0.17872696817420436, 0.05829145728643216, 0.035175879396984924, 0.03936348408710218, 0.01541038525963149, 0.007537688442211055, 0.011557788944723618, 0.0041876046901172526, 0.0033500837520938024, 0.0018425460636515912, 0.0010050251256281408, 0.0020100502512562816, 0.0, 0.0], [0.0, 0.0, 0.0, 0.009259259259259259, 0.009259259259259259, 0.009259259259259259, 0.0, 0.009259259259259259, 0.009259259259259259, 0.06481481481481481, 0.018518518518518517, 0.046296296296296294, 0.046296296296296294, 0.05555555555555555, 0.05555555555555555, 0.1111111111111111, 0.12962962962962962, 0.09259259259259259, 0.06481481481481481, 0.027777777777777776, 0.07407407407407407, 0.037037037037037035, 0.027777777777777776, 0.009259259259259259, 0.0, 0.037037037037037035, 0.046296296296296294, 0.009259259259259259, 0.0, 0.0, 0.0, 0.0], [0.00023940627244433804, 0.00011970313622216902, 0.0, 0.00011970313622216902, 0.00023940627244433804, 0.00023940627244433804, 0.00047881254488867607, 0.0016758439071103662, 0.0028728752693320567, 0.006463969355997127, 0.011970313622216903, 0.01711754847977017, 0.03279865932487431, 0.048599473306200625, 0.08235575772085228, 0.12700502753172133, 0.16782379698348096, 0.1302370122097199, 0.143045247785492, 0.07601149150107733, 0.04919798898731147, 0.05051472348575533, 0.019631314340435718, 0.009217141489107015, 0.011850610485994733, 0.004309312903998085, 0.0019152501795547043, 0.0029925784055542257, 0.0009576250897773521, 0.0, 0.0, 0.0], [0.0, 0.0, 0.0, 0.0001562255897516013, 0.0, 0.0003124511795032026, 0.0014060303077644118, 0.0007811279487580066, 0.0023433838462740197, 0.0032807373847836274, 0.007811279487580066, 0.011560693641618497, 0.019840649898453366, 0.02858928292454304, 0.04858615841274801, 0.07717544133729105, 0.12357444149351664, 0.11607561318543977, 0.19590688954850805, 0.09795344477425402, 0.0721762224652398, 0.09295422590220279, 0.028901734104046242, 0.01671613810342134, 0.02655835025777222, 0.012341821590376504, 0.006092798000312451, 0.005311670051554445, 0.0007811279487580066, 0.0018747070770192159, 0.0009373535385096079, 0.0], [0.00031139713514635666, 0.00010379904504878556, 0.0, 0.00020759809009757111, 0.00020759809009757111, 0.0007265933153414989, 0.0008303923603902845, 0.0023873780361220675, 0.0037367656217562797, 0.007265933153414989, 0.013701473946439693, 0.018995225243927757, 0.023666182271123104, 0.037263857172514014, 0.055428690056051486, 0.08303923603902844, 0.12019929416649366, 0.12518164832883538, 0.19503840564666805, 0.1005812746522732, 0.06487440315549096, 0.07348972389454017, 0.026261158397342745, 0.014324268216732406, 0.018372430973635043, 0.006020344612829562, 0.003944363711853851, 0.0024911770811708533, 0.0013493875856342122, 0.0, 0.0, 0.0], [0.0, 0.0, 0.0, 0.0017152658662092624, 0.0017152658662092624, 0.0, 0.0, 0.005145797598627788, 0.008576329331046312, 0.005145797598627788, 0.015437392795883362, 0.0274442538593482, 0.044596912521440824, 0.08576329331046312, 0.09433962264150944, 0.13550600343053174, 0.16295025728987994, 0.1234991423670669, 0.16638078902229847, 0.060034305317324184, 0.024013722126929673, 0.024013722126929673, 0.008576329331046312, 0.0017152658662092624, 0.003430531732418525, 0.0, 0.0, 0.0, 0.0, 0.0, 0.0, 0.0], [0.0, 0.0, 0.0, 0.0002583534274888047, 0.0, 0.0001722356183258698, 0.0002583534274888047, 0.000775060282466414, 0.0019807096107475027, 0.005597657595590768, 0.008353427488804684, 0.01619014812263176, 0.02661040303134688, 0.033758181191870476, 0.0535652772993455, 0.06889424733034792, 0.11109197382018601, 0.08697898725456424, 0.21960041336548397, 0.09963830520151568, 0.06837754047537031, 0.11109197382018601, 0.03315535652772993, 0.012228728901136755, 0.02307957285566655, 0.00826730967964175, 0.0044781260764726145, 0.0026696520840509817, 0.002325180847399242, 0.0006028246641405443, 0.0, 0.0], [0.00017792011386887289, 8.896005693443644e-05, 8.896005693443644e-05, 0.00017792011386887289, 0.0006227203985410551, 0.0005337603416066186, 0.0005337603416066186, 0.0013344008540165466, 0.0016012810248198558, 0.006405124099279423, 0.011297927230673428, 0.024286095543101148, 0.04465794858108709, 0.06458500133440086, 0.0974112623432079, 0.14055688995640958, 0.18779468018859533, 0.12934792278267057, 0.1528333778133618, 0.05675651632417045, 0.02997953918690508, 0.026865937194199805, 0.010230406547460191, 0.0033804821635085845, 0.0044480028467218215, 0.0015123209678854195, 0.0017792011386887287, 0.0007116804554754915, 0.0, 0.0, 0.0, 0.0], [0.0, 0.00012065637065637066, 0.0, 0.00012065637065637066, 0.00036196911196911195, 0.0008445945945945946, 0.0008445945945945946, 0.0022924710424710427, 0.0033783783783783786, 0.0059121621621621625, 0.012306949806949807, 0.021597490347490346, 0.03161196911196911, 0.044642857142857144, 0.07444498069498069, 0.12150096525096525, 0.16397200772200773, 0.12101833976833977, 0.16541988416988418, 0.08156370656370657, 0.049107142857142856, 0.048383204633204634, 0.023045366795366794, 0.010497104247104247, 0.010135135135135136, 0.00361969111969112, 0.0019305019305019305, 0.0013272200772200772, 0.0, 0.0, 0.0, 0.0], [0.0, 0.0, 0.0, 0.0, 0.00029031789809841774, 0.0, 0.0008709536942952533, 0.0010161126433444621, 0.0015967484395412977, 0.003483814777181013, 0.009870808535346205, 0.015241689650166933, 0.02714472347220206, 0.04601538684859922, 0.08085353462040935, 0.11133691392074321, 0.14864276382638988, 0.09711133691392074, 0.19538394542023516, 0.07272463347365365, 0.04557991000145159, 0.05835389751778197, 0.02583829293075918, 0.013644941210625636, 0.01974161707069241, 0.00914501379010016, 0.005661199012919146, 0.0029031789809841778, 0.003483814777181013, 0.003774132675279431, 0.00029031789809841774, 0.0], [0.0003671071953010279, 0.0003671071953010279, 0.0003671071953010279, 0.0011013215859030838, 0.0025697503671071953, 0.0025697503671071953, 0.005139500734214391, 0.008443465491923641, 0.014684287812041116, 0.02936857562408223, 0.037077826725403815, 0.053964757709251104, 0.0605726872246696, 0.08443465491923642, 0.1145374449339207, 0.11343612334801761, 0.12187958883994127, 0.07415565345080763, 0.1461086637298091, 0.04185022026431718, 0.02092511013215859, 0.031938325991189426, 0.010646108663729809, 0.005139500734214391, 0.009911894273127754, 0.002936857562408223, 0.0018355359765051395, 0.0011013215859030838, 0.0022026431718061676, 0.0003671071953010279, 0.0, 0.0], [0.0, 0.0, 0.0, 0.0019442644199611147, 0.002592352559948153, 0.002592352559948153, 0.004536616979909268, 0.01101749837977965, 0.010369410239792612, 0.014257939079714841, 0.02462734931950745, 0.0356448476992871, 0.050550874918988985, 0.057679844458846406, 0.0829552819183409, 0.1101749837977965, 0.14322747893713544, 0.10434219053791316, 0.1710952689565781, 0.060272197018794556, 0.02916396629941672, 0.03240440699935191, 0.02138690861957226, 0.007128969539857421, 0.012961762799740765, 0.0038885288399222295, 0.002592352559948153, 0.0019442644199611147, 0.0006480881399870382, 0.0, 0.0, 0.0], [0.00028885037550548814, 0.0, 0.0, 0.0, 0.0007221259387637204, 0.0008665511265164644, 0.0030329289428076256, 0.005054881571346043, 0.007510109763142692, 0.014731369150779897, 0.02830733679953784, 0.043327556325823226, 0.05820335066435586, 0.08376660889659157, 0.12723859041016752, 0.1379260543038706, 0.14442518775274407, 0.08896591565569036, 0.12305025996533796, 0.040439052570768345, 0.026140958983246677, 0.03004043905257077, 0.012564991334488735, 0.006210283073367995, 0.01097631426920855, 0.0025996533795493936, 0.0012998266897746968, 0.0010109763142692085, 0.00028885037550548814, 0.0008665511265164644, 0.00014442518775274407, 0.0], [0.0, 0.0, 0.0, 0.0006581834137779728, 0.00043878894251864854, 0.00021939447125932427, 0.002193944712593243, 0.0010969723562966214, 0.004387889425186486, 0.009872751206669592, 0.01733216322948662, 0.022378236068451074, 0.03356735410267661, 0.04892496709082931, 0.07240017551557701, 0.10465116279069768, 0.11913119789381307, 0.10092145677928917, 0.16432645897323386, 0.0750329091706889, 0.05309346204475647, 0.06077226853883282, 0.027643703378674857, 0.016235190873189996, 0.031812198332602015, 0.01184730144800351, 0.009214567792891619, 0.004826678367705134, 0.0028521281263712154, 0.00307152259763054, 0.0010969723562966214, 0.0], [0.0, 0.0, 0.0, 0.00020358306188925082, 0.00020358306188925082, 0.0, 0.001017915309446254, 0.001017915309446254, 0.0028501628664495114, 0.009975570032573289, 0.015879478827361564, 0.028501628664495113, 0.043973941368078175, 0.06453583061889251, 0.09588762214983713, 0.11807817589576547, 0.14759771986970685, 0.10423452768729642, 0.16368078175895764, 0.06697882736156352, 0.04295602605863192, 0.044177524429967426, 0.016490228013029316, 0.008143322475570033, 0.009975570032573289, 0.0028501628664495114, 0.004682410423452769, 0.0018322475570032573, 0.0034609120521172636, 0.0008143322475570033, 0.0, 0.0], [0.0001295001295001295, 0.0001295001295001295, 0.0001295001295001295, 0.0001295001295001295, 0.0006475006475006475, 0.0011655011655011655, 0.001295001295001295, 0.003108003108003108, 0.00518000518000518, 0.008417508417508417, 0.021626521626521625, 0.03341103341103341, 0.05451955451955452, 0.07407407407407407, 0.10903910903910904, 0.14024864024864026, 0.16511266511266512, 0.11240611240611241, 0.11642061642061642, 0.06112406112406112, 0.03613053613053613, 0.027454027454027453, 0.01295001295001295, 0.004662004662004662, 0.005309505309505309, 0.001295001295001295, 0.0014245014245014246, 0.002331002331002331, 0.0001295001295001295, 0.0, 0.0, 0.0], [0.0, 0.0, 0.0, 0.00021222410865874363, 0.00021222410865874363, 0.0008488964346349745, 0.0012733446519524619, 0.0027589134125636672, 0.005305602716468591, 0.007215619694397283, 0.01634125636672326, 0.024830220713073003, 0.04202037351443124, 0.058786078098471986, 0.09274193548387097, 0.12945670628183362, 0.1570458404074703, 0.11693548387096774, 0.141553480475382, 0.06578947368421052, 0.04265704584040747, 0.04095925297113752, 0.01825127334465195, 0.006366723259762309, 0.016553480475382003, 0.004881154499151104, 0.0027589134125636672, 0.0008488964346349745, 0.0019100169779286927, 0.0012733446519524619, 0.00021222410865874363, 0.0], [0.0, 0.0, 0.0, 0.0002600780234070221, 0.0, 0.0010403120936280884, 0.0023407022106631988, 0.002600780234070221, 0.005721716514954486, 0.0059817945383615085, 0.011963589076723017, 0.021326397919375812, 0.031209362808842653, 0.04603381014304291, 0.07698309492847855, 0.10897269180754227, 0.13758127438231468, 0.1011703511053316, 0.1810143042912874, 0.0764629388816645, 0.051235370611183356, 0.06241872561768531, 0.024967490247074123, 0.016644993498049414, 0.018985695708712613, 0.009102730819245773, 0.002860858257477243, 0.0013003901170351106, 0.0010403120936280884, 0.0007802340702210664, 0.0, 0.0], [0.0, 0.0, 0.00028236622899901174, 0.0, 0.00028236622899901174, 0.00042354934349851756, 0.0005647324579980235, 0.0021177467174925877, 0.0018353804884935763, 0.005082592121982211, 0.011294649159960469, 0.025695326838910067, 0.04277848369335027, 0.07073274036425244, 0.10179302555414373, 0.11492305520259777, 0.14259494564450093, 0.09840463080615558, 0.16108993364393617, 0.05873217563179444, 0.04122546943385571, 0.045743329097839895, 0.0241423125794155, 0.009741634900465904, 0.021883382747423408, 0.006635606381476775, 0.005082592121982211, 0.002823662289990117, 0.001976563602993082, 0.0021177467174925877, 0.0, 0.0], [0.0, 0.0, 8.869179600886918e-05, 0.0, 8.869179600886918e-05, 0.00017738359201773836, 0.0004434589800443459, 0.000975609756097561, 0.001951219512195122, 0.0056762749445676275, 0.010643015521064302, 0.019778270509977828, 0.03458980044345898, 0.04762749445676275, 0.07042128603104213, 0.08771618625277162, 0.11352549889135255, 0.09321507760532151, 0.2253658536585366, 0.08851441241685144, 0.05720620842572062, 0.07609756097560975, 0.022172949002217297, 0.009312638580931265, 0.021286031042128603, 0.00541019955654102, 0.002926829268292683, 0.0014190687361419069, 0.002483370288248337, 0.0008869179600886918, 0.0, 0.0], [0.0, 0.0, 0.0, 0.0, 0.0, 0.00011721955222131051, 0.0007033173133278631, 0.0005860977611065526, 0.0022271714922048997, 0.004806001641073731, 0.007970929551049114, 0.01863790880318837, 0.03153205954753253, 0.055913726409565115, 0.08463251670378619, 0.12460438401125308, 0.17301605907865433, 0.12284609072793341, 0.19892158011956396, 0.06833899894502403, 0.03598640253194233, 0.044191771187434066, 0.010901418356581878, 0.0035165865666393153, 0.005743758058844215, 0.0011721955222131052, 0.0011721955222131052, 0.0022271714922048997, 0.00023443910444262102, 0.0, 0.0, 0.0], [0.0, 0.003968253968253968, 0.0, 0.003968253968253968, 0.003968253968253968, 0.01984126984126984, 0.027777777777777776, 0.01984126984126984, 0.06746031746031746, 0.03968253968253968, 0.051587301587301584, 0.06746031746031746, 0.07539682539682539, 0.10714285714285714, 0.1111111111111111, 0.12301587301587301, 0.09126984126984126, 0.06349206349206349, 0.04365079365079365, 0.015873015873015872, 0.01984126984126984, 0.015873015873015872, 0.011904761904761904, 0.015873015873015872, 0.0, 0.0, 0.0, 0.0, 0.0, 0.0, 0.0, 0.0]]}, "ranks": {"labels": ["Unranked", "Combatatent I", "Combatatent II", "Challenger I", "Challenger II", "Rival I", "Rival II", "Duelist", "Elite"], "data": [[0.11688311688311688, 0.1461038961038961, 0.20454545454545456, 0.21428571428571427, 0.15584415584415584, 0.08441558441558442, 0.045454545454545456, 0.022727272727272728, 0.00974025974025974], [0.05006257822277847, 0.07759699624530664, 0.13975803087192323, 0.22236128493950771, 0.23779724655819776, 0.18231122236128494, 0.0458906967042136, 0.03212348769294952, 0.012098456403838132], [0.009952925353059852, 0.02004034969737727, 0.04949562878278413, 0.1136516476126429, 0.21896435776731674, 0.31002017484868866, 0.09993275050437121, 0.12468056489576328, 0.053261600537995966], [0.02094111850209411, 0.03621581670362158, 0.08672086720867209, 0.17639812761763982, 0.26632175412663217, 0.23293914757329393, 0.08745996550874599, 0.07686622320768663, 0.0161369795516137], [0.13157894736842105, 0.12280701754385964, 0.17543859649122806, 0.18421052631578946, 0.09649122807017543, 0.16666666666666666, 0.05263157894736842, 0.07017543859649122, 0.0], [0.01060838445807771, 0.02965235173824131, 0.09010736196319018, 0.2011758691206544, 0.2613752556237219, 0.20475460122699388, 0.0760480572597137, 0.08755112474437628, 0.03872699386503067], [0.06398293788323114, 0.0866435617168755, 0.15355905091975472, 0.2324713409757398, 0.2092775259930685, 0.13116502266062383, 0.04425486536923487, 0.046387629965342576, 0.03225806451612903], [0.25838926174496646, 0.18791946308724833, 0.19798657718120805, 0.1476510067114094, 0.10067114093959731, 0.03691275167785235, 0.030201342281879196, 0.040268456375838924, 0.0], [0.040342914775592535, 0.08300554715078165, 0.13535047907211295, 0.2028240040342915, 0.22743318204740293, 0.13726676752395361, 0.06717095310136158, 0.07009581442259204, 0.03651033787191125], [0.008208955223880597, 0.013805970149253732, 0.03395522388059701, 0.10298507462686567, 0.16044776119402984, 0.22611940298507463, 0.12761194029850748, 0.1966417910447761, 0.13022388059701492], [0.04072987943955686, 0.06581948517432389, 0.13294232649071358, 0.2049527533398501, 0.23427826653633105, 0.1775822743564679, 0.06093189964157706, 0.06028022157054415, 0.022482893450635387], [0.05498344979771975, 0.11511585141596176, 0.18683339463037882, 0.26443545421110703, 0.20209635895549835, 0.09746230231702832, 0.03916881206325855, 0.030893710923133505, 0.00901066568591394], [0.024753332179331834, 0.061796780335814434, 0.11874675437078068, 0.21689458196295655, 0.24770642201834864, 0.18504414055738272, 0.06560498528648087, 0.057988575385148, 0.021464427903756276], [0.02306726047733242, 0.04853260248943702, 0.08815804499257737, 0.18042708690190704, 0.25134178371588445, 0.20817631608998516, 0.08484640858741578, 0.08438963115222108, 0.031060865593239693], [0.010859301227573183, 0.03092540132200189, 0.08781869688385269, 0.1763456090651558, 0.26487252124645894, 0.21836638338054767, 0.08970727101038715, 0.09135977337110482, 0.029745042492917848], [0.03363787375415282, 0.05024916943521595, 0.10548172757475083, 0.18480066445182725, 0.24003322259136212, 0.1690199335548173, 0.08181063122923588, 0.09011627906976744, 0.044850498338870434], [0.028888888888888888, 0.06177777777777778, 0.1471111111111111, 0.23333333333333334, 0.22955555555555557, 0.15355555555555556, 0.05733333333333333, 0.062, 0.026444444444444444], [0.020770519262981575, 0.047571189279731994, 0.1120603015075377, 0.2187604690117253, 0.2423785594639866, 0.21072026800670016, 0.061474036850921274, 0.062311557788944726, 0.023953098827470688], [0.1111111111111111, 0.06481481481481481, 0.10185185185185185, 0.16666666666666666, 0.2222222222222222, 0.07407407407407407, 0.09259259259259259, 0.07407407407407407, 0.09259259259259259], [0.012449126167105579, 0.02908786210198707, 0.08139813263107494, 0.20936078525257362, 0.2980608091932009, 0.18673689250658368, 0.0815178357672971, 0.07936317931529806, 0.0220253770648791], [0.008279956256834869, 0.019371973129198562, 0.04842993282299641, 0.12576159975003906, 0.23965005467895642, 0.24683643180753007, 0.1192001249804718, 0.13857209810967036, 0.05389782846430245], [0.015777454847415405, 0.03269669919036745, 0.06093003944363712, 0.13846792609507994, 0.24538094249532905, 0.24756072244135355, 0.11293336101307867, 0.11407515050861532, 0.03217770396512352], [0.022298456260720412, 0.04288164665523156, 0.13036020583190394, 0.22984562607204118, 0.2864493996569468, 0.20754716981132076, 0.04288164665523156, 0.03430531732418525, 0.003430531732418525], [0.009042369962108164, 0.024543575611436445, 0.060368584223217364, 0.12245952462969342, 0.19807096107475025, 0.2719600413365484, 0.11565621770582156, 0.1564760592490527, 0.041422666207371686], [0.011564807401476737, 0.03558402277377457, 0.10924294991548794, 0.23796815229961746, 0.3171426029712659, 0.18423627791121786, 0.05533315541321947, 0.04047682590516858, 0.008451205408771461], [0.013875482625482626, 0.033904440154440156, 0.07625482625482626, 0.19594594594594594, 0.2849903474903475, 0.2093388030888031, 0.0867519305019305, 0.08192567567567567, 0.017012548262548263], [0.007257947452460444, 0.025112498185513137, 0.07316011032080127, 0.19219044854115255, 0.24575410074031065, 0.23617361010306284, 0.07751487879227754, 0.09783713165916678, 0.044999274205254756], [0.06497797356828194, 0.09104258443465492, 0.145007342143906, 0.22797356828193832, 0.1960352422907489, 0.1670337738619677, 0.04185022026431718, 0.04772393538913363, 0.018355359765051395], [0.047310434219053794, 0.060272197018794556, 0.10823071937783539, 0.1931302657161374, 0.2475696694750486, 0.20609202851587816, 0.05443940375891121, 0.0609202851587816, 0.0220349967595593], [0.032206816868861926, 0.07163489312536106, 0.14196995956094743, 0.2651646447140381, 0.23339110340843444, 0.14572501444251879, 0.0439052570768342, 0.0488157134604275, 0.017186597342576545], [0.018867924528301886, 0.03971039929793769, 0.08249232119350593, 0.17705133830627467, 0.22005265467310223, 0.20469504168494954, 0.0877577885037297, 0.10465116279069768, 0.06472136902150066], [0.015268729641693811, 0.044381107491856676, 0.10850977198697069, 0.21396579804560262, 0.25183224755700323, 0.20195439739413681, 0.07166123778501629, 0.06881107491856678, 0.023615635179153095], [0.02033152033152033, 0.05503755503755504, 0.1285936285936286, 0.2492877492877493, 0.2775187775187775, 0.15086765086765086, 0.0628075628075628, 0.045066045066045064, 0.01048951048951049], [0.017826825127334467, 0.041171477079796265, 0.10080645161290322, 0.22219864176570459, 0.273981324278438, 0.1765704584040747, 0.0734295415959253, 0.06557724957555178, 0.028438030560271648], [0.017945383615084524, 0.03328998699609883, 0.07724317295188557, 0.1859557867360208, 0.2387516254876463, 0.2247074122236671, 0.08400520156046815, 0.10403120936280884, 0.0340702210663199], [0.010588733587462939, 0.036989975998870536, 0.11351122405760271, 0.21671608075674148, 0.2409995764506565, 0.19243258506282648, 0.06861499364675985, 0.0796272765777213, 0.04051955386135818], [0.009401330376940133, 0.03042128603104213, 0.08221729490022173, 0.15813747228381375, 0.20674057649667404, 0.2710421286031042, 0.10004434589800444, 0.10758314855875832, 0.034412416851441245], [0.008439807759934357, 0.026608838354237486, 0.08744578595709765, 0.20923690071503928, 0.29586214980658776, 0.23596295862149808, 0.06728402297503223, 0.05860977611065526, 0.010549759699917947], [0.1865079365079365, 0.11904761904761904, 0.18253968253968253, 0.23412698412698413, 0.15476190476190477, 0.047619047619047616, 0.031746031746031744, 0.04365079365079365, 0.0]]}, "ranksDetailed": {"labels": ["Unranked", "Combatatant", "Challenger", "Rival", "Duelist", "Elite"], "data": [[0.11688311688311688, 0.35064935064935066, 0.37012987012987014, 0.12987012987012986, 0.022727272727272728, 0.00974025974025974], [0.05006257822277847, 0.21735502711722987, 0.46015853149770547, 0.22820191906549853, 0.03212348769294952, 0.012098456403838132], [0.009952925353059852, 0.0695359784801614, 0.33261600537995967, 0.4099529253530598, 0.12468056489576328, 0.053261600537995966], [0.02094111850209411, 0.12293668391229366, 0.442719881744272, 0.3203991130820399, 0.07686622320768663, 0.0161369795516137], [0.13157894736842105, 0.2982456140350877, 0.2807017543859649, 0.21929824561403508, 0.07017543859649122, 0.0], [0.01060838445807771, 0.11975971370143149, 0.46255112474437626, 0.28080265848670755, 0.08755112474437628, 0.03872699386503067], [0.06398293788323114, 0.24020261263663023, 0.44174886696880833, 0.1754198880298587, 0.046387629965342576, 0.03225806451612903], [0.25838926174496646, 0.3859060402684564, 0.2483221476510067, 0.06711409395973154, 0.040268456375838924, 0.0], [0.040342914775592535, 0.2183560262228946, 0.4302571860816944, 0.20443772062531518, 0.07009581442259204, 0.03651033787191125], [0.008208955223880597, 0.04776119402985075, 0.26343283582089555, 0.3537313432835821, 0.1966417910447761, 0.13022388059701492], [0.04072987943955686, 0.19876181166503748, 0.4392310198761812, 0.23851417399804498, 0.06028022157054415, 0.022482893450635387], [0.05498344979771975, 0.30194924604634055, 0.46653181316660536, 0.13663111438028688, 0.030893710923133505, 0.00901066568591394], [0.024753332179331834, 0.18054353470659512, 0.46460100398130516, 0.2506491258438636, 0.057988575385148, 0.021464427903756276], [0.02306726047733242, 0.1366906474820144, 0.43176887061779146, 0.2930227246774009, 0.08438963115222108, 0.031060865593239693], [0.010859301227573183, 0.11874409820585458, 0.4412181303116147, 0.30807365439093487, 0.09135977337110482, 0.029745042492917848], [0.03363787375415282, 0.15573089700996678, 0.42483388704318936, 0.25083056478405313, 0.09011627906976744, 0.044850498338870434], [0.028888888888888888, 0.2088888888888889, 0.4628888888888889, 0.21088888888888888, 0.062, 0.026444444444444444], [0.020770519262981575, 0.15963149078726968, 0.46113902847571187, 0.2721943048576214, 0.062311557788944726, 0.023953098827470688], [0.1111111111111111, 0.16666666666666666, 0.3888888888888889, 0.16666666666666666, 0.07407407407407407, 0.09259259259259259], [0.012449126167105579, 0.110485994733062, 0.5074215944457745, 0.26825472827388075, 0.07936317931529806, 0.0220253770648791], [0.008279956256834869, 0.06780190595219497, 0.3654116544289955, 0.3660365567880019, 0.13857209810967036, 0.05389782846430245], [0.015777454847415405, 0.09362673863400457, 0.38384886859040895, 0.36049408345443223, 0.11407515050861532, 0.03217770396512352], [0.022298456260720412, 0.1732418524871355, 0.516295025728988, 0.2504288164665523, 0.03430531732418525, 0.003430531732418525], [0.009042369962108164, 0.0849121598346538, 0.3205304857044437, 0.38761625904236996, 0.1564760592490527, 0.041422666207371686], [0.011564807401476737, 0.14482697268926253, 0.5551107552708834, 0.23956943332443734, 0.04047682590516858, 0.008451205408771461], [0.013875482625482626, 0.1101592664092664, 0.48093629343629346, 0.29609073359073357, 0.08192567567567567, 0.017012548262548263], [0.007257947452460444, 0.09827260850631442, 0.4379445492814632, 0.3136884888953404, 0.09783713165916678, 0.044999274205254756], [0.06497797356828194, 0.23604992657856094, 0.42400881057268724, 0.2088839941262849, 0.04772393538913363, 0.018355359765051395], [0.047310434219053794, 0.16850291639662995, 0.440699935191186, 0.26053143227478937, 0.0609202851587816, 0.0220349967595593], [0.032206816868861926, 0.2136048526863085, 0.49855574812247255, 0.18963027151935297, 0.0488157134604275, 0.017186597342576545], [0.018867924528301886, 0.12220272049144361, 0.39710399297937693, 0.29245283018867924, 0.10465116279069768, 0.06472136902150066], [0.015268729641693811, 0.15289087947882737, 0.46579804560260585, 0.2736156351791531, 0.06881107491856678, 0.023615635179153095], [0.02033152033152033, 0.18363118363118364, 0.5268065268065268, 0.21367521367521367, 0.045066045066045064, 0.01048951048951049], [0.017826825127334467, 0.14197792869269948, 0.4961799660441426, 0.25, 0.06557724957555178, 0.028438030560271648], [0.017945383615084524, 0.11053315994798439, 0.4247074122236671, 0.3087126137841352, 0.10403120936280884, 0.0340702210663199], [0.010588733587462939, 0.15050120005647324, 0.457715657207398, 0.26104757870958634, 0.0796272765777213, 0.04051955386135818], [0.009401330376940133, 0.11263858093126386, 0.3648780487804878, 0.37108647450110865, 0.10758314855875832, 0.034412416851441245], [0.008439807759934357, 0.11405462431133513, 0.505099050521627, 0.3032469815965303, 0.05860977611065526, 0.010549759699917947], [0.1865079365079365, 0.30158730158730157, 0.3888888888888889, 0.07936507936507936, 0.04365079365079365, 0.0]]}}}, "eu": {"histType": {"histogram": {"labels": ["0", "100", "200", "300", "400", "500", "600", "700", "800", "900", "1000", "1100", "1200", "1300", "1400", "1500", "1600", "1700", "1800", "1900", "2000", "2100", "2200", "2300", "2400", "2500", "2600", "2700", "2800", "2900", "3000", "3100"], "data": [[0.0, 0.0, 0.004132231404958678, 0.0, 0.0, 0.008264462809917356, 0.01652892561983471, 0.01652892561983471, 0.04132231404958678, 0.045454545454545456, 0.06198347107438017, 0.06611570247933884, 0.06198347107438017, 0.10743801652892562, 0.1487603305785124, 0.11570247933884298, 0.09504132231404959, 0.07851239669421488, 0.0371900826446281, 0.028925619834710745, 0.02066115702479339, 0.01652892561983471, 0.004132231404958678, 0.004132231404958678, 0.02066115702479339, 0.0, 0.0, 0.0, 0.0, 0.0, 0.0, 0.0], [0.0, 0.0, 0.0004488330341113106, 0.0008976660682226212, 0.0008976660682226212, 0.0031418312387791743, 0.004937163375224416, 0.00718132854578097, 0.017055655296229804, 0.02333931777378815, 0.03231597845601436, 0.050718132854578095, 0.06328545780969479, 0.07675044883303411, 0.11983842010771993, 0.11310592459605028, 0.15529622980251345, 0.0803411131059246, 0.1440754039497307, 0.0421903052064632, 0.0210951526032316, 0.02199281867145422, 0.0058348294434470375, 0.004039497307001795, 0.0062836624775583485, 0.0017953321364452424, 0.0017953321364452424, 0.0013464991023339318, 0.0, 0.0, 0.0, 0.0], [0.0, 0.0, 0.0, 0.00014166312508853945, 0.00014166312508853945, 0.00014166312508853945, 0.0002833262501770789, 0.0012749681257968552, 0.0026915993766822494, 0.003966567502479105, 0.008924776880577986, 0.014024649383765405, 0.01997450063748406, 0.027482646267176655, 0.04547386315342117, 0.0657316900410823, 0.12863011758039383, 0.10100580818812863, 0.2538603201586627, 0.08740614817962884, 0.06318175378948859, 0.08145629692591018, 0.028615951267884968, 0.014024649383765405, 0.02889927751806205, 0.0100580818812863, 0.004533220002833262, 0.0032582518770364072, 0.0021249468763280916, 0.0024082731265051708, 0.0002833262501770789, 0.0], [0.0, 0.0, 0.0, 0.00011820330969267139, 0.00011820330969267139, 0.00023640661938534278, 0.0009456264775413711, 0.0024822695035460994, 0.0037825059101654845, 0.008274231678486997, 0.015957446808510637, 0.025059101654846337, 0.03321513002364066, 0.044444444444444446, 0.07399527186761229, 0.09964539007092199, 0.15472813238770686, 0.1157210401891253, 0.19539007092198582, 0.08238770685579196, 0.05130023640661938, 0.05390070921985816, 0.015011820330969268, 0.007210401891252955, 0.009574468085106383, 0.0030732860520094564, 0.001182033096926714, 0.0003546099290780142, 0.0009456264775413711, 0.0008274231678486998, 0.00011820330969267139, 0.0], [0.0, 0.0, 0.0, 0.0, 0.0, 0.018018018018018018, 0.02702702702702703, 0.04504504504504504, 0.04504504504504504, 0.02702702702702703, 0.07207207207207207, 0.09009009009009009, 0.036036036036036036, 0.036036036036036036, 0.08108108108108109, 0.13513513513513514, 0.05405405405405406, 0.0990990990990991, 0.07207207207207207, 0.05405405405405406, 0.04504504504504504, 0.009009009009009009, 0.009009009009009009, 0.009009009009009009, 0.02702702702702703, 0.009009009009009009, 0.0, 0.0, 0.0, 0.0, 0.0, 0.0], [0.0, 0.00012939958592132506, 0.00012939958592132506, 0.0002587991718426501, 0.00038819875776397513, 0.00012939958592132506, 0.00038819875776397513, 0.0015527950310559005, 0.002976190476190476, 0.005952380952380952, 0.01099896480331263, 0.019409937888198756, 0.02976190476190476,