{"region": {"us": {"histType": {"histogram": {"labels": ["0", "100", "200", "300", "400", "500", "600", "700", "800", "900", "1000", "1100", "1200", "1300", "1400", "1500", "1600", "1700", "1800", "1900", "2000", "2100", "2200", "2300", "2400", "2500", "2600", "2700", "2800", "2900", "3000"], "data": [[0.0, 0.0, 0.0, 0.004405286343612335, 0.0, 0.013215859030837005, 0.01762114537444934, 0.01762114537444934, 0.048458149779735685, 0.03524229074889868, 0.06607929515418502, 0.10572687224669604, 0.09251101321585903, 0.09251101321585903, 0.14096916299559473, 0.09691629955947137, 0.05286343612334802, 0.05726872246696035, 0.05286343612334802, 0.04405286343612335, 0.022026431718061675, 0.039647577092511016, 0.0, 0.0, 0.0, 0.0, 0.0, 0.0, 0.0, 0.0, 0.0], [0.0, 0.0010504201680672268, 0.0, 0.0005252100840336134, 0.0015756302521008404, 0.0010504201680672268, 0.005777310924369748, 0.011554621848739496, 0.011554621848739496, 0.022058823529411766, 0.03991596638655462, 0.05042016806722689, 0.0740546218487395, 0.07983193277310924, 0.1213235294117647, 0.13445378151260504, 0.14915966386554622, 0.08560924369747899, 0.11029411764705882, 0.037289915966386554, 0.02415966386554622, 0.014180672268907563, 0.007878151260504201, 0.005252100840336135, 0.004201680672268907, 0.004726890756302521, 0.0021008403361344537, 0.0, 0.0, 0.0, 0.0], [0.00015748031496062991, 0.0, 0.0, 0.00031496062992125983, 0.00031496062992125983, 0.00015748031496062991, 0.00047244094488188977, 0.0009448818897637795, 0.004724409448818898, 0.005511811023622047, 0.010078740157480314, 0.013858267716535434, 0.023622047244094488, 0.03716535433070866, 0.06047244094488189, 0.08755905511811024, 0.14125984251968504, 0.10866141732283464, 0.2305511811023622, 0.07779527559055117, 0.052440944881889766, 0.06850393700787402, 0.024724409448818898, 0.013858267716535434, 0.02283464566929134, 0.006771653543307087, 0.004251968503937008, 0.002362204724409449, 0.0006299212598425197, 0.0, 0.0], [0.0, 0.0, 0.0, 0.0, 0.0002882675122513693, 0.00014413375612568464, 0.001585471317382531, 0.0028826751225136927, 0.007206687806284232, 0.012827904295185932, 0.021043528394349958, 0.024214471029115017, 0.04482559815508792, 0.06428365523205534, 0.09440761026232343, 0.12424329778034016, 0.16070913808013837, 0.11199192850965696, 0.16388008071490343, 0.06356298645142693, 0.03920438166618622, 0.03761891034880369, 0.010810031709426347, 0.0038916114153934853, 0.00590948400115307, 0.0023061400980109543, 0.0018737388296339002, 0.0002882675122513693, 0.0, 0.0, 0.0], [0.0, 0.0, 0.0, 0.0, 0.0, 0.02631578947368421, 0.0, 0.05263157894736842, 0.039473684210526314, 0.07894736842105263, 0.05263157894736842, 0.06578947368421052, 0.10526315789473684, 0.14473684210526316, 0.05263157894736842, 0.02631578947368421, 0.07894736842105263, 0.05263157894736842, 0.02631578947368421, 0.09210526315789473, 0.039473684210526314, 0.039473684210526314, 0.0, 0.02631578947368421, 0.0, 0.0, 0.0, 0.0, 0.0, 0.0, 0.0], [0.0, 0.0, 0.0, 0.0, 0.0, 0.00014259232853272493, 0.00014259232853272493, 0.002138884927990874, 0.002138884927990874, 0.007842578069299872, 0.013403678882076143, 0.02167403393697419, 0.038214744046770284, 0.06787394838157707, 0.09667759874518751, 0.133751604163696, 0.15984600028518467, 0.10623128475688008, 0.14487380578924855, 0.059318408669613576, 0.036788820761443033, 0.0503350919720519, 0.021103664622843292, 0.007842578069299872, 0.015257379153001568, 0.006559247112505347, 0.003992585198916298, 0.0037074005418508485, 0.00014259232853272493, 0.0, 0.0], [0.0, 0.0, 0.0006618133686300463, 0.001985440105890139, 0.0016545334215751159, 0.0026472534745201853, 0.004632693580410324, 0.009596293845135672, 0.020516214427531435, 0.030774321641297155, 0.04467240238252813, 0.05228325612177366, 0.07875579086697551, 0.09364659166115155, 0.128391793514229, 0.12541363335539377, 0.12342819324950365, 0.08338848444738584, 0.07776307081403044, 0.03507610853739246, 0.018199867637326273, 0.024156187954996692, 0.006949040370615486, 0.007610853739245533, 0.011912640635340834, 0.005956320317670417, 0.006949040370615486, 0.001985440105890139, 0.0009927200529450694, 0.0, 0.0], [0.0, 0.0, 0.004347826086956522, 0.013043478260869565, 0.004347826086956522, 0.008695652173913044, 0.013043478260869565, 0.05217391304347826, 0.0782608695652174, 0.11739130434782609, 0.09565217391304348, 0.1, 0.10434782608695652, 0.09565217391304348, 0.06521739130434782, 0.06521739130434782, 0.05652173913043478, 0.021739130434782608, 0.034782608695652174, 0.030434782608695653, 0.0391304347826087, 0.0, 0.0, 0.0, 0.0, 0.0, 0.0, 0.0, 0.0, 0.0, 0.0], [0.0003751406777541578, 0.0003751406777541578, 0.0006252344629235964, 0.0007502813555083156, 0.0006252344629235964, 0.0020007502813555083, 0.0022508440665249467, 0.006252344629235964, 0.013004876828810803, 0.02763536326122296, 0.04426659997499062, 0.0648993372514693, 0.08265599599849943, 0.09728648243091159, 0.12879829936226084, 0.1285482055770914, 0.11379267225209454, 0.06627485306990122, 0.08053019882455921, 0.03963986494935601, 0.029636113542578467, 0.02713517569088408, 0.014005251969488559, 0.007752907340252595, 0.012754783043641365, 0.004751781918219332, 0.003251219207202701, 0.00012504689258471927, 0.0, 0.0, 0.0], [0.0, 0.0, 0.0007487832272557095, 0.0, 0.0018719580681392737, 0.0011231748408835642, 0.004867090977162112, 0.004492699363534257, 0.013852489704230626, 0.02059153874953201, 0.031074503931111944, 0.041557469112691876, 0.0677648820666417, 0.08199176338450019, 0.10408086858854362, 0.12429801572444778, 0.15162860351928117, 0.09247472856608012, 0.12916510670160988, 0.04605016847622613, 0.027330587794833397, 0.025084238113066266, 0.008236615499812805, 0.0067390490453013855, 0.00786222388618495, 0.004492699363534257, 0.002620741295394983, 0.0, 0.0, 0.0, 0.0], [0.00020824656393169514, 0.0, 0.0010412328196584756, 0.0006247396917950854, 0.0010412328196584756, 0.0022907122032486465, 0.0049979175343606835, 0.009371095376926281, 0.017076218242399, 0.02936276551436901, 0.060807996668054975, 0.07122032486463974, 0.09704289879216993, 0.10016659725114535, 0.13869221157850894, 0.13098708871303624, 0.11432736359850063, 0.06684714702207413, 0.06934610578925447, 0.03581840899625156, 0.016867971678467306, 0.015618492294877134, 0.006247396917950854, 0.003956684714702207, 0.003331945022907122, 0.0024989587671803417, 0.00020824656393169514, 0.0, 0.0, 0.0, 0.0], [0.0, 0.0, 0.0, 0.0, 0.00019175455417066154, 0.0009587727708533077, 0.0028763183125599234, 0.003835091083413231, 0.007670182166826462, 0.011697027804410355, 0.02933844678811122, 0.04180249280920422, 0.058868648130393095, 0.0738255033557047, 0.11390220517737296, 0.11505273250239693, 0.15186960690316395, 0.10162991371045062, 0.1367209971236817, 0.05215723873441994, 0.03144774688398849, 0.03279002876318313, 0.01112176414189837, 0.006136145733461169, 0.010162991371045062, 0.0032598274209012464, 0.0023010546500479385, 0.0003835091083413231, 0.0, 0.0, 0.0], [0.00028830906732016723, 0.0, 0.0, 0.00028830906732016723, 0.00014415453366008361, 0.0007207726683004181, 0.0017298544039210033, 0.0028830906732016724, 0.0063427994810436785, 0.018163471241170535, 0.029695833933977223, 0.036615251549661235, 0.0518956321176301, 0.07106818509442121, 0.10523280957186104, 0.13319878910191726, 0.15107395127576762, 0.0994666282254577, 0.12901830762577482, 0.056796886262072944, 0.03214646100619865, 0.03502955167940032, 0.012108980827447022, 0.005766181346403345, 0.010811590024506271, 0.00360386334150209, 0.0027389361395415888, 0.001874008937581087, 0.0012973908029407526, 0.0, 0.0], [0.0, 0.0, 0.00027412280701754384, 0.0, 0.0005482456140350877, 0.00027412280701754384, 0.0005482456140350877, 0.0010964912280701754, 0.003837719298245614, 0.0043859649122807015, 0.015076754385964912, 0.0200109649122807, 0.04084429824561404, 0.05674342105263158, 0.08196271929824561, 0.12006578947368421, 0.1669407894736842, 0.12280701754385964, 0.14967105263157895, 0.07785087719298246, 0.04851973684210526, 0.0400219298245614, 0.01864035087719298, 0.009594298245614035, 0.01206140350877193, 0.003289473684210526, 0.0024671052631578946, 0.001918859649122807, 0.0005482456140350877, 0.0, 0.0], [0.0, 0.0, 0.0, 0.0005260389268805891, 0.0010520778537611783, 0.0021041557075223566, 0.0010520778537611783, 0.005786428195686481, 0.010520778537611783, 0.014203051025775907, 0.022093634928984744, 0.0436612309310889, 0.052603892688058915, 0.067859021567596, 0.09573908469226723, 0.12046291425565492, 0.1315097317201473, 0.09942135718043135, 0.11415044713308785, 0.06102051551814834, 0.042609153077327724, 0.041557075223566546, 0.02367175170962651, 0.01209889531825355, 0.016307206733298264, 0.007890583903208837, 0.0052603892688058915, 0.0052603892688058915, 0.0015781167806417674, 0.0, 0.0], [0.00025839793281653745, 0.0, 0.0005167958656330749, 0.00025839793281653745, 0.0005167958656330749, 0.0010335917312661498, 0.002842377260981912, 0.004134366925064599, 0.008268733850129198, 0.01524547803617571, 0.02428940568475452, 0.04470284237726098, 0.07338501291989664, 0.08863049095607235, 0.1165374677002584, 0.1338501291989664, 0.13772609819121448, 0.08837209302325581, 0.10981912144702842, 0.04883720930232558, 0.029198966408268735, 0.03307493540051679, 0.012919896640826873, 0.00516795865633075, 0.010594315245478035, 0.004134366925064599, 0.004134366925064599, 0.0015503875968992248, 0.0, 0.0, 0.0], [0.0, 0.0, 0.00019860973187686197, 0.00039721946375372393, 0.0005958291956305859, 0.0005958291956305859, 0.0013902681231380337, 0.003972194637537239, 0.005759682224428997, 0.0141012909632572, 0.026812313803376366, 0.033962264150943396, 0.06295928500496524, 0.07269116186693148, 0.10724925521350546, 0.13128103277060577, 0.15253227408143, 0.09374379344587885, 0.1483614697120159, 0.04707050645481629, 0.028798411122144985, 0.03018867924528302, 0.014498510427010924, 0.005958291956305859, 0.008738828202581926, 0.0029791459781529296, 0.0023833167825223437, 0.0027805362462760674, 0.0, 0.0, 0.0], [0.0, 0.0, 0.0, 0.03125, 0.0, 0.015625, 0.0, 0.0, 0.015625, 0.078125, 0.03125, 0.078125, 0.078125, 0.0625, 0.109375, 0.09375, 0.15625, 0.015625, 0.09375, 0.046875, 0.0, 0.046875, 0.03125, 0.015625, 0.0, 0.0, 0.0, 0.0, 0.0, 0.0, 0.0], [0.00013478905512872354, 0.0, 0.0, 0.00013478905512872354, 0.00013478905512872354, 0.0002695781102574471, 0.0005391562205148942, 0.001213101496158512, 0.003234937323089365, 0.007682976142337242, 0.014692007009030866, 0.020487936379565978, 0.03854966976681493, 0.059441973311767086, 0.10055263512602777, 0.1436851327672193, 0.16983420946219166, 0.12104057150559375, 0.12454508693894056, 0.06402480118614369, 0.043132497641191536, 0.045423911578379834, 0.017387788111605337, 0.007817765197465966, 0.009570022914139371, 0.005391562205148942, 0.0010783124410297883, 0.0, 0.0, 0.0, 0.0], [0.0, 0.0, 0.0, 0.00018171906232963838, 0.0, 0.00036343812465927677, 0.0012720334363074686, 0.0007268762493185535, 0.002544066872614937, 0.004179538433581683, 0.010539705615119027, 0.014174086861711793, 0.02253316372887516, 0.0359803743412684, 0.0634199527530438, 0.09267672178811558, 0.13556242049791023, 0.11920770488824278, 0.1893512629474832, 0.08976921679084136, 0.06469198618935126, 0.07523169180447029, 0.025985825913138288, 0.013810648737052516, 0.019262220606941667, 0.009085953116481919, 0.00563329093221879, 0.0032709431219334908, 0.0005451571869889151, 0.0, 0.0], [0.00023348120476301658, 0.00011674060238150829, 0.0, 0.00023348120476301658, 0.00023348120476301658, 0.0009339248190520663, 0.0009339248190520663, 0.0025682932523931824, 0.004202661685734298, 0.00817184216670558, 0.016693906140555687, 0.023348120476301658, 0.027667522764417463, 0.044127947700210134, 0.06700910576698575, 0.10109736166238618, 0.14475834695307027, 0.13016577165538173, 0.17289283212701378, 0.0859210833527901, 0.05019845902404856, 0.057786598178846606, 0.024048564090590707, 0.013541909876254962, 0.015643240719122112, 0.005136586504786365, 0.0023348120476301658, 0.0, 0.0, 0.0, 0.0], [0.0, 0.0, 0.0, 0.0, 0.001996007984031936, 0.0, 0.0, 0.003992015968063872, 0.007984031936127744, 0.005988023952095809, 0.017964071856287425, 0.027944111776447105, 0.05189620758483034, 0.09580838323353294, 0.10778443113772455, 0.15768463073852296, 0.18762475049900199, 0.12574850299401197, 0.12974051896207583, 0.041916167664670656, 0.02594810379241517, 0.00998003992015968, 0.0, 0.0, 0.0, 0.0, 0.0, 0.0, 0.0, 0.0, 0.0], [0.0, 0.0, 0.0, 0.0002975895248487253, 0.00019839301656581688, 0.00019839301656581688, 0.0004959825414145422, 0.000892768574546176, 0.0023807161987898025, 0.006745362563237774, 0.010614026386271203, 0.019442515623450056, 0.03352841979962305, 0.04146414046225573, 0.06596567800813412, 0.08897926792976887, 0.13659359190556492, 0.10852098006150183, 0.21466124392421387, 0.08729292728895943, 0.05148298779882948, 0.07439738121218133, 0.022815196905068943, 0.00763813113778395, 0.014482690209304632, 0.005852593988691598, 0.0018847336573752603, 0.0029758952484872534, 0.00019839301656581688, 0.0, 0.0], [0.00029129041654529564, 0.0, 0.00019419361103019712, 0.00019419361103019712, 0.0007767744441207885, 0.0005825808330905913, 0.0005825808330905913, 0.0012622584716962813, 0.0016506456937566754, 0.007185163608117293, 0.012816778327993009, 0.02738129915525779, 0.05272356539469852, 0.07495873385765608, 0.11544810175745218, 0.15962714826682203, 0.1941936110301971, 0.11991455481114671, 0.1263229439751432, 0.04641227303621711, 0.025730653461501118, 0.01864258665889892, 0.006214195552966308, 0.0027187105544227595, 0.002136129721332168, 0.0018448393047868724, 0.00019419361103019712, 0.0, 0.0, 0.0, 0.0], [0.00014478065730418415, 0.00014478065730418415, 0.0, 0.00014478065730418415, 0.0002895613146083683, 0.000868683943825105, 0.0011582452584334732, 0.0023164905168669464, 0.004632981033733893, 0.007962936151730129, 0.015491530331547706, 0.02750832488779499, 0.043868539163167804, 0.05631967569132764, 0.10033299551179962, 0.15057188359635154, 0.162733458809903, 0.10916461560735485, 0.140726798899667, 0.07050818010713769, 0.037787751556392066, 0.034168235123787465, 0.01679455624728536, 0.007818155494425945, 0.005791226292167367, 0.0021717098595627625, 0.0005791226292167366, 0.0, 0.0, 0.0, 0.0], [0.0, 0.0, 0.0, 0.0, 0.0003303600925008259, 0.0, 0.0008259002312520648, 0.0008259002312520648, 0.002477700693756194, 0.0044598612487611496, 0.012223323422530559, 0.017839444995044598, 0.03221010901883053, 0.0548397753551371, 0.09762140733399405, 0.12471093491906178, 0.15642550379914105, 0.0969606871489924, 0.1734390485629336, 0.06491575817641229, 0.043442352163858604, 0.049554013875123884, 0.022464486290056162, 0.012553683515031383, 0.015857284440039643, 0.007102741988767757, 0.005946481665014866, 0.002477700693756194, 0.0004955401387512388, 0.0, 0.0], [0.00047058823529411766, 0.0009411764705882353, 0.00047058823529411766, 0.00047058823529411766, 0.0018823529411764706, 0.0042352941176470585, 0.004705882352941176, 0.008470588235294117, 0.019294117647058823, 0.034352941176470586, 0.047058823529411764, 0.06870588235294117, 0.07529411764705882, 0.09270588235294118, 0.12988235294117648, 0.11623529411764706, 0.10964705882352942, 0.0748235294117647, 0.10870588235294118, 0.03011764705882353, 0.02258823529411765, 0.02635294117647059, 0.006588235294117647, 0.0051764705882352945, 0.008470588235294117, 0.0018823529411764706, 0.00047058823529411766, 0.0, 0.0, 0.0, 0.0], [0.0, 0.0, 0.0, 0.0024630541871921183, 0.0016420361247947454, 0.0024630541871921183, 0.004105090311986864, 0.010673234811165846, 0.014778325123152709, 0.017241379310344827, 0.030377668308702793, 0.042692939244663386, 0.05172413793103448, 0.05582922824302135, 0.10673234811165845, 0.12315270935960591, 0.14039408866995073, 0.11412151067323481, 0.138752052545156, 0.048440065681444995, 0.028735632183908046, 0.023809523809523808, 0.0180623973727422, 0.0090311986863711, 0.007389162561576354, 0.003284072249589491, 0.0024630541871921183, 0.0016420361247947454, 0.0, 0.0, 0.0], [0.00033467202141900936, 0.0, 0.0, 0.0, 0.0006693440428380187, 0.001004016064257028, 0.0035140562248995983, 0.006024096385542169, 0.009203480589022758, 0.017904953145917002, 0.03530789825970549, 0.05220883534136546, 0.07613788487282463, 0.10157295850066934, 0.13738286479250333, 0.13821954484605087, 0.13671352074966533, 0.08417001338688086, 0.09454484605087014, 0.033801874163319943, 0.022255689424364122, 0.02426372155287818, 0.009036144578313253, 0.006358768406961178, 0.006526104417670682, 0.0015060240963855422, 0.0006693440428380187, 0.0006693440428380187, 0.0, 0.0, 0.0], [0.0, 0.0, 0.0, 0.0005880623346074683, 0.00029403116730373417, 0.0005880623346074683, 0.0026462805057336078, 0.0026462805057336078, 0.004998529844163481, 0.010879153190238165, 0.019112025874742724, 0.02646280505733608, 0.04175242575713026, 0.05733607762422817, 0.09261981770067627, 0.11731843575418995, 0.13466627462511027, 0.10614525139664804, 0.14025286680388122, 0.06733313731255514, 0.04763304910320494, 0.045280799764775066, 0.024110555718906204, 0.011467215524845633, 0.0223463687150838, 0.011761246692149369, 0.006762716847985887, 0.003234342840341076, 0.0017641870038224052, 0.0, 0.0], [0.0, 0.0, 0.0, 0.0, 0.00023685457129322596, 0.0, 0.0011842728564661299, 0.0014211274277593558, 0.004500236854571293, 0.012790146849834202, 0.0182378019895784, 0.02865940312648034, 0.050686878256750355, 0.07247749881572714, 0.10847939365229749, 0.1314542870677404, 0.15656087162482235, 0.09687351965892942, 0.14542870677404074, 0.05945049739459972, 0.03481762198010421, 0.03860729512079583, 0.015632401705352912, 0.005684509711037423, 0.005684509711037423, 0.004263382283278067, 0.005684509711037423, 0.0011842728564661299, 0.0, 0.0, 0.0], [0.0002929973630237328, 0.0001464986815118664, 0.0001464986815118664, 0.0001464986815118664, 0.00043949604453559916, 0.0013184881336067975, 0.0016114854966305303, 0.0032229709932610606, 0.006006445941986522, 0.010108409024318782, 0.026223263990624083, 0.038382654556108994, 0.06680339876941108, 0.0898036917667741, 0.13184881336067975, 0.14664518019337827, 0.15089364195722238, 0.10313507178435394, 0.10254907705830647, 0.049663053032522705, 0.02798124816876648, 0.021242308819220627, 0.011133899794901847, 0.0035159683562847933, 0.0043949604453559915, 0.0020509815411661296, 0.0002929973630237328, 0.0, 0.0, 0.0, 0.0], [0.0, 0.0, 0.0, 0.0005298013245033113, 0.0005298013245033113, 0.0010596026490066225, 0.0018543046357615894, 0.0031788079470198675, 0.005298013245033113, 0.00847682119205298, 0.018278145695364238, 0.030993377483443708, 0.05271523178807947, 0.07364238410596026, 0.10887417218543047, 0.14251655629139073, 0.1562913907284768, 0.11364238410596027, 0.1157615894039735, 0.05642384105960265, 0.038410596026490065, 0.029933774834437085, 0.015629139072847683, 0.006887417218543046, 0.011125827814569536, 0.003973509933774834, 0.003443708609271523, 0.0005298013245033113, 0.0, 0.0, 0.0], [0.0, 0.0, 0.0, 0.0, 0.0, 0.0008529997156667614, 0.0011373329542223485, 0.0031276656241114587, 0.005117998294000569, 0.006255331248222917, 0.01279499573500142, 0.021609326130224624, 0.03355132214955928, 0.048052317315894225, 0.08928063690645437, 0.11458629513790163, 0.1455786181404606, 0.10776229741256753, 0.1640602786465738, 0.07591697469434176, 0.04407165197611601, 0.059709980096673304, 0.02303099232300256, 0.015353994882001705, 0.016491327836224055, 0.008529997156667614, 0.002274665908444697, 0.0008529997156667614, 0.0, 0.0, 0.0], [0.0, 0.0, 0.00032388663967611336, 0.0, 0.00016194331983805668, 0.00048582995951417006, 0.0006477732793522267, 0.002105263157894737, 0.0029149797570850204, 0.00631578947368421, 0.013927125506072875, 0.029959514170040485, 0.051821862348178135, 0.08550607287449392, 0.1234008097165992, 0.12388663967611337, 0.14623481781376518, 0.09813765182186235, 0.13068825910931173, 0.05327935222672065, 0.035303643724696354, 0.03708502024291498, 0.02234817813765182, 0.007935222672064778, 0.014736842105263158, 0.005506072874493927, 0.004534412955465587, 0.002105263157894737, 0.0006477732793522267, 0.0, 0.0], [0.0, 0.0, 0.00010335917312661498, 0.0, 0.00010335917312661498, 0.00020671834625322997, 0.00041343669250645994, 0.0013436692506459949, 0.002377260981912145, 0.006201550387596899, 0.013023255813953489, 0.024186046511627906, 0.041757105943152455, 0.06170542635658915, 0.09012919896640827, 0.1117312661498708, 0.14728682170542637, 0.1130749354005168, 0.182015503875969, 0.06801033591731266, 0.041550387596899226, 0.05219638242894057, 0.016330749354005168, 0.007751937984496124, 0.011059431524547804, 0.0033074935400516795, 0.0021705426356589145, 0.0018604651162790699, 0.00010335917312661498, 0.0, 0.0], [0.0, 0.0, 0.0, 0.0, 0.0, 0.00012725884448969204, 0.0006362942224484602, 0.0005090353779587681, 0.0025451768897938407, 0.005853906846525834, 0.008526342580809367, 0.021634003563247645, 0.03575973530160346, 0.06184779842199033, 0.10167981674726394, 0.14482056502926954, 0.17994400610842454, 0.11847798421990328, 0.1754899465512853, 0.057139221175871724, 0.0287604988546704, 0.03588699414609316, 0.009671672181216595, 0.002926953423262917, 0.003435988801221685, 0.0024179180453041487, 0.0019088826673453805, 0.0, 0.0, 0.0, 0.0], [0.0, 0.005, 0.0, 0.005, 0.01, 0.02, 0.035, 0.025, 0.075, 0.055, 0.04, 0.07, 0.09, 0.115, 0.085, 0.105, 0.08, 0.055, 0.05, 0.025, 0.01, 0.02, 0.015, 0.01, 0.0, 0.0, 0.0, 0.0, 0.0, 0.0, 0.0]]}, "ranks": {"labels": ["Unranked", "Combatatent I", "Combatatent II", "Challenger I", "Challenger II", "Rival I", "Rival II", "Duelist", "Elite"], "data": [[0.13656387665198239, 0.17180616740088106, 0.18502202643171806, 0.23788546255506607, 0.11013215859030837, 0.09251101321585903, 0.02643171806167401, 0.039647577092511016, 0.0], [0.05514705882352941, 0.09033613445378151, 0.15388655462184875, 0.2557773109243697, 0.2347689075630252, 0.1334033613445378, 0.038340336134453784, 0.0273109243697479, 0.011029411764705883], [0.012598425196850394, 0.02393700787401575, 0.06078740157480315, 0.14803149606299212, 0.24992125984251967, 0.27291338582677166, 0.0878740157480315, 0.10708661417322834, 0.0368503937007874], [0.02493513980974344, 0.04525799942346498, 0.10910925338714327, 0.2186509080426636, 0.2727010665897953, 0.19861631594119342, 0.06803113289132315, 0.05232055347362352, 0.010377630441049293], [0.19736842105263158, 0.11842105263157894, 0.25, 0.07894736842105263, 0.13157894736842105, 0.09210526315789473, 0.06578947368421052, 0.06578947368421052, 0.0], [0.01240553258234707, 0.03507771281905034, 0.10608869242834736, 0.2304292029088835, 0.26607728504206474, 0.1761015257379153, 0.06487950948238985, 0.07928133466419507, 0.029659204334806788], [0.07246856386499008, 0.09695565850430178, 0.17240238252812706, 0.25380542686962276, 0.20681667769688947, 0.09728656518861681, 0.033752481800132364, 0.03871608206485771, 0.027796161482461945], [0.29130434782608694, 0.1956521739130435, 0.2, 0.13043478260869565, 0.0782608695652174, 0.04782608695652174, 0.05652173913043478, 0.0, 0.0], [0.053895210704014006, 0.10916593722645992, 0.17994247842941102, 0.25734650493935224, 0.18006752532199574, 0.10416406152307116, 0.04564211579342253, 0.04889333500062523, 0.020882831061648118], [0.04754773493073755, 0.07263197304380382, 0.1497566454511419, 0.2283788843129914, 0.24410333208536128, 0.1553725196555597, 0.0471733433171097, 0.040059902658180456, 0.01497566454511419], [0.06601416076634735, 0.1320283215326947, 0.19720949604331528, 0.2696793002915452, 0.18117451062057477, 0.08808829654310704, 0.033944189920866306, 0.025822573927530196, 0.006039150354019159], [0.02722914669223394, 0.07114093959731543, 0.13269415148609778, 0.2289549376797699, 0.2534995206136146, 0.16241610738255033, 0.057909875359539786, 0.05004793863854266, 0.016107382550335572], [0.030560761135937725, 0.06631108548363845, 0.12296381721205132, 0.23843159867377828, 0.2505405795012253, 0.15885829609341215, 0.05910335880063428, 0.052904713853250684, 0.02032578924607179], [0.010964912280701754, 0.03508771929824561, 0.09758771929824561, 0.20202850877192982, 0.2897478070175439, 0.19572368421052633, 0.08031798245614036, 0.06825657894736842, 0.020285087719298246], [0.035244608100999476, 0.06575486586007365, 0.12046291425565492, 0.21620199894792214, 0.23093108890057865, 0.14623882167280378, 0.07154129405576012, 0.0773277222514466, 0.036296685954760655], [0.03307493540051679, 0.06899224806201551, 0.162015503875969, 0.2503875968992248, 0.22609819121447028, 0.13669250645994832, 0.05116279069767442, 0.05116279069767442, 0.02041343669250646], [0.027010923535253226, 0.06077457795431976, 0.13565044687189673, 0.23853028798411122, 0.24627606752730885, 0.1759682224428997, 0.048262164846077454, 0.0506454816285998, 0.016881827209533268], [0.140625, 0.109375, 0.140625, 0.203125, 0.171875, 0.109375, 0.03125, 0.09375, 0.0], [0.01334411645774363, 0.03517994338859685, 0.09799164307858202, 0.24423776789324708, 0.2908747809677854, 0.16053376465830974, 0.07116862110796603, 0.07062946488745114, 0.016039897560318102], [0.009267672178811557, 0.02471379247683082, 0.05851353807014356, 0.15609667454115936, 0.254770125386153, 0.2362347810285299, 0.10757768489914592, 0.11502816645466109, 0.03779756496456478], [0.01762783095960775, 0.040042026616857344, 0.0717954704646276, 0.16810646742937194, 0.274924118608452, 0.21783796404389447, 0.09117441045995797, 0.09537707214569227, 0.02311463927153864], [0.01996007984031936, 0.04590818363273453, 0.14770459081836326, 0.2654690618762475, 0.313373253493014, 0.1596806387225549, 0.03792415169660679, 0.00998003992015968, 0.0], [0.011209205435968653, 0.030056542009721257, 0.07499256026187878, 0.15494494593790298, 0.24511457196706676, 0.2601924412260688, 0.09324471778593393, 0.10485070925503422, 0.02539430612042456], [0.01271968152247791, 0.0401980774832508, 0.1276822992523546, 0.2750752500242742, 0.3141081658413438, 0.15244198465870473, 0.046023885814156715, 0.027575492766287988, 0.0041751626371492375], [0.017663240191110468, 0.04299985521934269, 0.10018821485449544, 0.2509048791081511, 0.27189807441725783, 0.1799623570291009, 0.06906037353409585, 0.05878094686549877, 0.008542058780946866], [0.008919722497522299, 0.03006276841757516, 0.08704988437396763, 0.22233234225305584, 0.25338619094813347, 0.20845721836802114, 0.07333994053518335, 0.08457218368021142, 0.0318797489263297], [0.07529411764705882, 0.11576470588235294, 0.168, 0.24611764705882352, 0.1844705882352941, 0.12329411764705882, 0.03811764705882353, 0.03811764705882353, 0.010823529411764706], [0.053366174055829226, 0.07307060755336617, 0.10755336617405582, 0.22988505747126436, 0.2545155993431856, 0.16584564860426929, 0.05008210180623974, 0.05090311986863711, 0.014778325123152709], [0.038654618473895584, 0.08751673360107096, 0.17771084337349397, 0.2756024096385542, 0.22088353413654618, 0.11362115127175368, 0.03698125836680054, 0.03965863453815261, 0.009370816599732263], [0.022640399882387533, 0.0455748309320788, 0.09908850338135843, 0.20993825345486622, 0.24081152602175832, 0.17171420170538076, 0.08350485151426051, 0.0808585710085269, 0.04586886209938253], [0.020132638559924206, 0.04689720511605874, 0.1231643770724775, 0.2399336807200379, 0.2534343912837518, 0.1785883467550924, 0.0611084793936523, 0.059924206537186164, 0.016816674561819043], [0.023439789041898623, 0.06460591854673307, 0.15660709053618518, 0.278493993554058, 0.2540287137415763, 0.13009082918253737, 0.05010254907705831, 0.035892176970407266, 0.006738939349545854], [0.020927152317880796, 0.049271523178807945, 0.12635761589403974, 0.2513907284768212, 0.2699337748344371, 0.14596026490066225, 0.06463576158940397, 0.052450331125827816, 0.019072847682119205], [0.016491327836224055, 0.034404321865226045, 0.08160363946545351, 0.203866932044356, 0.2533409155530281, 0.20699459766846745, 0.07705430764856412, 0.09809496730167756, 0.028148990617003128], [0.012955465587044534, 0.04388663967611336, 0.13732793522267206, 0.24728744939271255, 0.24437246963562753, 0.16080971659919027, 0.05846153846153846, 0.06736842105263158, 0.027530364372469637], [0.010749354005167959, 0.037209302325581395, 0.1034625322997416, 0.20186046511627906, 0.26036175710594317, 0.21974160206718346, 0.07183462532299742, 0.07627906976744186, 0.018501291989664083], [0.009671672181216595, 0.03016034614405701, 0.09760753372359379, 0.24650038177653347, 0.29842199032832784, 0.20781369305166708, 0.053575973530160345, 0.04848561975057267, 0.007762789513871214], [0.23, 0.11, 0.205, 0.19, 0.135, 0.055, 0.03, 0.045, 0.0]]}, "ranksDetailed": {"labels": ["Unranked", "Combatatant", "Challenger", "Rival", "Duelist", "Elite"], "data": [[0.13656387665198239, 0.3568281938325991, 0.34801762114537443, 0.11894273127753303, 0.039647577092511016, 0.0], [0.05514705882352941, 0.24422268907563024, 0.49054621848739494, 0.1717436974789916, 0.0273109243697479, 0.011029411764705883], [0.012598425196850394, 0.0847244094488189, 0.3979527559055118, 0.36078740157480316, 0.10708661417322834, 0.0368503937007874], [0.02493513980974344, 0.15436725281060826, 0.49135197463245894, 0.26664744883251656, 0.05232055347362352, 0.010377630441049293], [0.19736842105263158, 0.3684210526315789, 0.21052631578947367, 0.15789473684210525, 0.06578947368421052, 0.0], [0.01240553258234707, 0.14116640524739768, 0.49650648795094826, 0.24098103522030515, 0.07928133466419507, 0.029659204334806788], [0.07246856386499008, 0.26935804103242883, 0.46062210456651226, 0.13103904698874919, 0.03871608206485771, 0.027796161482461945], [0.29130434782608694, 0.39565217391304347, 0.20869565217391303, 0.10434782608695652, 0.0, 0.0], [0.053895210704014006, 0.289108415655871, 0.437414030261348, 0.14980617731649368, 0.04889333500062523, 0.020882831061648118], [0.04754773493073755, 0.2223886184949457, 0.4724822163983527, 0.2025458629726694, 0.040059902658180456, 0.01497566454511419], [0.06601416076634735, 0.32923781757601, 0.45085381091211996, 0.12203248646397334, 0.025822573927530196, 0.006039150354019159], [0.02722914669223394, 0.20383509108341324, 0.48245445829338446, 0.22032598274209012, 0.05004793863854266, 0.016107382550335572], [0.030560761135937725, 0.18927490269568978, 0.4889721781750036, 0.21796165489404642, 0.052904713853250684, 0.02032578924607179], [0.010964912280701754, 0.13267543859649122, 0.4917763157894737, 0.2760416666666667, 0.06825657894736842, 0.020285087719298246], [0.035244608100999476, 0.18621778011572857, 0.4471330878485008, 0.2177801157285639, 0.0773277222514466, 0.036296685954760655], [0.03307493540051679, 0.2310077519379845, 0.4764857881136951, 0.18785529715762275, 0.05116279069767442, 0.02041343669250646], [0.027010923535253226, 0.1964250248262165, 0.48480635551142004, 0.22423038728897715, 0.0506454816285998, 0.016881827209533268], [0.140625, 0.25, 0.375, 0.140625, 0.09375, 0.0], [0.01334411645774363, 0.13317158646717886, 0.5351125488610324, 0.23170238576627578, 0.07062946488745114, 0.016039897560318102], [0.009267672178811557, 0.08322733054697437, 0.4108667999273124, 0.34381246592767584, 0.11502816645466109, 0.03779756496456478], [0.01762783095960775, 0.11183749708148494, 0.44303058603782397, 0.30901237450385244, 0.09537707214569227, 0.02311463927153864], [0.01996007984031936, 0.1936127744510978, 0.5788423153692615, 0.19760479041916168, 0.00998003992015968, 0.0], [0.011209205435968653, 0.10504910227160004, 0.40005951790496974, 0.3534371590120028, 0.10485070925503422, 0.02539430612042456], [0.01271968152247791, 0.1678803767356054, 0.5891834158656181, 0.19846587047286143, 0.027575492766287988, 0.0041751626371492375], [0.017663240191110468, 0.14318807007383813, 0.522802953525409, 0.24902273056319676, 0.05878094686549877, 0.008542058780946866], [0.008919722497522299, 0.11711265279154279, 0.4757185332011893, 0.2817971589032045, 0.08457218368021142, 0.0318797489263297], [0.07529411764705882, 0.2837647058823529, 0.43058823529411766, 0.16141176470588237, 0.03811764705882353, 0.010823529411764706], [0.053366174055829226, 0.180623973727422, 0.48440065681444994, 0.21592775041050905, 0.05090311986863711, 0.014778325123152709], [0.038654618473895584, 0.26522757697456495, 0.4964859437751004, 0.15060240963855423, 0.03965863453815261, 0.009370816599732263], [0.022640399882387533, 0.14466333431343723, 0.45074977947662453, 0.2552190532196413, 0.0808585710085269, 0.04586886209938253], [0.020132638559924206, 0.17006158218853623, 0.4933680720037897, 0.23969682614874466, 0.059924206537186164, 0.016816674561819043], [0.023439789041898623, 0.22121300908291824, 0.5325227072956343, 0.18019337825959567, 0.035892176970407266, 0.006738939349545854], [0.020927152317880796, 0.1756291390728477, 0.5213245033112582, 0.21059602649006623, 0.052450331125827816, 0.019072847682119205], [0.016491327836224055, 0.11600796133067956, 0.45720784759738414, 0.2840489053170316, 0.09809496730167756, 0.028148990617003128], [0.012955465587044534, 0.18121457489878542, 0.49165991902834005, 0.21927125506072875, 0.06736842105263158, 0.027530364372469637], [0.010749354005167959, 0.140671834625323, 0.4622222222222222, 0.29157622739018085, 0.07627906976744186, 0.018501291989664083], [0.009671672181216595, 0.1277678798676508, 0.5449223721048613, 0.26138966658182744, 0.04848561975057267, 0.007762789513871214], [0.23, 0.315, 0.325, 0.085, 0.045, 0.0]]}}}, "eu": {"histType": {"histogram": {"labels": ["0", "100", "200", "300", "400", "500", "600", "700", "800", "900", "1000", "1100", "1200", "1300", "1400", "1500", "1600", "1700", "1800", "1900", "2000", "2100", "2200", "2300", "2400", "2500", "2600", "2700", "2800", "2900", "3000"], "data": [[0.0, 0.0, 0.0, 0.0, 0.0, 0.01092896174863388, 0.01092896174863388, 0.02185792349726776, 0.04918032786885246, 0.060109289617486336, 0.07650273224043716, 0.060109289617486336, 0.07103825136612021, 0.1092896174863388, 0.1366120218579235, 0.09289617486338798, 0.09289617486338798, 0.07103825136612021, 0.060109289617486336, 0.0273224043715847, 0.00546448087431694, 0.0273224043715847, 0.01092896174863388, 0.0, 0.00546448087431694, 0.0, 0.0, 0.0, 0.0, 0.0, 0.0], [0.0, 0.0, 0.0005561735261401557, 0.0011123470522803114, 0.0011123470522803114, 0.0033370411568409346, 0.005005561735261402, 0.008898776418242492, 0.020022246941045607, 0.030033370411568408, 0.03781979977753059, 0.05617352614015573, 0.07397107897664071, 0.08954393770856507, 0.13125695216907676, 0.12124582869855395, 0.1496106785317019, 0.07508342602892103, 0.11401557285873193, 0.030033370411568408, 0.014460511679644048, 0.017797552836484983, 0.0055617352614015575, 0.0033370411568409346, 0.0055617352614015575, 0.0033370411568409346, 0.0011123470522803114, 0.0, 0.0, 0.0, 0.0], [0.0, 0.00016742005692281934, 0.0, 0.00016742005692281934, 0.00016742005692281934, 0.00016742005692281934, 0.0003348401138456387, 0.001841620626151013, 0.0035158211953792064, 0.004687761593838942, 0.012054244098442994, 0.017244265863050393, 0.02645236899380546, 0.03465595178302361, 0.06110832077682907, 0.08320776829064122, 0.1428093085551649, 0.11150175791059769, 0.21613929348735977, 0.08069646743679892, 0.06161058094759752, 0.0666331826552821, 0.025950108823037, 0.013393604553825548, 0.020257826887661142, 0.00803616273229533, 0.003348401138456387, 0.0035158211953792064, 0.0003348401138456387, 0.0, 0.0], [0.0, 0.0, 0.0, 0.00013721185510428101, 0.00013721185510428101, 0.00027442371020856203, 0.0009604829857299671, 0.0030186608122941823, 0.004939626783754116, 0.009879253567508232, 0.020170142700329307, 0.02991218441273326, 0.04075192096597146, 0.053924259055982436, 0.09371569703622393, 0.12417672886937431, 0.16534028540065862, 0.11841383095499451, 0.16163556531284304, 0.06901756311745334, 0.03787047200878156, 0.03800768386388584, 0.011800219538968168, 0.005351262349066959, 0.006586169045005488, 0.001646542261251372, 0.0006860592755214051, 0.001234906695938529, 0.000411635565312843, 0.0, 0.0], [0.0, 0.0, 0.0, 0.0, 0.0, 0.02531645569620253, 0.02531645569620253, 0.06329113924050633, 0.06329113924050633, 0.0379746835443038, 0.08860759493670886, 0.0759493670886076, 0.0379746835443038, 0.0379746835443038, 0.08860759493670886, 0.0759493670886076, 0.0759493670886076, 0.0759493670886076, 0.06329113924050633, 0.0759493670886076, 0.02531645569620253, 0.05063291139240506, 0.0, 0.0, 0.012658227848101266, 0.0, 0.0, 0.0, 0.0, 0.0, 0.0], [0.0, 0.00014396775122372588, 0.00014396775122372588, 0.00028793550244745177, 0.0004319032536711777, 0.00014396775122372588, 0.00028793550244745177, 0.002159516268355888, 0.0030233227756982436, 0.006622516556291391, 0.013820904117477686, 0.021019291678663978, 0.03757558306939245, 0.06190613302620213, 0.09804203858335733, 0.11776562050100778, 0.150734235531241, 0.10682407140800461, 0.1490066225165563, 0.07327958537287647, 0.039159228332853444, 0.05614742297725309, 0.022602936942124965, 0.008926000575871005, 0.015260581629714944, 0.007486323063633746, 0.0031672905269219693, 0.002735387273250792, 0.001295709761013533, 0.0, 0.0], [0.00030349013657056146, 0.00030349013657056146, 0.00030349013657056146, 0.0015174506828528073, 0.003338391502276176, 0.0024279210925644916, 0.004552352048558422, 0.01031866464339909, 0.021244309559939303, 0.028831562974203338, 0.04522003034901366, 0.06100151745068285, 0.08133535660091047, 0.09165402124430956, 0.10257966616084978, 0.1283763277693475, 0.11896813353566009, 0.07617602427921093, 0.07830045523520486, 0.04370257966616085, 0.022154779969650987, 0.025189681335356602, 0.012443095599393019, 0.009104704097116844, 0.010015174506828529, 0.007283763277693475, 0.006069802731411229, 0.006069802731411229, 0.0012139605462822458, 0.0, 0.0], [0.0, 0.0, 0.0, 0.0, 0.0, 0.012422360248447204, 0.006211180124223602, 0.055900621118012424, 0.031055900621118012, 0.06832298136645963, 0.07453416149068323, 0.09937888198757763, 0.08074534161490683, 0.062111801242236024, 0.13043478260869565, 0.13664596273291926, 0.08074534161490683, 0.08074534161490683, 0.018633540372670808, 0.043478260869565216, 0.018633540372670808, 0.0, 0.0, 0.0, 0.0, 0.0, 0.0, 0.0, 0.0, 0.0, 0.0], [0.0003759869657851861, 0.00012532898859506203, 0.0005013159543802481, 0.0005013159543802481, 0.0006266449429753102, 0.0016292768517358065, 0.003258553703471613, 0.007519739315703722, 0.01591678155157288, 0.027823035468103774, 0.045118435894222333, 0.06391778418348164, 0.09186614864018047, 0.09900990099009901, 0.11567865647324226, 0.1228224088231608, 0.1092868780548941, 0.06993357563604462, 0.07845594686050883, 0.04474244892843715, 0.02957764130843464, 0.024815139741822284, 0.015164807620002507, 0.008898358190249405, 0.012783556836696328, 0.0047625015666123574, 0.004386514600827171, 0.0005013159543802481, 0.0, 0.0, 0.0], [0.0, 0.0, 0.0004847309743092584, 0.0, 0.001454192922927775, 0.001454192922927775, 0.0004847309743092584, 0.008240426563257392, 0.010664081434803683, 0.016965584100824042, 0.043625787687833255, 0.04265632573921473, 0.06592341250605914, 0.08482792050412022, 0.10227823557925352, 0.11003393116820165, 0.15172079495879787, 0.09015996122152206, 0.12603005332040718, 0.03829374697043141, 0.043141056713523994, 0.02956858943286476, 0.012603005332040717, 0.008240426563257392, 0.006301502666020358, 0.003877847794474067, 0.0009694619486185168, 0.0, 0.0, 0.0, 0.0], [0.00025043826696719256, 0.0005008765339343851, 0.0007513148009015778, 0.0010017530678687703, 0.0027548209366391185, 0.003005259203606311, 0.005008765339343852, 0.01076884547958928, 0.018782870022539443, 0.037064863511144505, 0.05509641873278237, 0.07588279489105935, 0.09316303531179564, 0.10568494866015528, 0.13974455296769348, 0.1309792136238417, 0.1046831955922865, 0.06235912847483095, 0.06511394941147007, 0.03355872777360381, 0.018532431755572253, 0.016278487352867518, 0.005259203606311044, 0.00576008014024543, 0.004507888805409466, 0.002253944402704733, 0.001252191334835963, 0.0, 0.0, 0.0, 0.0], [0.0, 0.0, 0.0, 0.0, 0.000615637184485943, 0.0008208495793145906, 0.0016416991586291811, 0.004719885081058896, 0.008824132977631849, 0.015185717217319926, 0.029550584855325263, 0.039605992201928994, 0.06361584239688077, 0.07059306382105479, 0.1093782064436692, 0.12271701210753129, 0.14098091524728093, 0.09932279909706546, 0.13544018058690746, 0.053560435050277036, 0.0305766468294685, 0.037759080648471166, 0.014159655243176687, 0.005335522265544839, 0.00964498255694644, 0.003693823106915658, 0.0008208495793