{"region": {"us": {"histType": {"histogram": {"labels": ["0", "100", "200", "300", "400", "500", "600", "700", "800", "900", "1000", "1100", "1200", "1300", "1400", "1500", "1600", "1700", "1800", "1900", "2000", "2100", "2200", "2300", "2400", "2500", "2600", "2700", "2800", "2900", "3000", "3100", "3200"], "data": [[0.0, 0.0, 0.003215434083601286, 0.003215434083601286, 0.006430868167202572, 0.006430868167202572, 0.022508038585209004, 0.012861736334405145, 0.03215434083601286, 0.028938906752411574, 0.0707395498392283, 0.07395498392282958, 0.08360128617363344, 0.1189710610932476, 0.10610932475884244, 0.11254019292604502, 0.09967845659163987, 0.05466237942122187, 0.05466237942122187, 0.04823151125401929, 0.028938906752411574, 0.00964630225080386, 0.00964630225080386, 0.0, 0.012861736334405145, 0.0, 0.0, 0.0, 0.0, 0.0, 0.0, 0.0, 0.0], [0.0, 0.0008244023083264633, 0.0, 0.00041220115416323167, 0.0008244023083264633, 0.0016488046166529267, 0.00494641384995878, 0.010717230008244023, 0.011129431162407255, 0.01978565539983512, 0.03462489694971146, 0.04245671887881286, 0.06389117889530091, 0.07460840890354493, 0.10098928276999175, 0.12118713932399011, 0.1471558120362737, 0.08944765045342128, 0.15169002473206925, 0.055647155812036275, 0.024319868095630668, 0.016488046166529265, 0.00989282769991756, 0.00494641384995878, 0.00494641384995878, 0.0016488046166529267, 0.0032976092333058533, 0.002061005770816158, 0.00041220115416323167, 0.0, 0.0, 0.0, 0.0], [0.00014281633818908883, 0.0, 0.0, 0.00028563267637817766, 0.00028563267637817766, 0.00028563267637817766, 0.00028563267637817766, 0.0007140816909454442, 0.003427592116538132, 0.004427306483861753, 0.0075692659240217085, 0.011139674378748929, 0.016852327906312484, 0.0268494715795487, 0.03684661525278492, 0.05841188231933733, 0.09025992573550415, 0.10782633533276206, 0.2879177377892031, 0.08883176235361326, 0.06355327049414453, 0.09397315052842045, 0.027706369608683234, 0.014852899171665239, 0.03384747215081405, 0.010425592687803485, 0.004998571836618109, 0.004141673807483576, 0.0014281633818908884, 0.002570694087403599, 0.00014281633818908883, 0.0, 0.0], [0.0, 0.0, 0.0, 0.0, 0.0001339764201500536, 0.0001339764201500536, 0.0009378349410503751, 0.002411575562700965, 0.006296891747052519, 0.009914255091103965, 0.015541264737406217, 0.018086816720257234, 0.0334941050375134, 0.04340836012861737, 0.06109324758842444, 0.07944801714898178, 0.15072347266881028, 0.12084673097534834, 0.21087888531618434, 0.08829046087888531, 0.055064308681672024, 0.05961950696677385, 0.01781886387995713, 0.007770632368703108, 0.012191854233654877, 0.002545551982851018, 0.0012057877813504824, 0.001607717041800643, 0.0002679528403001072, 0.0, 0.0002679528403001072, 0.0, 0.0], [0.0, 0.0, 0.0, 0.0, 0.008771929824561403, 0.0, 0.008771929824561403, 0.03508771929824561, 0.03508771929824561, 0.05263157894736842, 0.043859649122807015, 0.07894736842105263, 0.07017543859649122, 0.10526315789473684, 0.07894736842105263, 0.10526315789473684, 0.06140350877192982, 0.03508771929824561, 0.08771929824561403, 0.08771929824561403, 0.02631578947368421, 0.043859649122807015, 0.017543859649122806, 0.017543859649122806, 0.0, 0.0, 0.0, 0.0, 0.0, 0.0, 0.0, 0.0, 0.0], [0.0, 0.0, 0.0, 0.0, 0.0, 0.0, 0.0, 0.0017447322507046035, 0.0018789424238357267, 0.006710508656556167, 0.010065762984834251, 0.016642061468259296, 0.03019728895450275, 0.051670916655482485, 0.07220507314454436, 0.10012078915581801, 0.16105220775734802, 0.11434706750771709, 0.17796268957186956, 0.07556032747282244, 0.04415514696013958, 0.06307878137162796, 0.020936787008455242, 0.010602603677358744, 0.021473627700979735, 0.008455240907260771, 0.0033552543282780833, 0.0033552543282780833, 0.0021473627700979736, 0.00080526103878674, 0.0014763119044423566, 0.0, 0.0], [0.0, 0.0, 0.0002642706131078224, 0.001321353065539112, 0.0015856236786469344, 0.003171247357293869, 0.005813953488372093, 0.008985200845665961, 0.01744186046511628, 0.024577167019027485, 0.0388477801268499, 0.04704016913319239, 0.07003171247357294, 0.08350951374207188, 0.10914376321353066, 0.12341437632135306, 0.12526427061310783, 0.08192389006342495, 0.11046511627906977, 0.0388477801268499, 0.028012684989429177, 0.029069767441860465, 0.011099365750528542, 0.007135306553911205, 0.012684989429175475, 0.006342494714587738, 0.006871035940803382, 0.0023784355179704017, 0.0018498942917547568, 0.0007928118393234672, 0.0021141649048625794, 0.0, 0.0], [0.0033333333333333335, 0.0, 0.0033333333333333335, 0.01, 0.016666666666666666, 0.013333333333333334, 0.016666666666666666, 0.05, 0.05, 0.1, 0.08666666666666667, 0.10333333333333333, 0.09, 0.10333333333333333, 0.07666666666666666, 0.06666666666666667, 0.06666666666666667, 0.03333333333333333, 0.02666666666666667, 0.03666666666666667, 0.006666666666666667, 0.013333333333333334, 0.02, 0.006666666666666667, 0.0, 0.0, 0.0, 0.0, 0.0, 0.0, 0.0, 0.0, 0.0], [0.00033921302578018993, 0.0002261420171867933, 0.0005653550429669833, 0.0005653550429669833, 0.0005653550429669833, 0.001582994120307553, 0.0016960651289009499, 0.00508819538670285, 0.009384893713251923, 0.020465852555404795, 0.03279059249208503, 0.04432383536861149, 0.05642243328810493, 0.06309362279511534, 0.07982813206693803, 0.08197648123021258, 0.14066033469018543, 0.10379918588873813, 0.12302125734961555, 0.06512890094979647, 0.045793758480325644, 0.04703753957485301, 0.020691994572591587, 0.013116236996834011, 0.022048846675712348, 0.009384893713251923, 0.005992763455450022, 0.0018091361374943465, 0.0023744911804613297, 0.0002261420171867933, 0.0, 0.0, 0.0], [0.0, 0.0, 0.0, 0.0, 0.00036927621861152144, 0.00036927621861152144, 0.00036927621861152144, 0.00036927621861152144, 0.0007385524372230429, 0.005539143279172821, 0.007016248153618907, 0.005908419497784343, 0.012186115214180207, 0.021048744460856722, 0.04025110782865583, 0.06351550960118169, 0.07791728212703102, 0.08124076809453472, 0.18759231905465287, 0.08087149187592318, 0.08530280649926145, 0.12149187592319055, 0.050221565731166914, 0.025480059084194977, 0.06868537666174299, 0.022895125553914326, 0.013663220088626292, 0.014771048744460856, 0.0066469719350073855, 0.004062038404726735, 0.0014771048744460858, 0.0, 0.0], [0.0, 0.0, 0.0003245699448231094, 0.0, 0.0016228497241155468, 0.0016228497241155468, 0.0035702693930542034, 0.0038948393378773127, 0.012009087958455048, 0.018175916910094125, 0.03050957481337228, 0.0344044141512496, 0.059720869847452125, 0.0723790976955534, 0.09217786432976306, 0.11197663096397274, 0.14053878610840637, 0.09120415449529373, 0.15092502434274585, 0.054527750730282376, 0.03635183382018825, 0.040246673158065564, 0.012658227848101266, 0.008438818565400843, 0.011359948068808828, 0.004219409282700422, 0.0019474196689386564, 0.0016228497241155468, 0.0019474196689386564, 0.0016228497241155468, 0.0, 0.0, 0.0], [0.00018439977872026554, 0.0, 0.0005531993361607966, 0.0005531993361607966, 0.0007375991148810622, 0.0018439977872026553, 0.004609994468006639, 0.008113590263691683, 0.01364558362529965, 0.0219435736677116, 0.047575142909828505, 0.06417112299465241, 0.08998709201548959, 0.09754748294302047, 0.13479623824451412, 0.13166144200626959, 0.12926424488290614, 0.07449751060298727, 0.08058270330075604, 0.03761755485893417, 0.01936197676562788, 0.018439977872026555, 0.008113590263691683, 0.0053475935828877, 0.004056795131845842, 0.0014751982297621243, 0.0018439977872026553, 0.0009219988936013276, 0.0005531993361607966, 0.0, 0.0, 0.0, 0.0], [0.0, 0.0, 0.0, 0.0, 0.00034965034965034965, 0.0006993006993006993, 0.002797202797202797, 0.002972027972027972, 0.007167832167832168, 0.00909090909090909, 0.021853146853146852, 0.033216783216783216, 0.045454545454545456, 0.06783216783216783, 0.10681818181818181, 0.11346153846153846, 0.14615384615384616, 0.10437062937062937, 0.15926573426573426, 0.06031468531468531, 0.03723776223776224, 0.03636363636363636, 0.013636363636363636, 0.008566433566433567, 0.012937062937062937, 0.00506993006993007, 0.0015734265734265735, 0.001048951048951049, 0.0017482517482517483, 0.0, 0.0, 0.0, 0.0], [0.0002449479485609308, 0.0, 0.0, 0.0001224739742804654, 0.0001224739742804654, 0.00036742192284139623, 0.0015921616656460501, 0.0023270055113288426, 0.005143906919779547, 0.013227189222290263, 0.021922841396203308, 0.02510716472749541, 0.034782608695652174, 0.04605021432945499, 0.06625842008573178, 0.08793631353337415, 0.1320269442743417, 0.11598285364360074, 0.18040416411512553, 0.08573178199632578, 0.05535823637477036, 0.05976729944886711, 0.020820575627679118, 0.010410287813839559, 0.017758726270667484, 0.005388854868340478, 0.004041641151255358, 0.002694427434170239, 0.0015921616656460501, 0.002449479485609308, 0.00036742192284139623, 0.0, 0.0], [0.0, 0.0, 0.0, 0.0, 0.00046871338176704945, 0.00023435669088352472, 0.00046871338176704945, 0.0007030700726505742, 0.004218420435903445, 0.004218420435903445, 0.013123974689477385, 0.018045465198031404, 0.03609093039606281, 0.05179282868525897, 0.07405671431919382, 0.10077337707991563, 0.1497539254745723, 0.11600656198734474, 0.17131474103585656, 0.0796812749003984, 0.05812045933911413, 0.05694867588469651, 0.022732599015701897, 0.010311694398875087, 0.016639325052730254, 0.007733770799156316, 0.0018748535270681978, 0.0018748535270681978, 0.0009374267635340989, 0.0018748535270681978, 0.0, 0.0, 0.0], [0.0, 0.0004116920543433512, 0.0, 0.0, 0.0012350761630300535, 0.0012350761630300535, 0.0008233841086867024, 0.004940304652120214, 0.009880609304240428, 0.01399752984767394, 0.019761218608480857, 0.03128859613009469, 0.04775627830382874, 0.057225195553725815, 0.08069164265129683, 0.10415808974886785, 0.13544668587896252, 0.10251132153149445, 0.13585837793330588, 0.06463565253190613, 0.0531082750102923, 0.04652120214079868, 0.02799505969534788, 0.01440922190201729, 0.0177027583367641, 0.009880609304240428, 0.004528612597776863, 0.006175380815150268, 0.004116920543433511, 0.002470152326060107, 0.0012350761630300535, 0.0, 0.0], [0.00022153300841825432, 0.0, 0.00044306601683650863, 0.00044306601683650863, 0.00044306601683650863, 0.0008861320336730173, 0.0015507310589277803, 0.003544528134692069, 0.007089056269384138, 0.012184315463003987, 0.022374833850243685, 0.03943287549844927, 0.06778910057598582, 0.0790872840053168, 0.10655737704918032, 0.12494461674789543, 0.13668586619406292, 0.09304386353566682, 0.12871067789100576, 0.05050952591936198, 0.03433761630482942, 0.04009747452370403, 0.01484271156402304, 0.007753655294638901, 0.013070447496677004, 0.005316792202038104, 0.003544528134692069, 0.001993797075764289, 0.0015507310589277803, 0.0015507310589277803, 0.0, 0.0, 0.0], [0.0, 0.0, 0.00016931933626820184, 0.0003386386725364037, 0.0005079580088046055, 0.0003386386725364037, 0.0011852353538774128, 0.0028784287165594313, 0.004063664070436844, 0.009989840839823908, 0.01930240433457501, 0.023874026413816456, 0.043853708093464276, 0.05756857433118862, 0.09955976972570267, 0.12224856078564172, 0.1466305452082628, 0.09905181171689807, 0.18371147985099898, 0.06078564172028446, 0.03521842194378598, 0.04063664070436844, 0.015408059600406367, 0.007958008804605485, 0.012190992211310531, 0.004232983406705046, 0.0033863867253640365, 0.0016931933626820183, 0.0005079580088046055, 0.0027091093802912294, 0.0, 0.0, 0.0], [0.0, 0.0, 0.0, 0.009009009009009009, 0.009009009009009009, 0.009009009009009009, 0.0, 0.009009009009009009, 0.009009009009009009, 0.05405405405405406, 0.02702702702702703, 0.04504504504504504, 0.04504504504504504, 0.06306306306306306, 0.05405405405405406, 0.11711711711711711, 0.12612612612612611, 0.08108108108108109, 0.07207207207207207, 0.02702702702702703, 0.08108108108108109, 0.036036036036036036, 0.036036036036036036, 0.0, 0.018018018018018018, 0.02702702702702703, 0.009009009009009009, 0.036036036036036036, 0.0, 0.0, 0.0, 0.0, 0.0], [0.0002577984016499098, 0.0001288992008249549, 0.0, 0.0001288992008249549, 0.0001288992008249549, 0.0001288992008249549, 0.0003866976024748647, 0.0014178912090745037, 0.003222480020623872, 0.006573859242072699, 0.010956432070121164, 0.015210105697344677, 0.030162412993039442, 0.04498582108790925, 0.07321474606857438, 0.10440835266821345, 0.16318638824439288, 0.14191802010827534, 0.1554524361948956, 0.08249548852797113, 0.054137664346481054, 0.05503995875225574, 0.021783964939417377, 0.010054137664346482, 0.013147718484145398, 0.0052848672338231505, 0.002320185614849188, 0.001160092807424594, 0.0027068832173240526, 0.0, 0.0, 0.0, 0.0], [0.0, 0.0, 0.0, 0.0001592103168285305, 0.0, 0.0001592103168285305, 0.0014328928514567743, 0.0007960515841426524, 0.001910523801942366, 0.0031842063365706097, 0.0070052539404553416, 0.010985511861168603, 0.017831555484795415, 0.02563286100939341, 0.043782837127845885, 0.06750517433529693, 0.1248208883935679, 0.11893010667091228, 0.20267473332271932, 0.10062092023563127, 0.07275911479063843, 0.09632224168126094, 0.0297723292469352, 0.016557872950167172, 0.02849864671230696, 0.013532876930425092, 0.006049992039484159, 0.004298678554370323, 0.0020697341187708965, 0.000955261900971183, 0.0017513134851138354, 0.0, 0.0], [0.0003351206434316354, 0.00011170688114387846, 0.0, 0.00022341376228775692, 0.00022341376228775692, 0.0006702412868632708, 0.0008936550491510277, 0.002234137622877569, 0.0037980339588918675, 0.0070375335120643435, 0.013404825737265416, 0.017873100983020553, 0.022788203753351208, 0.035522788203753354, 0.049597855227882036, 0.07450848972296693, 0.10522788203753351, 0.11271224307417337, 0.21414209115281502, 0.10768543342269883, 0.06970509383378017, 0.08199285075960679, 0.028596961572832886, 0.014857015192135836, 0.02100089365504915, 0.0072609472743521, 0.003686327077747989, 0.0013404825737265416, 0.0025692582663092048, 0.0, 0.0, 0.0, 0.0], [0.0, 0.0, 0.0, 0.001692047377326565, 0.001692047377326565, 0.0, 0.0, 0.005076142131979695, 0.008460236886632826, 0.005076142131979695, 0.01692047377326565, 0.025380710659898477, 0.043993231810490696, 0.08460236886632826, 0.09475465313028765, 0.1353637901861252, 0.16243654822335024, 0.12521150592216582, 0.16412859560067683, 0.06091370558375635, 0.02707275803722504, 0.025380710659898477, 0.00676818950930626, 0.001692047377326565, 0.00338409475465313, 0.0, 0.0, 0.0, 0.0, 0.0, 0.0, 0.0, 0.0], [0.0, 0.0, 0.0, 0.00019293845263360988, 0.0, 0.00019293845263360988, 0.0002894076789504148, 0.0008682230368512445, 0.0021223229789697085, 0.0055952151263746865, 0.00877869959482925, 0.01639976847385684, 0.02614316033185414, 0.03357129075824812, 0.05132162840054023, 0.06328381246382404, 0.09897742620104187, 0.0723519197376037, 0.20268184449160717, 0.11373721782751302, 0.0760177503376423, 0.12840054022766736, 0.03810534439513795, 0.012830407100135057, 0.027590198726606213, 0.00877869959482925, 0.005305807447424271, 0.0027011383368705385, 0.0019293845263360988, 0.0018329153000192938, 0.0, 0.0, 0.0], [0.00021123785382340515, 0.00010561892691170258, 0.00010561892691170258, 0.0, 0.0006337135614702154, 0.0006337135614702154, 0.0004224757076468103, 0.0010561892691170257, 0.0013730460498521334, 0.0063371356147021544, 0.011618081960287284, 0.023553020701309674, 0.04267004647232784, 0.05882974228981833, 0.0860794254330376, 0.10583016476552598, 0.1550485847063794, 0.15599915504858472, 0.18705111956062526, 0.06632868610054922, 0.03749471905365442, 0.032213772708069285, 0.0122517955217575, 0.003907900295732995, 0.005492184199408534, 0.0019011406844106464, 0.002006759611322349, 0.0008449514152936206, 0.0, 0.0, 0.0, 0.0, 0.0], [0.0, 0.0001266624445851805, 0.0, 0.0001266624445851805, 0.00037998733375554147, 0.0007599746675110829, 0.0008866371120962635, 0.002279924002533249, 0.003419886003799873, 0.005826472450918303, 0.011652944901836606, 0.02039265357821406, 0.029259024699176694, 0.03964534515516149, 0.06991766941101964, 0.10601646611779607, 0.16136795440151994, 0.1279290690310323, 0.17517416086130463, 0.087017099430019, 0.05091830272324256, 0.052818239392020266, 0.024572514249525015, 0.01051298290056998, 0.011652944901836606, 0.0029132362254591514, 0.002279924002533249, 0.0021532615579480685, 0.0, 0.0, 0.0, 0.0, 0.0], [0.0, 0.0, 0.0, 0.0, 0.00029403116730373417, 0.0, 0.0008820935019112026, 0.0008820935019112026, 0.001617171420170538, 0.0033813584239929433, 0.009408997353719493, 0.014554542781534842, 0.02631578947368421, 0.04454572184651573, 0.07453690091149662, 0.10629226698029991, 0.15083798882681565, 0.09850044104675096, 0.19994119376653927, 0.07497794766245222, 0.04616289326668627, 0.05983534254630991, 0.02690385180829168, 0.013084386945016171, 0.02131725962952073, 0.009261981770067627, 0.006027638929726551, 0.003234342840341076, 0.003087327256689209, 0.0020582181711261394, 0.0020582181711261394, 0.0, 0.0], [0.0, 0.00036258158085569254, 0.00036258158085569254, 0.0007251631617113851, 0.0025380710659898475, 0.0025380710659898475, 0.005438723712835388, 0.008339376359680928, 0.014503263234227702, 0.02864394488759971, 0.03807106598984772, 0.05402465554749819, 0.06018854242204496, 0.0823060188542422, 0.11385061638868746, 0.1116751269035533, 0.11892675852066716, 0.0772298767222625, 0.14938361131254532, 0.04423495286439449, 0.02102973168963017, 0.032269760696156634, 0.009427121102248005, 0.005076142131979695, 0.010514865844815084, 0.0032632342277012327, 0.0018129079042784628, 0.0010877447425670776, 0.0018129079042784628, 0.00036258158085569254, 0.0, 0.0, 0.0], [0.0, 0.0, 0.0, 0.0019292604501607716, 0.002572347266881029, 0.002572347266881029, 0.0038585209003215433, 0.010932475884244373, 0.010289389067524116, 0.014790996784565916, 0.023794212218649517, 0.0360128617363344, 0.05016077170418006, 0.05659163987138264, 0.08231511254019293, 0.10932475884244373, 0.14533762057877814, 0.10418006430868167, 0.17106109324758842, 0.06109324758842444, 0.028938906752411574, 0.033440514469453377, 0.02122186495176849, 0.005787781350482315, 0.014790996784565916, 0.0045016077170418, 0.0012861736334405145, 0.002572347266881029, 0.0006430868167202572, 0.0, 0.0, 0.0, 0.0], [0.00029398794649419373, 0.0, 0.0, 0.0, 0.0005879758929883875, 0.0007349698662354843, 0.0026458915184477435, 0.004997795090401293, 0.006614728796119359, 0.013964427458474203, 0.026164927237983242, 0.040276348669704545, 0.05350580626194326, 0.07437895046303102, 0.12891371453770395, 0.1412612082904601, 0.14772894311333234, 0.09069528149345876, 0.12832573864471555, 0.042481258268410996, 0.027340879023960016, 0.03130971630163163, 0.013376451565485815, 0.006908716742613553, 0.010877554020285169, 0.0026458915184477435, 0.0013229457592238718, 0.001028957812729678, 0.00014699397324709687, 0.001175951785976775, 0.00029398794649419373, 0.0, 0.0], [0.0, 0.0, 0.0, 0.00043591979075850045, 0.00021795989537925023, 0.00021795989537925023, 0.002179598953792502, 0.0006538796861377507, 0.003923278116826504, 0.00980819529206626, 0.016782911944202266, 0.022013949433304272, 0.03400174367916303, 0.0486050566695728, 0.07127288578901482, 0.10636442894507411, 0.11900610287707061, 0.0989537925021796, 0.16652136006974716, 0.07367044463818657, 0.0534001743679163, 0.06233653007846556, 0.02877070619006103, 0.015039232781168265, 0.03182214472537053, 0.012859633827375762, 0.009372275501307759, 0.004795117698343505, 0.003051438535309503, 0.0023975588491717526, 0.0015257192676547515, 0.0, 0.0], [0.0, 0.0, 0.0, 0.0, 0.00020283975659229209, 0.0, 0.0008113590263691683, 0.0010141987829614604, 0.002434077079107505, 0.008924949290060852, 0.015415821501014199, 0.027586206896551724, 0.04401622718052738, 0.06490872210953347, 0.09533468559837728, 0.11784989858012171, 0.14726166328600407, 0.10425963488843813, 0.16531440162271804, 0.06896551724137931, 0.04178498985801217, 0.04543610547667343, 0.01643002028397566, 0.007707910750507099, 0.010547667342799188, 0.002839756592292089, 0.004056795131845842, 0.002231237322515213, 0.0032454361054766734, 0.0014198782961460446, 0.0, 0.0, 0.0], [0.0001364442625187611, 0.0001364442625187611, 0.0001364442625187611, 0.0001364442625187611, 0.0001364442625187611, 0.0012279983626688497, 0.0012279983626688497, 0.003138218037931505, 0.004366216400600355, 0.00750443443853186, 0.019920862327739118, 0.03029062627916496, 0.04911993450675399, 0.06371947059626143, 0.09182698867512622, 0.14217492154454905, 0.1771046527493519, 0.11911584117887843, 0.12539227725474145, 0.06576613453404284, 0.0375221721926593, 0.03001773775412744, 0.01378087051439487, 0.005184881975712922, 0.005184881975712922, 0.0017737754127438942, 0.0009551098376313276, 0.0028653295128939827, 0.0001364442625187611, 0.0, 0.0, 0.0, 0.0], [0.0, 0.0, 0.0, 0.0002105706464518846, 0.0002105706464518846, 0.0008422825858075384, 0.0010528532322594231, 0.002526847757422615, 0.004632554221941461, 0.007159401979364077, 0.01684565171615077, 0.024847336281322383, 0.042114129290376924, 0.057906927774268264, 0.09244051379237735, 0.1284480943356496, 0.15708570225310592, 0.11539271425563276, 0.1436091808801853, 0.06759317751105495, 0.04253527058328069, 0.04148241735102127, 0.01831964624131396, 0.006317119393556538, 0.016213939776795114, 0.004843124868393346, 0.0033691303432301536, 0.0014739945251631922, 0.0012634238787113076, 0.0006317119393556538, 0.0006317119393556538, 0.0, 0.0], [0.0, 0.0, 0.0, 0.0002587991718426501, 0.0, 0.0010351966873706005, 0.002070393374741201, 0.002846790890269151, 0.005693581780538302, 0.005693581780538302, 0.011904761904761904, 0.021221532091097308, 0.031314699792960664, 0.04606625258799172, 0.07712215320910973, 0.10766045548654245, 0.1389751552795031, 0.09963768115942029, 0.18297101449275363, 0.07686335403726709, 0.05124223602484472, 0.06159420289855073, 0.02562111801242236, 0.015269151138716356, 0.019409937888198756, 0.009316770186335404, 0.003105590062111801, 0.0012939958592132505, 0.0010351966873706005, 0.0007763975155279503, 0.0, 0.0, 0.0], [0.0, 0.0, 0.00014545454545454546, 0.0, 0.0002909090909090909, 0.00043636363636363637, 0.00043636363636363637, 0.0016, 0.0017454545454545455, 0.005236363636363636, 0.010181818181818183, 0.023418181818181817, 0.03956363636363636, 0.06661818181818181, 0.08974545454545454, 0.11389090909090908, 0.14661818181818181, 0.10225454545454546, 0.1685818181818182, 0.060945454545454546, 0.04290909090909091, 0.04843636363636364, 0.024290909090909092, 0.01090909090909091, 0.022254545454545454, 0.006545454545454545, 0.005818181818181818, 0.003490909090909091, 0.0014545454545454545, 0.001309090909090909, 0.0008727272727272727, 0.0, 0.0], [0.0, 0.0, 0.0001001001001001001, 0.0, 0.0001001001001001001, 0.0001001001001001001, 0.0003003003003003003, 0.001001001001001001, 0.002102102102102102, 0.005705705705705706, 0.01041041041041041, 0.02022022022022022, 0.03393393393393394, 0.04594594594594595, 0.06736736736736737, 0.07777777777777778, 0.0966966966966967, 0.06896896896896897, 0.23543543543543544, 0.1021021021021021, 0.06716716716716717, 0.08808808808808809, 0.026326326326326328, 0.00980980980980981, 0.025025025025025027, 0.006906906906906907, 0.003103103103103103, 0.0018018018018018018, 0.0018018018018018018, 0.0017017017017017016, 0.0, 0.0, 0.0], [0.0, 0.0, 0.0, 0.0, 0.0, 0.00012046741356463077, 0.0007228044813877846, 0.0006023370678231539, 0.0022888808577279846, 0.004939163956149861, 0.008071316708830262, 0.018070112034694615, 0.03023732080472232, 0.052764727141308275, 0.08047223226117335, 0.11396217323214071, 0.17238886881098664, 0.1272135887242501, 0.20696301650403565, 0.07095530658956752, 0.037826767859294064, 0.04637995422238284, 0.011203469461510662, 0.004095892061197446, 0.006023370678231539, 0.0012046741356463078, 0.0012046741356463078, 0.0015660763763402, 0.0007228044813877846, 0.0, 0.0, 0.0, 0.0], [0.0, 0.00392156862745098, 0.0, 0.00392156862745098, 0.00392156862745098, 0.0196078431372549, 0.027450980392156862, 0.0196078431372549, 0.06666666666666667, 0.03529411764705882, 0.054901960784313725, 0.06666666666666667, 0.06666666666666667, 0.11372549019607843, 0.11372549019607843, 0.12549019607843137, 0.09019607843137255, 0.06666666666666667, 0.043137254901960784, 0.01568627450980392, 0.011764705882352941, 0.023529411764705882, 0.011764705882352941, 0.01568627450980392, 0.0, 0.0, 0.0, 0.0, 0.0, 0.0, 0.0, 0.0, 0.0]]}, "ranks": {"labels": ["Unranked", "Combatatent I", "Combatatent II", "Challenger I", "Challenger II", "Rival I", "Rival II", "Duelist", "Elite"], "data": [[0.1157556270096463, 0.14469453376205788, 0.20257234726688103, 0.21864951768488747, 0.15434083601286175, 0.08360128617363344, 0.04823151125401929, 0.01929260450160772, 0.012861736334405145], [0.05028854080791426, 0.07708161582852432, 0.13849958779884583, 0.22217642209398186, 0.23660346248969497, 0.18507831821929102, 0.04657873042044518, 0.031327287716405604, 0.01236603462489695], [0.00985432733504713, 0.018708940302770635, 0.043701799485861184, 0.09525849757212225, 0.1980862610682662, 0.33590402742073694, 0.10439874321622393, 0.13653241930876892, 0.057554984290202796], [0.01982851018220793, 0.03362808145766345, 0.07690246516613077, 0.14054126473740622, 0.2715702036441586, 0.25763665594855306, 0.09659699892818864, 0.08520900321543408, 0.018086816720257234], [0.14035087719298245, 0.12280701754385964, 0.17543859649122806, 0.18421052631578946, 0.09649122807017543, 0.14912280701754385, 0.05263157894736842, 0.07894736842105263, 0.0], [0.010334183331096498, 0.026707824453093543, 0.08186820560998524, 0.17232586230036237, 0.2753992752650651, 0.21809153133807543, 0.07958663266675614, 0.09461817205744195, 0.041068312978123744], [0.06316067653276955, 0.08588794926004228, 0.1535412262156448, 0.23255813953488372, 0.20718816067653276, 0.13424947145877378, 0.043076109936575055, 0.04730443974630021, 0.0330338266384778], [0.2633333333333333, 0.19, 0.19333333333333333, 0.14333333333333334, 0.1, 0.04, 0.03, 0.04, 0.0], [0.040479421076436005, 0.07711442786069651, 0.11951605608322026, 0.16180461329715062, 0.24445952057892356, 0.15796019900497513, 0.07598371777476255, 0.08084577114427861, 0.04183627317955676], [0.00775480059084195, 0.01292466765140325, 0.03323485967503693, 0.10376661742983752, 0.15915805022156573, 0.22710487444608568, 0.12666174298375185, 0.19719350073855244, 0.13220088626292467], [0.041220382992534894, 0.06491398896462187, 0.13209996754300551, 0.2041544952937358, 0.2317429406037001, 0.1794871794871795, 0.062317429406037, 0.06134371957156767, 0.022719896137617657], [0.052185137377835145, 0.11174626590448092, 0.18753457495851006, 0.2664576802507837, 0.20376175548589343, 0.09865388161534207, 0.03890835330997603, 0.031901161718605936, 0.008851189378572745], [0.023076923076923078, 0.05506993006993007, 0.11328671328671329, 0.2202797202797203, 0.25052447552447554, 0.1902097902097902, 0.0666083916083916, 0.05856643356643357, 0.022377622377622378], [0.023147581139007962, 0.04703000612369872, 0.08083282302510716, 0.15419473361910593, 0.24800979791794245, 0.226576852418861, 0.09491733006736068, 0.09099816289038579, 0.034292712798530314], [0.010311694398875087, 0.03116943988750879, 0.08788375908132177, 0.17483009139910943, 0.26576048746191705, 0.21888914928521208, 0.09022732599015702, 0.0899929692992735, 0.030935083196625263], [0.03252367229312474, 0.05104981473857555, 0.10498147385755455, 0.18484973240016467, 0.23795800741045697, 0.17002881844380405, 0.08357348703170028, 0.08892548373816385, 0.04610951008645533], [0.026805494018608773, 0.06180770934869295, 0.14687638458130262, 0.23150199379707576, 0.22972972972972974, 0.1581745680106336, 0.05538325210456358, 0.06269384138236597, 0.02702702702702703], [0.01947172367084321, 0.04317643074839147, 0.1014222824246529, 0.2218083305113444, 0.24568235692516086, 0.21706738909583476, 0.06264815441923467, 0.06400270910938029, 0.024720623095157466], [0.0990990990990991, 0.07207207207207207, 0.10810810810810811, 0.17117117117117117, 0.2072072072072072, 0.08108108108108109, 0.0990990990990991, 0.07207207207207207, 0.09009009009009009], [0.01237432327919567, 0.02616653776746584, 0.0751482340809487, 0.17762309873678783, 0.3051044083526682, 0.2019850476927043, 0.09010054137664346, 0.0868780613560196, 0.024619747357566384], [0.007642095207769464, 0.017990765801623947, 0.04346441649418882, 0.11128801146314281, 0.24375099506448017, 0.2553733481929629, 0.1206814201560261, 0.14265244387836332, 0.057156503741442446], [0.015527256478999106, 0.03127792672028597, 0.058310991957104555, 0.12410634495084898, 0.21794012511170688, 0.2705540661304736, 0.12097855227882037, 0.1254468275245755, 0.03585790884718499], [0.021996615905245348, 0.04230118443316413, 0.12859560067681894, 0.23011844331641285, 0.2876480541455161, 0.20135363790186125, 0.050761421319796954, 0.0338409475465313, 0.00338409475465313], [0.009261045726413274, 0.02517846806868609, 0.05971445109010226, 0.11460544086436426, 0.17132934593864557, 0.26461508778699594, 0.12782172486976653, 0.17933629172294038, 0.04813814393208567], [0.010878749471905366, 0.03517110266159696, 0.10149978876214617, 0.19190959019856357, 0.3110477397549641, 0.22327841149133926, 0.06759611322348964, 0.04837346852555978, 0.01024503591043515], [0.013806206459784674, 0.03204559848005067, 0.06890436985433819, 0.1759341355288157, 0.28929702343255226, 0.22178594046865105, 0.09132362254591514, 0.08790373654211527, 0.018999366687777075], [0.007056748015289621, 0.023963540135254337, 0.07086151132019994, 0.18082916789179654, 0.2493384298735666, 0.24095854160541016, 0.08012349309026758, 0.09982358129961776, 0.047044986768597474], [0.06345177664974619, 0.09209572153734591, 0.14249456127628715, 0.22552574329224076, 0.19615663524292967, 0.1700507614213198, 0.04459753444525018, 0.046773023930384336, 0.01885424220449601], [0.04694533762057878, 0.05980707395498392, 0.1067524115755627, 0.19163987138263666, 0.24951768488745982, 0.20514469453376205, 0.05594855305466238, 0.06045016077170418, 0.023794212218649517], [0.029839776569160665, 0.06644127590768778, 0.12788475672497426, 0.270174922828164, 0.23842422460679114, 0.1511098044980156, 0.047038071439070996, 0.051594884609731, 0.01749228281640453], [0.017436791630340016, 0.03879686137750654, 0.08260680034873583, 0.17763731473408892, 0.21795989537925023, 0.20619006102877072, 0.08740191804707934, 0.10614646904969485, 0.06582388840453357], [0.013387423935091278, 0.04300202839756592, 0.10892494929006086, 0.21318458417849898, 0.2515212981744422, 0.20486815415821502, 0.07119675456389453, 0.06957403651115619, 0.02434077079107505], [0.018147086914995225, 0.05021148860690408, 0.11283940510301542, 0.23400191021967526, 0.2962204939282303, 0.1623686723973257, 0.0663119115841179, 0.04898349024423523, 0.010915541001500887], [0.016635081069698885, 0.041692987997473153, 0.10002105706464519, 0.22088860812802696, 0.27247841650873866, 0.18024847336281322, 0.07348915561170773, 0.06611918298589177, 0.028427037271004423], [0.017598343685300208, 0.033126293995859216, 0.07738095238095238, 0.18478260869565216, 0.2386128364389234, 0.2277432712215321, 0.08333333333333333, 0.10248447204968944, 0.03493788819875776], [0.00989090909090909, 0.0336, 0.10618181818181818, 0.20363636363636364, 0.24887272727272727, 0.20174545454545453, 0.0706909090909091, 0.08363636363636363, 0.041745454545454544], [0.00940940940940941, 0.03063063063063063, 0.07987987987987988, 0.14514514514514515, 0.16566566566566568, 0.2891891891891892, 0.11551551551551552, 0.12422422422422423, 0.04034034034034034], [0.008673653776653415, 0.026141428743524875, 0.0830020479460306, 0.19443440549331406, 0.29960245753523673, 0.24563305625828213, 0.0701120346946151, 0.06167931574509095, 0.010721599807252138], [0.1803921568627451, 0.12156862745098039, 0.1803921568627451, 0.23921568627450981, 0.1568627450980392, 0.047058823529411764, 0.023529411764705882, 0.050980392156862744, 0.0]]}, "ranksDetailed": {"labels": ["Unranked", "Combatatant", "Challenger", "Rival", "Duelist", "Elite"], "data": [[0.1157556270096463, 0.34726688102893893, 0.3729903536977492, 0.13183279742765272, 0.01929260450160772, 0.012861736334405145], [0.05028854080791426, 0.21558120362737015, 0.45877988458367686, 0.23165704863973618, 0.031327287716405604, 0.01236603462489695], [0.00985432733504713, 0.06241073978863182, 0.29334475864038845, 0.4403027706369609, 0.13653241930876892, 0.057554984290202796], [0.01982851018220793, 0.11053054662379422, 0.41211146838156487, 0.3542336548767417, 0.08520900321543408, 0.018086816720257234], [0.14035087719298245, 0.2982456140350877, 0.2807017543859649, 0.20175438596491227, 0.07894736842105263, 0.0], [0.010334183331096498, 0.10857603006307878, 0.4477251375654275, 0.29767816400483155, 0.09461817205744195, 0.041068312978123744], [0.06316067653276955, 0.2394291754756871, 0.4397463002114165, 0.17732558139534885, 0.04730443974630021, 0.0330338266384778], [0.2633333333333333, 0.38333333333333336, 0.24333333333333335, 0.07, 0.04, 0.0], [0.040479421076436005, 0.19663048394391677, 0.4062641338760742, 0.23394391677973767, 0.08084577114427861, 0.04183627317955676], [0.00775480059084195, 0.04615952732644018, 0.26292466765140327, 0.3537666174298375, 0.19719350073855244, 0.13220088626292467], [0.041220382992534894, 0.1970139565076274, 0.4358974358974359, 0.24180460889321648, 0.06134371957156767, 0.022719896137617657], [0.052185137377835145, 0.29928084086299095, 0.4702194357366771, 0.13756223492531808, 0.031901161718605936, 0.008851189378572745], [0.023076923076923078, 0.16835664335664335, 0.4708041958041958, 0.25681818181818183, 0.05856643356643357, 0.022377622377622378], [0.023147581139007962, 0.12786282914880587, 0.4022045315370484, 0.3214941824862217, 0.09099816289038579, 0.034292712798530314], [0.010311694398875087, 0.11905319896883056, 0.4405905788610265, 0.3091164752753691, 0.0899929692992735, 0.030935083196625263], [0.03252367229312474, 0.1560312885961301, 0.42280773981062164, 0.25360230547550433, 0.08892548373816385, 0.04610951008645533], [0.026805494018608773, 0.20868409392999557, 0.46123172352680547, 0.21355782011519717, 0.06269384138236597, 0.02702702702702703], [0.01947172367084321, 0.14459871317304437, 0.46749068743650524, 0.27971554351506944, 0.06400270910938029, 0.024720623095157466], [0.0990990990990991, 0.18018018018018017, 0.3783783783783784, 0.18018018018018017, 0.07207207207207207, 0.09009009009009009], [0.01237432327919567, 0.10131477184841454, 0.48272750708945605, 0.2920855890693478, 0.0868780613560196, 0.024619747357566384], [0.007642095207769464, 0.06145518229581277, 0.355039006527623, 0.376054768348989, 0.14265244387836332, 0.057156503741442446], [0.015527256478999106, 0.08958891867739052, 0.34204647006255584, 0.391532618409294, 0.1254468275245755, 0.03585790884718499], [0.021996615905245348, 0.17089678510998307, 0.5177664974619289, 0.2521150592216582, 0.0338409475465313, 0.00338409475465313], [0.009261045726413274, 0.08489291915878834, 0.2859347868030098, 0.3924368126567625, 0.17933629172294038, 0.04813814393208567], [0.010878749471905366, 0.13667089142374314, 0.5029573299535277, 0.2908745247148289, 0.04837346852555978, 0.01024503591043515], [0.013806206459784674, 0.10094996833438885, 0.46523115896136796, 0.31310956301456616, 0.08790373654211527, 0.018999366687777075], [0.007056748015289621, 0.09482505145545428, 0.4301675977653631, 0.32108203469567775, 0.09982358129961776, 0.047044986768597474], [0.06345177664974619, 0.23459028281363306, 0.42168237853517043, 0.21464829586656997, 0.046773023930384336, 0.01885424220449601], [0.04694533762057878, 0.1665594855305466, 0.44115755627009645, 0.26109324758842445, 0.06045016077170418, 0.023794212218649517], [0.029839776569160665, 0.19432603263266207, 0.5085991474349552, 0.19814787593708658, 0.051594884609731, 0.01749228281640453], [0.017436791630340016, 0.12140366172624237, 0.39559721011333915, 0.29359197907585005, 0.10614646904969485, 0.06582388840453357], [0.013387423935091278, 0.15192697768762678, 0.4647058823529412, 0.27606490872210954, 0.06957403651115619, 0.02434077079107505], [0.018147086914995225, 0.1630508937099195, 0.5302224041479056, 0.22868058398144359, 0.04898349024423523, 0.010915541001500887], [0.016635081069698885, 0.14171404506211835, 0.4933670246367656, 0.25373762897452096, 0.06611918298589177, 0.028427037271004423], [0.017598343685300208, 0.1105072463768116, 0.42339544513457555, 0.3110766045548654, 0.10248447204968944, 0.03493788819875776], [0.00989090909090909, 0.13978181818181817, 0.4525090909090909, 0.27243636363636364, 0.08363636363636363, 0.041745454545454544], [0.00940940940940941, 0.11051051051051052, 0.3108108108108108, 0.4047047047047047, 0.12422422422422423, 0.04034034034034034], [0.008673653776653415, 0.10914347668955547, 0.49403686302855077, 0.31574509095289727, 0.06167931574509095, 0.010721599807252138], [0.1803921568627451, 0.30196078431372547, 0.396078431372549, 0.07058823529411765, 0.050980392156862744, 0.0]]}}}, "eu": {"histType": {"histogram": {"labels": ["0", "100", "200", "300", "400", "500", "600", "700", "800", "900", "1000", "1100", "1200", "1300", "1400", "1500", "1600", "1700", "1800", "1900", "2000", "2100", "2200", "2300", "2400", "2500", "2600", "2700", "2800", "2900", "3000", "3100", "3200"], "data": [[0.0, 0.0, 0.004098360655737705, 0.0, 0.0, 0.00819672131147541, 0.01639344262295082, 0.01639344262295082, 0.040983606557377046, 0.045081967213114756, 0.06557377049180328, 0.06557377049180328, 0.06147540983606557, 0.11885245901639344, 0.14344262295081966, 0.11065573770491803, 0.0942622950819672, 0.0778688524590164, 0.040983606557377046, 0.028688524590163935, 0.012295081967213115, 0.020491803278688523, 0.004098360655737705, 0.004098360655737705, 0.01639344262295082, 0.004098360655737705, 0.0, 0.0, 0.0, 0.0, 0.0, 0.0, 0.0], [0.0, 0.0, 0.00044365572315882877, 0.0013309671694764862, 0.0008873114463176575, 0.003105590062111801, 0.0048802129547471165, 0.00709849157054126, 0.01730257320319432, 0.022182786157941437, 0.03194321206743567, 0.048802129547471165, 0.06388642413487133, 0.07630878438331855, 0.12067435669920142, 0.1126885536823425, 0.1512866015971606, 0.08606921029281278, 0.145075421472937, 0.04259094942324756, 0.02085181898846495, 0.021739130434782608, 0.005767524401064774, 0.0044365572315882874, 0.006654835847382431, 0.0013309671694764862, 0.0008873114463176575, 0.001774622892635315, 0.0, 0.0, 0.0, 0.0, 0.0], [0.0, 0.0, 0.0, 0.0001483459427384661, 0.0001483459427384661, 0.0001483459427384661, 0.0001483459427384661, 0.0013351134846461949, 0.0023735350838154576, 0.0037086485684616525, 0.008604064678831035, 0.01335113484646195, 0.018543242842308263, 0.023141967067200713, 0.03946002076843198, 0.05473965287049399, 0.10725411659991099, 0.10532561934431094, 0.27340157246699304, 0.09212283044058744, 0.06675567423230974, 0.08693072244474113, 0.031004302032339417, 0.015131286159323543, 0.031449339860554815, 0.010977599762646492, 0.005637145824061712, 0.002966918854769322, 0.0017801513128615932, 0.0017801513128615932, 0.001631805370123127, 0.0, 0.0], [0.0, 0.0, 0.0, 0.00012779552715654952, 0.00012779552715654952, 0.00025559105431309905, 0.0008945686900958467, 0.00268370607028754, 0.0033226837060702876, 0.00805111821086262, 0.015207667731629394, 0.02351437699680511, 0.02939297124600639, 0.038977635782747606, 0.06274760383386581, 0.08191693290734824, 0.14185303514376996, 0.12434504792332268, 0.21750798722044729, 0.08843450479233227, 0.05686900958466454, 0.061980830670926516, 0.01610223642172524, 0.007284345047923323, 0.011118210862619809, 0.0035782747603833867, 0.0011501597444089457, 0.00038338658146964857, 0.0011501597444089457, 0.0008945686900958467, 0.00012779552715654952, 0.0, 0.0], [0.0, 0.0, 0.0, 0.0, 0.0, 0.018018018018018018, 0.02702702702702703, 0.04504504504504504, 0.04504504504504504, 0.02702702702702703, 0.07207207207207207, 0.09009009009009009, 0.036036036036036036, 0.02702702702702703, 0.08108108108108109, 0.14414414414414414, 0.06306306306306306, 0.0990990990990991, 0.06306306306306306, 0.05405405405405406, 0.04504504504504504, 0.0, 0.018018018018018018, 0.009009009009009009, 0.02702702702702703, 0.009009009009009009, 0.0, 0.0, 0.0, 0.0, 0.0, 0.0, 0.0], [0.0, 0.00013466199838405601, 0.00013466199838405601, 0.00026932399676811203, 0.00040398599515216807, 0.00013466199838405601, 0.00040398599515216807, 0.0014812819822246162, 0.0029625639644492324, 0.005790465930514408, 0.01077295987072448, 0.018179369781847563, 0.02706706167519526, 0.047131699434419604, 