{"region": {"us": {"histType": {"histogram": {"labels": ["0", "100", "200", "300", "400", "500", "600", "700", "800", "900", "1000", "1100", "1200", "1300", "1400", "1500", "1600", "1700", "1800", "1900", "2000", "2100", "2200", "2300", "2400", "2500", "2600", "2700", "2800", "2900", "3000", "3100", "3200"], "data": [[0.0, 0.0, 0.002789400278940028, 0.005578800557880056, 0.0041841004184100415, 0.00697350069735007, 0.012552301255230125, 0.01394700139470014, 0.03626220362622036, 0.04881450488145049, 0.08228730822873083, 0.10181311018131102, 0.11854951185495119, 0.13249651324965134, 0.13249651324965134, 0.09902370990237098, 0.06694560669456066, 0.04184100418410042, 0.044630404463040445, 0.016736401673640166, 0.01394700139470014, 0.008368200836820083, 0.0041841004184100415, 0.005578800557880056, 0.0, 0.0, 0.0, 0.0, 0.0, 0.0, 0.0, 0.0, 0.0], [0.0, 0.000254000508001016, 0.000254000508001016, 0.000254000508001016, 0.001016002032004064, 0.002032004064008128, 0.004826009652019304, 0.009398018796037593, 0.015748031496062992, 0.028702057404114807, 0.03860807721615443, 0.05486410972821946, 0.08229616459232919, 0.09448818897637795, 0.13030226060452121, 0.1363982727965456, 0.14351028702057403, 0.08305816611633224, 0.10464820929641859, 0.033782067564135126, 0.017018034036068073, 0.006858013716027432, 0.004064008128016256, 0.0027940055880111762, 0.001524003048006096, 0.001524003048006096, 0.001016002032004064, 0.000762001524003048, 0.0, 0.0, 0.0, 0.0, 0.0], [0.00012009126936471719, 0.0, 0.0, 0.00024018253872943438, 0.00024018253872943438, 0.00024018253872943438, 0.00024018253872943438, 0.0006004563468235859, 0.002521916656659061, 0.0034826468115767982, 0.005284015852047556, 0.0069652936231535964, 0.011889035667107, 0.019214603098354748, 0.02521916656659061, 0.03806893238861535, 0.08826708298306712, 0.1621232136423682, 0.3688002882190465, 0.0873063528281494, 0.05247988471238141, 0.06064609102918218, 0.023778071334214, 0.009727392818542091, 0.01909451182899003, 0.006364837276330011, 0.0024018253872943435, 0.004083103158400384, 0.00012009126936471719, 0.00048036507745886876, 0.0, 0.0, 0.0], [0.0, 0.0, 0.0, 0.0, 0.00011710973181871414, 0.0, 0.000819768122730999, 0.0017566459772807121, 0.00480149900456728, 0.007846352031853847, 0.0115938634500527, 0.012882070500058554, 0.025647031268298395, 0.028106335636491394, 0.04215950345473709, 0.05035718468204708, 0.07073427801850334, 0.04251083265019323, 0.2675957372057618, 0.1549361751961588, 0.08982316430495374, 0.09790373580044502, 0.03255650544560253, 0.01358472889097084, 0.027989225904672677, 0.00679236444548542, 0.004684389272748566, 0.00199086544091814, 0.0028106335636491394, 0.0, 0.0, 0.0, 0.0], [0.0, 0.0, 0.0, 0.0, 0.010362694300518135, 0.0051813471502590676, 0.031088082901554404, 0.025906735751295335, 0.05699481865284974, 0.05181347150259067, 0.07253886010362694, 0.08808290155440414, 0.10362694300518134, 0.11398963730569948, 0.09326424870466321, 0.10362694300518134, 0.07772020725388601, 0.031088082901554404, 0.06217616580310881, 0.031088082901554404, 0.03626943005181347, 0.0051813471502590676, 0.0, 0.0, 0.0, 0.0, 0.0, 0.0, 0.0, 0.0, 0.0, 0.0, 0.0], [0.0, 0.0, 0.0, 0.0, 0.0, 0.0, 0.0, 0.0014017683847315074, 0.0012939400474444684, 0.004744446840629717, 0.0072244985982316155, 0.011321975415139098, 0.021457839120120767, 0.0682553375026957, 0.12281647616993746, 0.1494500754798361, 0.17683847315074402, 0.1107397023937891, 0.14923441880526203, 0.05617856372654734, 0.032887642872546904, 0.0397886564589174, 0.015095967220185465, 0.007979296959240888, 0.01229243045072245, 0.004744446840629717, 0.002911365106750054, 0.0014017683847315074, 0.0012939400474444684, 0.0006469700237222342, 0.0, 0.0, 0.0], [0.0, 0.0, 0.00040724903278354713, 0.002239869680309509, 0.0016289961311341885, 0.0034616167786601505, 0.006923233557320301, 0.012828344532681736, 0.019140704540826715, 0.035837914884952145, 0.05029525554876807, 0.06923233557320302, 0.09366727754021584, 0.11301160659743432, 0.1217674608022806, 0.11993484015475463, 0.11973121563836286, 0.06699246589289351, 0.07289757686825493, 0.0285074322948483, 0.017511708409692527, 0.015475463245774791, 0.008348605172062717, 0.004886988393402566, 0.006312360008144981, 0.0036652412950519244, 0.002443494196701283, 0.0014253716147424149, 0.0010181225819588678, 0.00020362451639177357, 0.00020362451639177357, 0.0, 0.0], [0.002702702702702703, 0.002702702702702703, 0.0, 0.008108108108108109, 0.005405405405405406, 0.01891891891891892, 0.013513513513513514, 0.03513513513513514, 0.05675675675675676, 0.12432432432432433, 0.11621621621621622, 0.12972972972972974, 0.1, 0.11081081081081082, 0.07027027027027027, 0.07027027027027027, 0.051351351351351354, 0.013513513513513514, 0.021621621621621623, 0.032432432432432434, 0.010810810810810811, 0.002702702702702703, 0.002702702702702703, 0.0, 0.0, 0.0, 0.0, 0.0, 0.0, 0.0, 0.0, 0.0, 0.0], [0.00021326508850501172, 0.00021326508850501172, 0.00042653017701002344, 0.0003198976327575176, 0.0005331627212625293, 0.0012795905310300703, 0.001599488163787588, 0.00437193431435274, 0.007464278097675411, 0.016208146726380893, 0.025698443164853913, 0.03433567924930689, 0.04137342716997228, 0.045745361484325016, 0.05694177863083813, 0.06653870761356366, 0.20313499680102368, 0.13339731285988485, 0.1455534229046705, 0.06493921944977607, 0.04318618042226487, 0.04265301770100235, 0.021859671571763703, 0.013115802943058221, 0.018127532522925996, 0.005118362124120281, 0.0022392834293026233, 0.002985711239070164, 0.00042653017701002344, 0.0, 0.0, 0.0, 0.0], [0.0, 0.0, 0.0, 0.0, 0.00039416633819471815, 0.0007883326763894363, 0.0011824990145841545, 0.0015766653527788726, 0.002364998029168309, 0.009065825778478517, 0.0130074891604257, 0.015766653527788728, 0.02207331493890422, 0.03783996846669294, 0.06148994875837603, 0.07883326763894363, 0.10484824595979503, 0.08829325975561687, 0.1777690185258179, 0.06897910918407568, 0.0737091052424123, 0.09696491919590067, 0.043358297201419, 0.016554986204178165, 0.0476941269215609, 0.013795821836815136, 0.011824990145841546, 0.008277493102089082, 0.0027591643673630273, 0.0007883326763894363, 0.0, 0.0, 0.0], [0.0, 0.0, 0.0001784121320249777, 0.0, 0.0008920606601248885, 0.0005352363960749331, 0.0012488849241748439, 0.0044603033006244425, 0.00856378233719893, 0.01462979482604817, 0.021409455842997322, 0.029794826048171276, 0.05370205173951829, 0.06315789473684211, 0.10133809099018733, 0.12542372881355932, 0.15325602140945585, 0.09652096342551293, 0.14380017841213202, 0.06190900981266726, 0.037644959857270295, 0.03728813559322034, 0.012845673505798395, 0.008385370205173952, 0.013559322033898305, 0.003389830508474576, 0.0026761819803746653, 0.0014272970561998216, 0.001962533452274755, 0.0, 0.0, 0.0, 0.0], [0.0, 0.0, 0.0004330254041570439, 0.0004330254041570439, 0.0004330254041570439, 0.0033198614318706698, 0.006351039260969977, 0.012702078521939953, 0.02107390300230947, 0.036374133949191687, 0.059324480369515015, 0.07462471131639722, 0.09829676674364896, 0.11937066974595843, 0.13871247113163973, 0.12124711316397228, 0.10306004618937645, 0.05961316397228637, 0.0617782909930716, 0.026558891454965358, 0.018331408775981523, 0.015300230946882216, 0.008083140877598153, 0.0041859122401847575, 0.003897228637413395, 0.003608545034642032, 0.001443418013856813, 0.0002886836027713626, 0.0011547344110854503, 0.0, 0.0, 0.0, 0.0], [0.0, 0.0, 0.0, 0.0, 0.0001279754287176862, 0.0005119017148707448, 0.0016636805733299207, 0.002047606859482979, 0.0043511645764013306, 0.005246992577425134, 0.013053493729203993, 0.019452265165088304, 0.027770668031737906, 0.033529562324033785, 0.04773483491169695, 0.04440747376503711, 0.2245968773995393, 0.15459431789096492, 0.21487074481699514, 0.07524955208599948, 0.04005630918863578, 0.04184796519068339, 0.016252879447146148, 0.010621960583567954, 0.013565395444074738, 0.0037112874328129, 0.0017916560020476069, 0.0010238034297414896, 0.001919631430765293, 0.0, 0.0, 0.0, 0.0], [0.00020931449502878074, 0.0, 0.0, 0.00010465724751439037, 0.00010465724751439037, 0.0003139717425431711, 0.0012558869701726845, 0.0015698587127158557, 0.004290947148090005, 0.010047095761381476, 0.01611721611721612, 0.018942961800104657, 0.0250130821559393, 0.06373626373626373, 0.1414965986394558, 0.14934589220303507, 0.17027734170591313, 0.10999476713762428, 0.13553113553113552, 0.05400313971742543, 0.0304552590266876, 0.032025117739403454, 0.011930926216640502, 0.00554683411826269, 0.009314495028780742, 0.0030350601779173206, 0.0018838304552590266, 0.002197802197802198, 0.0005232862375719519, 0.0006279434850863422, 0.00010465724751439037, 0.0, 0.0], [0.0, 0.0, 0.0, 0.00018125793003443902, 0.000543773790103317, 0.00018125793003443902, 0.0012688055102410732, 0.0018125793003443901, 0.003987674460757658, 0.0068878013413086825, 0.014500634402755121, 0.025376110204821462, 0.04404567699836868, 0.06543411274243248, 0.09642921877832156, 0.11836142831248866, 0.15914446257023745, 0.11727388073228204, 0.15207540329889432, 0.0701468189233279, 0.04332064527823092, 0.03679535979699112, 0.015406924052927316, 0.0061627696211709266, 0.010512959941997463, 0.004531448250860975, 0.0029001268805510243, 0.0009062896501721951, 0.0009062896501721951, 0.0009062896501721951, 0.0, 0.0, 0.0], [0.0, 0.0, 0.00024937655860349125, 0.00024937655860349125, 0.001745635910224439, 0.0032418952618453864, 0.0014962593516209476, 0.005486284289276808, 0.011221945137157107, 0.01770573566084788, 0.030673316708229426, 0.04688279301745636, 0.06608478802992519, 0.09226932668329177, 0.11471321695760599, 0.12892768079800498, 0.13067331670822943, 0.09600997506234414, 0.10199501246882793, 0.045386533665835414, 0.02942643391521197, 0.0314214463840399, 0.014214463840399002, 0.006483790523690773, 0.012468827930174564, 0.005486284289276808, 0.0022443890274314216, 0.002743142144638404, 0.00024937655860349125, 0.00024937655860349125, 0.0, 0.0, 0.0], [0.0001861850679575498, 0.0, 0.0005585552038726494, 0.0013032954757028485, 0.0005585552038726494, 0.0013032954757028485, 0.0033513312232358963, 0.007075032582386892, 0.011915844349283188, 0.01992180227145783, 0.032210016756656114, 0.052690374231986595, 0.07428784211506237, 0.10202941724073729, 0.12493018059951592, 0.12828151182275183, 0.13610128467696891, 0.07950102401787376, 0.11338670638614783, 0.03928504933904301, 0.022900763358778626, 0.023086948426736177, 0.01005399366970769, 0.004468441630981195, 0.005213181902811394, 0.001861850679575498, 0.0005585552038726494, 0.0013032954757028485, 0.0013032954757028485, 0.0003723701359150996, 0.0, 0.0, 0.0], [0.0, 0.0, 0.00012637432073802604, 0.0002527486414760521, 0.0003791229622140781, 0.0002527486414760521, 0.0008846202451661822, 0.0016428661695943383, 0.0027802350562365725, 0.006318716036901302, 0.012511057753064577, 0.014153923922658915, 0.027675976241627702, 0.033868317957790973, 0.1460887147731581, 0.15746240363958044, 0.1742701882977379, 0.11196764817389107, 0.17502843422216605, 0.04739037027675976, 0.025274864147605207, 0.028939719449007962, 0.010236319979780108, 0.006318716036901302, 0.008467079489447743, 0.003159358018450651, 0.0012637432073802604, 0.0010109945659042083, 0.0018956148110703904, 0.0003791229622140781, 0.0, 0.0, 0.0], [0.0, 0.0, 0.0, 0.00625, 0.00625, 0.00625, 0.0, 0.01875, 0.05, 0.09375, 0.0625, 0.08125, 0.075, 0.0625, 0.04375, 0.125, 0.0875, 0.08125, 0.0375, 0.04375, 0.05, 0.0125, 0.03125, 0.0, 0.00625, 0.00625, 0.0, 0.0125, 0.0, 0.0, 0.0, 0.0, 0.0], [0.00022381378692927484, 0.00011190689346463742, 0.0, 0.0, 0.0, 0.00011190689346463742, 0.00022381378692927484, 0.0010071620411817369, 0.0022381378692927483, 0.004588182632050134, 0.0072739480752014325, 0.00995971351835273, 0.021598030438675024, 0.029655326768128917, 0.051924798567591766, 0.1587958818263205, 0.22739480752014324, 0.14939570277529096, 0.15454341987466427, 0.06546553267681289, 0.03782452999104745, 0.037488809310653536, 0.013540734109221127, 0.00693822739480752, 0.010966875559534467, 0.0040286481647269475, 0.0019024171888988362, 0.0022381378692927483, 0.0005595344673231871, 0.0, 0.0, 0.0, 0.0], [0.0, 0.0, 0.0, 0.00012137395314965408, 0.0, 0.00012137395314965408, 0.0009709916251972327, 0.00036412185944896227, 0.001213739531496541, 0.0021847311566937735, 0.004490836266537201, 0.006796941376380629, 0.01128777764291783, 0.015778613909455032, 0.027551887364971477, 0.10316786017720597, 0.18946474086661003, 0.1517174414370676, 0.21337540963709187, 0.09151596067483918, 0.05813812355868431, 0.057288505886636726, 0.020269450175992233, 0.010923655783468867, 0.019419832503944655, 0.007282437188979245, 0.0033984706881903144, 0.0008496176720475786, 0.001577861390945503, 0.00024274790629930817, 0.00048549581259861634, 0.0, 0.0], [0.00019857029388403494, 9.928514694201747e-05, 0.0, 0.00019857029388403494, 0.00019857029388403494, 0.0005957108816521049, 0.0007942811755361397, 0.001886417791898332, 0.0029785544082605244, 0.005460683081810961, 0.010027799841143764, 0.01340349483717236, 0.017573471008737095, 0.024722001588562352, 0.033558379666401905, 0.14138204924543288, 0.16808975377283558, 0.13899920571882446, 0.1903296266878475, 0.08528594122319301, 0.05123113582208102, 0.057287529785544085, 0.021445591739475776, 0.011219221604447974, 0.014297061159650517, 0.004467831612390787, 0.0023828435266084196, 0.0014892772041302622, 0.0003971405877680699, 0.0, 0.0, 0.0, 0.0], [0.0, 0.0, 0.0, 0.001447178002894356, 0.001447178002894356, 0.0, 0.0, 0.00723589001447178, 0.00723589001447178, 0.005788712011577424, 0.013024602026049204, 0.02604920405209841, 0.04341534008683068, 0.08683068017366136, 0.12301013024602026, 0.1736613603473227, 0.17221418234442837, 0.12445730824891461, 0.12011577424023155, 0.049204052098408106, 0.023154848046309694, 0.013024602026049204, 0.001447178002894356, 0.00723589001447178, 0.0, 0.0, 0.0, 0.0, 0.0, 0.0, 0.0, 0.0, 0.0], [0.0, 0.0, 0.0, 9.300595238095238e-05, 0.0, 9.300595238095238e-05, 0.00027901785714285713, 0.000744047619047619, 0.0016741071428571428, 0.004836309523809524, 0.007254464285714286, 0.012369791666666666, 0.021484375, 0.027901785714285716, 0.04045758928571429, 0.04799107142857143, 0.08705357142857142, 0.16861979166666666, 0.28506324404761907, 0.09709821428571429, 0.05896577380952381, 0.07552083333333333, 0.019903273809523808, 0.010230654761904762, 0.019903273809523808, 0.005115327380952381, 0.0025111607142857145, 0.0023251488095238095, 0.0023251488095238095, 0.00018601190476190475, 0.0, 0.0, 0.0], [0.00010035122930255896, 0.00010035122930255896, 0.00010035122930255896, 0.0, 0.00030105368790767686, 0.00040140491721023583, 0.00030105368790767686, 0.0009031610637230306, 0.0011038635223281485, 0.005218263923733066, 0.009533366783743101, 0.019066733567486203, 0.032112393376818864, 0.04485699949824385, 0.06402408429503262, 0.07576517812343202, 0.09473156046161565, 0.20923231309583543, 0.2313095835423984, 0.09152032112393377, 0.04626191670847968, 0.04184646261916709, 0.014952333166081284, 0.006422478675363773, 0.004214751630707476, 0.0018063221274460613, 0.0034119417962870046, 0.00040140491721023583, 0.0, 0.0, 0.0, 0.0, 0.0], [0.0, 0.00010921799912625601, 0.0, 0.00010921799912625601, 0.00010921799912625601, 0.000327653997378768, 0.0007645259938837921, 0.0017474879860200961, 0.0022935779816513763, 0.004477937964176496, 0.008628221930974225, 0.014089121887287025, 0.051004805591961556, 0.08464394932284841, 0.11336828309305373, 0.1410004368719965, 0.1581476627348187, 0.1154434250764526, 0.1382699868938401, 0.06247269550021844, 0.03800786369593709, 0.0337483617300131, 0.014307557885539536, 0.0061162079510703364, 0.005679335954565312, 0.002512013979903888, 0.001310615989515072, 0.001310615989515072, 0.0, 0.0, 0.0, 0.0, 0.0], [0.0, 0.0, 0.0, 0.0, 0.00024058703235895585, 0.0, 0.0008420546132563455, 0.0024058703235895584, 0.004932034163358595, 0.007939372067845544, 0.01672079874894743, 0.02550222543004932, 0.04234331769517623, 0.0676049560928666, 0.10333213039817153, 0.12570672440755443, 0.15337423312883436, 0.09815950920245399, 0.16660651990857692, 0.05906411644412366, 0.037050402983279204, 0.03825333814507398, 0.016119331168050043, 0.006495849873691808, 0.012510525682665705, 0.005052327679538073, 0.003969686033922772, 0.0024058703235895584, 0.002044989775051125, 0.0004811740647179117, 0.0008420546132563455, 0.0, 0.0], [0.0, 0.00017340038148083925, 0.00017340038148083925, 0.0003468007629616785, 0.0010404022888850356, 0.0010404022888850356, 0.0017340038148083927, 0.0026010057222125888, 0.005548812207386856, 0.017860239292526444, 0.042309693081324776, 0.059996531992370386, 0.07889717357378186, 0.10490723079590775, 0.12571527657360845, 0.11825906016993237, 0.14669672273279002, 0.07750997052193515, 0.11427085139587308, 0.029824865614704352, 0.023929252644355817, 0.02080804577770071, 0.008496618692561124, 0.00450840991850182, 0.0071094156407144095, 0.0020808045777700713, 0.0020808045777700713, 0.00017340038148083925, 0.0010404022888850356, 0.0008670019074041963, 0.0, 0.0, 0.0], [0.0, 0.0, 0.0, 0.0007270964614638875, 0.0009694619486185168, 0.0021812893843916625, 0.003877847794474067, 0.0067862336403296175, 0.013572467280659235, 0.015269025690741638, 0.026417838099854582, 0.04289869122636936, 0.05380513814832768, 0.08191953465826467, 0.12360639844886089, 0.13136209403780902, 0.14929714008725156, 0.09621909840038778, 0.11027629665535628, 0.048230731943771206, 0.027629665535627727, 0.022539990305380515, 0.012360639844886088, 0.009694619486185167, 0.00872515753756665, 0.003150751333010179, 0.002666020358700921, 0.0033931168201648087, 0.001454192922927775, 0.0009694619486185168, 0.0, 0.0, 0.0], [0.0002248201438848921, 0.0, 0.0, 0.0, 0.0004496402877697842, 0.0004496402877697842, 0.0016861510791366906, 0.003372302158273381, 0.0049460431654676255, 0.009554856115107913, 0.017423561151079136, 0.0412544964028777, 0.08453237410071943, 0.11982913669064749, 0.14691996402877697, 0.15119154676258992, 0.13815197841726617, 0.08026079136690648, 0.09566097122302158, 0.0341726618705036, 0.020795863309352517, 0.024392985611510792, 0.00910521582733813, 0.004383992805755395, 0.007194244604316547, 0.0022482014388489208, 0.0005620503597122302, 0.0008992805755395684, 0.00011241007194244605, 0.0002248201438848921, 0.0, 0.0, 0.0], [0.0, 0.0, 0.0, 0.0002841312686461145, 0.00014206563432305724, 0.00014206563432305724, 0.0014206563432305726, 0.00042619690296917176, 0.0019889188805228015, 0.004546100298337832, 0.007671544253445092, 0.009234266230998722, 0.01449069470095184, 0.061798550930529904, 0.11422076999573803, 0.13922432163659612, 0.1734621395084529, 0.11109532604063077, 0.16635885779230003, 0.059099303878391816, 0.03707913055831794, 0.041199033953686605, 0.01875266373064356, 0.007955675522091206, 0.01449069470095184, 0.004830231566983947, 0.005114362835630061, 0.002273050149168916, 0.0018468532461997443, 0.000568262537292229, 0.0002841312686461145, 0.0, 0.0], [0.0, 0.0, 0.00017307026652821047, 0.00034614053305642093, 0.0010384215991692627, 0.0013845621322256837, 0.002249913464866736, 0.004672897196261682, 0.00761509172724126, 0.018345448251990307, 0.03046036690896504, 0.04170993423329872, 0.0680166147455867, 0.09138110072689512, 0.11734164070612668, 0.13205261336102458, 0.14503288335064035, 0.08982346832814123, 0.1240913811007269, 0.044825199030806506, 0.02699896157840083, 0.021979923849082726, 0.010384215991692628, 0.004499826929733472, 0.005538248528902735, 0.0012114918656974732, 0.002249913464866736, 0.00380754586362063, 0.002596053997923157, 0.00017307026652821047, 0.0, 0.0, 0.0], [0.00011856770215793219, 0.0, 0.0, 0.0, 0.00011856770215793219, 0.0010671093194213896, 0.0007114062129475931, 0.0023713540431586438, 0.0028456248517903723, 0.005809817405738677, 0.013753853450320134, 0.021579321792743657, 0.03485890443443206, 0.04244723737253972, 0.0582167417595447, 0.11631491581693147, 0.20950912971306615, 0.14986957552762628, 0.16113350723262984, 0.07208916291202276, 0.04505572682001423, 0.03308038890206308, 0.013279582641688404, 0.005454114299264881, 0.005572682001422812, 0.002015650936684847, 0.0022527863410007113, 0.00035570310647379654, 0.00011856770215793219, 0.0, 0.0, 0.0, 0.0], [0.0, 0.0, 0.0, 0.00015024038461538462, 0.00015024038461538462, 0.00045072115384615387, 0.0006009615384615385, 0.0016526442307692308, 0.002704326923076923, 0.005709134615384615, 0.023888221153846152, 0.033052884615384616, 0.068359375, 0.09690504807692307, 0.1329627403846154, 0.14603365384615385, 0.1560997596153846, 0.10321514423076923, 0.1104266826923077, 0.04266826923076923, 0.025540865384615384, 0.019981971153846152, 0.009765625, 0.004507211538461538, 0.007512019230769231, 0.0025540865384615385, 0.002704326923076923, 0.001201923076923077, 0.001201923076923077, 0.0, 0.0, 0.0, 0.0], [0.0, 0.0, 0.0, 0.00015537600994406463, 0.0, 0.0004661280298321939, 0.0009322560596643878, 0.0009322560596643878, 0.0023306401491609697, 0.001709136109384711, 0.0052827843380981974, 0.010876320696084525, 0.040087010565568675, 0.06432566811684276, 0.09213797389683033, 0.11793039154754506, 0.15568676196395276, 0.1098508390304537, 0.1793039154754506, 0.07022995649471722, 0.041640770665009326, 0.04630205096333126, 0.020354257302672468, 0.011031696706028589, 0.015848353014294592, 0.00637041640770665, 0.0027967681789931634, 0.0007768800497203232, 0.0023306401491609697, 0.00031075201988812925, 0.0, 0.0, 0.0], [0.0, 0.0, 0.00011691804045364199, 0.0, 0.00023383608090728398, 0.00035075412136092597, 0.00035075412136092597, 0.001286098444990062, 0.001052262364082778, 0.00350754121360926, 0.006781246346311236, 0.016134689582602595, 0.026774231263884018, 0.04477960949374488, 0.055185315094119024, 0.15807319069332398, 0.18157371682450602, 0.11013679410733077, 0.1818075529054133, 0.06453875833041038, 0.04431193733193032, 0.03975213375423828, 0.02350052613118204, 0.012159476207178768, 0.01636852566350988, 0.004325967496784754, 0.00292295101134105, 0.002104524728165556, 0.001052262364082778, 0.0008184262831754939, 0.0, 0.0, 0.0], [0.0, 0.0, 0.0, 0.0, 9.548362455838824e-05, 9.548362455838824e-05, 9.548362455838824e-05, 0.0008593526210254941, 0.0018141888666093765, 0.0048696648524778, 0.009070944333046883, 0.01680511792227633, 0.027881218371049364, 0.036379260956745915, 0.05413921512460613, 0.05805404373150005, 0.0714217511696744, 0.07724625226773608, 0.3295139883509978, 0.1143893822209491, 0.06502434832426239, 0.07247207103981668, 0.01833285591521054, 0.009070944333046883, 0.01957414303446959, 0.004965148477036188, 0.0030554759858684236, 0.002482574238518094, 0.0018141888666093765, 0.0004774181227919412, 0.0, 0.0, 0.0], [0.0, 0.0, 0.0, 0.0, 0.0, 0.00010204081632653062, 0.0005102040816326531, 0.003061224489795918, 0.005408163265306122, 0.009795918367346938, 0.018367346938775512, 0.03387755102040816, 0.05102040816326531, 0.0773469387755102, 0.11489795918367347, 0.13724489795918368, 0.17408163265306123, 0.10948979591836734, 0.1546938775510204, 0.047142857142857146, 0.023775510204081633, 0.02469387755102041, 0.0064285714285714285, 0.0032653061224489797, 0.0024489795918367346, 0.0006122448979591836, 0.0008163265306122449, 0.0006122448979591836, 0.0003061224489795918, 0.0, 0.0, 0.0, 0.0], [0.0, 0.0029940119760479044, 0.0, 0.0029940119760479044, 0.005988023952095809, 0.020958083832335328, 0.020958083832335328, 0.038922155688622756, 0.08383233532934131, 0.059880239520958084, 0.05089820359281437, 0.07784431137724551, 0.08083832335329341, 0.11676646706586827, 0.11976047904191617, 0.10479041916167664, 0.08083832335329341, 0.04790419161676647, 0.041916167664670656, 0.014970059880239521, 0.011976047904191617, 0.008982035928143712, 0.0, 0.005988023952095809, 0.0, 0.0, 0.0, 0.0, 0.0, 0.0, 0.0, 0.0, 0.0]]}, "ranks": {"labels": ["Unranked", "Combatatent I", "Combatatent II", "Challenger I", "Challenger II", "Rival I", "Rival II", "Duelist", "Elite"], "data": [[0.13110181311018132, 0.18410041841004185, 0.2510460251046025, 0.2315202231520223, 0.1087866108786611, 0.05718270571827057, 0.01813110181311018, 0.01813110181311018, 0.0], [0.062484124968249934, 0.09347218694437388, 0.17678435356870714, 0.2667005334010668, 0.22656845313690627, 0.12420624841249682, 0.031242062484124967, 0.013716027432054865, 0.004826009652019304], [0.0076858412393419, 0.012249309475201153, 0.031103638765461752, 0.06328809895520596, 0.2503902966254353, 0.41623633961810974, 0.09235018614146752, 0.09415155518193827, 0.03254473399783836], [0.015341374868251552, 0.024475933950111255, 0.05375336690478979, 0.09251668813678417, 0.11324511066869657, 0.3513291954561424, 0.16102588125073194, 0.1440449701370184, 0.04426747862747394], [0.18134715025906736, 0.16062176165803108, 0.21761658031088082, 0.19689119170984457, 0.10880829015544041, 0.09326424870466321, 0.03626943005181347, 0.0051813471502590676, 0.0], [0.007440155272805693, 0.018546474013370715, 0.08971317662281647, 0.27226655164977354, 0.2875781755445331, 0.18115160664222557, 0.05714901876213069, 0.06286392063834376, 0.023290920854000433], [0.0824679291386683, 0.11952759112197109, 0.20667888413765018, 0.24170230095703524, 0.18672368153125637, 0.09081653431073101, 0.028100183262064753, 0.028711056811240074, 0.015271838729383017], [0.26756756756756755, 0.24594594594594596, 0.21081081081081082, 0.14054054054054055, 0.06486486486486487, 0.03783783783783784, 0.02702702702702703, 0.005405405405405406, 0.0], [0.03262955854126679, 0.060034122414160805, 0.08711878865429729, 0.12348048624440179, 0.3365323096609085, 0.18212838558328, 0.07155043719343143, 0.07762849221582427, 0.028897419492429088], [0.015372487189594008, 0.028774142688214426, 0.059913283405597165, 0.14032321639731968, 0.19314150571541192, 0.21206148994875837, 0.1083957430035475, 0.15687820260149785, 0.08513992905005913], [0.030508474576271188, 0.0512042818911686, 0.11685994647636039, 0.22676181980374666, 0.24977698483496877, 0.1807314897413024, 0.06262265834076718, 0.05851917930419268, 0.023015165031222123], [0.08112009237875288, 0.13394919168591224, 0.2176674364896074, 0.259959584295612, 0.1626732101616628, 0.075635103926097, 0.031033487297921478, 0.027569284064665127, 0.010392609699769052], [0.013949321730227796, 0.032505758894292296, 0.061300230355771694, 0.09214230867673406, 0.3791911952905042, 0.2581264397235731, 0.07205016636805733, 0.0687228052213975, 0.022011773739442027], [0.017896389324960755, 0.03506017791732077, 0.08874934589220304, 0.29084249084249086, 0.2802721088435374, 0.16619570905285191, 0.05379382522239665, 0.049502878074306644, 0.017687074829931974], [0.014863150262823999, 0.03987674460757658, 0.10947978974080116, 0.21479064709081022, 0.27641834330251946, 0.1905020844661954, 0.07504078303425775, 0.05836505347108936, 0.02066340402392605], [0.04139650872817955, 0.07755610972568579, 0.15835411471321695, 0.24364089775561099, 0.22668329177057356, 0.12668329177057355, 0.05012468827930175, 0.052119700748129674, 0.02344139650872818], [0.046173896853472354, 0.08490039098864272, 0.17631725935579967, 0.2532116924222677, 0.21560230869484268, 0.1375907652206293, 0.03798175386334016, 0.03760938372742506, 0.01061254887358034], [0.012637432073802603, 0.026664981675723492, 0.061544294199418675, 0.3035511184127385, 0.286237836471629, 0.20219891318084166, 0.045494755465689374, 0.045494755465689374, 0.016175913054467334], [0.18125, 0.14375, 0.1375, 0.16875, 0.16875, 0.05625, 0.075, 0.04375, 0.025], [0.008504923903312443, 0.01723366159355416, 0.05125335720680394, 0.21072068039391226, 0.3767905102954342, 0.19359892569382273, 0.06423455684870188, 0.057967770814682185, 0.019695613249776187], [0.004976332079135818, 0.01128777764291783, 0.02706639155237286, 0.13071974754217744, 0.34118218230367764, 0.26398834810049765, 0.09904114577011773, 0.08848161184609783, 0.03325646316300522], [0.012410643367752184, 0.023431294678316124, 0.04229547259729945, 0.17494042891183478, 0.30708895949166004, 0.23729150119142176, 0.08955520254169975, 0.08995234312946783, 0.023034154090548053], [0.023154848046309694, 0.03907380607814761, 0.13024602026049203, 0.29667149059334297, 0.29667149059334297, 0.14905933429811866, 0.04341534008683068, 0.02170767004341534, 0.0], [0.007719494047619048, 0.019624255952380952, 0.04938616071428571, 0.08844866071428571, 0.2556733630952381, 0.341796875, 0.09933035714285714, 0.1056547619047619, 0.03236607142857143], [0.008529854490717512, 0.028600100351229302, 0.07696939287506271, 0.13978926241846462, 0.3039638735574511, 0.2826894129453086, 0.08640240842950327, 0.06322127446061214, 0.009834420471650777], [0.009938837920489297, 0.022717343818261248, 0.13564875491480996, 0.2543687199650502, 0.2735910878112713, 0.1737658366098733, 0.06498470948012232, 0.05417212756662298, 0.010812581913499346], [0.016359918200409, 0.04222302417899675, 0.10994827378804282, 0.22903885480572597, 0.25153374233128833, 0.19752195356670277, 0.06519908576927703, 0.06086851918681583, 0.02730662817274149], [0.030518467140627708, 0.10230622507369516, 0.18380440436968962, 0.24397433674354083, 0.22420669325472517, 0.13057048725507195, 0.03745448239986128, 0.03381307438876366, 0.013351829374024623], [0.043383422200678624, 0.06931652932622395, 0.13572467280659234, 0.2549684924866699, 0.24551623848763937, 0.13742123121667474, 0.04871546291808047, 0.04459524963645177, 0.02035870092098885], [0.02068345323741007, 0.05867805755395684, 0.2043615107913669, 0.2981115107913669, 0.21841276978417265, 0.11420863309352518, 0.03642086330935252, 0.03788219424460432, 0.011241007194244604], [0.008950134962352608, 0.016905810484443812, 0.07628924563148175, 0.25344509163233414, 0.2845574655490837, 0.19832362551498792, 0.06421366671402187, 0.06790737320642137, 0.029407586304872852], [0.03582554517133956, 0.07217030114226376, 0.15939771547248183, 0.24939425406715127, 0.23485635167878158, 0.15022499134648667, 0.04569055036344756, 0.03686396677050883, 0.01557632398753894], [0.01304244723737254, 0.03533317524306379, 0.07730614180697178, 0.17453165757647618, 0.35937870524069243, 0.20073511975337918, 0.07754327721128765, 0.05181408584301636, 0.010315390087740099], [0.01141826923076923, 0.05694110576923077, 0.16526442307692307, 0.2789963942307692, 0.25931490384615385, 0.13386418269230768, 0.044771634615384616, 0.034254807692307696, 0.015174278846153846], [0.006525792417650715, 0.016159105034182723, 0.10441267868241144, 0.21006836544437538, 0.2655376009944065, 0.21721566190180236, 0.07395898073337477, 0.07768800497203232, 0.028433809819763827], [0.006898164386764878, 0.022915935928913833, 0.0715538407576289, 0.21325850578744301, 0.2917105109318368, 0.21664912896059862, 0.07400911960715538, 0.07541213609259909, 0.027592657547059512], [0.007829657213787835, 0.025876062255323212, 0.06426047932779529, 0.11219325885610618, 0.1486680034374105, 0.3926286641840924, 0.11629905471211688, 0.0998758712880741, 0.03236894872529361], [0.018877551020408164, 0.052244897959183675, 0.12836734693877552, 0.25214285714285717, 0.2835714285714286, 0.18193877551020407, 0.043673469387755105, 0.03438775510204082, 0.004795918367346939], [0.23652694610778444, 0.12874251497005987, 0.19760479041916168, 0.2245508982035928, 0.12874251497005987, 0.04491017964071856, 0.023952095808383235, 0.014970059880239521, 0.0]]}, "ranksDetailed": {"labels": ["Unranked", "Combatatant", "Challenger", "Rival", "Duelist", "Elite"], "data": [[0.13110181311018132, 0.4351464435146444, 0.3403068340306834, 0.07531380753138076, 0.01813110181311018, 0.0], [0.062484124968249934, 0.270256540513081, 0.4932689865379731, 0.15544831089662178, 0.013716027432054865, 0.004826009652019304], [0.0076858412393419, 0.0433529482406629, 0.3136783955806413, 0.5085865257595773, 0.09415155518193827, 0.03254473399783836], [0.015341374868251552, 0.07822930085490104, 0.20576179880548073, 0.5123550767068743, 0.1440449701370184, 0.04426747862747394], [0.18134715025906736, 0.37823834196891193, 0.30569948186528495, 0.12953367875647667, 0.0051813471502590676, 0.0], [0.007440155272805693, 0.10825965063618719, 0.5598447271943067, 0.23830062540435626, 0.06286392063834376, 0.023290920854000433], [0.0824679291386683, 0.32620647525962126, 0.4284259824882916, 0.11891671757279576, 0.028711056811240074, 0.015271838729383017], [0.26756756756756755, 0.45675675675675675, 0.20540540540540542, 0.06486486486486487, 0.005405405405405406, 0.0], [0.03262955854126679, 0.1471529110684581, 0.4600127959053103, 0.25367882277671144, 0.07762849221582427, 0.028897419492429088], [0.015372487189594008, 0.08868742609381158, 0.3334647221127316, 0.3204572329523059, 0.15687820260149785, 0.08513992905005913], [0.030508474576271188, 0.168064228367529, 0.47653880463871545, 0.2433541480820696, 0.05851917930419268, 0.023015165031222123], [0.08112009237875288, 0.35161662817551964, 0.4226327944572748, 0.10666859122401848, 0.027569284064665127, 0.010392609699769052], [0.013949321730227796, 0.09380598925006399, 0.4713335039672383, 0.3301766060916304, 0.0687228052213975, 0.022011773739442027], [0.017896389324960755, 0.12380952380952381, 0.5711145996860283, 0.21998953427524856, 0.049502878074306644, 0.017687074829931974], [0.014863150262823999, 0.14935653434837773, 0.4912089903933297, 0.26554286750045314, 0.05836505347108936, 0.02066340402392605], [0.04139650872817955, 0.23591022443890275, 0.47032418952618454, 0.1768079800498753, 0.052119700748129674, 0.02344139650872818], [0.046173896853472354, 0.2612176503444424, 0.4688140011171104, 0.17557251908396945, 0.03760938372742506, 0.01061254887358034], [0.012637432073802603, 0.08820927587514217, 0.5897889548843674, 0.24769366864653103, 0.045494755465689374, 0.016175913054467334], [0.18125, 0.28125, 0.3375, 0.13125, 0.04375, 0.025], [0.008504923903312443, 0.0684870188003581, 0.5875111906893464, 0.25783348254252464, 0.057967770814682185, 0.019695613249776187], [0.004976332079135818, 0.038354169195290694, 0.4719019298458551, 0.36302949387061534, 0.08848161184609783, 0.03325646316300522], [0.012410643367752184, 0.06572676727561556, 0.48202938840349485, 0.3268467037331215, 0.08995234312946783, 0.023034154090548053], [0.023154848046309694, 0.16931982633863965, 0.5933429811866859, 0.19247467438494936, 0.02170767004341534, 0.0], [0.007719494047619048, 0.06901041666666667, 0.34412202380952384, 0.44112723214285715, 0.1056547619047619, 0.03236607142857143], [0.008529854490717512, 0.10556949322629203, 0.4437531359759157, 0.36909182137481183, 0.06322127446061214, 0.009834420471650777], [0.009938837920489297, 0.1583660987330712, 0.5279598077763216, 0.23875054608999563, 0.05417212756662298, 0.010812581913499346], [0.016359918200409, 0.15217129796703957, 0.48057259713701433, 0.2627210393359798, 0.06086851918681583, 0.02730662817274149], [0.030518467140627708, 0.2861106294433848, 0.468181029998266, 0.16802496965493324, 0.03381307438876366, 0.013351829374024623], [0.043383422200678624, 0.2050412021328163, 0.5004847309743092, 0.1861366941347552, 0.04459524963645177, 0.02035870092098885], [0.02068345323741007, 0.2630395683453237, 0.5165242805755396, 0.1506294964028777, 0.03788219424460432, 0.011241007194244604], [0.008950134962352608, 0.09319505611592556, 0.5380025571814178, 0.2625372922290098, 0.06790737320642137, 0.029407586304872852], [0.03582554517133956, 0.23156801661474558, 0.48425060574593287, 0.19591554170993422, 0.03686396677050883, 0.01557632398753894], [0.01304244723737254, 0.11263931705003558, 0.5339103628171686, 0.27827839696466683, 0.05181408584301636, 0.010315390087740099], [0.01141826923076923, 0.22220552884615385, 0.5383112980769231, 0.17863581730769232, 0.034254807692307696, 0.015174278846153846], [0.006525792417650715, 0.12057178371659416, 0.47560596643878184, 0.2911746426351771, 0.07768800497203232, 0.028433809819763827], [0.006898164386764878, 0.09446977668654273, 0.5049690167192797, 0.290658248567754, 0.07541213609259909, 0.027592657547059512], [0.007829657213787835, 0.0901365415831185, 0.26086126229351664, 0.5089277188962092, 0.0998758712880741, 0.03236894872529361], [0.018877551020408164, 0.18061224489795918, 0.5357142857142857, 0.2256122448979592, 0.03438775510204082, 0.004795918367346939], [0.23652694610778444, 0.3263473053892216, 0.3532934131736527, 0.0688622754491018, 0.014970059880239521, 0.0]]}}}, "eu": {"histType": {"histogram": {"labels": ["0", "100", "200", "300", "400", "500", "600", "700", "800", "900", "1000", "1100", "1200", "1300", "1400", "1500", "1600", "1700", "1800", "1900", "2000", "2100", "2200", "2300", "2400", "2500", "2600", "2700", "2800", "2900", "3000", "3100", "3200"], "data": [[0.0, 0.0, 0.0018656716417910447, 0.0, 0.0018656716417910447, 0.007462686567164179, 0.013059701492537313, 0.026119402985074626, 0.048507462686567165, 0.07835820895522388, 0.07835820895522388, 0.10820895522388059, 0.10261194029850747, 0.11940298507462686, 0.1417910447761194, 0.09328358208955224, 0.06343283582089553, 0.033582089552238806, 0.03544776119402985, 0.016791044776119403, 0.013059701492537313, 0.005597014925373134, 0.0037313432835820895, 0.007462686567164179, 0.0, 0.0, 0.0, 0.0, 0.0, 0.0, 0.0, 0.0, 0.0], [0.0, 0.0002799552071668533, 0.0008398656215005599, 0.0011198208286674132, 0.0016797312430011197, 0.003919372900335946, 0.006998880179171333, 0.010918253079507279, 0.01959686450167973, 0.03443449048152296, 0.04535274356103024, 0.062430011198208284, 0.08174692049272117, 0.10442329227323628, 0.13521836506159016, 0.13045912653975364, 0.14165733482642778, 0.06886898096304592, 0.09462486002239642, 0.024076147816349383, 0.011758118701007838, 0.009238521836506159, 0.0041993281075028, 0.002799552071668533, 0.001959686450167973, 0.0011198208286674132, 0.0002799552071668533, 0.0, 0.0, 0.0, 0.0, 0.0, 0.0], [0.0, 0.0, 0.0, 0.00012096286440062901, 0.00012096286440062901, 0.00012096286440062901, 0.0, 0.0007257771864037741, 0.0019354058304100641, 0.002661183016813838, 0.005806217491230193, 0.00955606628764969, 0.01197532357566227, 0.015241320914479255, 0.025039312930930206, 0.03495826781178178, 0.18035563082133785, 0.1543486149752026, 0.32587395669529456, 0.08019837909761703, 0.05201403169227047, 0.051530180234667954, 0.01814442966009435, 0.007983549050441515, 0.011733397846861013, 0.005201403169227048, 0.001814442966009435, 0.002177331559211322, 0.00012096286440062901, 0.00024192572880125802, 0.0, 0.0, 0.0], [0.0, 0.0, 0.0, 0.0001128668171557562, 0.0001128668171557562, 0.0002257336343115124, 0.0007900677200902935, 0.0020316027088036117, 0.0024830699774266367, 0.0057562076749435665, 0.011173814898419865, 0.01704288939051919, 0.020654627539503385, 0.026072234762979683, 0.04209932279909707, 0.05304740406320542, 0.07471783295711061, 0.04977426636568849, 0.2770880361173815, 0.14875846501128667, 0.0927765237020316, 0.08905191873589165, 0.0309255079006772, 0.013544018058690745, 0.024266365688487584, 0.008013544018058691, 0.004288939051918736, 0.001580135440180587, 0.0034988713318284425, 0.0001128668171557562, 0.0, 0.0, 0.0], [0.0, 0.0, 0.0, 0.0, 0.0, 0.021739130434782608, 0.02717391304347826, 0.04891304347826087, 0.06521739130434782, 0.04891304347826087, 0.07608695652173914, 0.08152173913043478, 0.06521739130434782, 0.11956521739130435, 0.09239130434782608, 0.14673913043478262, 0.03260869565217391, 0.06521739130434782, 0.03260869565217391, 0.04891304347826087, 0.005434782608695652, 0.005434782608695652, 0.0, 0.005434782608695652, 0.010869565217391304, 0.0, 0.0, 0.0, 0.0, 0.0, 0.0, 0.0, 0.0], [0.0, 0.0, 0.00010711225364181663, 0.00021422450728363326, 0.00032133676092544985, 0.00010711225364181663, 0.00021422450728363326, 0.001178234790059983, 0.0019280205655526992, 0.0039631533847472155, 0.007926306769494431, 0.012103684661525279, 0.01842330762639246, 0.09115252784918594, 0.12928449014567267, 0.13742502142245072, 0.1630248500428449, 0.11118251928020566, 0.14920736932305056, 0.05634104541559554, 0.03631105398457583, 0.03920308483290488, 0.014353041988003428, 0.005355612682090831, 0.010711225364181662, 0.004391602399314481, 0.0026778063410454155, 0.0007497857754927164, 0.001713796058269066, 0.00032133676092544985, 0.00010711225364181663, 0.0, 0.0], [0.00019076688286913393, 0.00019076688286913393, 0.0007630675314765357, 0.0015261350629530714, 0.003052270125906143, 0.004196871423120946, 0.007249141549027089, 0.01259061426936284, 0.02518122853872568, 0.04006104540251812, 0.05932850057230065, 0.07554368561617703, 0.0942388