{"region": {"us": {"histType": {"histogram": {"labels": ["0", "100", "200", "300", "400", "500", "600", "700", "800", "900", "1000", "1100", "1200", "1300", "1400", "1500", "1600", "1700", "1800", "1900", "2000", "2100", "2200", "2300", "2400", "2500", "2600", "2700", "2800", "2900", "3000", "3100"], "data": [[0.0, 0.0, 0.0, 0.006896551724137931, 0.006896551724137931, 0.006896551724137931, 0.020689655172413793, 0.013793103448275862, 0.06896551724137931, 0.05517241379310345, 0.06896551724137931, 0.10344827586206896, 0.07586206896551724, 0.15172413793103448, 0.12413793103448276, 0.07586206896551724, 0.0896551724137931, 0.034482758620689655, 0.020689655172413793, 0.06206896551724138, 0.013793103448275862, 0.0, 0.0, 0.0, 0.0, 0.0, 0.0, 0.0, 0.0, 0.0, 0.0, 0.0], [0.0, 0.001455604075691412, 0.0, 0.000727802037845706, 0.001455604075691412, 0.001455604075691412, 0.004366812227074236, 0.01455604075691412, 0.016739446870451237, 0.03129548762736536, 0.055312954876273655, 0.05895196506550218, 0.09461426491994178, 0.09388646288209607, 0.14556040756914118, 0.13027656477438138, 0.13755458515283842, 0.06768558951965066, 0.08005822416302766, 0.021106259097525473, 0.013100436681222707, 0.017467248908296942, 0.00363901018922853, 0.001455604075691412, 0.001455604075691412, 0.005822416302765648, 0.0, 0.0, 0.0, 0.0, 0.0, 0.0], [0.00021920210434020167, 0.0, 0.00021920210434020167, 0.00021920210434020167, 0.00043840420868040335, 0.00043840420868040335, 0.00021920210434020167, 0.00131521262604121, 0.007233669443226655, 0.009644892590968873, 0.014686540990793511, 0.021701008329679965, 0.03814116615519509, 0.05151249451994739, 0.07211749232792634, 0.10214818062253397, 0.15234546251644016, 0.11113546690048225, 0.18851380973257342, 0.06334940815431828, 0.044278825076720735, 0.05655414291977203, 0.02345462516440158, 0.012275317843051293, 0.01819377466023674, 0.005918456817185445, 0.003068829460762823, 0.000657606313020605, 0.0, 0.0, 0.0, 0.0], [0.0, 0.00019357336430507162, 0.0, 0.0, 0.00019357336430507162, 0.0007742934572202865, 0.0023228803716608595, 0.004258614014711576, 0.010065814943863724, 0.020905923344947737, 0.0300038714672861, 0.035036778939217965, 0.06368563685636856, 0.08207510646535036, 0.11459543166860241, 0.13356562137049943, 0.17305458768873402, 0.09949670925280682, 0.11962833914053426, 0.04336043360433604, 0.025551684088269456, 0.022841656987998452, 0.008710801393728223, 0.003677893921796361, 0.004258614014711576, 0.0009678668215253581, 0.0007742934572202865, 0.0, 0.0, 0.0, 0.0, 0.0], [0.0, 0.0, 0.0, 0.0, 0.0, 0.0, 0.0, 0.07692307692307693, 0.057692307692307696, 0.11538461538461539, 0.057692307692307696, 0.07692307692307693, 0.11538461538461539, 0.11538461538461539, 0.0, 0.019230769230769232, 0.07692307692307693, 0.038461538461538464, 0.07692307692307693, 0.09615384615384616, 0.019230769230769232, 0.019230769230769232, 0.0, 0.038461538461538464, 0.0, 0.0, 0.0, 0.0, 0.0, 0.0, 0.0, 0.0], [0.0, 0.0, 0.0, 0.0, 0.0, 0.0, 0.0003403096818104475, 0.0028926322953888037, 0.0032329419771992512, 0.009698825931597753, 0.017015484090522375, 0.0272247745448358, 0.05240769099880892, 0.08388633656627531, 0.11298281436106858, 0.13289093074697975, 0.15977539561000512, 0.10005104645227157, 0.12012931767908797, 0.055130168453292494, 0.03352050365832908, 0.043389484430832057, 0.017525948613238047, 0.005785264590777607, 0.01174068402246044, 0.0064658839543985025, 0.003403096818104475, 0.0005104645227156713, 0.0, 0.0, 0.0, 0.0], [0.0, 0.0, 0.0009082652134423251, 0.0013623978201634877, 0.0018165304268846503, 0.0013623978201634877, 0.0036330608537693005, 0.01044504995458674, 0.023614895549500452, 0.033151680290644865, 0.05404178019981835, 0.06630336058128973, 0.09082652134423251, 0.11762034514078111, 0.12761126248864668, 0.12443233424159855, 0.11217075386012716, 0.0703905540417802, 0.059491371480472295, 0.027702089009990917, 0.017711171662125342, 0.020435967302452316, 0.00862851952770209, 0.007266121707538601, 0.01044504995458674, 0.005903723887375113, 0.0027247956403269754, 0.0, 0.0, 0.0, 0.0, 0.0], [0.0, 0.0, 0.007246376811594203, 0.014492753623188406, 0.007246376811594203, 0.007246376811594203, 0.036231884057971016, 0.057971014492753624, 0.10144927536231885, 0.10869565217391304, 0.13043478260869565, 0.11594202898550725, 0.13043478260869565, 0.09420289855072464, 0.036231884057971016, 0.028985507246376812, 0.050724637681159424, 0.028985507246376812, 0.0, 0.043478260869565216, 0.0, 0.0, 0.0, 0.0, 0.0, 0.0, 0.0, 0.0, 0.0, 0.0, 0.0, 0.0], [0.0003486750348675035, 0.0003486750348675035, 0.0008716875871687587, 0.000697350069735007, 0.0012203626220362621, 0.002789400278940028, 0.004532775453277545, 0.00993723849372385, 0.018479776847977684, 0.04445606694560669, 0.06607391910739191, 0.1000697350069735, 0.11541143654114365, 0.11663179916317992, 0.1358089260808926, 0.1098326359832636, 0.08978382147838215, 0.05404463040446304, 0.05142956764295677, 0.02580195258019526, 0.01778242677824268, 0.014470013947001394, 0.010808926080892609, 0.002789400278940028, 0.0048814504881450485, 0.0005230125523012552, 0.00017433751743375174, 0.0, 0.0, 0.0, 0.0, 0.0], [0.0, 0.0, 0.0004591368227731864, 0.0004591368227731864, 0.0018365472910927456, 0.0018365472910927456, 0.0036730945821854912, 0.005050505050505051, 0.014692378328741965, 0.027089072543617997, 0.03443526170798898, 0.045454545454545456, 0.07392102846648302, 0.09366391184573003, 0.11891643709825528, 0.13085399449035812, 0.16804407713498623, 0.07988980716253444, 0.10514233241505969, 0.0371900826446281, 0.015610651974288337, 0.021120293847566574, 0.007805325987144169, 0.007805325987144169, 0.004591368227731864, 0.0004591368227731864, 0.0, 0.0, 0.0, 0.0, 0.0, 0.0], [0.0, 0.0, 0.0007712082262210797, 0.0010282776349614395, 0.0012853470437017994, 0.0033419023136246786, 0.006683804627249357, 0.011825192802056555, 0.017480719794344474, 0.038817480719794344, 0.07095115681233934, 0.07737789203084833, 0.10359897172236504, 0.10925449871465295, 0.14524421593830333, 0.12390745501285347, 0.10231362467866324, 0.055526992287917736, 0.05758354755784062, 0.02930591259640103, 0.015167095115681234, 0.013367609254498715, 0.006940874035989717, 0.0033419023136246786, 0.0035989717223650387, 0.0012853470437017994, 0.0, 0.0, 0.0, 0.0, 0.0, 0.0], [0.0, 0.0, 0.0, 0.0, 0.0002444390124663896, 0.0009777560498655585, 0.0024443901246638962, 0.005622097286726962, 0.010755316548521144, 0.016132974822781716, 0.034710339770227326, 0.04791004644341237, 0.0684429234905891, 0.08188706917624053, 0.13517477389391347, 0.12295282327059398, 0.1532632608164263, 0.09362014177462723, 0.11366414079687118, 0.04399902224395014, 0.02151063309704229, 0.023710584209239795, 0.008799804448790027, 0.005377658274260572, 0.005133219261794182, 0.0036665851869958446, 0.0, 0.0, 0.0, 0.0, 0.0, 0.0], [0.00021399529210357372, 0.0, 0.0, 0.00042799058420714745, 0.00042799058420714745, 0.0010699764605178687, 0.0025679435052428845, 0.00577787288679649, 0.011127755189385833, 0.029531350310293174, 0.05221485127327199, 0.06056066766531136, 0.07853627220201155, 0.09822383907554033, 0.13717098223839075, 0.13802696340680504, 0.14701476567515515, 0.08281617804408303, 0.07682430986518296, 0.029745345602396746, 0.016477637491975176, 0.015621656323560882, 0.004921891718382195, 0.004707896426278622, 0.0025679435052428845, 0.0021399529210357373, 0.0012839717526214422, 0.0, 0.0, 0.0, 0.0, 0.0], [0.0, 0.0, 0.0, 0.0, 0.0, 0.0007168458781362007, 0.0, 0.0007168458781362007, 0.0032258064516129032, 0.008243727598566309, 0.015770609318996417, 0.022939068100358423, 0.04982078853046595, 0.06881720430107527, 0.0996415770609319, 0.13942652329749103, 0.17455197132616487, 0.11827956989247312, 0.13189964157706094, 0.05913978494623656, 0.03763440860215054, 0.032974910394265235, 0.015770609318996417, 0.007885304659498209, 0.0064516129032258064, 0.0035842293906810036, 0.0025089605734767025, 0.0, 0.0, 0.0, 0.0, 0.0], [0.0, 0.0, 0.0, 0.0, 0.0009132420091324201, 0.0018264840182648401, 0.0, 0.005479452054794521, 0.0091324200913242, 0.024657534246575342, 0.031050228310502283, 0.06118721461187215, 0.06118721461187215, 0.09315068493150686, 0.09406392694063927, 0.136986301369863, 0.13789954337899543, 0.09223744292237443, 0.09223744292237443, 0.048401826484018265, 0.030136986301369864, 0.033789954337899546, 0.010958904109589041, 0.0091324200913242, 0.010958904109589041, 0.0045662100456621, 0.01004566210045662, 0.0, 0.0, 0.0, 0.0, 0.0], [0.00031959092361776926, 0.0, 0.0006391818472355385, 0.00031959092361776926, 0.0006391818472355385, 0.0015979546180888463, 0.0031959092361776927, 0.004793863854266539, 0.009587727708533078, 0.01597954618088846, 0.03355704697986577, 0.04570150207734101, 0.0811760945989134, 0.09523809523809523, 0.12943432406519656, 0.14093959731543623, 0.14093959731543623, 0.08245445829338446, 0.09587727708533078, 0.03962927452860339, 0.02524768296580377, 0.026845637583892617, 0.010546500479386385, 0.0044742729306487695, 0.005433045701502077, 0.0031959092361776927, 0.0019175455417066154, 0.00031959092361776926, 0.0, 0.0, 0.0, 0.0], [0.0, 0.0, 0.0, 0.0005657708628005657, 0.0008486562942008486, 0.0005657708628005657, 0.002545968882602546, 0.006223479490806223, 0.00876944837340877, 0.020933521923620933, 0.03536067892503536, 0.047241867043847245, 0.07213578500707214, 0.08628005657708628, 0.1256011315417256, 0.13833097595473834, 0.14936350777934937, 0.09250353606789251, 0.11004243281471005, 0.031966053748231964, 0.018387553041018388, 0.023762376237623763, 0.009618104667609617, 0.005657708628005658, 0.008486562942008486, 0.0016973125884016972, 0.0031117397454031117, 0.0, 0.0, 0.0, 0.0, 0.0], [0.0, 0.0, 0.0, 0.0, 0.0, 0.0, 0.0, 0.0, 0.023809523809523808, 0.09523809523809523, 0.09523809523809523, 0.047619047619047616, 0.047619047619047616, 0.07142857142857142, 0.09523809523809523, 0.16666666666666666, 0.09523809523809523, 0.047619047619047616, 0.07142857142857142, 0.047619047619047616, 0.047619047619047616, 0.047619047619047616, 0.0, 0.0, 0.0, 0.0, 0.0, 0.0, 0.0, 0.0, 0.0, 0.0], [0.0001650709805216243, 0.0, 0.0001650709805216243, 0.0001650709805216243, 0.0001650709805216243, 0.0004952129415648729, 0.0004952129415648729, 0.0014856388246946186, 0.004456916474083856, 0.00924397490921096, 0.019313304721030045, 0.025586001980851765, 0.05183228788379003, 0.07642786398151205, 0.12000660283922086, 0.13981512050181577, 0.15731264443710796, 0.11175305381313964, 0.10399471772862331, 0.06371739848134698, 0.03813139650049521, 0.04192802905249257, 0.01650709805216243, 0.007923407065037967, 0.006767910201386596, 0.002145922746781116, 0.0, 0.0, 0.0, 0.0, 0.0, 0.0], [0.0, 0.0, 0.0, 0.00027739251040221914, 0.0, 0.00027739251040221914, 0.0027739251040221915, 0.0011095700416088765, 0.0036061026352288486, 0.004715672676837725, 0.015533980582524271, 0.021081830790568655, 0.03300970873786408, 0.050208044382801666, 0.07961165048543689, 0.10679611650485436, 0.1547850208044383, 0.1262135922330097, 0.1553398058252427, 0.07517337031900138, 0.047156726768377254, 0.05325936199722608, 0.022191400832177532, 0.011373092926490984, 0.020804438280166437, 0.008321775312066574, 0.005547850208044383, 0.0008321775312066575, 0.0, 0.0, 0.0, 0.0], [0.0003052969012364525, 0.00015264845061822624, 0.0, 0.0003052969012364525, 0.0003052969012364525, 0.00122118760494581, 0.0015264845061822622, 0.0038162112654556556, 0.006411234925965501, 0.012059227598839872, 0.02427110364829797, 0.03190352617920928, 0.043810105327430925, 0.06395970080903679, 0.10273240726606625, 0.12715615936498245, 0.14471073118607847, 0.10624332163028545, 0.14013127766753167, 0.06334910700656389, 0.03923065180888414, 0.043810105327430925, 0.01663868111738666, 0.009158907037093574, 0.012669821401312776, 0.0038162112654556556, 0.0003052969012364525, 0.0, 0.0, 0.0, 0.0, 0.0], [0.0, 0.0, 0.0, 0.0, 0.0, 0.0026246719160104987, 0.0, 0.005249343832020997, 0.007874015748031496, 0.005249343832020997, 0.015748031496062992, 0.03937007874015748, 0.05774278215223097, 0.12335958005249344, 0.15223097112860892, 0.14960629921259844, 0.17060367454068243, 0.12598425196850394, 0.09448818897637795, 0.03674540682414698, 0.013123359580052493, 0.0, 0.0, 0.0, 0.0, 0.0, 0.0, 0.0, 0.0, 0.0, 0.0, 0.0], [0.000121153380179307, 0.0, 0.0, 0.000121153380179307, 0.0, 0.000363460140537921, 0.000242306760358614, 0.001090380421613763, 0.003392294645020596, 0.00884419675308941, 0.014417252241337533, 0.0259268233583717, 0.04434213714562636, 0.056457475163557064, 0.09304579597770778, 0.12175914708020354, 0.17712624182214684, 0.11497455779016234, 0.16367821662224377, 0.06409013811485341, 0.034892173491640414, 0.0432517567240126, 0.01296341167918585, 0.005815362248606736, 0.009328810273806639, 0.002544220983765447, 0.00121153380179307, 0.0, 0.0, 0.0, 0.0, 0.0], [0.00010734220695577502, 0.00010734220695577502, 0.00021468441391155003, 0.00010734220695577502, 0.0007513954486904251, 0.0008587376556462001, 0.000536711034778875, 0.0016101331043366252, 0.0018248175182481751, 0.00923142979819665, 0.013739802490339202, 0.03349076857020181, 0.06290253327608415, 0.09317303563761271, 0.13814942035208244, 0.17475311292400172, 0.18312580506655216, 0.10401459854014598, 0.10015027908973809, 0.04089738085015028, 0.018355517389437526, 0.013954486904250751, 0.004186346071275226, 0.0017174753112924003, 0.0015027908973808501, 0.000536711034778875, 0.0, 0.0, 0.0, 0.0, 0.0, 0.0], [0.00022084805653710247, 0.00022084805653710247, 0.0, 0.0006625441696113075, 0.00044169611307420494, 0.0011042402826855124, 0.0017667844522968198, 0.003754416961130742, 0.007950530035335688, 0.01435512367491166, 0.02429328621908127, 0.0443904593639576, 0.06934628975265017, 0.08193462897526502, 0.12080388692579505, 0.14642226148409895, 0.15415194346289754, 0.10424028268551237, 0.0989399293286219, 0.04902826855123675, 0.02848939929328622, 0.025397526501766785, 0.012367491166077738, 0.00530035335689046, 0.003754416961130742, 0.0006625441696113075, 0.0, 0.0, 0.0, 0.0, 0.0, 0.0], [0.0, 0.0, 0.0, 0.0, 0.00039840637450199205, 0.0, 0.0007968127490039841, 0.001195219123505976, 0.0027888446215139444, 0.004581673306772908, 0.01593625498007968, 0.02350597609561753, 0.04243027888446215, 0.06912350597609562, 0.10278884462151394, 0.13247011952191234, 0.16254980079681275, 0.09262948207171315, 0.15159362549800798, 0.05896414342629482, 0.03705179282868526, 0.045816733067729085, 0.017928286852589643, 0.012151394422310757, 0.01593625498007968, 0.004780876494023904, 0.0041832669322709164, 0.00039840637450199205, 0.0, 0.0, 0.0, 0.0], [0.0, 0.0007283321194464676, 0.0007283321194464676, 0.0007283321194464676, 0.0014566642388929353, 0.004369992716678805, 0.008011653313911144, 0.012381646030589949, 0.02986161689730517, 0.049526584122359794, 0.056081573197378005, 0.08011653313911143, 0.09031318281136198, 0.12235979606700656, 0.14056809905316825, 0.11580480699198835, 0.10269482884195193, 0.04734158776402039, 0.07501820830298617, 0.024763292061179897, 0.013109978150036417, 0.01747997086671522, 0.0029133284777858705, 0.0007283321194464676, 0.0029133284777858705, 0.0, 0.0, 0.0, 0.0, 0.0, 0.0, 0.0], [0.0, 0.0, 0.0, 0.0, 0.0, 0.002079002079002079, 0.004158004158004158, 0.02494802494802495, 0.04158004158004158, 0.0395010395010395, 0.07484407484407485, 0.08316008316008316, 0.09147609147609148, 0.08108108108108109, 0.10602910602910603, 0.10602910602910603, 0.13305613305613306, 0.06860706860706861, 0.0498960498960499, 0.04781704781704782, 0.016632016632016633, 0.012474012474012475, 0.004158004158004158, 0.004158004158004158, 0.004158004158004158, 0.004158004158004158, 0.0, 0.0, 0.0, 0.0, 0.0, 0.0], [0.0004314994606256742, 0.0, 0.0, 0.0002157497303128371, 0.0006472491909385113, 0.0012944983818770227, 0.003667745415318231, 0.008845738942826321, 0.014023732470334413, 0.026537216828478965, 0.044444444444444446, 0.06256742179072276, 0.0936353829557713, 0.10377562028047464, 0.14498381877022654, 0.1389428263214671, 0.12491909385113269, 0.07486515641855447, 0.07378640776699029, 0.02740021574973031, 0.018770226537216828, 0.018554476806903992, 0.007551240560949299, 0.004314994606256742, 0.004099244875943905, 0.0006472491909385113, 0.0010787486515641855, 0.0, 0.0, 0.0, 0.0, 0.0], [0.0, 0.0, 0.0, 0.0008550662676357417, 0.0008550662676357417, 0.0, 0.0021376656690893546, 0.0012825994014536127, 0.004275331338178709, 0.017101325352714837, 0.027362120564343735, 0.036340316374519024, 0.05044890979050876, 0.07524583155194528, 0.10944848225737494, 0.12612227447627192, 0.15348439504061565, 0.09063702436938863, 0.11799914493373237, 0.05472424112868747, 0.033347584437793926, 0.0367678495083369, 0.01838392475416845, 0.011970927746900385, 0.022231722958529286, 0.006840530141085934, 0.0017101325352714834, 0.00042753313381787086, 0.0, 0.0, 0.0, 0.0], [0.0, 0.0, 0.0, 0.0, 0.0, 0.00030012004801920766, 0.0012004801920768306, 0.001800720288115246, 0.005402160864345739, 0.013505402160864346, 0.018907563025210083, 0.03481392557022809, 0.05792316926770708, 0.09273709483793517, 0.1167466986794718, 0.14855942376950781, 0.16116446578631452, 0.08913565426170468, 0.12034813925570229, 0.05042016806722689, 0.030312124849939975, 0.029111644657863145, 0.01050420168067227, 0.006002400960384154, 0.0078031212484993995, 0.0027010804321728693, 0.0006002400960384153, 0.0, 0.0, 0.0, 0.0, 0.0], [0.000354421407052986, 0.000177210703526493, 0.000177210703526493, 0.000177210703526493, 0.000354421407052986, 0.001949317738791423, 0.002480949849370902, 0.003898635477582846, 0.007797270955165692, 0.014885699096225412, 0.03597377281587808, 0.0531632110579479, 0.08506113769271664, 0.10490873648768385, 0.13875598086124402, 0.13946482367534999, 0.14052808789650895, 0.09285840864788233, 0.08204855573276626, 0.03934077618288145, 0.020202020202020204, 0.02002480949849371, 0.009392167286904129, 0.002835371256423888, 0.003012581959950381, 0.000177210703526493, 0.0, 0.0, 0.0, 0.0, 0.0, 0.0], [0.0, 0.0, 0.0, 0.0, 0.00129366106080207, 0.00043122035360068997, 0.0008624407072013799, 0.004743423889607589, 0.00517464424320828, 0.009918068132815868, 0.0258732212160414, 0.04225959465286762, 0.06985769728331177, 0.09918068132815869, 0.12548512289780078, 0.16386373436826218, 0.1423027166882277, 0.09831824062095731, 0.08063820612332902, 0.04139715394566624, 0.03234152652005175, 0.0215610176800345, 0.015523932729624839, 0.00517464424320828, 0.009055627425614488, 0.0038809831824062097, 0.0008624407072013799, 0.0, 0.0, 0.0, 0.0, 0.0], [0.0, 0.0, 0.0, 0.0, 0.0, 0.0006711409395973154, 0.0010067114093959733, 0.0026845637583892616, 0.004026845637583893, 0.0063758389261744965, 0.012416107382550336, 0.023154362416107382, 0.03456375838926175, 0.05436241610738255, 0.09798657718120805, 0.12281879194630872, 0.1546979865771812, 0.10805369127516778, 0.14161073825503356, 0.07181208053691275, 0.042281879194630875, 0.06140939597315436, 0.02181208053691275, 0.0174496644295302, 0.014093959731543624, 0.006040268456375839, 0.0006711409395973154, 0.0, 0.0, 0.0, 0.0, 0.0], [0.0, 0.0, 0.0, 0.0, 0.00019565642731363725, 0.00019565642731363725, 0.0009782821365681863, 0.00215222070045001, 0.0037174721189591076, 0.009782821365681862, 0.017413422030913714, 0.039522598317354725, 0.06554490315006847, 0.10741537859518685, 0.13715515554685972, 0.12580708276266875, 0.14224222265701428, 0.08550185873605948, 0.1113285071414596, 0.04774016826452749, 0.030326746233613776, 0.0330659362160047, 0.016826452748972803, 0.005674036392095481, 0.011935042066131872, 0.0033261592643318333, 0.00215222070045001, 0.0, 0.0, 0.0, 0.0, 0.0], [0.0, 0.0, 0.00013381506757660912, 0.0, 0.0, 0.00013381506757660912, 0.0004014452027298274, 0.0014719657433427003, 0.003345376689415228, 0.008965609527632812, 0.018065034122842234, 0.03251706142111602, 0.06235782149069985, 0.09112806101967082, 0.134885588117222, 0.15816940987555198, 0.161247156429814, 0.0967482938578884, 0.12110263615683126, 0.04295463669209153, 0.02141041081225746, 0.02596012310986217, 0.008028904054596548, 0.004148267094874883, 0.004683527365181319, 0.0012043356081894822, 0.0009367054730362638, 0.0, 0.0, 0.0, 0.0, 0.0], [0.0, 0.0, 0.0, 0.0, 0.0, 0.00030998140111593303, 0.0006199628022318661, 0.0009299442033477991, 0.0030998140111593306, 0.008214507129572226, 0.012244265344079356, 0.02727836329820211, 0.04882207067575946, 0.08199008059516429, 0.1309671419714817, 0.16599504029758214, 0.18071915685058895, 0.1074085554866708, 0.1314321140731556, 0.03874767513949163, 0.022008679479231245, 0.025108493490390578, 0.006354618722876628, 0.0018598884066955983, 0.0037197768133911966, 0.0020148791072535648, 0.00015499070055796651, 0.0, 0.0, 0.0, 0.0, 0.0], [0.0, 0.00819672131147541, 0.0, 0.00819672131147541, 0.00819672131147541, 0.02459016393442623, 0.05737704918032787, 0.03278688524590164, 0.10655737704918032, 0.09016393442622951, 0.04918032786885246, 0.05737704918032787, 0.07377049180327869, 0.11475409836065574, 0.05737704918032787, 0.09836065573770492, 0.04918032786885246, 0.04918032786885246, 0.05737704918032787, 0.01639344262295082, 0.0, 0.01639344262295082, 0.01639344262295082, 0.00819672131147541, 0.0, 0.0, 0.0, 0.0, 0.0, 0.0, 0.0, 0.0]]}, "ranks": {"labels": ["Unranked", "Combatatent I", "Combatatent II", "Challenger I", "Challenger II", "Rival I", "Rival II", "Duelist", "Elite"], "data": [[0.1793103448275862, 0.1724137931034483, 0.22758620689655173, 0.2, 0.12413793103448276, 0.07586206896551724, 0.020689655172413793, 0.0, 0.0], [0.07205240174672489, 0.11426491994177583, 0.18850072780203783, 0.27583697234352256, 0.2052401746724891, 0.09388646288209607, 0.020378457059679767, 0.022561863173216887, 0.00727802037845706], [0.01994739149495835, 0.03638754932047348, 0.08965366067514248, 0.17426567295046033, 0.2634809294169224, 0.2235861464270057, 0.07255589653660675, 0.0922840859272249, 0.027838667251205613], [0.03871467286101433, 0.06504065040650407, 0.14576074332171893, 0.24816105303910183, 0.27255129694154084, 0.14208284939992258, 0.04645760743321719, 0.03523035230352303, 0.006000774293457221], [0.25, 0.1346153846153846, 0.23076923076923078, 0.019230769230769232, 0.11538461538461539, 0.15384615384615385, 0.038461538461538464, 0.057692307692307696, 0.0], [0.01616470988599626, 0.04424025863535817, 0.1362940275650842, 0.24587374510804832, 0.2598264420622767, 0.14820486642844988, 0.060575123362259654, 0.0667006976348477, 0.022120129317679087], [0.07629427792915532, 0.12034514078110808, 0.20844686648501362, 0.25204359673024523, 0.18256130790190736, 0.07674841053587647, 0.02815622161671208, 0.03633060853769301, 0.01907356948228883], [0.34057971014492755, 0.2463768115942029, 0.2246376811594203, 0.06521739130434782, 0.07971014492753623, 0.036231884057971016, 0.007246376811594203, 0.0, 0.0], [0.08368200836820083, 0.1661436541143654, 0.23204323570432356, 0.24564156206415622, 0.14382845188284518, 0.06607391910739191, 0.02894002789400279, 0.02806834030683403, 0.005578800557880056], [0.05509641873278237, 0.07988980716253444, 0.16758494031221305, 0.2497704315886134, 0.24793388429752067, 0.12764003673094582, 0.030303030303030304, 0.03673094582185491, 0.005050505050505051], [0.08123393316195372, 0.14832904884318765, 0.212853470437018, 0.26915167095115683, 0.15784061696658097, 0.07223650385604113, 0.02982005141388175, 0.02365038560411311, 0.004884318766066838], [0.03617697384502567, 0.0826203862136397, 0.15032999266682961, 0.25812759716450745, 0.24688340259105354, 0.13639696895624542, 0.04277682718161819, 0.03788804693229039, 0.008799804448790027], [0.05114487481275412, 0.11277551893858336, 0.1767601112775519, 0.2751979456451958, 0.22983094371923818, 0.09287395677295099, 0.030173336186603894, 0.0252514444682217, 0.005991868178900064], [0.012903225806451613, 0.03870967741935484, 0.11863799283154122, 0.23906810035842294, 0.29283154121863797, 0.16774193548387098, 0.06093189964157706, 0.056630824372759854, 0.012544802867383513], [0.04200913242009133, 0.09223744292237443, 0.154337899543379, 0.2310502283105023, 0.23013698630136986, 0.11963470319634703, 0.05114155251141553, 0.053881278538812784, 0.025570776255707764], [0.03707254713966123, 0.07925854905720678, 0.17641418983700863, 0.27037392138063276, 0.2233940556088207, 0.1185682326621924, 0.04218600191754554, 0.04186641099392777, 0.010866091403004154], [0.04045261669024045, 0.0826025459688826, 0.15841584158415842, 0.26393210749646395, 0.24186704384724186, 0.12814710042432814, 0.03224893917963225, 0.03903818953323904, 0.013295615275813296], [0.11904761904761904, 0.14285714285714285, 0.11904761904761904, 0.2619047619047619, 0.14285714285714285, 0.07142857142857142, 0.09523809523809523, 0.047619047619047616, 0.0], [0.01683724001320568, 0.04489930670188181, 0.12826015186530207, 0.25982172334103665, 0.2690656982502476, 0.1406404754044239, 0.0652030373060416, 0.06635853416969296, 0.008913832948167713], [0.012760055478502081, 0.03661581137309293, 0.08321775312066575, 0.18640776699029127, 0.280998613037448, 0.19833564493758668, 0.07933425797503467, 0.08682385575589459, 0.03550624133148405], [0.026102885055716684, 0.056174629827507254, 0.10776980613646772, 0.2298885666310487, 0.2509540528163639, 0.17432453060601436, 0.06838650587696535, 0.06960769348191116, 0.016791329568004883], [0.02099737532808399, 0.05511811023622047, 0.18110236220472442, 0.30183727034120733, 0.29658792650918636, 0.11811023622047244, 0.026246719160104987, 0.0, 0.0], [0.01417494548097892, 0.040344075599709234, 0.10079961230918343, 0.2148049430579113, 0.29210079961230917, 0.19917615701478072, 0.06348437121395686, 0.06203053065180519, 0.013084565059365156], [0.015349935594675826, 0.047230571060541, 0.15607556891369687, 0.31290253327608414, 0.2871404036066982, 0.12290682696436239, 0.0364963503649635, 0.019858308286818376, 0.0020395019321597253], [0.030477031802120143, 0.06868374558303887, 0.1512809187279152, 0.267226148409894, 0.2583922261484099, 0.12632508833922262, 0.050132508833922264, 0.04306537102473498, 0.00441696113074205], [0.009760956175298804, 0.039442231075697214, 0.11155378486055777, 0.23525896414342629, 0.25517928286852587, 0.18466135458167332, 0.06294820717131475, 0.07589641434262948, 0.025298804780876493], [0.10779315367807721, 0.13619810633648943, 0.21267297887836853, 0.2563729060451566, 0.15003641660597233, 0.08667152221412965, 0.026219956300072834, 0.02112163146394756, 0.0029133284777858705], [0.11226611226611227, 0.158004158004158, 0.17255717255717257, 0.21205821205821207, 0.20166320166320167, 0.08108108108108109, 0.033264033264033266, 0.02079002079002079, 0.008316008316008316], [0.05566343042071197, 0.1070118662351672, 0.19741100323624594, 0.28392664509169363, 0.19978425026968716, 0.08888888888888889, 0.031067961165048542, 0.030420711974110032, 0.005825242718446602], [0.026507054296707994, 0.06370243693886277, 0.12569474134245404, 0.23557075673364686, 0.2441214194100043, 0.14792646430098333, 0.05814450619923044, 0.06712270200940573, 0.031209918768704575], [0.02220888355342137, 0.053721488595438176, 0.15066026410564226, 0.2653061224489796, 0.2503001200480192, 0.14915966386554622, 0.05192076830732293, 0.04561824729891957, 0.011104441776710685], [0.03225234804182173, 0.08913698387382597, 0.18996987418040048, 0.27822080453659404, 0.23338649654439128, 0.10668084352294879, 0.03491050859471912, 0.03225234804182173, 0.003189792663476874], [0.02242345838723588, 0.06813281586890901, 0.16903837861147047, 0.28934885726606296, 0.240620957309185, 0.10219922380336352, 0.05217766278568348, 0.04225959465286762, 0.013799051315222079], [0.01476510067114094, 0.03557046979865772, 0.08892617449664429, 0.22080536912751678, 0.262751677852349, 0.18389261744966443, 0.07181208053691275, 0.10067114093959731, 0.02080536912751678], [0.01702210917628644, 0.05693602034826844, 0.17296028174525532, 0.2629622383095285, 0.22774408139307376, 0.13891606339268245, 0.05047935824691841, 0.05556642535707298, 0.017413422030913714], [0.014452027298273785, 0.05058209554395825, 0.15348588251037068, 0.293054997992774, 0.2579954502877024, 0.1450555332530443, 0.040412150408135956, 0.0381372942593336, 0.006824568446407065], [0.013174209547427155, 0.03952262864228146, 0.13081215127092374, 0.29696218226906385, 0.28812771233725976, 0.15235585864848109, 0.039832610043397394, 0.0333230006199628, 0.005889646621202728], [0.3360655737704918, 0.10655737704918032, 0.1885245901639344, 0.1557377049180328, 0.09836065573770492, 0.06557377049180328, 0.00819672131147541, 0.040983606557377046, 0.0]]}, "ranksDetailed": {"labels": ["Unranked", "Combatatant", "Challenger", "Rival", "Duelist", "Elite"], "data": [[0.1793103448275862, 0.4, 0.32413793103448274, 0.09655172413793103, 0.0, 0.0], [0.07205240174672489, 0.3027656477438137, 0.4810771470160116, 0.11426491994177583, 0.022561863173216887, 0.00727802037845706], [0.01994739149495835, 0.12604120999561597, 0.4377466023673827, 0.29614204296361246, 0.0922840859272249, 0.027838667251205613], [0.03871467286101433, 0.21080139372822299, 0.5207123499806426, 0.18854045683313975, 0.03523035230352303, 0.006000774293457221], [0.25, 0.36538461538461536, 0.1346153846153846, 0.19230769230769232, 0.057692307692307696, 0.0], [0.01616470988599626, 0.1805342862004424, 0.5057001871703249, 0.20877998979070955, 0.0667006976348477, 0.022120129317679087], [0.07629427792915532, 0.32879200726612173, 0.43460490463215257, 0.10490463215258855, 0.03633060853769301, 0.01907356948228883], [0.34057971014492755, 0.47101449275362317, 0.14492753623188406, 0.043478260869565216, 0.0, 0.0], [0.08368200836820083, 0.398186889818689, 0.38947001394700137, 0.0950139470013947, 0.02806834030683403, 0.005578800557880056], [0.05509641873278237, 0.2474747474747475, 0.49770431588613406, 0.15794306703397612, 0.03673094582185491, 0.005050505050505051], [0.08123393316195372, 0.36118251928020567, 0.4269922879177378, 0.10205655526992288, 0.02365038560411311, 0.004884318766066838], [0.03617697384502567, 0.23295037888046932, 0.505010999755561, 0.1791737961378636, 0.03788804693229039, 0.008799804448790027], [0.05114487481275412, 0.28953563021613526, 0.505028889364434, 0.1230472929595549, 0.0252514444682217, 0.005991868178900064], [0.012903225806451613, 0.15734767025089605, 0.5318996415770609, 0.22867383512544803, 0.056630824372759854, 0.012544802867383513], [0.04200913242009133, 0.2465753424657534, 0.4611872146118721, 0.17077625570776256, 0.053881278538812784, 0.025570776255707764], [0.03707254713966123, 0.2556727388942154, 0.4937679769894535, 0.16075423457973795, 0.04186641099392777, 0.010866091403004154], [0.04045261669024045, 0.24101838755304103, 0.5057991513437058, 0.1603960396039604, 0.03903818953323904, 0.013295615275813296], [0.11904761904761904, 0.2619047619047619, 0.40476190476190477, 0.16666666666666666, 0.047619047619047616, 0.0], [0.01683724001320568, 0.1731594585671839, 0.5288874215912842, 0.2058435127104655, 0.06635853416969296, 0.008913832948167713], [0.012760055478502081, 0.11983356449375866, 0.46740638002773927, 0.27766990291262134, 0.08682385575589459, 0.03550624133148405], [0.026102885055716684, 0.16394443596397495, 0.48084261944741263, 0.2427110364829797, 0.06960769348191116, 0.016791329568004883], [0.02099737532808399, 0.23622047244094488, 0.5984251968503937, 0.14435695538057744, 0.0, 0.0], [0.01417494548097892, 0.14114368790889265, 0.5069057426702205, 0.2626605282287376, 0.06203053065180519, 0.013084565059365156], [0.015349935594675826, 0.20330613997423788, 0.6000429368827823, 0.15940317732932588, 0.019858308286818376, 0.0020395019321597253], [0.030477031802120143, 0.21996466431095407, 0.5256183745583038, 0.17645759717314488, 0.04306537102473498, 0.00441696113074205], [0.009760956175298804, 0.15099601593625497, 0.4904382470119522, 0.24760956175298804, 0.07589641434262948, 0.025298804780876493], [0.10779315367807721, 0.348871085214858, 0.4064093226511289, 0.11289147851420248, 0.02112163146394756, 0.0029133284777858705], [0.11226611226611227, 0.3305613305613306, 0.41372141372141374, 0.11434511434511435, 0.02079002079002079, 0.008316008316008316], [0.05566343042071197, 0.30442286947141317, 0.4837108953613808, 0.11995685005393743, 0.030420711974110032, 0.005825242718446602], [0.026507054296707994, 0.1893971782813168, 0.4796921761436511, 0.20607097050021378, 0.06712270200940573, 0.031209918768704575], [0.02220888355342137, 0.20438175270108044, 0.5156062424969988, 0.20108043217286914, 0.04561824729891957, 0.011104441776710685], [0.03225234804182173, 0.27910685805422647, 0.5116073010809853, 0.1415913521176679, 0.03225234804182173, 0.003189792663476874], [0.02242345838723588, 0.23717119448037946, 0.5299698145752479, 0.154376886589047, 0.04225959465286762, 0.013799051315222079], [0.01476510067114094, 0.12449664429530201, 0.4835570469798658, 0.2557046979865772, 0.10067114093959731, 0.02080536912751678], [0.01702210917628644, 0.22989630209352377, 0.49070631970260226, 0.18939542163960085, 0.05556642535707298, 0.017413422030913714], [0.014452027298273785, 0.2040679780543289, 0.5510504482804763, 0.18546768366118024, 0.0381372942593336, 0.006824568446407065], [0.013174209547427155, 0.1703347799132052, 0.5850898946063237, 0.1921884686918785, 0.0333230006199628, 0.005889646621202728], [0.3360655737704918, 0.29508196721311475, 0.2540983606557377, 0.07377049180327869, 0.040983606557377046, 0.0]]}}}, "eu": {"histType": {"histogram": {"labels": ["0", "100", "200", "300", "400", "500", "600", "700", "800", "900", "1000", "1100", "1200", "1300", "1400", "1500", "1600", "1700", "1800", "1900", "2000", "2100", "2200", "2300", "2400", "2500", "2600", "2700", "2800", "2900", "3000", "3100"], "data": [[0.0, 0.0, 0.0, 0.0, 0.0, 0.009523809523809525, 0.01904761904761905, 0.02857142857142857, 0.10476190476190476, 0.06666666666666667, 0.10476190476190476, 0.06666666666666667, 0.09523809523809523, 0.11428571428571428, 0.0761904761904762, 0.09523809523809523, 0.06666666666666667, 0.05714285714285714, 0.05714285714285714, 0.0, 0.0, 0.02857142857142857, 0.009523809523809525, 0.0, 0.0, 0.0, 0.0, 0.0, 0.0, 0.0, 0.0, 0.0], [0.0, 0.0, 0.0015748031496062992, 0.0007874015748031496, 0.0015748031496062992, 0.003937007874015748, 0.008661417322834646, 0.007874015748031496, 0.025984251968503937, 0.03385826771653543, 0.04409448818897638, 0.08110236220472442, 0.08503937007874016, 0.1188976377952756, 0.1346456692913386, 0.12992125984251968, 0.131496062992126, 0.07007874015748032, 0.05905511811023622, 0.025196850393700787, 0.009448818897637795, 0.014960629921259842, 0.005511811023622047, 0.002362204724409449, 0.003937007874015748, 0.0, 0.0, 0.0, 0.0, 0.0, 0.0, 0.0], [0.0, 0.0, 0.0, 0.00023969319271332693, 0.00023969319271332693, 0.00023969319271332693, 0.0007190795781399808, 0.0023969319271332696, 0.0074304889741131355, 0.007909875359539789, 0.016059443911792905, 0.02588686481303931, 0.034995206136145734, 0.04937679769894535, 0.07813998082454458, 0.09827420901246404, 0.15891658676893577, 0.1076222435282838, 0.17785234899328858, 0.0649568552253116, 0.04793863854266539, 0.060882070949185046, 0.02037392138063279, 0.011265580057526366, 0.01797698945349952, 0.005752636625119847, 0.0021572387344199425, 0.0023969319271332696, 0.0, 0.0, 0.0, 0.0], [0.0, 0.00017708517797060386, 0.0, 0.00017708517797060386, 0.00017708517797060386, 0.0003541703559412077, 0.0012395962457942271, 0.004250044271294493, 0.007083407118824154, 0.014520984593589517, 0.02886488400920843, 0.04214627235700372, 0.06127147157782894, 0.07667788206127148, 0.11298034354524526, 0.14290773862227732, 0.1616787674871613, 0.11244908801133345, 0.12112626173189305, 0.04887550911988667, 0.022312732424296086, 0.021427306534443066, 0.007968833008677173, 0.004250044271294493, 0.004250044271294493, 0.0017708517797060386, 0.0008854258898530193, 0.00017708517797060386, 0.0, 0.0, 0.0, 0.0], [0.0, 0.0, 0.0, 0.0, 0.0, 0.0, 0.0392156862745098, 0.058823529411764705, 0.09803921568627451, 0.0784313725490196, 0.09803921568627451, 0.09803921568627451, 0.0784313725490196, 0.0392156862745098, 0.13725490196078433, 0.0784313725490196, 0.0392156862745098, 0.0196078431372549, 0.0196078431372549, 0.0784313725490196, 0.0, 0.0196078431372549, 0.0, 0.0196078431372549, 0.0, 0.0, 0.0, 0.0, 0.0, 0.0, 0.0, 0.0], [0.0, 0.00016857720836142953, 0.00016857720836142953, 0.00033715441672285906, 0.0005057316250842886, 0.00016857720836142953, 0.00016857720836142953, 0.0026972353337828725, 0.004383007417397168, 0.007923128792987188, 0.01803776129467296, 0.024949426837491573, 0.04888739042481457, 0.07636547538772757, 0.11058664868509778, 0.12643290627107215, 0.14851652056641942, 0.10350640593391773, 0.12525286581254214, 0.06321645313553607, 0.033884018880647335, 0.051921780175320294, 0.019386378961564397, 0.008260283209710046, 0.013823331085637222, 0.006237356709372893, 0.0026972353337828725, 0.0015171948752528658, 0.0, 0.0, 0.0, 0.0], [0.0, 0.00042753313381787086, 0.00042753313381787086, 0.0012825994014536127, 0.0012825994014536127, 0.002992731936725096, 0.00470286447199658, 0.01410859341598974, 0.025651988029072252, 0.035057716973065416, 0.04959384352287302, 0.07225309961522018, 0.08892689183411714, 0.10517315091919624, 0.10987601539119282, 0.1188542112013681, 0.11842667806755024, 0.06241983753740915, 0.0645575032064985, 0.030782385634886705, 0.021376656690893545, 0.02479692176143651, 0.010260795211628902, 0.00940572894399316, 0.012825994014536126, 0.006840530141085934, 0.005985463873450192, 0.0017101325352714834, 0.0, 0.0, 0.0, 0.0], [0.0, 0.0, 0.0, 0.0, 0.0, 0.02127659574468085, 0.0, 0.0851063829787234, 0.031914893617021274, 0.0851063829787234, 0.0851063829787234, 0.11702127659574468, 0.0851063829787234, 0.0425531914893617, 0.11702127659574468, 0.20212765957446807, 0.06382978723404255, 0.010638297872340425, 0.031914893617021274, 0.02127659574468085, 0.0, 0.0, 0.0, 0.0, 0.0, 0.0, 0.0, 0.0, 0.0, 0.0, 0.0, 0.0], [0.0005203816131830009, 0.0003469210754553339, 0.0006938421509106678, 0.0006938421509106678, 0.0006938421509106678, 0.0015611448395490026, 0.0046834345186470075, 0.01144839549002602, 0.027059843885516046, 0.04180398959236774, 0.07163920208152645, 0.09453599306157849, 0.11951431049436254, 0.12107545533391154, 0.11899392888117953, 0.10650477016478752, 0.09141370338248049, 0.053946227233304424, 0.04995663486556808, 0.029835212489158717, 0.01925411968777103, 0.01699913269731136, 0.006591500433651344, 0.004856895056374675, 0.004336513443191674, 0.0008673026886383347, 0.00017346053772766696, 0.0, 0.0, 0.0, 0.0, 0.0], [0.0, 0.0, 0.0005903187721369539, 0.0, 0.0, 0.0005903187721369539, 0.0011806375442739079, 0.009445100354191263, 0.014167650531286895, 0.01948051948051948, 0.046635182998819365, 0.048996458087367176, 0.06729634002361275, 0.09976387249114523, 0.11865407319952774, 0.12455726092089728, 0.15053128689492326, 0.08382526564344746, 0.10861865407319952, 0.027744982290436836, 0.03128689492325856, 0.025974025974025976, 0.011806375442739079, 0.0035419126328217238, 0.0029515938606847697, 0.0017709563164108619, 0.0005903187721369539, 0.0, 0.0, 0.0, 0.0, 0.0], [0.00031387319522912746, 0.00031387319522912746, 0.0, 0.0012554927809165098, 0.001569365976145637, 0.002197112366603892, 0.003138731952291274, 0.01098556183301946, 0.023854362837413684, 0.037037037037037035, 0.061519146264908973, 0.08662900188323917, 0.10451977401129943, 0.10891399874450722, 0.13873195229127433, 0.11456371625863151, 0.09918392969240426, 0.05555555555555555, 0.06340238543628374, 0.02919020715630885, 0.018518518518518517, 0.020087884494664157, 0.006277463904582548, 0.004394224733207784, 0.005963590709353421, 0.0018832391713747645, 0.0, 0.0, 0.0, 0.0, 0.0, 0.0], [0.0, 0.0, 0.0, 0.0, 0.0005200208008320333, 0.00078003120124805, 0.0018200728029121164, 0.005200208008320333, 0.012220488819552781, 0.021320852834113363, 0.0343213728549142, 0.046021840873634944, 0.0720228809152366, 0.08216328653146125, 0.12350494019760791, 0.12350494019760791, 0.1453458138325533, 0.0904836193447738, 0.11076443057722309, 0.050182007280291215, 0.02418096723868955, 0.029641185647425898, 0.01170046801872075, 0.003640145605824233, 0.0078003120124804995, 0.0010400416016640667, 0.00078003120124805, 0.00078003120124805, 0.0, 0.0, 0.00026001040041601667, 0.0], [0.0, 0.0, 0.0002532286654849329, 0.0005064573309698658, 0.0002532286654849329, 0.0017726006583945303, 0.002785515320334262, 0.008863003291972652, 0.014687262598126107, 0.022537351228159027, 0.04380855912889339, 0.06