{"region": {"us": {"histType": {"histogram": {"labels": ["0", "100", "200", "300", "400", "500", "600", "700", "800", "900", "1000", "1100", "1200", "1300", "1400", "1500", "1600", "1700", "1800", "1900", "2000", "2100", "2200", "2300", "2400", "2500", "2600", "2700", "2800", "2900", "3000", "3100", "3200"], "data": [[0.0, 0.0, 0.0033277870216306157, 0.0066555740432612314, 0.0033277870216306157, 0.0033277870216306157, 0.014975041597337771, 0.016638935108153077, 0.03993344425956739, 0.04492512479201331, 0.08485856905158069, 0.10316139767054909, 0.11480865224625623, 0.11813643926788686, 0.12479201331114809, 0.10316139767054909, 0.07487520798668885, 0.04492512479201331, 0.048252911813643926, 0.021630615640599003, 0.011647254575707155, 0.008319467554076539, 0.0033277870216306157, 0.0016638935108153079, 0.0033277870216306157, 0.0, 0.0, 0.0, 0.0, 0.0, 0.0, 0.0, 0.0], [0.0, 0.0002789400278940028, 0.0, 0.0002789400278940028, 0.0011157601115760112, 0.0019525801952580196, 0.005578800557880056, 0.009205020920502092, 0.015899581589958158, 0.026778242677824266, 0.03905160390516039, 0.056624825662482565, 0.08145048814504881, 0.09232914923291492, 0.12580195258019525, 0.13333333333333333, 0.1500697350069735, 0.08089260808926081, 0.10683403068340307, 0.03626220362622036, 0.01506276150627615, 0.007531380753138075, 0.005578800557880056, 0.002510460251046025, 0.002510460251046025, 0.0005578800557880056, 0.001394700139470014, 0.0011157601115760112, 0.0, 0.0, 0.0, 0.0, 0.0], [0.0001152604887044721, 0.0, 0.0, 0.0002305209774089442, 0.0002305209774089442, 0.0002305209774089442, 0.0002305209774089442, 0.0005763024435223605, 0.0026509912402028586, 0.003342554172429691, 0.005186721991701245, 0.007491931765790687, 0.012102351313969572, 0.019363762102351315, 0.025357307514983864, 0.03941908713692946, 0.1504149377593361, 0.1496081143384048, 0.32757030889810973, 0.08586906408483172, 0.05025357307514984, 0.05797602581834947, 0.022014753342554174, 0.008875057630244352, 0.019248501613646843, 0.00599354541263255, 0.003573075149838635, 0.0016136468418626094, 0.0, 0.0004610419548178884, 0.0, 0.0, 0.0], [0.0, 0.0, 0.0, 0.0, 0.00011200716845878136, 0.00011200716845878136, 0.0007840501792114696, 0.0017921146953405018, 0.004704301075268817, 0.007952508960573477, 0.011648745519713262, 0.013328853046594981, 0.025761648745519714, 0.0294578853046595, 0.043682795698924734, 0.05264336917562724, 0.07403673835125447, 0.045810931899641576, 0.31586021505376344, 0.13384856630824374, 0.08019713261648745, 0.08288530465949821, 0.029345878136200716, 0.010864695340501792, 0.020945340501792115, 0.006720430107526882, 0.004592293906810036, 0.002688172043010753, 0.00022401433691756272, 0.0, 0.0, 0.0, 0.0], [0.0, 0.0, 0.0, 0.0, 0.011494252873563218, 0.011494252873563218, 0.028735632183908046, 0.028735632183908046, 0.05172413793103448, 0.05172413793103448, 0.06321839080459771, 0.09195402298850575, 0.09770114942528736, 0.11494252873563218, 0.10344827586206896, 0.09770114942528736, 0.05747126436781609, 0.05747126436781609, 0.06321839080459771, 0.022988505747126436, 0.028735632183908046, 0.011494252873563218, 0.005747126436781609, 0.0, 0.0, 0.0, 0.0, 0.0, 0.0, 0.0, 0.0, 0.0, 0.0], [0.0, 0.0, 0.0, 0.0, 0.0, 0.0, 0.0, 0.0013516323559991683, 0.0013516323559991683, 0.0047826991058432106, 0.00727802037845706, 0.026928675400291122, 0.05416926595965897, 0.08827199001871491, 0.11499272197962154, 0.13817841547099188, 0.1648991474318985, 0.10106051154086089, 0.13547515075899355, 0.05271366188396756, 0.03077562902890414, 0.036805988771054274, 0.015075899355375337, 0.007070076939072572, 0.009981285090455396, 0.0047826991058432106, 0.0027032647119983365, 0.0008317737575379496, 0.0004158868787689748, 0.0, 0.0001039717196922437, 0.0, 0.0], [0.0, 0.00043535045711797995, 0.00043535045711797995, 0.0021767522855899, 0.0017414018284719198, 0.0034828036569438396, 0.006965607313887679, 0.013060513713539399, 0.02133217239878102, 0.037004788855028295, 0.047670875054418804, 0.06813234653896387, 0.0977361776229865, 0.11123204179364388, 0.11710927296473661, 0.12276882890727035, 0.11689159773617762, 0.06835002176752286, 0.07161515019590771, 0.028297779712668697, 0.018067043970396168, 0.016760992599042228, 0.00914235959947758, 0.00457117979973879, 0.006965607313887679, 0.0030474531998258597, 0.0030474531998258597, 0.00130605137135394, 0.00021767522855898998, 0.0, 0.00043535045711797995, 0.0, 0.0], [0.0029239766081871343, 0.0, 0.0, 0.008771929824561403, 0.008771929824561403, 0.023391812865497075, 0.014619883040935672, 0.04093567251461988, 0.06140350877192982, 0.1023391812865497, 0.11403508771929824, 0.13157894736842105, 0.1111111111111111, 0.09649122807017543, 0.07309941520467836, 0.07017543859649122, 0.043859649122807015, 0.02046783625730994, 0.03508771929824561, 0.03216374269005848, 0.0029239766081871343, 0.0, 0.0029239766081871343, 0.0029239766081871343, 0.0, 0.0, 0.0, 0.0, 0.0, 0.0, 0.0, 0.0, 0.0], [0.00030596634370219276, 0.0002039775624681285, 0.0005099439061703213, 0.00030596634370219276, 0.0005099439061703213, 0.001223865374808771, 0.0015298317185109638, 0.004283528811830699, 0.007649158592554819, 0.01601223865374809, 0.026007139214686385, 0.03467618561958185, 0.042121366649668535, 0.048036715961244265, 0.060785313615502296, 0.1372768995410505, 0.1774604793472718, 0.1223865374808771, 0.13023967363590006, 0.05945945945945946, 0.03773584905660377, 0.03630800611932687, 0.018867924528301886, 0.012442631310555839, 0.015400305966343703, 0.004283528811830699, 0.0029576746557878632, 0.0006119326874043855, 0.000407955124936257, 0.0, 0.0, 0.0, 0.0], [0.0, 0.0, 0.0, 0.0, 0.0007920792079207921, 0.00039603960396039607, 0.0015841584158415843, 0.001188118811881188, 0.002376237623762376, 0.008316831683168317, 0.013069306930693069, 0.016633663366336635, 0.022574257425742573, 0.03643564356435643, 0.0594059405940594, 0.07485148514851485, 0.100990099009901, 0.0895049504950495, 0.1794059405940594, 0.06891089108910892, 0.07524752475247524, 0.09821782178217822, 0.043168316831683165, 0.018217821782178217, 0.049900990099009904, 0.014653465346534653, 0.010693069306930694, 0.009504950495049505, 0.002772277227722772, 0.001188118811881188, 0.0, 0.0, 0.0], [0.0, 0.0, 0.0001990049751243781, 0.0, 0.0011940298507462687, 0.0007960199004975124, 0.0027860696517412937, 0.003383084577114428, 0.00835820895522388, 0.016119402985074627, 0.02407960199004975, 0.03283582089552239, 0.056716417910447764, 0.06845771144278608, 0.10527363184079602, 0.12955223880597014, 0.15064676616915423, 0.09651741293532339, 0.13751243781094527, 0.05950248756218905, 0.036019900497512435, 0.03164179104477612, 0.01373134328358209, 0.008159203980099502, 0.009154228855721393, 0.003383084577114428, 0.0027860696517412937, 0.0009950248756218905, 0.0001990049751243781, 0.0, 0.0, 0.0, 0.0], [0.0, 0.0004610419548178884, 0.0012294452128477024, 0.0013831258644536654, 0.0012294452128477024, 0.0029199323805132933, 0.006915629322268326, 0.012294452128477025, 0.02120792992162287, 0.03780544029506685, 0.06208698324880897, 0.07668664515137544, 0.10219763331796526, 0.12156139542031658, 0.13570001536806517, 0.12017826955586292, 0.10926694329183956, 0.05870600891347779, 0.05901337021668972, 0.024896265560165973, 0.015368065160596281, 0.013216536038112802, 0.006300906715844475, 0.003995696941755033, 0.0026125710773013677, 0.001690487167665591, 0.0010757645612417396, 0.0, 0.0, 0.0, 0.0, 0.0, 0.0], [0.0, 0.0, 0.0, 0.0, 0.00012436264146250465, 0.0004974505658500186, 0.00186543962193757, 0.0019898022634000745, 0.004477055092650168, 0.0053475935828877, 0.013431165277950503, 0.01977365999253824, 0.02798159432906355, 0.033702275836338766, 0.04937196866061435, 0.13456037806243004, 0.20718816067653276, 0.13704763089168015, 0.18256435766695683, 0.06578783733366497, 0.03706006715582639, 0.03544335281681383, 0.015669692824275588, 0.008705384902375327, 0.0106951871657754, 0.0034821539609501307, 0.0023628901877875887, 0.000373087924387514, 0.0004974505658500186, 0.0, 0.0, 0.0, 0.0], [0.00020157226365652087, 0.0, 0.0, 0.00010078613182826043, 0.00010078613182826043, 0.0003023583954847813, 0.0013102197137673855, 0.0018141503729086877, 0.004132231404958678, 0.009877040919169522, 0.01622656722434993, 0.03729086877645636, 0.07175972586172143, 0.09796412013706914, 0.12467244507155816, 0.13031646845394074, 0.14916347510582545, 0.09786333400524087, 0.11882684942551905, 0.04948599072767587, 0.028724047571054224, 0.028925619834710745, 0.01148961902842169, 0.005039306591413021, 0.00715581535980649, 0.0031243700866760734, 0.0022172949002217295, 0.0005039306591413022, 0.0007055029227978231, 0.0006047167909695626, 0.00010078613182826043, 0.0, 0.0], [0.0, 0.0, 0.0, 0.00020108586366378444, 0.0004021717273275689, 0.0006032575909913533, 0.0010054293183189222, 0.0020108586366378444, 0.004423889000603257, 0.0070380052282324555, 0.015483611502111402, 0.02674441986728333, 0.047858435551980695, 0.06655942087271265, 0.09973858837723708, 0.12045043233460688, 0.1612708626583551, 0.12004826060727931, 0.14900462497486427, 0.06615724914538508, 0.04082043032374824, 0.03458676855017092, 0.013874924592801126, 0.006434747637241102, 0.009249949728534084, 0.003217373818620551, 0.0016086869093102755, 0.0004021717273275689, 0.0, 0.0008043434546551378, 0.0, 0.0, 0.0], [0.0, 0.0, 0.0002701972439881113, 0.0005403944879762226, 0.0013509862199405566, 0.002431775195893002, 0.0016211834639286678, 0.0045933531477978925, 0.011888678735476898, 0.019454201567144017, 0.029721696838692246, 0.046744123209943256, 0.06998108619292083, 0.08862469602810051, 0.10915968657119697, 0.12320994325857876, 0.1332072412861389, 0.10159416373952986, 0.10132396649554175, 0.04512293974601459, 0.03080248581464469, 0.03134288030262091, 0.01621183463928668, 0.006754931099702783, 0.013509862199405566, 0.005674142123750338, 0.0021615779519048904, 0.0018913807079167792, 0.0005403944879762226, 0.0002701972439881113, 0.0, 0.0, 0.0], [0.00019860973187686197, 0.00019860973187686197, 0.0007944389275074479, 0.0009930486593843098, 0.00039721946375372393, 0.0013902681231380337, 0.0027805362462760674, 0.007149950347567031, 0.012313803376365442, 0.019463753723932473, 0.03435948361469712, 0.05422045680238332, 0.07567030784508441, 0.10327706057596822, 0.12274081429990069, 0.12472691161866932, 0.13386295928500497, 0.08341608738828203, 0.10923535253227408, 0.0407149950347567, 0.022840119165839126, 0.02323733862959285, 0.009533267130089375, 0.004766633565044687, 0.005561072492552135, 0.0021847070506454814, 0.0015888778550148957, 0.0013902681231380337, 0.00039721946375372393, 0.0005958291956305859, 0.0, 0.0, 0.0], [0.0, 0.0, 0.0001225940909648155, 0.000245188181929631, 0.0003677822728944465, 0.0001225940909648155, 0.0008581586367537085, 0.0018389113644722325, 0.0028196640921907563, 0.006374892730170406, 0.01250459727841118, 0.018389113644722323, 0.07784724776265783, 0.10248866004658576, 0.1290915777859507, 0.1369375996076989, 0.1565526541620694, 0.09697192595316906, 0.14600956233909526, 0.039965673654529854, 0.02182174819173716, 0.022434718646561234, 0.009194556822361161, 0.005516734093416698, 0.006865269094029668, 0.001716317273507417, 0.0020840995464018633, 0.0003677822728944465, 0.0001225940909648155, 0.0003677822728944465, 0.0, 0.0, 0.0], [0.0, 0.0, 0.0, 0.007194244604316547, 0.014388489208633094, 0.007194244604316547, 0.0, 0.02877697841726619, 0.02877697841726619, 0.09352517985611511, 0.04316546762589928, 0.09352517985611511, 0.07194244604316546, 0.08633093525179857, 0.050359712230215826, 0.10071942446043165, 0.10071942446043165, 0.09352517985611511, 0.04316546762589928, 0.02158273381294964, 0.02158273381294964, 0.02158273381294964, 0.03597122302158273, 0.0, 0.007194244604316547, 0.014388489208633094, 0.0, 0.014388489208633094, 0.0, 0.0, 0.0, 0.0, 0.0], [0.00021372088053002778, 0.00010686044026501389, 0.0, 0.0, 0.0, 0.00010686044026501389, 0.00021372088053002778, 0.0009617439623851251, 0.0023509296858303056, 0.004701859371660611, 0.007693951699081001, 0.010686044026501388, 0.022440692455652916, 0.030668946356058987, 0.11519555460568498, 0.17941867920495833, 0.20132506945928616, 0.13186578328702714, 0.13293438768967727, 0.061551613592648005, 0.031630690318444114, 0.03419534088480444, 0.012930113272066682, 0.005022440692455653, 0.007907672579611029, 0.002671511006625347, 0.0022440692455652916, 0.0003205813207950417, 0.0006411626415900834, 0.0, 0.0, 0.0, 0.0], [0.0, 0.0, 0.0, 0.000117096018735363, 0.0, 0.000117096018735363, 0.001053864168618267, 0.000351288056206089, 0.001288056206088993, 0.002224824355971897, 0.004566744730679157, 0.00702576112412178, 0.0117096018735363, 0.04203747072599531, 0.08208430913348946, 0.11826697892271663, 0.16533957845433256, 0.1379391100702576, 0.18278688524590164, 0.08220140515222482, 0.052224824355971894, 0.052107728337236536, 0.019320843091334895, 0.009836065573770493, 0.016159250585480095, 0.005620608899297424, 0.003044496487119438, 0.001405152224824356, 0.000468384074941452, 0.000234192037470726, 0.000468384074941452, 0.0, 0.0], [0.00018869704689121616, 9.434852344560808e-05, 0.0, 0.00018869704689121616, 0.00018869704689121616, 0.0005660911406736484, 0.0007547881875648646, 0.0017926219454665535, 0.0030191527502594585, 0.005660911406736484, 0.010472686102462497, 0.013586187376167564, 0.0175488253608831, 0.02509670723653175, 0.11067081800169827, 0.12416265685442023, 0.15171242570053778, 0.12812529483913576, 0.17350693461647326, 0.08029059345221247, 0.049249929238607416, 0.0514199452778564, 0.020756675158033776, 0.010189640532125671, 0.014624021134069251, 0.0034908953674874987, 0.0017926219454665535, 0.0003773940937824323, 0.00047174261722804036, 0.0, 0.0, 0.0, 0.0], [0.0, 0.0, 0.0, 0.0015290519877675841, 0.0015290519877675841, 0.0, 0.0015290519877675841, 0.00764525993883792, 0.00764525993883792, 0.00764525993883792, 0.016819571865443424, 0.02599388379204893, 0.04434250764525994, 0.09021406727828746, 0.12079510703363915, 0.172782874617737, 0.16819571865443425, 0.11314984709480122, 0.12844036697247707, 0.05045871559633028, 0.022935779816513763, 0.01529051987767584, 0.0030581039755351682, 0.0, 0.0, 0.0, 0.0, 0.0, 0.0, 0.0, 0.0, 0.0, 0.0], [0.0, 0.0, 0.0, 8.713078330574191e-05, 0.0, 8.713078330574191e-05, 0.0002613923499172258, 0.0007841770497516772, 0.0016554848828090965, 0.004705062298510063, 0.007493247364293805, 0.012895355929249805, 0.02134704190990677, 0.027359065958002964, 0.040777206587087216, 0.048967500217826955, 0.19360460050535855, 0.1435915308878627, 0.23786703842467544, 0.08756643722227063, 0.04940315413435567, 0.06892044959484185, 0.020562864860155093, 0.007841770497516772, 0.014289448462141675, 0.00496645464842729, 0.003136708199006709, 0.0013069617495861288, 0.0002613923499172258, 0.0002613923499172258, 0.0, 0.0, 0.0], [9.616309260505818e-05, 9.616309260505818e-05, 9.616309260505818e-05, 0.0, 0.0003846523704202327, 0.0003846523704202327, 0.0002884892778151745, 0.0009616309260505818, 0.0010577940186556399, 0.005192807000673142, 0.009616309260505818, 0.01904029233580152, 0.033657082411770366, 0.044619674968747, 0.06625637080488508, 0.0781805942879123, 0.15972689681700164, 0.1846331378017117, 0.20732762765650542, 0.08423886912203096, 0.04173478219059525, 0.036157322819501875, 0.01269352822386768, 0.005192807000673142, 0.0052889700932782, 0.0021155880373112798, 0.000576978555630349, 0.0003846523704202327, 0.0, 0.0, 0.0, 0.0, 0.0], [0.0, 0.00010997470581766194, 0.0, 0.00010997470581766194, 0.00021994941163532388, 0.0005498735290883097, 0.001539645881447267, 0.00395908940943583, 0.0059386341141537445, 0.0124271417573958, 0.021884966457714726, 0.03651160233146376, 0.054877378203013305, 0.077422192895634, 0.09985703288243704, 0.131419773452106, 0.15550423402617397, 0.10898493346530298, 0.13658858462553614, 0.0589464423182668, 0.035081931155834155, 0.031012867040580667, 0.01308698999230177, 0.006048608819971406, 0.005168811173430111, 0.001979544704717915, 0.00043989882327064776, 0.0003299241174529858, 0.0, 0.0, 0.0, 0.0, 0.0], [0.0, 0.0, 0.0, 0.0, 0.0005069708491761723, 0.0005069708491761723, 0.0012674271229404308, 0.0016476552598225602, 0.004816223067173638, 0.008238276299112801, 0.01634980988593156, 0.026362484157160963, 0.04081115335868188, 0.06692015209125475, 0.09898605830164765, 0.12686945500633715, 0.15272496831432192, 0.0982256020278834, 0.16856780735107732, 0.060963244613434726, 0.03561470215462611, 0.04093789607097592, 0.016730038022813688, 0.007984790874524715, 0.012040557667934094, 0.004309252217997465, 0.0038022813688212928, 0.0020278833967046894, 0.0012674271229404308, 0.0005069708491761723, 0.0010139416983523447, 0.0, 0.0], [0.0, 0.00019043991620643687, 0.00019043991620643687, 0.00038087983241287375, 0.0011426394972386211, 0.0011426394972386211, 0.00304703865930299, 0.009521995810321843, 0.016568272709960006, 0.026280708436488286, 0.04551513997333841, 0.06151209293467911, 0.07922300514187773, 0.10112359550561797, 0.12740430394210628, 0.11750142829937155, 0.1441630165682727, 0.0733193677394782, 0.10378975433250809, 0.028756427347171966, 0.020186631117882308, 0.01885355170443725, 0.008379356313083222, 0.0036183584079223004, 0.005332317653780233, 0.0005713197486193106, 0.0017139592458579318, 0.00038087983241287375, 0.00019043991620643687, 0.0, 0.0, 0.0, 0.0], [0.0, 0.0, 0.0002894356005788712, 0.0008683068017366136, 0.0026049204052098407, 0.001447178002894356, 0.0034732272069464545, 0.008104196816208394, 0.013024602026049204, 0.01447178002894356, 0.02923299565846599, 0.042257597684515195, 0.0573082489146165, 0.08277858176555716, 0.11606367583212736, 0.1305354558610709, 0.14963820549927642, 0.1024602026049204, 0.11056439942112879, 0.047178002894356, 0.022286541244573084, 0.022575976845151953, 0.013314037626628075, 0.007525325615050651, 0.01186685962373372, 0.0037626628075253256, 0.0026049204052098407, 0.0037626628075253256, 0.0, 0.0, 0.0, 0.0, 0.0], [0.00022411474675033618, 0.0, 0.0, 0.0, 0.00044822949350067237, 0.00044822949350067237, 0.0017929179740026895, 0.003585835948005379, 0.004930524428507396, 0.009748991483639623, 0.03843567906768265, 0.05636485880770955, 0.08000896458987002, 0.1137382339757956, 0.14208874943971314, 0.14500224114746751, 0.1337965038099507, 0.07474226804123711, 0.09188704616763783, 0.03384132675930076, 0.021402958314657106, 0.022411474675033616, 0.009748991483639623, 0.004818467055132228, 0.006387270282384581, 0.0016808606006275212, 0.001344688480502017, 0.0007844016136261766, 0.0, 0.00033617212012550425, 0.0, 0.0, 0.0], [0.0, 0.0, 0.0, 0.0002871500358937545, 0.00014357501794687725, 0.00014357501794687725, 0.0014357501794687725, 0.00043072505384063173, 0.0021536252692031586, 0.004737975592246949, 0.016511127063890883, 0.031155778894472363, 0.05585068198133525, 0.08226848528356066, 0.10251256281407035, 0.12950466618808326, 0.14860014357501794, 0.10165111270638909, 0.14414931801866476, 0.05728643216080402, 0.032160804020100506, 0.0384781048097631, 0.016080402010050253, 0.007322325915290739, 0.01306532663316583, 0.004881550610193826, 0.004450825556353195, 0.003015075376884422, 0.0008614501076812635, 0.000574300071787509, 0.0002871500358937545, 0.0, 0.0], [0.0, 0.0, 0.0, 0.0, 0.0009036688957166094, 0.0012651364540032532, 0.0023495391288631843, 0.004518344478583047, 0.0072293511657328755, 0.018615579251762153, 0.028194469546358215, 0.0404843665281041, 0.06994397252846557, 0.0891017531176577, 0.11566961865172601, 0.13103198987890838, 0.14223748418579432, 0.09470450027110067, 0.12542924272546538, 0.04717151635640701, 0.027833001988071572, 0.02421832640520513, 0.010121091632026026, 0.004156876920296404, 0.005602747153442979, 0.0009036688957166094, 0.003976143141153081, 0.003253208024579794, 0.0007229351165732876, 0.0003614675582866438, 0.0, 0.0, 0.0], [0.00011304544426859598, 0.00011304544426859598, 0.0, 0.0, 0.00011304544426859598, 0.0010174089984173638, 0.0006782726656115759, 0.0023739543296405156, 0.0028261361067148994, 0.005765317657698395, 0.014130680533574497, 0.021817770743839022, 0.036061496721682115, 0.04340945059914086, 0.10219308161881076, 0.18087271082975356, 0.1884467555957495, 0.12254126158715804, 0.1349762604567036, 0.05821840379832693, 0.03685281483156229, 0.023965634184942346, 0.011756726203933981, 0.004295726882206647, 0.004408772326475243, 0.0015826362197603437, 0.0010174089984173638, 0.00033913633280578795, 0.00011304544426859598, 0.0, 0.0, 0.0, 0.0], [0.0, 0.0, 0.0, 0.00016061676839062, 0.00016061676839062, 0.00064246707356248, 0.0017667844522968198, 0.00256986829424992, 0.006264053967234179, 0.009315772566655958, 0.024253132026983617, 0.03405075489881144, 0.06601349180854481, 0.10038548024413749, 0.12512046257629297, 0.1461612592354642, 0.155958882107292, 0.1029553485383874, 0.10729200128493414, 0.04111789270799872, 0.025538066174108576, 0.019434628975265017, 0.01092194025056216, 0.004497269514937359, 0.008994539029874718, 0.00256986829424992, 0.0022486347574686796, 0.00064246707356248, 0.0008030838419530999, 0.0, 0.00016061676839062, 0.0, 0.0], [0.0, 0.0, 0.0, 0.00016417665407978985, 0.0, 0.0006567066163191594, 0.0009850599244787392, 0.0009850599244787392, 0.0029551797734362175, 0.005746182892792645, 0.012969955672303399, 0.02167131833853226, 0.038909867016910196, 0.061073715317681826, 0.09423739944179937, 0.11886389755376786, 0.15252011164012477, 0.11098341815793794, 0.17205713347561977, 0.06698407486455427, 0.04334263667706452, 0.04383516663930389, 0.018551961911016254, 0.009029715974388442, 0.01231324905598424, 0.005910359546872435, 0.0037760630438351665, 0.0011492365785585289, 0.00016417665407978985, 0.00016417665407978985, 0.0, 0.0, 0.0], [0.0, 0.0, 0.00011296882060551288, 0.0, 0.00022593764121102577, 0.00033890646181653866, 0.00033890646181653866, 0.0012426570266606417, 0.0011296882060551287, 0.0038409399005874378, 0.006778129236330773, 0.016154541346588343, 0.027790329868956166, 0.06958879349299593, 0.1255083596927248, 0.1431314957071848, 0.16120650700406688, 0.09681427925892454, 0.16086760054225033, 0.057614098508811565, 0.03818346136466335, 0.03502033438770899, 0.02010845006778129, 0.01016719385449616, 0.014234071396294623, 0.0035020334387708993, 0.0036150022593764122, 0.002146407591504745, 0.00022593764121102577, 0.00011296882060551288, 0.0, 0.0, 0.0], [0.0, 0.0, 9.002520705797624e-05, 0.0, 9.002520705797624e-05, 9.002520705797624e-05, 9.002520705797624e-05, 0.0008102268635217861, 0.0018005041411595247, 0.004591285559956788, 0.00882247029168167, 0.015934461649261794, 0.027817788980914655, 0.036010082823190494, 0.05482535109830752, 0.05941663665826431, 0.09074540871444005, 0.1677169607490097, 0.2707958228303925, 0.09830752610731004, 0.055545552754771334, 0.06049693914296003, 0.015484335613971912, 0.007472092185812028, 0.012783579402232625, 0.005221462009362621, 0.0027907814187972634, 0.0009002520705797623, 0.0007202016564638099, 0.0006301764494058336, 0.0, 0.0, 0.0], [0.0, 0.0, 0.0, 0.0, 0.00010474494605635278, 0.0006284696763381167, 0.0011521944066198806, 0.0023043888132397612, 0.0050277574107049335, 0.009741279983240808, 0.017282916099298207, 0.032051953493243954, 0.05122027862155651, 0.07604483083691212, 0.11144862260395937, 0.13847281868649838, 0.17356237561537655, 0.11008693830522677, 0.1532418560804441, 0.04870639991620404, 0.024719807269299256, 0.027757410704933486, 0.00785587095422646, 0.003351838273803289, 0.0025138787053524667, 0.000942704514507175, 0.0010474494605635278, 0.0006284696763381167, 0.00010474494605635278, 0.0, 0.0, 0.0, 0.0], [0.0, 0.003257328990228013, 0.0, 0.003257328990228013, 0.006514657980456026, 0.016286644951140065, 0.029315960912052116, 0.04234527687296417, 0.0781758957654723, 0.06514657980456026, 0.048859934853420196, 0.07166123778501629, 0.07166123778501629, 0.11726384364820847, 0.13355048859934854, 0.10097719869706841, 0.08143322475570032, 0.04234527687296417, 0.035830618892508145, 0.016286644951140065, 0.009771986970684038, 0.009771986970684038, 0.003257328990228013, 0.013029315960912053, 0.0, 0.0, 0.0, 0.0, 0.0, 0.0, 0.0, 0.0, 0.0]]}, "ranks": {"labels": ["Unranked", "Combatatent I", "Combatatent II", "Challenger I", "Challenger II", "Rival I", "Rival II", "Duelist", "Elite"], "data": [[0.13311148086522462, 0.18801996672212978, 0.23294509151414308, 0.22795341098169716, 0.11980033277870217, 0.064891846921797, 0.016638935108153077, 0.013311148086522463, 0.0033277870216306157], [0.06108786610878661, 0.09567642956764295, 0.17377963737796373, 0.2591352859135286, 0.2309623430962343, 0.12831241283124128, 0.0298465829846583, 0.015620641562064157, 0.005578800557880056], [0.007607192254495159, 0.012678653757491932, 0.031466113416320884, 0.06477639465191333, 0.3000230520977409, 0.374020285846012, 0.0896726602120793, 0.088865836791148, 0.030889810972798526], [0.015456989247311828, 0.024977598566308244, 0.05521953405017921, 0.09632616487455196, 0.11984767025089606, 0.38799283154121866, 0.141913082437276, 0.12309587813620072, 0.035170250896057347], [0.1839080459770115, 0.15517241379310345, 0.21264367816091953, 0.20114942528735633, 0.11494252873563218, 0.08620689655172414, 0.028735632183908046, 0.017241379310344827, 0.0], [0.007485963817841547, 0.03420669577874818, 0.14244125597837387, 0.2531711374506134, 0.2659596589727594, 0.16552297775005198, 0.053441463921813266, 0.05895196506550218, 0.018818881264296112], [0.08663474096647801, 0.11580322159338267, 0.20896821941663038, 0.23987810187200698, 0.18524161950370047, 0.0890291684806269, 0.02895080539834567, 0.030474531998258596, 0.015019590770570308], [0.2631578947368421, 0.24561403508771928, 0.20760233918128654, 0.14327485380116958, 0.06432748538011696, 0.05555555555555555, 0.014619883040935672, 0.005847953216374269, 0.0], [0.032534421213666495, 0.06068332483426823, 0.0901580826109128, 0.19806221315655279, 0.2998470168281489, 0.16552779194288628, 0.061907190209077, 0.0676185619581846, 0.023661397246302906], [0.014653465346534653, 0.0297029702970297, 0.05900990099009901, 0.13425742574257427, 0.1904950495049505, 0.21386138613861386, 0.1097029702970297, 0.1596039603960396, 0.08871287128712871], [0.03283582089552239, 0.05691542288557214, 0.12517412935323383, 0.23482587064676616, 0.2471641791044776, 0.17253731343283582, 0.060497512437810944, 0.05353233830845771, 0.016517412935323383], [0.08544644229291533, 0.13877362840018442, 0.22375902873828185, 0.25587828492392806, 0.16797295220531736, 0.07084678039034885, 0.028430920547103118, 0.02351313969571231, 0.005378822806208698], [0.014301703768188036, 0.03320482527048874, 0.06168387016540231, 0.1839323467230444, 0.34423579156821293, 0.22186295236910833, 0.06354930978733989, 0.059818430543464744, 0.017410769804750655], [0.017839145333602098, 0.05351743600080629, 0.16972384599879056, 0.2549889135254989, 0.2470268091110663, 0.1472485386010885, 0.04978834912316065, 0.045454545454545456, 0.014412416851441241], [0.015684697365775185, 0.04222803136939473, 0.11441785642469335, 0.22018902071184396, 0.2813191232656344, 0.18640659561632816, 0.06957570882766942, 0.05489644078021315, 0.015282525638447618], [0.04215077006214537, 0.0764658200486355, 0.15860578222102134, 0.23236962982977574, 0.23480140502566874, 0.12510132396649554, 0.052148068089705485, 0.05430964604161038, 0.024047554714941907], [0.04568023833167825, 0.08857994041708044, 0.17894736842105263, 0.24746772591857, 0.21727904667328699, 0.13306852035749753, 0.039721946375372394, 0.03753723932472691, 0.011717974180734857], [0.012749785460340812, 0.030893710923133505, 0.1803359078092436, 0.2660291773936496, 0.25352458011523843, 0.16795390462179724, 0.03984307956356504, 0.03714600956233909, 0.011523844550692657], [0.17985611510791366, 0.1366906474820144, 0.15827338129496402, 0.1510791366906475, 0.19424460431654678, 0.050359712230215826, 0.03597122302158273, 0.05755395683453238, 0.03597122302158273], [0.008655695661466125, 0.01837999572558239, 0.05310963881171191, 0.2946142338106433, 0.3331908527463133, 0.16862577473819193, 0.05749091686257747, 0.052147894849326776, 0.013784996794186792], [0.005152224824355972, 0.011592505854800936, 0.05374707259953162, 0.20035128805620608, 0.30327868852459017, 0.22915690866510538, 0.08805620608899298, 0.08126463700234192, 0.027400468384074943], [0.012454005094820267, 0.02405887347863006, 0.042645532597414854, 0.2348334748561185, 0.27983772053967354, 0.2182281347296915, 0.08481932257760166, 0.08236626096801584, 0.020756675158033776], [0.027522935779816515, 0.04281345565749235, 0.1345565749235474, 0.29357798165137616, 0.28134556574923547, 0.15902140672782875, 0.04281345565749235, 0.01834862385321101, 0.0], [0.007580378147599547, 0.020388603293543608, 0.048706107867909736, 0.08974470680491417, 0.33719613139322124, 0.2884900235253115, 0.08634660625599024, 0.09732508495251373, 0.024222357758996255], [0.008558515241850178, 0.028656601596307337, 0.07827675738051736, 0.14443696509279738, 0.34436003461871334, 0.25646696797769014, 0.07683431099144149, 0.054043658044042694, 0.008366189056640062], [0.0248542835147916, 0.05839656878917849, 0.13229957109864732, 0.23127680633454306, 0.26448916749147694, 0.1690311228417464, 0.061585835257890686, 0.050148465852853846, 0.00791817881887166], [0.016983523447401776, 0.04271229404309252, 0.10773130544993663, 0.22585551330798478, 0.2509505703422053, 0.2020278833967047, 0.06311787072243347, 0.06565272496831433, 0.02496831432192649], [0.05846505427537612, 0.10702723290801752, 0.18034660064749572, 0.24490573224147782, 0.2174823843077509, 0.1203580270424681, 0.03237478575509427, 0.030851266425442773, 0.008188916396876786], [0.04428364688856729, 0.07149059334298119, 0.14008683068017366, 0.24659913169319828, 0.2520984081041968, 0.1366136034732272, 0.04341534008683068, 0.04341534008683068, 0.02199710564399421], [0.02117884356790677, 0.09480053787539221, 0.1937471985656656, 0.28709099058718063, 0.2085387718511878, 0.11205737337516809, 0.03507395786642761, 0.036978933213805465, 0.0105333930972658], [0.00933237616654702, 0.047666905958363245, 0.1381191672648959, 0.23201722900215363, 0.25025125628140704, 0.17444364680545585, 0.05915290739411343, 0.06188083273510409, 0.027135678391959798], [0.034881619374661124, 0.06867883607446232, 0.15904572564612326, 0.2467016085306344, 0.236941984456895, 0.15326224471353697, 0.04717151635640701, 0.038496294957527565, 0.014820169889752394], [0.013000226090888536, 0.03594845127741352, 0.07947094732082297, 0.28306579244856434, 0.31098801718290753, 0.16696812118471627, 0.06307935790187655, 0.040018087271082976, 0.007460999321727334], [0.020880179890780597, 0.05830388692579505, 0.1663989720526823, 0.27128172181175714, 0.2589142306456794, 0.13042081593318341, 0.04352714423385801, 0.03485383874076454, 0.015419209765499518], [0.01149236578558529, 0.03464127401083566, 0.09998358233459202, 0.21310129699556724, 0.26350352979806274, 0.20817599737317352, 0.07420784764406502, 0.07141684452470859, 0.023477261533409947], [0.0072300045187528245, 0.022932670582919115, 0.0973791233619521, 0.26863985539990964, 0.2580207862629914, 0.19283777677361047, 0.06382738364211478, 0.06529597830998644, 0.02383642114776322], [0.007562117392870004, 0.024756931940943465, 0.06382787180410515, 0.11424198775657184, 0.25846236946344975, 0.32517104789341017, 0.09947785379906374, 0.08345336694274397, 0.023046453006841917], [0.018958835236199855, 0.04933486959254216, 0.12726510945846864, 0.24992144129045774, 0.28364931392060333, 0.1807897768932649, 0.04587828637268252, 0.038965119932963234, 0.0052372473028176394], [0.24429967426710097, 0.12052117263843648, 0.18892508143322476, 0.23452768729641693, 0.1237785016286645, 0.04234527687296417, 0.019543973941368076, 0.026058631921824105, 0.0]]}, "ranksDetailed": {"labels": ["Unranked", "Combatatant", "Challenger", "Rival", "Duelist", "Elite"], "data": [[0.13311148086522462, 0.4209650582362729, 0.34775374376039936, 0.08153078202995008, 0.013311148086522463, 0.0033277870216306157], [0.06108786610878661, 0.2694560669456067, 0.4900976290097629, 0.1581589958158996, 0.015620641562064157, 0.005578800557880056], [0.007607192254495159, 0.04414476717381282, 0.3647994467496542, 0.4636929460580913, 0.088865836791148, 0.030889810972798526], [0.015456989247311828, 0.08019713261648745, 0.21617383512544802, 0.5299059139784946, 0.12309587813620072, 0.035170250896057347], [0.1839080459770115, 0.367816091954023, 0.3160919540229885, 0.11494252873563218, 0.017241379310344827, 0.0], [0.007485963817841547, 0.17664795175712206, 0.5191307964233729, 0.21896444167186524, 0.05895196506550218, 0.018818881264296112], [0.08663474096647801, 0.32477144101001304, 0.42511972137570747, 0.11797997387897258, 0.030474531998258596, 0.015019590770570308], [0.2631578947368421, 0.45321637426900585, 0.20760233918128654, 0.07017543859649122, 0.005847953216374269, 0.0], [0.032534421213666495, 0.15084140744518104, 0.49790922998470166, 0.22743498215196328, 0.0676185619581846, 0.023661397246302906], [0.014653465346534653, 0.08871287128712871, 0.32475247524752476, 0.3235643564356436, 0.1596039603960396, 0.08871287128712871], [0.03283582089552239, 0.18208955223880596, 0.48199004975124377, 0.23303482587064678, 0.05353233830845771, 0.016517412935323383], [0.08544644229291533, 0.3625326571384663, 0.42385123712924544, 0.09927770093745197, 0.02351313969571231, 0.005378822806208698], [0.014301703768188036, 0.09488869543589105, 0.5281681382912573, 0.2854122621564482, 0.059818430543464744, 0.017410769804750655], [0.017839145333602098, 0.22324128199959686, 0.5020157226365652, 0.19703688772424915, 0.045454545454545456, 0.014412416851441241], [0.015684697365775185, 0.15664588779408808, 0.5015081439774783, 0.2559823044439976, 0.05489644078021315, 0.015282525638447618], [0.04215077006214537, 0.23507160226965684, 0.4671710348554445, 0.17724939205620102, 0.05430964604161038, 0.024047554714941907], [0.04568023833167825, 0.2675273088381331, 0.464746772591857, 0.1727904667328699, 0.03753723932472691, 0.011717974180734857], [0.012749785460340812, 0.2112296187323771, 0.5195537575088881, 0.20779698418536227, 0.03714600956233909, 0.011523844550692657], [0.17985611510791366, 0.2949640287769784, 0.34532374100719426, 0.08633093525179857, 0.05755395683453238, 0.03597122302158273], [0.008655695661466125, 0.07148963453729429, 0.6278050865569567, 0.2261166916007694, 0.052147894849326776, 0.013784996794186792], [0.005152224824355972, 0.06533957845433255, 0.5036299765807962, 0.31721311475409836, 0.08126463700234192, 0.027400468384074943], [0.012454005094820267, 0.06670440607604491, 0.5146711953957921, 0.30304745730729316, 0.08236626096801584, 0.020756675158033776], [0.027522935779816515, 0.17737003058103976, 0.5749235474006116, 0.2018348623853211, 0.01834862385321101, 0.0], [0.007580378147599547, 0.06909471116145334, 0.4269408381981354, 0.3748366297813017, 0.09732508495251373, 0.024222357758996255], [0.008558515241850178, 0.1069333589768247, 0.48879699971151075, 0.33330127896913164, 0.054043658044042694, 0.008366189056640062], [0.0248542835147916, 0.1906961398878258, 0.49576597382602, 0.2306169580996371, 0.050148465852853846, 0.00791817881887166], [0.016983523447401776, 0.15044359949302916, 0.4768060836501901, 0.26514575411913816, 0.06565272496831433, 0.02496831432192649], [0.05846505427537612, 0.2873738335555132, 0.46238811654922873, 0.15273281279756237, 0.030851266425442773, 0.008188916396876786], [0.04428364688856729, 0.21157742402315485, 0.49869753979739506, 0.18002894356005789, 0.04341534008683068, 0.02199710564399421], [0.02117884356790677, 0.2885477364410578, 0.4956297624383684, 0.1471313312415957, 0.036978933213805465, 0.0105333930972658], [0.00933237616654702, 0.18578607322325916, 0.48226848528356064, 0.23359655419956926, 0.06188083273510409, 0.027135678391959798], [0.034881619374661124, 0.22772456172058558, 0.48364359298752935, 0.20043376106994398, 0.038496294957527565, 0.014820169889752394], [0.013000226090888536, 0.1154193985982365, 0.5940538096314718, 0.23004747908659282, 0.040018087271082976, 0.007460999321727334], [0.020880179890780597, 0.22470285897847736, 0.5301959524574366, 0.17394796016704145, 0.03485383874076454, 0.015419209765499518], [0.01149236578558529, 0.13462485634542767, 0.4766048267936299, 0.28238384501723857, 0.07141684452470859, 0.023477261533409947], [0.0072300045187528245, 0.12031179394487121, 0.526660641662901, 0.25666516041572524, 0.06529597830998644, 0.02383642114776322], [0.007562117392870004, 0.08858480374504861, 0.3727043572200216, 0.4246489016924739, 0.08345336694274397, 0.023046453006841917], [0.018958835236199855, 0.1765999790510108, 0.5335707552110611, 0.2266680632659474, 0.038965119932963234, 0.0052372473028176394], [0.24429967426710097, 0.30944625407166126, 0.3583061889250814, 0.06188925081433225, 0.026058631921824105, 0.0]]}}}, "eu": {"histType": {"histogram": {"labels": ["0", "100", "200", "300", "400", "500", "600", "700", "800", "900", "1000", "1100", "1200", "1300", "1400", "1500", "1600", "1700", "1800", "1900", "2000", "2100", "2200", "2300", "2400", "2500", "2600", "2700", "2800", "2900", "3000", "3100", "3200"], "data": [[0.0, 0.0, 0.0021598272138228943, 0.0, 0.0, 0.004319654427645789, 0.01079913606911447, 0.028077753779697623, 0.05399568034557235, 0.07991360691144708, 0.07127429805615551, 0.09503239740820735, 0.08639308855291576, 0.13606911447084233, 0.13822894168466524, 0.09503239740820735, 0.06911447084233262, 0.04967602591792657, 0.0367170626349892, 0.019438444924406047, 0.01511879049676026, 0.004319654427645789, 0.004319654427645789, 0.0, 0.0, 0.0, 0.0, 0.0, 0.0, 0.0, 0.0, 0.0, 0.0], [0.00030543677458766036, 0.00030543677458766036, 0.0006108735491753207, 0.0009163103237629811, 0.0015271838729383018, 0.003359804520464264, 0.005497861942577886, 0.010995723885155772, 0.021686010995723884, 0.033598045204642636, 0.04520464263897373, 0.06414172266340867, 0.08185705558949298, 0.10598656078191815, 0.129505192425168, 0.13133781307269396, 0.14111178985949907, 0.06658521686010996, 0.09407452657299939, 0.02504581551618815, 0.012828344532681736, 0.011912034208918754, 0.004276114844227245, 0.0030543677458766036, 0.0030543677458766036, 0.0006108735491753207, 0.0006108735491753207, 0.0, 0.0, 0.0, 0.0, 0.0, 0.0], [0.0, 0.0, 0.0, 0.00011630611770179111, 0.00011630611770179111, 0.00011630611770179111, 0.0, 0.0008141428239125378, 0.001977204000930449, 0.0025587345894394044, 0.005698999767387764, 0.00942079553384508, 0.011979530123284485, 0.015817632007443592, 0.025819958129797628, 0.04326587578506629, 0.2279599906955106, 0.14305652477320308, 0.28715980460572227, 0.07711095603628751, 0.05012793672947197, 0.05140730402419167, 0.017213305419865085, 0.006862060944405676, 0.011397999534775528, 0.005001163061177018, 0.003023959060246569, 0.0015119795301232846, 0.00023261223540358222, 0.00023261223540358222, 0.0, 0.0, 0.0], [0.0, 0.0, 0.0, 0.00010768899418479432, 0.00010768899418479432, 0.00021537798836958864, 0.0007538229592935602, 0.002046090889511092, 0.0023691578720654747, 0.005922894680163687, 0.011630411371957786, 0.01744561705793668, 0.021107042860219687, 0.02692224854619858, 0.04329097566228732, 0.0548136980400603, 0.07990523368511739, 0.06558259745853974, 0.30982123626965324, 0.12911910402756838, 0.08012061167348697, 0.07279776006892096, 0.027568382511307346, 0.0132457462847297, 0.02067628688348051, 0.006569028645272453, 0.004630626749946155, 0.0025845358604350637, 0.0004307559767391773, 0.00021537798836958864, 0.0, 0.0, 0.0], [0.0, 0.0, 0.0, 0.0, 0.0, 0.01935483870967742, 0.03225806451612903, 0.05806451612903226, 0.06451612903225806, 0.05806451612903226, 0.06451612903225806, 0.09032258064516129, 0.06451612903225806, 0.0967741935483871, 0.07096774193548387, 0.14838709677419354, 0.01935483870967742, 0.06451612903225806, 0.05806451612903226, 0.03225806451612903, 0.03225806451612903, 0.0, 0.0064516129032258064, 0.0064516129032258064, 0.012903225806451613, 0.0, 0.0, 0.0, 0.0, 0.0, 0.0, 0.0, 0.0], [0.0, 0.00010404744563520966, 0.00010404744563520966, 0.00020809489127041931, 0.00031214233690562894, 0.00010404744563520966, 0.00020809489127041931, 0.0011445219019873061, 0.0019769014670689834, 0.003953802934137967, 0.019144729996878575, 0.04068255124336698, 0.056081573197378005, 0.07834772656331287, 0.1152845697638123, 0.13109978150036417, 0.14962022682343148, 0.10498387264592654, 0.1370304859015711, 0.0522