{"region": {"us": {"histType": {"histogram": {"labels": ["0", "100", "200", "300", "400", "500", "600", "700", "800", "900", "1000", "1100", "1200", "1300", "1400", "1500", "1600", "1700", "1800", "1900", "2000", "2100", "2200", "2300", "2400", "2500", "2600", "2700", "2800", "2900", "3000"], "data": [[0.0, 0.0, 0.0, 0.004273504273504274, 0.0, 0.01282051282051282, 0.017094017094017096, 0.021367521367521368, 0.04700854700854701, 0.038461538461538464, 0.0641025641025641, 0.10683760683760683, 0.09401709401709402, 0.09401709401709402, 0.13247863247863248, 0.08974358974358974, 0.0641025641025641, 0.05128205128205128, 0.05128205128205128, 0.05555555555555555, 0.01282051282051282, 0.02564102564102564, 0.017094017094017096, 0.0, 0.0, 0.0, 0.0, 0.0, 0.0, 0.0, 0.0], [0.0, 0.0010395010395010396, 0.0, 0.0005197505197505198, 0.0015592515592515593, 0.0010395010395010396, 0.005717255717255718, 0.011434511434511435, 0.011954261954261955, 0.02234927234927235, 0.0395010395010395, 0.04937629937629938, 0.07328482328482329, 0.08056133056133057, 0.11746361746361747, 0.13253638253638253, 0.15176715176715178, 0.08523908523908524, 0.11330561330561331, 0.03898128898128898, 0.02338877338877339, 0.014553014553014554, 0.008835758835758836, 0.004677754677754678, 0.004158004158004158, 0.004677754677754678, 0.002079002079002079, 0.0, 0.0, 0.0, 0.0], [0.000156128024980484, 0.0, 0.0, 0.000312256049960968, 0.000312256049960968, 0.000156128024980484, 0.000468384074941452, 0.000936768149882904, 0.004527712724434036, 0.00546448087431694, 0.009836065573770493, 0.01405152224824356, 0.022794691647150665, 0.03778298204527713, 0.05792349726775956, 0.08821233411397346, 0.14082747853239658, 0.10913348946135831, 0.23106947697111632, 0.07790788446526152, 0.05277127244340359, 0.06854020296643247, 0.024668227946916473, 0.01483216237314598, 0.022950819672131147, 0.006869633099141296, 0.004371584699453552, 0.00234192037470726, 0.00078064012490242, 0.0, 0.0], [0.0, 0.0, 0.0, 0.0, 0.0002864508736751647, 0.0002864508736751647, 0.001575479805213406, 0.002864508736751647, 0.007161271841879118, 0.01274706387854483, 0.02119736465196219, 0.02363219707820109, 0.04454311085648811, 0.06430822114007448, 0.09223718132340304, 0.1241764537381839, 0.159123460326554, 0.11329132053852764, 0.1639931251790318, 0.06445144657691206, 0.040676024061873386, 0.038384417072472074, 0.010169006015468347, 0.004726439415640217, 0.005585792036665712, 0.0022916069894013177, 0.0018619306788885707, 0.00042967631051274706, 0.0, 0.0, 0.0], [0.0, 0.0, 0.0, 0.0, 0.0, 0.013157894736842105, 0.0, 0.05263157894736842, 0.039473684210526314, 0.07894736842105263, 0.05263157894736842, 0.07894736842105263, 0.10526315789473684, 0.14473684210526316, 0.05263157894736842, 0.02631578947368421, 0.07894736842105263, 0.05263157894736842, 0.02631578947368421, 0.09210526315789473, 0.05263157894736842, 0.039473684210526314, 0.0, 0.013157894736842105, 0.0, 0.0, 0.0, 0.0, 0.0, 0.0, 0.0], [0.0, 0.0, 0.0, 0.0, 0.0, 0.00014168319637291018, 0.00014168319637291018, 0.0021252479455936527, 0.0021252479455936527, 0.0076508926041371494, 0.013176537262680647, 0.021819212241428167, 0.037546047038821195, 0.06673278549164069, 0.09691130631907056, 0.13346557098328138, 0.1588268631340323, 0.10697081326154718, 0.14536695947860584, 0.061632190422215925, 0.03655426466421082, 0.050014168319637294, 0.020402380277699066, 0.0083593085860017, 0.01586851799376594, 0.006375743836780958, 0.004108812694814395, 0.0035420799093227543, 0.00014168319637291018, 0.0, 0.0], [0.0, 0.0, 0.000326477309826967, 0.001632386549134835, 0.001632386549134835, 0.002611818478615736, 0.004244205027750571, 0.009794319294809012, 0.020241593209271956, 0.0306888671237349, 0.043095004897159644, 0.05158341495266079, 0.07835455435847209, 0.09369898792033954, 0.12732615083251714, 0.12536728697355534, 0.12634671890303623, 0.08031341821743389, 0.08096637283708782, 0.03493307215148547, 0.02089454782892589, 0.022853411687887692, 0.0075089781260202415, 0.008161932745674175, 0.011426705843943846, 0.00555011426705844, 0.0075089781260202415, 0.0019588638589618022, 0.0009794319294809011, 0.0, 0.0], [0.0, 0.0, 0.00425531914893617, 0.01276595744680851, 0.00425531914893617, 0.01276595744680851, 0.01276595744680851, 0.05106382978723404, 0.08085106382978724, 0.1148936170212766, 0.09787234042553192, 0.10638297872340426, 0.10638297872340426, 0.08936170212765958, 0.06382978723404255, 0.06382978723404255, 0.05531914893617021, 0.02553191489361702, 0.029787234042553193, 0.029787234042553193, 0.03829787234042553, 0.0, 0.0, 0.0, 0.0, 0.0, 0.0, 0.0, 0.0, 0.0, 0.0], [0.0003704161007531794, 0.0003704161007531794, 0.0006173601679219657, 0.0007408322015063588, 0.0007408322015063588, 0.0019755525373502903, 0.0022224966045190763, 0.00592665761205087, 0.012594147425608099, 0.027410791455735276, 0.04370909988887517, 0.06334115322879368, 0.08161501419928387, 0.09655513026299543, 0.12421286578589949, 0.1310038276330411, 0.1134707988640573, 0.06988517100876651, 0.08198543030003703, 0.0395110507470058, 0.030497592295345103, 0.026546487220644524, 0.014816644030127175, 0.008766514384491912, 0.012100259291270527, 0.005679713544882084, 0.0032102728731942215, 0.00012347203358439315, 0.0, 0.0, 0.0], [0.0, 0.0, 0.000744047619047619, 0.0, 0.0018601190476190475, 0.0011160714285714285, 0.004464285714285714, 0.004464285714285714, 0.013392857142857142, 0.020461309523809524, 0.031994047619047616, 0.04092261904761905, 0.06733630952380952, 0.0822172619047619, 0.10193452380952381, 0.12388392857142858, 0.15290178571428573, 0.09263392857142858, 0.12946428571428573, 0.04575892857142857, 0.027901785714285716, 0.026413690476190476, 0.00855654761904762, 0.005952380952380952, 0.00744047619047619, 0.005580357142857143, 0.0026041666666666665, 0.0, 0.0, 0.0, 0.0], [0.00020669698222405952, 0.0, 0.0010334849111202976, 0.0006200909466721786, 0.0010334849111202976, 0.0022736668044646548, 0.004960727573377429, 0.009301364200082679, 0.01653575857792476, 0.028937577511368336, 0.06097560975609756, 0.0704836709384043, 0.0975609756097561, 0.09983464241422076, 0.13869367507234395, 0.13290615957007026, 0.11306324927656056, 0.06821000413393964, 0.0684167011161637, 0.035551880942538236, 0.015915667631252583, 0.01715584952459694, 0.0062009094667217855, 0.0037205456800330715, 0.0037205456800330715, 0.0022736668044646548, 0.00041339396444811904, 0.0, 0.0, 0.0, 0.0], [0.0, 0.0, 0.0, 0.0, 0.00019054878048780488, 0.0009527439024390244, 0.002858231707317073, 0.0038109756097560975, 0.0078125, 0.011432926829268292, 0.028963414634146343, 0.04173018292682927, 0.05811737804878049, 0.07298018292682927, 0.11490091463414634, 0.11451981707317073, 0.15091463414634146, 0.10289634146341463, 0.1368140243902439, 0.052972560975609755, 0.03086890243902439, 0.03277439024390244, 0.011623475609756097, 0.006859756097560976, 0.009908536585365854, 0.003048780487804878, 0.0024771341463414634, 0.0005716463414634146, 0.0, 0.0, 0.0], [0.0002835672763363108, 0.0, 0.0, 0.0002835672763363108, 0.0001417836381681554, 0.000708918190840777, 0.0017014036580178648, 0.002835672763363108, 0.0063802637175669925, 0.017722954771019424, 0.028498511271799233, 0.036154827732879626, 0.05047497518786332, 0.07046646816957323, 0.10406919041542606, 0.13327661987806608, 0.14858925280022686, 0.10094995037572664, 0.12959024528569404, 0.05884020983978449, 0.03544590954203885, 0.035162342265702536, 0.011768041967956899, 0.005954912803062527, 0.010350205586275344, 0.003969941868708351, 0.002552105487026797, 0.002552105487026797, 0.0012760527435133986, 0.0, 0.0], [0.0, 0.0, 0.00027159152634437803, 0.0, 0.0005431830526887561, 0.00027159152634437803, 0.0005431830526887561, 0.0016295491580662683, 0.0038022813688212928, 0.004888647474198805, 0.014665942422596416, 0.018468223791417708, 0.041281912004345465, 0.056219445953286255, 0.08147745790331341, 0.11787072243346007, 0.1670287887017925, 0.12221618685497013, 0.15290602933188485, 0.0755024443237371, 0.048071700162954915, 0.042639869636067355, 0.019282998370450843, 0.010048886474741989, 0.012221618685497012, 0.0038022813688212928, 0.0016295491580662683, 0.0019011406844106464, 0.0008147745790331341, 0.0, 0.0], [0.0, 0.0, 0.0, 0.0005175983436853002, 0.0010351966873706005, 0.0015527950310559005, 0.0005175983436853002, 0.005693581780538302, 0.010351966873706004, 0.014492753623188406, 0.022256728778467908, 0.043478260869565216, 0.05020703933747412, 0.06677018633540373, 0.09368530020703934, 0.12111801242236025, 0.13509316770186336, 0.10248447204968944, 0.11283643892339544, 0.059006211180124224, 0.04399585921325052, 0.03985507246376811, 0.024844720496894408, 0.012422360248447204, 0.017080745341614908, 0.007763975155279503, 0.006211180124223602, 0.004658385093167702, 0.002070393374741201, 0.0, 0.0], [0.00025621316935690495, 0.0, 0.0005124263387138099, 0.00025621316935690495, 0.0005124263387138099, 0.0010248526774276198, 0.002818344862925954, 0.004099410709710479, 0.008967460927491674, 0.014860363822700487, 0.023571611580835254, 0.045349730976172176, 0.0725083269280041, 0.08941839610555982, 0.11478349987189342, 0.13323084806559057, 0.13758647194465795, 0.09018703561363053, 0.11068408916218293, 0.04868050217781194, 0.02843966179861645, 0.033820138355111454, 0.013066871637202153, 0.004868050217781194, 0.010504739943633103, 0.004099410709710479, 0.004355623879067384, 0.0015372790161414297, 0.0, 0.0, 0.0], [0.0, 0.0, 0.00019650225977598743, 0.00039300451955197487, 0.0005895067793279622, 0.0005895067793279622, 0.001375515818431912, 0.003930045195519749, 0.005698565533503635, 0.013951660444095107, 0.026920809589310278, 0.033405384161917864, 0.06288072312831598, 0.07015130674002751, 0.10591471801925723, 0.13342503438789546, 0.15169974454706228, 0.0953035959913539, 0.1481627038710945, 0.0483395559048929, 0.029082334446846138, 0.030850854784830024, 0.013558655924543132, 0.005895067793279623, 0.009432108469247396, 0.003340538416191786, 0.0021615248575358615, 0.0025545293770878365, 0.00019650225977598743, 0.0, 0.0], [0.0, 0.0, 0.0, 0.015625, 0.015625, 0.015625, 0.0, 0.0, 0.015625, 0.078125, 0.03125, 0.078125, 0.078125, 0.0625, 0.109375, 0.109375, 0.140625, 0.03125, 0.0625, 0.0625, 0.0, 0.046875, 0.03125, 0.0, 0.015625, 0.0, 0.0, 0.0, 0.0, 0.0, 0.0], [0.00013386880856760375, 0.0, 0.0, 0.00013386880856760375, 0.00013386880856760375, 0.0002677376171352075, 0.000535475234270415, 0.0014725568942436412, 0.00321285140562249, 0.00749665327978581, 0.01459170013386881, 0.019946452476572958, 0.03801874163319947, 0.05836680053547524, 0.0998661311914324, 0.14431057563587685, 0.17054886211512718, 0.12048192771084337, 0.12476572958500669, 0.06492637215528782, 0.043373493975903614, 0.0464524765729585, 0.017001338688085676, 0.007898259705488622, 0.009772423025435073, 0.005220883534136547, 0.00107095046854083, 0.0, 0.0, 0.0, 0.0], [0.0, 0.0, 0.0, 0.00017972681524083394, 0.0, 0.0003594536304816679, 0.0012580877066858376, 0.0007189072609633358, 0.0025161754133716753, 0.00413371675053918, 0.010424155283968369, 0.013659237958303379, 0.02228612508986341, 0.03576563623292595, 0.06236520488856937, 0.0921998562185478, 0.1335370237239396, 0.12041696621135874, 0.1896117900790798, 0.0916606757728253, 0.06613946800862688, 0.07422717469446441, 0.02695902228612509, 0.012760603882099208, 0.020309130122214233, 0.008806613946800863, 0.00593098490294752, 0.003055355859094177, 0.0007189072609633358, 0.0, 0.0], [0.00023191094619666049, 0.00011595547309833024, 0.0, 0.0003478664192949907, 0.00023191094619666049, 0.0009276437847866419, 0.0008116883116883117, 0.002551020408163265, 0.004290352504638219, 0.008116883116883116, 0.016581632653061226, 0.023075139146567718, 0.027249536178107606, 0.04336734693877551, 0.06655844155844155, 0.10041743970315399, 0.14343692022263452, 0.13056586270871987, 0.17242578849721707, 0.08963358070500928, 0.048353432282003714, 0.060064935064935064, 0.023191094619666047, 0.01403061224489796, 0.015074211502782932, 0.005449907235621521, 0.002898886827458256, 0.0, 0.0, 0.0, 0.0], [0.0, 0.0, 0.0, 0.0, 0.001968503937007874, 0.0, 0.0, 0.003937007874015748, 0.007874015748031496, 0.005905511811023622, 0.01968503937007874, 0.02952755905511811, 0.0531496062992126, 0.09251968503937008, 0.10236220472440945, 0.1594488188976378, 0.1830708661417323, 0.13188976377952755, 0.12992125984251968, 0.04330708661417323, 0.01968503937007874, 0.013779527559055118, 0.001968503937007874, 0.0, 0.0, 0.0, 0.0, 0.0, 0.0, 0.0, 0.0], [0.0, 0.0, 0.0, 0.00029515938606847696, 0.0001967729240456513, 0.0001967729240456513, 0.0004919323101141283, 0.0009838646202282567, 0.00226288862652499, 0.006690279417552145, 0.010330578512396695, 0.019382133018496655, 0.033156237701692244, 0.0410271546635183, 0.06463990554899646, 0.0885478158205431, 0.1356749311294766, 0.10615899252262889, 0.21576151121605666, 0.08766233766233766, 0.05273514364423455, 0.07615112160566706, 0.023907910271546637, 0.007969303423848878, 0.014659582841401023, 0.0060015741833923655, 0.002066115702479339, 0.002853207398661944, 0.0001967729240456513, 0.0, 0.0], [0.00019336749492410325, 9.668374746205163e-05, 0.00019336749492410325, 0.00019336749492410325, 0.000773469979696413, 0.0005801024847723097, 0.0005801024847723097, 0.0013535724644687227, 0.0016436237068548777, 0.0071545973121918205, 0.01247220342260466, 0.02726481678429856, 0.052402591124431984, 0.07454316929324181, 0.11447355699506913, 0.15962486705984724, 0.19443101614618583, 0.11998453060040608, 0.1277192303973702, 0.04660156627670888, 0.025814560572367785, 0.019046698250024172, 0.006187759837571304, 0.002610461181475394, 0.002030358696703084, 0.001836991201778981, 0.00019336749492410325, 0.0, 0.0, 0.0, 0.0], [0.00014310246136233542, 0.00014310246136233542, 0.0, 0.00014310246136233542, 0.00028620492272467084, 0.0008586147681740126, 0.0011448196908986834, 0.0022896393817973667, 0.0045792787635947334, 0.007870635374928448, 0.015311963365769891, 0.027332570120206068, 0.04264453348597596, 0.05552375500858615, 0.09902690326273612, 0.14997137950772754, 0.16127647395535202, 0.11176302232398397, 0.14152833428734973, 0.07112192329708071, 0.03692043503148254, 0.03591871780194619, 0.017172295363480253, 0.008013737836290785, 0.006153405838580424, 0.0022896393817973667, 0.0005724098454493417, 0.0, 0.0, 0.0, 0.0], [0.0, 0.0, 0.0, 0.0, 0.0003281916639317361, 0.0, 0.0008204791598293403, 0.0008204791598293403, 0.002461437479488021, 0.004594683295044306, 0.01197899573350837, 0.017558254020347882, 0.0313423039054808, 0.055464391204463406, 0.09780111585165736, 0.12520511978995733, 0.1531014112241549, 0.0986215950114867, 0.17344929438792256, 0.06514604529044962, 0.04299310797505743, 0.050705612077453235, 0.02297341647522153, 0.012963570725303577, 0.01526091237282573, 0.006892024942566459, 0.006071545782737118, 0.002789629143419757, 0.0006563833278634722, 0.0, 0.0], [0.00046274872744099955, 0.0009254974548819991, 0.00046274872744099955, 0.0009254974548819991, 0.0018509949097639982, 0.0037019898195279964, 0.005090236001850995, 0.008329477093937991, 0.02036094400740398, 0.03239241092086997, 0.04673762147154095, 0.06571031929662194, 0.07403979639055992, 0.0962517353077279, 0.12771864877371586, 0.11614993058769088, 0.11383618695048589, 0.07265155020823692, 0.1078204534937529, 0.033317908375751965, 0.02174919018972698, 0.025913928736695974, 0.006478482184173994, 0.0041647385469689956, 0.01018047200370199, 0.0023137436372049976, 0.00046274872744099955, 0.0, 0.0, 0.0, 0.0], [0.0, 0.0, 0.0, 0.002435064935064935, 0.0016233766233766235, 0.002435064935064935, 0.004058441558441558, 0.011363636363636364, 0.01461038961038961, 0.017045454545454544, 0.02922077922077922, 0.044642857142857144, 0.05113636363636364, 0.056818181818181816, 0.10146103896103896, 0.12256493506493507, 0.14691558441558442, 0.11282467532467533, 0.137987012987013, 0.04788961038961039, 0.026785714285714284, 0.026785714285714284, 0.017857142857142856, 0.008116883116883116, 0.008116883116883116, 0.003246753246753247, 0.002435064935064935, 0.0016233766233766235, 0.0, 0.0, 0.0], [0.00033195020746887966, 0.0, 0.0, 0.0, 0.0006639004149377593, 0.000995850622406639, 0.0034854771784232365, 0.005975103734439834, 0.009460580912863071, 0.017925311203319503, 0.034190871369294606, 0.05195020746887967, 0.07485477178423236, 0.10190871369294606, 0.13759336099585062, 0.1387551867219917, 0.13759336099585062, 0.08282157676348548, 0.09410788381742738, 0.03468879668049792, 0.023402489626556017, 0.024730290456431537, 0.008630705394190872, 0.005975103734439834, 0.006804979253112033, 0.0018257261410788382, 0.0006639004149377593, 0.0006639004149377593, 0.0, 0.0, 0.0], [0.0, 0.0, 0.0, 0.0005788712011577424, 0.0002894356005788712, 0.0005788712011577424, 0.0026049204052098407, 0.0026049204052098407, 0.004920405209840811, 0.011287988422575976, 0.019102749638205498, 0.025759768451519536, 0.0402315484804631, 0.05875542691751085, 0.09232995658465991, 0.11635311143270623, 0.13342981186685962, 0.10738060781476122, 0.13950795947901592, 0.06685962373371925, 0.046888567293777134, 0.04775687409551375, 0.02373371924746744, 0.012445730824891461, 0.022575976845151953, 0.012735166425470333, 0.006078147612156295, 0.0031837916063675834, 0.0020260492040520984, 0.0, 0.0], [0.0, 0.0, 0.0, 0.0, 0.0002346316283435007, 0.0, 0.0011731581417175035, 0.001642421398404505, 0.003988737681839512, 0.012670107930549039, 0.018066635382449556, 0.028625058657907085, 0.04997653683716565, 0.07203190990145472, 0.10980760206475833, 0.1309244486156734, 0.15485687470671047, 0.09807602064758329, 0.14758329422806193, 0.05889253871421868, 0.03566400750821211, 0.038010323791647115, 0.015485687470671047, 0.005161895823557016, 0.005865790708587518, 0.0028155795401220087, 0.0070389488503050214, 0.0011731581417175035, 0.0002346316283435007, 0.0, 0.0], [0.00029073993312981537, 0.00014536996656490768, 0.00014536996656490768, 0.00014536996656490768, 0.0004361098996947231, 0.0013083296990841692, 0.0015990696322139846, 0.003198139264427969, 0.005814798662596307, 0.01003052769297863, 0.02573048408198866, 0.03837767117313563, 0.06614333478703299, 0.08853030963802878, 0.12996075010902747, 0.1471144061636866, 0.1532199447594127, 0.10234045646169501, 0.10306730629451956, 0.05029800843145806, 0.028056403547027185, 0.0226777147841256, 0.011193487425497892, 0.0037796191306875998, 0.004070359063817416, 0.002035179531908708, 0.00029073993312981537, 0.0, 0.0, 0.0, 0.0], [0.0, 0.0, 0.0, 0.0005227391531625719, 0.0005227391531625719, 0.0010454783063251437, 0.0013068478829064297, 0.003397804495556717, 0.005488761108207005, 0.008886565603763722, 0.017250392054364874, 0.030580240460010455, 0.052012545739675904, 0.07161526398327235, 0.11029796131730267, 0.14401463669628856, 0.15316257187663357, 0.1134343962362781, 0.11683220073183481, 0.056455828541557763, 0.040250914793518035, 0.03136434918975431, 0.014898065865133299, 0.0070569785676947204, 0.011238891792995295, 0.004181913225300575, 0.0036591740721380033, 0.0005227391531625719, 0.0, 0.0, 0.0], [0.0, 0.0, 0.0, 0.0002824858757062147, 0.0, 0.0011299435028248588, 0.001694915254237288, 0.0031073446327683617, 0.005367231638418079, 0.005932203389830509, 0.012711864406779662, 0.02175141242937853, 0.03418079096045198, 0.0480225988700565, 0.08728813559322034, 0.11440677966101695, 0.14548022598870056, 0.10706214689265536, 0.1655367231638418, 0.07372881355932204, 0.04519774011299435, 0.06016949152542373, 0.022598870056497175, 0.016101694915254237, 0.01638418079096045, 0.008757062146892656, 0.0022598870056497176, 0.000847457627118644, 0.0, 0.0, 0.0], [0.0, 0.0, 0.00032206119162640903, 0.0, 0.00016103059581320451, 0.0004830917874396135, 0.0006441223832528181, 0.0020933977455716585, 0.0027375201288244765, 0.006280193236714976, 0.013687600644122383, 0.02962962962962963, 0.05088566827697263, 0.08389694041867955, 0.12270531400966184, 0.1249597423510467, 0.1466988727858293, 0.09887278582930757, 0.13123993558776167, 0.05330112721417069, 0.03462157809983897, 0.03816425120772947, 0.022222222222222223, 0.008373590982286634, 0.015458937198067632, 0.00499194847020934, 0.0045088566827697265, 0.0022544283413848632, 0.0008051529790660225, 0.0, 0.0], [0.0, 0.0, 0.00010240655401945725, 0.0, 0.00010240655401945725, 0.0002048131080389145, 0.00030721966205837174, 0.0014336917562724014, 0.0023553507424475166, 0.006246799795186892, 0.012698412698412698, 0.02386072708653354, 0.04157706093189964, 0.060727086533538144, 0.08817204301075268, 0.11070148489503329, 0.14295954941116232, 0.11541218637992831, 0.1844342037890425, 0.06881720430107527, 0.043010752688172046, 0.05304659498207885, 0.0162826420890937, 0.008909370199692781, 0.011264720942140297, 0.0031746031746031746, 0.0023553507424475166, 0.001638504864311316, 0.0002048131080389145, 0.0, 0.0], [0.0, 0.0, 0.0, 0.0, 0.0, 0.00012664640324214793, 0.0006332320162107396, 0.0005065856129685917, 0.0025329280648429585, 0.005825734549138805, 0.008358662613981762, 0.021403242147923, 0.03558763931104356, 0.060916919959473154, 0.1009371833839919, 0.1434903748733536, 0.1797112462006079, 0.12018743667679838, 0.17591185410334345, 0.057624113475177305, 0.02988855116514691, 0.03584093211752786, 0.009371833839918946, 0.003166160081053698, 0.0036727456940222896, 0.0024062816616008107, 0.001899696048632219, 0.0, 0.0, 0.0, 0.0], [0.0, 0.004830917874396135, 0.0, 0.004830917874396135, 0.014492753623188406, 0.024154589371980676, 0.033816425120772944, 0.01932367149758454, 0.07729468599033816, 0.057971014492753624, 0.033816425120772944, 0.06763285024154589, 0.0966183574879227, 0.1111111111111111, 0.0821256038647343, 0.1111111111111111, 0.0821256038647343, 0.057971014492753624, 0.043478260869565216, 0.024154589371980676, 0.004830917874396135, 0.024154589371980676, 0.014492753623188406, 0.00966183574879227, 0.0, 0.0, 0.0, 0.0, 0.0, 0.0, 0.0]]}, "ranks": {"labels": ["Unranked", "Combatatent I", "Combatatent II", "Challenger I", "Challenger II", "Rival I", "Rival II", "Duelist", "Elite"], "data": [[0.14102564102564102, 0.17094017094017094, 0.18803418803418803, 0.2222222222222222, 0.11538461538461539, 0.09401709401709402, 0.02564102564102564, 0.042735042735042736, 0.0], [0.055613305613305616, 0.08887733887733888, 0.15384615384615385, 0.25, 0.23700623700623702, 0.13721413721413722, 0.038461538461538464, 0.028066528066528068, 0.010914760914760915], [0.012334113973458237, 0.023887587822014052, 0.060577673692427794, 0.14613583138173303, 0.2499609679937549, 0.2741608118657299, 0.08758782201405152, 0.10804059328649493, 0.03731459797033568], [0.02492122600973933, 0.044829561730163274, 0.10885133199656259, 0.21641363506158695, 0.27241478086508164, 0.19951303351475222, 0.06960756230306503, 0.05327986250358063, 0.010169006015468347], [0.18421052631578946, 0.13157894736842105, 0.25, 0.07894736842105263, 0.13157894736842105, 0.09210526315789473, 0.07894736842105263, 0.05263157894736842, 0.0], [0.012184754888070274, 0.03499574950410881, 0.10427883253046188, 0.23037687730235193, 0.2657976763955795, 0.17611221309152736, 0.06744120147350524, 0.07877585718333806, 0.030036837631056957], [0.07117205354227882, 0.09467841984982044, 0.17205354227881162, 0.25269343780607245, 0.20666013712047013, 0.09990205680705191, 0.036891936010447275, 0.03852432255958211, 0.02742409402546523], [0.2936170212765957, 0.20425531914893616, 0.19574468085106383, 0.1276595744680851, 0.08085106382978724, 0.0425531914893617, 0.05531914893617021, 0.0, 0.0], [0.052969502407704656, 0.10705025311766884, 0.1781701444622793, 0.2552166934189406, 0.1833559698728238, 0.1043338683788122, 0.04766020496357575, 0.05012964563526361, 0.021113717742931228], [0.04650297619047619, 0.07291666666666667, 0.14955357142857142, 0.22581845238095238, 0.24553571428571427, 0.1558779761904762, 0.04724702380952381, 0.04092261904761905, 0.015625], [0.0649028524183547, 0.13145928069450186, 0.19739561802397684, 0.2715998346424142, 0.1812732534105002, 0.08660603555188094, 0.03327821413807358, 0.027077304671351797, 0.0064076064489458455], [0.027057926829268292, 0.07069359756097561, 0.13109756097560976, 0.22942073170731708, 0.2538109756097561, 0.16310975609756098, 0.057545731707317076, 0.05125762195121951, 0.01600609756097561], [0.030058131291648943, 0.06465333900467886, 0.12094144335743655, 0.23734581029349214, 0.2495392031759535, 0.16106621295902454, 0.06281015170849284, 0.052885297036721964, 0.020700411172550687], [0.011950027159152634, 0.033134166214014125, 0.09750135795763172, 0.19934818033677348, 0.28924497555676265, 0.19989136338946226, 0.07658881042911461, 0.07197175448126018, 0.020369364475828353], [0.034161490683229816, 0.06573498964803312, 0.11697722567287784, 0.21480331262939958, 0.2375776397515528, 0.14285714285714285, 0.07298136645962733, 0.07712215320910973, 0.03778467908902691], [0.03330771201639764, 0.06892134255700744, 0.16192672303356392, 0.24801434793748398, 0.22777350755828848, 0.13733025877530106, 0.05047399436331027, 0.0517550602100948, 0.020497053548552396], [0.026724307329534288, 0.06032619375122814, 0.13303202986834348, 0.2393397524071527, 0.2470033405384162, 0.17567302023973275, 0.0499115739831008, 0.05030457850265278, 0.01768520337983887], [0.140625, 0.109375, 0.140625, 0.21875, 0.171875, 0.09375, 0.03125, 0.078125, 0.015625], [0.013386880856760375, 0.03453815261044177, 0.0963855421686747, 0.24417670682730924, 0.2910307898259705, 0.1598393574297189, 0.07322623828647926, 0.0713520749665328, 0.01606425702811245], [0.00916606757728253, 0.024083393242271746, 0.05805176132278936, 0.15456506110711718, 0.25395398993529833, 0.23903666427030912, 0.10837526959022287, 0.11394680086268871, 0.038820992092020126], [0.017625231910946195, 0.03965677179962894, 0.07061688311688312, 0.16697588126159554, 0.2740027829313544, 0.2189239332096475, 0.09148886827458257, 0.09728664192949907, 0.023423005565862708], [0.01968503937007874, 0.04921259842519685, 0.14566929133858267, 0.2618110236220472, 0.31496062992125984, 0.1594488188976378, 0.03346456692913386, 0.015748031496062992, 0.0], [0.0111176702085793, 0.02971271153089335, 0.07418339236521054, 0.15318772136953956, 0.24183392365210546, 0.26219992129083036, 0.0939590712317985, 0.10802833530106257, 0.025777253049980322], [0.012762254664990815, 0.03973702020690322, 0.12694576041767378, 0.27409842405491636, 0.3144155467465919, 0.1537271584646621, 0.04640819878178478, 0.02784491926907087, 0.004060717393406168], [0.017458500286204923, 0.04264453348597596, 0.0981682884945621, 0.24899828277046365, 0.273039496279336, 0.18188322839152835, 0.06768746422438465, 0.06110475100171723, 0.009015455065827132], [0.009025270758122744, 0.029537249753856253, 0.08680669510994421, 0.2230062356416147, 0.2517230062356416, 0.2075812274368231, 0.0740072202166065, 0.08664259927797834, 0.03167049556941254], [0.07450254511800093, 0.11244794076816289, 0.17029153169828784, 0.24386857936140677, 0.18648773715872283, 0.12355391022674687, 0.03933364183248496, 0.036557149467838966, 0.012956964368347987], [0.05357142857142857, 0.07386363636363637, 0.10795454545454546, 0.22402597402597402, 0.2597402597402597, 0.1663961038961039, 0.04626623376623377, 0.052759740259740256, 0.015422077922077922], [0.03883817427385892, 0.08614107883817428, 0.17676348547717843, 0.27634854771784234, 0.2204149377593361, 0.11402489626556017, 0.038174273858921165, 0.03933609958506224, 0.00995850622406639], [0.022865412445730825, 0.04486251808972504, 0.09898697539797395, 0.20868306801736614, 0.24081041968162084, 0.17163531114327063, 0.08162083936324167, 0.08393632416787265, 0.046599131693198265], [0.019709056780854058, 0.04669169404035664, 0.12200844673862037, 0.24073205068043171, 0.25293289535429375, 0.18043172219615203, 0.06170811825434069, 0.05865790708587518, 0.01712810886907555], [0.02311382468382032, 0.0641081552551243, 0.1546736444250618, 0.27707515627271406, 0.25556040122110774, 0.13155981974124145, 0.049861898531763336, 0.03765082134031109, 0.006396278528855938], [0.021170935703084162, 0.047830632514375325, 0.12362780972294825, 0.25431259801359124, 0.26659696811291167, 0.1468897020386827, 0.06664924202822792, 0.05331939362258233, 0.019602718243596447], [0.01751412429378531, 0.03446327683615819, 0.08220338983050847, 0.2016949152542373, 0.25254237288135595, 0.20706214689265537, 0.07740112994350283, 0.09887005649717515, 0.02824858757062147], [0.012721417069243157, 0.04331723027375201, 0.13478260869565217, 0.24766505636070854, 0.24557165861513688, 0.1605475040257649, 0.05861513687600644, 0.06876006441223832, 0.028019323671497585], [0.010752688172043012, 0.03655913978494624, 0.10230414746543778, 0.19887352790578597, 0.25837173579109063, 0.22324628776241678, 0.07301587301587302, 0.07823860727086533, 0.01863799283154122], [0.009625126646403243, 0.02976190476190476, 0.09650455927051672, 0.2444275582573455, 0.2998986828774063, 0.2088399189463019, 0.054584599797365754, 0.048378926038500504, 0.007978723404255319], [0.23671497584541062, 0.10144927536231885, 0.20772946859903382, 0.1932367149758454, 0.14009661835748793, 0.04830917874396135, 0.024154589371980676, 0.04830917874396135, 0.0]]}, "ranksDetailed": {"labels": ["Unranked", "Combatatant", "Challenger", "Rival", "Duelist", "Elite"], "data": [[0.14102564102564102, 0.358974358974359, 0.33760683760683763, 0.11965811965811966, 0.042735042735042736, 0.0], [0.055613305613305616, 0.24272349272349272, 0.487006237006237, 0.17567567567567569, 0.028066528066528068, 0.010914760914760915], [0.012334113973458237, 0.08446526151444184, 0.3960967993754879, 0.3617486338797814, 0.10804059328649493, 0.03731459797033568], [0.02492122600973933, 0.15368089372672586, 0.4888284159266686, 0.2691205958178172, 0.05327986250358063, 0.010169006015468347], [0.18421052631578946, 0.3815789473684211, 0.21052631578947367, 0.17105263157894737, 0.05263157894736842, 0.0], [0.012184754888070274, 0.1392745820345707, 0.49617455369793145, 0.2435534145650326, 0.07877585718333806, 0.030036837631056957], [0.07117205354227882, 0.26673196212863204, 0.4593535749265426, 0.13679399281749918, 0.03852432255958211, 0.02742409402546523], [0.2936170212765957, 0.4, 0.20851063829787234, 0.09787234042553192, 0.0, 0.0], [0.052969502407704656, 0.28522039757994816, 0.4385726632917644, 0.15199407334238796, 0.05012964563526361, 0.021113717742931228], [0.04650297619047619, 0.22247023809523808, 0.4713541666666667, 0.203125, 0.04092261904761905, 0.015625], [0.0649028524183547, 0.3288548987184787, 0.45287308805291443, 0.11988424968995452, 0.027077304671351797, 0.0064076064489458455], [0.027057926829268292, 0.20179115853658536, 0.48323170731707316, 0.22065548780487804, 0.05125762195121951, 0.01600609756097561], [0.030058131291648943, 0.1855947823621154, 0.4868850134694456, 0.22387636466751737, 0.052885297036721964, 0.020700411172550687], [0.011950027159152634, 0.13063552417164584, 0.48859315589353614, 0.27648017381857687, 0.07197175448126018, 0.020369364475828353], [0.034161490683229816, 0.18271221532091098, 0.4523809523809524, 0.21583850931677018, 0.07712215320910973, 0.03778467908902691], [0.03330771201639764, 0.23084806559057136, 0.47578785549577246, 0.18780425313861132, 0.0517550602100948, 0.020497053548552396], [0.026724307329534288, 0.1933582236195716, 0.4863430929455689, 0.22558459422283356, 0.05030457850265278, 0.01768520337983887], [0.140625, 0.25, 0.390625, 0.125, 0.078125, 0.015625], [0.013386880856760375, 0.13092369477911647, 0.5352074966532798, 0.23306559571619812, 0.0713520749665328, 0.01606425702811245], [0.00916606757728253, 0.08213515456506111, 0.40851905104241554, 0.347411933860532, 0.11394680086268871, 0.038820992092020126], [0.017625231910946195, 0.11027365491651206, 0.4409786641929499, 0.31041280148423006, 0.09728664192949907, 0.023423005565862708], [0.01968503937007874, 0.19488188976377951, 0.5767716535433071, 0.19291338582677164, 0.015748031496062992, 0.0], [0.0111176702085793, 0.1038961038961039, 0.395021645021645, 0.3561589925226289, 0.10802833530106257, 0.025777253049980322], [0.012762254664990815, 0.166682780624577, 0.5885139708015082, 0.20013535724644688, 0.02784491926907087, 0.004060717393406168], [0.017458500286204923, 0.14081282198053807, 0.5220377790497996, 0.249570692615913, 0.06110475100171723, 0.009015455065827132], [0.009025270758122744, 0.11634394486380047, 0.4747292418772563, 0.2815884476534296, 0.08664259927797834, 0.03167049556941254], [0.07450254511800093, 0.2827394724664507, 0.43035631652012957, 0.16288755205923183, 0.036557149467838966, 0.012956964368347987], [0.05357142857142857, 0.18181818181818182, 0.4837662337662338, 0.21266233766233766, 0.052759740259740256, 0.015422077922077922], [0.03883817427385892, 0.2629045643153527, 0.4967634854771784, 0.15219917012448134, 0.03933609958506224, 0.00995850622406639], [0.022865412445730825, 0.143849493487699, 0.44949348769898695, 0.2532561505065123, 0.08393632416787265, 0.046599131693198265], [0.019709056780854058, 0.168700140778977, 0.4936649460347255, 0.24213984045049272, 0.05865790708587518, 0.01712810886907555], [0.02311382468382032, 0.21878179968018607, 0.5326355574938217, 0.1814217182730048, 0.03765082134031109, 0.006396278528855938], [0.021170935703084162, 0.17145844223732357, 0.5209095661265029, 0.21353894406691062, 0.05331939362258233, 0.019602718243596447], [0.01751412429378531, 0.11666666666666667, 0.4542372881355932, 0.2844632768361582, 0.09887005649717515, 0.02824858757062147], [0.012721417069243157, 0.17809983896940418, 0.4932367149758454, 0.21916264090177134, 0.06876006441223832, 0.028019323671497585], [0.010752688172043012, 0.13886328725038402, 0.4572452636968766, 0.2962621607782898, 0.07823860727086533, 0.01863799283154122], [0.009625126646403243, 0.12626646403242148, 0.5443262411347518, 0.2634245187436677, 0.048378926038500504, 0.007978723404255319], [0.23671497584541062, 0.30917874396135264, 0.3333333333333333, 0.07246376811594203, 0.04830917874396135, 0.0]]}}}, "eu": {"histType": {"histogram": {"labels": ["0", "100", "200", "300", "400", "500", "600", "700", "800", "900", "1000", "1100", "1200", "1300", "1400", "1500", "1600", "1700", "1800", "1900", "2000", "2100", "2200", "2300", "2400", "2500", "2600", "2700", "2800", "2900", "3000"], "data": [[0.0, 0.0, 0.0, 0.0, 0.0, 0.010869565217391304, 0.010869565217391304, 0.021739130434782608, 0.04891304347826087, 0.06521739130434782, 0.07065217391304347, 0.05434782608695652, 0.07608695652173914, 0.10326086956521739, 0.14130434782608695, 0.09782608695652174, 0.08695652173913043, 0.07065217391304347, 0.06521739130434782, 0.02717391304347826, 0.005434782608695652, 0.02717391304347826, 0.010869565217391304, 0.0, 0.005434782608695652, 0.0, 0.0, 0.0, 0.0, 0.0, 0.0], [0.0, 0.0, 0.0005521811154058532, 0.0011043622308117063, 0.0011043622308117063, 0.0027609055770292656, 0.005521811154058531, 0.00883489784649365, 0.019878520154610713, 0.02816123688569851, 0.03754831584759801, 0.05632247377139702, 0.07344008834897847, 0.09055770292655992, 0.1319712865819989, 0.12258420762009939, 0.14688017669795694, 0.07785753727222529, 0.11043622308117063, 0.034235229155162895, 0.013252346769740474, 0.018774157923799006, 0.004969630038652678, 0.0033130866924351186, 0.005521811154058531, 0.0033130866924351186, 0.0011043622308117063, 0.0, 0.0, 0.0, 0.0], [0.0, 0.00016597510373443983, 0.0, 0.00016597510373443983, 0.00016597510373443983, 0.00016597510373443983, 0.00033195020746887966, 0.0018257261410788382, 0.0034854771784232365, 0.004647302904564316, 0.011618257261410789, 0.017261410788381743, 0.026390041493775933, 0.03402489626556016, 0.06008298755186722, 0.08514522821576763, 0.14190871369294605, 0.10921161825726142, 0.216597510373444, 0.0833195020746888, 0.06190871369294606, 0.06639004149377593, 0.026224066390041493, 0.013443983402489626, 0.01975103734439834, 0.008796680497925312, 0.0031535269709543567, 0.002987551867219917, 0.0008298755186721991, 0.0, 0.0], [0.0, 0.0, 0.0, 0.0001362583458236817, 0.0001362583458236817, 0.0002725166916473634, 0.0009538084207657719, 0.0029976836081209973, 0.004905300449652541, 0.009810600899305083, 0.020302493527728574, 0.02970431938956261, 0.040468728709633466, 0.05382204660035427, 0.09224690012263251, 0.12304128627878458, 0.1651451151383022, 0.11745469410001362, 0.16487259844665486, 0.06785665622019349, 0.038424853522278236, 0.038969886905572966, 0.012126992778307671, 0.005041558795476223, 0.0070854339828314485, 0.0019076168415315439, 0.0005450333832947268, 0.001362583458236817, 0.0004087750374710451, 0.0, 0.0], [0.0, 0.0, 0.0, 0.0, 0.0, 0.025, 0.025, 0.0625, 0.05, 0.0375, 0.1, 0.0875, 0.0375, 0.0375, 0.0875, 0.075, 0.075, 0.075, 0.0625, 0.0875, 0.025, 0.0375, 0.0, 0.0, 0.0, 0.0125, 0.0, 0.0, 0.0, 0.0, 0.0], [0.0, 0.00014322543683758235, 0.00014322543683758235, 0.0002864508736751647, 0.00042967631051274706, 0.00014322543683758235, 0.00042967631051274706, 0.002148381552563735, 0.0030077341735892296, 0.006731595531366371, 0.013463191062732742, 0.02119736465196219, 0.03695216270409625, 0.06173016327699799, 0.09653394442853051, 0.11730163276997994, 0.1508163849899742, 0.10842165568604985, 0.1493841306215984, 0.073044972787167, 0.039386995130335146, 0.056717272987682615, 0.02248639358350043, 0.008450300773417359, 0.01589802348897164, 0.007590948152391865, 0.0030077341735892296, 0.0027212832999140646, 0.0014322543683758235, 0.0, 0.0], [0.0003006614552014432, 0.0003006614552014432, 0.0003006614552014432, 0.001503307276007216, 0.003307276007215875, 0.0027059530968129887, 0.004209260372820205, 0.010823812387251955, 0.02164762477450391, 0.028863499699338546, 0.04269392663860493, 0.060733613950691524, 0.08388454600120264, 0.08839446782922429, 0.103126879134095, 0.12928442573662058, 0.12086590499098016, 0.07606734816596512, 0.076668671076368, 0.04299458809380637, 0.023752254960914012, 0.025255562236921228, 0.012928442573662057, 0.008719182200841852, 0.010523150932050512, 0.00661455201443175, 0.006313890559230307, 0.006013229104028864, 0.0012026458208057728, 0.0, 0.0], [0.0, 0.0, 0.0, 0.0, 0.006060606060606061, 0.01818181818181818, 0.006060606060606061, 0.05454545454545454, 0.030303030303030304, 0.07272727272727272, 0.07272727272727272, 0.09696969696969697, 0.07878787878787878, 0.05454545454545454, 0.12727272727272726, 0.1393939393939394, 0.09090909090909091, 0.06060606060606061, 0.030303030303030304, 0.04242424242424243, 0.01818181818181818, 0.0, 0.0, 0.0, 0.0, 0.0, 0.0, 0.0, 0.0, 0.0, 0.0], [0.000370919881305638, 0.00012363996043521266, 0.0004945598417408506, 0.0004945598417408506, 0.0006181998021760633, 0.0017309594460929772, 0.003214638971315529, 0.00741839762611276, 0.015578635014836795, 0.026706231454005934, 0.044634025717111774, 0.06305637982195846, 0.0907517309594461, 0.09693372898120672, 0.1152324431256182, 0.12104352126607319, 0.1113996043521266, 0.0712166172106825, 0.08147873392680514, 0.043397626112759644, 0.03165182987141444, 0.02559347181008902, 0.014094955489614243, 0.0097675568743818, 0.012487636003956479, 0.0042037586547972305, 0.00556379821958457, 0.000741839762611276, 0.0, 0.0, 0.0], [0.0, 0.0, 0.00048192771084337347, 0.0, 0.0014457831325301205, 0.0014457831325301205, 0.0014457831325301205, 0.0077108433734939755, 0.010602409638554217, 0.016867469879518072, 0.042409638554216866, 0.04144578313253012, 0.06650602409638554, 0.08433734939759036, 0.10265060240963855, 0.10795180722891566, 0.14987951807228916, 0.09156626506024096, 0.12963855421686746, 0.03662650602409639, 0.04096385542168675, 0.03132530120481928, 0.013493975903614458, 0.010120481927710843, 0.006746987951807229, 0.0033734939759036144, 0.00048192771084337347, 0.00048192771084337347, 0.0, 0.0, 0.0], [0.0002492522432701894, 0.0004985044865403788, 0.0007477567298105683, 0.0009970089730807576, 0.0024925224327018943, 0.0027417746759720836, 0.004985044865403789, 0.010219341974077766, 0.01869391824526421, 0.03738783649052842, 0.05458624127617148, 0.07676969092721835, 0.09122632103688934, 0.10518444666001994, 0.1390827517447657, 0.13160518444666003, 0.10742771684945164, 0.06106679960119641, 0.06480558325024925, 0.033649052841475575, 0.019940179461615155, 0.01669990029910269, 0.004985044865403789, 0.006231306081754736, 0.003988035892323031, 0.0024925224327018943, 0.0012462612163509472, 0.0, 0.0, 0.0, 0.0], [0.0, 0.0, 0.0, 0.0, 0.000612119975515201, 0.0008161599673536013, 0.0016323199347072026, 0.004284839828606407, 0.008773719649051215, 0.015711079371556826, 