{"region": {"us": {"histType": {"histogram": {"labels": ["0", "100", "200", "300", "400", "500", "600", "700", "800", "900", "1000", "1100", "1200", "1300", "1400", "1500", "1600", "1700", "1800", "1900", "2000", "2100", "2200", "2300", "2400", "2500", "2600", "2700", "2800", "2900", "3000", "3100", "3200"], "data": [[0.0, 0.0, 0.0027816411682892906, 0.005563282336578581, 0.004172461752433936, 0.006954102920723227, 0.012517385257301807, 0.013908205841446454, 0.03616133518776078, 0.048678720445062586, 0.08205841446453407, 0.10152990264255911, 0.11821974965229486, 0.13212795549374132, 0.13212795549374132, 0.09874826147426982, 0.06675938803894298, 0.043115438108484005, 0.04450625869262865, 0.01808066759388039, 0.013908205841446454, 0.008344923504867872, 0.004172461752433936, 0.005563282336578581, 0.0, 0.0, 0.0, 0.0, 0.0, 0.0, 0.0, 0.0, 0.0], [0.0, 0.0002533569799847986, 0.0002533569799847986, 0.0002533569799847986, 0.0010134279199391944, 0.0020268558398783888, 0.004813782619711173, 0.009374208259437548, 0.01570813275905751, 0.028629338738282238, 0.038510260957689384, 0.05472510767671649, 0.08284773245502913, 0.09424879655434507, 0.13022548771218648, 0.13605269825183683, 0.1436534076513808, 0.08310108943501393, 0.10438307575373701, 0.03369647833797821, 0.016974917658981504, 0.006840638459589561, 0.0040537116797567775, 0.002786926779832784, 0.00177349885989359, 0.00177349885989359, 0.0010134279199391944, 0.0010134279199391944, 0.0, 0.0, 0.0, 0.0, 0.0], [0.00011993283761093787, 0.0, 0.0, 0.00023986567522187575, 0.00023986567522187575, 0.00023986567522187575, 0.00023986567522187575, 0.0005996641880546894, 0.0025185895898296954, 0.0034780522907171983, 0.005277044854881266, 0.006956104581434397, 0.011993283761093787, 0.01918925401775006, 0.025185895898296954, 0.038138642360278245, 0.08827056848165027, 0.16202926361237707, 0.36867354281602305, 0.08731110578076277, 0.052410650035979854, 0.06068601583113457, 0.023746701846965697, 0.009714559846485967, 0.019309186855360996, 0.006356440393379707, 0.0023986567522187576, 0.004077716478771888, 0.00011993283761093787, 0.0004797313504437515, 0.0, 0.0, 0.0], [0.0, 0.0, 0.0, 0.0, 0.0001168770453482936, 0.0, 0.0008181393174380552, 0.0017531556802244039, 0.0047919588592800376, 0.007947639083683964, 0.011570827489481066, 0.012973352033660589, 0.025596072931276297, 0.028167367928938758, 0.04219261337073399, 0.05084151472650771, 0.07059373539036932, 0.04254324450677887, 0.26741467975689576, 0.15462833099579243, 0.08987844787283777, 0.09782608695652174, 0.032491818606825616, 0.013557737260402058, 0.028050490883590462, 0.006778868630201029, 0.004675081813931743, 0.001986909770920991, 0.002805049088359046, 0.0, 0.0, 0.0, 0.0], [0.0, 0.0, 0.0, 0.0, 0.010309278350515464, 0.005154639175257732, 0.030927835051546393, 0.02577319587628866, 0.05670103092783505, 0.05154639175257732, 0.07216494845360824, 0.09278350515463918, 0.10309278350515463, 0.1134020618556701, 0.09278350515463918, 0.10309278350515463, 0.07731958762886598, 0.030927835051546393, 0.061855670103092786, 0.030927835051546393, 0.03608247422680412, 0.005154639175257732, 0.0, 0.0, 0.0, 0.0, 0.0, 0.0, 0.0, 0.0, 0.0, 0.0, 0.0], [0.0, 0.0, 0.0, 0.0, 0.0, 0.0, 0.0, 0.0013983005270517372, 0.0012907389480477573, 0.0047327094761751105, 0.0072066257932666454, 0.011293965795417877, 0.021404754221791975, 0.06819404108852319, 0.12272776164354093, 0.1494030332365279, 0.17683123588254276, 0.11078842637409918, 0.1495105948155319, 0.05625470581908142, 0.032806281596213835, 0.03969022265246854, 0.015166182639561149, 0.008067118425298484, 0.012262020006453695, 0.0047327094761751105, 0.002904162633107454, 0.0013983005270517372, 0.0012907389480477573, 0.0006453694740238787, 0.0, 0.0, 0.0], [0.0, 0.0, 0.00040617384240454913, 0.0022339561332250205, 0.0016246953696181965, 0.0034524776604386675, 0.00710804224207961, 0.012794476035743298, 0.019090170593013808, 0.03574329813160033, 0.050365556458164096, 0.06904955320877336, 0.0934199837530463, 0.11311941510966694, 0.12164906580016246, 0.12002437043054427, 0.11961819658813973, 0.06681559707554834, 0.0727051177904143, 0.02843216896831844, 0.017668562144597888, 0.016043866774979692, 0.008326563769293258, 0.005077173030056864, 0.006295694557270512, 0.0036555645816409425, 0.002437043054427295, 0.001421608448415922, 0.0010154346060113728, 0.00020308692120227456, 0.00020308692120227456, 0.0, 0.0], [0.0026954177897574125, 0.0026954177897574125, 0.0, 0.008086253369272238, 0.005390835579514825, 0.018867924528301886, 0.013477088948787063, 0.03504043126684636, 0.05660377358490566, 0.12398921832884097, 0.11590296495956873, 0.1293800539083558, 0.09973045822102426, 0.1105121293800539, 0.07008086253369272, 0.07008086253369272, 0.05121293800539083, 0.013477088948787063, 0.02425876010781671, 0.03234501347708895, 0.01078167115902965, 0.0026954177897574125, 0.0026954177897574125, 0.0, 0.0, 0.0, 0.0, 0.0, 0.0, 0.0, 0.0, 0.0, 0.0], [0.00021287919105907396, 0.00021287919105907396, 0.0004257583821181479, 0.00031931878658861094, 0.0005321979776476849, 0.0012772751463544438, 0.0015965939329430547, 0.004364023416711016, 0.007557211282597126, 0.01617881852048962, 0.02575838211814795, 0.03427354976051091, 0.04129856306546035, 0.045981905268759976, 0.05694518360830229, 0.06663118680149016, 0.20329962746141564, 0.13326237360298032, 0.14539648749334752, 0.06482171367748803, 0.04310803618946248, 0.04257583821181479, 0.021820117083555083, 0.013198509845662586, 0.018094731240021287, 0.005109100585417775, 0.0023416711016498136, 0.0029803086748270355, 0.0004257583821181479, 0.0, 0.0, 0.0, 0.0], [0.0, 0.0, 0.0, 0.0, 0.00039308176100628933, 0.0007861635220125787, 0.0011792452830188679, 0.0015723270440251573, 0.0023584905660377358, 0.009433962264150943, 0.012971698113207548, 0.015723270440251572, 0.02240566037735849, 0.03773584905660377, 0.06210691823899371, 0.07861635220125786, 0.10455974842767296, 0.08844339622641509, 0.17727987421383648, 0.06918238993710692, 0.0735062893081761, 0.09669811320754718, 0.04323899371069182, 0.01650943396226415, 0.04756289308176101, 0.013757861635220126, 0.01218553459119497, 0.008254716981132075, 0.002751572327044025, 0.0007861635220125787, 0.0, 0.0, 0.0], [0.0, 0.0, 0.0001781895937277263, 0.0, 0.0008909479686386316, 0.0005345687811831789, 0.0012473271560940842, 0.004454739843193158, 0.008553100498930863, 0.014611546685673557, 0.021382751247327157, 0.02993585174625802, 0.05363506771204562, 0.06343549536707056, 0.10138987883107627, 0.12544547398431932, 0.1530648610121169, 0.09640057020669993, 0.14397719173200285, 0.061831789023521024, 0.03759800427655025, 0.037241625089094794, 0.012829650748396294, 0.008374910905203136, 0.0135424091233072, 0.0033856022808268, 0.0026728439059158947, 0.0014255167498218105, 0.0019600855310049894, 0.0, 0.0, 0.0, 0.0], [0.0, 0.0, 0.00043115837884449555, 0.00043115837884449555, 0.00043115837884449555, 0.0033055475711411325, 0.006323656223052601, 0.012647312446105202, 0.02098304110376545, 0.03621730382293763, 0.05921241736131072, 0.0744466800804829, 0.09830411037654499, 0.1191434320206956, 0.13883299798792756, 0.12144294337453292, 0.1033342914630641, 0.05993101465938488, 0.06194308709399253, 0.026588100028743893, 0.018252371371083646, 0.015234262719172175, 0.008048289738430584, 0.004167864328830124, 0.0038804254096004597, 0.0035929864903707963, 0.0014371945961483186, 0.0002874389192296637, 0.0011497556769186547, 0.0, 0.0, 0.0, 0.0], [0.0, 0.0, 0.0, 0.0, 0.0001278118609406953, 0.0005112474437627812, 0.0016615541922290389, 0.002044989775051125, 0.0043456032719836404, 0.005240286298568507, 0.013164621676891615, 0.019427402862985686, 0.027862985685071576, 0.033614519427402866, 0.04792944785276074, 0.04447852760736196, 0.22469325153374234, 0.15439672801635992, 0.2147239263803681, 0.07515337423312883, 0.04000511247443763, 0.041794478527607364, 0.016232106339468304, 0.01060838445807771, 0.0135480572597137, 0.0037065439672801636, 0.0017893660531697342, 0.0010224948875255625, 0.0019171779141104294, 0.0, 0.0, 0.0, 0.0], [0.00020844189682126107, 0.0, 0.0, 0.00010422094841063054, 0.00010422094841063054, 0.0003126628452318916, 0.0012506513809275664, 0.001563314226159458, 0.004273058884835852, 0.010005211047420531, 0.0160500260552371, 0.018968212610734756, 0.02501302761855133, 0.063470557582074, 0.141323606044815, 0.1491401771756123, 0.1702970297029703, 0.11016154247003648, 0.13569567483064096, 0.05398645127670662, 0.030432516935904118, 0.03220427305888483, 0.012089630015633143, 0.005627931214174049, 0.009379885356956748, 0.0030224075039082857, 0.0018759770713913497, 0.0021886399166232413, 0.0005211047420531526, 0.0006253256904637832, 0.00010422094841063054, 0.0, 0.0], [0.0, 0.0, 0.0, 0.0001810610175629187, 0.0005431830526887561, 0.0001810610175629187, 0.0012674271229404308, 0.001810610175629187, 0.003983342386384212, 0.006880318667390911, 0.014484881405033496, 0.025348542458808618, 0.043997827267789245, 0.06536302734021365, 0.09632446134347275, 0.11823284446858591, 0.15915263443780553, 0.11750860039833425, 0.15263443780554048, 0.06988955277928662, 0.04345464421510049, 0.036755386565272496, 0.01539018649284809, 0.006156074597139236, 0.010320478001086366, 0.004526525439072967, 0.002896976281006699, 0.0009053050878145935, 0.0009053050878145935, 0.0009053050878145935, 0.0, 0.0, 0.0], [0.0, 0.0, 0.00024912805181863477, 0.00024912805181863477, 0.0017438963627304435, 0.0032386646736422523, 0.0014947683109118087, 0.005480817140009965, 0.011210762331838564, 0.01768809167912307, 0.030642750373692077, 0.046836073741903336, 0.06626806178375685, 0.09217737917289487, 0.114598903836572, 0.12879920279023419, 0.13079222720478326, 0.09591429995017439, 0.10189337319382162, 0.045590433482810166, 0.029646238166417538, 0.03139013452914798, 0.014200298953662182, 0.0064773293472845045, 0.01245640259093174, 0.005480817140009965, 0.002242152466367713, 0.0027404085700049826, 0.00024912805181863477, 0.00024912805181863477, 0.0, 0.0, 0.0], [0.0001858045336306206, 0.0, 0.0005574136008918618, 0.001300631735414344, 0.0005574136008918618, 0.001300631735414344, 0.003530286138981791, 0.007060572277963582, 0.011891490152359718, 0.019881085098476404, 0.03214418431809736, 0.05276848755109625, 0.07450761798587885, 0.1020066889632107, 0.12467484206614642, 0.1280193236714976, 0.1361947231512449, 0.07933853586027499, 0.11334076551467856, 0.039576365663322184, 0.022853957636566332, 0.023039762170196952, 0.010033444816053512, 0.004645113340765515, 0.005202526941657376, 0.0018580453363062058, 0.0005574136008918618, 0.001300631735414344, 0.001300631735414344, 0.0003716090672612412, 0.0, 0.0, 0.0], [0.0, 0.0, 0.00012616704516780217, 0.00025233409033560434, 0.0003785011355034065, 0.00025233409033560434, 0.0008831693161746152, 0.0016401715871814282, 0.0027756749936916477, 0.0063083522583901085, 0.012490537471612415, 0.014130709058793843, 0.027630582891748676, 0.03393893515013879, 0.1459752712591471, 0.15770880645975272, 0.1742366893767348, 0.11216250315417613, 0.174741357557406, 0.04743880898309362, 0.025233409033560434, 0.028892253343426696, 0.010219530658591975, 0.0063083522583901085, 0.008453192026242746, 0.0031541761291950542, 0.0012616704516780217, 0.0010093363613424174, 0.0018925056775170325, 0.0005046681806712087, 0.0, 0.0, 0.0], [0.0, 0.0, 0.0, 0.006211180124223602, 0.006211180124223602, 0.006211180124223602, 0.0, 0.018633540372670808, 0.049689440993788817, 0.09316770186335403, 0.062111801242236024, 0.08074534161490683, 0.07453416149068323, 0.062111801242236024, 0.043478260869565216, 0.12422360248447205, 0.08695652173913043, 0.08695652173913043, 0.037267080745341616, 0.043478260869565216, 0.049689440993788817, 0.012422360248447204, 0.031055900621118012, 0.0, 0.006211180124223602, 0.006211180124223602, 0.0, 0.012422360248447204, 0.0, 0.0, 0.0, 0.0, 0.0], [0.00022351363433169424, 0.00011175681716584712, 0.0, 0.0, 0.0, 0.00011175681716584712, 0.00022351363433169424, 0.001005811354492624, 0.0023468931604827895, 0.004582029503799732, 0.0073759499329459095, 0.009946356727760394, 0.021569065713008494, 0.029727313366115334, 0.05185516316495306, 0.1586946803755029, 0.22753687974966472, 0.14930710773357175, 0.15455967814036656, 0.06548949485918641, 0.037773804202056324, 0.037438533750558785, 0.013522574877067501, 0.006928922664282521, 0.010952168082253017, 0.004023245417970496, 0.001899865891819401, 0.002235136343316942, 0.0005587840858292355, 0.0, 0.0, 0.0, 0.0], [0.0, 0.0, 0.0, 0.00012106537530266344, 0.0, 0.00012106537530266344, 0.0009685230024213075, 0.0003631961259079903, 0.0012106537530266344, 0.0021791767554479417, 0.0044794188861985475, 0.006779661016949152, 0.011259079903147699, 0.01585956416464891, 0.027723970944309926, 0.10326876513317192, 0.18898305084745762, 0.15181598062953996, 0.21307506053268765, 0.09164648910411623, 0.05811138014527845, 0.0576271186440678, 0.020217917675544796, 0.010895883777239709, 0.019491525423728815, 0.007263922518159807, 0.003389830508474576, 0.000847457627118644, 0.0015738498789346247, 0.00024213075060532688, 0.00048426150121065375, 0.0, 0.0], [0.00019819641264493112, 9.909820632246556e-05, 0.0, 0.00019819641264493112, 0.00019819641264493112, 0.0005945892379347934, 0.0007927856505797245, 0.0018828659201268457, 0.002972946189673967, 0.005450401347735606, 0.010008918838569022, 0.013279159647210385, 0.017540382519076404, 0.024675453374293926, 0.03359429194331583, 0.14121494400951343, 0.16836785254186898, 0.13913388167674165, 0.19026855613913388, 0.08542265384996532, 0.0512337726687147, 0.05717966504806263, 0.021504310771975028, 0.01119809731443861, 0.01427014171043504, 0.0044594192845109504, 0.0023783569517391735, 0.0014864730948369834, 0.00039639282528986224, 0.0, 0.0, 0.0, 0.0], [0.0, 0.0, 0.0, 0.001447178002894356, 0.001447178002894356, 0.0, 0.0, 0.00723589001447178, 0.00723589001447178, 0.005788712011577424, 0.013024602026049204, 0.02604920405209841, 0.04341534008683068, 0.08683068017366136, 0.12301013024602026, 0.1736613603473227, 0.17221418234442837, 0.12445730824891461, 0.12011577424023155, 0.049204052098408106, 0.023154848046309694, 0.013024602026049204, 0.001447178002894356, 0.00723589001447178, 0.0, 0.0, 0.0, 0.0, 0.0, 0.0, 0.0, 0.0, 0.0], [0.0, 0.0, 0.0, 9.271277582050807e-05, 0.0, 9.271277582050807e-05, 0.0002781383274615242, 0.0007417022065640646, 0.0016688299647691451, 0.004913777118486927, 0.007231596513999629, 0.012330799184127572, 0.021416651214537362, 0.02781383274615242, 0.040515483033562026, 0.04802521787502318, 0.08705729649545707, 0.16818097533840162, 0.28481364732060077, 0.09725570183571296, 0.05915075097348415, 0.07556091229371407, 0.02021138512887076, 0.010198405340255887, 0.020025959577229743, 0.005099202670127943, 0.002503244947153718, 0.0023178193955127016, 0.0023178193955127016, 0.00018542555164101615, 0.0, 0.0, 0.0], [0.00010019036168720569, 0.00010019036168720569, 0.00010019036168720569, 0.0, 0.00030057108506161706, 0.00040076144674882274, 0.00030057108506161706, 0.0009017132551848512, 0.0011020939785592627, 0.005209898807734696, 0.009518084360284541, 0.019036168720569083, 0.03216110610159303, 0.044785091674180946, 0.06422202184149885, 0.07604448452058912, 0.0950806532411582, 0.20889690411782386, 0.23113916441238352, 0.0914738002204188, 0.04618775673780182, 0.04177938082356477, 0.014928363891393648, 0.006412183147981164, 0.004207995190862639, 0.0018034265103697023, 0.0034064722973649935, 0.00040076144674882274, 0.0, 0.0, 0.0, 0.0, 0.0], [0.0, 0.00010850694444444444, 0.0, 0.00010850694444444444, 0.00010850694444444444, 0.0003255208333333333, 0.0007595486111111111, 0.001736111111111111, 0.0022786458333333335, 0.004665798611111111, 0.008572048611111112, 0.013997395833333334, 0.05067274305555555, 0.08441840277777778, 0.11317274305555555, 0.14051649305555555, 0.15831163194444445, 0.11577690972222222, 0.1384548611111111, 0.06239149305555555, 0.03830295138888889, 0.03396267361111111, 0.014214409722222222, 0.006076388888888889, 0.005859375, 0.0026041666666666665, 0.0013020833333333333, 0.0013020833333333333, 0.0, 0.0, 0.0, 0.0, 0.0], [0.0, 0.0, 0.0, 0.0, 0.00024012486492976348, 0.0, 0.0008404370272541722, 0.0024012486492976347, 0.004922559731060152, 0.007924120542682194, 0.016688678112618562, 0.025453235682554927, 0.04226197622763837, 0.06747508704526353, 0.10349381678472806, 0.1255853043582663, 0.15331972625765397, 0.0979709448913435, 0.16664665626125585, 0.05931084163765158, 0.037219354064113336, 0.038299915956297274, 0.016088365950294153, 0.006603433785568495, 0.0124864929763477, 0.005042622163525033, 0.003962060271341097, 0.0024012486492976347, 0.0020410613519029897, 0.00048024972985952696, 0.0008404370272541722, 0.0, 0.0], [0.0, 0.00017328019407381737, 0.00017328019407381737, 0.00034656038814763474, 0.0010396811644429042, 0.0010396811644429042, 0.0017328019407381737, 0.0025992029111072605, 0.005544966210362156, 0.017847859989603188, 0.04228036735401144, 0.059954947149540805, 0.07901576849766072, 0.1048345174146595, 0.12580142089759141, 0.11835037255241726, 0.1465950441864495, 0.07745624675099635, 0.11436492808871945, 0.029804193380696585, 0.023912666782186797, 0.020793623288858084, 0.00849072950961705, 0.004505285045919251, 0.0071044879570265115, 0.0020793623288858083, 0.0020793623288858083, 0.00017328019407381737, 0.0010396811644429042, 0.0008664009703690869, 0.0, 0.0, 0.0], [0.0, 0.0, 0.0, 0.000726920281075842, 0.000969227041434456, 0.002180760843227526, 0.003876908165737824, 0.006784589290041192, 0.013569178580082384, 0.015265325902592683, 0.026411436879088927, 0.04288829658347468, 0.05379210079961231, 0.08214199176157015, 0.12357644778289315, 0.1313302641143688, 0.14926096438090622, 0.09619578386236977, 0.11024957596316937, 0.04797673855100557, 0.02786527744124061, 0.022534528713351102, 0.012357644778289314, 0.00969227041434456, 0.008723043372910104, 0.003149987884661982, 0.002665374363944754, 0.003392294645020596, 0.001453840562151684, 0.000969227041434456, 0.0, 0.0, 0.0], [0.00022469385462307607, 0.0, 0.0, 0.0, 0.00044938770924615214, 0.00044938770924615214, 0.0016852039096730705, 0.003370407819346141, 0.0049432648017076735, 0.009549488821480732, 0.017413773733288396, 0.04123132232333446, 0.0844848893382766, 0.11987417144141108, 0.1468374339961802, 0.15121896416133018, 0.13807437366588024, 0.08044039995506123, 0.09560723514211886, 0.03415346590270756, 0.020784181552634534, 0.02437928322660375, 0.009212448039546118, 0.004381530165149983, 0.007190203347938434, 0.0022469385462307607, 0.0005617346365576902, 0.0008987754184923043, 0.00011234692731153803, 0.00022469385462307607, 0.0, 0.0, 0.0], [0.0, 0.0, 0.0, 0.0002836074872376631, 0.00014180374361883155, 0.00014180374361883155, 0.0014180374361883153, 0.0004254112308564946, 0.002127056154282473, 0.0045377197958026095, 0.007657402155416903, 0.00935904707884288, 0.014605785592739649, 0.06168462847419172, 0.11415201361315938, 0.13910947249007374, 0.17342597844583096, 0.1110323312535451, 0.1663357912648894, 0.059132161089052754, 0.037152580828133865, 0.04112308564946115, 0.018859897901304594, 0.007941009642654566, 0.014463981849120816, 0.004821327283040272, 0.005104934770277935, 0.0022688598979013048, 0.00184344866704481, 0.0005672149744753262, 0.0002836074872376631, 0.0, 0.0], [0.0, 0.0, 0.00017286084701815038, 0.00034572169403630077, 0.0010371650821089024, 0.001382886776145203, 0.0022471910112359553, 0.00466724286949006, 0.0076058772687986175, 0.018323249783923943, 0.03042350907519447, 0.041659464131374245, 0.0679343128781331, 0.0912705272255834, 0.11719965427830596, 0.1320656871218669, 0.14503025064822817, 0.0898876404494382, 0.12411408815903198, 0.0449438202247191, 0.027312013828867762, 0.0219533275713051, 0.010371650821089023, 0.0044943820224719105, 0.005531547104580812, 0.0012100259291270526, 0.0022471910112359553, 0.0038029386343993088, 0.0025929127052722557, 0.00017286084701815038, 0.0, 0.0, 0.0], [0.00011841326228537596, 0.0, 0.0, 0.0, 0.00011841326228537596, 0.0010657193605683837, 0.0007104795737122557, 0.002368265245707519, 0.002841918294849023, 0.005802249851983422, 0.013735938425103612, 0.0216696269982238, 0.035050325636471286, 0.04251036116044997, 0.058140911782119595, 0.11663706335109532, 0.2093546477205447, 0.1497927767910006, 0.16104203670811132, 0.07199526346950859, 0.044997039668442866, 0.0330373001776199, 0.013262285375962107, 0.005447010065127295, 0.00556542332741267, 0.0020130254588513912, 0.0022498519834221434, 0.00035523978685612787, 0.00011841326228537596, 0.0, 0.0, 0.0, 0.0], [0.0, 0.0, 0.0, 0.00014997000599880023, 0.00014997000599880023, 0.00044991001799640074, 0.0005998800239952009, 0.0016496700659868026, 0.0026994601079784043, 0.005698860227954409, 0.02384523095380924, 0.032993401319736056, 0.06823635272945411, 0.09673065386922615, 0.132873425314937, 0.14592081583683264, 0.15611877624475104, 0.10347930413917217, 0.11067786442711458, 0.04259148170365927, 0.02564487102579484, 0.02009598080383923, 0.009748050389922016, 0.004499100179964007, 0.007498500299940012, 0.002549490101979604, 0.0026994601079784043, 0.0011997600479904018, 0.0011997600479904018, 0.0, 0.0, 0.0, 0.0], [0.0, 0.0, 0.0, 0.0001552312946289972, 0.0, 0.00046569388388699164, 0.0009313877677739833, 0.0009313877677739833, 0.0023284694194349582, 0.0018627755355479665, 0.005277864017385905, 0.010866190624029805, 0.04004967401428128, 0.06426575597640484, 0.09220738900962434, 0.11797578391803788, 0.1555417572182552, 0.10990375659733002, 0.17944737659112078, 0.07016454517230673, 0.04160198696057125, 0.046258925799441165, 0.020335299596398633, 0.011021421918658802, 0.015833592052157716, 0.006364483079788885, 0.0027941633033219497, 0.000776156473144986, 0.0023284694194349582, 0.0003104625892579944, 0.0, 0.0, 0.0], [0.0, 0.0, 0.00011674060238150829, 0.0, 0.00023348120476301658, 0.0003502218071445249, 0.0003502218071445249, 0.0012841466261965912, 0.0010506654214335746, 0.0035022180714452487, 0.006770954938127481, 0.016110203128648144, 0.0267335979453654, 0.044711650712117676, 0.05533504552883493, 0.1578332944197992, 0.1815316367032454, 0.11020312864814383, 0.18199859911277141, 0.06444081251459258, 0.044361428904973146, 0.039925286014475835, 0.023464861078683168, 0.012141022647676861, 0.01634368433341116, 0.004319402288115806, 0.0029185150595377072, 0.002101330842867149, 0.0010506654214335746, 0.000817184216670558, 0.0, 0.0, 0.0], [0.0, 0.0, 0.0, 0.0, 9.52925481227368e-05, 9.52925481227368e-05, 9.52925481227368e-05, 0.0008576329331046312, 0.0018105584143319991, 0.004859919954259577, 0.009052792071659996, 0.01667619592147894, 0.027920716599961884, 0.03640175338288546, 0.05441204497808271, 0.05803316180674671, 0.0714694110920526, 0.07718696397941681, 0.32923575376405567, 0.11473222793977511, 0.0649895178197065, 0.07242233657327997, 0.018296169239565466, 0.009052792071659996, 0.01963026491328378, 0.004955212502382313, 0.0029540689918048407, 0.0024776062511911567, 0.0018105584143319991, 0.000476462740613684, 0.0, 0.0, 0.0], [0.0, 0.0, 0.0, 0.0, 0.0, 0.00010148163182463974, 0.0006088897909478384, 0.003044448954739192, 0.005378526486705906, 0.009742236655165415, 0.018266693728435153, 0.033793383397605035, 0.05084229754414451, 0.0771260401867262, 0.1146742439618429, 0.13689872133143902, 0.17424396184290644, 0.10919423584331236, 0.1549624517962249, 0.04739192206210676, 0.02405114674243962, 0.025065963060686015, 0.006596306068601583, 0.0032474122183884717, 0.0024355591637913536, 0.0008118530545971179, 0.0006088897909478384, 0.0006088897909478384, 0.0003044448954739192, 0.0, 0.0, 0.0, 0.0], [0.0, 0.0029940119760479044, 0.0, 0.0029940119760479044, 0.005988023952095809, 0.020958083832335328, 0.020958083832335328, 0.038922155688622756, 0.08383233532934131, 0.059880239520958084, 0.05089820359281437, 0.07784431137724551, 0.08083832335329341, 0.11976047904191617, 0.12275449101796407, 0.10479041916167664, 0.07784431137724551, 0.04790419161676647, 0.038922155688622756, 0.014970059880239521, 0.011976047904191617, 0.008982035928143712, 0.0, 0.005988023952095809, 0.0, 0.0, 0.0, 0.0, 0.0, 0.0, 0.0, 0.0, 0.0]]}, "ranks": {"labels": ["Unranked", "Combatatent I", "Combatatent II", "Challenger I", "Challenger II", "Rival I", "Rival II", "Duelist", "Elite"], "data": [[0.13073713490959665, 0.1835883171070932, 0.25034770514603616, 0.23087621696801114, 0.10987482614742698, 0.05702364394993046, 0.019471488178025034, 0.01808066759388039, 0.0], [0.06232581707626045, 0.09323536863440587, 0.1770965290093742, 0.2662781859640233, 0.22675449708639472, 0.1238915632125665, 0.031162908538130224, 0.013681276919179123, 0.005573853559665568], [0.007675701607100024, 0.012233149436315663, 0.031182537778843847, 0.0633245382585752, 0.25029983209402734, 0.41616694650995445, 0.09222835212281122, 0.09414727752458624, 0.03274166466778604], [0.015427769985974754, 0.024544179523141654, 0.053763440860215055, 0.09303412809724171, 0.1131369798971482, 0.35098176718092566, 0.16093969144460027, 0.14387564282374943, 0.044296400187003274], [0.18041237113402062, 0.16494845360824742, 0.21649484536082475, 0.1958762886597938, 0.10824742268041238, 0.09278350515463918, 0.03608247422680412, 0.005154639175257732, 0.0], [0.007421748951274605, 0.01850059158868452, 0.08959879531031516, 0.27213079488006886, 0.28761966225664193, 0.18145638377971388, 0.057115198451113264, 0.06292352371732816, 0.023233301064859633], [0.08245329000812347, 0.11941510966693746, 0.20653939886271325, 0.24167343623070675, 0.18643379366368806, 0.09057676685621446, 0.028229082047116164, 0.029447603574329812, 0.015231519090170594], [0.2668463611859838, 0.24528301886792453, 0.21024258760107817, 0.14016172506738545, 0.0646900269541779, 0.04043126684636118, 0.026954177897574125, 0.005390835579514825, 0.0], [0.032676955827567855, 0.06003193187865886, 0.08728046833422033, 0.12357637040979244, 0.33656200106439593, 0.1819052687599787, 0.07142096860031932, 0.07759446514103246, 0.02895156998403406], [0.015723270440251572, 0.02869496855345912, 0.060141509433962265, 0.14072327044025157, 0.19300314465408805, 0.21187106918238993, 0.10809748427672956, 0.15644654088050314, 0.08529874213836477], [0.030470420527441196, 0.05131860299358518, 0.11707056307911617, 0.22683535281539557, 0.2494654312188168, 0.1808624376336422, 0.06254454739843193, 0.05844618674269423, 0.022986457590876693], [0.0807703363035355, 0.1336590974417936, 0.2174475423972406, 0.26027594136246046, 0.16326530612244897, 0.07588387467663121, 0.03089968381718885, 0.027450416786432882, 0.010347801092267893], [0.013931492842535788, 0.0325920245398773, 0.061477505112474434, 0.0924079754601227, 0.37908997955010226, 0.2579243353783231, 0.07195807770961145, 0.06863496932515338, 0.02198364008179959], [0.01782178217821782, 0.03501823866597186, 0.08848358520062533, 0.2904637832204273, 0.2804585721730068, 0.16644085461177696, 0.053673788431474724, 0.04992183428869203, 0.01771756122980719], [0.014847003440159334, 0.039833423863842116, 0.10936085460800289, 0.21455730581205867, 0.2766612348361398, 0.19101937352887924, 0.07495926127104835, 0.058301647655259824, 0.020459894984609813], [0.041355256601893375, 0.07747882411559541, 0.15844544095665172, 0.24339810662680617, 0.22670652715495765, 0.1268061783756851, 0.050323866467364226, 0.05206776283009467, 0.023418036870951668], [0.04626532887402453, 0.08491267186919361, 0.17651430694908957, 0.25269416573764397, 0.21553325901151987, 0.13768115942028986, 0.038089929394277224, 0.037718320327015976, 0.010590858416945374], [0.012616704516780217, 0.02662124653040626, 0.06156951804188746, 0.3036840777188998, 0.28639919253091095, 0.20186727226848347, 0.04554630330557658, 0.045420136260408785, 0.01627554882664648], [0.18012422360248448, 0.14285714285714285, 0.13664596273291926, 0.16770186335403728, 0.17391304347826086, 0.055900621118012424, 0.07453416149068323, 0.043478260869565216, 0.024844720496894408], [0.008605274921770227, 0.017322306660706305, 0.05129637907912383, 0.21054984354045597, 0.3768439874832365, 0.1935628073312472, 0.0642601698703621, 0.057890031291908804, 0.019669199821189094], [0.004963680387409201, 0.011259079903147699, 0.02711864406779661, 0.13099273607748185, 0.3407990314769976, 0.2639225181598063, 0.09891041162227603, 0.0887409200968523, 0.033292978208232446], [0.012387275790308195, 0.023288078485779407, 0.04221583589337033, 0.17480923595282927, 0.30750173421861066, 0.23734020414230503, 0.08958477851550888, 0.08988207313447627, 0.022990783866812012], [0.023154848046309694, 0.03907380607814761, 0.13024602026049203, 0.29667149059334297, 0.29667149059334297, 0.14905933429811866, 0.04341534008683068, 0.02170767004341534, 0.0], [0.007787873168922678, 0.0195623956981272, 0.04923048396068978, 0.08854070090858521, 0.2552382718338587, 0.34164657889857225, 0.09957352123122566, 0.10597070276284072, 0.032449471537177824], [0.008516180743412484, 0.02855425308085362, 0.07694619777577397, 0.14026650636208796, 0.3039775573589821, 0.28243662959623284, 0.08636409177437131, 0.06311992786293959, 0.009818655445346158], [0.010091145833333334, 0.022569444444444444, 0.13509114583333334, 0.2536892361111111, 0.2740885416666667, 0.173828125, 0.06532118055555555, 0.054253472222222224, 0.011067708333333334], [0.016328490815223917, 0.04214191379517349, 0.1097370632729019, 0.22907912114299436, 0.2512906711489975, 0.19774282626966022, 0.06543402569336054, 0.06099171569215992, 0.027254172169528156], [0.030497314156991855, 0.10223531450355225, 0.18385028591232022, 0.24415179345000868, 0.22405129093744586, 0.1306532663316583, 0.03742852191994455, 0.033789637844394385, 0.013342574943683938], [0.043372910104191906, 0.0692997334625636, 0.13593409256118247, 0.25490671189726194, 0.24545674824327599, 0.13738793312333414, 0.048703658832081415, 0.044584443905984976, 0.020353767870123576], [0.020671834625323, 0.05864509605662285, 0.20435906077968768, 0.2980563981575104, 0.21851477362094146, 0.11414447814852263, 0.03640040444893832, 0.03797326143129985, 0.011234692731153803], [0.009075439591605219, 0.017016449234259785, 0.07629041406693136, 0.2532614861032331, 0.2844583096993761, 0.1982416335791265, 0.06437889960294951, 0.06792399319342031, 0.02935337492909813], [0.03578219533275713, 0.07208297320656872, 0.15920484010371652, 0.24926534140017287, 0.23491789109766636, 0.15038893690579083, 0.045980985306828, 0.03681936041486603, 0.015557476231633534], [0.013025458851391355, 0.035405565423327415, 0.07756068679692125, 0.1747779751332149, 0.3591474245115453, 0.20059206631142687, 0.07744227353463588, 0.0517465956187093, 0.010301953818827708], [0.011397720455908818, 0.05683863227354529, 0.16496700659868027, 0.27879424115176965, 0.25959808038392324, 0.13407318536292742, 0.044841031793641274, 0.03434313137372526, 0.015146970605878824], [0.00667494566904688, 0.01614405464141571, 0.10431542999068612, 0.21018317292766223, 0.26544551381558523, 0.2173238124805961, 0.07389009624340268, 0.0776156473144986, 0.028407326917106488], [0.006887695540508989, 0.022881158066775625, 0.07144524865748307, 0.21316833994863413, 0.2917347653513892, 0.2167872986224609, 0.07401354190987626, 0.07553116974083586, 0.027550782162035957], [0.007813988946064417, 0.025728987993138937, 0.06432246998284734, 0.11244520678482943, 0.14865637507146942, 0.39260529826567564, 0.11635220125786164, 0.09977129788450544, 0.03230417381360778], [0.018875583519382993, 0.05206007712604019, 0.1279683377308707, 0.25157296529328194, 0.2834381976862188, 0.18226101075705298, 0.04414450984371829, 0.03490968134767607, 0.004769636695758068], [0.23652694610778444, 0.12874251497005987, 0.20059880239520958, 0.2275449101796407, 0.12574850299401197, 0.041916167664670656, 0.023952095808383235, 0.014970059880239521, 0.0]]}, "ranksDetailed": {"labels": ["Unranked", "Combatatant", "Challenger", "Rival", "Duelist", "Elite"], "data": [[0.13073713490959665, 0.4339360222531293, 0.34075104311543813, 0.07649513212795549, 0.01808066759388039, 0.0], [0.06232581707626045, 0.2703318976437801, 0.49303268305041803, 0.15505447175069673, 0.013681276919179123, 0.005573853559665568], [0.007675701607100024, 0.04341568721515951, 0.31362437035260254, 0.5083952986327657, 0.09414727752458624, 0.03274166466778604], [0.015427769985974754, 0.0783076203833567, 0.2061711079943899, 0.511921458625526, 0.14387564282374943, 0.044296400187003274], [0.18041237113402062, 0.38144329896907214, 0.30412371134020616, 0.12886597938144329, 0.005154639175257732, 0.0], [0.007421748951274605, 0.10809938689899967, 0.5597504571367108, 0.23857158223082714, 0.06292352371732816, 0.023233301064859633], [0.08245329000812347, 0.3259545085296507, 0.4281072298943948, 0.11880584890333062, 0.029447603574329812, 0.015231519090170594], [0.2668463611859838, 0.4555256064690027, 0.20485175202156333, 0.0673854447439353, 0.005390835579514825, 0.0], [0.032676955827567855, 0.1473124002128792, 0.4601383714741884, 0.253326237360298, 0.07759446514103246, 0.02895156998403406], [0.015723270440251572, 0.08883647798742138, 0.33372641509433965, 0.3199685534591195, 0.15644654088050314, 0.08529874213836477], [0.030470420527441196, 0.16838916607270135, 0.4763007840342124, 0.2434069850320741, 0.05844618674269423, 0.022986457590876693], [0.0807703363035355, 0.35110663983903423, 0.42354124748490946, 0.10678355849382007, 0.027450416786432882, 0.010347801092267893], [0.013931492842535788, 0.09406952965235174, 0.47149795501022496, 0.32988241308793453, 0.06863496932515338, 0.02198364008179959], [0.01782178217821782, 0.12350182386659718, 0.5709223553934341, 0.2201146430432517, 0.04992183428869203, 0.01771756122980719], [0.014847003440159334, 0.14919427847184502, 0.4912185406481984, 0.26597863479992756, 0.058301647655259824, 0.020459894984609813], [0.041355256601893375, 0.23592426507224715, 0.4701046337817638, 0.17713004484304934, 0.05206776283009467, 0.023418036870951668], [0.04626532887402453, 0.26142697881828314, 0.4682274247491639, 0.17577108881456707, 0.037718320327015976, 0.010590858416945374], [0.012616704516780217, 0.08819076457229372, 0.5900832702498108, 0.24741357557406005, 0.045420136260408785, 0.01627554882664648], [0.18012422360248448, 0.2795031055900621, 0.3416149068322981, 0.13043478260869565, 0.043478260869565216, 0.024844720496894408], [0.008605274921770227, 0.06861868573983013, 0.5873938310236925, 0.2578229772016093, 0.057890031291908804, 0.019669199821189094], [0.004963680387409201, 0.03837772397094431, 0.47179176755447944, 0.3628329297820823, 0.0887409200968523, 0.033292978208232446], [0.012387275790308195, 0.06550391437914974, 0.4823109701714399, 0.3269249826578139, 0.08988207313447627, 0.022990783866812012], [0.023154848046309694, 0.16931982633863965, 0.5933429811866859, 0.19247467438494936, 0.02170767004341534, 0.0], [0.007787873168922678, 0.06879287965881699, 0.3437789727424439, 0.4412201001297979, 0.10597070276284072, 0.032449471537177824], [0.008516180743412484, 0.1055004508566276, 0.44424406372107006, 0.36880072137060416, 0.06311992786293959, 0.009818655445346158], [0.010091145833333334, 0.1576605902777778, 0.5277777777777778, 0.23914930555555555, 0.054253472222222224, 0.011067708333333334], [0.016328490815223917, 0.1518789770680754, 0.48036979229199184, 0.26317685196302076, 0.06099171569215992, 0.027254172169528156], [0.030497314156991855, 0.28608560041587244, 0.4682030843874545, 0.16808178825160283, 0.033789637844394385, 0.013342574943683938], [0.043372910104191906, 0.20523382602374607, 0.5003634601405379, 0.18609159195541555, 0.044584443905984976, 0.020353767870123576], [0.020671834625323, 0.2630041568363105, 0.5165711717784519, 0.15054488259746096, 0.03797326143129985, 0.011234692731153803], [0.009075439591605219, 0.09330686330119115, 0.5377197958026092, 0.262620533182076, 0.06792399319342031, 0.02935337492909813], [0.03578219533275713, 0.23128781331028522, 0.48418323249783923, 0.19636992221261884, 0.03681936041486603, 0.015557476231633534], [0.013025458851391355, 0.11296625222024867, 0.5339253996447603, 0.27803433984606274, 0.0517465956187093, 0.010301953818827708], [0.011397720455908818, 0.22180563887222554, 0.5383923215356928, 0.1789142171565687, 0.03434313137372526, 0.015146970605878824], [0.00667494566904688, 0.12045948463210183, 0.47562868674324743, 0.29121390872399877, 0.0776156473144986, 0.028407326917106488], [0.006887695540508989, 0.0943264067242587, 0.5049031053000234, 0.2908008405323371, 0.07553116974083586, 0.027550782162035957], [0.007813988946064417, 0.09005145797598628, 0.26110158185629884, 0.5089574995235373, 0.09977129788450544, 0.03230417381360778], [0.018875583519382993, 0.1800284148569109, 0.5350111629795007, 0.22640552060077127, 0.03490968134767607, 0.004769636695758068], [0.23652694610778444, 0.32934131736526945, 0.3532934131736527, 0.0658682634730539, 0.014970059880239521, 0.0]]}}}, "eu": {"histType": {"histogram": {"labels": ["0", "100", "200", "300", "400", "500", "600", "700", "800", "900", "1000", "1100", "1200", "1300", "1400", "1500", "1600", "1700", "1800", "1900", "2000", "2100", "2200", "2300", "2400", "2500", "2600", "2700", "2800", "2900", "3000", "3100", "3200"], "data": [[0.0, 0.0, 0.0018656716417910447, 0.0, 0.0018656716417910447, 0.007462686567164179, 0.013059701492537313, 0.026119402985074626, 0.048507462686567165, 0.07835820895522388, 0.07835820895522388, 0.10820895522388059, 0.10261194029850747, 0.11940298507462686, 0.1417910447761194, 0.09328358208955224, 0.06343283582089553, 0.033582089552238806, 0.03544776119402985, 0.016791044776119403, 0.013059701492537313, 0.005597014925373134, 0.0037313432835820895, 0.007462686567164179, 0.0, 0.0, 0.0, 0.0, 0.0, 0.0, 0.0, 0.0, 0.0], [0.0, 0.0002797202797202797, 0.0008391608391608392, 0.0011188811188811189, 0.0016783216783216783, 0.003916083916083916, 0.006993006993006993, 0.01090909090909091, 0.019580419580419582, 0.0344055944055944, 0.04531468531468531, 0.06237762237762238, 0.08167832167832167, 0.10433566433566434, 0.13538461538461538, 0.13034965034965035, 0.14181818181818182, 0.0688111888111888, 0.09454545454545454, 0.024055944055944058, 0.012027972027972029, 0.009230769230769232, 0.004195804195804196, 0.002797202797202797, 0.001958041958041958, 0.0011188811188811189, 0.0002797202797202797, 0.0, 0.0, 0.0, 0.0, 0.0, 0.0], [0.0, 0.0, 0.0, 0.00012086052695189751, 0.00012086052695189751, 0.00012086052695189751, 0.0, 0.0007251631617113851, 0.0019337684312303602, 0.0026589315929417454, 0.005801305293691081, 0.009547981629199903, 0.011965192168237854, 0.015228426395939087, 0.025138989605994682, 0.03504955281605028, 0.18056562726613487, 0.15409717186366934, 0.3258399806623157, 0.08013052936910806, 0.05197002658931593, 0.05148658448150834, 0.018129079042784626, 0.007976794778825236, 0.011844331641285956, 0.005197002658931593, 0.0018129079042784628, 0.002175489485134155, 0.00012086052695189751, 0.00024172105390379503, 0.0, 0.0, 0.0], [0.0, 0.0, 0.0, 0.00011266336187471834, 0.00011266336187471834, 0.0002253267237494367, 0.0007886435331230284, 0.00202794051374493, 0.0024785939612438036, 0.005745831455610635, 0.011153672825597117, 0.01701216764308247, 0.020617395223073456, 0.026025236593059938, 0.042248760703019375, 0.05295178008111762, 0.07480847228481298, 0.05002253267237494, 0.27670121676430826, 0.1487156376746282, 0.09294727354664263, 0.08889139251915278, 0.030982424515547544, 0.013519603424966201, 0.02433528616493916, 0.007999098693105002, 0.004281207751239297, 0.0015772870662460567, 0.0034925642181162686, 0.0002253267237494367, 0.0, 0.0, 0.0], [0.0, 0.0, 0.0, 0.0, 0.0, 0.021739130434782608, 0.02717391304347826, 0.04891304347826087, 0.06521739130434782, 0.04891304347826087, 0.07608695652173914, 0.08152173913043478, 0.06521739130434782, 0.11956521739130435, 0.09239130434782608, 0.14673913043478262, 0.03260869565217391, 0.06521739130434782, 0.03260869565217391, 0.04891304347826087, 0.005434782608695652, 0.005434782608695652, 0.0, 0.005434782608695652, 0.010869565217391304, 0.0, 0.0, 0.0, 0.0, 0.0, 0.0, 0.0, 0.0], [0.0, 0.0, 0.00010691756655618518, 0.00021383513311237036, 0.00032075269966855556, 0.00010691756655618518, 0.00021383513311237036, 0.001176093232118037, 0.0019245161980113333, 0.003955949962578852, 0.007911899925157704, 0.012081685020848925, 0.01838982144766385, 0.09109376670586977, 0.1292633379664279, 0.13749599059125414, 0.16326312413129476, 0.11119426921843259, 0.14925692291