{"region": {"us": {"histType": {"histogram": {"labels": ["0", "100", "200", "300", "400", "500", "600", "700", "800", "900", "1000", "1100", "1200", "1300", "1400", "1500", "1600", "1700", "1800", "1900", "2000", "2100", "2200", "2300", "2400", "2500", "2600", "2700", "2800", "2900", "3000"], "data": [[0.0, 0.0, 0.0035335689045936395, 0.0035335689045936395, 0.0035335689045936395, 0.01060070671378092, 0.024734982332155476, 0.014134275618374558, 0.0353356890459364, 0.028268551236749116, 0.07420494699646643, 0.0812720848056537, 0.07420494699646643, 0.10600706713780919, 0.10954063604240283, 0.10954063604240283, 0.09187279151943463, 0.06713780918727916, 0.053003533568904596, 0.06007067137809187, 0.01060070671378092, 0.02120141342756184, 0.0176678445229682, 0.0, 0.0, 0.0, 0.0, 0.0, 0.0, 0.0, 0.0], [0.0, 0.0008896797153024911, 0.0, 0.00044483985765124553, 0.0008896797153024911, 0.0013345195729537367, 0.006227758007117438, 0.010231316725978648, 0.010231316725978648, 0.02179715302491103, 0.03558718861209965, 0.04759786476868327, 0.06628113879003558, 0.074288256227758, 0.10809608540925267, 0.12677935943060498, 0.1512455516014235, 0.09074733096085409, 0.1347864768683274, 0.04581850533807829, 0.023576512455516015, 0.018238434163701068, 0.007562277580071174, 0.005782918149466192, 0.004448398576512456, 0.003113879003558719, 0.00400355871886121, 0.0, 0.0, 0.0, 0.0], [0.00014108352144469525, 0.0, 0.0, 0.0002821670428893905, 0.0002821670428893905, 0.0002821670428893905, 0.0002821670428893905, 0.0007054176072234763, 0.003809255079006772, 0.004655756207674944, 0.008747178329571106, 0.012415349887133182, 0.02116252821670429, 0.03244920993227991, 0.048250564334085776, 0.07392776523702031, 0.12923250564334085, 0.10665914221218961, 0.24816591422121898, 0.08775395033860045, 0.05685665914221219, 0.07872460496613995, 0.02440744920993228, 0.014108352144469526, 0.02737020316027088, 0.009452595936794582, 0.004373589164785553, 0.0035270880361173815, 0.0015519187358916478, 0.00042325056433408577, 0.0], [0.0, 0.0, 0.0, 0.0, 0.0001292156609381057, 0.0003876469828143171, 0.0011629409484429512, 0.002584313218762114, 0.006331567385967179, 0.011370978162553301, 0.018090192531334797, 0.020803721411035016, 0.038247835637679285, 0.05504587155963303, 0.07907998449412068, 0.11099625274583279, 0.16203643881638455, 0.11202997803333764, 0.18051427833053366, 0.07313606409096783, 0.045225481328336994, 0.048714304173665846, 0.014213722703191626, 0.006719214368781496, 0.008528233621914976, 0.002196666235947797, 0.001292156609381057, 0.0009045096265667399, 0.0002584313218762114, 0.0, 0.0], [0.0, 0.0, 0.0, 0.0, 0.009708737864077669, 0.0, 0.0, 0.038834951456310676, 0.02912621359223301, 0.05825242718446602, 0.04854368932038835, 0.07766990291262135, 0.07766990291262135, 0.11650485436893204, 0.07766990291262135, 0.06796116504854369, 0.06796116504854369, 0.04854368932038835, 0.0970873786407767, 0.08737864077669903, 0.02912621359223301, 0.05825242718446602, 0.0, 0.009708737864077669, 0.0, 0.0, 0.0, 0.0, 0.0, 0.0, 0.0], [0.0, 0.0, 0.0, 0.0, 0.0, 0.0002654632333421821, 0.0, 0.0018582426333952748, 0.0017255110167241838, 0.007167507300238917, 0.011945845500398195, 0.019909742500663657, 0.03504114680116804, 0.060127422352004245, 0.08866471993628883, 0.12237855057074595, 0.15861428192195381, 0.10512344040350412, 0.1571542341385718, 0.06862224581895407, 0.04074860631802495, 0.05574727900185824, 0.020971595434032386, 0.009556676400318556, 0.01871515795062384, 0.005707459516856916, 0.004512874966817096, 0.0037164852667905496, 0.0014600477833820015, 0.0002654632333421821, 0.0], [0.0, 0.0, 0.0002842524161455372, 0.0017055144968732233, 0.0017055144968732233, 0.0031267765776009098, 0.004832291074474133, 0.008527572484366117, 0.01847640704945992, 0.02870949403069926, 0.04007959067652075, 0.046617396247868106, 0.06964184195565662, 0.08840250142126208, 0.11256395679363275, 0.13160886867538374, 0.129619101762365, 0.0832859579306424, 0.09494030699260944, 0.03581580443433769, 0.028140989198408187, 0.023024445707788516, 0.012507106310403639, 0.005685048322910745, 0.012791358726549176, 0.00511654349061967, 0.007674815235929506, 0.0028425241614553724, 0.0022740193291642978, 0.0, 0.0], [0.0036101083032490976, 0.0, 0.0036101083032490976, 0.010830324909747292, 0.010830324909747292, 0.01444043321299639, 0.018050541516245487, 0.05054151624548736, 0.05415162454873646, 0.10830324909747292, 0.09386281588447654, 0.09747292418772563, 0.10469314079422383, 0.10469314079422383, 0.06498194945848375, 0.06498194945848375, 0.061371841155234655, 0.02888086642599278, 0.02888086642599278, 0.032490974729241874, 0.021660649819494584, 0.021660649819494584, 0.0, 0.0, 0.0, 0.0, 0.0, 0.0, 0.0, 0.0, 0.0], [0.0003210616438356164, 0.0003210616438356164, 0.0005351027397260274, 0.0006421232876712328, 0.0005351027397260274, 0.002033390410958904, 0.0019263698630136985, 0.005565068493150685, 0.010380993150684931, 0.021725171232876712, 0.0371361301369863, 0.053189212328767124, 0.06752996575342465, 0.0798373287671233, 0.10027825342465753, 0.1268193493150685, 0.12756849315068494, 0.08251284246575342, 0.09610445205479452, 0.055008561643835614, 0.03435359589041096, 0.03606592465753425, 0.016481164383561644, 0.011665239726027397, 0.018086472602739725, 0.007277397260273972, 0.0035316780821917806, 0.0025684931506849314, 0.0, 0.0, 0.0], [0.0, 0.0, 0.0, 0.0, 0.00043047783039173483, 0.00043047783039173483, 0.00043047783039173483, 0.00043047783039173483, 0.00043047783039173483, 0.005596211795092553, 0.008179078777442962, 0.008179078777442962, 0.010331467929401636, 0.024537236332328884, 0.04606112785191563, 0.06414119672836849, 0.08953938872148084, 0.0891089108910891, 0.18037021093413688, 0.08738699956952217, 0.0865260439087387, 0.11149375807145932, 0.05165733964700818, 0.02238484718037021, 0.061988807576409816, 0.018510546706844596, 0.01162290142057684, 0.01334481274214378, 0.0064571674558760225, 0.00043047783039173483, 0.0], [0.0, 0.0, 0.0006743088334457181, 0.0, 0.0023600809170600135, 0.0006743088334457181, 0.004045853000674309, 0.0037086985839514496, 0.013149022252191504, 0.01820633850303439, 0.030343897505057317, 0.03910991233985165, 0.06203641267700607, 0.076534052596089, 0.09541469993256911, 0.11564396493594066, 0.14396493594066082, 0.0947403910991234, 0.14396493594066082, 0.049898853674983146, 0.03641267700606878, 0.031355360755225894, 0.011463250168577209, 0.008091706001348618, 0.009440323668240054, 0.0037086985839514496, 0.004045853000674309, 0.0010114632501685772, 0.0, 0.0, 0.0], [0.0, 0.00019073049780659929, 0.0005721914934197979, 0.0005721914934197979, 0.0009536524890329964, 0.002098035475872592, 0.004768262445164982, 0.008582872401296968, 0.015449170322334541, 0.024794964714857905, 0.053023078390234596, 0.06656494373450314, 0.09193209994278086, 0.10223154682433722, 0.13656303642952508, 0.1314133129887469, 0.12473774556551592, 0.07018882319282853, 0.07343124165554073, 0.035094411596414264, 0.020026702269692925, 0.017356475300400534, 0.008392141903490368, 0.003433148960518787, 0.0038146099561319857, 0.002860957467098989, 0.0005721914934197979, 0.00038146099561319857, 0.0, 0.0, 0.0], [0.0, 0.0, 0.0, 0.0, 0.00035650623885918, 0.00071301247771836, 0.00267379679144385, 0.0033868092691622105, 0.00730837789661319, 0.010516934046345811, 0.025846702317290554, 0.039037433155080216, 0.05454545454545454, 0.06934046345811051, 0.11069518716577541, 0.11194295900178253, 0.14616755793226383, 0.1053475935828877, 0.1463458110516934, 0.057754010695187166, 0.0338680926916221, 0.03297682709447415, 0.013190730837789662, 0.009625668449197862, 0.01140819964349376, 0.0033868092691622105, 0.0017825311942959, 0.0016042780748663102, 0.00017825311942959, 0.0, 0.0], [0.0002443494196701283, 0.0, 0.0, 0.00012217470983506414, 0.0002443494196701283, 0.00036652412950519245, 0.0015882712278558339, 0.002443494196701283, 0.005253512522907758, 0.015394013439218082, 0.023579718998167378, 0.030177153329260843, 0.0401954795357361, 0.056811240073304826, 0.08259010384850336, 0.11398900427611484, 0.1491753207086133, 0.10690287110568113, 0.15516188149053145, 0.074282223579719, 0.04398289554062309, 0.046792913866829565, 0.016982284667073917, 0.007819181429444105, 0.01270616982284667, 0.004153940134392181, 0.002810018326206475, 0.0035430665852168603, 0.002443494196701283, 0.0002443494196701283, 0.0], [0.0, 0.0, 0.00024770869457517957, 0.0, 0.0004954173891503591, 0.0004954173891503591, 0.0004954173891503591, 0.0012385434728758979, 0.003715630418627694, 0.004211047807778053, 0.013376269507059698, 0.01857815209313847, 0.03839484765915284, 0.05226653455536289, 0.07877136487490712, 0.10849640822392866, 0.15630418627693832, 0.11419370819915779, 0.16670795144909586, 0.0837255387664107, 0.052761951944513254, 0.04830319544216002, 0.021055239038890266, 0.010899182561307902, 0.014614812979935596, 0.00569729997522913, 0.0012385434728758979, 0.0017339608620262571, 0.0017339608620262571, 0.00024770869457517957, 0.0], [0.0, 0.0, 0.0, 0.0, 0.0013374944271065537, 0.0008916629514043691, 0.0013374944271065537, 0.006241640659830584, 0.011145786892554615, 0.013820775746767721, 0.02139991083370486, 0.032545697726259475, 0.04993312527864467, 0.0637539010254124, 0.08559964333481944, 0.11145786892554614, 0.1359786000891663, 0.10254123941150245, 0.12215782434239858, 0.05974141774409273, 0.04993312527864467, 0.04592064199732501, 0.028533214444939812, 0.012929112795363353, 0.018279090503789567, 0.009362460989745877, 0.005349977708426215, 0.0026749888542131075, 0.006241640659830584, 0.0008916629514043691, 0.0], [0.00023386342376052386, 0.0, 0.0004677268475210477, 0.0004677268475210477, 0.0004677268475210477, 0.0009354536950420954, 0.0023386342376052385, 0.004443405051449953, 0.0077174929840972874, 0.013797942001870907, 0.022918615528531337, 0.042563143124415344, 0.06898971000935454, 0.08255378858746493, 0.11108512628624884, 0.12862488306828812, 0.13470533208606175, 0.09798877455565949, 0.11950420954162769, 0.05144995322731525, 0.029934518241347054, 0.037418147801683815, 0.013564078578110383, 0.005612722170252572, 0.010991580916744622, 0.0037418147801683817, 0.00304022450888681, 0.0025724976613657625, 0.001637043966323667, 0.00023386342376052386, 0.0], [0.0, 0.0, 0.00017642907551164433, 0.00035285815102328866, 0.000529287226534933, 0.00035285815102328866, 0.0012350035285815103, 0.0035285815102328866, 0.004410726887791108, 0.012350035285815103, 0.023817925194071984, 0.02858151023288638, 0.053987297106563165, 0.06669019054340156, 0.10091743119266056, 0.12420606916019761, 0.1536697247706422, 0.09527170077628794, 0.16584333098094567, 0.055222300635144675, 0.030345800988002825, 0.03546224417784051, 0.015702187720536345, 0.006351446718419196, 0.011291460832745237, 0.004234297812279464, 0.0017642907551164433, 0.0019407198306280876, 0.001587861679604799, 0.00017642907551164433, 0.0], [0.0, 0.0, 0.0, 0.011627906976744186, 0.011627906976744186, 0.011627906976744186, 0.0, 0.0, 0.023255813953488372, 0.06976744186046512, 0.023255813953488372, 0.05813953488372093, 0.046511627906976744, 0.046511627906976744, 0.08139534883720931, 0.11627906976744186, 0.12790697674418605, 0.09302325581395349, 0.03488372093023256, 0.03488372093023256, 0.046511627906976744, 0.03488372093023256, 0.046511627906976744, 0.011627906976744186, 0.06976744186046512, 0.0, 0.0, 0.0, 0.0, 0.0, 0.0], [0.00024838549428713363, 0.00012419274714356682, 0.0, 0.00012419274714356682, 0.00024838549428713363, 0.00024838549428713363, 0.00037257824143070045, 0.0016145057128663686, 0.0031048186785891706, 0.0065822155986090414, 0.012543467461500249, 0.01788375558867362, 0.034401390958768006, 0.05228514654744163, 0.08917039244908097, 0.13450074515648286, 0.17151018380526578, 0.126428216592151, 0.1369846000993542, 0.06942374565325385, 0.04793840039741679, 0.04669647292598112, 0.01912568306010929, 0.008445106805762544, 0.01130153999006458, 0.004098360655737705, 0.0033532041728763042, 0.0012419274714356682, 0.0, 0.0, 0.0], [0.0, 0.0, 0.0, 0.0001633453119895459, 0.0, 0.0003266906239790918, 0.0013067624959163672, 0.0008167265599477295, 0.002123489055864097, 0.003430251551780464, 0.008657301535445933, 0.012250898399215943, 0.021071545246651422, 0.030872263966024174, 0.052433845148644236, 0.08314276380267886, 0.12904279647174127, 0.12038549493629533, 0.19095066971577915, 0.09800718719372754, 0.06844168572361974, 0.08526625285854296, 0.030055537406076447, 0.014211042143090493, 0.023685070238484155, 0.011270826527278666, 0.005227049983665469, 0.0044103234237177396, 0.002123489055864097, 0.0003266906239790918, 0.0], [0.0003221995489206315, 0.0001073998496402105, 0.0, 0.000214799699280421, 0.000214799699280421, 0.0007517989474814735, 0.000859198797121684, 0.0024701965417248417, 0.003866394587047578, 0.007625389324454946, 0.01492857909998926, 0.020083771882719363, 0.024809365266888626, 0.040382343464719146, 0.0583181183546343, 0.08935667490065514, 0.1267318225754484, 0.13059821716249598, 0.18462034153152185, 0.0980560627215122, 0.06057351519707872, 0.06798410482225326, 0.025883363763290732, 0.012887981956825261, 0.017828375040274944, 0.005262592632370315, 0.0035441950381269465, 0.001718397594243368, 0.0, 0.0, 0.0], [0.0, 0.0, 0.0, 0.0018115942028985507, 0.0018115942028985507, 0.0, 0.0, 0.005434782608695652, 0.009057971014492754, 0.005434782608695652, 0.016304347826086956, 0.025362318840579712, 0.04891304347826087, 0.09057971014492754, 0.09601449275362318, 0.14855072463768115, 0.1721014492753623, 0.125, 0.1539855072463768, 0.05434782608695652, 0.018115942028985508, 0.018115942028985508, 0.005434782608695652, 0.0, 0.0036231884057971015, 0.0, 0.0, 0.0, 0.0, 0.0, 0.0], [0.0, 0.0, 0.0, 0.0002696629213483146, 0.0, 0.00017977528089887642, 0.0002696629213483146, 0.0008988764044943821, 0.0024269662921348315, 0.005752808988764045, 0.008988764044943821, 0.016808988764044942, 0.02903370786516854, 0.0362247191011236, 0.05707865168539326, 0.07469662921348315, 0.11892134831460674, 0.09339325842696629, 0.21932584269662922, 0.0971685393258427, 0.06507865168539326, 0.09734831460674158, 0.029842696629213482, 0.011595505617977528, 0.02004494382022472, 0.0064719101123595505, 0.0033258426966292134, 0.002786516853932584, 0.0020674157303370785, 0.0, 0.0], [0.00018389113644722325, 9.194556822361162e-05, 9.194556822361162e-05, 0.00018389113644722325, 0.0005516734093416697, 0.000735564545788893, 0.0005516734093416697, 0.0012872379551305626, 0.0016550202280250091, 0.006528135343876425, 0.012136815005516733, 0.025468922397940418, 0.04735196763515998, 0.06840750275836704, 0.10389849209268114, 0.14913571165869804, 0.19326958440603162, 0.1256895917616771, 0.14279146745126886, 0.05029422581831556, 0.030250091945568224, 0.022526664214784848, 0.008091210003677823, 0.003493931592497242, 0.002390584773813902, 0.001930856932695844, 0.001011401250459728, 0.0, 0.0, 0.0, 0.0], [0.0, 0.00012727504136438844, 0.0, 0.00012727504136438844, 0.0002545500827287769, 0.0008909252895507191, 0.0010182003309151075, 0.002290950744558992, 0.003690976199567265, 0.006236477026855034, 0.01310932926053201, 0.02278223240422553, 0.0352551864579356, 0.04823724067710322, 0.0803105511009291, 0.13376606847397227, 0.16774850451826398, 0.11976581392388952, 0.15120274914089346, 0.08158330151457299, 0.04365533918798523, 0.043146239022527684, 0.021000381825124093, 0.010309278350515464, 0.008781977854142803, 0.0024182257859233806, 0.0015273004963726614, 0.0007636502481863307, 0.0, 0.0, 0.0], [0.0, 0.0, 0.0, 0.0, 0.0003023431594860166, 0.0, 0.0009070294784580499, 0.0009070294784580499, 0.0018140589569160999, 0.003930461073318216, 0.010128495842781558, 0.0163265306122449, 0.02857142857142857, 0.04867724867724868, 0.08450491307634164, 0.11957671957671957, 0.15192743764172337, 0.1017384731670446, 0.18382464096749812, 0.06757369614512472, 0.044595616024187455, 0.055328798185941046, 0.024943310657596373, 0.012849584278155708, 0.019954648526077097, 0.00801209372637944, 0.006046863189720333, 0.0036281179138321997, 0.0036281179138321997, 0.0003023431594860166, 0.0], [0.00039541320680110717, 0.00039541320680110717, 0.00039541320680110717, 0.0007908264136022143, 0.002372479240806643, 0.0031633056544088573, 0.004744958481613286, 0.00830367734282325, 0.015816528272044286, 0.03202846975088968, 0.039541320680110716, 0.05693950177935943, 0.06405693950177936, 0.08896797153024912, 0.11901937524713326, 0.11348359035191775, 0.12415974693554764, 0.07591933570581258, 0.13009094503756424, 0.03637801502570186, 0.02649268485567418, 0.02807433768287861, 0.007908264136022143, 0.0055357848952155, 0.0071174377224199285, 0.0055357848952155, 0.002372479240806643, 0.0, 0.0, 0.0, 0.0], [0.0, 0.0, 0.0, 0.002074688796680498, 0.0013831258644536654, 0.0027662517289073307, 0.004149377593360996, 0.011065006915629323, 0.011756569847856155, 0.013831258644536652, 0.027662517289073305, 0.035961272475795295, 0.05186721991701245, 0.05532503457814661, 0.08782849239280774, 0.11756569847856155, 0.13692946058091288, 0.10926694329183956, 0.16459197786998617, 0.05739972337482711, 0.034578146611341634, 0.02627939142461964, 0.02074688796680498, 0.008298755186721992, 0.01037344398340249, 0.003457814661134163, 0.0027662517289073307, 0.002074688796680498, 0.0, 0.0, 0.0], [0.0003031221582297666, 0.0, 0.0, 0.0, 0.0006062443164595332, 0.0009093664746892998, 0.0033343437405274324, 0.005456198848135798, 0.008184298272203698, 0.016217035465292514, 0.031070021218551076, 0.046074568050924525, 0.062291603516217035, 0.09002728099424068, 0.13443467717490148, 0.141558047893301, 0.13867838739011823, 0.08942103667778115, 0.10927553804183086, 0.038799636253410125, 0.025916944528645045, 0.026068505607759928, 0.011215519854501364, 0.005001515610791149, 0.009548347984237648, 0.002576538344953016, 0.001060927553804183, 0.0009093664746892998, 0.0003031221582297666, 0.0007578053955744165, 0.0], [0.0, 0.0, 0.0, 0.0004784688995215311, 0.0004784688995215311, 0.00023923444976076556, 0.0023923444976076554, 0.0014354066985645933, 0.004545454545454545, 0.009808612440191388, 0.01674641148325359, 0.022248803827751195, 0.038516746411483255, 0.05382775119617225, 0.07679425837320575, 0.10909090909090909, 0.12727272727272726, 0.10669856459330143, 0.15526315789473685, 0.07009569377990431, 0.05239234449760766, 0.05382775119617225, 0.025598086124401915, 0.015311004784688996, 0.02751196172248804, 0.011961722488038277, 0.007655502392344498, 0.004784688995215311, 0.003827751196172249, 0.0011961722488038277, 0.0], [0.0, 0.0, 0.0, 0.0, 0.0002134016218523261, 0.0, 0.0010670081092616305, 0.0010670081092616305, 0.002987622705932565, 0.011096884336320957, 0.017072129748186088, 0.02731540759709774, 0.04716175842936406, 0.06892872385830132, 0.10029876227059326, 0.12206572769953052, 0.14959453691848057, 0.10243277848911651, 0.15663679043960735, 0.06423388817755014, 0.04332052923602219, 0.042040119504908234, 0.01621852326077678, 0.006615450277422108, 0.006402048655569782, 0.002987622705932565, 0.00597524541186513, 0.002774221084080239, 0.0014938113529662826, 0.0, 0.0], [0.00013478905512872354, 0.00013478905512872354, 0.00013478905512872354, 0.00013478905512872354, 0.0005391562205148942, 0.0013478905512872355, 0.001213101496158512, 0.003234937323089365, 0.005256773150020219, 0.009165655748753202, 0.02318371748214045, 0.034775576223210675, 0.0583636608707373, 0.07885159725030327, 0.11591858741070225, 0.14745922631082356, 0.15985981938266614, 0.11200970481196927, 0.11066181426068203, 0.05715055937457878, 0.031271060789863865, 0.022914139371883004, 0.01253538212697129, 0.004987195039762771, 0.005391562205148942, 0.001213101496158512, 0.0018870467718021297, 0.0002695781102574471, 0.0, 0.0, 0.0], [0.0, 0.0, 0.0, 0.00022727272727272727, 0.00045454545454545455, 0.0011363636363636363, 0.0013636363636363637, 0.003181818181818182, 0.005681818181818182, 0.008636363636363636, 0.0175, 0.02568181818181818, 0.04431818181818182, 0.06318181818181819, 0.09886363636363636, 0.13340909090909092, 0.15818181818181817, 0.11886363636363637, 0.13545454545454547, 0.060681818181818184, 0.038863636363636364, 0.0375, 0.015681818181818182, 0.006590909090909091, 0.013409090909090909, 0.004318181818181818, 0.003181818181818182, 0.0029545454545454545, 0.0006818181818181819, 0.0, 0.0], [0.0, 0.0, 0.0, 0.000267022696929239, 0.0, 0.001068090787716956, 0.001869158878504673, 0.0026702269692923898, 0.005874499332443258, 0.005874499332443258, 0.012283044058744993, 0.021628838451268357, 0.032843791722296393, 0.04619492656875834, 0.0835781041388518, 0.10974632843791722, 0.13885180240320427, 0.10627503337783711, 0.17516688918558077, 0.07610146862483311, 0.04672897196261682, 0.061949265687583445, 0.023230974632843793, 0.013885180240320427, 0.018958611481975966, 0.010146862483311082, 0.002937249666221629, 0.001068090787716956, 0.0008010680907877169, 0.0, 0.0], [0.0, 0.0, 0.0002952901225454009, 0.0, 0.00014764506127270044, 0.0004429351838181013, 0.0005905802450908018, 0.002067030857817806, 0.0019193857965451055, 0.005462867267089916, 0.012402185146906835, 0.02701904621290418, 0.04503174368817363, 0.07456075594271372, 0.11014321570943451, 0.12121659530488706, 0.1426251291894286, 0.1014321570943452, 0.15015502731433633, 0.05521925291598996, 0.03897829617599291, 0.04193119740144692, 0.02332791968108667, 0.01063044441163443, 0.017717407352724052, 0.006496382695998819, 0.004576996899453714, 0.0029529012254540087, 0.0026576111029086077, 0.0, 0.0], [0.0, 0.0, 9.349289454001496e-05, 0.0, 9.349289454001496e-05, 0.00018698578908002991, 0.00028047868362004487, 0.0013089005235602095, 0.002056843679880329, 0.005609573672400898, 0.01131264023934181, 0.02131637995512341, 0.03711667913238594, 0.05244951383694839, 0.07703814510097233, 0.09498878085265519, 0.12443904263275991, 0.1005983545250561, 0.21054599850411368, 0.0855459985041137, 0.050953627524308154, 0.06572550486163052, 0.020942408376963352, 0.009162303664921465, 0.016267763649962602, 0.005796559461480928, 0.002337322363500374, 0.0024308152580403888, 0.0012154076290201944, 0.00018698578908002991, 0.0], [0.0, 0.0, 0.0, 0.0, 0.0, 0.00012033694344163658, 0.0007220216606498195, 0.0006016847172081829, 0.002286401925391095, 0.00529482551143201, 0.008303249097472924, 0.019253910950661854, 0.033574007220216605, 0.05728038507821901, 0.09001203369434416, 0.13140794223826716, 0.1753309265944645, 0.12442839951865223, 0.18904933814681107, 0.06618531889290012, 0.03285198555956679, 0.04103489771359808, 0.009626955475330927, 0.0038507821901323704, 0.004091456077015644, 0.0012033694344163659, 0.001444043321299639, 0.0019253910950661852, 0.00012033694344163658, 0.0, 0.0], [0.0, 0.004098360655737705, 0.0, 0.004098360655737705, 0.004098360655737705, 0.020491803278688523, 0.028688524590163935, 0.020491803278688523, 0.07377049180327869, 0.045081967213114756, 0.040983606557377046, 0.07377049180327869, 0.07377049180327869, 0.11065573770491803, 0.09836065573770492, 0.11885245901639344, 0.0942622950819672, 0.06147540983606557, 0.05327868852459016, 0.01639344262295082, 0.02459016393442623, 0.00819672131147541, 0.00819672131147541, 0.01639344262295082, 0.0, 0.0, 0.0, 0.0, 0.0, 0.0, 0.0]]}, "ranks": {"labels": ["Unranked", "Combatatent I", "Combatatent II", "Challenger I", "Challenger II", "Rival I", "Rival II", "Duelist", "Elite"], "data": [[0.12367491166077739, 0.15547703180212014, 0.18021201413427562, 0.21908127208480566, 0.15901060070671377, 0.0989399293286219, 0.024734982332155476, 0.038869257950530034, 0.0], [0.05204626334519573, 0.08318505338078291, 0.14056939501779359, 0.23487544483985764, 0.24199288256227758, 0.1610320284697509, 0.04314946619217082, 0.03158362989323844, 0.011565836298932384], [0.01044018058690745, 0.02116252821670429, 0.0536117381489842, 0.1221783295711061, 0.23589164785553046, 0.29585214446952596, 0.09692437923250564, 0.11724040632054177, 0.04669864559819413], [0.02196666235947797, 0.038893913942369816, 0.09329370719731231, 0.19007623723995348, 0.27406641684972216, 0.21966662359477968, 0.07920920015505879, 0.06964724124563897, 0.01317999741568678], [0.13592233009708737, 0.1262135922330097, 0.1941747572815534, 0.14563106796116504, 0.11650485436893204, 0.1650485436893204, 0.04854368932038835, 0.06796116504854369, 0.0], [0.011016724183700557, 0.031855588001061856, 0.09516856915317229, 0.21104327050703478, 0.26373772232545795, 0.19312450225643749, 0.07340058401911335, 0.08627555083620919, 0.034377488717812585], [0.06736782262649232, 0.08669698692438886, 0.1580443433769187, 0.24417282546901647, 0.21290505969300738, 0.11540648095508811, 0.0434906196702672, 0.0412166003411029, 0.030699260943718023], [0.2743682310469314, 0.19133574007220217, 0.20938628158844766, 0.1299638989169675, 0.09025270758122744, 0.039711191335740074, 0.04332129963898917, 0.021660649819494584, 0.0], [0.04398544520547945, 0.09032534246575342, 0.14736729452054795, 0.22709760273972604, 0.21008133561643835, 0.1254280821917808, 0.060038527397260275, 0.0642123287671233, 0.03146404109589041], [0.007748600947051227, 0.016358157554885924, 0.03486870426173052, 0.11020232458028412, 0.17864829961256995, 0.22341799397331039, 0.1308652604390874, 0.1855359448988377, 0.11235471373224279], [0.0428186109238031, 0.06945380984490897, 0.13857046527309508, 0.21105866486850977, 0.23870532703978423, 0.17093728927848956, 0.05933917734322319, 0.050910316925151716, 0.01820633850303439], [0.05798207133320618, 0.11958802212473775, 0.19416364676711806, 0.267976349418272, 0.19492656875834447, 0.09155063894716765, 0.03700171657448026, 0.02918176616440969, 0.007629219912263971], [0.024955436720142603, 0.06488413547237076, 0.12388591800356506, 0.22263814616755792, 0.2515151515151515, 0.17611408199643494, 0.061853832442067734, 0.055793226381461676, 0.018360071301247772], [0.02565668906536347, 0.05375687232742822, 0.09700671960904093, 0.1965791081246182, 0.2560781918142944, 0.1948686621869273, 0.07855833842394624, 0.07159437996334758, 0.025901038485033598], [0.010899182561307902, 0.031954421600198166, 0.09066138221451572, 0.18726777309883577, 0.2704978944760961, 0.21302947733465444, 0.09016596482536537, 0.08025761704235819, 0.025266286846668318], [0.034774855104770394, 0.05394560855996433, 0.11368702630405707, 0.19705751226036558, 0.23851983950066874, 0.1533660276415515, 0.07846633972358448, 0.08738296923762817, 0.04279982166740972], [0.03086997193638915, 0.06548175865294668, 0.15154349859681945, 0.23971000935453696, 0.23269410664172124, 0.14780168381665107, 0.053086997193638914, 0.05659494855004677, 0.022217025257249765], [0.022935779816513763, 0.052399435426958366, 0.12067748764996472, 0.22512350035285816, 0.24894142554693013, 0.19812985179957657, 0.05328158080451659, 0.05751587861679605, 0.020995059985885675], [0.12790697674418605, 0.08139534883720931, 0.09302325581395349, 0.19767441860465115, 0.22093023255813954, 0.03488372093023256, 0.08139534883720931, 0.09302325581395349, 0.06976744186046512], [0.012667660208643815, 0.03042722305017387, 0.08668653750620964, 0.22367113760556384, 0.2979384003974168, 0.17610531544957775, 0.07824143070044709, 0.07426726279185296, 0.01999503229011426], [0.008167265599477294, 0.020908199934661875, 0.05194380921267559, 0.1355766089513231, 0.2494282914080366, 0.24191440705651748, 0.11548513557660896, 0.1295328324077099, 0.04704344985298922], [0.016432176994952207, 0.03501235098270863, 0.06519170873160778, 0.14767479325528945, 0.2573300397379444, 0.23756846740414564, 0.10568145204596714, 0.10675545054236923, 0.02835356030501557], [0.02355072463768116, 0.041666666666666664, 0.13949275362318841, 0.24456521739130435, 0.2971014492753623, 0.19384057971014493, 0.03260869565217391, 0.02355072463768116, 0.0036231884057971015], [0.009797752808988765, 0.025797752808988765, 0.06525842696629214, 0.1317752808988764, 0.21231460674157304, 0.26948314606741575, 0.11208988764044944, 0.1387865168539326, 0.03469662921348315], [0.0118609783008459, 0.03760573740345716, 0.11575947039352703, 0.2530342037513792, 0.3189591761677087, 0.1707429201912468, 0.052592865023905845, 0.03411180581095991, 0.005332842956969474], [0.01463662975690467, 0.03589156166475754, 0.08349242713503882, 0.21407661957490137, 0.28751431844215347, 0.19753086419753085, 0.07891052564592084, 0.07445589919816724, 0.013491154384625175], [0.007860922146636432, 0.026455026455026454, 0.07724867724867725, 0.20408163265306123, 0.25366591080876794, 0.2214663643235072, 0.0745275888133031, 0.09312169312169312, 0.04157218442932729], [0.06840648477659154, 0.09648082245947015, 0.15302491103202848, 0.232502965599051, 0.20007908264136023, 0.14709371293001186, 0.04586793198892843, 0.04151838671411625, 0.015025701858442072], [0.04702627939142462, 0.0636237897648686, 0.10719225449515905, 0.2053941908713693, 0.24619640387275243, 0.19571230982019364, 0.06085753803596127, 0.05532503457814661, 0.01867219917012448], [0.03501060927553804, 0.0771445892694756, 0.15231888451045772, 0.2759927250682025, 0.22809942406789938, 0.1297362837223401, 0.044255835101545925, 0.04228554107305244, 0.01515610791148833], [0.019377990430622008, 0.038995215311004784, 0.0923444976076555, 0.18588516746411482, 0.23397129186602872, 0.19138755980861244, 0.08636363636363636, 0.09473684210526316, 0.056937799043062204], [0.01643192488262911, 0.04438753734528383, 0.11609048228766539, 0.22236448997012379, 0.2520273154075971, 0.19376867264191208, 0.07042253521126761, 0.06487409304310712, 0.019632949210414], [0.02129667071033832, 0.05795929370535113, 0.13721525812104057, 0.2633778137215258, 0.2718695241946354, 0.143819921822348, 0.055263512602776656, 0.040436716538617065, 0.00876128858336703], [0.020681818181818183, 0.04318181818181818, 0.1075, 0.23227272727272727, 0.27704545454545454, 0.16886363636363635, 0.06613636363636363, 0.059772727272727276, 0.024545454545454544], [0.017623497997329773, 0.03391188251001335, 0.07903871829105474, 0.193324432576769, 0.24512683578104139, 0.21789052069425902, 0.0801068090787717, 0.09906542056074766, 0.03391188251001335], [0.010925734534179832, 0.039421231359811015, 0.11959249963088735, 0.23135981101432157, 0.2440572862837738, 0.18116049018160343, 0.06319208622471578, 0.07588956149416802, 0.0344012992765392], [0.009629768137621541, 0.03262902019446522, 0.08956619296933432, 0.17202692595362754, 0.225037397157816, 0.2532722513089005, 0.093773373223635, 0.09583021690351533, 0.028234854151084517], [0.009025270758122744, 0.027557160048134778, 0.09085439229843562, 0.2214199759326113, 0.29975932611311673, 0.22623345367027678, 0.061853188929001206, 0.05451263537906137, 0.00878459687123947], [0.20081967213114754, 0.11475409836065574, 0.18442622950819673, 0.21721311475409835, 0.1557377049180328, 0.06147540983606557, 0.03278688524590164, 0.03278688524590164, 0.0]]}, "ranksDetailed": {"labels": ["Unranked", "Combatatant", "Challenger", "Rival", "Duelist", "Elite"], "data": [[0.12367491166077739, 0.33568904593639576, 0.37809187279151946, 0.12367491166077739, 0.038869257950530034, 0.0], [0.05204626334519573, 0.2237544483985765, 0.47686832740213525, 0.2041814946619217, 0.03158362989323844, 0.011565836298932384], [0.01044018058690745, 0.07477426636568849, 0.35806997742663654, 0.3927765237020316, 0.11724040632054177, 0.04669864559819413], [0.02196666235947797, 0.13218762113968213, 0.46414265408967564, 0.29887582374983845, 0.06964724124563897, 0.01317999741568678], [0.13592233009708737, 0.32038834951456313, 0.2621359223300971, 0.21359223300970873, 0.06796116504854369, 0.0], [0.011016724183700557, 0.12702415715423415, 0.4747809928324927, 0.2665250862755508, 0.08627555083620919, 0.034377488717812585], [0.06736782262649232, 0.24474133030130757, 0.45707788516202386, 0.1588971006253553, 0.0412166003411029, 0.030699260943718023], [0.2743682310469314, 0.4007220216606498, 0.22021660649819494, 0.08303249097472924, 0.021660649819494584, 0.0], [0.04398544520547945, 0.23769263698630136, 0.4371789383561644, 0.1854666095890411, 0.0642123287671233, 0.03146404109589041], [0.007748600947051227, 0.05122686181661645, 0.28885062419285407, 0.3542832544123978, 0.1855359448988377, 0.11235471373224279], [0.0428186109238031, 0.20802427511800406, 0.449763991908294, 0.23027646662171275, 0.050910316925151716, 0.01820633850303439], [0.05798207133320618, 0.3137516688918558, 0.46290291817661644, 0.1285523555216479, 0.02918176616440969, 0.007629219912263971], [0.024955436720142603, 0.18877005347593584, 0.4741532976827095, 0.23796791443850268, 0.055793226381461676, 0.018360071301247772], [0.02565668906536347, 0.15076359193646915, 0.4526572999389126, 0.27342700061087355, 0.07159437996334758, 0.025901038485033598], [0.010899182561307902, 0.1226158038147139, 0.45776566757493187, 0.3031954421600198, 0.08025761704235819, 0.025266286846668318], [0.034774855104770394, 0.1676326348640214, 0.43557735176103435, 0.231832367365136, 0.08738296923762817, 0.04279982166740972], [0.03086997193638915, 0.21702525724976612, 0.4724041159962582, 0.20088868101029, 0.05659494855004677, 0.022217025257249765], [0.022935779816513763, 0.17307692307692307, 0.47406492589978827, 0.25141143260409315, 0.05751587861679605, 0.020995059985885675], [0.12790697674418605, 0.1744186046511628, 0.4186046511627907, 0.11627906976744186, 0.09302325581395349, 0.06976744186046512], [0.012667660208643815, 0.1171137605563835, 0.5216095380029806, 0.25434674615002484, 0.07426726279185296, 0.01999503229011426], [0.008167265599477294, 0.07285200914733747, 0.3850049003593597, 0.35739954263312645, 0.1295328324077099, 0.04704344985298922], [0.016432176994952207, 0.1002040597143164, 0.4050048329932338, 0.3432499194501128, 0.10675545054236923, 0.02835356030501557], [0.02355072463768116, 0.18115942028985507, 0.5416666666666666, 0.22644927536231885, 0.02355072463768116, 0.0036231884057971015], [0.009797752808988765, 0.0910561797752809, 0.34408988764044945, 0.38157303370786516, 0.1387865168539326, 0.03469662921348315], [0.0118609783008459, 0.15336520779698418, 0.5719933799190879, 0.22333578521515263, 0.03411180581095991, 0.005332842956969474], [0.01463662975690467, 0.11938398879979636, 0.5015909380170549, 0.2764413898434517, 0.07445589919816724, 0.013491154384625175], [0.007860922146636432, 0.1037037037037037, 0.45774754346182916, 0.29599395313681026, 0.09312169312169312, 0.04157218442932729], [0.06840648477659154, 0.24950573349149863, 0.43258204824041124, 0.1929616449189403, 0.04151838671411625, 0.015025701858442072], [0.04702627939142462, 0.17081604426002767, 0.4515905947441217, 0.2565698478561549, 0.05532503457814661, 0.01867219917012448], [0.03501060927553804, 0.2294634737799333, 0.5040921491361019, 0.17399211882388602, 0.04228554107305244, 0.01515610791148833], [0.019377990430622008, 0.13133971291866028, 0.41985645933014354, 0.2777511961722488, 0.09473684210526316, 0.056937799043062204], [0.01643192488262911, 0.16047801963294922, 0.47439180537772085, 0.2641912078531797, 0.06487409304310712, 0.019632949210414], [0.02129667071033832, 0.1951745518263917, 0.5352473379161612, 0.1990834344251247, 0.040436716538617065, 0.00876128858336703], [0.020681818181818183, 0.1506818181818182, 0.5093181818181818, 0.235, 0.059772727272727276, 0.024545454545454544], [0.017623497997329773, 0.11295060080106809, 0.4384512683578104, 0.29799732977303073, 0.09906542056074766, 0.03391188251001335], [0.010925734534179832, 0.15901373099069835, 0.4754170972980954, 0.24435257640631922, 0.07588956149416802, 0.0344012992765392], [0.009629768137621541, 0.12219521316379955, 0.3970643231114435, 0.3470456245325355, 0.09583021690351533, 0.028234854151084517], [0.009025270758122744, 0.1184115523465704, 0.521179302045728, 0.28808664259927796, 0.05451263537906137, 0.00878459687123947], [0.20081967213114754, 0.29918032786885246, 0.3729508196721312, 0.0942622950819672, 0.03278688524590164, 0.0]]}}}, "eu": {"histType": {"histogram": {"labels": ["0", "100", "200", "300", "400", "500", "600", "700", "800", "900", "1000", "1100", "1200", "1300", "1400", "1500", "1600", "1700", "1800", "1900", "2000", "2100", "2200", "2300", "2400", "2500", "2600", "2700", "2800", "2900", "3000"], "data": [[0.0, 0.0, 0.004464285714285714, 0.0, 0.0, 0.008928571428571428, 0.013392857142857142, 0.017857142857142856, 0.049107142857142856, 0.044642857142857144, 0.08035714285714286, 0.05803571428571429, 0.05803571428571429, 0.09821428571428571, 0.14285714285714285, 0.125, 0.08035714285714286, 0.08928571428571429, 0.049107142857142856, 0.026785714285714284, 0.013392857142857142, 0.017857142857142856, 0.0, 0.017857142857142856, 0.004464285714285714, 0.0, 0.0, 0.0, 0.0, 0.0, 0.0], [0.0, 0.0, 0.0004780114722753346, 0.0009560229445506692, 0.0009560229445506692, 0.0033460803059273425, 0.004780114722753346, 0.008126195028680689, 0.018164435946462717, 0.02676864244741874, 0.036328871892925434, 0.05066921606118547, 0.061663479923518165, 0.08269598470363289, 0.11902485659655831, 0.11950286806883365, 0.15487571701720843, 0.08460803059273422, 0.128585086042065, 0.03776290630975143, 0.019120458891013385, 0.02055449330783939, 0.0057361376673040155, 0.004780114722753346, 0.0057361376673040155, 0.002390057361376673, 0.0014340344168260039, 0.0009560229445506692, 0.0, 0.0, 0.0], [0.0, 0.0, 0.0, 0.00014914243102162565, 0.00014914243102162565, 0.00014914243102162565, 0.0002982848620432513, 0.0014914243102162564, 0.002982848620432513, 0.003877703206562267, 0.009843400447427294, 0.014914243102162566, 0.02237136465324385, 0.03027591349739001, 0.049217002237136466, 0.07203579418344519, 0.13736017897091723, 0.10469798657718121, 0.23818046234153617, 0.08471290082028338, 0.06204325130499627, 0.07979120059656973, 0.028933631618195378, 0.014317673378076063, 0.022669649515287098, 0.008948545861297539, 0.003131991051454139, 0.004026845637583893, 0.002535421327367636, 0.0008948545861297539, 0.0], [0.0, 0.0, 0.0, 0.00012405408758218582, 0.00012405408758218582, 0.00024810817516437165, 0.0008683786130753009, 0.0026051358392259025, 0.004093784890212133, 0.00893189430591738, 0.017119464086341647, 0.026919737005334326, 0.03547946904850515, 0.046396228755737505, 0.08075921101600297, 0.10631435305793326, 0.16251085473266344, 0.11859570772856966, 0.18173923830790226, 0.07939461605259893, 0.046892445106066244, 0.04614812058057313, 0.014142165984369185, 0.006326758466691477, 0.008807840218335194, 0.0026051358392259025, 0.0003721622627465575, 0.0012405408758218582, 0.0009924327006574866, 0.00024810817516437165, 0.0], [0.0, 0.0, 0.0, 0.0, 0.009900990099009901, 0.019801980198019802, 0.019801980198019802, 0.04950495049504951, 0.04950495049504951, 0.0297029702970297, 0.07920792079207921, 0.10891089108910891, 0.0297029702970297, 0.0297029702970297, 0.09900990099009901, 0.10891089108910891, 0.0594059405940594, 0.0891089108910891, 0.0594059405940594, 0.04950495049504951, 0.0594059405940594, 0.0, 0.019801980198019802, 0.009900990099009901, 0.009900990099009901, 0.009900990099009901, 0.0, 0.0, 0.0, 0.0, 0.0], [0.0, 0.00013419216317767042, 0.00013419216317767042, 0.00026838432635534085, 0.00040257648953301127, 0.00013419216317767042, 0.00026838432635534085, 0.001878690284487386, 0.0029522275899087494, 0.00630703166935051, 0.011674718196457327, 0.020263016639828234, 0.032877079978529254, 0.05649490069779925, 0.08789586688137413, 0.11339237788513151, 0.15042941492216855, 0.107085346215781, 0.15995705850778313, 0.07514761137949544, 0.04414922168545357, 0.059044551798174985, 0.022678475577026302, 0.010198604401502952, 0.01918947933440687, 0.008722490606548578, 0.0033548040794417608, 0.0026838432635534087, 0.0014761137949543747, 0.0008051529790660225, 0.0], [0.0002605523710265763, 0.0002605523710265763, 0.0002605523710265763, 0.0013027618551328818, 0.003126628452318916, 0.0026055237102657635, 0.004429390307451798, 0.01068264721208963, 0.020323084940072955, 0.02709744658676394, 0.04194893173527879, 0.055237102657634186, 0.07295466388744137, 0.08467952058363731, 0.09536216779572694, 0.12063574778530485, 0.12688900468994269, 0.07998957790515894, 0.08858780614903596, 0.04715997915581032, 0.02918186555497655, 0.030224075039082855, 0.012506513809275664, 0.007556018759770714, 0.012245961438249088, 0.006774361646690985, 0.006774361646690985, 0.005211047420531527, 0.004689942678478374, 0.0010422094841063053, 0.0], [0.0, 0.0, 0.0, 0.0, 0.00966183574879227, 0.024154589371980676, 0.004830917874396135, 0.05314009661835749, 0