{"region": {"us": {"histType": {"histogram": {"labels": ["0", "100", "200", "300", "400", "500", "600", "700", "800", "900", "1000", "1100", "1200", "1300", "1400", "1500", "1600", "1700", "1800", "1900", "2000", "2100", "2200", "2300", "2400", "2500", "2600", "2700", "2800", "2900", "3000", "3100", "3200"], "data": [[0.0, 0.0, 0.0032258064516129032, 0.0032258064516129032, 0.0064516129032258064, 0.0064516129032258064, 0.02258064516129032, 0.012903225806451613, 0.03225806451612903, 0.02903225806451613, 0.07096774193548387, 0.07419354838709677, 0.08387096774193549, 0.11935483870967742, 0.1064516129032258, 0.10967741935483871, 0.1, 0.054838709677419356, 0.054838709677419356, 0.04838709677419355, 0.02903225806451613, 0.00967741935483871, 0.00967741935483871, 0.0, 0.012903225806451613, 0.0, 0.0, 0.0, 0.0, 0.0, 0.0, 0.0, 0.0], [0.0, 0.0008274720728175424, 0.0, 0.0004137360364087712, 0.0008274720728175424, 0.0016549441456350847, 0.004964832436905255, 0.01075713694662805, 0.011170872983036822, 0.01985932974762102, 0.03475382705833678, 0.04261481175010343, 0.06412908564335953, 0.07447248655357881, 0.10012412081092263, 0.12122465866776996, 0.14687629292511378, 0.08936698386429458, 0.1522548613984278, 0.05502689284236657, 0.024824162184526273, 0.016549441456350848, 0.00992966487381051, 0.004964832436905255, 0.004964832436905255, 0.0016549441456350847, 0.0033098882912701694, 0.002068680182043856, 0.0004137360364087712, 0.0, 0.0, 0.0, 0.0], [0.00013374348000534973, 0.0, 0.0, 0.00026748696001069946, 0.00026748696001069946, 0.00026748696001069946, 0.00026748696001069946, 0.0006687174000267487, 0.003611073960144443, 0.004413534840176541, 0.008158352280326334, 0.011501939280460078, 0.019125317640765013, 0.029557309081182294, 0.04520529624180821, 0.06767420088270697, 0.11274575364450982, 0.10338371004413535, 0.2693593687307744, 0.08305470108332219, 0.059248361642369934, 0.08733449244349338, 0.026079978601043198, 0.013775578440551023, 0.03169720476126789, 0.009763274040390532, 0.004681021800187241, 0.0038785609201551423, 0.0013374348000534974, 0.0024073826400962954, 0.00013374348000534973, 0.0, 0.0], [0.0, 0.0, 0.0, 0.0, 0.00012257906349595488, 0.00024515812699190976, 0.000980632507967639, 0.002329002206423143, 0.00600637411130179, 0.01078695758764403, 0.01679333169894582, 0.019122333905368962, 0.03603824466781074, 0.04939936258886982, 0.07317970090708507, 0.09977935768570728, 0.15481735719539103, 0.1116695268448149, 0.1934297621966168, 0.08065702378033832, 0.05013483696984555, 0.05467026231919588, 0.016180436381466046, 0.007109585682765384, 0.011154694778131895, 0.002329002206423143, 0.001103211571463594, 0.0014709487619514587, 0.00024515812699190976, 0.0, 0.00024515812699190976, 0.0, 0.0], [0.0, 0.0, 0.0, 0.0, 0.008771929824561403, 0.0, 0.008771929824561403, 0.03508771929824561, 0.03508771929824561, 0.05263157894736842, 0.043859649122807015, 0.07894736842105263, 0.07017543859649122, 0.10526315789473684, 0.07894736842105263, 0.10526315789473684, 0.06140350877192982, 0.03508771929824561, 0.08771929824561403, 0.08771929824561403, 0.02631578947368421, 0.043859649122807015, 0.017543859649122806, 0.017543859649122806, 0.0, 0.0, 0.0, 0.0, 0.0, 0.0, 0.0, 0.0, 0.0], [0.0, 0.0, 0.0, 0.0001273723092599669, 0.0, 0.0001273723092599669, 0.0, 0.0017832123296395363, 0.0019105846388995033, 0.006623360081518278, 0.01108139090561712, 0.017704750987135396, 0.03247993886129155, 0.05655330531142529, 0.0834288625652783, 0.11539931218952999, 0.15475735575085978, 0.10839383518023182, 0.16838619284167622, 0.07158323780410139, 0.04165074512800917, 0.05935549611514457, 0.019742707935294868, 0.010062412431537384, 0.020379569481594702, 0.008024455483377914, 0.003056935422239205, 0.003184307731499172, 0.0020379569481594703, 0.0007642338555598013, 0.0014010954018596356, 0.0, 0.0], [0.0, 0.0, 0.00026476039184537993, 0.0015885623510722795, 0.0018533227429176596, 0.003177124702144559, 0.005559968228752979, 0.009001853322742918, 0.017474185861795076, 0.024622716441620333, 0.03891977760127085, 0.04686258935663225, 0.07016150383902568, 0.08339952343129468, 0.10934604183214192, 0.12337834259994705, 0.1254964257347101, 0.0818109610802224, 0.11014032300767805, 0.03865501720942547, 0.028064601535610273, 0.029123643102991793, 0.011119936457505957, 0.007148530579825258, 0.012708498808578236, 0.006354249404289118, 0.006619009796134498, 0.0023828435266084196, 0.0018533227429176596, 0.0007942811755361397, 0.0021180831347630395, 0.0, 0.0], [0.0033333333333333335, 0.0, 0.0033333333333333335, 0.01, 0.016666666666666666, 0.013333333333333334, 0.016666666666666666, 0.05, 0.05, 0.1, 0.08666666666666667, 0.10333333333333333, 0.09, 0.10333333333333333, 0.07666666666666666, 0.06666666666666667, 0.06666666666666667, 0.03333333333333333, 0.02666666666666667, 0.03666666666666667, 0.006666666666666667, 0.013333333333333334, 0.02, 0.006666666666666667, 0.0, 0.0, 0.0, 0.0, 0.0, 0.0, 0.0, 0.0, 0.0], [0.0004007212983370066, 0.00030054097375275494, 0.0006010819475055099, 0.0006010819475055099, 0.0005009016229212583, 0.0016028851933480265, 0.0017030655179322781, 0.005209376878381086, 0.009517130835503908, 0.019835704267681827, 0.033660589060308554, 0.04828691644960929, 0.06281306351432579, 0.07082748948106592, 0.09276698056501703, 0.10769384892807053, 0.13664596273291926, 0.09186535764375876, 0.1089961931476658, 0.05750350631136045, 0.040172310158284916, 0.04157483470246444, 0.0182328190743338, 0.011721097976357443, 0.01943498296934482, 0.008314966940492887, 0.005309557202965338, 0.0016028851933480265, 0.0021037868162692847, 0.0002003606491685033, 0.0, 0.0, 0.0], [0.0, 0.0, 0.0, 0.0, 0.0003695491500369549, 0.0003695491500369549, 0.0003695491500369549, 0.0003695491500369549, 0.0007390983000739098, 0.005543237250554324, 0.007021433850702144, 0.005912786400591279, 0.012195121951219513, 0.02106430155210643, 0.04028085735402809, 0.06356245380635625, 0.07797487065779748, 0.08130081300813008, 0.18699186991869918, 0.08093126385809313, 0.08536585365853659, 0.12158167036215817, 0.050628233555062824, 0.025498891352549888, 0.06873614190687362, 0.022912047302291204, 0.013303769401330377, 0.014781966001478197, 0.0066518847006651885, 0.0040650406504065045, 0.0014781966001478197, 0.0, 0.0], [0.0, 0.0, 0.0003246753246753247, 0.0, 0.0016233766233766235, 0.0016233766233766235, 0.0035714285714285713, 0.003896103896103896, 0.012012987012987014, 0.01818181818181818, 0.03051948051948052, 0.03441558441558441, 0.05974025974025974, 0.0724025974025974, 0.09220779220779221, 0.11201298701298701, 0.14025974025974025, 0.09123376623376624, 0.1512987012987013, 0.05454545454545454, 0.03636363636363636, 0.04025974025974026, 0.012662337662337663, 0.008441558441558441, 0.01103896103896104, 0.0042207792207792205, 0.001948051948051948, 0.0016233766233766235, 0.001948051948051948, 0.0016233766233766235, 0.0, 0.0, 0.0], [0.0001834862385321101, 0.0, 0.0005504587155963303, 0.0005504587155963303, 0.0009174311926605505, 0.002018348623853211, 0.0045871559633027525, 0.008256880733944955, 0.013944954128440367, 0.02348623853211009, 0.05082568807339449, 0.06330275229357799, 0.08954128440366972, 0.09743119266055046, 0.13412844036697247, 0.1308256880733945, 0.12844036697247707, 0.07394495412844036, 0.08, 0.03743119266055046, 0.01926605504587156, 0.01834862385321101, 0.007889908256880735, 0.005321100917431192, 0.004036697247706422, 0.0014678899082568807, 0.001834862385321101, 0.0009174311926605505, 0.0005504587155963303, 0.0, 0.0, 0.0, 0.0], [0.0, 0.0, 0.0, 0.0, 0.0003448870494912916, 0.0006897740989825832, 0.0027590963959303327, 0.00327642697016727, 0.007415071564062769, 0.010174167959993102, 0.024831867563372995, 0.03673047077082255, 0.05069839627521987, 0.06725297465080186, 0.10553543714433523, 0.1110536299361959, 0.14433523021210554, 0.10260389722365926, 0.1565787204690464, 0.059493016037247805, 0.03673047077082255, 0.03569580962234868, 0.013450594930160372, 0.008277289187790998, 0.012760820831177789, 0.005000862217623728, 0.0015519917227108122, 0.0010346611484738748, 0.001724435247456458, 0.0, 0.0, 0.0, 0.0], [0.00022729855665416524, 0.0, 0.0, 0.00011364927832708262, 0.00022729855665416524, 0.00034094783498124785, 0.001477440618252074, 0.0022729855665416525, 0.00477326968973747, 0.013296965564268667, 0.021366064325491534, 0.026934878963518583, 0.037504261847937266, 0.04943743607228094, 0.07637231503579953, 0.10217070121604728, 0.14172065007387202, 0.10785316513240141, 0.1672917376974656, 0.0790998977156495, 0.051369473803841346, 0.05546084782361632, 0.019206728037276962, 0.009660188657802023, 0.01647914535742698, 0.005000568246391636, 0.0037504261847937266, 0.002500284123195818, 0.001477440618252074, 0.0022729855665416525, 0.00034094783498124785, 0.0, 0.0], [0.0, 0.0, 0.0, 0.0, 0.0004697040864255519, 0.00023485204321277596, 0.0007045561296383278, 0.0009394081728511038, 0.004227336777829967, 0.004227336777829967, 0.013151714419915453, 0.018083607327383747, 0.03616721465476749, 0.05166744950681071, 0.07444809769844998, 0.10098637858149366, 0.1496007515265383, 0.11578205730389854, 0.1709722874589009, 0.07961484264913105, 0.05800845467355566, 0.056599342414279004, 0.022780648191639268, 0.010333489901362142, 0.016674495068107094, 0.007515265382808831, 0.0021136683889149835, 0.0018788163457022077, 0.0009394081728511038, 0.0018788163457022077, 0.0, 0.0, 0.0], [0.0, 0.00041288191577208916, 0.0, 0.0, 0.0012386457473162675, 0.0012386457473162675, 0.0008257638315441783, 0.00495458298926507, 0.00990916597853014, 0.014037985136251032, 0.019405450041288193, 0.03137902559867878, 0.047481420313790254, 0.0573905862923204, 0.08092485549132948, 0.10363336085879439, 0.13666391412056153, 0.10198183319570603, 0.13542526837324526, 0.06440957886044592, 0.05326176713459951, 0.04665565648224608, 0.028075970272502065, 0.014450867052023121, 0.017753922378199834, 0.00990916597853014, 0.004541701073492981, 0.006193228736581338, 0.004128819157720892, 0.002477291494632535, 0.0012386457473162675, 0.0, 0.0], [0.0002212878955521133, 0.0, 0.0004425757911042266, 0.0006638636866563399, 0.0006638636866563399, 0.0008851515822084533, 0.002212878955521133, 0.003761894224385926, 0.007523788448771852, 0.012170834255366232, 0.02212878955521133, 0.03961053330382828, 0.06749280814339456, 0.07899977871210445, 0.1064394777605665, 0.1248063730913919, 0.1365346315556539, 0.09249834034078336, 0.1281256915246736, 0.050674928081433944, 0.034299623810577565, 0.04027439699048462, 0.01482628900199159, 0.007745076344323965, 0.013055985837574684, 0.005310909493250719, 0.003540606328833813, 0.00199159105996902, 0.001549015268864793, 0.001549015268864793, 0.0, 0.0, 0.0], [0.0, 0.0, 0.00016644474034620507, 0.00033288948069241014, 0.0004993342210386152, 0.00033288948069241014, 0.0011651131824234355, 0.0031624500665778962, 0.0039946737683089215, 0.010652463382157125, 0.020805592543275634, 0.026797603195739015, 0.049933422103861515, 0.060752330226364844, 0.0985352862849534, 0.11967376830892144, 0.1446404793608522, 0.09720372836218376, 0.18059254327563248, 0.05942077230359521, 0.03445406125166445, 0.0396138482023968, 0.01514647137150466, 0.007822902796271639, 0.011984021304926764, 0.004161118508655127, 0.003328894806924101, 0.0016644474034620505, 0.0004993342210386152, 0.002663115845539281, 0.0, 0.0, 0.0], [0.0, 0.0, 0.0, 0.00909090909090909, 0.00909090909090909, 0.00909090909090909, 0.0, 0.00909090909090909, 0.00909090909090909, 0.05454545454545454, 0.02727272727272727, 0.045454545454545456, 0.045454545454545456, 0.05454545454545454, 0.05454545454545454, 0.11818181818181818, 0.12727272727272726, 0.08181818181818182, 0.07272727272727272, 0.02727272727272727, 0.08181818181818182, 0.03636363636363636, 0.03636363636363636, 0.0, 0.01818181818181818, 0.02727272727272727, 0.00909090909090909, 0.03636363636363636, 0.0, 0.0, 0.0, 0.0, 0.0], [0.0002385211687537269, 0.00011926058437686345, 0.0, 0.00011926058437686345, 0.0002385211687537269, 0.0002385211687537269, 0.0004770423375074538, 0.0016696481812760882, 0.0029815146094215863, 0.00655933214072749, 0.011926058437686345, 0.01693500298151461, 0.03243887895050686, 0.04830053667262969, 0.0815742397137746, 0.12534287418008347, 0.16732259988073941, 0.13118664281454978, 0.14347048300536672, 0.0763267740011926, 0.04985092426952892, 0.05068574836016696, 0.020274299344066785, 0.009302325581395349, 0.011926058437686345, 0.004770423375074538, 0.002146690518783542, 0.001073345259391771, 0.0025044722719141325, 0.0, 0.0, 0.0, 0.0], [0.0, 0.0, 0.0, 0.000155448468832582, 0.0, 0.000310896937665164, 0.001399036219493238, 0.00077724234416291, 0.002020830094823566, 0.003419866314316804, 0.007616974972796518, 0.011192289755945904, 0.019741955541737913, 0.027825275921032178, 0.048344473806933, 0.0760143012591326, 0.12311518731540494, 0.11596455774910618, 0.19804134929270947, 0.09824343230219182, 0.07088450178765739, 0.09389087517487953, 0.02891341520286025, 0.01632208922742111, 0.027825275921032178, 0.01321311985076947, 0.005907041815638116, 0.004197108658479714, 0.002020830094823566, 0.000932690812995492, 0.001709933157158402, 0.0, 0.0], [0.0003098853424233034, 0.00010329511414110113, 0.0, 0.00020659022828220226, 0.00020659022828220226, 0.0007230657989877079, 0.000826360913128809, 0.0022724925111042246, 0.0037186241090796405, 0.007024067761594877, 0.013428364838343147, 0.018799710773680405, 0.023551286024171055, 0.03749612643321971, 0.0548497056089247, 0.08180973039975209, 0.1190992666046896, 0.12540026856729677, 0.19801673380849086, 0.09926660468959818, 0.064352856109906, 0.07550872843714493, 0.026340254105980787, 0.01373825018076645, 0.01931618634438591, 0.006610887305030472, 0.003408738766656337, 0.0012395413696932136, 0.002375787625245326, 0.0, 0.0, 0.0, 0.0], [0.0, 0.0, 0.0, 0.0017035775127768314, 0.0017035775127768314, 0.0, 0.0, 0.005110732538330494, 0.008517887563884156, 0.005110732538330494, 0.017035775127768313, 0.02555366269165247, 0.044293015332197615, 0.08517887563884156, 0.09540034071550256, 0.13458262350936967, 0.16183986371379896, 0.12265758091993186, 0.16524701873935263, 0.06132879045996593, 0.027257240204429302, 0.02555366269165247, 0.0068143100511073255, 0.0017035775127768314, 0.0034071550255536627, 0.0, 0.0, 0.0, 0.0, 0.0, 0.0, 0.0, 0.0], [0.0, 0.0, 0.0, 0.0002574002574002574, 0.0, 0.0001716001716001716, 0.0002574002574002574, 0.0007722007722007722, 0.002059202059202059, 0.005577005577005577, 0.008151008151008152, 0.01595881595881596, 0.026683826683826684, 0.033376233376233376, 0.05276705276705277, 0.06872586872586872, 0.1093951093951094, 0.08708708708708708, 0.21758901758901758, 0.1015015015015015, 0.06778206778206779, 0.11377091377091376, 0.03397683397683398, 0.011497211497211498, 0.02436722436722437, 0.007893607893607893, 0.004633204633204633, 0.0024024024024024023, 0.001716001716001716, 0.0016302016302016302, 0.0, 0.0, 0.0], [0.0001774622892635315, 8.873114463176575e-05, 8.873114463176575e-05, 8.873114463176575e-05, 0.0006211180124223603, 0.0005323868677905945, 0.0005323868677905945, 0.0013309671694764862, 0.0013309671694764862, 0.006388642413487134, 0.011180124223602485, 0.02377994676131322, 0.04383318544809228, 0.06326530612244897, 0.0960958296362023, 0.13646850044365572, 0.18660159716060337, 0.13354037267080746, 0.15758651286601597, 0.05581188997338066, 0.03132209405501331, 0.02715173025732032, 0.010292812777284827, 0.0032830523513753328, 0.004614019520851819, 0.0015971606033717836, 0.0016858917480035492, 0.000709849157054126, 0.0, 0.0, 0.0, 0.0, 0.0], [0.0, 0.0001203224642040669, 0.0, 0.0001203224642040669, 0.0003609673926122007, 0.0008422572494284683, 0.0008422572494284683, 0.002286126819877271, 0.0033690289977138734, 0.006016123210203345, 0.01239321381301889, 0.02129707616411984, 0.03152448562146553, 0.04415834436289255, 0.0730357357718686, 0.11972085188304657, 0.16484177595957164, 0.12152568884610757, 0.1660450006016123, 0.08266153290819396, 0.04776801828901456, 0.049933822644687764, 0.023342558055588977, 0.009746119600529419, 0.011069666706774155, 0.002767416676693539, 0.0021658043556732043, 0.0020454818914691373, 0.0, 0.0, 0.0, 0.0, 0.0], [0.0, 0.0, 0.0, 0.0, 0.00028905911258852437, 0.0, 0.000867177337765573, 0.000867177337765573, 0.001589825119236884, 0.003468709351062292, 0.009538950715421303, 0.015464662523486054, 0.027460615695909813, 0.04581586934528111, 0.08035843329960977, 0.10998699233993352, 0.14828732475791298, 0.09683480271715565, 0.19627113744760805, 0.07356554415377944, 0.0450932215638098, 0.058823529411764705, 0.02659343835814424, 0.012863130510189334, 0.020812256106373755, 0.009105362046538517, 0.005781182251770487, 0.003179650238473768, 0.0030351206821795057, 0.0020234137881196706, 0.0020234137881196706, 0.0, 0.0], [0.00036310820624546115, 0.00036310820624546115, 0.00036310820624546115, 0.0007262164124909223, 0.002541757443718228, 0.002541757443718228, 0.0054466230936819175, 0.008714596949891068, 0.014524328249818447, 0.02868554829339143, 0.03776325344952796, 0.05410312273057371, 0.05991285403050109, 0.08315177923021061, 0.11365286855482934, 0.11220043572984749, 0.1187363834422658, 0.07734204793028322, 0.14887436456063907, 0.04357298474945534, 0.020697167755991286, 0.03231663035584604, 0.00944081336238199, 0.005083514887436456, 0.010530137981118372, 0.0032679738562091504, 0.0018155410312273058, 0.0010893246187363835, 0.0018155410312273058, 0.00036310820624546115, 0.0, 0.0, 0.0], [0.0, 0.0, 0.0, 0.0019317450096587251, 0.0025756600128783, 0.0025756600128783, 0.0038634900193174502, 0.010946555054732776, 0.0103026400515132, 0.014810045074050225, 0.023824855119124275, 0.0360592401802962, 0.050225370251126854, 0.056664520283322604, 0.0824211204121056, 0.10946555054732775, 0.1448808757244044, 0.10367031551835158, 0.17192530585962654, 0.061171925305859624, 0.028976175144880875, 0.032839665164198326, 0.021249195106245976, 0.005795235028976175, 0.014810045074050225, 0.004507405022537025, 0.00128783000643915, 0.0025756600128783, 0.000643915003219575, 0.0, 0.0, 0.0, 0.0], [0.00028694404591104734, 0.0, 0.0, 0.0, 0.0007173601147776184, 0.000860832137733142, 0.0028694404591104736, 0.005021520803443328, 0.007173601147776184, 0.014921090387374462, 0.027977044476327116, 0.042467718794835005, 0.05710186513629842, 0.0824964131994261, 0.1278335724533716, 0.13845050215208035, 0.14390243902439023, 0.08809182209469153, 0.12525107604017216, 0.04160688665710186, 0.02654232424677188, 0.03012912482065997, 0.01291248206599713, 0.006312769010043041, 0.010616929698708751, 0.002582496413199426, 0.001291248206599713, 0.0010043041606886656, 0.00014347202295552367, 0.0011477761836441894, 0.00028694404591104734, 0.0, 0.0], [0.0, 0.0, 0.0, 0.0006538796861377507, 0.00043591979075850045, 0.00021795989537925023, 0.002179598953792502, 0.0008718395815170009, 0.004141238012205754, 0.00980819529206626, 0.017000871839581516, 0.022013949433304272, 0.03400174367916303, 0.0486050566695728, 0.07127288578901482, 0.10636442894507411, 0.11878814298169137, 0.09873583260680036, 0.16630340017436793, 0.07367044463818657, 0.05318221447253706, 0.062118570183086315, 0.02877070619006103, 0.014821272885789015, 0.03182214472537053, 0.013077593722755012, 0.009372275501307759, 0.004795117698343505, 0.003051438535309503, 0.0023975588491717526, 0.0015257192676547515, 0.0, 0.0], [0.0, 0.0, 0.0, 0.00020279862096937742, 0.00020279862096937742, 0.0, 0.001013993104846887, 0.001013993104846887, 0.002839180693571284, 0.009937132427499494, 0.015818292435611437, 0.02818900831474346, 0.04421009937132427, 0.06448996146826201, 0.09490975461366863, 0.11782599878320828, 0.14662340296085988, 0.10403569255729062, 0.16487527884810382, 0.06854593388764957, 0.04177651591969175, 0.04502129385520178, 0.01642668829851957, 0.007706347596836341, 0.010545528290407625, 0.002839180693571284, 0.004055972419387548, 0.0022307848306631515, 0.0032447779355100387, 0.001419590346785642, 0.0, 0.0, 0.0], [0.0001288161793121216, 0.0001288161793121216, 0.0001288161793121216, 0.0001288161793121216, 0.000644080896560608, 0.0011593456138090945, 0.0014169779724333377, 0.0030915883034909183, 0.004637382455236378, 0.008244235475975782, 0.020997037227875822, 0.032719309545278887, 0.05358753059384259, 0.07419811928378205, 0.10640216411181244, 0.14028081927090041, 0.1675898492850702, 0.11245652453948216, 0.11825325260852763, 0.061960582249130494, 0.03542444931083344, 0.028210743269354632, 0.013010434110524282, 0.004895014813860621, 0.004895014813860621, 0.0016746103310575809, 0.0009017132551848512, 0.002705139765554554, 0.0001288161793121216, 0.0, 0.0, 0.0, 0.0], [0.0, 0.0, 0.0, 0.0002106593638087213, 0.0002106593638087213, 0.0008426374552348852, 0.0010532968190436064, 0.0027385717295133768, 0.0054771434590267535, 0.007162418369496524, 0.01664208974088898, 0.024647145565620393, 0.04213187276174426, 0.057931325047398355, 0.09226880134821992, 0.12850221192331998, 0.1573625447651148, 0.11523067200337055, 0.14303770802612176, 0.06741099641879081, 0.0425531914893617, 0.041499894670318095, 0.018327364651358754, 0.006319780914261639, 0.01622077101327154, 0.00484516536760059, 0.0033705498209395408, 0.001474615546661049, 0.0012639561828523278, 0.0006319780914261639, 0.0006319780914261639, 0.0, 0.0], [0.0, 0.0, 0.0, 0.0002592016588906169, 0.0, 0.0010368066355624676, 0.002073613271124935, 0.002851218247796786, 0.005702436495593572, 0.005702436495593572, 0.011923276308968377, 0.021254536029030584, 0.03136340072576464, 0.04613789528252981, 0.07698289269051321, 0.10782789009849664, 0.13893208916537067, 0.09901503369621566, 0.18299637117677553, 0.0767236910316226, 0.05132192846034215, 0.06168999481596682, 0.025660964230171075, 0.015552099533437015, 0.019440124416796267, 0.00933125972006221, 0.003110419906687403, 0.0012960082944530845, 0.0010368066355624676, 0.0007776049766718507, 0.0, 0.0, 0.0], [0.0, 0.0, 0.0002810567734682406, 0.0, 0.0002810567734682406, 0.00042158516020236085, 0.0005621135469364812, 0.0019673974142776843, 0.0018268690275435638, 0.005340078695896571, 0.011101742551995503, 0.025435637998875774, 0.042439572793704326, 0.07054525014052838, 0.10019673974142777, 0.11537380550871276, 0.14151208544125912, 0.09893198426082069, 0.16259134345137718, 0.05831928049465992, 0.04145587408656549, 0.046795952782462055, 0.02346824058459809, 0.010539629005059023, 0.021641371557054524, 0.006464305789769534, 0.005621135469364812, 0.003372681281618887, 0.001405283867341203, 0.0012647554806070826, 0.0008431703204047217, 0.0, 0.0], [0.0, 0.0, 8.814455707360071e-05, 0.0, 8.814455707360071e-05, 0.00017628911414720142, 0.00035257822829440284, 0.0010577346848832084, 0.0019391802556192154, 0.005464962538563244, 0.010312913177611283, 0.02000881445570736, 0.03384750991626267, 0.04750991626267078, 0.06928162185985015, 0.08602908770383429, 0.1128250330542089, 0.09034817100044072, 0.2276773909211106, 0.08920229175848392, 0.05914499779638607, 0.07739092111062142, 0.023270163067430585, 0.008550022036139268, 0.021947994711326576, 0.006081974438078449, 0.002732481269281622, 0.0015866020273248127, 0.0015866020273248127, 0.001498457470251212, 0.0, 0.0, 0.0], [0.0, 0.0, 0.0, 0.0, 0.0, 0.00011682242990654206, 0.0007009345794392523, 0.0005841121495327102, 0.0022196261682242992, 0.0047897196261682245, 0.008060747663551401, 0.018341121495327104, 0.03154205607476635, 0.05560747663551402, 0.084696261682243, 0.12394859813084112, 0.1713785046728972, 0.12313084112149533, 0.2003504672897196, 0.06822429906542056, 0.036214953271028034, 0.044859813084112146, 0.010864485981308411, 0.00397196261682243, 0.005841121495327103, 0.0011682242990654205, 0.0011682242990654205, 0.0015186915887850467, 0.0007009345794392523, 0.0, 0.0, 0.0, 0.0], [0.0, 0.00392156862745098, 0.0, 0.00392156862745098, 0.00392156862745098, 0.0196078431372549, 0.027450980392156862, 0.0196078431372549, 0.06666666666666667, 0.03529411764705882, 0.054901960784313725, 0.06666666666666667, 0.06666666666666667, 0.11372549019607843, 0.11372549019607843, 0.12549019607843137, 0.09019607843137255, 0.06666666666666667, 0.043137254901960784, 0.01568627450980392, 0.011764705882352941, 0.023529411764705882, 0.011764705882352941, 0.01568627450980392, 0.0, 0.0, 0.0, 0.0, 0.0, 0.0, 0.0, 0.0, 0.0]]}, "ranks": {"labels": ["Unranked", "Combatatent I", "Combatatent II", "Challenger I", "Challenger II", "Rival I", "Rival II", "Duelist", "Elite"], "data": [[0.11612903225806452, 0.14516129032258066, 0.2032258064516129, 0.2161290322580645, 0.15483870967741936, 0.08387096774193549, 0.04838709677419355, 0.01935483870967742, 0.012903225806451613], [0.050475796441870086, 0.07736863880844022, 0.13860157219693836, 0.22134877947869258, 0.23624327678940835, 0.18494000827472074, 0.047165908150599914, 0.03144393876706661, 0.012412081092263137], [0.00989701752039588, 0.01966029156078641, 0.04868262672194731, 0.11287949712451519, 0.2161294636886452, 0.31443092149257723, 0.09723150996388925, 0.1271900494850876, 0.053898622442155944], [0.020470703603824466, 0.035915665604314785, 0.08543760725668056, 0.17295905859279234, 0.26648688404020593, 0.2360872762932091, 0.08813434665359157, 0.07796028438342731, 0.01654817357195391], [0.14035087719298245, 0.12280701754385964, 0.17543859649122806, 0.18421052631578946, 0.09649122807017543, 0.14912280701754385, 0.05263157894736842, 0.07894736842105263, 0.0], [0.01057190166857725, 0.028786141892752515, 0.08903324417271685, 0.1988281747548083, 0.26315119093109157, 0.2064705133104063, 0.07514966246338046, 0.08916061648197682, 0.0388485543242899], [0.06354249404289118, 0.0857823669579031, 0.15356102727032037, 0.23272438443208895, 0.2073073868149325, 0.13370399788191686, 0.04315594387079693, 0.047392110140323004, 0.03283028858882711], [0.2633333333333333, 0.19, 0.19333333333333333, 0.14333333333333334, 0.1, 0.04, 0.03, 0.04, 0.0], [0.04027249048286916, 0.08194750550991785, 0.1336405529953917, 0.20046082949308755, 0.228511320376678, 0.13995191344419955, 0.0667200961731116, 0.07152875175315568, 0.03696653977158886], [0.007760532150776054, 0.012934220251293422, 0.03325942350332594, 0.10384331116038432, 0.15927568366592756, 0.22653362897265336, 0.12675535846267555, 0.1977087952697709, 0.1319290465631929], [0.041233766233766234, 0.06493506493506493, 0.13214285714285715, 0.20422077922077922, 0.2314935064935065, 0.17987012987012987, 0.06233766233766234, 0.06136363636363636, 0.022402597402597403], [0.054495412844036695, 0.11412844036697248, 0.18697247706422018, 0.264954128440367, 0.20238532110091742, 0.09798165137614678, 0.03871559633027523, 0.03155963302752294, 0.008807339449541285], [0.02465942403862735, 0.061562338334195554, 0.11795137092602173, 0.21658906708053113, 0.2469391274357648, 0.18692878082428005, 0.0658734264528367, 0.05742369374030005, 0.022072771167442662], [0.022729855665416524, 0.04830094328901011, 0.0869416979202182, 0.1785430162518468, 0.24957381520627345, 0.2100238663484487, 0.08773724286850779, 0.08432776451869531, 0.031821797931583136], [0.010803193987787695, 0.0312353217472992, 0.0878346641615782, 0.17543447627994363, 0.2653828088304368, 0.21841240018788163, 0.09018318459370596, 0.08971348050728041, 0.031000469704086424], [0.032617671345995046, 0.05078447563996697, 0.10487200660611065, 0.18455821635012387, 0.23864574731626756, 0.16969446738232866, 0.08340214698596202, 0.08918249380677126, 0.046242774566473986], [0.028546138526222616, 0.06173932285903961, 0.146492586855499, 0.2312458508519584, 0.22903297189643726, 0.15755698163310466, 0.05554326178358044, 0.06284576233680017, 0.026997123257357824], [0.02030625832223702, 0.04760319573901465, 0.11068575233022636, 0.21820905459387482, 0.24184420772303594, 0.2132157123834887, 0.06125166444740346, 0.06258322237017311, 0.02430093209054594], [0.1, 0.07272727272727272, 0.1, 0.17272727272727273, 0.20909090909090908, 0.08181818181818182, 0.1, 0.07272727272727272, 0.09090909090909091], [0.012641621943947525, 0.028861061419200956, 0.08073941562313655, 0.20691711389385808, 0.2985092426952892, 0.18664281454979129, 0.08300536672629696, 0.0802623732856291, 0.022420989862850328], [0.008083320379294264, 0.018809264728742423, 0.047567231462770095, 0.1243587750660656, 0.2390797450645111, 0.2494947924762941, 0.11767449090626457, 0.1391263796051609, 0.055806000310896935], [0.015390972007024068, 0.03222807561202355, 0.061047412457390766, 0.13665943600867678, 0.24449953517198636, 0.24997417622146473, 0.11166201838653032, 0.11558723272389217, 0.032951141411011256], [0.022146507666098807, 0.04258943781942078, 0.12947189097103917, 0.22998296422487224, 0.28449744463373083, 0.20272572402044292, 0.05110732538330494, 0.034071550255536626, 0.0034071550255536627], [0.009094809094809095, 0.02410982410982411, 0.06006006006006006, 0.1214929214929215, 0.19648219648219648, 0.27293007293007293, 0.11394251394251394, 0.15924495924495924, 0.04264264264264264], [0.011180124223602485, 0.03496007098491571, 0.10709849157054126, 0.23256433007985802, 0.3201419698314108, 0.18819875776397516, 0.05652173913043478, 0.04072759538598048, 0.008606921029281277], [0.01395740584767176, 0.03369028997713873, 0.07568282998435807, 0.19275658765491518, 0.2863674648056792, 0.21032366742870895, 0.0861508843701119, 0.08302250030080616, 0.018048369630610035], [0.0070819482584188465, 0.025003613238907357, 0.07327648504119093, 0.1903454256395433, 0.24512212747506865, 0.2364503540974129, 0.07847954906778436, 0.09828009828009827, 0.04596039890157537], [0.06427015250544663, 0.09186637618010167, 0.1430646332607117, 0.22585330428467684, 0.19607843137254902, 0.16957153231663036, 0.04357298474945534, 0.046840958605664486, 0.01888162672476398], [0.04700579523502898, 0.05988409529942048, 0.10688989053444946, 0.19188667095943335, 0.24855119124275596, 0.206052801030264, 0.056020605280103025, 0.05988409529942048, 0.023824855119124275], [0.03185078909612626, 0.07044476327116213, 0.13959827833572452, 0.26628407460545195, 0.23199426111908178, 0.14763271162123387, 0.04576757532281205, 0.049354375896700144, 0.01707317073170732], [0.018308631211857017, 0.03901482127288579, 0.08260680034873583, 0.17763731473408892, 0.2175239755884917, 0.20597210113339146, 0.08718395815170009, 0.10571054925893636, 0.06604184829991282], [0.015209896572703305, 0.044007300750354895, 0.10870006083958629, 0.2127357533968769, 0.25065909551815047, 0.20421821131616305, 0.0709795173392821, 0.0691543297505577, 0.02433583451632529], [0.019708875434754605, 0.053716346773154705, 0.12778564987762464, 0.24668298338271286, 0.2800463738245524, 0.1531624372021126, 0.06247584696637898, 0.04611619219373953, 0.010305294344969728], [0.01769538655993259, 0.041289235306509374, 0.10006319780914262, 0.22077101327153992, 0.27259321676848536, 0.17969243732883927, 0.07330945860543502, 0.06614704023593848, 0.028439014114177374], [0.01762571280456195, 0.03317781233799896, 0.07750129600829446, 0.18481078278900984, 0.2379471228615863, 0.22757905650596164, 0.08346293416277864, 0.10290305857957491, 0.034992223950233284], [0.010680157391793142, 0.03653738055087127, 0.11298482293423272, 0.21557054525014052, 0.24044406970207982, 0.1944912872400225, 0.0678752107925801, 0.08080382237211917, 0.04061270376616077], [0.009167033935654474, 0.030321727633318644, 0.08135742617893345, 0.15531070956368445, 0.20317320405464961, 0.2746584398413398, 0.10136624063464081, 0.10921110621419128, 0.03543411194358748], [0.008411214953271028, 0.026401869158878506, 0.08714953271028038, 0.20864485981308412, 0.29450934579439253, 0.2375, 0.06728971962616823, 0.05969626168224299, 0.010397196261682243], [0.1803921568627451, 0.12156862745098039, 0.1803921568627451, 0.23921568627450981, 0.1568627450980392, 0.047058823529411764, 0.023529411764705882, 0.050980392156862744, 0.0]]}, "ranksDetailed": {"labels": ["Unranked", "Combatatant", "Challenger", "Rival", "Duelist", "Elite"], "data": [[0.11612903225806452, 0.34838709677419355, 0.3709677419354839, 0.13225806451612904, 0.01935483870967742, 0.012903225806451613], [0.050475796441870086, 0.21597021100537858, 0.45759205626810096, 0.23210591642532064, 0.03144393876706661, 0.012412081092263137], [0.00989701752039588, 0.06834291828273371, 0.32900896081316033, 0.41166243145646647, 0.1271900494850876, 0.053898622442155944], [0.020470703603824466, 0.12135327286099534, 0.4394459426329983, 0.3242216229468007, 0.07796028438342731, 0.01654817357195391], [0.14035087719298245, 0.2982456140350877, 0.2807017543859649, 0.20175438596491227, 0.07894736842105263, 0.0], [0.01057190166857725, 0.11781938606546936, 0.46197936568589987, 0.2816201757737868, 0.08916061648197682, 0.0388485543242899], [0.06354249404289118, 0.23934339422822346, 0.4400317712470214, 0.1768599417527138, 0.047392110140323004, 0.03283028858882711], [0.2633333333333333, 0.38333333333333336, 0.24333333333333335, 0.07, 0.04, 0.0], [0.04027249048286916, 0.21558805850530957, 0.42897214986976556, 0.20667200961731116, 0.07152875175315568, 0.03696653977158886], [0.007760532150776054, 0.046193643754619367, 0.2631189948263119, 0.3532889874353289, 0.1977087952697709, 0.1319290465631929], [0.041233766233766234, 0.19707792207792207, 0.4357142857142857, 0.2422077922077922, 0.06136363636363636, 0.022402597402597403], [0.054495412844036695, 0.30110091743119266, 0.4673394495412844, 0.13669724770642203, 0.03155963302752294, 0.008807339449541285], [0.02465942403862735, 0.17951370926021729, 0.4635281945162959, 0.2528022072771167, 0.05742369374030005, 0.022072771167442662], [0.022729855665416524, 0.13524264120922833, 0.42811683145812024, 0.2977611092169565, 0.08432776451869531, 0.031821797931583136], [0.010803193987787695, 0.11906998590887741, 0.4408172851103805, 0.3085955847815876, 0.08971348050728041, 0.031000469704086424], [0.032617671345995046, 0.15565648224607762, 0.4232039636663914, 0.2530966143682907, 0.08918249380677126, 0.046242774566473986], [0.028546138526222616, 0.20823190971453862, 0.46027882274839566, 0.2131002434166851, 0.06284576233680017, 0.026997123257357824], [0.02030625832223702, 0.15828894806924101, 0.4600532623169108, 0.2744673768308921, 0.06258322237017311, 0.02430093209054594], [0.1, 0.17272727272727273, 0.38181818181818183, 0.18181818181818182, 0.07272727272727272, 0.09090909090909091], [0.012641621943947525, 0.10960047704233751, 0.5054263565891473, 0.26964818127608825, 0.0802623732856291, 0.022420989862850328], [0.008083320379294264, 0.06637649619151251, 0.3634385201305767, 0.36716928338255866, 0.1391263796051609, 0.055806000310896935], [0.015390972007024068, 0.09327548806941431, 0.38115897118066316, 0.36163619460799507, 0.11558723272389217, 0.032951141411011256], [0.022146507666098807, 0.17206132879045996, 0.514480408858603, 0.25383304940374785, 0.034071550255536626, 0.0034071550255536627], [0.009094809094809095, 0.08416988416988418, 0.31797511797511796, 0.38687258687258685, 0.15924495924495924, 0.04264264264264264], [0.011180124223602485, 0.14205856255545696, 0.5527062999112689, 0.24472049689440994, 0.04072759538598048, 0.008606921029281277], [0.01395740584767176, 0.10937311996149682, 0.4791240524605944, 0.2964745517988208, 0.08302250030080616, 0.018048369630610035], [0.0070819482584188465, 0.09828009828009827, 0.43546755311461194, 0.31492990316519726, 0.09828009828009827, 0.04596039890157537], [0.06427015250544663, 0.23493100944081335, 0.42193173565722586, 0.2131445170660857, 0.046840958605664486, 0.01888162672476398], [0.04700579523502898, 0.16677398583386993, 0.44043786220218933, 0.262073406310367, 0.05988409529942048, 0.023824855119124275], [0.03185078909612626, 0.21004304160688667, 0.4982783357245337, 0.1934002869440459, 0.049354375896700144, 0.01707317073170732], [0.018308631211857017, 0.12162162162162163, 0.3951612903225806, 0.29315605928509153, 0.10571054925893636, 0.06604184829991282], [0.015209896572703305, 0.1527073615899412, 0.46339484891502736, 0.2751977286554451, 0.0691543297505577, 0.02433583451632529], [0.019708875434754605, 0.18150199665077935, 0.5267293572072652, 0.21563828416849157, 0.04611619219373953, 0.010305294344969728], [0.01769538655993259, 0.141352433115652, 0.4933642300400253, 0.2530018959342743, 0.06614704023593848, 0.028439014114177374], [0.01762571280456195, 0.11067910834629342, 0.4227579056505962, 0.3110419906687403, 0.10290305857957491, 0.034992223950233284], [0.010680157391793142, 0.14952220348510398, 0.45601461495222034, 0.2623664980326026, 0.08080382237211917, 0.04061270376616077], [0.009167033935654474, 0.11167915381225209, 0.3584839136183341, 0.3760246804759806, 0.10921110621419128, 0.03543411194358748], [0.008411214953271028, 0.11355140186915888, 0.5031542056074766, 0.30478971962616824, 0.05969626168224299, 0.010397196261682243], [0.1803921568627451, 0.30196078431372547, 0.396078431372549, 0.07058823529411765, 0.050980392156862744, 0.0]]}}}, "eu": {"histType": {"histogram": {"labels": ["0", "100", "200", "300", "400", "500", "600", "700", "800", "900", "1000", "1100", "1200", "1300", "1400", "1500", "1600", "1700", "1800", "1900", "2000", "2100", "2200", "2300", "2400", "2500", "2600", "2700", "2800", "2900", "3000", "3100", "3200"], "data": [[0.0, 0.0, 0.004098360655737705, 0.0, 0.0, 0.00819672131147541, 0.01639344262295082, 0.01639344262295082, 0.040983606557377046, 0.045081967213114756, 0.06557377049180328, 0.06557377049180328, 0.06147540983606557, 0.11885245901639344, 0.14344262295081966, 0.11065573770491803, 0.0942622950819672, 0.0778688524590164, 0.040983606557377046, 0.028688524590163935, 0.012295081967213115, 0.020491803278688523, 0.004098360655737705, 0.004098360655737705, 0.01639344262295082, 0.004098360655737705, 0.0, 0.0, 0.0, 0.0, 0.0, 0.0, 0.0], [0.0, 0.0, 0.0004440497335701599, 0.0013321492007104796, 0.0008880994671403197, 0.003108348134991119, 0.004884547069271759, 0.007104795737122558, 0.017317939609236235, 0.022202486678507993, 0.03197158081705151, 0.04884547069271759, 0.06394316163410302, 0.0763765541740675, 0.12033747779751332, 0.1127886323268206, 0.15186500888099466, 0.08614564831261101, 0.1447602131438721, 0.04218472468916518, 0.020870337477797513, 0.021758436944937832, 0.005772646536412078, 0.004440497335701598, 0.0066607460035523975, 0.0013321492007104796, 0.0008880994671403197, 0.0017761989342806395, 0.0, 0.0, 0.0, 0.0, 0.0], [0.0, 0.0, 0.0, 0.00014048890137679124, 0.00014048890137679124, 0.00014048890137679124, 0.0002809778027535825, 0.001264400112391121, 0.0026692891261590333, 0.0037932003371733635, 0.008850800786737847, 0.014048890137679123, 0.019668446192750773, 0.026692891261590336, 0.04523742624332678, 0.06364147232368643, 0.12573756673222816, 0.10002809778027535, 0.25864006743467266, 0.08682214105085698, 0.06322000561955606, 0.08232649620679966, 0.029081202584995785, 0.014329867940432705, 0.02978364709187974, 0.010396178701882551, 0.005338578252318067, 0.0028097780275358245, 0.0016858668165214948, 0.0016858668165214948, 0.0015453779151447036, 0.0, 0.0], [0.0, 0.0, 0.0, 0.00011735711770918906, 0.00011735711770918906, 0.0002347142354183781, 0.0009388569416735125, 0.00246449947189297, 0.00375542776669405, 0.007980284004224856, 0.016077925126158903, 0.02487970895434808, 0.032742635840863746, 0.043891562023236706, 0.0729961272151156, 0.09822790752259125, 0.15385518131674686, 0.1147752611195869, 0.1993897429879122, 0.08085905410163126, 0.05175448890975238, 0.056683487853538314, 0.014786996831357821, 0.006571998591714588, 0.010210069240699449, 0.003285999295857294, 0.0010562140593827016, 0.0003520713531275672, 0.0010562140593827016, 0.0008214998239643235, 0.00011735711770918906, 0.0, 0.0], [0.0, 0.0, 0.0, 0.0, 0.0, 0.018018018018018018, 0.02702702702702703, 0.04504504504504504, 0.04504504504504504, 0.02702702702702703, 0.07207207207207207, 0.09009009009009009, 0.036036036036036036, 0.02702702702702703, 0.08108108108108109, 0.14414414414414414, 0.06306306306306306, 0.0990990990990991, 0.06306306306306306, 0.05405405405405406, 0.04504504504504504, 0.0, 0.018018018018018018, 0.009009009009009009, 0.02702702702702703, 0.009009009009009009, 0.0, 0.0, 0.0, 0.0, 0.0, 0.0, 0.0], [0.0, 0.00012858428700012858, 0.00012858428700012858, 0.00025716857400025716, 0.00038575286100038574, 0.00012858428700012858, 0.00038575286100038574, 0.001543011444001543, 0.0029574386010029576, 0.005914877202005915, 0.011058248682011058, 0.019159058763019158, 0.02918863314902919, 0.05169088337405169, 0.08370837083708371, 