{"region": {"us": {"histType": {"histogram": {"labels": ["0", "100", "200", "300", "400", "500", "600", "700", "800", "900", "1000", "1100", "1200", "1300", "1400", "1500", "1600", "1700", "1800", "1900", "2000", "2100", "2200", "2300", "2400", "2500", "2600", "2700", "2800", "2900", "3000", "3100"], "data": [[0.0, 0.0, 0.0, 0.005376344086021506, 0.0, 0.016129032258064516, 0.021505376344086023, 0.016129032258064516, 0.04838709677419355, 0.053763440860215055, 0.05913978494623656, 0.10215053763440861, 0.0913978494623656, 0.11827956989247312, 0.11827956989247312, 0.08064516129032258, 0.05913978494623656, 0.053763440860215055, 0.053763440860215055, 0.06989247311827956, 0.021505376344086023, 0.010752688172043012, 0.0, 0.0, 0.0, 0.0, 0.0, 0.0, 0.0, 0.0, 0.0, 0.0], [0.0, 0.0018203883495145632, 0.0, 0.0006067961165048543, 0.0012135922330097086, 0.0012135922330097086, 0.0054611650485436895, 0.012742718446601941, 0.013349514563106795, 0.025485436893203883, 0.044902912621359224, 0.05825242718446602, 0.0825242718446602, 0.08313106796116505, 0.13349514563106796, 0.12803398058252427, 0.15594660194174756, 0.07281553398058252, 0.0891990291262136, 0.032766990291262135, 0.023058252427184466, 0.012135922330097087, 0.007888349514563107, 0.00424757281553398, 0.00424757281553398, 0.00424757281553398, 0.0012135922330097086, 0.0, 0.0, 0.0, 0.0, 0.0], [0.00017838030681412772, 0.0, 0.00017838030681412772, 0.00035676061362825543, 0.00035676061362825543, 0.00017838030681412772, 0.00035676061362825543, 0.0008919015340706386, 0.0049946485907955765, 0.0067784516589368534, 0.011773100249732429, 0.01712450945415626, 0.027470567249375667, 0.04513021762397431, 0.07277916518016411, 0.09507670353193008, 0.13913663931501963, 0.11291473421334285, 0.20888333927934355, 0.07153050303246522, 0.04655726007848734, 0.06831965750981092, 0.025508383874420264, 0.011773100249732429, 0.02033535497681056, 0.005529789511237959, 0.004816268283981448, 0.0010702818408847663, 0.0, 0.0, 0.0, 0.0], [0.0, 0.00016178611875101117, 0.0, 0.00016178611875101117, 0.00016178611875101117, 0.00016178611875101117, 0.002103219543763145, 0.0027503640187671896, 0.008574664293803592, 0.01520789516259505, 0.025400420643908753, 0.027665426306422908, 0.05290406083158065, 0.0737744701504611, 0.10386668823814917, 0.12829639216955185, 0.16324219381977026, 0.11049991910694063, 0.14269535673839184, 0.058728361106617055, 0.0347840155314674, 0.027341854068920885, 0.007927519818799546, 0.0043682252062773015, 0.006471444750040446, 0.0016178611875101116, 0.000970716712506067, 0.00016178611875101117, 0.0, 0.0, 0.0, 0.0], [0.0, 0.0, 0.0, 0.0, 0.0, 0.0, 0.0, 0.06060606060606061, 0.045454545454545456, 0.09090909090909091, 0.030303030303030304, 0.07575757575757576, 0.13636363636363635, 0.15151515151515152, 0.030303030303030304, 0.0, 0.10606060606060606, 0.045454545454545456, 0.09090909090909091, 0.06060606060606061, 0.030303030303030304, 0.030303030303030304, 0.0, 0.015151515151515152, 0.0, 0.0, 0.0, 0.0, 0.0, 0.0, 0.0, 0.0], [0.0, 0.0, 0.0, 0.0, 0.0, 0.0, 0.00015332720024532353, 0.0022999080036798527, 0.0024532352039251764, 0.008739650413983441, 0.015026065624041705, 0.023612388837779823, 0.04415823367065318, 0.07267709291628335, 0.10794234897270776, 0.13508126341613003, 0.15792701625268324, 0.10134927936215885, 0.1369211898190739, 0.05642440969027906, 0.03695185525912297, 0.04461821527138914, 0.019472554431156086, 0.006746396810794235, 0.015332720024532351, 0.006286415210058264, 0.004599816007359705, 0.0012266176019625882, 0.0, 0.0, 0.0, 0.0], [0.0, 0.0, 0.0007624857033930614, 0.0015249714067861228, 0.0019062142584826535, 0.0019062142584826535, 0.0041936713686618375, 0.009531071292413268, 0.020205871139916128, 0.031643156690812045, 0.0484178421654594, 0.06252382767823103, 0.08044224170796797, 0.10636675562333206, 0.13000381242851697, 0.12733511246664125, 0.11742279832253145, 0.07853602744948532, 0.06404879908501715, 0.031643156690812045, 0.019443385436523065, 0.022874571101791842, 0.007624857033930614, 0.0072436141822340835, 0.011437285550895921, 0.006099885627144491, 0.006099885627144491, 0.0007624857033930614, 0.0, 0.0, 0.0, 0.0], [0.0, 0.0, 0.00558659217877095, 0.0111731843575419, 0.00558659217877095, 0.0111731843575419, 0.01675977653631285, 0.05027932960893855, 0.0782122905027933, 0.12290502793296089, 0.09497206703910614, 0.11173184357541899, 0.12290502793296089, 0.1005586592178771, 0.08379888268156424, 0.0446927374301676, 0.03910614525139665, 0.027932960893854747, 0.00558659217877095, 0.061452513966480445, 0.00558659217877095, 0.0, 0.0, 0.0, 0.0, 0.0, 0.0, 0.0, 0.0, 0.0, 0.0, 0.0], [0.0004523522316043426, 0.0006031363088057901, 0.0007539203860072376, 0.0004523522316043426, 0.0009047044632086852, 0.0030156815440289505, 0.0030156815440289505, 0.007991556091676719, 0.015379975874547648, 0.03543425814234017, 0.05609167671893848, 0.08217732207478891, 0.11369119420989143, 0.11851628468033776, 0.14550663449939685, 0.11927020506634499, 0.09499396863691194, 0.05865500603136309, 0.057599517490952955, 0.028498190591073582, 0.01884800965018094, 0.01643546441495778, 0.0091978287092883, 0.005126658624849216, 0.004523522316043426, 0.002563329312424608, 0.00030156815440289503, 0.0, 0.0, 0.0, 0.0, 0.0], [0.0, 0.0, 0.0008213552361396304, 0.0, 0.0016427104722792608, 0.0008213552361396304, 0.0053388090349075976, 0.004106776180698152, 0.015195071868583163, 0.020944558521560575, 0.03367556468172485, 0.046406570841889115, 0.07022587268993839, 0.08788501026694046, 0.11498973305954825, 0.13018480492813142, 0.15605749486652978, 0.08336755646817248, 0.11581108829568788, 0.0406570841889117, 0.02217659137577002, 0.02505133470225873, 0.00862422997946612, 0.005749486652977412, 0.006160164271047228, 0.004106776180698152, 0.0, 0.0, 0.0, 0.0, 0.0, 0.0], [0.0, 0.0, 0.0009033423667570009, 0.0009033423667570009, 0.001129177958446251, 0.002258355916892502, 0.005871725383920506, 0.011291779584462511, 0.018744354110207768, 0.03319783197831978, 0.06345980126467932, 0.07226738934056007, 0.09914182475158084, 0.10320686540198735, 0.14769647696476965, 0.12850045167118337, 0.10682023486901536, 0.06255645889792232, 0.06639566395663957, 0.03116531165311653, 0.014679313459801264, 0.013775971093044263, 0.006323396567299007, 0.0038392050587172538, 0.0033875338753387536, 0.002258355916892502, 0.00022583559168925022, 0.0, 0.0, 0.0, 0.0, 0.0], [0.0, 0.0, 0.0, 0.0, 0.0004183225266680611, 0.0010458063166701526, 0.002719096423342397, 0.00418322526668061, 0.009203095586697343, 0.012340514536707802, 0.033256640870110855, 0.04371470403681238, 0.06107508889353692, 0.07676218364358921, 0.1240326291570801, 0.11859443631039532, 0.1547793348671826, 0.09956076134699854, 0.12758837063375864, 0.04747960677682493, 0.026981802970089938, 0.027400125496758, 0.010667224430035557, 0.005019870320016733, 0.007111482953357038, 0.004392386530014641, 0.0016732901066722444, 0.0, 0.0, 0.0, 0.0, 0.0], [0.000169061707523246, 0.0, 0.0, 0.000338123415046492, 0.000169061707523246, 0.0010143702451394759, 0.0020287404902789518, 0.0033812341504649195, 0.008114961961115807, 0.02147083685545224, 0.03905325443786982, 0.04598478444632291, 0.06677937447168217, 0.08892645815722738, 0.12071005917159763, 0.13626373626373625, 0.1518174133558749, 0.09061707523245985, 0.10481825866441251, 0.04361792054099747, 0.025190194420963652, 0.023837700760777684, 0.007776838546069315, 0.00507185122569738, 0.006593406593406593, 0.002704987320371936, 0.002874049027895182, 0.0005071851225697379, 0.000169061707523246, 0.0, 0.0, 0.0], [0.0, 0.0, 0.0003029385034837928, 0.0, 0.0003029385034837928, 0.0006058770069675856, 0.0003029385034837928, 0.0009088155104513784, 0.003332323538321721, 0.007270524083611027, 0.015146925174189639, 0.023023326264768253, 0.041805513480763404, 0.05937594668282339, 0.09330505907300818, 0.12874886398061194, 0.17085731596485915, 0.11996364737958194, 0.14510754316873675, 0.07088760981520752, 0.0378673129354741, 0.03695849742502272, 0.015146925174189639, 0.011511663132384126, 0.01090578612541654, 0.003029385034837928, 0.0024235080278703423, 0.0009088155104513784, 0.0, 0.0, 0.0, 0.0], [0.0, 0.0, 0.0, 0.0, 0.0012755102040816326, 0.001913265306122449, 0.0006377551020408163, 0.005739795918367347, 0.01020408163265306, 0.01721938775510204, 0.02806122448979592, 0.05229591836734694, 0.05229591836734694, 0.07908163265306123, 0.10459183673469388, 0.11607142857142858, 0.1371173469387755, 0.09311224489795919, 0.11160714285714286, 0.04974489795918367, 0.04017857142857143, 0.03316326530612245, 0.021045918367346938, 0.008290816326530613, 0.016581632653061226, 0.008928571428571428, 0.00510204081632653, 0.00510204081632653, 0.0006377551020408163, 0.0, 0.0, 0.0], [0.0002828054298642534, 0.0, 0.0005656108597285068, 0.0002828054298642534, 0.0005656108597285068, 0.0011312217194570137, 0.0025452488687782806, 0.004524886877828055, 0.008201357466063349, 0.01498868778280543, 0.025735294117647058, 0.045531674208144794, 0.0789027149321267, 0.09643665158371041, 0.12273755656108597, 0.13631221719457012, 0.13546380090497737, 0.08682126696832579, 0.103789592760181, 0.04383484162895927, 0.024604072398190045, 0.030542986425339366, 0.013291855203619909, 0.006221719457013574, 0.010180995475113122, 0.0025452488687782806, 0.003110859728506787, 0.0008484162895927602, 0.0, 0.0, 0.0, 0.0], [0.0, 0.0, 0.0, 0.0006764374295377678, 0.0009019165727170237, 0.00045095828635851183, 0.0018038331454340473, 0.004509582863585118, 0.006989853438556934, 0.01600901916572717, 0.03201803833145434, 0.03810597519729425, 0.06606538895152199, 0.07846674182638105, 0.1197294250281849, 0.13010146561443067, 0.14746335963923338, 0.08928974069898535, 0.13664036076662908, 0.04532130777903044, 0.022773393461104848, 0.027733934611048477, 0.011950394588500564, 0.005636978579481398, 0.009019165727170236, 0.0033821871476888386, 0.002931228861330327, 0.002029312288613303, 0.0, 0.0, 0.0, 0.0], [0.0, 0.0, 0.0, 0.038461538461538464, 0.0, 0.0, 0.0, 0.0, 0.019230769230769232, 0.07692307692307693, 0.038461538461538464, 0.09615384615384616, 0.057692307692307696, 0.057692307692307696, 0.07692307692307693, 0.1346153846153846, 0.15384615384615385, 0.019230769230769232, 0.07692307692307693, 0.038461538461538464, 0.019230769230769232, 0.038461538461538464, 0.057692307692307696, 0.0, 0.0, 0.0, 0.0, 0.0, 0.0, 0.0, 0.0, 0.0], [0.00014524328249818446, 0.0, 0.0, 0.00014524328249818446, 0.00014524328249818446, 0.00043572984749455336, 0.0005809731299927379, 0.00130718954248366, 0.00392156862745098, 0.007988380537400145, 0.016122004357298474, 0.022367465504720407, 0.042846768336964415, 0.06506899055918663, 0.11067538126361656, 0.14800290486564996, 0.16223674655047204, 0.1140159767610748, 0.1205519244734931, 0.06405228758169934, 0.03805374001452433, 0.042846768336964415, 0.016122004357298474, 0.008278867102396514, 0.00944081336238199, 0.00392156862745098, 0.0007262164124909223, 0.0, 0.0, 0.0, 0.0, 0.0], [0.0, 0.0, 0.0, 0.00020576131687242798, 0.0, 0.00041152263374485596, 0.001440329218106996, 0.0008230452674897119, 0.0030864197530864196, 0.004732510288065843, 0.01213991769547325, 0.017078189300411523, 0.027777777777777776, 0.040740740740740744, 0.06954732510288066, 0.09855967078189301, 0.13930041152263375, 0.1183127572016461, 0.17962962962962964, 0.08683127572016461, 0.05925925925925926, 0.06604938271604938, 0.024691358024691357, 0.012757201646090535, 0.0205761316872428, 0.008436213991769548, 0.004526748971193415, 0.0030864197530864196, 0.0, 0.0, 0.0, 0.0], [0.00025072082236429733, 0.00012536041118214867, 0.0, 0.00025072082236429733, 0.00025072082236429733, 0.0010028832894571893, 0.0008775228782750407, 0.002757929046007271, 0.004387614391375204, 0.009151310016296854, 0.01817725962141156, 0.025322803058794034, 0.029961138272533532, 0.05139776858468096, 0.07709665287702144, 0.10981572019556224, 0.14892816848439264, 0.12460824871505578, 0.15883164096778238, 0.07897705904475366, 0.0473862354268522, 0.05616146420960261, 0.021060549078600978, 0.011909239062304124, 0.014917888930675693, 0.005014416447285947, 0.0013789645230036355, 0.0, 0.0, 0.0, 0.0, 0.0], [0.0, 0.0, 0.0, 0.0, 0.0, 0.0023094688221709007, 0.0, 0.004618937644341801, 0.006928406466512702, 0.009237875288683603, 0.013856812933025405, 0.03233256351039261, 0.053117782909930716, 0.10623556581986143, 0.13625866050808313, 0.15473441108545036, 0.18244803695150116, 0.12702078521939955, 0.11316397228637413, 0.03464203233256351, 0.016166281755196306, 0.006928406466512702, 0.0, 0.0, 0.0, 0.0, 0.0, 0.0, 0.0, 0.0, 0.0, 0.0], [0.0, 0.0, 0.0, 0.00010871928680147858, 0.00010871928680147858, 0.00032615786040443573, 0.0005435964340073929, 0.0011959121548162643, 0.0027179821700369644, 0.007175472928897586, 0.012067840834964122, 0.021743857360295715, 0.038486627527723416, 0.046966731898238745, 0.07827788649706457, 0.10263100674059578, 0.15720808871493802, 0.11491628614916286, 0.19732550554468362, 0.07871276364427049, 0.0426179604261796, 0.0563165905631659, 0.017286366601435094, 0.006196999347684279, 0.010110893672537508, 0.0045662100456621, 0.0019569471624266144, 0.0004348771472059143, 0.0, 0.0, 0.0, 0.0], [0.00020228582987761708, 0.0, 0.00020228582987761708, 0.0, 0.0010114291493880853, 0.0009102862344492768, 0.0005057145746940427, 0.0014160008091433196, 0.0018205724688985536, 0.008192576110043492, 0.012744007282289875, 0.029432588247193286, 0.05664003236573278, 0.08081318903610803, 0.12683321533326591, 0.16648123798927886, 0.19035096591483766, 0.11449377971073127, 0.1137857793061596, 0.04328916759381005, 0.02336401335086477, 0.01587943764539294, 0.005866289066450895, 0.0021240012137149792, 0.0025285728734702135, 0.0010114291493880853, 0.00010114291493880854, 0.0, 0.0, 0.0, 0.0, 0.0], [0.0, 0.00016655562958027982, 0.0, 0.00033311125916055963, 0.00016655562958027982, 0.000999333777481679, 0.0013324450366422385, 0.002664890073284477, 0.005329780146568954, 0.009327115256495669, 0.019320453031312457, 0.03164556962025317, 0.05329780146568954, 0.06745502998001332, 0.12341772151898735, 0.14740173217854763, 0.1558960692871419, 0.10792804796802132, 0.12258494337108594, 0.06112591605596269, 0.029313790806129246, 0.030979347101932047, 0.014157228514323784, 0.007661558960692871, 0.005496335776149234, 0.0018321119253830779, 0.00016655562958027982, 0.0, 0.0, 0.0, 0.0, 0.0], [0.0, 0.0, 0.0, 0.0, 0.00035568202027387515, 0.0, 0.0007113640405477503, 0.001244887070958563, 0.0023119331317801887, 0.0048017072736973145, 0.01316023475013338, 0.019562511115063134, 0.037702294149030764, 0.060643784456695715, 0.10634892406188867, 0.1296460963898275, 0.156677929930642, 0.09692335052463098, 0.16236884225502402, 0.05993242041614796, 0.04036990930108483, 0.04623866263560377, 0.020273875155610886, 0.012982393739996443, 0.016539213942735196, 0.004979548283834252, 0.004979548283834252, 0.001244887070958563, 0.0, 0.0, 0.0, 0.0], [0.0, 0.0011554015020219526, 0.0005777007510109763, 0.0011554015020219526, 0.0017331022530329288, 0.0034662045060658577, 0.005199306759098787, 0.007510109763142692, 0.025996533795493933, 0.040439052570768345, 0.05141536683997689, 0.08145580589254767, 0.08087810514153669, 0.10687463893703061, 0.1317157712305026, 0.11842865395725015, 0.1097631426920855, 0.06701328711727325, 0.08607741190063548, 0.025418833044482957, 0.016753321779318313, 0.02368573079145003, 0.008087810514153668, 0.0005777007510109763, 0.00462160600808781, 0.0, 0.0, 0.0, 0.0, 0.0, 0.0, 0.0], [0.0010718113612004287, 0.0, 0.0, 0.0021436227224008574, 0.0010718113612004287, 0.003215434083601286, 0.003215434083601286, 0.015005359056806002, 0.021436227224008574, 0.022508038585209004, 0.04072883172561629, 0.04501607717041801, 0.0632368703108253, 0.06002143622722401, 0.1082529474812433, 0.11789924973204716, 0.1489817792068596, 0.09753483386923902, 0.11039657020364416, 0.05787781350482315, 0.03429796355841372, 0.015005359056806002, 0.00964630225080386, 0.007502679528403001, 0.007502679528403001, 0.0021436227224008574, 0.004287245444801715, 0.0, 0.0, 0.0, 0.0, 0.0], [0.0003740415186085656, 0.0, 0.0, 0.0, 0.0007480830372171312, 0.0011221245558256966, 0.0037404151860856555, 0.007480830372171311, 0.01140826631756125, 0.020572283523471107, 0.040022442491116514, 0.06059472601458762, 0.08247615485318871, 0.10734991584065831, 0.14157471479334205, 0.1419487563119506, 0.12960538619786796, 0.07630446979614737, 0.08453338320553581, 0.02767907237703385, 0.02225547035720965, 0.020572283523471107, 0.007667851131475594, 0.0046755189826070695, 0.005423602019824201, 0.0007480830372171312, 0.0011221245558256966, 0.0, 0.0, 0.0, 0.0, 0.0], [0.0, 0.0, 0.0, 0.0006944444444444445, 0.00034722222222222224, 0.0, 0.0020833333333333333, 0.001388888888888889, 0.004861111111111111, 0.013194444444444444, 0.023958333333333335, 0.03090277777777778, 0.04548611111111111, 0.06805555555555555, 0.10208333333333333, 0.12118055555555556, 0.14930555555555555, 0.10034722222222223, 0.12083333333333333, 0.06701388888888889, 0.03854166666666667, 0.04375, 0.018055555555555554, 0.011805555555555555, 0.022569444444444444, 0.008333333333333333, 0.004166666666666667, 0.0010416666666666667, 0.0, 0.0, 0.0, 0.0], [0.0, 0.0, 0.0, 0.0, 0.00026171159382360636, 0.0, 0.0013085579691180318, 0.0018319811567652448, 0.004449097095001309, 0.013347291285003926, 0.019366657942946872, 0.030881968071185553, 0.05155718398325046, 0.07851347814708191, 0.11122742737503272, 0.13870714472651138, 0.15807380266945825, 0.09892698246532321, 0.13451975922533368, 0.05888510861031144, 0.03376079560324522, 0.03166710285265637, 0.011777021722062287, 0.006281078251766554, 0.008898194190002618, 0.004187385501177702, 0.0015702695629416384, 0.0, 0.0, 0.0, 0.0, 0.0], [0.0004713275726630008, 0.00015710919088766692, 0.00015710919088766692, 0.00015710919088766692, 0.00031421838177533385, 0.0014139827179890023, 0.0017282010997643363, 0.0036135113904163393, 0.0072270227808326785, 0.011940298507462687, 0.03000785545954438, 0.042733699921445406, 0.07242733699921446, 0.09945011783189317, 0.13809897879025923, 0.14595443833464258, 0.14689709347996857, 0.09897879025923016, 0.09190887666928516, 0.04540455616653574, 0.02152395915161037, 0.021209740769835034, 0.009269442262372349, 0.003927729772191673, 0.0032992930086410055, 0.0017282010997643363, 0.0, 0.0, 0.0, 0.0, 0.0, 0.0], [0.0, 0.0, 0.0, 0.0006315124723713293, 0.000947268708556994, 0.0015787811809283233, 0.0006315124723713293, 0.00473634354278497, 0.005999368487527629, 0.007893905904641616, 0.02305020524155352, 0.03504894221660878, 0.05683612251341964, 0.08114935269971582, 0.11935585727818124, 0.1528260183138617, 0.15440479949479002, 0.10672560783075466, 0.10167350805178402, 0.05178402273444901, 0.030944111146195136, 0.02778654878433849, 0.01357751815598358, 0.006630880959898958, 0.011051468266498263, 0.001894537417113988, 0.002841806125670982, 0.0, 0.0, 0.0, 0.0, 0.0], [0.0, 0.0, 0.0, 0.0, 0.0, 0.0006027727546714888, 0.0012055455093429777, 0.0027124773960217, 0.0045207956600361665, 0.0045207956600361665, 0.013261000602772756, 0.022603978300180832, 0.03646775165762507, 0.05093429776974081, 0.09282700421940929, 0.12326702833031947, 0.14647377938517178, 0.1112115732368897, 0.15009041591320071, 0.07233273056057866, 0.04219409282700422, 0.06027727546714889, 0.021398432790837855, 0.016576250753465943, 0.0162748643761302, 0.008438818565400843, 0.0015069318866787222, 0.0003013863773357444, 0.0, 0.0, 0.0, 0.0], [0.0, 0.0, 0.00035341933203746247, 0.0, 0.00017670966601873123, 0.0005301289980561937, 0.0005301289980561937, 0.002120515992224775, 0.0035341933203746245, 0.0074218059727867115, 0.016433998939742005, 0.0333981268775402, 0.05778406078812511, 0.09648347764622725, 0.1289980561936738, 0.13041173352182364, 0.13995405548683512, 0.0922424456617777, 0.12033928255875596, 0.053012899805619365, 0.0305707722212405, 0.03516522353772751, 0.019261353596041704, 0.005301289980561937, 0.014666902279554691, 0.004947870648524475, 0.004594451316487012, 0.001590386994168581, 0.00017670966601873123, 0.0, 0.0, 0.0], [0.0, 0.0, 0.00011674060238150829, 0.0, 0.0003502218071445249, 0.00023348120476301658, 0.0003502218071445249, 0.0014008872285780996, 0.0026850338547746906, 0.007821620359561056, 0.015409759514359094, 0.0281344851739435, 0.048680831193088955, 0.0733130982955872, 0.11031986925052534, 0.1323838431006304, 0.16577165538174177, 0.10319869250525333, 0.1508288582769087, 0.056852673359794534, 0.03292084987158534, 0.03875787999066075, 0.011090357226243287, 0.005953770721456923, 0.009105766985757647, 0.002101330842867149, 0.001984590240485641, 0.00023348120476301658, 0.0, 0.0, 0.0, 0.0], [0.0, 0.0, 0.0, 0.0, 0.0, 0.00013502565487442613, 0.0008101539292465569, 0.0006751282743721307, 0.0024304617877396704, 0.006481231433972455, 0.010126924115581961, 0.02281933567377802, 0.040507696462327845, 0.06656764785309209, 0.11288144747502026, 0.1555495544153389, 0.1822846340804753, 0.11774237105049959, 0.15798001620307858, 0.04901431271941669, 0.02524979746151769, 0.031190926275992438, 0.008641641911963273, 0.0027005130974885228, 0.003105590062111801, 0.002025384823116392, 0.001080205238995409, 0.0, 0.0, 0.0, 0.0, 0.0], [0.0, 0.006024096385542169, 0.0, 0.006024096385542169, 0.006024096385542169, 0.024096385542168676, 0.04216867469879518, 0.018072289156626505, 0.08433734939759036, 0.0783132530120482, 0.060240963855421686, 0.04819277108433735, 0.08433734939759036, 0.09036144578313253, 0.10843373493975904, 0.0963855421686747, 0.0783132530120482, 0.05421686746987952, 0.060240963855421686, 0.006024096385542169, 0.024096385542168676, 0.006024096385542169, 0.012048192771084338, 0.006024096385542169, 0.0, 0.0, 0.0, 0.0, 0.0, 0.0, 0.0, 0.0]]}, "ranks": {"labels": ["Unranked", "Combatatent I", "Combatatent II", "Challenger I", "Challenger II", "Rival I", "Rival II", "Duelist", "Elite"], "data": [[0.16129032258064516, 0.16129032258064516, 0.20967741935483872, 0.1989247311827957, 0.11290322580645161, 0.10752688172043011, 0.03763440860215054, 0.010752688172043012, 0.0], [0.061893203883495146, 0.10315533980582524, 0.16565533980582525, 0.26152912621359226, 0.2287621359223301, 0.10861650485436893, 0.03640776699029126, 0.024271844660194174, 0.009708737864077669], [0.014270424545130217, 0.02889760970388869, 0.07260078487334998, 0.16785586871209418, 0.2520513735283625, 0.24866214769889405, 0.07830895469140207, 0.10560114163396361, 0.03175169461291474], [0.02928328749393302, 0.05306584695033166, 0.12667853098204174, 0.232163080407701, 0.2737421129267109, 0.1753761527260961, 0.0608315806503802, 0.039637599093997736, 0.009221808768807637], [0.19696969696969696, 0.10606060606060606, 0.2878787878787879, 0.030303030303030304, 0.15151515151515152, 0.13636363636363635, 0.045454545454545456, 0.045454545454545456, 0.0], [0.013646120821833793, 0.03863845446182153, 0.11683532658693652, 0.24302361238883777, 0.25927629561484206, 0.166819993866912, 0.06347746090156393, 0.07083716651333946, 0.027445568843912912], [0.07167365611894777, 0.11094166984369043, 0.18680899733130005, 0.2573389248951582, 0.1959588257720168, 0.08234845596645063, 0.03278688524590164, 0.03774304231795654, 0.024399542508577964], [0.3016759776536313, 0.20670391061452514, 0.22346368715083798, 0.12849162011173185, 0.0670391061452514, 0.03910614525139665, 0.0335195530726257, 0.0, 0.0], [0.06800361881785283, 0.1382689987937274, 0.2322074788902292, 0.2647768395657419, 0.15364897466827504, 0.07403498190591074, 0.030910735826296745, 0.030759951749095297, 0.007388419782870929], [0.04887063655030801, 0.08008213552361396, 0.15811088295687886, 0.24517453798767966, 0.23942505133470227, 0.13963039014373715, 0.039014373716632446, 0.03942505133470226, 0.01026694045174538], [0.07429990966576333, 0.13572719060523938, 0.2023486901535682, 0.276196928635953, 0.16937669376693767, 0.08130081300813008, 0.03093947606142728, 0.023938572719060525, 0.005871725383920506], [0.029910060656766366, 0.07697134490692324, 0.13783727253712613, 0.24262706546747542, 0.25434009621418113, 0.1520602384438402, 0.0499895419368333, 0.04308722024681029, 0.013177159590043924], [0.036686390532544376, 0.08503803888419273, 0.15570583262890955, 0.2569737954353339, 0.24243448858833475, 0.12882502113271344, 0.044801352493660185, 0.036686390532544376, 0.012848689771766696], [0.01302635564980309, 0.03817025143895789, 0.1011814601635868, 0.22205392305362012, 0.2908209633444411, 0.18661011814601636, 0.067252347773402, 0.06361708573159648, 0.017267494698576188], [0.036989795918367346, 0.08035714285714286, 0.13137755102040816, 0.22066326530612246, 0.2302295918367347, 0.1364795918367347, 0.06505102040816327, 0.0625, 0.03635204081632653], [0.03308823529411765, 0.07126696832579185, 0.1753393665158371, 0.25904977375565613, 0.22228506787330315, 0.12811085972850678, 0.04411764705882353, 0.05005656108597285, 0.01668552036199095], [0.03134160090191657, 0.07012401352874859, 0.14453213077790306, 0.24983089064261557, 0.23675310033821872, 0.16076662908680947, 0.043968432919954906, 0.04532130777903044, 0.017361894024802704], [0.1346153846153846, 0.1346153846153846, 0.11538461538461539, 0.21153846153846154, 0.17307692307692307, 0.11538461538461539, 0.019230769230769232, 0.09615384615384616, 0.0], [0.014669571532316631, 0.03848946986201888, 0.10791575889615106, 0.2586782861292665, 0.2762527233115468, 0.15613652868554828, 0.06652142338416848, 0.0672476397966594, 0.014088598402323892], [0.010699588477366255, 0.029218106995884775, 0.06851851851851852, 0.16810699588477365, 0.25761316872427986, 0.22489711934156378, 0.10082304526748971, 0.10349794238683127, 0.03662551440329218], [0.0190547824996866, 0.04350006268020559, 0.08135890685721449, 0.18691237307258368, 0.27353641719944843, 0.20233170364798797, 0.08286323179140027, 0.08913125235050771, 0.021311269900965275], [0.023094688221709007, 0.046189376443418015, 0.15935334872979215, 0.2909930715935335, 0.3094688221709007, 0.13856812933025403, 0.025404157043879907, 0.006928406466512702, 0.0], [0.0121765601217656, 0.03381169819525984, 0.08545335942596216, 0.18090889323766035, 0.2721243748641009, 0.23842139595564252, 0.08023483365949119, 0.07979995651228527, 0.017068928027832136], [0.014261151006372003, 0.04217659552948316, 0.1374532214018408, 0.29331445332254474, 0.3048447456255689, 0.1376555072317184, 0.04278345301911601, 0.023869727925558814, 0.003641144937797107], [0.02031978680879414, 0.05096602265156562, 0.12075283144570287, 0.27081945369753496, 0.26382411725516325, 0.15822784810126583, 0.054796802131912056, 0.0527981345769487, 0.007495003331112591], [0.009425573537257691, 0.032722745865196516, 0.09834607860572649, 0.23599502045171616, 0.25360128045527297, 0.19491374711008358, 0.06775742486217322, 0.0794949315312111, 0.02774319758136226], [0.08723281340265743, 0.13287117273252455, 0.1877527440785673, 0.25014442518775276, 0.17677642980935876, 0.097631426920855, 0.030618139803581745, 0.032351242056614674, 0.00462160600808781], [0.06966773847802786, 0.0857449088960343, 0.1232583065380493, 0.22615219721329047, 0.2465166130760986, 0.1457663451232583, 0.05680600214362272, 0.03215434083601286, 0.013933547695605574], [0.04544604451094071, 0.10061716850570414, 0.18982607069384702, 0.2835234711052927, 0.20590985599401535, 0.09893398167196558, 0.03553394426781373, 0.03291565363755377, 0.007293809612867028], [0.022569444444444444, 0.05486111111111111, 0.11354166666666667, 0.2232638888888889, 0.24965277777777778, 0.153125, 0.07326388888888889, 0.07361111111111111, 0.03611111111111111], [0.02119863909971212, 0.05024862601413243, 0.1300706621303324, 0.2499345721015441, 0.2570007851347815, 0.16906568961004972, 0.05809997382884062, 0.04972520282648522, 0.014655849254121958], [0.02717989002356638, 0.0727415553809898, 0.1718774548311076, 0.2840534171249018, 0.24587588373919875, 0.11830322073841319, 0.04053417124901807, 0.03440691280439906, 0.0050274941084053415], [0.02241869276918219, 0.0580991474581623, 0.13798547521313545, 0.27218187559204293, 0.26113040732554466, 0.12851278812756553, 0.055888853804862644, 0.04799494790022103, 0.015787811809283233], [0.013562386980108499, 0.035864978902953586, 0.08740204942736589, 0.21609403254972875, 0.2576853526220615, 0.19198312236286919, 0.07263411693791441, 0.09825195901145269, 0.02652200120554551], [0.014666902279554691, 0.049832125817282205, 0.15426753843435237, 0.25940978971549744, 0.23219650114861282, 0.15020321611592155, 0.05371973846969429, 0.05972786711433115, 0.02597632090475349], [0.01295820686434742, 0.04354424468830259, 0.12199392948867616, 0.24270371235115573, 0.2689703478869951, 0.1818818585103899, 0.05872052299789867, 0.05580200793836096, 0.013425169273873452], [0.01053200108020524, 0.03294625978935998, 0.10707534431541993, 0.2684310018903592, 0.3000270051309749, 0.18552524979746152, 0.046718876586551446, 0.04253308128544423, 0.006211180124223602], [0.26506024096385544, 0.10843373493975904, 0.1746987951807229, 0.20481927710843373, 0.13253012048192772, 0.06626506024096386, 0.024096385542168676, 0.024096385542168676, 0.0]]}, "ranksDetailed": {"labels": ["Unranked", "Combatatant", "Challenger", "Rival", "Duelist", "Elite"], "data": [[0.16129032258064516, 0.3709677419354839, 0.3118279569892473, 0.14516129032258066, 0.010752688172043012, 0.0], [0.061893203883495146, 0.2688106796116505, 0.49029126213592233, 0.14502427184466019, 0.024271844660194174, 0.009708737864077669], [0.014270424545130217, 0.10149839457723868, 0.41990724224045667, 0.3269711023902961, 0.10560114163396361, 0.03175169461291474], [0.02928328749393302, 0.1797443779323734, 0.5059051933344119, 0.2362077333764763, 0.039637599093997736, 0.009221808768807637], [0.19696969696969696, 0.3939393939393939, 0.18181818181818182, 0.18181818181818182, 0.045454545454545456, 0.0], [0.013646120821833793, 0.15547378104875806, 0.5022999080036799, 0.23029745476847593, 0.07083716651333946, 0.027445568843912912], [0.07167365611894777, 0.2977506671749905, 0.453297750667175, 0.11513534121235226, 0.03774304231795654, 0.024399542508577964], [0.3016759776536313, 0.4301675977653631, 0.19553072625698323, 0.07262569832402235, 0.0, 0.0], [0.06800361881785283, 0.3704764776839566, 0.41842581423401687, 0.10494571773220748, 0.030759951749095297, 0.007388419782870929], [0.04887063655030801, 0.23819301848049282, 0.48459958932238195, 0.17864476386036962, 0.03942505133470226, 0.01026694045174538], [0.07429990966576333, 0.33807588075880757, 0.4455736224028907, 0.11224028906955737, 0.023938572719060525, 0.005871725383920506], [0.029910060656766366, 0.21480861744404936, 0.49696716168165656, 0.2020497803806735, 0.04308722024681029, 0.013177159590043924], [0.036686390532544376, 0.24074387151310228, 0.49940828402366866, 0.17362637362637362, 0.036686390532544376, 0.012848689771766696], [0.01302635564980309, 0.13935171160254467, 0.5128748863980612, 0.25386246591941836, 0.06361708573159648, 0.017267494698576188], [0.036989795918367346, 0.21173469387755103, 0.45089285714285715, 0.20153061224489796, 0.0625, 0.03635204081632653], [0.03308823529411765, 0.24660633484162897, 0.4813348416289593, 0.17222850678733032, 0.05005656108597285, 0.01668552036199095], [0.03134160090191657, 0.21465614430665164, 0.48658399098083427, 0.20473506200676436, 0.04532130777903044, 0.017361894024802704], [0.1346153846153846, 0.25, 0.38461538461538464, 0.1346153846153846, 0.09615384615384616, 0.0], [0.014669571532316631, 0.14640522875816994, 0.5349310094408134, 0.22265795206971678, 0.0672476397966594, 0.014088598402323892], [0.010699588477366255, 0.09773662551440329, 0.4257201646090535, 0.3257201646090535, 0.10349794238683127, 0.03662551440329218], [0.0190547824996866, 0.12485896953742008, 0.4604487902720321, 0.28519493543938823, 0.08913125235050771, 0.021311269900965275], [0.023094688221709007, 0.20554272517321015, 0.6004618937644342, 0.16397228637413394, 0.006928406466512702, 0.0], [0.0121765601217656, 0.119265057621222, 0.45303326810176126, 0.31865622961513373, 0.07979995651228527, 0.017068928027832136], [0.014261151006372003, 0.17962981693132396, 0.5981591989481136, 0.18043896025083442, 0.023869727925558814, 0.003641144937797107], [0.02031978680879414, 0.17171885409726848, 0.5346435709526982, 0.21302465023317788, 0.0527981345769487, 0.007495003331112591], [0.009425573537257691, 0.131068824470923, 0.48959630090698913, 0.2626711719722568, 0.0794949315312111, 0.02774319758136226], [0.08723281340265743, 0.32062391681109187, 0.4269208549971115, 0.12824956672443674, 0.032351242056614674, 0.00462160600808781], [0.06966773847802786, 0.2090032154340836, 0.47266881028938906, 0.20257234726688103, 0.03215434083601286, 0.013933547695605574], [0.04544604451094071, 0.2904432391995512, 0.48943332709930804, 0.13446792593977933, 0.03291565363755377, 0.007293809612867028], [0.022569444444444444, 0.1684027777777778, 0.47291666666666665, 0.2263888888888889, 0.07361111111111111, 0.03611111111111111], [0.02119863909971212, 0.1803192881444648, 0.5069353572363255, 0.22716566343889033, 0.04972520282648522, 0.014655849254121958], [0.02717989002356638, 0.24461901021209742, 0.5299293008641005, 0.15883739198743127, 0.03440691280439906, 0.0050274941084053415], [0.02241869276918219, 0.19608462267129775, 0.5333122829175876, 0.18440164193242817, 0.04799494790022103, 0.015787811809283233], [0.013562386980108499, 0.12326702833031947, 0.47377938517179025, 0.2646172393007836, 0.09825195901145269, 0.02652200120554551], [0.014666902279554691, 0.20409966425163456, 0.4916062908641103, 0.20392295458561582, 0.05972786711433115, 0.02597632090475349], [0.01295820686434742, 0.16553817417697875, 0.5116740602381509, 0.24060238150828858, 0.05580200793836096, 0.013425169273873452], [0.01053200108020524, 0.1400216041047799, 0.5684580070213341, 0.23224412638401296, 0.04253308128544423, 0.006211180124223602], [0.26506024096385544, 0.28313253012048195, 0.3373493975903614, 0.09036144578313253, 0.024096385542168676, 0.0]]}}}, "eu": {"histType": {"histogram": {"labels": ["0", "100", "200", "300", "400", "500", "600", "700", "800", "900", "1000", "1100", "1200", "1300", "1400", "1500", "1600", "1700", "1800", "1900", "2000", "2100", "2200", "2300", "2400", "2500", "2600", "2700", "2800", "2900", "3000", "3100"], "data": [[0.0, 0.0, 0.0, 0.0, 0.0, 0.013245033112582781, 0.006622516556291391, 0.026490066225165563, 0.039735099337748346, 0.0728476821192053, 0.09933774834437085, 0.046357615894039736, 0.0728476821192053, 0.11258278145695365, 0.1390728476821192, 0.08609271523178808, 0.11258278145695365, 0.0728476821192053, 0.033112582781456956, 0.006622516556291391, 0.013245033112582781, 0.026490066225165563, 0.019867549668874173, 0.0, 0.0, 0.0, 0.0, 0.0, 0.0, 0.0, 0.0, 0.0], [0.0, 0.0, 0.0006540222367560497, 0.0006540222367560497, 0.0006540222367560497, 0.0032701111837802484, 0.005886200130804447, 0.008502289077828646, 0.02223675604970569, 0.033355134074558535, 0.03727926749509483, 0.06801831262262917, 0.08175277959450622, 0.10464355788096795, 0.13342053629823414, 0.12426422498364945, 0.1419228253760628, 0.07848266841072596, 0.08502289077828647, 0.026160889470241987, 0.013080444735120994, 0.015696533682145193, 0.005232177894048398, 0.004578155657292348, 0.002616088947024199, 0.002616088947024199, 0.0, 0.0, 0.0, 0.0, 0.0, 0.0], [0.0, 0.0001892147587511826, 0.0, 0.0001892147587511826, 0.0001892147587511826, 0.0003784295175023652, 0.0005676442762535478, 0.001892147587511826, 0.004541154210028382, 0.0062440870387890255, 0.013623462630085147, 0.021002838221381267, 0.031977294228949855, 0.04219489120151372, 0.07209082308420056, 0.0859035004730369, 0.15175023651844843, 0.10898770104068117, 0.19810785241248818, 0.07417218543046358, 0.052790917691579946, 0.06471144749290444, 0.024408703878902555, 0.012866603595080416, 0.017029328287606435, 0.008514664143803218, 0.002270577105014191, 0.0034058656575212867, 0.0, 0.0, 0.0, 0.0], [0.0, 0.00014961101137043686, 0.0, 0.00014961101137043686, 0.00014961101137043686, 0.0002992220227408737, 0.001047277079593058, 0.0034410532615200477, 0.005385996409335727, 0.011370436864153202, 0.021394374625972472, 0.03306403351286655, 0.047127468581687613, 0.06253740275284261, 0.1063734290843806, 0.13345302214242968, 0.16651705565529623, 0.11505086774386594, 0.1473668461998803, 0.060742070616397366, 0.03396169958108917, 0.02872531418312388, 0.008527827648114902, 0.0038898862956313583, 0.005086774386594853, 0.002244165170556553, 0.0008976660682226212, 0.001047277079593058, 0.0, 0.0, 0.0, 0.0], [0.0, 0.0, 0.0, 0.0, 0.0, 0.0, 0.03278688524590164, 0.08196721311475409, 0.06557377049180328, 0.04918032786885246, 0.09836065573770492, 0.09836065573770492, 0.04918032786885246, 0.04918032786885246, 0.09836065573770492, 0.09836065573770492, 0.06557377049180328, 0.04918032786885246, 0.03278688524590164, 0.04918032786885246, 0.01639344262295082, 0.04918032786885246, 0.0, 0.0, 0.01639344262295082, 0.0, 0.0, 0.0, 0.0, 0.0, 0.0, 0.0], [0.0, 0.00015344483658124905, 0.00015344483658124905, 0.0003068896731624981, 0.0004603345097437471, 0.00015344483658124905, 0.0003068896731624981, 0.0024551173852999848, 0.0033757864047874787, 0.007058462482737456, 0.015344483658124904, 0.022863280650606107, 0.042350774896424734, 0.06828295227865583, 0.10725794077029308, 0.12168175540893049, 0.14930182599355532, 0.10372870952892435, 0.14316403253030535, 0.06659505907626208, 0.03544575725026853, 0.053091913457112165, 0.02102194261163112, 0.00797913150222495, 0.014577259475218658, 0.006751572809574957, 0.003989565751112475, 0.0021482277121374865, 0.0, 0.0, 0.0, 0.0], [0.0, 0.0, 0.0010567101091933778, 0.0014089468122578373, 0.0031701303275801338, 0.0021134202183867557, 0.004226840436773511, 0.012328284607256075, 0.022895385699189856, 0.029940119760479042, 0.04896090172595984, 0.0683339203945051, 0.08559351884466361, 0.09792180345191968, 0.11694258541740049, 0.12011271574498063, 0.11482916519901373, 0.073617470940472, 0.06516379006692498, 0.03628038041563931, 0.019725255371609723, 0.02465656921451215, 0.013032758013384995, 0.007749207467418105, 0.013384994716449454, 0.007044734061289186, 0.005988023952095809, 0.003522367030644593, 0.0, 0.0, 0.0, 0.0], [0.0, 0.0, 0.0, 0.0, 0.0, 0.015625, 0.0078125, 0.0546875, 0.0390625, 0.0546875, 0.0703125, 0.109375, 0.09375, 0.0546875, 0.140625, 0.1640625, 0.0859375, 0.0390625, 0.046875, 0.0078125, 0.015625, 0.0, 0.0, 0.0, 0.0, 0.0, 0.0, 0.0, 0.0, 0.0, 0.0, 0.0], [0.0004539951573849879, 0.0001513317191283293, 0.0006053268765133172, 0.0006053268765133172, 0.0006053268765133172, 0.001967312348668281, 0.00423728813559322, 0.009533898305084746, 0.021791767554479417, 0.03631961259079903, 0.05962469733656174, 0.08020581113801453, 0.12076271186440678, 0.11909806295399515, 0.1333232445520581, 0.11834140435835351, 0.09322033898305085, 0.053268765133171914, 0.060986682808716705, 0.029207021791767554, 0.018462469733656173, 0.017554479418886198, 0.009231234866828086, 0.0043886198547215495, 0.004539951573849879, 0.0013619854721549636, 0.0001513317191283293, 0.0, 0.0, 0.0, 0.0, 0.0], [0.0, 0.0, 0.0010678056593699946, 0.0005339028296849973, 0.001601708489054992, 0.0010678056593699946, 0.0010678056593699946, 0.0069407367859049655, 0.011211959423384944, 0.016550987720234916, 0.04378003203416978, 0.043246129204484784, 0.06940736785904965, 0.09289909236518953, 0.10731446876668446, 0.12333155365723439, 0.15376401494927924, 0.08489054991991457, 0.11692471970101441, 0.034703683929524824, 0.036305392418579815, 0.02562733582487987, 0.011211959423384944, 0.00800854244527496, 0.005339028296849973, 0.0026695141484249867, 0.0005339028296849973, 0.0, 0.0, 0.0, 0.0, 0.0], [0.0002718868950516585, 0.000543773790103317, 0.0008156606851549756, 0.0008156606851549756, 0.0019032082653616096, 0.002175095160413268, 0.002990755845568244, 0.012506797172376292, 0.02066340402392605, 0.03371397498640565, 0.05818379554105492, 0.08075040783034258, 0.09923871669385535, 0.11065796628602502, 0.14192495921696574, 0.11908646003262642, 0.1022294725394236, 0.05655247417074497, 0.06715606307775965, 0.031538879825992384, 0.01821642196846112, 0.017400761283306143, 0.006797172376291463, 0.005709624796084829, 0.004622077215878194, 0.002990755845568244, 0.000543773790103317, 0.0, 0.0, 0.0, 0.0, 0.0], [0.0, 0.0, 0.0, 0.0, 0.0006737031214911295, 0.0006737031214911295, 0.001796541657309679, 0.004940489557601617, 0.010554682236694363, 0.01841455198742421, 0.033685156