{"region": {"us": {"histType": {"histogram": {"labels": ["0", "100", "200", "300", "400", "500", "600", "700", "800", "900", "1000", "1100", "1200", "1300", "1400", "1500", "1600", "1700", "1800", "1900", "2000", "2100", "2200", "2300", "2400", "2500", "2600", "2700", "2800", "2900", "3000", "3100"], "data": [[0.0, 0.0, 0.0, 0.006993006993006993, 0.006993006993006993, 0.006993006993006993, 0.02097902097902098, 0.013986013986013986, 0.06993006993006994, 0.055944055944055944, 0.06293706293706294, 0.1048951048951049, 0.07692307692307693, 0.17482517482517482, 0.11188811188811189, 0.07692307692307693, 0.07692307692307693, 0.03496503496503497, 0.02097902097902098, 0.055944055944055944, 0.02097902097902098, 0.0, 0.0, 0.0, 0.0, 0.0, 0.0, 0.0, 0.0, 0.0, 0.0, 0.0], [0.0, 0.001463057790782736, 0.0, 0.000731528895391368, 0.001463057790782736, 0.001463057790782736, 0.0043891733723482075, 0.014630577907827359, 0.016093635698610095, 0.03291880029261156, 0.0548646671543526, 0.06071689831748354, 0.09436722750548647, 0.09436722750548647, 0.14264813460131676, 0.13313825896122897, 0.13533284564740308, 0.06949524506217995, 0.07754206291148501, 0.021945866861741038, 0.012435991221653255, 0.016825164594001463, 0.0043891733723482075, 0.001463057790782736, 0.001463057790782736, 0.005852231163130944, 0.0, 0.0, 0.0, 0.0, 0.0, 0.0], [0.0002205071664829107, 0.0, 0.0002205071664829107, 0.0002205071664829107, 0.0004410143329658214, 0.0004410143329658214, 0.0002205071664829107, 0.0015435501653803748, 0.007276736493936053, 0.009922822491730982, 0.014773980154355016, 0.021168687982359425, 0.040132304299889746, 0.05049614112458655, 0.07320837927232635, 0.10143329658213891, 0.15303197353914003, 0.11003307607497244, 0.18897464167585445, 0.06372657111356118, 0.04299889746416759, 0.056008820286659315, 0.023373759647188533, 0.011466372657111356, 0.01896361631753032, 0.005512679162072767, 0.0037486218302094816, 0.0004410143329658214, 0.0, 0.0, 0.0, 0.0], [0.0, 0.00019443904335990667, 0.0, 0.0, 0.00019443904335990667, 0.0007777561734396267, 0.00233326852031888, 0.00408321991055804, 0.010110830254715146, 0.021388294769589734, 0.030721368850865252, 0.03441571067470348, 0.06338712813532957, 0.08283103247132025, 0.11530235271242466, 0.13532957417849503, 0.17382850476375655, 0.09858059498347269, 0.11705230410266382, 0.04297102858253937, 0.026054831810227493, 0.021971611899669452, 0.008555317907835893, 0.00408321991055804, 0.00408321991055804, 0.0009721952167995333, 0.0007777561734396267, 0.0, 0.0, 0.0, 0.0, 0.0], [0.0, 0.0, 0.0, 0.0, 0.0, 0.0, 0.0, 0.07692307692307693, 0.07692307692307693, 0.11538461538461539, 0.038461538461538464, 0.07692307692307693, 0.11538461538461539, 0.11538461538461539, 0.0, 0.038461538461538464, 0.057692307692307696, 0.038461538461538464, 0.07692307692307693, 0.09615384615384616, 0.019230769230769232, 0.019230769230769232, 0.019230769230769232, 0.019230769230769232, 0.0, 0.0, 0.0, 0.0, 0.0, 0.0, 0.0, 0.0], [0.0, 0.0, 0.0, 0.0, 0.0, 0.0, 0.00034153005464480874, 0.0029030054644808745, 0.003244535519125683, 0.00973360655737705, 0.016905737704918034, 0.027493169398907103, 0.05310792349726776, 0.08469945355191257, 0.1133879781420765, 0.1325136612021858, 0.1596653005464481, 0.09955601092896176, 0.12038934426229508, 0.05362021857923497, 0.03398224043715847, 0.04405737704918033, 0.016564207650273225, 0.00546448087431694, 0.011953551912568305, 0.006489071038251366, 0.0034153005464480873, 0.0005122950819672131, 0.0, 0.0, 0.0, 0.0], [0.0, 0.0, 0.0009149130832570906, 0.0013723696248856359, 0.0018298261665141812, 0.0013723696248856359, 0.004117108874656907, 0.010064043915827997, 0.023787740164684355, 0.03339432753888381, 0.0535224153705398, 0.06678865507776761, 0.0878316559926807, 0.11848124428179323, 0.1312900274473925, 0.12442817932296432, 0.1111619396157365, 0.06999085086916743, 0.059469350411710885, 0.027904849039341262, 0.01738334858188472, 0.020128087831655993, 0.008234217749313814, 0.007319304666056725, 0.011436413540713633, 0.004574565416285453, 0.003202195791399817, 0.0, 0.0, 0.0, 0.0, 0.0], [0.0, 0.0, 0.007352941176470588, 0.014705882352941176, 0.007352941176470588, 0.007352941176470588, 0.03676470588235294, 0.058823529411764705, 0.09558823529411764, 0.11764705882352941, 0.125, 0.11764705882352941, 0.1323529411764706, 0.09558823529411764, 0.03676470588235294, 0.029411764705882353, 0.051470588235294115, 0.022058823529411766, 0.0, 0.04411764705882353, 0.0, 0.0, 0.0, 0.0, 0.0, 0.0, 0.0, 0.0, 0.0, 0.0, 0.0, 0.0], [0.00035081564637782847, 0.00035081564637782847, 0.0008770391159445711, 0.0007016312927556569, 0.0012278547623223997, 0.0028065251710226277, 0.004385195579722855, 0.00999824592176811, 0.018593229258024906, 0.043676547974039644, 0.06753201192773198, 0.09945623574811437, 0.11506753201192774, 0.11769864935976145, 0.13541483950184177, 0.10875285037712681, 0.0926153306437467, 0.0517453078407297, 0.05121908437116295, 0.02648658130152605, 0.017189966672513594, 0.015435888440624452, 0.00999824592176811, 0.0029819329942115417, 0.004736011226100684, 0.0005262234695667427, 0.00017540782318891423, 0.0, 0.0, 0.0, 0.0, 0.0], [0.0, 0.0, 0.0004616805170821791, 0.0004616805170821791, 0.0018467220683287165, 0.0018467220683287165, 0.003693444136657433, 0.0050784856879039705, 0.014312096029547553, 0.02723915050784857, 0.03462603878116344, 0.045706371191135735, 0.07386888273314866, 0.09279778393351801, 0.12049861495844875, 0.1306555863342567, 0.16712834718374883, 0.08125577100646353, 0.10480147737765466, 0.03693444136657433, 0.01569713758079409, 0.020313942751615882, 0.008771929824561403, 0.006925207756232687, 0.0046168051708217915, 0.0004616805170821791, 0.0, 0.0, 0.0, 0.0, 0.0, 0.0], [0.0, 0.0, 0.0007747933884297521, 0.0007747933884297521, 0.0012913223140495868, 0.0033574380165289257, 0.006973140495867769, 0.011363636363636364, 0.01756198347107438, 0.038739669421487606, 0.07050619834710743, 0.07773760330578512, 0.10459710743801653, 0.10898760330578512, 0.1443698347107438, 0.12603305785123967, 0.10072314049586777, 0.056818181818181816, 0.056818181818181816, 0.028667355371900828, 0.014721074380165289, 0.013946280991735538, 0.006973140495867769, 0.0033574380165289257, 0.003615702479338843, 0.0012913223140495868, 0.0, 0.0, 0.0, 0.0, 0.0, 0.0], [0.0, 0.0, 0.0, 0.0, 0.0002457606291472106, 0.0009830425165888424, 0.002703366920619317, 0.005898255099533055, 0.010321946424182845, 0.016711722782010323, 0.03391496682231507, 0.04816908331285328, 0.06856721553207176, 0.08159252887687392, 0.13541410666011305, 0.1250921602359302, 0.15138854755468173, 0.09461784222167609, 0.11280412877856967, 0.04300811010076186, 0.022609977881543376, 0.0231014991398378, 0.009093143278446793, 0.005160973212091423, 0.005652494470385844, 0.0029491275497665276, 0.0, 0.0, 0.0, 0.0, 0.0, 0.0], [0.00021565667457407807, 0.0, 0.0, 0.00043131334914815614, 0.00043131334914815614, 0.0010782833728703904, 0.002587880094888937, 0.005607073538926029, 0.011429803752426138, 0.03019193444037093, 0.05262022859607505, 0.06146215225361225, 0.07871468621953849, 0.09941772697864999, 0.1375889583782618, 0.13823592840198404, 0.14535259866292863, 0.0825965063618719, 0.07612680612464956, 0.027388397670907914, 0.017683847315074403, 0.015095967220185465, 0.005607073538926029, 0.004097476816907484, 0.0028035367694630147, 0.0019409100711667026, 0.0012939400474444684, 0.0, 0.0, 0.0, 0.0, 0.0], [0.0, 0.0, 0.0, 0.0, 0.0, 0.0007209805335255948, 0.0, 0.0007209805335255948, 0.003604902667627974, 0.007570295602018745, 0.015861571737563085, 0.023792357606344627, 0.04866618601297765, 0.07029560201874549, 0.09985580389329488, 0.136986301369863, 0.17664023071377072, 0.11860129776496034, 0.13193943763518384, 0.058759913482335974, 0.03604902667627974, 0.033886085075702954, 0.015861571737563085, 0.007570295602018745, 0.006488824801730353, 0.003965392934390771, 0.0021629416005767843, 0.0, 0.0, 0.0, 0.0, 0.0], [0.0, 0.0, 0.0, 0.0, 0.0009293680297397769, 0.0018587360594795538, 0.0009293680297397769, 0.004646840148698885, 0.00929368029739777, 0.02509293680297398, 0.02973977695167286, 0.06598513011152417, 0.0604089219330855, 0.09014869888475836, 0.10037174721189591, 0.13382899628252787, 0.13847583643122677, 0.10130111524163568, 0.08736059479553904, 0.040892193308550186, 0.027881040892193308, 0.032527881040892194, 0.013940520446096654, 0.00929368029739777, 0.011152416356877323, 0.004646840148698885, 0.00929368029739777, 0.0, 0.0, 0.0, 0.0, 0.0], [0.00032102728731942215, 0.0, 0.0006420545746388443, 0.00032102728731942215, 0.0006420545746388443, 0.0016051364365971107, 0.0032102728731942215, 0.004173354735152488, 0.009630818619582664, 0.01637239165329053, 0.03242375601926164, 0.04686998394863563, 0.08314606741573034, 0.09309791332263243, 0.12969502407704656, 0.1418940609951846, 0.142215088282504, 0.08057784911717496, 0.09727126805778491, 0.04012841091492777, 0.023113964686998396, 0.027929373996789728, 0.009951845906902087, 0.0038523274478330658, 0.005457463884430177, 0.003531300160513644, 0.0016051364365971107, 0.00032102728731942215, 0.0, 0.0, 0.0, 0.0], [0.0, 0.0, 0.0, 0.0008564087924636027, 0.0008564087924636027, 0.00028546959748786756, 0.0028546959748786756, 0.0059948615472452185, 0.008564087924636025, 0.020268341421638594, 0.03482729089351984, 0.048244361975449616, 0.07250927776191836, 0.0870682272337996, 0.12475021410219811, 0.13759634598915216, 0.14930059948615473, 0.09449043676848416, 0.10962032543534114, 0.03225806451612903, 0.01712817584927205, 0.023693976591493006, 0.009705966314587497, 0.005423922352269483, 0.008564087924636025, 0.0019982871824150727, 0.003140165572366543, 0.0, 0.0, 0.0, 0.0, 0.0], [0.0, 0.0, 0.0, 0.0, 0.0, 0.0, 0.0, 0.0, 0.024390243902439025, 0.0975609756097561, 0.0975609756097561, 0.04878048780487805, 0.04878048780487805, 0.07317073170731707, 0.0975609756097561, 0.12195121951219512, 0.12195121951219512, 0.04878048780487805, 0.0975609756097561, 0.024390243902439025, 0.04878048780487805, 0.04878048780487805, 0.0, 0.0, 0.0, 0.0, 0.0, 0.0, 0.0, 0.0, 0.0, 0.0], [0.00016578249336870026, 0.00016578249336870026, 0.00016578249336870026, 0.00016578249336870026, 0.00016578249336870026, 0.0003315649867374005, 0.0004973474801061008, 0.0014920424403183023, 0.0044761273209549075, 0.009283819628647215, 0.01939655172413793, 0.02553050397877984, 0.052221485411140585, 0.07659151193633952, 0.11886604774535808, 0.14207559681697612, 0.15566976127320956, 0.11140583554376658, 0.10411140583554376, 0.0628315649867374, 0.038461538461538464, 0.042771883289124665, 0.016744031830238728, 0.007460212201591512, 0.006631299734748011, 0.0023209549071618036, 0.0, 0.0, 0.0, 0.0, 0.0, 0.0], [0.0, 0.0, 0.0, 0.0002808199943836001, 0.0, 0.0005616399887672002, 0.002808199943836001, 0.0011232799775344005, 0.0036506599269868017, 0.004773939904521202, 0.015445099691098006, 0.021623139567537208, 0.03341757933164841, 0.05082841898343162, 0.07891041842179163, 0.10671159786576805, 0.15585509688289806, 0.12889637742207244, 0.15164279696714406, 0.07469811850603764, 0.04661611906767762, 0.05447907891041842, 0.020780679584386407, 0.011232799775344004, 0.02134231957315361, 0.008424599831508003, 0.005054759898904802, 0.0008424599831508003, 0.0, 0.0, 0.0, 0.0], [0.00015403573629081948, 0.00015403573629081948, 0.0, 0.00030807147258163895, 0.0004621072088724584, 0.0012322858903265558, 0.0013863216266173752, 0.0036968576709796672, 0.0066235366605052375, 0.012322858903265557, 0.024337646333949477, 0.03157732593961799, 0.04359211337030191, 0.06577325939617991, 0.1036660505237215, 0.1272335181762169, 0.14433148490449785, 0.10551447935921134, 0.14109673444239063, 0.06315465187923598, 0.03804682686383241, 0.04328404189772027, 0.016789895255699322, 0.009242144177449169, 0.012014787430683918, 0.0036968576709796672, 0.00030807147258163895, 0.0, 0.0, 0.0, 0.0, 0.0], [0.0, 0.0, 0.0, 0.0, 0.0, 0.002631578947368421, 0.0, 0.005263157894736842, 0.007894736842105263, 0.005263157894736842, 0.015789473684210527, 0.039473684210526314, 0.05789473684210526, 0.12368421052631579, 0.15, 0.14736842105263157, 0.1736842105263158, 0.12631578947368421, 0.09473684210526316, 0.03684210526315789, 0.013157894736842105, 0.0, 0.0, 0.0, 0.0, 0.0, 0.0, 0.0, 0.0, 0.0, 0.0, 0.0], [0.0, 0.0, 0.00012166930283489475, 0.00012166930283489475, 0.0, 0.0003650079085046843, 0.0002433386056697895, 0.0012166930283489476, 0.0034067404793770534, 0.008881859106947318, 0.01460031634018737, 0.025915561503832583, 0.044530964837571484, 0.05669789512106096, 0.09307701666869449, 0.12264265725757391, 0.17788052074461613, 0.11400413675629639, 0.16218518067891471, 0.06545808492517338, 0.0347974206107799, 0.04221924808370848, 0.013505292614673318, 0.005596787930405159, 0.008760189804112422, 0.002433386056697895, 0.0013383623311838423, 0.0, 0.0, 0.0, 0.0, 0.0], [0.00010750376263169211, 0.00010750376263169211, 0.00021500752526338422, 0.00010750376263169211, 0.0007525263384218448, 0.0008600301010535369, 0.00043001505052676843, 0.0017200602021070737, 0.0018275639647387658, 0.009137819823693829, 0.013545474091593205, 0.03375618146635132, 0.06321221242743497, 0.09331326596430875, 0.1388948613201462, 0.17555364437755322, 0.18200387013545474, 0.1034186196516878, 0.10094603311115889, 0.040098903461621156, 0.018705654697914426, 0.013437970328961513, 0.0039776392173726085, 0.0019350677273704579, 0.0015050526768436896, 0.00043001505052676843, 0.0, 0.0, 0.0, 0.0, 0.0, 0.0], [0.00022406453058480843, 0.00022406453058480843, 0.0, 0.00022406453058480843, 0.00044812906116961686, 0.001120322652924042, 0.0017925162446784674, 0.004033161550526552, 0.00851445216222272, 0.014788259018597356, 0.02419896930315931, 0.04414071252520726, 0.06990813354246023, 0.08178355366345508, 0.1223392336993054, 0.14160878332959892, 0.15818955859287476, 0.10284561953842707, 0.09769213533497648, 0.05108671297333632, 0.027559937261931438, 0.026215550078422585, 0.010755097468070804, 0.006049742325789828, 0.003585032489356935, 0.0006721935917544253, 0.0, 0.0, 0.0, 0.0, 0.0, 0.0], [0.0, 0.0, 0.0, 0.0, 0.00039936102236421724, 0.0, 0.0007987220447284345, 0.0011980830670926517, 0.0027955271565495207, 0.00439297124600639, 0.01577476038338658, 0.023961661341853034, 0.04293130990415336, 0.06849041533546325, 0.10263578274760383, 0.13378594249201278, 0.161741214057508, 0.09205271565495207, 0.15215654952076677, 0.057907348242811504, 0.0369408945686901, 0.04712460063897764, 0.0185702875399361, 0.011182108626198083, 0.015375399361022364, 0.005191693290734824, 0.004193290734824281, 0.00039936102236421724, 0.0, 0.0, 0.0, 0.0], [0.0, 0.0007304601899196494, 0.0007304601899196494, 0.0007304601899196494, 0.0014609203798392988, 0.005113221329437546, 0.006574141709276844, 0.013148283418553688, 0.029948867786705625, 0.04894083272461651, 0.05697589481373265, 0.08327246165084003, 0.09130752373995617, 0.12052593133674215, 0.13878743608473337, 0.11322132943754565, 0.10445580715850986, 0.04747991234477721, 0.07523739956172389, 0.02410518626734843, 0.013148283418553688, 0.017531044558071585, 0.0029218407596785976, 0.0007304601899196494, 0.0029218407596785976, 0.0, 0.0, 0.0, 0.0, 0.0, 0.0, 0.0], [0.0, 0.0, 0.0, 0.0, 0.0, 0.0021141649048625794, 0.004228329809725159, 0.02536997885835095, 0.040169133192389, 0.040169133192389, 0.080338266384778, 0.08456659619450317, 0.08456659619450317, 0.080338266384778, 0.11205073995771671, 0.10359408033826638, 0.1331923890063425, 0.06553911205073996, 0.05496828752642706, 0.04439746300211417, 0.019027484143763214, 0.010570824524312896, 0.0021141649048625794, 0.004228329809725159, 0.008456659619450317, 0.0, 0.0, 0.0, 0.0, 0.0, 0.0, 0.0], [0.00043346337234503684, 0.0, 0.0, 0.00021673168617251842, 0.0008669267446900737, 0.0013003901170351106, 0.003684438664932813, 0.008669267446900737, 0.013870827915041179, 0.027308192457737322, 0.044863459037711315, 0.06220199393151279, 0.0929778933680104, 0.10554833116601647, 0.14412657130472475, 0.14044213263979194, 0.12310359774599046, 0.07498916341569137, 0.07325530992631123, 0.027091460771564803, 0.01928912006935414, 0.018205461638491547, 0.007585609016038145, 0.004334633723450368, 0.0039011703511053317, 0.0006501950585175553, 0.001083658430862592, 0.0, 0.0, 0.0, 0.0, 0.0], [0.0, 0.0, 0.0, 0.0008594757198109154, 0.0008594757198109154, 0.0, 0.0021486892995272885, 0.001289213579716373, 0.004727116458960034, 0.017189514396218308, 0.026643747314138374, 0.03824666953158573, 0.04984959174903309, 0.07649333906317146, 0.10700472711645896, 0.12677266867211, 0.15212720240653202, 0.09196390201976794, 0.11817791147400086, 0.054146970348087665, 0.03266007735281478, 0.03781693167168027, 0.018048990116029222, 0.01289213579716373, 0.021057155135367427, 0.007735281478298238, 0.0008594757198109154, 0.0004297378599054577, 0.0, 0.0, 0.0, 0.0], [0.0, 0.0, 0.0, 0.0, 0.0, 0.0003029385034837928, 0.0009088155104513784, 0.0021205695243865495, 0.004847016055740685, 0.013632232656770675, 0.019085125719478947, 0.03544380490760376, 0.05846713117237201, 0.0926991820660406, 0.11935777037261436, 0.1466222356861557, 0.16267797637079673, 0.08451984247197819, 0.12147833989700091, 0.05089366858527719, 0.029687973341411694, 0.02908209633444411, 0.011208724628900333, 0.006058770069675856, 0.007876401090578612, 0.0024235080278703423, 0.0006058770069675856, 0.0, 0.0, 0.0, 0.0, 0.0], [0.00035568202027387515, 0.00017784101013693757, 0.00017784101013693757, 0.00017784101013693757, 0.00035568202027387515, 0.0017784101013693758, 0.002489774141917126, 0.003912502223012627, 0.008002845456162191, 0.014938644851502756, 0.03627956606793527, 0.05353014405121821, 0.08483016183531922, 0.10457051396051929, 0.13889382891694824, 0.1387159879068113, 0.14173928507913924, 0.09212164325093367, 0.08287391072381291, 0.038591499199715454, 0.01991819313533701, 0.020096034145473948, 0.009069891516983817, 0.0032011381824648766, 0.002845456162191001, 0.00035568202027387515, 0.0, 0.0, 0.0, 0.0, 0.0, 0.0], [0.0, 0.0, 0.0, 0.0, 0.0012998266897746968, 0.0004332755632582322, 0.0008665511265164644, 0.004332755632582322, 0.005199306759098787, 0.00996533795493934, 0.026429809358752165, 0.04246100519930676, 0.07105719237435008, 0.09748700173310225, 0.12824956672443674, 0.1637781629116118, 0.14038128249566725, 0.09532062391681109, 0.08232235701906412, 0.04289428076256499, 0.03076256499133449, 0.021663778162911613, 0.016031195840554593, 0.005632582322357019, 0.008665511265164644, 0.00389948006932409, 0.0008665511265164644, 0.0, 0.0, 0.0, 0.0, 0.0], [0.0, 0.0, 0.0, 0.0, 0.0, 0.0006734006734006734, 0.00101010101010101, 0.0023569023569023568, 0.00404040404040404, 0.006397306397306397, 0.012121212121212121, 0.023232323232323233, 0.03569023569023569, 0.05488215488215488, 0.09764309764309764, 0.12289562289562289, 0.15387205387205388, 0.10808080808080808, 0.1420875420875421, 0.0707070707070707, 0.04208754208754209, 0.061952861952861954, 0.02255892255892256, 0.016835016835016835, 0.014141414141414142, 0.006060606060606061, 0.0006734006734006734, 0.0, 0.0, 0.0, 0.0, 0.0], [0.0, 0.0, 0.0, 0.0, 0.00019630938358853554, 0.00019630938358853554, 0.0009815469179426776, 0.0021594032194738907, 0.003729878288182175, 0.009815469179426776, 0.017275225755791126, 0.039458186101295645, 0.06497840596780526, 0.10855908912446015, 0.13722025912838634, 0.12622693364742835, 0.14173537495092264, 0.0867687475461327, 0.11052218296034551, 0.04770318021201413, 0.03082057322340008, 0.031016882606988615, 0.01707891637220259, 0.006870828425598744, 0.011582253631723596, 0.002944640753828033, 0.0021594032194738907, 0.0, 0.0, 0.0, 0.0, 0.0], [0.0, 0.0, 0.00013439053890606102, 0.0, 0.0, 0.00013439053890606102, 0.00040317161671818305, 0.001478295927966671, 0.0033597634726515255, 0.009004166106706088, 0.0182771132912243, 0.03292568203198495, 0.06249160059131837, 0.09084800430049725, 0.1354656632173095, 0.15871522644805805, 0.16113425614836716, 0.0975675312458003, 0.11933879854858218, 0.04192984813869104, 0.022443219997312188, 0.024996640236527347, 0.008197822873269723, 0.004166106706087891, 0.004838059400618196, 0.001209514850154549, 0.0009407337723424271, 0.0, 0.0, 0.0, 0.0, 0.0], [0.0, 0.0, 0.0, 0.0, 0.0, 0.00031210986267166043, 0.0006242197253433209, 0.0009363295880149813, 0.003121098626716604, 0.008270911360799, 0.012016229712858926, 0.028089887640449437, 0.04915730337078652, 0.08239700374531835, 0.1312421972534332, 0.16526217228464418, 0.18071161048689138, 0.10861423220973783, 0.13093008739076153, 0.03651685393258427, 0.02294007490636704, 0.024656679151061175, 0.006554307116104869, 0.0018726591760299626, 0.003589263420724095, 0.0018726591760299626, 0.00031210986267166043, 0.0, 0.0, 0.0, 0.0, 0.0], [0.0, 0.008264462809917356, 0.0, 0.008264462809917356, 0.008264462809917356, 0.024793388429752067, 0.05785123966942149, 0.03305785123966942, 0.09917355371900827, 0.09917355371900827, 0.049586776859504134, 0.06611570247933884, 0.0743801652892562, 0.10743801652892562, 0.05785123966942149, 0.09917355371900827, 0.049586776859504134, 0.049586776859504134, 0.049586776859504134, 0.01652892561983471, 0.0, 0.01652892561983471, 0.01652892561983471, 0.008264462809917356, 0.0, 0.0, 0.0, 0.0, 0.0, 0.0, 0.0, 0.0]]}, "ranks": {"labels": ["Unranked", "Combatatent I", "Combatatent II", "Challenger I", "Challenger II", "Rival I", "Rival II", "Duelist", "Elite"], "data": [[0.18181818181818182, 0.16783216783216784, 0.2517482517482518, 0.1888111888111888, 0.11188811188811189, 0.06993006993006994, 0.027972027972027972, 0.0, 0.0], [0.07315288953913679, 0.11558156547183614, 0.18873445501097294, 0.2757863935625457, 0.20482809070958302, 0.09217264081931237, 0.019751280175566936, 0.02267739575713241, 0.0073152889539136795], [0.020507166482910694, 0.03594266813671444, 0.09062844542447629, 0.17464167585446527, 0.2630650496141125, 0.22513781697905183, 0.07056229327453142, 0.09084895259095921, 0.02866593164277839], [0.03908224771534124, 0.06513707952556873, 0.14621816060664983, 0.2506319268909197, 0.27240909974722927, 0.13980167217577288, 0.04627649231965779, 0.034610149718063386, 0.0058331713007972], [0.2692307692307692, 0.11538461538461539, 0.23076923076923078, 0.038461538461538464, 0.09615384615384616, 0.15384615384615385, 0.038461538461538464, 0.057692307692307696, 0.0], [0.016222677595628416, 0.04439890710382514, 0.13780737704918034, 0.2459016393442623, 0.25922131147540983, 0.14805327868852458, 0.05993852459016393, 0.06608606557377049, 0.022370218579234973], [0.0768526989935956, 0.12031107044830741, 0.20631290027447394, 0.25571820677035684, 0.18115279048490393, 0.07593778591033852, 0.028819762122598354, 0.035681610247026534, 0.0192131747483989], [0.34558823529411764, 0.2426470588235294, 0.22794117647058823, 0.0661764705882353, 0.07352941176470588, 0.03676470588235294, 0.007352941176470588, 0.0, 0.0], [0.08296790036835643, 0.16698824767584633, 0.23276618137168917, 0.2441676898789686, 0.14436063848447642, 0.06612874934222067, 0.028766883002981934, 0.028416067356604104, 0.005437642518856341], [0.05493998153277932, 0.08033240997229917, 0.16666666666666666, 0.25115420129270544, 0.24838411819021236, 0.1265004616805171, 0.030932594644506, 0.036011080332409975, 0.0050784856879039705], [0.08083677685950413, 0.14824380165289255, 0.21358471074380164, 0.27040289256198347, 0.15754132231404958, 0.07231404958677685, 0.027892561983471075, 0.02427685950413223, 0.00490702479338843], [0.036864094372081595, 0.08208405013516834, 0.1501597444089457, 0.2605062668960433, 0.24600638977635783, 0.13516834603096584, 0.04325387072990907, 0.03735561563037602, 0.00860162202015237], [0.05197325857235281, 0.1140823808496873, 0.17813241319818848, 0.27582488678024586, 0.2279491050248005, 0.09079145999568687, 0.030407591114945006, 0.024800517576018977, 0.006038386888074186], [0.012617159336697908, 0.03965392934390771, 0.11896178803172314, 0.23684210526315788, 0.2952415284787311, 0.16762797404470078, 0.05912040374909877, 0.057317952415284784, 0.012617159336697908], [0.04275092936802974, 0.09572490706319703, 0.15055762081784388, 0.2342007434944238, 0.23977695167286245, 0.10687732342007435, 0.04925650557620818, 0.055762081784386616, 0.02509293680297398], [0.03691813804173355, 0.07929373996789728, 0.17624398073836275, 0.2715890850722311, 0.22279293739967898, 0.12006420545746388, 0.04044943820224719, 0.04173354735152488, 0.010914927768860353], [0.03968027405081359, 0.08307165286896946, 0.15957750499571796, 0.26234656009135027, 0.24379103625463888, 0.12789037967456465, 0.031116186126177562, 0.038823865258349986, 0.013702540679417643], [0.12195121951219512, 0.14634146341463414, 0.12195121951219512, 0.21951219512195122, 0.17073170731707318, 0.0975609756097561, 0.07317073170731707, 0.04878048780487805, 0.0], [0.016909814323607428, 0.04492705570291777, 0.1288129973474801, 0.2609416445623342, 0.2670755968169761, 0.14041777188328913, 0.0649867374005305, 0.06697612732095491, 0.008952254641909815], [0.013198539736029205, 0.03706823925863521, 0.08424599831508003, 0.18562201628755967, 0.2847514743049705, 0.19320415613591688, 0.07975287840494243, 0.08649255827014883, 0.03566413928671722], [0.02634011090573013, 0.05591497227356747, 0.10936537276648182, 0.23089956869993838, 0.24984596426370917, 0.17652495378927913, 0.06577325939617991, 0.06931608133086876, 0.016019716574245224], [0.021052631578947368, 0.05526315789473684, 0.18157894736842106, 0.29736842105263156, 0.3, 0.11842105263157894, 0.02631578947368421, 0.0, 0.0], [0.01435697773451758, 0.04051587784401996, 0.10122885995863244, 0.2157196739262684, 0.2918846575009125, 0.19844263292371334, 0.06399805329115464, 0.061321328628786954, 0.01253193819199416], [0.01526553429370028, 0.04730165555794453, 0.15652547839174372, 0.31444850569769944, 0.2854224897871426, 0.12330681573855085, 0.036443775532143625, 0.01935067727370458, 0.0019350677273704579], [0.03136903428187318, 0.06833968182836657, 0.1516916872059153, 0.2639480170289043, 0.26103517813130184, 0.12637239524983196, 0.04996639032041228, 0.04302038987228322, 0.00425722608111136], [0.009584664536741214, 0.03973642172523962, 0.11142172523961662, 0.2364217252396166, 0.25379392971246006, 0.18450479233226838, 0.0625, 0.07687699680511183, 0.025159744408945688], [0.10737764791818846, 0.14024835646457268, 0.21183345507669832, 0.252008765522279, 0.15193571950328708, 0.08546384222059898, 0.02702702702702703, 0.021183345507669833, 0.0029218407596785976], [0.11205073995771671, 0.1649048625792812, 0.1649048625792812, 0.2156448202959831, 0.19873150105708245, 0.0824524312896406, 0.035940803382663845, 0.016913319238900635, 0.008456659619450317], [0.05635023840485479, 0.1070654529692241, 0.19852622453402688, 0.28456870394451667, 0.19809276116168184, 0.08712613784135241, 0.032509752925877766, 0.03012570437798006, 0.005635023840485479], [0.027073485174043833, 0.06489041684572411, 0.12634293081220455, 0.23377739578856896, 0.24409110442629997, 0.14654061022776108, 0.05844434894714224, 0.06875805758487323, 0.030081650193382038], [0.02181157225083308, 0.0545289306270827, 0.1511663132384126, 0.2659800060587701, 0.24719781884277492, 0.1511663132384126, 0.05089366858527719, 0.0463495910330203, 0.01090578612541654], [0.03236706384492264, 0.08980971011915348, 0.18940067579583852, 0.27760981682375957, 0.2338609283300729, 0.10670460608216255, 0.034678996976702826, 0.03236706384492264, 0.0032011381824648766], [0.022097053726169845, 0.06889081455805893, 0.16854419410745233, 0.2920277296360485, 0.23570190641247835, 0.10441941074523396, 0.05155979202772964, 0.043327556325823226, 0.013431542461005199], [0.014478114478114479, 0.03535353535353535, 0.09057239057239057, 0.22053872053872053, 0.26195286195286194, 0.18417508417508419, 0.0707070707070707, 0.10134680134680135, 0.020875420875420877], [0.01707891637220259, 0.05673341185708677, 0.1735374950922654, 0.2634471927758147, 0.22850412249705537, 0.13741656851197487, 0.051629367883784846, 0.05496662740478995, 0.01668629760502552], [0.01451417820185459, 0.051202795323209246, 0.1533396048918156, 0.29418088966536754, 0.25870178739416744, 0.14285714285714285, 0.04085472382744255, 0.03736056981588496, 0.0069883080231151725], [0.013264669163545567, 0.040106117353308365, 0.13155430711610486, 0.2965043695380774, 0.2893258426966292, 0.15059300873907616, 0.039794007490636704, 0.033083645443196, 0.005774032459425718], [0.33884297520661155, 0.11570247933884298, 0.18181818181818182, 0.15702479338842976, 0.09917355371900827, 0.05785123966942149, 0.008264462809917356, 0.04132231404958678, 0.0]]}, "ranksDetailed": {"labels": ["Unranked", "Combatatant", "Challenger", "Rival", "Duelist", "Elite"], "data": [[0.18181818181818182, 0.4195804195804196, 0.3006993006993007, 0.0979020979020979, 0.0, 0.0], [0.07315288953913679, 0.3043160204828091, 0.4806144842721288, 0.1119239209948793, 0.02267739575713241, 0.0073152889539136795], [0.020507166482910694, 0.12657111356119075, 0.43770672546857775, 0.2957001102535832, 0.09084895259095921, 0.02866593164277839], [0.03908224771534124, 0.21135524013221854, 0.5230410266381489, 0.1860781644954307, 0.034610149718063386, 0.0058331713007972], [0.2692307692307692, 0.34615384615384615, 0.1346153846153846, 0.19230769230769232, 0.057692307692307696, 0.0], [0.016222677595628416, 0.18220628415300547, 0.5051229508196722, 0.20799180327868852, 0.06608606557377049, 0.022370218579234973], [0.0768526989935956, 0.3266239707227813, 0.43687099725526074, 0.10475754803293687, 0.035681610247026534, 0.0192131747483989], [0.34558823529411764, 0.47058823529411764, 0.13970588235294118, 0.04411764705882353, 0.0, 0.0], [0.08296790036835643, 0.3997544290475355, 0.38852832836344503, 0.0948956323452026, 0.028416067356604104, 0.005437642518856341], [0.05493998153277932, 0.24699907663896584, 0.4995383194829178, 0.15743305632502308, 0.036011080332409975, 0.0050784856879039705], [0.08083677685950413, 0.3618285123966942, 0.42794421487603307, 0.10020661157024793, 0.02427685950413223, 0.00490702479338843], [0.036864094372081595, 0.23224379454411404, 0.5065126566724011, 0.1784222167608749, 0.03735561563037602, 0.00860162202015237], [0.05197325857235281, 0.29221479404787576, 0.5037739918050463, 0.12119905111063188, 0.024800517576018977, 0.006038386888074186], [0.012617159336697908, 0.15861571737563085, 0.5320836337418889, 0.22674837779379955, 0.057317952415284784, 0.012617159336697908], [0.04275092936802974, 0.24628252788104088, 0.4739776951672863, 0.15613382899628253, 0.055762081784386616, 0.02509293680297398], [0.03691813804173355, 0.25553772070626, 0.4943820224719101, 0.16051364365971107, 0.04173354735152488, 0.010914927768860353], [0.03968027405081359, 0.2426491578646874, 0.5061375963459892, 0.1590065658007422, 0.038823865258349986, 0.013702540679417643], [0.12195121951219512, 0.2682926829268293, 0.3902439024390244, 0.17073170731707318, 0.04878048780487805, 0.0], [0.016909814323607428, 0.17374005305039789, 0.5280172413793104, 0.20540450928381962, 0.06697612732095491, 0.008952254641909815], [0.013198539736029205, 0.12131423757371525, 0.4703734905925302, 0.2729570345408593, 0.08649255827014883, 0.03566413928671722], [0.02634011090573013, 0.1652803450400493, 0.4807455329636476, 0.24229821318545902, 0.06931608133086876, 0.016019716574245224], [0.021052631578947368, 0.23684210526315788, 0.5973684210526315, 0.14473684210526316, 0.0, 0.0], [0.01435697773451758, 0.1417447378026524, 0.507604331427181, 0.262440686214868, 0.061321328628786954, 0.01253193819199416], [0.01526553429370028, 0.20382713394968824, 0.599870995484842, 0.15975059127069446, 0.01935067727370458, 0.0019350677273704579], [0.03136903428187318, 0.22003136903428186, 0.5249831951602061, 0.17633878557024424, 0.04302038987228322, 0.00425722608111136], [0.009584664536741214, 0.15115814696485624, 0.4902156549520767, 0.24700479233226838, 0.07687699680511183, 0.025159744408945688], [0.10737764791818846, 0.352081811541271, 0.4039444850255661, 0.11249086924762601, 0.021183345507669833, 0.0029218407596785976], [0.11205073995771671, 0.3298097251585624, 0.4143763213530655, 0.11839323467230443, 0.016913319238900635, 0.008456659619450317], [0.05635023840485479, 0.305591677503251, 0.4826614651061985, 0.11963589076723016, 0.03012570437798006, 0.005635023840485479], [0.027073485174043833, 0.19123334765792865, 0.47786850021486893, 0.2049849591749033, 0.06875805758487323, 0.030081650193382038], [0.02181157225083308, 0.20569524386549531, 0.513177824901545, 0.20205998182368978, 0.0463495910330203, 0.01090578612541654], [0.03236706384492264, 0.279210385914992, 0.5114707451538325, 0.14138360305886538, 0.03236706384492264, 0.0032011381824648766], [0.022097053726169845, 0.23743500866551126, 0.5277296360485269, 0.1559792027729636, 0.043327556325823226, 0.013431542461005199], [0.014478114478114479, 0.1259259259259259, 0.48249158249158247, 0.2548821548821549, 0.10134680134680135, 0.020875420875420877], [0.01707891637220259, 0.23027090694935218, 0.49195131527287006, 0.18904593639575973, 0.05496662740478995, 0.01668629760502552], [0.01451417820185459, 0.20454240021502487, 0.552882677059535, 0.18371186668458542, 0.03736056981588496, 0.0069883080231151725], [0.013264669163545567, 0.17166042446941324, 0.5858302122347067, 0.19038701622971285, 0.033083645443196, 0.005774032459425718], [0.33884297520661155, 0.2975206611570248, 0.256198347107438, 0.06611570247933884, 0.04132231404958678, 0.0]]}}}, "eu": {"histType": {"histogram": {"labels": ["0", "100", "200", "300", "400", "500", "600", "700", "800", "900", "1000", "1100", "1200", "1300", "1400", "1500", "1600", "1700", "1800", "1900", "2000", "2100", "2200", "2300", "2400", "2500", "2600", "2700", "2800", "2900", "3000", "3100"], "data": [[0.0, 0.0, 0.0, 0.0, 0.0, 0.009900990099009901, 0.019801980198019802, 0.0297029702970297, 0.10891089108910891, 0.06930693069306931, 0.09900990099009901, 0.06930693069306931, 0.09900990099009901, 0.10891089108910891, 0.06930693069306931, 0.0891089108910891, 0.07920792079207921, 0.04950495049504951, 0.04950495049504951, 0.009900990099009901, 0.0, 0.0297029702970297, 0.009900990099009901, 0.0, 0.0, 0.0, 0.0, 0.0, 0.0, 0.0, 0.0, 0.0], [0.0, 0.0, 0.0015860428231562252, 0.0007930214115781126, 0.0007930214115781126, 0.003965107057890563, 0.00951625693893735, 0.007930214115781126, 0.026169706582077717, 0.035685963521015066, 0.04440919904837431, 0.08009516256938938, 0.08564631245043616, 0.11736716891356067, 0.13639968279143536, 0.12926249008723237, 0.12926249008723237, 0.06978588421887391, 0.05947660586835844, 0.025376685170499604, 0.010309278350515464, 0.014274385408406027, 0.0055511498810467885, 0.0023790642347343376, 0.003965107057890563, 0.0, 0.0, 0.0, 0.0, 0.0, 0.0, 0.0], [0.0, 0.0, 0.0, 0.00024254183846713557, 0.00024254183846713557, 0.00024254183846713557, 0.0007276255154014067, 0.002425418384671356, 0.007033713315546932, 0.007761338830948338, 0.016007761338830948, 0.025951976715983507, 0.035653650254668934, 0.05069124423963134, 0.07834101382488479, 0.09653165170991997, 0.16032015522677662, 0.10720349260247393, 0.18093621149648315, 0.06015037593984962, 0.04972107688576279, 0.06015037593984962, 0.02085859810817366, 0.011399466407955373, 0.017220470531166626, 0.0053359204462769825, 0.002910502061605627, 0.0019403347077370846, 0.0, 0.0, 0.0, 0.0], [0.0, 0.00017828489926903192, 0.0, 0.00017828489926903192, 0.00017828489926903192, 0.00035656979853806385, 0.0012479942948832234, 0.004278837582456766, 0.007309680870030308, 0.014975931538598681, 0.02888215368158317, 0.042075236227491535, 0.06150829024781601, 0.07719736138349081, 0.11356748083437333, 0.14155821001961133, 0.1625958281333571, 0.11178463184168301, 0.12069887680513461, 0.048136922802638614, 0.02246389730789802, 0.02139418791228383, 0.008201105366375468, 0.004100552683187734, 0.004278837582456766, 0.0017828489926903191, 0.0008914244963451596, 0.00017828489926903192, 0.0, 0.0, 0.0, 0.0], [0.0, 0.0, 0.0, 0.0, 0.0, 0.0, 0.0392156862745098, 0.058823529411764705, 0.0784313725490196, 0.09803921568627451, 0.09803921568627451, 0.09803921568627451, 0.0784313725490196, 0.0392156862745098, 0.13725490196078433, 0.0784313725490196, 0.0392156862745098, 0.0196078431372549, 0.0196078431372549, 0.0784313725490196, 0.0, 0.0196078431372549, 0.0, 0.0196078431372549, 0.0, 0.0, 0.0, 0.0, 0.0, 0.0, 0.0, 0.0], [0.0, 0.0001691761123329386, 0.0001691761123329386, 0.0003383522246658772, 0.0005075283369988157, 0.0001691761123329386, 0.0001691761123329386, 0.0027068177973270176, 0.004398578920656403, 0.008120453391981051, 0.01793266790729149, 0.02520724073760785, 0.04956860091355101, 0.0762984266621553, 0.10945694467941126, 0.1258670275757063, 0.14921333107765183, 0.10370495686009136, 0.12535949923870748, 0.06208763322618846, 0.03485027914058535, 0.052106242598545086, 0.018947724581289124, 0.00845880561664693, 0.01336491287430215, 0.006597868380984605, 0.0027068177973270176, 0.0015225850109964474, 0.0, 0.0, 0.0, 0.0], [0.0, 0.00043047783039173483, 0.00043047783039173483, 0.0012914334911752045, 0.0012914334911752045, 0.003013344812742144, 0.004735256134309083, 0.013775290572535515, 0.02582866982350409, 0.03400774860094705, 0.04993542832544124, 0.07318123116659492, 0.0891089108910891, 0.10503659061558329, 0.10934136891950065, 0.12053379250968575, 0.11752044769694361, 0.06371071889797675, 0.06500215238915195, 0.030133448127421438, 0.02152389151958674, 0.024537236332328884, 0.011192423590185106, 0.009040034438226431, 0.01076194575979337, 0.006887645286267757, 0.006026689625484288, 0.0017219113215669393, 0.0, 0.0, 0.0, 0.0], [0.0, 0.0, 0.0, 0.0, 0.0, 0.021739130434782608, 0.0, 0.08695652173913043, 0.03260869565217391, 0.08695652173913043, 0.08695652173913043, 0.11956521739130435, 0.08695652173913043, 0.06521739130434782, 0.08695652173913043, 0.1956521739130435, 0.06521739130434782, 0.010869565217391304, 0.03260869565217391, 0.021739130434782608, 0.0, 0.0, 0.0, 0.0, 0.0, 0.0, 0.0, 0.0, 0.0, 0.0, 0.0, 0.0], [0.0005217391304347826, 0.00034782608695652176, 0.0006956521739130435, 0.0006956521739130435, 0.0006956521739130435, 0.001565217391304348, 0.0046956521739130435, 0.011304347826086957, 0.027304347826086955, 0.042434782608695654, 0.07182608695652173, 0.09495652173913044, 0.12, 0.12121739130434783, 0.11704347826086957, 0.10591304347826087, 0.09182608695652174, 0.05408695652173913, 0.050434782608695654, 0.030434782608695653, 0.01808695652173913, 0.017043478260869566, 0.006956521739130435, 0.004521739130434782, 0.004347826086956522, 0.0008695652173913044, 0.00017391304347826088, 0.0, 0.0, 0.0, 0.0, 0.0], [0.0, 0.0, 0.000591715976331361, 0.0, 0.0, 0.000591715976331361, 0.001183431952662722, 0.008875739644970414, 0.014792899408284023, 0.01952662721893491, 0.04674556213017751, 0.049112426035502955, 0.06686390532544378, 0.09822485207100591, 0.11893491124260355, 0.12544378698224853, 0.15088757396449703, 0.08520710059171598, 0.10828402366863905, 0.027218934911242602, 0.03076923076923077, 0.026627218934911243, 0.011834319526627219, 0.002366863905325444, 0.0035502958579881655, 0.0017751479289940828, 0.000591715976331361, 0.0, 0.0, 0.0, 0.0, 0.0], [0.0003154574132492114, 0.0003154574132492114, 0.0, 0.0012618296529968455, 0.0015772870662460567, 0.0018927444794952682, 0.0031545741324921135, 0.011356466876971609, 0.02365930599369085, 0.03753943217665615, 0.06056782334384858, 0.0861198738170347, 0.10788643533123028, 0.11041009463722397, 0.1365930599369085, 0.11356466876971609, 0.09936908517350158, 0.056782334384858045, 0.061829652996845424, 0.029022082018927444, 0.017981072555205046, 0.02018927444794953, 0.006309148264984227, 0.00473186119873817, 0.0056782334384858045, 0.0018927444794952682, 0.0, 0.0, 0.0, 0.0, 0.0, 0.0], [0.0, 0.0, 0.0, 0.0, 0.0005227391531625719, 0.0007841087297438578, 0.0018295870360690017, 0.005227391531625719, 0.012284370099320438, 0.020909566126502875, 0.03450078410872975, 0.04626241505488761, 0.07292211186617878, 0.08285415577626765, 0.12310507056978567, 0.1228437009932044, 0.1447987454260324, 0.09357030841610037, 0.10872974385781495, 0.049921589127025615, 0.025352848928384734, 0.027182435964453737, 0.01150026136957658, 0.004181913225300575, 0.007841087297438577, 0.0007841087297438578, 0.0010454783063251437, 0.0007841087297438578, 0.0, 0.0, 0.00026136957658128593, 0.0], [0.0, 0.0, 0.0002552974214960429, 0.0005105948429920858, 0.0002552974214960429, 0.0017870819504723003, 0.002808271636456472, 0.009446004595353587, 0.01