{"region": {"us": {"histType": {"histogram": {"labels": ["0", "100", "200", "300", "400", "500", "600", "700", "800", "900", "1000", "1100", "1200", "1300", "1400", "1500", "1600", "1700", "1800", "1900", "2000", "2100", "2200", "2300", "2400", "2500", "2600", "2700", "2800", "2900", "3000", "3100", "3200"], "data": [[0.0, 0.0, 0.0036363636363636364, 0.005454545454545455, 0.0036363636363636364, 0.005454545454545455, 0.01818181818181818, 0.016363636363636365, 0.03272727272727273, 0.04727272727272727, 0.08363636363636363, 0.1, 0.12181818181818181, 0.12181818181818181, 0.11818181818181818, 0.10909090909090909, 0.08, 0.04181818181818182, 0.038181818181818185, 0.023636363636363636, 0.01090909090909091, 0.01090909090909091, 0.0018181818181818182, 0.0018181818181818182, 0.0036363636363636364, 0.0, 0.0, 0.0, 0.0, 0.0, 0.0, 0.0, 0.0], [0.0, 0.0002900232018561485, 0.0, 0.000580046403712297, 0.000580046403712297, 0.0020301624129930394, 0.004930394431554524, 0.008700696055684454, 0.013051044083526682, 0.02697215777262181, 0.03654292343387471, 0.05655452436194896, 0.08178654292343387, 0.09164733178654293, 0.12296983758700696, 0.13428074245939675, 0.1525522041763341, 0.08265661252900232, 0.10991879350348027, 0.03538283062645012, 0.016241299303944315, 0.0095707656612529, 0.005220417633410673, 0.0014501160092807424, 0.002900232018561485, 0.0002900232018561485, 0.0017401392111368909, 0.001160092807424594, 0.0, 0.0, 0.0, 0.0, 0.0], [0.00011403808872163302, 0.0, 0.0, 0.00022807617744326604, 0.00022807617744326604, 0.00022807617744326604, 0.00022807617744326604, 0.0005701904436081651, 0.0026228760405975597, 0.003307104572927358, 0.005245752081195119, 0.0077545900330710455, 0.012316113581936367, 0.01927243699395598, 0.025430493784924166, 0.03945717869768502, 0.17253962823583077, 0.1428897251682062, 0.31634165811381, 0.0859847188961113, 0.047553882996920975, 0.058501539514197745, 0.020983008324780478, 0.008438818565400843, 0.018588208461626184, 0.006500171057133082, 0.0028509522180408258, 0.0013684570646595963, 0.0, 0.0004561523548865321, 0.0, 0.0, 0.0], [0.0, 0.0, 0.0, 0.0, 0.00010970927043335162, 0.00010970927043335162, 0.0007679648930334613, 0.001755348326933626, 0.004607789358200768, 0.007789358200767965, 0.01151947339550192, 0.013603949533735601, 0.025233132199670872, 0.029621503017004936, 0.0442128359846407, 0.054415798134942406, 0.07569939659901262, 0.12462973121228745, 0.29786066922654963, 0.11091607240811849, 0.06867800329127811, 0.06988480526604499, 0.024026330224904004, 0.008337904552934722, 0.015907844212835986, 0.005156335710367526, 0.0034009873834339004, 0.001755348326933626, 0.0, 0.0, 0.0, 0.0, 0.0], [0.0, 0.0, 0.0, 0.0, 0.006211180124223602, 0.006211180124223602, 0.031055900621118012, 0.024844720496894408, 0.055900621118012424, 0.043478260869565216, 0.062111801242236024, 0.09316770186335403, 0.09316770186335403, 0.13043478260869565, 0.08695652173913043, 0.10559006211180125, 0.049689440993788817, 0.043478260869565216, 0.08695652173913043, 0.037267080745341616, 0.018633540372670808, 0.018633540372670808, 0.006211180124223602, 0.0, 0.0, 0.0, 0.0, 0.0, 0.0, 0.0, 0.0, 0.0, 0.0], [0.0, 0.0, 0.0, 0.0, 0.0, 0.0, 0.0, 0.0013579860022981303, 0.0013579860022981303, 0.0048051812389010755, 0.019116264493889062, 0.03405411051916849, 0.05390159824506424, 0.08701556460879557, 0.1098924057244333, 0.13412723284236916, 0.16410738535464325, 0.0968348480100282, 0.13287370730178627, 0.05317037501305756, 0.03092029666771127, 0.03624778021518855, 0.015146766948709913, 0.0074166927817820956, 0.009819283401232634, 0.003760576621748668, 0.0027159720045962605, 0.0008356836937219263, 0.00041784184686096315, 0.0, 0.00010446046171524079, 0.0, 0.0], [0.0, 0.0002244668911335578, 0.0006734006734006734, 0.00202020202020202, 0.0013468013468013469, 0.003591470258136925, 0.006958473625140292, 0.012794612794612794, 0.021099887766554432, 0.036139169472502806, 0.049607182940516276, 0.0707070707070707, 0.09539842873176206, 0.11178451178451178, 0.11604938271604938, 0.12278338945005611, 0.11560044893378227, 0.06958473625140292, 0.07295173961840629, 0.027609427609427608, 0.017957351290684626, 0.01526374859708193, 0.009652076318742986, 0.004264870931537598, 0.007631874298540965, 0.003591470258136925, 0.0031425364758698093, 0.0008978675645342312, 0.0002244668911335578, 0.0, 0.0004489337822671156, 0.0, 0.0], [0.0030211480362537764, 0.0, 0.0, 0.006042296072507553, 0.00906344410876133, 0.02416918429003021, 0.012084592145015106, 0.04229607250755287, 0.05740181268882175, 0.09063444108761329, 0.1148036253776435, 0.13897280966767372, 0.1148036253776435, 0.09969788519637462, 0.07854984894259819, 0.06646525679758308, 0.045317220543806644, 0.021148036253776436, 0.030211480362537766, 0.03625377643504532, 0.0030211480362537764, 0.0, 0.0030211480362537764, 0.0030211480362537764, 0.0, 0.0, 0.0, 0.0, 0.0, 0.0, 0.0, 0.0, 0.0], [0.00030135610246107485, 0.00020090406830738323, 0.0005022601707684581, 0.00030135610246107485, 0.0005022601707684581, 0.0012054244098442994, 0.0015067805123053742, 0.004319437468608739, 0.0077348066298342545, 0.015971873430436965, 0.026117528879959818, 0.03465595178302361, 0.04229030637870417, 0.04892014063284782, 0.0610748367654445, 0.166449020592667, 0.17167252636865896, 0.1161225514816675, 0.12194876946258161, 0.055750878955298844, 0.0359618282270216, 0.03556002009040683, 0.017780010045203416, 0.011049723756906077, 0.014264188849824208, 0.004018081366147665, 0.0028126569563033652, 0.0005022601707684581, 0.0005022601707684581, 0.0, 0.0, 0.0, 0.0], [0.0, 0.0, 0.0, 0.0, 0.0007908264136022143, 0.00039541320680110717, 0.0011862396204033216, 0.0011862396204033216, 0.0015816528272044287, 0.007908264136022143, 0.013048635824436536, 0.015816528272044286, 0.021352313167259787, 0.03637801502570186, 0.05970739422696718, 0.07315144325820483, 0.10003954132068012, 0.09015421115065243, 0.17833135626729932, 0.0711743772241993, 0.07671016211941478, 0.09845788849347568, 0.044286279161724, 0.018584420719652037, 0.05021747726374061, 0.014630288651640965, 0.011071569790431, 0.009489916963226572, 0.00276789244760775, 0.0015816528272044287, 0.0, 0.0, 0.0], [0.0, 0.0, 0.00021331058020477816, 0.0, 0.0014931740614334472, 0.0006399317406143345, 0.00234641638225256, 0.0040529010238907846, 0.008745733788395904, 0.016851535836177475, 0.02453071672354949, 0.03370307167235495, 0.05716723549488054, 0.07423208191126279, 0.10366894197952219, 0.12670648464163822, 0.1514505119453925, 0.09513651877133106, 0.13779863481228669, 0.05610068259385666, 0.03434300341296928, 0.03348976109215017, 0.013011945392491467, 0.0074658703071672355, 0.00917235494880546, 0.0031996587030716723, 0.0034129692832764505, 0.0006399317406143345, 0.0004266211604095563, 0.0, 0.0, 0.0, 0.0], [0.0, 0.0, 0.0009481668773704172, 0.0009481668773704172, 0.0011061946902654867, 0.0030025284450063213, 0.006479140328697851, 0.011852085967130215, 0.02054361567635904, 0.03729456384323641, 0.062104930467762325, 0.07680151706700379, 0.10335018963337547, 0.11994310998735777, 0.13669405815423513, 0.11836283185840708, 0.11330594184576485, 0.058944374209860935, 0.06005056890012642, 0.024810366624525917, 0.015486725663716814, 0.012010113780025285, 0.007111251580278129, 0.0036346396965865994, 0.0031605562579013905, 0.001738305941845765, 0.0003160556257901391, 0.0, 0.0, 0.0, 0.0, 0.0, 0.0], [0.0, 0.0, 0.0, 0.0, 0.0001234567901234568, 0.0004938271604938272, 0.001851851851851852, 0.0019753086419753087, 0.0044444444444444444, 0.005555555555555556, 0.013580246913580247, 0.019753086419753086, 0.02851851851851852, 0.03382716049382716, 0.07641975308641975, 0.1554320987654321, 0.19530864197530864, 0.12753086419753087, 0.1717283950617284, 0.058271604938271604, 0.034074074074074076, 0.03308641975308642, 0.014197530864197531, 0.008641975308641974, 0.009135802469135803, 0.003703703703703704, 0.0017283950617283952, 0.0001234567901234568, 0.0004938271604938272, 0.0, 0.0, 0.0, 0.0], [0.0002018774603815484, 0.0, 0.0, 0.0001009387301907742, 0.0001009387301907742, 0.0003028161905723226, 0.0013122034924800646, 0.0018168971434339356, 0.004138487937821742, 0.011103260320985162, 0.03674169778944181, 0.047441203189663876, 0.07025335621277884, 0.09478146764913697, 0.11597860098919956, 0.12183304734026446, 0.14535177147471484, 0.0934692641566569, 0.11819925305339658, 0.048955284142525486, 0.028161905723226, 0.02977692540627839, 0.010901382860603614, 0.005147875239729484, 0.0069647723831634195, 0.0028262844453416777, 0.002018774603815484, 0.0006056323811446452, 0.0007065711113354194, 0.0007065711113354194, 0.0001009387301907742, 0.0, 0.0], [0.0, 0.0, 0.0, 0.0004190236748376283, 0.0004190236748376283, 0.00020951183741881415, 0.001047559187094071, 0.0018856065367693275, 0.0043997485857950975, 0.006704378797402053, 0.015922899643829876, 0.025979467839932956, 0.0488162581185837, 0.06871988267337105, 0.09742300439974859, 0.11837418814163, 0.16362874502409386, 0.11921223549130526, 0.14686779803058872, 0.06871988267337105, 0.03917871359731825, 0.03415042949926671, 0.015294364131573434, 0.006494866959983239, 0.01005656819610308, 0.0033521893987010264, 0.001466582861931699, 0.0004190236748376283, 0.0, 0.0008380473496752566, 0.0, 0.0, 0.0], [0.0, 0.0002938583602703497, 0.0, 0.0002938583602703497, 0.0014692918013517484, 0.0023508668821627977, 0.002057008521892448, 0.005289450484866294, 0.010578900969732588, 0.018806935057302382, 0.02967969438730532, 0.04878048780487805, 0.06670584778136938, 0.0928592418454305, 0.10285042609462239, 0.11930649426976198, 0.13399941228327947, 0.0987364090508375, 0.10431971789597413, 0.04819277108433735, 0.03291213635027917, 0.03232441962973846, 0.015868351454598882, 0.008228034087569792, 0.013223626212165737, 0.005583308845136644, 0.002057008521892448, 0.0023508668821627977, 0.0005877167205406994, 0.0002938583602703497, 0.0, 0.0, 0.0], [0.00020358306188925082, 0.0, 0.0008143322475570033, 0.001017915309446254, 0.0006107491856677524, 0.0014250814332247557, 0.0024429967426710096, 0.007125407166123778, 0.012622149837133551, 0.01934039087947883, 0.03298045602605863, 0.053338762214983716, 0.07715798045602607, 0.10484527687296417, 0.11868892508143322, 0.12316775244299674, 0.1357899022801303, 0.08326547231270358, 0.11095276872964169, 0.04234527687296417, 0.02259771986970684, 0.023615635179153095, 0.009364820846905538, 0.00508957654723127, 0.005496742671009772, 0.0016286644951140066, 0.0016286644951140066, 0.0014250814332247557, 0.00040716612377850165, 0.0006107491856677524, 0.0, 0.0, 0.0], [0.0, 0.0, 0.00012382367508667657, 0.00024764735017335313, 0.0003714710252600297, 0.00012382367508667657, 0.000866765725606736, 0.001981178801386825, 0.0029717682020802376, 0.0064388311045071814, 0.025383853392768697, 0.04482417038137692, 0.0718177315502724, 0.09522040614165428, 0.12469044081228331, 0.1316245666171372, 0.153912828132739, 0.09224863793957405, 0.13979692917285785, 0.03900445765230312, 0.021545319465081723, 0.02241208519068846, 0.009534422981674097, 0.004457652303120356, 0.006315007429420505, 0.0016097077761267954, 0.0016097077761267954, 0.00024764735017335313, 0.00012382367508667657, 0.0004952947003467063, 0.0, 0.0, 0.0], [0.0, 0.0, 0.0, 0.007575757575757576, 0.015151515151515152, 0.015151515151515152, 0.007575757575757576, 0.015151515151515152, 0.030303030303030304, 0.07575757575757576, 0.045454545454545456, 0.09090909090909091, 0.08333333333333333, 0.06060606060606061, 0.045454545454545456, 0.09848484848484848, 0.12121212121212122, 0.09848484848484848, 0.03787878787878788, 0.022727272727272728, 0.022727272727272728, 0.03787878787878788, 0.022727272727272728, 0.0, 0.007575757575757576, 0.015151515151515152, 0.007575757575757576, 0.015151515151515152, 0.0, 0.0, 0.0, 0.0, 0.0], [0.00021050415745710977, 0.00010525207872855489, 0.0, 0.0, 0.0, 0.00010525207872855489, 0.00021050415745710977, 0.000947268708556994, 0.0023155457320282076, 0.00473634354278497, 0.0077886538259130614, 0.01052520787285549, 0.022523944847910746, 0.039574781601936636, 0.14798442269234818, 0.16450899905273128, 0.19534785812019786, 0.12630249447426586, 0.1271445111040943, 0.05830965161561941, 0.03031259867382381, 0.031786127776023576, 0.012103989053783811, 0.004631091464056415, 0.007157141353541732, 0.0025260498894853173, 0.0016840332596568782, 0.00042100831491421954, 0.0007367645510998843, 0.0, 0.0, 0.0, 0.0], [0.0, 0.0, 0.0, 0.00011869436201780416, 0.0, 0.00011869436201780416, 0.0010682492581602374, 0.0003560830860534125, 0.0013056379821958456, 0.002255192878338279, 0.007596439169139466, 0.01768545994065282, 0.029910979228486647, 0.04937685459940653, 0.07679525222551929, 0.10872403560830861, 0.16035608308605342, 0.1287833827893175, 0.17543026706231454, 0.0796439169139466, 0.051275964391691395, 0.053531157270029675, 0.01970326409495549, 0.009495548961424332, 0.01543026706231454, 0.0056973293768546, 0.002611275964391691, 0.0013056379821958456, 0.0005934718100890207, 0.00023738872403560832, 0.0005934718100890207, 0.0, 0.0], [0.0001858736059479554, 9.29368029739777e-05, 0.0, 0.0001858736059479554, 0.0001858736059479554, 0.0005576208178438662, 0.0007434944237918215, 0.0017657992565055763, 0.002973977695167286, 0.0055762081784386614, 0.010408921933085501, 0.013475836431226766, 0.017565055762081783, 0.07118959107806691, 0.10315985130111524, 0.11589219330855019, 0.1441449814126394, 0.12276951672862453, 0.16589219330855018, 0.07574349442379182, 0.04804832713754647, 0.05027881040892193, 0.02016728624535316, 0.010408921933085501, 0.0129182156133829, 0.0031598513011152417, 0.0016728624535315986, 0.0003717472118959108, 0.00046468401486988845, 0.0, 0.0, 0.0, 0.0], [0.0, 0.0, 0.0, 0.0015552099533437014, 0.0015552099533437014, 0.0015552099533437014, 0.003110419906687403, 0.006220839813374806, 0.007776049766718507, 0.007776049766718507, 0.017107309486780714, 0.027993779160186624, 0.04510108864696734, 0.09797822706065319, 0.11353032659409021, 0.16951788491446346, 0.16640746500777606, 0.1104199066874028, 0.1321928460342146, 0.05598755832037325, 0.02021772939346812, 0.01088646967340591, 0.003110419906687403, 0.0, 0.0, 0.0, 0.0, 0.0, 0.0, 0.0, 0.0, 0.0, 0.0], [0.0, 0.0, 0.0, 8.528784648187633e-05, 0.0, 8.528784648187633e-05, 0.000255863539445629, 0.000767590618336887, 0.0017057569296375266, 0.004776119402985075, 0.007334754797441364, 0.012963752665245203, 0.021321961620469083, 0.027547974413646054, 0.04051172707889126, 0.08733475479744136, 0.1935181236673774, 0.1325373134328358, 0.22405117270788913, 0.08068230277185501, 0.04886993603411514, 0.06695095948827293, 0.020127931769722815, 0.006652452025586354, 0.013304904051172708, 0.00417910447761194, 0.00255863539445629, 0.0013646055437100213, 0.000255863539445629, 0.000255863539445629, 0.0, 0.0, 0.0], [9.477774618519572e-05, 9.477774618519572e-05, 9.477774618519572e-05, 0.0, 0.0003791109847407829, 0.0003791109847407829, 0.0002843332385555871, 0.0009477774618519572, 0.001042555208037153, 0.00530755378637096, 0.009667330110889964, 0.019145104729409536, 0.03421476637285566, 0.04464031845322718, 0.06681831106056298, 0.07904464031845322, 0.18443749407639087, 0.17818216282816796, 0.19637949009572553, 0.08255141692730547, 0.03876409818974505, 0.03326698891100369, 0.012510662496445835, 0.004264998578333807, 0.005117998294000569, 0.0015164439389631316, 0.0004738887309259786, 0.0003791109847407829, 0.0, 0.0, 0.0, 0.0, 0.0], [0.0, 0.00011457378551787351, 0.0, 0.00045829514207149406, 0.0005728689275893675, 0.0010311640696608615, 0.0016040329972502293, 0.003895508707607699, 0.005957836846929423, 0.012030247479376718, 0.021654445462878095, 0.03643446379468378, 0.05442254812098992, 0.0748166819431714, 0.09624197983501374, 0.1332493125572869, 0.15582034830430797, 0.10895967002749771, 0.13645737855178736, 0.06152612282309808, 0.03402841429880843, 0.031966086159486706, 0.014780018331805683, 0.005957836846929423, 0.005499541704857928, 0.001374885426214482, 0.000687442713107241, 0.00045829514207149406, 0.0, 0.0, 0.0, 0.0, 0.0], [0.0, 0.0, 0.0, 0.0, 0.0003970880211780278, 0.00026472534745201854, 0.0010589013898080742, 0.001455989410986102, 0.004500330906684315, 0.007809397749834547, 0.015618795499669094, 0.025545996029119788, 0.039973527465254795, 0.06657842488418265, 0.0986101919258769, 0.12375909993381866, 0.1543348775645268, 0.09596293845135671, 0.17524818001323628, 0.060092653871608205, 0.03520847121111847, 0.04275314361350099, 0.01813368630046327, 0.007941760423560556, 0.01098610191925877, 0.004632693580410324, 0.004235605559232297, 0.0017207147584381204, 0.0011912640635340834, 0.0009265387160820648, 0.0010589013898080742, 0.0, 0.0], [0.0, 0.00019984012789768185, 0.00019984012789768185, 0.0003996802557953637, 0.001199040767386091, 0.0017985611510791368, 0.0037969624300559553, 0.008992805755395683, 0.01738609112709832, 0.027378097521982413, 0.04316546762589928, 0.0627498001598721, 0.0803357314148681, 0.10211830535571542, 0.1245003996802558, 0.11730615507593925, 0.14468425259792167, 0.07613908872901679, 0.1045163868904876, 0.027977617905675458, 0.018784972022382093, 0.01958433253397282, 0.0069944044764188645, 0.0025979216626698643, 0.004196642685851319, 0.001199040767386091, 0.001199040767386091, 0.0003996802557953637, 0.00019984012789768185, 0.0, 0.0, 0.0, 0.0], [0.0, 0.00033760972316002703, 0.0006752194463200541, 0.001012829169480081, 0.0027008777852802163, 0.0013504388926401081, 0.003038487508440243, 0.008777852802160702, 0.011816340310600946, 0.015530047265361242, 0.03072248480756246, 0.04388926401080351, 0.05806887238352464, 0.08068872383524646, 0.11478730587440918, 0.12592842673869006, 0.15665091154625252, 0.10634706279540851, 0.10567184334908845, 0.04287643484132343, 0.025320729237002026, 0.02160702228224173, 0.014854827819041188, 0.007765023632680621, 0.009453072248480757, 0.004726536124240378, 0.00337609723160027, 0.002025658338960162, 0.0, 0.0, 0.0, 0.0, 0.0], [0.00022650056625141563, 0.0, 0.0, 0.0, 0.00045300113250283127, 0.00045300113250283127, 0.001925254813137033, 0.00362400906002265, 0.0066817667044167615, 0.02140430351075878, 0.037938844847112116, 0.054699886749716875, 0.0767836919592299, 0.11177802944507362, 0.13873159682899208, 0.14156285390713477, 0.13295583238958097, 0.07757644394110985, 0.09093997734994337, 0.034088335220838054, 0.020951302378255945, 0.023556058890147225, 0.00928652321630804, 0.003963759909399773, 0.006455266138165346, 0.0015855039637599094, 0.001245753114382786, 0.0007927519818799547, 0.0, 0.0003397508493771234, 0.0, 0.0, 0.0], [0.0, 0.0, 0.0, 0.0002982848620432513, 0.00014914243102162565, 0.00014914243102162565, 0.0014914243102162564, 0.0011931394481730052, 0.006413124533929903, 0.012229679343773303, 0.02401193139448173, 0.029977628635346757, 0.05667412378821775, 0.08247576435495899, 0.10022371364653244, 0.1221476510067114, 0.14899328859060404, 0.09724086502609992, 0.13855331841909024, 0.05741983594332588, 0.03161819537658464, 0.03773303504847129, 0.015212527964205816, 0.008501118568232663, 0.012080536912751677, 0.005219985085756898, 0.005070842654735272, 0.0023862788963460104, 0.0011931394481730052, 0.0007457121551081282, 0.0005965697240865026, 0.0, 0.0], [0.0, 0.0, 0.0, 0.0, 0.000554836323284631, 0.0009247272054743851, 0.001664508969853893, 0.004438690586277048, 0.007212872202700203, 0.01719992602182356, 0.027556870723136676, 0.04216756056963196, 0.0667653042352506, 0.0884039208433512, 0.11559090068429813, 0.12909191788422417, 0.1446273349361938, 0.09358239319400777, 0.12687257259108564, 0.049750323654521915, 0.029776216016275198, 0.02422785278342889, 0.009987053819123359, 0.0036989088218975404, 0.006473090438320696, 0.001109672646569262, 0.0055483632328463105, 0.0012946180876641392, 0.0009247272054743851, 0.000554836323284631, 0.0, 0.0, 0.0], [0.00011114816049794375, 0.00011114816049794375, 0.0, 0.0, 0.00011114816049794375, 0.0010003334444814939, 0.0006668889629876625, 0.002334111370456819, 0.0028898521729465378, 0.0056685561853951315, 0.014560409025230632, 0.02189618761809492, 0.0365677448038235, 0.07180171168167167, 0.15660775814160274, 0.16438812937645883, 0.16872290763587863, 0.11059241969545404, 0.1201511614982772, 0.05301767255751917, 0.02812048460597977, 0.021451594976103147, 0.010225630765810826, 0.003223296654440369, 0.0034455929754362564, 0.001333777925975325, 0.0005557408024897188, 0.00033344448149383126, 0.00011114816049794375, 0.0, 0.0, 0.0, 0.0], [0.0, 0.0, 0.0, 0.00016742005692281934, 0.00016742005692281934, 0.0010045203415369162, 0.0015067805123053742, 0.002343880796919471, 0.006194542106144316, 0.009877783358446341, 0.02528042859534572, 0.03415369161225515, 0.06914448350912439, 0.09794073329984933, 0.1272392432613427, 0.14197220827055082, 0.15586807299514482, 0.10413527540599364, 0.10614431608906746, 0.04135275405993638, 0.026117528879959818, 0.019755566716892683, 0.009710363301523523, 0.005357441821530219, 0.00803616273229533, 0.0026787209107651095, 0.0025113008538422904, 0.0003348401138456387, 0.0008371002846140967, 0.0, 0.00016742005692281934, 0.0, 0.0], [0.0, 0.0, 0.0, 0.00017091095539224064, 0.0, 0.0006836438215689625, 0.0011963766877456845, 0.002392753375491369, 0.004614595795590497, 0.005981883438728423, 0.012818321654418048, 0.020338403691676638, 0.04255682789266792, 0.06084430011963767, 0.09058280635788754, 0.11809947017603828, 0.15501623654076227, 0.11092121004956418, 0.17330370876773202, 0.06733891642454282, 0.040676807383353275, 0.04306956075884464, 0.017774739360793025, 0.008203725858827551, 0.012134677832849085, 0.0076909929926508285, 0.002392753375491369, 0.0008545547769612033, 0.00017091095539224064, 0.00017091095539224064, 0.0, 0.0, 0.0], [0.0, 0.0, 0.00011296882060551288, 0.0, 0.00022593764121102577, 0.00033890646181653866, 0.00033890646181653866, 0.0012426570266606417, 0.0011296882060551287, 0.003953908721192951, 0.0070040668775417985, 0.02078626299141437, 0.06043831902394939, 0.09545865341165838, 0.11601897876186172, 0.1296882060551288, 0.15047446904654316, 0.09139177586985991, 0.15239493899683687, 0.049593312245820156, 0.03694080433800271, 0.03219611387257117, 0.01920469950293719, 0.00903750564844103, 0.013556258472661545, 0.0031631269769543608, 0.0035020334387708993, 0.0014685946678716674, 0.00022593764121102577, 0.00011296882060551288, 0.0, 0.0, 0.0], [0.0, 0.0, 8.847208705653367e-05, 0.0, 8.847208705653367e-05, 8.847208705653367e-05, 0.00017694417411306734, 0.0007962487835088029, 0.0017694417411306732, 0.004512076439883217, 0.0089356807927099, 0.01619039193134566, 0.02778023533575157, 0.0360081394320092, 0.05405644519154207, 0.05998407502432982, 0.1324427143236309, 0.15562240113244272, 0.25533044324515614, 0.09307263558347341, 0.053967973104485534, 0.05750685658674688, 0.014155533929045385, 0.006635406529240025, 0.011678315491462444, 0.004865964788109352, 0.0019463859152437405, 0.0009731929576218703, 0.0007077766964522694, 0.0006193046093957357, 0.0, 0.0, 0.0], [0.0, 0.0, 0.0, 0.00010793308148947653, 0.0005396654074473826, 0.0006475984889368592, 0.0012951969778737184, 0.002590393955747437, 0.005180787911494874, 0.009174311926605505, 0.016837560712358337, 0.03140852671343767, 0.05029681597409606, 0.07555315704263357, 0.1090124123043713, 0.135671883432272, 0.17323259579060982, 0.1126821370750135, 0.15477603885590935, 0.04943335132218025, 0.025580140313005935, 0.02914193200215866, 0.007879114948731787, 0.0035617916891527253, 0.002590393955747437, 0.0008634646519158122, 0.0009713977334052887, 0.0007555315704263357, 0.00021586616297895306, 0.0, 0.0, 0.0, 0.0], [0.0, 0.003424657534246575, 0.0, 0.003424657534246575, 0.00684931506849315, 0.017123287671232876, 0.023972602739726026, 0.03767123287671233, 0.09246575342465753, 0.04452054794520548, 0.0547945205479452, 0.06506849315068493, 0.07876712328767123, 0.13013698630136986, 0.11301369863013698, 0.10616438356164383, 0.08904109589041095, 0.0410958904109589, 0.03767123287671233, 0.017123287671232876, 0.010273972602739725, 0.010273972602739725, 0.003424657534246575, 0.0136986301369863, 0.0, 0.0, 0.0, 0.0, 0.0, 0.0, 0.0, 0.0, 0.0]]}, "ranks": {"labels": ["Unranked", "Combatatent I", "Combatatent II", "Challenger I", "Challenger II", "Rival I", "Rival II", "Duelist", "Elite"], "data": [[0.13272727272727272, 0.18363636363636363, 0.24363636363636362, 0.22727272727272727, 0.12181818181818181, 0.056363636363636366, 0.016363636363636365, 0.014545454545454545, 0.0036363636363636364], [0.05713457076566125, 0.09309744779582367, 0.1734338747099768, 0.2572505800464037, 0.23520881670533642, 0.13196055684454758, 0.029582366589327145, 0.016241299303944315, 0.006090487238979118], [0.00752651385562778, 0.013000342114266164, 0.03158855057589235, 0.0648876724826092, 0.31542935340403694, 0.3629832364009579, 0.08689702360588436, 0.08792336640437906, 0.02976394115634622], [0.015139879319802523, 0.02512342292923752, 0.05485463521667581, 0.0986286341195831, 0.20032912781130005, 0.35754251234229295, 0.11991223258365331, 0.1022490400438837, 0.026220515633571036], [0.16770186335403728, 0.15527950310559005, 0.2236024844720497, 0.19254658385093168, 0.09316770186335403, 0.11801242236024845, 0.024844720496894408, 0.024844720496894408, 0.0], [0.007521153243497336, 0.05317037501305756, 0.1409171628538598, 0.24401963856680248, 0.2609422333646715, 0.1626449388906299, 0.05431944009192521, 0.05881123994568056, 0.01765381802987569], [0.08484848484848485, 0.12031425364758698, 0.20718294051627384, 0.2388327721661055, 0.18518518518518517, 0.09023569023569024, 0.028282828282828285, 0.029180695847362513, 0.015937149270482603], [0.24471299093655588, 0.2537764350453172, 0.21450151057401812, 0.14501510574018128, 0.06646525679758308, 0.054380664652567974, 0.015105740181268883, 0.006042296072507553, 0.0], [0.032546459065796084, 0.06077348066298342, 0.09121044701155198, 0.2275238573581115, 0.2877950778503265, 0.15499748869914615, 0.058663987945755905, 0.06438975389251632, 0.022099447513812154], [0.013048635824436536, 0.028865164096480822, 0.057730328192961644, 0.132858837485172, 0.19019375247133255, 0.21312771846579676, 0.11308817714511665, 0.16132858837485173, 0.08975879794385132], [0.03434300341296928, 0.058233788395904436, 0.13139931740614336, 0.23037542662116042, 0.24658703071672355, 0.17022184300341298, 0.05802047781569966, 0.05396757679180887, 0.016851535836177475], [0.08217446270543616, 0.1389064475347661, 0.22329329962073324, 0.2550568900126422, 0.1722503160556258, 0.07221871049304678, 0.028128950695322376, 0.022756005056890013, 0.005214917825537294], [0.014444444444444444, 0.03333333333333333, 0.06234567901234568, 0.23185185185185186, 0.3228395061728395, 0.20506172839506173, 0.05901234567901235, 0.05592592592592593, 0.015185185185185185], [0.019077420006056323, 0.08418290097910568, 0.1650348238619158, 0.23781164832946403, 0.23882103563137175, 0.14575552639547795, 0.04956091652367013, 0.04582618350661149, 0.013929544766326839], [0.01508485229415462, 0.04190236748376283, 0.11753614079195475, 0.21579719254137858, 0.28284098051539913, 0.1862560234653258, 0.06851037083595223, 0.05593966059082338, 0.01613241148124869], [0.041140170437848955, 0.07846018219218337, 0.15956508962679988, 0.22215692036438436, 0.23273582133411697, 0.1295915368792242, 0.05583308845136644, 0.05642080517190714, 0.024096385542168676], [0.04560260586319218, 0.08631921824104234, 0.18200325732899023, 0.24185667752442996, 0.21905537459283386, 0.1366042345276873, 0.039291530944625404, 0.038070032573289905, 0.011197068403908795], [0.013125309559187717, 0.07020802377414562, 0.16703813769192669, 0.2563150074294205, 0.24616146607231304, 0.1618375433382863, 0.038509162951956416, 0.036404160475482915, 0.010401188707280832], [0.16666666666666666, 0.13636363636363635, 0.14393939393939395, 0.14393939393939395, 0.2196969696969697, 0.045454545454545456, 0.03787878787878788, 0.06060606060606061, 0.045454545454545456], [0.0086306704557415, 0.01831386169876855, 0.06209872644984738, 0.3124934217450795, 0.32165035259446373, 0.16040416798231766, 0.05536259341121987, 0.048521208293863805, 0.012524997368698032], [0.005222551928783382, 0.025281899109792286, 0.07928783382789317, 0.1855192878338279, 0.2891394658753709, 0.2197032640949555, 0.08664688427299704, 0.0827299703264095, 0.026468842729970327], [0.012267657992565056, 0.023884758364312267, 0.0887546468401487, 0.21905204460966543, 0.26691449814126395, 0.20845724907063198, 0.0812267657992565, 0.08085501858736059, 0.01858736059479554], [0.029548989113530325, 0.04510108864696734, 0.14307931570762053, 0.28304821150855364, 0.27682737169517885, 0.16640746500777606, 0.041990668740279936, 0.013996889580093312, 0.0], [0.00767590618336887, 0.020298507462686566, 0.04886993603411514, 0.12784648187633263, 0.32605543710021323, 0.27138592750533047, 0.08221748400852878, 0.09373134328358208, 0.02191897654584222], [0.00862477490285281, 0.028812434840299498, 0.07885508482608283, 0.1458629513790162, 0.36261965690455883, 0.24424225191924936, 0.07345275329352668, 0.05004264998578334, 0.007487441948630462], [0.025664527956003668, 0.05808890925756187, 0.12923923006416133, 0.22949129239230065, 0.2647800183318057, 0.17094408799266728, 0.06106782768102658, 0.052703941338221816, 0.008020164986251146], [0.015486432825943084, 0.04116479152878888, 0.10655195234943746, 0.22236929185969556, 0.2502978160158835, 0.20780939774983453, 0.06273990734612839, 0.06882859033752482, 0.02475181998676373], [0.06135091926458833, 0.10591526778577139, 0.18245403677058353, 0.24180655475619503, 0.22082334132693845, 0.1211031175059952, 0.03017585931254996, 0.029176658673061552, 0.007194244604316547], [0.04523970290344362, 0.07461174881836596, 0.1387575962187711, 0.24071573261309925, 0.26299797434166106, 0.1313301823092505, 0.042538825118163405, 0.044226873733963536, 0.019581363943281565], [0.0347678369195923, 0.09263873159682899, 0.18856172140430352, 0.28029445073612685, 0.21053227633069083, 0.11121177802944507, 0.0347678369195923, 0.03680634201585504, 0.010419026047565118], [0.02192393736017897, 0.053989560029828486, 0.13914988814317675, 0.22237136465324384, 0.24623415361670395, 0.17002237136465326, 0.057568978374347504, 0.06144668158090977, 0.027293064876957495], [0.03199556130941372, 0.06972443129276863, 0.1551692250786018, 0.24468281856852228, 0.23820972813020158, 0.15646384316626596, 0.04993526909561679, 0.037913815424449784, 0.015905307934159424], [0.012893186617761477, 0.03645659664332555, 0.10836945648549516, 0.3209958875180616, 0.2793153273313327, 0.1490496832277426, 0.052239635434033566, 0.03490052239635434, 0.0057797043458930756], [0.021262347229198057, 0.059434120207600874, 0.1670852168089737, 0.2692114515318935, 0.2600033484011385, 0.12958312405826217, 0.04403147497070149, 0.034823371839946424, 0.014565544952285283], [0.015040164074517177, 0.033156725346094686, 0.10340112801230558, 0.20868227653392582, 0.2659374465903264, 0.20714407793539566, 0.07417535464023244, 0.06904802597846522, 0.02341480088873697], [0.0073429733393583375, 0.027790329868956166, 0.15589697243560777, 0.2457071848169905, 0.24186624491640307, 0.18097605061003164, 0.05795300497062811, 0.06043831902394939, 0.02202892001807501], [0.007520127399805361, 0.02512607272405556, 0.06378837476776077, 0.1140405202158719, 0.2880651154560736, 0.3069981420861718, 0.09537290984694329, 0.07829779704503229, 0.02079094045828541], [0.019535887749595252, 0.04824608742579601, 0.12584997301672962, 0.24468429573664327, 0.2859147328656233, 0.18273070696168375, 0.047058823529411764, 0.040582838640043174, 0.005396654074473826], [0.22945205479452055, 0.11986301369863013, 0.2089041095890411, 0.2191780821917808, 0.13013698630136986, 0.04452054794520548, 0.02054794520547945, 0.0273972602739726, 0.0]]}, "ranksDetailed": {"labels": ["Unranked", "Combatatant", "Challenger", "Rival", "Duelist", "Elite"], "data": [[0.13272727272727272, 0.42727272727272725, 0.3490909090909091, 0.07272727272727272, 0.014545454545454545, 0.0036363636363636364], [0.05713457076566125, 0.26653132250580047, 0.49245939675174016, 0.16154292343387472, 0.016241299303944315, 0.006090487238979118], [0.00752651385562778, 0.04458889269015851, 0.3803170258866461, 0.4498802600068423, 0.08792336640437906, 0.02976394115634622], [0.015139879319802523, 0.07997805814591333, 0.29895776193088314, 0.47745474492594625, 0.1022490400438837, 0.026220515633571036], [0.16770186335403728, 0.37888198757763975, 0.2857142857142857, 0.14285714285714285, 0.024844720496894408, 0.0], [0.007521153243497336, 0.19408753786691738, 0.5049618719314739, 0.2169643789825551, 0.05881123994568056, 0.01765381802987569], [0.08484848484848485, 0.3274971941638608, 0.42401795735129066, 0.11851851851851852, 0.029180695847362513, 0.015937149270482603], [0.24471299093655588, 0.46827794561933533, 0.21148036253776434, 0.06948640483383686, 0.006042296072507553, 0.0], [0.032546459065796084, 0.15198392767453542, 0.515318935208438, 0.21366147664490207, 0.06438975389251632, 0.022099447513812154], [0.013048635824436536, 0.08659549228944247, 0.32305258995650454, 0.3262158956109134, 0.16132858837485173, 0.08975879794385132], [0.03434300341296928, 0.18963310580204779, 0.47696245733788395, 0.22824232081911264, 0.05396757679180887, 0.016851535836177475], [0.08217446270543616, 0.36219974715549935, 0.427307206068268, 0.10034766118836916, 0.022756005056890013, 0.005214917825537294], [0.014444444444444444, 0.09567901234567901, 0.5546913580246914, 0.26407407407407407, 0.05592592592592593, 0.015185185185185185], [0.019077420006056323, 0.2492177248410215, 0.47663268396083575, 0.19531644291914807, 0.04582618350661149, 0.013929544766326839], [0.01508485229415462, 0.15943850827571757, 0.4986381730567777, 0.254766394301278, 0.05593966059082338, 0.01613241148124869], [0.041140170437848955, 0.23802527181898325, 0.4548927416985013, 0.18542462533059065, 0.05642080517190714, 0.024096385542168676], [0.04560260586319218, 0.2683224755700326, 0.4609120521172638, 0.1758957654723127, 0.038070032573289905, 0.011197068403908795], [0.013125309559187717, 0.2372461614660723, 0.5024764735017335, 0.2003467062902427, 0.036404160475482915, 0.010401188707280832], [0.16666666666666666, 0.2803030303030303, 0.36363636363636365, 0.08333333333333333, 0.06060606060606061, 0.045454545454545456], [0.0086306704557415, 0.08041258814861593, 0.6341437743395432, 0.2157667613935375, 0.048521208293863805, 0.012524997368698032], [0.005222551928783382, 0.10456973293768546, 0.4746587537091988, 0.30635014836795255, 0.0827299703264095, 0.026468842729970327], [0.012267657992565056, 0.11263940520446096, 0.4859665427509294, 0.2896840148698885, 0.08085501858736059, 0.01858736059479554], [0.029548989113530325, 0.18818040435458788, 0.5598755832037325, 0.208398133748056, 0.013996889580093312, 0.0], [0.00767590618336887, 0.06916844349680171, 0.45390191897654586, 0.35360341151385927, 0.09373134328358208, 0.02191897654584222], [0.00862477490285281, 0.10766751966638233, 0.508482608283575, 0.31769500521277605, 0.05004264998578334, 0.007487441948630462], [0.025664527956003668, 0.18732813932172318, 0.49427131072410635, 0.23201191567369386, 0.052703941338221816, 0.008020164986251146], [0.015486432825943084, 0.14771674387822634, 0.4726671078755791, 0.2705493050959629, 0.06882859033752482, 0.02475181998676373], [0.06135091926458833, 0.2883693045563549, 0.4626298960831335, 0.15127897681854516, 0.029176658673061552, 0.007194244604316547], [0.04523970290344362, 0.21336934503713706, 0.5037137069547603, 0.1738690074274139, 0.044226873733963536, 0.019581363943281565], [0.0347678369195923, 0.2812004530011325, 0.4908267270668177, 0.14597961494903738, 0.03680634201585504, 0.010419026047565118], [0.02192393736017897, 0.1931394481730052, 0.4686055182699478, 0.22759134973900075, 0.06144668158090977, 0.027293064876957495], [0.03199556130941372, 0.22489365637137046, 0.4828925466987239, 0.20639911226188273, 0.037913815424449784, 0.015905307934159424], [0.012893186617761477, 0.14482605312882071, 0.6003112148493942, 0.20128931866177616, 0.03490052239635434, 0.0057797043458930756], [0.021262347229198057, 0.2265193370165746, 0.529214799933032, 0.17361459902896367, 0.034823371839946424, 0.014565544952285283], [0.015040164074517177, 0.13655785335840026, 0.47461972312425227, 0.2813194325756281, 0.06904802597846522, 0.02341480088873697], [0.0073429733393583375, 0.18368730230456395, 0.48757342973339357, 0.23892905558065974, 0.06043831902394939, 0.02202892001807501], [0.007520127399805361, 0.08891444749181633, 0.4021056356719455, 0.4023710519331151, 0.07829779704503229, 0.02079094045828541], [0.019535887749595252, 0.17409606044252562, 0.5305990286022666, 0.22978953049109552, 0.040582838640043174, 0.005396654074473826], [0.22945205479452055, 0.3287671232876712, 0.3493150684931507, 0.06506849315068493, 0.0273972602739726, 0.0]]}}}, "eu": {"histType": {"histogram": {"labels": ["0", "100", "200", "300", "400", "500", "600", "700", "800", "900", "1000", "1100", "1200", "1300", "1400", "1500", "1600", "1700", "1800", "1900", "2000", "2100", "2200", "2300", "2400", "2500", "2600", "2700", "2800", "2900", "3000", "3100", "3200"], "data": [[0.0, 0.0, 0.002352941176470588, 0.0, 0.0, 0.004705882352941176, 0.011764705882352941, 0.02588235294117647, 0.06588235294117648, 0.06823529411764706, 0.06352941176470588, 0.10352941176470588, 0.08470588235294117, 0.13176470588235295, 0.13176470588235295, 0.11764705882352941, 0.06588235294117648, 0.047058823529411764, 0.03294117647058824, 0.018823529411764704, 0.01647058823529412, 0.004705882352941176, 0.002352941176470588, 0.0, 0.0, 0.0, 0.0, 0.0, 0.0, 0.0, 0.0, 0.0, 0.0], [0.0003179650238473768, 0.0, 0.0006359300476947536, 0.0009538950715421304, 0.001589825119236884, 0.0038155802861685214, 0.006359300476947536, 0.00985691573926868, 0.01875993640699523, 0.032114467408585055, 0.04451510333863275, 0.061685214626391094, 0.08203497615262322, 0.1055643879173291, 0.12941176470588237, 0.13227344992050874, 0.14149443561208266, 0.06868044515103339, 0.09602543720190779, 0.02702702702702703, 0.014626391096979332, 0.010492845786963434, 0.005087440381558029, 0.0025437201907790143, 0.003179650238473768, 0.0003179650238473768, 0.0006359300476947536, 0.0, 0.0, 0.0, 0.0, 0.0, 0.0], [0.0, 0.0, 0.0, 0.00011507479861910241, 0.00011507479861910241, 0.00011507479861910241, 0.0, 0.000805523590333717, 0.001956271576524741, 0.002531645569620253, 0.005638665132336018, 0.009321058688147296, 0.012658227848101266, 0.015880322209436134, 0.025776754890678943, 0.07042577675489067, 0.21875719217491368, 0.13647871116225546, 0.27974683544303797, 0.07502876869965477, 0.04787111622554661, 0.05143843498273878, 0.016340621403912542, 0.007364787111622554, 0.011622554660529343, 0.005293440736478711, 0.002761795166858458, 0.0014959723820483315, 0.00023014959723820482, 0.00023014959723820482, 0.0, 0.0, 0.0], [0.0, 0.0, 0.0, 0.00010549636037556704, 0.00010549636037556704, 0.00021099272075113408, 0.0007384745226289693, 0.0020044308471357736, 0.002426416288638042, 0.0058022998206561874, 0.011604599641312375, 0.01740689946196856, 0.021204768435488977, 0.027534550058022998, 0.043675493195484756, 0.0557020782782994, 0.08165418293068889, 0.14716742272391603, 0.27661145690473676, 0.11425255828673911, 0.06646270703660724, 0.0665682033969828, 0.020888279354362275, 0.01107711783943454, 0.016246439497837325, 0.004747336216900517, 0.003164890811267011, 0.0021099272075113407, 0.00031648908112670115, 0.00021099272075113408, 0.0, 0.0, 0.0], [0.0, 0.0, 0.0, 0.0, 0.0, 0.02040816326530612, 0.04081632653061224, 0.047619047619047616, 0.061224489795918366, 0.06802721088435375, 0.061224489795918366, 0.09523809523809523, 0.06802721088435375, 0.08163265306122448, 0.05442176870748299, 0.1292517006802721, 0.02040816326530612, 0.09523809523809523, 0.047619047619047616, 0.04081632653061224, 0.034013605442176874, 0.006802721088435374, 0.0, 0.006802721088435374, 0.02040816326530612, 0.0, 0.0, 0.0, 0.0, 0.0, 0.0, 0.0, 0.0], [0.0, 0.00010503098414032139, 0.00010503098414032139, 0.00021006196828064278, 0.0003150929524209642, 0.00010503098414032139, 0.00021006196828064278, 0.0011553408255435354, 0.0029408675559289992, 0.014074151874803067, 0.02478731225711585, 0.03802121625879634, 0.05587648356265098, 0.07772292826383784, 0.11133284318874068, 0.12551202604768408, 0.14693834681230963, 0.10335048839407625, 0.1354899695410146, 0.0529356160067219