{"region": {"us": {"histType": {"histogram": {"labels": ["0", "100", "200", "300", "400", "500", "600", "700", "800", "900", "1000", "1100", "1200", "1300", "1400", "1500", "1600", "1700", "1800", "1900", "2000", "2100", "2200", "2300", "2400", "2500", "2600", "2700", "2800", "2900", "3000", "3100"], "data": [[0.0, 0.0, 0.02247191011235955, 0.011235955056179775, 0.0, 0.011235955056179775, 0.02247191011235955, 0.02247191011235955, 0.07865168539325842, 0.07865168539325842, 0.07865168539325842, 0.11235955056179775, 0.06741573033707865, 0.1797752808988764, 0.12359550561797752, 0.056179775280898875, 0.02247191011235955, 0.0449438202247191, 0.056179775280898875, 0.011235955056179775, 0.0, 0.0, 0.0, 0.0, 0.0, 0.0, 0.0, 0.0, 0.0, 0.0, 0.0, 0.0], [0.0, 0.00196078431372549, 0.0, 0.000980392156862745, 0.000980392156862745, 0.0, 0.0029411764705882353, 0.018627450980392157, 0.018627450980392157, 0.03529411764705882, 0.05784313725490196, 0.07254901960784314, 0.11078431372549019, 0.11666666666666667, 0.15490196078431373, 0.09607843137254903, 0.11372549019607843, 0.061764705882352944, 0.07549019607843137, 0.018627450980392157, 0.013725490196078431, 0.016666666666666666, 0.00784313725490196, 0.0029411764705882353, 0.000980392156862745, 0.0, 0.0, 0.0, 0.0, 0.0, 0.0, 0.0], [0.0, 0.0, 0.0, 0.0009442870632672333, 0.00047214353163361664, 0.00047214353163361664, 0.0018885741265344666, 0.003777148253068933, 0.014164305949008499, 0.01935788479697828, 0.026912181303116147, 0.05004721435316336, 0.07837582625118036, 0.11048158640226628, 0.1336166194523135, 0.1274787535410765, 0.14730878186968838, 0.07979225684608121, 0.11803588290840415, 0.032577903682719546, 0.01794145420207743, 0.021246458923512748, 0.008026440037771483, 0.002360717658168083, 0.003777148253068933, 0.0009442870632672333, 0.0, 0.0, 0.0, 0.0, 0.0, 0.0], [0.0, 0.00026497085320614734, 0.0, 0.0, 0.00026497085320614734, 0.000794912559618442, 0.003444621091679915, 0.005564387917329093, 0.01377848436671966, 0.025172231054583997, 0.038950715421303655, 0.04133545310015898, 0.07578166401695813, 0.0945945945945946, 0.1287758346581876, 0.12453630100688924, 0.1523582405935347, 0.09803921568627451, 0.10121886592474828, 0.04080551139374669, 0.016428192898781134, 0.023317435082140965, 0.006359300476947536, 0.003179650238473768, 0.003444621091679915, 0.001589825119236884, 0.0, 0.0, 0.0, 0.0, 0.0, 0.0], [0.0, 0.0, 0.0, 0.0, 0.0, 0.029411764705882353, 0.0, 0.08823529411764706, 0.11764705882352941, 0.058823529411764705, 0.029411764705882353, 0.11764705882352941, 0.029411764705882353, 0.11764705882352941, 0.0, 0.0, 0.058823529411764705, 0.029411764705882353, 0.058823529411764705, 0.08823529411764706, 0.08823529411764706, 0.058823529411764705, 0.0, 0.029411764705882353, 0.0, 0.0, 0.0, 0.0, 0.0, 0.0, 0.0, 0.0], [0.0, 0.0, 0.00022143489813994686, 0.0, 0.0, 0.0, 0.0006643046944198405, 0.0037643932683790967, 0.005535872453498672, 0.015279007971656332, 0.024800708591674048, 0.03720106288751107, 0.06886625332152348, 0.09344552701505757, 0.11713906111603188, 0.1237821080602303, 0.14813994685562445, 0.09743135518157661, 0.10695305580159434, 0.05137289636846767, 0.02745792736935341, 0.04074402125775022, 0.017493356953055803, 0.006421612046058458, 0.00841452612931798, 0.003985828166519044, 0.0006643046944198405, 0.00022143489813994686, 0.0, 0.0, 0.0, 0.0], [0.0, 0.0, 0.0, 0.0012755102040816326, 0.0, 0.001913265306122449, 0.003826530612244898, 0.011479591836734694, 0.024872448979591837, 0.036989795918367346, 0.05994897959183673, 0.08035714285714286, 0.11096938775510204, 0.13839285714285715, 0.12691326530612246, 0.10012755102040816, 0.09247448979591837, 0.06568877551020408, 0.051658163265306124, 0.02806122448979592, 0.01594387755102041, 0.015306122448979591, 0.013392857142857142, 0.008290816326530613, 0.008290816326530613, 0.0012755102040816326, 0.002551020408163265, 0.0, 0.0, 0.0, 0.0, 0.0], [0.0, 0.0, 0.011627906976744186, 0.011627906976744186, 0.011627906976744186, 0.0, 0.023255813953488372, 0.12790697674418605, 0.13953488372093023, 0.13953488372093023, 0.11627906976744186, 0.11627906976744186, 0.10465116279069768, 0.05813953488372093, 0.06976744186046512, 0.011627906976744186, 0.011627906976744186, 0.03488372093023256, 0.011627906976744186, 0.0, 0.0, 0.0, 0.0, 0.0, 0.0, 0.0, 0.0, 0.0, 0.0, 0.0, 0.0, 0.0], [0.0006808896958692692, 0.00022696323195642307, 0.0009078529278256923, 0.0006808896958692692, 0.0024965955515206537, 0.003404448479346346, 0.006808896958692692, 0.013617793917385384, 0.027008624602814345, 0.05674080798910577, 0.07512482977757604, 0.09691330004539264, 0.11915569677712211, 0.12732637312755335, 0.11960962324103495, 0.08896958692691784, 0.08079891057648661, 0.04675442578302315, 0.05061280072628234, 0.027689514298683614, 0.01997276441216523, 0.018157058556513846, 0.009759418974126192, 0.0040853381752156154, 0.0015887426236949613, 0.0006808896958692692, 0.00022696323195642307, 0.0, 0.0, 0.0, 0.0, 0.0], [0.0, 0.0, 0.0, 0.0, 0.0010964912280701754, 0.0010964912280701754, 0.005482456140350877, 0.004934210526315789, 0.01425438596491228, 0.023026315789473683, 0.03618421052631579, 0.05646929824561404, 0.07785087719298246, 0.11513157894736842, 0.12390350877192982, 0.13103070175438597, 0.16447368421052633, 0.07236842105263158, 0.08607456140350878, 0.03453947368421053, 0.014802631578947368, 0.019736842105263157, 0.00932017543859649, 0.0043859649122807015, 0.003289473684210526, 0.0005482456140350877, 0.0, 0.0, 0.0, 0.0, 0.0, 0.0], [0.00034352456200618345, 0.0, 0.00034352456200618345, 0.0006870491240123669, 0.0017176228100309172, 0.003091721058055651, 0.007214015802129852, 0.00996221229817932, 0.01992442459635864, 0.039505324630711096, 0.08381999312950876, 0.08862933699759533, 0.1140501545860529, 0.11782892476812092, 0.13740982480247338, 0.10477499141188595, 0.09034695980762625, 0.05496392992098935, 0.054620405358983166, 0.025420817588457576, 0.01683270353830299, 0.012710408794228788, 0.007557540364136035, 0.0048093438680865686, 0.0027481964960494676, 0.0006870491240123669, 0.0, 0.0, 0.0, 0.0, 0.0, 0.0], [0.0, 0.0, 0.0, 0.0, 0.000617093489663684, 0.0009256402344955261, 0.003394014193150262, 0.005862388151804999, 0.012958963282937365, 0.0212897253933971, 0.03486578216599815, 0.054612773835236036, 0.07744523295279235, 0.09719222462203024, 0.13699475470533787, 0.12465288491206418, 0.15303918543659364, 0.08269052761493366, 0.09657513113236656, 0.03949398333847578, 0.016970070965751313, 0.022215365627892624, 0.009564949089787103, 0.004319654427645789, 0.004011107682813947, 0.000308546744831842, 0.0, 0.0, 0.0, 0.0, 0.0, 0.0], [0.0, 0.0, 0.0, 0.0006178560395427865, 0.0006178560395427865, 0.0015446400988569664, 0.0030892801977139327, 0.006178560395427865, 0.013901760889712697, 0.04170528266913809, 0.06085881989496447, 0.07043558850787766, 0.10040160642570281, 0.13098548038307076, 0.13747296879827, 0.1192462156317578, 0.11646586345381527, 0.06147667593450726, 0.06827309236947791, 0.02625888168056843, 0.014828544949026877, 0.01421068890948409, 0.004016064257028112, 0.0018535681186283596, 0.004324992276799506, 0.001235712079085573, 0.0, 0.0, 0.0, 0.0, 0.0, 0.0], [0.0, 0.0, 0.0, 0.0, 0.0, 0.0, 0.00048262548262548264, 0.0014478764478764478, 0.0028957528957528956, 0.005791505791505791, 0.022683397683397683, 0.03088803088803089, 0.05501930501930502, 0.08397683397683398, 0.11148648648648649, 0.12886100386100385, 0.17277992277992277, 0.10521235521235521, 0.12451737451737452, 0.057432432432432436, 0.03667953667953668, 0.03185328185328185, 0.013030888030888031, 0.006756756756756757, 0.005791505791505791, 0.002413127413127413, 0.0, 0.0, 0.0, 0.0, 0.0, 0.0], [0.0, 0.0, 0.0, 0.0, 0.0018867924528301887, 0.0, 0.0, 0.007547169811320755, 0.020754716981132074, 0.033962264150943396, 0.05471698113207547, 0.10754716981132076, 0.1169811320754717, 0.12452830188679245, 0.08867924528301886, 0.10377358490566038, 0.1, 0.06792452830188679, 0.05660377358490566, 0.03773584905660377, 0.033962264150943396, 0.009433962264150943, 0.013207547169811321, 0.007547169811320755, 0.011320754716981131, 0.0018867924528301887, 0.0, 0.0, 0.0, 0.0, 0.0, 0.0], [0.0003979307600477517, 0.0, 0.0003979307600477517, 0.0, 0.0007958615200955034, 0.0003979307600477517, 0.0019896538002387586, 0.006366892160764027, 0.011142061281337047, 0.019498607242339833, 0.035813768404297654, 0.048547552725825706, 0.09112614405093514, 0.1070433744528452, 0.14723438121766813, 0.12892956625547156, 0.12733784321528055, 0.08794269797055312, 0.08794269797055312, 0.03780342220453641, 0.017906884202148827, 0.023079984082769598, 0.00915240748109829, 0.002785515320334262, 0.003581376840429765, 0.002785515320334262, 0.0, 0.0, 0.0, 0.0, 0.0, 0.0], [0.0, 0.0, 0.0, 0.0, 0.0020130850528434826, 0.0010065425264217413, 0.0035228988424760945, 0.00805234021137393, 0.017111222949169603, 0.0291897332662305, 0.06139909411172622, 0.0754906894816306, 0.10216406643180674, 0.13537996980372421, 0.13638651233014595, 0.10920986411675894, 0.12380473074987418, 0.06290890790135883, 0.07851031706089583, 0.0206341217916457, 0.00805234021137393, 0.01459486663311525, 0.0050327126321087065, 0.0020130850528434826, 0.0020130850528434826, 0.0010065425264217413, 0.0005032712632108706, 0.0, 0.0, 0.0, 0.0, 0.0], [0.0, 0.0, 0.0, 0.0, 0.0, 0.0, 0.0, 0.0, 0.045454545454545456, 0.13636363636363635, 0.09090909090909091, 0.13636363636363635, 0.09090909090909091, 0.09090909090909091, 0.09090909090909091, 0.045454545454545456, 0.09090909090909091, 0.045454545454545456, 0.045454545454545456, 0.0, 0.045454545454545456, 0.045454545454545456, 0.0, 0.0, 0.0, 0.0, 0.0, 0.0, 0.0, 0.0, 0.0, 0.0], [0.000203210729526519, 0.000203210729526519, 0.000406421459053038, 0.000203210729526519, 0.000203210729526519, 0.0, 0.000609632188579557, 0.001828896565738671, 0.006705954074375127, 0.010770168664905507, 0.02418207681365576, 0.03657793131477342, 0.06340174761227393, 0.08677098150782361, 0.11298516561674457, 0.1251778093883357, 0.1477342003657793, 0.09977646819752083, 0.10668563300142248, 0.06441780125990652, 0.03474903474903475, 0.04673846779109937, 0.017069701280227598, 0.006909164803901646, 0.005080268238162975, 0.000609632188579557, 0.0, 0.0, 0.0, 0.0, 0.0, 0.0], [0.0, 0.0, 0.0, 0.0005605381165919282, 0.0, 0.0, 0.004484304932735426, 0.0016816143497757848, 0.005044843049327354, 0.0072869955156950675, 0.0257847533632287, 0.03755605381165919, 0.06670403587443946, 0.08408071748878924, 0.12556053811659193, 0.12556053811659193, 0.15582959641255606, 0.09697309417040359, 0.11939461883408072, 0.04540358744394619, 0.02242152466367713, 0.03643497757847534, 0.010650224215246636, 0.013452914798206279, 0.010650224215246636, 0.004484304932735426, 0.0, 0.0, 0.0, 0.0, 0.0, 0.0], [0.000727802037845706, 0.000363901018922853, 0.000363901018922853, 0.000727802037845706, 0.002547307132459971, 0.00363901018922853, 0.002911208151382824, 0.011280931586608443, 0.020014556040756915, 0.033114992721979625, 0.06477438136826782, 0.0906113537117904, 0.10407569141193596, 0.14228529839883552, 0.13828238719068414, 0.11754002911208151, 0.10334788937409024, 0.05312954876273653, 0.057132459970887915, 0.018558951965065504, 0.01564774381368268, 0.012372634643377001, 0.005094614264919942, 0.000727802037845706, 0.000727802037845706, 0.0, 0.0, 0.0, 0.0, 0.0, 0.0, 0.0], [0.0, 0.0, 0.0, 0.0, 0.0, 0.0033444816053511705, 0.0, 0.0033444816053511705, 0.013377926421404682, 0.010033444816053512, 0.010033444816053512, 0.04013377926421405, 0.0802675585284281, 0.16387959866220736, 0.16387959866220736, 0.13712374581939799, 0.18394648829431437, 0.09698996655518395, 0.05351170568561873, 0.033444816053511704, 0.006688963210702341, 0.0, 0.0, 0.0, 0.0, 0.0, 0.0, 0.0, 0.0, 0.0, 0.0, 0.0], [0.0, 0.0, 0.00015062509414068384, 0.00015062509414068384, 0.00015062509414068384, 0.00015062509414068384, 0.00045187528242205153, 0.0015062509414068383, 0.00391625244765778, 0.012501882813676759, 0.019882512426570267, 0.03554752221720139, 0.06371441482150926, 0.07998192498870312, 0.12833258020786262, 0.12622382888989306, 0.16327760204850128, 0.09203193251995782, 0.137219460762163, 0.05256815785509866, 0.02319626449766531, 0.03434252146407592, 0.011296882060551287, 0.004820003012501883, 0.006627504142190089, 0.0018075011296882061, 0.00015062509414068384, 0.0, 0.0, 0.0, 0.0, 0.0], [0.0, 0.00011893434823977165, 0.0002378686964795433, 0.0, 0.0005946717411988582, 0.0008325404376784015, 0.0004757373929590866, 0.0019029495718363464, 0.002378686964795433, 0.010585156993339676, 0.017721217887725977, 0.039961941008563276, 0.07326355851569934, 0.1137012369172217, 0.14950047573739295, 0.16091817316841103, 0.16377259752616555, 0.0914605137963844, 0.09443387250237868, 0.03924833491912464, 0.01974310180780209, 0.012844909609895337, 0.004043767840152236, 0.0015461465271170314, 0.0007136060894386299, 0.0, 0.0, 0.0, 0.0, 0.0, 0.0, 0.0], [0.0, 0.0, 0.0, 0.0, 0.0, 0.001549186676994578, 0.001549186676994578, 0.0034856700232378003, 0.010844306738962044, 0.019364833462432222, 0.03640588690937258, 0.05731990704879938, 0.09140201394268009, 0.10883036405886909, 0.121998450813323, 0.1192873741285825, 0.1297443841982959, 0.09527498063516654, 0.08326878388845856, 0.048799380325329204, 0.027885360185902403, 0.023237800154918668, 0.013168086754453912, 0.0034856700232378003, 0.003098373353989156, 0.0, 0.0, 0.0, 0.0, 0.0, 0.0, 0.0], [0.0, 0.00027247956403269756, 0.0, 0.0, 0.0005449591280653951, 0.0, 0.0008174386920980927, 0.0008174386920980927, 0.0038147138964577656, 0.006267029972752043, 0.01880108991825613, 0.02670299727520436, 0.046866485013623976, 0.07983651226158038, 0.1108991825613079, 0.12670299727520437, 0.15858310626702998, 0.08528610354223433, 0.144141689373297, 0.058310626702997276, 0.038692098092643054, 0.04250681198910082, 0.021525885558583105, 0.013079019073569483, 0.008174386920980926, 0.005994550408719346, 0.0013623978201634877, 0.0, 0.0, 0.0, 0.0, 0.0], [0.0, 0.0009478672985781991, 0.0009478672985781991, 0.0018957345971563982, 0.002843601895734597, 0.002843601895734597, 0.004739336492890996, 0.012322274881516588, 0.03886255924170616, 0.05118483412322275, 0.06919431279620854, 0.0995260663507109, 0.0976303317535545, 0.12417061611374408, 0.12796208530805686, 0.10426540284360189, 0.0881516587677725, 0.05023696682464455, 0.06445497630331753, 0.023696682464454975, 0.011374407582938388, 0.018957345971563982, 0.0018957345971563982, 0.0, 0.0018957345971563982, 0.0, 0.0, 0.0, 0.0, 0.0, 0.0, 0.0], [0.0, 0.0, 0.0, 0.0, 0.0, 0.0, 0.01098901098901099, 0.03296703296703297, 0.06593406593406594, 0.06593406593406594, 0.09523809523809523, 0.09523809523809523, 0.07692307692307693, 0.11721611721611722, 0.10989010989010989, 0.11721611721611722, 0.08791208791208792, 0.04395604395604396, 0.054945054945054944, 0.014652014652014652, 0.0, 0.007326007326007326, 0.0, 0.0, 0.003663003663003663, 0.0, 0.0, 0.0, 0.0, 0.0, 0.0, 0.0], [0.000860832137733142, 0.0, 0.0, 0.0, 0.0011477761836441894, 0.0020086083213773313, 0.0054519368723099, 0.010043041606886656, 0.016929698708751793, 0.02783357245337159, 0.049641319942611194, 0.07489239598278336, 0.10100430416068866, 0.12395982783357246, 0.14576757532281207, 0.11707317073170732, 0.11649928263988522, 0.061119081779053085, 0.07001434720229555, 0.027259684361549498, 0.01291248206599713, 0.02266857962697274, 0.006025824964131995, 0.0031563845050215206, 0.002582496413199426, 0.000860832137733142, 0.00028694404591104734, 0.0, 0.0, 0.0, 0.0, 0.0], [0.0, 0.0, 0.0, 0.0, 0.0, 0.0005488474204171241, 0.0021953896816684962, 0.0027442371020856204, 0.0038419319429198683, 0.019758507135016465, 0.027442371020856202, 0.04226125137211855, 0.06037321624588365, 0.08562019758507135, 0.1141602634467618, 0.12349066959385291, 0.145993413830955, 0.08726673984632272, 0.10812294182217344, 0.049945115257958285, 0.029637760702524697, 0.03951701427003293, 0.020856201975850714, 0.010428100987925357, 0.021405049396267837, 0.0043907793633369925, 0.0, 0.0, 0.0, 0.0, 0.0, 0.0], [0.0, 0.0, 0.0, 0.0, 0.00040048057669203043, 0.0, 0.0012014417300760913, 0.002002402883460152, 0.005206247496996396, 0.013215859030837005, 0.023628354024829795, 0.03844613536243492, 0.06367641169403283, 0.11413696435722867, 0.13896676011213457, 0.13616339607529035, 0.14257108530236284, 0.07929515418502203, 0.1065278334000801, 0.052062474969963954, 0.029635562675210253, 0.02803364036844213, 0.014016820184221065, 0.004004805766920304, 0.004004805766920304, 0.002803364036844213, 0.0, 0.0, 0.0, 0.0, 0.0, 0.0], [0.000225377507324769, 0.0, 0.000225377507324769, 0.000450755014649538, 0.000450755014649538, 0.0031552851025467656, 0.0024791525805724587, 0.00450755014649538, 0.009465855307640297, 0.02186161821050259, 0.0457516339869281, 0.05769664187514086, 0.09578544061302682, 0.1228307414919991, 0.12869055668244309, 0.1271129141311697, 0.13094433175569078, 0.08406581023213883, 0.07369844489519946, 0.036285778679287804, 0.023439260761775976, 0.016227180527383367, 0.010818120351588911, 0.002929907595221997, 0.000901510029299076, 0.0, 0.0, 0.0, 0.0, 0.0, 0.0, 0.0], [0.0, 0.0, 0.0, 0.0, 0.0006605019815059445, 0.0, 0.0, 0.001321003963011889, 0.00726552179656539, 0.01453104359313078, 0.034346103038309116, 0.047556142668428, 0.08982826948480846, 0.1083223249669749, 0.12813738441215325, 0.14464993394980186, 0.13210039630118892, 0.09577278731836196, 0.06803170409511229, 0.046235138705416116, 0.03038309114927345, 0.02906208718626156, 0.009907529722589167, 0.0033025099075297227, 0.0066050198150594455, 0.0019815059445178335, 0.0, 0.0, 0.0, 0.0, 0.0, 0.0], [0.0, 0.0, 0.0, 0.0, 0.0, 0.0008517887563884157, 0.0008517887563884157, 0.0017035775127768314, 0.0038330494037478705, 0.005110732538330494, 0.011073253833049404, 0.023424190800681432, 0.03705281090289608, 0.059625212947189095, 0.0924190800681431, 0.1141396933560477, 0.15374787052810904, 0.09540034071550256, 0.14267461669505963, 0.0821976149914821, 0.04514480408858603, 0.06601362862010221, 0.030238500851788756, 0.013628620102214651, 0.01575809199318569, 0.004258943781942078, 0.0008517887563884157, 0.0, 0.0, 0.0, 0.0, 0.0], [0.0, 0.0, 0.0, 0.0, 0.00023250406882120437, 0.0, 0.0006975122064636131, 0.003022552894675657, 0.003952569169960474, 0.010927691234596606, 0.020460358056265986, 0.045105789351313645, 0.07788886305510347, 0.1174145547547082, 0.13624738432922576, 0.12345966054405952, 0.13020227853987446, 0.0855614973262032, 0.10741687979539642, 0.04859335038363171, 0.028365496396186934, 0.032783073703789814, 0.016042780748663103, 0.0041850732387816785, 0.006510113926993723, 0.0009300162752848175, 0.0, 0.0, 0.0, 0.0, 0.0, 0.0], [0.0, 0.0, 0.00017158544955387783, 0.0, 0.0, 0.00017158544955387783, 0.0006863417982155113, 0.002059025394646534, 0.0046328071379547016, 0.012868908716540837, 0.027282086479066575, 0.04924502402196294, 0.08785175017158545, 0.12131091283459162, 0.15923129718599863, 0.14275909402882636, 0.1369251887439945, 0.06914893617021277, 0.09437199725463281, 0.03345916266300618, 0.01990391214824983, 0.021619766643788608, 0.007035003431708991, 0.004118050789293068, 0.0030885380919698007, 0.002059025394646534, 0.0, 0.0, 0.0, 0.0, 0.0, 0.0], [0.0, 0.0, 0.0, 0.0, 0.0, 0.00019809825673534074, 0.0009904912836767037, 0.0013866877971473852, 0.004754358161648178, 0.010499207606973059, 0.017432646592709985, 0.03922345483359747, 0.06675911251980983, 0.1099445324881141, 0.14025356576862125, 0.15689381933438987, 0.16561014263074486, 0.08597464342313788, 0.11133122028526149, 0.03526148969889065, 0.020800316957210775, 0.021790808240887482, 0.005150554675118859, 0.0013866877971473852, 0.0035657686212361333, 0.000792393026941363, 0.0, 0.0, 0.0, 0.0, 0.0, 0.0], [0.0, 0.014285714285714285, 0.0, 0.0, 0.0, 0.04285714285714286, 0.04285714285714286, 0.07142857142857142, 0.14285714285714285, 0.08571428571428572, 0.1, 0.02857142857142857, 0.07142857142857142, 0.04285714285714286, 0.08571428571428572, 0.07142857142857142, 0.02857142857142857, 0.1, 0.05714285714285714, 0.0, 0.014285714285714285, 0.0, 0.0, 0.0, 0.0, 0.0, 0.0, 0.0, 0.0, 0.0, 0.0, 0.0]]}, "ranks": {"labels": ["Unranked", "Combatatent I", "Combatatent II", "Challenger I", "Challenger II", "Rival I", "Rival II", "Duelist", "Elite"], "data": [[0.24719101123595505, 0.19101123595505617, 0.24719101123595505, 0.1797752808988764, 0.06741573033707865, 0.06741573033707865, 0.0, 0.0, 0.0], [0.07941176470588235, 0.1303921568627451, 0.22745098039215686, 0.25098039215686274, 0.17549019607843136, 0.08627450980392157, 0.021568627450980392, 0.027450980392156862, 0.000980392156862745], [0.04107648725212465, 0.0769593956562795, 0.18885741265344666, 0.26109537299339, 0.2271010387157696, 0.1388101983002833, 0.029745042492917848, 0.03163361661945231, 0.004721435316336166], [0.0492845786963434, 0.08028616852146264, 0.17037625861155273, 0.2533121356650768, 0.2503974562798092, 0.12453630100688924, 0.03391626921038686, 0.03285638579756227, 0.005034446210916799], [0.29411764705882354, 0.14705882352941177, 0.14705882352941177, 0.0, 0.08823529411764706, 0.11764705882352941, 0.11764705882352941, 0.08823529411764706, 0.0], [0.02546501328609389, 0.06200177147918512, 0.16231178033658106, 0.2409211691762622, 0.24557130203720107, 0.1355181576616475, 0.050265721877767934, 0.06465899025686449, 0.013286093888396812], [0.08035714285714286, 0.14030612244897958, 0.2493622448979592, 0.22704081632653061, 0.15816326530612246, 0.06696428571428571, 0.028698979591836735, 0.036989795918367346, 0.01211734693877551], [0.46511627906976744, 0.23255813953488372, 0.16279069767441862, 0.08139534883720931, 0.046511627906976744, 0.011627906976744186, 0.0, 0.0, 0.0], [0.11257376305038584, 0.17203812982296868, 0.24648206990467544, 0.2085792101679528, 0.12755333635950977, 0.06536541080344985, 0.03290966863368135, 0.032001815705855655, 0.0024965955515206537], [0.049890350877192985, 0.09265350877192982, 0.19298245614035087, 0.25493421052631576, 0.23684210526315788, 0.10471491228070176, 0.03070175438596491, 0.03344298245614035, 0.003837719298245614], [0.0827894194434902, 0.1724493301271041, 0.23187907935417382, 0.24218481621435933, 0.14531088972861558, 0.06904843696324287, 0.02782548952250086, 0.02507729302645139, 0.0034352456200618343], [0.04504782474544894, 0.08947855600123418, 0.17463745757482257, 0.26164763961740206, 0.23572971305152732, 0.1203332304844184, 0.03270595495217526, 0.03609996914532552, 0.004319654427645789], [0.06765523632993513, 0.13129440840284215, 0.23138708680877357, 0.2567191844300278, 0.17794253938832252, 0.08124806919987643, 0.028112449799196786, 0.020080321285140562, 0.005560704355885079], [0.010617760617760617, 0.05357142857142857, 0.138996138996139, 0.24034749034749034, 0.277992277992278, 0.16264478764478765, 0.055984555984555984, 0.05164092664092664, 0.008204633204633204], [0.06415094339622641, 0.16226415094339622, 0.24150943396226415, 0.19245283018867926, 0.16792452830188678, 0.07547169811320754, 0.052830188679245285, 0.03018867924528302, 0.013207547169811321], [0.040986868284918425, 0.08436132113012336, 0.19816951850378034, 0.27616394747313966, 0.21528054118583367, 0.10863509749303621, 0.03501790688420215, 0.03501790688420215, 0.006366892160764027], [0.06089582284851535, 0.13688978359335682, 0.23754403623553094, 0.24559637644690488, 0.18671363865123303, 0.09109209864116759, 0.01610468042274786, 0.021640664318067437, 0.0035228988424760945], [0.18181818181818182, 0.22727272727272727, 0.18181818181818182, 0.13636363636363635, 0.13636363636363635, 0.045454545454545456, 0.045454545454545456, 0.045454545454545456, 0.0], [0.021133915870757976, 0.06076000812842918, 0.15017272912009755, 0.23816297500508027, 0.24751066856330015, 0.14366998577524892, 0.06218248323511481, 0.0707173338752286, 0.005689900426742532], [0.01905829596412556, 0.0633408071748879, 0.1507847533632287, 0.25112107623318386, 0.2528026905829596, 0.1446188340807175, 0.042600896860986545, 0.06053811659192825, 0.015134529147982063], [0.07569141193595343, 0.15538573508005823, 0.24636098981077148, 0.25582241630276564, 0.1564774381368268, 0.07023289665211063, 0.021106259097525473, 0.018195050946142648, 0.000727802037845706], [0.030100334448160536, 0.05016722408026756, 0.24414715719063546, 0.3010033444816054, 0.2809364548494983, 0.07023411371237458, 0.023411371237458192, 0.0, 0.0], [0.018978761861726163, 0.05543003464377165, 0.14369633981021238, 0.2545564090977557, 0.2553095345684591, 0.16508510317818947, 0.04789877993673746, 0.05045940653712908, 0.00858563036601898], [0.017126546146527116, 0.05768315889628925, 0.18696479543292102, 0.310418648905804, 0.25523311132254994, 0.1178639391056137, 0.035561370123691725, 0.018434823977164606, 0.0007136060894386299], [0.03679318357862122, 0.09372579395817196, 0.2002323780015492, 0.2412858249419055, 0.22501936483346244, 0.10960495739736638, 0.05034856700232378, 0.03989155693261038, 0.003098373353989156], [0.012534059945504087, 0.04550408719346049, 0.12670299727520437, 0.23760217983651227, 0.2438692098092643, 0.17547683923705723, 0.06566757493188011, 0.0771117166212534, 0.01553133514986376], [0.11658767772511848, 0.16872037914691942, 0.22180094786729856, 0.23222748815165878, 0.13838862559241707, 0.07677725118483412, 0.022748815165876776, 0.02085308056872038, 0.0018957345971563982], [0.17582417582417584, 0.19047619047619047, 0.19413919413919414, 0.2271062271062271, 0.13186813186813187, 0.06593406593406594, 0.003663003663003663, 0.007326007326007326, 0.003663003663003663], [0.0642754662840746, 0.12453371592539454, 0.22496413199426113, 0.26284074605451935, 0.1776183644189383, 0.08579626972740316, 0.024390243902439025, 0.03185078909612626, 0.0037302725968436155], [0.029088913282107574, 0.06970362239297476, 0.145993413830955, 0.23765093304061471, 0.2332601536772777, 0.1322722283205269, 0.05543358946212953, 0.070801317233809, 0.02579582875960483], [0.022026431718061675, 0.06207448938726472, 0.17781337605126152, 0.2751301561874249, 0.22186623948738488, 0.14016820184221065, 0.048057669203043656, 0.0460552663195835, 0.006808169803764518], [0.04282172639170611, 0.10344827586206896, 0.21861618210502592, 0.2558034708136128, 0.2150101419878296, 0.0966869506423259, 0.03673653369393735, 0.029975208474194274, 0.000901510029299076], [0.023778071334214, 0.08190224570673713, 0.19815059445178335, 0.2727873183619551, 0.22787318361955086, 0.09180977542932629, 0.052840158520475564, 0.04227212681638045, 0.008586525759577279], [0.012350936967632026, 0.034497444633730834, 0.09667802385008518, 0.2065587734241908, 0.24914821124361158, 0.1890971039182283, 0.08091993185689948, 0.10988074957410562, 0.020868824531516183], [0.018832829574517554, 0.06556614740757963, 0.19530341780981167, 0.2597070448732853, 0.21576377586607765, 0.1327598232969077, 0.05161590327830737, 0.0530109276912346, 0.00744013020227854], [0.02059025394646534, 0.07652711050102952, 0.20916266300617709, 0.30199039121482496, 0.20607412491420726, 0.11238846945778998, 0.03534660260809883, 0.032772820864790664, 0.005147563486616335], [0.017828843106180665, 0.05665610142630745, 0.17670364500792393, 0.2971473851030111, 0.25158478605388274, 0.13114104595879555, 0.03625198098256735, 0.028328050713153724, 0.004358161648177496], [0.4, 0.12857142857142856, 0.11428571428571428, 0.15714285714285714, 0.12857142857142856, 0.05714285714285714, 0.014285714285714285, 0.0, 0.0]]}, "ranksDetailed": {"labels": ["Unranked", "Combatatant", "Challenger", "Rival", "Duelist", "Elite"], "data": [[0.24719101123595505, 0.43820224719101125, 0.24719101123595505, 0.06741573033707865, 0.0, 0.0], [0.07941176470588235, 0.35784313725490197, 0.4264705882352941, 0.10784313725490197, 0.027450980392156862, 0.000980392156862745], [0.04107648725212465, 0.26581680830972615, 0.48819641170915956, 0.16855524079320114, 0.03163361661945231, 0.004721435316336166], [0.0492845786963434, 0.25066242713301534, 0.5037095919448861, 0.1584525702172761, 0.03285638579756227, 0.005034446210916799], [0.29411764705882354, 0.29411764705882354, 0.08823529411764706, 0.23529411764705882, 0.08823529411764706, 0.0], [0.02546501328609389, 0.22431355181576618, 0.48649247121346323, 0.18578387953941541, 0.06465899025686449, 0.013286093888396812], [0.08035714285714286, 0.38966836734693877, 0.3852040816326531, 0.09566326530612244, 0.036989795918367346, 0.01211734693877551], [0.46511627906976744, 0.3953488372093023, 0.12790697674418605, 0.011627906976744186, 0.0, 0.0], [0.11257376305038584, 0.41852019972764415, 0.33613254652746255, 0.09827507943713118, 0.032001815705855655, 0.0024965955515206537], [0.049890350877192985, 0.2856359649122807, 0.4917763157894737, 0.13541666666666666, 0.03344298245614035, 0.003837719298245614], [0.0827894194434902, 0.4043284094812779, 0.38749570594297494, 0.09687392648574374, 0.02507729302645139, 0.0034352456200618343], [0.04504782474544894, 0.2641160135760568, 0.49737735266892935, 0.15303918543659364, 0.03609996914532552, 0.004319654427645789], [0.06765523632993513, 0.3626814952116157, 0.43466172381835033, 0.10936051899907322, 0.020080321285140562, 0.005560704355885079], [0.010617760617760617, 0.19256756756756757, 0.5183397683397684, 0.21862934362934364, 0.05164092664092664, 0.008204633204633204], [0.06415094339622641, 0.4037735849056604, 0.360377358490566, 0.12830188679245283, 0.03018867924528302, 0.013207547169811321], [0.040986868284918425, 0.2825308396339037, 0.49144448865897333, 0.14365300437723835, 0.03501790688420215, 0.006366892160764027], [0.06089582284851535, 0.3744338198288878, 0.4323100150981379, 0.10719677906391545, 0.021640664318067437, 0.0035228988424760945], [0.18181818181818182, 0.4090909090909091, 0.2727272727272727, 0.09090909090909091, 0.045454545454545456, 0.0], [0.021133915870757976, 0.21093273724852674, 0.4856736435683804, 0.20585246901036375, 0.0707173338752286, 0.005689900426742532], [0.01905829596412556, 0.2141255605381166, 0.5039237668161435, 0.18721973094170405, 0.06053811659192825, 0.015134529147982063], [0.07569141193595343, 0.4017467248908297, 0.41229985443959244, 0.0913391557496361, 0.018195050946142648, 0.000727802037845706], [0.030100334448160536, 0.29431438127090304, 0.5819397993311036, 0.09364548494983277, 0.0, 0.0], [0.018978761861726163, 0.19912637445398404, 0.5098659436662147, 0.21298388311492694, 0.05045940653712908, 0.00858563036601898], [0.017126546146527116, 0.24464795432921027, 0.565651760228354, 0.15342530922930542, 0.018434823977164606, 0.0007136060894386299], [0.03679318357862122, 0.2939581719597211, 0.46630518977536795, 0.15995352439969016, 0.03989155693261038, 0.003098373353989156], [0.012534059945504087, 0.17220708446866484, 0.48147138964577657, 0.24114441416893734, 0.0771117166212534, 0.01553133514986376], [0.11658767772511848, 0.390521327014218, 0.3706161137440758, 0.0995260663507109, 0.02085308056872038, 0.0018957345971563982], [0.17582417582417584, 0.38461538461538464, 0.358974358974359, 0.0695970695970696, 0.007326007326007326, 0.003663003663003663], [0.0642754662840746, 0.34949784791965566, 0.44045911047345765, 0.11018651362984218, 0.03185078909612626, 0.0037302725968436155], [0.029088913282107574, 0.21569703622392974, 0.47091108671789245, 0.1877058177826564, 0.070801317233809, 0.02579582875960483], [0.022026431718061675, 0.23988786543852622, 0.4969963956748098, 0.18822587104525432, 0.0460552663195835, 0.006808169803764518], [0.04282172639170611, 0.3220644579670949, 0.4708136128014424, 0.13342348433626325, 0.029975208474194274, 0.000901510029299076], [0.023778071334214, 0.2800528401585205, 0.5006605019815059, 0.14464993394980186, 0.04227212681638045, 0.008586525759577279], [0.012350936967632026, 0.131175468483816, 0.4557069846678024, 0.27001703577512776, 0.10988074957410562, 0.020868824531516183], [0.018832829574517554, 0.2608695652173913, 0.4754708207393629, 0.18437572657521506, 0.0530109276912346, 0.00744013020227854], [0.02059025394646534, 0.2856897735072066, 0.5080645161290323, 0.14773507206588882, 0.032772820864790664, 0.005147563486616335], [0.017828843106180665, 0.23335974643423138, 0.5487321711568938, 0.1673930269413629, 0.028328050713153724, 0.004358161648177496], [0.4, 0.24285714285714285, 0.2857142857142857, 0.07142857142857142, 0.0, 0.0]]}}}, "eu": {"histType": {"histogram": {"labels": ["0", "100", "200", "300", "400", "500", "600", "700", "800", "900", "1000", "1100", "1200", "1300", "1400", "1500", "1600", "1700", "1800", "1900", "2000", "2100", "2200", "2300", "2400", "2500", "2600", "2700", "2800", "2900", "3000", "3100"], "data": [[0.0, 0.0, 0.0, 0.0, 0.0, 0.014705882352941176, 0.04411764705882353, 0.04411764705882353, 0.07352941176470588, 0.08823529411764706, 0.07352941176470588, 0.1323529411764706, 0.10294117647058823, 0.1323529411764706, 0.058823529411764705, 0.07352941176470588, 0.058823529411764705, 0.014705882352941176, 0.058823529411764705, 0.014705882352941176, 0.014705882352941176, 0.0, 0.0, 0.0, 0.0, 0.0, 0.0, 0.0, 0.0, 0.0, 0.0, 0.0], [0.001049317943336831, 0.0, 0.0, 0.001049317943336831, 0.002098635886673662, 0.0031479538300104933, 0.0062959076600209865, 0.007345225603357817, 0.026232948583420776, 0.03882476390346275, 0.06295907660020986, 0.09653725078698845, 0.10703043022035677, 0.13326337880377753, 0.13641133263378805, 0.11857292759706191, 0.10073452256033578, 0.048268625393494226, 0.053515215110178385, 0.025183630640083946, 0.01049317943336831, 0.014690451206715634, 0.005246589716684155, 0.001049317943336831, 0.0, 0.0, 0.0, 0.0, 0.0, 0.0, 0.0, 0.0], [0.0, 0.0, 0.0, 0.0, 0.0010598834128245894, 0.0005299417064122947, 0.0021197668256491787, 0.005829358770535241, 0.015368309485956544, 0.023317435082140965, 0.04239533651298357, 0.05405405405405406, 0.08585055643879173, 0.10916799152093269, 0.13778484366719662, 0.1287758346581876, 0.15633280339162692, 0.06730259671436142, 0.0990990990990991, 0.029146793852676205, 0.01377848436671966, 0.018547959724430314, 0.006359300476947536, 0.002649708532061473, 0.0005299417064122947, 0.0, 0.0, 0.0, 0.0, 0.0, 0.0, 0.0], [0.0, 0.0, 0.0, 0.0, 0.0004682744088035589, 0.00023413720440177945, 0.002107234839616015, 0.007492390540856942, 0.011706860220088973, 0.018262701943338795, 0.03793022711308827, 0.05033949894638258, 0.07586045422617654, 0.09740107703114025, 0.12245375790213064, 0.13416061812221963, 0.14422851791149613, 0.10067899789276516, 0.09786935143994381, 0.0409740107703114, 0.02036993678295481, 0.019901662374151252, 0.0072582533364551624, 0.00421446967923203, 0.004448606883633809, 0.0007024116132053383, 0.0009365488176071178, 0.0, 0.0, 0.0, 0.0, 0.0], [0.0, 0.0, 0.0, 0.0, 0.0, 0.02702702702702703, 0.05405405405405406, 0.08108108108108109, 0.08108108108108109, 0.02702702702702703, 0.13513513513513514, 0.13513513513513514, 0.0, 0.05405405405405406, 0.10810810810810811, 0.05405405405405406, 0.10810810810810811, 0.05405405405405406, 0.0, 0.05405405405405406, 0.0, 0.0, 0.0, 0.02702702702702703, 0.0, 0.0, 0.0, 0.0, 0.0, 0.0, 0.0, 0.0], [0.0, 0.00043122035360068997, 0.00021561017680034498, 0.00021561017680034498, 0.000646830530401035, 0.00043122035360068997, 0.000646830530401035, 0.0034497628288055198, 0.004959034066407934, 0.013152220784821044, 0.02414833980163864, 0.03557567917205692, 0.06317378180250108, 0.09551530832255282, 0.11621388529538594, 0.1093143596377749, 0.13410952996981457, 0.09357481673134972, 0.11686071582578697, 0.05821474773609314, 0.03730056058645968, 0.04420008624407072, 0.022639068564036222, 0.007330746011211729, 0.010564898663216905, 0.0038809831824062097, 0.00258732212160414, 0.000646830530401035, 0.0, 0.0, 0.0, 0.0], [0.0, 0.0, 0.001145475372279496, 0.001718213058419244, 0.001718213058419244, 0.003436426116838488, 0.003436426116838488, 0.013172966781214204, 0.03264604810996564, 0.038946162657502864, 0.06643757159221077, 0.07388316151202749, 0.10423825887743414, 0.12371134020618557, 0.10538373424971363, 0.0979381443298969, 0.09736540664375716, 0.05956471935853379, 0.05899198167239404, 0.029209621993127148, 0.01718213058419244, 0.029209621993127148, 0.01718213058419244, 0.006300114547537228, 0.006300114547537228, 0.005154639175257732, 0.0057273768613974796, 0.0, 0.0, 0.0, 0.0, 0.0], [0.0, 0.0, 0.0, 0.0, 0.017857142857142856, 0.017857142857142856, 0.0, 0.14285714285714285, 0.08928571428571429, 0.05357142857142857, 0.14285714285714285, 0.07142857142857142, 0.08928571428571429, 0.125, 0.03571428571428571, 0.125, 0.07142857142857142, 0.017857142857142856, 0.0, 0.0, 0.0, 0.0, 0.0, 0.0, 0.0, 0.0, 0.0, 0.0, 0.0, 0.0, 0.0, 0.0], [0.000444247001332741, 0.0002221235006663705, 0.000888494002665482, 0.0011106175033318525, 0.0006663705019991116, 0.001776988005330964, 0.007330075521990226, 0.015992892047978675, 0.03331852509995557, 0.05086628165259884, 0.08196357174589071, 0.09684584629053754, 0.12461128387383386, 0.12061306086183918, 0.09884495779653488, 0.09107063527321191, 0.08485117725455353, 0.04864504664593514, 0.050644158151932475, 0.027099067081297203, 0.02243447356730342, 0.01821412705464238, 0.010661928031985785, 0.006885828520657486, 0.003109729009329187, 0.000888494002665482, 0.0, 0.0, 0.0, 0.0, 0.0, 0.0], [0.0, 0.0, 0.0, 0.0, 0.0, 0.0007102272727272727, 0.0007102272727272727, 0.0078125, 0.01065340909090909, 0.024857954545454544, 0.04758522727272727, 0.04971590909090909, 0.07883522727272728, 0.11860795454545454, 0.13636363636363635, 0.11931818181818182, 0.14275568181818182, 0.0703125, 0.09659090909090909, 0.02911931818181818, 0.0234375, 0.022727272727272728, 0.011363636363636364, 0.002840909090909091, 0.004971590909090909, 0.0007102272727272727, 0.0, 0.0, 0.0, 0.0, 0.0, 0.0], [0.0004253509145044662, 0.0, 0.0, 0.0, 0.0012760527435133986, 0.002126754572522331, 0.0029774564015312634, 0.01105912377711612, 0.02552105487026797, 0.04636324968098681, 0.0655040408336878, 0.09017439387494683, 0.11909825606125053, 0.1182475542322416, 0.1182475542322416, 0.0969800085070183, 0.08974904296044237, 0.06125053168864313, 0.056997022543598466, 0.03445342407486176, 0.01999149298170991, 0.018290089323692044, 0.011484474691620587, 0.004253509145044662, 0.0038281582305401958, 0.0017014036580178648, 0.0, 0.0, 0.0, 0.0, 0.0, 0.0], [0.0, 0.0, 0.0, 0.00033344448149383126, 0.00033344448149383126, 0.001333777925975325, 0.0016672224074691564, 0.0040013337779259755, 0.015005001667222408, 0.027675891963987995, 0.035345115038346114, 0.05201733911303768, 0.08069356452150717, 0.09769923307769257, 0.11737245748582861, 0.12304101367122375, 0.1373791263754585, 0.09403134378126042, 0.10036678892964321, 0.049016338779593195, 0.020340113371123708, 0.02400800266755585, 0.010003334444814937, 0.001333777925975325, 0.0040013337779259755, 0.0020006668889629878, 0.00033344448149383126, 0.00033344448149383126, 0.0, 0.0, 0.00033344448149383126, 0.0], [0.0, 0.000388651379712398, 0.0, 0.000777302759424796, 0.000388651379712398, 0.000777302759424796, 0.0027205596579867857, 0.010882238631947143, 0.022541780023319084, 0.03109211037699184, 0.060629615235134084, 0.07306645938593082, 0.10765643218033424, 0.12514574426739214, 0.1321414691022153, 0.11387485425573261, 0.10765643218033424, 0.06296152351340847, 0.06956859696851923, 0.02876020209871745, 0.01671200932763311, 0.01554605518849592, 0.008161678973960357, 0.00194325689856199, 0.003497862417411582, 0.001554605518849592, 0.001554605518849592, 0.0, 0.0, 0.0, 0.0, 0.0], [0.0, 0.0, 0.0, 0.0, 0.0, 0.0, 0.0008892841262783459, 0.0008892841262783459, 0.004891062694530902, 0.010226767452200978, 0.01600711427301023, 0.02845709204090707, 0.059582036460649176, 0.07914628723877279, 0.12361049355269009, 0.14095153401511784, 0.15873721654068476, 0.11694086260560249, 0.1036016007114273, 0.05602489995553579, 0.03646064917741218, 0.0377945753668297, 0.01067140951534015, 0.008003557136505114, 0.004891062694530902, 0.0013339261894175188, 0.00044464206313917296, 0.00044464206313917296, 0.0, 0.0, 0.0, 0.0], [0.0, 0.0, 0.0022172949002217295, 0.0, 0.0, 0.0022172949002217295, 0.008869179600886918, 0.013303769401330377, 0.024390243902439025, 0.03991130820399113, 0.0598669623059867, 0.07538802660753881, 0.07982261640798226, 0.11529933481152993, 0.13303769401330376, 0.07095343680709534, 0.10421286031042129, 0.082039911308204, 0.08647450110864745, 0.03547671840354767, 0.015521064301552107, 0.011086474501108648, 0.013303769401330377, 0.008869179600886918, 0.017738359201773836, 0.0, 0.0, 0.0, 0.0, 0.0, 0.0, 0.0], [0.0, 0.0, 0.0, 0.00038714672861014324, 0.0003871467