{"region": {"us": {"histType": {"histogram": {"labels": ["0", "100", "200", "300", "400", "500", "600", "700", "800", "900", "1000", "1100", "1200", "1300", "1400", "1500", "1600", "1700", "1800", "1900", "2000", "2100", "2200", "2300", "2400", "2500", "2600", "2700", "2800", "2900", "3000", "3100", "3200"], "data": [[0.0, 0.0, 0.0036101083032490976, 0.005415162454873646, 0.0036101083032490976, 0.005415162454873646, 0.016245487364620937, 0.019855595667870037, 0.032490974729241874, 0.04512635379061372, 0.08483754512635379, 0.10469314079422383, 0.11913357400722022, 0.11913357400722022, 0.12093862815884476, 0.10469314079422383, 0.0776173285198556, 0.04693140794223827, 0.039711191335740074, 0.023465703971119134, 0.009025270758122744, 0.010830324909747292, 0.0018050541516245488, 0.0018050541516245488, 0.0036101083032490976, 0.0, 0.0, 0.0, 0.0, 0.0, 0.0, 0.0, 0.0], [0.0, 0.00028885037550548814, 0.0, 0.0005777007510109763, 0.0005777007510109763, 0.002310803004043905, 0.004910456383593298, 0.008954361640670132, 0.013287117273252455, 0.027151935297515885, 0.036395147313691506, 0.0560369728480647, 0.08203350664355864, 0.09127671865973426, 0.12333911034084344, 0.13489312536106296, 0.15309069901790873, 0.08116695551704217, 0.11005199306759099, 0.03552859618717504, 0.01588677065280185, 0.009532062391681109, 0.005199306759098787, 0.0014442518775274408, 0.0028885037550548816, 0.00028885037550548814, 0.0017331022530329288, 0.0011554015020219526, 0.0, 0.0, 0.0, 0.0, 0.0], [0.0001141422212076247, 0.0, 0.0, 0.0002282844424152494, 0.0002282844424152494, 0.0002282844424152494, 0.0002282844424152494, 0.0005707111060381235, 0.002625271087775368, 0.0033101244150211162, 0.005250542175550736, 0.007761671042118479, 0.012327359890423467, 0.019290035384088574, 0.025453715329300308, 0.039493208537838144, 0.17109918959022943, 0.14347677205798426, 0.3170870905147814, 0.08537838146330327, 0.047140737358749, 0.05923981280675722, 0.021230453144618196, 0.008446524369364227, 0.01871932427805045, 0.0063919643876269834, 0.0028535555301906173, 0.0013697066544914964, 0.0, 0.0004565688848304988, 0.0, 0.0, 0.0], [0.0, 0.0, 0.0, 0.0, 0.00011001100110011001, 0.00011001100110011001, 0.0007700770077007701, 0.0017601760176017601, 0.0046204620462046205, 0.007810781078107811, 0.01144114411441144, 0.01353135313531353, 0.025302530253025302, 0.0297029702970297, 0.04422442244224423, 0.05412541254125412, 0.07546754675467547, 0.11914191419141915, 0.3002200220022002, 0.11243124312431244, 0.06897689768976897, 0.07161716171617162, 0.023762376237623763, 0.007920792079207921, 0.015841584158415842, 0.005830583058305831, 0.0035203520352035203, 0.0017601760176017601, 0.0, 0.0, 0.0, 0.0, 0.0], [0.0, 0.0, 0.0, 0.0, 0.00625, 0.00625, 0.03125, 0.025, 0.05625, 0.04375, 0.0625, 0.09375, 0.09375, 0.13125, 0.09375, 0.09375, 0.05, 0.05, 0.08125, 0.0375, 0.01875, 0.01875, 0.00625, 0.0, 0.0, 0.0, 0.0, 0.0, 0.0, 0.0, 0.0, 0.0, 0.0], [0.0, 0.0, 0.0, 0.0, 0.0, 0.0, 0.0, 0.0013585536628696834, 0.0013585536628696834, 0.004807189884000418, 0.017765701745218937, 0.033963841571742086, 0.05371512174730902, 0.0876789633190511, 0.10910230954122688, 0.1346013167520117, 0.16501201797471, 0.09697983070331279, 0.13303375483331592, 0.0528790887240046, 0.031246734246002716, 0.03626293238582924, 0.01546661093113178, 0.007210784826000627, 0.00971888389591389, 0.0037621486048698923, 0.0027171073257393668, 0.0008360330233044205, 0.00041801651165221024, 0.0, 0.00010450412791305256, 0.0, 0.0], [0.0, 0.0002239140170174653, 0.0004478280340349306, 0.0022391401701746527, 0.001567398119122257, 0.0035826242722794446, 0.006717420510523959, 0.012987012987012988, 0.021495745633676667, 0.03560232870577698, 0.04993282579489476, 0.0703090013434841, 0.09493954321540528, 0.11150918047469771, 0.11576354679802955, 0.12225705329153605, 0.11710703090013434, 0.06986117330944917, 0.07366771159874608, 0.027093596059113302, 0.017465293327362293, 0.015450067174205105, 0.009628302731751007, 0.0044782803403493054, 0.007389162561576354, 0.0033587102552619795, 0.0033587102552619795, 0.0008956560680698612, 0.0002239140170174653, 0.0, 0.0004478280340349306, 0.0, 0.0], [0.0030211480362537764, 0.0, 0.0, 0.006042296072507553, 0.00906344410876133, 0.02416918429003021, 0.012084592145015106, 0.03927492447129909, 0.06042296072507553, 0.09063444108761329, 0.1148036253776435, 0.13897280966767372, 0.1148036253776435, 0.09969788519637462, 0.07854984894259819, 0.06646525679758308, 0.045317220543806644, 0.021148036253776436, 0.030211480362537766, 0.03625377643504532, 0.0030211480362537764, 0.0, 0.0030211480362537764, 0.0030211480362537764, 0.0, 0.0, 0.0, 0.0, 0.0, 0.0, 0.0, 0.0, 0.0], [0.00030147723846849563, 0.00020098482564566376, 0.0005024620641141594, 0.00030147723846849563, 0.0005024620641141594, 0.0012059089538739825, 0.0015073861923424782, 0.00432117375138177, 0.007737915787358054, 0.015978293638830268, 0.026128027333936286, 0.034669882423876995, 0.04230730579841222, 0.048839312631896295, 0.06109938699628178, 0.16510903426791276, 0.17224399557833384, 0.115365289920611, 0.12260074364385488, 0.05627575118078585, 0.036076776203396645, 0.035172344487991156, 0.018490603959401067, 0.010953672997688674, 0.014370415033664959, 0.003919204100090443, 0.0028137875590392926, 0.0005024620641141594, 0.0005024620641141594, 0.0, 0.0, 0.0, 0.0], [0.0, 0.0, 0.0, 0.0, 0.0007911392405063291, 0.00039556962025316455, 0.0011867088607594937, 0.0011867088607594937, 0.0015822784810126582, 0.007911392405063292, 0.012658227848101266, 0.015427215189873418, 0.022151898734177215, 0.03599683544303797, 0.060126582278481014, 0.07318037974683544, 0.10007911392405064, 0.09058544303797468, 0.17840189873417722, 0.07041139240506329, 0.07674050632911393, 0.09849683544303797, 0.04430379746835443, 0.018591772151898733, 0.050237341772151896, 0.014636075949367089, 0.011075949367088608, 0.00949367088607595, 0.002768987341772152, 0.0015822784810126582, 0.0, 0.0, 0.0], [0.0, 0.0, 0.00021244954323348204, 0.0, 0.0014871468026343743, 0.0006373486297004461, 0.0023369449755683024, 0.004036541321436159, 0.008710431272572764, 0.01678351391544508, 0.024219247928616953, 0.03335457828765668, 0.05736137667304015, 0.07308264287231782, 0.10473762481410664, 0.1266199277671553, 0.15232632249840664, 0.09475249628213299, 0.13915445081793074, 0.05396218398130444, 0.035691523263224986, 0.03271722965795624, 0.014021669853409816, 0.007010834926704908, 0.00934777990227321, 0.0029742936052687486, 0.0033991926917357126, 0.0006373486297004461, 0.0004248990864669641, 0.0, 0.0, 0.0, 0.0], [0.0, 0.00031575623618566466, 0.000947268708556994, 0.000947268708556994, 0.0011051468266498263, 0.0029996842437638145, 0.006157246605620461, 0.011840858856962426, 0.020524155352068203, 0.037417113988001266, 0.06283549100094726, 0.07609725292074518, 0.10356804546889802, 0.11951373539627408, 0.13688032838648564, 0.11904010104199558, 0.11146195137353963, 0.06030944111146195, 0.06015156299336912, 0.023997473950110516, 0.01626144616356173, 0.01152510262077676, 0.007262393432270287, 0.0036311967161351435, 0.0031575623618566467, 0.0017366592990211557, 0.00031575623618566466, 0.0, 0.0, 0.0, 0.0, 0.0, 0.0], [0.0, 0.0, 0.0, 0.0, 0.0001234567901234568, 0.0004938271604938272, 0.001851851851851852, 0.0019753086419753087, 0.0044444444444444444, 0.005555555555555556, 0.01345679012345679, 0.019753086419753086, 0.028395061728395062, 0.0337037037037037, 0.07209876543209877, 0.15839506172839507, 0.194320987654321, 0.12925925925925927, 0.17246913580246914, 0.058395061728395065, 0.0337037037037037, 0.03308641975308642, 0.014197530864197531, 0.009135802469135803, 0.009012345679012346, 0.003703703703703704, 0.001851851851851852, 0.0001234567901234568, 0.0004938271604938272, 0.0, 0.0, 0.0, 0.0], [0.00020181634712411706, 0.0, 0.0, 0.00010090817356205853, 0.00010090817356205853, 0.0003027245206861756, 0.0013118062563067608, 0.0018163471241170535, 0.004137235116044399, 0.009889001009081735, 0.0355196770938446, 0.04702320887991927, 0.07073662966700303, 0.09576185671039354, 0.11664984863773965, 0.12219979818365287, 0.14631685166498487, 0.09313824419778002, 0.1177598385469223, 0.04843592330978809, 0.028859737638748738, 0.029868819374369325, 0.010797174571140263, 0.004742684157416751, 0.007265388496468214, 0.0029263370332996974, 0.0020181634712411706, 0.0006054490413723512, 0.0007063572149344097, 0.0007063572149344097, 0.00010090817356205853, 0.0, 0.0], [0.0, 0.0, 0.0, 0.0002089864158829676, 0.0006269592476489029, 0.0002089864158829676, 0.0010449320794148381, 0.0020898641588296763, 0.004806687565308255, 0.006687565308254964, 0.01567398119122257, 0.025914315569487985, 0.04932079414838036, 0.06833855799373041, 0.09717868338557993, 0.11828631138975966, 0.1625914315569488, 0.12037617554858934, 0.1471264367816092, 0.06875653082549635, 0.03908045977011494, 0.03406478578892372, 0.015047021943573668, 0.006269592476489028, 0.010240334378265412, 0.003134796238244514, 0.001671891327063741, 0.0004179728317659352, 0.0, 0.0008359456635318704, 0.0, 0.0, 0.0], [0.0, 0.0002924831822170225, 0.0, 0.0002924831822170225, 0.0014624159110851126, 0.00233986545773618, 0.0020473822755191578, 0.005557180462123428, 0.010821877742029834, 0.018133957297455396, 0.029540801403919275, 0.049429657794676805, 0.06551623281661305, 0.09213220239836209, 0.10324656332260895, 0.11991810470897923, 0.1339572974553963, 0.10061421468265574, 0.103831529687043, 0.04767475870137467, 0.03305059959052355, 0.03217315004387248, 0.016379058204153262, 0.0076045627376425855, 0.013161743199766013, 0.005557180462123428, 0.0020473822755191578, 0.00233986545773618, 0.000584966364434045, 0.0002924831822170225, 0.0, 0.0, 0.0], [0.0004065040650406504, 0.0, 0.0008130081300813008, 0.0010162601626016261, 0.0006097560975609756, 0.0014227642276422765, 0.0024390243902439024, 0.007113821138211382, 0.012601626016260163, 0.01951219512195122, 0.033130081300813005, 0.0524390243902439, 0.07723577235772358, 0.10426829268292682, 0.11910569105691057, 0.12357723577235773, 0.1355691056910569, 0.08333333333333333, 0.11138211382113822, 0.04186991869918699, 0.022764227642276424, 0.023373983739837397, 0.009552845528455284, 0.00508130081300813, 0.005691056910569106, 0.0016260162601626016, 0.0016260162601626016, 0.0014227642276422765, 0.0004065040650406504, 0.0006097560975609756, 0.0, 0.0, 0.0], [0.0, 0.0, 0.0001238390092879257, 0.0002476780185758514, 0.00037151702786377707, 0.0001238390092879257, 0.0008668730650154799, 0.001981424148606811, 0.0029721362229102165, 0.0064396284829721364, 0.022910216718266253, 0.044086687306501546, 0.07343653250773993, 0.09486068111455108, 0.12470588235294118, 0.13126934984520125, 0.15455108359133127, 0.09325077399380804, 0.1388235294117647, 0.040371517027863776, 0.021671826625386997, 0.022414860681114552, 0.009411764705882352, 0.004582043343653251, 0.0064396284829721364, 0.0016099071207430341, 0.0016099071207430341, 0.0002476780185758514, 0.0001238390092879257, 0.0004953560371517028, 0.0, 0.0, 0.0], [0.0, 0.0, 0.0, 0.007633587786259542, 0.015267175572519083, 0.015267175572519083, 0.007633587786259542, 0.015267175572519083, 0.030534351145038167, 0.07633587786259542, 0.04580152671755725, 0.0916030534351145, 0.07633587786259542, 0.061068702290076333, 0.04580152671755725, 0.09923664122137404, 0.11450381679389313, 0.10687022900763359, 0.03816793893129771, 0.022900763358778626, 0.022900763358778626, 0.03816793893129771, 0.022900763358778626, 0.0, 0.007633587786259542, 0.015267175572519083, 0.007633587786259542, 0.015267175572519083, 0.0, 0.0, 0.0, 0.0, 0.0], [0.00021081479919890376, 0.00010540739959945188, 0.0, 0.0, 0.0, 0.00010540739959945188, 0.00021081479919890376, 0.0009486665963950669, 0.0023189627911879415, 0.004743332981975335, 0.007800147570359439, 0.010540739959945188, 0.0225571835142827, 0.03689258985980816, 0.14778117423843154, 0.16548961737113946, 0.1960577632549805, 0.12627806472014336, 0.1263834721197428, 0.05987140297248867, 0.030041108885843788, 0.03193844207863392, 0.012438073152735322, 0.004321703383577527, 0.007483925371561084, 0.0025297775903868453, 0.001791925793190682, 0.0004216295983978075, 0.0007378517971961631, 0.0, 0.0, 0.0, 0.0], [0.0, 0.0, 0.0, 0.00011845534233593936, 0.0, 0.00011845534233593936, 0.0010660980810234541, 0.00035536602700781805, 0.001303008765695333, 0.0022506515043828478, 0.006396588486140725, 0.017412935323383085, 0.029850746268656716, 0.0505804311774461, 0.07746979388770434, 0.1077943615257048, 0.16098081023454158, 0.128879412461502, 0.1751954513148543, 0.07972044539208718, 0.0511727078891258, 0.053423359393508646, 0.019663586827765932, 0.009713338071547027, 0.015399194503672116, 0.005685856432125089, 0.002724472873726605, 0.001303008765695333, 0.0005922767116796967, 0.00023691068467187872, 0.0005922767116796967, 0.0, 0.0], [0.00018602920658543392, 9.301460329271696e-05, 0.0, 0.00018602920658543392, 0.00018602920658543392, 0.0005580876197563017, 0.0007441168263417357, 0.001767277462561622, 0.0029764673053669427, 0.005580876197563017, 0.010417635568784299, 0.01348711747744396, 0.017579760022323504, 0.06929587945307414, 0.10250209282857409, 0.11608222490931076, 0.14491675193005302, 0.12333736396614269, 0.16649613989396336, 0.07692307692307693, 0.04799553529904195, 0.04948376895172542, 0.019998139707934147, 0.010417635568784299, 0.012929029857687657, 0.0034415403218305274, 0.0015812482559761883, 0.00037205841317086783, 0.00046507301646358477, 0.0, 0.0, 0.0, 0.0], [0.0, 0.0, 0.0, 0.0015527950310559005, 0.0015527950310559005, 0.0015527950310559005, 0.003105590062111801, 0.006211180124223602, 0.007763975155279503, 0.007763975155279503, 0.017080745341614908, 0.027950310559006212, 0.04503105590062112, 0.09937888198757763, 0.11335403726708075, 0.16770186335403728, 0.16614906832298137, 0.11180124223602485, 0.13198757763975155, 0.055900621118012424, 0.020186335403726708, 0.010869565217391304, 0.003105590062111801, 0.0, 0.0, 0.0, 0.0, 0.0, 0.0, 0.0, 0.0, 0.0, 0.0], [0.0, 0.0, 0.0, 8.5295121119072e-05, 0.0, 8.5295121119072e-05, 0.00025588536335721597, 0.0007676560900716479, 0.0017059024223814397, 0.004776526782668032, 0.0073353804162401915, 0.012964858410098942, 0.021323780279767997, 0.02746502900034118, 0.040429887410440124, 0.08367451381780962, 0.1948993517570795, 0.1334015694302286, 0.2247526441487547, 0.08154213578983283, 0.04827703855339475, 0.06704196519959059, 0.020214943705220062, 0.0069941999317639034, 0.01330603889457523, 0.004264756055953599, 0.00255885363357216, 0.001364721937905152, 0.00025588536335721597, 0.00025588536335721597, 0.0, 0.0, 0.0], [9.475080538184574e-05, 9.475080538184574e-05, 9.475080538184574e-05, 0.0, 0.00037900322152738296, 0.00037900322152738296, 0.0002842524161455372, 0.0009475080538184574, 0.0010422588592003033, 0.0053060451013833615, 0.009664582148948267, 0.019139662687132842, 0.03411028993746447, 0.044627629334849345, 0.06679931779420126, 0.07892742088307751, 0.18324805760848967, 0.179363274587834, 0.19698692438885732, 0.08195944665529657, 0.03884783020655676, 0.033447034299791546, 0.012507106310403639, 0.004358537047564904, 0.0050217926852378246, 0.0015160128861095318, 0.0004737540269092287, 0.00037900322152738296, 0.0, 0.0, 0.0, 0.0, 0.0], [0.0, 0.00011429877700308607, 0.0, 0.00045719510801234427, 0.0005714938850154304, 0.0010286889930277746, 0.0014858841010401188, 0.004000457195108012, 0.006057835181163562, 0.01188707280832095, 0.02125957252257401, 0.03657560864098754, 0.0549777117384844, 0.07509429649102754, 0.09715396045262316, 0.13155789233055207, 0.1557892330552063, 0.10904103326094411, 0.13624414218767858, 0.0614927420276603, 0.03463252943193508, 0.032003657560864096, 0.014515944679391931, 0.006057835181163562, 0.005486341296148131, 0.0013715853240370327, 0.0006857926620185164, 0.00045719510801234427, 0.0, 0.0, 0.0, 0.0, 0.0], [0.0, 0.0, 0.00013190871916633689, 0.0, 0.0005276348766653475, 0.0003957261574990107, 0.001055269753330695, 0.0014509959108297058, 0.0046168051708217915, 0.007782614430813877, 0.016092863738293103, 0.026117926394934706, 0.0407597942223981, 0.06529481598733676, 0.09985490040891704, 0.12359846985885767, 0.15380556654794883, 0.0951061865189289, 0.17464714417623006, 0.059754649782350615, 0.03535153673657829, 0.04247460757156048, 0.018467220683287166, 0.008046431869146551, 0.010948423690805962, 0.004748713889988128, 0.004089170294156444, 0.0017148133491623797, 0.001187178472497032, 0.0009233610341643582, 0.001055269753330695, 0.0, 0.0], [0.0, 0.00019940179461615153, 0.00019940179461615153, 0.00039880358923230307, 0.0011964107676969093, 0.0015952143569292123, 0.0037886340977068794, 0.008773678963110668, 0.017547357926221335, 0.027517447657028914, 0.043668993020937186, 0.06201395812562313, 0.08115653040877367, 0.10189431704885343, 0.12402791625124626, 0.11665004985044865, 0.14376869391824526, 0.0769690927218345, 0.10548354935194416, 0.027916251246261216, 0.018943170488534396, 0.019541375872382853, 0.006979062811565304, 0.00259222333000997, 0.003988035892323031, 0.0011964107676969093, 0.0013958125623130609, 0.00039880358923230307, 0.00019940179461615153, 0.0, 0.0, 0.0, 0.0], [0.0, 0.0003322259136212625, 0.000664451827242525, 0.0009966777408637873, 0.002325581395348837, 0.0016611295681063123, 0.002990033222591362, 0.008637873754152824, 0.011960132890365448, 0.014617940199335547, 0.02956810631229236, 0.046511627906976744, 0.05647840531561462, 0.08073089700996677, 0.11794019933554817, 0.12425249169435217, 0.15714285714285714, 0.10332225913621262, 0.10930232558139535, 0.04086378737541528, 0.026245847176079733, 0.022591362126245847, 0.013289036544850499, 0.007973421926910298, 0.009634551495016611, 0.003986710963455149, 0.003986710963455149, 0.0019933554817275745, 0.0, 0.0, 0.0, 0.0, 0.0], [0.00022624434389140272, 0.0, 0.0, 0.0, 0.00045248868778280545, 0.00045248868778280545, 0.0019230769230769232, 0.0036199095022624436, 0.004977375565610859, 0.021153846153846155, 0.038461538461538464, 0.054524886877828055, 0.07714932126696833, 0.11142533936651584, 0.13914027149321267, 0.1426470588235294, 0.1329185520361991, 0.07760180995475113, 0.09083710407239819, 0.033710407239819, 0.021266968325791856, 0.02330316742081448, 0.009389140271493212, 0.00418552036199095, 0.006447963800904977, 0.0016968325791855204, 0.0013574660633484162, 0.0007918552036199095, 0.0, 0.00033936651583710406, 0.0, 0.0, 0.0], [0.0, 0.0, 0.0, 0.0002973093503790694, 0.0001486546751895347, 0.0001486546751895347, 0.001486546751895347, 0.001040582726326743, 0.006243496357960458, 0.012784302066299985, 0.02333878400475695, 0.029433625687527873, 0.05604281254645459, 0.08250334473019176, 0.10078786977850454, 0.12353203508250335, 0.14924929389029284, 0.09811208562509291, 0.13750557455031961, 0.05708339527278133, 0.03151479114018136, 0.037460978147762745, 0.015311431544522075, 0.008919280511372083, 0.012189683365541847, 0.00475694960606511, 0.005202913631633715, 0.002378474803032555, 0.0011892374015162776, 0.0007432733759476735, 0.0005946187007581388, 0.0, 0.0], [0.0, 0.0, 0.0, 0.0, 0.0005542213190467394, 0.0009237021984112322, 0.001662663957140218, 0.0042490301126916685, 0.007574358026972104, 0.01755034176981341, 0.02715684463329023, 0.04212082024755219, 0.06706077960465547, 0.0879364492887493, 0.116940698318862, 0.12784038426011454, 0.14576020690929245, 0.09366340291889895, 0.1265472011823388, 0.04914095695547755, 0.030297432107888416, 0.023462035839645297, 0.009975983742841308, 0.0038795492333271752, 0.006281174949196379, 0.0011084426380934787, 0.005542213190467393, 0.0012931830777757251, 0.0009237021984112322, 0.0005542213190467394, 0.0, 0.0, 0.0], [0.00011140819964349375, 0.00011140819964349375, 0.0, 0.0, 0.00011140819964349375, 0.001002673796791444, 0.0006684491978609625, 0.002339572192513369, 0.002896613190730838, 0.005681818181818182, 0.014483065953654188, 0.02194741532976827, 0.03643048128342246, 0.06495098039215687, 0.1588680926916221, 0.16588680926916222, 0.1676693404634581, 0.11196524064171123, 0.12288324420677361, 0.05247326203208556, 0.028409090909090908, 0.021501782531194297, 0.010472370766488414, 0.0032308377896613193, 0.0035650623885918, 0.001448306595365419, 0.000445632798573975, 0.00033422459893048126, 0.00011140819964349375, 0.0, 0.0, 0.0, 0.0], [0.0, 0.0, 0.0, 0.0001670843776106934, 0.0001670843776106934, 0.0010025062656641604, 0.0015037593984962407, 0.0023391812865497076, 0.006182121971595656, 0.010192147034252298, 0.024895572263993318, 0.034085213032581455, 0.06917293233082707, 0.09757727652464494, 0.12715121136173768, 0.14269005847953217, 0.15538847117794485, 0.10492898913951546, 0.10626566416040101, 0.04076858813700919, 0.025730994152046785, 0.020050125313283207, 0.010025062656641603, 0.005179615705931496, 0.008187134502923977, 0.002506265664160401, 0.002506265664160401, 0.0003341687552213868, 0.000835421888053467, 0.0, 0.0001670843776106934, 0.0, 0.0], [0.0, 0.0, 0.0, 0.00017041581458759374, 0.0, 0.0006816632583503749, 0.0010224948875255625, 0.0022154055896387186, 0.004430811179277437, 0.006134969325153374, 0.013292433537832311, 0.02062031356509884, 0.041751874573960464, 0.061520109066121334, 0.09117246080436264, 0.11826857532379005, 0.15405589638718473, 0.10991820040899795, 0.17348329925017042, 0.06850715746421268, 0.040558963871847306, 0.043115201090661213, 0.017552828902522154, 0.0081799591002045, 0.012099522835719155, 0.007498295841854124, 0.002556237218813906, 0.0008520790729379687, 0.00017041581458759374, 0.00017041581458759374, 0.0, 0.0, 0.0], [0.0, 0.0, 0.00011304544426859598, 0.0, 0.00022609088853719196, 0.00033913633280578795, 0.00033913633280578795, 0.0012434998869545557, 0.0011304544426859599, 0.003956590549400859, 0.007008817544652951, 0.016391589418946417, 0.059235812796744294, 0.09654080940538096, 0.117793352927877, 0.13011530635315396, 0.15068957721003842, 0.09303640063305449, 0.1520461225412616, 0.050418268143793805, 0.03707890572009948, 0.03187881528374407, 0.019443816414198508, 0.008817544652950485, 0.013678498756500113, 0.003391363328057879, 0.0032783178837892833, 0.0014695907754917476, 0.00022609088853719196, 0.00011304544426859598, 0.0, 0.0, 0.0], [0.0, 0.0, 8.852691218130312e-05, 0.0, 8.852691218130312e-05, 8.852691218130312e-05, 0.00017705382436260624, 0.000796742209631728, 0.0017705382436260624, 0.004514872521246459, 0.008852691218130312, 0.016111898016997167, 0.02779745042492918, 0.03585339943342776, 0.054089943342776205, 0.05993271954674221, 0.12960339943342777, 0.1566041076487252, 0.2559313031161473, 0.09348441926345609, 0.05373583569405099, 0.05851628895184136, 0.014252832861189802, 0.00681657223796034, 0.011508498583569405, 0.004957507082152974, 0.002124645892351275, 0.0009737960339943342, 0.000708215297450425, 0.0006196883852691218, 0.0, 0.0, 0.0], [0.0, 0.0, 0.0, 0.00010766580534022394, 0.0005383290267011198, 0.0006459948320413437, 0.0012919896640826874, 0.002583979328165375, 0.0050602928509905255, 0.008936261843238587, 0.017549526270456504, 0.03111541774332472, 0.05006459948320414, 0.07568906115417744, 0.1101421188630491, 0.1347975882859604, 0.173557278208441, 0.11251076658053402, 0.15439276485788114, 0.04963393626184324, 0.025409130060292853, 0.029069767441860465, 0.007859603789836349, 0.0035529715762273903, 0.002691645133505599, 0.0008613264427217916, 0.0009689922480620155, 0.0007536606373815676, 0.0002153316106804479, 0.0, 0.0, 0.0, 0.0], [0.0, 0.003401360544217687, 0.0, 0.003401360544217687, 0.006802721088435374, 0.017006802721088437, 0.023809523809523808, 0.04081632653061224, 0.09183673469387756, 0.04421768707482993, 0.05442176870748299, 0.06802721088435375, 0.07482993197278912, 0.1326530612244898, 0.11564625850340136, 0.10204081632653061, 0.08843537414965986, 0.04081632653061224, 0.03741496598639456, 0.017006802721088437, 0.01020408163265306, 0.01020408163265306, 0.003401360544217687, 0.013605442176870748, 0.0, 0.0, 0.0, 0.0, 0.0, 0.0, 0.0, 0.0, 0.0]]}, "ranks": {"labels": ["Unranked", "Combatatent I", "Combatatent II", "Challenger I", "Challenger II", "Rival I", "Rival II", "Duelist", "Elite"], "data": [[0.13176895306859207, 0.18953068592057762, 0.23826714801444043, 0.22563176895306858, 0.12454873646209386, 0.05595667870036101, 0.016245487364620937, 0.01444043321299639, 0.0036101083032490976], [0.05805892547660312, 0.09243212016175621, 0.1733102253032929, 0.2582322357019064, 0.2342576545349509, 0.1320046216060081, 0.029462738301559793, 0.016175621028307337, 0.006065857885615251], [0.00753338659970323, 0.013012213217669216, 0.031617395274512045, 0.06494692386713845, 0.31457596164821366, 0.36388540120990753, 0.08572080812692615, 0.08891679032073964, 0.029791119735190046], [0.015181518151815182, 0.024972497249724973, 0.05500550055005501, 0.09834983498349835, 0.1946094609460946, 0.36105610561056106, 0.12057205720572058, 0.1033003300330033, 0.02695269526952695], [0.16875, 0.15625, 0.225, 0.1875, 0.1, 0.10625, 0.03125, 0.025, 0.0], [0.007524297209739785, 0.05172954331696102, 0.14139408506636011, 0.24370362629323858, 0.2619918486780228, 0.16271292716062286, 0.054446650642700385, 0.05894032814296165, 0.01755669348939283], [0.08486341244961934, 0.12024182713837886, 0.206448723690103, 0.2380206000895656, 0.18696820420958352, 0.09023734885803851, 0.027989252127183162, 0.029556650246305417, 0.01567398119122257], [0.24471299093655588, 0.2537764350453172, 0.21450151057401812, 0.14501510574018128, 0.06646525679758308, 0.0513595166163142, 0.01812688821752266, 0.006042296072507553, 0.0], [0.03255954175459753, 0.06079790975781329, 0.09114661843030851, 0.22620842126419455, 0.2876092854989448, 0.15616520952668073, 0.058788061501356646, 0.0646166214450809, 0.022108330821023012], [0.01305379746835443, 0.028085443037974684, 0.05814873417721519, 0.13330696202531644, 0.1906645569620253, 0.21281645569620253, 0.1127373417721519, 0.16139240506329114, 0.08979430379746836], [0.03420437646059061, 0.05757382621627363, 0.13044401954535798, 0.23135755258126195, 0.2470788187805396, 0.1703845336732526, 0.05842362438920756, 0.053749734438070955, 0.01678351391544508], [0.08225449952636564, 0.13893274392169244, 0.22308178086517208, 0.2559204294284812, 0.1717713924850016, 0.07167666561414587, 0.028733817492895483, 0.02241869276918219, 0.005209977897063467], [0.014444444444444444, 0.03320987654320988, 0.06209876543209877, 0.23049382716049382, 0.3235802469135802, 0.20555555555555555, 0.05901234567901235, 0.056419753086419756, 0.015185185185185185], [0.01786074672048436, 0.08254288597376387, 0.16649848637739656, 0.23884964682139254, 0.2394550958627649, 0.14550958627648838, 0.049545913218970734, 0.045408678102926335, 0.014328960645812312], [0.01567398119122257, 0.041588296760710554, 0.11765935214211076, 0.2154649947753396, 0.28296760710553814, 0.1864158829676071, 0.06854754440961337, 0.055381400208986416, 0.016300940438871474], [0.04094764551038315, 0.07897045919859608, 0.15764843521497515, 0.2231646680315882, 0.23457151213805205, 0.1284001169932729, 0.056156770985668326, 0.056156770985668326, 0.023983620941795847], [0.0459349593495935, 0.08556910569105691, 0.18150406504065042, 0.2426829268292683, 0.21890243902439024, 0.13658536585365855, 0.03943089430894309, 0.038008130081300814, 0.011382113821138212], [0.013126934984520123, 0.0669969040247678, 0.16829721362229103, 0.2559752321981424, 0.2478018575851393, 0.16210526315789472, 0.03876160990712074, 0.03640866873065016, 0.010526315789473684], [0.16793893129770993, 0.13740458015267176, 0.13740458015267176, 0.1450381679389313, 0.22137404580152673, 0.04580152671755725, 0.03816793893129771, 0.061068702290076333, 0.04580152671755725], [0.008643406767155054, 0.018340887530304627, 0.05944977337409086, 0.313270791609571, 0.32233582797512383, 0.1607462843891641, 0.05554969958891114, 0.04869821861494677, 0.012965110150732581], [0.005212035062781332, 0.023809523809523808, 0.08043117744610281, 0.18526415541340915, 0.2898602226960436, 0.2200900260601753, 0.08599857853589196, 0.0828002842928216, 0.026533996683250415], [0.012277927634638638, 0.023904753046228258, 0.08687563947539764, 0.21858431773788484, 0.2682541158961957, 0.20937587201190586, 0.08203888010417636, 0.07989954422844386, 0.018788949865128825], [0.029503105590062112, 0.04503105590062112, 0.14440993788819875, 0.281055900621118, 0.2779503105590062, 0.16614906832298137, 0.04192546583850932, 0.013975155279503106, 0.0], [0.007676560900716479, 0.020300238826339134, 0.048788809280109174, 0.12410440122824974, 0.3283009211873081, 0.27268850221767316, 0.08188331627430911, 0.09425110883657455, 0.022006141248720572], [0.008622323289747963, 0.028804244836081107, 0.07873791927231381, 0.14572673867727876, 0.3626113321963237, 0.24455182869054387, 0.07324237256016676, 0.05031267765776009, 0.007390562819783968], [0.025602926048691278, 0.05783518116356155, 0.13007200822951195, 0.2287118527831752, 0.2648302663161504, 0.17099097039661676, 0.061378443250657215, 0.05257743742141959, 0.008000914390216024], [0.015960955019126765, 0.04221079013322781, 0.10605461020973486, 0.2234533702677747, 0.2489117530668777, 0.20683287165281625, 0.0629204590423427, 0.0689882601239942, 0.024666930484105], [0.06121635094715852, 0.10568295114656032, 0.18305084745762712, 0.24067796610169492, 0.22073778664007976, 0.12203389830508475, 0.030309072781655035, 0.029112662013958127, 0.007178464606181456], [0.044186046511627906, 0.0760797342192691, 0.1372093023255814, 0.24219269102990032, 0.26046511627906976, 0.1335548172757475, 0.04285714285714286, 0.043853820598006646, 0.019601328903654486], [0.032805429864253395, 0.09298642533936652, 0.18857466063348416, 0.2817873303167421, 0.21052036199095023, 0.11085972850678733, 0.03495475113122172, 0.03687782805429864, 0.010633484162895928], [0.022149546603240672, 0.05277240969228482, 0.13854615727664635, 0.2243199048610079, 0.24736137951538575, 0.1682770923145533, 0.057826668648729006, 0.061691690203656904, 0.027055150884495317], [0.03251431738407538, 0.06927766488084242, 0.15499722889340475, 0.24478108257897654, 0.23942360982819139, 0.15647515241086274, 0.04951043783484205, 0.03731756881581378, 0.015702937372990947], [0.012923351158645277, 0.03643048128342246, 0.10138146167557932, 0.3247549019607843, 0.27963458110516937, 0.15151515151515152, 0.05225044563279858, 0.035204991087344026, 0.005904634581105169], [0.02155388471177945, 0.05898078529657477, 0.166750208855472, 0.2698412698412698, 0.26031746031746034, 0.1293233082706767, 0.04344193817878028, 0.03525480367585631, 0.014536340852130326], [0.01465576005453306, 0.03391274710293115, 0.1032719836400818, 0.20944103612815268, 0.26397409679618267, 0.20841854124062714, 0.07413087934560328, 0.06884798909338787, 0.02334696659850034], [0.007347953877458738, 0.023400406963599366, 0.15577662220212526, 0.24790865928103098, 0.2437259778430929, 0.18098575627402216, 0.058557540131132714, 0.06014017635089306, 0.022156907076644812], [0.007524787535410765, 0.02496458923512748, 0.06365084985835694, 0.11402266288951841, 0.286207507082153, 0.30798512747875356, 0.09516643059490085, 0.0795856940509915, 0.020892351274787536], [0.019164513350559863, 0.04866494401378122, 0.12575366063738158, 0.24493970714900948, 0.286068044788975, 0.18281653746770027, 0.04661929371231697, 0.040482342807924204, 0.005490956072351421], [0.23129251700680273, 0.12244897959183673, 0.20748299319727892, 0.21768707482993196, 0.1292517006802721, 0.04421768707482993, 0.02040816326530612, 0.027210884353741496, 0.0]]}, "ranksDetailed": {"labels": ["Unranked", "Combatatant", "Challenger", "Rival", "Duelist", "Elite"], "data": [[0.13176895306859207, 0.427797833935018, 0.35018050541516244, 0.07220216606498195, 0.01444043321299639, 0.0036101083032490976], [0.05805892547660312, 0.2657423454650491, 0.4924898902368573, 0.1614673599075679, 0.016175621028307337, 0.006065857885615251], [0.00753338659970323, 0.044629608492181255, 0.3795228855153521, 0.4496062093368337, 0.08891679032073964, 0.029791119735190046], [0.015181518151815182, 0.07997799779977997, 0.29295929592959297, 0.4816281628162816, 0.1033003300330033, 0.02695269526952695], [0.16875, 0.38125, 0.2875, 0.1375, 0.025, 0.0], [0.007524297209739785, 0.19312362838332114, 0.5056954749712613, 0.21715957780332323, 0.05894032814296165, 0.01755669348939283], [0.08486341244961934, 0.32669055082848186, 0.42498880429914915, 0.11822660098522167, 0.029556650246305417, 0.01567398119122257], [0.24471299093655588, 0.46827794561933533, 0.21148036253776434, 0.06948640483383686, 0.006042296072507553, 0.0], [0.03255954175459753, 0.1519445281881218, 0.5138177067631394, 0.21495327102803738, 0.0646166214450809, 0.022108330821023012], [0.01305379746835443, 0.08623417721518987, 0.3239715189873418, 0.32555379746835444, 0.16139240506329114, 0.08979430379746836], [0.03420437646059061, 0.1880178457616316, 0.47843637136180156, 0.22880815806246016, 0.053749734438070955, 0.01678351391544508], [0.08225449952636564, 0.3620145247868645, 0.4276918219134828, 0.10041048310704137, 0.02241869276918219, 0.005209977897063467], [0.014444444444444444, 0.09530864197530864, 0.554074074074074, 0.2645679012345679, 0.056419753086419756, 0.015185185185185185], [0.01786074672048436, 0.24904137235116044, 0.4783047426841574, 0.19505549949545914, 0.045408678102926335, 0.014328960645812312], [0.01567398119122257, 0.1592476489028213, 0.49843260188087773, 0.2549634273772205, 0.055381400208986416, 0.016300940438871474], [0.04094764551038315, 0.23661889441357123, 0.45773618016964024, 0.1845568879789412, 0.056156770985668326, 0.023983620941795847], [0.0459349593495935, 0.26707317073170733, 0.46158536585365856, 0.17601626016260163, 0.038008130081300814, 0.011382113821138212], [0.013126934984520123, 0.23529411764705882, 0.5037770897832817, 0.20086687306501547, 0.03640866873065016, 0.010526315789473684], [0.16793893129770993, 0.2748091603053435, 0.366412213740458, 0.08396946564885496, 0.061068702290076333, 0.04580152671755725], [0.008643406767155054, 0.07779066090439549, 0.6356066195846949, 0.21629598397807526, 0.04869821861494677, 0.012965110150732581], [0.005212035062781332, 0.10424070125562662, 0.47512437810945274, 0.3060886045960673, 0.0828002842928216, 0.026533996683250415], [0.012277927634638638, 0.1107803925216259, 0.4868384336340805, 0.2914147521160822, 0.07989954422844386, 0.018788949865128825], [0.029503105590062112, 0.18944099378881987, 0.5590062111801242, 0.2080745341614907, 0.013975155279503106, 0.0], [0.007676560900716479, 0.06908904810644831, 0.4524053224155578, 0.35457181849198227, 0.09425110883657455, 0.022006141248720572], [0.008622323289747963, 0.10754216410839493, 0.5083380708736024, 0.3177942012507106, 0.05031267765776009, 0.007390562819783968], [0.025602926048691278, 0.1879071893930735, 0.49354211909932566, 0.23236941364727398, 0.05257743742141959, 0.008000914390216024], [0.015960955019126765, 0.14826540034296268, 0.4723651233346524, 0.26975333069515894, 0.0689882601239942, 0.024666930484105], [0.06121635094715852, 0.28873379860418746, 0.46141575274177465, 0.15234297108673978, 0.029112662013958127, 0.007178464606181456], [0.044186046511627906, 0.21328903654485049, 0.5026578073089701, 0.17641196013289037, 0.043853820598006646, 0.019601328903654486], [0.032805429864253395, 0.2815610859728507, 0.49230769230769234, 0.14581447963800906, 0.03687782805429864, 0.010633484162895928], [0.022149546603240672, 0.19131856696893118, 0.4716812843763936, 0.2261037609632823, 0.061691690203656904, 0.027055150884495317], [0.03251431738407538, 0.22427489377424717, 0.4842046924071679, 0.20598559024570479, 0.03731756881581378, 0.015702937372990947], [0.012923351158645277, 0.1378119429590018, 0.6043894830659536, 0.2037655971479501, 0.035204991087344026, 0.005904634581105169], [0.02155388471177945, 0.22573099415204678, 0.5301587301587302, 0.17276524644945698, 0.03525480367585631, 0.014536340852130326], [0.01465576005453306, 0.13718473074301296, 0.4734151329243354, 0.2825494205862304, 0.06884798909338787, 0.02334696659850034], [0.007347953877458738, 0.17917702916572462, 0.4916346371241239, 0.23954329640515487, 0.06014017635089306, 0.022156907076644812], [0.007524787535410765, 0.08861543909348442, 0.4002301699716714, 0.4031515580736544, 0.0795856940509915, 0.020892351274787536], [0.019164513350559863, 0.1744186046511628, 0.5310077519379846, 0.22943583118001723, 0.040482342807924204, 0.005490956072351421], [0.23129251700680273, 0.3299319727891156, 0.3469387755102041, 0.06462585034013606, 0.027210884353741496, 0.0]]}}}, "eu": {"histType": {"histogram": {"labels": ["0", "100", "200", "300", "400", "500", "600", "700", "800", "900", "1000", "1100", "1200", "1300", "1400", "1500", "1600", "1700", "1800", "1900", "2000", "2100", "2200", "2300", "2400", "2500", "2600", "2700", "2800", "2900", "3000", "3100", "3200"], "data": [[0.0, 0.0, 0.002331002331002331, 0.0, 0.002331002331002331, 0.004662004662004662, 0.011655011655011656, 0.02564102564102564, 0.06526806526806526, 0.06526806526806526, 0.0675990675990676, 0.10256410256410256, 0.07925407925407925, 0.14685314685314685, 0.1258741258741259, 0.11421911421911422, 0.06526806526806526, 0.04895104895104895, 0.027972027972027972, 0.02097902097902098, 0.016317016317016316, 0.004662004662004662, 0.002331002331002331, 0.0, 0.0, 0.0, 0.0, 0.0, 0.0, 0.0, 0.0, 0.0, 0.0], [0.00031735956839098697, 0.0, 0.0006347191367819739, 0.000952078705172961, 0.0012694382735639479, 0.004125674389082831, 0.006664550936210727, 0.009838146620120596, 0.019676293240241192, 0.032053316407489686, 0.04411298000634719, 0.06283719454141543, 0.0806093303713107, 0.10821961282132657, 0.12821326562995874, 0.13043478260869565, 0.14090764836559821, 0.06918438590923516, 0.09615994922246905, 0.027610282450015868, 0.013329101872421454, 0.011107584893684545, 0.0050777530942557915, 0.0025388765471278957, 0.0031735956839098697, 0.00031735956839098697, 0.0006347191367819739, 0.0, 0.0, 0.0, 0.0, 0.0, 0.0], [0.0, 0.0, 0.0, 0.00011511453896627144, 0.00011511453896627144, 0.00011511453896627144, 0.0, 0.0008058017727639, 0.0019569471624266144, 0.0025325198572579716, 0.0056406124093473006, 0.009324277656267987, 0.012662599286289858, 0.01588580637734546, 0.0257856567284448, 0.06883849430183032, 0.2192931967307471, 0.136986301369863, 0.28018878784390466, 0.0754000230229078, 0.04731207551513756, 0.05168642799585588, 0.016231149994244274, 0.007482445032807644, 0.011511453896627144, 0.005295268792448486, 0.002877863474156786, 0.0014964890065615288, 0.0002302290779325429, 0.0002302290779325429, 0.0, 0.0, 0.0], [0.0, 0.0, 0.0, 0.0001056859015007398, 0.0001056859015007398, 0.0002113718030014796, 0.0007398013105051786, 0.002008032128514056, 0.0024307757345170154, 0.005812724582540689, 0.011625449165081379, 0.017438173747622066, 0.0212428662016487, 0.027478334390192347, 0.0435425914183048, 0.055590784189389134, 0.08158951595857113, 0.14161910801099134, 0.27996195307545974, 0.1128725428027901, 0.07017543859649122, 0.06552525893045867, 0.0212428662016487, 0.01120270555907842, 0.016698372437116887, 0.004650179666032551, 0.0032762629465229337, 0.0023250898330162756, 0.0003170577045022194, 0.0002113718030014796, 0.0, 0.0, 0.0], [0.0, 0.0, 0.0, 0.0, 0.0, 0.02054794520547945, 0.0410958904109589, 0.0547945205479452, 0.06164383561643835, 0.06164383561643835, 0.06164383561643835, 0.10273972602739725, 0.06164383561643835, 0.0821917808219178, 0.0547945205479452, 0.1232876712328767, 0.02054794520547945, 0.0958904109589041, 0.04794520547945205, 0.0410958904109589, 0.03424657534246575, 0.00684931506849315, 0.0, 0.00684931506849315, 0.02054794520547945, 0.0, 0.0, 0.0, 0.0, 0.0, 0.0, 0.0, 0.0], [0.0, 0.000104942806170637, 0.000104942806170637, 0.000209885612341274, 0.000314828418511911, 0.000104942806170637, 0.000209885612341274, 0.001154370867877007, 0.001993913317242103, 0.013642564802182811, 0.025396159093294155, 0.037989295833770594, 0.05551474446426698, 0.07765767656627139, 0.1114492601532165, 0.12698079546647079, 0.14650015741420924, 0.10389337810893064, 0.13548116276629238, 0.05278623150383041, 0.030958127820337914, 0.03851400986462378, 0.015111764088571728, 0.005666911533214398, 0.009759680973869242, 0.004827369083849302, 0.00209885612341274, 0.000629656837023822, 0.000209885612341274, 0.000524714030853185, 0.000209885612341274, 0.0, 0.0], [0.00020959966464053657, 0.00041919932928107315, 0.00041919932928107315, 0.0010479983232026828, 0.0