{"region": {"us": {"histType": {"histogram": {"labels": ["0", "100", "200", "300", "400", "500", "600", "700", "800", "900", "1000", "1100", "1200", "1300", "1400", "1500", "1600", "1700", "1800", "1900", "2000", "2100", "2200", "2300", "2400", "2500", "2600", "2700", "2800", "2900", "3000", "3100"], "data": [[0.0, 0.0, 0.003289473684210526, 0.003289473684210526, 0.006578947368421052, 0.006578947368421052, 0.023026315789473683, 0.01644736842105263, 0.03289473684210526, 0.029605263157894735, 0.06578947368421052, 0.07894736842105263, 0.08552631578947369, 0.11513157894736842, 0.10855263157894737, 0.1118421052631579, 0.09539473684210527, 0.05592105263157895, 0.05921052631578947, 0.049342105263157895, 0.019736842105263157, 0.009868421052631578, 0.0, 0.023026315789473683, 0.0, 0.0, 0.0, 0.0, 0.0, 0.0, 0.0, 0.0], [0.0, 0.0008403361344537816, 0.0, 0.0004201680672268908, 0.0008403361344537816, 0.0016806722689075631, 0.005042016806722689, 0.01050420168067227, 0.01050420168067227, 0.020168067226890758, 0.034453781512605045, 0.04411764705882353, 0.06470588235294118, 0.07605042016806722, 0.10126050420168067, 0.11848739495798319, 0.1495798319327731, 0.08949579831932773, 0.14915966386554622, 0.05546218487394958, 0.023529411764705882, 0.01638655462184874, 0.009243697478991597, 0.0058823529411764705, 0.003781512605042017, 0.0021008403361344537, 0.004621848739495798, 0.0016806722689075631, 0.0, 0.0, 0.0, 0.0], [0.00013500742540839745, 0.0, 0.0, 0.0002700148508167949, 0.0002700148508167949, 0.0002700148508167949, 0.0002700148508167949, 0.0006750371270419874, 0.0036452004860267314, 0.0044552450384771165, 0.008370460375320642, 0.011745646010530578, 0.019576076684217632, 0.030106655866072633, 0.045902524638855136, 0.0689887943836911, 0.11556635614958823, 0.10476576211691643, 0.2640745240988254, 0.08437964088024841, 0.06007830430673687, 0.08343458890238963, 0.02605643310382071, 0.014040772242473337, 0.031051707843931416, 0.00904549750236263, 0.004995274740110706, 0.004050222762251924, 0.0014850816794923722, 0.002295126231942757, 0.0, 0.0], [0.0, 0.0, 0.0, 0.0, 0.00012374706100730108, 0.00024749412201460216, 0.0009899764880584086, 0.0023511941591387205, 0.006187353050365054, 0.011137235490657097, 0.016829600296992948, 0.01967578270016087, 0.03675287711916842, 0.050860042074000744, 0.07461947778740255, 0.102338819453038, 0.15703502041826506, 0.11112486078455637, 0.18958049746318525, 0.07808439549560697, 0.049870065585942334, 0.053582477416161366, 0.015839623808934538, 0.006558594233386957, 0.010889741368642495, 0.0022274470981314192, 0.0013612176710803118, 0.0013612176710803118, 0.00012374706100730108, 0.0, 0.00024749412201460216, 0.0], [0.0, 0.0, 0.0, 0.0, 0.008849557522123894, 0.0, 0.008849557522123894, 0.035398230088495575, 0.02654867256637168, 0.05309734513274336, 0.04424778761061947, 0.07964601769911504, 0.07079646017699115, 0.10619469026548672, 0.08849557522123894, 0.08849557522123894, 0.061946902654867256, 0.035398230088495575, 0.10619469026548672, 0.08849557522123894, 0.02654867256637168, 0.035398230088495575, 0.017699115044247787, 0.017699115044247787, 0.0, 0.0, 0.0, 0.0, 0.0, 0.0, 0.0, 0.0], [0.0, 0.0, 0.0, 0.00012823800974608873, 0.0, 0.00012823800974608873, 0.0, 0.0017953321364452424, 0.001923570146191331, 0.006924852526288792, 0.011028468838163632, 0.01846627340343678, 0.03257245447550654, 0.057707104385739935, 0.08566299051038728, 0.11772249294690947, 0.15542446781225955, 0.1059245960502693, 0.16529879456270838, 0.07078738137984099, 0.042446781225955375, 0.058604770453962556, 0.019876891510643754, 0.009746088740702744, 0.019876891510643754, 0.007566042575019236, 0.0032059502436522186, 0.0032059502436522186, 0.0016670941266991536, 0.0021800461656835087, 0.00012823800974608873, 0.0], [0.0, 0.0, 0.0002679528403001072, 0.001607717041800643, 0.0018756698821007502, 0.002947481243301179, 0.005091103965702036, 0.009110396570203644, 0.017416934619506965, 0.025455519828510183, 0.03831725616291533, 0.04823151125401929, 0.07020364415862808, 0.08306538049303322, 0.1082529474812433, 0.12433011789924973, 0.1272775991425509, 0.08440514469453377, 0.10557341907824223, 0.03965702036441586, 0.028938906752411574, 0.02759914255091104, 0.012057877813504822, 0.00669882100750268, 0.01232583065380493, 0.005627009646302251, 0.007234726688102894, 0.0018756698821007502, 0.0026795284030010718, 0.0018756698821007502, 0.0, 0.0], [0.003355704697986577, 0.0, 0.003355704697986577, 0.010067114093959731, 0.016778523489932886, 0.013422818791946308, 0.016778523489932886, 0.050335570469798654, 0.050335570469798654, 0.10067114093959731, 0.08389261744966443, 0.10067114093959731, 0.09060402684563758, 0.1040268456375839, 0.07046979865771812, 0.07718120805369127, 0.06375838926174497, 0.03355704697986577, 0.026845637583892617, 0.03691275167785235, 0.010067114093959731, 0.02348993288590604, 0.013422818791946308, 0.0, 0.0, 0.0, 0.0, 0.0, 0.0, 0.0, 0.0, 0.0], [0.00040551500405515005, 0.00030413625304136254, 0.0005068937550689375, 0.0006082725060827251, 0.0005068937550689375, 0.0017234387672343877, 0.0017234387672343877, 0.0052716950527169504, 0.009630981346309813, 0.0202757502027575, 0.03457015409570154, 0.048560421735604216, 0.0640713706407137, 0.07187753446877534, 0.09397810218978102, 0.11050283860502838, 0.13665855636658555, 0.09164639091646391, 0.10421735604217357, 0.057684509326845095, 0.03953771289537713, 0.04034874290348743, 0.017639902676399026, 0.011557177615571776, 0.018856447688564478, 0.009124087591240875, 0.0040551500405515, 0.0022303325223033254, 0.0019261962692619628, 0.0, 0.0, 0.0], [0.0, 0.0, 0.0, 0.0, 0.0003769317753486619, 0.0003769317753486619, 0.0003769317753486619, 0.0003769317753486619, 0.0007538635506973238, 0.005653976630229929, 0.007161703731624576, 0.006784771956275914, 0.012438748586505842, 0.02148511119487373, 0.0395778364116095, 0.06370147003392386, 0.07953260459856766, 0.08292499057670562, 0.1858273652468903, 0.08443271767810026, 0.08782510365623822, 0.11609498680738786, 0.05201658499811534, 0.02412363362231436, 0.06370147003392386, 0.026385224274406333, 0.012438748586505842, 0.014323407463249152, 0.006407840180927252, 0.003392385978137957, 0.0015077271013946476, 0.0], [0.0, 0.0, 0.00032711808963035657, 0.0, 0.001962708537782139, 0.0013084723585214263, 0.003598298985933922, 0.003598298985933922, 0.012103369316323193, 0.017991494929669612, 0.030749100425253518, 0.035655871769708865, 0.06051684658161596, 0.0722930978083088, 0.09388289172391233, 0.1122015047432123, 0.13837095191364082, 0.09682695453058554, 0.14883873078181223, 0.051684658161596335, 0.03663722603859994, 0.03925417075564279, 0.012757605495583905, 0.008177952240758913, 0.01046777886817141, 0.0026169447170428526, 0.004252535165194635, 0.0016355904481517827, 0.001962708537782139, 0.00032711808963035657, 0.0, 0.0], [0.00018453589223103894, 0.0, 0.0005536076766931168, 0.0005536076766931168, 0.0009226794611551947, 0.002029894814541428, 0.004613397305775973, 0.008304115150396751, 0.014393799594021038, 0.023805130097804023, 0.051116442147997786, 0.06532570584978778, 0.08986897951651596, 0.09743495109798855, 0.1341575936519653, 0.13046687580734453, 0.12769883742387894, 0.07233806975456726, 0.0791658977671157, 0.036907178446207785, 0.020298948145414282, 0.017899981546410777, 0.008119579258165713, 0.005351540874700129, 0.0036907178446207787, 0.0018453589223103894, 0.0022144307067724672, 0.0007381435689241557, 0.0, 0.0, 0.0, 0.0], [0.0, 0.0, 0.0, 0.0, 0.0003474031613687685, 0.000694806322737537, 0.002779225290950148, 0.0033003300330033004, 0.007642869550112906, 0.009900990099009901, 0.025186729199235713, 0.036824735105089455, 0.05141566788257773, 0.06809101962827861, 0.10630536737884315, 0.11203751954142782, 0.14451971512940767, 0.10283133576515546, 0.15355219732499567, 0.06079555323953448, 0.03508771929824561, 0.03526142087893, 0.012680215389960049, 0.009900990099009901, 0.012159110647906896, 0.004342539517109605, 0.0019107173875282265, 0.001389612645475074, 0.0010422094841063053, 0.0, 0.0, 0.0], [0.00022967386311437759, 0.0, 0.0, 0.00011483693155718879, 0.00022967386311437759, 0.00034451079467156636, 0.0014928801102434544, 0.0022967386311437757, 0.00482315112540193, 0.013665594855305467, 0.021704180064308683, 0.027331189710610933, 0.0378961874138723, 0.05144694533762058, 0.07648139641708773, 0.1055351401010565, 0.14389067524115756, 0.10794671566375746, 0.1649058337161231, 0.0747588424437299, 0.051676619200734956, 0.05362884703720717, 0.020326136885622417, 0.009416628387689481, 0.014813964170877355, 0.006086357372531006, 0.002641249425815342, 0.002411575562700965, 0.0014928801102434544, 0.0022967386311437757, 0.00011483693155718879, 0.0], [0.0, 0.0, 0.00023674242424242425, 0.0, 0.0004734848484848485, 0.0004734848484848485, 0.000946969696969697, 0.000946969696969697, 0.0035511363636363635, 0.004261363636363636, 0.013494318181818182, 0.017518939393939392, 0.036458333333333336, 0.052083333333333336, 0.07433712121212122, 0.10274621212121213, 0.1512784090909091, 0.11600378787878787, 0.17021780303030304, 0.07883522727272728, 0.05705492424242424, 0.054924242424242424, 0.023200757575757576, 0.011600378787878788, 0.015388257575757576, 0.007102272727272727, 0.0033143939393939395, 0.0011837121212121212, 0.0014204545454545455, 0.000946969696969697, 0.0, 0.0], [0.0, 0.0004175365344467641, 0.0, 0.0, 0.0016701461377870565, 0.0012526096033402922, 0.0008350730688935282, 0.005427974947807933, 0.010438413361169102, 0.014613778705636743, 0.018789144050104383, 0.031315240083507306, 0.04718162839248434, 0.05762004175365344, 0.08100208768267224, 0.10521920668058456, 0.1361169102296451, 0.10271398747390396, 0.1348643006263048, 0.0651356993736952, 0.049686847599164925, 0.04634655532359081, 0.02964509394572025, 0.015031315240083507, 0.016701461377870562, 0.010438413361169102, 0.005010438413361169, 0.004592901878914405, 0.004592901878914405, 0.003340292275574113, 0.0, 0.0], [0.00022326412145568208, 0.0, 0.00044652824291136416, 0.0006697923643670462, 0.0006697923643670462, 0.0008930564858227283, 0.0022326412145568207, 0.003795490064746595, 0.00759098012949319, 0.012502790801518195, 0.022103148024112524, 0.04041080598347845, 0.06876534940835008, 0.07948202723822281, 0.10694351417727171, 0.1245813797722706, 0.13797722705961152, 0.09310113864701942, 0.12614422862246036, 0.05023442732752847, 0.03460593882563072, 0.0372851082830989, 0.015628488501897745, 0.008037508372404554, 0.01294931904442956, 0.004465282429113641, 0.0035722259432909133, 0.0022326412145568207, 0.0020093770931011385, 0.00044652824291136416, 0.0, 0.0], [0.0, 0.0, 0.00016837851490149856, 0.0003367570298029971, 0.0005051355447044957, 0.0003367570298029971, 0.00117864960431049, 0.0031991917831284728, 0.004209462872537464, 0.011112981983498905, 0.020878935847785822, 0.026772183869338273, 0.051018690015154064, 0.06213167199865297, 0.09765953864286916, 0.12156928775888197, 0.14379525172587979, 0.09833305270247517, 0.17949149688499746, 0.0585957231857215, 0.03317056743559522, 0.03872705842734467, 0.015490823370937868, 0.008418925745074928, 0.010776224953695908, 0.003872705842734467, 0.0030308132682269743, 0.0020205421788179827, 0.0013470281192119885, 0.0018521636639164843, 0.0, 0.0], [0.0, 0.0, 0.0, 0.009259259259259259, 0.009259259259259259, 0.009259259259259259, 0.0, 0.009259259259259259, 0.009259259259259259, 0.06481481481481481, 0.018518518518518517, 0.046296296296296294, 0.046296296296296294, 0.05555555555555555, 0.05555555555555555, 0.1111111111111111, 0.12962962962962962, 0.08333333333333333, 0.07407407407407407, 0.027777777777777776, 0.07407407407407407, 0.037037037037037035, 0.027777777777777776, 0.009259259259259259, 0.009259259259259259, 0.06481481481481481, 0.018518518518518517, 0.0, 0.0, 0.0, 0.0, 0.0], [0.00024009603841536616, 0.00012004801920768308, 0.0, 0.00012004801920768308, 0.00024009603841536616, 0.00024009603841536616, 0.0004801920768307323, 0.0016806722689075631, 0.003001200480192077, 0.006362545018007203, 0.012004801920768308, 0.016926770708283315, 0.033253301320528214, 0.04873949579831933, 0.08343337334933974, 0.12857142857142856, 0.16758703481392556, 0.12941176470588237, 0.1418967587034814, 0.07611044417767107, 0.048379351740696276, 0.050660264105642255, 0.019687875150060024, 0.00900360144057623, 0.011764705882352941, 0.0039615846338535415, 0.0024009603841536613, 0.003481392557022809, 0.00024009603841536616, 0.0, 0.0, 0.0], [0.0, 0.0, 0.0, 0.00015664160401002505, 0.0, 0.0003132832080200501, 0.0014097744360902255, 0.0007832080200501253, 0.002349624060150376, 0.003289473684210526, 0.007832080200501253, 0.011591478696741854, 0.019893483709273182, 0.028978696741854635, 0.049028822055137845, 0.07738095238095238, 0.1231203007518797, 0.11920426065162908, 0.19470551378446116, 0.09805764411027569, 0.07221177944862156, 0.09069548872180451, 0.029605263157894735, 0.01613408521303258, 0.025845864661654134, 0.012844611528822054, 0.006422305764411027, 0.0043859649122807015, 0.0012531328320802004, 0.0018796992481203006, 0.0006265664160401002, 0.0], [0.00031240237425804435, 0.00010413412475268145, 0.0, 0.0002082682495053629, 0.0002082682495053629, 0.0007289388732687702, 0.0008330729980214516, 0.002499218994064355, 0.0037488284910965324, 0.00718525460793502, 0.013745704467353952, 0.019056544829740705, 0.023950848693116734, 0.03728001666145996, 0.056336561491200664, 0.08372383630115589, 0.12058731646360513, 0.12610642507549724, 0.19379360616474017, 0.10028116213683223, 0.06425075497240446, 0.07247735082786629, 0.02707487243569718, 0.01364157034260127, 0.018431740081224616, 0.005831510986150161, 0.0038529626158492138, 0.003019889617827762, 0.0007289388732687702, 0.0, 0.0, 0.0], [0.0, 0.0, 0.0, 0.0017331022530329288, 0.0017331022530329288, 0.0, 0.0, 0.005199306759098787, 0.008665511265164644, 0.005199306759098787, 0.01559792027729636, 0.025996533795493933, 0.045060658578856154, 0.08665511265164645, 0.09532062391681109, 0.1369150779896014, 0.1681109185441941, 0.12478336221837089, 0.1611785095320624, 0.058925476603119586, 0.024263431542461005, 0.02079722703639515, 0.008665511265164644, 0.0017331022530329288, 0.0034662045060658577, 0.0, 0.0, 0.0, 0.0, 0.0, 0.0, 0.0], [0.0, 0.0, 0.0, 0.0002591568762957844, 0.0, 0.00017277125086385625, 0.0002591568762957844, 0.0007774706288873532, 0.002073255010366275, 0.005701451278507256, 0.008638562543192813, 0.01615411195577056, 0.026865929509329648, 0.034035936420179685, 0.053645473393227366, 0.0691085003455425, 0.11169661368348306, 0.08759502418797512, 0.2195922598479613, 0.0995162404975812, 0.0687629578438148, 0.10945058742225294, 0.03274015203870076, 0.01200760193503801, 0.02306496199032481, 0.008206634416033172, 0.004319281271596406, 0.002246026261230131, 0.002850725639253628, 0.0002591568762957844, 0.0, 0.0], [0.0001784280488892854, 8.92140244446427e-05, 8.92140244446427e-05, 0.0001784280488892854, 0.0005352841466678562, 0.0005352841466678562, 0.0005352841466678562, 0.0012489963422249977, 0.0016058524400035686, 0.006512623784458917, 0.011419395128914265, 0.0244446426978321, 0.04505308234454456, 0.06432331162458739, 0.09831385493799626, 0.14140422874475866, 0.18940137389597644, 0.12855740922473013, 0.1514854135070033, 0.05531269515567847, 0.03131412258006959, 0.025693639040057097, 0.010348826835578553, 0.0036577750022303507, 0.003836203051119636, 0.001784280488892854, 0.0014274243911142832, 0.0007137121955571416, 0.0, 0.0, 0.0, 0.0], [0.0, 0.00012124151309408342, 0.0, 0.00012124151309408342, 0.00036372453928225026, 0.0008486905916585839, 0.0008486905916585839, 0.002303588748787585, 0.0033947623666343357, 0.005940834141610087, 0.012366634335596509, 0.02158098933074685, 0.03188651794374394, 0.0453443258971872, 0.07444228903976721, 0.12196896217264791, 0.1645247332686712, 0.12148399612027158, 0.1636760426770126, 0.08171677982541223, 0.049466537342386034, 0.048860329776915616, 0.02206595538312318, 0.01030552861299709, 0.009699321047526674, 0.0036372453928225023, 0.0021823472356935015, 0.0008486905916585839, 0.0, 0.0, 0.0, 0.0], [0.0, 0.0, 0.0, 0.0, 0.0002915451895043732, 0.0, 0.0008746355685131195, 0.0008746355685131195, 0.0016034985422740526, 0.003498542274052478, 0.009620991253644314, 0.015451895043731779, 0.02740524781341108, 0.046064139941690965, 0.08206997084548105, 0.1119533527696793, 0.14927113702623906, 0.09810495626822158, 0.19548104956268222, 0.07055393586005831, 0.045481049562682216, 0.056997084548104954, 0.026384839650145774, 0.013556851311953352, 0.01880466472303207, 0.009620991253644314, 0.00510204081632653, 0.003206997084548105, 0.004227405247813411, 0.003206997084548105, 0.0002915451895043732, 0.0], [0.0003698224852071006, 0.0003698224852071006, 0.0003698224852071006, 0.0007396449704142012, 0.0022189349112426036, 0.0025887573964497044, 0.004807692307692308, 0.008505917159763314, 0.015162721893491124, 0.030325443786982247, 0.03883136094674556, 0.05436390532544379, 0.059911242603550297, 0.08468934911242604, 0.11390532544378698, 0.11316568047337278, 0.12130177514792899, 0.07433431952662722, 0.14497041420118342, 0.04105029585798817, 0.021819526627218935, 0.031804733727810654, 0.010724852071005916, 0.005917159763313609, 0.009245562130177515, 0.0025887573964497044, 0.0033284023668639054, 0.0003698224852071006, 0.0022189349112426036, 0.0, 0.0, 0.0], [0.0, 0.0, 0.0, 0.001954397394136808, 0.0026058631921824105, 0.0026058631921824105, 0.004560260586319218, 0.011074918566775244, 0.011074918566775244, 0.013680781758957655, 0.024104234527687295, 0.035830618892508145, 0.0501628664495114, 0.05472312703583062, 0.08599348534201955, 0.11140065146579804, 0.14267100977198696, 0.10814332247557003, 0.16872964169381108, 0.057980456026058634, 0.03061889250814332, 0.031921824104234525, 0.021498371335504887, 0.006514657980456026, 0.013029315960912053, 0.004560260586319218, 0.001954397394136808, 0.001954397394136808, 0.0006514657980456026, 0.0, 0.0, 0.0], [0.0002899811512251704, 0.0, 0.0, 0.0, 0.0007249528780629259, 0.0008699434536755111, 0.003044802087864289, 0.005219660722053067, 0.007539509931854429, 0.01478903871248369, 0.02856314339567928, 0.043787153835000724, 0.058286211396259245, 0.08394954327968682, 0.1280266782659127, 0.13919095258808178, 0.14412063215890966, 0.08945918515296505, 0.12019718718283312, 0.039582427142235754, 0.026388284761490504, 0.03001304915180513, 0.013049151805132666, 0.005944613600115992, 0.010439321444106133, 0.0027548209366391185, 0.001594896331738437, 0.0010149340292880964, 0.0001449905756125852, 0.0010149340292880964, 0.0, 0.0], [0.0, 0.0, 0.0, 0.0004415011037527594, 0.0004415011037527594, 0.0002207505518763797, 0.002207505518763797, 0.0011037527593818985, 0.004635761589403974, 0.009713024282560706, 0.016997792494481235, 0.02207505518763797, 0.03532008830022075, 0.04988962472406181, 0.07218543046357616, 0.10397350993377484, 0.12075055187637969, 0.1, 0.16534216335540838, 0.07350993377483443, 0.05452538631346578, 0.058719646799116995, 0.02913907284768212, 0.015231788079470199, 0.03090507726269316, 0.011479028697571744, 0.009050772626931568, 0.004856512141280353, 0.0030905077262693157, 0.0033112582781456954, 0.0008830022075055188, 0.0], [0.0, 0.0, 0.0, 0.0002044153720359771, 0.0002044153720359771, 0.0, 0.0010220768601798855, 0.0010220768601798855, 0.0028618152085036794, 0.010016353229762878, 0.015944399018806215, 0.028413736713000817, 0.04435813573180703, 0.06459525756336877, 0.09668847097301717, 0.11815208503679477, 0.1471790678659035, 0.10282093213409649, 0.1635322976287817, 0.06888798037612429, 0.04129190515126738, 0.04476696647587899, 0.016557645134914145, 0.008381030253475062, 0.009607522485690924, 0.0026573998364677024, 0.004701553556827474, 0.002044153720359771, 0.003475061324611611, 0.0006132461161079313, 0.0, 0.0], [0.00013000520020800833, 0.00013000520020800833, 0.00013000520020800833, 0.00013000520020800833, 0.0005200208008320333, 0.0013000520020800832, 0.0013000520020800832, 0.0031201248049922, 0.005070202808112325, 0.00845033801352054, 0.021970878835153407, 0.03367134685387416, 0.05499219968798752, 0.07423296931877275, 0.109464378575143, 0.14053562142485698, 0.16588663546541862, 0.11193447737909516, 0.11609464378575143, 0.06006240249609984, 0.03562142485699428, 0.027301092043681748, 0.01326053042121685, 0.004160166406656267, 0.00546021840873635, 0.0015600624024961, 0.0014300572022880914, 0.0019500780031201249, 0.00013000520020800833, 0.0, 0.0, 0.0], [0.0, 0.0, 0.0, 0.0002134927412467976, 0.0002134927412467976, 0.001067463706233988, 0.001067463706233988, 0.002775405636208369, 0.00533731853116994, 0.007472245943637917, 0.016865926558497012, 0.02412467976088813, 0.04205807002561913, 0.05956447480785653, 0.09244235695986336, 0.13001707941929974, 0.15627668659265584, 0.11827497865072588, 0.14005123825789922, 0.06596925704526047, 0.04269854824935952, 0.040777113578138346, 0.018360375747224593, 0.005764304013663535, 0.016865926558497012, 0.004696840307429547, 0.002775405636208369, 0.0008539709649871904, 0.0023484201537147735, 0.0008539709649871904, 0.0002134927412467976, 0.0], [0.0, 0.0, 0.0, 0.0002607561929595828, 0.0, 0.0010430247718383311, 0.002346805736636245, 0.002607561929595828, 0.005736636245110821, 0.005736636245110821, 0.01225554106910039, 0.021121251629726206, 0.03102998696219035, 0.04589308996088657, 0.07822685788787484, 0.10795306388526728, 0.13820078226857888, 0.1016949152542373, 0.18122555410691005, 0.07640156453715775, 0.05084745762711865, 0.06153846153846154, 0.025554106910039114, 0.015906127770534552, 0.01877444589308996, 0.009908735332464147, 0.002607561929595828, 0.0018252933507170795, 0.0010430247718383311, 0.0002607561929595828, 0.0, 0.0], [0.0, 0.0, 0.0002831657935721365, 0.0, 0.0002831657935721365, 0.0004247486903582047, 0.000566331587144273, 0.0019821605550049554, 0.001840577658218887, 0.005238567181084525, 0.011468214639671528, 0.025626504318278353, 0.04289961772617868, 0.07093303128982019, 0.10179810278918307, 0.11652272405493416, 0.14342347444428713, 0.09939119354381991, 0.1587144272971825, 0.05790740478550191, 0.04148378875831799, 0.044598612487611496, 0.025201755627920146, 0.009910802775024777, 0.021095851621124168, 0.006795979045731275, 0.004955401387512388, 0.0031148237292935015, 0.0016989947614328188, 0.001840577658218887, 0.0, 0.0], [0.0, 0.0, 8.914244963451596e-05, 0.0, 8.914244963451596e-05, 0.00017828489926903192, 0.00035656979853806385, 0.0010697093956141914, 0.001961133891959351, 0.0057051167766090215, 0.0106079515065074, 0.020146193617400606, 0.03458727045819219, 0.048136922802638614, 0.0709573899090747, 0.0888750222856124, 0.11490461757889107, 0.09333214476733821, 0.223390978784097, 0.08905330718488144, 0.05714031021572473, 0.0737208058477447, 0.022374754858263506, 0.009983954359065787, 0.02005705116776609, 0.005348546978070958, 0.0027634159386699946, 0.002050276341593867, 0.002495988589766447, 0.0006239971474416117, 0.0, 0.0], [0.0, 0.0, 0.0, 0.0, 0.0, 0.00011745360582569885, 0.0007047216349541931, 0.0005872680291284943, 0.002231618510688278, 0.004815597838853653, 0.007986845196147521, 0.01855766972046042, 0.031947380784590085, 0.05614282358468405, 0.08527131782945736, 0.12555790462767208, 0.1731266149870801, 0.1230913789053324, 0.19896640826873385, 0.06694855532064835, 0.03582334977683815, 0.04357528776133427, 0.010688278130138595, 0.0036410617805966643, 0.005402865867982147, 0.0012919896640826874, 0.0010570824524312897, 0.002231618510688278, 0.0002349072116513977, 0.0, 0.0, 0.0], [0.0, 0.003968253968253968, 0.0, 0.003968253968253968, 0.003968253968253968, 0.01984126984126984, 0.027777777777777776, 0.01984126984126984, 0.06746031746031746, 0.04365079365079365, 0.04365079365079365, 0.07142857142857142, 0.07539682539682539, 0.10714285714285714, 0.11507936507936507, 0.11904761904761904, 0.09126984126984126, 0.06349206349206349, 0.047619047619047616, 0.015873015873015872, 0.01984126984126984, 0.015873015873015872, 0.003968253968253968, 0.01984126984126984, 0.0, 0.0, 0.0, 0.0, 0.0, 0.0, 0.0, 0.0]]}, "ranks": {"labels": ["Unranked", "Combatatent I", "Combatatent II", "Challenger I", "Challenger II", "Rival I", "Rival II", "Duelist", "Elite"], "data": [[0.12171052631578948, 0.14473684210526316, 0.20065789473684212, 0.22039473684210525, 0.1513157894736842, 0.09210526315789473, 0.03618421052631579, 0.03289473684210526, 0.0], [0.05, 0.07857142857142857, 0.1407563025210084, 0.21974789915966386, 0.23907563025210085, 0.18067226890756302, 0.04747899159663865, 0.031512605042016806, 0.012184873949579832], [0.009990549480221413, 0.02011610638585122, 0.049682732550290265, 0.11489131902254623, 0.22033211826650465, 0.30997704873768056, 0.09855542054813014, 0.12353179424868367, 0.052922910760091806], [0.021037000371241184, 0.03650538299715382, 0.08761291919316916, 0.17695829724044054, 0.2681598812028214, 0.23177824526667493, 0.08575671327805964, 0.07598069545848286, 0.016210864991956443], [0.13274336283185842, 0.12389380530973451, 0.17699115044247787, 0.17699115044247787, 0.09734513274336283, 0.17699115044247787, 0.04424778761061947, 0.07079646017699115, 0.0], [0.010900230828417543, 0.02949474224160041, 0.09027955886124647, 0.20338548345729673, 0.2613490638625289, 0.20287253141831238, 0.07566042575019236, 0.08822775070530905, 0.03783021287509618], [0.06377277599142551, 0.08654876741693462, 0.1532690246516613, 0.23258306538049303, 0.21168274383708469, 0.12942122186495178, 0.0447481243301179, 0.04635584137191854, 0.03161843515541265], [0.2651006711409396, 0.18456375838926176, 0.19463087248322147, 0.1476510067114094, 0.09731543624161074, 0.04697986577181208, 0.026845637583892617, 0.03691275167785235, 0.0], [0.040957015409570155, 0.08313057583130576, 0.13594890510948904, 0.2044809407948094, 0.22830494728304948, 0.1356447688564477, 0.06579480940794809, 0.06954582319545823, 0.03619221411192214], [0.0079155672823219, 0.01394647568790049, 0.03392385978137957, 0.10327930644553336, 0.16245759517527328, 0.22691292875989447, 0.13117225782133435, 0.19223520542781755, 0.12815680361854503], [0.04088976120379457, 0.06640497219496239, 0.13280994438992477, 0.20608439646712462, 0.23519790644422636, 0.17598953222113184, 0.061171082760876676, 0.06018972849198561, 0.021262675825973177], [0.05536076766931168, 0.11644214799778557, 0.1873039306145045, 0.26462446945930984, 0.20003690717844622, 0.09761948699021959, 0.03875253736851818, 0.03137110167927662, 0.008488651042627792], [0.02466562445718256, 0.06201146430432517, 0.11950668751085634, 0.21834288692027098, 0.24735105089456313, 0.18429737710613167, 0.06513809275664409, 0.05784262636789995, 0.020844189682126108], [0.023197060174552135, 0.04903536977491962, 0.08934313275149287, 0.18201653651814423, 0.251837390904915, 0.20659163987138263, 0.08474965548920532, 0.08337161231051907, 0.029857602204869087], [0.010890151515151516, 0.031013257575757576, 0.08854166666666667, 0.17708333333333334, 0.26728219696969696, 0.21543560606060605, 0.09067234848484848, 0.08972537878787878, 0.029356060606060608], [0.03465553235908142, 0.05010438413361169, 0.10480167014613778, 0.1862212943632568, 0.23883089770354907, 0.16826722338204592, 0.081419624217119, 0.09102296450939457, 0.044676409185803755], [0.02902433578923867, 0.06251395400759098, 0.1482473766465729, 0.23152489394954232, 0.23107836570663096, 0.15226613083277518, 0.058718463942844384, 0.06095110515740121, 0.02567537396740344], [0.021047314362687322, 0.047651119717124095, 0.11315036201380704, 0.21922882640175115, 0.24212830442835495, 0.2116517932311837, 0.05960599427513049, 0.06263680754335747, 0.022899478026603807], [0.1111111111111111, 0.06481481481481481, 0.10185185185185185, 0.16666666666666666, 0.21296296296296297, 0.08333333333333333, 0.09259259259259259, 0.07407407407407407, 0.09259259259259259], [0.01248499399759904, 0.02893157262905162, 0.08199279711884754, 0.21200480192076832, 0.2969987995198079, 0.1858343337334934, 0.08055222088835534, 0.07935174069627851, 0.021848739495798318], [0.008302005012531328, 0.019423558897243107, 0.04887218045112782, 0.12640977443609022, 0.24232456140350878, 0.2449874686716792, 0.1199874686716792, 0.13643483709273183, 0.05325814536340852], [0.01582838696240758, 0.03280224929709466, 0.0612308653545767, 0.14006039779235654, 0.24669374153910237, 0.2463813391648443, 0.11194418410913257, 0.11319379360616474, 0.031865042174320526], [0.022530329289428077, 0.0415944540727903, 0.1317157712305026, 0.2322357019064125, 0.292894280762565, 0.20103986135181975, 0.043327556325823226, 0.03119584055459272, 0.0034662045060658577], [0.009243261921216309, 0.02479267449896337, 0.06090186592950933, 0.12275397373876987, 0.19929163787145818, 0.27168279198341394, 0.11618866620594333, 0.1541983413959917, 0.04094678645473393], [0.011508609153358908, 0.03586403782674637, 0.10937639396913194, 0.23971808368275493, 0.3179587831207066, 0.18235346596484966, 0.05575876527790169, 0.039700240877866, 0.0077616201266839146], [0.013942774005819593, 0.03394762366634336, 0.07723084384093114, 0.19641125121241512, 0.2860087293889428, 0.2075654704170708, 0.08729388942774007, 0.08123181377303589, 0.01636760426770126], [0.007142857142857143, 0.02507288629737609, 0.07346938775510205, 0.19402332361516034, 0.24737609329446064, 0.23498542274052478, 0.07653061224489796, 0.09693877551020408, 0.04446064139941691], [0.0654585798816568, 0.09319526627218935, 0.14460059171597633, 0.22707100591715976, 0.19563609467455623, 0.16568047337278108, 0.04215976331360947, 0.048446745562130175, 0.01775147928994083], [0.04755700325732899, 0.05993485342019544, 0.10488599348534201, 0.1973941368078176, 0.250814332247557, 0.20195439739413681, 0.05537459283387622, 0.05993485342019544, 0.02214983713355049], [0.032477888937219083, 0.07235029723068001, 0.14223575467594607, 0.26721763085399447, 0.23357981731187472, 0.14354066985645933, 0.042627229230100046, 0.049006814557053795, 0.016963897346672467], [0.018763796909492272, 0.0390728476821192, 0.08520971302428255, 0.176158940397351, 0.22075055187637968, 0.2055187637969095, 0.08785871964679912, 0.10309050772626932, 0.06357615894039735], [0.015331152902698283, 0.04435813573180703, 0.1089533932951758, 0.21484055600981194, 0.25, 0.20318887980376124, 0.0705233033524121, 0.0697056418642682, 0.023098937040065413], [0.0202808112324493, 0.05564222568902756, 0.12922516900676026, 0.25, 0.2778211128445138, 0.1497659906396256, 0.062012480499219966, 0.04472178887155486, 0.010530421216848674], [0.018146883005977797, 0.04099060631938514, 0.10162254483347566, 0.2224594363791631, 0.2745516652433817, 0.17506404782237403, 0.07365499573014518, 0.06490179333902647, 0.02860802732707088], [0.01773142112125163, 0.033376792698826596, 0.07692307692307693, 0.1861799217731421, 0.23989569752281617, 0.22451108213820078, 0.08396349413298566, 0.10299869621903521, 0.03441981747066493], [0.010618717258955118, 0.03709471895794988, 0.11383264901599886, 0.21832082684411724, 0.24281466798810702, 0.1900042474869036, 0.06810137335409883, 0.07971117089055642, 0.03950162820331304], [0.009449099661258691, 0.030754145123908005, 0.0827241932608308, 0.1598324121946871, 0.2082367623462293, 0.2689427705473346, 0.10064182563736851, 0.10607951506507399, 0.033339276163308965], [0.008456659619450317, 0.02654451491660794, 0.08809020436927413, 0.21082922245712943, 0.2962179938924125, 0.234789758045572, 0.06694855532064835, 0.05790462767206953, 0.0102184637068358], [0.19047619047619047, 0.11507936507936507, 0.18253968253968253, 0.23412698412698413, 0.15476190476190477, 0.05555555555555555, 0.027777777777777776, 0.03968253968253968, 0.0]]}, "ranksDetailed": {"labels": ["Unranked", "Combatatant", "Challenger", "Rival", "Duelist", "Elite"], "data": [[0.12171052631578948, 0.34539473684210525, 0.3717105263157895, 0.12828947368421054, 0.03289473684210526, 0.0], [0.05, 0.21932773109243697, 0.4588235294117647, 0.22815126050420168, 0.031512605042016806, 0.012184873949579832], [0.009990549480221413, 0.06979883893614149, 0.3352234372890509, 0.4085324692858107, 0.12353179424868367, 0.052922910760091806], [0.021037000371241184, 0.12411830219032298, 0.44511817844326196, 0.31753495854473457, 0.07598069545848286, 0.016210864991956443], [0.13274336283185842, 0.3008849557522124, 0.2743362831858407, 0.22123893805309736, 0.07079646017699115, 0.0], [0.010900230828417543, 0.11977430110284688, 0.4647345473198256, 0.27853295716850474, 0.08822775070530905, 0.03783021287509618], [0.06377277599142551, 0.23981779206859594, 0.4442658092175777, 0.17416934619506966, 0.04635584137191854, 0.03161843515541265], [0.2651006711409396, 0.37919463087248323, 0.24496644295302014, 0.0738255033557047, 0.03691275167785235, 0.0], [0.040957015409570155, 0.2190794809407948, 0.4327858880778589, 0.2014395782643958, 0.06954582319545823, 0.03619221411192214], [0.0079155672823219, 0.04787033546928006, 0.26573690162080665, 0.3580851865812288, 0.19223520542781755, 0.12815680361854503], [0.04088976120379457, 0.19921491658488713, 0.441282302911351, 0.2371606149820085, 0.06018972849198561, 0.021262675825973177], [0.05536076766931168, 0.3037460786122901, 0.46466137663775603, 0.13637202435873777, 0.03137110167927662, 0.008488651042627792], [0.02466562445718256, 0.18151815181518152, 0.4656939378148341, 0.24943546986277576, 0.05784262636789995, 0.020844189682126108], [0.023197060174552135, 0.13837850252641248, 0.4338539274230593, 0.29134129536058795, 0.08337161231051907, 0.029857602204869087], [0.010890151515151516, 0.11955492424242424, 0.4443655303030303, 0.30610795454545453, 0.08972537878787878, 0.029356060606060608], [0.03465553235908142, 0.1549060542797495, 0.42505219206680583, 0.24968684759916493, 0.09102296450939457, 0.044676409185803755], [0.02902433578923867, 0.2107613306541639, 0.46260325965617327, 0.21098459477561957, 0.06095110515740121, 0.02567537396740344], [0.021047314362687322, 0.16080148173093115, 0.4613571308301061, 0.2712577875063142, 0.06263680754335747, 0.022899478026603807], [0.1111111111111111, 0.16666666666666666, 0.37962962962962965, 0.17592592592592593, 0.07407407407407407, 0.09259259259259259], [0.01248499399759904, 0.11092436974789915, 0.5090036014405762, 0.26638655462184874, 0.07935174069627851, 0.021848739495798318], [0.008302005012531328, 0.06829573934837092, 0.36873433583959897, 0.3649749373433584, 0.13643483709273183, 0.05325814536340852], [0.01582838696240758, 0.09403311465167136, 0.3867541393314589, 0.3583255232739769, 0.11319379360616474, 0.031865042174320526], [0.022530329289428077, 0.1733102253032929, 0.5251299826689775, 0.24436741767764297, 0.03119584055459272, 0.0034662045060658577], [0.009243261921216309, 0.0856945404284727, 0.32204561161022804, 0.3878714581893573, 0.1541983413959917, 0.04094678645473393], [0.011508609153358908, 0.1452404317958783, 0.5576768668034615, 0.23811223124275135, 0.039700240877866, 0.0077616201266839146], [0.013942774005819593, 0.11117846750727449, 0.4824199806013579, 0.2948593598448109, 0.08123181377303589, 0.01636760426770126], [0.007142857142857143, 0.09854227405247813, 0.441399416909621, 0.31151603498542274, 0.09693877551020408, 0.04446064139941691], [0.0654585798816568, 0.2377958579881657, 0.42270710059171596, 0.20784023668639054, 0.048446745562130175, 0.01775147928994083], [0.04755700325732899, 0.16482084690553747, 0.4482084690553746, 0.25732899022801303, 0.05993485342019544, 0.02214983713355049], [0.032477888937219083, 0.21458605190662608, 0.5007974481658692, 0.18616789908655937, 0.049006814557053795, 0.016963897346672467], [0.018763796909492272, 0.12428256070640177, 0.3969094922737307, 0.2933774834437086, 0.10309050772626932, 0.06357615894039735], [0.015331152902698283, 0.15331152902698283, 0.46484055600981194, 0.27371218315617335, 0.0697056418642682, 0.023098937040065413], [0.0202808112324493, 0.18486739469578783, 0.5278211128445138, 0.21177847113884554, 0.04472178887155486, 0.010530421216848674], [0.018146883005977797, 0.1426131511528608, 0.49701110162254486, 0.24871904355251923, 0.06490179333902647, 0.02860802732707088], [0.01773142112125163, 0.11029986962190352, 0.4260756192959583, 0.30847457627118646, 0.10299869621903521, 0.03441981747066493], [0.010618717258955118, 0.15092736797394873, 0.46113549483222427, 0.2581056208410024, 0.07971117089055642, 0.03950162820331304], [0.009449099661258691, 0.11347833838473881, 0.36806917454091637, 0.36958459618470313, 0.10607951506507399, 0.033339276163308965], [0.008456659619450317, 0.11463471928588208, 0.507047216349542, 0.30173831336622037, 0.05790462767206953, 0.0102184637068358], [0.19047619047619047, 0.2976190476190476, 0.3888888888888889, 0.08333333333333333, 0.03968253968253968, 0.0]]}}}, "eu": {"histType": {"histogram": {"labels": ["0", "100", "200", "300", "400", "500", "600", "700", "800", "900", "1000", "1100", "1200", "1300", "1400", "1500", "1600", "1700", "1800", "1900", "2000", "2100", "2200", "2300", "2400", "2500", "2600", "2700", "2800", "2900", "3000", "3100"], "data": [[0.0, 0.0, 0.004149377593360996, 0.0, 0.0, 0.008298755186721992, 0.016597510373443983, 0.016597510373443983, 0.04149377593360996, 0.04564315352697095, 0.06224066390041494, 0.06639004149377593, 0.06224066390041494, 0.11203319502074689, 0.14107883817427386, 0.12033195020746888, 0.0912863070539419, 0.07468879668049792, 0.03734439834024896, 0.03734439834024896, 0.016597510373443983, 0.02074688796680498, 0.0, 0.004149377593360996, 0.02074688796680498, 0.0, 0.0, 0.0, 0.0, 0.0, 0.0, 0.0], [0.0, 0.0, 0.0004512635379061372, 0.0009025270758122744, 0.0009025270758122744, 0.00315884476534296, 0.004963898916967509, 0.007220216606498195, 0.016696750902527077, 0.023465703971119134, 0.033393501805054154, 0.050992779783393505, 0.06272563176895307, 0.07851985559566788, 0.11958483754512636, 0.11687725631768953, 0.15117328519855597, 0.08077617328519855, 0.14259927797833935, 0.04151624548736462, 0.020306859205776174, 0.02256317689530686, 0.0058664259927797835, 0.004512635379061372, 0.005415162454873646, 0.00315884476534296, 0.0009025270758122744, 0.0013537906137184115, 0.0, 0.0, 0.0, 0.0], [0.0, 0.0, 0.0, 0.00014236902050113895, 0.00014236902050113895, 0.00014236902050113895, 0.0002847380410022779, 0.0014236902050113896, 0.002562642369020501, 0.00412870159453303, 0.008969248291571754, 0.013952164009111617, 0.020216400911161732, 0.027477220956719818, 0.045985193621867884, 0.06620159453302961, 0.12984054669703873, 0.10207858769931663, 0.2514236902050114, 0.08769931662870159, 0.06292710706150342, 0.0811503416856492, 0.02861617312072893, 0.01366742596810934, 0.02833143507972665, 0.009965831435079727, 0.0044134396355353074, 0.0035592255125284737, 0.0018507972665148065, 0.00270501138952164, 0.00014236902050113895, 0.0], [0.0, 0.0, 0.0, 0.00011862396204033214, 0.00011862396204033214, 0.00023724792408066428, 0.0009489916963226571, 0.002491103202846975, 0.0037959667852906285, 0.00830367734282325, 0.01601423487544484, 0.025385527876631078, 0.033214709371293, 0.044602609727164885, 0.07413997627520759, 0.099644128113879, 0.15610913404507712, 0.11720047449584817, 0.19276393831553973, 0.08374851720047449, 0.05124555160142349, 0.051601423487544484, 0.01553973902728351, 0.0069988137603795965, 0.009608540925266904, 0.0026097271648873074, 0.0010676156583629894, 0.0005931198102016608, 0.0009489916963226571, 0.000830367734282325, 0.00011862396204033214, 0.0], [0.0, 0.0, 0.0, 0.0, 0.0, 0.01818181818181818, 0.02727272727272727, 0.045454545454545456, 0.045454545454545456, 0.02727272727272727, 0.07272727272727272, 0.09090909090909091, 0.03636363636363636, 0.02727272727272727, 0.08181818181818182, 0.13636363636363635, 0.06363636363636363, 0.09090909090909091, 0.06363636363636363, 0.05454545454545454, 0.06363636363636363, 0.0, 0.00909090909090909, 0.00909090909090909, 0.02727272727272727, 0.00909090909090909, 0.0, 0.0, 0.0, 0.0, 0.0, 0.0], [0.0, 0.00012973533990659055, 0.00012973533990659055, 0.0002594706798131811, 0.0003892060197197717, 0.00012973533990659055, 0.0003892060197197717, 0.0016865594187856772, 0.002983912817851583, 0.006097560975609756, 0.011027503892060198, 0.019330565646081994, 0.0302283341982356, 0.05319148936170213, 0.08523611831863, 0.10495588998443175, 0.14932537623248573, 0.10793980280228334, 0.16658017644006226, 0.07472755578619616, 0.04852101712506487, 0.06292163985469643, 0.022573949143746757, 0.011416709911779968, 0.02114686040477426, 0.0090814737934613