{"region": {"us": {"histType": {"histogram": {"labels": ["0", "100", "200", "300", "400", "500", "600", "700", "800", "900", "1000", "1100", "1200", "1300", "1400", "1500", "1600", "1700", "1800", "1900", "2000", "2100", "2200", "2300", "2400", "2500", "2600", "2700", "2800", "2900", "3000", "3100", "3200"], "data": [[0.0, 0.0, 0.004608294930875576, 0.004608294930875576, 0.004608294930875576, 0.0069124423963133645, 0.020737327188940093, 0.016129032258064516, 0.04377880184331797, 0.041474654377880185, 0.08755760368663594, 0.11059907834101383, 0.12211981566820276, 0.11981566820276497, 0.11290322580645161, 0.08986175115207373, 0.07373271889400922, 0.041474654377880185, 0.027649769585253458, 0.03686635944700461, 0.01152073732718894, 0.0069124423963133645, 0.0069124423963133645, 0.002304147465437788, 0.0069124423963133645, 0.0, 0.0, 0.0, 0.0, 0.0, 0.0, 0.0, 0.0], [0.0, 0.0003083564600678384, 0.0, 0.0003083564600678384, 0.0006167129201356768, 0.001541782300339192, 0.004625346901017576, 0.008633980881899476, 0.012334258402713537, 0.02682701202590194, 0.036386062288004936, 0.05303731113166821, 0.08233117483811286, 0.09096515572001233, 0.12457600986740672, 0.1332099907493062, 0.1498612395929695, 0.08664816527906259, 0.11131668208448967, 0.03700277520814061, 0.01572617946345976, 0.008942337341967314, 0.0064754856614246065, 0.0018501387604070306, 0.0027752081406105457, 0.0003083564600678384, 0.0018501387604070306, 0.0012334258402713536, 0.0003083564600678384, 0.0, 0.0, 0.0, 0.0], [0.00011217049915872125, 0.0, 0.0, 0.0002243409983174425, 0.0002243409983174425, 0.0002243409983174425, 0.0002243409983174425, 0.0005608524957936063, 0.0026920919798093103, 0.0032529444756029162, 0.005272013460459899, 0.007851934941110488, 0.012114413909141896, 0.019405496354458776, 0.02591138530566461, 0.04004486819966349, 0.19181155356141336, 0.13494111048794166, 0.30745933819405497, 0.08109927089175546, 0.04744812114413909, 0.05866517106001122, 0.020190689848569827, 0.009534492428491307, 0.01985417835109366, 0.006393718452047112, 0.0028042624789680315, 0.0012338754907459339, 0.0, 0.000448681996634885, 0.0, 0.0, 0.0], [0.0, 0.0, 0.0, 0.0, 0.00010768899418479432, 0.00010768899418479432, 0.0007538229592935602, 0.0018307129011415034, 0.004522937755761361, 0.007645918587120396, 0.011415033383588197, 0.013676502261468878, 0.02519922463924187, 0.030368296360111995, 0.044583243592504845, 0.0549213870342451, 0.12330389834158949, 0.15119534783545122, 0.26793021753176827, 0.09810467370234761, 0.05847512384234331, 0.05912125780745208, 0.020245530906741332, 0.007215162610381219, 0.012599612319620935, 0.0033383588197286236, 0.002692224854619858, 0.0006461339651087659, 0.0, 0.0, 0.0, 0.0, 0.0], [0.0, 0.0, 0.006711409395973154, 0.0, 0.006711409395973154, 0.006711409395973154, 0.020134228187919462, 0.03355704697986577, 0.06040268456375839, 0.04697986577181208, 0.06040268456375839, 0.09395973154362416, 0.09395973154362416, 0.1342281879194631, 0.09395973154362416, 0.087248322147651, 0.04697986577181208, 0.040268456375838924, 0.08053691275167785, 0.040268456375838924, 0.013422818791946308, 0.026845637583892617, 0.006711409395973154, 0.0, 0.0, 0.0, 0.0, 0.0, 0.0, 0.0, 0.0, 0.0, 0.0], [0.0, 0.0, 0.0, 0.0, 0.0, 0.0, 0.0, 0.0024694009018681553, 0.00590508911316298, 0.011273351943311145, 0.02061412926776895, 0.031243289671462313, 0.05250161047884905, 0.08417436117672321, 0.10811681339918403, 0.1318445351084389, 0.16147734593085677, 0.09534034786343139, 0.13399184024049818, 0.055185741893923126, 0.029740176079020828, 0.03661155250161048, 0.015138501181017823, 0.006441915396177797, 0.010629160403693366, 0.003757783981103715, 0.0020399398754563022, 0.0008589220528237063, 0.00042946102641185313, 0.00010736525660296328, 0.00010736525660296328, 0.0, 0.0], [0.0, 0.0002346866932644919, 0.0002346866932644919, 0.002346866932644919, 0.0018774935461159353, 0.0035203003989673787, 0.006805914104670265, 0.01361182820934053, 0.021591175780333254, 0.0347336306031448, 0.05116169913165924, 0.06618164750058672, 0.09434405069232575, 0.1100680591410467, 0.11570053977939451, 0.12321051396385825, 0.11945552687162637, 0.0694672612062896, 0.07509974184463741, 0.026519596338887584, 0.017836188688101384, 0.016662755221778926, 0.009622154423844167, 0.005163107251818822, 0.0063365407181412816, 0.0032856137057028865, 0.002816240319173903, 0.0009387467730579676, 0.0004693733865289838, 0.0002346866932644919, 0.0004693733865289838, 0.0, 0.0], [0.003125, 0.0, 0.0, 0.00625, 0.009375, 0.021875, 0.0125, 0.040625, 0.059375, 0.096875, 0.115625, 0.128125, 0.115625, 0.1, 0.078125, 0.0625, 0.053125, 0.021875, 0.025, 0.040625, 0.0, 0.003125, 0.003125, 0.003125, 0.0, 0.0, 0.0, 0.0, 0.0, 0.0, 0.0, 0.0, 0.0], [0.0002946665357037619, 0.00019644435713584126, 0.0004911108928396031, 0.0002946665357037619, 0.0004911108928396031, 0.0012768883213829683, 0.0014733326785188097, 0.004223553678420588, 0.00775955210686573, 0.016010215106571062, 0.02602887732049897, 0.03477065121304391, 0.042628425498477555, 0.04940575581966408, 0.10676750810332973, 0.16118259502995777, 0.15902170710146352, 0.10480306453197132, 0.1170808368529614, 0.05372753167665259, 0.033591985070228855, 0.03231509674884589, 0.016795992535114428, 0.010215106571063746, 0.012474216678125922, 0.0036342206070130636, 0.0020626657499263333, 0.00039288871427168253, 0.0005893330714075238, 0.0, 0.0, 0.0, 0.0], [0.0, 0.0, 0.0, 0.0, 0.0007930214115781126, 0.0003965107057890563, 0.0011895321173671688, 0.0011895321173671688, 0.0023790642347343376, 0.007930214115781126, 0.011498810467882634, 0.014670896114195083, 0.021015067406819986, 0.0344964314036479, 0.05789056304520222, 0.07454401268834258, 0.09952418715305313, 0.08921490880253767, 0.1780333068992863, 0.07176843774781919, 0.0789056304520222, 0.0999206978588422, 0.04559873116574147, 0.01823949246629659, 0.05114988104678826, 0.01586042823156225, 0.011102299762093577, 0.00951625693893735, 0.0023790642347343376, 0.0007930214115781126, 0.0, 0.0, 0.0], [0.0, 0.0, 0.0004772130756382725, 0.0, 0.0011930326890956812, 0.000954426151276545, 0.0021474588403722263, 0.00381770460510618, 0.01026008112622286, 0.01765688379861608, 0.025769506084466716, 0.03602958721068957, 0.06012884753042233, 0.07468384633738964, 0.10021474588403723, 0.12717728465759962, 0.1534240038177046, 0.09377236936292055, 0.13528990694345025, 0.050345979479837745, 0.03626819374850871, 0.03412073490813648, 0.010975900739680267, 0.00882844189930804, 0.00882844189930804, 0.00381770460510618, 0.002863278453829635, 0.0004772130756382725, 0.0004772130756382725, 0.0, 0.0, 0.0, 0.0], [0.0, 0.0, 0.0009991673605328892, 0.0009991673605328892, 0.001498751040799334, 0.0028309741881765195, 0.0069941715237302245, 0.011490424646128226, 0.020815986677768527, 0.036969192339716905, 0.06278101582014987, 0.07610324729392173, 0.10874271440466278, 0.11756869275603664, 0.13522064945878434, 0.12006661115736886, 0.11290591174021648, 0.05978351373855121, 0.060283097418817655, 0.02431307243963364, 0.013988343047460449, 0.011990008326394672, 0.006328059950041632, 0.003164029975020816, 0.002497918401332223, 0.0016652789342214821, 0.0, 0.0, 0.0, 0.0, 0.0, 0.0, 0.0], [0.0, 0.0, 0.0, 0.0, 0.00012208521548040532, 0.0004883408619216213, 0.001953363447686485, 0.001953363447686485, 0.004639238188255402, 0.0056159199120986445, 0.013795629349285802, 0.02112074227811012, 0.028567940422414846, 0.057624221706751313, 0.13380539616652423, 0.14100842387986814, 0.17958735197167622, 0.11622512513734587, 0.151507752411183, 0.049810767916005375, 0.029178366499816873, 0.029666707361738494, 0.01330728848736418, 0.006958857282383104, 0.008301794652667562, 0.0028079599560493222, 0.0013429373702844585, 0.00012208521548040532, 0.0004883408619216213, 0.0, 0.0, 0.0, 0.0], [0.00020727536532283138, 0.0, 0.0, 0.00010363768266141569, 0.00010363768266141569, 0.00031091304798424707, 0.001347289874598404, 0.003316405845165302, 0.010260130583480154, 0.020623898849621722, 0.03482226137423567, 0.045807855736345736, 0.07047362420976266, 0.0924448129339828, 0.10788682765053373, 0.11928697274328946, 0.14239817597678517, 0.09358482744325837, 0.11711058140739973, 0.04850243548554254, 0.029018551145196393, 0.031194942481086122, 0.010467405948802985, 0.005492797181055032, 0.00746191315162193, 0.0029018551145196395, 0.0024873043838739765, 0.0007254637786299099, 0.0008291014612913255, 0.0007254637786299099, 0.00010363768266141569, 0.0, 0.0], [0.0, 0.0, 0.0, 0.0, 0.00043840420868040335, 0.00021920210434020167, 0.0008768084173608067, 0.0017536168347216134, 0.00394563787812363, 0.0070144673388864535, 0.014905743095133712, 0.027400263042525207, 0.049320473476545376, 0.07102148180622533, 0.09886014905743096, 0.1188075405523893, 0.16045594037702762, 0.1188075405523893, 0.14752301622095573, 0.0661990355107409, 0.040333187198597104, 0.03529153879877247, 0.015563349408154318, 0.005699254712845244, 0.010083296799649276, 0.002849627356422622, 0.0010960105217010083, 0.000657606313020605, 0.0, 0.0008768084173608067, 0.0, 0.0, 0.0], [0.0, 0.0, 0.0, 0.00032268473701193933, 0.000968054211035818, 0.0016134236850596966, 0.0025814778960955146, 0.005162955792191029, 0.011616650532429816, 0.017747660535656663, 0.03291384317521781, 0.047757341077767024, 0.07099064214262665, 0.08647950951919975, 0.1000322684737012, 0.11616650532429816, 0.13326879638593095, 0.0951919974185221, 0.10777670216198774, 0.050984188447886415, 0.03581800580832527, 0.03581800580832527, 0.013875443691513391, 0.008712487899322363, 0.011939335269441756, 0.006131010003226848, 0.001936108422071636, 0.002904162633107454, 0.000968054211035818, 0.00032268473701193933, 0.0, 0.0, 0.0], [0.00020742584526031943, 0.0, 0.0008297033810412777, 0.0006222775357809583, 0.0006222775357809583, 0.0010371292263015972, 0.0026965359883841526, 0.006845052893590542, 0.01140842148931757, 0.019290603609209707, 0.03381041277743207, 0.04895249948143539, 0.08027380211574363, 0.10329807093963908, 0.12009956440572496, 0.12404065546567103, 0.13627878033602986, 0.08172578303256586, 0.11055797552375025, 0.04397427919518772, 0.024268823895457373, 0.024476249740717694, 0.008919311346193736, 0.005393071976768305, 0.004770794440987347, 0.001866832607342875, 0.0010371292263015972, 0.001451980916822236, 0.00041485169052063887, 0.0008297033810412777, 0.0, 0.0, 0.0], [0.0, 0.0, 0.00013020833333333333, 0.00026041666666666666, 0.000390625, 0.00026041666666666666, 0.0010416666666666667, 0.004036458333333334, 0.008072916666666667, 0.014192708333333333, 0.02578125, 0.04479166666666667, 0.07604166666666666, 0.09153645833333333, 0.12044270833333333, 0.13190104166666666, 0.15091145833333333, 0.0890625, 0.135546875, 0.038411458333333336, 0.022395833333333334, 0.022005208333333335, 0.008333333333333333, 0.004427083333333333, 0.00546875, 0.0015625, 0.001953125, 0.00026041666666666666, 0.00013020833333333333, 0.0006510416666666666, 0.0, 0.0, 0.0], [0.0, 0.0, 0.0, 0.007575757575757576, 0.015151515151515152, 0.015151515151515152, 0.007575757575757576, 0.007575757575757576, 0.030303030303030304, 0.07575757575757576, 0.030303030303030304, 0.09090909090909091, 0.08333333333333333, 0.06060606060606061, 0.045454545454545456, 0.09848484848484848, 0.12878787878787878, 0.08333333333333333, 0.045454545454545456, 0.030303030303030304, 0.03787878787878788, 0.030303030303030304, 0.022727272727272728, 0.0, 0.007575757575757576, 0.015151515151515152, 0.007575757575757576, 0.022727272727272728, 0.0, 0.0, 0.0, 0.0, 0.0], [0.0002069108214359611, 0.00010345541071798055, 0.0, 0.0, 0.00010345541071798055, 0.00010345541071798055, 0.0002069108214359611, 0.001138009517897786, 0.0023794744465135526, 0.004862404303745086, 0.007862611214566521, 0.010448996482516036, 0.0223463687150838, 0.09921373887854334, 0.13490585557624662, 0.1525967308090213, 0.1839437202565694, 0.11752534657562591, 0.12187047382578109, 0.05545210014483758, 0.02772605007241879, 0.029070970411752536, 0.011690461411131801, 0.004448582660873164, 0.006828057107386716, 0.0021725636250775914, 0.0014483757500517278, 0.0004138216428719222, 0.000931098696461825, 0.0, 0.0, 0.0, 0.0], [0.0, 0.0, 0.0, 0.00012575452716297788, 0.0, 0.00025150905432595576, 0.0011317907444668008, 0.001006036217303823, 0.003898390342052314, 0.00528169014084507, 0.009557344064386318, 0.017605633802816902, 0.029175050301810865, 0.04665492957746479, 0.0744466800804829, 0.10638832997987928, 0.15543259557344064, 0.12588028169014084, 0.17869718309859156, 0.07972837022132796, 0.05306841046277666, 0.05369718309859155, 0.02074949698189135, 0.00993460764587525, 0.015719315895372232, 0.005658953722334004, 0.0032696177062374247, 0.0011317907444668008, 0.0006287726358148893, 0.00025150905432595576, 0.0006287726358148893, 0.0, 0.0], [0.00018304960644334616, 9.152480322167308e-05, 0.0, 0.00018304960644334616, 0.00018304960644334616, 0.0005491488193300384, 0.0007321984257733846, 0.0017389712612117885, 0.0029287937030935385, 0.0054914881933003845, 0.010525352370492404, 0.03368112758557569, 0.051070840197693576, 0.07166392092257001, 0.090426505583013, 0.10543657331136738, 0.1370126304228446, 0.11312465678198792, 0.1587040087863811, 0.07303679297089512, 0.04676917444627494, 0.04841662090426506, 0.01967783269265971, 0.010616877173714076, 0.012355848434925865, 0.0029287937030935385, 0.0014643968515467693, 0.0003660992128866923, 0.0006406736225517115, 0.0, 0.0, 0.0, 0.0], [0.0, 0.0, 0.0, 0.0016155088852988692, 0.0032310177705977385, 0.0, 0.0016155088852988692, 0.006462035541195477, 0.008077544426494346, 0.008077544426494346, 0.01615508885298869, 0.027463651050080775, 0.045234248788368334, 0.09693053311793215, 0.1098546042003231, 0.172859450726979, 0.16962843295638125, 0.11308562197092084, 0.1260096930533118, 0.05654281098546042, 0.01938610662358643, 0.012924071082390954, 0.0032310177705977385, 0.0, 0.0016155088852988692, 0.0, 0.0, 0.0, 0.0, 0.0, 0.0, 0.0, 0.0], [0.0, 0.0, 0.0, 8.263097008758883e-05, 0.0, 8.263097008758883e-05, 0.00024789291026276647, 0.0007436787307882995, 0.0016526194017517765, 0.004627334324904975, 0.007188894397620228, 0.013220955214014212, 0.02107089737233515, 0.02693769624855396, 0.07874731449347215, 0.12402908610147083, 0.17261609651297305, 0.11270864319947116, 0.20599900842835894, 0.07593786151049413, 0.04577755742852421, 0.0627995372665675, 0.01892249215005784, 0.006941001487357461, 0.011650966782350025, 0.003883655594116675, 0.0021484052222773093, 0.0012394645513138325, 0.00041315485043794413, 0.0003305238803503553, 0.0, 0.0, 0.0], [0.00018542555164101615, 9.271277582050807e-05, 9.271277582050807e-05, 0.0, 0.00046356387910254034, 0.00046356387910254034, 0.0002781383274615242, 0.0009271277582050807, 0.0011125533098460968, 0.0052846282217689595, 0.009642128685332839, 0.01909883181902466, 0.034211014277767474, 0.0448729834971259, 0.06768032634897089, 0.07991841275727796, 0.2309475245688856, 0.16243278323753013, 0.18366400890042647, 0.0712961246059707, 0.03643612089745967, 0.030409790469126646, 0.010198405340255887, 0.004264787687743371, 0.004172074911922863, 0.0011125533098460968, 0.0003708511032820323, 0.0003708511032820323, 0.0, 0.0, 0.0, 0.0, 0.0], [0.0, 0.000357653791130186, 0.00011921793037672866, 0.000357653791130186, 0.0004768717215069146, 0.0009537434430138292, 0.0019074868860276585, 0.003934191702432046, 0.006676204101096805, 0.01239866475917978, 0.021101573676680974, 0.035884597043395326, 0.053886504530281355, 0.07021936099189319, 0.0944206008583691, 0.12744396757272294, 0.15701001430615164, 0.1123032904148784, 0.1385312350977587, 0.06223175965665236, 0.0340963280877444, 0.035050071530758224, 0.01514067715784454, 0.006080114449213162, 0.006080114449213162, 0.0016690510252742013, 0.0009537434430138292, 0.000715307582260372, 0.0, 0.0, 0.0, 0.0, 0.0], [0.0, 0.00014048890137679124, 0.0, 0.0, 0.0002809778027535825, 0.00014048890137679124, 0.0009834223096375386, 0.0014048890137679123, 0.005057600449564484, 0.007164933970216353, 0.015734756954200617, 0.02500702444506884, 0.040741781399269456, 0.0640629390278168, 0.09862320876650744, 0.12306827760606912, 0.15327339140207924, 0.09328463051418938, 0.17701601573475695, 0.06195560550716493, 0.036808092160719307, 0.04313009272267491, 0.018825512784490024, 0.0080078673784771, 0.010817645406012925, 0.004776622646810902, 0.003933689238550154, 0.001966844619275077, 0.0014048890137679123, 0.00112391121101433, 0.001264400112391121, 0.0, 0.0], [0.0, 0.00021353833013025838, 0.00021353833013025838, 0.00042707666026051675, 0.001708306641042067, 0.0014947683109118087, 0.003843689942344651, 0.009182148195601111, 0.017723681400811445, 0.026051676275891524, 0.04356181934657271, 0.060431347426863125, 0.07879564381806534, 0.10740978005551996, 0.12662822976724322, 0.11552423660046979, 0.1447789878283152, 0.07687379884689302, 0.10356609011317532, 0.02775998291693359, 0.01708306641042067, 0.021353833013025837, 0.006192611573777493, 0.0025624599615631004, 0.004057228272474909, 0.001067691650651292, 0.0008541533205210335, 0.00042707666026051675, 0.00021353833013025838, 0.0, 0.0, 0.0, 0.0], [0.0, 0.0, 0.0004514672686230248, 0.0013544018058690745, 0.002257336343115124, 0.0018058690744920992, 0.004063205417607223, 0.012641083521444696, 0.012641083521444696, 0.01399548532731377, 0.031151241534988713, 0.04785553047404063, 0.06455981941309255, 0.08261851015801354, 0.109255079006772, 0.11331828442437923, 0.1562076749435666, 0.09255079006772009, 0.12099322799097066, 0.04153498871331828, 0.026636568848758466, 0.02437923250564334, 0.016704288939051917, 0.009932279909706547, 0.006320541760722348, 0.004514672686230248, 0.0013544018058690745, 0.0009029345372460496, 0.0, 0.0, 0.0, 0.0, 0.0], [0.00023263929277654997, 0.0, 0.0, 0.0, 0.00046527858555309994, 0.00046527858555309994, 0.0020937536349889497, 0.007328137722461324, 0.011980923577992323, 0.02175177387460742, 0.035128533209259044, 0.052692799813888566, 0.07677096661626148, 0.1050366406886123, 0.13702454344538792, 0.13655926485983483, 0.13306967546818657, 0.08002791671513318, 0.09293939746423172, 0.03524485285564732, 0.022566011399325347, 0.023496568570431545, 0.009421891357450274, 0.004652785855530999, 0.006630219844131674, 0.0018611143422123998, 0.0013958357566592997, 0.0008142375247179248, 0.0, 0.0003489589391648249, 0.0, 0.0, 0.0], [0.0, 0.0, 0.0, 0.00031635558367605187, 0.00015817779183802593, 0.0009490667510281556, 0.002530844669408415, 0.002847200253084467, 0.006643467257197089, 0.012021512179689971, 0.023093957608351787, 0.029737424865548878, 0.056627649478013284, 0.08035431825371718, 0.10186649794368871, 0.12037329958873774, 0.14710534640936412, 0.0963302752293578, 0.13634925656437835, 0.05868396077190762, 0.03195191395128124, 0.03875355900031636, 0.015501423600126542, 0.008067067383739322, 0.013445112306232205, 0.00585257829800696, 0.005219867130654856, 0.002214489085732363, 0.0012654223347042075, 0.0011072445428661815, 0.0006327111673521037, 0.0, 0.0], [0.0, 0.0, 0.0, 0.0, 0.0003771450122572129, 0.0009428625306430323, 0.0015085800490288515, 0.0033943051103149163, 0.0058457476899867996, 0.01640580803318876, 0.027908730907033753, 0.04299453139732227, 0.06505751461436922, 0.08844050537431643, 0.11201206864039223, 0.12747501414293796, 0.14501225721289837, 0.0933433905336602, 0.13332076183292477, 0.05034885913633792, 0.03073731849896285, 0.02451442579671884, 0.011502922873844993, 0.003960022628700735, 0.005468602677729587, 0.0026400150858004903, 0.0035828776164435225, 0.0015085800490288515, 0.0011314350367716388, 0.0005657175183858194, 0.0, 0.0, 0.0], [0.00010857763300760044, 0.00010857763300760044, 0.00010857763300760044, 0.0, 0.00010857763300760044, 0.000977198697068404, 0.0006514657980456026, 0.002280130293159609, 0.0031487513572204125, 0.005754614549402823, 0.014549402823018458, 0.02193268186753529, 0.06503800217155266, 0.11444082519001086, 0.14560260586319218, 0.150814332247557, 0.16514657980456027, 0.09750271444082519, 0.10912052117263844, 0.04560260586319218, 0.023452768729641693, 0.018892508143322474, 0.008034744842562433, 0.0023887079261672097, 0.00249728555917481, 0.0010857763300760044, 0.00021715526601520088, 0.0003257328990228013, 0.00010857763300760044, 0.0, 0.0, 0.0, 0.0], [0.0, 0.0, 0.0, 0.00017683465959328028, 0.00017683465959328028, 0.0010610079575596816, 0.0014146772767462423, 0.0022988505747126436, 0.00618921308576481, 0.011671087533156498, 0.0242263483642794, 0.03572060123784262, 0.07161803713527852, 0.09725906277630415, 0.1273209549071618, 0.14058355437665782, 0.1596816976127321, 0.10291777188328913, 0.1004420866489832, 0.04226348364279399, 0.02581786030061892, 0.020335985853227233, 0.011494252873563218, 0.003713527851458886, 0.007780725022104333, 0.0028293545534924846, 0.0017683465959328027, 0.00035366931918656057, 0.0005305039787798408, 0.00017683465959328028, 0.00017683465959328028, 0.0, 0.0], [0.0, 0.0, 0.0, 0.00018570102135561745, 0.00018570102135561745, 0.0012999071494893223, 0.0012999071494893223, 0.0022284122562674096, 0.004456824512534819, 0.005756731662024141, 0.014856081708449397, 0.021727019498607242, 0.039368616527390904, 0.06220984215413185, 0.09452181987000928, 0.11847725162488394, 0.1626740947075209, 0.10826369545032498, 0.17084493964716807, 0.06963788300835655, 0.036211699164345405, 0.041225626740947076, 0.016527390900649953, 0.008170844939647167, 0.01095636025998143, 0.0064995357474466105, 0.001671309192200557, 0.0003714020427112349, 0.00018570102135561745, 0.00018570102135561745, 0.0, 0.0, 0.0], [0.0, 0.0, 0.00011646866992778943, 0.0, 0.00023293733985557886, 0.00034940600978336826, 0.00034940600978336826, 0.0012811553692056836, 0.0023293733985557887, 0.009783368273934312, 0.02061495457721873, 0.03598881900768693, 0.05788492895411134, 0.09387374796179827, 0.11378989051945027, 0.12601910086186816, 0.14570230607966456, 0.0914279058933147, 0.14290705800139764, 0.047985092010249246, 0.03272769624970883, 0.031213603540647564, 0.01816911250873515, 0.006871651525739576, 0.013859771721406941, 0.002795248078266946, 0.002212904728627999, 0.0012811553692056836, 0.00023293733985557886, 0.0, 0.0, 0.0, 0.0], [0.0, 0.0, 8.673026886383348e-05, 0.0, 8.673026886383348e-05, 8.673026886383348e-05, 0.00026019080659150045, 0.0008673026886383347, 0.0017346053772766695, 0.004770164787510842, 0.008759757155247181, 0.01647875108412836, 0.027753686036426712, 0.036253252385082396, 0.054553339115351256, 0.060711188204683436, 0.17684301821335646, 0.14024284475281873, 0.24006938421509108, 0.08768430182133564, 0.04917606244579358, 0.05568083261058109, 0.013616652211621855, 0.005897658282740676, 0.010320901994796183, 0.004163052905464007, 0.0019080659150043364, 0.0007805724197745013, 0.0006071118820468344, 0.0006071118820468344, 0.0, 0.0, 0.0], [0.0, 0.0, 0.0, 0.000111000111000111, 0.000666000666000666, 0.000666000666000666, 0.000888000888000888, 0.002442002442002442, 0.005439005439005439, 0.009768009768009768, 0.015873015873015872, 0.029637029637029636, 0.04995004995004995, 0.07326007326007326, 0.11011211011211011, 0.1341991341991342, 0.1727161727161727, 0.11277611277611278, 0.15906315906315907, 0.05028305028305028, 0.02564102564102564, 0.030303030303030304, 0.007659007659007659, 0.003219003219003219, 0.002553002553002553, 0.000666000666000666, 0.000999000999000999, 0.000777000777000777, 0.000333000333000333, 0.0, 0.0, 0.0, 0.0], [0.0, 0.0035842293906810036, 0.0, 0.0035842293906810036, 0.0035842293906810036, 0.021505376344086023, 0.025089605734767026, 0.03942652329749104, 0.07526881720430108, 0.04659498207885305, 0.04659498207885305, 0.08602150537634409, 0.06451612903225806, 0.12544802867383512, 0.1039426523297491, 0.11469534050179211, 0.08960573476702509, 0.05017921146953405, 0.043010752688172046, 0.014336917562724014, 0.010752688172043012, 0.014336917562724014, 0.0035842293906810036, 0.014336917562724014, 0.0, 0.0, 0.0, 0.0, 0.0, 0.0, 0.0, 0.0, 0.0]]}, "ranks": {"labels": ["Unranked", "Combatatent I", "Combatatent II", "Challenger I", "Challenger II", "Rival I", "Rival II", "Duelist", "Elite"], "data": [[0.14285714285714285, 0.19815668202764977, 0.24193548387096775, 0.20276497695852536, 0.1152073732718894, 0.055299539170506916, 0.020737327188940093, 0.016129032258064516, 0.0069124423963133645], [0.05519580635214308, 0.08942337341967314, 0.17329633055812518, 0.2577860006167129, 0.23650940487203206, 0.1341350601295097, 0.029910576626580327, 0.017267961763798953, 0.0064754856614246065], [0.007515423443634324, 0.013123948401570386, 0.031519910263600674, 0.0659562535053281, 0.32675266404935505, 0.3514301738642737, 0.08457655636567583, 0.08839035333707235, 0.030734716769489624], [0.014968770191686409, 0.025091535645057075, 0.055567520999353866, 0.09950463062674994, 0.2744992461770407, 0.321990092612535, 0.10251992246392419, 0.08658195132457464, 0.019276329959078183], [0.18120805369127516, 0.15436241610738255, 0.22818791946308725, 0.18120805369127516, 0.087248322147651, 0.12080536912751678, 0.013422818791946308, 0.03355704697986577, 0.0], [0.01964784195834228, 0.051857418939231265, 0.13667597165557227, 0.23996134850762293, 0.25681769379428815, 0.1652351299119605, 0.05368262830148164, 0.0581919690788061, 0.01792999785269487], [0.08495658296174607, 0.11734334663224595, 0.20441210983337244, 0.23891105374325275, 0.188922788077916, 0.09152781037315184, 0.027927716498474538, 0.031448016897441915, 0.014550574982398498], [0.25, 0.24375, 0.215625, 0.140625, 0.075, 0.05, 0.015625, 0.009375, 0.0], [0.03251154110598173, 0.060799528533542875, 0.09203418131814163, 0.2679501031332875, 0.2638247716334348, 0.1476279343875847, 0.056772419212258125, 0.059326195855024064, 0.019153324820744524], [0.01387787470261697, 0.026169706582077717, 0.05551149881046788, 0.1324345757335448, 0.1887390959555908, 0.21213322759714512, 0.11657414750198256, 0.16375892149088025, 0.09080095162569389], [0.03650680028632784, 0.06179909329515629, 0.13481269386781197, 0.22739203054163684, 0.24719637318062515, 0.16750178954903364, 0.05440229062276306, 0.05392507754712479, 0.0164638511095204], [0.08259783513738551, 0.1388842631140716, 0.22631140716069942, 0.2552872606161532, 0.1726894254787677, 0.07360532889258951, 0.02497918401332223, 0.02148209825145712, 0.004163197335553705], [0.014772311073129044, 0.03491637162739592, 0.08619216212916615, 0.2748138200463924, 0.2958124771090221, 0.18019777804907824, 0.050299108777926996, 0.04993285313148578, 0.01306311805640337], [0.03627318893149549, 0.0806301171105814, 0.16291843714374546, 0.2271738003938232, 0.23598300342004352, 0.1439527412167064, 0.05067882682143227, 0.04715514561094414, 0.015234739351228106], [0.014248136782113108, 0.04230600613765892, 0.12034195528277071, 0.21766768960982025, 0.27926348092941694, 0.18588338448049102, 0.06817185444980271, 0.05655414291977203, 0.015563349408154318], [0.040012907389480476, 0.08067118425298483, 0.1574701516618264, 0.21619877379799934, 0.22846079380445306, 0.13423685059696677, 0.060342045821232655, 0.05840593739916102, 0.02420135527589545], [0.043559427504667084, 0.08276291225886745, 0.1835718730553827, 0.24414021987139597, 0.21800456336859572, 0.1375233354075918, 0.041277743206803566, 0.03878863306367973, 0.010371292263015973], [0.028385416666666666, 0.07057291666666667, 0.167578125, 0.25234375, 0.23997395833333332, 0.15729166666666666, 0.0390625, 0.034765625, 0.010026041666666667], [0.1590909090909091, 0.12121212121212122, 0.14393939393939395, 0.14393939393939395, 0.21212121212121213, 0.06060606060606061, 0.05303030303030303, 0.05303030303030303, 0.05303030303030303], [0.009104076143182288, 0.01831160769708256, 0.12156010759362715, 0.28750258638526793, 0.3014690668321953, 0.15342437409476514, 0.0516242499482723, 0.0452100144837575, 0.011793916821849782], [0.011695171026156942, 0.02716297786720322, 0.07582997987927566, 0.18083501006036218, 0.2813128772635815, 0.2243460764587525, 0.08714788732394366, 0.08438128772635815, 0.027288732394366196], [0.012081274025260845, 0.04420647995606809, 0.12273476112026359, 0.19586307889438037, 0.2501372872048325, 0.1991579718103606, 0.07935200439319055, 0.07871133077063884, 0.017755811825004575], [0.029079159935379646, 0.04361873990306947, 0.1421647819063005, 0.2827140549273021, 0.2827140549273021, 0.15993537964458804, 0.0420032310177706, 0.01615508885298869, 0.0016155088852988692], [0.0074367873078829945, 0.020409849611634442, 0.048008593620889106, 0.20277640059494298, 0.2853247397124442, 0.24954552966451826, 0.07816889770285904, 0.08866303090398281, 0.019666170880846143], [0.008900426478768774, 0.0287409605043575, 0.07908399777489337, 0.14759873910624885, 0.3933803078064157, 0.22380864083070648, 0.06758761357315038, 0.0448729834971259, 0.006026330428333024], [0.027181688125894134, 0.0569861707200763, 0.12410586552217454, 0.22186456843109204, 0.26931330472103004, 0.17381974248927037, 0.06103958035288507, 0.05627086313781593, 0.009418216499761564], [0.015172801348693454, 0.040741781399269456, 0.10480472042708626, 0.22169148637257657, 0.2465580219162686, 0.21059286316381007, 0.06518685023883113, 0.06996347288564203, 0.025288002247822423], [0.060858424087123636, 0.10399316677343583, 0.1862054238735853, 0.242152466367713, 0.2216527866752082, 0.11936792654281443, 0.02904121289771514, 0.03010890454836643, 0.00661968823403801], [0.049209932279909704, 0.07900677200902935, 0.1471783295711061, 0.22257336343115125, 0.24875846501128668, 0.145372460496614, 0.04379232505643341, 0.051015801354401806, 0.01309255079006772], [0.044317785273932764, 0.08782133302314761, 0.1818076073048738, 0.2735838083052228, 0.21309759218331975, 0.11329533558217983, 0.037454926137024544, 0.03757124578341282, 0.011050366406886123], [0.025466624485922178, 0.052831382473900665, 0.13698196773173046, 0.22223979753242645, 0.24343562163872193, 0.16687757038911738, 0.06010756089844986, 0.06232204998418222, 0.029737424865548878], [0.028474448425419574, 0.07090326230435602, 0.15349801998868565, 0.2394870827833302, 0.23835564774655854, 0.1636809353196304, 0.050726004148595134, 0.03997737129926457, 0.014897227984159909], [0.013246471226927252, 0.036482084690553744, 0.1794788273615635, 0.2964169381107492, 0.26264929424538547, 0.13463626492942454, 0.043539630836047775, 0.029315960912052116, 0.004234527687296417], [0.022988505747126436, 0.05994694960212202, 0.16887709991158267, 0.26790450928381965, 0.2625994694960212, 0.12431476569407604, 0.04420866489832007, 0.035543766578249335, 0.013616268788682582], [0.015413184772516249, 0.036583101207056636, 0.10157845868152275, 0.21299907149489322, 0.27093779015784586, 0.21039925719591457, 0.06629526462395544, 0.06592386258124419, 0.019870009285051067], [0.014442115071045888, 0.05660377358490566, 0.1517586769159096, 0.23980899138131842, 0.23713021197297926, 0.16981132075471697, 0.05380852550663871, 0.05625436757512229, 0.02038201723736315], [0.007892454466608847, 0.025238508239375543, 0.0640069384215091, 0.1152645273200347, 0.3170858629661752, 0.28820468343451866, 0.08872506504770165, 0.07519514310494363, 0.018386816999132697], [0.01998001998001998, 0.04551004551004551, 0.12321012321012322, 0.24431124431124432, 0.2854922854922855, 0.1865911865911866, 0.0483960483960484, 0.041181041181041184, 0.005328005328005328], [0.21863799283154123, 0.13261648745519714, 0.18996415770609318, 0.21863799283154123, 0.13978494623655913, 0.04659498207885305, 0.021505376344086023, 0.03225806451612903, 0.0]]}, "ranksDetailed": {"labels": ["Unranked", "Combatatant", "Challenger", "Rival", "Duelist", "Elite"], "data": [[0.14285714285714285, 0.4400921658986175, 0.31797235023041476, 0.07603686635944701, 0.016129032258064516, 0.0069124423963133645], [0.05519580635214308, 0.2627197039777983, 0.494295405488745, 0.16404563675609005, 0.017267961763798953, 0.0064754856614246065], [0.007515423443634324, 0.04464385866517106, 0.3927089175546831, 0.4360067302299495, 0.08839035333707235, 0.030734716769489624], [0.014968770191686409, 0.08065905664441095, 0.37400387680379066, 0.4245100150764592, 0.08658195132457464, 0.019276329959078183], [0.18120805369127516, 0.3825503355704698, 0.2684563758389262, 0.1342281879194631, 0.03355704697986577, 0.0], [0.01964784195834228, 0.18853339059480353, 0.4967790423019111, 0.21891775821344214, 0.0581919690788061, 0.01792999785269487], [0.08495658296174607, 0.3217554564656184, 0.42783384182116874, 0.11945552687162637, 0.031448016897441915, 0.014550574982398498], [0.25, 0.459375, 0.215625, 0.065625, 0.009375, 0.0], [0.03251154110598173, 0.1528337098516845, 0.5317748747667224, 0.20440035359984285, 0.059326195855024064, 0.019153324820744524], [0.01387787470261697, 0.0816812053925456, 0.32117367168913563, 0.3287073750991277, 0.16375892149088025, 0.09080095162569389], [0.03650680028632784, 0.19661178716296826, 0.47458840372226196, 0.22190408017179672, 0.05392507754712479, 0.0164638511095204], [0.08259783513738551, 0.365195670274771, 0.4279766860949209, 0.09858451290591173, 0.02148209825145712, 0.004163197335553705], [0.014772311073129044, 0.12110853375656208, 0.5706262971554145, 0.23049688682700525, 0.04993285313148578, 0.01306311805640337], [0.03627318893149549, 0.24354855425432687, 0.4631568038138667, 0.19463156803813866, 0.04715514561094414, 0.015234739351228106], [0.014248136782113108, 0.16264796142042964, 0.4969311705392372, 0.25405523893029375, 0.05655414291977203, 0.015563349408154318], [0.040012907389480476, 0.23814133591481124, 0.4446595676024524, 0.19457889641819942, 0.05840593739916102, 0.02420135527589545], [0.043559427504667084, 0.26633478531425014, 0.4621447832399917, 0.17880107861439534, 0.03878863306367973, 0.010371292263015973], [0.028385416666666666, 0.23815104166666667, 0.4923177083333333, 0.19635416666666666, 0.034765625, 0.010026041666666667], [0.1590909090909091, 0.26515151515151514, 0.3560606060606061, 0.11363636363636363, 0.05303030303030303, 0.05303030303030303], [0.009104076143182288, 0.1398717152907097, 0.5889716532174633, 0.20504862404303745, 0.0452100144837575, 0.011793916821849782], [0.011695171026156942, 0.10299295774647887, 0.4621478873239437, 0.31149396378269617, 0.08438128772635815, 0.027288732394366196], [0.012081274025260845, 0.16694124107633168, 0.4460003660992129, 0.27850997620355117, 0.07871133077063884, 0.017755811825004575], [0.029079159935379646, 0.18578352180936994, 0.5654281098546042, 0.20193861066235863, 0.01615508885298869, 0.0016155088852988692], [0.0074367873078829945, 0.06841844323252355, 0.4881011403073872, 0.32771442736737727, 0.08866303090398281, 0.019666170880846143], [0.008900426478768774, 0.10782495827925088, 0.5409790469126645, 0.29139625440385686, 0.0448729834971259, 0.006026330428333024], [0.027181688125894134, 0.18109203624225084, 0.4911778731521221, 0.23485932284215547, 0.05627086313781593, 0.009418216499761564], [0.015172801348693454, 0.14554650182635573, 0.4682495082888452, 0.2757797134026412, 0.06996347288564203, 0.025288002247822423], [0.060858424087123636, 0.29019859064702114, 0.4638052530429212, 0.14840913944052958, 0.03010890454836643, 0.00661968823403801], [0.049209932279909704, 0.22618510158013544, 0.47133182844243793, 0.18916478555304742, 0.051015801354401806, 0.01309255079006772], [0.044317785273932764, 0.2696289403280214, 0.4866814004885425, 0.1507502617192044, 0.03757124578341282, 0.011050366406886123], [0.025466624485922178, 0.18981335020563114, 0.46567541917114835, 0.22698513128756723, 0.06232204998418222, 0.029737424865548878], [0.028474448425419574, 0.22440128229304168, 0.47784273052988874, 0.21440693946822553, 0.03997737129926457, 0.014897227984159909], [0.013246471226927252, 0.21596091205211726, 0.5590662323561346, 0.17817589576547233, 0.029315960912052116, 0.004234527687296417], [0.022988505747126436, 0.2288240495137047, 0.5305039787798409, 0.1685234305923961, 0.035543766578249335, 0.013616268788682582], [0.015413184772516249, 0.1381615598885794, 0.4839368616527391, 0.27669452181987003, 0.06592386258124419, 0.019870009285051067], [0.014442115071045888, 0.20836245050081528, 0.4769392033542977, 0.2236198462613557, 0.05625436757512229, 0.02038201723736315], [0.007892454466608847, 0.08924544666088464, 0.43235039028620986, 0.3769297484822203, 0.07519514310494363, 0.018386816999132697], [0.01998001998001998, 0.16872016872016873, 0.5298035298035298, 0.23498723498723498, 0.041181041181041184, 0.005328005328005328], [0.21863799283154123, 0.3225806451612903, 0.35842293906810035, 0.06810035842293907, 0.03225806451612903, 0.0]]}}}, "eu": {"histType": {"histogram": {"labels": ["0", "100", "200", "300", "400", "500", "600", "700", "800", "900", "1000", "1100", "1200", "1300", "1400", "1500", "1600", "1700", "1800", "1900", "2000", "2100", "2200", "2300", "2400", "2500", "2600", "2700", "2800", "2900", "3000", "3100", "3200"], "data": [[0.0, 0.0, 0.0028089887640449437, 0.0, 0.0, 0.008426966292134831, 0.011235955056179775, 0.028089887640449437, 0.0702247191011236, 0.08426966292134831, 0.0702247191011236, 0.09831460674157304, 0.07303370786516854, 0.11797752808988764, 0.13202247191011235, 0.1151685393258427, 0.06179775280898876, 0.042134831460674156, 0.03651685393258427, 0.025280898876404494, 0.011235955056179775, 0.008426966292134831, 0.0028089887640449437, 0.0, 0.0, 0.0, 0.0, 0.0, 0.0, 0.0, 0.0, 0.0, 0.0], [0.00033422459893048126, 0.0, 0.001002673796791444, 0.001002673796791444, 0.001002673796791444, 0.004344919786096257, 0.00768716577540107, 0.009358288770053475, 0.021056149732620322, 0.030080213903743314, 0.04177807486631016, 0.06216577540106952, 0.08054812834224599, 0.10327540106951871, 0.12834224598930483, 0.12800802139037434, 0.1447192513368984, 0.0711898395721925, 0.09859625668449198, 0.027406417112299464, 0.015040106951871657, 0.011029411764705883, 0.004679144385026738, 0.0030080213903743314, 0.0030080213903743314, 0.0006684491978609625, 0.0006684491978609625, 0.0, 0.0, 0.0, 0.0, 0.0, 0.0], [0.0, 0.0, 0.0, 0.00011285407967498025, 0.00011285407967498025, 0.00011285407967498025, 0.00011285407967498025, 0.000902832637399842, 0.001805665274799684, 0.0025956438325245457, 0.005755558063423993, 0.00947974269269834, 0.012752511003272769, 0.015912425234172214, 0.025730730165895496, 0.1022457961855321, 0.2034759056539894, 0.1274122559530527, 0.26994695858255274, 0.07414513034646203, 0.04694729714479178, 0.052477147048865816, 0.01805665274799684, 0.007448369258548696, 0.012526802843922808, 0.005416995824399052, 0.0025956438325245457, 0.0012413948764247828, 0.0003385622390249407, 0.0003385622390249407, 0.0, 0.0, 0.0], [0.0, 0.0, 0.0, 0.00010258514567090685, 0.00010258514567090685, 0.0002051702913418137, 0.000718096019696348, 0.0019491177677472302, 0.0023594583504308576, 0.005744768157570784, 0.011489536315141567, 0.01764464505539598, 0.021440295445219533, 0.02800574476815757, 0.04421419778416085, 0.057447681575707836, 0.14772260976610588, 0.16259745588838737, 0.24425523184242923, 0.09817398440705785, 0.05416495691423882, 0.0553959786622897, 0.01692654903569963, 0.007693885925318014, 0.014054164956914238, 0.004205990972507181, 0.0016413623307345096, 0.0011284366023799754, 0.00030775543701272055, 0.00030775543701272055, 0.0, 0.0, 0.0], [0.0, 0.0, 0.0, 0.0, 0.0, 0.02142857142857143, 0.03571428571428571, 0.05714285714285714, 0.06428571428571428, 0.05714285714285714, 0.06428571428571428, 0.10714285714285714, 0.07142857142857142, 0.05714285714285714, 0.07142857142857142, 0.12142857142857143, 0.02857142857142857, 0.09285714285714286, 0.03571428571428571, 0.04285714285714286, 0.04285714285714286, 0.0, 0.0, 0.007142857142857143, 0.02142857142857143, 0.0, 0.0, 0.0, 0.0, 0.0, 0.0, 0.0, 0.0], [0.0, 0.00010795638562020944, 0.00010795638562020944, 0.00021591277124041888, 0.0003238691568606283, 0.00010795638562020944, 0.0008636510849616755, 0.004642124581669006, 0.005613732052250891, 0.012630897117564504, 0.024290186764547122, 0.03692108388211163, 0.05289862895390263, 0.07578538270538702, 0.10720069092086797, 0.12339414876389938, 0.14757637914282629, 0.10158695886861707, 0.13883191190758934, 0.05624527690812912, 0.03141530821548095, 0.04059160099319875, 0.014790024829968693, 0.005289862895390262, 0.010039943862679477, 0.004642124581669006, 0.002267084098024398, 0.0006477383137212566, 0.00021591277124041888, 0.0005397819281010472, 0.00021591277124041888, 0.0, 0.0], [0.00021696680407897592, 0.00043393360815795185, 0.00043393360815795185, 0.0010848340203948796, 0.003