{"region": {"us": {"histType": {"histogram": {"labels": ["0", "100", "200", "300", "400", "500", "600", "700", "800", "900", "1000", "1100", "1200", "1300", "1400", "1500", "1600", "1700", "1800", "1900", "2000", "2100", "2200", "2300", "2400", "2500", "2600", "2700", "2800", "2900", "3000", "3100", "3200"], "data": [[0.0, 0.0, 0.003215434083601286, 0.003215434083601286, 0.006430868167202572, 0.006430868167202572, 0.022508038585209004, 0.012861736334405145, 0.03215434083601286, 0.028938906752411574, 0.0707395498392283, 0.07395498392282958, 0.08360128617363344, 0.1189710610932476, 0.10610932475884244, 0.11254019292604502, 0.09967845659163987, 0.05466237942122187, 0.05466237942122187, 0.04823151125401929, 0.028938906752411574, 0.00964630225080386, 0.00964630225080386, 0.0, 0.012861736334405145, 0.0, 0.0, 0.0, 0.0, 0.0, 0.0, 0.0, 0.0], [0.0, 0.0008240626287597857, 0.0, 0.00041203131437989287, 0.0008240626287597857, 0.0016481252575195715, 0.004944375772558714, 0.010712814173877214, 0.011124845488257108, 0.019777503090234856, 0.034610630407911, 0.042439225381128966, 0.0638648537288834, 0.07457766790276062, 0.10094767202307375, 0.1211372064276885, 0.14709517923362175, 0.08941079522043675, 0.15203955500618047, 0.05562422744128554, 0.024309847548413678, 0.016481252575195716, 0.009888751545117428, 0.004944375772558714, 0.004944375772558714, 0.0016481252575195715, 0.003296250515039143, 0.0020601565718994645, 0.00041203131437989287, 0.0, 0.0, 0.0, 0.0], [0.00014088475626937165, 0.0, 0.0, 0.0002817695125387433, 0.0002817695125387433, 0.0002817695125387433, 0.0002817695125387433, 0.0007044237813468582, 0.0033812341504649195, 0.004367427444350521, 0.007748661594815441, 0.011270780501549732, 0.017328825021132713, 0.02719075795998873, 0.03930684699915469, 0.05959425190194421, 0.09523809523809523, 0.10664976049591435, 0.28416455339532265, 0.08763031839954917, 0.06269371653987038, 0.09270216962524655, 0.0273316427162581, 0.014652014652014652, 0.033389687235841084, 0.01028458720766413, 0.004930966469428008, 0.004085657931811778, 0.0014088475626937165, 0.00253592561284869, 0.00014088475626937165, 0.0, 0.0], [0.0, 0.0, 0.0, 0.0, 0.00013161358252171624, 0.00013161358252171624, 0.0009212950776520137, 0.0023690444853908922, 0.0061858383785206635, 0.010397473019215583, 0.01579362990260595, 0.018425901553040275, 0.034482758620689655, 0.04448539089234009, 0.06343774677546722, 0.08304817057120295, 0.15135561989997368, 0.1191102921821532, 0.20729139247170308, 0.086733350881811, 0.05409318241642538, 0.058699657804685446, 0.01750460647538826, 0.007633587786259542, 0.011976836009476178, 0.0025006580679126085, 0.0011845222426954461, 0.0015793629902605948, 0.00026322716504343247, 0.0, 0.00026322716504343247, 0.0, 0.0], [0.0, 0.0, 0.0, 0.0, 0.008771929824561403, 0.0, 0.008771929824561403, 0.03508771929824561, 0.03508771929824561, 0.05263157894736842, 0.043859649122807015, 0.07894736842105263, 0.07017543859649122, 0.10526315789473684, 0.07894736842105263, 0.10526315789473684, 0.06140350877192982, 0.03508771929824561, 0.08771929824561403, 0.08771929824561403, 0.02631578947368421, 0.043859649122807015, 0.017543859649122806, 0.017543859649122806, 0.0, 0.0, 0.0, 0.0, 0.0, 0.0, 0.0, 0.0, 0.0], [0.0, 0.0, 0.0, 0.0, 0.0, 0.0001322401481089659, 0.0, 0.0018513620735255223, 0.0018513620735255223, 0.00674424755355726, 0.010446971700608305, 0.016926738957947635, 0.030944194657498016, 0.052763819095477386, 0.07537688442211055, 0.10354403596932028, 0.15961385876752182, 0.11266860618883894, 0.17548267654059774, 0.07445120338534779, 0.04350700872784977, 0.06215286961121397, 0.020629463104998677, 0.010446971700608305, 0.02115842369743454, 0.00833112933086485, 0.003306003702724147, 0.003306003702724147, 0.0021158423697434543, 0.0007934408886537953, 0.0014546416291986246, 0.0, 0.0], [0.0, 0.0, 0.0002642007926023778, 0.001585204755614267, 0.001585204755614267, 0.003170409511228534, 0.005812417437252312, 0.008982826948480845, 0.017437252311756937, 0.024570673712021138, 0.03883751651254954, 0.04702774108322325, 0.07001321003963012, 0.08348745046235138, 0.10911492734478204, 0.12338177014531043, 0.12523117569352707, 0.08190224570673713, 0.11043593130779393, 0.03883751651254954, 0.028005284015852047, 0.02906208718626156, 0.011096433289299868, 0.007133421400264201, 0.012681638044914135, 0.006340819022457068, 0.006869220607661823, 0.0023778071334214002, 0.0018494055482166448, 0.0007926023778071334, 0.0021136063408190224, 0.0, 0.0], [0.0033333333333333335, 0.0, 0.0033333333333333335, 0.01, 0.016666666666666666, 0.013333333333333334, 0.016666666666666666, 0.05, 0.05, 0.1, 0.08666666666666667, 0.10333333333333333, 0.09, 0.10333333333333333, 0.07666666666666666, 0.06666666666666667, 0.06666666666666667, 0.03333333333333333, 0.02666666666666667, 0.03666666666666667, 0.006666666666666667, 0.013333333333333334, 0.02, 0.006666666666666667, 0.0, 0.0, 0.0, 0.0, 0.0, 0.0, 0.0, 0.0, 0.0], [0.000329453107840984, 0.00021963540522732265, 0.0005490885130683066, 0.0005490885130683066, 0.0005490885130683066, 0.0015374478365912585, 0.0017570832418185812, 0.0050516143202284204, 0.009334504722161213, 0.020645728091368328, 0.033055128486712056, 0.04590379969251043, 0.05787392927739952, 0.06512189764990116, 0.08335163628376895, 0.08752470898308808, 0.13946848231934988, 0.1008126509993411, 0.11948166044366351, 0.06314517900285525, 0.044476169558532834, 0.04568416428728311, 0.020096639578300022, 0.012848671205798374, 0.021414452009663958, 0.00911486931693389, 0.00582033823852405, 0.0017570832418185812, 0.002306171754886888, 0.00021963540522732265, 0.0, 0.0, 0.0], [0.0, 0.0, 0.0, 0.0, 0.00036927621861152144, 0.00036927621861152144, 0.00036927621861152144, 0.00036927621861152144, 0.0007385524372230429, 0.005539143279172821, 0.007016248153618907, 0.005908419497784343, 0.012186115214180207, 0.021048744460856722, 0.04025110782865583, 0.06351550960118169, 0.07791728212703102, 0.08124076809453472, 0.18759231905465287, 0.08087149187592318, 0.08530280649926145, 0.12149187592319055, 0.050221565731166914, 0.025480059084194977, 0.06868537666174299, 0.022895125553914326, 0.013663220088626292, 0.014771048744460856, 0.0066469719350073855, 0.004062038404726735, 0.0014771048744460858, 0.0, 0.0], [0.0, 0.0, 0.0003244646333549643, 0.0, 0.0016223231667748216, 0.0016223231667748216, 0.0035691109669046075, 0.003893575600259572, 0.012005191434133679, 0.018170019467878003, 0.030499675535366644, 0.03439325113562622, 0.05970149253731343, 0.07235561323815703, 0.09214795587280987, 0.11194029850746269, 0.14049318624269955, 0.09117456197274497, 0.15120051914341337, 0.054510058403634, 0.036340038935756006, 0.04023361453601557, 0.012654120700843608, 0.008436080467229072, 0.01135626216742375, 0.004218040233614536, 0.001946787800129786, 0.0016223231667748216, 0.001946787800129786, 0.0016223231667748216, 0.0, 0.0, 0.0], [0.0001839926402943882, 0.0, 0.0005519779208831647, 0.0005519779208831647, 0.0009199632014719411, 0.0020239190432382705, 0.004599816007359705, 0.008095676172953082, 0.013615455381784729, 0.022999080036798528, 0.048206071757129716, 0.0640294388224471, 0.08978840846366146, 0.09733210671573136, 0.1344986200551978, 0.1313707451701932, 0.12897884084636616, 0.07433302667893284, 0.08040478380864766, 0.0375344986200552, 0.019319227230910764, 0.01839926402943882, 0.008095676172953082, 0.005335786568537258, 0.004047838086476541, 0.0014719411223551057, 0.0018399264029438822, 0.0009199632014719411, 0.0005519779208831647, 0.0, 0.0, 0.0, 0.0], [0.0, 0.0, 0.0, 0.0, 0.0003480682213713888, 0.0006961364427427776, 0.0027845457709711106, 0.0029585798816568047, 0.00713539853811347, 0.009223807866341803, 0.022798468499825964, 0.0342847198050818, 0.046815175774451795, 0.06752523494604942, 0.10633484162895927, 0.11294813783501566, 0.14549251653324052, 0.10389836407935955, 0.1587191089453533, 0.06021580229725026, 0.037243299686738604, 0.03619909502262444, 0.013574660633484163, 0.008527671423599026, 0.012878524190741385, 0.005046989209885138, 0.0015663069961712496, 0.0010442046641141664, 0.001740341106856944, 0.0, 0.0, 0.0, 0.0], [0.00024131274131274132, 0.0, 0.0, 0.00012065637065637066, 0.00012065637065637066, 0.00036196911196911195, 0.0015685328185328184, 0.0022924710424710427, 0.005067567567567568, 0.013272200772200772, 0.02171814671814672, 0.02557915057915058, 0.03571428571428571, 0.04741795366795367, 0.06732625482625483, 0.09049227799227799, 0.13392857142857142, 0.11438223938223938, 0.17784749034749034, 0.08458011583011583, 0.05453667953667954, 0.05888030888030888, 0.020511583011583012, 0.010255791505791506, 0.017495173745173745, 0.005308880308880309, 0.0039816602316602315, 0.0026544401544401543, 0.0015685328185328184, 0.002413127413127413, 0.00036196911196911195, 0.0, 0.0], [0.0, 0.0, 0.0, 0.0, 0.000468384074941452, 0.000234192037470726, 0.000702576112412178, 0.000702576112412178, 0.004215456674473068, 0.004215456674473068, 0.013114754098360656, 0.018032786885245903, 0.03629976580796253, 0.05175644028103044, 0.07400468384074942, 0.10070257611241218, 0.14964871194379392, 0.11592505854800937, 0.17142857142857143, 0.07962529274004684, 0.05807962529274005, 0.05690866510538642, 0.02271662763466042, 0.010304449648711944, 0.016627634660421546, 0.007728337236533958, 0.001873536299765808, 0.001873536299765808, 0.000936768149882904, 0.001873536299765808, 0.0, 0.0, 0.0], [0.0, 0.00041152263374485596, 0.0, 0.0, 0.0012345679012345679, 0.0012345679012345679, 0.0008230452674897119, 0.0049382716049382715, 0.009876543209876543, 0.013991769547325103, 0.019753086419753086, 0.031275720164609055, 0.047736625514403296, 0.05720164609053498, 0.08065843621399177, 0.10411522633744856, 0.13580246913580246, 0.10246913580246914, 0.13580246913580246, 0.06460905349794238, 0.05308641975308642, 0.046502057613168724, 0.027983539094650206, 0.01440329218106996, 0.017695473251028805, 0.009876543209876543, 0.004526748971193415, 0.006172839506172839, 0.00411522633744856, 0.0024691358024691358, 0.0012345679012345679, 0.0, 0.0], [0.0002213368747233289, 0.0, 0.0004426737494466578, 0.0004426737494466578, 0.0004426737494466578, 0.0008853474988933156, 0.0015493581230633024, 0.0037627268702965914, 0.0073041168658698535, 0.01217352810978309, 0.022355024347056218, 0.03961930057547587, 0.06772908366533864, 0.07901726427622842, 0.1064630367419212, 0.1248339973439575, 0.13656485170429394, 0.09296148738379814, 0.12859672421425408, 0.05068614431164232, 0.03430721558211598, 0.040061974324922534, 0.014829570606463036, 0.007746790615316512, 0.013058875608676405, 0.005312084993359893, 0.0035413899955732625, 0.00199203187250996, 0.0015493581230633024, 0.0015493581230633024, 0.0, 0.0, 0.0], [0.0, 0.0, 0.00016823687752355316, 0.00033647375504710633, 0.0005047106325706595, 0.00033647375504710633, 0.0011776581426648722, 0.0028600269179004036, 0.004037685060565276, 0.009925975773889636, 0.020020188425302825, 0.025235531628532974, 0.04626514131897712, 0.05804172274562584, 0.09892328398384927, 0.12146702557200538, 0.14602960969044415, 0.09858681022880215, 0.18253701211305517, 0.060397039030955585, 0.034993270524899055, 0.040376850605652756, 0.015309555854643338, 0.007907133243607, 0.012113055181695828, 0.004205921938088829, 0.0033647375504710633, 0.0016823687752355316, 0.0005047106325706595, 0.0026917900403768506, 0.0, 0.0, 0.0], [0.0, 0.0, 0.0, 0.009009009009009009, 0.009009009009009009, 0.009009009009009009, 0.0, 0.009009009009009009, 0.009009009009009009, 0.05405405405405406, 0.02702702702702703, 0.04504504504504504, 0.04504504504504504, 0.06306306306306306, 0.05405405405405406, 0.11711711711711711, 0.12612612612612611, 0.08108108108108109, 0.07207207207207207, 0.02702702702702703, 0.08108108108108109, 0.036036036036036036, 0.036036036036036036, 0.0, 0.018018018018018018, 0.02702702702702703, 0.009009009009009009, 0.036036036036036036, 0.0, 0.0, 0.0, 0.0, 0.0], [0.0002530044275774826, 0.0001265022137887413, 0.0, 0.0001265022137887413, 0.0002530044275774826, 0.0002530044275774826, 0.0003795066413662239, 0.0015180265654648956, 0.0031625553447185324, 0.006578115117014548, 0.011258697027197976, 0.01555977229601518, 0.030487033523086654, 0.04566729917773561, 0.0756483238456673, 0.10929791271347249, 0.16344086021505377, 0.13927893738140418, 0.15294117647058825, 0.08108791903858317, 0.05313092979127135, 0.054016445287792536, 0.021505376344086023, 0.009867172675521821, 0.012903225806451613, 0.005186590765338394, 0.0022770398481973433, 0.0011385199240986717, 0.0026565464895635673, 0.0, 0.0, 0.0, 0.0], [0.0, 0.0, 0.0, 0.00015817779183802593, 0.0, 0.00031635558367605187, 0.0014236001265422334, 0.0007908889591901297, 0.002056311293894337, 0.0033217336285985446, 0.0071180006327111675, 0.01091426763682379, 0.01834862385321101, 0.026415691236950332, 0.04523884846567542, 0.06928187282505537, 0.12416956659285036, 0.11815881050300538, 0.20136032900980702, 0.10012654223347042, 0.07228725086997785, 0.09569756406200569, 0.02957924707371085, 0.016450490351154697, 0.028313824739006642, 0.013445112306232205, 0.0060107560898449855, 0.004270800379626701, 0.002056311293894337, 0.0009490667510281556, 0.0017399557102182853, 0.0, 0.0], [0.00032815576460293154, 0.00010938525486764385, 0.0, 0.0002187705097352877, 0.0002187705097352877, 0.0007656967840735069, 0.0008750820389411508, 0.002297090352220521, 0.003937869175235178, 0.007000656311529206, 0.01334500109385255, 0.0177204112885583, 0.022861518267337563, 0.036315904616057756, 0.05042660249398381, 0.0771166046816889, 0.10905709910304091, 0.11594837015970247, 0.20991030409100853, 0.10544738569240866, 0.06825639903740975, 0.08017939181798293, 0.028002625246116825, 0.01454823889739663, 0.02056442791511704, 0.00711004156639685, 0.0036097134106322466, 0.0013126230584117262, 0.0025158608619558083, 0.0, 0.0, 0.0, 0.0], [0.0, 0.0, 0.0, 0.001692047377326565, 0.001692047377326565, 0.0, 0.0, 0.005076142131979695, 0.008460236886632826, 0.005076142131979695, 0.01692047377326565, 0.025380710659898477, 0.043993231810490696, 0.08460236886632826, 0.09475465313028765, 0.1353637901861252, 0.16243654822335024, 0.12521150592216582, 0.16412859560067683, 0.06091370558375635, 0.02707275803722504, 0.025380710659898477, 0.00676818950930626, 0.001692047377326565, 0.00338409475465313, 0.0, 0.0, 0.0, 0.0, 0.0, 0.0, 0.0, 0.0], [0.0, 0.0, 0.0, 0.0002828320920147073, 0.0, 0.00018855472800980485, 0.0002828320920147073, 0.0008484962760441218, 0.002262656736117658, 0.0056566418402941455, 0.00857924012444612, 0.01640426133685302, 0.02611482982935797, 0.033657018949750164, 0.051475440746676725, 0.06439143961534835, 0.10059394739323088, 0.07523333647591213, 0.20552465353068727, 0.11171867634580937, 0.0742905628358631, 0.12557744885453004, 0.03733383614594136, 0.012538889412652023, 0.026963326105402093, 0.00857924012444612, 0.005185255020269633, 0.002639766192137268, 0.0018855472800980485, 0.001791269916093146, 0.0, 0.0, 0.0], [0.00020387359836901122, 0.00010193679918450561, 0.00010193679918450561, 0.0, 0.0006116207951070336, 0.0006116207951070336, 0.0005096839959225281, 0.0011213047910295616, 0.0013251783893985728, 0.006320081549439347, 0.011620795107033639, 0.023547400611620795, 0.04301732925586137, 0.05973496432212028, 0.08878695208970439, 0.11325178389398573, 0.16034658511722732, 0.15117227319062182, 0.18083588175331294, 0.06411824668705403, 0.036085626911314984, 0.03109072375127421, 0.011824668705402651, 0.0037716615698267075, 0.005300713557594291, 0.001834862385321101, 0.0019367991845056064, 0.0008154943934760449, 0.0, 0.0, 0.0, 0.0, 0.0], [0.0, 0.00012484394506866417, 0.0, 0.00012484394506866417, 0.0003745318352059925, 0.0008739076154806492, 0.0008739076154806492, 0.0022471910112359553, 0.0033707865168539327, 0.005867665418227216, 0.011735330836454432, 0.020599250936329586, 0.030212234706616728, 0.04082397003745318, 0.07128589263420725, 0.10911360799001249, 0.16192259675405743, 0.12634207240948814, 0.1727840199750312, 0.08576779026217228, 0.050187265917602995, 0.052059925093632956, 0.024344569288389514, 0.010237203495630462, 0.011485642946317104, 0.002871410736579276, 0.0022471910112359553, 0.002122347066167291, 0.0, 0.0, 0.0, 0.0, 0.0], [0.0, 0.0, 0.0, 0.0, 0.000292525961679099, 0.0, 0.0008775778850372971, 0.0008775778850372971, 0.0016088927892350445, 0.0033640485593096387, 0.009360830773731168, 0.01491882404563405, 0.02691238847447711, 0.04475647213690215, 0.0759104870557262, 0.10706450197455024, 0.15021208132221733, 0.09814246014333772, 0.19891765394178734, 0.07459412022817025, 0.045926575983618545, 0.05952903320169665, 0.02691238847447711, 0.013017405294719906, 0.02120813222173468, 0.009214567792891619, 0.00599678221442153, 0.003217785578470089, 0.00307152259763054, 0.002047681731753693, 0.002047681731753693, 0.0, 0.0], [0.0, 0.00036258158085569254, 0.00036258158085569254, 0.0007251631617113851, 0.0025380710659898475, 0.0025380710659898475, 0.005438723712835388, 0.008339376359680928, 0.014503263234227702, 0.02864394488759971, 0.03807106598984772, 0.05402465554749819, 0.06018854242204496, 0.0823060188542422, 0.11385061638868746, 0.1116751269035533, 0.11892675852066716, 0.0772298767222625, 0.14938361131254532, 0.04423495286439449, 0.02102973168963017, 0.032269760696156634, 0.009427121102248005, 0.005076142131979695, 0.010514865844815084, 0.0032632342277012327, 0.0018129079042784628, 0.0010877447425670776, 0.0018129079042784628, 0.00036258158085569254, 0.0, 0.0, 0.0], [0.0, 0.0, 0.0, 0.0019305019305019305, 0.002574002574002574, 0.002574002574002574, 0.003861003861003861, 0.010939510939510939, 0.010296010296010296, 0.014800514800514801, 0.023809523809523808, 0.036036036036036036, 0.05019305019305019, 0.05662805662805663, 0.08236808236808237, 0.1093951093951094, 0.14543114543114544, 0.10424710424710425, 0.17117117117117117, 0.06113256113256113, 0.02895752895752896, 0.032818532818532815, 0.021235521235521235, 0.005791505791505791, 0.014800514800514801, 0.0045045045045045045, 0.001287001287001287, 0.002574002574002574, 0.0006435006435006435, 0.0, 0.0, 0.0, 0.0], [0.0002920560747663551, 0.0, 0.0, 0.0, 0.0005841121495327102, 0.0007301401869158878, 0.0027745327102803737, 0.004964953271028037, 0.0065712616822429905, 0.014018691588785047, 0.026723130841121497, 0.041325934579439255, 0.054176401869158876, 0.07622663551401869, 0.1289427570093458, 0.14077102803738317, 0.14675817757009346, 0.09009929906542057, 0.127482476635514, 0.04220210280373832, 0.027161214953271028, 0.031103971962616824, 0.013142523364485981, 0.0065712616822429905, 0.01080607476635514, 0.002628504672897196, 0.001314252336448598, 0.0010221962616822429, 0.00014602803738317756, 0.0011682242990654205, 0.0002920560747663551, 0.0, 0.0], [0.0, 0.0, 0.0, 0.00065359477124183, 0.00021786492374727668, 0.00021786492374727668, 0.002178649237472767, 0.00065359477124183, 0.00392156862745098, 0.00980392156862745, 0.016775599128540306, 0.022004357298474945, 0.03398692810457516, 0.048583877995642705, 0.07124183006535947, 0.10631808278867103, 0.11895424836601307, 0.09891067538126362, 0.1664488017429194, 0.07363834422657953, 0.05337690631808279, 0.062309368191721136, 0.02875816993464052, 0.015032679738562092, 0.0318082788671024, 0.013071895424836602, 0.009368191721132898, 0.004793028322440087, 0.0030501089324618735, 0.0023965141612200436, 0.0015250544662309367, 0.0, 0.0], [0.0, 0.0, 0.0, 0.00020263424518743666, 0.00020263424518743666, 0.0, 0.0008105369807497467, 0.0010131712259371835, 0.0026342451874366768, 0.00911854103343465, 0.015400202634245188, 0.02796352583586626, 0.04397163120567376, 0.06484295845997974, 0.09523809523809523, 0.11773049645390071, 0.14711246200607903, 0.10415400202634245, 0.1651469098277609, 0.06889564336372847, 0.041742654508611955, 0.04539007092198582, 0.01641337386018237, 0.007700101317122594, 0.010536980749746707, 0.0028368794326241137, 0.004052684903748734, 0.0022289766970618034, 0.0032421479229989866, 0.0014184397163120568, 0.0, 0.0, 0.0], [0.00013424620754463686, 0.00013424620754463686, 0.00013424620754463686, 0.00013424620754463686, 0.00013424620754463686, 0.0012082158679017317, 0.0012082158679017317, 0.003087662773526648, 0.00469861726406229, 0.008054772452678213, 0.020271177339240165, 0.031010873942811115, 0.04967109679151564, 0.06658611894213988, 0.09531480735669218, 0.14256947241240436, 0.17452006980802792, 0.11719693918646798, 0.12337226473352128, 0.06470667203651496, 0.03691770707477514, 0.02953416565982011, 0.013558866962008323, 0.005101355886696201, 0.005101355886696201, 0.0017452006980802793, 0.000939723452812458, 0.002819170358437374, 0.00013424620754463686, 0.0, 0.0, 0.0, 0.0], [0.0, 0.0, 0.0, 0.0002105263157894737, 0.0002105263157894737, 0.0008421052631578948, 0.0010526315789473684, 0.0025263157894736842, 0.004842105263157895, 0.007157894736842105, 0.016842105263157894, 0.024842105263157895, 0.042105263157894736, 0.05789473684210526, 0.09242105263157895, 0.12842105263157894, 0.15705263157894736, 0.11536842105263158, 0.14357894736842106, 0.06757894736842106, 0.04252631578947368, 0.041473684210526315, 0.01831578947368421, 0.00631578947368421, 0.016210526315789474, 0.004842105263157895, 0.003368421052631579, 0.0014736842105263158, 0.0012631578947368421, 0.0006315789473684211, 0.0006315789473684211, 0.0, 0.0], [0.0, 0.0, 0.0, 0.0002587991718426501, 0.0, 0.0010351966873706005, 0.002070393374741201, 0.002846790890269151, 0.005693581780538302, 0.005693581780538302, 0.011904761904761904, 0.021221532091097308, 0.031314699792960664, 0.04606625258799172, 0.07712215320910973, 0.10766045548654245, 0.1389751552795031, 0.09963768115942029, 0.18297101449275363, 0.07686335403726709, 0.05124223602484472, 0.06159420289855073, 0.02562111801242236, 0.015269151138716356, 0.019409937888198756, 0.009316770186335404, 0.003105590062111801, 0.0012939958592132505, 0.0010351966873706005, 0.0007763975155279503, 0.0, 0.0, 0.0], [0.0, 0.0, 0.00014396775122372588, 0.0, 0.00028793550244745177, 0.0004319032536711777, 0.0005758710048949035, 0.0017276130146847107, 0.0018715807659084366, 0.005326806795277857, 0.010365678088108263, 0.02375467895191477, 0.04045493809386697, 0.06737690757270372, 0.09271523178807947, 0.11445436222286208, 0.1451194932335157, 0.1012093291102793, 0.16700259141952203, 0.06032248776274115, 0.042470486610999135, 0.04794126115750072, 0.024042614454362222, 0.010797581341779442, 0.022171033688453787, 0.006622516556291391, 0.005758710048949035, 0.0034552260293694214, 0.0014396775122372588, 0.001295709761013533, 0.0008638065073423554, 0.0, 0.0], [0.0, 0.0, 9.75609756097561e-05, 0.0, 9.75609756097561e-05, 9.75609756097561e-05, 0.0002926829268292683, 0.000975609756097561, 0.0021463414634146343, 0.005560975609756097, 0.010634146341463415, 0.020195121951219513, 0.03375609756097561, 0.04673170731707317, 0.06780487804878049, 0.07960975609756098, 0.10126829268292684, 0.0728780487804878, 0.23219512195121952, 0.0998048780487805, 0.06546341463414634, 0.08585365853658537, 0.025658536585365852, 0.009560975609756097, 0.024390243902439025, 0.006731707317073171, 0.003024390243902439, 0.0017560975609756098, 0.0017560975609756098, 0.0016585365853658536, 0.0, 0.0, 0.0], [0.0, 0.0, 0.0, 0.0, 0.0, 0.00011941724385001195, 0.0007165034631000717, 0.0005970862192500597, 0.0022689276331502267, 0.00489610699785049, 0.008120372581800811, 0.018151421065201814, 0.030451397181753045, 0.05349892524480535, 0.08192022928110819, 0.11643181275376165, 0.1719608311440172, 0.1261046095056126, 0.20515882493432053, 0.07033675662765704, 0.03749701456890375, 0.045975638882254595, 0.011105803678051111, 0.004060186290900406, 0.0059708621925005975, 0.0011941724385001193, 0.0011941724385001193, 0.0015524241700501553, 0.0007165034631000717, 0.0, 0.0, 0.0, 0.0], [0.0, 0.00392156862745098, 0.0, 0.00392156862745098, 0.00392156862745098, 0.0196078431372549, 0.027450980392156862, 0.0196078431372549, 0.06666666666666667, 0.03529411764705882, 0.054901960784313725, 0.06666666666666667, 0.06666666666666667, 0.11372549019607843, 0.11372549019607843, 0.12549019607843137, 0.09019607843137255, 0.06666666666666667, 0.043137254901960784, 0.01568627450980392, 0.011764705882352941, 0.023529411764705882, 0.011764705882352941, 0.01568627450980392, 0.0, 0.0, 0.0, 0.0, 0.0, 0.0, 0.0, 0.0, 0.0]]}, "ranks": {"labels": ["Unranked", "Combatatent I", "Combatatent II", "Challenger I", "Challenger II", "Rival I", "Rival II", "Duelist", "Elite"], "data": [[0.1157556270096463, 0.14469453376205788, 0.20257234726688103, 0.21864951768488747, 0.15434083601286175, 0.08360128617363344, 0.04823151125401929, 0.01929260450160772, 0.012861736334405145], [0.05026782035434693, 0.07704985578903997, 0.138442521631644, 0.22208487845076225, 0.23650597445405852, 0.18541409147095178, 0.0465595385249279, 0.031314379892871856, 0.012360939431396786], [0.009721048182586645, 0.019019442096365174, 0.04451958298112144, 0.0989010989010989, 0.20188785573400958, 0.3315018315018315, 0.10298675683291068, 0.1346858269935193, 0.056776556776556776], [0.020136878125822585, 0.03421953145564622, 0.07896814951302975, 0.14648591734667019, 0.2704659120821269, 0.25322453277178203, 0.09489339299815741, 0.08383785206633325, 0.017767833640431694], [0.14035087719298245, 0.12280701754385964, 0.17543859649122806, 0.18421052631578946, 0.09649122807017543, 0.14912280701754385, 0.05263157894736842, 0.07894736842105263, 0.0], [0.01057921184871727, 0.027373710658555938, 0.0837080137529754, 0.17892092039143084, 0.27228246495636077, 0.21502248082517852, 0.07841840782861677, 0.09322930441682095, 0.04046548532134356], [0.06340819022457067, 0.08586525759577279, 0.1535006605019815, 0.23249669749009247, 0.2071334214002642, 0.13421400264200792, 0.043064729194187586, 0.047291941875825624, 0.03302509907529723], [0.2633333333333333, 0.19, 0.19333333333333333, 0.14333333333333334, 0.1, 0.04, 0.03, 0.04, 0.0], [0.04052273226444103, 0.0789589281792225, 0.12299582692730068, 0.17087634526685702, 0.24028113331869097, 0.15341533055128487, 0.07368767845376675, 0.0786294750713815, 0.04063254996705469], [0.00775480059084195, 0.01292466765140325, 0.03323485967503693, 0.10376661742983752, 0.15915805022156573, 0.22710487444608568, 0.12666174298375185, 0.19719350073855244, 0.13220088626292467], [0.04120700843608047, 0.06489292667099286, 0.13205710577547047, 0.20408825438027256, 0.23166774821544453, 0.17975340687865024, 0.06229720960415315, 0.06132381570408826, 0.0227125243348475], [0.05354185832566697, 0.11223551057957681, 0.18712051517939282, 0.265869365225391, 0.20331186752529898, 0.0984360625574977, 0.038822447102115916, 0.031830726770929164, 0.008831646734130635], [0.023146536721197354, 0.05708318830490776, 0.11434041072050122, 0.21928297946397493, 0.24939088061260006, 0.1895231465367212, 0.06665506439262095, 0.058301427079707625, 0.022276366167768884], [0.023045366795366794, 0.0472972972972973, 0.08313223938223938, 0.1578185328185328, 0.2483108108108108, 0.2233349420849421, 0.09362934362934362, 0.08964768339768339, 0.033783783783783786], [0.01053864168618267, 0.03114754098360656, 0.08805620608899298, 0.17470725995316158, 0.26557377049180325, 0.2189695550351288, 0.09016393442622951, 0.08992974238875878, 0.030913348946135833], [0.03251028806584362, 0.05102880658436214, 0.10493827160493827, 0.18477366255144034, 0.2382716049382716, 0.1699588477366255, 0.08353909465020576, 0.08888888888888889, 0.04609053497942387], [0.027224435590969456, 0.0619743249225321, 0.14674634794156707, 0.2312970340858787, 0.22952633908809209, 0.15803452855245684, 0.05555555555555555, 0.06263833554670208, 0.027003098716246128], [0.019347240915208615, 0.0452557200538358, 0.10430686406460296, 0.22039030955585465, 0.2446164199192463, 0.21567967698519516, 0.06224764468371467, 0.0635935397039031, 0.02456258411843876], [0.0990990990990991, 0.07207207207207207, 0.10810810810810811, 0.17117117117117117, 0.2072072072072072, 0.08108108108108109, 0.0990990990990991, 0.07207207207207207, 0.09009009009009009], [0.01265022137887413, 0.026818469323213155, 0.07615433270082227, 0.18494623655913978, 0.30271979759645795, 0.19873497786211258, 0.08842504743833017, 0.08538899430740038, 0.02416192283364959], [0.008067067383739322, 0.018032268269534957, 0.04476431509016134, 0.11452072129073078, 0.24232837709585575, 0.2537171781081936, 0.12005694400506169, 0.14172730148687124, 0.05678582726985131], [0.015751476700940712, 0.03106541238241085, 0.059177422883395316, 0.12754320717567272, 0.22500546926274337, 0.26514985779916866, 0.11846423102165828, 0.12273025596149639, 0.035112666812513675], [0.021996615905245348, 0.04230118443316413, 0.12859560067681894, 0.23011844331641285, 0.2876480541455161, 0.20135363790186125, 0.050761421319796954, 0.0338409475465313, 0.00338409475465313], [0.009522013764495145, 0.024983501461299143, 0.059771848779108135, 0.11586688036202508, 0.175827283869143, 0.26652210804185916, 0.12501178467050061, 0.1754501744131234, 0.04704440463844631], [0.0109072375127421, 0.035168195718654434, 0.10275229357798166, 0.2020387359836901, 0.31151885830784914, 0.21580020387359836, 0.0652395514780836, 0.04668705402650357, 0.009887869520897043], [0.013857677902621723, 0.03233458177278402, 0.07103620474406991, 0.18039950062421972, 0.2882646691635456, 0.21872659176029963, 0.09001248439450686, 0.08664169787765294, 0.018726591760299626], [0.007020623080298377, 0.02427965481936522, 0.07166886061137925, 0.18297498903027642, 0.24835454146555508, 0.23972502559602166, 0.07971332455755448, 0.09945882697089367, 0.04680415386865584], [0.06345177664974619, 0.09209572153734591, 0.14249456127628715, 0.22552574329224076, 0.19615663524292967, 0.1700507614213198, 0.04459753444525018, 0.046773023930384336, 0.01885424220449601], [0.046975546975546977, 0.059845559845559844, 0.10682110682110682, 0.19176319176319176, 0.24967824967824967, 0.20527670527670527, 0.055984555984555984, 0.059845559845559844, 0.023809523809523808], [0.029935747663551403, 0.06804906542056074, 0.13040303738317757, 0.269713785046729, 0.236857476635514, 0.15011682242990654, 0.04672897196261682, 0.05081775700934579, 0.01737733644859813], [0.01764705882352941, 0.038779956427015254, 0.08257080610021786, 0.1775599128540305, 0.2178649237472767, 0.20610021786492375, 0.08736383442265795, 0.10610021786492374, 0.06601307189542484], [0.01398176291793313, 0.04336372847011145, 0.1088145896656535, 0.21296859169199595, 0.2512664640324215, 0.20466058763931105, 0.07112462006079028, 0.06950354609929078, 0.0243161094224924], [0.018928715263793798, 0.05128205128205128, 0.11625721573365552, 0.2378842797690965, 0.29171700899449593, 0.15975298697811788, 0.06524365686669352, 0.04819438850852464, 0.010739696603570948], [0.016842105263157894, 0.04168421052631579, 0.1, 0.2208421052631579, 0.27242105263157895, 0.18021052631578946, 0.07347368421052632, 0.06610526315789474, 0.028421052631578948], [0.017598343685300208, 0.033126293995859216, 0.07738095238095238, 0.18478260869565216, 0.2386128364389234, 0.2277432712215321, 0.08333333333333333, 0.10248447204968944, 0.03493788819875776], [0.010365678088108263, 0.03412035704002304, 0.10783184566657068, 0.20716959401094154, 0.246328822343795, 0.19982723869853153, 0.06996832709473078, 0.08278145695364239, 0.04160668010365678], [0.009268292682926829, 0.030829268292682926, 0.08048780487804878, 0.14741463414634146, 0.17414634146341462, 0.2848780487804878, 0.11258536585365854, 0.12107317073170731, 0.03931707317073171], [0.008598041557200859, 0.026271793647002627, 0.0839503224265584, 0.19835204203486984, 0.2980654406496298, 0.24349176021017435, 0.06950083592070695, 0.061141628851206116, 0.010628134702651063], [0.1803921568627451, 0.12156862745098039, 0.1803921568627451, 0.23921568627450981, 0.1568627450980392, 0.047058823529411764, 0.023529411764705882, 0.050980392156862744, 0.0]]}, "ranksDetailed": {"labels": ["Unranked", "Combatatant", "Challenger", "Rival", "Duelist", "Elite"], "data": [[0.1157556270096463, 0.34726688102893893, 0.3729903536977492, 0.13183279742765272, 0.01929260450160772, 0.012861736334405145], [0.05026782035434693, 0.21549237742068397, 0.45859085290482077, 0.2319736299958797, 0.031314379892871856, 0.012360939431396786], [0.009721048182586645, 0.06353902507748661, 0.30078895463510846, 0.4344885883347422, 0.1346858269935193, 0.056776556776556776], [0.020136878125822585, 0.11318768096867597, 0.41695182942879705, 0.34811792576993944, 0.08383785206633325, 0.017767833640431694], [0.14035087719298245, 0.2982456140350877, 0.2807017543859649, 0.20175438596491227, 0.07894736842105263, 0.0], [0.01057921184871727, 0.11108172441153134, 0.4512033853477916, 0.2934408886537953, 0.09322930441682095, 0.04046548532134356], [0.06340819022457067, 0.2393659180977543, 0.4396301188903567, 0.1772787318361955, 0.047291941875825624, 0.03302509907529723], [0.2633333333333333, 0.38333333333333336, 0.24333333333333335, 0.07, 0.04, 0.0], [0.04052273226444103, 0.20195475510652316, 0.41115747858554796, 0.22710300900505162, 0.0786294750713815, 0.04063254996705469], [0.00775480059084195, 0.04615952732644018, 0.26292466765140327, 0.3537666174298375, 0.19719350073855244, 0.13220088626292467], [0.04120700843608047, 0.19695003244646334, 0.43575600259571706, 0.24205061648280338, 0.06132381570408826, 0.0227125243348475], [0.05354185832566697, 0.29935602575896963, 0.46918123275068996, 0.13725850965961361, 0.031830726770929164, 0.008831646734130635], [0.023146536721197354, 0.171423599025409, 0.468673860076575, 0.2561782109293422, 0.058301427079707625, 0.022276366167768884], [0.023045366795366794, 0.1304295366795367, 0.4061293436293436, 0.3169642857142857, 0.08964768339768339, 0.033783783783783786], [0.01053864168618267, 0.11920374707259954, 0.44028103044496486, 0.3091334894613583, 0.08992974238875878, 0.030913348946135833], [0.03251028806584362, 0.15596707818930042, 0.42304526748971194, 0.25349794238683127, 0.08888888888888889, 0.04609053497942387], [0.027224435590969456, 0.20872067286409915, 0.46082337317397076, 0.2135900841080124, 0.06263833554670208, 0.027003098716246128], [0.019347240915208615, 0.14956258411843876, 0.46500672947510097, 0.2779273216689098, 0.0635935397039031, 0.02456258411843876], [0.0990990990990991, 0.18018018018018017, 0.3783783783783784, 0.18018018018018017, 0.07207207207207207, 0.09009009009009009], [0.01265022137887413, 0.10297280202403541, 0.4876660341555977, 0.28716002530044277, 0.08538899430740038, 0.02416192283364959], [0.008067067383739322, 0.0627965833596963, 0.3568490983865865, 0.3737741221132553, 0.14172730148687124, 0.05678582726985131], [0.015751476700940712, 0.09024283526580618, 0.3525486764384161, 0.3836140888208269, 0.12273025596149639, 0.035112666812513675], [0.021996615905245348, 0.17089678510998307, 0.5177664974619289, 0.2521150592216582, 0.0338409475465313, 0.00338409475465313], [0.009522013764495145, 0.08475535024040728, 0.2916941642311681, 0.3915338927123598, 0.1754501744131234, 0.04704440463844631], [0.0109072375127421, 0.13792048929663608, 0.5135575942915392, 0.28103975535168196, 0.04668705402650357, 0.009887869520897043], [0.013857677902621723, 0.10337078651685393, 0.4686641697877653, 0.3087390761548065, 0.08664169787765294, 0.018726591760299626], [0.007020623080298377, 0.09594851543074448, 0.4313295304958315, 0.31943835015357613, 0.09945882697089367, 0.04680415386865584], [0.06345177664974619, 0.23459028281363306, 0.42168237853517043, 0.21464829586656997, 0.046773023930384336, 0.01885424220449601], [0.046975546975546977, 0.16666666666666666, 0.44144144144144143, 0.26126126126126126, 0.059845559845559844, 0.023809523809523808], [0.029935747663551403, 0.19845210280373832, 0.506571261682243, 0.19684579439252337, 0.05081775700934579, 0.01737733644859813], [0.01764705882352941, 0.12135076252723312, 0.3954248366013072, 0.2934640522875817, 0.10610021786492374, 0.06601307189542484], [0.01398176291793313, 0.15217831813576493, 0.4642350557244174, 0.27578520770010134, 0.06950354609929078, 0.0243161094224924], [0.018928715263793798, 0.16753926701570682, 0.5296012887635925, 0.22499664384481138, 0.04819438850852464, 0.010739696603570948], [0.016842105263157894, 0.1416842105263158, 0.49326315789473685, 0.2536842105263158, 0.06610526315789474, 0.028421052631578948], [0.017598343685300208, 0.1105072463768116, 0.42339544513457555, 0.3110766045548654, 0.10248447204968944, 0.03493788819875776], [0.010365678088108263, 0.14195220270659373, 0.45349841635473653, 0.2697955657932623, 0.08278145695364239, 0.04160668010365678], [0.009268292682926829, 0.11131707317073171, 0.3215609756097561, 0.39746341463414636, 0.12107317073170731, 0.03931707317073171], [0.008598041557200859, 0.11022211607356103, 0.49641748268449964, 0.3129925961308813, 0.061141628851206116, 0.010628134702651063], [0.1803921568627451, 0.30196078431372547, 0.396078431372549, 0.07058823529411765, 0.050980392156862744, 0.0]]}}}, "eu": {"histType": {"histogram": {"labels": ["0", "100", "200", "300", "400", "500", "600", "700", "800", "900", "1000", "1100", "1200", "1300", "1400", "1500", "1600", "1700", "1800", "1900", "2000", "2100", "2200", "2300", "2400", "2500", "2600", "2700", "2800", "2900", "3000", "3100", "3200"], "data": [[0.0, 0.0, 0.004098360655737705, 0.0, 0.0, 0.00819672131147541, 0.01639344262295082, 0.01639344262295082, 0.040983606557377046, 0.045081967213114756, 0.06557377049180328, 0.06557377049180328, 0.06147540983606557, 0.11885245901639344, 0.14344262295081966, 0.11065573770491803, 0.0942622950819672, 0.0778688524590164, 0.040983606557377046, 0.028688524590163935, 0.012295081967213115, 0.020491803278688523, 0.004098360655737705, 0.004098360655737705, 0.01639344262295082, 0.004098360655737705, 0.0, 0.0, 0.0, 0.0, 0.0, 0.0, 0.0], [0.0, 0.0, 0.00044365572315882877, 0.0013309671694764862, 0.0008873114463176575, 0.003105590062111801, 0.0048802129547471165, 0.00709849157054126, 0.01730257320319432, 0.022182786157941437, 0.03194321206743567, 0.048802129547471165, 0.06388642413487133, 0.07630878438331855, 0.12067435669920142, 0.1126885536823425, 0.1512866015971606, 0.08606921029281278, 0.145075421472937, 0.04259094942324756, 0.02085181898846495, 0.021739130434782608, 0.005767524401064774, 0.0044365572315882874, 0.006654835847382431, 0.0013309671694764862, 0.0008873114463176575, 0.001774622892635315, 0.0, 0.0, 0.0, 0.0, 0.0], [0.0, 0.0, 0.0, 0.00014609203798392987, 0.00014609203798392987, 0.00014609203798392987, 0.00014609203798392987, 0.001314828341855369, 0.002337472607742878, 0.003944485025566107, 0.008473338203067933, 0.013878743608473338, 0.018845872899926955, 0.02483564645726808, 0.04192841490138787, 0.056391526661796934, 0.11132213294375456, 0.10372534696859022, 0.2695398100803506, 0.09072315558802045, 0.06574141709276844, 0.0856099342585829, 0.030533235938641344, 0.014901387874360848, 0.030971512052593134, 0.010810810810810811, 0.0055514974433893355, 0.0029218407596785976, 0.0017531044558071584, 0.0017531044558071584, 0.0016070124178232286, 0.0, 0.0], [0.0, 0.0, 0.0, 0.0001254390366281987, 0.0001254390366281987, 0.0002508780732563974, 0.0008780732563973909, 0.0026342197691921728, 0.003261414952333166, 0.008153537380832914, 0.015303562468640241, 0.023833416959357753, 0.030356246864024085, 0.04101856497742097, 0.06497742097340692, 0.08504766683391872, 0.1436276969392875, 0.12230306071249372, 0.21362267937782237, 0.0868038133467135, 0.05569493226292022, 0.06096337180130457, 0.015805318615153035, 0.007150025087807326, 0.010913196186653287, 0.0035122930255895636, 0.0011289513296537882, 0.0003763171098845961, 0.0011289513296537882, 0.0008780732563973909, 0.0001254390366281987, 0.0, 0.0], [0.0, 0.0, 0.0, 0.0, 0.0, 0.018018018018018018, 0.02702702702702703, 0.04504504504504504, 0.04504504504504504, 0.02702702702702703, 0.07207207207207207, 0.09009009009009009, 0.036036036036036036, 0.02702702702702703, 0.08108108108108109, 0.14414414414414414, 0.06306306306306306, 0.0990990990990991, 0.06306306306306306, 0.05405405405405406, 0.04504504504504504, 0.0, 0.018018018018018018, 0.009009009009009009, 0.02702702702702703, 0.009009009009009009, 0.0, 0.0, 0.0, 0.0, 0.0, 0.0, 0.0], [0.0, 0.00013303179459890914, 0.00013303179459890914, 0.0002660635891978183, 0.00039909538379672744, 0.00013303179459890914, 0.00039909538379672744, 0.0014633497405880005, 0.0030597312757749103, 0.005720367167753093, 0.011307702540907277, 0.018358387654