{"region": {"us": {"histType": {"histogram": {"labels": ["0", "100", "200", "300", "400", "500", "600", "700", "800", "900", "1000", "1100", "1200", "1300", "1400", "1500", "1600", "1700", "1800", "1900", "2000", "2100", "2200", "2300", "2400", "2500", "2600", "2700", "2800", "2900", "3000"], "data": [[0.0, 0.0, 0.0035714285714285713, 0.0035714285714285713, 0.0035714285714285713, 0.010714285714285714, 0.02142857142857143, 0.014285714285714285, 0.03571428571428571, 0.02857142857142857, 0.07142857142857142, 0.08928571428571429, 0.07857142857142857, 0.10714285714285714, 0.10357142857142858, 0.11071428571428571, 0.08928571428571429, 0.06785714285714285, 0.05, 0.05357142857142857, 0.014285714285714285, 0.017857142857142856, 0.025, 0.0, 0.0, 0.0, 0.0, 0.0, 0.0, 0.0, 0.0], [0.0, 0.0009033423667570009, 0.0, 0.00045167118337850043, 0.0009033423667570009, 0.0013550135501355014, 0.006323396567299007, 0.01084010840108401, 0.01038843721770551, 0.02032520325203252, 0.03568202348690153, 0.04652213188798555, 0.07000903342366757, 0.07542908762420958, 0.10569105691056911, 0.12691960252935863, 0.15221318879855464, 0.09078590785907859, 0.13459801264679314, 0.045167118337850046, 0.022583559168925023, 0.018066847335140017, 0.008581752484191508, 0.004968383017163505, 0.0036133694670280035, 0.0027100271002710027, 0.004968383017163505, 0.0, 0.0, 0.0, 0.0], [0.00014255167498218105, 0.0, 0.0, 0.0002851033499643621, 0.0002851033499643621, 0.0002851033499643621, 0.0002851033499643621, 0.0007127583749109052, 0.003848895224518888, 0.004846756949394155, 0.008980755523877405, 0.012829650748396294, 0.021525302922309336, 0.033357091945830364, 0.048467569493941556, 0.07540983606557378, 0.13057733428367782, 0.10648610121168924, 0.2488952245188881, 0.08624376336421953, 0.05630791161796151, 0.07683535281539558, 0.022950819672131147, 0.014397719173200286, 0.027797576621525304, 0.008695652173913044, 0.004561653599429794, 0.003278688524590164, 0.0014255167498218105, 0.0002851033499643621, 0.0], [0.0, 0.0, 0.0, 0.0, 0.0001309757694826457, 0.0002619515389652914, 0.0011787819253438114, 0.0026195153896529143, 0.006548788474132285, 0.011525867714472823, 0.018467583497053044, 0.021218074656188603, 0.03876882776686313, 0.05579567779960707, 0.08028814669286181, 0.11342501637197118, 0.1616240995415848, 0.11015062213490505, 0.18061558611656844, 0.07072691552062868, 0.046234446627373936, 0.04767518009168304, 0.01283562540929928, 0.006810740013097577, 0.008120497707924034, 0.0026195153896529143, 0.0017026850032743942, 0.0005239030779305828, 0.0001309757694826457, 0.0, 0.0], [0.0, 0.0, 0.0, 0.0, 0.009900990099009901, 0.0, 0.0, 0.039603960396039604, 0.0297029702970297, 0.06930693069306931, 0.04950495049504951, 0.06930693069306931, 0.07920792079207921, 0.1188118811881188, 0.06930693069306931, 0.06930693069306931, 0.0594059405940594, 0.0594059405940594, 0.0891089108910891, 0.0891089108910891, 0.0297029702970297, 0.0594059405940594, 0.0, 0.009900990099009901, 0.0, 0.0, 0.0, 0.0, 0.0, 0.0, 0.0], [0.0, 0.0, 0.0, 0.0, 0.0, 0.00026727248429774154, 0.0, 0.0018709073900841909, 0.0017372711479353201, 0.007216357076039022, 0.012294534277696112, 0.0205799812909261, 0.035146331685153014, 0.06093812641988507, 0.08886810102899906, 0.12468261392489643, 0.15648803955632767, 0.10664172123479888, 0.15662167579847655, 0.06775357476947748, 0.04075905385540558, 0.05492449552318589, 0.019911800080181747, 0.009354536950420954, 0.018842710142990778, 0.005612722170252572, 0.004276359748763865, 0.003608178538019511, 0.0013363624214887077, 0.00026727248429774154, 0.0], [0.0, 0.0, 0.0002886836027713626, 0.0017321016166281756, 0.0017321016166281756, 0.0031755196304849883, 0.004618937644341801, 0.008660508083140877, 0.01905311778290993, 0.028579676674364896, 0.040993071593533485, 0.04734411085450346, 0.07072748267898384, 0.08891454965357967, 0.11403002309468822, 0.13135103926096997, 0.13048498845265588, 0.08169745958429561, 0.09555427251732102, 0.03435334872979215, 0.026270207852193996, 0.02453810623556582, 0.009237875288683603, 0.007217090069284064, 0.011836027713625866, 0.005484988452655889, 0.0066397228637413395, 0.003464203233256351, 0.0020207852193995382, 0.0, 0.0], [0.0036231884057971015, 0.0, 0.0036231884057971015, 0.010869565217391304, 0.010869565217391304, 0.014492753623188406, 0.018115942028985508, 0.050724637681159424, 0.05434782608695652, 0.10869565217391304, 0.09420289855072464, 0.09782608695652174, 0.10869565217391304, 0.10507246376811594, 0.06521739130434782, 0.06521739130434782, 0.057971014492753624, 0.025362318840579712, 0.03260869565217391, 0.028985507246376812, 0.021739130434782608, 0.021739130434782608, 0.0, 0.0, 0.0, 0.0, 0.0, 0.0, 0.0, 0.0, 0.0], [0.00032693984306887534, 0.00032693984306887534, 0.0005448997384481255, 0.0006538796861377507, 0.0005448997384481255, 0.001961639058413252, 0.002070619006102877, 0.005666957279860506, 0.010789014821272886, 0.022122929380993896, 0.038034001743679165, 0.054707933740191804, 0.06854838709677419, 0.08108108108108109, 0.10440278988666085, 0.12619877942458588, 0.12489102005231037, 0.08162598081952921, 0.09557541412380122, 0.05187445510026155, 0.035091543156059286, 0.03454664341761116, 0.017000871839581516, 0.010789014821272886, 0.017436791630340016, 0.007192676547515257, 0.004141238012205754, 0.0018526591107236269, 0.0, 0.0, 0.0], [0.0, 0.0, 0.0, 0.0, 0.000445632798573975, 0.000445632798573975, 0.000445632798573975, 0.000445632798573975, 0.000445632798573975, 0.0053475935828877, 0.008021390374331552, 0.008912655971479501, 0.012032085561497326, 0.022727272727272728, 0.0481283422459893, 0.06372549019607843, 0.08868092691622104, 0.09180035650623886, 0.18181818181818182, 0.08689839572192513, 0.0855614973262032, 0.10918003565062388, 0.05392156862745098, 0.023172905525846704, 0.062388591800356503, 0.016488413547237075, 0.010249554367201427, 0.013368983957219251, 0.0053475935828877, 0.0, 0.0], [0.0, 0.0, 0.0006839945280437756, 0.0, 0.0023939808481532147, 0.0006839945280437756, 0.004103967168262654, 0.003419972640218878, 0.012995896032831737, 0.018125854993160054, 0.03112175102599179, 0.03967168262653899, 0.06087551299589603, 0.07831737346101231, 0.09575923392612859, 0.11627906976744186, 0.1456908344733242, 0.09370725034199727, 0.14432284541723667, 0.04958960328317374, 0.033515731874145006, 0.03146374829001368, 0.011627906976744186, 0.007523939808481532, 0.008549931600547196, 0.0047879616963064295, 0.003761969904240766, 0.0010259917920656635, 0.0, 0.0, 0.0], [0.0, 0.0, 0.0005790387955993051, 0.0005790387955993051, 0.0009650646593321753, 0.0021231422505307855, 0.004825323296660877, 0.008685581933989578, 0.015441034549314805, 0.024898668210770122, 0.05481567265006755, 0.06755452615325226, 0.09206716850028952, 0.10306890561667632, 0.1364601428295696, 0.13240687126037445, 0.12468635398571705, 0.06987068133564948, 0.07122177185871453, 0.0335842501447597, 0.019301293186643507, 0.017371163867979156, 0.008878594865856012, 0.003474232773595831, 0.003667245705462266, 0.0030882069098629606, 0.00019301293186643504, 0.00019301293186643504, 0.0, 0.0, 0.0], [0.0, 0.0, 0.0, 0.0, 0.0003597769382982551, 0.0007195538765965102, 0.002698327037236913, 0.003597769382982551, 0.007195538765965102, 0.01025364274150027, 0.02626371649577262, 0.03939557474365893, 0.055945313905378664, 0.06961683756071235, 0.11153085087245908, 0.11225040474905558, 0.1484079870480302, 0.10289620435330095, 0.14463032919589855, 0.057204533189422556, 0.033099478323439464, 0.033998920669185105, 0.013491635186184566, 0.009174311926605505, 0.01097319661809678, 0.002698327037236913, 0.0017988846914912754, 0.0016189962223421479, 0.00017988846914912754, 0.0, 0.0], [0.00024878716258241074, 0.0, 0.0, 0.00012439358129120537, 0.00024878716258241074, 0.0003731807438736161, 0.0017415101380768752, 0.0024878716258241074, 0.005473317576813037, 0.015424804080109466, 0.023510386864037815, 0.03147157606667496, 0.04067670108222416, 0.05846498320686653, 0.08508520960318447, 0.11605921134469462, 0.15126259485010574, 0.10461500186590372, 0.1549944022888419, 0.07277024505535515, 0.04192063689513621, 0.0439109341957955, 0.016544346311730313, 0.007339221296181117, 0.013061326035576564, 0.0037318074387361613, 0.0026122652071153126, 0.003358626694862545, 0.002239084463241697, 0.00024878716258241074, 0.0], [0.0, 0.0, 0.00025056376847907793, 0.0, 0.0005011275369581559, 0.0005011275369581559, 0.0005011275369581559, 0.0012528188423953897, 0.003257328990228013, 0.004009020295665247, 0.012778752192432975, 0.01804059133049361, 0.03833625657729892, 0.052618391380606366, 0.07842645953395139, 0.1112503132047106, 0.15935855675269356, 0.11626158857429215, 0.1658732147331496, 0.08243547982961663, 0.050613881232773744, 0.04810824354798296, 0.021047356552242547, 0.011275369581558507, 0.013029315960912053, 0.005762966675018792, 0.0010022550739163117, 0.0015033826108744675, 0.0020045101478326235, 0.0, 0.0], [0.0, 0.0, 0.0, 0.0004553734061930783, 0.001366120218579235, 0.001366120218579235, 0.0009107468123861566, 0.00546448087431694, 0.010018214936247723, 0.014116575591985429, 0.020947176684881604, 0.03415300546448088, 0.05145719489981785, 0.06420765027322405, 0.08469945355191257, 0.11293260473588343, 0.13387978142076504, 0.10655737704918032, 0.12112932604735883, 0.06056466302367942, 0.05191256830601093, 0.04189435336976321, 0.027777777777777776, 0.011839708561020037, 0.018214936247723135, 0.00819672131147541, 0.006375227686703097, 0.0036429872495446266, 0.005919854280510018, 0.0, 0.0], [0.00023679848448969926, 0.0, 0.0004735969689793985, 0.0004735969689793985, 0.0004735969689793985, 0.0011839924224484964, 0.0023679848448969927, 0.004262372720814586, 0.007814349988160076, 0.013734312100402558, 0.023206251479990527, 0.04380771963059436, 0.06796116504854369, 0.08311626805588444, 0.11413686952403504, 0.1292919725313758, 0.13663272555055647, 0.0975609756097561, 0.11508406346199385, 0.05114847264977504, 0.02936301207672271, 0.03694056358039308, 0.01278711816244376, 0.00639355908122188, 0.010655931802036467, 0.003551977267345489, 0.0030783802983660904, 0.0030783802983660904, 0.0011839924224484964, 0.0, 0.0], [0.0, 0.0, 0.0001787629603146228, 0.0003575259206292456, 0.0005362888809438684, 0.0003575259206292456, 0.0012513407222023596, 0.003575259206292456, 0.004647836968180193, 0.013228459063282088, 0.02413299964247408, 0.029138362531283518, 0.0555952806578477, 0.06542724347515194, 0.10243117626027887, 0.12513407222023595, 0.15230604218805863, 0.09510189488737933, 0.16678584197354307, 0.053628888094386845, 0.02985341437254201, 0.03468001430103682, 0.01519485162674294, 0.00572041473006793, 0.010725777618877368, 0.0041115480872363245, 0.0021451555237754737, 0.001966392563460851, 0.001787629603146228, 0.0, 0.0], [0.0, 0.0, 0.0, 0.012195121951219513, 0.012195121951219513, 0.012195121951219513, 0.0, 0.0, 0.012195121951219513, 0.07317073170731707, 0.024390243902439025, 0.06097560975609756, 0.04878048780487805, 0.04878048780487805, 0.0975609756097561, 0.13414634146341464, 0.14634146341463414, 0.07317073170731707, 0.024390243902439025, 0.036585365853658534, 0.04878048780487805, 0.04878048780487805, 0.036585365853658534, 0.024390243902439025, 0.024390243902439025, 0.0, 0.0, 0.0, 0.0, 0.0, 0.0], [0.000125344697919278, 0.000125344697919278, 0.0, 0.000125344697919278, 0.000250689395838556, 0.000250689395838556, 0.00037603409375783404, 0.0016294810729506142, 0.0030082727500626723, 0.006643268989721735, 0.013035848583604914, 0.017924291802456756, 0.0342191025319629, 0.0530208072198546, 0.08949611431436451, 0.13775382301328654, 0.17034344447229882, 0.1270995236901479, 0.13436951616946602, 0.07107044372023064, 0.04625219353221359, 0.047756329907244925, 0.0176736024066182, 0.007646026573075959, 0.011782401604412133, 0.004011030333416896, 0.0032589621459012284, 0.0007520681875156681, 0.0, 0.0, 0.0], [0.0, 0.0, 0.0, 0.00016512549537648613, 0.0, 0.0004953764861294584, 0.001155878467635403, 0.0008256274768824307, 0.0021466314398943197, 0.0034676354029062086, 0.008751651254953766, 0.01238441215323646, 0.021136063408190225, 0.031208718626155877, 0.053665785997357995, 0.08355350066050198, 0.13028401585204755, 0.12219286657859973, 0.18890356671070013, 0.09907529722589167, 0.0665455746367239, 0.0845442536327609, 0.02988771466314399, 0.015026420079260238, 0.021796565389696168, 0.010568031704095112, 0.006274768824306473, 0.004128137384412154, 0.0016512549537648614, 0.00016512549537648613, 0.0], [0.00032534432274156815, 0.00010844810758052273, 0.0, 0.00021689621516104545, 0.00021689621516104545, 0.0007591367530636591, 0.0007591367530636591, 0.0023858583667714997, 0.003904131872898818, 0.00759136753063659, 0.015074286953692659, 0.020062899902396705, 0.025051512851100747, 0.0415356252033402, 0.059321114846545925, 0.09055416982973648, 0.1274265264071142, 0.13241513935581825, 0.18208437262769764, 0.0978201930376315, 0.057911289447999136, 0.06702093048476304, 0.02678668257238911, 0.012471532371760113, 0.017785489643205726, 0.005313957271445614, 0.0036872356577377723, 0.0014098253985467954, 0.0, 0.0, 0.0], [0.0, 0.0, 0.0, 0.0018281535648994515, 0.0018281535648994515, 0.0, 0.0, 0.005484460694698354, 0.009140767824497258, 0.005484460694698354, 0.016453382084095063, 0.025594149908592323, 0.04936014625228519, 0.08957952468007313, 0.09689213893967093, 0.15173674588665448, 0.17184643510054845, 0.12797074954296161, 0.15539305301645337, 0.051188299817184646, 0.016453382084095063, 0.014625228519195612, 0.005484460694698354, 0.0, 0.003656307129798903, 0.0, 0.0, 0.0, 0.0, 0.0, 0.0], [0.0, 0.0, 0.0, 0.00027250431465164867, 9.083477155054956e-05, 9.083477155054956e-05, 0.00027250431465164867, 0.0009083477155054955, 0.0021800345172131893, 0.00590426015078572, 0.009083477155054955, 0.017349441366154964, 0.029339631210827506, 0.03660641293487147, 0.058043419020801165, 0.07593786901625943, 0.12035607230447816, 0.09610318830048142, 0.21900263420837496, 0.09537651012807703, 0.06376600962848579, 0.09546734489962758, 0.02861295303842311, 0.012081024616223091, 0.019347806340267053, 0.006267599236987919, 0.002906712689617586, 0.002634208374965937, 0.00199836497411209, 0.0, 0.0], [0.00018520233354940273, 9.260116677470137e-05, 9.260116677470137e-05, 9.260116677470137e-05, 0.0006482081674229096, 0.0006482081674229096, 0.0005556070006482082, 0.0012964163348458191, 0.001759422168719326, 0.006574682841003797, 0.012501157514584684, 0.025557922029817576, 0.04787480322252061, 0.0687100657468284, 0.10491712195573664, 0.15149550884341142, 0.19399944439299935, 0.12556718214649504, 0.14084637466432076, 0.04972682655801463, 0.02870636170015742, 0.02250208352625243, 0.00750069450875081, 0.003333642003889249, 0.0024076303361422356, 0.0016668210019446246, 0.0007408093341976109, 0.0, 0.0, 0.0, 0.0], [0.0, 0.0001288992008249549, 0.0, 0.0001288992008249549, 0.0002577984016499098, 0.0009022944057746842, 0.0010311936065996391, 0.002320185614849188, 0.0037380768239236918, 0.00631606084042279, 0.013276617684970354, 0.02345965455014179, 0.03557617942768755, 0.04923949471513277, 0.08275328692962104, 0.13521526166537767, 0.16834235627739108, 0.11961845836555814, 0.14990977055942253, 0.08056200051559681, 0.043181232276359886, 0.04008765145656097, 0.02139726733694251, 0.009538540861046661, 0.008636246455271977, 0.002320185614849188, 0.0015467904098994587, 0.0005155968032998196, 0.0, 0.0, 0.0], [0.0, 0.0, 0.0, 0.0, 0.0003050640634533252, 0.0, 0.0009151921903599756, 0.0009151921903599756, 0.0018303843807199512, 0.003965832824893227, 0.010372178157413058, 0.01647345942647956, 0.02867602196461257, 0.04987797437461867, 0.08557046979865772, 0.12004270896888347, 0.1542098840756559, 0.09929835265405736, 0.1815131177547285, 0.07001220256253814, 0.043319097010372176, 0.05491153142159853, 0.024405125076266018, 0.012660158633312995, 0.019676632092739475, 0.00762660158633313, 0.006253813300793167, 0.0036607687614399025, 0.0035082367297132396, 0.0, 0.0], [0.00040306328093510683, 0.00040306328093510683, 0.00040306328093510683, 0.0008061265618702137, 0.0024183796856106408, 0.0032245062474808546, 0.004433696090286175, 0.00886739218057235, 0.016122531237404272, 0.031035872632003223, 0.04030632809351068, 0.05723498589278517, 0.06650544135429262, 0.09109230149133414, 0.1189036678758565, 0.11446997178557033, 0.12172511084240226, 0.0765820233776703, 0.12494961708988311, 0.03909713825070536, 0.024989923417976623, 0.028617492946392584, 0.007658202337767029, 0.005642885933091495, 0.006045949214026602, 0.005642885933091495, 0.0024183796856106408, 0.0, 0.0, 0.0, 0.0], [0.0, 0.0, 0.0, 0.0021156558533145277, 0.0014104372355430183, 0.0028208744710860366, 0.004936530324400564, 0.011283497884344146, 0.011988716502115656, 0.013399153737658674, 0.02538787023977433, 0.03737658674188998, 0.0535966149506347, 0.05782792665726375, 0.08674188998589563, 0.114950634696756, 0.1375176304654443, 0.11212976022566996, 0.16572637517630465, 0.05571227080394922, 0.031029619181946404, 0.030324400564174896, 0.018335684062059238, 0.00846262341325811, 0.00846262341325811, 0.003526093088857546, 0.0028208744710860366, 0.0021156558533145277, 0.0, 0.0, 0.0], [0.00030656039239730225, 0.0, 0.0, 0.0, 0.0006131207847946045, 0.0009196811771919068, 0.003372164316370325, 0.005518087063151441, 0.00827713059472716, 0.01640098099325567, 0.03111587982832618, 0.0473635806253832, 0.06315144083384426, 0.09196811771919068, 0.13626609442060086, 0.14101778050275904, 0.13733905579399142, 0.08874923359901901, 0.10744941753525444, 0.03832004904966278, 0.025137952176578784, 0.02575107296137339, 0.011036174126302882, 0.005671367259350092, 0.00797057020232986, 0.003372164316370325, 0.001072961373390558, 0.0009196811771919068, 0.0007664009809932557, 0.00015328019619865113, 0.0], [0.0, 0.0, 0.0, 0.0004867364322219518, 0.0007301046483329277, 0.0002433682161109759, 0.0021903139449987834, 0.0019469457288878072, 0.004867364322219518, 0.009734728644439037, 0.01727914334387929, 0.023363348746653686, 0.03869554636164517, 0.05427111219274763, 0.0778778291555123, 0.111219274762716, 0.12752494524215138, 0.10854222438549525, 0.15283523971769286, 0.0686298369432952, 0.049403747870528106, 0.05500121684108056, 0.026283767339985397, 0.013141883669992699, 0.026527135556096374, 0.012655147237770748, 0.007544414699440253, 0.0041372596738865905, 0.004380627889997567, 0.0004867364322219518, 0.0], [0.0, 0.0, 0.0, 0.0, 0.0002161227577263886, 0.0, 0.001080613788631943, 0.001080613788631943, 0.0030257186081694403, 0.011238383401772207, 0.016425329587205533, 0.027447590231251352, 0.048411497730711045, 0.06915928247244435, 0.10049708234277069, 0.12427058569267344, 0.14977307110438728, 0.1039550464663929, 0.15409552625891507, 0.062243354225199915, 0.04322455154527772, 0.041711692241193, 0.015776961314026366, 0.006915928247244435, 0.006915928247244435, 0.002593473092716663, 0.007348173762697212, 0.0023773503349902745, 0.0002161227577263886, 0.0, 0.0], [0.00027207182696231805, 0.00013603591348115902, 0.00013603591348115902, 0.00013603591348115902, 0.0005441436539246361, 0.0013603591348115903, 0.0012243232213304312, 0.0032648619235478168, 0.005441436539246361, 0.009250442116718815, 0.023262141205278194, 0.035233301591620185, 0.059039586450823016, 0.0806692966943273, 0.11780710107468371, 0.14691878655965174, 0.15861787511903142, 0.11114134131410693, 0.1115494490545504, 0.056182832267718676, 0.029927900965854987, 0.022717997551353557, 0.012379268126785472, 0.004081077404434771, 0.005441436539246361, 0.0013603591348115903, 0.0017684668752550674, 0.00013603591348115902, 0.0, 0.0, 0.0], [0.0, 0.0, 0.0, 0.00023185717597959656, 0.0006955715279387897, 0.0009274287039183863, 0.0013911430558775793, 0.0034778576396939484, 0.005100857871551124, 0.008346858335265477, 0.01878043125434732, 0.025968003709714815, 0.04544400649200093, 0.06329700904242987, 0.1010897287271041, 0.13331787618826801, 0.15882216554602366, 0.11616044516577788, 0.13308601901228842, 0.06190586598655228, 0.03918386274055182, 0.03593786227683747, 0.018548574078367727, 0.005564572223510317, 0.012288430326918618, 0.003709714815673545, 0.003941571991653142, 0.002318571759795966, 0.0004637143519591931, 0.0, 0.0], [0.0, 0.0, 0.0, 0.00026881720430107527, 0.0, 0.001075268817204301, 0.001881720430107527, 0.002688172043010753, 0.005913978494623656, 0.005913978494623656, 0.012365591397849462, 0.021236559139784946, 0.032795698924731186, 0.0467741935483871, 0.08575268817204301, 0.10833333333333334, 0.1400537634408602, 0.10779569892473118, 0.1728494623655914, 0.07553763440860214, 0.047311827956989246, 0.06155913978494624, 0.02338709677419355, 0.013709677419354839, 0.018548387096774192, 0.00967741935483871, 0.002956989247311828, 0.0008064516129032258, 0.0008064516129032258, 0.0, 0.0], [0.0, 0.0, 0.00029850746268656717, 0.0, 0.00014925373134328358, 0.00044776119402985075, 0.0005970149253731343, 0.00208955223880597, 0.0019402985074626865, 0.005671641791044776, 0.012686567164179104, 0.027313432835820897, 0.04537313432835821, 0.07537313432835821, 0.1117910447761194, 0.12149253731343283, 0.14477611940298507, 0.1017910447761194, 0.14686567164179104, 0.05552238805970149, 0.03716417910447761, 0.04029850746268657, 0.024626865671641792, 0.010149253731343283, 0.018507462686567163, 0.004776119402985075, 0.004626865671641791, 0.003582089552238806, 0.00208955223880597, 0.0, 0.0], [0.0, 0.0, 9.454476694714947e-05, 0.0, 9.454476694714947e-05, 0.00018908953389429895, 0.00028363430084144843, 0.0012290819703129432, 0.0020799848728372886, 0.005767230783776118, 0.011439916800605087, 0.02174529639784438, 0.03734518294412404, 0.053039614257350855, 0.07875579086697551, 0.09671929658693391, 0.12678453247612745, 0.10295925120544577, 0.2075257634489931, 0.08329393968043869, 0.05058145031672497, 0.0638177176893259, 0.01938167722416564, 0.010399924364186443, 0.015316252245438216, 0.006239954618511866, 0.0015127162711543916, 0.002174529639784438, 0.0010399924364186443, 0.00018908953389429895, 0.0], [0.0, 0.0, 0.0, 0.0, 0.0, 0.00012113870381586917, 0.000726832222895215, 0.0006056935190793458, 0.0023016353725015142, 0.005330102967898243, 0.008116293155663234, 0.019382192610539067, 0.03391883706844337, 0.05754088431253786, 0.09170199878861296, 0.13216232586311327, 0.17686250757116898, 0.12465172622652938, 0.187038158691702, 0.06420351302241066, 0.03210175651120533, 0.04058146577831617, 0.009933373712901272, 0.003997577225923683, 0.003997577225923683, 0.0013325257419745608, 0.002059357964869776, 0.0013325257419745608, 0.0, 0.0, 0.0], [0.0, 0.0041841004184100415, 0.0, 0.0041841004184100415, 0.0041841004184100415, 0.02092050209205021, 0.02510460251046025, 0.02092050209205021, 0.07531380753138076, 0.04184100418410042, 0.04184100418410042, 0.06276150627615062, 0.07531380753138076, 0.11297071129707113, 0.1087866108786611, 0.11715481171548117, 0.09623430962343096, 0.06694560669456066, 0.04602510460251046, 0.012552301255230125, 0.029288702928870293, 0.008368200836820083, 0.012552301255230125, 0.012552301255230125, 0.0, 0.0, 0.0, 0.0, 0.0, 0.0, 0.0]]}, "ranks": {"labels": ["Unranked", "Combatatent I", "Combatatent II", "Challenger I", "Challenger II", "Rival I", "Rival II", "Duelist", "Elite"], "data": [[0.12142857142857143, 0.16071428571428573, 0.18571428571428572, 0.21428571428571427, 0.15714285714285714, 0.08928571428571429, 0.02857142857142857, 0.04285714285714286, 0.0], [0.051490514905149054, 0.08220415537488708, 0.14543812104787715, 0.23261065943992773, 0.24299909665763325, 0.16034327009936766, 0.04200542005420054, 0.031616982836495035, 0.011291779584462511], [0.010691375623663579, 0.021810406272273698, 0.0548823948681397, 0.12387740555951532, 0.23706343549536707, 0.2952245188880969, 0.0962223806129722, 0.11418389166072701, 0.04604419101924448], [0.02226588081204977, 0.03968565815324165, 0.0945645055664702, 0.193713163064833, 0.27177472167648986, 0.21872953503601833, 0.07884741322855272, 0.0673215455140799, 0.01309757694826457], [0.1485148514851485, 0.1188118811881188, 0.19801980198019803, 0.13861386138613863, 0.1188118811881188, 0.16831683168316833, 0.039603960396039604, 0.06930693069306931, 0.0], [0.011091808098356274, 0.03287451556862221, 0.09608445810503809, 0.2135507149538955, 0.26312976079112654, 0.19270346117867165, 0.07243084324468796, 0.08419083255378859, 0.03394360550581318], [0.06784064665127021, 0.08833718244803695, 0.15964203233256352, 0.2453810623556582, 0.2121824480369515, 0.11489607390300231, 0.04128175519630485, 0.040993071593533485, 0.029445727482678985], [0.2753623188405797, 0.19202898550724637, 0.213768115942029, 0.13043478260869565, 0.08333333333333333, 0.043478260869565216, 0.03985507246376811, 0.021739130434782608, 0.0], [0.04500871839581517, 0.09274193548387097, 0.14962946817785527, 0.23060156931124673, 0.20651700087183958, 0.12456408020924149, 0.05797733217088056, 0.06233653007846556, 0.030623365300784657], [0.007575757575757576, 0.01693404634581105, 0.034759358288770054, 0.11185383244206773, 0.1804812834224599, 0.2268270944741533, 0.12745098039215685, 0.18627450980392157, 0.10784313725490197], [0.04240766073871409, 0.07079343365253078, 0.13919288645690833, 0.21203830369357046, 0.2393980848153215, 0.17065663474692203, 0.05677154582763338, 0.0506155950752394, 0.018125854993160054], [0.05809689249179695, 0.12237019880331983, 0.19513607411696585, 0.268867014089944, 0.19455703532136653, 0.08839992279482725, 0.035707392395290485, 0.029723991507430998, 0.007141478479058097], [0.0248246087425796, 0.06565929123943155, 0.125562151466091, 0.22378125562151466, 0.2513041914013312, 0.17413203813635547, 0.06080230257240511, 0.05666486778197517, 0.017269293038316244], [0.026122652071153128, 0.05498196293071277, 0.09914168428909069, 0.2011444209478791, 0.25587759671600946, 0.19305883816395075, 0.0766264460753825, 0.06779450180370693, 0.02525189700211469], [0.010273114507642195, 0.030819343522926586, 0.09095464795790528, 0.189676772738662, 0.2756201453269857, 0.2124780756702581, 0.08644450012528189, 0.08043096968178401, 0.023302430468554246], [0.033697632058287796, 0.05510018214936248, 0.11566484517304189, 0.19763205828779598, 0.24043715846994534, 0.15209471766848817, 0.08151183970856102, 0.08151183970856102, 0.04234972677595628], [0.031020601468150603, 0.0670139711105849, 0.15107743310442814, 0.24342884205541085, 0.23419370116031257, 0.14373668008524745, 0.05185886810324414, 0.05612124082405873, 0.021548662088562633], [0.02413299964247408, 0.053271362173757594, 0.12102252413299965, 0.22756524848051485, 0.24740793707543796, 0.19681801930639972, 0.05345012513407222, 0.0555952806578477, 0.020736503396496245], [0.12195121951219512, 0.08536585365853659, 0.0975609756097561, 0.23170731707317074, 0.21951219512195122, 0.024390243902439025, 0.08536585365853659, 0.10975609756097561, 0.024390243902439025], [0.012534469791927802, 0.03096014038606167, 0.0872399097518175, 0.22724993732765103, 0.29744296816244675, 0.17460516420155428, 0.07708698922035598, 0.07307595888693909, 0.019804462271245927], [0.008256274768824307, 0.021136063408190225, 0.0523447820343461, 0.13721928665785998, 0.2524768824306473, 0.24124834874504625, 0.11327608982826949, 0.12945838837516513, 0.04458388375165125], [0.01626721613707841, 0.03513718685608936, 0.06658713805444096, 0.1498752846762824, 0.25984166576293244, 0.2344648085890901, 0.10335104652423815, 0.10627914542891227, 0.028196507970935907], [0.02376599634369287, 0.04204753199268738, 0.13893967093235832, 0.24862888482632542, 0.29981718464351004, 0.1956124314442413, 0.027422303473491772, 0.02010968921389397, 0.003656307129798903], [0.009719320555908802, 0.02643291852120992, 0.06594604414569898, 0.13398128803706058, 0.21645926060495957, 0.2682350803887728, 0.10991007357616496, 0.13616132255427377, 0.03315469161595059], [0.011945550513936476, 0.03805907954440226, 0.11658486896934901, 0.25641263079914806, 0.3195666265394944, 0.16705250486156126, 0.052227058060931565, 0.03333642003889249, 0.004815260672284471], [0.014823408094869811, 0.036736272235112145, 0.08481567414282032, 0.2179685485949987, 0.2879608146429492, 0.1951533900489817, 0.07849961330239752, 0.07102345965455015, 0.013018819283320443], [0.007931665649786455, 0.026845637583892617, 0.07855399633923124, 0.20561317876754118, 0.25350823672971323, 0.2202562538133008, 0.07458816351433802, 0.09197681513117754, 0.04072605247101892], [0.06811769447803305, 0.09754131398629586, 0.15759774284562678, 0.23337363966142685, 0.19830713422007254, 0.1430874647319629, 0.045949214026602174, 0.04191858121725111, 0.014107214832728738], [0.047954866008462625, 0.06276445698166432, 0.11142454160789844, 0.2016925246826516, 0.24964739069111425, 0.19534555712270804, 0.057122708039492244, 0.057122708039492244, 0.01692524682651622], [0.03540772532188841, 0.07847946045370938, 0.15511955855303494, 0.2772838749233599, 0.22608828939301043, 0.1276824034334764, 0.04322501532801962, 0.042458614347026365, 0.014255058246474555], [0.020199561937211, 0.04064249209053298, 0.0929666585543928, 0.1890971039182283, 0.23606716962764662, 0.1900705767826722, 0.080798247748844, 0.09442686785105865, 0.05573132148941348], [0.01664145234493192, 0.04387291981845688, 0.1175707802031554, 0.22476766803544412, 0.2537281175707802, 0.18910741301059, 0.07045601901880268, 0.0644045818024638, 0.01945104819537497], [0.021765746156985444, 0.05849544279689838, 0.13970888314515031, 0.26472588763433547, 0.2697592164331383, 0.14419806829002857, 0.053462113998095494, 0.0391783430825738, 0.008706298462794177], [0.020171574310224902, 0.04474843496406214, 0.10874101553443079, 0.23440760491537213, 0.2749826107118015, 0.1692557384651055, 0.06492000927428704, 0.06005100857871551, 0.022722003246000464], [0.017741935483870968, 0.033602150537634407, 0.07956989247311828, 0.19408602150537635, 0.2478494623655914, 0.21478494623655914, 0.08091397849462366, 0.09865591397849463, 0.032795698924731186], [0.011194029850746268, 0.04, 0.12074626865671642, 0.23328358208955224, 0.2465671641791045, 0.17791044776119402, 0.06164179104477612, 0.07507462686567164, 0.033582089552238806], [0.009738110995556395, 0.03318521319844946, 0.0903847972014749, 0.17547508745390944, 0.22974378368157322, 0.2510163562446819, 0.0903847972014749, 0.09359931927767798, 0.026472534745201854], [0.009085402786190187, 0.027498485766202303, 0.09145972138098123, 0.22386432465172623, 0.30151423379769837, 0.22228952150211992, 0.06105390672319806, 0.054512416717141125, 0.00872198667474258], [0.19665271966527198, 0.10460251046025104, 0.18828451882845187, 0.22594142259414227, 0.16317991631799164, 0.0502092050209205, 0.03765690376569038, 0.03347280334728033, 0.0]]}, "ranksDetailed": {"labels": ["Unranked", "Combatatant", "Challenger", "Rival", "Duelist", "Elite"], "data": [[0.12142857142857143, 0.3464285714285714, 0.37142857142857144, 0.11785714285714285, 0.04285714285714286, 0.0], [0.051490514905149054, 0.22764227642276422, 0.47560975609756095, 0.2023486901535682, 0.031616982836495035, 0.011291779584462511], [0.010691375623663579, 0.0766928011404134, 0.3609408410548824, 0.39144689950106915, 0.11418389166072701, 0.04604419101924448], [0.02226588081204977, 0.13425016371971185, 0.46548788474132285, 0.29757694826457104, 0.0673215455140799, 0.01309757694826457], [0.1485148514851485, 0.31683168316831684, 0.25742574257425743, 0.2079207920792079, 0.06930693069306931, 0.0], [0.011091808098356274, 0.1289589736736603, 0.47668047574502204, 0.2651343044233596, 0.08419083255378859, 0.03394360550581318], [0.06784064665127021, 0.24797921478060045, 0.4575635103926097, 0.15617782909930716, 0.040993071593533485, 0.029445727482678985], [0.2753623188405797, 0.4057971014492754, 0.213768115942029, 0.08333333333333333, 0.021739130434782608, 0.0], [0.04500871839581517, 0.24237140366172624, 0.4371185701830863, 0.18254141238012206, 0.06233653007846556, 0.030623365300784657], [0.007575757575757576, 0.05169340463458111, 0.29233511586452765, 0.35427807486631013, 0.18627450980392157, 0.10784313725490197], [0.04240766073871409, 0.20998632010943913, 0.45143638850889195, 0.2274281805745554, 0.0506155950752394, 0.018125854993160054], [0.05809689249179695, 0.31750627292028566, 0.46342404941131055, 0.12410731519011774, 0.029723991507430998, 0.007141478479058097], [0.0248246087425796, 0.19122144270552258, 0.47508544702284583, 0.23493434070876057, 0.05666486778197517, 0.017269293038316244], [0.026122652071153128, 0.15412364721980346, 0.45702201766388856, 0.26968528423933325, 0.06779450180370693, 0.02525189700211469], [0.010273114507642195, 0.12177399148083187, 0.4652969180656477, 0.29892257579554, 0.08043096968178401, 0.023302430468554246], [0.033697632058287796, 0.17076502732240437, 0.43806921675774135, 0.2336065573770492, 0.08151183970856102, 0.04234972677595628], [0.031020601468150603, 0.21809140421501302, 0.4776225432157234, 0.1955955481884916, 0.05612124082405873, 0.021548662088562633], [0.02413299964247408, 0.17429388630675724, 0.4749731855559528, 0.2502681444404719, 0.0555952806578477, 0.020736503396496245], [0.12195121951219512, 0.18292682926829268, 0.45121951219512196, 0.10975609756097561, 0.10975609756097561, 0.024390243902439025], [0.012534469791927802, 0.11820005013787917, 0.5246929054900977, 0.25169215342191026, 0.07307595888693909, 0.019804462271245927], [0.008256274768824307, 0.07348084544253633, 0.38969616908850724, 0.3545244385733157, 0.12945838837516513, 0.04458388375165125], [0.01626721613707841, 0.10172432491053031, 0.40971695043921486, 0.3378158551133283, 0.10627914542891227, 0.028196507970935907], [0.02376599634369287, 0.1809872029250457, 0.5484460694698354, 0.2230347349177331, 0.02010968921389397, 0.003656307129798903], [0.009719320555908802, 0.0923789626669089, 0.3504405486420202, 0.37814515396493775, 0.13616132255427377, 0.03315469161595059], [0.011945550513936476, 0.15464394851375127, 0.5759792573386424, 0.21927956292249282, 0.03333642003889249, 0.004815260672284471], [0.014823408094869811, 0.12155194637793246, 0.5059293632379479, 0.2736530033513792, 0.07102345965455015, 0.013018819283320443], [0.007931665649786455, 0.10539963392312386, 0.45912141549725444, 0.29484441732763883, 0.09197681513117754, 0.04072605247101892], [0.06811769447803305, 0.2551390568319226, 0.4316807738814994, 0.18903667875856509, 0.04191858121725111, 0.014107214832728738], [0.047954866008462625, 0.17418899858956277, 0.4513399153737659, 0.2524682651622003, 0.057122708039492244, 0.01692524682651622], [0.03540772532188841, 0.23359901900674432, 0.5033721643163703, 0.170907418761496, 0.042458614347026365, 0.014255058246474555], [0.020199561937211, 0.13360915064492576, 0.4251642735458749, 0.2708688245315162, 0.09442686785105865, 0.05573132148941348], [0.01664145234493192, 0.16144370002161226, 0.47849578560622436, 0.2595634320293927, 0.0644045818024638, 0.01945104819537497], [0.021765746156985444, 0.1982043259420487, 0.5344851040674738, 0.19766018228812407, 0.0391783430825738, 0.008706298462794177], [0.020171574310224902, 0.15348945049849294, 0.5093902156271737, 0.23417574773939254, 0.06005100857871551, 0.022722003246000464], [0.017741935483870968, 0.11317204301075269, 0.44193548387096776, 0.2956989247311828, 0.09865591397849463, 0.032795698924731186], [0.011194029850746268, 0.16074626865671643, 0.4798507462686567, 0.23955223880597015, 0.07507462686567164, 0.033582089552238806], [0.009738110995556395, 0.12357001039992437, 0.40521887113548266, 0.34140115344615674, 0.09359931927767798, 0.026472534745201854], [0.009085402786190187, 0.11895820714718353, 0.5253785584494246, 0.283343428225318, 0.054512416717141125, 0.00872198667474258], [0.19665271966527198, 0.2928870292887029, 0.3891213389121339, 0.08786610878661087, 0.03347280334728033, 0.0]]}}}, "eu": {"histType": {"histogram": {"labels": ["0", "100", "200", "300", "400", "500", "600", "700", "800", "900", "1000", "1100", "1200", "1300", "1400", "1500", "1600", "1700", "1800", "1900", "2000", "2100", "2200", "2300", "2400", "2500", "2600", "2700", "2800", "2900", "3000"], "data": [[0.0, 0.0, 0.0, 0.0, 0.0, 0.009259259259259259, 0.013888888888888888, 0.018518518518518517, 0.05092592592592592, 0.046296296296296294, 0.08333333333333333, 0.06018518518518518, 0.05555555555555555, 0.09722222222222222, 0.1527777777777778, 0.1111111111111111, 0.08796296296296297, 0.09259259259259259, 0.041666666666666664, 0.032407407407407406, 0.009259259259259259, 0.009259259259259259, 0.009259259259259259, 0.013888888888888888, 0.004629629629629629, 0.0, 0.0, 0.0, 0.0, 0.0, 0.0], [0.0, 0.0, 0.00048262548262548264, 0.0009652509652509653, 0.0009652509652509653, 0.0033783783783783786, 0.004826254826254826, 0.008687258687258687, 0.019305019305019305, 0.026061776061776062, 0.03571428571428571, 0.052123552123552123, 0.06515444015444015, 0.08204633204633205, 0.12162162162162163, 0.12017374517374517, 0.15057915057915058, 0.08011583011583012, 0.13127413127413126, 0.037162162162162164, 0.019305019305019305, 0.019305019305019305, 0.006756756756756757, 0.0033783783783783786, 0.006274131274131274, 0.0019305019305019305, 0.0019305019305019305, 0.00048262548262548264, 0.0, 0.0, 0.0], [0.0, 0.0, 0.0, 0.000151285930408472, 0.000151285930408472, 0.000151285930408472, 0.000302571860816944, 0.0015128593040847202, 0.0030257186081694403, 0.004084720121028744, 0.009984871406959153, 0.01497730711043873, 0.023449319213313162, 0.03010590015128593, 0.05098335854765507, 0.07443267776096824, 0.137821482602118, 0.10499243570347958, 0.2344931921331316, 0.08653555219364599, 0.06172465960665658, 0.07776096822995461, 0.028290468986384265, 0.01422087745839637, 0.02178517397881997, 0.008472012102874432, 0.0034795763993948564, 0.004387291981845689, 0.002571860816944024, 0.000151285930408472, 0.0], [0.0, 0.0, 0.0, 0.00012556504269211453, 0.00012556504269211453, 0.00025113008538422905, 0.0008789552988448016, 0.002636865896534405, 0.004394776494224008, 0.008663987945755902, 0.01783023606228026, 0.027122049221496736, 0.03591160220994475, 0.047212456052235056, 0.08161727774987443, 0.10748367654445003, 0.16499246609743848, 0.11702661978905073, 0.1808136614766449, 0.0796082370668006, 0.045454545454545456, 0.044952285283776997, 0.012430939226519336, 0.006152687091913611, 0.008663987945755902, 0.002636865896534405, 0.0007533902561526871, 0.0008789552988448016, 0.0011300853842290306, 0.00025113008538422905, 0.0], [0.0, 0.0, 0.0, 0.0, 0.010101010101010102, 0.020202020202020204, 0.020202020202020204, 0.050505050505050504, 0.050505050505050504, 0.030303030303030304, 0.08080808080808081, 0.1111111111111111, 0.030303030303030304, 0.020202020202020204, 0.10101010101010101, 0.10101010101010101, 0.06060606060606061, 0.09090909090909091, 0.050505050505050504, 0.0707070707070707, 0.04040404040404041, 0.010101010101010102, 0.020202020202020204, 0.010101010101010102, 0.010101010101010102, 0.010101010101010102, 0.0, 0.0, 0.0, 0.0, 0.0], [0.0, 0.0001353546291283162, 0.0001353546291283162, 0.0002707092582566324, 0.0004060638873849486, 0.0001353546291283162, 0.0004060638873849486, 0.002030319436924743, 0.002977801840822956, 0.006497022198159177, 0.011911207363291824, 0.020167839740119112, 0.033297238765565784, 0.0568489442338928, 0.089469409853817, 0.11356253383865728, 0.15146182999458582, 0.1061180292365999, 0.15687601515971847, 0.0768814293448836, 0.04371954520844613, 0.058743909041689225, 0.02273957769355712, 0.010422306442880346, 0.018272874932322686, 0.008391987005955604, 0.0032485110990795887, 0.00284244721169464, 0.0012181916621548457, 0.0008121277747698972, 0.0], [0.0002656042496679947, 0.0002656042496679947, 0.0002656042496679947, 0.0013280212483399733, 0.0029216467463479417, 0.002390438247011952, 0.004780876494023904, 0.010624169986719787, 0.020185922974767595, 0.027357237715803454, 0.04143426294820717, 0.05657370517928287, 0.07463479415670651, 0.08632138114209828, 0.09349269588313414, 0.12377158034528553, 0.1253652058432935, 0.07702523240371846, 0.0903054448871182, 0.04541832669322709, 0.02895086321381142, 0.029747675962815405, 0.01301460823373174, 0.007171314741035857, 0.012217795484727756, 0.006640106241699867, 0.007171314741035857, 0.004780876494023904, 0.005046480743691899, 0.0005312084993359894, 0.0], [0.0, 0.0, 0.0, 0.0, 0.009900990099009901, 0.024752475247524754, 0.0049504950495049506, 0.054455445544554455, 0.0297029702970297, 0.0594059405940594, 0.074257425742574