{"region": {"us": {"histType": {"histogram": {"labels": ["0", "100", "200", "300", "400", "500", "600", "700", "800", "900", "1000", "1100", "1200", "1300", "1400", "1500", "1600", "1700", "1800", "1900", "2000", "2100", "2200", "2300", "2400", "2500", "2600", "2700", "2800", "2900", "3000", "3100", "3200"], "data": [[0.0, 0.0, 0.002797202797202797, 0.005594405594405594, 0.004195804195804196, 0.006993006993006993, 0.012587412587412588, 0.013986013986013986, 0.03636363636363636, 0.04895104895104895, 0.08251748251748252, 0.1020979020979021, 0.11748251748251748, 0.13286713286713286, 0.13286713286713286, 0.0993006993006993, 0.06713286713286713, 0.04195804195804196, 0.043356643356643354, 0.016783216783216783, 0.013986013986013986, 0.008391608391608392, 0.004195804195804196, 0.005594405594405594, 0.0, 0.0, 0.0, 0.0, 0.0, 0.0, 0.0, 0.0, 0.0], [0.0, 0.00025523226135783564, 0.00025523226135783564, 0.00025523226135783564, 0.0010209290454313426, 0.002041858090862685, 0.004594180704441042, 0.009443593670239918, 0.01582440020418581, 0.028841245533435426, 0.03854007146503318, 0.055130168453292494, 0.08244002041858091, 0.09418070444104135, 0.13016845329249618, 0.1368044920877999, 0.1439509954058193, 0.08346094946401225, 0.10413476263399694, 0.033435426237876466, 0.017100561510974988, 0.006636038795303726, 0.00408371618172537, 0.002807554874936192, 0.001276161306789178, 0.0015313935681470138, 0.0010209290454313426, 0.0007656967840735069, 0.0, 0.0, 0.0, 0.0, 0.0], [0.00012094823415578132, 0.0, 0.0, 0.00024189646831156264, 0.00024189646831156264, 0.00024189646831156264, 0.00024189646831156264, 0.0006047411707789066, 0.0024189646831156266, 0.0035074987905176582, 0.0050798258345428155, 0.0070149975810353165, 0.01185292694726657, 0.018988872762457667, 0.025157232704402517, 0.03749395258829221, 0.08780841799709724, 0.1625544267053701, 0.3697387518142235, 0.08780841799709724, 0.05224963715529753, 0.06059506531204644, 0.023463957426221576, 0.009675858732462506, 0.019351717464925013, 0.00641025641025641, 0.0024189646831156266, 0.004112239961296565, 0.00012094823415578132, 0.0004837929366231253, 0.0, 0.0, 0.0], [0.0, 0.0, 0.0, 0.0, 0.00011785503830288745, 0.0, 0.0008249852681202121, 0.0017678255745433118, 0.004714201532115498, 0.007896287566293458, 0.011667648791985858, 0.012846199175014733, 0.025456688273423688, 0.027931644077784326, 0.042192103712433704, 0.04985268120212139, 0.0704773129051267, 0.041956393635827934, 0.2674130819092516, 0.15545079552150853, 0.08980553918680023, 0.09852681202121391, 0.032763700648202713, 0.013789039481437832, 0.0281673541543901, 0.006835592221567472, 0.004714201532115498, 0.0020035356511490868, 0.002828520919269299, 0.0, 0.0, 0.0, 0.0], [0.0, 0.0, 0.0, 0.0, 0.010362694300518135, 0.0051813471502590676, 0.031088082901554404, 0.025906735751295335, 0.05699481865284974, 0.05181347150259067, 0.07253886010362694, 0.08808290155440414, 0.10362694300518134, 0.11398963730569948, 0.09326424870466321, 0.10362694300518134, 0.07772020725388601, 0.031088082901554404, 0.06217616580310881, 0.031088082901554404, 0.03626943005181347, 0.0051813471502590676, 0.0, 0.0, 0.0, 0.0, 0.0, 0.0, 0.0, 0.0, 0.0, 0.0, 0.0], [0.0, 0.0, 0.0, 0.0, 0.0, 0.0, 0.0, 0.0014099783080260303, 0.0013015184381778742, 0.004772234273318872, 0.007266811279826464, 0.0113882863340564, 0.021475054229934926, 0.06876355748373102, 0.12299349240780912, 0.14945770065075922, 0.17744034707158352, 0.11062906724511931, 0.14869848156182214, 0.055856832971800434, 0.03297180043383948, 0.039587852494577004, 0.014859002169197397, 0.0079175704989154, 0.012147505422993492, 0.004772234273318872, 0.002928416485900217, 0.0014099783080260303, 0.0013015184381778742, 0.0006507592190889371, 0.0, 0.0, 0.0], [0.0, 0.0, 0.0004091653027823241, 0.0022504091653027824, 0.0016366612111292963, 0.0034779050736497546, 0.006955810147299509, 0.012888707037643207, 0.019230769230769232, 0.03600654664484452, 0.050122749590834695, 0.06894435351882161, 0.09349427168576105, 0.1131342062193126, 0.12234042553191489, 0.1196808510638298, 0.12009001636661211, 0.06669394435351882, 0.07303600654664484, 0.02823240589198036, 0.01738952536824877, 0.015548281505728314, 0.008387888707037643, 0.004909983633387889, 0.0061374795417348605, 0.0036824877250409165, 0.0024549918166939444, 0.0014320785597381341, 0.0010229132569558102, 0.00020458265139116204, 0.00020458265139116204, 0.0, 0.0], [0.0027100271002710027, 0.0027100271002710027, 0.0, 0.008130081300813009, 0.005420054200542005, 0.018970189701897018, 0.013550135501355014, 0.03523035230352303, 0.056910569105691054, 0.12466124661246612, 0.11653116531165311, 0.13008130081300814, 0.1002710027100271, 0.1111111111111111, 0.06775067750677506, 0.07046070460704607, 0.051490514905149054, 0.013550135501355014, 0.02168021680216802, 0.032520325203252036, 0.01084010840108401, 0.0027100271002710027, 0.0027100271002710027, 0.0, 0.0, 0.0, 0.0, 0.0, 0.0, 0.0, 0.0, 0.0, 0.0], [0.00021473051320592657, 0.00021473051320592657, 0.00042946102641185313, 0.00032209576980888986, 0.0005368262830148165, 0.0012883830792355595, 0.0016104788490444492, 0.004401975520721494, 0.00751556796220743, 0.016104788490444492, 0.02555293107150526, 0.03403478634313936, 0.040798797509126045, 0.045844964569465324, 0.05668885548636461, 0.06656645909383724, 0.20345716126261543, 0.13409920549710114, 0.14612411423663302, 0.06506334550139575, 0.04294610264118531, 0.04262400687137642, 0.021795147090401545, 0.012883830792355593, 0.018144728365900795, 0.005153532316942238, 0.002147305132059266, 0.003006227184882972, 0.00042946102641185313, 0.0, 0.0, 0.0, 0.0], [0.0, 0.0, 0.0, 0.0, 0.0003966679888932963, 0.0007933359777865926, 0.001190003966679889, 0.0015866719555731853, 0.002380007933359778, 0.009123363744545815, 0.013090043633478779, 0.01586671955573185, 0.022213407378024592, 0.038080126933756446, 0.061483538278460925, 0.07893692978976596, 0.10511701705672352, 0.08806029353431179, 0.17770725902419673, 0.06862356207854026, 0.07378024593415311, 0.09797699325664419, 0.0436334787782626, 0.016660055533518445, 0.04641015470051567, 0.013486711622372074, 0.01190003966679889, 0.007933359777865925, 0.002776675922253074, 0.0007933359777865926, 0.0, 0.0, 0.0], [0.0, 0.0, 0.00017895490336435218, 0.0, 0.0008947745168217609, 0.0005368647100930566, 0.0012526843235504653, 0.004294917680744453, 0.008589835361488905, 0.014495347172512527, 0.02129563350035791, 0.029885468861846815, 0.05386542591267001, 0.06317108088761632, 0.1014674302075877, 0.12508947745168217, 0.15282748747315678, 0.09663564781675017, 0.1440586972083035, 0.06191839656406586, 0.03793843951324266, 0.03722261989978525, 0.012884753042233358, 0.008410880458124553, 0.013600572655690766, 0.0034001431639226914, 0.002684323550465283, 0.0014316392269148174, 0.001968503937007874, 0.0, 0.0, 0.0, 0.0], [0.0, 0.0, 0.00043731778425655976, 0.00043731778425655976, 0.00043731778425655976, 0.0033527696793002916, 0.00641399416909621, 0.01282798833819242, 0.02128279883381924, 0.036734693877551024, 0.059329446064139944, 0.07478134110787173, 0.09766763848396501, 0.119533527696793, 0.139067055393586, 0.12040816326530612, 0.10262390670553936, 0.05962099125364431, 0.061807580174927115, 0.026822157434402333, 0.018367346938775512, 0.015306122448979591, 0.008017492711370262, 0.004227405247813411, 0.0039358600583090375, 0.0036443148688046646, 0.0014577259475218659, 0.0002915451895043732, 0.0011661807580174927, 0.0, 0.0, 0.0, 0.0], [0.0, 0.0, 0.0, 0.0, 0.00012838618564642445, 0.0005135447425856978, 0.0016690204134035178, 0.002054178970342791, 0.004365130311978431, 0.0052638336115034025, 0.013095390935935293, 0.019257927846963667, 0.027603029913981256, 0.03350879445371678, 0.047759661060469895, 0.04416484786237001, 0.22493259725253562, 0.15432019514700218, 0.2149184747721145, 0.07536269097445115, 0.040184876107330854, 0.04185389652073437, 0.016305045577095903, 0.01065605340865323, 0.013608935678520992, 0.003723199383746309, 0.0017974065990499421, 0.0010270894851713956, 0.0019257927846963667, 0.0, 0.0, 0.0, 0.0], [0.00021134946634259749, 0.0, 0.0, 0.00010567473317129874, 0.00010567473317129874, 0.00031702419951389624, 0.001268096798055585, 0.0015851209975694812, 0.00422698932685195, 0.01014477438444468, 0.016273908908380007, 0.01870442777131988, 0.024833562295255206, 0.06403888830180704, 0.14223819084856812, 0.1500581211032442, 0.17087604353799007, 0.10969037303180809, 0.13515798372609109, 0.05378843918419106, 0.030011624220648844, 0.031491070485047026, 0.011835570115185459, 0.0054950861249075346, 0.009299376519074289, 0.002853217795625066, 0.0019021451970833774, 0.0022191693965972737, 0.0005283736658564937, 0.0006340483990277925, 0.00010567473317129874, 0.0, 0.0], [0.0, 0.0, 0.0, 0.00018234865061998541, 0.0005470459518599562, 0.00018234865061998541, 0.001276440554339898, 0.0018234865061998542, 0.0040116703136396795, 0.006929248723559446, 0.014587892049598834, 0.025346462436177972, 0.04412837345003647, 0.06546316557257477, 0.0962800875273523, 0.11889132020423049, 0.1586433260393873, 0.11706783369803063, 0.15244347191830782, 0.06965718453683442, 0.04339897884755653, 0.03683442742523705, 0.01549963530269876, 0.006017505470459519, 0.010576221735959153, 0.004558716265499635, 0.0029175784099197666, 0.0009117432530999271, 0.0009117432530999271, 0.0009117432530999271, 0.0, 0.0, 0.0], [0.0, 0.0, 0.000250689395838556, 0.000250689395838556, 0.0017548257708698922, 0.0032589621459012284, 0.0015041363750313362, 0.0055151667084482325, 0.011281022812735022, 0.01779894710453748, 0.030584106292303837, 0.04662822762597142, 0.06568062170970168, 0.09250438706442718, 0.11506643268989722, 0.1288543494610178, 0.1311105540235648, 0.0957633492103284, 0.10228127350213086, 0.045625470042617196, 0.029330659313111056, 0.030834795688142392, 0.014038606166959138, 0.006517924291802457, 0.012534469791927802, 0.0055151667084482325, 0.002256204562547004, 0.0027575833542241163, 0.000250689395838556, 0.000250689395838556, 0.0, 0.0, 0.0], [0.00018751171948246765, 0.0, 0.000562535158447403, 0.0013125820363772737, 0.000562535158447403, 0.0013125820363772737, 0.003375210950684418, 0.007125445340333771, 0.011813238327395462, 0.020251265704106507, 0.032252015750984436, 0.05306581661353835, 0.07444215263453965, 0.10256891055690981, 0.12450778173635853, 0.12825801612600787, 0.136321020063754, 0.07950496906056628, 0.11325707856741046, 0.0388149259328708, 0.022876429776861055, 0.022876429776861055, 0.009938121132570785, 0.004500281267579224, 0.005062816426026627, 0.0018751171948246765, 0.000562535158447403, 0.0013125820363772737, 0.0013125820363772737, 0.00018751171948246765, 0.0, 0.0, 0.0], [0.0, 0.0, 0.00012708095056551024, 0.0002541619011310205, 0.0003812428516965307, 0.0002541619011310205, 0.0007624857033930614, 0.001652052357351633, 0.002668699961875715, 0.006354047528275512, 0.012453933155420002, 0.014233066463337146, 0.02770364722328123, 0.03367645189986021, 0.14639725505146778, 0.15732621680010167, 0.17448214512644555, 0.111831236497649, 0.1749904689287076, 0.0472741136103698, 0.025162028211971027, 0.029101537679501844, 0.010293556995806329, 0.006354047528275512, 0.008514423687889185, 0.003177023764137756, 0.0012708095056551023, 0.001016647604524082, 0.0019062142584826535, 0.0003812428516965307, 0.0, 0.0, 0.0], [0.0, 0.0, 0.0, 0.00625, 0.00625, 0.00625, 0.0, 0.01875, 0.05, 0.09375, 0.0625, 0.08125, 0.075, 0.0625, 0.04375, 0.125, 0.0875, 0.08125, 0.0375, 0.04375, 0.05, 0.0125, 0.03125, 0.0, 0.00625, 0.00625, 0.0, 0.0125, 0.0, 0.0, 0.0, 0.0, 0.0], [0.00022514916131937407, 0.00011257458065968704, 0.0, 0.0, 0.0, 0.00011257458065968704, 0.00022514916131937407, 0.0010131712259371835, 0.002251491613193741, 0.004615557807047169, 0.007317347742879658, 0.010019137678712146, 0.021614319486659914, 0.02971968929415738, 0.05133400878081729, 0.1589553078914781, 0.22773837667454688, 0.14882359563210626, 0.15512777214904874, 0.06506810762129911, 0.037825059101654845, 0.03771248452099516, 0.013396375098502758, 0.006979624000900597, 0.01103230890464933, 0.004052684903748734, 0.0019137678712146796, 0.002251491613193741, 0.0005628729032984353, 0.0, 0.0, 0.0, 0.0], [0.0, 0.0, 0.0, 0.00012220457045093486, 0.0, 0.00012220457045093486, 0.0009776365636074789, 0.0003666137113528046, 0.0012220457045093486, 0.0021996822681168275, 0.00452156910668459, 0.006843455945252352, 0.011120615911035072, 0.0157643895881706, 0.027251619210558475, 0.10326286203103996, 0.1899059024807528, 0.1514114627887083, 0.2142246120004888, 0.09153122326775022, 0.05804717096419406, 0.05731394354148845, 0.019919344983502382, 0.010754002199682268, 0.019552731272149577, 0.007087865086154222, 0.0032995234021752414, 0.000855431993156544, 0.0015886594158621532, 0.0002444091409018697, 0.0004888182818037394, 0.0, 0.0], [0.00019998000199980003, 9.999000099990002e-05, 0.0, 0.00019998000199980003, 0.00019998000199980003, 0.0005999400059994001, 0.0007999200079992001, 0.0017998200179982, 0.0029997000299970002, 0.005499450054994501, 0.0098990100989901, 0.013498650134986502, 0.0174982501749825, 0.024697530246975304, 0.0332966703329667, 0.14208579142085792, 0.16778322167783222, 0.138986101389861, 0.1902809719028097, 0.0852914708529147, 0.051594840515948405, 0.057194280571942806, 0.021397860213978603, 0.0110988901109889, 0.014298570142985701, 0.004399560043995601, 0.0023997600239976003, 0.0014998500149985001, 0.00039996000399960006, 0.0, 0.0, 0.0, 0.0], [0.0, 0.0, 0.0, 0.001447178002894356, 0.001447178002894356, 0.0, 0.0, 0.00723589001447178, 0.00723589001447178, 0.005788712011577424, 0.013024602026049204, 0.02604920405209841, 0.04341534008683068, 0.08683068017366136, 0.12301013024602026, 0.1736613603473227, 0.17221418234442837, 0.12445730824891461, 0.12011577424023155, 0.049204052098408106, 0.023154848046309694, 0.013024602026049204, 0.001447178002894356, 0.00723589001447178, 0.0, 0.0, 0.0, 0.0, 0.0, 0.0, 0.0, 0.0, 0.0], [0.0, 0.0, 0.0, 9.396729937981582e-05, 0.0, 9.396729937981582e-05, 0.00028190189813944745, 0.0007517383950385266, 0.001691411388836685, 0.004886299567750423, 0.007329449351625634, 0.012309716218755873, 0.021424544258598008, 0.027720353317045667, 0.04021800413456117, 0.04764142078556662, 0.08691975192632964, 0.1691411388836685, 0.28490885171960156, 0.0967863183612103, 0.059293365908663784, 0.07564367600075174, 0.019733132869761322, 0.010242435632399925, 0.020390903965420034, 0.00516820146588987, 0.002537117083255027, 0.0022552151851155796, 0.0023491824844953956, 0.00018793459875963165, 0.0, 0.0, 0.0], [0.00010107135637760258, 0.00010107135637760258, 0.00010107135637760258, 0.0, 0.00030321406913280777, 0.00030321406913280777, 0.00030321406913280777, 0.0009096422073984233, 0.0011117849201536284, 0.005255710531635335, 0.009500707499494642, 0.01910248635536689, 0.031938548615322415, 0.04477461087527795, 0.06367495451788963, 0.07519708914493632, 0.09429957550030321, 0.20952092177077017, 0.23205983424297555, 0.09187386294724076, 0.04639175257731959, 0.04184354154032747, 0.014958560743885184, 0.006468566808166565, 0.004244996967859308, 0.0018192844147968466, 0.003436426116838488, 0.0004042854255104103, 0.0, 0.0, 0.0, 0.0, 0.0], [0.0, 0.0001105583195135434, 0.0, 0.0001105583195135434, 0.0001105583195135434, 0.0003316749585406302, 0.0007739082365948038, 0.0017689331122166944, 0.002321724709784411, 0.004311774461028192, 0.008623548922056384, 0.014151464897733555, 0.05140961857379768, 0.08512990602542841, 0.11387506909894969, 0.14074074074074075, 0.15854063018242123, 0.11453841901603096, 0.1383084577114428, 0.0619126589275843, 0.038253178551686015, 0.03360972913211719, 0.014151464897733555, 0.006080707573244887, 0.0057490326147042565, 0.0024322830292979546, 0.0013266998341625207, 0.0013266998341625207, 0.0, 0.0, 0.0, 0.0, 0.0], [0.0, 0.0, 0.0, 0.0, 0.00024274790629930817, 0.0, 0.0008496176720475786, 0.002427479062993082, 0.004976332079135818, 0.00801068090787717, 0.016749605534652264, 0.025488530161427356, 0.042723631508678236, 0.06784803981065664, 0.10377472994295424, 0.12622891127564026, 0.15341667678116278, 0.09819152809807015, 0.16616094186187644, 0.059230489137031196, 0.03653355989804588, 0.03799004733584173, 0.01602136181575434, 0.006311445563782012, 0.012380143221264716, 0.004854958125986164, 0.004005340453938585, 0.002427479062993082, 0.0019419832503944654, 0.00048549581259861634, 0.0007282437188979245, 0.0, 0.0], [0.0, 0.0001742767514813524, 0.0001742767514813524, 0.0001742767514813524, 0.0010456605088881143, 0.0010456605088881143, 0.001742767514813524, 0.0026141512722202857, 0.0055768560474032764, 0.017776228651097944, 0.04217497385848728, 0.060125479261066574, 0.07912164517253398, 0.10526315789473684, 0.12582781456953643, 0.11850819100731963, 0.14656674799581737, 0.07755315440920181, 0.11397699546880447, 0.029801324503311258, 0.023701638201463926, 0.020738933426280935, 0.008539560822586266, 0.004531195538515162, 0.006971070059254096, 0.0020913210177762286, 0.0020913210177762286, 0.0001742767514813524, 0.0010456605088881143, 0.000871383757406762, 0.0, 0.0, 0.0], [0.0, 0.0, 0.0, 0.000727802037845706, 0.0009704027171276079, 0.002183406113537118, 0.0038816108685104317, 0.006792819019893256, 0.013585638039786511, 0.015283842794759825, 0.026443474041727318, 0.04294032023289665, 0.05361475012130034, 0.08199902959728288, 0.12348374575448812, 0.13124696749150896, 0.14944201843765162, 0.09606986899563319, 0.1101407083939835, 0.048520135856380396, 0.02789907811741873, 0.022561863173216887, 0.012372634643377001, 0.009461426491994178, 0.008733624454148471, 0.003153808830664726, 0.002668607472100922, 0.003396409509946628, 0.001455604075691412, 0.0009704027171276079, 0.0, 0.0, 0.0], [0.0002255299954894001, 0.0, 0.0, 0.0, 0.0004510599909788002, 0.0004510599909788002, 0.0016914749661705007, 0.0033829499323410014, 0.004961659900766802, 0.009585024808299503, 0.017478574650428506, 0.041384754172304916, 0.08457374830852503, 0.11964366260712675, 0.14682002706359945, 0.15076680198466397, 0.13824988723500226, 0.08028867839422643, 0.09585024808299504, 0.034280559314388816, 0.02086152458276951, 0.02447000451059991, 0.009021199819576003, 0.004285069914298602, 0.007216959855660803, 0.0022552999548940008, 0.0005638249887235002, 0.0009021199819576004, 0.00011276499774470004, 0.0002255299954894001, 0.0, 0.0, 0.0], [0.0, 0.0, 0.0, 0.00028551034975017847, 0.00014275517487508923, 0.00014275517487508923, 0.0014275517487508922, 0.00042826552462526765, 0.001998572448251249, 0.0045681655960028555, 0.0074232690935046395, 0.009136331192005711, 0.014561027837259101, 0.06195574589578872, 0.11448965024982155, 0.1390435403283369, 0.17387580299785868, 0.11106352605281941, 0.16659528907922913, 0.05910064239828694, 0.037116345467523196, 0.04082798001427552, 0.018843683083511777, 0.008279800142755174, 0.014275517487508922, 0.004710920770877944, 0.004853675945753033, 0.0022840827980014277, 0.0017130620985010706, 0.0005710206995003569, 0.00028551034975017847, 0.0, 0.0], [0.0, 0.0, 0.0001737921445950643, 0.0003475842891901286, 0.0010427528675703858, 0.0013903371567605145, 0.0022592978797358358, 0.0046923879040667365, 0.0076468543621828295, 0.018074383037886686, 0.030413625304136254, 0.041883906847410494, 0.06795272853667014, 0.09141466805700382, 0.11696211331247827, 0.132429614181439, 0.14511644073687868, 0.09002433090024331, 0.12374000695168579, 0.04466458116093153, 0.026937782412234965, 0.02224539450816823, 0.010427528675703858, 0.0045185957594716716, 0.005561348627042058, 0.0012165450121654502, 0.0022592978797358358, 0.0038234271810914148, 0.0026068821689259644, 0.0001737921445950643, 0.0, 0.0, 0.0], [0.00011968880909634949, 0.0, 0.0, 0.0, 0.00011968880909634949, 0.0010771992818671453, 0.000718132854578097, 0.0023937761819269898, 0.002872531418312388, 0.005864751645721125, 0.01376421304608019, 0.02154398563734291, 0.0348294434470377, 0.04225014961101137, 0.056971873129862356, 0.11645721125074805, 0.2104129263913824, 0.14997007779772592, 0.16086175942549372, 0.07229204069419509, 0.045122681029323757, 0.03315380011968881, 0.013405146618791143, 0.005385996409335727, 0.005625374027528426, 0.0020347097546379415, 0.00227408737283064, 0.0003590664272890485, 0.00011968880909634949, 0.0, 0.0, 0.0, 0.0], [0.0, 0.0, 0.0, 0.00015151515151515152, 0.00015151515151515152, 0.00045454545454545455, 0.0006060606060606061, 0.0016666666666666668, 0.002575757575757576, 0.005757575757575757, 0.02378787878787879, 0.03333333333333333, 0.06863636363636363, 0.09742424242424243, 0.13318181818181818, 0.14606060606060606, 0.15636363636363637, 0.10318181818181818, 0.11, 0.04212121212121212, 0.025606060606060604, 0.019848484848484848, 0.009696969696969697, 0.004545454545454545, 0.007121212121212121, 0.002575757575757576, 0.0027272727272727275, 0.0012121212121212121, 0.0012121212121212121, 0.0, 0.0, 0.0, 0.0], [0.0, 0.0, 0.0, 0.00015617679212868969, 0.0, 0.00046853037638606906, 0.0009370607527721381, 0.0009370607527721381, 0.002342651881930345, 0.0017179447134155865, 0.005310010932375449, 0.010463845072622208, 0.04013743557707325, 0.06418866156489146, 0.09261283773231298, 0.1180696548492894, 0.1558644385444323, 0.10947993128221147, 0.17975948774012182, 0.06996720287365298, 0.04138684991410276, 0.046384507262220834, 0.02014680618460097, 0.011088552241136968, 0.015930032797126348, 0.006403248477276277, 0.002811182258316414, 0.0007808839606434484, 0.002342651881930345, 0.00031235358425737937, 0.0, 0.0, 0.0], [0.0, 0.0, 0.00011748120300751879, 0.0, 0.00023496240601503758, 0.00035244360902255637, 0.00035244360902255637, 0.0012922932330827067, 0.0009398496240601503, 0.003406954887218045, 0.006696428571428571, 0.016212406015037595, 0.026668233082706768, 0.04476033834586466, 0.05533364661654135, 0.15859962406015038, 0.18186090225563908, 0.11007988721804511, 0.18174342105263158, 0.06461466165413533, 0.04382048872180451, 0.03982612781954887, 0.023261278195488722, 0.012218045112781954, 0.01644736842105263, 0.004346804511278195, 0.0029370300751879698, 0.0019971804511278194, 0.0010573308270676691, 0.0008223684210526315, 0.0, 0.0, 0.0], [0.0, 0.0, 0.0, 0.0, 9.614460148062687e-05, 9.614460148062687e-05, 9.614460148062687e-05, 0.0008653014133256418, 0.0018267474281319104, 0.0048072300740313436, 0.008941447937698297, 0.016729160657629073, 0.027785789827901163, 0.0361503701567157, 0.054033266032112295, 0.05768676088837612, 0.07066628208826074, 0.07672339198154024, 0.33054513989039513, 0.11479665416786848, 0.06537832900682626, 0.07258917411787329, 0.01865205268724161, 0.008941447937698297, 0.019805787905009135, 0.004999519276992597, 0.0030766272473800598, 0.0024997596384962986, 0.0018267474281319104, 0.00038457840592250747, 0.0, 0.0, 0.0], [0.0, 0.0, 0.0, 0.0, 0.0, 0.00010309278350515464, 0.0005154639175257732, 0.003092783505154639, 0.005463917525773196, 0.009896907216494845, 0.01845360824742268, 0.034123711340206184, 0.05144329896907217, 0.07773195876288659, 0.11536082474226804, 0.1377319587628866, 0.1743298969072165, 0.10958762886597938, 0.1531958762886598, 0.046597938144329894, 0.023298969072164947, 0.024742268041237112, 0.0064948453608247424, 0.003195876288659794, 0.0023711340206185568, 0.0006185567010309278, 0.0008247422680412372, 0.0005154639175257732, 0.0003092783505154639, 0.0, 0.0, 0.0, 0.0], [0.0, 0.0029940119760479044, 0.0, 0.0029940119760479044, 0.005988023952095809, 0.020958083832335328, 0.020958083832335328, 0.038922155688622756, 0.08383233532934131, 0.059880239520958084, 0.05089820359281437, 0.07784431137724551, 0.08083832335329341, 0.11676646706586827, 0.11976047904191617, 0.10479041916167664, 0.08083832335329341, 0.04790419161676647, 0.041916167664670656, 0.014970059880239521, 0.011976047904191617, 0.008982035928143712, 0.0, 0.005988023952095809, 0.0, 0.0, 0.0, 0.0, 0.0, 0.0, 0.0, 0.0, 0.0]]}, "ranks": {"labels": ["Unranked", "Combatatent I", "Combatatent II", "Challenger I", "Challenger II", "Rival I", "Rival II", "Duelist", "Elite"], "data": [[0.13146853146853146, 0.18461538461538463, 0.25034965034965034, 0.23216783216783216, 0.10909090909090909, 0.055944055944055944, 0.01818181818181818, 0.01818181818181818, 0.0], [0.06253190403266973, 0.09367023991832568, 0.17662072485962227, 0.2669729453802961, 0.22741194486983154, 0.12353241449719245, 0.031138335885655948, 0.013527309851965288, 0.004594180704441042], [0.007619738751814224, 0.012094823415578132, 0.030841799709724237, 0.06265118529269473, 0.25036284470246734, 0.4175133043057571, 0.09228350266086115, 0.09373488147073053, 0.03289791969037252], [0.015321154979375369, 0.02451384796700059, 0.05338833235120801, 0.0920447849145551, 0.11243370654095462, 0.3514437242192104, 0.16122569239835002, 0.14507955215085444, 0.04454920447849146], [0.18134715025906736, 0.16062176165803108, 0.21761658031088082, 0.19689119170984457, 0.10880829015544041, 0.09326424870466321, 0.03626943005181347, 0.0051813471502590676, 0.0], [0.007483731019522776, 0.018655097613882864, 0.09023861171366594, 0.27245119305856835, 0.2880694143167028, 0.18047722342733188, 0.057049891540130154, 0.06236442516268981, 0.023210412147505424], [0.08285597381342062, 0.1190671031096563, 0.20662847790507366, 0.24202127659574468, 0.18678396072013093, 0.0910392798690671, 0.027618657937806875, 0.028846153846153848, 0.015139116202945991], [0.2682926829268293, 0.24661246612466126, 0.21138211382113822, 0.13821138211382114, 0.06504065040650407, 0.037940379403794036, 0.02710027100271003, 0.005420054200542005, 0.0], [0.032639038007300836, 0.05958771741464462, 0.08664376207859137, 0.12325531458020185, 0.33755636675971656, 0.1827356667382435, 0.07139789564097059, 0.07730298475413357, 0.028881254026197123], [0.015470051566838556, 0.02895676318921063, 0.06029353431178104, 0.1404204680682269, 0.1931773105910353, 0.21221737405791352, 0.1078936929789766, 0.15827052756842522, 0.08330027766759222], [0.03024337866857552, 0.051181102362204724, 0.11703650680028632, 0.22655690765926986, 0.24946313528990693, 0.18092340730136006, 0.06299212598425197, 0.05851825340014316, 0.023085182534001433], [0.08192419825072886, 0.13411078717201166, 0.21720116618075802, 0.2594752186588921, 0.16224489795918368, 0.07594752186588921, 0.031049562682215745, 0.027551020408163266, 0.010495626822157435], [0.013994094235460264, 0.03235331878289896, 0.061111824367698034, 0.0919245089228399, 0.3792527923995378, 0.258313005520606, 0.07215303633329054, 0.0688149955064835, 0.022082423931185004], [0.017964704639120786, 0.034978336679699885, 0.08887245059706224, 0.2922963119518123, 0.28056641656979814, 0.16569798161259644, 0.053260065518334565, 0.04882172672514002, 0.01754200570643559], [0.014952589350838803, 0.039934354485776806, 0.10959153902261123, 0.21517140773158278, 0.27571115973741794, 0.19073668854850473, 0.07476294675419402, 0.058351568198395334, 0.020787746170678335], [0.0416144397092003, 0.07721233391827526, 0.15818500877412886, 0.243920782150915, 0.2268739032338932, 0.1270995236901479, 0.05013787916771121, 0.05139132614690398, 0.023564803208824266], [0.04650290643165198, 0.08531783236452278, 0.17701106319144946, 0.2527657978623664, 0.21582598912432027, 0.13725857866116634, 0.037689855615976, 0.037314832177011065, 0.010313144571535721], [0.012453933155420002, 0.02668699961875715, 0.06138009912314144, 0.30372347185156945, 0.28631338162409453, 0.20193163044859574, 0.045494980302452664, 0.045749142203583684, 0.01626636167238531], [0.18125, 0.14375, 0.1375, 0.16875, 0.16875, 0.05625, 0.075, 0.04375, 0.025], [0.008555668130136215, 0.017336485421591805, 0.05133400878081729, 0.2102893166722954, 0.37656197230665317, 0.1938534278959811, 0.06416751097602161, 0.058088483620398514, 0.01981312619610492], [0.00501038738848833, 0.011365025051936942, 0.02688500549920567, 0.13051448124159842, 0.3413173652694611, 0.26469509959672494, 0.09910790663570818, 0.08798729072467311, 0.03311743859220335], [0.012398760123987601, 0.023397660233976603, 0.042195780421957804, 0.17538246175382463, 0.3067693230676932, 0.23727627237276272, 0.0898910108989101, 0.08969103089691031, 0.022997700229977002], [0.023154848046309694, 0.03907380607814761, 0.13024602026049203, 0.29667149059334297, 0.29667149059334297, 0.14905933429811866, 0.04341534008683068, 0.02170767004341534, 0.0], [0.007799285848524714, 0.019639165570381506, 0.04914489757564368, 0.0878594249201278, 0.2560608908099981, 0.3416651005450103, 0.09932343544446533, 0.10561924450291299, 0.032888554782935536], [0.008489993935718617, 0.02860319385486153, 0.07671315949060037, 0.13887204366282596, 0.30382049727107335, 0.28350515463917525, 0.08682029512836062, 0.06327066909237922, 0.009904992925005053], [0.009839690436705363, 0.022775013819789938, 0.13653952459922608, 0.25461580983969045, 0.27307904919845216, 0.17346600331674958, 0.06500829187396352, 0.053841901603095633, 0.010834715312327253], [0.016506857628352956, 0.04223813569607962, 0.11057167131933487, 0.23000364121859448, 0.2516082048792329, 0.19698992596188858, 0.06493506493506493, 0.06032285471537808, 0.026823643646073553], [0.030324154757755316, 0.10230045311955385, 0.1843848030672708, 0.24433600557685606, 0.22411990240501917, 0.1303590101080516, 0.037120948065528056, 0.033809689787382365, 0.013245033112582781], [0.04342552159146046, 0.06938379427462397, 0.1356137797185832, 0.2547307132459971, 0.2455118874332848, 0.13731198447355653, 0.0492479378942261, 0.04439592430858806, 0.020378457059679767], [0.02074875958502481, 0.05886332882273342, 0.2042174109156518, 0.29758682904826345, 0.2185385656292287, 0.11445647271087055, 0.036535859269282815, 0.037776274244474516, 0.011276499774470004], [0.008993576017130621, 0.01655960028551035, 0.07651677373304783, 0.2535331905781585, 0.2849393290506781, 0.1987152034261242, 0.06409707351891505, 0.06795146324054246, 0.028693790149892935], [0.03562738964198818, 0.07229753215154675, 0.15936739659367397, 0.24939172749391728, 0.235140771637122, 0.1499826207855405, 0.04535974973931178, 0.037191518943343764, 0.01564129301355579], [0.013165769000598444, 0.0353081986834231, 0.07707959305804907, 0.17342908438061042, 0.3603830041891083, 0.20059844404548174, 0.07767803710353081, 0.05194494314781568, 0.010412926391382405], [0.011363636363636364, 0.05712121212121212, 0.16606060606060605, 0.27924242424242424, 0.2595454545454545, 0.13333333333333333, 0.044393939393939395, 0.03409090909090909, 0.014848484848484849], [0.006559425269404966, 0.015773856004997658, 0.10432609714196471, 0.21068249258160238, 0.2653443698266438, 0.21739809464313603, 0.07371544588474152, 0.07761986568795877, 0.02858035295955021], [0.006696428571428571, 0.022908834586466167, 0.07142857142857142, 0.21393327067669174, 0.29194078947368424, 0.21651785714285715, 0.07366071428571429, 0.07530545112781954, 0.02760808270676692], [0.007787712719930776, 0.025670608595327372, 0.06393615998461687, 0.11172002692048841, 0.14738967406980097, 0.39380828766464765, 0.11691183540044227, 0.10018267474281319, 0.03259301990193251], [0.01907216494845361, 0.05257731958762887, 0.12917525773195876, 0.25309278350515463, 0.2839175257731959, 0.17989690721649484, 0.04319587628865979, 0.03443298969072165, 0.004639175257731959], [0.23652694610778444, 0.12874251497005987, 0.19760479041916168, 0.2245508982035928, 0.12874251497005987, 0.04491017964071856, 0.023952095808383235, 0.014970059880239521, 0.0]]}, "ranksDetailed": {"labels": ["Unranked", "Combatatant", "Challenger", "Rival", "Duelist", "Elite"], "data": [[0.13146853146853146, 0.43496503496503497, 0.3412587412587413, 0.07412587412587412, 0.01818181818181818, 0.0], [0.06253190403266973, 0.27029096477794795, 0.4943848902501276, 0.1546707503828484, 0.013527309851965288, 0.004594180704441042], [0.007619738751814224, 0.04293662312530237, 0.3130140299951621, 0.5097968069666183, 0.09373488147073053, 0.03289791969037252], [0.015321154979375369, 0.0779021803182086, 0.20447849145550973, 0.5126694166175604, 0.14507955215085444, 0.04454920447849146], [0.18134715025906736, 0.37823834196891193, 0.30569948186528495, 0.12953367875647667, 0.0051813471502590676, 0.0], [0.007483731019522776, 0.10889370932754881, 0.5605206073752711, 0.23752711496746204, 0.06236442516268981, 0.023210412147505424], [0.08285597381342062, 0.32569558101472995, 0.4288052373158756, 0.11865793780687398, 0.028846153846153848, 0.015139116202945991], [0.2682926829268293, 0.45799457994579945, 0.2032520325203252, 0.06504065040650407, 0.005420054200542005, 0.0], [0.032639038007300836, 0.14623147949323598, 0.4608116813399184, 0.2541335623792141, 0.07730298475413357, 0.028881254026197123], [0.015470051566838556, 0.08925029750099167, 0.3335977786592622, 0.32011106703689013, 0.15827052756842522, 0.08330027766759222], [0.03024337866857552, 0.16821760916249104, 0.4760200429491768, 0.24391553328561202, 0.05851825340014316, 0.023085182534001433], [0.08192419825072886, 0.35131195335276966, 0.4217201166180758, 0.10699708454810496, 0.027551020408163266, 0.010495626822157435], [0.013994094235460264, 0.093465143150597, 0.47117730132237773, 0.3304660418538965, 0.0688149955064835, 0.022082423931185004], [0.017964704639120786, 0.12385078727676213, 0.5728627285216105, 0.218958047130931, 0.04882172672514002, 0.01754200570643559], [0.014952589350838803, 0.14952589350838805, 0.4908825674690007, 0.26549963530269877, 0.058351568198395334, 0.020787746170678335], [0.0416144397092003, 0.23539734269240412, 0.47079468538480823, 0.1772374028578591, 0.05139132614690398, 0.023564803208824266], [0.04650290643165198, 0.2623288955559723, 0.4685917869866867, 0.17494843427714232, 0.037314832177011065, 0.010313144571535721], [0.012453933155420002, 0.0880670987418986, 0.590036853475664, 0.2474266107510484, 0.045749142203583684, 0.01626636167238531], [0.18125, 0.28125, 0.3375, 0.13125, 0.04375, 0.025], [0.008555668130136215, 0.0686704942024091, 0.5868512889789486, 0.2580209388720027, 0.058088483620398514, 0.01981312619610492], [0.00501038738848833, 0.038250030551142615, 0.4718318465110595, 0.3638030062324331, 0.08798729072467311, 0.03311743859220335], [0.012398760123987601, 0.0655934406559344, 0.4821517848215178, 0.3271672832716728, 0.08969103089691031, 0.022997700229977002], [0.023154848046309694, 0.16931982633863965, 0.5933429811866859, 0.19247467438494936, 0.02170767004341534, 0.0], [0.007799285848524714, 0.06878406314602518, 0.34392031573012594, 0.4409885359894757, 0.10561924450291299, 0.032888554782935536], [0.008489993935718617, 0.1053163533454619, 0.4426925409338993, 0.3703254497675359, 0.06327066909237922, 0.009904992925005053], [0.009839690436705363, 0.15931453841901602, 0.5276948590381426, 0.23847429519071311, 0.053841901603095633, 0.010834715312327253], [0.016506857628352956, 0.1528098070154145, 0.4816118460978274, 0.26192499089695354, 0.06032285471537808, 0.026823643646073553], [0.030324154757755316, 0.28668525618682467, 0.4684559079818752, 0.16747995817357963, 0.033809689787382365, 0.013245033112582781], [0.04342552159146046, 0.20499757399320717, 0.500242600679282, 0.18655992236778263, 0.04439592430858806, 0.020378457059679767], [0.02074875958502481, 0.2630807397383852, 0.5161253946774921, 0.15099233198015335, 0.037776274244474516, 0.011276499774470004], [0.008993576017130621, 0.09307637401855817, 0.5384725196288366, 0.2628122769450393, 0.06795146324054246, 0.028693790149892935], [0.03562738964198818, 0.2316649287452207, 0.4845324991310393, 0.1953423705248523, 0.037191518943343764, 0.01564129301355579], [0.013165769000598444, 0.11238779174147218, 0.5338120885697187, 0.27827648114901254, 0.05194494314781568, 0.010412926391382405], [0.011363636363636364, 0.22318181818181818, 0.5387878787878788, 0.17772727272727273, 0.03409090909090909, 0.014848484848484849], [0.006559425269404966, 0.12009995314696237, 0.47602686240824615, 0.2911135405278776, 0.07761986568795877, 0.02858035295955021], [0.006696428571428571, 0.0943374060150376, 0.505874060150376, 0.29017857142857145, 0.07530545112781954, 0.02760808270676692], [0.007787712719930776, 0.08960676857994423, 0.2591097009902894, 0.5107201230650898, 0.10018267474281319, 0.03259301990193251], [0.01907216494845361, 0.18175257731958763, 0.5370103092783505, 0.22309278350515463, 0.03443298969072165, 0.004639175257731959], [0.23652694610778444, 0.3263473053892216, 0.3532934131736527, 0.0688622754491018, 0.014970059880239521, 0.0]]}}}, "eu": {"histType": {"histogram": {"labels": ["0", "100", "200", "300", "400", "500", "600", "700", "800", "900", "1000", "1100", "1200", "1300", "1400", "1500", "1600", "1700", "1800", "1900", "2000", "2100", "2200", "2300", "2400", "2500", "2600", "2700", "2800", "2900", "3000", "3100", "3200"], "data": [[0.0, 0.0, 0.0018656716417910447, 0.0, 0.0018656716417910447, 0.007462686567164179, 0.013059701492537313, 0.026119402985074626, 0.048507462686567165, 0.07835820895522388, 0.07835820895522388, 0.10820895522388059, 0.10261194029850747, 0.11940298507462686, 0.1417910447761194, 0.09328358208955224, 0.06343283582089553, 0.033582089552238806, 0.03544776119402985, 0.016791044776119403, 0.013059701492537313, 0.005597014925373134, 0.0037313432835820895, 0.007462686567164179, 0.0, 0.0, 0.0, 0.0, 0.0, 0.0, 0.0, 0.0, 0.0], [0.0, 0.0002808988764044944, 0.0008426966292134832, 0.0011235955056179776, 0.0016853932584269663, 0.003932584269662922, 0.007022471910112359, 0.010955056179775281, 0.019662921348314606, 0.03455056179775281, 0.04550561797752809, 0.06207865168539326, 0.08174157303370787, 0.10449438202247191, 0.13539325842696628, 0.1300561797752809, 0.14129213483146066, 0.06910112359550562, 0.0949438202247191, 0.023876404494382022, 0.011797752808988765, 0.009269662921348315, 0.004213483146067416, 0.0028089887640449437, 0.001966292134831461, 0.0011235955056179776, 0.0002808988764044944, 0.0, 0.0, 0.0, 0.0, 0.0, 0.0], [0.0, 0.0, 0.0, 0.00012186205215695832, 0.00012186205215695832, 0.00012186205215695832, 0.0, 0.00073117231294175, 0.0019497928345113332, 0.002680965147453083, 0.005849378503534, 0.009627102120399708, 0.012064343163538873, 0.01523275651961979, 0.024981720692176457, 0.03485254691689008, 0.18084328540092615, 0.15403363392639532, 0.32598098951986354, 0.08055081647574945, 0.05191323421886425, 0.05142578601023641, 0.01827930782354375, 0.007921033390202292, 0.011455032902754082, 0.00511820619059225, 0.0018279307823543748, 0.0020716548866682913, 0.00012186205215695832, 0.00012186205215695832, 0.0, 0.0, 0.0], [0.0, 0.0, 0.0, 0.00011363636363636364, 0.00011363636363636364, 0.00022727272727272727, 0.0007954545454545455, 0.0020454545454545456, 0.0025, 0.0057954545454545455, 0.011136363636363637, 0.016931818181818183, 0.02056818181818182, 0.026022727272727274, 0.04159090909090909, 0.0525, 0.07443181818181818, 0.04931818181818182, 0.2778409090909091, 0.14886363636363636, 0.09318181818181819, 0.08931818181818182, 0.03102272727272727, 0.013636363636363636, 0.024431818181818183, 0.008068181818181818, 0.004318181818181818, 0.001590909090909091, 0.003522727272727273, 0.00011363636363636364, 0.0, 0.0, 0.0], [0.0, 0.0, 0.0, 0.0, 0.0, 0.021739130434782608, 0.02717391304347826, 0.04891304347826087, 0.06521739130434782, 0.04891304347826087, 0.07608695652173914, 0.08152173913043478, 0.06521739130434782, 0.11956521739130435, 0.09239130434782608, 0.14673913043478262, 0.03260869565217391, 0.06521739130434782, 0.03260869565217391, 0.04891304347826087, 0.005434782608695652, 0.005434782608695652, 0.0, 0.005434782608695652, 0.010869565217391304, 0.0, 0.0, 0.0, 0.0, 0.0, 0.0, 0.0, 0.0], [0.0, 0.0, 0.00010782833728703904, 0.00021565667457407807, 0.0003234850118611171, 0.00010782833728703904, 0.00021565667457407807, 0.0011861117101574293, 0.0019409100711667026, 0.003989648479620444, 0.007979296959240888, 0.011861117101574293, 0.018546474013370715, 0.09133060168212206, 0.12939400474444684, 0.1375889583782618, 0.16249730429156783, 0.11084753073107613, 0.14966573215441017, 0.05650204873840845, 0.03633814966573216, 0.03903385809790813, 0.014341168859176192, 0.0053914168643519516, 0.010782833728703903, 0.004313133491481561, 0.002587880094888937, 0.0007547983610092732, 0.0017252533965926246, 0.0003234850118611171, 0.00010782833728703904, 0.0, 0.0], [0.00019142419601837673, 0.00019142419601837673, 0.0007656967840735069, 0.0015313935681470138, 0.0030627871362940277, 0.004211332312404288, 0.007274119448698315, 0.012633996937212864, 0.02507656967840735, 0.04019908116385911, 0.05934150076569