{"region": {"us": {"histType": {"histogram": {"labels": ["0", "100", "200", "300", "400", "500", "600", "700", "800", "900", "1000", "1100", "1200", "1300", "1400", "1500", "1600", "1700", "1800", "1900", "2000", "2100", "2200", "2300", "2400", "2500", "2600", "2700", "2800", "2900", "3000", "3100"], "data": [[0.0, 0.0, 0.0, 0.00510204081632653, 0.0, 0.015306122448979591, 0.02040816326530612, 0.01020408163265306, 0.0663265306122449, 0.05102040816326531, 0.061224489795918366, 0.09183673469387756, 0.09693877551020408, 0.10714285714285714, 0.1326530612244898, 0.07653061224489796, 0.04591836734693878, 0.05102040816326531, 0.061224489795918366, 0.05612244897959184, 0.015306122448979591, 0.03571428571428571, 0.0, 0.0, 0.0, 0.0, 0.0, 0.0, 0.0, 0.0, 0.0, 0.0], [0.0, 0.0011648223645894002, 0.0, 0.0005824111822947001, 0.0017472335468841002, 0.0005824111822947001, 0.005824111822947, 0.0122306348281887, 0.013977868375072802, 0.025043680838672103, 0.043680838672102505, 0.054164239953407106, 0.0803727431566686, 0.07920792079207921, 0.12754804892253932, 0.12463599301106582, 0.1566686080372743, 0.0809551543389633, 0.0978450786255096, 0.033197437390797904, 0.023878858474082703, 0.0128130460104834, 0.007571345369831101, 0.0052417006406523005, 0.0052417006406523005, 0.004659289458357601, 0.0011648223645894002, 0.0, 0.0, 0.0, 0.0, 0.0], [0.00017208742040956807, 0.0, 0.00017208742040956807, 0.00034417484081913615, 0.00034417484081913615, 0.00017208742040956807, 0.00034417484081913615, 0.0008604371020478403, 0.004818447771467906, 0.00619514713474445, 0.010841507485802787, 0.0161762175184994, 0.027017725004302186, 0.042505592841163314, 0.06797453106177938, 0.09344346928239546, 0.14111168473584582, 0.11168473584580967, 0.21321631388745482, 0.07606263982102908, 0.04680777835140251, 0.06849079332300809, 0.0247805885389778, 0.0123902942694889, 0.021855102392015144, 0.005678884873515746, 0.003958010669420065, 0.002581311306143521, 0.0, 0.0, 0.0, 0.0], [0.0, 0.00015647003598810827, 0.0, 0.0, 0.00015647003598810827, 0.00015647003598810827, 0.002034110467845408, 0.0029729306837740573, 0.008292911907369738, 0.014395243310905961, 0.024565795650133, 0.026130496010014083, 0.05163511187607573, 0.07025504615866061, 0.10327022375215146, 0.1247066186825223, 0.16100766703176342, 0.1134407760913785, 0.14833359411672664, 0.058519793459552494, 0.03630104834924112, 0.03098106712564544, 0.009231732123298388, 0.0031294007197621657, 0.0067282115474886555, 0.002190580503833516, 0.0012517602879048662, 0.00015647003598810827, 0.0, 0.0, 0.0, 0.0], [0.0, 0.0, 0.0, 0.0136986301369863, 0.0, 0.0, 0.0, 0.0547945205479452, 0.0410958904109589, 0.0821917808219178, 0.0547945205479452, 0.0684931506849315, 0.136986301369863, 0.1506849315068493, 0.0410958904109589, 0.0, 0.0958904109589041, 0.0410958904109589, 0.0684931506849315, 0.0821917808219178, 0.0273972602739726, 0.0273972602739726, 0.0, 0.0136986301369863, 0.0, 0.0, 0.0, 0.0, 0.0, 0.0, 0.0, 0.0], [0.0, 0.0, 0.0, 0.0, 0.0, 0.0, 0.0002999850007499625, 0.0022498875056247186, 0.0023998800059997, 0.00839958002099895, 0.014099295035248238, 0.023248837558122095, 0.04214789260536973, 0.07229638518074097, 0.10574471276436179, 0.13484325783710815, 0.15794210289485525, 0.10124493775311234, 0.13814309284535772, 0.05849707514624269, 0.03719814009299535, 0.04664766761661917, 0.019349032548372582, 0.0073496325183740815, 0.01559922003899805, 0.005699715014249288, 0.004949752512374382, 0.0016499175041247937, 0.0, 0.0, 0.0, 0.0], [0.0, 0.0, 0.0007293946024799417, 0.0014587892049598833, 0.0014587892049598833, 0.0029175784099197666, 0.004741064916119621, 0.010940919037199124, 0.019693654266958426, 0.03172866520787746, 0.04741064916119621, 0.05689277899343545, 0.08059810357403355, 0.1061269146608315, 0.12509117432531, 0.1287381473377097, 0.12035010940919037, 0.0736688548504741, 0.07075127644055434, 0.03355215171407731, 0.020787746170678335, 0.021152443471918306, 0.008388037928519328, 0.006564551422319475, 0.010940919037199124, 0.008388037928519328, 0.005470459518599562, 0.0014587892049598833, 0.0, 0.0, 0.0, 0.0], [0.0, 0.0, 0.005263157894736842, 0.010526315789473684, 0.005263157894736842, 0.010526315789473684, 0.015789473684210527, 0.04736842105263158, 0.07894736842105263, 0.12105263157894737, 0.11052631578947368, 0.09473684210526316, 0.11578947368421053, 0.1, 0.06842105263157895, 0.04736842105263158, 0.06315789473684211, 0.02631578947368421, 0.005263157894736842, 0.06315789473684211, 0.010526315789473684, 0.0, 0.0, 0.0, 0.0, 0.0, 0.0, 0.0, 0.0, 0.0, 0.0, 0.0], [0.0004243281471004243, 0.0005657708628005657, 0.0007072135785007072, 0.0005657708628005657, 0.0009900990099009901, 0.002545968882602546, 0.002828854314002829, 0.0072135785007072135, 0.014285714285714285, 0.03182461103253183, 0.05233380480905234, 0.07609618104667609, 0.10028288543140028, 0.11626591230551626, 0.13833097595473834, 0.12135785007072136, 0.09900990099009901, 0.06082036775106082, 0.06463932107496465, 0.031966053748231964, 0.023903818953323903, 0.021357850070721357, 0.01173974540311174, 0.005799151343705799, 0.009335219236209336, 0.004101838755304102, 0.0007072135785007072, 0.0, 0.0, 0.0, 0.0, 0.0], [0.0, 0.0, 0.0008, 0.0, 0.002, 0.0012, 0.0052, 0.004, 0.0144, 0.0208, 0.0344, 0.0464, 0.0696, 0.0836, 0.116, 0.1268, 0.1544, 0.088, 0.1168, 0.0424, 0.0236, 0.0232, 0.0088, 0.0052, 0.008, 0.0036, 0.0008, 0.0, 0.0, 0.0, 0.0, 0.0], [0.0, 0.00022070183182520416, 0.0008828073273008167, 0.0008828073273008167, 0.0011035091591260207, 0.0024277201500772457, 0.0057382476274553075, 0.011035091591260208, 0.01809755020966674, 0.03222246744647981, 0.06223791657470757, 0.07172809534319134, 0.10019863164864268, 0.09953652615316708, 0.14764952549106158, 0.12778636062679322, 0.10858530125800044, 0.06775546237033768, 0.06532774222026043, 0.030677554623703376, 0.01655263738689031, 0.013462811741337453, 0.005958949459280512, 0.003972632972853675, 0.0037519311410284706, 0.0019863164864268373, 0.00022070183182520416, 0.0, 0.0, 0.0, 0.0, 0.0], [0.0, 0.0, 0.0, 0.0, 0.00040666937779585197, 0.0010166734444896298, 0.0026433509556730377, 0.0038633590890605938, 0.009150061000406669, 0.011996746644977633, 0.03192354615697438, 0.04371695811305409, 0.062017080113867425, 0.07503050020333468, 0.11956079707198047, 0.11671411142740952, 0.15311102074013827, 0.10207401382675885, 0.12789751931679544, 0.0508336722244815, 0.02887352582350549, 0.02887352582350549, 0.010776738511590077, 0.0063033753558357055, 0.0075233834892232615, 0.0038633590890605938, 0.0018300122000813339, 0.0, 0.0, 0.0, 0.0, 0.0], [0.00016162922256343946, 0.0, 0.0, 0.0003232584451268789, 0.00016162922256343946, 0.0008081461128171974, 0.002101179893324713, 0.00307095522870535, 0.007596573460481655, 0.020042023597866495, 0.035396799741393245, 0.04525618231776305, 0.061903992241797316, 0.08243090350735413, 0.12009051236463553, 0.13447551317278164, 0.14853725553580088, 0.09439146597704864, 0.11103927590108291, 0.0475189914336512, 0.028446743171165346, 0.02683045094553095, 0.008566348795862292, 0.005010505899466624, 0.008404719573298853, 0.0032325844512687894, 0.0022628091158881525, 0.0016162922256343947, 0.0003232584451268789, 0.0, 0.0, 0.0], [0.0, 0.0, 0.00029239766081871346, 0.0, 0.00029239766081871346, 0.00029239766081871346, 0.0005847953216374269, 0.0011695906432748538, 0.0035087719298245615, 0.005555555555555556, 0.0152046783625731, 0.023099415204678363, 0.041812865497076024, 0.05701754385964912, 0.09152046783625731, 0.12485380116959065, 0.17339181286549707, 0.11988304093567251, 0.14619883040935672, 0.07105263157894737, 0.04064327485380117, 0.039473684210526314, 0.015789473684210527, 0.010526315789473684, 0.011403508771929825, 0.0035087719298245615, 0.0020467836257309943, 0.0008771929824561404, 0.0, 0.0, 0.0, 0.0], [0.0, 0.0, 0.0, 0.0, 0.0006006006006006006, 0.0018018018018018018, 0.0006006006006006006, 0.005405405405405406, 0.011411411411411412, 0.017417417417417418, 0.024024024024024024, 0.05165165165165165, 0.05285285285285285, 0.07807807807807808, 0.1039039039039039, 0.11951951951951952, 0.13273273273273273, 0.0918918918918919, 0.11171171171171171, 0.05105105105105105, 0.03843843843843844, 0.03303303303303303, 0.026426426426426425, 0.010810810810810811, 0.015615615615615615, 0.010810810810810811, 0.004804804804804805, 0.004804804804804805, 0.0006006006006006006, 0.0, 0.0, 0.0], [0.00027533039647577095, 0.0, 0.0005506607929515419, 0.0005506607929515419, 0.0005506607929515419, 0.0011013215859030838, 0.0030286343612334803, 0.004405286343612335, 0.008259911894273128, 0.0151431718061674, 0.02670704845814978, 0.04460352422907489, 0.07764317180616741, 0.09251101321585903, 0.12362334801762115, 0.13215859030837004, 0.1354625550660793, 0.08672907488986784, 0.10600220264317181, 0.04653083700440529, 0.025881057268722467, 0.031938325991189426, 0.01183920704845815, 0.007709251101321586, 0.00908590308370044, 0.0030286343612334803, 0.003579295154185022, 0.0011013215859030838, 0.0, 0.0, 0.0, 0.0], [0.0, 0.0, 0.0, 0.0006514657980456026, 0.0006514657980456026, 0.00043431053203040176, 0.001737242128121607, 0.004777415852334419, 0.006297502714440825, 0.016503800217155265, 0.03061889250814332, 0.03691639522258415, 0.06449511400651466, 0.07709011943539631, 0.11617806731813246, 0.13137893593919653, 0.1515743756786102, 0.08816503800217156, 0.14115092290988057, 0.04408251900108578, 0.0243213897937025, 0.028013029315960912, 0.01259500542888165, 0.0054288816503800215, 0.008686210640608035, 0.0030401737242128123, 0.0023887079261672097, 0.0028230184581976114, 0.0, 0.0, 0.0, 0.0], [0.0, 0.0, 0.0, 0.03636363636363636, 0.0, 0.0, 0.0, 0.0, 0.01818181818181818, 0.07272727272727272, 0.03636363636363636, 0.10909090909090909, 0.07272727272727272, 0.05454545454545454, 0.09090909090909091, 0.12727272727272726, 0.12727272727272726, 0.01818181818181818, 0.09090909090909091, 0.03636363636363636, 0.0, 0.05454545454545454, 0.05454545454545454, 0.0, 0.0, 0.0, 0.0, 0.0, 0.0, 0.0, 0.0, 0.0], [0.0001419244961680386, 0.0, 0.0, 0.0001419244961680386, 0.0001419244961680386, 0.0002838489923360772, 0.0004257734885041158, 0.001419244961680386, 0.003548112404200965, 0.008373545273914278, 0.015611694578484247, 0.02143059892137383, 0.042151575361907466, 0.06244677831393699, 0.10843031507238149, 0.14845302299176838, 0.1661935850127732, 0.11453306840760716, 0.12162929321600909, 0.06329832529094521, 0.039880783423218845, 0.042151575361907466, 0.017030939540164634, 0.00823162077774624, 0.00908316775475447, 0.00411581038887312, 0.0008515469770082316, 0.0, 0.0, 0.0, 0.0, 0.0], [0.0, 0.0, 0.0, 0.0001972386587771203, 0.0, 0.0003944773175542406, 0.0015779092702169625, 0.0007889546351084812, 0.0029585798816568047, 0.004339250493096647, 0.011637080867850098, 0.016568047337278107, 0.02642998027613412, 0.040039447731755426, 0.06824457593688363, 0.09585798816568047, 0.1408284023668639, 0.11932938856015779, 0.17731755424063117, 0.0883629191321499, 0.06291913214990139, 0.0670611439842209, 0.025838264299802762, 0.01242603550295858, 0.020907297830374753, 0.008678500986193294, 0.004536489151873767, 0.0027613412228796844, 0.0, 0.0, 0.0, 0.0], [0.00024506800637176816, 0.00012253400318588408, 0.0, 0.00024506800637176816, 0.00024506800637176816, 0.0011028060286729568, 0.0008577380223011886, 0.00269574807008945, 0.004411224114691827, 0.009067516235755422, 0.01776743046195319, 0.025119470653106237, 0.029530694767798064, 0.04876853326798186, 0.07352040191153045, 0.10782992280357799, 0.14851121186129151, 0.12633255728464649, 0.16174488420536698, 0.08197524813135645, 0.04974880529346894, 0.05501776743046195, 0.021811052567087368, 0.011763264305844873, 0.01470408038230609, 0.005514030143364784, 0.001347874035044725, 0.0, 0.0, 0.0, 0.0, 0.0], [0.0, 0.0, 0.0, 0.0, 0.0, 0.0022271714922048997, 0.0, 0.004454342984409799, 0.0066815144766146995, 0.008908685968819599, 0.013363028953229399, 0.031180400890868598, 0.053452115812917596, 0.10467706013363029, 0.13140311804008908, 0.15812917594654788, 0.18040089086859687, 0.12694877505567928, 0.11358574610244988, 0.0400890868596882, 0.015590200445434299, 0.008908685968819599, 0.0, 0.0, 0.0, 0.0, 0.0, 0.0, 0.0, 0.0, 0.0, 0.0], [0.0, 0.0, 0.0, 0.0001059322033898305, 0.000211864406779661, 0.000423728813559322, 0.0005296610169491525, 0.0011652542372881357, 0.0026483050847457626, 0.007097457627118644, 0.011652542372881356, 0.02097457627118644, 0.03697033898305085, 0.04565677966101695, 0.07489406779661018, 0.09830508474576272, 0.15052966101694915, 0.11716101694915254, 0.20360169491525423, 0.07510593220338983, 0.04735169491525424, 0.06133474576271186, 0.017584745762711865, 0.007838983050847457, 0.010699152542372881, 0.005190677966101695, 0.001694915254237288, 0.001271186440677966, 0.0, 0.0, 0.0, 0.0], [0.0002995207667731629, 0.0, 0.00019968051118210862, 9.984025559105431e-05, 0.000998402555910543, 0.0006988817891373802, 0.00039936102236421724, 0.0013977635782747603, 0.0018969648562300319, 0.008286741214057508, 0.012879392971246007, 0.028853833865814697, 0.05481230031948882, 0.0786741214057508, 0.12400159744408945, 0.16553514376996806, 0.19169329073482427, 0.11561501597444089, 0.11831070287539937, 0.04323083067092652, 0.02336261980830671, 0.017472044728434506, 0.005591054313099041, 0.0018969648562300319, 0.002595846645367412, 0.0010982428115015974, 9.984025559105431e-05, 0.0, 0.0, 0.0, 0.0, 0.0], [0.0, 0.0001593879502709595, 0.0, 0.0001593879502709595, 0.000318775900541919, 0.000956327701625757, 0.001275103602167676, 0.002550207204335352, 0.005259802358941664, 0.008606949314631815, 0.018010838380618427, 0.030761874402295185, 0.04972904048453937, 0.06311762830729997, 0.11858463500159389, 0.1491871214536181, 0.15588141536499842, 0.10774625438316864, 0.1291042397194772, 0.06487089576028052, 0.031080650302837104, 0.03203697800446286, 0.015620019126554032, 0.007810009563277016, 0.004462862607586867, 0.0022314313037934334, 0.0004781638508128785, 0.0, 0.0, 0.0, 0.0, 0.0], [0.0, 0.0, 0.0, 0.0, 0.00034698126301179735, 0.0, 0.0008674531575294934, 0.001040943789035392, 0.0024288688410825814, 0.004857737682165163, 0.0131852879944483, 0.019083969465648856, 0.03556557945870923, 0.058813324080499656, 0.10322692574600971, 0.130117973629424, 0.15614156835530882, 0.09750173490631506, 0.16551006245662733, 0.06037473976405274, 0.04077029840388619, 0.04701596113809854, 0.022033310201249132, 0.01179736294240111, 0.016481609993060375, 0.0057251908396946565, 0.0057251908396946565, 0.0013879250520471894, 0.0, 0.0, 0.0, 0.0], [0.0005405405405405405, 0.001081081081081081, 0.0005405405405405405, 0.0005405405405405405, 0.0016216216216216215, 0.004324324324324324, 0.005945945945945946, 0.0075675675675675675, 0.025405405405405406, 0.036216216216216214, 0.04972972972972973, 0.07837837837837838, 0.07567567567567568, 0.10486486486486486, 0.12972972972972974, 0.11567567567567567, 0.11081081081081082, 0.06972972972972973, 0.09297297297297297, 0.030810810810810812, 0.02, 0.02108108108108108, 0.011351351351351352, 0.001081081081081081, 0.004324324324324324, 0.0, 0.0, 0.0, 0.0, 0.0, 0.0, 0.0], [0.0, 0.0, 0.0, 0.0019569471624266144, 0.0009784735812133072, 0.003913894324853229, 0.003913894324853229, 0.0136986301369863, 0.018590998043052837, 0.022504892367906065, 0.03522504892367906, 0.04403131115459882, 0.06457925636007827, 0.049902152641878667, 0.11154598825831702, 0.12035225048923678, 0.14383561643835616, 0.09784735812133072, 0.1232876712328767, 0.05675146771037182, 0.026418786692759294, 0.02837573385518591, 0.009784735812133072, 0.007827788649706457, 0.007827788649706457, 0.0029354207436399216, 0.003913894324853229, 0.0, 0.0, 0.0, 0.0, 0.0], [0.0003602954422626554, 0.0, 0.0, 0.0, 0.0007205908845253108, 0.0010808863267879661, 0.003963249864889209, 0.00702576112412178, 0.010808863267879661, 0.0201765447667087, 0.03819131687984147, 0.05728697531976221, 0.0799855881823095, 0.10448567825617006, 0.14159610880922358, 0.14231669969374888, 0.13060709782021257, 0.07962529274004684, 0.08557016753738066, 0.031525851197982346, 0.021617726535759323, 0.02197802197802198, 0.007926499729778418, 0.005944874797333814, 0.005224283912808503, 0.0009007386056566384, 0.0010808863267879661, 0.0, 0.0, 0.0, 0.0, 0.0], [0.0, 0.0, 0.0, 0.0006622516556291391, 0.00033112582781456954, 0.0, 0.001986754966887417, 0.0013245033112582781, 0.004304635761589404, 0.012913907284768211, 0.02185430463576159, 0.029801324503311258, 0.048013245033112585, 0.0652317880794702, 0.1, 0.12152317880794702, 0.1466887417218543, 0.10264900662251655, 0.12682119205298012, 0.06423841059602649, 0.039735099337748346, 0.04370860927152318, 0.020860927152317882, 0.00728476821192053, 0.0228476821192053, 0.009602649006622516, 0.005960264900662252, 0.0009933774834437086, 0.0006622516556291391, 0.0, 0.0, 0.0], [0.0, 0.0, 0.0, 0.0, 0.00025471217524197657, 0.0, 0.0012735608762098828, 0.0015282730514518594, 0.003565970453387672, 0.01273560876209883, 0.020631686194600103, 0.03031074885379521, 0.0522159959246052, 0.076158940397351, 0.11105450840550178, 0.13779928680590933, 0.15715741212429954, 0.09628120224146715, 0.1370351502801834, 0.059602649006622516, 0.03413143148242486, 0.03413143148242486, 0.013499745287824758, 0.006622516556291391, 0.0056036678553234845, 0.006113092205807438, 0.002292409577177789, 0.0, 0.0, 0.0, 0.0, 0.0], [0.0004633204633204633, 0.00015444015444015445, 0.00015444015444015445, 0.00015444015444015445, 0.0004633204633204633, 0.0012355212355212356, 0.0015444015444015444, 0.003552123552123552, 0.0069498069498069494, 0.011428571428571429, 0.029034749034749036, 0.04262548262548262, 0.07042471042471042, 0.09776061776061776, 0.13714285714285715, 0.14749034749034748, 0.14594594594594595, 0.10208494208494208, 0.09328185328185329, 0.04694980694980695, 0.021776061776061777, 0.020386100386100385, 0.009884169884169885, 0.004324324324324324, 0.0029343629343629345, 0.0018532818532818532, 0.0, 0.0, 0.0, 0.0, 0.0, 0.0], [0.0, 0.0, 0.0, 0.0006031363088057901, 0.0006031363088057901, 0.0012062726176115801, 0.0006031363088057901, 0.0036188178528347406, 0.005428226779252111, 0.006332931242460796, 0.021109770808202654, 0.035886610373944514, 0.05669481302774427, 0.08142340168878166, 0.1158021712907117, 0.14837153196622438, 0.1519903498190591, 0.10765983112183354, 0.10645355850422196, 0.05548854041013269, 0.03498190591073583, 0.027744270205066344, 0.015681544028950542, 0.005729794933655006, 0.010856453558504222, 0.0030156815440289505, 0.0027141133896260556, 0.0, 0.0, 0.0, 0.0, 0.0], [0.0, 0.0, 0.0, 0.0, 0.0, 0.000591715976331361, 0.001183431952662722, 0.0026627218934911242, 0.004733727810650888, 0.005029585798816568, 0.013313609467455622, 0.022189349112426034, 0.0363905325443787, 0.05088757396449704, 0.09023668639053255, 0.11923076923076924, 0.14881656804733728, 0.1091715976331361, 0.15266272189349112, 0.07426035502958579, 0.04437869822485207, 0.05917159763313609, 0.021597633136094675, 0.015384615384615385, 0.017455621301775148, 0.008284023668639054, 0.0017751479289940828, 0.000591715976331361, 0.0, 0.0, 0.0, 0.0], [0.0, 0.0, 0.000343878954607978, 0.0, 0.000171939477303989, 0.0005158184319119669, 0.0005158184319119669, 0.0020632737276478678, 0.0034387895460797797, 0.007393397524071527, 0.015130674002751032, 0.032152682255845944, 0.057083906464924346, 0.09301925722145804, 0.12603163686382393, 0.12929848693259974, 0.14116231086657496, 0.09319119669876204, 0.12465612104539202, 0.05330123796423659, 0.032324621733149934, 0.036279229711141676, 0.018569463548830812, 0.007221458046767538, 0.014786795048143054, 0.00515818431911967, 0.003782668500687758, 0.002235213204951857, 0.000171939477303989, 0.0, 0.0, 0.0], [0.0, 0.0, 0.00011252391133115787, 0.0, 0.00033757173399347364, 0.00022504782266231574, 0.0004500956453246315, 0.0013502869359738945, 0.002588049960616631, 0.007201530325194104, 0.014515584561719365, 0.02700573871947789, 0.04703499493642399, 0.06931472937999325, 0.1028468549566783, 0.12523911331157872, 0.16450995836615281, 0.10217171148869135, 0.16248452796219195, 0.05986272082817599, 0.03600765162597052, 0.043209181951164626, 0.012265106335096207, 0.006188815123213683, 0.009226960729154946, 0.003263193428603578, 0.0019129064926296838, 0.0006751434679869473, 0.0, 0.0, 0.0, 0.0], [0.0, 0.0, 0.0, 0.0, 0.0, 0.00013274923669188903, 0.0007964954201513341, 0.0005309969467675561, 0.0026549847338377805, 0.006239214124518784, 0.009823443515199787, 0.022169122527545465, 0.039028275587415374, 0.0653126244524094, 0.10925262179742466, 0.15186512677552105, 0.18359219434488253, 0.11854506836585689, 0.16115757334395328, 0.05270144696667994, 0.02562060268153458, 0.03199256604274525, 0.009425195805124121, 0.0023894862604540022, 0.0033187309172972254, 0.0021239877870702245, 0.0013274923669188902, 0.0, 0.0, 0.0, 0.0, 0.0], [0.0, 0.005747126436781609, 0.0, 0.005747126436781609, 0.005747126436781609, 0.022988505747126436, 0.040229885057471264, 0.011494252873563218, 0.08620689655172414, 0.08045977011494253, 0.034482758620689655, 0.04597701149425287, 0.08620689655172414, 0.11494252873563218, 0.08620689655172414, 0.1206896551724138, 0.06896551724137931, 0.06896551724137931, 0.05747126436781609, 0.005747126436781609, 0.022988505747126436, 0.011494252873563218, 0.011494252873563218, 0.005747126436781609, 0.0, 0.0, 0.0, 0.0, 0.0, 0.0, 0.0, 0.0]]}, "ranks": {"labels": ["Unranked", "Combatatent I", "Combatatent II", "Challenger I", "Challenger II", "Rival I", "Rival II", "Duelist", "Elite"], "data": [[0.1683673469387755, 0.15306122448979592, 0.20408163265306123, 0.20918367346938777, 0.09693877551020408, 0.10204081632653061, 0.030612244897959183, 0.03571428571428571, 0.0], [0.061153174140943505, 0.0978450786255096, 0.15958066394874781, 0.2521840419336051, 0.2376237623762376, 0.11822947000582411, 0.03669190448456611, 0.0256260920209668, 0.0110658124635993], [0.013422818791946308, 0.027017725004302186, 0.06952331784546549, 0.16141800034417483, 0.25279642058165547, 0.2550335570469799, 0.08105317501290656, 0.10566167613147479, 0.034073309241094474], [0.02816460647785949, 0.05069629166014708, 0.12189015803473635, 0.22797684243467375, 0.2744484431231419, 0.179158191206384, 0.06399624471913629, 0.043342199968705995, 0.010327022375215147], [0.1917808219178082, 0.1232876712328767, 0.2876712328767123, 0.0410958904109589, 0.136986301369863, 0.136986301369863, 0.0410958904109589, 0.0410958904109589, 0.0], [0.013349332533373332, 0.03734813259337033, 0.1144442777861107, 0.2405879706014699, 0.2591870406479676, 0.1687415629218539, 0.06509674516274186, 0.07334633268336584, 0.027898605069746514], [0.0736688548504741, 0.10430342815463166, 0.18672501823486506, 0.2538293216630197, 0.19401896425966447, 0.09008023340627279, 0.0350109409190372, 0.036105032822757115, 0.0262582056892779], [0.29473684210526313, 0.20526315789473684, 0.21578947368421053, 0.11578947368421053, 0.08947368421052632, 0.042105263157894736, 0.03684210526315789, 0.0, 0.0], [0.06195190947666195, 0.12842998585572843, 0.21654879773691654, 0.2596888260254597, 0.15983026874115983, 0.08288543140028289, 0.03762376237623762, 0.038896746817538894, 0.014144271570014143], [0.0484, 0.0808, 0.1532, 0.2428, 0.2424, 0.142, 0.0408, 0.0372, 0.0124], [0.07261090267049217, 0.13396601191789892, 0.19973515780180975, 0.2754358861178548, 0.17634076362833812, 0.07856985212977267, 0.03398808210108144, 0.02339439417347164, 0.005958949459280512], [0.029076860512403414, 0.07564050427002847, 0.13704758031720213, 0.23627490849939, 0.2551850345668971, 0.15453436356242375, 0.05307035380235868, 0.045953639690931275, 0.013216754778365189], [0.03426539518344917, 0.08065298205915629, 0.14433489574915145, 0.25456602553741714, 0.24292872151284953, 0.13706158073379668, 0.049943429772102796, 0.04040730564085987, 0.01583966381121707], [0.011695906432748537, 0.038304093567251465, 0.09883040935672514, 0.21637426900584794, 0.2932748538011696, 0.18742690058479533, 0.07046783625730994, 0.06578947368421052, 0.01783625730994152], [0.037237237237237236, 0.07567567567567568, 0.13093093093093094, 0.22342342342342342, 0.22462462462462462, 0.13513513513513514, 0.06606606606606606, 0.07027027027027027, 0.03663663663663664], [0.03386563876651982, 0.07131057268722467, 0.17015418502202642, 0.25578193832599116, 0.22219162995594713, 0.1305066079295154, 0.04790748898678414, 0.05148678414096916, 0.016795154185022025], [0.031053203040173723, 0.06753528773072746, 0.14158523344191096, 0.247557003257329, 0.23973941368078175, 0.16482084690553747, 0.04473398479913138, 0.04603691639522258, 0.016938110749185668], [0.12727272727272726, 0.14545454545454545, 0.12727272727272726, 0.21818181818181817, 0.14545454545454545, 0.12727272727272726, 0.0, 0.10909090909090909, 0.0], [0.014476298609139937, 0.037042293499858076, 0.10459835367584445, 0.25688333806414987, 0.28072665342038033, 0.15569117229633836, 0.0691172296338348, 0.06741413567981834, 0.014050525120635822], [0.010256410256410256, 0.028205128205128206, 0.06646942800788955, 0.1641025641025641, 0.2601577909270217, 0.2232741617357002, 0.10532544378698225, 0.10532544378698225, 0.0368836291913215], [0.018992770493812032, 0.04288690111505943, 0.07829922803577993, 0.18135032471510845, 0.274843769145938, 0.20573459134909938, 0.087734346281093, 0.08859208430339419, 0.0215659845607156], [0.022271714922048998, 0.044543429844097995, 0.15812917594654788, 0.289532293986637, 0.30734966592427615, 0.1358574610244989, 0.0334075723830735, 0.008908685968819599, 0.0], [0.012182203389830509, 0.032627118644067796, 0.0826271186440678, 0.1731991525423729, 0.2676906779661017, 0.24279661016949153, 0.08326271186440679, 0.08675847457627119, 0.01885593220338983], [0.014277156549520767, 0.041733226837060704, 0.1334864217252396, 0.2895367412140575, 0.3073083067092652, 0.14257188498402557, 0.04233226837060703, 0.02496006389776358, 0.0037939297124600637], [0.0192859419827861, 0.04877271278291361, 0.11284666879183934, 0.267771756455212, 0.26362766974816704, 0.1668791839336946, 0.05817660184890022, 0.05546700669429391, 0.0071724577621931785], [0.009541984732824428, 0.03226925746009716, 0.09437890353920889, 0.23334489937543373, 0.2536433032616239, 0.19968771686328937, 0.0669673837612769, 0.08084663428174879, 0.029319916724496877], [0.08378378378378379, 0.1281081081081081, 0.18054054054054053, 0.2454054054054054, 0.18054054054054053, 0.10648648648648648, 0.0372972972972973, 0.03351351351351351, 0.004324324324324324], [0.06555772994129158, 0.07925636007827788, 0.11448140900195694, 0.2318982387475538, 0.24168297455968688, 0.15557729941291584, 0.050880626223091974, 0.04598825831702544, 0.014677103718199608], [0.044136191677175286, 0.09547829219960367, 0.18447126643847955, 0.28391280850297246, 0.2102323905602594, 0.10286434876598811, 0.03584939650513421, 0.03584939650513421, 0.0072059088452531075], [0.02152317880794702, 0.051655629139072845, 0.11324503311258279, 0.22152317880794703, 0.24933774834437086, 0.1609271523178808, 0.06986754966887417, 0.07185430463576159, 0.040066225165562915], [0.01935812531839022, 0.05094243504839532, 0.12837493632195618, 0.2488537952114111, 0.2534386143657667, 0.17116658176260827, 0.059602649006622516, 0.05425369332654101, 0.014009169638308712], [0.026100386100386102, 0.07166023166023167, 0.1681853281853282, 0.28463320463320463, 0.24803088803088802, 0.1216988416988417, 0.04030888030888031, 0.034594594594594595, 0.004787644787644788], [0.0183956574185766, 0.056996381182147164, 0.13811821471652594, 0.26417370325693607, 0.25965018094089265, 0.13781664656212303, 0.05910735826296743, 0.04915560916767189, 0.016586248492159228], [0.014201183431952662, 0.03550295857988166, 0.08727810650887574, 0.20946745562130178, 0.2579881656804734, 0.1952662721893491, 0.07603550295857989, 0.09615384615384616, 0.028106508875739646], [0.014442916093535076, 0.047283356258596976, 0.1501031636863824, 0.25533012379642367, 0.234353507565337, 0.1574965612104539, 0.05278541953232462, 0.062070151306740026, 0.026134800550206328], [0.012265106335096207, 0.04152132328119725, 0.11634972431641724, 0.228085968268257, 0.26668166985484415, 0.19376617531225385, 0.06458872510408462, 0.061663103409474514, 0.015078204118375155], [0.010354440461967344, 0.03199256604274525, 0.10434090003982477, 0.26111774857294573, 0.30213726271073943, 0.18943316075932565, 0.05004646223284216, 0.04380724810832338, 0.0067702110712863405], [0.25862068965517243, 0.08045977011494253, 0.20114942528735633, 0.20689655172413793, 0.13793103448275862, 0.06321839080459771, 0.022988505747126436, 0.028735632183908046, 0.0]]}, "ranksDetailed": {"labels": ["Unranked", "Combatatant", "Challenger", "Rival", "Duelist", "Elite"], "data": [[0.1683673469387755, 0.35714285714285715, 0.30612244897959184, 0.1326530612244898, 0.03571428571428571, 0.0], [0.061153174140943505, 0.25742574257425743, 0.4898078043098428, 0.15492137449039023, 0.0256260920209668, 0.0110658124635993], [0.013422818791946308, 0.09654104284976768, 0.41421442092583033, 0.33608673205988643, 0.10566167613147479, 0.034073309241094474], [0.02816460647785949, 0.17258644969488343, 0.5024252855578156, 0.24315443592552027, 0.043342199968705995, 0.010327022375215147], [0.1917808219178082, 0.410958904109589, 0.1780821917808219, 0.1780821917808219, 0.0410958904109589, 0.0], [0.013349332533373332, 0.15179241037948102, 0.4997750112494375, 0.23383830808459577, 0.07334633268336584, 0.027898605069746514], [0.0736688548504741, 0.2910284463894967, 0.44784828592268416, 0.12509117432531, 0.036105032822757115, 0.0262582056892779], [0.29473684210526313, 0.42105263157894735, 0.20526315789473684, 0.07894736842105263, 0.0, 0.0], [0.06195190947666195, 0.344978783592645, 0.4195190947666195, 0.12050919377652052, 0.038896746817538894, 0.014144271570014143], [0.0484, 0.234, 0.4852, 0.1828, 0.0372, 0.0124], [0.07261090267049217, 0.3337011697197087, 0.4517766497461929, 0.11255793423085411, 0.02339439417347164, 0.005958949459280512], [0.029076860512403414, 0.21268808458723057, 0.4914599430662871, 0.20760471736478242, 0.045953639690931275, 0.013216754778365189], [0.03426539518344917, 0.22498787780830773, 0.4974947470502667, 0.18700501050589946, 0.04040730564085987, 0.01583966381121707], [0.011695906432748537, 0.1371345029239766, 0.5096491228070176, 0.2578947368421053, 0.06578947368421052, 0.01783625730994152], [0.037237237237237236, 0.2066066066066066, 0.44804804804804804, 0.2012012012012012, 0.07027027027027027, 0.03663663663663664], [0.03386563876651982, 0.2414647577092511, 0.4779735682819383, 0.17841409691629956, 0.05148678414096916, 0.016795154185022025], [0.031053203040173723, 0.20912052117263843, 0.48729641693811077, 0.20955483170466885, 0.04603691639522258, 0.016938110749185668], [0.12727272727272726, 0.2727272727272727, 0.36363636363636365, 0.12727272727272726, 0.10909090909090909, 0.0], [0.014476298609139937, 0.14164064717570252, 0.5376099914845303, 0.22480840193017315, 0.06741413567981834, 0.014050525120635822], [0.010256410256410256, 0.09467455621301775, 0.4242603550295858, 0.32859960552268247, 0.10532544378698225, 0.0368836291913215], [0.018992770493812032, 0.12118612915083936, 0.4561940938610464, 0.2934689376301924, 0.08859208430339419, 0.0215659845607156], [0.022271714922048998, 0.2026726057906459, 0.5968819599109132, 0.16926503340757237, 0.008908685968819599, 0.0], [0.012182203389830509, 0.1152542372881356, 0.4408898305084746, 0.3260593220338983, 0.08675847457627119, 0.01885593220338983], [0.014277156549520767, 0.17521964856230032, 0.5968450479233227, 0.1849041533546326, 0.02496006389776358, 0.0037939297124600637], [0.0192859419827861, 0.16161938157475295, 0.531399426203379, 0.22505578578259483, 0.05546700669429391, 0.0071724577621931785], [0.009541984732824428, 0.12664816099930604, 0.4869882026370576, 0.26665510062456627, 0.08084663428174879, 0.029319916724496877], [0.08378378378378379, 0.30864864864864866, 0.4259459459459459, 0.1437837837837838, 0.03351351351351351, 0.004324324324324324], [0.06555772994129158, 0.19373776908023482, 0.4735812133072407, 0.20645792563600782, 0.04598825831702544, 0.014677103718199608], [0.044136191677175286, 0.27994955863808324, 0.49414519906323184, 0.13871374527112232, 0.03584939650513421, 0.0072059088452531075], [0.02152317880794702, 0.16490066225165562, 0.47086092715231787, 0.23079470198675497, 0.07185430463576159, 0.040066225165562915], [0.01935812531839022, 0.1793173713703515, 0.5022924095771778, 0.23076923076923078, 0.05425369332654101, 0.014009169638308712], [0.026100386100386102, 0.23984555984555986, 0.5326640926640926, 0.162007722007722, 0.034594594594594595, 0.004787644787644788], [0.0183956574185766, 0.1951145958986731, 0.5238238841978287, 0.19692400482509048, 0.04915560916767189, 0.016586248492159228], [0.014201183431952662, 0.1227810650887574, 0.46745562130177515, 0.27130177514792897, 0.09615384615384616, 0.028106508875739646], [0.014442916093535076, 0.19738651994497936, 0.4896836313617607, 0.21028198074277854, 0.062070151306740026, 0.026134800550206328], [0.012265106335096207, 0.1578710475976145, 0.49476763812310115, 0.25835490041633846, 0.061663103409474514, 0.015078204118375155], [0.010354440461967344, 0.13633346608257002, 0.5632550112836852, 0.2394796229921678, 0.04380724810832338, 0.0067702110712863405], [0.25862068965517243, 0.28160919540229884, 0.3448275862068966, 0.08620689655172414, 0.028735632183908046, 0.0]]}}}, "eu": {"histType": {"histogram": {"labels": ["0", "100", "200", "300", "400", "500", "600", "700", "800", "900", "1000", "1100", "1200", "1300", "1400", "1500", "1600", "1700", "1800", "1900", "2000", "2100", "2200", "2300", "2400", "2500", "2600", "2700", "2800", "2900", "3000", "3100"], "data": [[0.0, 0.0, 0.0, 0.0, 0.0, 0.012738853503184714, 0.006369426751592357, 0.025477707006369428, 0.03821656050955414, 0.08280254777070063, 0.07006369426751592, 0.07643312101910828, 0.06369426751592357, 0.09554140127388536, 0.1464968152866242, 0.08917197452229299, 0.11464968152866242, 0.07643312101910828, 0.03821656050955414, 0.006369426751592357, 0.012738853503184714, 0.025477707006369428, 0.01910828025477707, 0.0, 0.0, 0.0, 0.0, 0.0, 0.0, 0.0, 0.0, 0.0], [0.0, 0.0, 0.0006234413965087282, 0.0006234413965087282, 0.0012468827930174563, 0.003117206982543641, 0.004987531172069825, 0.008728179551122194, 0.02057356608478803, 0.031795511221945134, 0.03865336658354115, 0.06546134663341646, 0.07793017456359103, 0.10349127182044887, 0.1327930174563591, 0.121571072319202, 0.13591022443890274, 0.08665835411471322, 0.09102244389027432, 0.02805486284289277, 0.011221945137157107, 0.019326683291770574, 0.004987531172069825, 0.006234413965087282, 0.0018703241895261845, 0.003117206982543641, 0.0, 0.0, 0.0, 0.0, 0.0, 0.0], [0.0, 0.00018264840182648402, 0.0, 0.00018264840182648402, 0.00018264840182648402, 0.00036529680365296805, 0.0007305936073059361, 0.0016438356164383563, 0.004383561643835616, 0.0052968036529680365, 0.013333333333333334, 0.020273972602739727, 0.028858447488584474, 0.04, 0.0697716894977169, 0.08712328767123288, 0.14904109589041095, 0.108675799086758, 0.20493150684931508, 0.07579908675799087, 0.05333333333333334, 0.06721461187214611, 0.022100456621004565, 0.014063926940639269, 0.018447488584474887, 0.007853881278538814, 0.0025570776255707762, 0.0036529680365296802, 0.0, 0.0, 0.0, 0.0], [0.0, 0.00014598540145985403, 0.0, 0.00014598540145985403, 0.00014598540145985403, 0.00029197080291970805, 0.0010218978102189782, 0.003357664233576642, 0.005401459854014599, 0.010656934306569343, 0.021313868613138685, 0.03167883211678832, 0.04452554744525548, 0.060583941605839416, 0.10277372262773722, 0.13182481751824818, 0.16394160583941605, 0.11474452554744526, 0.15386861313868613, 0.06175182481751825, 0.034744525547445254, 0.03313868613138686, 0.009927007299270074, 0.004671532846715329, 0.005985401459854015, 0.001313868613138686, 0.0010218978102189782, 0.0010218978102189782, 0.0, 0.0, 0.0, 0.0], [0.0, 0.0, 0.0, 0.0, 0.0, 0.03125, 0.03125, 0.078125, 0.0625, 0.046875, 0.09375, 0.09375, 0.046875, 0.03125, 0.109375, 0.09375, 0.046875, 0.0625, 0.046875, 0.03125, 0.03125, 0.046875, 0.0, 0.0, 0.015625, 0.0, 0.0, 0.0, 0.0, 0.0, 0.0, 0.0], [0.0, 0.00015051173991571343, 0.00015051173991571343, 0.00030102347983142685, 0.0004515352197471403, 0.00015051173991571343, 0.00030102347983142685, 0.002408187838651415, 0.003160746538229982, 0.007074051776038531, 0.015653220951234198, 0.022275737507525588, 0.04003612281757977, 0.06472004816375677, 0.10596026490066225, 0.12462372065021071, 0.14885611077664057, 0.10340156532209513, 0.14419024683925347, 0.07028898254063817, 0.03506923540036123, 0.052378085490668275, 0.022125225767609873, 0.007977122215532812, 0.014900662251655629, 0.007224563515954244, 0.003461770018061409, 0.0025586995785671285, 0.00015051173991571343, 0.0, 0.0, 0.0], [0.0, 0.0, 0.0006765899864682003, 0.0016914749661705007, 0.003044654939106901, 0.0027063599458728013, 0.0040595399188092015, 0.012855209742895805, 0.02198917456021651, 0.030446549391069014, 0.04566982408660352, 0.06596752368064952, 0.07983761840324763, 0.09776725304465494, 0.11400541271989174, 0.12280108254397835, 0.11941813261163735, 0.07205683355886333, 0.07002706359945873, 0.037889039242219216, 0.02131258457374831, 0.02571041948579161, 0.011163734776725304, 0.008457374830852503, 0.012178619756427604, 0.007104194857916103, 0.006089309878213802, 0.005074424898511502, 0.0, 0.0, 0.0, 0.0], [0.0, 0.0, 0.0, 0.0, 0.007042253521126761, 0.014084507042253521, 0.007042253521126761, 0.04929577464788732, 0.028169014084507043, 0.06338028169014084, 0.07746478873239436, 0.1056338028169014, 0.09859154929577464, 0.04225352112676056, 0.14788732394366197, 0.14084507042253522, 0.09154929577464789, 0.04225352112676056, 0.028169014084507043, 0.04225352112676056, 0.014084507042253521, 0.0, 0.0, 0.0, 0.0, 0.0, 0.0, 0.0, 0.0, 0.0, 0.0, 0.0], [0.00042765502494654313, 0.00014255167498218105, 0.0005702066999287242, 0.0005702066999287242, 0.0005702066999287242, 0.0019957234497505346, 0.003706343549536707, 0.008410548823948682, 0.019814682822523164, 0.03292943692088382, 0.055310049893086244, 0.07355666429080542, 0.10919458303635067, 0.11418389166072701, 0.12302209550962223, 0.11846044191019245, 0.10064148253741982, 0.06129722024233785, 0.06571632216678545, 0.03292943692088382, 0.02309337134711333, 0.021240199572344975, 0.01111903064861012, 0.007555238774055595, 0.007697790449037776, 0.003421240199572345, 0.0024233784746970776, 0.0, 0.0, 0.0, 0.0, 0.0], [0.0, 0.0, 0.0005213764337851929, 0.0005213764337851929, 0.0020855057351407717, 0.0010427528675703858, 0.0005213764337851929, 0.006777893639207508, 0.010948905109489052, 0.017726798748696558, 0.0443169968717414, 0.0443169968717414, 0.06777893639207508, 0.08706986444212722, 0.10948905109489052, 0.11626694473409802, 0.15641293013555788, 0.08550573514077164, 0.12043795620437957, 0.034932221063607924, 0.034932221063607924, 0.02867570385818561, 0.013034410844629822, 0.0072992700729927005, 0.005735140771637122, 0.0031282586027111575, 0.0005213764337851929, 0.0, 0.0, 0.0, 0.0, 0.0], [0.00026595744680851064, 0.0005319148936170213, 0.0010638297872340426, 0.0010638297872340426, 0.0023936170212765957, 0.0023936170212765957, 0.0047872340425531915, 0.01223404255319149, 0.02021276595744681, 0.03563829787234043, 0.05638297872340425, 0.07686170212765958, 0.09787234042553192, 0.10904255319148937, 0.14175531914893616, 0.12313829787234043, 0.10345744680851064, 0.05771276595744681, 0.06542553191489361, 0.032180851063829785, 0.019148936170212766, 0.015957446808510637, 0.006648936170212766, 0.005585106382978724, 0.003989361702127659, 0.002925531914893617, 0.0013297872340425532, 0.0, 0.0, 0.0, 0.0, 0.0], [0.0, 0.0, 0.0, 0.0, 0.0006555944055944056, 0.0008741258741258741, 0.0017482517482517483, 0.004589160839160839, 0.009615384615384616, 0.017482517482517484, 0.03146853146853147, 0.04130244755244755, 0.06293706293706294, 0.07888986013986014, 0.11254370629370629, 0.12128496503496504, 0.13942307692307693, 0.09527972027972027, 0.13090034965034966, 0.05266608391608392, 0.030157342657342656, 0.034746503496503496, 0.014423076923076924, 0.0034965034965034965, 0.010708041958041958, 0.0021853146853146855, 0.0010926573426573427, 0.0013111888111888112, 0.0, 0.0, 0.00021853146853146853, 0.0], [0.0, 0.0, 0.0001839249586168843, 0.0001839249586168843, 0.0001839249586168843, 0.001103549751701306, 0.00