{"region": {"us": {"histType": {"histogram": {"labels": ["0", "100", "200", "300", "400", "500", "600", "700", "800", "900", "1000", "1100", "1200", "1300", "1400", "1500", "1600", "1700", "1800", "1900", "2000", "2100", "2200", "2300", "2400", "2500", "2600", "2700", "2800", "2900", "3000", "3100", "3200"], "data": [[0.0, 0.0, 0.003205128205128205, 0.00641025641025641, 0.003205128205128205, 0.00641025641025641, 0.014423076923076924, 0.017628205128205128, 0.04006410256410257, 0.04487179487179487, 0.08653846153846154, 0.09775641025641026, 0.11698717948717949, 0.1233974358974359, 0.1233974358974359, 0.09615384615384616, 0.07532051282051282, 0.046474358974358976, 0.04807692307692308, 0.022435897435897436, 0.011217948717948718, 0.008012820512820512, 0.003205128205128205, 0.0016025641025641025, 0.003205128205128205, 0.0, 0.0, 0.0, 0.0, 0.0, 0.0, 0.0, 0.0], [0.0, 0.0002747252747252747, 0.0, 0.0002747252747252747, 0.0016483516483516484, 0.0019230769230769232, 0.0052197802197802195, 0.010439560439560439, 0.01456043956043956, 0.028021978021978023, 0.03956043956043956, 0.056043956043956046, 0.08186813186813187, 0.09313186813186813, 0.12307692307692308, 0.13406593406593406, 0.15082417582417582, 0.0815934065934066, 0.10604395604395604, 0.03543956043956044, 0.01510989010989011, 0.007967032967032966, 0.004945054945054945, 0.0027472527472527475, 0.0024725274725274724, 0.0005494505494505495, 0.001098901098901099, 0.001098901098901099, 0.0, 0.0, 0.0, 0.0, 0.0], [0.00011562030292519366, 0.0, 0.0, 0.00023124060585038732, 0.00023124060585038732, 0.00023124060585038732, 0.00023124060585038732, 0.0005781015146259683, 0.0026592669672794544, 0.003352988784830616, 0.005202913631633715, 0.007515319690137588, 0.012140131807145335, 0.019077349982656956, 0.025089605734767026, 0.03942652329749104, 0.14336917562724014, 0.15042201410567696, 0.3326396115157822, 0.08683084749682045, 0.050063591166608856, 0.05931321540062435, 0.021389756041160828, 0.008787143022314719, 0.01953983119435773, 0.005896635449184877, 0.0030061278760550353, 0.0021967857555786796, 0.0, 0.00046248121170077463, 0.0, 0.0, 0.0], [0.0, 0.0, 0.0, 0.0, 0.00011293054771315641, 0.00011293054771315641, 0.0007905138339920949, 0.0018068887634105025, 0.0047430830039525695, 0.007905138339920948, 0.011744776962168267, 0.013325804630152456, 0.025748164878599662, 0.029361942405420668, 0.0432523997741389, 0.05273856578204404, 0.07340485601355166, 0.045059288537549404, 0.295313382269904, 0.139356295878035, 0.08571428571428572, 0.0870694522868436, 0.032523997741389046, 0.012535290796160361, 0.021908526256352343, 0.006888763410502541, 0.005533596837944664, 0.0027103331451157537, 0.0003387916431394692, 0.0, 0.0, 0.0, 0.0], [0.0, 0.0, 0.0, 0.0, 0.01098901098901099, 0.01098901098901099, 0.027472527472527472, 0.03296703296703297, 0.04945054945054945, 0.054945054945054944, 0.06593406593406594, 0.09340659340659341, 0.08791208791208792, 0.1043956043956044, 0.0989010989010989, 0.0989010989010989, 0.06593406593406594, 0.04945054945054945, 0.06593406593406594, 0.03296703296703297, 0.03296703296703297, 0.01098901098901099, 0.005494505494505495, 0.0, 0.0, 0.0, 0.0, 0.0, 0.0, 0.0, 0.0, 0.0, 0.0], [0.0, 0.0, 0.0, 0.0, 0.0, 0.0, 0.0, 0.0013500882750025964, 0.0013500882750025964, 0.004777235434624572, 0.007269706096167826, 0.01568179457887631, 0.05504206044241354, 0.09014435559248105, 0.117042268148302, 0.14009762176757712, 0.1664762696022432, 0.10250285595596635, 0.13635891577526224, 0.0531727074462561, 0.030844324436597778, 0.03666008931353204, 0.015577941634645343, 0.007165853151936857, 0.00976217675771108, 0.004777235434624572, 0.0025963236057742235, 0.0008308235538477516, 0.0004154117769238758, 0.0, 0.00010385294423096895, 0.0, 0.0], [0.0, 0.00043094160741219563, 0.00043094160741219563, 0.0021547080370609784, 0.0019392372333548805, 0.003447532859297565, 0.00689506571859513, 0.013359189829778064, 0.021547080370609782, 0.03619909502262444, 0.04848093083387201, 0.06895065718595131, 0.09609997845291963, 0.11161387631975868, 0.1180780004309416, 0.12152553329023917, 0.11743158801982331, 0.0680887739711269, 0.07218271924154276, 0.029304029304029304, 0.017237664296487827, 0.01616031027795734, 0.009696186166774402, 0.004093945270415859, 0.006248653307476837, 0.003232062055591467, 0.003232062055591467, 0.001292824822236587, 0.00021547080370609782, 0.0, 0.00043094160741219563, 0.0, 0.0], [0.002881844380403458, 0.0, 0.0, 0.008645533141210375, 0.008645533141210375, 0.020172910662824207, 0.01440922190201729, 0.043227665706051875, 0.05475504322766571, 0.10951008645533142, 0.11239193083573487, 0.1239193083573487, 0.11815561959654179, 0.10086455331412104, 0.07204610951008646, 0.069164265129683, 0.043227665706051875, 0.025936599423631124, 0.03170028818443804, 0.03170028818443804, 0.002881844380403458, 0.0, 0.002881844380403458, 0.002881844380403458, 0.0, 0.0, 0.0, 0.0, 0.0, 0.0, 0.0, 0.0, 0.0], [0.00030775543701272055, 0.0002051702913418137, 0.0005129257283545343, 0.00030775543701272055, 0.0005129257283545343, 0.0012310217480508822, 0.0015387771850636028, 0.004205990972507181, 0.007693885925318014, 0.01600328272466147, 0.02605662700041034, 0.034776364382437426, 0.042162494870742716, 0.047804677882642595, 0.060730406237176855, 0.12330734509643004, 0.18444809191629052, 0.12258924907673369, 0.13192449733278622, 0.06124333196553139, 0.03877718506360279, 0.03764874846122281, 0.018670496512105048, 0.012823143208863356, 0.015490356996306935, 0.005026672137874436, 0.0029749692244562987, 0.000718096019696348, 0.00030775543701272055, 0.0, 0.0, 0.0, 0.0], [0.0, 0.0, 0.0, 0.0, 0.00039494470774091627, 0.0007898894154818325, 0.001184834123222749, 0.001184834123222749, 0.002369668246445498, 0.008688783570300158, 0.013428120063191154, 0.0169826224328594, 0.022116903633491312, 0.036334913112164295, 0.05963665086887836, 0.07582938388625593, 0.10229067930489731, 0.08846761453396525, 0.18009478672985782, 0.06911532385466035, 0.0750394944707741, 0.0971563981042654, 0.043048973143759876, 0.018562401263823063, 0.049368088467614535, 0.01382306477093207, 0.01066350710900474, 0.009478672985781991, 0.002764612954186414, 0.001184834123222749, 0.0, 0.0, 0.0], [0.0, 0.0, 0.00019489378288832586, 0.0, 0.0011693626973299552, 0.0005846813486649776, 0.002533619177548236, 0.0035080880919898657, 0.00799064509842136, 0.01598129019684272, 0.022022997466380822, 0.033326836873903726, 0.055349834340284544, 0.0670434613135841, 0.1062171116741376, 0.12843500292340673, 0.15435587604755407, 0.09549795361527967, 0.1403235236795946, 0.05788345351783278, 0.03547066848567531, 0.03449619957123368, 0.013057883453517832, 0.007795751315533035, 0.009160007795751315, 0.0035080880919898657, 0.002728512960436562, 0.0011693626973299552, 0.00019489378288832586, 0.0, 0.0, 0.0, 0.0], [0.0, 0.0003026176426085641, 0.0012104705704342564, 0.0013617793917385383, 0.0013617793917385383, 0.0031774852473899226, 0.0071115146013012555, 0.01255863216825541, 0.021183234982599487, 0.03797851414737479, 0.06249054319866848, 0.07535179300953246, 0.10092298380995612, 0.12407323346951127, 0.13451354213950673, 0.12210621879255561, 0.10818580723256166, 0.05795127855954002, 0.059766984415191404, 0.02375548494477228, 0.01558480859434105, 0.01270994098955969, 0.007262823422605538, 0.003480102889998487, 0.0027235587834770767, 0.0016643970343471024, 0.0012104705704342564, 0.0, 0.0, 0.0, 0.0, 0.0, 0.0], [0.0, 0.0, 0.0, 0.0, 0.0001246416552411816, 0.0004985666209647265, 0.001869624828617724, 0.001994266483858906, 0.004487099588682538, 0.005234949520129627, 0.013336657110806432, 0.019693381528106693, 0.02804437242926586, 0.033777888570360216, 0.049358095475507915, 0.11903278075532843, 0.21176617225476754, 0.14084507042253522, 0.18571606630936058, 0.06668328555403216, 0.03751713822759566, 0.036270721675183845, 0.016203415181353608, 0.008350990901159167, 0.012090240558394616, 0.0038638913124766296, 0.0021189081391000874, 0.0006232082762059081, 0.0004985666209647265, 0.0, 0.0, 0.0, 0.0], [0.00020157226365652087, 0.0, 0.0, 0.00010078613182826043, 0.00010078613182826043, 0.0003023583954847813, 0.0012094335819391251, 0.0018141503729086877, 0.004132231404958678, 0.009877040919169522, 0.016024994960693408, 0.02277766579318686, 0.0743801652892562, 0.10028220116911912, 0.1258818786534973, 0.13102197137673857, 0.1541019955654102, 0.09866962305986696, 0.12104414432574077, 0.05009070751864544, 0.02781697238459988, 0.029127192098367265, 0.01138883289659343, 0.00473694819592824, 0.007558959887119532, 0.003023583954847813, 0.00231808103204999, 0.0006047167909695626, 0.0007055029227978231, 0.0006047167909695626, 0.00010078613182826043, 0.0, 0.0], [0.0, 0.0, 0.00019892580067634773, 0.00019892580067634773, 0.00039785160135269546, 0.0005967774020290431, 0.0009946290033817386, 0.002188183807439825, 0.00437636761487965, 0.006564551422319475, 0.01571513825343147, 0.026457131489954246, 0.04754326636164711, 0.06703799482792919, 0.09787149393276308, 0.12054903520986672, 0.16192560175054704, 0.12054903520986672, 0.14859757310523175, 0.06823154963198727, 0.04237119554406207, 0.03282275711159737, 0.012532325442609906, 0.00696240302367217, 0.008951661030435647, 0.0033817386114979114, 0.0017903322060871295, 0.00039785160135269546, 0.0, 0.0007957032027053909, 0.0, 0.0, 0.0], [0.0, 0.0, 0.0002639218791237794, 0.0002639218791237794, 0.001583531274742676, 0.0023752969121140144, 0.001583531274742676, 0.00395882818685669, 0.011612562681446292, 0.019002375296912115, 0.031406703615729746, 0.04697809448403273, 0.06835576669305886, 0.092108735814199, 0.110055423594616, 0.12377936130905252, 0.1316970176827659, 0.09817893903404593, 0.1024016891000264, 0.044866719451042494, 0.030878859857482184, 0.0332541567695962, 0.015307468989179203, 0.006598046978094484, 0.012668250197941409, 0.005806281340723146, 0.0023752969121140144, 0.0018474531538664556, 0.0005278437582475588, 0.0002639218791237794, 0.0, 0.0, 0.0], [0.00019692792437967703, 0.00019692792437967703, 0.0007877116975187081, 0.0009846396218983853, 0.00039385584875935406, 0.0015754233950374162, 0.0027569909413154787, 0.00728633320204805, 0.011815675462780622, 0.01929893658920835, 0.034265458842063806, 0.053367467506892474, 0.07601417881055533, 0.10496258369436787, 0.12229224103977944, 0.1270185112248917, 0.13233556518314296, 0.08270972823946436, 0.10988578180385979, 0.040764080346593144, 0.02205592753052383, 0.02264671130366286, 0.010437179992122883, 0.004923198109491926, 0.005513981882630957, 0.0015754233950374162, 0.0015754233950374162, 0.0013784954706577393, 0.00039385584875935406, 0.0005907837731390311, 0.0, 0.0, 0.0], [0.0, 0.0, 0.00012291052114060964, 0.0002458210422812193, 0.0003687315634218289, 0.00012291052114060964, 0.0008603736479842675, 0.0018436578171091445, 0.0028269419862340214, 0.006391347099311701, 0.012536873156342183, 0.014749262536873156, 0.06133235004916421, 0.10558013765978368, 0.13286627335299903, 0.1402409046214356, 0.1607669616519174, 0.0994346116027532, 0.14773844641101277, 0.04006882989183874, 0.022123893805309734, 0.022861356932153392, 0.009464110127826941, 0.0055309734513274336, 0.00688298918387414, 0.0020894788593903636, 0.0019665683382497543, 0.0004916420845624386, 0.00012291052114060964, 0.0003687315634218289, 0.0, 0.0, 0.0], [0.0, 0.0, 0.0, 0.006993006993006993, 0.006993006993006993, 0.006993006993006993, 0.0, 0.027972027972027972, 0.027972027972027972, 0.1048951048951049, 0.04195804195804196, 0.0979020979020979, 0.08391608391608392, 0.06293706293706294, 0.04895104895104895, 0.11188811188811189, 0.1048951048951049, 0.08391608391608392, 0.04895104895104895, 0.02097902097902098, 0.02097902097902098, 0.02097902097902098, 0.03496503496503497, 0.0, 0.006993006993006993, 0.013986013986013986, 0.0, 0.013986013986013986, 0.0, 0.0, 0.0, 0.0, 0.0], [0.00021505376344086021, 0.00010752688172043011, 0.0, 0.0, 0.0, 0.00010752688172043011, 0.00021505376344086021, 0.000967741935483871, 0.0023655913978494624, 0.004731182795698925, 0.007526881720430108, 0.01064516129032258, 0.022258064516129033, 0.03032258064516129, 0.09634408602150538, 0.1853763440860215, 0.2067741935483871, 0.13440860215053763, 0.13602150537634408, 0.061397849462365595, 0.03258064516129032, 0.03462365591397849, 0.013118279569892474, 0.005376344086021506, 0.008279569892473118, 0.002903225806451613, 0.0023655913978494624, 0.0003225806451612903, 0.0006451612903225806, 0.0, 0.0, 0.0, 0.0], [0.0, 0.0, 0.0, 0.00011719207781553967, 0.0, 0.00011719207781553967, 0.001054728700339857, 0.000351576233446619, 0.0012891128559709363, 0.0022266494784952537, 0.004570491034806047, 0.00703152466893238, 0.011602015703738427, 0.024375952185632252, 0.0839095277159264, 0.12117660846126801, 0.17039728114379468, 0.1379350755888902, 0.18739013242704794, 0.0844954881050041, 0.051564514238837456, 0.05355677956170163, 0.019219500761748505, 0.009844134536505332, 0.016524082971991094, 0.005039259346068206, 0.003867338567912809, 0.0012891128559709363, 0.000351576233446619, 0.00023438415563107934, 0.0004687683112621587, 0.0, 0.0], [0.00018953752843062926, 9.476876421531463e-05, 0.0, 0.00018953752843062926, 0.00018953752843062926, 0.0005686125852918878, 0.000758150113722517, 0.001800606520090978, 0.0029378316906747536, 0.005686125852918878, 0.010519332827899925, 0.013551933282789993, 0.017532221379833207, 0.025113722517058377, 0.10054965883244882, 0.12594768764215314, 0.15380970432145566, 0.12869598180439726, 0.1760803639120546, 0.08064821834723275, 0.049753601213040184, 0.0525018953752843, 0.02084912812736922, 0.010708870356330554, 0.014783927217589083, 0.0036959818043972707, 0.0019901440485216074, 0.0003790750568612585, 0.00047384382107657316, 0.0, 0.0, 0.0, 0.0], [0.0, 0.0, 0.0, 0.0015060240963855422, 0.0015060240963855422, 0.0, 0.0015060240963855422, 0.007530120481927711, 0.007530120481927711, 0.007530120481927711, 0.016566265060240965, 0.025602409638554216, 0.046686746987951805, 0.08885542168674698, 0.125, 0.1716867469879518, 0.16566265060240964, 0.11897590361445783, 0.12048192771084337, 0.05421686746987952, 0.022590361445783132, 0.015060240963855422, 0.0015060240963855422, 0.0, 0.0, 0.0, 0.0, 0.0, 0.0, 0.0, 0.0, 0.0, 0.0], [0.0, 0.0, 0.0, 8.756567425569177e-05, 0.0, 8.756567425569177e-05, 0.00026269702276707533, 0.0007880910683012259, 0.0016637478108581436, 0.004728546409807356, 0.007530647985989492, 0.012784588441330999, 0.0212784588441331, 0.027495621716287215, 0.040718038528896675, 0.0489492119089317, 0.18056042031523642, 0.1457092819614711, 0.24334500875656742, 0.09098073555166375, 0.049737302977232924, 0.0690893169877408, 0.02075306479859895, 0.008493870402802101, 0.014098073555166376, 0.005078809106830123, 0.003852889667250438, 0.0014010507880910684, 0.00026269702276707533, 0.00026269702276707533, 0.0, 0.0, 0.0], [9.656237929702588e-05, 9.656237929702588e-05, 9.656237929702588e-05, 0.0, 0.0003862495171881035, 0.0003862495171881035, 0.00028968713789107763, 0.0009656237929702588, 0.0010621861722672848, 0.005214368482039398, 0.009656237929702587, 0.019022788721514097, 0.03341058323677095, 0.04470838161452298, 0.06624179219775975, 0.07782927771340285, 0.1478370027037466, 0.19090382387022017, 0.20905755117806102, 0.08594051757435303, 0.043453070683661645, 0.036693704132869834, 0.013229045963692546, 0.004731556585554268, 0.005407493240633449, 0.0022209347238315953, 0.0006759366550791811, 0.0003862495171881035, 0.0, 0.0, 0.0, 0.0, 0.0], [0.0, 0.00010853049706967658, 0.0, 0.00010853049706967658, 0.00021706099413935315, 0.0005426524853483829, 0.0009767744736270893, 0.00379856739743868, 0.006186238332971565, 0.012263946168873453, 0.022031690905144345, 0.037008899500759716, 0.05556761449967441, 0.07792489689602779, 0.10039070978945083, 0.131538962448448, 0.1551986108096375, 0.11037551551986108, 0.13284132841328414, 0.05958324289125244, 0.03624918602127198, 0.03017147818537009, 0.012806598654221837, 0.006077707835901888, 0.004666811373996093, 0.0027132624267419145, 0.00032559149120902974, 0.00032559149120902974, 0.0, 0.0, 0.0, 0.0, 0.0], [0.0, 0.0, 0.0, 0.0, 0.0005003752814610958, 0.0005003752814610958, 0.0012509382036527395, 0.0015011258443832875, 0.004503377533149862, 0.00888166124593445, 0.016637478108581436, 0.02626970227670753, 0.04078058543907931, 0.06617463097322993, 0.09832374280710533, 0.12697022767075306, 0.1536152114085564, 0.09969977483112334, 0.1676257192894671, 0.059794846134600954, 0.0360270202651989, 0.04140605454090568, 0.017262947210407806, 0.0070052539404553416, 0.012384288216162121, 0.004253189892419315, 0.0037528146109582186, 0.0021265949462096574, 0.0012509382036527395, 0.0005003752814610958, 0.0010007505629221916, 0.0, 0.0], [0.0, 0.00018677624206200972, 0.00018677624206200972, 0.00037355248412401944, 0.0011206574523720584, 0.0011206574523720584, 0.0029884198729921555, 0.009712364587224505, 0.016623085543518865, 0.02596189764661935, 0.04501307433694434, 0.061636159880463205, 0.08031378408666418, 0.10141949943967127, 0.12495330593948449, 0.11953679491968622, 0.14213672020918938, 0.07489727306686589, 0.1038475905864774, 0.028389988793425476, 0.020171834142697048, 0.020171834142697048, 0.007844602166604408, 0.002614867388868136, 0.005229734777736272, 0.0011206574523720584, 0.0018677624206200972, 0.00037355248412401944, 0.00018677624206200972, 0.0, 0.0, 0.0, 0.0], [0.0, 0.0, 0.0, 0.001392369813422445, 0.002506265664160401, 0.001949317738791423, 0.003341687552213868, 0.007518796992481203, 0.012531328320802004, 0.015037593984962405, 0.02756892230576441, 0.04372041214146477, 0.05736563631300473, 0.08521303258145363, 0.11946532999164577, 0.12726260094681147, 0.14954051796157058, 0.09774436090225563, 0.11055416318574213, 0.048175995544416594, 0.025898078529657476, 0.021164021164021163, 0.012531328320802004, 0.009468114731272625, 0.009468114731272625, 0.003620161514898357, 0.003063213589529379, 0.003620161514898357, 0.000278473962684489, 0.0, 0.0, 0.0, 0.0], [0.0002243661655822302, 0.0, 0.0, 0.0, 0.0004487323311644604, 0.0004487323311644604, 0.0016827462418667265, 0.003477675566524568, 0.004936055642809065, 0.009647745120035899, 0.030738164684765538, 0.05698900605788647, 0.08133273502355845, 0.11610949068880413, 0.1417994166479695, 0.14527709221449406, 0.13630244559120486, 0.07527484855283824, 0.09187794480592326, 0.034215840251290104, 0.021875701144267446, 0.022773165806596364, 0.009535562037244783, 0.004487323311644604, 0.006618801884675791, 0.0015705631590756115, 0.0012340139107022662, 0.0007852815795378057, 0.0, 0.0003365492483733453, 0.0, 0.0, 0.0], [0.0, 0.0, 0.0, 0.0002848597065945022, 0.0001424298532972511, 0.0001424298532972511, 0.001424298532972511, 0.0004272895598917533, 0.0021364477994587666, 0.004700185158809287, 0.008118501637943313, 0.02435550491382994, 0.05455063381284717, 0.0844609030052699, 0.10539809143996581, 0.13032331576698475, 0.1541091012676257, 0.10197977496083178, 0.14769975786924938, 0.05725680102549494, 0.03290129611166501, 0.03788634097706879, 0.016379433129183878, 0.007263922518159807, 0.013673265916536106, 0.004985044865403789, 0.004700185158809287, 0.0029910269192422734, 0.0008545791197835066, 0.0005697194131890044, 0.0002848597065945022, 0.0, 0.0], [0.0, 0.0, 0.0, 0.0, 0.0008971828458639871, 0.001256055984209582, 0.002691548537591961, 0.004485914229319935, 0.007536335905257491, 0.017764220348106943, 0.028709851067647587, 0.04091153777139781, 0.07033913511573658, 0.0897182845863987, 0.11519827740893594, 0.13296249775704289, 0.14175488964650995, 0.09312757940068186, 0.12399066929840301, 0.04755069083079132, 0.028171541360129195, 0.024582809976673246, 0.009869011304503858, 0.003947604521801543, 0.00556253364435672, 0.0007177462766911897, 0.003947604521801543, 0.0032298582451103534, 0.0007177462766911897, 0.00035887313834559486, 0.0, 0.0, 0.0], [0.00011386927806877705, 0.00011386927806877705, 0.0, 0.0, 0.00011386927806877705, 0.0010248235026189933, 0.0006832156684126623, 0.002277385561375541, 0.0028467319517194263, 0.005807333181507629, 0.014005921202459576, 0.021749032111136414, 0.036096561147802325, 0.04327032566613528, 0.07515372352539285, 0.18754270097927578, 0.19243907993623321, 0.12958323844226827, 0.13857891140970166, 0.06205875654748349, 0.03541334547938966, 0.026417672511956276, 0.011500797084946482, 0.004782509678888636, 0.00501024823502619, 0.0018219084491004327, 0.0011386927806877705, 0.00034160783420633114, 0.00011386927806877705, 0.0, 0.0, 0.0, 0.0], [0.0, 0.0, 0.0, 0.00015845349389954048, 0.00015845349389954048, 0.0006338139755981619, 0.0017429884328949454, 0.003010616384091269, 0.00633813975598162, 0.009031849152273808, 0.02345111709713199, 0.03390904769450166, 0.06765964189510379, 0.09919188718111234, 0.12660434162573284, 0.14672793535097448, 0.15369988908255428, 0.1041039454919981, 0.10917445729678339, 0.039613373474885125, 0.02630327998732372, 0.018539058786246235, 0.00998257011567105, 0.004753604816986215, 0.008398035176675646, 0.0028521628901917286, 0.002693709396292188, 0.00047536048169862145, 0.0006338139755981619, 0.0, 0.00015845349389954048, 0.0, 0.0], [0.0, 0.0, 0.0, 0.00016220600162206002, 0.0, 0.0006488240064882401, 0.0009732360097323601, 0.0009732360097323601, 0.00275750202757502, 0.00583941605839416, 0.013138686131386862, 0.021897810218978103, 0.03844282238442823, 0.06001622060016221, 0.09391727493917275, 0.11841038118410381, 0.1529602595296026, 0.11224655312246554, 0.17128953771289537, 0.06731549067315491, 0.04184914841849149, 0.04395782643957826, 0.018491484184914843, 0.01103000811030008, 0.01151662611516626, 0.006812652068126521, 0.00373073803730738, 0.0012976480129764801, 0.00016220600162206002, 0.00016220600162206002, 0.0, 0.0, 0.0], [0.0, 0.0, 0.00011357183418512209, 0.0, 0.00022714366837024418, 0.00034071550255536625, 0.00034071550255536625, 0.001249290176036343, 0.001135718341851221, 0.003747870528109029, 0.0068143100511073255, 0.016127200454287338, 0.02759795570698467, 0.0457694491766042, 0.13003975014196478, 0.1459398069278819, 0.16490630323679728, 0.10221465076660988, 0.16070414537194777, 0.06007950028392958, 0.03963657013060761, 0.03554798409994321, 0.02237365133446905, 0.010562180579216355, 0.014537194775695627, 0.0040885860306643955, 0.0030664395229982964, 0.002498580352072686, 0.00022714366837024418, 0.00011357183418512209, 0.0, 0.0, 0.0], [0.0, 0.0, 9.052231375033946e-05, 0.0, 9.052231375033946e-05, 9.052231375033946e-05, 9.052231375033946e-05, 0.0008147008237530552, 0.001810446275006789, 0.004616638001267313, 0.008871186747533268, 0.016022449533810084, 0.027880872635104553, 0.03593735855888477, 0.05476599981895537, 0.059654204761473706, 0.0764008328052865, 0.17108717298814158, 0.27518783380103196, 0.10020820132162578, 0.05721010229021454, 0.06273196342898525, 0.014483570200054313, 0.0076038743550285144, 0.01339730243505024, 0.005521861138770707, 0.003168280981261881, 0.0009052231375033946, 0.0007241785100027156, 0.0006336561962523762, 0.0, 0.0, 0.0], [0.0, 0.0, 0.0, 0.0, 0.00010396091069757771, 0.0007277263748830439, 0.0010396091069757771, 0.0025990227674394426, 0.005198045534878885, 0.00956440378417715, 0.017361472086495477, 0.03274768686973698, 0.05042104168832519, 0.0774508784696954, 0.1105104480715251, 0.13826801122777835, 0.1735107599542572, 0.11134213535710573, 0.15188689052916104, 0.04875766711716395, 0.02495061856741865, 0.027133797692067783, 0.007693107391620751, 0.0034307100530200645, 0.0025990227674394426, 0.0008316872855806217, 0.0011435700176733548, 0.0006237654641854663, 0.00010396091069757771, 0.0, 0.0, 0.0, 0.0], [0.0, 0.003236245954692557, 0.0, 0.003236245954692557, 0.006472491909385114, 0.016181229773462782, 0.025889967637540454, 0.045307443365695796, 0.08737864077669903, 0.05501618122977346, 0.04854368932038835, 0.0744336569579288, 0.07119741100323625, 0.11326860841423948, 0.13268608414239483, 0.10032362459546926, 0.07766990291262135, 0.045307443365695796, 0.042071197411003236, 0.019417475728155338, 0.006472491909385114, 0.009708737864077669, 0.003236245954692557, 0.012944983818770227, 0.0, 0.0, 0.0, 0.0, 0.0, 0.0, 0.0, 0.0, 0.0]]}, "ranks": {"labels": ["Unranked", "Combatatent I", "Combatatent II", "Challenger I", "Challenger II", "Rival I", "Rival II", "Duelist", "Elite"], "data": [[0.1362179487179487, 0.1842948717948718, 0.2403846153846154, 0.21955128205128205, 0.12179487179487179, 0.0641025641025641, 0.017628205128205128, 0.01282051282051282, 0.003205128205128205], [0.06236263736263736, 0.0956043956043956, 0.175, 0.2571428571428571, 0.23241758241758242, 0.12692307692307692, 0.02967032967032967, 0.01565934065934066, 0.0052197802197802195], [0.007630939993062782, 0.012718233321771303, 0.031217481789802288, 0.06451612903225806, 0.2937911897329171, 0.37946583420048563, 0.09006821597872586, 0.08949011446409989, 0.031101861486877096], [0.015471485036702428, 0.025070581592320722, 0.05511010728402033, 0.09599096555618294, 0.11846414455110107, 0.37221908526256353, 0.1481648785996612, 0.132128740824393, 0.03738001129305477], [0.18681318681318682, 0.15934065934065933, 0.19230769230769232, 0.1978021978021978, 0.11538461538461539, 0.08791208791208792, 0.04395604395604396, 0.016483516483516484, 0.0], [0.007477411984629765, 0.02295150067504414, 0.1451864160348946, 0.2571398899158791, 0.2689791255582096, 0.16637241665801225, 0.054003531000103855, 0.05940388410011424, 0.018485824073112472], [0.08640379228614523, 0.11743158801982331, 0.2077138547726783, 0.2396035337211808, 0.18552036199095023, 0.09028226675285499, 0.028442146089204912, 0.0299504417151476, 0.014652014652014652], [0.2622478386167147, 0.23631123919308358, 0.21902017291066284, 0.14121037463976946, 0.069164265129683, 0.05187319884726225, 0.01440922190201729, 0.005763688760806916, 0.0], [0.032519491177677474, 0.06083299138284776, 0.08996717275338531, 0.1840377513336069, 0.3070373409930242, 0.16823963890028723, 0.06370537546163316, 0.06914238818219122, 0.02451784981534674], [0.014612954186413903, 0.030410742496050552, 0.05845181674565561, 0.13546603475513427, 0.19075829383886256, 0.21406003159557663, 0.11018957345971564, 0.15876777251184834, 0.0872827804107425], [0.03196258039368544, 0.055349834340284544, 0.12239329565386864, 0.23465211459754434, 0.24985382966283376, 0.17287078542194503, 0.06080686026115767, 0.055349834340284544, 0.016760865328396025], [0.08624602814344076, 0.13784233620820094, 0.2249962172794674, 0.25661976093206235, 0.16613708579210168, 0.07202299894083825, 0.027084279013466484, 0.023452867302163716, 0.005598426388258435], [0.014209148697494702, 0.03303003863891312, 0.06182226099962607, 0.16839087623083634, 0.35261124267730276, 0.22535211267605634, 0.06456437741493207, 0.06082512775769662, 0.019194814907141967], [0.017738359201773836, 0.038802660753880266, 0.17466236645837532, 0.25690385003023586, 0.25277161862527714, 0.1502721225559363, 0.04867970167304979, 0.04525297319088893, 0.014916347510582543], [0.015516212452755123, 0.04217226974338572, 0.11458126118957629, 0.2184205291426298, 0.28247463696041375, 0.18838273324050128, 0.07081758504077978, 0.05231748557787945, 0.015317286652078774], [0.04064396938506202, 0.07838479809976247, 0.16046450250725786, 0.23383478490366852, 0.22987595671681182, 0.12615465822116653, 0.05199261018738453, 0.055159672736869884, 0.023489047242016364], [0.04529342260732572, 0.08763292634895628, 0.1809767625049232, 0.24931075226467114, 0.21504529342260734, 0.1337140606538007, 0.038991729027176056, 0.038007089405277666, 0.011027963765261915], [0.012782694198623401, 0.02728613569321534, 0.1669124877089479, 0.2731071779744346, 0.2602015732546706, 0.16986234021632252, 0.04006882989183874, 0.037856440511307765, 0.011922320550639135], [0.18181818181818182, 0.13986013986013987, 0.14685314685314685, 0.16083916083916083, 0.1888111888111888, 0.055944055944055944, 0.03496503496503497, 0.055944055944055944, 0.03496503496503497], [0.008709677419354838, 0.01817204301075269, 0.052580645161290324, 0.2817204301075269, 0.34118279569892473, 0.17129032258064517, 0.05870967741935484, 0.05311827956989247, 0.014516129032258065], [0.005156451423883745, 0.011602015703738427, 0.03597796788937068, 0.20508613617719443, 0.3083323567326849, 0.23532169225360366, 0.08812844251728583, 0.08262041485995547, 0.0277745224422829], [0.012414708112206217, 0.024071266110689916, 0.04264594389689159, 0.22649734647460198, 0.2825056861258529, 0.22185367702805156, 0.08462850644427597, 0.08405989385898407, 0.021322971948445794], [0.02710843373493976, 0.04216867469879518, 0.1355421686746988, 0.29668674698795183, 0.28463855421686746, 0.15512048192771086, 0.04216867469879518, 0.016566265060240965, 0.0], [0.007618213660245184, 0.020315236427320492, 0.04877408056042032, 0.08966725043782837, 0.32626970227670754, 0.29640980735551664, 0.08765323992994746, 0.09833625218914185, 0.024956217162872153], [0.008594051757435304, 0.028679026651216685, 0.07811896485129394, 0.1440710699111626, 0.33874082657396676, 0.25878717651602934, 0.07966396292004635, 0.05465430668211665, 0.00869061413673233], [0.024202300846537877, 0.05904059040590406, 0.1334925113957022, 0.23192967223789884, 0.2655741263294986, 0.16583459952246582, 0.06283915780334275, 0.04905578467549381, 0.008031256783156067], [0.01713785339004253, 0.042907180385288964, 0.10695521641230923, 0.2252939704778584, 0.25331498623967974, 0.19989992494370779, 0.06354766074555918, 0.06567425569176882, 0.025268951713785338], [0.05827418752334703, 0.10664923421740755, 0.18173328352633544, 0.24449010085917072, 0.2170339932760553, 0.11953679491968622, 0.03287261860291371, 0.030631303698169594, 0.008778483376914456], [0.04427736006683375, 0.07128933444722918, 0.14257866889445836, 0.24672793093845724, 0.24728487886382622, 0.13868003341687551, 0.04594820384294068, 0.04316346421609579, 0.020050125313283207], [0.02086605339914741, 0.087727170742652, 0.19744222571236258, 0.28707650886246355, 0.21157729414404308, 0.11207089970832398, 0.03589858649315683, 0.03679605115548575, 0.010545209782364819], [0.009257940464321322, 0.03247400655177325, 0.13901153681811707, 0.2357214072069506, 0.2560888762284575, 0.1783221763281584, 0.059535678678250964, 0.061529696624412475, 0.028058681099558468], [0.0346312578503499, 0.0696213888390454, 0.1600574197021353, 0.24816077516597881, 0.23488246904719182, 0.15252108379687782, 0.04719181769244572, 0.03839942580297865, 0.01453436210299659], [0.012981097699840584, 0.03575495331359599, 0.0793668868139376, 0.2626964245046686, 0.3220223183785015, 0.17387838761102253, 0.06217262582555227, 0.04270097927579139, 0.0084263265770895], [0.021074314688638886, 0.05736016479163365, 0.16685152907621614, 0.2733322769767073, 0.25780383457455236, 0.13040722547932182, 0.04468388527967042, 0.0332752337189035, 0.015211535414355886], [0.0113544201135442, 0.035036496350364967, 0.09845904298459043, 0.21232765612327656, 0.26520681265206814, 0.2077858880778589, 0.07266828872668289, 0.07347931873479319, 0.02368207623682076], [0.007155025553662692, 0.022941510505394662, 0.07336740488358887, 0.27597955706984667, 0.26712095400340713, 0.1934128336172629, 0.06700738216922203, 0.06848381601362862, 0.02453151618398637], [0.0076038743550285144, 0.02489363628134335, 0.06381823119398931, 0.11442020458042908, 0.24748800579342808, 0.3319453245224948, 0.10066081289037748, 0.08481940798406808, 0.024350502398841314], [0.019232768479051875, 0.050109158956232455, 0.1278719201580206, 0.24877845929930345, 0.28485289531136293, 0.1795404927747167, 0.046054683439026925, 0.0382576151367086, 0.0053020064455764635], [0.24271844660194175, 0.12297734627831715, 0.18446601941747573, 0.23300970873786409, 0.12297734627831715, 0.04854368932038835, 0.019417475728155338, 0.025889967637540454, 0.0]]}, "ranksDetailed": {"labels": ["Unranked", "Combatatant", "Challenger", "Rival", "Duelist", "Elite"], "data": [[0.1362179487179487, 0.42467948717948717, 0.34134615384615385, 0.08173076923076923, 0.01282051282051282, 0.003205128205128205], [0.06236263736263736, 0.2706043956043956, 0.48956043956043954, 0.1565934065934066, 0.01565934065934066, 0.0052197802197802195], [0.007630939993062782, 0.04393571511157359, 0.3583073187651752, 0.46953405017921146, 0.08949011446409989, 0.031101861486877096], [0.015471485036702428, 0.08018068887634106, 0.21445511010728402, 0.5203839638622247, 0.132128740824393, 0.03738001129305477], [0.18681318681318682, 0.3516483516483517, 0.3131868131868132, 0.13186813186813187, 0.016483516483516484, 0.0], [0.007477411984629765, 0.16813791670993872, 0.5261190154740887, 0.2203759476581161, 0.05940388410011424, 0.018485824073112472], [0.08640379228614523, 0.3251454427925016, 0.425123895712131, 0.1187244128420599, 0.0299504417151476, 0.014652014652014652], [0.2622478386167147, 0.4553314121037464, 0.21037463976945245, 0.06628242074927954, 0.005763688760806916, 0.0], [0.032519491177677474, 0.15080016413623307, 0.4910750923266311, 0.2319450143619204, 0.06914238818219122, 0.02451784981534674], [0.014612954186413903, 0.08886255924170616, 0.32622432859399686, 0.32424960505529227, 0.15876777251184834, 0.0872827804107425], [0.03196258039368544, 0.17774312999415318, 0.4845059442603781, 0.2336776456831027, 0.055349834340284544, 0.016760865328396025], [0.08624602814344076, 0.36283855348766836, 0.422756846724164, 0.09910727795430474, 0.023452867302163716, 0.005598426388258435], [0.014209148697494702, 0.0948522996385392, 0.5210021189081391, 0.2899164900909884, 0.06082512775769662, 0.019194814907141967], [0.017738359201773836, 0.2134650272122556, 0.509675468655513, 0.19895182422898608, 0.04525297319088893, 0.014916347510582543], [0.015516212452755123, 0.15675353093296202, 0.5008951661030435, 0.2592003182812811, 0.05231748557787945, 0.015317286652078774], [0.04064396938506202, 0.2388493006070203, 0.4637107416204803, 0.17814726840855108, 0.055159672736869884, 0.023489047242016364], [0.04529342260732572, 0.2686096888538795, 0.46435604568727845, 0.17270578968097677, 0.038007089405277666, 0.011027963765261915], [0.012782694198623401, 0.19419862340216323, 0.5333087512291053, 0.20993117010816126, 0.037856440511307765, 0.011922320550639135], [0.18181818181818182, 0.2867132867132867, 0.34965034965034963, 0.09090909090909091, 0.055944055944055944, 0.03496503496503497], [0.008709677419354838, 0.07075268817204301, 0.6229032258064516, 0.23, 0.05311827956989247, 0.014516129032258065], [0.005156451423883745, 0.0475799835931091, 0.5134184929098793, 0.32345013477088946, 0.08262041485995547, 0.0277745224422829], [0.012414708112206217, 0.0667172100075815, 0.5090030326004549, 0.30648218347232753, 0.08405989385898407, 0.021322971948445794], [0.02710843373493976, 0.17771084337349397, 0.5813253012048193, 0.19728915662650603, 0.016566265060240965, 0.0], [0.007618213660245184, 0.0690893169877408, 0.4159369527145359, 0.3840630472854641, 0.09833625218914185, 0.024956217162872153], [0.008594051757435304, 0.10679799150251063, 0.4828118964851294, 0.3384511394360757, 0.05465430668211665, 0.00869061413673233], [0.024202300846537877, 0.19253310180160624, 0.49750379856739746, 0.22867375732580855, 0.04905578467549381, 0.008031256783156067], [0.01713785339004253, 0.1498623967975982, 0.47860895671753817, 0.26344758568926696, 0.06567425569176882, 0.025268951713785338], [0.05827418752334703, 0.288382517743743, 0.461524094135226, 0.15240941352259993, 0.030631303698169594, 0.008778483376914456], [0.04427736006683375, 0.21386800334168754, 0.49401280980228346, 0.1846282372598162, 0.04316346421609579, 0.020050125313283207], [0.02086605339914741, 0.2851693964550146, 0.49865380300650664, 0.14796948620148082, 0.03679605115548575, 0.010545209782364819], [0.009257940464321322, 0.17148554336989033, 0.49181028343540806, 0.23785785500640935, 0.061529696624412475, 0.028058681099558468], [0.0346312578503499, 0.2296788085411807, 0.48304324421317063, 0.19971290148932352, 0.03839942580297865, 0.01453436210299659], [0.012981097699840584, 0.1151218401275336, 0.5847187428831702, 0.2360510134365748, 0.04270097927579139, 0.0084263265770895], [0.021074314688638886, 0.22421169386784978, 0.5311361115512597, 0.17509111075899222, 0.0332752337189035, 0.015211535414355886], [0.0113544201135442, 0.1334955393349554, 0.47753446877534467, 0.28045417680454177, 0.07347931873479319, 0.02368207623682076], [0.007155025553662692, 0.09630891538898353, 0.5431005110732539, 0.26042021578648494, 0.06848381601362862, 0.02453151618398637], [0.0076038743550285144, 0.08871186747533268, 0.3619082103738572, 0.4326061374128723, 0.08481940798406808, 0.024350502398841314], [0.019232768479051875, 0.17798107911425304, 0.5336313546106664, 0.22559517621374364, 0.0382576151367086, 0.0053020064455764635], [0.24271844660194175, 0.3074433656957929, 0.3559870550161812, 0.06796116504854369, 0.025889967637540454, 0.0]]}}}, "eu": {"histType": {"histogram": {"labels": ["0", "100", "200", "300", "400", "500", "600", "700", "800", "900", "1000", "1100", "1200", "1300", "1400", "1500", "1600", "1700", "1800", "1900", "2000", "2100", "2200", "2300", "2400", "2500", "2600", "2700", "2800", "2900", "3000", "3100", "3200"], "data": [[0.0, 0.0, 0.002074688796680498, 0.0, 0.0, 0.004149377593360996, 0.012448132780082987, 0.026970954356846474, 0.04979253112033195, 0.07468879668049792, 0.07883817427385892, 0.0975103734439834, 0.08506224066390042, 0.13278008298755187, 0.14522821576763487, 0.0954356846473029, 0.06846473029045644, 0.043568464730290454, 0.03734439834024896, 0.02074688796680498, 0.012448132780082987, 0.008298755186721992, 0.004149377593360996, 0.0, 0.0, 0.0, 0.0, 0.0, 0.0, 0.0, 0.0, 0.0, 0.0], [0.00030012004801920766, 0.0006002400960384153, 0.0006002400960384153, 0.000900360144057623, 0.001800720288115246, 0.0033013205282112846, 0.0063025210084033615, 0.011104441776710685, 0.02100840336134454, 0.03241296518607443, 0.045018007202881155, 0.06452581032412966, 0.08403361344537816, 0.1059423769507803, 0.12965186074429771, 0.13085234093637454, 0.14315726290516206, 0.06452581032412966, 0.09333733493397359, 0.02460984393757503, 0.013205282112845138, 0.011104441776710685, 0.004801920768307323, 0.0027010804321728693, 0.003001200480192077, 0.0006002400960384153, 0.0006002400960384153, 0.0, 0.0, 0.0, 0.0, 0.0, 0.0], [0.0, 0.0, 0.0, 0.00011680878402055835, 0.00011680878402055835, 0.00011680878402055835, 0.0, 0.0008176614881439084, 0.0018689405443289336, 0.002569793248452284, 0.005840439201027918, 0.009461511505665226, 0.011914495970096951, 0.01553556827473426, 0.025697932484522835, 0.035743487910290854, 0.22403924775143091, 0.14858077327415023, 0.2916715336993342, 0.0776778413736713, 0.04987735077677841, 0.05233033524121014, 0.01705408246700152, 0.007008527041233501, 0.011447260834014717, 0.005139586496904568, 0.003270645952575634, 0.001635322976287817, 0.0002336175680411167, 0.0002336175680411167, 0.0, 0.0, 0.0], [0.0, 0.0, 0.0, 0.00010841283607979184, 0.00010841283607979184, 0.0002168256721595837, 0.000758889852558543, 0.002059843885516045, 0.002385082393755421, 0.005962705984388552, 0.011600173460537728, 0.01756287944492628, 0.02114050303555941, 0.02699479618386817, 0.042931483087597574, 0.05442324371205551, 0.07892454466608846, 0.053230702515177794, 0.29900260190806593, 0.13464874241110147, 0.08347788378143972, 0.08065915004336513, 0.031764960971379014, 0.01409366869037294, 0.021032090199479617, 0.00878143972246314, 0.004011274934952298, 0.003469210754553339, 0.0004336513443191674, 0.0002168256721595837, 0.0, 0.0, 0.0], [0.0, 0.0, 0.0, 0.0, 0.0, 0.018867924528301886, 0.031446540880503145, 0.050314465408805034, 0.07547169811320754, 0.05660377358490566, 0.06289308176100629, 0.0880503144654088, 0.06918238993710692, 0.09433962264150944, 0.0880503144654088, 0.13836477987421383, 0.012578616352201259, 0.06289308176100629, 0.050314465408805034, 0.0440251572327044, 0.031446540880503145, 0.0, 0.006289308176100629, 0.006289308176100629, 0.012578616352201259, 0.0, 0.0, 0.0, 0.0, 0.0, 0.0, 0.0, 0.0], [0.0, 0.00010387451958034694, 0.00010387451958034694, 0.00020774903916069389, 0.0003116235587410408, 0.00010387451958034694, 0.00020774903916069389, 0.0011426197153838163, 0.0019736158720265917, 0.0039472317440531835, 0.008413836086008103, 0.04061493715591565, 0.05713098576919082, 0.0816453723901527, 0.11779370520411343, 0.13108964371039783, 0.15092967695024412, 0.10584813545237354, 0.13804923652228107, 0.05297600498597694, 0.03137010491326478, 0.03791419