{"region": {"us": {"histType": {"histogram": {"labels": ["0", "100", "200", "300", "400", "500", "600", "700", "800", "900", "1000", "1100", "1200", "1300", "1400", "1500", "1600", "1700", "1800", "1900", "2000", "2100", "2200", "2300", "2400", "2500", "2600", "2700", "2800"], "data": [[0.0, 0.0, 0.012658227848101266, 0.0, 0.0, 0.012658227848101266, 0.02531645569620253, 0.012658227848101266, 0.12658227848101267, 0.0759493670886076, 0.0759493670886076, 0.12658227848101267, 0.0759493670886076, 0.13924050632911392, 0.1518987341772152, 0.02531645569620253, 0.05063291139240506, 0.02531645569620253, 0.06329113924050633, 0.0, 0.0, 0.0, 0.0, 0.0, 0.0, 0.0, 0.0, 0.0, 0.0], [0.0, 0.00211864406779661, 0.0, 0.001059322033898305, 0.001059322033898305, 0.0, 0.005296610169491525, 0.015889830508474576, 0.019067796610169493, 0.037076271186440676, 0.05614406779661017, 0.06991525423728813, 0.11334745762711865, 0.1228813559322034, 0.15677966101694915, 0.1027542372881356, 0.09533898305084745, 0.0635593220338983, 0.07944915254237288, 0.019067796610169493, 0.011652542372881356, 0.01694915254237288, 0.006355932203389831, 0.0031779661016949155, 0.001059322033898305, 0.0, 0.0, 0.0, 0.0], [0.0, 0.0, 0.0, 0.0, 0.0005012531328320802, 0.0005012531328320802, 0.002506265664160401, 0.0040100250626566416, 0.014536340852130326, 0.018546365914786967, 0.02957393483709273, 0.0506265664160401, 0.08771929824561403, 0.11829573934837093, 0.13082706766917293, 0.1318295739348371, 0.13533834586466165, 0.08270676691729323, 0.10927318295739348, 0.03258145363408521, 0.019548872180451128, 0.016541353383458645, 0.009022556390977444, 0.0035087719298245615, 0.0020050125313283208, 0.0, 0.0, 0.0, 0.0], [0.0, 0.0002836074872376631, 0.0, 0.0, 0.0002836074872376631, 0.0008508224617129892, 0.003403289846851957, 0.005672149744753261, 0.015031196823596143, 0.024957458876914352, 0.042824730572887125, 0.04197390811117414, 0.07799205899035734, 0.10294951786727169, 0.12166761202495746, 0.12705615428247305, 0.1551332955190017, 0.09841179807146909, 0.09132161089052751, 0.038570618264322176, 0.01871809415768576, 0.02041973908111174, 0.004821327283040272, 0.0045377197958026095, 0.0017016449234259785, 0.0014180374361883153, 0.0, 0.0, 0.0], [0.0, 0.0, 0.0, 0.0, 0.0, 0.03333333333333333, 0.0, 0.06666666666666667, 0.06666666666666667, 0.06666666666666667, 0.06666666666666667, 0.13333333333333333, 0.0, 0.1, 0.0, 0.0, 0.1, 0.03333333333333333, 0.1, 0.13333333333333333, 0.03333333333333333, 0.03333333333333333, 0.0, 0.03333333333333333, 0.0, 0.0, 0.0, 0.0, 0.0], [0.0, 0.0, 0.0, 0.0, 0.0, 0.0, 0.0009319664492078285, 0.003727865796831314, 0.004426840633737186, 0.018406337371854615, 0.026328052190121156, 0.038909599254426844, 0.07059645852749301, 0.09203168685927307, 0.12185461323392358, 0.12208760484622554, 0.14934762348555453, 0.09575955265610438, 0.10531220876048462, 0.04916123019571295, 0.028657968313140728, 0.03960857409133271, 0.01537744641192917, 0.005358807082945014, 0.008387698042870456, 0.003494874184529357, 0.00023299161230195712, 0.0, 0.0], [0.0, 0.0, 0.0, 0.0013577732518669382, 0.0013577732518669382, 0.0027155465037338763, 0.005431093007467753, 0.010862186014935505, 0.025118805159538356, 0.0373387644263408, 0.06109979633401222, 0.08010862186014936, 0.11269517990495587, 0.131704005431093, 0.13238289205702647, 0.10522742701968771, 0.09504412763068568, 0.06313645621181263, 0.04752206381534284, 0.02376103190767142, 0.012898845892735914, 0.01697216564833673, 0.01493550577053632, 0.00746775288526816, 0.008825526137135099, 0.0013577732518669382, 0.0006788866259334691, 0.0, 0.0], [0.0, 0.0, 0.011904761904761904, 0.011904761904761904, 0.011904761904761904, 0.0, 0.03571428571428571, 0.11904761904761904, 0.15476190476190477, 0.13095238095238096, 0.09523809523809523, 0.13095238095238096, 0.10714285714285714, 0.05952380952380952, 0.047619047619047616, 0.023809523809523808, 0.011904761904761904, 0.03571428571428571, 0.011904761904761904, 0.0, 0.0, 0.0, 0.0, 0.0, 0.0, 0.0, 0.0, 0.0, 0.0], [0.0004829751267809708, 0.0002414875633904854, 0.001207437816952427, 0.0007244626901714562, 0.0016904129437333977, 0.003622313450857281, 0.0070031393383240765, 0.014247766240038639, 0.028737020043467763, 0.06085486597440232, 0.07655155759478387, 0.09707800048297513, 0.12195121951219512, 0.1272639459067858, 0.12074378169524269, 0.08596957256701279, 0.07461965708765998, 0.04757304998792562, 0.04757304998792562, 0.029219995170248734, 0.019077517507848345, 0.019077517507848345, 0.009659502535619416, 0.0026563631972953395, 0.0014489253803429123, 0.0004829751267809708, 0.0002414875633904854, 0.0, 0.0], [0.0, 0.0, 0.0, 0.0, 0.0, 0.0005757052389176742, 0.0057570523891767415, 0.0051813471502590676, 0.016119746689694875, 0.025331030512377662, 0.037996545768566495, 0.055267702936096716, 0.07944732297063903, 0.1180195739781232, 0.12607944732297063, 0.13241220495106507, 0.15428900402993667, 0.08290155440414508, 0.0800230282095567, 0.031088082901554404, 0.013241220495106506, 0.02072538860103627, 0.007484168105929764, 0.0051813471502590676, 0.0028785261945883708, 0.0, 0.0, 0.0, 0.0], [0.00036845983787767134, 0.0, 0.0007369196757553427, 0.001105379513633014, 0.0014738393515106854, 0.003316138540899042, 0.007000736919675755, 0.010685335298452468, 0.02247605011053795, 0.04421518054532056, 0.08621960206337509, 0.08585114222549742, 0.11938098747236552, 0.12638172439204126, 0.1337509211495947, 0.10058953574060428, 0.09174649963154016, 0.04937361827560796, 0.05232129697862933, 0.02468680913780398, 0.012527634487840826, 0.009948415622697125, 0.009211495946941784, 0.003316138540899042, 0.002579218865143699, 0.0007369196757553427, 0.0, 0.0, 0.0], [0.0, 0.0, 0.0, 0.0, 0.0, 0.0012919896640826874, 0.003229974160206718, 0.006782945736434108, 0.013565891472868217, 0.021963824289405683, 0.0355297157622739, 0.05555555555555555, 0.07848837209302326, 0.0939922480620155, 0.1398578811369509, 0.1282299741602067, 0.1547157622739018, 0.0791343669250646, 0.09883720930232558, 0.03520671834625323, 0.014534883720930232, 0.02260981912144703, 0.00904392764857881, 0.0035529715762273903, 0.003875968992248062, 0.0, 0.0, 0.0, 0.0], [0.0, 0.0, 0.0, 0.0006779661016949153, 0.00033898305084745765, 0.001694915254237288, 0.003728813559322034, 0.005423728813559322, 0.01966101694915254, 0.04101694915254237, 0.0640677966101695, 0.08305084745762711, 0.10305084745762712, 0.13016949152542373, 0.14711864406779662, 0.11050847457627119, 0.10847457627118644, 0.0576271186440678, 0.06474576271186441, 0.023389830508474575, 0.01288135593220339, 0.010508474576271187, 0.006440677966101695, 0.002711864406779661, 0.001016949152542373, 0.001694915254237288, 0.0, 0.0, 0.0], [0.0, 0.0, 0.0, 0.0, 0.0, 0.0, 0.0, 0.0020387359836901123, 0.0025484199796126403, 0.0050968399592252805, 0.022426095820591234, 0.03109072375127421, 0.06218144750254842, 0.08307849133537207, 0.11824668705402651, 0.12640163098878696, 0.18093781855249746, 0.10601427115188583, 0.11518858307849134, 0.05708460754332314, 0.03363914373088685, 0.03058103975535168, 0.012232415902140673, 0.0050968399592252805, 0.0045871559633027525, 0.0015290519877675841, 0.0, 0.0, 0.0], [0.0, 0.0, 0.0, 0.002, 0.002, 0.0, 0.0, 0.01, 0.018, 0.036, 0.064, 0.094, 0.116, 0.124, 0.096, 0.096, 0.102, 0.07, 0.066, 0.036, 0.022, 0.014, 0.01, 0.008, 0.014, 0.0, 0.0, 0.0, 0.0], [0.00042087542087542086, 0.0, 0.00042087542087542086, 0.0, 0.00042087542087542086, 0.0008417508417508417, 0.0016835016835016834, 0.007154882154882155, 0.010521885521885523, 0.020202020202020204, 0.036616161616161616, 0.04924242424242424, 0.09006734006734007, 0.10858585858585859, 0.1473063973063973, 0.13005050505050506, 0.13425925925925927, 0.08501683501683502, 0.08249158249158249, 0.03787878787878788, 0.0180976430976431, 0.021885521885521887, 0.006313131313131313, 0.004208754208754209, 0.005050505050505051, 0.0012626262626262627, 0.0, 0.0, 0.0], [0.0, 0.0, 0.0, 0.0, 0.001040582726326743, 0.001040582726326743, 0.0036420395421436005, 0.008844953173777315, 0.01664932362122789, 0.030697190426638918, 0.06607700312174818, 0.07752341311134235, 0.1113423517169615, 0.13527575442247658, 0.13631633714880334, 0.10509885535900104, 0.12122788761706556, 0.062434963579604576, 0.07180020811654526, 0.019771071800208116, 0.010926118626430802, 0.011446409989594173, 0.0036420395421436005, 0.0026014568158168575, 0.002081165452653486, 0.0005202913631633715, 0.0, 0.0, 0.0], [0.0, 0.0, 0.0, 0.0, 0.0, 0.0, 0.0, 0.0, 0.047619047619047616, 0.14285714285714285, 0.047619047619047616, 0.19047619047619047, 0.09523809523809523, 0.047619047619047616, 0.14285714285714285, 0.09523809523809523, 0.047619047619047616, 0.0, 0.047619047619047616, 0.047619047619047616, 0.047619047619047616, 0.0, 0.0, 0.0, 0.0, 0.0, 0.0, 0.0, 0.0], [0.00021181952976064393, 0.00021181952976064393, 0.0, 0.0, 0.00021181952976064393, 0.0, 0.0008472781190425757, 0.0019063757678457953, 0.006142766363058674, 0.01186189366659606, 0.026265621690319846, 0.03812751535691591, 0.06672315187460284, 0.09108239779707689, 0.11395890701122643, 0.12497352255877991, 0.14573183647532303, 0.09701334463037492, 0.10485066723151874, 0.06333403939843253, 0.034314763821224316, 0.04575301842829909, 0.015462825672527008, 0.0069900444821012495, 0.004024571065452235, 0.0, 0.0, 0.0, 0.0], [0.0, 0.0, 0.0, 0.0011869436201780415, 0.0, 0.0, 0.002967359050445104, 0.002373887240356083, 0.004747774480712166, 0.009495548961424332, 0.026706231454005934, 0.03679525222551929, 0.06943620178041543, 0.09080118694362017, 0.12937685459940654, 0.1311572700296736, 0.1519287833827893, 0.0973293768545994, 0.10504451038575667, 0.04451038575667656, 0.028486646884272996, 0.030267062314540058, 0.01661721068249258, 0.007121661721068249, 0.011869436201780416, 0.0017804154302670622, 0.0, 0.0, 0.0], [0.00038804811796662784, 0.0, 0.00038804811796662784, 0.0007760962359332557, 0.002716336825766395, 0.0038804811796662787, 0.004268529297632906, 0.012029491656965464, 0.019014357780364765, 0.033372138145129994, 0.07217694994179279, 0.09313154831199069, 0.11486224291812185, 0.14512999611951882, 0.13310050446255337, 0.10748932867675592, 0.10710128055878929, 0.047729918509895226, 0.051222351571594875, 0.02211874272409779, 0.013969732246798603, 0.00892510671323244, 0.005820721769499418, 0.0, 0.00038804811796662784, 0.0, 0.0, 0.0, 0.0], [0.0, 0.0, 0.0, 0.0, 0.0, 0.0034965034965034965, 0.0, 0.0034965034965034965, 0.013986013986013986, 0.006993006993006993, 0.013986013986013986, 0.038461538461538464, 0.0944055944055944, 0.15734265734265734, 0.16783216783216784, 0.1258741258741259, 0.1993006993006993, 0.09090909090909091, 0.045454545454545456, 0.03496503496503497, 0.0034965034965034965, 0.0, 0.0, 0.0, 0.0, 0.0, 0.0, 0.0, 0.0], [0.0, 0.0, 0.0001577287066246057, 0.0001577287066246057, 0.0001577287066246057, 0.0001577287066246057, 0.00047318611987381704, 0.0017350157728706626, 0.005047318611987382, 0.013249211356466877, 0.02145110410094637, 0.038643533123028394, 0.06703470031545741, 0.08659305993690852, 0.1358044164037855, 0.1299684542586751, 0.1556782334384858, 0.08990536277602523, 0.12902208201892745, 0.05141955835962145, 0.02145110410094637, 0.02965299684542587, 0.011356466876971609, 0.003470031545741325, 0.0056782334384858045, 0.0015772870662460567, 0.0001577287066246057, 0.0, 0.0], [0.00012035142616440005, 0.00012035142616440005, 0.0002407028523288001, 0.00012035142616440005, 0.00036105427849320016, 0.0009628114093152004, 0.0007221085569864003, 0.002286677097123601, 0.0028884342279456013, 0.011313034059453605, 0.02130220243109881, 0.04561319051630762, 0.08063545553014803, 0.12155494042604405, 0.15368877121193886, 0.15344806835961006, 0.15645685401372006, 0.08749548682151884, 0.08893970393549164, 0.03706823925863521, 0.018052713924660006, 0.010350222650138404, 0.0043326513419184014, 0.0013238656878084005, 0.0006017571308220002, 0.0, 0.0, 0.0, 0.0], [0.0, 0.0, 0.000423728813559322, 0.0, 0.0, 0.001271186440677966, 0.001694915254237288, 0.004661016949152543, 0.011440677966101695, 0.01864406779661017, 0.03855932203389831, 0.06059322033898305, 0.09957627118644068, 0.10762711864406779, 0.1292372881355932, 0.11694915254237288, 0.12415254237288136, 0.08389830508474576, 0.08983050847457627, 0.048305084745762714, 0.022033898305084745, 0.021610169491525423, 0.013559322033898305, 0.004661016949152543, 0.001271186440677966, 0.0, 0.0, 0.0, 0.0], [0.0, 0.00028935185185185184, 0.0, 0.0, 0.0005787037037037037, 0.0, 0.0011574074074074073, 0.0008680555555555555, 0.003472222222222222, 0.007523148148148148, 0.019097222222222224, 0.028356481481481483, 0.05237268518518518, 0.08246527777777778, 0.11082175925925926, 0.1267361111111111, 0.1568287037037037, 0.08304398148148148, 0.14612268518518517, 0.06163194444444445, 0.032407407407407406, 0.039641203703703706, 0.022569444444444444, 0.01099537037037037, 0.007523148148148148, 0.004340277777777778, 0.0011574074074074073, 0.0, 0.0], [0.0, 0.0010131712259371835, 0.0, 0.00303951367781155, 0.0010131712259371835, 0.004052684903748734, 0.005065856129685917, 0.017223910840932118, 0.03951367781155015, 0.05167173252279635, 0.07092198581560284, 0.09827760891590678, 0.0972644376899696, 0.12968591691995948, 0.12259371833839919, 0.10131712259371833, 0.08409321175278622, 0.05673758865248227, 0.06382978723404255, 0.02127659574468085, 0.0121580547112462, 0.016210739614994935, 0.0010131712259371835, 0.0, 0.002026342451874367, 0.0, 0.0, 0.0, 0.0], [0.0, 0.0, 0.0, 0.0, 0.0, 0.00390625, 0.0078125, 0.0390625, 0.05078125, 0.0625, 0.125, 0.08984375, 0.06640625, 0.13671875, 0.12109375, 0.09375, 0.08203125, 0.04296875, 0.0546875, 0.015625, 0.0, 0.00390625, 0.0, 0.0, 0.00390625, 0.0, 0.0, 0.0, 0.0], [0.00030413625304136254, 0.0, 0.0, 0.0, 0.0012165450121654502, 0.0024330900243309003, 0.004866180048661801, 0.010644768856447688, 0.016119221411192215, 0.03102189781021898, 0.049574209245742094, 0.076338199513382, 0.10249391727493917, 0.1274330900243309, 0.14537712895377128, 0.12043795620437957, 0.10827250608272507, 0.05656934306569343, 0.07329683698296836, 0.024939172749391728, 0.014598540145985401, 0.022201946472019465, 0.005170316301703163, 0.0030413625304136255, 0.0024330900243309003, 0.0009124087591240876, 0.00030413625304136254, 0.0, 0.0], [0.0, 0.0, 0.0, 0.0, 0.0, 0.0005737234652897303, 0.002868617326448652, 0.004016064257028112, 0.0051635111876075735, 0.01663798049340218, 0.02868617326448652, 0.04360298336201951, 0.06769936890418818, 0.08605851979345955, 0.11646586345381527, 0.11933448078026392, 0.1474469305794607, 0.07917383820998279, 0.11015490533562823, 0.04417670682730924, 0.0378657487091222, 0.03557085484796328, 0.024096385542168676, 0.011474469305794608, 0.01549053356282272, 0.0034423407917383822, 0.0, 0.0, 0.0], [0.0, 0.0, 0.0, 0.0, 0.0, 0.0, 0.001271186440677966, 0.001694915254237288, 0.005932203389830509, 0.014830508474576272, 0.02288135593220339, 0.03855932203389831, 0.06694915254237288, 0.12076271186440678, 0.13686440677966102, 0.13389830508474576, 0.13898305084745763, 0.08135593220338982, 0.10889830508474577, 0.0461864406779661, 0.03135593220338983, 0.02923728813559322, 0.011016949152542373, 0.00423728813559322, 0.002542372881355932, 0.002542372881355932, 0.0, 0.0, 0.0], [0.000474158368895211, 0.0, 0.0002370791844476055, 0.0007112375533428165, 0.0002370791844476055, 0.003319108582266477, 0.002844950213371266, 0.004978662873399715, 0.009009009009009009, 0.021337126600284494, 0.04836415362731152, 0.06116642958748222, 0.0990990990990991, 0.12399241346609767, 0.12825983878615457, 0.12802275960170698, 0.12541488857278332, 0.08250355618776671, 0.07420578473210052, 0.0343764817449028, 0.022285443338074917, 0.01683262209577999, 0.009009009009009009, 0.002370791844476055, 0.000948316737790422, 0.0, 0.0, 0.0, 0.0], [0.0, 0.0, 0.0, 0.0, 0.0007087172218284905, 0.0, 0.0, 0.001417434443656981, 0.004961020552799433, 0.014174344436569808, 0.039688164422395464, 0.050318922749822824, 0.09071580439404678, 0.11197732104890148, 0.1268603827072998, 0.1573352232459249, 0.1254429482636428, 0.08221119773210489, 0.0744153082919915, 0.0446491849751949, 0.03118355776045358, 0.023387668320340185, 0.011339475549255847, 0.002834868887313962, 0.005669737774627924, 0.0007087172218284905, 0.0, 0.0, 0.0], [0.0, 0.0, 0.0, 0.0, 0.0, 0.0009144947416552355, 0.0009144947416552355, 0.001828989483310471, 0.004572473708276178, 0.004572473708276178, 0.010516689529035207, 0.023319615912208505, 0.038866026520347506, 0.05944215820759031, 0.09236396890717878, 0.1083676268861454, 0.15134887974394148, 0.10013717421124829, 0.14220393232738912, 0.0850480109739369, 0.04343850022862369, 0.06904435299497028, 0.03155006858710562, 0.012345679012345678, 0.015089163237311385, 0.003657978966620942, 0.0004572473708276177, 0.0, 0.0], [0.0, 0.0, 0.0, 0.0, 0.00023860653781913624, 0.0, 0.0004772130756382725, 0.0026246719160104987, 0.0040563111429253165, 0.010498687664041995, 0.0217131949415414, 0.044858029109997616, 0.07802433786685756, 0.1152469577666428, 0.13982343116201384, 0.12359818659031258, 0.1283703173466953, 0.08565974707706991, 0.11047482701026008, 0.048437127177284656, 0.02910999761393462, 0.031496062992125984, 0.015986638033882127, 0.0033404915294679076, 0.0054879503698401335, 0.0004772130756382725, 0.0, 0.0, 0.0], [0.0, 0.0, 0.0001794043774668102, 0.0, 0.0, 0.0001794043774668102, 0.0005382131324004305, 0.0023322569070685323, 0.004485109436670255, 0.014531754574811625, 0.02924291352709006, 0.05346250448510944, 0.09472551130247578, 0.12952996053103696, 0.1533907427341227, 0.14334409759598135, 0.13132400430570507, 0.06799425905992106, 0.08934337997847147, 0.0335486185862935, 0.01794043774668102, 0.020093290276282743, 0.0062791532113383565, 0.003588087549336204, 0.002152852529601722, 0.001794043774668102, 0.0, 0.0, 0.0], [0.0, 0.0, 0.0, 0.0, 0.0, 0.00041919932928107315, 0.0010479983232026828, 0.0016767973171242926, 0.005868790609935024, 0.010479983232026828, 0.01907356948228883, 0.041500733598826244, 0.07189268497170405, 0.11297421924124922, 0.14022217564451897, 0.15552295116327813, 0.1674701320477887, 0.0796478725634039, 0.10836302661915741, 0.033955145671766926, 0.019492768811569902, 0.019702368476210437, 0.005868790609935024, 0.001467197652483756, 0.003353594634248585, 0.0, 0.0, 0.0, 0.0], [0.0, 0.015151515151515152, 0.0, 0.0, 0.0, 0.045454545454545456, 0.06060606060606061, 0.07575757575757576, 0.12121212121212122, 0.09090909090909091, 0.07575757575757576, 0.030303030303030304, 0.07575757575757576, 0.045454545454545456, 0.09090909090909091, 0.07575757575757576, 0.030303030303030304, 0.07575757575757576, 0.07575757575757576, 0.0, 0.015151515151515152, 0.0, 0.0, 0.0, 0.0, 0.0, 0.0, 0.0, 0.0]]}, "ranks": {"labels": ["Unranked", "Combatatent I", "Combatatent II", "Challenger I", "Challenger II", "Rival I", "Rival II", "Duelist", "Elite"], "data": [[0.26582278481012656, 0.20253164556962025, 0.21518987341772153, 0.17721518987341772, 0.0759493670886076, 0.06329113924050633, 0.0, 0.0, 0.0], [0.0815677966101695, 0.1260593220338983, 0.23622881355932204, 0.2595338983050847, 0.15889830508474576, 0.08792372881355932, 0.022245762711864406, 0.026483050847457626, 0.001059322033898305], [0.0406015037593985, 0.08020050125313283, 0.20601503759398496, 0.26265664160401003, 0.21804511278195488, 0.12581453634085213, 0.03558897243107769, 0.029072681704260653, 0.0020050125313283208], [0.05048213272830403, 0.08479863868406126, 0.18094157685762904, 0.2487237663074305, 0.2535450935904708, 0.11457742484401588, 0.03403289846851957, 0.029778786159954624, 0.003119682359614294], [0.23333333333333334, 0.2, 0.1, 0.0, 0.13333333333333333, 0.16666666666666666, 0.1, 0.06666666666666667, 0.0], [0.02749301025163094, 0.06523765144454799, 0.16262814538676607, 0.24394221808014913, 0.2451071761416589, 0.13443616029822927, 0.04869524697110904, 0.0603448275862069, 0.012115563839701771], [0.08418194161575017, 0.14120841819416158, 0.24439918533604887, 0.23761031907671418, 0.1581805838424983, 0.05974202308214528, 0.024439918533604887, 0.03937542430414121, 0.010862186014935505], [0.47619047619047616, 0.2261904761904762, 0.16666666666666666, 0.07142857142857142, 0.047619047619047616, 0.011904761904761904, 0.0, 0.0, 0.0], [0.1188118811881188, 0.17362955807775898, 0.24921516541898092, 0.20671335426225548, 0.1221927070755856, 0.06085486597440232, 0.035015696691620385, 0.0313933832407631, 0.0021733880705143687], [0.05296488198042602, 0.09326424870466321, 0.19746689694876224, 0.2584916522740357, 0.23719055843408174, 0.1001727115716753, 0.024179620034542316, 0.0333909038572251, 0.0028785261945883708], [0.09137803979366249, 0.1720707442888725, 0.2457627118644068, 0.23434045689019897, 0.14112011790714812, 0.06484893146647015, 0.02468680913780398, 0.02247605011053795, 0.003316138540899042], [0.04683462532299742, 0.09108527131782945, 0.17248062015503876, 0.2680878552971576, 0.23385012919896642, 0.11886304909560723, 0.029715762273901807, 0.03520671834625323, 0.003875968992248062], [0.07254237288135593, 0.14711864406779662, 0.23322033898305083, 0.2576271186440678, 0.16610169491525423, 0.07627118644067797, 0.024745762711864405, 0.01966101694915254, 0.002711864406779661], [0.009683995922528032, 0.053516819571865444, 0.1452599388379205, 0.24464831804281345, 0.2869520897043833, 0.15494393476044852, 0.0509683995922528, 0.047910295616717634, 0.0061162079510703364], [0.068, 0.158, 0.24, 0.192, 0.172, 0.084, 0.04, 0.032, 0.014], [0.041666666666666664, 0.08585858585858586, 0.19865319865319866, 0.27735690235690236, 0.21927609427609426, 0.10395622895622895, 0.034511784511784514, 0.032407407407407406, 0.006313131313131313], [0.06191467221644121, 0.14360041623309053, 0.24661810613943808, 0.24141519250780438, 0.18366285119667014, 0.0837669094693028, 0.018730489073881373, 0.01768990634755463, 0.0026014568158168575], [0.19047619047619047, 0.23809523809523808, 0.14285714285714285, 0.23809523809523808, 0.047619047619047616, 0.09523809523809523, 0.047619047619047616, 0.0, 0.0], [0.021393772505825037, 0.06439313704723576, 0.15780554967167973, 0.23893242957000635, 0.24274518110569795, 0.14064816776106756, 0.06185130269010803, 0.06820588858292735, 0.004024571065452235], [0.020771513353115726, 0.06350148367952523, 0.16023738872403562, 0.2605341246290801, 0.24925816023738873, 0.13234421364985163, 0.0456973293768546, 0.05400593471810089, 0.013649851632047478], [0.07683352735739232, 0.16530849825378346, 0.2599922390376407, 0.24058983313930926, 0.1548311990686845, 0.0640279394644936, 0.023282887077997673, 0.014745828482731859, 0.00038804811796662784], [0.027972027972027972, 0.05244755244755245, 0.2517482517482518, 0.2937062937062937, 0.2902097902097902, 0.07342657342657342, 0.01048951048951049, 0.0, 0.0], [0.02113564668769716, 0.06009463722397476, 0.15362776025236594, 0.2657728706624606, 0.24558359621451104, 0.15741324921135647, 0.044479495268138804, 0.044479495268138804, 0.007413249211356467], [0.019135876760139607, 0.06691539294740642, 0.2021903959561921, 0.3071368395715489, 0.2439523408352389, 0.10976050066193284, 0.03430015645685401, 0.016006739679865205, 0.0006017571308220002], [0.038135593220338986, 0.09915254237288136, 0.20720338983050848, 0.2461864406779661, 0.2080508474576271, 0.11779661016949153, 0.0423728813559322, 0.03983050847457627, 0.001271186440677966], [0.013888888888888888, 0.047453703703703706, 0.13483796296296297, 0.23755787037037038, 0.23987268518518517, 0.17824074074074073, 0.061921296296296294, 0.07320601851851852, 0.013020833333333334], [0.12259371833839919, 0.1691995947315096, 0.22695035460992907, 0.22391084093211752, 0.1408308004052685, 0.07396149949341439, 0.02330293819655522, 0.017223910840932118, 0.002026342451874367], [0.1640625, 0.21484375, 0.203125, 0.21484375, 0.125, 0.06640625, 0.00390625, 0.00390625, 0.00390625], [0.0666058394160584, 0.1259124087591241, 0.22992700729927007, 0.26581508515815083, 0.16484184914841848, 0.08759124087591241, 0.02524330900243309, 0.030413625304136254, 0.0036496350364963502], [0.029259896729776247, 0.07228915662650602, 0.15375788869764773, 0.23580034423407917, 0.22662076878944348, 0.13367756741250716, 0.058519793459552494, 0.07114170969592656, 0.0189328743545611], [0.023728813559322035, 0.0614406779661017, 0.18771186440677967, 0.27076271186440676, 0.22033898305084745, 0.13983050847457626, 0.046610169491525424, 0.04449152542372881, 0.005084745762711864], [0.0431484115694642, 0.10953058321479374, 0.22309151256519677, 0.25628259838786155, 0.20791844476055002, 0.09364627785680417, 0.037221431958274064, 0.028212422949265053, 0.000948316737790422], [0.021261516654854713, 0.09000708717221828, 0.20269312544294826, 0.2841956059532247, 0.2076541459957477, 0.09992912827781715, 0.050318922749822824, 0.03756201275690999, 0.0063784549964564135], [0.012802926383173296, 0.03383630544124371, 0.09830818472793781, 0.2007315957933242, 0.25148605395518975, 0.19112940100594422, 0.07956104252400549, 0.11294010059442158, 0.019204389574759947], [0.01789549033643522, 0.06657122405153901, 0.19327129563350035, 0.2634216177523264, 0.2140300644237652, 0.13910761154855644, 0.04891434025292293, 0.05082319255547602, 0.005965163445478406], [0.022246142805884463, 0.0827054180121995, 0.22425547183351274, 0.29673484033010405, 0.1993182633656261, 0.10853964836742017, 0.03229278794402583, 0.0299605310369573, 0.003946896304269824], [0.019492768811569902, 0.06057430308111507, 0.18486690421295326, 0.29574512680779713, 0.24711800461119263, 0.1272269964368057, 0.03458394466568854, 0.02703835673862922, 0.003353594634248585], [0.4090909090909091, 0.10606060606060606, 0.12121212121212122, 0.16666666666666666, 0.10606060606060606, 0.07575757575757576, 0.015151515151515152, 0.0, 0.0]]}, "ranksDetailed": {"labels": ["Unranked", "Combatatant", "Challenger", "Rival", "Duelist", "Elite"], "data": [[0.26582278481012656, 0.4177215189873418, 0.25316455696202533, 0.06329113924050633, 0.0, 0.0], [0.0815677966101695, 0.3622881355932203, 0.4184322033898305, 0.11016949152542373, 0.026483050847457626, 0.001059322033898305], [0.0406015037593985, 0.2862155388471178, 0.4807017543859649, 0.16140350877192983, 0.029072681704260653, 0.0020050125313283208], [0.05048213272830403, 0.2657402155416903, 0.5022688598979013, 0.14861032331253546, 0.029778786159954624, 0.003119682359614294], [0.23333333333333334, 0.3, 0.13333333333333333, 0.26666666666666666, 0.06666666666666667, 0.0], [0.02749301025163094, 0.22786579683131408, 0.48904939422180804, 0.1831314072693383, 0.0603448275862069, 0.012115563839701771], [0.08418194161575017, 0.38560760353021045, 0.3957909029192125, 0.08418194161575017, 0.03937542430414121, 0.010862186014935505], [0.47619047619047616, 0.39285714285714285, 0.11904761904761904, 0.011904761904761904, 0.0, 0.0], [0.1188118811881188, 0.4228447234967399, 0.3289060613378411, 0.0958705626660227, 0.0313933832407631, 0.0021733880705143687], [0.05296488198042602, 0.29073114565342545, 0.49568221070811747, 0.12435233160621761, 0.0333909038572251, 0.0028785261945883708], [0.09137803979366249, 0.41783345615327927, 0.37546057479734707, 0.08953574060427413, 0.02247605011053795, 0.003316138540899042], [0.04683462532299742, 0.26356589147286824, 0.501937984496124, 0.14857881136950904, 0.03520671834625323, 0.003875968992248062], [0.07254237288135593, 0.38033898305084746, 0.423728813559322, 0.10101694915254238, 0.01966101694915254, 0.002711864406779661], [0.009683995922528032, 0.19877675840978593, 0.5316004077471967, 0.20591233435270132, 0.047910295616717634, 0.0061162079510703364], [0.068, 0.398, 0.364, 0.124, 0.032, 0.014], [0.041666666666666664, 0.2845117845117845, 0.49663299663299665, 0.13846801346801346, 0.032407407407407406, 0.006313131313131313], [0.06191467221644121, 0.39021852237252863, 0.4250780437044745, 0.10249739854318418, 0.01768990634755463, 0.0026014568158168575], [0.19047619047619047, 0.38095238095238093, 0.2857142857142857, 0.14285714285714285, 0.0, 0.0], [0.021393772505825037, 0.2221986867189155, 0.4816776106757043, 0.2024994704511756, 0.06820588858292735, 0.004024571065452235], [0.020771513353115726, 0.22373887240356083, 0.5097922848664689, 0.17804154302670624, 0.05400593471810089, 0.013649851632047478], [0.07683352735739232, 0.42530073729142415, 0.3954210322079938, 0.08731082654249127, 0.014745828482731859, 0.00038804811796662784], [0.027972027972027972, 0.3041958041958042, 0.583916083916084, 0.08391608391608392, 0.0, 0.0], [0.02113564668769716, 0.2137223974763407, 0.5113564668769716, 0.20189274447949526, 0.044479495268138804, 0.007413249211356467], [0.019135876760139607, 0.2691057889035985, 0.5510891804067878, 0.14406065711878685, 0.016006739679865205, 0.0006017571308220002], [0.038135593220338986, 0.30635593220338986, 0.4542372881355932, 0.16016949152542373, 0.03983050847457627, 0.001271186440677966], [0.013888888888888888, 0.18229166666666666, 0.4774305555555556, 0.24016203703703703, 0.07320601851851852, 0.013020833333333334], [0.12259371833839919, 0.3961499493414387, 0.364741641337386, 0.0972644376899696, 0.017223910840932118, 0.002026342451874367], [0.1640625, 0.41796875, 0.33984375, 0.0703125, 0.00390625, 0.00390625], [0.0666058394160584, 0.35583941605839414, 0.4306569343065693, 0.1128345498783455, 0.030413625304136254, 0.0036496350364963502], [0.029259896729776247, 0.22604704532415376, 0.4624211130235227, 0.19219736087205966, 0.07114170969592656, 0.0189328743545611], [0.023728813559322035, 0.24915254237288137, 0.49110169491525424, 0.1864406779661017, 0.04449152542372881, 0.005084745762711864], [0.0431484115694642, 0.3326220957799905, 0.4642010431484116, 0.13086770981507823, 0.028212422949265053, 0.000948316737790422], [0.021261516654854713, 0.29270021261516654, 0.49184975194897235, 0.15024805102763997, 0.03756201275690999, 0.0063784549964564135], [0.012802926383173296, 0.13214449016918153, 0.452217649748514, 0.2706904435299497, 0.11294010059442158, 0.019204389574759947], [0.01789549033643522, 0.25984251968503935, 0.47745168217609163, 0.18802195180147935, 0.05082319255547602, 0.005965163445478406], [0.022246142805884463, 0.30696088984571224, 0.4960531036957302, 0.140832436311446, 0.0299605310369573, 0.003946896304269824], [0.019492768811569902, 0.24544120729406832, 0.5428631314189897, 0.16181094110249425, 0.02703835673862922, 0.003353594634248585], [0.4090909090909091, 0.22727272727272727, 0.2727272727272727, 0.09090909090909091, 0.0, 0.0]]}}}, "eu": {"histType": {"histogram": {"labels": ["0", "100", "200", "300", "400", "500", "600", "700", "800", "900", "1000", "1100", "1200", "1300", "1400", "1500", "1600", "1700", "1800", "1900", "2000", "2100", "2200", "2300", "2400", "2500", "2600", "2700", "2800"], "data": [[0.0, 0.0, 0.0, 0.0, 0.0, 0.03225806451612903, 0.04838709677419355, 0.06451612903225806, 0.06451612903225806, 0.0967741935483871, 0.04838709677419355, 0.1774193548387097, 0.0967741935483871, 0.0967741935483871, 0.08064516129032258, 0.06451612903225806, 0.06451612903225806, 0.016129032258064516, 0.016129032258064516, 0.016129032258064516, 0.016129032258064516, 0.0, 0.0, 0.0, 0.0, 0.0, 0.0, 0.0, 0.0], [0.0011061946902654867, 0.0, 0.0, 0.0011061946902654867, 0.0011061946902654867, 0.0011061946902654867, 0.007743362831858407, 0.008849557522123894, 0.02654867256637168, 0.034292035398230086, 0.06747787610619468, 0.09292035398230089, 0.1161504424778761, 0.13274336283185842, 0.1404867256637168, 0.11393805309734513, 0.09845132743362832, 0.04314159292035398, 0.05752212389380531, 0.02101769911504425, 0.014380530973451327, 0.017699115044247787, 0.0022123893805309734, 0.0, 0.0, 0.0, 0.0, 0.0, 0.0], [0.0, 0.0005659309564233164, 0.0, 0.0, 0.0022637238256932655, 0.0005659309564233164, 0.0011318619128466328, 0.008488964346349746, 0.015280135823429542, 0.022637238256932653, 0.04810413129598189, 0.054895302773061684, 0.08715336728919072, 0.10865874363327674, 0.13978494623655913, 0.13355970571590267, 0.1420486700622524, 0.07979626485568761, 0.08545557441992077, 0.027164685908319185, 0.015280135823429542, 0.019807583474816072, 0.003961516694963215, 0.0028296547821165816, 0.0005659309564233164, 0.0, 0.0, 0.0, 0.0], [0.0, 0.0, 0.0, 0.0, 0.000250689395838556, 0.000250689395838556, 0.0030082727500626723, 0.007771371270995237, 0.01203309100025069, 0.017297568312860365, 0.040862371521684634, 0.05063925795938832, 0.07671095512659815, 0.1037854098771622, 0.1265981448984708, 0.13537227375282027, 0.1441464026071697, 0.09902231135622963, 0.09375783404361995, 0.0393582351466533, 0.01830032589621459, 0.01779894710453748, 0.005264477312609677, 0.0037603409375783405, 0.002256204562547004, 0.001002757583354224, 0.0007520681875156681, 0.0, 0.0], [0.0, 0.0, 0.0, 0.0, 0.0, 0.030303030303030304, 0.06060606060606061, 0.12121212121212122, 0.06060606060606061, 0.06060606060606061, 0.12121212121212122, 0.12121212121212122, 0.030303030303030304, 0.06060606060606061, 0.06060606060606061, 0.06060606060606061, 0.06060606060606061, 0.06060606060606061, 0.0, 0.06060606060606061, 0.0, 0.0, 0.030303030303030304, 0.0, 0.0, 0.0, 0.0, 0.0, 0.0], [0.0, 0.00022650056625141563, 0.00022650056625141563, 0.0, 0.00045300113250283127, 0.00045300113250283127, 0.0006795016987542468, 0.0040770101925254815, 0.005889014722536806, 0.011778029445073612, 0.022423556058890147, 0.03850509626274066, 0.06681766704416761, 0.09603624009060023, 0.12185730464326161, 0.11211778029445074, 0.13091732729331823, 0.09241223103057758, 0.1143827859569649, 0.057304643261608154, 0.03850509626274066, 0.04144960362400906, 0.020838052095130236, 0.00883352208380521, 0.00883352208380521, 0.0031710079275198188, 0.0015855039637599094, 0.00022650056625141563, 0.0], [0.0, 0.0, 0.0012121212121212121, 0.0006060606060606061, 0.0012121212121212121, 0.004242424242424243, 0.0048484848484848485, 0.011515151515151515, 0.038181818181818185, 0.03696969696969697, 0.06545454545454546, 0.08181818181818182, 0.10181818181818182, 0.12242424242424242, 0.10848484848484849, 0.09515151515151515, 0.09515151515151515, 0.06, 0.05757575757575758, 0.02666666666666667, 0.020606060606060607, 0.03090909090909091, 0.013939393939393939, 0.006060606060606061, 0.006666666666666667, 0.0048484848484848485, 0.0036363636363636364, 0.0, 0.0], [0.0, 0.0, 0.0, 0.0, 0.0196078431372549, 0.0196078431372549, 0.0, 0.1568627450980392, 0.0784313725490196, 0.058823529411764705, 0.1568627450980392, 0.11764705882352941, 0.0784313725490196, 0.09803921568627451, 0.0392156862745098, 0.11764705882352941, 0.058823529411764705, 0.0, 0.0, 0.0, 0.0, 0.0, 0.0, 0.0, 0.0, 0.0, 0.0, 0.0, 0.0], [0.00047192071731949034, 0.00023596035865974517, 0.0009438414346389807, 0.0009438414346389807, 0.0007078810759792355, 0.0018876828692779614, 0.008022652194431336, 0.016281264747522416, 0.03161868806040585, 0.053798961774421894, 0.08659745162812647, 0.09485606418121756, 0.12765455403492212, 0.11562057574327513, 0.10122699386503067, 0.09131665880132138, 0.07951864086833411, 0.05049551675318546, 0.04884379424256725, 0.028551203397829166, 0.02147239263803681, 0.020764511562057573, 0.008966493629070316, 0.005899008966493629, 0.002831524303916942, 0.00047192071731949034, 0.0, 0.0, 0.0], [0.0, 0.0, 0.0, 0.0, 0.0, 0.0014847809948032665, 0.0007423904974016332, 0.0066815144766146995, 0.012620638455827766, 0.024498886414253896, 0.047512991833704527, 0.05642167780252413, 0.07720861172976985, 0.11952487008166296, 0.14699331848552338, 0.11655530809205643, 0.14402375649591687, 0.06533036377134373, 0.09428359317000742, 0.025983667409057165, 0.022271714922048998, 0.019302152932442463, 0.010393466963622866, 0.005196733481811433, 0.002969561989606533, 0.0, 0.0, 0.0, 0.0], [0.00046125461254612545, 0.0, 0.0, 0.0, 0.0013837638376383763, 0.0027675276752767526, 0.0032287822878228783, 0.011992619926199263, 0.026752767527675275, 0.0507380073800738, 0.06688191881918819, 0.09547970479704797, 0.12407749077490775, 0.11669741697416974, 0.10977859778597786, 0.09317343173431734, 0.09086715867158672, 0.05627306273062731, 0.060424354243542436, 0.03044280442804428, 0.020756457564575646, 0.019833948339483393, 0.01014760147601476, 0.0027675276752767526, 0.004151291512915129, 0.0009225092250922509, 0.0, 0.0, 0.0], [0.0, 0.0, 0.0, 0.0006968641114982578, 0.0006968641114982578, 0.0006968641114982578, 0.0006968641114982578, 0.0062717770034843206, 0.015331010452961672, 0.026829268292682926, 0.03623693379790941, 0.05261324041811847, 0.0843205574912892, 0.09790940766550522, 0.11602787456445993, 0.12682926829268293, 0.13693379790940766, 0.09198606271777003, 0.10174216027874565, 0.04285714285714286, 0.024041811846689895, 0.02195121951219512, 0.008362369337979094, 0.0020905923344947735, 0.004529616724738676, 0.0003484320557491289, 0.0, 0.0, 0.0], [0.0, 0.0, 0.0, 0.0008729812309035355, 0.00043649061545176777, 0.0008729812309035355, 0.002182453077258839, 0.010912265386294195, 0.024443474465298997, 0.032736796158882586, 0.07158446093408992, 0.0798777826276735, 0.10824967263203841, 0.13443910955914448, 0.12701876909646442, 0.11217808817110432, 0.09908336970755129, 0.06198166739415103, 0.06285464862505456, 0.027935399388913137, 0.017023134002618942, 0.01178524661719773, 0.006110868616324749, 0.0026189436927106066, 0.001745962461807071, 0.0030554343081623746, 0.0, 0.0, 0.0], [0.0, 0.0, 0.0, 0.0, 0.0, 0.0, 0.0004714757190004715, 0.002828854314002829, 0.005186232909005186, 0.00942951438000943, 0.017916077322017915, 0.029231494578029232, 0.066006600660066, 0.0858085808580858, 0.12211221122112212, 0.13295615275813297, 0.1617161716171617, 0.1140971239981141, 0.10419613389910419, 0.055162659123055166, 0.03253182461103253, 0.033946251768033946, 0.014615747289014616, 0.005657708628005658, 0.005186232909005186, 0.0004714757190004715, 0.0004714757190004715, 0.0, 0.0], [0.0, 0.0, 0.002364066193853428, 0.0, 0.0, 0.002364066193853428, 0.0070921985815602835, 0.014184397163120567, 0.03309692671394799, 0.037825059101654845, 0.0591016548463357, 0.07565011820330969, 0.09219858156028368, 0.12293144208037825, 0.1182033096926714, 0.08274231678486997, 0.10874704491725769, 0.0851063829787234, 0.07328605200945626, 0.026004728132387706, 0.014184397163120567, 0.01182033096926714, 0.01182033096926714, 0.0070921985815602835, 0.014184397163120567, 0.0, 0.0, 0.0, 0.0], [0.0, 0.0, 0.0, 0.0008193363375665711, 0.00040966816878328555, 0.0008193363375665711, 0.0036870135190495697, 0.0077836952068824255, 0.011470708725931995, 0.020483408439164276, 0.03318312167144613, 0.058172879967226546, 0.07578861122490782, 0.12331011880376895, 0.12658746415403524, 0.11593609176566981, 0.13969684555510037, 0.07824662023760753, 0.08275297009422368, 0.04629250307251127, 0.021712412945514133, 0.022531749283080705, 0.01188037689471528, 0.009012699713232281, 0.0061450225317492835, 0.0020483408439164277, 0.0012290045063498567, 0.0, 0.0], [0.0, 0.0, 0.0, 0.0004786979415988511, 0.0004786979415988511, 0.0004786979415988511, 0.004786979415988511, 0.011010052656773576, 0.015797032072762087, 0.03303015797032073, 0.05840114887505984, 0.09286740067017712, 0.09526089037817137, 0.12206797510770703, 0.13212063188128292, 0.11153662039253232, 0.11201531833413117, 0.06893250359023456, 0.06941120153183342, 0.02537099090473911, 0.01771182383915749, 0.011967448539971278, 0.006701771182383916, 0.005265677357587362, 0.0028721876495931067, 0.0014360938247965534, 0.0, 0.0, 0.0], [0.0, 0.0, 0.0, 0.0, 0.0, 0.0, 0.0, 0.0625, 0.0, 0.125, 0.0, 0.125, 0.125, 0.0625, 0.1875, 0.125, 0.125, 0.0, 0.0625, 0.0, 0.0, 0.0, 0.0, 0.0, 0.0, 0.0, 0.0, 0.0, 0.0], [0.0, 0.0, 0.0, 0.0, 0.00022222222222222223, 0.00044444444444444447, 0.0013333333333333333, 0.0017777777777777779, 0.007333333333333333, 0.012, 0.02288888888888889, 0.04, 0.06066666666666667, 0.09177777777777778, 0.11244444444444444, 0.11866666666666667, 0.14377777777777778, 0.09533333333333334, 0.10711111111111112, 0.05733333333333333, 0.04933333333333333, 0.049555555555555554, 0.016444444444444446, 0.006666666666666667, 0.004666666666666667, 0.00022222222222222223, 0.0, 0.0, 0.0], [0.0, 0.0005834305717619603, 0.0, 0.0, 0.0, 0.0, 0.002333722287047841, 0.001750291715285881, 0.006417736289381563, 0.01750291715285881, 0.01808634772462077, 0.0367561260210035, 0.07292882147024504, 0.10093348891481914, 0.10968494749124855, 0.12427071178529756, 0.14644107351225205, 0.09626604434072346, 0.10385064177362893, 0.057759626604434074, 0.030921820303383897, 0.0367561260210035, 0.0163360560093