{"region": {"us": {"histType": {"histogram": {"labels": ["0", "100", "200", "300", "400", "500", "600", "700", "800", "900", "1000", "1100", "1200", "1300", "1400", "1500", "1600", "1700", "1800", "1900", "2000", "2100", "2200", "2300", "2400", "2500", "2600", "2700", "2800", "2900", "3000", "3100", "3200"], "data": [[0.0, 0.0, 0.0028694404591104736, 0.005738880918220947, 0.0028694404591104736, 0.007173601147776184, 0.01291248206599713, 0.015781922525107604, 0.035868005738880916, 0.04591104734576758, 0.08464849354375897, 0.10329985652797705, 0.11477761836441894, 0.1291248206599713, 0.12769010043041606, 0.10186513629842181, 0.06886657101865136, 0.04160688665710186, 0.05308464849354376, 0.01721664275466284, 0.014347202295552367, 0.00860832137733142, 0.0028694404591104736, 0.0014347202295552368, 0.0014347202295552368, 0.0, 0.0, 0.0, 0.0, 0.0, 0.0, 0.0, 0.0], [0.0, 0.00026014568158168577, 0.00026014568158168577, 0.00026014568158168577, 0.001040582726326743, 0.0023413111342351716, 0.005463059313215401, 0.009105098855359001, 0.015348595213319459, 0.030176899063475548, 0.039802289281997916, 0.054110301768990635, 0.08350676378772112, 0.09287200832466182, 0.12434963579604578, 0.13761706555671177, 0.14776274713839752, 0.08220603537981269, 0.10301768990634755, 0.033818938605619145, 0.017429760665972946, 0.0065036420395421434, 0.004422476586888657, 0.003121748178980229, 0.0023413111342351716, 0.0007804370447450572, 0.001040582726326743, 0.001040582726326743, 0.0, 0.0, 0.0, 0.0, 0.0], [0.00011727453969743169, 0.0, 0.0, 0.00023454907939486337, 0.00023454907939486337, 0.00023454907939486337, 0.00023454907939486337, 0.0005863726984871585, 0.002580039873343497, 0.003400961651225519, 0.005160079746686994, 0.007505570540635628, 0.012079277588835464, 0.019115749970681366, 0.025096751495250383, 0.03881787263984989, 0.11328720534771901, 0.15644423595637388, 0.35182361909229504, 0.08643133575700715, 0.05242171924475197, 0.06039638794417732, 0.021109417145537705, 0.009381963175794535, 0.020640318986747976, 0.005981001524569016, 0.003635510730620382, 0.002580039873343497, 0.0, 0.00046909815878972674, 0.0, 0.0, 0.0], [0.0, 0.0, 0.0, 0.0, 0.00011458691417440129, 0.0, 0.000802108399220809, 0.0018333906267904206, 0.0048126503953248535, 0.007791910163859287, 0.011802452159963332, 0.013177495130056147, 0.02589664260341469, 0.028761315457774723, 0.042970092815400485, 0.051907872121003784, 0.0717314082731752, 0.04377220121462129, 0.2784462014437951, 0.14884840151254727, 0.08754440242924258, 0.09373209579466026, 0.03128222756961155, 0.013062908215881746, 0.024750773461670678, 0.007791910163859287, 0.005041824223673656, 0.003208433596883236, 0.0009166953133952103, 0.0, 0.0, 0.0, 0.0], [0.0, 0.0, 0.0, 0.0, 0.010869565217391304, 0.005434782608695652, 0.02717391304347826, 0.02717391304347826, 0.05434782608695652, 0.05434782608695652, 0.08152173913043478, 0.08695652173913043, 0.10326086956521739, 0.10869565217391304, 0.09239130434782608, 0.09782608695652174, 0.07608695652173914, 0.03804347826086957, 0.05434782608695652, 0.02717391304347826, 0.043478260869565216, 0.005434782608695652, 0.005434782608695652, 0.0, 0.0, 0.0, 0.0, 0.0, 0.0, 0.0, 0.0, 0.0, 0.0], [0.0, 0.0, 0.0, 0.0, 0.0, 0.0, 0.0, 0.0013554373892190595, 0.0013554373892190595, 0.0046918986549890525, 0.007194244604316547, 0.01146908560108435, 0.021374204983839015, 0.09018871859034512, 0.11875716817850068, 0.14576165154832654, 0.17433010113648212, 0.10947763528307788, 0.14252945469711187, 0.05557293295798144, 0.032843290584923364, 0.03795224689813367, 0.015431133354186216, 0.007715566677093108, 0.011990407673860911, 0.00458763424043374, 0.003857783338546554, 0.0010426441455531226, 0.0004170576582212491, 0.0, 0.00010426441455531227, 0.0, 0.0], [0.0, 0.0, 0.0004103405826836274, 0.0022568732047599507, 0.0016413623307345096, 0.003282724661469019, 0.006770619614279852, 0.012925728354534264, 0.01928600738613049, 0.035084119819450144, 0.049446040213377104, 0.06934755847353304, 0.0943783340172343, 0.11325400082068117, 0.12310217480508823, 0.11961427985227739, 0.11653672548215019, 0.06852687730816578, 0.07406647517439474, 0.028108329913828476, 0.016208453016003283, 0.01600328272466147, 0.010258514567090685, 0.004308576118178088, 0.006360279031596225, 0.003487894952810833, 0.002667213787443578, 0.002051702913418137, 0.0002051702913418137, 0.0, 0.0004103405826836274, 0.0, 0.0], [0.0028089887640449437, 0.0028089887640449437, 0.0, 0.008426966292134831, 0.0056179775280898875, 0.02247191011235955, 0.014044943820224719, 0.03932584269662921, 0.05337078651685393, 0.11797752808988764, 0.11235955056179775, 0.13202247191011235, 0.10955056179775281, 0.10393258426966293, 0.0702247191011236, 0.07584269662921349, 0.047752808988764044, 0.014044943820224719, 0.03089887640449438, 0.028089887640449437, 0.0028089887640449437, 0.0, 0.0028089887640449437, 0.0028089887640449437, 0.0, 0.0, 0.0, 0.0, 0.0, 0.0, 0.0, 0.0, 0.0], [0.00031298904538341156, 0.00020865936358894105, 0.0005216484089723526, 0.00031298904538341156, 0.0005216484089723526, 0.0012519561815336462, 0.001564945226917058, 0.004277516953573292, 0.007616066770996349, 0.01606677099634846, 0.025978090766823163, 0.03474178403755868, 0.041731872717788214, 0.046426708398539386, 0.05905059989567032, 0.08659363588941053, 0.19530516431924883, 0.1299947835159103, 0.13938445487741263, 0.06551904016692749, 0.042149191444966094, 0.04131455399061033, 0.020448617631716223, 0.012519561815336464, 0.015440792905581638, 0.005633802816901409, 0.003755868544600939, 0.0010432968179447052, 0.00031298904538341156, 0.0, 0.0, 0.0, 0.0], [0.0, 0.0, 0.0, 0.0, 0.00039093041438623924, 0.0007818608287724785, 0.0011727912431587178, 0.0011727912431587178, 0.0023455824863174357, 0.008991399530883503, 0.012900703674745896, 0.01602814698983581, 0.022283033620015637, 0.037138389366692726, 0.06098514464425332, 0.07857701329163409, 0.10320562939796717, 0.08913213448006255, 0.17787333854573886, 0.06958561376075059, 0.07427677873338545, 0.09773260359655982, 0.04300234558248632, 0.016810007818608287, 0.04847537138389367, 0.014464425332290852, 0.01055512118842846, 0.008209538702111024, 0.002736512900703675, 0.0011727912431587178, 0.0, 0.0, 0.0], [0.0, 0.0, 0.00018254837531945966, 0.0, 0.0009127418765972983, 0.000547645125958379, 0.002190580503833516, 0.004198612632347572, 0.008032128514056224, 0.015151515151515152, 0.021723256663015698, 0.030120481927710843, 0.055312157721796276, 0.06389193136181089, 0.10295728368017525, 0.12705366922234393, 0.15279299014238773, 0.09784592917123038, 0.14129244249726178, 0.06115370573201898, 0.03687477181453085, 0.03687477181453085, 0.013143483023001095, 0.008579773640014604, 0.01058780576852866, 0.0034684191310697336, 0.002555677254472435, 0.002190580503833516, 0.0003650967506389193, 0.0, 0.0, 0.0, 0.0], [0.0, 0.0, 0.0004332755632582322, 0.0005777007510109763, 0.0011554015020219526, 0.0033217793183131137, 0.006643558636626227, 0.012853841709994223, 0.020941652224147893, 0.03740612362796072, 0.05993645291738879, 0.07495667244367418, 0.0999422299248989, 0.121894858463316, 0.13518197573656845, 0.12001733102253033, 0.10817446562680531, 0.05834777585210861, 0.05993645291738879, 0.02657423454650491, 0.01776429809358752, 0.013575967648757943, 0.00779896013864818, 0.00462160600808781, 0.004043905257076834, 0.001877527440785673, 0.0012998266897746968, 0.0007221259387637204, 0.0, 0.0, 0.0, 0.0, 0.0], [0.0, 0.0, 0.0, 0.0, 0.0001260716086737267, 0.0005042864346949068, 0.0017650025214321734, 0.002017145738779627, 0.0045385779122541605, 0.00529500756429652, 0.013363590519415028, 0.019415027735753907, 0.027861825516893597, 0.0335350479072113, 0.048663640948058494, 0.06795259707513868, 0.2249117498739284, 0.15242057488653554, 0.19831064044377206, 0.06996974281391831, 0.04311649016641452, 0.03819969742813918, 0.016137165910237016, 0.011598587997982855, 0.011598587997982855, 0.004412506303580433, 0.002017145738779627, 0.0017650025214321734, 0.0005042864346949068, 0.0, 0.0, 0.0, 0.0], [0.0002033760423022168, 0.0, 0.0, 0.0001016880211511084, 0.0001016880211511084, 0.0003050640634533252, 0.0012202562538133007, 0.0016270083384177345, 0.0041692088671954446, 0.009965426072808623, 0.01606670734187513, 0.01901565995525727, 0.02552369330892821, 0.09345129143786862, 0.134126499898312, 0.14104128533658736, 0.16636160260321334, 0.10697579825096604, 0.1306691071791743, 0.052877770998576365, 0.030811470408785846, 0.030709782387634738, 0.012405938580435224, 0.005796217205613179, 0.007829977628635347, 0.003559080740288794, 0.003050640634533252, 0.0007118161480577588, 0.0006101281269066504, 0.0006101281269066504, 0.0001016880211511084, 0.0, 0.0], [0.0, 0.0, 0.0, 0.0001858736059479554, 0.0005576208178438662, 0.0003717472118959108, 0.0011152416356877324, 0.0016728624535315986, 0.004089219330855019, 0.006505576208178439, 0.015241635687732341, 0.02509293680297398, 0.046096654275092935, 0.06672862453531599, 0.09646840148698885, 0.11635687732342008, 0.16059479553903347, 0.12007434944237919, 0.15, 0.06988847583643122, 0.04386617100371747, 0.035687732342007436, 0.013011152416356878, 0.007063197026022305, 0.010966542750929368, 0.0037174721189591076, 0.0026022304832713753, 0.0013011152416356876, 0.0001858736059479554, 0.0005576208178438662, 0.0, 0.0, 0.0], [0.0, 0.0, 0.00025265285497726126, 0.00025265285497726126, 0.0017685699848408287, 0.0027791814047498737, 0.00202122283981809, 0.005053057099545225, 0.011116725618999495, 0.018443658413340072, 0.031076301162203133, 0.04699343102577059, 0.06594239514906518, 0.09247094492167761, 0.11394643759474482, 0.1258211217786761, 0.1328954017180394, 0.09676604345629106, 0.10207175341081354, 0.04446690247599798, 0.029055078322385044, 0.03031834259727135, 0.01591712986356746, 0.00808489135927236, 0.011622031328954016, 0.005053057099545225, 0.0025265285497726125, 0.0025265285497726125, 0.0005053057099545225, 0.00025265285497726126, 0.0, 0.0, 0.0], [0.00018653236336504383, 0.0, 0.0007461294534601753, 0.0013057265435553068, 0.0005595970900951316, 0.0014922589069203507, 0.003730647267300877, 0.00783435926133184, 0.01119194180190263, 0.019772430516694646, 0.03376235776907294, 0.05222906174221227, 0.07461294534601753, 0.10184667039731393, 0.1251632158179444, 0.12777466890505504, 0.13075918671889572, 0.08226077224398433, 0.1119194180190263, 0.039731393396754335, 0.02238388360380526, 0.02294348069390039, 0.010818877075172543, 0.005409438537586271, 0.005782503264316359, 0.0018653236336504384, 0.0014922589069203507, 0.0016787912702853946, 0.00037306472673008767, 0.00037306472673008767, 0.0, 0.0, 0.0], [0.0, 0.0, 0.00012342631449024932, 0.00024685262898049864, 0.00037027894347074796, 0.00012342631449024932, 0.0008639842014317452, 0.00185139471735374, 0.0027153789187854853, 0.006294742039002715, 0.012219205134534682, 0.01444087879535917, 0.027770920760306097, 0.07417921500863985, 0.14095285114786474, 0.1529252036534189, 0.16958775610960256, 0.10799802517896816, 0.16279930881263885, 0.0452974574179215, 0.023944705011108368, 0.02493211552703036, 0.010120957788200444, 0.006047889410022217, 0.008022710441866206, 0.0016045420883732413, 0.00185139471735374, 0.001974821031843989, 0.00037027894347074796, 0.00037027894347074796, 0.0, 0.0, 0.0], [0.0, 0.0, 0.0, 0.0064516129032258064, 0.0064516129032258064, 0.0064516129032258064, 0.0, 0.01935483870967742, 0.05161290322580645, 0.08387096774193549, 0.05806451612903226, 0.1032258064516129, 0.07096774193548387, 0.05806451612903226, 0.06451612903225806, 0.11612903225806452, 0.0967741935483871, 0.07741935483870968, 0.05161290322580645, 0.025806451612903226, 0.03225806451612903, 0.012903225806451613, 0.025806451612903226, 0.0, 0.0064516129032258064, 0.012903225806451613, 0.0, 0.012903225806451613, 0.0, 0.0, 0.0, 0.0, 0.0], [0.00021850759313886157, 0.00010925379656943078, 0.0, 0.0, 0.0, 0.00010925379656943078, 0.00021850759313886157, 0.0009832841691248771, 0.0024035835245274774, 0.004588659455916093, 0.0075385119632907244, 0.010160603080957063, 0.02217852070359445, 0.030154047853162898, 0.051567791980771334, 0.1813613023052551, 0.21970938490112532, 0.14487053425106522, 0.14672784879274556, 0.06555227794165848, 0.03747405222331476, 0.036600021850759314, 0.014530754943734295, 0.006773735387304709, 0.009068065115262756, 0.0031683601005134928, 0.0031683601005134928, 0.00021850759313886157, 0.000546268982847154, 0.0, 0.0, 0.0, 0.0], [0.0, 0.0, 0.0, 0.00011846937566639024, 0.0, 0.00011846937566639024, 0.0010662243809975121, 0.0003554081269991707, 0.0013031631323302925, 0.0022509181376614146, 0.004501836275322829, 0.006871223788650634, 0.011491529439639853, 0.01623030446629546, 0.028788058286932827, 0.1286577419736998, 0.18339059353157208, 0.14832365833432057, 0.20187181613552896, 0.09122141926312048, 0.056036014690202585, 0.057102239071200094, 0.01919203885795522, 0.010543774434308732, 0.017533467598625754, 0.006634285037317853, 0.0031986731429925366, 0.0018955100106622439, 0.0005923468783319512, 0.00023693875133278048, 0.00047387750266556097, 0.0, 0.0], [0.00019366708627868693, 9.683354313934346e-05, 0.0, 0.00019366708627868693, 0.00019366708627868693, 0.0005810012588360608, 0.0007746683451147477, 0.0018398373196475259, 0.002905006294180304, 0.005616345502081921, 0.01036118911590975, 0.013459862496368743, 0.017526871308221167, 0.024692553500532583, 0.05141861140699138, 0.1407959717246054, 0.1634550208192118, 0.13798779897356445, 0.1813692262999903, 0.08521351796262225, 0.050159775346179915, 0.05432361770117169, 0.022659049094606372, 0.01171685871986056, 0.01423453084148349, 0.0053258448726638905, 0.0019366708627868694, 0.0005810012588360608, 0.00038733417255737385, 0.0, 0.0, 0.0, 0.0], [0.0, 0.0, 0.0, 0.0014619883040935672, 0.0014619883040935672, 0.0, 0.0014619883040935672, 0.007309941520467836, 0.007309941520467836, 0.007309941520467836, 0.013157894736842105, 0.024853801169590642, 0.04532163742690058, 0.08771929824561403, 0.12134502923976608, 0.17982456140350878, 0.17251461988304093, 0.11988304093567251, 0.11988304093567251, 0.049707602339181284, 0.024853801169590642, 0.014619883040935672, 0.0, 0.0, 0.0, 0.0, 0.0, 0.0, 0.0, 0.0, 0.0, 0.0, 0.0], [0.0, 0.0, 0.0, 8.92379082634303e-05, 0.0, 8.92379082634303e-05, 0.0002677137247902909, 0.0007139032661074424, 0.0016062823487417454, 0.0048188470462252365, 0.007406746385864716, 0.012582545065143672, 0.021327860074959844, 0.027574513653399964, 0.04060324825986079, 0.04854542209530609, 0.1227913617704801, 0.161342138140282, 0.26905229341424236, 0.09307513831875781, 0.05550597893985365, 0.07201499196858825, 0.022755666607174728, 0.010173121542031054, 0.016241299303944315, 0.004640371229698376, 0.0030340888809566305, 0.0030340888809566305, 0.0005354274495805819, 0.0001784758165268606, 0.0, 0.0, 0.0], [9.798157946306095e-05, 9.798157946306095e-05, 9.798157946306095e-05, 0.0, 0.0003919263178522438, 0.0003919263178522438, 0.00029394473838918284, 0.0009798157946306093, 0.0010777973740936705, 0.00519302371154223, 0.009602194787379973, 0.019008426415833824, 0.03321575543797766, 0.04467960023515579, 0.06554967666078777, 0.07720948461689202, 0.11669606114050558, 0.20105820105820105, 0.2220262590632961, 0.08828140309621792, 0.04467960023515579, 0.040074466000391926, 0.013717421124828532, 0.005682931608857535, 0.004507152655300804, 0.003821281599059377, 0.0011757789535567313, 0.0003919263178522438, 0.0, 0.0, 0.0, 0.0, 0.0], [0.0, 0.00010465724751439037, 0.0, 0.00010465724751439037, 0.00010465724751439037, 0.0005232862375719519, 0.0007326007326007326, 0.001674515960230246, 0.002302459445316588, 0.004500261643118786, 0.015489272632129776, 0.037153322867608585, 0.0554683411826269, 0.07953950811093669, 0.1054945054945055, 0.13678702250130823, 0.1552066980638409, 0.11208791208791209, 0.13333333333333333, 0.06289900575614861, 0.03767660910518053, 0.029513343799058084, 0.013186813186813187, 0.00565149136577708, 0.005965463108320251, 0.002302459445316588, 0.0017791732077446364, 0.0004186289900575615, 0.0, 0.0, 0.0, 0.0, 0.0], [0.0, 0.0, 0.0, 0.0, 0.00024009603841536616, 0.0, 0.0012004801920768306, 0.0020408163265306124, 0.00468187274909964, 0.007923169267707083, 0.016206482593037214, 0.025210084033613446, 0.042737094837935176, 0.0666266506602641, 0.10012004801920768, 0.12845138055222088, 0.15294117647058825, 0.09783913565426171, 0.16602641056422568, 0.06014405762304922, 0.036854741896758705, 0.040216086434573826, 0.017046818727490996, 0.00816326530612245, 0.011644657863145258, 0.004561824729891957, 0.004201680672268907, 0.0022809123649459783, 0.0012004801920768306, 0.0004801920768307323, 0.0009603841536614646, 0.0, 0.0], [0.0, 0.00017708517797060386, 0.00017708517797060386, 0.0003541703559412077, 0.0010625110678236232, 0.0010625110678236232, 0.0017708517797060386, 0.002656277669559058, 0.009739684788383213, 0.025500265627766958, 0.045156720382503984, 0.06038604568797592, 0.07738622277315389, 0.10324065875686204, 0.12661590224898175, 0.1190012395962458, 0.14538693111386577, 0.07650079688330087, 0.10819904374003896, 0.028333628475296618, 0.023198158314149106, 0.020010625110678235, 0.009208429254471401, 0.0031875332034708697, 0.0067292367628829465, 0.0014166814237648309, 0.0014166814237648309, 0.0014166814237648309, 0.0007083407118824154, 0.0, 0.0, 0.0, 0.0], [0.0, 0.0, 0.0, 0.0007511266900350526, 0.002253380070105158, 0.00200300450676014, 0.004256384576865298, 0.007260891337005508, 0.013770655983975965, 0.015523284927391086, 0.027791687531296946, 0.04006009013520281, 0.05558337506259389, 0.08362543815723586, 0.12293440160240361, 0.1314471707561342, 0.15047571357035552, 0.09639459188783175, 0.10866299449173761, 0.04807210816224337, 0.02729093640460691, 0.02128192288432649, 0.012518778167250876, 0.00801201802704056, 0.00801201802704056, 0.00400600901352028, 0.0035052578868302454, 0.0035052578868302454, 0.00100150225338007, 0.0, 0.0, 0.0, 0.0], [0.0002241901132160072, 0.0, 0.0, 0.0, 0.0004483802264320144, 0.0004483802264320144, 0.0016814258491200538, 0.003474946754848111, 0.004932182490752158, 0.009640174868288309, 0.017598923887456562, 0.04876134962448156, 0.08407129245600269, 0.11994171057056384, 0.14471471808093264, 0.14875014011882076, 0.13854948996749245, 0.07947539513507454, 0.09326308709785898, 0.03396480215222509, 0.021410155812128684, 0.02432462728393678, 0.009415984755072302, 0.004483802264320143, 0.006389418226656204, 0.0017935209057280575, 0.0012330456226880395, 0.0006725703396480216, 0.0, 0.0003362851698240108, 0.0, 0.0, 0.0], [0.0, 0.0, 0.0, 0.00028169014084507044, 0.00014084507042253522, 0.00014084507042253522, 0.0014084507042253522, 0.00042253521126760566, 0.002112676056338028, 0.004647887323943662, 0.007887323943661971, 0.009295774647887323, 0.014788732394366197, 0.08704225352112677, 0.11098591549295775, 0.13901408450704225, 0.1667605633802817, 0.10901408450704225, 0.1543661971830986, 0.06112676056338028, 0.03633802816901408, 0.03957746478873239, 0.018028169014084508, 0.008309859154929577, 0.01380281690140845, 0.004929577464788733, 0.004647887323943662, 0.0030985915492957746, 0.0009859154929577464, 0.0005633802816901409, 0.00028169014084507044, 0.0, 0.0], [0.0, 0.0, 0.00017445917655268666, 0.0003489183531053733, 0.00104675505931612, 0.0012212142358688067, 0.0022679692951849267, 0.00471039776692254, 0.007501744591765527, 0.017969295184926726, 0.030006978367062107, 0.04082344731332868, 0.06978367062107467, 0.09071877180739707, 0.11723656664340544, 0.13049546406140963, 0.14392882065596652, 0.09141660851360782, 0.12334263782274947, 0.04692951849267271, 0.026866713189113746, 0.022330774598743892, 0.011339846475924634, 0.0045359385903698535, 0.0052337752965806, 0.0008722958827634334, 0.0024424284717376133, 0.0052337752965806, 0.00104675505931612, 0.00017445917655268666, 0.0, 0.0, 0.0], [0.0001159017153453871, 0.0, 0.0, 0.0, 0.0001159017153453871, 0.001043115438108484, 0.0006954102920723226, 0.0023180343069077423, 0.0027816411682892906, 0.005795085767269356, 0.014140009272137228, 0.021905424200278165, 0.035929531757070005, 0.04288363467779323, 0.059573481687528976, 0.14603616133518776, 0.2014371812702828, 0.14255910987482615, 0.15356977283263792, 0.06803430690774223, 0.04299953639313862, 0.028859527121001392, 0.014487714418173389, 0.005099675475197033, 0.005447380621233194, 0.0027816411682892906, 0.0009272137227630969, 0.0003477051460361613, 0.0001159017153453871, 0.0, 0.0, 0.0, 0.0], [0.0, 0.0, 0.0, 0.00015098897780462027, 0.00015098897780462027, 0.0004529669334138608, 0.0006039559112184811, 0.0016608787558508229, 0.00558659217877095, 0.008757360712667975, 0.02370526951532538, 0.031405707383361015, 0.0677940510342745, 0.09753887966178469, 0.1274346972670995, 0.147516231315114, 0.15536765816095424, 0.10463536161860185, 0.11022195379737279, 0.04061603502944285, 0.026725049071417786, 0.019326589158991395, 0.009663294579495697, 0.004982636267552468, 0.008002415823644873, 0.0019628567114600634, 0.0033217575117016457, 0.0016608787558508229, 0.0006039559112184811, 0.0, 0.00015098897780462027, 0.0, 0.0], [0.0, 0.0, 0.0, 0.00015651901706057285, 0.0, 0.0006260760682422914, 0.0009391141023634372, 0.0009391141023634372, 0.0023477852559085927, 0.0020347472217874473, 0.006260760682422915, 0.022695257473783065, 0.03991234935044608, 0.062294568790108, 0.09203318203161684, 0.1164501486930662, 0.15589294099233056, 0.11253717326655188, 0.17232743778369072, 0.0691814055407732, 0.04288621067459696, 0.04366880575989983, 0.019877915166692753, 0.011425888245421819, 0.01314759743308812, 0.006417279699483487, 0.0035999373923931758, 0.0015651901706057287, 0.0006260760682422914, 0.00015651901706057285, 0.0, 0.0, 0.0], [0.0, 0.0, 0.00011457378551787351, 0.0, 0.00022914757103574703, 0.0003437213565536205, 0.0003437213565536205, 0.0012603116406966087, 0.001145737855178735, 0.003780934922089826, 0.006759853345554537, 0.016040329972502293, 0.02715398716773602, 0.04502749770852429, 0.07939963336388635, 0.15753895508707608, 0.17575618698441797, 0.10620989917506875, 0.17277726856095327, 0.06335930339138406, 0.04124656278643447, 0.03884051329055912, 0.02383134738771769, 0.011686526122823098, 0.01626947754353804, 0.0048120989917506875, 0.0028643446379468377, 0.002062328139321723, 0.0010311640696608615, 0.00011457378551787351, 0.0, 0.0, 0.0], [0.0, 0.0, 9.237875288683603e-05, 0.0, 9.237875288683603e-05, 9.237875288683603e-05, 9.237875288683603e-05, 0.0008314087759815242, 0.0017551963048498846, 0.004711316397228637, 0.008960739030023094, 0.01625866050808314, 0.027990762124711317, 0.036304849884526556, 0.05468822170900693, 0.0592147806004619, 0.07242494226327945, 0.1130715935334873, 0.30660508083140875, 0.11094688221709006, 0.06318706697459585, 0.06780600461893764, 0.01810623556581986, 0.008221709006928406, 0.016351039260969976, 0.0056351039260969975, 0.004157043879907622, 0.0014780600461893765, 0.00046189376443418013, 0.00046189376443418013, 0.0, 0.0, 0.0], [0.0, 0.0, 0.0, 0.0, 0.0, 0.00010123506782749544, 0.0010123506782749544, 0.0028345818991698723, 0.005061753391374772, 0.009921036647094554, 0.017412431666329217, 0.0334075723830735, 0.05041506377809273, 0.07703988661672403, 0.11399068637375986, 0.13636363636363635, 0.17250455557805225, 0.11054869406762502, 0.15407977323344807, 0.04768171694675036, 0.025005061753391376, 0.026523587770803807, 0.007592630087062158, 0.0033407572383073497, 0.0024296416278598906, 0.0006074104069649726, 0.0014172909495849362, 0.0006074104069649726, 0.00010123506782749544, 0.0, 0.0, 0.0, 0.0], [0.0, 0.003115264797507788, 0.0, 0.003115264797507788, 0.006230529595015576, 0.018691588785046728, 0.021806853582554516, 0.04361370716510903, 0.08099688473520249, 0.06230529595015576, 0.0529595015576324, 0.0778816199376947, 0.07476635514018691, 0.11838006230529595, 0.12149532710280374, 0.102803738317757, 0.08411214953271028, 0.04361370716510903, 0.03426791277258567, 0.018691588785046728, 0.009345794392523364, 0.009345794392523364, 0.003115264797507788, 0.009345794392523364, 0.0, 0.0, 0.0, 0.0, 0.0, 0.0, 0.0, 0.0, 0.0]]}, "ranks": {"labels": ["Unranked", "Combatatent I", "Combatatent II", "Challenger I", "Challenger II", "Rival I", "Rival II", "Duelist", "Elite"], "data": [[0.1291248206599713, 0.18794835007173602, 0.24390243902439024, 0.22955523672883787, 0.11047345767575323, 0.06599713055954089, 0.018651362984218076, 0.01291248206599713, 0.0014347202295552368], [0.06425598335067638, 0.09391259105098855, 0.17637877211238293, 0.26196670135275757, 0.2299687825182102, 0.12304890738813735, 0.031217481789802288, 0.01404786680541103, 0.005202913631633715], [0.007622845080333059, 0.012665650287322623, 0.03119502755951683, 0.06391462413510027, 0.2697314413040929, 0.39767796411399087, 0.09299870998006333, 0.09088776826550955, 0.0333059692740706], [0.015354646499369773, 0.02497994729001948, 0.054657958061189414, 0.09487796493640427, 0.11550360948779649, 0.36003208433596884, 0.15480692104961613, 0.13807723158015356, 0.04170963675948207], [0.1793478260869565, 0.16847826086956522, 0.21195652173913043, 0.19021739130434784, 0.11413043478260869, 0.08152173913043478, 0.043478260869565216, 0.010869565217391304, 0.0], [0.007402773433427171, 0.018663330205400896, 0.11156292357418413, 0.2645188197268272, 0.28380773641956003, 0.1740173078928162, 0.0569283703472005, 0.06109894692941299, 0.021999791471170888], [0.08165777595404186, 0.11879359868691014, 0.20763233483791546, 0.2427164546573656, 0.18506360279031597, 0.09212146081247435, 0.026261797291752154, 0.03057037340993024, 0.015182601559294214], [0.26685393258426965, 0.2443820224719101, 0.21348314606741572, 0.14606741573033707, 0.06179775280898876, 0.042134831460674156, 0.019662921348314606, 0.0056179775280898875, 0.0], [0.032655190401669275, 0.060719874804381846, 0.0881585811163276, 0.14564423578508084, 0.3252999478351591, 0.17767344809598332, 0.0693792383933229, 0.07428273343766302, 0.026186750130412103], [0.014855355746677092, 0.028928850664581705, 0.05942142298670837, 0.13956215793588742, 0.1923377638780297, 0.21266614542611414, 0.10906958561376075, 0.15754495699765442, 0.0856137607505864], [0.0312157721796276, 0.051843738590726544, 0.11920408908360716, 0.23001095290251916, 0.2506389193136181, 0.17798466593647316, 0.06133625410733844, 0.05859802847754655, 0.019167579408543262], [0.08333333333333333, 0.13489312536106296, 0.2218370883882149, 0.2551993067590988, 0.16652224147891392, 0.07380127094165223, 0.030473714615829, 0.025996533795493933, 0.007943385326400924], [0.014246091780131115, 0.03277861825516894, 0.061396873424104895, 0.11661623802319718, 0.37733232476046397, 0.23966212808875442, 0.07173474533535047, 0.06593545133635906, 0.020297528996469996], [0.017693715680292862, 0.0350823672971324, 0.11897498474679682, 0.2751677852348993, 0.2733374008541794, 0.16026032133414683, 0.05409802725238967, 0.04891193817368314, 0.01647345942647956], [0.01449814126394052, 0.04033457249070632, 0.11282527881040892, 0.2128252788104089, 0.28066914498141265, 0.18977695167286246, 0.07397769516728625, 0.055762081784386616, 0.019330855018587362], [0.0416877210712481, 0.07806973218797372, 0.1584133400707428, 0.23976755937342092, 0.22966144517433046, 0.12683173319858515, 0.04876200101061142, 0.05432036382011117, 0.02248610409297625], [0.046819623204626, 0.08599141951128521, 0.17645961574333147, 0.25293788472299944, 0.21301995896288006, 0.13504943107629175, 0.038985263943294164, 0.03917179630665921, 0.011565006528632718], [0.01258948407800543, 0.026660083929893854, 0.10195013576894595, 0.29387805480128365, 0.2775857812885707, 0.18699086645272772, 0.045050604788941004, 0.04110096272525302, 0.014194026166378671], [0.17419354838709677, 0.16129032258064516, 0.12903225806451613, 0.18064516129032257, 0.17419354838709677, 0.06451612903225806, 0.04516129032258064, 0.03870967741935484, 0.03225806451612903], [0.008631049928985033, 0.017699115044247787, 0.052332568556757345, 0.23292909428602643, 0.3645799191521905, 0.1867147383371572, 0.06303944062056156, 0.05790451218179832, 0.016169561892275756], [0.00521265252932117, 0.011373060063973463, 0.027721833905935314, 0.15744580026063262, 0.33171425186589265, 0.2524582395450776, 0.09667101054377443, 0.08683805236346405, 0.03056509892192868], [0.012394693521835963, 0.023821051612278495, 0.04221942480875375, 0.19221458313159678, 0.3014428197927762, 0.22910816306768664, 0.08763435654110584, 0.08869952551563862, 0.022465382008327685], [0.02631578947368421, 0.038011695906432746, 0.13304093567251463, 0.30116959064327486, 0.29239766081871343, 0.15204678362573099, 0.04239766081871345, 0.014619883040935672, 0.0], [0.007585222202391576, 0.01998929145100839, 0.04890237372835981, 0.08914867035516688, 0.2841334999107621, 0.322684276280564, 0.09494913439228984, 0.10494378011779404, 0.027663751561663393], [0.008622378992749364, 0.028610621203213796, 0.07789535567313345, 0.1427591612776798, 0.3177542621987066, 0.2712130119537527, 0.0837742504409171, 0.05947481873407799, 0.009896139525769156], [0.010047095761381476, 0.052642595499738355, 0.13500784929356358, 0.2422815279958137, 0.267294610151753, 0.1684981684981685, 0.06541077969649398, 0.04835164835164835, 0.010465724751439037], [0.016086434573829533, 0.04141656662665066, 0.10936374549819929, 0.22857142857142856, 0.2507803121248499, 0.19759903961584635, 0.06542617046818727, 0.06542617046818727, 0.025330132052821128], [0.042500442712944925, 0.1055427660704799, 0.18062688153001594, 0.24561714184522757, 0.22188772799716663, 0.1236054542234815, 0.03612537630600319, 0.032406587568620505, 0.011687621746059855], [0.04581872809213821, 0.06785177766649975, 0.13920881321982975, 0.2543815723585378, 0.24687030545818728, 0.13495242864296444, 0.049073610415623435, 0.04181271907861793, 0.020030045067601403], [0.020849680529088668, 0.06636027351193813, 0.20401300302656653, 0.2934648581997534, 0.21802488510256698, 0.1124313417778276, 0.03620670328438516, 0.03822441430332922, 0.010424840264544334], [0.009154929577464789, 0.017183098591549296, 0.10183098591549296, 0.25, 0.2757746478873239, 0.1876056338028169, 0.06422535211267606, 0.06591549295774649, 0.028309859154929576], [0.03524075366364271, 0.07083042568039079, 0.16050244242847173, 0.2477320307048151, 0.23534542916957432, 0.15073272854152128, 0.04640614096301465, 0.03820655966503838, 0.015003489183531053], [0.01286509040333797, 0.03604543347241539, 0.07881316643486323, 0.20560964302271673, 0.34399629114510893, 0.1923968474733426, 0.07220676866017617, 0.048446917014371815, 0.00961984237366713], [0.01736373244753133, 0.055110976898686395, 0.1653329306960592, 0.2749509285822135, 0.2600030197795561, 0.13287030046806583, 0.0446927374301676, 0.03397252000603956, 0.015702853691680507], [0.007043355767725779, 0.02895601815620598, 0.10220691814055408, 0.20848333072468306, 0.26843011425888247, 0.2098920018782282, 0.07450305212083268, 0.0749726091720144, 0.025512599780873377], [0.007218148487626031, 0.02280018331805683, 0.07218148487626032, 0.2369385884509624, 0.2819660861594867, 0.20611824014665445, 0.07126489459211732, 0.07435838680109991, 0.02715398716773602], [0.00766743648960739, 0.025219399538106237, 0.06429561200923788, 0.11390300230946883, 0.18549653579676675, 0.3679445727482679, 0.11279445727482679, 0.09413394919168591, 0.028545034642032334], [0.01893095768374165, 0.05082000404940271, 0.12745495039481677, 0.2503543227373962, 0.28305324964567724, 0.18121077141121686, 0.04555578052237295, 0.037456975096173316, 0.005162988459202268], [0.2398753894080997, 0.1308411214953271, 0.19314641744548286, 0.22429906542056074, 0.1277258566978193, 0.037383177570093455, 0.024922118380062305, 0.021806853582554516, 0.0]]}, "ranksDetailed": {"labels": ["Unranked", "Combatatant", "Challenger", "Rival", "Duelist", "Elite"], "data": [[0.1291248206599713, 0.43185078909612623, 0.3400286944045911, 0.08464849354375897, 0.01291248206599713, 0.0014347202295552368], [0.06425598335067638, 0.2702913631633715, 0.49193548387096775, 0.15426638917793964, 0.01404786680541103, 0.005202913631633715], [0.007622845080333059, 0.04386067784683945, 0.3336460654391932, 0.4906766740940542, 0.09088776826550955, 0.0333059692740706], [0.015354646499369773, 0.07963790535120889, 0.21038157442420075, 0.5148390053855849, 0.13807723158015356, 0.04170963675948207], [0.1793478260869565, 0.3804347826086957, 0.30434782608695654, 0.125, 0.010869565217391304, 0.0], [0.007402773433427171, 0.13022625377958502, 0.5483265561463873, 0.2309456782400167, 0.06109894692941299, 0.021999791471170888], [0.08165777595404186, 0.32642593352482563, 0.42778005744768155, 0.11838325810422651, 0.03057037340993024, 0.015182601559294214], [0.26685393258426965, 0.45786516853932585, 0.20786516853932585, 0.06179775280898876, 0.0056179775280898875, 0.0], [0.032655190401669275, 0.14887845592070945, 0.47094418362023993, 0.2470526864893062, 0.07428273343766302, 0.026186750130412103], [0.014855355746677092, 0.08835027365129007, 0.33189992181391714, 0.3217357310398749, 0.15754495699765442, 0.0856137607505864], [0.0312157721796276, 0.17104782767433369, 0.48064987221613725, 0.2393209200438116, 0.05859802847754655, 0.019167579408543262], [0.08333333333333333, 0.3567302137492779, 0.4217215482380127, 0.10427498555748123, 0.025996533795493933, 0.007943385326400924], [0.014246091780131115, 0.09417549167927383, 0.4939485627836611, 0.3113968734241049, 0.06593545133635906, 0.020297528996469996], [0.017693715680292862, 0.15405735204392923, 0.5485051860890787, 0.21435834858653652, 0.04891193817368314, 0.01647345942647956], [0.01449814126394052, 0.15315985130111523, 0.49349442379182157, 0.2637546468401487, 0.055762081784386616, 0.019330855018587362], [0.0416877210712481, 0.23648307225871654, 0.4694290045477514, 0.17559373420919655, 0.05432036382011117, 0.02248610409297625], [0.046819623204626, 0.26245103525461666, 0.4659578436858795, 0.1740346950195859, 0.03917179630665921, 0.011565006528632718], [0.01258948407800543, 0.1286102196988398, 0.5714638360898544, 0.2320414712416687, 0.04110096272525302, 0.014194026166378671], [0.17419354838709677, 0.2903225806451613, 0.3548387096774194, 0.10967741935483871, 0.03870967741935484, 0.03225806451612903], [0.008631049928985033, 0.07003168360100513, 0.5975090134382169, 0.2497541789577188, 0.05790451218179832, 0.016169561892275756], [0.00521265252932117, 0.03909489396990878, 0.4891600521265253, 0.34912925008885204, 0.08683805236346405, 0.03056509892192868], [0.012394693521835963, 0.06604047642103225, 0.493657402924373, 0.31674251960879246, 0.08869952551563862, 0.022465382008327685], [0.02631578947368421, 0.17105263157894737, 0.5935672514619883, 0.19444444444444445, 0.014619883040935672, 0.0], [0.007585222202391576, 0.06889166517936819, 0.37328217026592897, 0.4176334106728538, 0.10494378011779404, 0.027663751561663393], [0.008622378992749364, 0.10650597687634725, 0.46051342347638646, 0.3549872623946698, 0.05947481873407799, 0.009896139525769156], [0.010047095761381476, 0.18765044479330192, 0.5095761381475667, 0.23390894819466249, 0.04835164835164835, 0.010465724751439037], [0.016086434573829533, 0.15078031212484994, 0.4793517406962785, 0.2630252100840336, 0.06542617046818727, 0.025330132052821128], [0.042500442712944925, 0.28616964760049585, 0.4675048698423942, 0.15973083052948467, 0.032406587568620505, 0.011687621746059855], [0.04581872809213821, 0.2070605908863295, 0.5012518778167251, 0.1840260390585879, 0.04181271907861793, 0.020030045067601403], [0.020849680529088668, 0.2703732765385046, 0.5114897433023203, 0.14863804506221276, 0.03822441430332922, 0.010424840264544334], [0.009154929577464789, 0.11901408450704225, 0.525774647887324, 0.25183098591549297, 0.06591549295774649, 0.028309859154929576], [0.03524075366364271, 0.23133286810886253, 0.4830774598743894, 0.19713886950453594, 0.03820655966503838, 0.015003489183531053], [0.01286509040333797, 0.11485859990727863, 0.5496059341678257, 0.2646036161335188, 0.048446917014371815, 0.00961984237366713], [0.01736373244753133, 0.22044390759474558, 0.5349539483617696, 0.17756303789823344, 0.03397252000603956, 0.015702853691680507], [0.007043355767725779, 0.13116293629676007, 0.4769134449835655, 0.2843950539990609, 0.0749726091720144, 0.025512599780873377], [0.007218148487626031, 0.09498166819431714, 0.5189046746104491, 0.27738313473877174, 0.07435838680109991, 0.02715398716773602], [0.00766743648960739, 0.0895150115473441, 0.29939953810623554, 0.4807390300230947, 0.09413394919168591, 0.028545034642032334], [0.01893095768374165, 0.17827495444421948, 0.5334075723830735, 0.2267665519335898, 0.037456975096173316, 0.005162988459202268], [0.2398753894080997, 0.32398753894080995, 0.35202492211838005, 0.06230529595015576, 0.021806853582554516, 0.0]]}}}, "eu": {"histType": {"histogram": {"labels": ["0", "100", "200", "300", "400", "500", "600", "700", "800", "900", "1000", "1100", "1200", "1300", "1400", "1500", "1600", "1700", "1800", "1900", "2000", "2100", "2200", "2300", "2400", "2500", "2600", "2700", "2800", "2900", "3000", "3100", "3200"], "data": [[0.0, 0.0, 0.0019047619047619048, 0.0, 0.0, 0.0038095238095238095, 0.011428571428571429, 0.02666666666666667, 0.05142857142857143, 0.07428571428571429, 0.07238095238095238, 0.10666666666666667, 0.09523809523809523, 0.12761904761904763, 0.14476190476190476, 0.09142857142857143, 0.06857142857142857, 0.0380952380952381, 0.03428571428571429, 0.024761904761904763, 0.009523809523809525, 0.011428571428571429, 0.005714285714285714, 0.0, 0.0, 0.0, 0.0, 0.0, 0.0, 0.0, 0.0, 0.0, 0.0], [0.0002858776443682104, 0.0002858776443682104, 0.0005717552887364208, 0.0008576329331046312, 0.002001143510577473, 0.0037164093767867354, 0.00686106346483705, 0.010291595197255575, 0.02058319039451115, 0.033733562035448826, 0.04516866781017725, 0.06203544882790166, 0.08176100628930817, 0.10634648370497427, 0.13236134934248142, 0.131789594053745, 0.14065180102915953, 0.06832475700400228, 0.0931961120640366, 0.024299599771297885, 0.012006861063464836, 0.011149228130360206, 0.004288164665523156, 0.003430531732418525, 0.002858776443682104, 0.0005717552887364208, 0.0005717552887364208, 0.0, 0.0, 0.0, 0.0, 0.0, 0.0], [0.0, 0.0, 0.0, 0.00011858176212498517, 0.00011858176212498517, 0.00011858176212498517, 0.0, 0.0008300723348748962, 0.0018973081939997628, 0.002608798766749674, 0.005810506344124273, 0.009486540969998814, 0.011858176212498519, 0.015534210838373058, 0.025732242381121782, 0.034863038064745645, 0.1975572157002253, 0.1513103284714811, 0.31127712557808607, 0.07933119886161509, 0.050397248903118703, 0.0535989564804933, 0.017431519032372823, 0.007707814538124036, 0.011265267401873592, 0.005454761057749318, 0.003320289339499585, 0.0018973081939997628, 0.00023716352424997035, 0.00023716352424997035, 0.0, 0.0, 0.0], [0.0, 0.0, 0.0, 0.00010986596352450011, 0.00010986596352450011, 0.00021973192704900023, 0.0007690617446715008, 0.002087453306965502, 0.0024170511975390024, 0.005932762030323006, 0.011645792133597012, 0.01724895627334652, 0.02054493517908152, 0.026807295099978028, 0.04262799384750604, 0.054163920017578554, 0.07723577235772358, 0.052625796528235555, 0.2855416392001758, 0.14128762909250714, 0.08899143045484509, 0.08525598769501208, 0.03175126345858053, 0.012854317732366513, 0.023181718303669524, 0.007690617446715007, 0.0047242364315535045, 0.0030762469786860033, 0.0008789277081960009, 0.00021973192704900023, 0.0, 0.0, 0.0], [0.0, 0.0, 0.0, 0.0, 0.0, 0.022099447513812154, 0.027624309392265192, 0.055248618784530384, 0.055248618784530384, 0.06077348066298342, 0.0718232044198895, 0.07734806629834254, 0.055248618784530384, 0.12154696132596685, 0.08287292817679558, 0.14917127071823205, 0.03314917127071823, 0.06077348066298342, 0.04419889502762431, 0.03867403314917127, 0.022099447513812154, 0.0055248618784530384, 0.0, 0.0055248618784530384, 0.011049723756906077, 0.0, 0.0, 0.0, 0.0, 0.0, 0.0, 0.0, 0.0], [0.0, 0.00010437323870159691, 0.00010437323870159691, 0.00020874647740319382, 0.00031311971610479075, 0.00010437323870159691, 0.00020874647740319382, 0.001148105625717566, 0.0018787182966287445, 0.0038618098319590857, 0.007827992902619768, 0.012002922450683644, 0.04613297150610583, 0.08652541488362384, 0.12409978081619873, 0.13307587934453607, 0.15896044254253208, 0.11021814006888633, 0.14601816094353406, 0.05542218975054796, 0.03329506314580941, 0.03757436593257489, 0.0