{"region": {"us": {"histType": {"histogram": {"labels": ["0", "100", "200", "300", "400", "500", "600", "700", "800", "900", "1000", "1100", "1200", "1300", "1400", "1500", "1600", "1700", "1800", "1900", "2000", "2100", "2200", "2300", "2400", "2500", "2600", "2700", "2800", "2900", "3000", "3100", "3200"], "data": [[0.0, 0.0, 0.0027739251040221915, 0.005547850208044383, 0.004160887656033287, 0.006934812760055479, 0.012482662968099861, 0.013869625520110958, 0.036061026352288486, 0.04854368932038835, 0.08183079056865465, 0.10124826629680998, 0.11789181692094314, 0.13314840499306518, 0.1317614424410541, 0.09847434119278779, 0.06657420249653259, 0.04299583911234397, 0.04576976421636616, 0.018030513176144243, 0.013869625520110958, 0.008321775312066574, 0.004160887656033287, 0.005547850208044383, 0.0, 0.0, 0.0, 0.0, 0.0, 0.0, 0.0, 0.0, 0.0], [0.0, 0.000250689395838556, 0.000250689395838556, 0.000250689395838556, 0.001002757583354224, 0.002256204562547004, 0.004763098520932565, 0.00952619704186513, 0.015542742541990473, 0.02857859112559539, 0.03810478816746052, 0.05490097768864377, 0.08197543243920782, 0.09425921283529706, 0.13035848583604914, 0.13587365254449738, 0.1441464026071697, 0.08347956881423915, 0.10428678866883931, 0.033843068438205066, 0.017297568312860365, 0.006768613687641012, 0.004011030333416896, 0.0027575833542241163, 0.0017548257708698922, 0.0017548257708698922, 0.001002757583354224, 0.001002757583354224, 0.0, 0.0, 0.0, 0.0, 0.0], [0.0001183011948420679, 0.0, 0.0, 0.0002366023896841358, 0.0002366023896841358, 0.0002366023896841358, 0.0002366023896841358, 0.0005915059742103396, 0.002484325091683426, 0.003430734650419969, 0.005205252573050988, 0.007216372885366142, 0.012066721873890926, 0.019164793564415, 0.02531645569620253, 0.038921093103040344, 0.08789778776765646, 0.1618360345439489, 0.36803501715367326, 0.08706967940376198, 0.05240742931503608, 0.06104341653850704, 0.023660238968413582, 0.009700697977049567, 0.019519697148941206, 0.006269963326629599, 0.002366023896841358, 0.004140541819472376, 0.0001183011948420679, 0.0004732047793682716, 0.0, 0.0, 0.0], [0.0, 0.0, 0.0, 0.0, 0.0001154068090017311, 0.0, 0.0008078476630121177, 0.0017311021350259665, 0.004731679169070975, 0.007847663012117714, 0.011656087709174841, 0.013040969417195614, 0.025966532025389497, 0.02908251586843624, 0.04246970571263704, 0.051586843623773804, 0.07155222158107329, 0.043508366993652625, 0.26635891517599536, 0.1536064627813041, 0.08932487016733988, 0.09705712637045585, 0.032198499711482975, 0.01350259665320254, 0.027697634160415464, 0.006693594922100404, 0.004731679169070975, 0.0019619157530294286, 0.0027697634160415464, 0.0, 0.0, 0.0, 0.0], [0.0, 0.0, 0.0, 0.0, 0.010309278350515464, 0.005154639175257732, 0.030927835051546393, 0.02577319587628866, 0.05670103092783505, 0.05154639175257732, 0.07216494845360824, 0.09278350515463918, 0.10309278350515463, 0.11855670103092783, 0.09278350515463918, 0.10309278350515463, 0.07731958762886598, 0.030927835051546393, 0.061855670103092786, 0.02577319587628866, 0.03608247422680412, 0.005154639175257732, 0.0, 0.0, 0.0, 0.0, 0.0, 0.0, 0.0, 0.0, 0.0, 0.0, 0.0], [0.0, 0.0, 0.0, 0.0, 0.0, 0.0, 0.0, 0.0013613990993821341, 0.0012566760917373547, 0.00471253534401508, 0.00712116451984501, 0.011414807833280971, 0.02146821656717981, 0.06754633993088281, 0.12085035082207561, 0.14849722484029743, 0.1777149439731909, 0.11058749607288722, 0.1495444549167452, 0.05675987014347052, 0.03372080846161902, 0.03989946591266101, 0.015813174154361714, 0.008063671588648026, 0.012462037909728767, 0.00471253534401508, 0.0029322442140538277, 0.0014661221070269138, 0.0014661221070269138, 0.0006283380458686773, 0.0, 0.0, 0.0], [0.0, 0.0, 0.0004016870857601928, 0.0022092789716810605, 0.0016067483430407712, 0.003414340228961639, 0.007029524000803374, 0.012653143201446074, 0.018879293030729064, 0.03554930708977706, 0.04980919863426391, 0.06848764812211287, 0.09359309098212493, 0.11247238401285399, 0.12171118698533842, 0.12050612572805784, 0.11990359509941756, 0.0668808997790721, 0.0725045189797148, 0.02892147017473388, 0.017674231773448484, 0.015866639887527616, 0.009037959429604338, 0.00502108857200241, 0.006426993372163085, 0.004016870857601928, 0.002410122514561157, 0.0014059048001606748, 0.001004217714400482, 0.0002008435428800964, 0.0004016870857601928, 0.0, 0.0], [0.0026954177897574125, 0.0026954177897574125, 0.0, 0.008086253369272238, 0.005390835579514825, 0.018867924528301886, 0.013477088948787063, 0.03773584905660377, 0.05660377358490566, 0.12398921832884097, 0.11590296495956873, 0.1293800539083558, 0.09973045822102426, 0.1105121293800539, 0.07008086253369272, 0.07008086253369272, 0.05121293800539083, 0.013477088948787063, 0.02425876010781671, 0.03234501347708895, 0.01078167115902965, 0.0026954177897574125, 0.0, 0.0, 0.0, 0.0, 0.0, 0.0, 0.0, 0.0, 0.0, 0.0, 0.0], [0.00021015025743406537, 0.00021015025743406537, 0.0005253756435851634, 0.00031522538615109805, 0.0005253756435851634, 0.0012609015446043922, 0.0015761269307554902, 0.00430808027739834, 0.007565409267626353, 0.016286644951140065, 0.025638331406955973, 0.03446464221918672, 0.04160975097194494, 0.04612798150677735, 0.05863192182410423, 0.06672270673531575, 0.20279499842387308, 0.13228958705474414, 0.14479352737207102, 0.0646212041609751, 0.042975727645266366, 0.0424503520016812, 0.021750551644425766, 0.013239466218346117, 0.018283072396763685, 0.005043606178417569, 0.0024167279604917517, 0.002942103604076915, 0.00042030051486813074, 0.0, 0.0, 0.0, 0.0], [0.0, 0.0, 0.0, 0.0, 0.00038925652004671076, 0.0007785130400934215, 0.0011677695601401323, 0.001557026080186843, 0.0023355391202802647, 0.009342156481121059, 0.012845465161541456, 0.015959517321915143, 0.022187621642662515, 0.037368625924484235, 0.061891786687427015, 0.07785130400934216, 0.10393149085247178, 0.08875048657065006, 0.1771117166212534, 0.06928766056831452, 0.07356948228882834, 0.0973141300116777, 0.043207473725184894, 0.017127286882055275, 0.047100038925652, 0.014013234721681589, 0.012456208641494744, 0.008563643441027637, 0.0027247956403269754, 0.0011677695601401323, 0.0, 0.0, 0.0], [0.0, 0.0, 0.00017599436818021823, 0.0, 0.0008799718409010912, 0.0005279831045406547, 0.0014079549454417458, 0.004399859204505456, 0.008447729672650475, 0.014607532558958114, 0.021295318549806406, 0.029919042590637098, 0.053502287926786345, 0.06441393875395987, 0.10119676170362549, 0.1254839845124956, 0.15329109468497007, 0.09644491376275958, 0.14343541006687785, 0.06212601196761704, 0.037310806054206266, 0.037310806054206266, 0.012671594508975714, 0.008271735304470257, 0.013375571981696586, 0.0033438929954241465, 0.0028159098908834917, 0.0014079549454417458, 0.0019359380499824005, 0.0, 0.0, 0.0, 0.0], [0.0, 0.0, 0.00042022692253817064, 0.00042022692253817064, 0.0005603025633842274, 0.003221739739459308, 0.0061633281972265025, 0.012326656394453005, 0.021291497408600646, 0.035859364056590556, 0.05869169351449783, 0.07381986272587197, 0.09665219218377924, 0.11864406779661017, 0.13825465751505814, 0.12256618574029976, 0.10463650371200449, 0.06065275248634262, 0.06275388709903348, 0.027174674324135034, 0.01820983330998739, 0.015408320493066256, 0.007984311528225242, 0.004202269225381706, 0.0037820423028435356, 0.003501891021151422, 0.0014007564084605687, 0.0002801512816921137, 0.0011206051267684549, 0.0, 0.0, 0.0, 0.0], [0.0, 0.0, 0.0, 0.0, 0.0001265022137887413, 0.0005060088551549652, 0.001644528779253637, 0.002024035420619861, 0.004554079696394687, 0.005313092979127135, 0.013409234661606578, 0.01948134092346616, 0.02795698924731183, 0.03364958886780519, 0.048450347881087916, 0.045034788108791905, 0.22416192283364958, 0.15395319418089817, 0.2137887413029728, 0.07514231499051234, 0.039721695129664766, 0.042251739405439595, 0.016065781151170147, 0.01062618595825427, 0.013409234661606578, 0.003795066413662239, 0.0018975332068311196, 0.0010120177103099305, 0.002024035420619861, 0.0, 0.0, 0.0, 0.0], [0.0002044153720359771, 0.0, 0.0, 0.00010220768601798856, 0.00010220768601798856, 0.00030662305805396567, 0.0012264922322158627, 0.001635322976287817, 0.004190515126737531, 0.00991414554374489, 0.016046606704824204, 0.019112837285363858, 0.025654129190515126, 0.0633687653311529, 0.13982011447260834, 0.14748569092395747, 0.16986917416189698, 0.10987326246933769, 0.13634505314799672, 0.054681112019623876, 0.030866721177432544, 0.03250204415372036, 0.012571545380212592, 0.005928045789043336, 0.009505314799672935, 0.0031684382665576453, 0.0021463614063777594, 0.0021463614063777594, 0.0005110384300899427, 0.0006132461161079313, 0.00010220768601798856, 0.0, 0.0], [0.0, 0.0, 0.0, 0.00017866714311238162, 0.0005360014293371449, 0.00017866714311238162, 0.0012506700017866715, 0.0017866714311238164, 0.003930677148472396, 0.006789351438270502, 0.014293371448990531, 0.025013400035733428, 0.0437734500625335, 0.06557084152224406, 0.09522958727889941, 0.11720564588172235, 0.1584777559406825, 0.11756298016794711, 0.15329640879042344, 0.07057352152939074, 0.04395211720564588, 0.037520100053600146, 0.015722708593889585, 0.006432017152045739, 0.010720028586742899, 0.004466678577809541, 0.002858674289798106, 0.0008933357155619082, 0.0008933357155619082, 0.0008933357155619082, 0.0, 0.0, 0.0], [0.0, 0.0, 0.00024740227610094015, 0.00024740227610094015, 0.0017318159327065809, 0.0032162295893122216, 0.0014844136566056407, 0.0054428500742206825, 0.011380504700643246, 0.01756556160316675, 0.030677882236516577, 0.04725383473527957, 0.06580900544285008, 0.09228104898565066, 0.11479465611083622, 0.12889658584858982, 0.1306284017812964, 0.09623948540326571, 0.10217714002968828, 0.045522018802572985, 0.029193468579910935, 0.030925284512617515, 0.014101929737753587, 0.006679861454725384, 0.012370113805047007, 0.0054428500742206825, 0.002226620484908461, 0.0027214250371103412, 0.0004948045522018803, 0.00024740227610094015, 0.0, 0.0, 0.0], [0.00018318373328448433, 0.0, 0.000549551199853453, 0.0012822861329913904, 0.000549551199853453, 0.0014654698662758747, 0.0034804909324052022, 0.0069609818648104045, 0.011906942663491482, 0.01978384319472431, 0.03169078585821579, 0.05220736398607804, 0.07418941198021616, 0.1016669719728888, 0.1240153874335959, 0.12822861329913904, 0.13592233009708737, 0.07931855651218171, 0.11320754716981132, 0.040849972522440006, 0.023813885326982965, 0.022714782927276057, 0.010258289063931123, 0.004762777065396593, 0.005129144531965561, 0.0018318373328448433, 0.0009159186664224216, 0.0014654698662758747, 0.0012822861329913904, 0.00036636746656896867, 0.0, 0.0, 0.0], [0.0, 0.0, 0.0001243008079552517, 0.0002486016159105034, 0.00037290242386575515, 0.0001243008079552517, 0.000870105655686762, 0.0018645121193287756, 0.002734617775015538, 0.006215040397762586, 0.01230577998756992, 0.01454319453076445, 0.02759477936606588, 0.03405842137973897, 0.14555624611559975, 0.15674331883157241, 0.1740211311373524, 0.11236793039154755, 0.17563704164077065, 0.04760720944686141, 0.025357364822871348, 0.028713486637663144, 0.01019266625233064, 0.006339341205717837, 0.00870105655686762, 0.003107520198881293, 0.001243008079552517, 0.0009944064636420136, 0.0018645121193287756, 0.0004972032318210068, 0.0, 0.0, 0.0], [0.0, 0.0, 0.0, 0.006211180124223602, 0.006211180124223602, 0.006211180124223602, 0.0, 0.018633540372670808, 0.049689440993788817, 0.09316770186335403, 0.062111801242236024, 0.08074534161490683, 0.07453416149068323, 0.062111801242236024, 0.043478260869565216, 0.12422360248447205, 0.08695652173913043, 0.08695652173913043, 0.037267080745341616, 0.043478260869565216, 0.049689440993788817, 0.012422360248447204, 0.031055900621118012, 0.0, 0.006211180124223602, 0.006211180124223602, 0.0, 0.012422360248447204, 0.0, 0.0, 0.0, 0.0, 0.0], [0.00022016732716864817, 0.00011008366358432408, 0.0, 0.0, 0.0, 0.00011008366358432408, 0.00022016732716864817, 0.0009907529722589167, 0.0024218405988551297, 0.004513430206957288, 0.007485689123734038, 0.010017613386173492, 0.02212681638044914, 0.029942756494936152, 0.05162923822104799, 0.16006164685160723, 0.226221928665786, 0.14883311316600617, 0.15433729634522236, 0.06516952884191986, 0.03797886393659181, 0.03753852928225451, 0.013650374284456186, 0.006825187142228093, 0.011008366358432409, 0.003963011889035667, 0.0018714222809335095, 0.002201673271686482, 0.0005504183179216205, 0.0, 0.0, 0.0, 0.0], [0.0, 0.0, 0.0, 0.00011901928112354201, 0.0, 0.00011901928112354201, 0.0009521542489883361, 0.00035705784337062603, 0.00119019281123542, 0.0022613663413472984, 0.004522732682694597, 0.006665079742918353, 0.011425850987860033, 0.016186622232801713, 0.027850511782908833, 0.10295167817186385, 0.18793144489407285, 0.151511544870269, 0.2118543203999048, 0.09247798143299214, 0.0589145441561533, 0.05784337062604142, 0.020352297072125686, 0.011068793144489407, 0.01951916210426089, 0.007260176148536063, 0.0034515591525827185, 0.0009521542489883361, 0.0015472506546060462, 0.00023803856224708403, 0.00047607712449416806, 0.0, 0.0], [0.00019554165037152912, 9.777082518576456e-05, 0.0, 0.00019554165037152912, 0.00019554165037152912, 0.0005866249511145874, 0.0007821666014861165, 0.0018576456785295268, 0.002933124755572937, 0.005572937035588581, 0.010070394994133751, 0.013394603050449747, 0.017500977708251857, 0.024638247946812672, 0.03402424716464607, 0.1404966757919437, 0.167774736018772, 0.1393234258897145, 0.18918654673445442, 0.08545170121235823, 0.0513296832225264, 0.05778255768478686, 0.021607352366053968, 0.011439186546734455, 0.014861165428236215, 0.00449745795854517, 0.0023464998044583495, 0.0014665623777864686, 0.00039108330074305825, 0.0, 0.0, 0.0, 0.0], [0.0, 0.0, 0.0, 0.0014347202295552368, 0.0014347202295552368, 0.0, 0.0, 0.007173601147776184, 0.007173601147776184, 0.005738880918220947, 0.01291248206599713, 0.02582496413199426, 0.043041606886657105, 0.08608321377331421, 0.12195121951219512, 0.17360114777618366, 0.17360114777618366, 0.12338593974175036, 0.12338593974175036, 0.04878048780487805, 0.02295552367288379, 0.01291248206599713, 0.0014347202295552368, 0.007173601147776184, 0.0, 0.0, 0.0, 0.0, 0.0, 0.0, 0.0, 0.0, 0.0], [0.0, 0.0, 0.0, 9.050592813829306e-05, 0.0, 9.050592813829306e-05, 0.00027151778441487917, 0.0007240474251063445, 0.001629106706489275, 0.004887320119467825, 0.007330980179201738, 0.012489818083084442, 0.02135939904063716, 0.027604308082179382, 0.040727667662231876, 0.048692189338401665, 0.08806226807855914, 0.1668929314870124, 0.28346456692913385, 0.09693184903611186, 0.0586478414336139, 0.07665852113313422, 0.02045433975925423, 0.010136663951488822, 0.02018282197483935, 0.00533984976015929, 0.0025341659878722056, 0.0023531541315956195, 0.0022626482034573264, 0.00018101185627658611, 0.0, 0.0, 0.0], [9.86679822397632e-05, 9.86679822397632e-05, 9.86679822397632e-05, 0.0, 0.0003946719289590528, 0.0003946719289590528, 0.0002960039467192896, 0.000986679822397632, 0.001085347804637395, 0.005229403058707449, 0.00957079427725703, 0.019042920572274295, 0.03275777010360138, 0.044499259990133204, 0.06521953626048348, 0.07686235816477553, 0.09689195855944746, 0.20740009866798223, 0.22960039467192897, 0.09146521953626048, 0.04578194375925013, 0.041539220522940304, 0.014701529353724716, 0.0063147508633448445, 0.004144055254070054, 0.0017760236803157376, 0.0033547113961519487, 0.0003946719289590528, 0.0, 0.0, 0.0, 0.0, 0.0], [0.0, 0.00010458063166701528, 0.0, 0.00010458063166701528, 0.00010458063166701528, 0.0005229031583350763, 0.0007320644216691069, 0.0016732901066722444, 0.002300773896674336, 0.004496967161681657, 0.00836645053336122, 0.013804643380046016, 0.049466638778498224, 0.08199121522693997, 0.11085546956703618, 0.1396151432754654, 0.15875339887052917, 0.11650282367705501, 0.1383601756954612, 0.0657812173185526, 0.039949801296799835, 0.03409328592344698, 0.014850449696716167, 0.006483999163354947, 0.005856515373352855, 0.0025099351600083664, 0.0012549675800041832, 0.0014641288433382138, 0.0, 0.0, 0.0, 0.0, 0.0], [0.0, 0.0, 0.0, 0.0, 0.0002355435166647038, 0.0, 0.0008244023083264633, 0.002355435166647038, 0.004828642091626428, 0.0077729360499352255, 0.016370274408196914, 0.025085384524790956, 0.04192674596631728, 0.06665881521611118, 0.10305028854080792, 0.12589800965728418, 0.15286774231539277, 0.09798610293251678, 0.16711812507360735, 0.059828053232834764, 0.03733364739135555, 0.039217995524673185, 0.016488046166529265, 0.006595218466611707, 0.012719349899894006, 0.00494641384995878, 0.0040042397832999645, 0.00247320692497939, 0.0020021198916499823, 0.0004710870333294076, 0.0009421740666588152, 0.0, 0.0], [0.0, 0.00017158544955387783, 0.00017158544955387783, 0.00034317089910775565, 0.001029512697323267, 0.001029512697323267, 0.0017158544955387784, 0.0025737817433081674, 0.005662319835277968, 0.017844886753603295, 0.042210020590253944, 0.05936856554564173, 0.07875772134522993, 0.10415236787920384, 0.12577213452299246, 0.11822237474262183, 0.1463623884694578, 0.07807137954701442, 0.1153054221002059, 0.029684282772820866, 0.02385037748798902, 0.020933424845573097, 0.008407687028140013, 0.004461221688400824, 0.0075497597803706245, 0.002059025394646534, 0.002059025394646534, 0.00034317089910775565, 0.001029512697323267, 0.0008579272477693892, 0.0, 0.0, 0.0], [0.0, 0.0, 0.0, 0.0007246376811594203, 0.000966183574879227, 0.002173913043478261, 0.003864734299516908, 0.007004830917874396, 0.01352657004830918, 0.015217391304347827, 0.026328502415458938, 0.042753623188405795, 0.05410628019323672, 0.0821256038647343, 0.12367149758454106, 0.13140096618357489, 0.1495169082125604, 0.0963768115942029, 0.10990338164251208, 0.04830917874396135, 0.027777777777777776, 0.02246376811594203, 0.012318840579710146, 0.009420289855072464, 0.008454106280193236, 0.003140096618357488, 0.0026570048309178746, 0.003381642512077295, 0.0014492753623188406, 0.000966183574879227, 0.0, 0.0, 0.0], [0.00022338880822070814, 0.0, 0.0, 0.0, 0.0004467776164414163, 0.0004467776164414163, 0.0016754160616553112, 0.0034625265274209763, 0.004914553780855579, 0.009494024349380096, 0.017424327041215236, 0.04121523511672065, 0.08466435831564839, 0.11962470680218922, 0.1471015302133363, 0.15067575114486764, 0.1383893666927287, 0.080755054171786, 0.09572210432257344, 0.03417848765776835, 0.020775159164525856, 0.02412599128783648, 0.008935552328828325, 0.004579470568524517, 0.007148441863062661, 0.0022338880822070813, 0.0005584720205517703, 0.0008935552328828326, 0.00011169440411035407, 0.00022338880822070814, 0.0, 0.0, 0.0], [0.0, 0.0, 0.0, 0.00028153153153153153, 0.00014076576576576576, 0.00014076576576576576, 0.0014076576576576576, 0.0004222972972972973, 0.0021114864864864866, 0.0046452702702702705, 0.007742117117117117, 0.009290540540540541, 0.01463963963963964, 0.06151463963963964, 0.11444256756756757, 0.13851351351351351, 0.17300112612612611, 0.11078265765765766, 0.1669481981981982, 0.05912162162162162, 0.03758445945945946, 0.04082207207207207, 0.018862612612612614, 0.007882882882882882, 0.014780405405405405, 0.004926801801801802, 0.005067567567567568, 0.0022522522522522522, 0.001829954954954955, 0.0005630630630630631, 0.00028153153153153153, 0.0, 0.0], [0.0, 0.0, 0.0001719986240110079, 0.0003439972480220158, 0.0010319917440660474, 0.0013759889920880633, 0.002235982112143103, 0.0046439628482972135, 0.007739938080495356, 0.01823185414516684, 0.03027175782593739, 0.04162366701066392, 0.06793945648434813, 0.0911592707258342, 0.11713106295149639, 0.13192294461644308, 0.1458548331613347, 0.0892672858617131, 0.12435500515995872, 0.044719642242862054, 0.027519779841761266, 0.021671826625386997, 0.010319917440660475, 0.004471964224286206, 0.005675954592363261, 0.0012039903680770554, 0.002407980736154111, 0.003955968352253182, 0.0025799793601651187, 0.0001719986240110079, 0.0, 0.0, 0.0], [0.0001168770453482936, 0.0, 0.0, 0.0, 0.0001168770453482936, 0.0010518934081346423, 0.0007012622720897616, 0.0023375409069658717, 0.002805049088359046, 0.005726975222066387, 0.013908368396446939, 0.021739130434782608, 0.03529686769518466, 0.042426367461430574, 0.059022907900888266, 0.1167601683029453, 0.20967741935483872, 0.1496026180458158, 0.16012155212716223, 0.07152875175315568, 0.04441327723235157, 0.03307620383356709, 0.013557737260402058, 0.005493221131369799, 0.005610098176718092, 0.001986909770920991, 0.0023375409069658717, 0.0004675081813931744, 0.0001168770453482936, 0.0, 0.0, 0.0, 0.0], [0.0, 0.0, 0.0, 0.00014710208884966165, 0.00014710208884966165, 0.000441306266548985, 0.0005884083553986466, 0.0016181229773462784, 0.00264783759929391, 0.005736981465136805, 0.023389232127096204, 0.03265666372462489, 0.06751985878199471, 0.09605766401882906, 0.1320976757869962, 0.14548396587231538, 0.15607531626949103, 0.10355987055016182, 0.11135628125919388, 0.04295380994410121, 0.026037069726390114, 0.020741394527802295, 0.00985583995292733, 0.004707266843189173, 0.008090614886731391, 0.00264783759929391, 0.00264783759929391, 0.0011768167107972932, 0.0014710208884966167, 0.0, 0.00014710208884966165, 0.0, 0.0], [0.0, 0.0, 0.0, 0.00015432098765432098, 0.0, 0.0006172839506172839, 0.000925925925925926, 0.000925925925925926, 0.0023148148148148147, 0.002006172839506173, 0.005246913580246914, 0.010956790123456791, 0.03981481481481482, 0.06388888888888888, 0.09197530864197531, 0.11743827160493828, 0.15570987654320986, 0.10987654320987654, 0.17962962962962964, 0.0705246913580247, 0.041512345679012345, 0.046296296296296294, 0.020370370370370372, 0.011265432098765432, 0.01589506172839506, 0.006481481481481481, 0.002777777777777778, 0.0007716049382716049, 0.0023148148148148147, 0.00030864197530864197, 0.0, 0.0, 0.0], [0.0, 0.0, 0.0001155268022181146, 0.0, 0.0002310536044362292, 0.0003465804066543438, 0.0003465804066543438, 0.0012707948243992607, 0.0011552680221811461, 0.003812384473197782, 0.006700554528650647, 0.01605822550831793, 0.026802218114602587, 0.045055452865064696, 0.055568391866913126, 0.15850277264325324, 0.18114602587800369, 0.10963493530499076, 0.18103049907578558, 0.06457948243992606, 0.04366913123844732, 0.04008780036968577, 0.023798521256931607, 0.012014787430683918, 0.016404805914972273, 0.004505545286506469, 0.0031192236598890943, 0.0020794824399260627, 0.0010397412199630314, 0.0009242144177449168, 0.0, 0.0, 0.0], [0.0, 0.0, 0.0, 0.0, 9.375585974123383e-05, 9.375585974123383e-05, 9.375585974123383e-05, 0.0008438027376711045, 0.0017813613350834427, 0.004781548846802926, 0.009094318394899681, 0.016501031314457154, 0.02840802550159385, 0.03618976186011626, 0.05465966622913932, 0.05897243577723608, 0.07209825614100882, 0.0770673167072942, 0.32711419463716485, 0.11494468404275267, 0.06497281080067505, 0.07256703543971499, 0.018282392649540596, 0.009000562535158447, 0.019688730545659103, 0.005062816426026627, 0.0030001875117194824, 0.0024376523532720793, 0.0017813613350834427, 0.0004687792987061691, 0.0, 0.0, 0.0], [0.0, 0.0, 0.0, 0.0, 0.0, 0.00010006003602161297, 0.0006003602161296778, 0.003001801080648389, 0.005303181909145487, 0.00980588353011807, 0.018010806483890335, 0.033720232139283574, 0.05033019811887132, 0.07724634780868521, 0.11406844106463879, 0.1357814688813288, 0.17310386231739044, 0.10966579947968781, 0.15519311586952172, 0.047828697218330996, 0.02461476886131679, 0.026215729437662597, 0.00710426255753452, 0.003301981188713228, 0.002601560936561937, 0.0009005403241945167, 0.0006003602161296778, 0.0006003602161296778, 0.0003001801080648389, 0.0, 0.0, 0.0, 0.0], [0.0, 0.002976190476190476, 0.0, 0.002976190476190476, 0.005952380952380952, 0.020833333333333332, 0.020833333333333332, 0.03869047619047619, 0.08333333333333333, 0.05952380952380952, 0.050595238095238096, 0.07738095238095238, 0.08035714285714286, 0.11904761904761904, 0.125, 0.10714285714285714, 0.07738095238095238, 0.047619047619047616, 0.03869047619047619, 0.01488095238095238, 0.011904761904761904, 0.008928571428571428, 0.0, 0.005952380952380952, 0.0, 0.0, 0.0, 0.0, 0.0, 0.0, 0.0, 0.0, 0.0]]}, "ranks": {"labels": ["Unranked", "Combatatent I", "Combatatent II", "Challenger I", "Challenger II", "Rival I", "Rival II", "Duelist", "Elite"], "data": [[0.130374479889043, 0.18307905686546463, 0.2510402219140083, 0.2302357836338419, 0.10957004160887657, 0.05825242718446602, 0.019417475728155338, 0.018030513176144243, 0.0], [0.06242165956380045, 0.09300576585610429, 0.1762346452745049, 0.2662321383805465, 0.22762597142140886, 0.12409125094008523, 0.031336174479819505, 0.013537227375282025, 0.0055151667084482325], [0.007571276469892346, 0.01242162545841713, 0.031231515438305928, 0.06423754879924287, 0.24973382231160535, 0.4153554950905004, 0.0921566307819709, 0.0944043534839702, 0.03288773216609488], [0.015233698788228505, 0.024697057126370457, 0.05504904789382573, 0.09405654933641085, 0.11506058857472591, 0.34933641084824, 0.1599538372763993, 0.14275822273514138, 0.04385458742065782], [0.18041237113402062, 0.16494845360824742, 0.22164948453608246, 0.1958762886597938, 0.10824742268041238, 0.08762886597938144, 0.03608247422680412, 0.005154639175257732, 0.0], [0.007330610535134569, 0.01853597235312598, 0.08901455649806263, 0.26934757566237305, 0.28830244004607813, 0.18200858728662686, 0.058016546235207876, 0.06377631165567076, 0.02366739972772018], [0.08174332195219923, 0.11829684675637678, 0.2060654749949789, 0.24221731271339628, 0.18678449487848967, 0.09058043783892347, 0.02851978308897369, 0.029925687889134363, 0.015866639887527616], [0.2695417789757412, 0.24528301886792453, 0.21024258760107817, 0.14016172506738545, 0.0646900269541779, 0.04043126684636118, 0.026954177897574125, 0.0026954177897574125, 0.0], [0.0327834401597142, 0.06010297362614269, 0.08773773247872228, 0.12535462855941998, 0.3350845854786172, 0.18125459703688138, 0.07113586214143112, 0.07744036986445309, 0.029105810654618054], [0.015570260801868432, 0.028804982483456597, 0.05955624756714675, 0.13974309069676918, 0.19268197742312185, 0.21136629038536395, 0.10860256909303231, 0.15764889061891788, 0.08602569093032308], [0.030447025695177755, 0.051214361140443504, 0.11791622668074622, 0.22668074621612108, 0.24973600844772967, 0.1805702217529039, 0.06230200633579725, 0.05825413586765223, 0.02287926786342837], [0.08026334220479059, 0.1325115562403698, 0.2152962599803894, 0.26082084325535787, 0.1652892561983471, 0.07676145118363917, 0.03137694354951674, 0.027594901246673204, 0.010085446140916094], [0.014168247944339026, 0.03289057558507274, 0.061606578115117015, 0.09348513598987983, 0.37811511701454775, 0.2573055028462998, 0.0713472485768501, 0.068943706514864, 0.022137887413029727], [0.01768192968111202, 0.03515944399018806, 0.08902289452166803, 0.2873058053965658, 0.27974243663123466, 0.16721177432542927, 0.054681112019623876, 0.05100163532297629, 0.01819296811120196], [0.014650705735215293, 0.03930677148472396, 0.10934429158477756, 0.21243523316062177, 0.2760407361086296, 0.19206717884581026, 0.07575486867964981, 0.059674825799535466, 0.02072538860103627], [0.041316180108857, 0.07793171697179614, 0.15809005442850074, 0.243691241959426, 0.2268678871845621, 0.1271647699158832, 0.04972785749628897, 0.051707075705096486, 0.023503216229589313], [0.046162300787690055, 0.08389814984429382, 0.17585638395310496, 0.25224400073273495, 0.2152408866092691, 0.1383037186297857, 0.03956768638944862, 0.03773584905660377, 0.01099102399706906], [0.012554381603480422, 0.02684897451833437, 0.06165320074580485, 0.30229956494717214, 0.2863890615288999, 0.20298321939092603, 0.04561839651957738, 0.04524549409571162, 0.016407706650093227], [0.18012422360248448, 0.14285714285714285, 0.13664596273291926, 0.16770186335403728, 0.17391304347826086, 0.055900621118012424, 0.07453416149068323, 0.043478260869565216, 0.024844720496894408], [0.008586525759577279, 0.01750330250990753, 0.052069572875385293, 0.2116908850726552, 0.37505504183179217, 0.1928665785997358, 0.06461911052399824, 0.058014090708938794, 0.019594892118009688], [0.0049988098071887645, 0.01118781242561295, 0.027612473220661748, 0.13080218995477266, 0.33944298976434184, 0.26303261128302785, 0.10021423470602238, 0.0892644608426565, 0.033444417995715306], [0.0124168947985921, 0.023464998044583497, 0.042139225655064526, 0.17452092295658975, 0.3070981619084865, 0.23621431364880718, 0.08975361752053188, 0.09082909659757528, 0.02356276886976926], [0.02295552367288379, 0.03873744619799139, 0.1291248206599713, 0.29555236728837875, 0.296987087517934, 0.15208034433285508, 0.043041606886657105, 0.021520803443328552, 0.0], [0.00769300389175491, 0.01982079826228618, 0.048963707122816544, 0.08941985700063354, 0.25495519956557156, 0.3402117838718436, 0.09883247352701602, 0.10724952484387727, 0.03285365191420038], [0.00868278243709916, 0.028613714849531326, 0.07725703009373458, 0.142081894425259, 0.3042920572274297, 0.2807104094721263, 0.08613714849531327, 0.06255550074000987, 0.009669462259496794], [0.010039740640033466, 0.022171093913407238, 0.1314578540054382, 0.25047061284250155, 0.2752562225475842, 0.17559088056891864, 0.068500313741895, 0.05542773478351809, 0.011085546956703619], [0.016016959133199858, 0.04145565893298787, 0.10858556118242846, 0.2289482981980921, 0.25085384524790955, 0.19820986927334824, 0.06606995642444942, 0.062301260157814155, 0.027558591449770346], [0.030542210020590255, 0.10157858613589568, 0.18291008922443378, 0.24399450926561428, 0.2244337680164722, 0.13143445435827042, 0.03740562800274537, 0.033802333562113936, 0.013898421413864104], [0.043478260869565216, 0.06908212560386473, 0.13623188405797101, 0.25507246376811593, 0.24589371980676328, 0.13719806763285025, 0.048792270531400964, 0.04420289855072464, 0.02004830917874396], [0.020663464760415504, 0.058639562157935886, 0.2042890651178376, 0.29777728135820397, 0.2191444208645147, 0.11437506980900257, 0.03630068133586507, 0.03764101418518932, 0.011169440411035406], [0.009149774774774775, 0.017032657657657657, 0.07615427927927929, 0.2529560810810811, 0.28378378378378377, 0.19876126126126126, 0.06489301801801801, 0.06756756756756757, 0.029701576576576575], [0.03577571379428965, 0.0718954248366013, 0.1590987272101823, 0.24905400756793947, 0.2351221190230478, 0.15049879600963192, 0.04609563123495012, 0.03646370829033368, 0.015995872033023734], [0.012856474988312296, 0.03564749883122954, 0.07772323515661524, 0.17578307620383357, 0.3592800374006545, 0.19927536231884058, 0.0767882187938289, 0.05212716222533895, 0.010518934081346423], [0.011326860841423949, 0.056045895851721095, 0.16357752280082377, 0.27758164165931154, 0.25963518681965286, 0.13518681965283907, 0.04516034127684613, 0.0353045013239188, 0.016181229773462782], [0.006944444444444444, 0.016203703703703703, 0.1037037037037037, 0.2094135802469136, 0.26558641975308644, 0.21774691358024692, 0.07391975308641975, 0.0779320987654321, 0.02854938271604938], [0.00727818853974122, 0.022758780036968577, 0.07185767097966728, 0.21407116451016636, 0.29078096118299446, 0.21615064695009242, 0.07312846580406654, 0.0759011090573013, 0.02807301293900185], [0.007687980498781174, 0.025595349709356834, 0.06459778736171011, 0.1136321020063754, 0.149165572848303, 0.39096193512094507, 0.11606975435964748, 0.09984999062441402, 0.032439527470466904], [0.018811286772063236, 0.0517310386231739, 0.12757654592755654, 0.2498499099459676, 0.28276966179707824, 0.1827096257754653, 0.04492695617370422, 0.03662197318391035, 0.005003001801080648], [0.23511904761904762, 0.12797619047619047, 0.19940476190476192, 0.23214285714285715, 0.125, 0.041666666666666664, 0.023809523809523808, 0.01488095238095238, 0.0]]}, "ranksDetailed": {"labels": ["Unranked", "Combatatant", "Challenger", "Rival", "Duelist", "Elite"], "data": [[0.130374479889043, 0.43411927877947293, 0.33980582524271846, 0.07766990291262135, 0.018030513176144243, 0.0], [0.06242165956380045, 0.2692404111306092, 0.4938581098019554, 0.15542742541990473, 0.013537227375282025, 0.0055151667084482325], [0.007571276469892346, 0.04365314089672306, 0.3139713711108482, 0.5075121258724713, 0.0944043534839702, 0.03288773216609488], [0.015233698788228505, 0.07974610502019619, 0.20911713791113676, 0.5092902481246393, 0.14275822273514138, 0.04385458742065782], [0.18041237113402062, 0.3865979381443299, 0.30412371134020616, 0.12371134020618557, 0.005154639175257732, 0.0], [0.007330610535134569, 0.10755052885118861, 0.5576500157084512, 0.24002513352183474, 0.06377631165567076, 0.02366739972772018], [0.08174332195219923, 0.3243623217513557, 0.42900180759188594, 0.11910022092789717, 0.029925687889134363, 0.015866639887527616], [0.2695417789757412, 0.4555256064690027, 0.20485175202156333, 0.0673854447439353, 0.0026954177897574125, 0.0], [0.0327834401597142, 0.14784070610486497, 0.46043921403803717, 0.2523904591783125, 0.07744036986445309, 0.029105810654618054], [0.015570260801868432, 0.08836123005060335, 0.33242506811989103, 0.31996885947839626, 0.15764889061891788, 0.08602569093032308], [0.030447025695177755, 0.16913058782118973, 0.47641675466385075, 0.24287222808870115, 0.05825413586765223, 0.02287926786342837], [0.08026334220479059, 0.34780781622075924, 0.426110099453705, 0.10813839473315591, 0.027594901246673204, 0.010085446140916094], [0.014168247944339026, 0.09449715370018975, 0.4716002530044276, 0.3286527514231499, 0.068943706514864, 0.022137887413029727], [0.01768192968111202, 0.12418233851185609, 0.5670482420278005, 0.22189288634505314, 0.05100163532297629, 0.01819296811120196], [0.014650705735215293, 0.14865106306950152, 0.4884759692692514, 0.26782204752546007, 0.059674825799535466, 0.02072538860103627], [0.041316180108857, 0.23602177140029687, 0.4705591291439881, 0.17689262741217218, 0.051707075705096486, 0.023503216229589313], [0.046162300787690055, 0.25975453379739877, 0.46748488734200405, 0.1778714050192343, 0.03773584905660377, 0.01099102399706906], [0.012554381603480422, 0.08850217526413921, 0.5886886264760721, 0.24860161591050342, 0.04524549409571162, 0.016407706650093227], [0.18012422360248448, 0.2795031055900621, 0.3416149068322981, 0.13043478260869565, 0.043478260869565216, 0.024844720496894408], [0.008586525759577279, 0.06957287538529282, 0.5867459269044474, 0.25748568912373404, 0.058014090708938794, 0.019594892118009688], [0.0049988098071887645, 0.0388002856462747, 0.4702451797191145, 0.3632468459890502, 0.0892644608426565, 0.033444417995715306], [0.0124168947985921, 0.06560422369964802, 0.48161908486507626, 0.3259679311693391, 0.09082909659757528, 0.02356276886976926], [0.02295552367288379, 0.1678622668579627, 0.5925394548063128, 0.1951219512195122, 0.021520803443328552, 0.0], [0.00769300389175491, 0.06878450538510272, 0.3443750565662051, 0.4390442573988596, 0.10724952484387727, 0.03285365191420038], [0.00868278243709916, 0.10587074494326591, 0.4463739516526887, 0.36684755796743956, 0.06255550074000987, 0.009669462259496794], [0.010039740640033466, 0.15362894791884543, 0.5257268353900858, 0.24409119431081364, 0.05542773478351809, 0.011085546956703619], [0.016016959133199858, 0.15004122011541632, 0.47980214344600164, 0.2642798256977977, 0.062301260157814155, 0.027558591449770346], [0.030542210020590255, 0.28448867536032946, 0.46842827728208647, 0.16884008236101578, 0.033802333562113936, 0.013898421413864104], [0.043478260869565216, 0.20531400966183574, 0.5009661835748792, 0.1859903381642512, 0.04420289855072464, 0.02004830917874396], [0.020663464760415504, 0.2629286272757735, 0.5169217022227186, 0.15067575114486764, 0.03764101418518932, 0.011169440411035406], [0.009149774774774775, 0.09318693693693694, 0.5367398648648649, 0.26365427927927926, 0.06756756756756757, 0.029701576576576575], [0.03577571379428965, 0.2309941520467836, 0.4841761265909873, 0.19659442724458204, 0.03646370829033368, 0.015995872033023734], [0.012856474988312296, 0.1133707339878448, 0.5350631136044881, 0.2760635811126695, 0.05212716222533895, 0.010518934081346423], [0.011326860841423949, 0.21962341865254487, 0.5372168284789643, 0.1803471609296852, 0.0353045013239188, 0.016181229773462782], [0.006944444444444444, 0.11990740740740741, 0.475, 0.2916666666666667, 0.0779320987654321, 0.02854938271604938], [0.00727818853974122, 0.09461645101663586, 0.5048521256931608, 0.28927911275415896, 0.0759011090573013, 0.02807301293900185], [0.007687980498781174, 0.09019313707106694, 0.2627976748546784, 0.5070316894805925, 0.09984999062441402, 0.032439527470466904], [0.018811286772063236, 0.17930758455073043, 0.5326195717430459, 0.2276365819491695, 0.03662197318391035, 0.005003001801080648], [0.23511904761904762, 0.3273809523809524, 0.35714285714285715, 0.06547619047619048, 0.01488095238095238, 0.0]]}}}, "eu": {"histType": {"histogram": {"labels": ["0", "100", "200", "300", "400", "500", "600", "700", "800", "900", "1000", "1100", "1200", "1300", "1400", "1500", "1600", "1700", "1800", "1900", "2000", "2100", "2200", "2300", "2400", "2500", "2600", "2700", "2800", "2900", "3000", "3100", "3200"], "data": [[0.0, 0.0, 0.0018315018315018315, 0.0, 0.0018315018315018315, 0.007326007326007326, 0.01282051282051282, 0.02564102564102564, 0.04945054945054945, 0.07692307692307693, 0.07692307692307693, 0.10805860805860806, 0.10073260073260074, 0.11904761904761904, 0.1391941391941392, 0.09340659340659341, 0.0641025641025641, 0.040293040293040296, 0.0347985347985348, 0.018315018315018316, 0.01282051282051282, 0.005494505494505495, 0.003663003663003663, 0.007326007326007326, 0.0, 0.0, 0.0, 0.0, 0.0, 0.0, 0.0, 0.0, 0.0], [0.0, 0.0002771618625277162, 0.0008314855875831486, 0.0011086474501108647, 0.0016629711751662971, 0.003880266075388027, 0.006929046563192905, 0.010809312638580931, 0.019401330376940133, 0.03436807095343681, 0.04490022172949002, 0.06208425720620843, 0.08176274944567627, 0.10421286031042129, 0.1352549889135255, 0.13137472283813748, 0.14079822616407983, 0.06818181818181818, 0.09506651884700665, 0.024390243902439025, 0.012195121951219513, 0.009700665188470067, 0.0041574279379157425, 0.002771618625277162, 0.0022172949002217295, 0.0011086474501108647, 0.0005543237250554324, 0.0, 0.0, 0.0, 0.0, 0.0, 0.0], [0.0, 0.0, 0.0, 0.00011954572624028691, 0.00011954572624028691, 0.00011954572624028691, 0.0, 0.0007172743574417215, 0.0019127316198445906, 0.002630005977286312, 0.005857740585774059, 0.009563658099222952, 0.011954572624028692, 0.015301852958756725, 0.02546323968918111, 0.035026897788404066, 0.17943813508667064, 0.15397489539748954, 0.32540346682606097, 0.08021518230723251, 0.052121936640765094, 0.052241482367005376, 0.018410041841004185, 0.007890017931858936, 0.011715481171548118, 0.005140466228332337, 0.0019127316198445906, 0.0022713687985654514, 0.00023909145248057382, 0.00023909145248057382, 0.0, 0.0, 0.0], [0.0, 0.0, 0.0, 0.00011072970878086591, 0.00011072970878086591, 0.00022145941756173182, 0.0007751079614660613, 0.0021038644668364523, 0.00243605359317905, 0.005868674565385893, 0.011737349130771787, 0.017163104861034215, 0.020706455542021926, 0.02646440039862695, 0.04296312700697597, 0.05381463846750083, 0.07618203964123574, 0.051489314583102644, 0.27516332632045176, 0.1474919720961134, 0.09234857712324217, 0.08791938877200753, 0.030672129332299857, 0.013287565053703909, 0.023585427970324438, 0.00786180932344148, 0.004318458642453771, 0.0015502159229321226, 0.003432620972206843, 0.00022145941756173182, 0.0, 0.0, 0.0], [0.0, 0.0, 0.0, 0.0, 0.0, 0.021164021164021163, 0.026455026455026454, 0.05291005291005291, 0.06349206349206349, 0.047619047619047616, 0.07407407407407407, 0.07936507936507936, 0.06349206349206349, 0.1164021164021164, 0.08994708994708994, 0.14814814814814814, 0.031746031746031744, 0.06349206349206349, 0.031746031746031744, 0.05291005291005291, 0.015873015873015872, 0.005291005291005291, 0.0, 0.005291005291005291, 0.010582010582010581, 0.0, 0.0, 0.0, 0.0, 0.0, 0.0, 0.0, 0.0], [0.0, 0.00010436234606553955, 0.00010436234606553955, 0.0002087246921310791, 0.00031308703819661864, 0.00010436234606553955, 0.0002087246921310791, 0.001147985806720935, 0.001878522229179712, 0.0038614068044249637, 0.007827175954915467, 0.01179294510540597, 0.018472135253600502, 0.08933416823210186, 0.1279482362763515, 0.1369233980379879, 0.16197036109371737, 0.11125026090586516, 0.1509079524107702, 0.056355666875391355, 0.03673554581506992, 0.04017950323523273, 0.0149238154873