{"region": {"us": {"histType": {"histogram": {"labels": ["0", "100", "200", "300", "400", "500", "600", "700", "800", "900", "1000", "1100", "1200", "1300", "1400", "1500", "1600", "1700", "1800", "1900", "2000", "2100", "2200", "2300", "2400", "2500", "2600", "2700", "2800", "2900", "3000", "3100", "3200"], "data": [[0.0, 0.0, 0.0027739251040221915, 0.005547850208044383, 0.004160887656033287, 0.006934812760055479, 0.012482662968099861, 0.013869625520110958, 0.036061026352288486, 0.04854368932038835, 0.08183079056865465, 0.10124826629680998, 0.11789181692094314, 0.13314840499306518, 0.1317614424410541, 0.09847434119278779, 0.06657420249653259, 0.04299583911234397, 0.04576976421636616, 0.018030513176144243, 0.013869625520110958, 0.008321775312066574, 0.004160887656033287, 0.005547850208044383, 0.0, 0.0, 0.0, 0.0, 0.0, 0.0, 0.0, 0.0, 0.0], [0.0, 0.00025150905432595576, 0.00025150905432595576, 0.00025150905432595576, 0.001006036217303823, 0.002012072434607646, 0.004778672032193159, 0.009557344064386318, 0.015593561368209255, 0.028672032193158954, 0.03822937625754527, 0.05482897384305835, 0.08224346076458752, 0.09456740442655935, 0.13028169014084506, 0.1358148893360161, 0.14411468812877262, 0.0829979879275654, 0.10412474849094568, 0.033953722334004025, 0.017354124748490945, 0.006790744466800805, 0.004024144869215292, 0.002766599597585513, 0.0017605633802816902, 0.0017605633802816902, 0.001006036217303823, 0.001006036217303823, 0.0, 0.0, 0.0, 0.0, 0.0], [0.00011860989206499822, 0.0, 0.0, 0.00023721978412999644, 0.00023721978412999644, 0.00023721978412999644, 0.00023721978412999644, 0.0005930494603249911, 0.0024908077333649628, 0.0034396868698849483, 0.005218835250859922, 0.007235203415964892, 0.01197959909856482, 0.01921480251452971, 0.02526390700984462, 0.038904044597319415, 0.08788993002016368, 0.1616652828845926, 0.3682837148618195, 0.08705966077570869, 0.05242557229272921, 0.06096548452140908, 0.023721978412999643, 0.009726011149329854, 0.019452022298659707, 0.006286324279444906, 0.0023721978412999645, 0.004151346222274937, 0.00011860989206499822, 0.0004744395682599929, 0.0, 0.0, 0.0], [0.0, 0.0, 0.0, 0.0, 0.00011574074074074075, 0.0, 0.0008101851851851852, 0.001736111111111111, 0.00474537037037037, 0.00787037037037037, 0.011689814814814814, 0.012962962962962963, 0.026041666666666668, 0.028587962962962964, 0.04236111111111111, 0.05138888888888889, 0.07141203703703704, 0.043402777777777776, 0.26655092592592594, 0.15381944444444445, 0.08935185185185185, 0.09733796296296296, 0.03229166666666667, 0.013541666666666667, 0.027777777777777776, 0.006712962962962963, 0.00474537037037037, 0.0019675925925925924, 0.002777777777777778, 0.0, 0.0, 0.0, 0.0], [0.0, 0.0, 0.0, 0.0, 0.010256410256410256, 0.005128205128205128, 0.03076923076923077, 0.02564102564102564, 0.05641025641025641, 0.05128205128205128, 0.07179487179487179, 0.09230769230769231, 0.10256410256410256, 0.11794871794871795, 0.09230769230769231, 0.10256410256410256, 0.07692307692307693, 0.03076923076923077, 0.06153846153846154, 0.03076923076923077, 0.035897435897435895, 0.005128205128205128, 0.0, 0.0, 0.0, 0.0, 0.0, 0.0, 0.0, 0.0, 0.0, 0.0, 0.0], [0.0, 0.0, 0.0, 0.0, 0.0, 0.0, 0.0, 0.0013713080168776372, 0.0012658227848101266, 0.004641350210970464, 0.007172995780590718, 0.01149789029535865, 0.021624472573839662, 0.06772151898734177, 0.12130801687763713, 0.14883966244725738, 0.1780590717299578, 0.11054852320675106, 0.14926160337552744, 0.05664556962025316, 0.03312236286919831, 0.039873417721518985, 0.015717299578059073, 0.008016877637130802, 0.012236286919831224, 0.004746835443037975, 0.002953586497890295, 0.0013713080168776372, 0.0013713080168776372, 0.0006329113924050633, 0.0, 0.0, 0.0], [0.0, 0.0, 0.00040306328093510683, 0.0022168480451430876, 0.0016122531237404273, 0.0034260378879484078, 0.007053607416364369, 0.012696493349455865, 0.01894397420395002, 0.035671100362756954, 0.049979846835953246, 0.06872228939943571, 0.09371221281741234, 0.11265618702136235, 0.1211205159209996, 0.12071745264006449, 0.12011285771866183, 0.06690850463522773, 0.07255139056831923, 0.02902055622732769, 0.0177347843611447, 0.015719467956469165, 0.008665860540104797, 0.005038291011688835, 0.006449012494961709, 0.0036275695284159614, 0.0024183796856106408, 0.0014107214832728737, 0.001007658202337767, 0.00020153164046755341, 0.00020153164046755341, 0.0, 0.0], [0.002688172043010753, 0.002688172043010753, 0.0, 0.008064516129032258, 0.005376344086021506, 0.01881720430107527, 0.013440860215053764, 0.03763440860215054, 0.056451612903225805, 0.12365591397849462, 0.11559139784946236, 0.12903225806451613, 0.09946236559139784, 0.11021505376344086, 0.06989247311827956, 0.06989247311827956, 0.051075268817204304, 0.013440860215053764, 0.024193548387096774, 0.03225806451612903, 0.010752688172043012, 0.002688172043010753, 0.002688172043010753, 0.0, 0.0, 0.0, 0.0, 0.0, 0.0, 0.0, 0.0, 0.0, 0.0], [0.00021061499578770007, 0.00021061499578770007, 0.0005265374894692502, 0.0003159224936815501, 0.0005265374894692502, 0.0012636899747262005, 0.0015796124684077507, 0.004317607413647851, 0.007687447346251053, 0.016322662173546755, 0.025695029486099412, 0.03443555181128896, 0.04149115417017692, 0.04601937657961247, 0.05812973883740522, 0.06676495366470092, 0.2028222409435552, 0.13247683235046334, 0.14511373209772535, 0.06455349620893007, 0.04296545914069082, 0.04243892165122157, 0.02169334456613311, 0.013268744734625105, 0.018323504633529906, 0.005054759898904802, 0.002422072451558551, 0.0029486099410278013, 0.00042122999157540015, 0.0, 0.0, 0.0, 0.0], [0.0, 0.0, 0.0, 0.0, 0.000390625, 0.00078125, 0.001171875, 0.0015625, 0.00234375, 0.009375, 0.012890625, 0.016015625, 0.022265625, 0.0375, 0.062109375, 0.078125, 0.104296875, 0.08828125, 0.1765625, 0.06953125, 0.073828125, 0.096875, 0.04296875, 0.0171875, 0.047265625, 0.013671875, 0.0125, 0.00859375, 0.002734375, 0.001171875, 0.0, 0.0, 0.0], [0.0, 0.0, 0.00017649135192375574, 0.0, 0.0008824567596187787, 0.0005294740557712672, 0.0014119308153900459, 0.004412283798093893, 0.008471584892340275, 0.014648782209671725, 0.021355453582774443, 0.030003529827038473, 0.053653370984821744, 0.0645958348040946, 0.10112954465231204, 0.12495587716201906, 0.15284151076597247, 0.09654076950229439, 0.14366396046593716, 0.061948464525238264, 0.03741616660783621, 0.03741616660783621, 0.012707377338510413, 0.008295093540416519, 0.013413342746205436, 0.003353335686551359, 0.0028238616307800918, 0.0014119308153900459, 0.001941404871161313, 0.0, 0.0, 0.0, 0.0], [0.0, 0.0, 0.00042348955392433656, 0.00042348955392433656, 0.000564652738565782, 0.003246753246753247, 0.006211180124223602, 0.012422360248447204, 0.021174477696216828, 0.03613777526821005, 0.058723884810841336, 0.07425183512140034, 0.09697910784867307, 0.11914172783738002, 0.13876341050254093, 0.12224731789949181, 0.10431959345002824, 0.060135516657255784, 0.06225296442687747, 0.026821005081874648, 0.018068887634105024, 0.015245623941276116, 0.008046301524562394, 0.004234895539243365, 0.003811405985319029, 0.003529079616036138, 0.001411631846414455, 0.000282326369282891, 0.001129305477131564, 0.0, 0.0, 0.0, 0.0], [0.0, 0.0, 0.0, 0.0, 0.00012679092177000128, 0.0005071636870800051, 0.0016482819830100164, 0.0020286547483200205, 0.004437682261950044, 0.005325218714340053, 0.013439837707620134, 0.019525801952580194, 0.02789400278940028, 0.033726385190820336, 0.04830734119437048, 0.04501077722835045, 0.22416634968936225, 0.15417776087232155, 0.21376949410422214, 0.07518701660961075, 0.039812349435780395, 0.04209458602764042, 0.01610244706479016, 0.010650437428680106, 0.013439837707620134, 0.003803727653100038, 0.0017750729047800178, 0.0010143273741600102, 0.0020286547483200205, 0.0, 0.0, 0.0, 0.0], [0.0002050020500205002, 0.0, 0.0, 0.0001025010250102501, 0.0001025010250102501, 0.0003075030750307503, 0.0012300123001230013, 0.0016400164001640015, 0.0042025420254202545, 0.00984009840098401, 0.016092660926609267, 0.019065190651906518, 0.025420254202542025, 0.06334563345633457, 0.14011890118901188, 0.1479089790897909, 0.16994669946699467, 0.10967609676096761, 0.13612136121361212, 0.054838048380483805, 0.030647806478064782, 0.03249282492824928, 0.012710127101271012, 0.005945059450594506, 0.00932759327593276, 0.003177531775317753, 0.002152521525215252, 0.002152521525215252, 0.0005125051250512505, 0.0006150061500615006, 0.0001025010250102501, 0.0, 0.0], [0.0, 0.0, 0.0, 0.00017914725904693657, 0.0005374417771408098, 0.00017914725904693657, 0.0012540308133285561, 0.0017914725904693658, 0.003941239699032604, 0.00680759584378359, 0.014331780723754926, 0.025080616266571123, 0.04371193120745252, 0.06556789681117879, 0.09530634181297026, 0.11769974919383733, 0.1587244715155858, 0.11769974919383733, 0.15317090648513076, 0.07058402006449302, 0.043891078466499464, 0.03708348262271587, 0.015764958796130418, 0.006449301325689717, 0.010211393765675385, 0.004478681476173415, 0.002866356144750985, 0.0008957362952346829, 0.0008957362952346829, 0.0008957362952346829, 0.0, 0.0, 0.0], [0.0, 0.0, 0.0002477700693756194, 0.0002477700693756194, 0.001734390485629336, 0.0032210109018830525, 0.0014866204162537165, 0.005450941526263627, 0.011397423191278493, 0.01759167492566898, 0.030723488602576808, 0.04707631318136769, 0.06590683845391476, 0.09241823587710604, 0.1147175421209118, 0.1290882061446977, 0.13057482656095143, 0.09563924677898909, 0.10183349851337958, 0.04558969276511397, 0.029484638255698713, 0.031219028741328047, 0.014122893954410307, 0.006689791873141724, 0.012388503468780971, 0.005450941526263627, 0.0022299306243805748, 0.0027254707631318136, 0.0004955401387512388, 0.0002477700693756194, 0.0, 0.0, 0.0], [0.0001839587932303164, 0.0, 0.0005518763796909492, 0.0012877115526122149, 0.0005518763796909492, 0.0014716703458425313, 0.003495217071376012, 0.006990434142752024, 0.011957321559970566, 0.019867549668874173, 0.03182487122884474, 0.05224429727740986, 0.07450331125827815, 0.10154525386313466, 0.12417218543046357, 0.1280353200883002, 0.13631346578366446, 0.07947019867549669, 0.11295069904341427, 0.040654893303899924, 0.023362766740250184, 0.022810890360559236, 0.010117733627667403, 0.004782928623988227, 0.0051508462104488595, 0.001839587932303164, 0.000919793966151582, 0.0012877115526122149, 0.0012877115526122149, 0.0003679175864606328, 0.0, 0.0, 0.0], [0.0, 0.0, 0.00012476606363069246, 0.0002495321272613849, 0.00037429819089207733, 0.00012476606363069246, 0.0008733624454148472, 0.001621958827199002, 0.002744853399875234, 0.006238303181534623, 0.012351840299438553, 0.014597629444791017, 0.02757330006238303, 0.03406113537117904, 0.14597629444791016, 0.1572052401746725, 0.17392389270118527, 0.11203992514036182, 0.1751715533374922, 0.04766063630692452, 0.025327510917030567, 0.028820960698689956, 0.010230817217716782, 0.006363069245165315, 0.008608858390517778, 0.0031191515907673115, 0.0012476606363069245, 0.0009981285090455397, 0.0018714909544603868, 0.0004990642545227698, 0.0, 0.0, 0.0], [0.0, 0.0, 0.0, 0.006211180124223602, 0.006211180124223602, 0.006211180124223602, 0.0, 0.018633540372670808, 0.049689440993788817, 0.09316770186335403, 0.062111801242236024, 0.08074534161490683, 0.07453416149068323, 0.062111801242236024, 0.043478260869565216, 0.12422360248447205, 0.08695652173913043, 0.08695652173913043, 0.037267080745341616, 0.043478260869565216, 0.049689440993788817, 0.012422360248447204, 0.031055900621118012, 0.0, 0.006211180124223602, 0.006211180124223602, 0.0, 0.012422360248447204, 0.0, 0.0, 0.0, 0.0, 0.0], [0.00022119000221190003, 0.00011059500110595002, 0.0, 0.0, 0.0, 0.00011059500110595002, 0.00022119000221190003, 0.0009953550099535502, 0.00232249502322495, 0.00453439504534395, 0.007520460075204601, 0.009953550099535502, 0.021897810218978103, 0.029750055297500553, 0.051758460517584606, 0.1596991815969918, 0.22605618226056182, 0.1493032514930325, 0.15472240654722408, 0.0654722406547224, 0.0378234903782349, 0.0373811103738111, 0.013603185136031851, 0.006856890068568901, 0.011059500110595002, 0.003981420039814201, 0.0018801150188011502, 0.0022119000221190004, 0.0005529750055297501, 0.0, 0.0, 0.0, 0.0], [0.0, 0.0, 0.0, 0.00011954572624028691, 0.0, 0.00011954572624028691, 0.0009563658099222953, 0.00035863717872086073, 0.001195457262402869, 0.0022713687985654514, 0.004542737597130903, 0.0066945606694560665, 0.011356843992827256, 0.01625821876867902, 0.027734608487746563, 0.10304841601912731, 0.18828451882845187, 0.1514644351464435, 0.21231320980274956, 0.09193066347878064, 0.05881649731022116, 0.05774058577405858, 0.02044231918708906, 0.010998206814106395, 0.019485953377166767, 0.007292289300657502, 0.0033472803347280333, 0.0009563658099222953, 0.0015540944411237298, 0.00023909145248057382, 0.00047818290496114764, 0.0, 0.0], [0.00019623233908948196, 9.811616954474098e-05, 0.0, 0.00019623233908948196, 0.00019623233908948196, 0.0005886970172684458, 0.0007849293563579278, 0.0018642072213500786, 0.0029434850863422294, 0.005592621664050236, 0.010007849293563579, 0.013441915227629513, 0.01736656200941915, 0.024627158555729986, 0.03414442700156986, 0.1407967032967033, 0.16807299843014128, 0.13952119309262168, 0.18975667189952905, 0.08516483516483517, 0.05121664050235479, 0.05720172684458399, 0.02148744113029827, 0.011283359497645211, 0.014717425431711145, 0.004513343799058085, 0.002354788069073783, 0.0014717425431711147, 0.0003924646781789639, 0.0, 0.0, 0.0, 0.0], [0.0, 0.0, 0.0, 0.0014388489208633094, 0.0014388489208633094, 0.0, 0.0, 0.007194244604316547, 0.007194244604316547, 0.0057553956834532375, 0.012949640287769784, 0.025899280575539568, 0.04316546762589928, 0.08633093525179857, 0.1223021582733813, 0.17410071942446043, 0.17410071942446043, 0.1237410071942446, 0.12086330935251799, 0.04892086330935252, 0.02302158273381295, 0.012949640287769784, 0.0014388489208633094, 0.007194244604316547, 0.0, 0.0, 0.0, 0.0, 0.0, 0.0, 0.0, 0.0, 0.0], [0.0, 0.0, 0.0, 9.116601331023795e-05, 0.0, 9.116601331023795e-05, 0.00027349803993071385, 0.0007293281064819036, 0.0016409882395842829, 0.004831798705442611, 0.007384447078129274, 0.012489743823502599, 0.021515179141216156, 0.027623302033002096, 0.04047770990974565, 0.0487738171209773, 0.08815753487100009, 0.16719846841097638, 0.28389096544808096, 0.09663597410885222, 0.05880207858510347, 0.07621478712735892, 0.020330020968183062, 0.01021059349074665, 0.020147688941562585, 0.005196462758683563, 0.0024614823593764245, 0.0023703163460661865, 0.0022791503327559484, 0.0001823320266204759, 0.0, 0.0, 0.0], [9.901970492127933e-05, 9.901970492127933e-05, 9.901970492127933e-05, 0.0, 0.0003960788196851173, 0.0003960788196851173, 0.000297059114763838, 0.0009901970492127933, 0.0010892167541340727, 0.005248044360827805, 0.009505891672442816, 0.01911080304980691, 0.03277552232894346, 0.04465788691949698, 0.06505594613328053, 0.0766412516090702, 0.09624715318348351, 0.2074462818100802, 0.23012179423705317, 0.09139518764234082, 0.04594514308347361, 0.04158827606693732, 0.014753936033270621, 0.006337261114961877, 0.004158827606693732, 0.001782354688583028, 0.0033666699673234974, 0.0003960788196851173, 0.0, 0.0, 0.0, 0.0, 0.0], [0.0, 0.00010559662090813094, 0.0, 0.00010559662090813094, 0.00010559662090813094, 0.0005279831045406547, 0.0007391763463569166, 0.001689545934530095, 0.0023231256599788807, 0.0045406546990496306, 0.008342133051742345, 0.013833157338965153, 0.04973600844772967, 0.08268215417106653, 0.11151003167898627, 0.14033790918690603, 0.1583949313621964, 0.11605068637803591, 0.1385427666314678, 0.06483632523759239, 0.03938753959873284, 0.034107708553326295, 0.014677930306230201, 0.006335797254487857, 0.005807814149947202, 0.0025343189017951427, 0.0012671594508975714, 0.0014783526927138332, 0.0, 0.0, 0.0, 0.0, 0.0], [0.0, 0.0, 0.0, 0.0, 0.00023671440407148776, 0.0, 0.0008285004142502071, 0.0023671440407148775, 0.0048526452834654985, 0.007811575334359095, 0.016451651082968397, 0.025210084033613446, 0.04201680672268908, 0.06675346194815955, 0.10344419457924015, 0.12581370576399573, 0.1526807906261096, 0.09776304888152444, 0.1672387264765061, 0.0598887442300864, 0.037164161439223575, 0.038702805065688246, 0.016451651082968397, 0.006628003314001657, 0.012664220617824594, 0.0050893596875369864, 0.004024144869215292, 0.0024855012427506215, 0.002012072434607646, 0.0004734288081429755, 0.000946857616285951, 0.0, 0.0], [0.0, 0.00017208742040956807, 0.00017208742040956807, 0.00034417484081913615, 0.0010325245224574084, 0.0010325245224574084, 0.0017208742040956805, 0.002581311306143521, 0.005678884873515746, 0.017897091722595078, 0.042333505420753745, 0.05954224746171055, 0.07881603854758217, 0.10445706418860781, 0.12596799173980383, 0.11839614524178282, 0.1461022199277233, 0.07761142660471519, 0.11512648425400103, 0.029771123730855276, 0.02392015143692996, 0.020994665289967303, 0.008432283600068835, 0.0044742729306487695, 0.007055584236792291, 0.002065049044914817, 0.002065049044914817, 0.00034417484081913615, 0.0010325245224574084, 0.0008604371020478403, 0.0, 0.0, 0.0], [0.0, 0.0, 0.0, 0.0007260406582768635, 0.000968054211035818, 0.0021781219748305907, 0.003872216844143272, 0.007018393030009681, 0.013552758954501452, 0.015246853823814134, 0.02637947725072604, 0.04283639883833495, 0.05421103581800581, 0.08228460793804453, 0.12366892545982575, 0.13165537270087124, 0.14908034849951599, 0.09607938044530494, 0.1101161665053243, 0.04816069699903194, 0.027831558567279768, 0.022265246853823813, 0.012342691190706679, 0.009438528557599225, 0.008470474346563407, 0.0031461761858664087, 0.0026621490803484995, 0.003388189738625363, 0.001452081316553727, 0.000968054211035818, 0.0, 0.0, 0.0], [0.0002238388360380526, 0.0, 0.0, 0.0, 0.0004476776720761052, 0.0004476776720761052, 0.0016787912702853946, 0.003357582540570789, 0.004924454392837157, 0.009513150531617236, 0.017459429210968103, 0.04129826524902071, 0.08449916060436485, 0.11975377728035815, 0.1472859541130386, 0.15097929490766648, 0.13799664241745943, 0.08058198097369894, 0.09580302182428652, 0.034247341913822046, 0.020705092333519866, 0.02417459429210968, 0.008953553441522105, 0.004476776720761052, 0.0071628427532176835, 0.002238388360380526, 0.0005595970900951316, 0.0008953553441522104, 0.0001119194180190263, 0.0002238388360380526, 0.0, 0.0, 0.0], [0.0, 0.0, 0.0, 0.00028208744710860365, 0.00014104372355430183, 0.00014104372355430183, 0.0014104372355430183, 0.0004231311706629055, 0.0021156558533145277, 0.00465444287729196, 0.007757404795486601, 0.00930888575458392, 0.01466854724964739, 0.0616361071932299, 0.11438645980253878, 0.1386459802538787, 0.17320169252468265, 0.11086036671368124, 0.16614950634696757, 0.05923836389280677, 0.03751763046544429, 0.04104372355430183, 0.018758815232722145, 0.007898448519040903, 0.014809590973201692, 0.004936530324400564, 0.005077574047954866, 0.002256699576868829, 0.0018335684062059238, 0.0005641748942172073, 0.00028208744710860365, 0.0, 0.0], [0.0, 0.0, 0.00017229496898690558, 0.00034458993797381116, 0.0010337698139214334, 0.0013783597518952446, 0.0022398345968297727, 0.004651964162646451, 0.007580978635423846, 0.01826326671261199, 0.030323914541695383, 0.04169538249483115, 0.0680565127498277, 0.09097174362508614, 0.11698828394210889, 0.13215024121295657, 0.14576154376292214, 0.089421088904204, 0.12388008270158511, 0.044968986905582355, 0.02739490006891799, 0.02188146106133701, 0.010337698139214336, 0.004651964162646451, 0.005513439007580979, 0.001206064782908339, 0.002412129565816678, 0.003962784286698828, 0.002584424534803584, 0.00017229496898690558, 0.0, 0.0, 0.0], [0.00011720581340834506, 0.0, 0.0, 0.0, 0.00011720581340834506, 0.0010548523206751054, 0.0007032348804500703, 0.0023441162681669013, 0.0028129395218002813, 0.005743084857008907, 0.013947491795593061, 0.02180028129395218, 0.035161744022503515, 0.04254571026722925, 0.058954524144397565, 0.11673699015471167, 0.2092123769338959, 0.14955461790904828, 0.16045475855602437, 0.07172995780590717, 0.044655414908579466, 0.03316924519456165, 0.01324425691514299, 0.005508673230192217, 0.005625879043600563, 0.0019924988279418658, 0.0023441162681669013, 0.00035161744022503517, 0.00011720581340834506, 0.0, 0.0, 0.0, 0.0], [0.0, 0.0, 0.0, 0.00014779781259237365, 0.00014779781259237365, 0.0004433934377771209, 0.0005911912503694946, 0.00162577593851611, 0.0026603606266627253, 0.005616316878510198, 0.023499852202187407, 0.03281111439550695, 0.06754360035471475, 0.09621637599763523, 0.13242684008276678, 0.14543304759089565, 0.1563700857227313, 0.10360626662725392, 0.1109961572568726, 0.0431569612769731, 0.02601241501625776, 0.02039609813774756, 0.009902453443689034, 0.004581732190363582, 0.007981081879988175, 0.002512562814070352, 0.0026603606266627253, 0.0011823825007389892, 0.0014779781259237363, 0.0, 0.0, 0.0, 0.0], [0.0, 0.0, 0.0, 0.00015463120457708364, 0.0, 0.0006185248183083346, 0.000927787227462502, 0.000927787227462502, 0.002319468068656255, 0.0020102056595020876, 0.005257460955620844, 0.01097881552497294, 0.039894850780887586, 0.06401731869491263, 0.09200556672336478, 0.11751971547858357, 0.1560228854182774, 0.11009741765888356, 0.17952682851399412, 0.07020256687799598, 0.041595794031235506, 0.04608009896397093, 0.02025668779959796, 0.011288077934127106, 0.01577238286686253, 0.0063398793876604295, 0.0027833616823875057, 0.0007731560228854183, 0.002319468068656255, 0.0003092624091541673, 0.0, 0.0, 0.0], [0.0, 0.0, 0.0001157809424568716, 0.0, 0.0002315618849137432, 0.0003473428273706148, 0.0003473428273706148, 0.0012735903670255877, 0.0010420284821118443, 0.0038207711010767626, 0.006715294662498553, 0.01609355100150515, 0.02686117864999421, 0.04492300567326618, 0.0554590714368415, 0.15838832928100036, 0.1814287368299178, 0.10976033344911428, 0.18119717494500406, 0.06448998494847748, 0.04399675813361121, 0.0399444251476207, 0.023619312261201807, 0.012041218015514646, 0.016325112886418896, 0.0045154567558179926, 0.0030103045038786616, 0.0020840569642236887, 0.0010420284821118443, 0.0009262475396549728, 0.0, 0.0, 0.0], [0.0, 0.0, 0.0, 0.0, 9.424182452172274e-05, 9.424182452172274e-05, 9.424182452172274e-05, 0.0008481764206955047, 0.001790594665912732, 0.004806333050607859, 0.009047215154085382, 0.0165865611158232, 0.02846103100556027, 0.03609461879181981, 0.05437753274903402, 0.05908962397512016, 0.07190651211007446, 0.07690132880972575, 0.3277730656865517, 0.11469230044293657, 0.06512110074451041, 0.07247196305720478, 0.018377155781735936, 0.00895297332956366, 0.019696541325040052, 0.005089058524173028, 0.002921496560173405, 0.0024502874375647915, 0.001790594665912732, 0.0004712091226086137, 0.0, 0.0, 0.0], [0.0, 0.0, 0.0, 0.0, 0.0, 0.00010033109260559848, 0.0006019865556335909, 0.0030099327781679544, 0.005317547908096719, 0.00983244707534865, 0.018059596669007725, 0.03361091602287549, 0.05036620848801043, 0.07725494130631083, 0.11427711447777666, 0.13604896157319155, 0.17327179692986858, 0.10966188421791913, 0.15521220026086083, 0.047657268987659276, 0.024581117688371627, 0.025985752984850004, 0.007023176482391893, 0.00331092605598475, 0.0024079462225343636, 0.0009029798334503862, 0.0006019865556335909, 0.0006019865556335909, 0.00030099327781679544, 0.0, 0.0, 0.0, 0.0], [0.0, 0.002976190476190476, 0.0, 0.002976190476190476, 0.005952380952380952, 0.020833333333333332, 0.020833333333333332, 0.03869047619047619, 0.08333333333333333, 0.05952380952380952, 0.050595238095238096, 0.07738095238095238, 0.08035714285714286, 0.11904761904761904, 0.125, 0.10714285714285714, 0.07738095238095238, 0.047619047619047616, 0.03869047619047619, 0.01488095238095238, 0.011904761904761904, 0.008928571428571428, 0.0, 0.005952380952380952, 0.0, 0.0, 0.0, 0.0, 0.0, 0.0, 0.0, 0.0, 0.0]]}, "ranks": {"labels": ["Unranked", "Combatatent I", "Combatatent II", "Challenger I", "Challenger II", "Rival I", "Rival II", "Duelist", "Elite"], "data": [[0.130374479889043, 0.18307905686546463, 0.2510402219140083, 0.2302357836338419, 0.10957004160887657, 0.05825242718446602, 0.019417475728155338, 0.018030513176144243, 0.0], [0.06237424547283702, 0.09305835010060362, 0.1768108651911469, 0.26609657947686116, 0.22711267605633803, 0.12399396378269617, 0.031438631790744465, 0.01358148893360161, 0.005533199195171026], [0.007591033092159886, 0.012454038666824813, 0.031194401613094534, 0.06416795160716404, 0.24955521290475627, 0.41560906179575374, 0.09215988613450361, 0.09441347408373858, 0.03285494010200451], [0.015277777777777777, 0.024652777777777777, 0.05462962962962963, 0.09375, 0.11481481481481481, 0.34953703703703703, 0.16018518518518518, 0.1431712962962963, 0.04398148148148148], [0.1794871794871795, 0.1641025641025641, 0.2205128205128205, 0.19487179487179487, 0.1076923076923077, 0.09230769230769231, 0.035897435897435895, 0.005128205128205128, 0.0], [0.007278481012658228, 0.018670886075949366, 0.08934599156118143, 0.27014767932489453, 0.28860759493670884, 0.18132911392405063, 0.05770042194092827, 0.06360759493670887, 0.02331223628691983], [0.08202337767029423, 0.11870213623538896, 0.2063683998387747, 0.2418379685610641, 0.18702136235388955, 0.09068923821039904, 0.028617492946392584, 0.029423619508262798, 0.015316404675534058], [0.26881720430107525, 0.2446236559139785, 0.20967741935483872, 0.13978494623655913, 0.06451612903225806, 0.04032258064516129, 0.026881720430107527, 0.005376344086021506, 0.0], [0.03296124684077506, 0.06013058129738837, 0.08751053074978939, 0.12489469250210615, 0.33529907329401853, 0.18155012636899748, 0.07108256107834877, 0.07740101095197978, 0.02917017691659646], [0.015625, 0.02890625, 0.059765625, 0.140234375, 0.192578125, 0.2109375, 0.108984375, 0.15703125, 0.0859375], [0.03053300388280974, 0.05135898340981292, 0.11824920578891635, 0.2260854218143311, 0.24938228026826686, 0.1805506530180021, 0.06247793858100953, 0.058418637486763146, 0.022943875750088244], [0.08060417843026539, 0.13297571993224166, 0.2161208356860531, 0.26101072840203277, 0.16445511010728403, 0.07622811970638058, 0.030914737436476568, 0.027526821005081876, 0.010163749294184076], [0.01407379231647014, 0.03296563966020033, 0.06162038798022062, 0.09331811842272093, 0.37834411056168377, 0.2572587802713326, 0.07151007987828072, 0.06884747052111069, 0.02206162038798022], [0.017630176301763018, 0.03515785157851579, 0.0887658876588766, 0.2880278802788028, 0.27962279622796227, 0.16707667076670768, 0.05453054530545305, 0.0511480114801148, 0.018040180401804017], [0.0146900752418488, 0.039412396990326046, 0.10927982801863131, 0.2130060910068076, 0.27642422070942313, 0.19204586169831603, 0.07560014331780723, 0.05929774274453601, 0.020243640272303833], [0.041377601585728445, 0.0777998017839445, 0.1583250743310208, 0.24380574826560952, 0.22621407333994054, 0.12685827552031714, 0.050049554013875126, 0.05203171456888008, 0.023538156590683847], [0.046357615894039736, 0.0840691685062546, 0.17604856512141281, 0.2522075055187638, 0.21578366445916114, 0.137785136129507, 0.039183222958057394, 0.037711552612214864, 0.010853568800588667], [0.012351840299438553, 0.02694946974422957, 0.06163443543356207, 0.3031815346225827, 0.2859638178415471, 0.20249532127261385, 0.045664379288833434, 0.045414847161572056, 0.01634435433562071], [0.18012422360248448, 0.14285714285714285, 0.13664596273291926, 0.16770186335403728, 0.17391304347826086, 0.055900621118012424, 0.07453416149068323, 0.043478260869565216, 0.024844720496894408], [0.00851581508515815, 0.017474010174740102, 0.05164786551647865, 0.21145764211457643, 0.3753594337535943, 0.19343065693430658, 0.0645874806458748, 0.057841185578411856, 0.019685910196859103], [0.00502092050209205, 0.01123729826658697, 0.027615062761506277, 0.13078302450687387, 0.3397489539748954, 0.2632396891811118, 0.09982068141063957, 0.08918111177525403, 0.03335325762104005], [0.012460753532182104, 0.023449764521193094, 0.041993720565149134, 0.17494113029827316, 0.30759419152276296, 0.23655808477237047, 0.0895800627943485, 0.08997252747252747, 0.023449764521193094], [0.02302158273381295, 0.03884892086330935, 0.12949640287769784, 0.29640287769784174, 0.29784172661870506, 0.14964028776978416, 0.04316546762589928, 0.02158273381294964, 0.0], [0.007657945118059987, 0.019874190901631873, 0.04913848117421825, 0.08925152703072295, 0.2553560032819765, 0.34050505971373873, 0.09882395842829793, 0.10675540158628863, 0.032637432765065186], [0.008713734033072582, 0.028616694722249727, 0.07743340924844044, 0.14169719774235073, 0.3036934349935637, 0.2813149816813546, 0.08614714328151302, 0.06267947321516981, 0.009703931082285375], [0.01013727560718057, 0.022175290390707498, 0.1324181626187962, 0.2518479408658923, 0.2744456177402323, 0.1753959873284055, 0.06737064413938754, 0.05512143611404435, 0.011087645195353749], [0.01609657947686117, 0.04166173511658185, 0.10877026867084862, 0.2292579003432359, 0.25044383950763405, 0.1986033850159782, 0.06568824712983785, 0.061782459462658305, 0.027695585276364065], [0.030631560832903113, 0.1018757528824643, 0.18327310273619, 0.24436413698158665, 0.22371364653243847, 0.13130270177250042, 0.03751505764928584, 0.03390122182068491, 0.013422818791946308], [0.04356243949661181, 0.06921587608906099, 0.13649564375605033, 0.255324298160697, 0.2451597289448209, 0.13746369796708616, 0.048644724104549855, 0.04404646660212972, 0.020087124878993223], [0.020593172915500838, 0.05875769445998881, 0.204252937884723, 0.2982652490207051, 0.21857862339115836, 0.11449356463346391, 0.03626189143816452, 0.037604924454392834, 0.01119194180190263], [0.009167842031029619, 0.01706629055007052, 0.07630465444287729, 0.2530324400564175, 0.2840620592383639, 0.19802538787023977, 0.06488011283497884, 0.06770098730606489, 0.029760225669957688], [0.035665058580289455, 0.07201929703652653, 0.15902825637491386, 0.24913852515506546, 0.2351826326671261, 0.15024121295658166, 0.04600275671950379, 0.0368711233631978, 0.015851137146795313], [0.012892639474917957, 0.03574777308954524, 0.07770745428973277, 0.17569151429910923, 0.3587669948429442, 0.19971870604781997, 0.07712142522269104, 0.05192217533989686, 0.01043131739334271], [0.011232633757020397, 0.056310966597694356, 0.16375997635234998, 0.27785988767366243, 0.25997635234998523, 0.13493940289683712, 0.04522613065326633, 0.03488028377180018, 0.015814365947383977], [0.006958404205968764, 0.016236276480593784, 0.10391216947580022, 0.20952528220194835, 0.26612030307716095, 0.2175661048399567, 0.07375908458326891, 0.077624864697696, 0.02829751043760631], [0.007178418432326039, 0.022808845664003704, 0.07178418432326039, 0.21384740071784183, 0.29118907027903207, 0.21616301956697928, 0.07352089846011346, 0.07560495542433715, 0.027903207132106055], [0.007727829610781264, 0.025633776269908586, 0.06455564979738007, 0.11346715672415418, 0.1488078409198002, 0.3912920554141928, 0.11629441145980586, 0.09980209216850439, 0.03241918763547262], [0.018862245409852513, 0.05167051269188321, 0.12762114979432126, 0.2503260760509682, 0.2829336811477877, 0.18270291963479482, 0.04474766730209692, 0.03631985552322665, 0.004815892445068727], [0.23511904761904762, 0.12797619047619047, 0.19940476190476192, 0.23214285714285715, 0.125, 0.041666666666666664, 0.023809523809523808, 0.01488095238095238, 0.0]]}, "ranksDetailed": {"labels": ["Unranked", "Combatatant", "Challenger", "Rival", "Duelist", "Elite"], "data": [[0.130374479889043, 0.43411927877947293, 0.33980582524271846, 0.07766990291262135, 0.018030513176144243, 0.0], [0.06237424547283702, 0.2698692152917505, 0.4932092555331992, 0.15543259557344064, 0.01358148893360161, 0.005533199195171026], [0.007591033092159886, 0.04364844027991935, 0.3137231645119203, 0.5077689479302574, 0.09441347408373858, 0.03285494010200451], [0.015277777777777777, 0.07928240740740741, 0.20856481481481481, 0.5097222222222222, 0.1431712962962963, 0.04398148148148148], [0.1794871794871795, 0.38461538461538464, 0.30256410256410254, 0.1282051282051282, 0.005128205128205128, 0.0], [0.007278481012658228, 0.1080168776371308, 0.5587552742616034, 0.2390295358649789, 0.06360759493670887, 0.02331223628691983], [0.08202337767029423, 0.32507053607416364, 0.42885933091495365, 0.11930673115679162, 0.029423619508262798, 0.015316404675534058], [0.26881720430107525, 0.4543010752688172, 0.20430107526881722, 0.06720430107526881, 0.005376344086021506, 0.0], [0.03296124684077506, 0.14764111204717775, 0.4601937657961247, 0.25263268744734624, 0.07740101095197978, 0.02917017691659646], [0.015625, 0.088671875, 0.3328125, 0.319921875, 0.15703125, 0.0859375], [0.03053300388280974, 0.16960818919872928, 0.475467702082598, 0.24302859159901166, 0.058418637486763146, 0.022943875750088244], [0.08060417843026539, 0.3490965556182947, 0.4254658385093168, 0.10714285714285714, 0.027526821005081876, 0.010163749294184076], [0.01407379231647014, 0.09458602764042094, 0.47166222898440474, 0.32876886014961326, 0.06884747052111069, 0.02206162038798022], [0.017630176301763018, 0.12392373923739237, 0.567650676506765, 0.22160721607216072, 0.0511480114801148, 0.018040180401804017], [0.0146900752418488, 0.14869222500895737, 0.48943031171623075, 0.26764600501612323, 0.05929774274453601, 0.020243640272303833], [0.041377601585728445, 0.2361248761149653, 0.47001982160555006, 0.17690782953419226, 0.05203171456888008, 0.023538156590683847], [0.046357615894039736, 0.2601177336276674, 0.46799116997792495, 0.1769683590875644, 0.037711552612214864, 0.010853568800588667], [0.012351840299438553, 0.08858390517779165, 0.5891453524641298, 0.2481597005614473, 0.045414847161572056, 0.01634435433562071], [0.18012422360248448, 0.2795031055900621, 0.3416149068322981, 0.13043478260869565, 0.043478260869565216, 0.024844720496894408], [0.00851581508515815, 0.06912187569121876, 0.5868170758681708, 0.2580181375801814, 0.057841185578411856, 0.019685910196859103], [0.00502092050209205, 0.038852361028093245, 0.47053197848176925, 0.36306037059175134, 0.08918111177525403, 0.03335325762104005], [0.012460753532182104, 0.06544348508634223, 0.4825353218210361, 0.326138147566719, 0.08997252747252747, 0.023449764521193094], [0.02302158273381295, 0.1683453237410072, 0.5942446043165468, 0.19280575539568345, 0.02158273381294964, 0.0], [0.007657945118059987, 0.06901267207585013, 0.3446075303126994, 0.4393290181420367, 0.10675540158628863, 0.032637432765065186], [0.008713734033072582, 0.10605010397069017, 0.44539063273591445, 0.3674621249628676, 0.06267947321516981, 0.009703931082285375], [0.01013727560718057, 0.1545934530095037, 0.5262935586061246, 0.24276663146779304, 0.05512143611404435, 0.011087645195353749], [0.01609657947686117, 0.15043200378743046, 0.47970173985086995, 0.2642916321458161, 0.061782459462658305, 0.027695585276364065], [0.030631560832903113, 0.2851488556186543, 0.4680777835140251, 0.16881775942178626, 0.03390122182068491, 0.013422818791946308], [0.04356243949661181, 0.20571151984511132, 0.5004840271055179, 0.186108422071636, 0.04404646660212972, 0.020087124878993223], [0.020593172915500838, 0.2630106323447118, 0.5168438724118635, 0.15075545607162844, 0.037604924454392834, 0.01119194180190263], [0.009167842031029619, 0.09337094499294782, 0.5370944992947814, 0.2629055007052186, 0.06770098730606489, 0.029760225669957688], [0.035665058580289455, 0.2310475534114404, 0.4843211578221916, 0.19624396967608546, 0.0368711233631978, 0.015851137146795313], [0.012892639474917957, 0.11345522737927802, 0.5344585091420534, 0.276840131270511, 0.05192217533989686, 0.01043131739334271], [0.011232633757020397, 0.22007094295004434, 0.5378362400236476, 0.18016553355010345, 0.03488028377180018, 0.015814365947383977], [0.006958404205968764, 0.120148445956394, 0.47564558527910933, 0.2913251894232256, 0.077624864697696, 0.02829751043760631], [0.007178418432326039, 0.0945930299872641, 0.5050364709968739, 0.28968391802709276, 0.07560495542433715, 0.027903207132106055], [0.007727829610781264, 0.09018942606728866, 0.2622749976439544, 0.5075864668739987, 0.09980209216850439, 0.03241918763547262], [0.018862245409852513, 0.17929166248620448, 0.5332597571987558, 0.22745058693689174, 0.03631985552322665, 0.004815892445068727], [0.23511904761904762, 0.3273809523809524, 0.35714285714285715, 0.06547619047619048, 0.01488095238095238, 0.0]]}}}, "eu": {"histType": {"histogram": {"labels": ["0", "100", "200", "300", "400", "500", "600", "700", "800", "900", "1000", "1100", "1200", "1300", "1400", "1500", "1600", "1700", "1800", "1900", "2000", "2100", "2200", "2300", "2400", "2500", "2600", "2700", "2800", "2900", "3000", "3100", "3200"], "data": [[0.0, 0.0, 0.001841620626151013, 0.0, 0.001841620626151013, 0.007366482504604052, 0.01289134438305709, 0.02578268876611418, 0.049723756906077346, 0.07734806629834254, 0.07734806629834254, 0.10865561694290976, 0.10128913443830571, 0.11970534069981584, 0.13996316758747698, 0.09208103130755065, 0.06445672191528545, 0.03867403314917127, 0.034990791896869246, 0.016574585635359115, 0.01289134438305709, 0.0055248618784530384, 0.003683241252302026, 0.007366482504604052, 0.0, 0.0, 0.0, 0.0, 0.0, 0.0, 0.0, 0.0, 0.0], [0.0, 0.0002778549597110308, 0.0008335648791330926, 0.0011114198388441233, 0.0016671297582661851, 0.003889969435954432, 0.006946373992775771, 0.010836343428730202, 0.019449847179772158, 0.03445401500416782, 0.045012503473187, 0.06196165601555988, 0.08141150319533204, 0.10447346485134759, 0.13559322033898305, 0.13086968602389554, 0.1414281744929147, 0.06835232008891359, 0.09502639622117255, 0.024173381494859682, 0.012225618227285358, 0.009169213670464018, 0.004167824395665463, 0.0027785495971103086, 0.0022228396776882466, 0.0011114198388441233, 0.0005557099194220616, 0.0, 0.0, 0.0, 0.0, 0.0, 0.0], [0.0, 0.0, 0.0, 0.00011990407673860912, 0.00011990407673860912, 0.00011990407673860912, 0.0, 0.0007194244604316547, 0.0019184652278177458, 0.0026378896882494006, 0.005875299760191847, 0.00947242206235012, 0.011990407673860911, 0.015227817745803358, 0.025179856115107913, 0.03501199040767386, 0.17973621103117507, 0.15383693045563548, 0.3258992805755396, 0.0802158273381295, 0.05203836930455635, 0.052158273381294966, 0.018345323741007193, 0.007913669064748202, 0.011750599520383693, 0.005155875299760192, 0.0019184652278177458, 0.002278177458033573, 0.00011990407673860912, 0.00023980815347721823, 0.0, 0.0, 0.0], [0.0, 0.0, 0.0, 0.00011116051578479324, 0.00011116051578479324, 0.00022232103156958648, 0.0007781236104935527, 0.002112049799911072, 0.002445531347265451, 0.005669186305024455, 0.011560693641618497, 0.017007558915073367, 0.020787016451756336, 0.026122721209426412, 0.042907959092930194, 0.05357936860827034, 0.07592263228101379, 0.05135615829257448, 0.27590040017785683, 0.14762116496220543, 0.0922632281013784, 0.08815028901734104, 0.030680302356602934, 0.013339261894175189, 0.023899510893730547, 0.00789239662072032, 0.004335260115606936, 0.0015562472209871053, 0.0034459759893285904, 0.00022232103156958648, 0.0, 0.0, 0.0], [0.0, 0.0, 0.0, 0.0, 0.0, 0.02127659574468085, 0.026595744680851064, 0.05319148936170213, 0.06382978723404255, 0.047872340425531915, 0.07446808510638298, 0.0797872340425532, 0.06382978723404255, 0.11702127659574468, 0.09042553191489362, 0.14893617021276595, 0.031914893617021274, 0.06382978723404255, 0.031914893617021274, 0.05319148936170213, 0.010638297872340425, 0.005319148936170213, 0.0, 0.005319148936170213, 0.010638297872340425, 0.0, 0.0, 0.0, 0.0, 0.0, 0.0, 0.0, 0.0], [0.0, 0.00010518565267697486, 0.00010518565267697486, 0.00021037130535394972, 0.0003155569580309246, 0.00010518565267697486, 0.00021037130535394972, 0.0011570421794467234, 0.0018933417481855476, 0.00389186914904807, 0.007888923950773114, 0.01188597875249816, 0.018512674871147574, 0.09003891869149049, 0.1280109393078784, 0.1371620910907752, 0.16261701903860312, 0.1108656779215315, 0.15052066898075103, 0.0564846954875355, 0.036289050173556325, 0.039970548017250446, 0.01472599137477648, 0.005469653939202693, 0.011360050489113285, 0.004522983065109919, 0.0027348269696013464, 0.000736299568738824, 0.0016829704428315978, 0.00042074261070789944, 0.00010518565267697486, 0.0, 0.0], [0.0001886080724254998, 0.0001886080724254998, 0.0007544322897019992, 0.0015088645794039985, 0.003017729158807997, 0.004149377593360996, 0.007167106752168993, 0.012636740852508488,