{"region": {"us": {"histType": {"histogram": {"labels": ["0", "100", "200", "300", "400", "500", "600", "700", "800", "900", "1000", "1100", "1200", "1300", "1400", "1500", "1600", "1700", "1800", "1900", "2000", "2100", "2200", "2300", "2400", "2500", "2600", "2700", "2800", "2900", "3000", "3100"], "data": [[0.0, 0.0, 0.0, 0.009174311926605505, 0.0, 0.009174311926605505, 0.027522935779816515, 0.027522935779816515, 0.08256880733944955, 0.06422018348623854, 0.07339449541284404, 0.10091743119266056, 0.07339449541284404, 0.1834862385321101, 0.11926605504587157, 0.06422018348623854, 0.03669724770642202, 0.027522935779816515, 0.03669724770642202, 0.06422018348623854, 0.0, 0.0, 0.0, 0.0, 0.0, 0.0, 0.0, 0.0, 0.0, 0.0, 0.0, 0.0], [0.0, 0.001725625539257981, 0.0, 0.0008628127696289905, 0.001725625539257981, 0.0, 0.003451251078515962, 0.012942191544434857, 0.02070750647109577, 0.03364969801553063, 0.056082830025884385, 0.07333908541846419, 0.10181190681622088, 0.10181190681622088, 0.15012942191544434, 0.11906816220880069, 0.12338222605694564, 0.06298533218291631, 0.07679033649698015, 0.024158757549611734, 0.010353753235547885, 0.014667817083692839, 0.005176876617773943, 0.001725625539257981, 0.003451251078515962, 0.0, 0.0, 0.0, 0.0, 0.0, 0.0, 0.0], [0.0, 0.0, 0.00031220730565095225, 0.00031220730565095225, 0.0006244146113019045, 0.0006244146113019045, 0.0006244146113019045, 0.002497658445207618, 0.008741804558226662, 0.010927255697783328, 0.017795816422104278, 0.030284108648142367, 0.05182641273805807, 0.06962222916016235, 0.08741804558226662, 0.10583827661567281, 0.1476740555729004, 0.09678426475179519, 0.16390883546674992, 0.05713393693412426, 0.03996253512332189, 0.05432407118326569, 0.021542304089915705, 0.010615048392132375, 0.015298157976896659, 0.003746487667811427, 0.0015610365282547611, 0.0, 0.0, 0.0, 0.0, 0.0], [0.0, 0.00023073373327180433, 0.0, 0.0, 0.00023073373327180433, 0.0011536686663590216, 0.0027688047992616522, 0.0046146746654360865, 0.010613751730503, 0.02561144439317028, 0.03484079372404245, 0.03807106598984772, 0.07106598984771574, 0.09852330410706045, 0.12321181356714352, 0.1319796954314721, 0.1490539916935856, 0.08998615597600369, 0.1121365943700969, 0.04291647438855561, 0.022150438394093218, 0.025842178126442086, 0.007383479464697739, 0.0025380710659898475, 0.003461005999077065, 0.0013844023996308261, 0.00023073373327180433, 0.0, 0.0, 0.0, 0.0, 0.0], [0.0, 0.0, 0.0, 0.0, 0.0, 0.0, 0.0, 0.0975609756097561, 0.0975609756097561, 0.07317073170731707, 0.07317073170731707, 0.12195121951219512, 0.04878048780487805, 0.0975609756097561, 0.0, 0.0, 0.0975609756097561, 0.0, 0.07317073170731707, 0.12195121951219512, 0.024390243902439025, 0.04878048780487805, 0.0, 0.024390243902439025, 0.0, 0.0, 0.0, 0.0, 0.0, 0.0, 0.0, 0.0], [0.0, 0.0, 0.0, 0.0, 0.0, 0.0, 0.0005761474937584022, 0.003648934127136547, 0.0032648357979642786, 0.011714999039754178, 0.02131745726906088, 0.031111964662953715, 0.06107163433839063, 0.09122335317841368, 0.11580564624543883, 0.12310351449971192, 0.14538121759170347, 0.09698482811599769, 0.11811023622047244, 0.05646245438832341, 0.03284040714422892, 0.0451315536777415, 0.015555982331476858, 0.007874015748031496, 0.011138851545995775, 0.004609179950067217, 0.002688688304205877, 0.0003840983291722681, 0.0, 0.0, 0.0, 0.0], [0.0, 0.0, 0.0, 0.0016666666666666668, 0.0022222222222222222, 0.0016666666666666668, 0.005, 0.012222222222222223, 0.021666666666666667, 0.04, 0.058333333333333334, 0.07222222222222222, 0.10611111111111111, 0.12222222222222222, 0.13444444444444445, 0.10388888888888889, 0.10388888888888889, 0.059444444444444446, 0.051666666666666666, 0.029444444444444443, 0.016666666666666666, 0.019444444444444445, 0.012222222222222223, 0.008333333333333333, 0.011666666666666667, 0.0038888888888888888, 0.0016666666666666668, 0.0, 0.0, 0.0, 0.0, 0.0], [0.0, 0.0, 0.009433962264150943, 0.009433962264150943, 0.018867924528301886, 0.009433962264150943, 0.02830188679245283, 0.08490566037735849, 0.10377358490566038, 0.14150943396226415, 0.10377358490566038, 0.1320754716981132, 0.11320754716981132, 0.07547169811320754, 0.04716981132075472, 0.02830188679245283, 0.02830188679245283, 0.02830188679245283, 0.02830188679245283, 0.009433962264150943, 0.0, 0.0, 0.0, 0.0, 0.0, 0.0, 0.0, 0.0, 0.0, 0.0, 0.0, 0.0], [0.0008103727714748784, 0.0002025931928687196, 0.001012965964343598, 0.0006077795786061589, 0.0024311183144246355, 0.0038492706645056724, 0.004659643435980551, 0.012560777957860616, 0.023500810372771474, 0.0547001620745543, 0.07374392220421394, 0.09947325769854133, 0.11122366288492706, 0.13188816855753646, 0.13290113452188007, 0.09076175040518639, 0.07759319286871962, 0.048824959481361424, 0.050243111831442464, 0.02593192868719611, 0.019246353322528362, 0.01600486223662885, 0.01012965964343598, 0.004051863857374392, 0.002633711507293355, 0.0008103727714748784, 0.0002025931928687196, 0.0, 0.0, 0.0, 0.0, 0.0], [0.0, 0.0, 0.0005060728744939271, 0.0, 0.0015182186234817814, 0.0010121457489878543, 0.005060728744939271, 0.005060728744939271, 0.01720647773279352, 0.02277327935222672, 0.03441295546558704, 0.05212550607287449, 0.08198380566801619, 0.10678137651821862, 0.12044534412955465, 0.1361336032388664, 0.15637651821862347, 0.08046558704453441, 0.09362348178137651, 0.034919028340080975, 0.012651821862348178, 0.02125506072874494, 0.00860323886639676, 0.004048582995951417, 0.0025303643724696357, 0.0005060728744939271, 0.0, 0.0, 0.0, 0.0, 0.0, 0.0], [0.0, 0.0, 0.000894721145243066, 0.0011929615269907546, 0.0011929615269907546, 0.0029824038174768863, 0.007157769161944528, 0.010736653742916791, 0.020578586340590517, 0.037876528481956453, 0.08052490307187593, 0.08917387414255891, 0.11422606620936475, 0.11661198926334626, 0.1416641813301521, 0.10796301819266328, 0.09036683566954966, 0.056069191768565466, 0.05219206680584551, 0.026841634357291977, 0.014912019087384432, 0.013420817178645988, 0.006263048016701462, 0.003280644199224575, 0.0026841634357291978, 0.0011929615269907546, 0.0, 0.0, 0.0, 0.0, 0.0, 0.0], [0.0, 0.0, 0.0, 0.0, 0.0002843332385555871, 0.0008529997156667614, 0.0025589991470002845, 0.006255331248222917, 0.01393232868922377, 0.01791299402900199, 0.034119988626670456, 0.055160648279783904, 0.07620130793289735, 0.0952516349161217, 0.141882286039238, 0.11856696047767984, 0.15439294853568383, 0.08757463747512084, 0.09866363377878874, 0.038669320443559856, 0.019618993460335514, 0.017628660790446404, 0.011657662780779073, 0.00597099800966733, 0.0025589991470002845, 0.0002843332385555871, 0.0, 0.0, 0.0, 0.0, 0.0, 0.0], [0.00026226068712300026, 0.0, 0.0, 0.0005245213742460005, 0.0005245213742460005, 0.002098085496984002, 0.002884867558353003, 0.0065565171780750066, 0.014162077104642014, 0.03697875688434304, 0.05874639391555206, 0.06845003933910307, 0.08654602675059009, 0.11749278783110412, 0.14607920272751115, 0.12247574088644113, 0.12955677943876212, 0.06871230002622607, 0.06818777865198007, 0.027275111460792027, 0.016522423288749016, 0.010752688172043012, 0.006818777865198007, 0.002884867558353003, 0.0036716496197220037, 0.0018358248098610018, 0.0, 0.0, 0.0, 0.0, 0.0, 0.0], [0.0, 0.0, 0.0, 0.0, 0.0, 0.0, 0.0, 0.0017278617710583153, 0.0021598272138228943, 0.007775377969762419, 0.018574514038876888, 0.028077753779697623, 0.05572354211663067, 0.07688984881209503, 0.11663066954643629, 0.1287257019438445, 0.16587473002159828, 0.11576673866090713, 0.12699784017278617, 0.06004319654427646, 0.03412526997840173, 0.03153347732181425, 0.01079913606911447, 0.008639308855291577, 0.0064794816414686825, 0.0034557235421166306, 0.0, 0.0, 0.0, 0.0, 0.0, 0.0], [0.0, 0.0, 0.0, 0.0, 0.0016, 0.0, 0.0, 0.0096, 0.016, 0.04, 0.0496, 0.0864, 0.0992, 0.1344, 0.0944, 0.0976, 0.1264, 0.0768, 0.064, 0.032, 0.0272, 0.0128, 0.0064, 0.0096, 0.0048, 0.0064, 0.0048, 0.0, 0.0, 0.0, 0.0, 0.0], [0.000361271676300578, 0.000361271676300578, 0.000361271676300578, 0.000722543352601156, 0.000722543352601156, 0.001083815028901734, 0.002890173410404624, 0.006864161849710983, 0.00939306358381503, 0.016979768786127166, 0.03829479768786127, 0.050216763005780346, 0.085621387283237, 0.09898843930635838, 0.1430635838150289, 0.13728323699421965, 0.1315028901734104, 0.08164739884393063, 0.0906791907514451, 0.03793352601156069, 0.021315028901734104, 0.023121387283236993, 0.008670520231213872, 0.005780346820809248, 0.002890173410404624, 0.002167630057803468, 0.001083815028901734, 0.0, 0.0, 0.0, 0.0, 0.0], [0.0, 0.0, 0.0, 0.0, 0.001524390243902439, 0.0011432926829268292, 0.003048780487804878, 0.006859756097560976, 0.013338414634146341, 0.022865853658536585, 0.04535060975609756, 0.0625, 0.0861280487804878, 0.10861280487804878, 0.13986280487804878, 0.11775914634146341, 0.13071646341463414, 0.07621951219512195, 0.09260670731707317, 0.036204268292682924, 0.01676829268292683, 0.022484756097560975, 0.005335365853658537, 0.003429878048780488, 0.003429878048780488, 0.0038109756097560975, 0.0, 0.0, 0.0, 0.0, 0.0, 0.0], [0.0, 0.0, 0.0, 0.0, 0.0, 0.0, 0.0, 0.0, 0.04, 0.16, 0.08, 0.08, 0.12, 0.12, 0.04, 0.12, 0.08, 0.04, 0.04, 0.04, 0.04, 0.0, 0.0, 0.0, 0.0, 0.0, 0.0, 0.0, 0.0, 0.0, 0.0, 0.0], [0.00018653236336504383, 0.00018653236336504383, 0.00037306472673008767, 0.00018653236336504383, 0.00018653236336504383, 0.0, 0.0009326618168252192, 0.0018653236336504384, 0.005782503264316359, 0.010259279985077412, 0.022197351240440217, 0.0302182428651371, 0.06080955045700429, 0.08729714605484051, 0.12049990673381832, 0.1305726543555307, 0.14530871106136914, 0.10464465584778959, 0.10632344711807498, 0.06248834172728968, 0.03562768140272337, 0.045327364297705654, 0.014549524342473419, 0.007647826897966797, 0.005782503264316359, 0.0007461294534601753, 0.0, 0.0, 0.0, 0.0, 0.0, 0.0], [0.0, 0.0, 0.0, 0.00042753313381787086, 0.0, 0.00042753313381787086, 0.002992731936725096, 0.0012825994014536127, 0.0055579307396323215, 0.006840530141085934, 0.023086789226165028, 0.029927319367250963, 0.05344164172723386, 0.06669516887558785, 0.11372381359555365, 0.12612227447627192, 0.1513467293715263, 0.115861479264643, 0.11842667806755024, 0.05301410859341599, 0.040188114578879865, 0.03805044890979051, 0.01581872595126122, 0.010688328345446772, 0.01410859341598974, 0.00940572894399316, 0.0025651988029072254, 0.0, 0.0, 0.0, 0.0, 0.0], [0.0004202563563773902, 0.0, 0.0, 0.0002101281781886951, 0.0008405127127547804, 0.0014708972473208657, 0.0016810254255095608, 0.006093717167472158, 0.008405127127547804, 0.01765076696785039, 0.0386635847867199, 0.04938012187434335, 0.06198781256566505, 0.08594242487917629, 0.11914267703299013, 0.11935280521117882, 0.12964908594242489, 0.09245639840302584, 0.11220844715276318, 0.05526371086362681, 0.03172935490649296, 0.03572179029207817, 0.012607690691321706, 0.007984870771170414, 0.00945576801849128, 0.0016810254255095608, 0.0, 0.0, 0.0, 0.0, 0.0, 0.0], [0.0, 0.0, 0.0, 0.0, 0.0, 0.003105590062111801, 0.0, 0.006211180124223602, 0.012422360248447204, 0.009316770186335404, 0.009316770186335404, 0.040372670807453416, 0.06832298136645963, 0.15527950310559005, 0.16149068322981366, 0.14285714285714285, 0.18322981366459629, 0.09627329192546584, 0.07142857142857142, 0.027950310559006212, 0.012422360248447204, 0.0, 0.0, 0.0, 0.0, 0.0, 0.0, 0.0, 0.0, 0.0, 0.0, 0.0], [0.0, 0.0, 0.0, 0.0001379690949227373, 0.0001379690949227373, 0.0002759381898454746, 0.0002759381898454746, 0.0015176600441501103, 0.003863134657836645, 0.011451434878587196, 0.01683222958057395, 0.030629139072847682, 0.05353200883002208, 0.07270971302428256, 0.11216887417218543, 0.1357615894039735, 0.1683222958057395, 0.09947571743929359, 0.14804083885209712, 0.0576710816777042, 0.026352097130242825, 0.03532008830022075, 0.012555187637969095, 0.0040011037527593815, 0.006622516556291391, 0.001793598233995585, 0.0005518763796909492, 0.0, 0.0, 0.0, 0.0, 0.0], [0.00011445576284765938, 0.00011445576284765938, 0.00022891152569531876, 0.0, 0.0006867345770859563, 0.0010301018656289345, 0.0004578230513906375, 0.00183129220556255, 0.0021746594941055284, 0.010415474419137004, 0.016023806798672314, 0.03593910953416504, 0.07050474991415817, 0.10827515165388578, 0.14661783220785166, 0.17065354240586014, 0.16950898477738355, 0.09351035824653771, 0.09488382740070962, 0.03925832665674717, 0.018656289344168478, 0.012475678150394872, 0.0044637747510587154, 0.0011445576284765937, 0.000915646102781275, 0.00011445576284765938, 0.0, 0.0, 0.0, 0.0, 0.0, 0.0], [0.0, 0.00030339805825242716, 0.0, 0.00030339805825242716, 0.0006067961165048543, 0.0018203883495145632, 0.00212378640776699, 0.0036407766990291263, 0.009405339805825242, 0.016383495145631068, 0.03125, 0.05552184466019418, 0.08191747572815535, 0.10618932038834951, 0.1262135922330097, 0.1183252427184466, 0.14016990291262135, 0.09223300970873786, 0.0983009708737864, 0.04945388349514563, 0.02275485436893204, 0.023058252427184466, 0.011529126213592233, 0.006067961165048544, 0.0024271844660194173, 0.0, 0.0, 0.0, 0.0, 0.0, 0.0, 0.0], [0.0, 0.0, 0.0, 0.0, 0.00046948356807511736, 0.0, 0.0007042253521126761, 0.0014084507042253522, 0.004694835680751174, 0.006338028169014085, 0.018544600938967135, 0.023943661971830985, 0.04248826291079812, 0.0795774647887324, 0.10305164319248826, 0.12253521126760564, 0.1563380281690141, 0.08685446009389672, 0.1544600938967136, 0.05845070422535211, 0.034976525821596244, 0.04765258215962441, 0.021361502347417842, 0.01267605633802817, 0.01431924882629108, 0.006338028169014085, 0.0028169014084507044, 0.0, 0.0, 0.0, 0.0, 0.0], [0.0, 0.0008547008547008547, 0.0008547008547008547, 0.0017094017094017094, 0.0017094017094017094, 0.004273504273504274, 0.004273504273504274, 0.011965811965811967, 0.03247863247863248, 0.05042735042735043, 0.06068376068376068, 0.09401709401709402, 0.09743589743589744, 0.1282051282051282, 0.13418803418803418, 0.10512820512820513, 0.09829059829059829, 0.05128205128205128, 0.06666666666666667, 0.021367521367521368, 0.008547008547008548, 0.021367521367521368, 0.0017094017094017094, 0.0, 0.002564102564102564, 0.0, 0.0, 0.0, 0.0, 0.0, 0.0, 0.0], [0.0, 0.0, 0.0, 0.0, 0.0029069767441860465, 0.0, 0.005813953488372093, 0.029069767441860465, 0.05813953488372093, 0.05232558139534884, 0.09593023255813954, 0.09302325581395349, 0.08430232558139535, 0.11337209302325581, 0.10174418604651163, 0.11627906976744186, 0.10465116279069768, 0.061046511627906974, 0.0436046511627907, 0.020348837209302327, 0.0029069767441860465, 0.0029069767441860465, 0.0029069767441860465, 0.0029069767441860465, 0.005813953488372093, 0.0, 0.0, 0.0, 0.0, 0.0, 0.0, 0.0], [0.0005042864346949068, 0.0, 0.0, 0.0, 0.0007564296520423601, 0.002017145738779627, 0.005547150781643974, 0.008825012607160867, 0.01588502269288956, 0.028996469994957134, 0.04967221381744831, 0.06530509329299042, 0.1016137165910237, 0.11699445284921836, 0.14674735249621784, 0.12581946545637923, 0.12102874432677761, 0.061522945032778616, 0.07085224407463439, 0.02697932425617751, 0.01588502269288956, 0.020927887039838628, 0.007816439737771054, 0.0025214321734745334, 0.0025214321734745334, 0.0005042864346949068, 0.0007564296520423601, 0.0, 0.0, 0.0, 0.0, 0.0], [0.0, 0.0, 0.0, 0.0, 0.0, 0.0, 0.0019753086419753087, 0.0019753086419753087, 0.006419753086419753, 0.01925925925925926, 0.02617283950617284, 0.04, 0.05728395061728395, 0.08395061728395062, 0.1180246913580247, 0.12493827160493827, 0.13925925925925925, 0.09481481481481481, 0.1091358024691358, 0.05283950617283951, 0.02962962962962963, 0.036049382716049384, 0.019753086419753086, 0.012345679012345678, 0.021728395061728394, 0.003950617283950617, 0.0004938271604938272, 0.0, 0.0, 0.0, 0.0, 0.0], [0.0, 0.0, 0.0, 0.0, 0.0003572704537334762, 0.0, 0.0014290818149339049, 0.0021436227224008574, 0.004287245444801715, 0.014648088603072526, 0.020364415862808145, 0.03751339764201501, 0.06573776348695963, 0.10610932475884244, 0.13111825652018577, 0.13933547695605572, 0.14397999285459093, 0.08717399071096821, 0.11254019292604502, 0.05323329760628796, 0.02643801357627724, 0.029296177206145052, 0.010360843158270811, 0.0057163272597356195, 0.0053590568060021436, 0.002500893176134334, 0.0003572704537334762, 0.0, 0.0, 0.0, 0.0, 0.0], [0.00020538098172109262, 0.00020538098172109262, 0.00020538098172109262, 0.00041076196344218524, 0.00041076196344218524, 0.0020538098172109263, 0.0030807147258163892, 0.00472376257958513, 0.008420620250564798, 0.018278907373177243, 0.04333538714315054, 0.06181967549804888, 0.09426987060998152, 0.12035325528856028, 0.13144382830149928, 0.13185459026494148, 0.13390840008215238, 0.08461696446909016, 0.07291024851098789, 0.03553090983774902, 0.019921955226945984, 0.019100431300061615, 0.007599096323680428, 0.0030807147258163892, 0.002259190798932019, 0.0, 0.0, 0.0, 0.0, 0.0, 0.0, 0.0], [0.0, 0.0, 0.0005385029617662897, 0.0, 0.0005385029617662897, 0.0005385029617662897, 0.0005385029617662897, 0.002154011847065159, 0.005385029617662897, 0.014539579967689823, 0.029617662897145933, 0.046849757673667204, 0.07431340872374798, 0.10608508346795907, 0.13785675821217017, 0.1362412493268713, 0.13462574044157244, 0.09262250942380183, 0.08562197092084006, 0.04092622509423802, 0.03769520732364028, 0.023155627355950458, 0.013462574044157244, 0.004308023694130318, 0.011308562197092083, 0.0010770059235325794, 0.0, 0.0, 0.0, 0.0, 0.0, 0.0], [0.0, 0.0, 0.0, 0.0, 0.0, 0.0007578628268283441, 0.00037893141341417203, 0.002652519893899204, 0.0049261083743842365, 0.005305039787798408, 0.012504736642667677, 0.022735884804850323, 0.03751420992800303, 0.058355437665782495, 0.09435392194012884, 0.11633194391815081, 0.15346722243273966, 0.10079575596816977, 0.14209928003031452, 0.07389162561576355, 0.04395604395604396, 0.06896551724137931, 0.02614626752557787, 0.014778325123152709, 0.015157256536566882, 0.004168245547555892, 0.0007578628268283441, 0.0, 0.0, 0.0, 0.0, 0.0], [0.0, 0.0, 0.0, 0.0, 0.00021701388888888888, 0.00021701388888888888, 0.0006510416666666666, 0.002387152777777778, 0.004557291666666667, 0.009548611111111112, 0.019097222222222224, 0.041666666666666664, 0.0763888888888889, 0.1150173611111111, 0.13671875, 0.12239583333333333, 0.138671875, 0.0881076388888889, 0.1032986111111111, 0.046223958333333336, 0.029513888888888888, 0.03233506944444445, 0.015842013888888888, 0.005642361111111111, 0.008463541666666666, 0.0028211805555555555, 0.00021701388888888888, 0.0, 0.0, 0.0, 0.0, 0.0], [0.0, 0.0, 0.0001563232765358762, 0.0, 0.0, 0.0003126465530717524, 0.0006252931061435048, 0.002188525871502267, 0.003908081913396905, 0.01062998280443958, 0.0229795216507738, 0.041425668282007194, 0.07784899171486634, 0.11661716429576365, 0.15773018602469907, 0.14647491011411598, 0.1471002032202595, 0.07519149601375645, 0.10207909957792716, 0.03720493981553853, 0.017820853525089886, 0.02251055182116617, 0.008441456932937314, 0.003126465530717524, 0.0037517586368610288, 0.001563232765358762, 0.0003126465530717524, 0.0, 0.0, 0.0, 0.0, 0.0], [0.0, 0.0, 0.0, 0.0, 0.0, 0.00017953321364452425, 0.0010771992818671453, 0.0010771992818671453, 0.003590664272890485, 0.009515260323159785, 0.01561938958707361, 0.03213644524236984, 0.06068222621184919, 0.10251346499102335, 0.13859964093357272, 0.16552962298025134, 0.1703770197486535, 0.09353680430879713, 0.11831238779174147, 0.03500897666068223, 0.018491921005385995, 0.02118491921005386, 0.0059245960502693, 0.0019748653500897668, 0.0037701974865350088, 0.0008976660682226212, 0.0, 0.0, 0.0, 0.0, 0.0, 0.0], [0.0, 0.011235955056179775, 0.0, 0.0, 0.011235955056179775, 0.033707865168539325, 0.033707865168539325, 0.07865168539325842, 0.11235955056179775, 0.0898876404494382, 0.07865168539325842, 0.033707865168539325, 0.06741573033707865, 0.06741573033707865, 0.10112359550561797, 0.10112359550561797, 0.0449438202247191, 0.0449438202247191, 0.056179775280898875, 0.02247191011235955, 0.011235955056179775, 0.0, 0.0, 0.0, 0.0, 0.0, 0.0, 0.0, 0.0, 0.0, 0.0, 0.0]]}, "ranks": {"labels": ["Unranked", "Combatatent I", "Combatatent II", "Challenger I", "Challenger II", "Rival I", "Rival II", "Duelist", "Elite"], "data": [[0.22018348623853212, 0.1743119266055046, 0.25688073394495414, 0.1834862385321101, 0.06422018348623854, 0.10091743119266056, 0.0, 0.0, 0.0], [0.07506471095772217, 0.12942191544434858, 0.20362381363244175, 0.26919758412424505, 0.18636755823986195, 0.091458153580673, 0.01984469370146678, 0.021570319240724764, 0.003451251078515962], [0.024664377146425227, 0.048079925070246644, 0.12144864189822042, 0.19325632219793942, 0.2444583203246956, 0.19700280986575086, 0.0640024976584452, 0.08648142366531376, 0.020605682172962846], [0.04522381172127365, 0.07291185971389016, 0.16958929395477618, 0.2551915089986156, 0.23904014766958928, 0.13682510383017998, 0.04037840332256576, 0.03576372865712967, 0.005076142131979695], [0.2682926829268293, 0.1951219512195122, 0.14634146341463414, 0.0, 0.0975609756097561, 0.17073170731707318, 0.04878048780487805, 0.07317073170731707, 0.0], [0.019204916458613407, 0.052429421932014594, 0.15229498751680431, 0.23890916074515076, 0.24236604570770118, 0.1505665450355291, 0.056846552717495676, 0.06856155175724986, 0.018820818129441138], [0.08444444444444445, 0.13055555555555556, 0.22833333333333333, 0.23833333333333334, 0.16333333333333333, 0.06833333333333333, 0.029444444444444443, 0.04, 0.017222222222222222], [0.4056603773584906, 0.2358490566037736, 0.18867924528301888, 0.07547169811320754, 0.05660377358490566, 0.03773584905660377, 0.0, 0.0, 0.0], [0.1043354943273906, 0.17321717990275526, 0.24311183144246354, 0.22366288492706646, 0.12641815235008103, 0.06462722852512155, 0.03079416531604538, 0.03018638573743922, 0.003646677471636953], [0.05313765182186235, 0.08653846153846154, 0.1887651821862348, 0.2565789473684211, 0.23684210526315788, 0.11336032388663968, 0.02783400809716599, 0.03390688259109312, 0.003036437246963563], [0.08261258574410975, 0.16969877721443483, 0.230838055472711, 0.2496271995228154, 0.14643602743811512, 0.06471816283924843, 0.029227557411273485, 0.022964509394572025, 0.0038771249627199524], [0.04179698606767131, 0.08928063690645437, 0.17145294284901905, 0.2604492465169178, 0.24196758601080467, 0.12112595962468012, 0.03582598805800398, 0.03525732158089281, 0.0028433323855558716], [0.06399160765801207, 0.12719643325465513, 0.2040388145816942, 0.26855494361395227, 0.1982690794649882, 0.08156307369525308, 0.03042223970626803, 0.020456333595594022, 0.0055074744295830055], [0.011663066954643628, 0.04665226781857451, 0.1326133909287257, 0.24535637149028078, 0.2816414686825054, 0.16371490280777537, 0.05745140388768898, 0.050971922246220304, 0.009935205183585313], [0.0672, 0.136, 0.2336, 0.192, 0.2032, 0.0752, 0.048, 0.0288, 0.016], [0.039739884393063585, 0.08851156069364162, 0.18460982658959538, 0.28034682080924855, 0.21315028901734104, 0.11163294797687862, 0.03829479768786127, 0.03757225433526012, 0.006141618497109827], [0.04878048780487805, 0.10785060975609756, 0.19474085365853658, 0.2576219512195122, 0.2069359756097561, 0.11432926829268293, 0.03125, 0.03125, 0.007240853658536586], [0.2, 0.16, 0.24, 0.16, 0.12, 0.08, 0.04, 0.0, 0.0], [0.019958962880059692, 0.05241559410557732, 0.1481066965118448, 0.251072561089349, 0.24995336690915873, 0.14251072561089348, 0.061928744637194555, 0.06752471553814587, 0.006528632717776534], [0.017528858486532708, 0.05301410859341599, 0.12013681060282172, 0.23984608807182556, 0.2672082086361693, 0.1526293287729799, 0.058999572466866185, 0.0645575032064985, 0.026079521162890123], [0.03677243118302164, 0.08804370666106325, 0.14793023744484135, 0.23849548224416894, 0.22210548434545072, 0.14477831477201092, 0.05442319815087203, 0.05631435175457029, 0.01113679344400084], [0.031055900621118012, 0.049689440993788817, 0.2236024844720497, 0.30434782608695654, 0.2795031055900621, 0.08385093167701864, 0.027950310559006212, 0.0, 0.0], [0.017660044150110375, 0.04746136865342163, 0.12624172185430463, 0.24793046357615894, 0.2677980132450331, 0.18004966887417218, 0.05201434878587197, 0.05187637969094923, 0.008967991169977926], [0.01705390866430125, 0.05196291633283736, 0.17877990156804396, 0.3172713746137118, 0.26301934302392127, 0.11708824539315554, 0.035710198008469723, 0.01808401052993018, 0.0010301018656289345], [0.0345873786407767, 0.08677184466019418, 0.18810679611650485, 0.2445388349514563, 0.23240291262135923, 0.12348300970873786, 0.047026699029126214, 0.040655339805825245, 0.0024271844660194173], [0.013615023474178404, 0.04248826291079812, 0.12206572769953052, 0.22558685446009388, 0.2431924882629108, 0.1847417840375587, 0.06314553990610329, 0.08169014084507042, 0.023474178403755867], [0.10854700854700855, 0.1547008547008547, 0.22564102564102564, 0.23931623931623933, 0.14957264957264957, 0.0735042735042735, 0.023076923076923078, 0.023076923076923078, 0.002564102564102564], [0.14825581395348839, 0.18895348837209303, 0.19767441860465115, 0.2180232558139535, 0.16569767441860464, 0.06395348837209303, 0.0029069767441860465, 0.00872093023255814, 0.005813953488372093], [0.06253151790216843, 0.11497730711043873, 0.21860816944024206, 0.2725668179525971, 0.18255168935955624, 0.08547655068078669, 0.028240040342914774, 0.031265758951084216, 0.0037821482602118004], [0.02962962962962963, 0.06617283950617284, 0.14123456790123456, 0.24296296296296296, 0.23407407407407407, 0.13333333333333333, 0.058271604938271604, 0.06814814814814815, 0.02617283950617284], [0.022865309038942478, 0.05787781350482315, 0.17184708824580208, 0.2704537334762415, 0.23115398356555913, 0.1429081814933905, 0.04930332261521972, 0.04537334762415148, 0.008217220435869954], [0.03799548161840213, 0.10515506264119942, 0.2146231258985418, 0.26329841856644076, 0.21852536455124255, 0.09426987060998152, 0.034093242965701376, 0.02978024234955843, 0.002259190798932019], [0.024232633279483037, 0.07646742057081314, 0.18039849219170706, 0.27409800753904145, 0.22724824986537426, 0.1098546042003231, 0.05438879913839526, 0.04092622509423802, 0.012385568120624663], [0.014020462296324365, 0.035240621447518, 0.09586964759378552, 0.21068586585827964, 0.25426297840090945, 0.18719211822660098, 0.07275483137552104, 0.10989010989010989, 0.02008336491095112], [0.017578125, 0.06076388888888889, 0.19140625, 0.2591145833333333, 0.2267795138888889, 0.12890625, 0.050130208333333336, 0.05381944444444445, 0.011501736111111112], [0.017820853525089886, 0.06440518993278099, 0.19446615601062997, 0.3042050961388151, 0.22229169923401595, 0.12161950914491168, 0.035485383773643894, 0.03407847428482101, 0.0056276379552915425], [0.015439856373429085, 0.04775583482944345, 0.16319569120287253, 0.30412926391382405, 0.2639138240574506, 0.13716337522441652, 0.03464991023339318, 0.029084380610412925, 0.00466786355475763], [0.3707865168539326, 0.11235955056179775, 0.1348314606741573, 0.20224719101123595, 0.0898876404494382, 0.07865168539325842, 0.011235955056179775, 0.0, 0.0]]}, "ranksDetailed": {"labels": ["Unranked", "Combatatant", "Challenger", "Rival", "Duelist", "Elite"], "data": [[0.22018348623853212, 0.43119266055045874, 0.24770642201834864, 0.10091743119266056, 0.0, 0.0], [0.07506471095772217, 0.3330457290767903, 0.455565142364107, 0.11130284728213978, 0.021570319240724764, 0.003451251078515962], [0.024664377146425227, 0.16952856696846708, 0.43771464252263503, 0.26100530752419604, 0.08648142366531376, 0.020605682172962846], [0.04522381172127365, 0.24250115366866637, 0.4942316566682049, 0.17720350715274574, 0.03576372865712967, 0.005076142131979695], [0.2682926829268293, 0.34146341463414637, 0.0975609756097561, 0.21951219512195122, 0.07317073170731707, 0.0], [0.019204916458613407, 0.2047244094488189, 0.48127520645285193, 0.20741309775302477, 0.06856155175724986, 0.018820818129441138], [0.08444444444444445, 0.35888888888888887, 0.40166666666666667, 0.09777777777777778, 0.04, 0.017222222222222222], [0.4056603773584906, 0.42452830188679247, 0.1320754716981132, 0.03773584905660377, 0.0, 0.0], [0.1043354943273906, 0.4163290113452188, 0.3500810372771475, 0.09542139384116693, 0.03018638573743922, 0.003646677471636953], [0.05313765182186235, 0.27530364372469635, 0.4934210526315789, 0.14119433198380565, 0.03390688259109312, 0.003036437246963563], [0.08261258574410975, 0.40053683268714585, 0.3960632269609305, 0.09394572025052192, 0.022964509394572025, 0.0038771249627199524], [0.04179698606767131, 0.2607335797554734, 0.5024168325277225, 0.1569519476826841, 0.03525732158089281, 0.0028433323855558716], [0.06399160765801207, 0.33123524783634933, 0.46682402307894044, 0.11198531340152111, 0.020456333595594022, 0.0055074744295830055], [0.011663066954643628, 0.17926565874730022, 0.5269978401727862, 0.22116630669546436, 0.050971922246220304, 0.009935205183585313], [0.0672, 0.3696, 0.3952, 0.1232, 0.0288, 0.016], [0.039739884393063585, 0.273121387283237, 0.4934971098265896, 0.14992774566473988, 0.03757225433526012, 0.006141618497109827], [0.04878048780487805, 0.30259146341463417, 0.4645579268292683, 0.14557926829268292, 0.03125, 0.007240853658536586], [0.2, 0.4, 0.28, 0.12, 0.0, 0.0], [0.019958962880059692, 0.20052229061742213, 0.5010259279985078, 0.20443947024808803, 0.06752471553814587, 0.006528632717776534], [0.017528858486532708, 0.1731509191962377, 0.5070542967079948, 0.2116289012398461, 0.0645575032064985, 0.026079521162890123], [0.03677243118302164, 0.2359739441059046, 0.4606009665896197, 0.19920151292288296, 0.05631435175457029, 0.01113679344400084], [0.031055900621118012, 0.2732919254658385, 0.5838509316770186, 0.11180124223602485, 0.0, 0.0], [0.017660044150110375, 0.17370309050772628, 0.515728476821192, 0.23206401766004414, 0.05187637969094923, 0.008967991169977926], [0.01705390866430125, 0.2307428179008813, 0.5802907176376331, 0.15279844340162527, 0.01808401052993018, 0.0010301018656289345], [0.0345873786407767, 0.27487864077669905, 0.47694174757281554, 0.17050970873786409, 0.040655339805825245, 0.0024271844660194173], [0.013615023474178404, 0.16455399061032863, 0.4687793427230047, 0.24788732394366197, 0.08169014084507042, 0.023474178403755867], [0.10854700854700855, 0.3803418803418803, 0.3888888888888889, 0.09658119658119659, 0.023076923076923078, 0.002564102564102564], [0.14825581395348839, 0.3866279069767442, 0.38372093023255816, 0.06686046511627906, 0.00872093023255814, 0.005813953488372093], [0.06253151790216843, 0.33358547655068077, 0.4551185073121533, 0.11371659102370146, 0.031265758951084216, 0.0037821482602118004], [0.02962962962962963, 0.2074074074074074, 0.47703703703703704, 0.19160493827160494, 0.06814814814814815, 0.02617283950617284], [0.022865309038942478, 0.2297249017506252, 0.5016077170418006, 0.1922115041086102, 0.04537334762415148, 0.008217220435869954], [0.03799548161840213, 0.3197781885397412, 0.4818237831176833, 0.1283631135756829, 0.02978024234955843, 0.002259190798932019], [0.024232633279483037, 0.2568659127625202, 0.5013462574044157, 0.16424340333871837, 0.04092622509423802, 0.012385568120624663], [0.014020462296324365, 0.13111026904130352, 0.4649488442591891, 0.259946949602122, 0.10989010989010989, 0.02008336491095112], [0.017578125, 0.2521701388888889, 0.4858940972222222, 0.17903645833333334, 0.05381944444444445, 0.011501736111111112], [0.017820853525089886, 0.258871345943411, 0.526496795372831, 0.15710489291855556, 0.03407847428482101, 0.0056276379552915425], [0.015439856373429085, 0.21095152603231598, 0.5680430879712747, 0.1718132854578097, 0.029084380610412925, 0.00466786355475763], [0.3707865168539326, 0.24719101123595505, 0.29213483146067415, 0.0898876404494382, 0.0, 0.0]]}}}, "eu": {"histType": {"histogram": {"labels": ["0", "100", "200", "300", "400", "500", "600", "700", "800", "900", "1000", "1100", "1200", "1300", "1400", "1500", "1600", "1700", "1800", "1900", "2000", "2100", "2200", "2300", "2400", "2500", "2600", "2700", "2800", "2900", "3000", "3100"], "data": [[0.0, 0.0, 0.0, 0.0, 0.0, 0.013513513513513514, 0.02702702702702703, 0.04054054054054054, 0.10810810810810811, 0.0945945945945946, 0.08108108108108109, 0.0945945945945946, 0.12162162162162163, 0.0945945945945946, 0.05405405405405406, 0.10810810810810811, 0.04054054054054054, 0.04054054054054054, 0.02702702702702703, 0.02702702702702703, 0.013513513513513514, 0.013513513513513514, 0.0, 0.0, 0.0, 0.0, 0.0, 0.0, 0.0, 0.0, 0.0, 0.0], [0.0, 0.0, 0.0, 0.0009532888465204957, 0.0009532888465204957, 0.0038131553860819827, 0.009532888465204958, 0.00667302192564347, 0.029551954242135366, 0.03622497616777884, 0.055290753098188754, 0.08674928503336511, 0.10200190657769304, 0.12964728312678742, 0.14680648236415633, 0.11916110581506197, 0.10772163965681601, 0.04861773117254528, 0.058150619637750235, 0.023832221163012392, 0.010486177311725452, 0.017159199237368923, 0.0019065776930409914, 0.004766444232602479, 0.0, 0.0, 0.0, 0.0, 0.0, 0.0, 0.0, 0.0], [0.0, 0.0, 0.0, 0.0, 0.0003599712023038157, 0.0007199424046076314, 0.0010799136069114472, 0.0032397408207343412, 0.008639308855291577, 0.01511879049676026, 0.02591792656587473, 0.03635709143268539, 0.056155507559395246, 0.0755939524838013, 0.10115190784737221, 0.0939524838012959, 0.14326853851691865, 0.0939524838012959, 0.14830813534917206, 0.06299496040316775, 0.03599712023038157, 0.04607631389488841, 0.017998560115190784, 0.011519078473722102, 0.01655867530597552, 0.0028797696184305254, 0.0021598272138228943, 0.0, 0.0, 0.0, 0.0, 0.0], [0.0, 0.0, 0.0, 0.000412796697626419, 0.0002063983488132095, 0.000412796697626419, 0.001651186790505676, 0.005985552115583075, 0.009287925696594427, 0.01692466460268318, 0.035706914344685245, 0.05056759545923633, 0.07017543859649122, 0.09081527347781218, 0.12404540763673891, 0.1281733746130031, 0.15025799793601652, 0.10030959752321982, 0.11248710010319918, 0.04499484004127967, 0.018163054695562435, 0.022084623323013416, 0.0076367389060887515, 0.0026831785345717233, 0.004747162022703818, 0.001651186790505676, 0.0006191950464396285, 0.0, 0.0, 0.0, 0.0, 0.0], [0.0, 0.0, 0.0, 0.0, 0.0, 0.0, 0.045454545454545456, 0.06818181818181818, 0.09090909090909091, 0.022727272727272728, 0.13636363636363635, 0.11363636363636363, 0.045454545454545456, 0.06818181818181818, 0.13636363636363635, 0.06818181818181818, 0.045454545454545456, 0.06818181818181818, 0.0, 0.022727272727272728, 0.022727272727272728, 0.022727272727272728, 0.0, 0.0, 0.0, 0.022727272727272728, 0.0, 0.0, 0.0, 0.0, 0.0, 0.0], [0.0, 0.00037979491074819596, 0.00018989745537409798, 0.00018989745537409798, 0.000569692366122294, 0.00018989745537409798, 0.00018989745537409798, 0.0037979491074819596, 0.004367641473604254, 0.011203949867071782, 0.0189897455374098, 0.030763387770603876, 0.05526015951386251, 0.08735282947208507, 0.10615267755412078, 0.11640714014432206, 0.13805545005696923, 0.09817698442840866, 0.12400303835928599, 0.06285605772882644, 0.03608051652107862, 0.049753133308013675, 0.022977592100265856, 0.007785795670338018, 0.014812001519179644, 0.005507026205848841, 0.003418154196733764, 0.000569692366122294, 0.0, 0.0, 0.0, 0.0], [0.0, 0.0005076142131979696, 0.0005076142131979696, 0.0015228426395939086, 0.0010152284263959391, 0.003553299492385787, 0.005583756345177665, 0.015228426395939087, 0.03147208121827411, 0.03705583756345178, 0.062436548223350256, 0.07766497461928934, 0.09746192893401015, 0.11370558375634518, 0.11015228426395939, 0.10456852791878173, 0.09593908629441625, 0.05634517766497462, 0.06345177664974619, 0.03248730964467005, 0.018781725888324875, 0.023857868020304568, 0.014720812182741117, 0.01015228426395939, 0.011675126903553299, 0.003553299492385787, 0.006598984771573604, 0.0, 0.0, 0.0, 0.0, 0.0], [0.0, 0.0, 0.0, 0.0, 0.014705882352941176, 0.014705882352941176, 0.0, 0.1323529411764706, 0.07352941176470588, 0.08823529411764706, 0.10294117647058823, 0.10294117647058823, 0.07352941176470588, 0.058823529411764705, 0.07352941176470588, 0.14705882352941177, 0.08823529411764706, 0.029411764705882353, 0.0, 0.0, 0.0, 0.0, 0.0, 0.0, 0.0, 0.0, 0.0, 0.0, 0.0, 0.0, 0.0, 0.0], [0.0006037432078889113, 0.0002012477359629704, 0.0006037432078889113, 0.0012074864157778226, 0.0006037432078889113, 0.0022137250955926746, 0.006439927550815053, 0.012879855101630106, 0.029583417186556653, 0.04809820889514993, 0.07949285570537332, 0.09438518816663312, 0.12698732139263433, 0.12557858724089355, 0.10807003421211511, 0.09398269269470719, 0.08412155363252163, 0.050110686254779636, 0.050110686254779636, 0.02998591265848259, 0.01811229623666734, 0.01811229623666734, 0.008452404910444758, 0.004427450191185349, 0.004628697927148319, 0.001006238679814852, 0.0, 0.0, 0.0, 0.0, 0.0, 0.0], [0.0, 0.0, 0.0, 0.0, 0.0, 0.0019404915912031048, 0.0019404915912031048, 0.0071151358344113845, 0.0129366106080207, 0.020051746442432083, 0.04915912031047866, 0.04915912031047866, 0.0724450194049159, 0.10608020698576973, 0.13389391979301424, 0.1261319534282018, 0.1461836998706339, 0.07697283311772316, 0.09767141009055627, 0.029754204398447608, 0.02652005174644243, 0.02328589909443726, 0.010996119016817595, 0.00258732212160414, 0.003234152652005175, 0.0019404915912031048, 0.0, 0.0, 0.0, 0.0, 0.0, 0.0], [0.000368052999631947, 0.0, 0.0, 0.0, 0.001472211998527788, 0.002944423997055576, 0.003312476996687523, 0.01104158998895841, 0.02465955097534045, 0.04048582995951417, 0.06551343393448657, 0.08980493191019506, 0.1166728008833272, 0.11924917188075083, 0.12955465587044535, 0.09716599190283401, 0.09385351490614649, 0.05410379094589621, 0.06404122193595878, 0.0305483989694516, 0.0180345969819654, 0.018770702981229296, 0.008833271991166729, 0.005152741994847258, 0.002576370997423629, 0.001840264998159735, 0.0, 0.0, 0.0, 0.0, 0.0, 0.0], [0.0, 0.0, 0.0, 0.0006110601894286587, 0.0006110601894286587, 0.0012221203788573174, 0.0018331805682859762, 0.0058050717995722576, 0.012832263978001834, 0.02383134738771769, 0.0384967919340055, 0.051023525817293004, 0.08340971585701192, 0.09165902841429881, 0.12007332722273144, 0.11671249618087381, 0.14909868622059272, 0.0895203177512985, 0.0999083409715857, 0.04552398411243507, 0.02322028719828903, 0.02383134738771769, 0.010999083409715857, 0.0021387106630003055, 0.00488848151542927, 0.0015276504735716467, 0.0006110601894286587, 0.00030553009471432935, 0.0, 0.0, 0.00030553009471432935, 0.0], [0.0003204101249599487, 0.0, 0.0003204101249599487, 0.0009612303748798462, 0.0006408202499198974, 0.0003204101249599487, 0.0032041012495994873, 0.010893944248638257, 0.018263377122717077, 0.026273630246715796, 0.049343159243832105, 0.07209227811598846, 0.10509452098686319, 0.11182313361102211, 0.14354373598205702, 0.12143543735982057, 0.11118231336110221, 0.07113104774110862, 0.06920858699134892, 0.03204101249599487, 0.017942966997757128, 0.01505927587311759, 0.008971483498878564, 0.002242870874719641, 0.004806151874399231, 0.0016020506247997437, 0.001281640499839795, 0.0, 0.0, 0.0, 0.0, 0.0], [0.0, 0.0, 0.0, 0.0003913894324853229, 0.0003913894324853229, 0.0, 0.0007827788649706458, 0.0019569471624266144, 0.004696673189823875, 0.007827788649706457, 0.01643835616438356, 0.02583170254403131, 0.05675146771037182, 0.0821917808219178, 0.11859099804305284, 0.1365949119373777, 0.15968688845401174, 0.12289628180039139, 0.10919765166340509, 0.05518590998043053, 0.03444227005870842, 0.034833659491193734, 0.014090019569471625, 0.008610567514677104, 0.005088062622309198, 0.0015655577299412916, 0.0015655577299412916, 0.0003913894324853229, 0.0, 0.0, 0.0, 0.0], [0.0, 0.0019120458891013384, 0.0019120458891013384, 0.0, 0.0, 0.0038240917782026767, 0.01338432122370937, 0.011472275334608031, 0.022944550669216062, 0.04206500956022945, 0.05353728489483748, 0.06883365200764818, 0.07648183556405354, 0.1147227533460803, 0.1147227533460803, 0.10516252390057361, 0.0994263862332696, 0.0745697896749522, 0.0841300191204589, 0.02676864244741874, 0.02676864244741874, 0.022944550669216062, 0.0038240917782026767, 0.0019120458891013384, 0.019120458891013385, 0.009560229445506692, 0.0, 0.0, 0.0, 0.0, 0.0, 0.0], [0.0, 0.0, 0.00034578146611341634, 0.00034578146611341634, 0.00034578146611341634, 0.001037344398340249, 0.0017289073305670815, 0.007952973720608575, 0.011410788381742738, 0.023167358229598894, 0.03872752420470263, 0.054287690179806364, 0.07019363762102351, 0.11168741355463348, 0.1396957123098202, 0.11687413554633472, 0.13416320885200553, 0.07780082987551867, 0.08437067773167