{"region": {"us": {"histType": {"histogram": {"labels": ["0", "100", "200", "300", "400", "500", "600", "700", "800", "900", "1000", "1100", "1200", "1300", "1400", "1500", "1600", "1700", "1800", "1900", "2000", "2100", "2200", "2300", "2400", "2500", "2600", "2700", "2800", "2900", "3000", "3100"], "data": [[0.0, 0.0, 0.0, 0.008333333333333333, 0.0, 0.016666666666666666, 0.025, 0.025, 0.08333333333333333, 0.058333333333333334, 0.06666666666666667, 0.11666666666666667, 0.1, 0.14166666666666666, 0.10833333333333334, 0.08333333333333333, 0.05, 0.025, 0.03333333333333333, 0.058333333333333334, 0.0, 0.0, 0.0, 0.0, 0.0, 0.0, 0.0, 0.0, 0.0, 0.0, 0.0, 0.0], [0.0, 0.0016750418760469012, 0.0, 0.0008375209380234506, 0.0016750418760469012, 0.0008375209380234506, 0.0033500837520938024, 0.01256281407035176, 0.018425460636515914, 0.036013400335008376, 0.05360134003350084, 0.07370184254606366, 0.10217755443886097, 0.09798994974874371, 0.15996649916247907, 0.12395309882747069, 0.11474036850921274, 0.06365159128978225, 0.076214405360134, 0.024288107202680067, 0.010887772194304857, 0.01256281407035176, 0.005862646566164154, 0.0016750418760469012, 0.0033500837520938024, 0.0, 0.0, 0.0, 0.0, 0.0, 0.0, 0.0], [0.0, 0.0, 0.00028074115665356543, 0.00028074115665356543, 0.0005614823133071309, 0.0005614823133071309, 0.0008422234699606962, 0.002807411566535654, 0.008983717012914094, 0.010668163952835485, 0.015440763615946098, 0.027793374508702975, 0.048006737787759685, 0.06260527793374508, 0.08253790005614824, 0.10415496911847277, 0.145985401459854, 0.09517125210555867, 0.1712521055586749, 0.060640089837170126, 0.04576080853453116, 0.057271195957327346, 0.022178551375631666, 0.011229646266142616, 0.018528916339135316, 0.004211117349803481, 0.0022459292532285235, 0.0, 0.0, 0.0, 0.0, 0.0], [0.0, 0.00022158209616662973, 0.0, 0.0, 0.00022158209616662973, 0.0008863283846665189, 0.002658985153999557, 0.004874806115665854, 0.010857522712164856, 0.02503877686682916, 0.033680478617327717, 0.038776866829160206, 0.0671393751384888, 0.09727454021715046, 0.11943274983381343, 0.1362729891424773, 0.15156215377797475, 0.09107024152448483, 0.11411477952581431, 0.04187901617549302, 0.021936627520496344, 0.02526035896299579, 0.0070906270773321515, 0.004653224019499224, 0.0031021493463328164, 0.0015510746731664082, 0.00044316419233325947, 0.0, 0.0, 0.0, 0.0, 0.0], [0.0, 0.0, 0.0, 0.0, 0.0, 0.0, 0.0, 0.08888888888888889, 0.06666666666666667, 0.08888888888888889, 0.044444444444444446, 0.1111111111111111, 0.1111111111111111, 0.1111111111111111, 0.0, 0.0, 0.06666666666666667, 0.044444444444444446, 0.044444444444444446, 0.13333333333333333, 0.022222222222222223, 0.022222222222222223, 0.022222222222222223, 0.022222222222222223, 0.0, 0.0, 0.0, 0.0, 0.0, 0.0, 0.0, 0.0], [0.0, 0.0, 0.0, 0.0, 0.0, 0.0, 0.0003716090672612412, 0.0033444816053511705, 0.0033444816053511705, 0.012077294685990338, 0.01950947603121516, 0.028985507246376812, 0.05964325529542921, 0.08974358974358974, 0.11705685618729098, 0.120958751393534, 0.1480862133036046, 0.09829059829059829, 0.11947231512448904, 0.05518394648829431, 0.03363062058714233, 0.046822742474916385, 0.017094017094017096, 0.005759940542549238, 0.012263099219620958, 0.005016722408026756, 0.0029728725380899295, 0.0003716090672612412, 0.0, 0.0, 0.0, 0.0], [0.0, 0.0, 0.0, 0.0016137708445400753, 0.0016137708445400753, 0.0016137708445400753, 0.0037654653039268424, 0.013448090371167294, 0.023130715438407747, 0.037654653039268425, 0.05809575040344271, 0.06831629908552986, 0.10381925766541152, 0.1253362022592792, 0.13501882732651962, 0.09897794513179128, 0.11081226465841851, 0.05917159763313609, 0.056481979558902634, 0.028509951586874662, 0.016675632060247445, 0.016675632060247445, 0.013448090371167294, 0.008068854222700376, 0.01237224314147391, 0.0037654653039268424, 0.0016137708445400753, 0.0, 0.0, 0.0, 0.0, 0.0], [0.0, 0.0, 0.008695652173913044, 0.017391304347826087, 0.017391304347826087, 0.008695652173913044, 0.02608695652173913, 0.0782608695652174, 0.09565217391304348, 0.13043478260869565, 0.11304347826086956, 0.14782608695652175, 0.09565217391304348, 0.0782608695652174, 0.06086956521739131, 0.017391304347826087, 0.043478260869565216, 0.02608695652173913, 0.017391304347826087, 0.017391304347826087, 0.0, 0.0, 0.0, 0.0, 0.0, 0.0, 0.0, 0.0, 0.0, 0.0, 0.0, 0.0], [0.0007836990595611285, 0.00019592476489028212, 0.0009796238244514106, 0.0007836990595611285, 0.001959247648902821, 0.0037225705329153604, 0.004506269592476489, 0.011755485893416929, 0.022139498432601882, 0.052899686520376174, 0.07327586206896551, 0.09952978056426333, 0.11598746081504702, 0.1271551724137931, 0.13244514106583072, 0.0942398119122257, 0.07915360501567398, 0.04878526645768025, 0.05211598746081505, 0.025470219435736678, 0.018025078369905956, 0.016457680250783698, 0.009992163009404389, 0.0035266457680250786, 0.0033307210031347963, 0.0005877742946708464, 0.00019592476489028212, 0.0, 0.0, 0.0, 0.0, 0.0], [0.0, 0.0, 0.000499001996007984, 0.0, 0.000998003992015968, 0.0014970059880239522, 0.00499001996007984, 0.0054890219560878245, 0.014471057884231538, 0.02594810379241517, 0.03343313373253493, 0.05039920159680639, 0.08083832335329341, 0.10528942115768464, 0.12025948103792415, 0.13273453093812376, 0.1596806387225549, 0.08033932135728543, 0.09830339321357286, 0.03343313373253493, 0.013972055888223553, 0.021457085828343315, 0.008982035928143712, 0.00249500998003992, 0.003992015968063872, 0.000499001996007984, 0.0, 0.0, 0.0, 0.0, 0.0, 0.0], [0.0, 0.0, 0.0008648025367541078, 0.0014413375612568463, 0.0014413375612568463, 0.0025944076102623233, 0.007206687806284232, 0.010665897953300663, 0.01960219083309311, 0.0403574517151917, 0.07812049582012107, 0.08619198616315941, 0.10954165465552032, 0.11790141251081003, 0.1424041510521764, 0.11300086480253675, 0.0910925338714327, 0.053906024791006056, 0.05332948976650331, 0.026520611127125972, 0.014125108100317094, 0.016431248198328047, 0.005765350245027385, 0.003459210147016431, 0.0028826751225136927, 0.0011530700490054772, 0.0, 0.0, 0.0, 0.0, 0.0, 0.0], [0.0, 0.0, 0.0, 0.0, 0.00027359781121751026, 0.0008207934336525308, 0.0027359781121751026, 0.006566347469220246, 0.012311901504787962, 0.018604651162790697, 0.03529411764705882, 0.0533515731874145, 0.0719562243502052, 0.09384404924760602, 0.13953488372093023, 0.12229822161422708, 0.15567715458276335, 0.08618331053351573, 0.10068399452804377, 0.04076607387140903, 0.02298221614227086, 0.016689466484268126, 0.008755129958960328, 0.006019151846785226, 0.004377564979480164, 0.00027359781121751026, 0.0, 0.0, 0.0, 0.0, 0.0, 0.0], [0.00025119316754584274, 0.0, 0.0, 0.0005023863350916855, 0.0005023863350916855, 0.0015071590052750565, 0.0025119316754584277, 0.007033408691283597, 0.014318010550113038, 0.035920622959055515, 0.056267269530268775, 0.06556141672946496, 0.08590806330067823, 0.12157749309218789, 0.14091936699321778, 0.12182868625973374, 0.13262999246420498, 0.07309721175584025, 0.06706857573474001, 0.02989198693795529, 0.016327555890479777, 0.011554885707108766, 0.006531022356191912, 0.002009545340366742, 0.004270283848279327, 0.002009545340366742, 0.0, 0.0, 0.0, 0.0, 0.0, 0.0], [0.0, 0.0, 0.0, 0.0, 0.0004127115146512588, 0.0008254230293025176, 0.0, 0.0012381345439537762, 0.003714403631861329, 0.007841518778373916, 0.018159306644655385, 0.02723895996698308, 0.056128765992571196, 0.07841518778373917, 0.10895583986793232, 0.12835328105654148, 0.16756087494841107, 0.11432108955839868, 0.12876599257119273, 0.05777961205117623, 0.03714403631861329, 0.03384234420140322, 0.010730499380932727, 0.009492364836978951, 0.005365249690466364, 0.003714403631861329, 0.0, 0.0, 0.0, 0.0, 0.0, 0.0], [0.0, 0.0, 0.0, 0.0, 0.001447178002894356, 0.0, 0.001447178002894356, 0.008683068017366137, 0.017366136034732273, 0.03328509406657019, 0.04486251808972504, 0.085383502170767, 0.085383502170767, 0.13603473227206947, 0.11143270622286541, 0.10274963820549927, 0.11722141823444283, 0.07959479015918958, 0.07380607814761216, 0.02604920405209841, 0.02894356005788712, 0.015918958031837915, 0.004341534008683068, 0.010130246020260492, 0.004341534008683068, 0.005788712011577424, 0.005788712011577424, 0.0, 0.0, 0.0, 0.0, 0.0], [0.00035124692658939234, 0.00035124692658939234, 0.0007024938531787847, 0.00035124692658939234, 0.0007024938531787847, 0.001053740779768177, 0.003161222339304531, 0.005619950825430277, 0.011591148577449948, 0.01685985247629083, 0.03723217421847559, 0.0502283105022831, 0.08500175623463295, 0.10256410256410256, 0.1376887952230418, 0.13417632595714787, 0.13031260976466455, 0.08324552160168598, 0.09308043554618897, 0.03723217421847559, 0.023533544081489288, 0.02423603793466807, 0.008781173164734809, 0.005619950825430277, 0.0024587284861257463, 0.0028099754127151387, 0.001053740779768177, 0.0, 0.0, 0.0, 0.0, 0.0], [0.0, 0.0, 0.0, 0.0007032348804500703, 0.0010548523206751054, 0.0007032348804500703, 0.0035161744022503515, 0.005274261603375527, 0.01230661040787623, 0.02180028129395218, 0.043952180028129395, 0.060126582278481014, 0.08227848101265822, 0.1079465541490858, 0.13220815752461323, 0.11568213783403657, 0.1339662447257384, 0.0829817158931083, 0.10056258790436005, 0.034458509142053444, 0.017229254571026722, 0.022151898734177215, 0.007383966244725738, 0.004571026722925457, 0.005977496483825597, 0.0028129395218002813, 0.00035161744022503517, 0.0, 0.0, 0.0, 0.0, 0.0], [0.0, 0.0, 0.0, 0.0, 0.0, 0.0, 0.0, 0.0, 0.034482758620689655, 0.13793103448275862, 0.10344827586206896, 0.06896551724137931, 0.06896551724137931, 0.1724137931034483, 0.034482758620689655, 0.10344827586206896, 0.10344827586206896, 0.034482758620689655, 0.0, 0.06896551724137931, 0.06896551724137931, 0.0, 0.0, 0.0, 0.0, 0.0, 0.0, 0.0, 0.0, 0.0, 0.0, 0.0], [0.0001818512456810329, 0.0001818512456810329, 0.0001818512456810329, 0.0001818512456810329, 0.0001818512456810329, 0.0001818512456810329, 0.0007274049827241316, 0.0016366612111292963, 0.00563738861611202, 0.010365521003818877, 0.021458446990361885, 0.027823240589198037, 0.05873795235497363, 0.08547008547008547, 0.12202218585197308, 0.13166030187306782, 0.1474813602473177, 0.10401891252955082, 0.10638297872340426, 0.06419348972540462, 0.03418803418803419, 0.046917621385706494, 0.015821058374249863, 0.0072740498272413166, 0.006182942353155119, 0.0009092562284051646, 0.0, 0.0, 0.0, 0.0, 0.0, 0.0], [0.0, 0.0, 0.0, 0.00038925652004671076, 0.0, 0.00038925652004671076, 0.003114052160373686, 0.0007785130400934215, 0.0058388478007006615, 0.006617360840794083, 0.020630595562475672, 0.027247956403269755, 0.051381860646165824, 0.06228104320747373, 0.10704554301284547, 0.12144803425457376, 0.15064227325807708, 0.11560918645387311, 0.1296224211755547, 0.057609964966913195, 0.04087193460490463, 0.04203970416504477, 0.01946282600233554, 0.00973141300116777, 0.014402491241728299, 0.00973141300116777, 0.003114052160373686, 0.0, 0.0, 0.0, 0.0, 0.0], [0.00038804811796662784, 0.0, 0.0, 0.00038804811796662784, 0.0007760962359332557, 0.0013581684128831976, 0.0017462165308498253, 0.004850601474582848, 0.008149010477299184, 0.01590997283663174, 0.03279006596818006, 0.043849437330228946, 0.060147458284827315, 0.08537058595265813, 0.11195188203337214, 0.1210710128055879, 0.13562281722933645, 0.09526581296080713, 0.11816065192083819, 0.05743112145906092, 0.033760186263096625, 0.03667054714784633, 0.013969732246798603, 0.007760962359332557, 0.01086534730306558, 0.0017462165308498253, 0.0, 0.0, 0.0, 0.0, 0.0, 0.0], [0.0, 0.0, 0.0, 0.0, 0.0, 0.0029940119760479044, 0.0, 0.005988023952095809, 0.011976047904191617, 0.005988023952095809, 0.014970059880239521, 0.038922155688622756, 0.0658682634730539, 0.1407185628742515, 0.15568862275449102, 0.1467065868263473, 0.18562874251497005, 0.10778443113772455, 0.0748502994011976, 0.029940119760479042, 0.011976047904191617, 0.0, 0.0, 0.0, 0.0, 0.0, 0.0, 0.0, 0.0, 0.0, 0.0, 0.0], [0.0, 0.0, 0.0, 0.0001341381623071764, 0.0001341381623071764, 0.0002682763246143528, 0.00040241448692152917, 0.0016096579476861167, 0.003755868544600939, 0.010731052984574111, 0.016498993963782696, 0.0289738430583501, 0.052179745137491615, 0.0676056338028169, 0.10932260228034876, 0.13158953722334005, 0.1710261569416499, 0.10020120724346077, 0.15425888665325285, 0.059154929577464786, 0.029242119382964452, 0.03648558014755198, 0.012743125419181758, 0.0038900067069081155, 0.007243460764587525, 0.001743796109993293, 0.0008048289738430583, 0.0, 0.0, 0.0, 0.0, 0.0], [0.00011291779584462511, 0.00011291779584462511, 0.00022583559168925022, 0.0, 0.0006775067750677507, 0.0010162601626016261, 0.00045167118337850043, 0.0016937669376693768, 0.002145438121047877, 0.01016260162601626, 0.015582655826558265, 0.03556910569105691, 0.06854110207768745, 0.1043360433604336, 0.14498644986449866, 0.17050587172538392, 0.17502258355916891, 0.09372177055103885, 0.09564137308039747, 0.04031165311653116, 0.019534778681120146, 0.012646793134598013, 0.004516711833785004, 0.0013550135501355014, 0.0010162601626016261, 0.00011291779584462511, 0.0, 0.0, 0.0, 0.0, 0.0, 0.0], [0.0, 0.0002834467120181406, 0.0, 0.0002834467120181406, 0.0008503401360544217, 0.0017006802721088435, 0.0022675736961451248, 0.002834467120181406, 0.010487528344671202, 0.015022675736961451, 0.027210884353741496, 0.055272108843537414, 0.08219954648526077, 0.09948979591836735, 0.12585034013605442, 0.12244897959183673, 0.14540816326530612, 0.08871882086167801, 0.10204081632653061, 0.046201814058956917, 0.026927437641723357, 0.023809523809523808, 0.011904761904761904, 0.005668934240362812, 0.002834467120181406, 0.0002834467120181406, 0.0, 0.0, 0.0, 0.0, 0.0, 0.0], [0.0, 0.0, 0.0, 0.0, 0.0004484304932735426, 0.0, 0.0006726457399103139, 0.0011210762331838565, 0.004260089686098654, 0.006726457399103139, 0.016367713004484304, 0.02376681614349776, 0.04282511210762332, 0.07937219730941704, 0.10717488789237668, 0.12130044843049327, 0.15336322869955157, 0.08385650224215246, 0.15672645739910315, 0.05941704035874439, 0.03766816143497758, 0.04618834080717489, 0.02040358744394619, 0.013004484304932735, 0.014798206278026907, 0.007399103139013453, 0.003139013452914798, 0.0, 0.0, 0.0, 0.0, 0.0], [0.0, 0.0008257638315441783, 0.0008257638315441783, 0.002477291494632535, 0.0016515276630883566, 0.004128819157720892, 0.005780346820809248, 0.012386457473162676, 0.03220478943022296, 0.05532617671345995, 0.05697770437654831, 0.09000825763831544, 0.09496284062758051, 0.12799339388934763, 0.13625103220478943, 0.10322047894302229, 0.10074318744838975, 0.05119735755573906, 0.06523534269199009, 0.02559867877786953, 0.005780346820809248, 0.022295623451692816, 0.0008257638315441783, 0.0008257638315441783, 0.002477291494632535, 0.0, 0.0, 0.0, 0.0, 0.0, 0.0, 0.0], [0.0, 0.0, 0.0, 0.0, 0.005390835579514825, 0.0, 0.005390835579514825, 0.026954177897574125, 0.05660377358490566, 0.05121293800539083, 0.09703504043126684, 0.09703504043126684, 0.08355795148247978, 0.09973045822102426, 0.11590296495956873, 0.09433962264150944, 0.11590296495956873, 0.0646900269541779, 0.05121293800539083, 0.016172506738544475, 0.005390835579514825, 0.0, 0.005390835579514825, 0.0026954177897574125, 0.005390835579514825, 0.0, 0.0, 0.0, 0.0, 0.0, 0.0, 0.0], [0.0004884004884004884, 0.0, 0.0, 0.0, 0.0007326007326007326, 0.0017094017094017094, 0.005128205128205128, 0.008791208791208791, 0.01562881562881563, 0.02735042735042735, 0.047619047619047616, 0.06617826617826618, 0.09963369963369964, 0.11648351648351649, 0.1457875457875458, 0.12869352869352868, 0.1203907203907204, 0.06617826617826618, 0.06910866910866911, 0.02857142857142857, 0.017826617826617826, 0.018315018315018316, 0.008791208791208791, 0.0029304029304029304, 0.002442002442002442, 0.0007326007326007326, 0.0004884004884004884, 0.0, 0.0, 0.0, 0.0, 0.0], [0.0, 0.0, 0.0, 0.0004761904761904762, 0.0, 0.0, 0.002380952380952381, 0.0014285714285714286, 0.005238095238095238, 0.018571428571428572, 0.02761904761904762, 0.03761904761904762, 0.060476190476190475, 0.08047619047619048, 0.11714285714285715, 0.1261904761904762, 0.14238095238095239, 0.09238095238095238, 0.11047619047619048, 0.05285714285714286, 0.03, 0.034761904761904765, 0.019523809523809523, 0.011904761904761904, 0.023809523809523808, 0.0033333333333333335, 0.0009523809523809524, 0.0, 0.0, 0.0, 0.0, 0.0], [0.0, 0.0, 0.0, 0.0, 0.00034258307639602604, 0.0, 0.0013703323055841042, 0.0020554984583761563, 0.004453579993148339, 0.01473107228502912, 0.020554984583761562, 0.03734155532716684, 0.06646111682082904, 0.10448783830078794, 0.12812607057211373, 0.14045906132237068, 0.14799588900308325, 0.08359027064063035, 0.11133949982870846, 0.05447070914696814, 0.03014731072285029, 0.026378896882494004, 0.011305241521068859, 0.006509078451524495, 0.0051387461459403904, 0.002398081534772182, 0.00034258307639602604, 0.0, 0.0, 0.0, 0.0, 0.0], [0.00019809825673534074, 0.00019809825673534074, 0.00019809825673534074, 0.0003961965134706815, 0.0003961965134706815, 0.0019809825673534074, 0.0027733755942947703, 0.004754358161648178, 0.00792393026941363, 0.017828843106180665, 0.041996830427892234, 0.06121236133122029, 0.08874801901743265, 0.11846275752773376, 0.13510301109350237, 0.13510301109350237, 0.13391442155309033, 0.08557844690966719, 0.07547543581616482, 0.03565768621236133, 0.01901743264659271, 0.018225039619651346, 0.008518225039619652, 0.003763866877971474, 0.0025752773375594296, 0.0, 0.0, 0.0, 0.0, 0.0, 0.0, 0.0], [0.0, 0.0, 0.0, 0.0, 0.0005151983513652757, 0.0005151983513652757, 0.0, 0.0036063884595569293, 0.005667181865018032, 0.012364760432766615, 0.027820710973724884, 0.0443070582174137, 0.0762493560020608, 0.11025244719216898, 0.13807315816589386, 0.14013395157135497, 0.13137557959814528, 0.08603812467800102, 0.09015971148892324, 0.04379185986604843, 0.033487892838742914, 0.02627511591962906, 0.012364760432766615, 0.004121586810922205, 0.011334363730036065, 0.0015455950540958269, 0.0, 0.0, 0.0, 0.0, 0.0, 0.0], [0.0, 0.0, 0.0, 0.0, 0.0, 0.000736105999263894, 0.000368052999631947, 0.002944423997055576, 0.005152741994847258, 0.004784688995215311, 0.011409642988590356, 0.025395656974604344, 0.03422892896577107, 0.05962458594037542, 0.09385351490614649, 0.12108943687891056, 0.152741994847258, 0.10121457489878542, 0.14280456385719545, 0.0728744939271255, 0.043798306956201696, 0.06477732793522267, 0.02576370997423629, 0.01582627898417372, 0.015090172984909826, 0.004784688995215311, 0.000736105999263894, 0.0, 0.0, 0.0, 0.0, 0.0], [0.0, 0.0, 0.0, 0.0, 0.00021272069772388852, 0.00021272069772388852, 0.0008508827908955541, 0.0021272069772388853, 0.004041693256753882, 0.009785152095298873, 0.018506700701978303, 0.04126781535843438, 0.07211231652839821, 0.11635822165496702, 0.14039566049776644, 0.12103807700489258, 0.13869389491597534, 0.0874282067645182, 0.10508402467560093, 0.04658583280153159, 0.027866411401829397, 0.03275898744947883, 0.016166773027015528, 0.006381620931716656, 0.007870665815783875, 0.0038289725590299937, 0.00042544139544777704, 0.0, 0.0, 0.0, 0.0, 0.0], [0.0, 0.0, 0.00015126304643775526, 0.0, 0.0, 0.0003025260928755105, 0.00045378913931326575, 0.001815156557253063, 0.003479050068068371, 0.010739676297080622, 0.021479352594161245, 0.03963091816669188, 0.07427015580093783, 0.11329602178187868, 0.15534714869157465, 0.14566631371955832, 0.14793525941612465, 0.08319467554076539, 0.10255634548479807, 0.037815761609438815, 0.02011798517622145, 0.02510966570866737, 0.007714415368325518, 0.003630313114506126, 0.003479050068068371, 0.0015126304643775525, 0.0003025260928755105, 0.0, 0.0, 0.0, 0.0, 0.0], [0.0, 0.0, 0.0, 0.0, 0.0, 0.00017482517482517483, 0.0008741258741258741, 0.001048951048951049, 0.0036713286713286712, 0.00909090909090909, 0.01451048951048951, 0.03164335664335664, 0.05874125874125874, 0.09702797202797203, 0.14038461538461539, 0.16555944055944055, 0.1736013986013986, 0.09423076923076923, 0.12062937062937062, 0.03566433566433566, 0.019405594405594407, 0.02132867132867133, 0.005944055944055944, 0.0019230769230769232, 0.0034965034965034965, 0.001048951048951049, 0.0, 0.0, 0.0, 0.0, 0.0, 0.0], [0.0, 0.01098901098901099, 0.0, 0.0, 0.01098901098901099, 0.03296703296703297, 0.03296703296703297, 0.06593406593406594, 0.13186813186813187, 0.10989010989010989, 0.06593406593406594, 0.03296703296703297, 0.06593406593406594, 0.07692307692307693, 0.08791208791208792, 0.08791208791208792, 0.054945054945054944, 0.03296703296703297, 0.03296703296703297, 0.054945054945054944, 0.01098901098901099, 0.0, 0.0, 0.0, 0.0, 0.0, 0.0, 0.0, 0.0, 0.0, 0.0, 0.0]]}, "ranks": {"labels": ["Unranked", "Combatatent I", "Combatatent II", "Challenger I", "Challenger II", "Rival I", "Rival II", "Duelist", "Elite"], "data": [[0.21666666666666667, 0.18333333333333332, 0.24166666666666667, 0.19166666666666668, 0.075, 0.09166666666666666, 0.0, 0.0, 0.0], [0.07537688442211055, 0.1273031825795645, 0.20016750418760468, 0.28391959798994976, 0.17839195979899497, 0.08961474036850921, 0.021775544388609715, 0.020100502512562814, 0.0033500837520938024], [0.02498596294216732, 0.043234138124649074, 0.11061201572150477, 0.186692869174621, 0.2411566535654127, 0.20409882088714207, 0.07355418304323413, 0.09067939359910163, 0.02498596294216732], [0.04475958342565921, 0.07245734544648792, 0.16441391535563926, 0.25570573897629073, 0.24263239530245956, 0.13671615333481055, 0.04121426988699313, 0.03700421005982717, 0.005096388211832484], [0.24444444444444444, 0.15555555555555556, 0.2222222222222222, 0.0, 0.1111111111111111, 0.15555555555555556, 0.044444444444444446, 0.06666666666666667, 0.0], [0.01913786696395392, 0.048494983277591976, 0.14938684503901895, 0.23801560758082496, 0.2463768115942029, 0.1505016722408027, 0.057785209959123, 0.06967670011148272, 0.020624303232998884], [0.08284023668639054, 0.12641204948897256, 0.2291554599246907, 0.2339967724583109, 0.1699838622915546, 0.07423345884884347, 0.027434104357181282, 0.038192576654115115, 0.01775147928994083], [0.3826086956521739, 0.2608695652173913, 0.17391304347826086, 0.0782608695652174, 0.06956521739130435, 0.034782608695652174, 0.0, 0.0, 0.0], [0.0997257053291536, 0.17280564263322884, 0.24314263322884014, 0.22668495297805644, 0.12793887147335423, 0.06641849529780565, 0.029192789968652037, 0.029976489028213166, 0.0041144200626959246], [0.05389221556886228, 0.08383233532934131, 0.18612774451097805, 0.25299401197604793, 0.24001996007984033, 0.11676646706586827, 0.028942115768463075, 0.03293413173652695, 0.004491017964071856], [0.08417411357739983, 0.1643124819832805, 0.22744306716633036, 0.25540501585471315, 0.14499855866243874, 0.06630152781781493, 0.02767368117613145, 0.025655808590371865, 0.00403574517151917], [0.04131326949384405, 0.08864569083447332, 0.16580027359781122, 0.2618331053351573, 0.24186046511627907, 0.12448700410396717, 0.0399452804377565, 0.03146374829001368, 0.004651162790697674], [0.06254709871891484, 0.12182868625973374, 0.20748555639286612, 0.26274805325295153, 0.2057272042200452, 0.0811353931173072, 0.03215272544586787, 0.02009545340366742, 0.006279829188646069], [0.014032191498142799, 0.04539826661163846, 0.13454395377631037, 0.2373091209244738, 0.28188196450680975, 0.16137020222864218, 0.062319438712340074, 0.0540652084193149, 0.009079653322327692], [0.06222865412445731, 0.13024602026049203, 0.22141823444283648, 0.2141823444283647, 0.19681620839363242, 0.08683068017366136, 0.041968162083936326, 0.030390738060781478, 0.015918958031837915], [0.040744643484369514, 0.0874604847207587, 0.18756585879873552, 0.2718651211801897, 0.21355813136635055, 0.11626273270108886, 0.03758342114506498, 0.03863716192483316, 0.006322444678609062], [0.04535864978902954, 0.10407876230661041, 0.19022503516174402, 0.2478902953586498, 0.2169479606188467, 0.12130801687763713, 0.030942334739803096, 0.03410689170182841, 0.009142053445850914], [0.1724137931034483, 0.1724137931034483, 0.2413793103448276, 0.13793103448275862, 0.13793103448275862, 0.034482758620689655, 0.10344827586206896, 0.0, 0.0], [0.019458083287870524, 0.04928168757955992, 0.14420803782505912, 0.25368248772504093, 0.25150027277686854, 0.1420258228768867, 0.06273867975995635, 0.07001272958719768, 0.0070921985815602835], [0.017127286882055275, 0.047878551965745426, 0.11366290385363954, 0.22849357726741923, 0.2662514597119502, 0.16270922537952512, 0.0653950953678474, 0.07123394316854807, 0.027247956403269755], [0.03356616220411331, 0.076639503298409, 0.14551804423748546, 0.23302289483896002, 0.23088863019014358, 0.14978657353511834, 0.05956538610787738, 0.05840124175397749, 0.012611563833915405], [0.02694610778443114, 0.05389221556886228, 0.20658682634730538, 0.3023952095808383, 0.2934131736526946, 0.09281437125748503, 0.023952095808383235, 0.0, 0.0], [0.0170355466130114, 0.0454728370221328, 0.11978537894030852, 0.2409121395036888, 0.2712273641851107, 0.18645204560697518, 0.056203890006706905, 0.05311871227364185, 0.009792085848423877], [0.01659891598915989, 0.05115176151761518, 0.17287714543812105, 0.31549232158988255, 0.26874435411020775, 0.11811201445347787, 0.03737579042457091, 0.018518518518518517, 0.001129177958446251], [0.03373015873015873, 0.0824829931972789, 0.1816893424036281, 0.24829931972789115, 0.23412698412698413, 0.12528344671201813, 0.049886621315192746, 0.041383219954648526, 0.0031179138321995466], [0.013228699551569507, 0.040134529147982066, 0.12219730941704036, 0.22847533632286995, 0.23721973094170404, 0.18856502242152468, 0.06524663677130045, 0.0795964125560538, 0.025336322869955158], [0.11560693641618497, 0.14698596201486375, 0.22295623451692817, 0.23947151114781173, 0.15194054500412882, 0.07431874483897605, 0.022295623451692816, 0.023947151114781174, 0.002477291494632535], [0.14555256064690028, 0.1940700808625337, 0.18328840970350405, 0.21024258760107817, 0.18059299191374664, 0.0673854447439353, 0.005390835579514825, 0.008086253369272238, 0.005390835579514825], [0.05982905982905983, 0.1137973137973138, 0.21611721611721613, 0.2744810744810745, 0.18656898656898657, 0.08400488400488401, 0.0315018315018315, 0.030036630036630037, 0.003663003663003663], [0.028095238095238097, 0.06523809523809523, 0.14095238095238094, 0.24333333333333335, 0.23476190476190475, 0.1357142857142857, 0.05761904761904762, 0.06619047619047619, 0.028095238095238097], [0.022953066118533743, 0.0578965399109284, 0.17094895512161698, 0.2685851318944844, 0.2315861596437136, 0.14319972593353889, 0.05275779376498801, 0.044193216855087356, 0.0078794107571086], [0.036648177496038034, 0.10320919175911251, 0.2072107765451664, 0.27020602218700474, 0.21949286846275753, 0.09627575277337559, 0.033874801901743266, 0.030507131537242473, 0.0025752773375594296], [0.02266872746007213, 0.07212776919113859, 0.18650180319422976, 0.2782071097372488, 0.2174137042761463, 0.11695002575991757, 0.05048943843379701, 0.04276146316331788, 0.01287995878413189], [0.013986013986013986, 0.0368052999631947, 0.09385351490614649, 0.21494295178505704, 0.2539565697460434, 0.18770702981229298, 0.07177033492822966, 0.10636731689363269, 0.020610967979389033], [0.01723037651563497, 0.05977451606041268, 0.18847053818336523, 0.261433737502659, 0.22612210168049351, 0.13146139119336311, 0.04807487768559881, 0.055307381408211016, 0.012125079770261647], [0.016941461201028588, 0.061110270760853125, 0.18756617758281652, 0.30101346241113297, 0.23112993495689002, 0.12282559370745727, 0.03766449856300106, 0.03645439419149902, 0.005294206625321434], [0.01486013986013986, 0.046153846153846156, 0.15576923076923077, 0.30594405594405594, 0.26783216783216784, 0.13986013986013987, 0.03583916083916084, 0.029195804195804195, 0.004545454545454545], [0.3956043956043956, 0.0989010989010989, 0.14285714285714285, 0.17582417582417584, 0.08791208791208792, 0.06593406593406594, 0.03296703296703297, 0.0, 0.0]]}, "ranksDetailed": {"labels": ["Unranked", "Combatatant", "Challenger", "Rival", "Duelist", "Elite"], "data": [[0.21666666666666667, 0.425, 0.26666666666666666, 0.09166666666666666, 0.0, 0.0], [0.07537688442211055, 0.3274706867671692, 0.4623115577889447, 0.11139028475711893, 0.020100502512562814, 0.0033500837520938024], [0.02498596294216732, 0.15384615384615385, 0.4278495227400337, 0.2776530039303762, 0.09067939359910163, 0.02498596294216732], [0.04475958342565921, 0.2368712608021272, 0.4983381342787503, 0.1779304232218037, 0.03700421005982717, 0.005096388211832484], [0.24444444444444444, 0.37777777777777777, 0.1111111111111111, 0.2, 0.06666666666666667, 0.0], [0.01913786696395392, 0.1978818283166109, 0.48439241917502784, 0.20828688219992567, 0.06967670011148272, 0.020624303232998884], [0.08284023668639054, 0.3555675094136633, 0.4039806347498655, 0.10166756320602474, 0.038192576654115115, 0.01775147928994083], [0.3826086956521739, 0.43478260869565216, 0.14782608695652175, 0.034782608695652174, 0.0, 0.0], [0.0997257053291536, 0.41594827586206895, 0.35462382445141066, 0.09561128526645768, 0.029976489028213166, 0.0041144200626959246], [0.05389221556886228, 0.26996007984031933, 0.4930139720558882, 0.14570858283433133, 0.03293413173652695, 0.004491017964071856], [0.08417411357739983, 0.39175554914961086, 0.4004035745171519, 0.09397520899394639, 0.025655808590371865, 0.00403574517151917], [0.04131326949384405, 0.25444596443228457, 0.5036935704514364, 0.16443228454172368, 0.03146374829001368, 0.004651162790697674], [0.06254709871891484, 0.32931424265259984, 0.46847525747299673, 0.11328811856317508, 0.02009545340366742, 0.006279829188646069], [0.014032191498142799, 0.17994222038794883, 0.5191910854312836, 0.22368964094098226, 0.0540652084193149, 0.009079653322327692], [0.06222865412445731, 0.3516642547033285, 0.4109985528219971, 0.1287988422575977, 0.030390738060781478, 0.015918958031837915], [0.040744643484369514, 0.27502634351949423, 0.48542325254654023, 0.15384615384615385, 0.03863716192483316, 0.006322444678609062], [0.04535864978902954, 0.29430379746835444, 0.4648382559774965, 0.15225035161744022, 0.03410689170182841, 0.009142053445850914], [0.1724137931034483, 0.41379310344827586, 0.27586206896551724, 0.13793103448275862, 0.0, 0.0], [0.019458083287870524, 0.19348972540461903, 0.5051827605019095, 0.20476450263684307, 0.07001272958719768, 0.0070921985815602835], [0.017127286882055275, 0.16154145581938498, 0.4947450369793694, 0.22810432074737252, 0.07123394316854807, 0.027247956403269755], [0.03356616220411331, 0.22215754753589445, 0.4639115250291036, 0.20935195964299574, 0.05840124175397749, 0.012611563833915405], [0.02694610778443114, 0.26047904191616766, 0.5958083832335329, 0.11676646706586827, 0.0, 0.0], [0.0170355466130114, 0.1652582159624413, 0.5121395036887995, 0.2426559356136821, 0.05311871227364185, 0.009792085848423877], [0.01659891598915989, 0.2240289069557362, 0.5842366757000903, 0.15548780487804878, 0.018518518518518517, 0.001129177958446251], [0.03373015873015873, 0.264172335600907, 0.4824263038548753, 0.17517006802721088, 0.041383219954648526, 0.0031179138321995466], [0.013228699551569507, 0.16233183856502242, 0.465695067264574, 0.2538116591928251, 0.0795964125560538, 0.025336322869955158], [0.11560693641618497, 0.3699421965317919, 0.3914120561519405, 0.09661436829066887, 0.023947151114781174, 0.002477291494632535], [0.14555256064690028, 0.37735849056603776, 0.3908355795148248, 0.07277628032345014, 0.008086253369272238, 0.005390835579514825], [0.05982905982905983, 0.3299145299145299, 0.4610500610500611, 0.11550671550671551, 0.030036630036630037, 0.003663003663003663], [0.028095238095238097, 0.2061904761904762, 0.4780952380952381, 0.19333333333333333, 0.06619047619047619, 0.028095238095238097], [0.022953066118533743, 0.2288454950325454, 0.5001712915381981, 0.1959575196985269, 0.044193216855087356, 0.0078794107571086], [0.036648177496038034, 0.3104199683042789, 0.4896988906497623, 0.13015055467511885, 0.030507131537242473, 0.0025752773375594296], [0.02266872746007213, 0.2586295723853684, 0.49562081401339514, 0.16743946419371458, 0.04276146316331788, 0.01287995878413189], [0.013986013986013986, 0.1306588148693412, 0.4688995215311005, 0.25947736474052263, 0.10636731689363269, 0.020610967979389033], [0.01723037651563497, 0.2482450542437779, 0.48755583918315254, 0.17953626887896193, 0.055307381408211016, 0.012125079770261647], [0.016941461201028588, 0.24867644834366964, 0.532143397368023, 0.16049009227045832, 0.03645439419149902, 0.005294206625321434], [0.01486013986013986, 0.20192307692307693, 0.5737762237762237, 0.1756993006993007, 0.029195804195804195, 0.004545454545454545], [0.3956043956043956, 0.24175824175824176, 0.26373626373626374, 0.0989010989010989, 0.0, 0.0]]}}}, "eu": {"histType": {"histogram": {"labels": ["0", "100", "200", "300", "400", "500", "600", "700", "800", "900", "1000", "1100", "1200", "1300", "1400", "1500", "1600", "1700", "1800", "1900", "2000", "2100", "2200", "2300", "2400", "2500", "2600", "2700", "2800", "2900", "3000", "3100"], "data": [[0.0, 0.0, 0.0, 0.0, 0.0, 0.01282051282051282, 0.02564102564102564, 0.038461538461538464, 0.11538461538461539, 0.08974358974358974, 0.08974358974358974, 0.08974358974358974, 0.11538461538461539, 0.0641025641025641, 0.0641025641025641, 0.11538461538461539, 0.0641025641025641, 0.038461538461538464, 0.02564102564102564, 0.01282051282051282, 0.02564102564102564, 0.0, 0.01282051282051282, 0.0, 0.0, 0.0, 0.0, 0.0, 0.0, 0.0, 0.0, 0.0], [0.0, 0.0, 0.0, 0.0009233610341643582, 0.0018467220683287165, 0.0046168051708217915, 0.009233610341643583, 0.006463527239150508, 0.028624192059095107, 0.034164358264081256, 0.050784856879039705, 0.08771929824561403, 0.10526315789473684, 0.1283471837488458, 0.14496768236380425, 0.1172668513388735, 0.10987996306555864, 0.057248384118190214, 0.057248384118190214, 0.024007386888273315, 0.006463527239150508, 0.018467220683287166, 0.0018467220683287165, 0.0046168051708217915, 0.0, 0.0, 0.0, 0.0, 0.0, 0.0, 0.0, 0.0], [0.0, 0.0, 0.0, 0.0, 0.00032123353678124, 0.00064246707356248, 0.0009637006103437199, 0.0038548024413748794, 0.009637006103437198, 0.012849341471249599, 0.02184388050112432, 0.030838419530999035, 0.051718599421779636, 0.06874397687118536, 0.09604882749759075, 0.09444265981368455, 0.1407002891101831, 0.09347895920334083, 0.16190170253774494, 0.06199807259877931, 0.04529392868615483, 0.047542563443623516, 0.02184388050112432, 0.009315772566655958, 0.01638291037584324, 0.00546097012528108, 0.004176035978156119, 0.0, 0.0, 0.0, 0.0, 0.0], [0.0, 0.0, 0.0, 0.0003997601439136518, 0.0001998800719568259, 0.0003997601439136518, 0.0013991605036977814, 0.0055966420147911256, 0.00879472316610034, 0.01599040575654607, 0.033379972016789924, 0.04897061762942235, 0.06875874475314811, 0.09034579252448531, 0.12212672396562063, 0.12972216669998002, 0.14771137317609434, 0.10173895662602439, 0.11553068159104538, 0.04797121726963822, 0.020587647411553067, 0.022186687987207677, 0.008594843094143514, 0.0031980811513092145, 0.003597841295222866, 0.001998800719568259, 0.0007995202878273036, 0.0, 0.0, 0.0, 0.0, 0.0], [0.0, 0.0, 0.0, 0.0, 0.0, 0.0, 0.043478260869565216, 0.06521739130434782, 0.10869565217391304, 0.021739130434782608, 0.10869565217391304, 0.17391304347826086, 0.043478260869565216, 0.043478260869565216, 0.13043478260869565, 0.06521739130434782, 0.043478260869565216, 0.021739130434782608, 0.043478260869565216, 0.043478260869565216, 0.0, 0.021739130434782608, 0.0, 0.021739130434782608, 0.0, 0.0, 0.0, 0.0, 0.0, 0.0, 0.0, 0.0], [0.0, 0.00036536353671903543, 0.00018268176835951772, 0.00036536353671903543, 0.0005480453050785532, 0.00018268176835951772, 0.00036536353671903543, 0.0034709535988308366, 0.00401899890390939, 0.009864815491413957, 0.017172086225794667, 0.029777128242601387, 0.05407380343441724, 0.0834855681402996, 0.10796492510047498, 0.11764705882352941, 0.1392035074899525, 0.09956156375593715, 0.1265984654731458, 0.06247716477895506, 0.03617099013518451, 0.05206430398246255, 0.020643039824625502, 0.008586043112897334, 0.014066496163682864, 0.006576543660942638, 0.0034709535988308366, 0.0010960906101571063, 0.0, 0.0, 0.0, 0.0], [0.0, 0.0004909180166912126, 0.0004909180166912126, 0.0014727540500736377, 0.0009818360333824251, 0.003436426116838488, 0.005400098183603338, 0.014727540500736377, 0.03043691703485518, 0.03485517918507609, 0.06087383406971036, 0.08001963672066764, 0.09229258713794797, 0.11585665193912617, 0.11143838978890526, 0.10407461953853707, 0.10309278350515463, 0.05940108001963672, 0.058419243986254296, 0.03043691703485518, 0.023564064801178203, 0.023073146784486992, 0.012763868433971527, 0.010800196367206676, 0.011782032400589101, 0.0029455081001472753, 0.006872852233676976, 0.0, 0.0, 0.0, 0.0, 0.0], [0.0, 0.0, 0.0, 0.0, 0.0, 0.02702702702702703, 0.0, 0.10810810810810811, 0.05405405405405406, 0.10810810810810811, 0.08108108108108109, 0.0945945945945946, 0.12162162162162163, 0.05405405405405406, 0.08108108108108109, 0.16216216216216217, 0.08108108108108109, 0.02702702702702703, 0.0, 0.0, 0.0, 0.0, 0.0, 0.0, 0.0, 0.0, 0.0, 0.0, 0.0, 0.0, 0.0, 0.0], [0.0007736943907156673, 0.00019342359767891682, 0.0007736943907156673, 0.0009671179883945841, 0.0007736943907156673, 0.0019342359767891683, 0.006382978723404255, 0.011798839458413927, 0.02920696324951644, 0.04854932301740812, 0.07659574468085106, 0.09497098646034816, 0.12630560928433268, 0.12630560928433268, 0.10870406189555126, 0.09574468085106383, 0.0851063829787234, 0.052030947775628625, 0.05067698259187621, 0.028239845261121856, 0.0183752417794971, 0.017601547388781433, 0.007736943907156673, 0.005029013539651838, 0.00425531914893617, 0.0009671179883945841, 0.0, 0.0, 0.0, 0.0, 0.0, 0.0], [0.0, 0.0, 0.0, 0.0, 0.0, 0.0012714558169103624, 0.0012714558169103624, 0.007628734901462174, 0.014621741894469168, 0.020343293070565798, 0.046408137317228225, 0.050222504767959315, 0.07374443738080101, 0.10743801652892562, 0.1277813095994914, 0.12714558169103624, 0.14685314685314685, 0.07628734901462174, 0.0979020979020979, 0.029243483788938335, 0.031150667514303877, 0.02288620470438652, 0.009535918626827717, 0.0025429116338207248, 0.003814367450731087, 0.0019071837253655435, 0.0, 0.0, 0.0, 0.0, 0.0, 0.0], [0.00035373187124159886, 0.0, 0.0, 0.0, 0.0014149274849663955, 0.002476123098691192, 0.0031835868411743897, 0.012380615493455961, 0.024407499115670323, 0.03784931022285108, 0.06473293243721259, 0.08666430845419172, 0.11602405376724442, 0.12097629996462682, 0.13123452423063317, 0.10328970640254687, 0.08949416342412451, 0.05588963565617262, 0.0615493455960382, 0.0311284046692607, 0.020870180403254335, 0.017332861690838343, 0.008843296781039971, 0.004598514326140785, 0.003537318712415989, 0.0017686593562079944, 0.0, 0.0, 0.0, 0.0, 0.0, 0.0], [0.0, 0.0, 0.0, 0.0005922416345869114, 0.0005922416345869114, 0.0014806040864672786, 0.0014806040864672786, 0.005922416345869114, 0.01243707432632514, 0.02635475273911756, 0.03760734379626888, 0.04945217648800711, 0.08054486230381996, 0.09209357417826473, 0.11933668936926266, 0.11755996446550193, 0.14924489191590168, 0.08794788273615635, 0.10097719869706841, 0.04856381403612674, 0.023985786200769913, 0.024578027835356824, 0.009475866153390583, 0.00207284572105419, 0.005034053893988748, 0.0014806040864672786, 0.0005922416345869114, 0.0002961208172934557, 0.0, 0.0, 0.0002961208172934557, 0.0], [0.0003048780487804878, 0.0, 0.0003048780487804878, 0.0009146341463414635, 0.0003048780487804878, 0.0012195121951219512, 0.003353658536585366, 0.01097560975609756, 0.01798780487804878, 0.025609756097560974, 0.051524390243902436, 0.06554878048780488, 0.10213414634146341, 0.10853658536585366, 0.14359756097560974, 0.12621951219512195, 0.11158536585365854, 0.06890243902439025, 0.07713414634146341, 0.03201219512195122, 0.01920731707317073, 0.01402439024390244, 0.007926829268292683, 0.003353658536585366, 0.004573170731707317, 0.001524390243902439, 0.0012195121951219512, 0.0, 0.0, 0.0, 0.0, 0.0], [0.0, 0.0, 0.0, 0.00037835792659856227, 0.00037835792659856227, 0.0, 0.0011350737797956867, 0.0011350737797956867, 0.004161937192584185, 0.00832387438516837, 0.013999243284146803, 0.027998486568293606, 0.0541051835035944, 0.08134695421869088, 0.11350737797956867, 0.1373439273552781, 0.1623155505107832, 0.12145289443813848, 0.11577752553916004, 0.05788876276958002, 0.02989027620128642, 0.03329549754067348, 0.018539538403