{"region": {"us": {"histType": {"histogram": {"labels": ["0", "100", "200", "300", "400", "500", "600", "700", "800", "900", "1000", "1100", "1200", "1300", "1400", "1500", "1600", "1700", "1800", "1900", "2000", "2100", "2200", "2300", "2400", "2500", "2600", "2700", "2800", "2900", "3000", "3100", "3200"], "data": [[0.0, 0.0, 0.003215434083601286, 0.003215434083601286, 0.006430868167202572, 0.006430868167202572, 0.022508038585209004, 0.012861736334405145, 0.03215434083601286, 0.028938906752411574, 0.0707395498392283, 0.07395498392282958, 0.08360128617363344, 0.1189710610932476, 0.10610932475884244, 0.11254019292604502, 0.09967845659163987, 0.05466237942122187, 0.05466237942122187, 0.04823151125401929, 0.028938906752411574, 0.00964630225080386, 0.00964630225080386, 0.0, 0.012861736334405145, 0.0, 0.0, 0.0, 0.0, 0.0, 0.0, 0.0, 0.0], [0.0, 0.0008244023083264633, 0.0, 0.00041220115416323167, 0.0008244023083264633, 0.0016488046166529267, 0.00494641384995878, 0.010717230008244023, 0.011129431162407255, 0.01978565539983512, 0.03462489694971146, 0.04245671887881286, 0.06389117889530091, 0.07460840890354493, 0.10098928276999175, 0.12118713932399011, 0.1471558120362737, 0.08944765045342128, 0.15169002473206925, 0.055647155812036275, 0.024319868095630668, 0.016488046166529265, 0.00989282769991756, 0.00494641384995878, 0.00494641384995878, 0.0016488046166529267, 0.0032976092333058533, 0.002061005770816158, 0.00041220115416323167, 0.0, 0.0, 0.0, 0.0], [0.00014271442842871414, 0.0, 0.0, 0.0002854288568574283, 0.0002854288568574283, 0.0002854288568574283, 0.0002854288568574283, 0.0007135721421435707, 0.0034251462822891396, 0.0044241472812901386, 0.0075638647067218494, 0.011131725417439703, 0.01684030255458827, 0.026830312544598257, 0.03710575139146568, 0.058370201227344085, 0.09062366205223348, 0.10774939346367918, 0.28771228771228774, 0.0887683744826602, 0.06350792065077779, 0.0939060939060939, 0.027686599115170542, 0.014842300556586271, 0.03382331953760525, 0.010418153275296133, 0.004995004995004995, 0.00413871842443271, 0.0014271442842871413, 0.0025688597117168544, 0.00014271442842871414, 0.0, 0.0], [0.0, 0.0, 0.0, 0.0, 0.0001339405304045004, 0.0001339405304045004, 0.0009375837128315028, 0.0024109295472810074, 0.006295204929011519, 0.00991159924993303, 0.015537101526922047, 0.018081971604607554, 0.0334851326011251, 0.04353067238146263, 0.06107688186445218, 0.07956067506027324, 0.15068309670506294, 0.12081435842485937, 0.21082239485668364, 0.08826680953656577, 0.055049557996249665, 0.05960353603000268, 0.017814090543798553, 0.0077685507634610235, 0.012188588266809536, 0.0025448700776855076, 0.0012054647736405037, 0.0016072863648540047, 0.0002678810608090008, 0.0, 0.0002678810608090008, 0.0, 0.0], [0.0, 0.0, 0.0, 0.0, 0.008771929824561403, 0.0, 0.008771929824561403, 0.03508771929824561, 0.03508771929824561, 0.05263157894736842, 0.043859649122807015, 0.07894736842105263, 0.07017543859649122, 0.10526315789473684, 0.07894736842105263, 0.10526315789473684, 0.06140350877192982, 0.03508771929824561, 0.08771929824561403, 0.08771929824561403, 0.02631578947368421, 0.043859649122807015, 0.017543859649122806, 0.017543859649122806, 0.0, 0.0, 0.0, 0.0, 0.0, 0.0, 0.0, 0.0, 0.0], [0.0, 0.0, 0.0, 0.0, 0.0, 0.0001340662287169862, 0.0, 0.0017428609733208206, 0.0018769272020378066, 0.00670331143584931, 0.010054967153773964, 0.016624212360906287, 0.03016490146132189, 0.05161549805603968, 0.07252982973588953, 0.10014747285158869, 0.1611476069178174, 0.11422442686687223, 0.1779058855074407, 0.07547928676766323, 0.044107789247888454, 0.06301112749698351, 0.020914331679849844, 0.010591232068641909, 0.02145059659471779, 0.00844617240917013, 0.003351655717924655, 0.003351655717924655, 0.002145059659471779, 0.0008043973723019171, 0.001474728515886848, 0.0, 0.0], [0.0, 0.0, 0.0002642706131078224, 0.001321353065539112, 0.0015856236786469344, 0.003171247357293869, 0.005813953488372093, 0.008985200845665961, 0.01744186046511628, 0.024577167019027485, 0.0388477801268499, 0.04704016913319239, 0.07003171247357294, 0.08350951374207188, 0.10914376321353066, 0.12341437632135306, 0.12526427061310783, 0.08192389006342495, 0.11046511627906977, 0.0388477801268499, 0.028012684989429177, 0.029069767441860465, 0.011099365750528542, 0.007135306553911205, 0.012684989429175475, 0.006342494714587738, 0.006871035940803382, 0.0023784355179704017, 0.0018498942917547568, 0.0007928118393234672, 0.0021141649048625794, 0.0, 0.0], [0.0033333333333333335, 0.0, 0.0033333333333333335, 0.01, 0.016666666666666666, 0.013333333333333334, 0.016666666666666666, 0.05, 0.05, 0.1, 0.08666666666666667, 0.10333333333333333, 0.09, 0.10333333333333333, 0.07666666666666666, 0.06666666666666667, 0.06666666666666667, 0.03333333333333333, 0.02666666666666667, 0.03666666666666667, 0.006666666666666667, 0.013333333333333334, 0.02, 0.006666666666666667, 0.0, 0.0, 0.0, 0.0, 0.0, 0.0, 0.0, 0.0, 0.0], [0.0003384858400090263, 0.0002256572266726842, 0.0005641430666817105, 0.0005641430666817105, 0.0005641430666817105, 0.0015796005867087894, 0.0016924292000451314, 0.005190116213471737, 0.009364774906916394, 0.02042197901387792, 0.03317161232088458, 0.04445447365451879, 0.05652713528150739, 0.06329685208168792, 0.07999548685546655, 0.08191357328218436, 0.1406972808304186, 0.10357666704276204, 0.1227575313099402, 0.06498928128173305, 0.04569558840121855, 0.04693670314791831, 0.020647636240550604, 0.013088119147015683, 0.02200157960058671, 0.009364774906916394, 0.0059799165068261315, 0.0018052578133814735, 0.002369400880063184, 0.0002256572266726842, 0.0, 0.0, 0.0], [0.0, 0.0, 0.0, 0.0, 0.00036927621861152144, 0.00036927621861152144, 0.00036927621861152144, 0.00036927621861152144, 0.0007385524372230429, 0.005539143279172821, 0.007016248153618907, 0.005908419497784343, 0.012186115214180207, 0.021048744460856722, 0.04025110782865583, 0.06351550960118169, 0.07791728212703102, 0.08124076809453472, 0.18759231905465287, 0.08087149187592318, 0.08530280649926145, 0.12149187592319055, 0.050221565731166914, 0.025480059084194977, 0.06868537666174299, 0.022895125553914326, 0.013663220088626292, 0.014771048744460856, 0.0066469719350073855, 0.004062038404726735, 0.0014771048744460858, 0.0, 0.0], [0.0, 0.0, 0.0003245699448231094, 0.0, 0.0016228497241155468, 0.0016228497241155468, 0.0035702693930542034, 0.0038948393378773127, 0.012009087958455048, 0.018175916910094125, 0.03050957481337228, 0.0344044141512496, 0.059720869847452125, 0.0723790976955534, 0.09217786432976306, 0.11197663096397274, 0.14053878610840637, 0.09120415449529373, 0.15092502434274585, 0.054527750730282376, 0.03635183382018825, 0.040246673158065564, 0.012658227848101266, 0.008438818565400843, 0.011359948068808828, 0.004219409282700422, 0.0019474196689386564, 0.0016228497241155468, 0.0019474196689386564, 0.0016228497241155468, 0.0, 0.0, 0.0], [0.00018436578171091445, 0.0, 0.0005530973451327434, 0.0005530973451327434, 0.0007374631268436578, 0.0018436578171091445, 0.004609144542772861, 0.008112094395280236, 0.01364306784660767, 0.022123893805309734, 0.04756637168141593, 0.06415929203539823, 0.08997050147492626, 0.09752949852507374, 0.13477138643067846, 0.13163716814159293, 0.12924041297935104, 0.07448377581120944, 0.08056784660766962, 0.03761061946902655, 0.019358407079646017, 0.018436578171091445, 0.008112094395280236, 0.005346607669616519, 0.004056047197640118, 0.0014749262536873156, 0.0018436578171091445, 0.0009218289085545723, 0.0005530973451327434, 0.0, 0.0, 0.0, 0.0], [0.0, 0.0, 0.0, 0.0, 0.00034965034965034965, 0.0006993006993006993, 0.002797202797202797, 0.002972027972027972, 0.007167832167832168, 0.00909090909090909, 0.021853146853146852, 0.033216783216783216, 0.045454545454545456, 0.06783216783216783, 0.10681818181818181, 0.11346153846153846, 0.14615384615384616, 0.10437062937062937, 0.15926573426573426, 0.06031468531468531, 0.03723776223776224, 0.03636363636363636, 0.013636363636363636, 0.008566433566433567, 0.012937062937062937, 0.00506993006993007, 0.0015734265734265735, 0.001048951048951049, 0.0017482517482517483, 0.0, 0.0, 0.0, 0.0], [0.00024467824810374357, 0.0, 0.0, 0.00012233912405187178, 0.00012233912405187178, 0.0003670173721556154, 0.0015904086126743333, 0.002324443356985564, 0.005138243210178615, 0.013334964521654025, 0.02189870320528505, 0.025079520430633717, 0.03498898947883533, 0.04636652801565941, 0.06630780523611451, 0.08796183019329581, 0.13200391485196966, 0.11585515047712258, 0.18020552972840714, 0.08563738683631025, 0.055297284071446046, 0.05970149253731343, 0.020797651088818203, 0.010398825544409102, 0.01773917298752141, 0.005382921458282359, 0.004037191093711769, 0.0026914607291411794, 0.0015904086126743333, 0.002446782481037436, 0.0003670173721556154, 0.0, 0.0], [0.0, 0.0, 0.0, 0.0, 0.00046860356138706655, 0.00023430178069353328, 0.00046860356138706655, 0.0007029053420805998, 0.004217432052483599, 0.004217432052483599, 0.013120899718837863, 0.01804123711340206, 0.03631677600749766, 0.051780693533270854, 0.07403936269915651, 0.1007497656982193, 0.14971883786316775, 0.11597938144329897, 0.1712746016869728, 0.07966260543580131, 0.05810684161199625, 0.05693533270852859, 0.022727272727272728, 0.010309278350515464, 0.016635426429240863, 0.007731958762886598, 0.0018744142455482662, 0.0018744142455482662, 0.0009372071227741331, 0.0018744142455482662, 0.0, 0.0, 0.0], [0.0, 0.00041152263374485596, 0.0, 0.0, 0.0012345679012345679, 0.0012345679012345679, 0.0008230452674897119, 0.0049382716049382715, 0.009876543209876543, 0.013991769547325103, 0.019753086419753086, 0.031275720164609055, 0.047736625514403296, 0.05720164609053498, 0.08065843621399177, 0.10411522633744856, 0.13580246913580246, 0.10246913580246914, 0.13580246913580246, 0.06460905349794238, 0.05308641975308642, 0.046502057613168724, 0.027983539094650206, 0.01440329218106996, 0.017695473251028805, 0.009876543209876543, 0.004526748971193415, 0.006172839506172839, 0.00411522633744856, 0.0024691358024691358, 0.0012345679012345679, 0.0, 0.0], [0.00022153300841825432, 0.0, 0.00044306601683650863, 0.00044306601683650863, 0.00044306601683650863, 0.0008861320336730173, 0.0015507310589277803, 0.003544528134692069, 0.007089056269384138, 0.012184315463003987, 0.022374833850243685, 0.03943287549844927, 0.06778910057598582, 0.0790872840053168, 0.10655737704918032, 0.12494461674789543, 0.13668586619406292, 0.09304386353566682, 0.12871067789100576, 0.05050952591936198, 0.03433761630482942, 0.04009747452370403, 0.01484271156402304, 0.007753655294638901, 0.013070447496677004, 0.005316792202038104, 0.003544528134692069, 0.001993797075764289, 0.0015507310589277803, 0.0015507310589277803, 0.0, 0.0, 0.0], [0.0, 0.0, 0.00016923337282112033, 0.00033846674564224065, 0.000507700118463361, 0.00033846674564224065, 0.0011846336097478423, 0.0028769673379590455, 0.004061600947706888, 0.009984768996446099, 0.01929260450160772, 0.024031138940599085, 0.04400067693349129, 0.05770858013200203, 0.09950922321881875, 0.12218649517684887, 0.1465561008630902, 0.09900152310035538, 0.18361820951091556, 0.0607547808427822, 0.03520054154679303, 0.04061600947706888, 0.01540023692672195, 0.007953968522592655, 0.012184802843120663, 0.004230834320528008, 0.0033846674564224064, 0.0016923337282112032, 0.000507700118463361, 0.0027077339651379252, 0.0, 0.0, 0.0], [0.0, 0.0, 0.0, 0.009009009009009009, 0.009009009009009009, 0.009009009009009009, 0.0, 0.009009009009009009, 0.009009009009009009, 0.05405405405405406, 0.02702702702702703, 0.04504504504504504, 0.04504504504504504, 0.06306306306306306, 0.05405405405405406, 0.11711711711711711, 0.12612612612612611, 0.08108108108108109, 0.07207207207207207, 0.02702702702702703, 0.08108108108108109, 0.036036036036036036, 0.036036036036036036, 0.0, 0.018018018018018018, 0.02702702702702703, 0.009009009009009009, 0.036036036036036036, 0.0, 0.0, 0.0, 0.0, 0.0], [0.0002576323586242432, 0.0001288161793121216, 0.0, 0.0001288161793121216, 0.0001288161793121216, 0.0001288161793121216, 0.0003864485379363648, 0.0014169779724333377, 0.0032204044828030402, 0.0065696251449182015, 0.010949375241530336, 0.015200309158830349, 0.030142985959036455, 0.04495684657993044, 0.07355403838722144, 0.10446992142213062, 0.16321009918845808, 0.14182661342264588, 0.15535231225041865, 0.08244235475975782, 0.05410279531109107, 0.05500450856627592, 0.021769934303748552, 0.010047661986345486, 0.013139250289836403, 0.005281463351796986, 0.002318691227618189, 0.0011593456138090945, 0.002705139765554554, 0.0, 0.0, 0.0, 0.0], [0.0, 0.0, 0.0, 0.00015913430935709738, 0.0, 0.00015913430935709738, 0.0014322087842138765, 0.000795671546785487, 0.0019096117122851686, 0.003182686187141948, 0.007001909611712286, 0.01098026734563972, 0.01782304264799491, 0.025938892425206875, 0.04392106938255888, 0.0674729471674093, 0.12476129853596435, 0.11887332908975175, 0.202577975811585, 0.10057288351368555, 0.07272437937619351, 0.09627625716104392, 0.029758115849777212, 0.016549968173138127, 0.028485041374920434, 0.013526416295353278, 0.0060471037555697, 0.00429662635264163, 0.002068746021642266, 0.0009548058561425843, 0.0017504774029280714, 0.0, 0.0], [0.00033470936070512103, 0.00011156978690170702, 0.0, 0.00022313957380341404, 0.00022313957380341404, 0.0007809885083119491, 0.0008925582952136561, 0.0022313957380341405, 0.0037933727546580385, 0.0070288965748075425, 0.013388374428204843, 0.017851165904273124, 0.02276023652794823, 0.03547919223474283, 0.04976012495816133, 0.0747517572241437, 0.10532187883521142, 0.1129086243445275, 0.21387928149057236, 0.10755327457324557, 0.06961954702666517, 0.08189222358585295, 0.028561865446836997, 0.014838781657927033, 0.02097511993752092, 0.007252036148610956, 0.0036818029677563317, 0.0013388374428204841, 0.0025661050987392615, 0.0, 0.0, 0.0, 0.0], [0.0, 0.0, 0.0, 0.001692047377326565, 0.001692047377326565, 0.0, 0.0, 0.005076142131979695, 0.008460236886632826, 0.005076142131979695, 0.01692047377326565, 0.025380710659898477, 0.043993231810490696, 0.08460236886632826, 0.09475465313028765, 0.1353637901861252, 0.16243654822335024, 0.12521150592216582, 0.16412859560067683, 0.06091370558375635, 0.02707275803722504, 0.025380710659898477, 0.00676818950930626, 0.001692047377326565, 0.00338409475465313, 0.0, 0.0, 0.0, 0.0, 0.0, 0.0, 0.0, 0.0], [0.0, 0.0, 0.0, 0.0001927153594141453, 0.0, 0.0001927153594141453, 0.00028907303912121797, 0.0008672191173636539, 0.002119868953555598, 0.005588745423010214, 0.008768548853343612, 0.01638080555020235, 0.02611293120061669, 0.033532472538061284, 0.05135864328386972, 0.06330699556754674, 0.09944112545769898, 0.07236461746001156, 0.20273655810368085, 0.11360570437463866, 0.07592985160917325, 0.1282520716901137, 0.0380612834842937, 0.012815571401040664, 0.02755829639622278, 0.008768548853343612, 0.005299672383888996, 0.0026980150317980345, 0.001927153594141453, 0.0018307959144343805, 0.0, 0.0, 0.0], [0.00021090372245070126, 0.00010545186122535063, 0.00010545186122535063, 0.0, 0.0006327111673521037, 0.0006327111673521037, 0.0004218074449014025, 0.0010545186122535063, 0.0013708741959295582, 0.006327111673521037, 0.01159970473478857, 0.02351576505325319, 0.04260255193504165, 0.058947590424971004, 0.08625962248233682, 0.10619002425392808, 0.15522513972371613, 0.15575239902984286, 0.1868606980913213, 0.06622376884952019, 0.03743541073499947, 0.03216281767373194, 0.012232415902140673, 0.0039017188653379734, 0.005483496783718233, 0.0018981335020563112, 0.002003585363281662, 0.000843614889802805, 0.0, 0.0, 0.0, 0.0, 0.0], [0.0, 0.0001265022137887413, 0.0, 0.0001265022137887413, 0.0003795066413662239, 0.0007590132827324478, 0.0008855154965211891, 0.0022770398481973433, 0.003415559772296015, 0.0058191018342821, 0.011764705882352941, 0.02036685641998735, 0.029348513598987984, 0.039721695129664766, 0.06995572422517395, 0.1062618595825427, 0.1614168247944339, 0.12776723592662872, 0.17507906388361796, 0.08690702087286528, 0.05085388994307401, 0.05275142314990512, 0.02454142947501581, 0.010499683744465528, 0.0116382036685642, 0.00290955091714105, 0.0022770398481973433, 0.002150537634408602, 0.0, 0.0, 0.0, 0.0, 0.0], [0.0, 0.0, 0.0, 0.0, 0.00029394473838918284, 0.0, 0.0008818342151675485, 0.0008818342151675485, 0.0016166960611405056, 0.0033803644914756027, 0.00940623162845385, 0.01455026455026455, 0.026308054085831863, 0.0445326278659612, 0.07466196355085244, 0.10640799529688419, 0.15079365079365079, 0.09847148736037625, 0.19988242210464433, 0.07495590828924162, 0.04614932392710171, 0.05981775426219871, 0.026895943562610228, 0.013080540858318637, 0.021310993533215757, 0.009259259259259259, 0.006025867136978248, 0.003233392122281011, 0.0030864197530864196, 0.00205761316872428, 0.00205761316872428, 0.0, 0.0], [0.0, 0.00036258158085569254, 0.00036258158085569254, 0.0007251631617113851, 0.0025380710659898475, 0.0025380710659898475, 0.005438723712835388, 0.008339376359680928, 0.014503263234227702, 0.02864394488759971, 0.03807106598984772, 0.05402465554749819, 0.06018854242204496, 0.0823060188542422, 0.11385061638868746, 0.1116751269035533, 0.11892675852066716, 0.0772298767222625, 0.14938361131254532, 0.04423495286439449, 0.02102973168963017, 0.032269760696156634, 0.009427121102248005, 0.005076142131979695, 0.010514865844815084, 0.0032632342277012327, 0.0018129079042784628, 0.0010877447425670776, 0.0018129079042784628, 0.00036258158085569254, 0.0, 0.0, 0.0], [0.0, 0.0, 0.0, 0.0019292604501607716, 0.002572347266881029, 0.002572347266881029, 0.0038585209003215433, 0.010932475884244373, 0.010289389067524116, 0.014790996784565916, 0.023794212218649517, 0.0360128617363344, 0.05016077170418006, 0.05659163987138264, 0.08231511254019293, 0.10932475884244373, 0.14533762057877814, 0.10418006430868167, 0.17106109324758842, 0.06109324758842444, 0.028938906752411574, 0.033440514469453377, 0.02122186495176849, 0.005787781350482315, 0.014790996784565916, 0.0045016077170418, 0.0012861736334405145, 0.002572347266881029, 0.0006430868167202572, 0.0, 0.0, 0.0, 0.0], [0.00029364263691087944, 0.0, 0.0, 0.0, 0.0005872852738217589, 0.0007341065922771986, 0.0026427837321979153, 0.004991924827484951, 0.006606959330494788, 0.014094846571722214, 0.026281016003523713, 0.040375862575245926, 0.05373660255469094, 0.07473205109381882, 0.12876229628542063, 0.14109528703567759, 0.14755542504771693, 0.09058875348700632, 0.1281750110115989, 0.042431361033622085, 0.02730876523271179, 0.031272940831008664, 0.013360739979445015, 0.006900601967405667, 0.01086477756570254, 0.0026427837321979153, 0.0013213918660989576, 0.0010277492291880781, 0.00014682131845543972, 0.0011745705476435178, 0.00029364263691087944, 0.0, 0.0], [0.0, 0.0, 0.0, 0.00043591979075850045, 0.00021795989537925023, 0.00021795989537925023, 0.002179598953792502, 0.0006538796861377507, 0.003923278116826504, 0.00980819529206626, 0.016782911944202266, 0.022013949433304272, 0.03400174367916303, 0.0486050566695728, 0.07127288578901482, 0.10636442894507411, 0.11900610287707061, 0.0989537925021796, 0.16652136006974716, 0.07367044463818657, 0.0534001743679163, 0.06233653007846556, 0.02877070619006103, 0.015039232781168265, 0.03182214472537053, 0.012859633827375762, 0.009372275501307759, 0.004795117698343505, 0.003051438535309503, 0.0023975588491717526, 0.0015257192676547515, 0.0, 0.0], [0.0, 0.0, 0.0, 0.0, 0.00020283975659229209, 0.0, 0.0008113590263691683, 0.0010141987829614604, 0.002434077079107505, 0.008924949290060852, 0.015415821501014199, 0.027586206896551724, 0.04401622718052738, 0.06490872210953347, 0.09533468559837728, 0.11784989858012171, 0.14726166328600407, 0.10425963488843813, 0.16531440162271804, 0.06896551724137931, 0.04178498985801217, 0.04543610547667343, 0.01643002028397566, 0.007707910750507099, 0.010547667342799188, 0.002839756592292089, 0.004056795131845842, 0.002231237322515213, 0.0032454361054766734, 0.0014198782961460446, 0.0, 0.0, 0.0], [0.0001362769146906514, 0.0001362769146906514, 0.0001362769146906514, 0.0001362769146906514, 0.0001362769146906514, 0.0012264922322158627, 0.0012264922322158627, 0.003134369037884982, 0.004360861270100845, 0.007631507222676479, 0.019896429544835104, 0.030389751976015265, 0.04933224311801581, 0.06391387298991551, 0.0919869174161897, 0.14213682202234942, 0.1768874352684655, 0.11896974652493868, 0.12523848460070863, 0.06568547288089398, 0.037476151539929135, 0.02998092123194331, 0.013763968383755792, 0.005178522758244753, 0.005178522758244753, 0.0017715998909784683, 0.0009539384028345599, 0.0028618152085036794, 0.0001362769146906514, 0.0, 0.0, 0.0, 0.0], [0.0, 0.0, 0.0, 0.0002105706464518846, 0.0002105706464518846, 0.0008422825858075384, 0.0010528532322594231, 0.002526847757422615, 0.004632554221941461, 0.007159401979364077, 0.01684565171615077, 0.024847336281322383, 0.042114129290376924, 0.057906927774268264, 0.09244051379237735, 0.1284480943356496, 0.15708570225310592, 0.11539271425563276, 0.1436091808801853, 0.06759317751105495, 0.04253527058328069, 0.04148241735102127, 0.01831964624131396, 0.006317119393556538, 0.016213939776795114, 0.004843124868393346, 0.0033691303432301536, 0.0014739945251631922, 0.0012634238787113076, 0.0006317119393556538, 0.0006317119393556538, 0.0, 0.0], [0.0, 0.0, 0.0, 0.0002587991718426501, 0.0, 0.0010351966873706005, 0.002070393374741201, 0.002846790890269151, 0.005693581780538302, 0.005693581780538302, 0.011904761904761904, 0.021221532091097308, 0.031314699792960664, 0.04606625258799172, 0.07712215320910973, 0.10766045548654245, 0.1389751552795031, 0.09963768115942029, 0.18297101449275363, 0.07686335403726709, 0.05124223602484472, 0.06159420289855073, 0.02562111801242236, 0.015269151138716356, 0.019409937888198756, 0.009316770186335404, 0.003105590062111801, 0.0012939958592132505, 0.0010351966873706005, 0.0007763975155279503, 0.0, 0.0, 0.0], [0.0, 0.0, 0.00014532771399505885, 0.0, 0.0002906554279901177, 0.0004359831419851766, 0.0004359831419851766, 0.0015986048539456475, 0.0018892602819357651, 0.0052317977038221185, 0.010318267693649179, 0.023397761953204477, 0.03952913820665601, 0.06685074843772708, 0.08995785496294144, 0.11379160005813109, 0.14649033570701933, 0.10216538293852638, 0.16843482052027323, 0.06089231216392966, 0.04287167562854236, 0.0483941287603546, 0.02426972823717483, 0.010899578549629415, 0.022235140241244004, 0.006539747129777649, 0.005813108559802355, 0.0034878651358814126, 0.0014532771399505887, 0.0013079494259555296, 0.0008719662839703532, 0.0, 0.0], [0.0, 0.0, 9.998000399920016e-05, 0.0, 9.998000399920016e-05, 9.998000399920016e-05, 0.00029994001199760045, 0.0009998000399920016, 0.0020995800839832034, 0.005698860227954409, 0.010397920415916816, 0.020195960807838434, 0.03389322135572886, 0.04599080183963208, 0.06728654269146171, 0.07778444311137772, 0.09708058388322335, 0.06928614277144571, 0.23525294941011798, 0.10197960407918416, 0.0670865826834633, 0.08798240351929613, 0.026294741051789642, 0.009798040391921616, 0.02499500099980004, 0.006898620275944811, 0.0030993801239752048, 0.001799640071985603, 0.001799640071985603, 0.0016996600679864027, 0.0, 0.0, 0.0], [0.0, 0.0, 0.0, 0.0, 0.0, 0.00012035142616440005, 0.0007221085569864003, 0.0006017571308220002, 0.002286677097123601, 0.004934408472740402, 0.008063545553014802, 0.018052713924660006, 0.030208207967264412, 0.05271392466000722, 0.08063545553014803, 0.11433385485618004, 0.17246359369358527, 0.12709110602960644, 0.2067637501504393, 0.07088699001083162, 0.037790347815621614, 0.04633529907329402, 0.011192682633289205, 0.004091948489589601, 0.006017571308220003, 0.0012035142616440004, 0.0012035142616440004, 0.0015645685401372007, 0.0007221085569864003, 0.0, 0.0, 0.0, 0.0], [0.0, 0.00392156862745098, 0.0, 0.00392156862745098, 0.00392156862745098, 0.0196078431372549, 0.027450980392156862, 0.0196078431372549, 0.06666666666666667, 0.03529411764705882, 0.054901960784313725, 0.06666666666666667, 0.06666666666666667, 0.11372549019607843, 0.11372549019607843, 0.12549019607843137, 0.09019607843137255, 0.06666666666666667, 0.043137254901960784, 0.01568627450980392, 0.011764705882352941, 0.023529411764705882, 0.011764705882352941, 0.01568627450980392, 0.0, 0.0, 0.0, 0.0, 0.0, 0.0, 0.0, 0.0, 0.0]]}, "ranks": {"labels": ["Unranked", "Combatatent I", "Combatatent II", "Challenger I", "Challenger II", "Rival I", "Rival II", "Duelist", "Elite"], "data": [[0.1157556270096463, 0.14469453376205788, 0.20257234726688103, 0.21864951768488747, 0.15434083601286175, 0.08360128617363344, 0.04823151125401929, 0.01929260450160772, 0.012861736334405145], [0.05028854080791426, 0.07708161582852432, 0.13849958779884583, 0.22217642209398186, 0.23660346248969497, 0.18507831821929102, 0.04657873042044518, 0.031327287716405604, 0.01236603462489695], [0.009847295561581275, 0.018695590124161554, 0.04367061509918653, 0.09547595261880976, 0.19837305551591267, 0.3356643356643357, 0.10432424718139004, 0.13643499357785072, 0.0575139146567718], [0.01982319849986606, 0.0336190731315296, 0.07701580498258773, 0.14063755692472543, 0.2714974551299223, 0.25756763996785426, 0.09657112242164478, 0.08518617733726226, 0.018081971604607554], [0.14035087719298245, 0.12280701754385964, 0.17543859649122806, 0.18421052631578946, 0.09649122807017543, 0.14912280701754385, 0.05263157894736842, 0.07894736842105263, 0.0], [0.010457165839924922, 0.02667917951468025, 0.08178039951736157, 0.1726773025874782, 0.27537203378468966, 0.21799168789381954, 0.07950127362917281, 0.09451669124547527, 0.04102426598739777], [0.06316067653276955, 0.08588794926004228, 0.1535412262156448, 0.23255813953488372, 0.20718816067653276, 0.13424947145877378, 0.043076109936575055, 0.04730443974630021, 0.0330338266384778], [0.2633333333333333, 0.19, 0.19333333333333333, 0.14333333333333334, 0.1, 0.04, 0.03, 0.04, 0.0], [0.04050547218774681, 0.07762608597540337, 0.1198239873631953, 0.1619090601376509, 0.24427394787318063, 0.15762157283086992, 0.07582082816202189, 0.0806724585354846, 0.04174658693444658], [0.00775480059084195, 0.01292466765140325, 0.03323485967503693, 0.10376661742983752, 0.15915805022156573, 0.22710487444608568, 0.12666174298375185, 0.19719350073855244, 0.13220088626292467], [0.041220382992534894, 0.06491398896462187, 0.13209996754300551, 0.2041544952937358, 0.2317429406037001, 0.1794871794871795, 0.062317429406037, 0.06134371957156767, 0.022719896137617657], [0.05235988200589971, 0.11172566371681415, 0.1875, 0.26640855457227136, 0.20372418879056048, 0.09863569321533923, 0.03890117994100295, 0.0318952802359882, 0.008849557522123894], [0.023076923076923078, 0.05506993006993007, 0.11328671328671329, 0.2202797202797203, 0.25052447552447554, 0.1902097902097902, 0.0666083916083916, 0.05856643356643357, 0.022377622377622378], [0.02324443356985564, 0.04697822363591877, 0.08135551749449474, 0.15426963542941033, 0.24785906532909224, 0.22632737949596282, 0.09481282114020063, 0.09089796917054074, 0.0342549547345241], [0.010309278350515464, 0.031162136832239926, 0.08809746954076851, 0.17478912839737581, 0.26569821930646675, 0.21883786316776008, 0.09020618556701031, 0.08997188378631678, 0.030927835051546393], [0.03251028806584362, 0.05102880658436214, 0.10493827160493827, 0.18477366255144034, 0.2382716049382716, 0.1699588477366255, 0.08353909465020576, 0.08888888888888889, 0.04609053497942387], [0.026805494018608773, 0.06180770934869295, 0.14687638458130262, 0.23150199379707576, 0.22972972972972974, 0.1581745680106336, 0.05538325210456358, 0.06269384138236597, 0.02702702702702703], [0.019461837874428838, 0.043323743442206804, 0.10170925706549332, 0.22169571839566762, 0.2455576239634456, 0.21695718395667626, 0.06261634794381452, 0.06397021492638348, 0.024708072431883568], [0.0990990990990991, 0.07207207207207207, 0.10810810810810811, 0.17117117117117117, 0.2072072072072072, 0.08108108108108109, 0.0990990990990991, 0.07207207207207207, 0.09009009009009009], [0.012366353213963673, 0.026149684400360685, 0.07509983253896689, 0.17802395980935207, 0.30503671261110393, 0.20185495298209455, 0.090042509339173, 0.08682210485636996, 0.024603890248615225], [0.0076384468491406746, 0.017982176957352006, 0.04376193507320178, 0.11139401654996817, 0.2436346276257161, 0.2552514322087842, 0.12062380649267983, 0.14258434118395927, 0.05712921705919796], [0.015619770166238982, 0.031239540332477965, 0.058239428762691066, 0.12451188218230504, 0.21823050317973894, 0.2702220238759344, 0.1208300792145487, 0.12529287069061698, 0.03581390159544795], [0.021996615905245348, 0.04230118443316413, 0.12859560067681894, 0.23011844331641285, 0.2876480541455161, 0.20135363790186125, 0.050761421319796954, 0.0338409475465313, 0.00338409475465313], [0.009250337251878975, 0.025149354403545963, 0.05964540373867797, 0.11466563885141645, 0.17180574291771053, 0.2645981884756215, 0.12767392561187127, 0.17912892657544807, 0.04808248217382925], [0.010861541706211114, 0.03511546978804176, 0.10155014236001265, 0.19244964673626488, 0.310977538753559, 0.2230306864916166, 0.0674891911842244, 0.048296952441210586, 0.01022883053885901], [0.013788741302972802, 0.032131562302340294, 0.06907020872865276, 0.17621758380771663, 0.2891840607210626, 0.22163187855787475, 0.09120809614168247, 0.08779253636938647, 0.018975332068311195], [0.007054673721340388, 0.023956496178718402, 0.07084068195179306, 0.18106995884773663, 0.24926513815402704, 0.24088771310993534, 0.08009994121105232, 0.09979423868312758, 0.047031158142269255], [0.06345177664974619, 0.09209572153734591, 0.14249456127628715, 0.22552574329224076, 0.19615663524292967, 0.1700507614213198, 0.04459753444525018, 0.046773023930384336, 0.01885424220449601], [0.04694533762057878, 0.05980707395498392, 0.1067524115755627, 0.19163987138263666, 0.24951768488745982, 0.20514469453376205, 0.05594855305466238, 0.06045016077170418, 0.023794212218649517], [0.029951548964909706, 0.06665687857876963, 0.12846865364850976, 0.2698575833210982, 0.23814417853472325, 0.15093231537219204, 0.04698282190574071, 0.05153428277785935, 0.017471736896197326], [0.017436791630340016, 0.03879686137750654, 0.08260680034873583, 0.17763731473408892, 0.21795989537925023, 0.20619006102877072, 0.08740191804707934, 0.10614646904969485, 0.06582388840453357], [0.013387423935091278, 0.04300202839756592, 0.10892494929006086, 0.21318458417849898, 0.2515212981744422, 0.20486815415821502, 0.07119675456389453, 0.06957403651115619, 0.02434077079107505], [0.01826110656854729, 0.05028618152085037, 0.11324611610793131, 0.23412373943853912, 0.2958571817934042, 0.16216952848187516, 0.06623058053965658, 0.048923412373943855, 0.010902153175252113], [0.016635081069698885, 0.041692987997473153, 0.10002105706464519, 0.22088860812802696, 0.27247841650873866, 0.18024847336281322, 0.07348915561170773, 0.06611918298589177, 0.028427037271004423], [0.017598343685300208, 0.033126293995859216, 0.07738095238095238, 0.18478260869565216, 0.2386128364389234, 0.2277432712215321, 0.08333333333333333, 0.10248447204968944, 0.03493788819875776], [0.01002761226565906, 0.033716029646853655, 0.10637988664438308, 0.20374945502107253, 0.2486557186455457, 0.20156953931114663, 0.0706292690015986, 0.08356343554715884, 0.04170905391658189], [0.009398120375924815, 0.03059388122375525, 0.07988402319536093, 0.14507098580283942, 0.16636672665466906, 0.28894221155768846, 0.11537692461507698, 0.1240751849630074, 0.040291941611677665], [0.008665302683836803, 0.02611625947767481, 0.08292213262727163, 0.1949693103863281, 0.2995546997231917, 0.2453965579492117, 0.07004453002768082, 0.061619930196172824, 0.010711276928631604], [0.1803921568627451, 0.12156862745098039, 0.1803921568627451, 0.23921568627450981, 0.1568627450980392, 0.047058823529411764, 0.023529411764705882, 0.050980392156862744, 0.0]]}, "ranksDetailed": {"labels": ["Unranked", "Combatatant", "Challenger", "Rival", "Duelist", "Elite"], "data": [[0.1157556270096463, 0.34726688102893893, 0.3729903536977492, 0.13183279742765272, 0.01929260450160772, 0.012861736334405145], [0.05028854080791426, 0.21558120362737015, 0.45877988458367686, 0.23165704863973618, 0.031327287716405604, 0.01236603462489695], [0.009847295561581275, 0.06236620522334808, 0.2938490081347224, 0.43998858284572573, 0.13643499357785072, 0.0575139146567718], [0.01982319849986606, 0.11063487811411733, 0.41213501205464775, 0.35413876238949904, 0.08518617733726226, 0.018081971604607554], [0.14035087719298245, 0.2982456140350877, 0.2807017543859649, 0.20175438596491227, 0.07894736842105263, 0.0], [0.010457165839924922, 0.10845957903204183, 0.4480493363721679, 0.29749296152299237, 0.09451669124547527, 0.04102426598739777], [0.06316067653276955, 0.2394291754756871, 0.4397463002114165, 0.17732558139534885, 0.04730443974630021, 0.0330338266384778], [0.2633333333333333, 0.38333333333333336, 0.24333333333333335, 0.07, 0.04, 0.0], [0.04050547218774681, 0.19745007333859868, 0.40618300801083157, 0.2334424009928918, 0.0806724585354846, 0.04174658693444658], [0.00775480059084195, 0.04615952732644018, 0.26292466765140327, 0.3537666174298375, 0.19719350073855244, 0.13220088626292467], [0.041220382992534894, 0.1970139565076274, 0.4358974358974359, 0.24180460889321648, 0.06134371957156767, 0.022719896137617657], [0.05235988200589971, 0.29922566371681414, 0.47013274336283184, 0.1375368731563422, 0.0318952802359882, 0.008849557522123894], [0.023076923076923078, 0.16835664335664335, 0.4708041958041958, 0.25681818181818183, 0.05856643356643357, 0.022377622377622378], [0.02324443356985564, 0.12833374113041351, 0.40212870075850254, 0.32114020063616344, 0.09089796917054074, 0.0342549547345241], [0.010309278350515464, 0.11925960637300843, 0.44048734770384257, 0.30904404873477037, 0.08997188378631678, 0.030927835051546393], [0.03251028806584362, 0.15596707818930042, 0.42304526748971194, 0.25349794238683127, 0.08888888888888889, 0.04609053497942387], [0.026805494018608773, 0.20868409392999557, 0.46123172352680547, 0.21355782011519717, 0.06269384138236597, 0.02702702702702703], [0.019461837874428838, 0.14503300050770013, 0.4672533423591132, 0.2795735319004908, 0.06397021492638348, 0.024708072431883568], [0.0990990990990991, 0.18018018018018017, 0.3783783783783784, 0.18018018018018017, 0.07207207207207207, 0.09009009009009009], [0.012366353213963673, 0.10124951693932759, 0.483060672420456, 0.29189746232126756, 0.08682210485636996, 0.024603890248615225], [0.0076384468491406746, 0.061744112030553785, 0.3550286441756843, 0.37587523870146405, 0.14258434118395927, 0.05712921705919796], [0.015619770166238982, 0.08947896909516903, 0.34274238536204393, 0.3910521030904831, 0.12529287069061698, 0.03581390159544795], [0.021996615905245348, 0.17089678510998307, 0.5177664974619289, 0.2521150592216582, 0.0338409475465313, 0.00338409475465313], [0.009250337251878975, 0.08479475814222394, 0.286471381769127, 0.3922721140874928, 0.17912892657544807, 0.04808248217382925], [0.010861541706211114, 0.13666561214805442, 0.5034271854898239, 0.290519877675841, 0.048296952441210586, 0.01022883053885901], [0.013788741302972802, 0.10120177103099304, 0.46540164452877925, 0.31283997469955727, 0.08779253636938647, 0.018975332068311195], [0.007054673721340388, 0.09479717813051146, 0.43033509700176364, 0.32098765432098764, 0.09979423868312758, 0.047031158142269255], [0.06345177664974619, 0.23459028281363306, 0.42168237853517043, 0.21464829586656997, 0.046773023930384336, 0.01885424220449601], [0.04694533762057878, 0.1665594855305466, 0.44115755627009645, 0.26109324758842445, 0.06045016077170418, 0.023794212218649517], [0.029951548964909706, 0.1951255322272794, 0.5080017618558215, 0.19791513727793275, 0.05153428277785935, 0.017471736896197326], [0.017436791630340016, 0.12140366172624237, 0.39559721011333915, 0.29359197907585005, 0.10614646904969485, 0.06582388840453357], [0.013387423935091278, 0.15192697768762678, 0.4647058823529412, 0.27606490872210954, 0.06957403651115619, 0.02434077079107505], [0.01826110656854729, 0.1635322976287817, 0.5299809212319433, 0.22840010902153174, 0.048923412373943855, 0.010902153175252113], [0.016635081069698885, 0.14171404506211835, 0.4933670246367656, 0.25373762897452096, 0.06611918298589177, 0.028427037271004423], [0.017598343685300208, 0.1105072463768116, 0.42339544513457555, 0.3110766045548654, 0.10248447204968944, 0.03493788819875776], [0.01002761226565906, 0.14009591629123674, 0.4524051736666182, 0.27219880831274523, 0.08356343554715884, 0.04170905391658189], [0.009398120375924815, 0.11047790441911617, 0.3114377124575085, 0.40431913617276544, 0.1240751849630074, 0.040291941611677665], [0.008665302683836803, 0.10903839210494644, 0.4945240101095198, 0.3154410879768925, 0.061619930196172824, 0.010711276928631604], [0.1803921568627451, 0.30196078431372547, 0.396078431372549, 0.07058823529411765, 0.050980392156862744, 0.0]]}}}, "eu": {"histType": {"histogram": {"labels": ["0", "100", "200", "300", "400", "500", "600", "700", "800", "900", "1000", "1100", "1200", "1300", "1400", "1500", "1600", "1700", "1800", "1900", "2000", "2100", "2200", "2300", "2400", "2500", "2600", "2700", "2800", "2900", "3000", "3100", "3200"], "data": [[0.0, 0.0, 0.004098360655737705, 0.0, 0.0, 0.00819672131147541, 0.01639344262295082, 0.01639344262295082, 0.040983606557377046, 0.045081967213114756, 0.06557377049180328, 0.06557377049180328, 0.06147540983606557, 0.11885245901639344, 0.14344262295081966, 0.11065573770491803, 0.0942622950819672, 0.0778688524590164, 0.040983606557377046, 0.028688524590163935, 0.012295081967213115, 0.020491803278688523, 0.004098360655737705, 0.004098360655737705, 0.01639344262295082, 0.004098360655737705, 0.0, 0.0, 0.0, 0.0, 0.0, 0.0, 0.0], [0.0, 0.0, 0.00044365572315882877, 0.0013309671694764862, 0.0008873114463176575, 0.003105590062111801, 0.0048802129547471165, 0.00709849157054126, 0.01730257320319432, 0.022182786157941437, 0.03194321206743567, 0.048802129547471165, 0.06388642413487133, 0.07630878438331855, 0.12067435669920142, 0.1126885536823425, 0.1512866015971606, 0.08606921029281278, 0.145075421472937, 0.04259094942324756, 0.02085181898846495, 0.021739130434782608, 0.005767524401064774, 0.0044365572315882874, 0.006654835847382431, 0.0013309671694764862, 0.0008873114463176575, 0.001774622892635315, 0.0, 0.0, 0.0, 0.0, 0.0], [0.0, 0.0, 0.0, 0.00014830194275545008, 0.00014830194275545008, 0.00014830194275545008, 0.00014830194275545008, 0.001334717484799051, 0.0023728310840872013, 0.0037075485688862525, 0.008601512679816105, 0.01334717484799051, 0.01853774284443126, 0.023283405012605667, 0.039596618715705176, 0.054723416876761084, 0.10722230461219041, 0.10529437935636957, 0.27332048049829455, 0.09209550645113451, 0.06673587423995254, 0.08690493845469376, 0.03099510603588907, 0.01512679816105591, 0.03144001186415542, 0.010974343763903308, 0.005635473824707104, 0.002966038855109002, 0.0017796233130654012, 0.0017796233130654012, 0.0016313213703099511, 0.0, 0.0], [0.0, 0.0, 0.0, 0.00012773023374632777, 0.00012773023374632777, 0.00025546046749265553, 0.0008941116362242943, 0.002682334908672883, 0.0033209860774045218, 0.008047004726018648, 0.015199897815813003, 0.023502363009324307, 0.02950568399540171, 0.03895772129262996, 0.06271554476944693, 0.08225827053263507, 0.14190828969217015, 0.1242815174351769, 0.21739685783624985, 0.08838932175245881, 0.05671222378336952, 0.061949163366968964, 0.016094009452037296, 0.007280623323540682, 0.011112530335930515, 0.0035764465448971773, 0.0011495721037169497, 0.00038319070123898327, 0.0011495721037169497, 0.0008941116362242943, 0.00012773023374632777, 0.0, 0.0], [0.0, 0.0, 0.0, 0.0, 0.0, 0.018018018018018018, 0.02702702702702703, 0.04504504504504504, 0.04504504504504504, 0.02702702702702703, 0.07207207207207207, 0.09009009009009009, 0.036036036036036036, 0.02702702702702703, 0.08108108108108109, 0.14414414414414414, 0.06306306306306306, 0.0990990990990991, 0.06306306306306306, 0.05405405405405406, 0.04504504504504504, 0.0, 0.018018018018018018, 0.009009009009009009, 0.02702702702702703, 0.009009009009009009, 0.0, 0.0, 0.0, 0.0, 0.0, 0.0, 0.0], [0.0, 0.00013457139012245997, 0.00013457139012245997, 0.00026914278024491994, 0.0004037141703673799, 0.00013457139012245997, 0.0004037141703673799, 0.0014802852913470596, 0.002960570582694119, 0.005786569775265779, 0.010765711209796797, 0.018167137666532097