{"region": {"us": {"histType": {"histogram": {"labels": ["0", "100", "200", "300", "400", "500", "600", "700", "800", "900", "1000", "1100", "1200", "1300", "1400", "1500", "1600", "1700", "1800", "1900", "2000", "2100", "2200", "2300", "2400", "2500", "2600", "2700", "2800", "2900", "3000", "3100", "3200"], "data": [[0.0, 0.0, 0.002797202797202797, 0.005594405594405594, 0.004195804195804196, 0.006993006993006993, 0.012587412587412588, 0.013986013986013986, 0.03636363636363636, 0.04895104895104895, 0.08251748251748252, 0.1020979020979021, 0.11748251748251748, 0.13286713286713286, 0.13286713286713286, 0.0993006993006993, 0.06713286713286713, 0.04195804195804196, 0.043356643356643354, 0.016783216783216783, 0.013986013986013986, 0.008391608391608392, 0.004195804195804196, 0.005594405594405594, 0.0, 0.0, 0.0, 0.0, 0.0, 0.0, 0.0, 0.0, 0.0], [0.0, 0.00025477707006369424, 0.00025477707006369424, 0.00025477707006369424, 0.001019108280254777, 0.002038216560509554, 0.004840764331210191, 0.009426751592356689, 0.015796178343949044, 0.028789808917197453, 0.03872611464968153, 0.055031847133757965, 0.08229299363057326, 0.09426751592356689, 0.13070063694267517, 0.1368152866242038, 0.14369426751592357, 0.08331210191082802, 0.10394904458598726, 0.03337579617834395, 0.017070063694267515, 0.006624203821656051, 0.004076433121019108, 0.002802547770700637, 0.0012738853503184713, 0.0015286624203821656, 0.001019108280254777, 0.0007643312101910828, 0.0, 0.0, 0.0, 0.0, 0.0], [0.00012080212611741966, 0.0, 0.0, 0.00024160425223483932, 0.00024160425223483932, 0.00024160425223483932, 0.00024160425223483932, 0.0006040106305870984, 0.002536844648465813, 0.0035032616574051704, 0.005073689296931626, 0.007006523314810341, 0.011838608359507128, 0.019086735926552308, 0.02524764435854071, 0.0374486590964001, 0.0878231456873641, 0.16247885962792946, 0.36965450591930415, 0.08770234356124668, 0.05230732060884272, 0.06064266731094467, 0.023435612466779415, 0.009664170089393574, 0.019328340178787148, 0.006402512684223242, 0.0024160425223483935, 0.004107272287992268, 0.00012080212611741966, 0.00048320850446967865, 0.0, 0.0, 0.0], [0.0, 0.0, 0.0, 0.0, 0.0001177717583323519, 0.0, 0.0008244023083264633, 0.0017665763749852785, 0.004710870333294076, 0.007890707808267578, 0.011659404074902839, 0.012837121658226357, 0.025556471558120363, 0.028029678483099753, 0.04216228948298198, 0.04981745377458485, 0.07042751148274644, 0.04192674596631728, 0.26757743493110353, 0.15534094924037217, 0.0898598516075845, 0.0984571899658462, 0.03274054881639383, 0.013779295724885173, 0.028147450241432104, 0.00683076198327641, 0.004710870333294076, 0.0020021198916499823, 0.0028265221999764457, 0.0, 0.0, 0.0, 0.0], [0.0, 0.0, 0.0, 0.0, 0.010362694300518135, 0.0051813471502590676, 0.031088082901554404, 0.025906735751295335, 0.05699481865284974, 0.05181347150259067, 0.07253886010362694, 0.08808290155440414, 0.10362694300518134, 0.11398963730569948, 0.09326424870466321, 0.10362694300518134, 0.07772020725388601, 0.031088082901554404, 0.06217616580310881, 0.031088082901554404, 0.03626943005181347, 0.0051813471502590676, 0.0, 0.0, 0.0, 0.0, 0.0, 0.0, 0.0, 0.0, 0.0, 0.0, 0.0], [0.0, 0.0, 0.0, 0.0, 0.0, 0.0, 0.0, 0.0014086033156354967, 0.0013002492144327663, 0.004767580452920143, 0.007259724780582945, 0.011377180626286705, 0.021454112038140644, 0.06858814606132842, 0.12309025896630188, 0.14931195145736267, 0.17726730956766715, 0.11073789142919059, 0.14887853505255175, 0.05580236211940622, 0.032939646765630076, 0.03965760104019937, 0.014844511864774082, 0.008018203489002059, 0.012244013435908549, 0.004767580452920143, 0.0029255607324737243, 0.0014086033156354967, 0.0013002492144327663, 0.0006501246072163832, 0.0, 0.0, 0.0], [0.0, 0.0, 0.0004083299305839118, 0.002245814618211515, 0.0016333197223356473, 0.0034708044099632505, 0.006941608819926501, 0.012862392813393221, 0.019191506737443853, 0.03593303389138424, 0.050428746427113105, 0.0690077582686811, 0.0935075541037158, 0.11290322580645161, 0.12229481420988159, 0.11964066966108616, 0.12004899959167006, 0.06676194365046959, 0.07288689260922826, 0.02837893017558187, 0.017558187015108206, 0.01551653736218865, 0.008370763576970192, 0.004899959167006942, 0.006124948958758677, 0.0036749693752552064, 0.002449979583503471, 0.0014291547570436914, 0.0010208248264597796, 0.0002041649652919559, 0.0002041649652919559, 0.0, 0.0], [0.0027100271002710027, 0.0027100271002710027, 0.0, 0.008130081300813009, 0.005420054200542005, 0.018970189701897018, 0.013550135501355014, 0.03523035230352303, 0.056910569105691054, 0.12466124661246612, 0.11653116531165311, 0.13008130081300814, 0.1002710027100271, 0.1111111111111111, 0.06775067750677506, 0.07046070460704607, 0.051490514905149054, 0.013550135501355014, 0.02168021680216802, 0.032520325203252036, 0.01084010840108401, 0.0027100271002710027, 0.0027100271002710027, 0.0, 0.0, 0.0, 0.0, 0.0, 0.0, 0.0, 0.0, 0.0, 0.0], [0.0002144542140253056, 0.0002144542140253056, 0.0004289084280506112, 0.0003216813210379584, 0.000536135535063264, 0.0012867252841518336, 0.0016084066051897919, 0.0043963113875187644, 0.007505897490885696, 0.01619129315891057, 0.025520051469011366, 0.03409822003002359, 0.04106798198584602, 0.045785974694402744, 0.05672313960969333, 0.06669526056187004, 0.203517049110015, 0.1338194295517907, 0.14593609264422047, 0.06508685395668025, 0.04289084280506112, 0.04256916148402316, 0.021767102723568518, 0.012974479948530989, 0.018121381085138322, 0.0051469011366073346, 0.002144542140253056, 0.0030023589963542783, 0.0004289084280506112, 0.0, 0.0, 0.0, 0.0], [0.0, 0.0, 0.0, 0.0, 0.00039603960396039607, 0.0007920792079207921, 0.001188118811881188, 0.0015841584158415843, 0.002376237623762376, 0.009108910891089108, 0.013069306930693069, 0.015841584158415842, 0.022178217821782177, 0.03801980198019802, 0.061386138613861385, 0.07920792079207921, 0.10495049504950495, 0.08792079207920792, 0.1778217821782178, 0.06851485148514852, 0.07366336633663366, 0.09782178217821783, 0.04396039603960396, 0.016633663366336635, 0.04673267326732673, 0.013465346534653465, 0.011881188118811881, 0.007920792079207921, 0.002772277227722772, 0.0007920792079207921, 0.0, 0.0, 0.0], [0.0, 0.0, 0.00017873100983020553, 0.0, 0.0008936550491510277, 0.0005361930294906167, 0.0012511170688114387, 0.004468275245755138, 0.008579088471849867, 0.014477211796246649, 0.021268990169794458, 0.029848078641644325, 0.05379803395889187, 0.06309204647006256, 0.10134048257372655, 0.12493297587131368, 0.15299374441465594, 0.0966934763181412, 0.14441465594280609, 0.06184092940125112, 0.037890974084003576, 0.03717605004468275, 0.012868632707774798, 0.008400357462019661, 0.013583556747095622, 0.0033958891867739054, 0.002680965147453083, 0.0014298480786416443, 0.001966041108132261, 0.0, 0.0, 0.0, 0.0], [0.0, 0.0, 0.0004362367311327614, 0.0004362367311327614, 0.0004362367311327614, 0.0033444816053511705, 0.0063981387232805, 0.012796277446561, 0.021230187581794388, 0.036643885415151956, 0.05961901992147739, 0.0745964810237022, 0.09786244001744947, 0.11923803984295478, 0.1393049294750618, 0.12069216228006398, 0.10266104405990985, 0.059473607677766466, 0.061800203577141194, 0.026755852842809364, 0.018321942707575978, 0.015268285589646649, 0.007997673404100625, 0.004216955067616693, 0.003926130580194852, 0.0036353060927730115, 0.0014541224371092047, 0.0002908244874218409, 0.0011632979496873637, 0.0, 0.0, 0.0, 0.0], [0.0, 0.0, 0.0, 0.0, 0.0001282873636946761, 0.0005131494547787043, 0.001667735728030789, 0.0020525978191148174, 0.0043617703656189865, 0.005259781911481719, 0.013085311096856959, 0.01924310455420141, 0.027581783194355357, 0.03361128928800513, 0.0477228992944195, 0.04413085311096857, 0.2247594611930725, 0.15445798588839, 0.2150096215522771, 0.07543296985246953, 0.040153944836433614, 0.0418216805644644, 0.016292495189223863, 0.010647851186658114, 0.013598460551635664, 0.0037203335471456063, 0.001796023091725465, 0.0010262989095574087, 0.001924310455420141, 0.0, 0.0, 0.0, 0.0], [0.00021090372245070126, 0.0, 0.0, 0.00010545186122535063, 0.00010545186122535063, 0.00031635558367605187, 0.0012654223347042075, 0.0015817779183802593, 0.004323526310239376, 0.01012337867763366, 0.016239586628703995, 0.01866497943688706, 0.0249920911104081, 0.06400927976378783, 0.14193820520932193, 0.1497416429399979, 0.17072656332384267, 0.10966993567436466, 0.13561109353580092, 0.05378044922492882, 0.03015923231045028, 0.031530106506379836, 0.01191606031846462, 0.005483496783718233, 0.009279763787830856, 0.002847200253084467, 0.0018981335020563112, 0.002214489085732363, 0.0005272593061267532, 0.0006327111673521037, 0.00010545186122535063, 0.0, 0.0], [0.0, 0.0, 0.0, 0.00018198362147406734, 0.000545950864422202, 0.00018198362147406734, 0.0012738853503184713, 0.0018198362147406734, 0.004003639672429482, 0.006915377616014558, 0.014558689717925387, 0.025295723384895358, 0.04422202001819836, 0.06551410373066424, 0.09645131938125569, 0.1186533212010919, 0.15887170154686078, 0.11683348498635122, 0.15232029117379436, 0.06988171064604186, 0.04349408553230209, 0.036760691537761604, 0.015468607825295723, 0.006005459508644222, 0.010555050045495906, 0.004549590536851683, 0.0029117379435850774, 0.0009099181073703367, 0.0009099181073703367, 0.0009099181073703367, 0.0, 0.0, 0.0], [0.0, 0.0, 0.0002503755633450175, 0.0002503755633450175, 0.0017526289434151227, 0.003254882323485228, 0.0015022533800701052, 0.005508262393590386, 0.011266900350525789, 0.017776664997496243, 0.030545818728092138, 0.04682023034551828, 0.06584877315973961, 0.09238858287431147, 0.11517275913870806, 0.128693039559339, 0.13094641962944417, 0.09614421632448673, 0.10215322984476716, 0.04556835252879319, 0.029293940911367052, 0.030796194291437155, 0.014021031547320982, 0.006509764646970456, 0.012518778167250876, 0.005508262393590386, 0.002253380070105158, 0.002754131196795193, 0.0002503755633450175, 0.0002503755633450175, 0.0, 0.0, 0.0], [0.00018733608092918696, 0.0, 0.0005620082427875609, 0.0013113525665043087, 0.0005620082427875609, 0.0013113525665043087, 0.0033720494567253652, 0.007118771075309105, 0.011802173098538779, 0.020044960659423006, 0.03222180591982016, 0.05301611090295991, 0.07455976020981642, 0.10247283626826527, 0.12457849381790934, 0.12851255151742225, 0.13619333083551893, 0.07961783439490445, 0.11315099288122893, 0.038965904833270885, 0.02285500187336081, 0.02285500187336081, 0.00992881228924691, 0.004496065942300487, 0.005058074185088048, 0.0018733608092918695, 0.0005620082427875609, 0.0013113525665043087, 0.0013113525665043087, 0.00018733608092918696, 0.0, 0.0, 0.0], [0.0, 0.0, 0.00012691965985531158, 0.00025383931971062316, 0.00038075897956593474, 0.00025383931971062316, 0.0007615179591318695, 0.0016499555781190507, 0.0026653128569615434, 0.006345982992765579, 0.012438126665820535, 0.014215001903794898, 0.027668485848457925, 0.03376062952151288, 0.14646528747302956, 0.15712653890087575, 0.17438761264119812, 0.11194313999238482, 0.1752760502601853, 0.04721411346617591, 0.025130092651351695, 0.029064602106866354, 0.010280492448280238, 0.006345982992765579, 0.008503617210305877, 0.0031729914963827895, 0.001269196598553116, 0.0010153572788424927, 0.0019037948978296738, 0.00038075897956593474, 0.0, 0.0, 0.0], [0.0, 0.0, 0.0, 0.006211180124223602, 0.006211180124223602, 0.006211180124223602, 0.0, 0.018633540372670808, 0.049689440993788817, 0.09316770186335403, 0.062111801242236024, 0.08074534161490683, 0.07453416149068323, 0.062111801242236024, 0.043478260869565216, 0.12422360248447205, 0.09316770186335403, 0.08074534161490683, 0.037267080745341616, 0.043478260869565216, 0.049689440993788817, 0.012422360248447204, 0.031055900621118012, 0.0, 0.006211180124223602, 0.006211180124223602, 0.0, 0.012422360248447204, 0.0, 0.0, 0.0, 0.0, 0.0], [0.0002247696111485727, 0.00011238480557428635, 0.0, 0.0, 0.0, 0.00011238480557428635, 0.0002247696111485727, 0.0010114632501685772, 0.0022476961114857273, 0.004607777028545741, 0.007305012362328613, 0.010002247696111485, 0.02157788267026298, 0.029669588671611596, 0.05147224095302315, 0.15879973027646663, 0.22791638570465272, 0.14890986738592943, 0.15520341649808947, 0.0650708024275118, 0.037761294672960216, 0.03764890986738593, 0.013373791863340076, 0.006967857945605754, 0.011013710946280062, 0.004045853000674309, 0.001910541694762868, 0.0022476961114857273, 0.0005619240278714318, 0.0, 0.0, 0.0, 0.0], [0.0, 0.0, 0.0, 0.0001220703125, 0.0, 0.0001220703125, 0.0009765625, 0.0003662109375, 0.001220703125, 0.002197265625, 0.0045166015625, 0.0068359375, 0.0111083984375, 0.0157470703125, 0.02734375, 0.103271484375, 0.18994140625, 0.151611328125, 0.214111328125, 0.0914306640625, 0.0579833984375, 0.0572509765625, 0.0198974609375, 0.0106201171875, 0.01953125, 0.0072021484375, 0.00341796875, 0.0008544921875, 0.0015869140625, 0.000244140625, 0.00048828125, 0.0, 0.0], [0.00019952114924181964, 9.976057462090982e-05, 0.0, 0.00019952114924181964, 0.00019952114924181964, 0.0005985634477254589, 0.0007980845969672786, 0.0017956903431763766, 0.0029928172386272946, 0.00548683160415004, 0.009876296887470071, 0.013467677573822825, 0.017557861133280128, 0.024640861931364725, 0.0335195530726257, 0.14175977653631286, 0.16799680766161212, 0.13886671987230648, 0.19044293695131684, 0.08519553072625698, 0.051476456504389465, 0.05726256983240224, 0.02144852354349561, 0.011073423782920989, 0.014365522745411013, 0.004389465283320032, 0.0023942537909018356, 0.0014964086193136473, 0.0003990422984836393, 0.0, 0.0, 0.0, 0.0], [0.0, 0.0, 0.0, 0.001447178002894356, 0.001447178002894356, 0.0, 0.0, 0.00723589001447178, 0.00723589001447178, 0.005788712011577424, 0.013024602026049204, 0.02604920405209841, 0.04341534008683068, 0.08683068017366136, 0.12301013024602026, 0.1736613603473227, 0.17221418234442837, 0.12445730824891461, 0.12011577424023155, 0.049204052098408106, 0.023154848046309694, 0.013024602026049204, 0.001447178002894356, 0.00723589001447178, 0.0, 0.0, 0.0, 0.0, 0.0, 0.0, 0.0, 0.0, 0.0], [0.0, 0.0, 0.0, 9.371192952862899e-05, 0.0, 9.371192952862899e-05, 0.000281135788585887, 0.0007496954362290319, 0.0016868147315153219, 0.004873020335488708, 0.007309530503233062, 0.012276262768250399, 0.02146003186205604, 0.027738731140474183, 0.040296129697310466, 0.04779308405960079, 0.08705838253209633, 0.16915003279917534, 0.2850716896260894, 0.09652328741448786, 0.0591322275325649, 0.07553181520007497, 0.019773217130540716, 0.010308312248149189, 0.02033548870771249, 0.005154156124074594, 0.002530222097272983, 0.002249086308687096, 0.002342798238215725, 0.00018742385905725798, 0.0, 0.0, 0.0], [0.0001009387301907742, 0.0001009387301907742, 0.0001009387301907742, 0.0, 0.0003028161905723226, 0.0003028161905723226, 0.0003028161905723226, 0.0009084485717169678, 0.0011103260320985161, 0.0052488139699202584, 0.009589179368123549, 0.019178358736247098, 0.03199757747047542, 0.044816796204703746, 0.06369233875037852, 0.07519935399212678, 0.09447865145856466, 0.20944786514585648, 0.23175532451801756, 0.09185424447360452, 0.046431815887756134, 0.04178863429898052, 0.014938932068234581, 0.006460078732209548, 0.004239426668012516, 0.0018168971434339356, 0.0034319168264863227, 0.0004037549207630968, 0.0, 0.0, 0.0, 0.0, 0.0], [0.0, 0.00011022927689594356, 0.0, 0.00011022927689594356, 0.00011022927689594356, 0.00033068783068783067, 0.0007716049382716049, 0.001763668430335097, 0.0023148148148148147, 0.004409171075837742, 0.008708112874779541, 0.014109347442680775, 0.05125661375661376, 0.08509700176366843, 0.1138668430335097, 0.14087301587301587, 0.15828924162257496, 0.1146384479717813, 0.13833774250440917, 0.06194885361552028, 0.03813932980599647, 0.03373015873015873, 0.014109347442680775, 0.006172839506172839, 0.005731922398589065, 0.0024250440917107582, 0.0013227513227513227, 0.0013227513227513227, 0.0, 0.0, 0.0, 0.0, 0.0], [0.0, 0.0, 0.0, 0.0, 0.000242160067804819, 0.0, 0.0008475602373168665, 0.00242160067804819, 0.004964281389998789, 0.007991282237559027, 0.01670904467853251, 0.025426807119505995, 0.04262017193364814, 0.06780481898534932, 0.10376558905436493, 0.12604431529240828, 0.153166242886548, 0.0981959074948541, 0.16660612664971547, 0.05932921661218065, 0.036687250272430076, 0.03801913064535658, 0.015982564475118054, 0.006296161762925294, 0.012471243491948178, 0.00484320135609638, 0.003995641118779513, 0.00242160067804819, 0.001937280542438552, 0.000484320135609638, 0.000726480203414457, 0.0, 0.0], [0.0, 0.0001740341106856944, 0.0001740341106856944, 0.0003480682213713888, 0.0010442046641141664, 0.0010442046641141664, 0.001740341106856944, 0.002610511660285416, 0.005569091541942221, 0.01775147928994083, 0.04211625478593804, 0.060041768186564565, 0.07901148625130526, 0.10511660285415941, 0.12582666202575704, 0.11834319526627218, 0.14671075530804037, 0.0776192133658197, 0.11399234249912983, 0.029759832927253742, 0.02384267316394013, 0.020710059171597635, 0.008527671423599026, 0.004524886877828055, 0.00713539853811347, 0.002088409328228333, 0.002088409328228333, 0.0001740341106856944, 0.0010442046641141664, 0.000870170553428472, 0.0, 0.0, 0.0], [0.0, 0.0, 0.0, 0.000727802037845706, 0.0009704027171276079, 0.002183406113537118, 0.0038816108685104317, 0.006792819019893256, 0.013585638039786511, 0.015283842794759825, 0.026443474041727318, 0.04294032023289665, 0.05361475012130034, 0.08199902959728288, 0.12372634643377002, 0.13124696749150896, 0.14944201843765162, 0.09606986899563319, 0.1101407083939835, 0.0482775351770985, 0.02789907811741873, 0.022561863173216887, 0.012372634643377001, 0.009461426491994178, 0.008733624454148471, 0.003153808830664726, 0.002668607472100922, 0.003396409509946628, 0.001455604075691412, 0.0009704027171276079, 0.0, 0.0, 0.0], [0.0002253267237494367, 0.0, 0.0, 0.0, 0.0004506534474988734, 0.0004506534474988734, 0.0016899504281207751, 0.0033799008562415502, 0.004957187922487607, 0.00957638575935106, 0.017462821090581344, 0.04134745380802163, 0.08449752140603875, 0.1197611536728256, 0.1469130238846327, 0.1509689049121226, 0.13812528165840468, 0.08021631365479946, 0.0958765209553853, 0.034249662009914375, 0.020842721946822892, 0.02444794952681388, 0.009013068949977467, 0.004281207751239297, 0.007210455159981974, 0.002253267237494367, 0.0005633168093735917, 0.0009013068949977468, 0.00011266336187471834, 0.0002253267237494367, 0.0, 0.0, 0.0], [0.0, 0.0, 0.0, 0.0002852660105548424, 0.0001426330052774212, 0.0001426330052774212, 0.001426330052774212, 0.0004278990158322636, 0.0019968620738838967, 0.004564256168877478, 0.0075595492797033235, 0.009271145343032378, 0.014548566538296961, 0.06204535729567822, 0.1143916702324918, 0.13906718014548566, 0.17401226643845386, 0.11125374411638853, 0.16645271715875054, 0.059050064184852376, 0.037227214377406934, 0.04093567251461988, 0.018684923691342177, 0.007987448295535587, 0.014263300527742119, 0.004706889174154899, 0.004849522179432321, 0.002139495079161318, 0.0017115960633290544, 0.0005705320211096848, 0.0002852660105548424, 0.0, 0.0], [0.0, 0.0, 0.00017349063150589867, 0.00034698126301179735, 0.001040943789035392, 0.0013879250520471894, 0.002255378209576683, 0.004684247050659264, 0.007633587786259542, 0.018043025676613464, 0.030534351145038167, 0.04181124219292158, 0.06800832755031229, 0.0914295628036086, 0.11675919500346982, 0.1323733518390007, 0.1450381679389313, 0.08986814712005552, 0.12387231089521165, 0.04476058292852186, 0.027238029146426094, 0.02220680083275503, 0.010409437890353921, 0.004510756419153366, 0.005551700208188758, 0.0012144344205412907, 0.002255378209576683, 0.003816793893129771, 0.0026023594725884803, 0.00017349063150589867, 0.0, 0.0, 0.0], [0.00011943150603129105, 0.0, 0.0, 0.0, 0.00011943150603129105, 0.0010748835542816195, 0.0007165890361877463, 0.002388630120625821, 0.002866356144750985, 0.005852143795533261, 0.013734623193598472, 0.02149767108563239, 0.03487399976113699, 0.042278753135077035, 0.05756598590708229, 0.11656514988654007, 0.21008001910904098, 0.149767108563239, 0.16075480711811777, 0.07237549265496238, 0.04514510927982802, 0.03308252717066762, 0.013376328675504598, 0.005374417771408097, 0.00561328078347068, 0.002030335602531948, 0.00226919861459453, 0.00035829451809387314, 0.00011943150603129105, 0.0, 0.0, 0.0, 0.0], [0.0, 0.0, 0.0, 0.0001513317191283293, 0.0001513317191283293, 0.0004539951573849879, 0.0006053268765133172, 0.0016646489104116223, 0.002572639225181598, 0.0057506053268765135, 0.0237590799031477, 0.033292978208232446, 0.06855326876513317, 0.09730629539951574, 0.13317191283292978, 0.14633777239709442, 0.15617433414043583, 0.10305690072639226, 0.11032082324455206, 0.04222154963680387, 0.02557506053268765, 0.019824455205811137, 0.009685230024213076, 0.004539951573849879, 0.007112590799031477, 0.002572639225181598, 0.002723970944309927, 0.0012106537530266344, 0.0012106537530266344, 0.0, 0.0, 0.0, 0.0], [0.0, 0.0, 0.0, 0.0001559332605644784, 0.0, 0.0004677997816934352, 0.0009355995633868704, 0.0009355995633868704, 0.002338998908467176, 0.0017152658662092624, 0.005301730859192266, 0.010603461718384532, 0.04007484796507095, 0.0642445033525651, 0.09246842351473569, 0.11804147824731015, 0.1559332605644784, 0.10993294869795728, 0.17947918290971465, 0.06985810073288633, 0.04132231404958678, 0.04631217838765009, 0.020271323873382194, 0.011071261500077966, 0.015905192577576797, 0.006393263683143614, 0.002806798690160611, 0.000779666302822392, 0.002338998908467176, 0.0003118665211289568, 0.0, 0.0, 0.0], [0.0, 0.0, 0.00011739845034045551, 0.0, 0.00023479690068091102, 0.0003521953510213665, 0.0003521953510213665, 0.0012913829537450105, 0.0009391876027236441, 0.0034045550598732098, 0.006691711669405964, 0.01620098614698286, 0.026766846677623857, 0.04472880957971355, 0.05529467011035454, 0.15848790795961493, 0.18196759802770604, 0.11011974641934727, 0.1817328011270251, 0.06456914768725053, 0.04390702042733036, 0.039798074665414414, 0.02324489316741019, 0.012209438835407373, 0.01643578304766377, 0.0043437426625968535, 0.0029349612585113875, 0.0019957736557877437, 0.0010565860530640995, 0.0008217891523831885, 0.0, 0.0, 0.0], [0.0, 0.0, 0.0, 0.0, 9.602458229306702e-05, 9.602458229306702e-05, 9.602458229306702e-05, 0.0008642212406376032, 0.0018244670635682734, 0.004897253696946418, 0.008930286153255234, 0.01680430190128673, 0.027847128864989436, 0.03620126752448627, 0.05406183983099674, 0.05780679854042635, 0.07067409256769733, 0.07681966583445363, 0.3302285385058575, 0.11474937584021509, 0.06529671595928557, 0.07259458421355867, 0.018628768964855002, 0.008930286153255234, 0.019781063952371808, 0.004993278279239485, 0.0030727866333781447, 0.0024966391396197426, 0.0018244670635682734, 0.0003840983291722681, 0.0, 0.0, 0.0], [0.0, 0.0, 0.0, 0.0, 0.0, 0.00010279605263157894, 0.0005139802631578947, 0.0030838815789473685, 0.005448190789473684, 0.009868421052631578, 0.01840049342105263, 0.034025493421052634, 0.051295230263157895, 0.07771381578947369, 0.11513157894736842, 0.1377467105263158, 0.17423930921052633, 0.10927220394736842, 0.15388569078947367, 0.04697779605263158, 0.02333470394736842, 0.024671052631578948, 0.006476151315789474, 0.0031866776315789473, 0.0023643092105263158, 0.0006167763157894736, 0.0008223684210526315, 0.0005139802631578947, 0.0003083881578947368, 0.0, 0.0, 0.0, 0.0], [0.0, 0.0029940119760479044, 0.0, 0.0029940119760479044, 0.005988023952095809, 0.020958083832335328, 0.020958083832335328, 0.038922155688622756, 0.08383233532934131, 0.059880239520958084, 0.05089820359281437, 0.07784431137724551, 0.08083832335329341, 0.11676646706586827, 0.11976047904191617, 0.10479041916167664, 0.08083832335329341, 0.04790419161676647, 0.041916167664670656, 0.014970059880239521, 0.011976047904191617, 0.008982035928143712, 0.0, 0.005988023952095809, 0.0, 0.0, 0.0, 0.0, 0.0, 0.0, 0.0, 0.0, 0.0]]}, "ranks": {"labels": ["Unranked", "Combatatent I", "Combatatent II", "Challenger I", "Challenger II", "Rival I", "Rival II", "Duelist", "Elite"], "data": [[0.13146853146853146, 0.18461538461538463, 0.25034965034965034, 0.23216783216783216, 0.10909090909090909, 0.055944055944055944, 0.01818181818181818, 0.01818181818181818, 0.0], [0.06267515923566878, 0.0937579617834395, 0.17656050955414013, 0.267515923566879, 0.2270063694267516, 0.12331210191082803, 0.0310828025477707, 0.013503184713375796, 0.0045859872611464965], [0.007731336071514858, 0.012080212611741966, 0.030925344286059434, 0.0626963034549408, 0.25030200531529356, 0.41725054360956754, 0.09241362647982604, 0.09374244986711766, 0.03285817830393815], [0.015310328583205747, 0.024496525733129194, 0.05358615004122012, 0.09197974325756683, 0.11235425744906372, 0.35154869862207044, 0.16122953715698976, 0.14497703450712518, 0.04451772464962902], [0.18134715025906736, 0.16062176165803108, 0.21761658031088082, 0.19689119170984457, 0.10880829015544041, 0.09326424870466321, 0.03626943005181347, 0.0051813471502590676, 0.0], [0.007476432982988406, 0.01863690540686965, 0.09004225809946906, 0.2724022104236645, 0.2880052009968577, 0.1806262867049518, 0.05699425723263626, 0.06252031639397551, 0.023296131758587062], [0.08268681094324214, 0.1194365046957942, 0.2064107799101674, 0.24193548387096775, 0.18681094324213965, 0.09085340955492037, 0.027970600244997958, 0.028787260106165783, 0.015108207431604737], [0.2682926829268293, 0.24661246612466126, 0.21138211382113822, 0.13821138211382114, 0.06504065040650407, 0.037940379403794036, 0.02710027100271003, 0.005420054200542005, 0.0], [0.03270426763885911, 0.05961827149903495, 0.08685395668024877, 0.12341840017156337, 0.3373364786618057, 0.1826077632425477, 0.07130602616341411, 0.07731074415612267, 0.028844091786403604], [0.015445544554455445, 0.028910891089108912, 0.060198019801980196, 0.1405940594059406, 0.19287128712871288, 0.21227722772277227, 0.10772277227722772, 0.15841584158415842, 0.08356435643564357], [0.03038427167113494, 0.051117068811438786, 0.11689008042895442, 0.2262734584450402, 0.24968722073279714, 0.18123324396782842, 0.06291331546023235, 0.05844504021447721, 0.023056300268096516], [0.0817216809655373, 0.1342155009451796, 0.21710047986040423, 0.2599970917551258, 0.1621346517376763, 0.07575977897338956, 0.03111822015413698, 0.027482914061363967, 0.010469681547186274], [0.013983322642719693, 0.03232841565105837, 0.061193072482360486, 0.09185375240538807, 0.3792174470814625, 0.2583707504810776, 0.07222578576010263, 0.06876202694034637, 0.022065426555484286], [0.018032268269534957, 0.03490456606559106, 0.08900137087419593, 0.29167984814931985, 0.28039649899820734, 0.16608668142992725, 0.05346409364125277, 0.04892966360856269, 0.017505008963408203], [0.01492265696087352, 0.03985441310282074, 0.1097361237488626, 0.2151046405823476, 0.275705186533212, 0.19071883530482256, 0.07497725204731574, 0.05823475887170155, 0.020746132848043677], [0.04156234351527291, 0.07736604907361042, 0.15823735603405106, 0.24386579869804706, 0.2270906359539309, 0.1269404106159239, 0.0500751126690035, 0.05132699048572859, 0.023535302954431646], [0.04627201198950918, 0.08523791682278006, 0.17703259647808167, 0.2530910453353316, 0.21581116523042337, 0.13713001124016486, 0.037841888347695765, 0.03727988010490821, 0.010303484451105283], [0.012438126665820535, 0.026653128569615433, 0.06142911536997081, 0.3035918263739053, 0.28633075263358293, 0.20218301814951137, 0.045437238228201546, 0.04569107754791217, 0.016245716461479882], [0.18012422360248448, 0.14285714285714285, 0.13664596273291926, 0.16770186335403728, 0.17391304347826086, 0.055900621118012424, 0.07453416149068323, 0.043478260869565216, 0.024844720496894408], [0.008541245223645763, 0.017307260058440098, 0.05124747134187458, 0.21027197122948976, 0.37682625309058215, 0.19397617442121826, 0.06405933917734322, 0.05799055967633176, 0.019779725781074398], [0.0050048828125, 0.0113525390625, 0.02685546875, 0.130615234375, 0.341552734375, 0.2645263671875, 0.0989990234375, 0.0877685546875, 0.0333251953125], [0.012370311252992818, 0.023343974461292896, 0.04219872306464485, 0.17527932960893855, 0.3068635275339186, 0.23743016759776536, 0.08968475658419793, 0.08978451715881884, 0.023044692737430168], [0.023154848046309694, 0.03907380607814761, 0.13024602026049203, 0.29667149059334297, 0.29667149059334297, 0.14905933429811866, 0.04341534008683068, 0.02170767004341534, 0.0], [0.007778090150876206, 0.01958579327148346, 0.049198763002530226, 0.08808921375691126, 0.25620841533127164, 0.3416736950613813, 0.09905350951176085, 0.10561334457876488, 0.03279917533502015], [0.008478853336025032, 0.028767538104370646, 0.07681437367517917, 0.1388916927425053, 0.3039265166044211, 0.2832340769153124, 0.08680730796406581, 0.06318764509942465, 0.009891995558695871], [0.00992063492063492, 0.022817460317460316, 0.1363536155202822, 0.25473985890652556, 0.27292768959435626, 0.17350088183421516, 0.06492504409171077, 0.05401234567901234, 0.010802469135802469], [0.01646688461072769, 0.042135851798038505, 0.11042499091899746, 0.22980990434677323, 0.2513621503814021, 0.1976026153287323, 0.0650199782055939, 0.060297856883399926, 0.02687976752633491], [0.03045596936999652, 0.10215802297250261, 0.18412808910546466, 0.24416985729202922, 0.22432996867386007, 0.1303515489035851, 0.037243299686738604, 0.03376261747302471, 0.013400626522798468], [0.04342552159146046, 0.06938379427462397, 0.1356137797185832, 0.254973313925279, 0.2455118874332848, 0.13731198447355653, 0.049005337214944204, 0.04439592430858806, 0.020378457059679767], [0.020730058584948176, 0.05881027489860297, 0.20425867507886436, 0.2978819287967553, 0.21834159531320416, 0.11446597566471384, 0.03650292924740874, 0.03774222622803065, 0.011266336187471835], [0.008985879332477536, 0.0168306946227357, 0.07659392383397519, 0.25345885037797744, 0.2852660105548424, 0.1985451433461703, 0.06418485237483953, 0.06760804450149764, 0.028526601055484237], [0.03556557945870923, 0.07234559333795976, 0.1594378903539209, 0.24913254684247052, 0.23490631505898682, 0.15006939625260235, 0.04580152671755725, 0.037126995142262316, 0.015614156835530881], [0.013137465663442016, 0.03523229427923086, 0.07715275289621402, 0.17413113579362235, 0.35984712767227994, 0.20064493013256898, 0.07763047892033918, 0.05183327361758032, 0.010390541024722321], [0.011349878934624698, 0.057052058111380144, 0.16585956416464892, 0.27950968523002423, 0.2592312348668281, 0.13362590799031476, 0.04449152542372881, 0.034049636803874093, 0.014830508474576272], [0.006549196943708093, 0.015905192577576797, 0.10431935131763605, 0.21050990176204584, 0.2658662092624357, 0.21705909870575393, 0.07360049898643381, 0.07765476376111025, 0.02853578668329955], [0.006691711669405964, 0.022892697816388825, 0.0714956562573374, 0.21378257806996948, 0.2920873444470533, 0.21648274242779994, 0.07372622681380606, 0.07525240666823198, 0.027588635830007043], [0.007874015748031496, 0.025734588054541964, 0.06404839638947571, 0.11186863837142308, 0.14749375840215095, 0.39360476281928175, 0.11666986748607644, 0.1001536393316689, 0.03255233339734972], [0.019017269736842105, 0.05242598684210526, 0.12900904605263158, 0.25287828947368424, 0.28351151315789475, 0.18092105263157895, 0.04327713815789474, 0.034333881578947366, 0.004625822368421052], [0.23652694610778444, 0.12874251497005987, 0.19760479041916168, 0.2245508982035928, 0.12874251497005987, 0.04491017964071856, 0.023952095808383235, 0.014970059880239521, 0.0]]}, "ranksDetailed": {"labels": ["Unranked", "Combatatant", "Challenger", "Rival", "Duelist", "Elite"], "data": [[0.13146853146853146, 0.43496503496503497, 0.3412587412587413, 0.07412587412587412, 0.01818181818181818, 0.0], [0.06267515923566878, 0.27031847133757964, 0.4945222929936306, 0.15439490445859871, 0.013503184713375796, 0.0045859872611464965], [0.007731336071514858, 0.0430055568978014, 0.3129983087702344, 0.5096641700893936, 0.09374244986711766, 0.03285817830393815], [0.015310328583205747, 0.07808267577434931, 0.20433400070663055, 0.5127782357790602, 0.14497703450712518, 0.04451772464962902], [0.18134715025906736, 0.37823834196891193, 0.30569948186528495, 0.12953367875647667, 0.0051813471502590676, 0.0], [0.007476432982988406, 0.10867916350633872, 0.5604074114205223, 0.23762054393758802, 0.06252031639397551, 0.023296131758587062], [0.08268681094324214, 0.32584728460596163, 0.4287464271131074, 0.11882400979991833, 0.028787260106165783, 0.015108207431604737], [0.2682926829268293, 0.45799457994579945, 0.2032520325203252, 0.06504065040650407, 0.005420054200542005, 0.0], [0.03270426763885911, 0.14647222817928374, 0.4607548788333691, 0.2539137894059618, 0.07731074415612267, 0.028844091786403604], [0.015445544554455445, 0.0891089108910891, 0.3334653465346535, 0.32, 0.15841584158415842, 0.08356435643564357], [0.03038427167113494, 0.1680071492403932, 0.47596067917783735, 0.24414655942806077, 0.05844504021447721, 0.023056300268096516], [0.0817216809655373, 0.35131598080558385, 0.4221317434928021, 0.10687799912752653, 0.027482914061363967, 0.010469681547186274], [0.013983322642719693, 0.09352148813341886, 0.47107119948685056, 0.33059653624118024, 0.06876202694034637, 0.022065426555484286], [0.018032268269534957, 0.12390593693978699, 0.5720763471475272, 0.21955077507118, 0.04892966360856269, 0.017505008963408203], [0.01492265696087352, 0.14959053685168336, 0.4908098271155596, 0.2656960873521383, 0.05823475887170155, 0.020746132848043677], [0.04156234351527291, 0.23560340510766148, 0.47095643465197795, 0.1770155232849274, 0.05132699048572859, 0.023535302954431646], [0.04627201198950918, 0.26227051330086176, 0.468902210565755, 0.17497189958786064, 0.03727988010490821, 0.010303484451105283], [0.012438126665820535, 0.08808224393958625, 0.5899225790074882, 0.2476202563777129, 0.04569107754791217, 0.016245716461479882], [0.18012422360248448, 0.2795031055900621, 0.3416149068322981, 0.13043478260869565, 0.043478260869565216, 0.024844720496894408], [0.008541245223645763, 0.06855473140031468, 0.587098224320072, 0.2580355135985615, 0.05799055967633176, 0.019779725781074398], [0.0050048828125, 0.0382080078125, 0.47216796875, 0.363525390625, 0.0877685546875, 0.0333251953125], [0.012370311252992818, 0.06554269752593775, 0.48214285714285715, 0.3271149241819633, 0.08978451715881884, 0.023044692737430168], [0.023154848046309694, 0.16931982633863965, 0.5933429811866859, 0.19247467438494936, 0.02170767004341534, 0.0], [0.007778090150876206, 0.06878455627401368, 0.3442976290881829, 0.4407272045731422, 0.10561334457876488, 0.03279917533502015], [0.008478853336025032, 0.10558191177954981, 0.4428182093469264, 0.3700413848793782, 0.06318764509942465, 0.009891995558695871], [0.00992063492063492, 0.1591710758377425, 0.5276675485008818, 0.23842592592592593, 0.05401234567901234, 0.010802469135802469], [0.01646688461072769, 0.15256084271703596, 0.4811720547281753, 0.2626225935343262, 0.060297856883399926, 0.02687976752633491], [0.03045596936999652, 0.2862861120779673, 0.4684998259658893, 0.1675948485903237, 0.03376261747302471, 0.013400626522798468], [0.04342552159146046, 0.20499757399320717, 0.5004852013585638, 0.18631732168850074, 0.04439592430858806, 0.020378457059679767], [0.020730058584948176, 0.2630689499774673, 0.5162235241099594, 0.1509689049121226, 0.03774222622803065, 0.011266336187471835], [0.008985879332477536, 0.09342461845671088, 0.5387248609328199, 0.26272999572100986, 0.06760804450149764, 0.028526601055484237], [0.03556557945870923, 0.23178348369188065, 0.48403886190145734, 0.19587092297015962, 0.037126995142262316, 0.015614156835530881], [0.013137465663442016, 0.11238504717544488, 0.5339782634659023, 0.27827540905290815, 0.05183327361758032, 0.010390541024722321], [0.011349878934624698, 0.22291162227602906, 0.5387409200968523, 0.1781174334140436, 0.034049636803874093, 0.014830508474576272], [0.006549196943708093, 0.12022454389521285, 0.4763761110244815, 0.29065959769218774, 0.07765476376111025, 0.02853578668329955], [0.006691711669405964, 0.09438835407372623, 0.5058699225170228, 0.290208969241606, 0.07525240666823198, 0.027588635830007043], [0.007874015748031496, 0.08978298444401767, 0.25936239677357403, 0.5102746303053581, 0.1001536393316689, 0.03255233339734972], [0.019017269736842105, 0.18143503289473684, 0.536389802631579, 0.22419819078947367, 0.034333881578947366, 0.004625822368421052], [0.23652694610778444, 0.3263473053892216, 0.3532934131736527, 0.0688622754491018, 0.014970059880239521, 0.0]]}}}, "eu": {"histType": {"histogram": {"labels": ["0", "100", "200", "300", "400", "500", "600", "700", "800", "900", "1000", "1100", "1200", "1300", "1400", "1500", "1600", "1700", "1800", "1900", "2000", "2100", "2200", "2300", "2400", "2500", "2600", "2700", "2800", "2900", "3000", "3100", "3200"], "data": [[0.0, 0.0, 0.0018656716417910447, 0.0, 0.0018656716417910447, 0.007462686567164179, 0.013059701492537313, 0.026119402985074626, 0.048507462686567165, 0.07835820895522388, 0.07835820895522388, 0.10820895522388059, 0.10261194029850747, 0.11940298507462686, 0.1417910447761194, 0.09328358208955224, 0.06343283582089553, 0.033582089552238806, 0.03544776119402985, 0.016791044776119403, 0.013059701492537313, 0.005597014925373134, 0.0037313432835820895, 0.007462686567164179, 0.0, 0.0, 0.0, 0.0, 0.0, 0.0, 0.0, 0.0, 0.0], [0.0, 0.000280662363177098, 0.0008419870895312938, 0.001122649452708392, 0.0016839741790625876, 0.003929273084479371, 0.0070165590794274485, 0.01094583216390682, 0.019646365422396856, 0.034521470670783046, 0.04546730283468987, 0.06258770698849285, 0.0816727476845355, 0.10440639910188043, 0.1352792590513612, 0.12994667415099634, 0.14145383104125736, 0.06904294134156609, 0.09486387875385911, 0.023856300870053325, 0.011787819253438114, 0.009261857984844232, 0.004209935447656469, 0.0028066236317709796, 0.0019646365422396855, 0.001122649452708392, 0.000280662363177098, 0.0, 0.0, 0.0, 0.0, 0.0, 0.0], [0.0, 0.0, 0.0, 0.00012158054711246201, 0.00012158054711246201, 0.00012158054711246201, 0.0, 0.000729483282674772, 0.0019452887537993921, 0.002674772036474164, 0.005835866261398176, 0.009604863221884499, 0.012036474164133738, 0.015197568389057751, 0.025045592705167173, 0.035015197568389056, 0.18091185410334346, 0.1539209726443769, 0.32571428571428573, 0.08036474164133739, 0.0521580547112462, 0.05142857142857143, 0.0182370820668693, 0.008024316109422492, 0.011550151975683891, 0.005106382978723404, 0.00182370820668693, 0.0020668693009118543, 0.00012158054711246201, 0.00012158054711246201, 0.0, 0.0, 0.0], [0.0, 0.0, 0.0, 0.00011344299489506523, 0.00011344299489506523, 0.00022688598979013047, 0.0007941009642654566, 0.0020419739081111742, 0.002495745887691435, 0.005785592739648327, 0.011230856494611459, 0.01690300623936472, 0.020533182076006806, 0.025978445830969938, 0.041747022121384, 0.05263754963131027, 0.07464549064095292, 0.04946114577424844, 0.2777084515031197, 0.1487237663074305, 0.09302325581395349, 0.08927963698241634, 0.030969937606352808, 0.013613159387407828, 0.024390243902439025, 0.008054452637549631, 0.004310833806012479, 0.0015882019285309132, 0.003516732841747022, 0.00011344299489506523, 0.0, 0.0, 0.0], [0.0, 0.0, 0.0, 0.0, 0.0, 0.021739130434782608, 0.02717391304347826, 0.04891304347826087, 0.06521739130434782, 0.04891304347826087, 0.07608695652173914, 0.08152173913043478, 0.06521739130434782, 0.11956521739130435, 0.09239130434782608, 0.14673913043478262, 0.03260869565217391, 0.06521739130434782, 0.03260869565217391, 0.04891304347826087, 0.005434782608695652, 0.005434782608695652, 0.0, 0.005434782608695652, 0.010869565217391304, 0.0, 0.0, 0.0, 0.0, 0.0, 0.0, 0.0, 0.0], [0.0, 0.0, 0.0001076773985140519, 0.0002153547970281038, 0.0003230321955421557, 0.0001076773985140519, 0.0002153547970281038, 0.001184451383654571, 0.0019381931732529343, 0.00398406374501992, 0.00796812749003984, 0.01195219123505976, 0.018520512544416928, 0.09120275654140196, 0.12932055561537634, 0.13739636050393023, 0.16270054915473242, 0.1110153978679875, 0.1495639065360181, 0.056530634219877245, 0.03628728329923549, 0.03908689566060084, 0.014321094002368903, 0.005383869925702595, 0.01076773985140519, 0.004307095940562076, 0.0026919349628512974, 0.0007537417895983633, 0.0017228383762248303, 0.0003230321955421557, 0.0001076773985140519, 0.0, 0.0], [0.000191314329443275