{"region": {"us": {"histType": {"histogram": {"labels": ["0", "100", "200", "300", "400", "500", "600", "700", "800", "900", "1000", "1100", "1200", "1300", "1400", "1500", "1600", "1700", "1800", "1900", "2000", "2100", "2200", "2300", "2400", "2500", "2600", "2700"], "data": [[0.0, 0.0, 0.0, 0.0, 0.0, 0.0, 0.02857142857142857, 0.014285714285714285, 0.12857142857142856, 0.1, 0.08571428571428572, 0.15714285714285714, 0.02857142857142857, 0.17142857142857143, 0.12857142857142856, 0.07142857142857142, 0.014285714285714285, 0.0, 0.07142857142857142, 0.0, 0.0, 0.0, 0.0, 0.0, 0.0, 0.0, 0.0, 0.0], [0.0, 0.0021953896816684962, 0.0, 0.0010976948408342481, 0.0010976948408342481, 0.0021953896816684962, 0.008781558726673985, 0.012074643249176729, 0.018660812294182216, 0.03951701427003293, 0.0570801317233809, 0.07025246981339188, 0.10428100987925357, 0.12623490669593854, 0.16794731064763996, 0.09989023051591657, 0.09549945115257959, 0.059275521405049394, 0.07793633369923161, 0.013172338090010977, 0.01646542261251372, 0.01646542261251372, 0.006586169045005488, 0.003293084522502744, 0.0, 0.0, 0.0, 0.0], [0.0, 0.0, 0.0, 0.0, 0.0005159958720330237, 0.0005159958720330237, 0.0015479876160990713, 0.0030959752321981426, 0.015995872033023734, 0.018575851393188854, 0.032507739938080496, 0.0521155830753354, 0.0933952528379773, 0.11661506707946337, 0.13364293085655315, 0.12951496388028896, 0.13415892672858618, 0.08204334365325078, 0.10474716202270382, 0.033023735810113516, 0.017543859649122806, 0.015479876160990712, 0.009287925696594427, 0.0041279669762641896, 0.0015479876160990713, 0.0, 0.0, 0.0], [0.0, 0.000297000297000297, 0.0, 0.0, 0.000297000297000297, 0.000891000891000891, 0.003564003564003564, 0.006831006831006831, 0.015444015444015444, 0.027324027324027323, 0.04187704187704188, 0.04217404217404217, 0.08226908226908226, 0.10454410454410454, 0.1294921294921295, 0.12622512622512622, 0.15117315117315117, 0.09593109593109593, 0.0891000891000891, 0.03564003564003564, 0.016632016632016633, 0.01782001782001782, 0.00594000594000594, 0.003267003267003267, 0.002079002079002079, 0.001188001188001188, 0.0, 0.0], [0.0, 0.0, 0.0, 0.0, 0.034482758620689655, 0.0, 0.0, 0.06896551724137931, 0.06896551724137931, 0.06896551724137931, 0.10344827586206896, 0.10344827586206896, 0.0, 0.10344827586206896, 0.0, 0.0, 0.10344827586206896, 0.06896551724137931, 0.1724137931034483, 0.034482758620689655, 0.0, 0.0, 0.034482758620689655, 0.034482758620689655, 0.0, 0.0, 0.0, 0.0], [0.0, 0.0, 0.0, 0.0, 0.0, 0.00024055809477988935, 0.0004811161895597787, 0.0038489295164782296, 0.005532836179937455, 0.018763531392831368, 0.026701948520567717, 0.03897041135434207, 0.07072407986528746, 0.0971854702910753, 0.12148183786384412, 0.12244407024296368, 0.14770267019485206, 0.09646379600673563, 0.1036805388501323, 0.049073851335097424, 0.027904738994467163, 0.038248737070002405, 0.01467404378157325, 0.005773394274717345, 0.006976184748616791, 0.0031272552321385616, 0.0, 0.0], [0.0, 0.0, 0.0007017543859649122, 0.0014035087719298245, 0.0014035087719298245, 0.002105263157894737, 0.004912280701754386, 0.011228070175438596, 0.02666666666666667, 0.041403508771929824, 0.060350877192982454, 0.08421052631578947, 0.11508771929824561, 0.13403508771929826, 0.1256140350877193, 0.10596491228070175, 0.09543859649122807, 0.05894736842105263, 0.047719298245614036, 0.021052631578947368, 0.011228070175438596, 0.02245614035087719, 0.014035087719298246, 0.00631578947368421, 0.005614035087719298, 0.0014035087719298245, 0.0007017543859649122, 0.0], [0.0, 0.0, 0.0, 0.024096385542168676, 0.012048192771084338, 0.0, 0.03614457831325301, 0.13253012048192772, 0.14457831325301204, 0.13253012048192772, 0.08433734939759036, 0.13253012048192772, 0.0963855421686747, 0.07228915662650602, 0.060240963855421686, 0.012048192771084338, 0.012048192771084338, 0.03614457831325301, 0.012048192771084338, 0.0, 0.0, 0.0, 0.0, 0.0, 0.0, 0.0, 0.0, 0.0], [0.0005030181086519115, 0.00025150905432595576, 0.001006036217303823, 0.001006036217303823, 0.0017605633802816902, 0.004778672032193159, 0.006790744466800805, 0.014587525150905433, 0.030181086519114688, 0.06338028169014084, 0.07972837022132796, 0.09582494969818914, 0.12223340040241448, 0.12701207243460766, 0.11594567404426559, 0.085261569416499, 0.07520120724346077, 0.047032193158953725, 0.04627766599597585, 0.028923541247484908, 0.01886317907444668, 0.02062374245472837, 0.007545271629778672, 0.0032696177062374247, 0.001006036217303823, 0.001006036217303823, 0.0, 0.0], [0.0, 0.0, 0.0, 0.0, 0.0, 0.0011961722488038277, 0.005980861244019139, 0.005382775119617225, 0.017344497607655503, 0.023923444976076555, 0.038875598086124404, 0.05741626794258373, 0.08373205741626795, 0.11842105263157894, 0.12260765550239235, 0.1375598086124402, 0.15251196172248804, 0.07775119617224881, 0.08014354066985646, 0.030502392344497607, 0.011363636363636364, 0.01854066985645933, 0.009569377990430622, 0.004784688995215311, 0.0023923444976076554, 0.0, 0.0, 0.0], [0.00038895371450797355, 0.0, 0.0, 0.0015558148580318942, 0.0019447685725398677, 0.002333722287047841, 0.007001166861143524, 0.010890704006223259, 0.025281991443018282, 0.046674445740956826, 0.08284714119019837, 0.08945935433683391, 0.12563204978607545, 0.12679891092959938, 0.13146635550369506, 0.09918319719953325, 0.08556981719175417, 0.050175029171528586, 0.049786075457020615, 0.024893037728510307, 0.012835472578763127, 0.012446518864255154, 0.007779074290159471, 0.002333722287047841, 0.0027226760015558148, 0.0, 0.0, 0.0], [0.0, 0.0, 0.0, 0.0, 0.0, 0.0006668889629876625, 0.0030010003334444814, 0.006335445148382794, 0.013337779259753251, 0.023674558186062022, 0.035345115038346114, 0.05901967322440813, 0.08036012004001333, 0.09903301100366789, 0.1407135711903968, 0.1237079026342114, 0.15405135045015006, 0.07835945315105035, 0.09503167722574192, 0.03501167055685228, 0.014338112704234745, 0.022674224741580526, 0.009003001000333445, 0.00266755585195065, 0.003667889296432144, 0.0, 0.0, 0.0], [0.0, 0.00035803795202291446, 0.0, 0.0007160759040458289, 0.00035803795202291446, 0.0014321518080916578, 0.003938417472252059, 0.007876834944504118, 0.021124239169351952, 0.04332259219477264, 0.06874328678839957, 0.08700322234156821, 0.10848549946294307, 0.1263873970640888, 0.1439312567132116, 0.11528822055137844, 0.10383100608664518, 0.055495882563551736, 0.06015037593984962, 0.01790189760114572, 0.013247404224847834, 0.009308986752595776, 0.005728607232366631, 0.0028643036161833156, 0.0017901897601145722, 0.0007160759040458289, 0.0, 0.0], [0.0, 0.0, 0.0, 0.0, 0.0, 0.0, 0.0005327650506126798, 0.0010655301012253596, 0.002663825253063399, 0.006393180607352157, 0.023441662226957913, 0.03303143313798615, 0.0580713905167821, 0.08737346830047948, 0.12040490143846563, 0.13692061800745872, 0.1742141715503463, 0.1028236547682472, 0.1108151305274374, 0.05966968566862014, 0.02717101758124667, 0.03249866808737347, 0.012253596164091636, 0.005327650506126798, 0.0037293553542887587, 0.0015982951518380393, 0.0, 0.0], [0.0, 0.0, 0.0, 0.002074688796680498, 0.002074688796680498, 0.0, 0.002074688796680498, 0.01037344398340249, 0.026970954356846474, 0.035269709543568464, 0.056016597510373446, 0.1078838174273859, 0.1078838174273859, 0.12240663900414937, 0.0954356846473029, 0.0954356846473029, 0.10580912863070539, 0.07261410788381743, 0.06224066390041494, 0.029045643153526972, 0.024896265560165973, 0.008298755186721992, 0.012448132780082987, 0.008298755186721992, 0.012448132780082987, 0.0, 0.0, 0.0], [0.00043591979075850045, 0.0, 0.00043591979075850045, 0.0, 0.00043591979075850045, 0.0013077593722755014, 0.0026155187445510027, 0.0074106364428945075, 0.011333914559721011, 0.020924149956408022, 0.03487358326068003, 0.04969485614646905, 0.0959023539668701, 0.10636442894507411, 0.14516129032258066, 0.14036617262423715, 0.12903225806451613, 0.07846556233653008, 0.08195292066259809, 0.03923278116826504, 0.018308631211857017, 0.018744551002615517, 0.0074106364428945075, 0.003051438535309503, 0.0052310374891020054, 0.0013077593722755014, 0.0, 0.0], [0.0, 0.0, 0.0, 0.0, 0.0010723860589812334, 0.0010723860589812334, 0.0037533512064343165, 0.009115281501340482, 0.015549597855227882, 0.031099195710455763, 0.06702412868632708, 0.0836461126005362, 0.1126005361930295, 0.1297587131367292, 0.1388739946380697, 0.10294906166219839, 0.12493297587131368, 0.06219839142091153, 0.06809651474530831, 0.017158176943699734, 0.012332439678284183, 0.010723860589812333, 0.0032171581769436996, 0.0016085790884718498, 0.002680965147453083, 0.0005361930294906167, 0.0, 0.0], [0.0, 0.0, 0.0, 0.0, 0.0, 0.0, 0.0, 0.0, 0.05, 0.15, 0.05, 0.15, 0.1, 0.05, 0.15, 0.05, 0.1, 0.05, 0.0, 0.05, 0.05, 0.0, 0.0, 0.0, 0.0, 0.0, 0.0, 0.0], [0.0, 0.000437636761487965, 0.0, 0.0, 0.000437636761487965, 0.0, 0.0006564551422319475, 0.0024070021881838076, 0.006345733041575492, 0.013566739606126914, 0.02735229759299781, 0.036542669584245076, 0.06914660831509847, 0.09518599562363239, 0.11269146608315099, 0.12647702407002187, 0.14463894967177243, 0.09409190371991247, 0.10459518599562363, 0.061925601750547045, 0.03457330415754924, 0.044420131291028446, 0.015098468271334792, 0.006345733041575492, 0.003063457330415755, 0.0, 0.0, 0.0], [0.0, 0.0, 0.0, 0.0012307692307692308, 0.0, 0.0, 0.003076923076923077, 0.0024615384615384616, 0.004923076923076923, 0.009846153846153846, 0.031384615384615386, 0.036307692307692305, 0.0756923076923077, 0.09046153846153847, 0.136, 0.13107692307692306, 0.1483076923076923, 0.09415384615384616, 0.10338461538461538, 0.036923076923076927, 0.031384615384615386, 0.028923076923076923, 0.015384615384615385, 0.0073846153846153844, 0.010461538461538461, 0.0012307692307692308, 0.0, 0.0], [0.0004035512510088781, 0.0, 0.0004035512510088781, 0.0012106537530266344, 0.0020177562550443904, 0.0036319612590799033, 0.004035512510088781, 0.0129136400322841, 0.01937046004842615, 0.035108958837772396, 0.07344632768361582, 0.0996771589991929, 0.12227602905569007, 0.14689265536723164, 0.12994350282485875, 0.10613397901533494, 0.0940274414850686, 0.046811945117029866, 0.053268765133171914, 0.020177562550443905, 0.01493139628732849, 0.008071025020177562, 0.00443906376109766, 0.0, 0.0008071025020177562, 0.0, 0.0, 0.0], [0.0, 0.0, 0.0, 0.0, 0.0, 0.0036363636363636364, 0.0, 0.0, 0.01090909090909091, 0.007272727272727273, 0.01090909090909091, 0.04363636363636364, 0.10545454545454545, 0.16, 0.18545454545454546, 0.12727272727272726, 0.17454545454545456, 0.10545454545454545, 0.03636363636363636, 0.025454545454545455, 0.0036363636363636364, 0.0, 0.0, 0.0, 0.0, 0.0, 0.0, 0.0], [0.0, 0.0, 0.00016315875346712352, 0.00016315875346712352, 0.00016315875346712352, 0.00016315875346712352, 0.0004894762604013706, 0.0014684287812041115, 0.005710556371349323, 0.012726382770435633, 0.023494860499265784, 0.0381791483113069, 0.06966878773046174, 0.09153206069505629, 0.13982705172132484, 0.13134279654103442, 0.15451133953336596, 0.09120574318812204, 0.12481644640234948, 0.047152879751998694, 0.018926415402186328, 0.029042258117147984, 0.008973731440691793, 0.004894762604013705, 0.004078968836678088, 0.0013052700277369881, 0.0, 0.0], [0.0, 0.00012603982858583313, 0.00025207965717166626, 0.0, 0.0003781194857574994, 0.0007562389715149988, 0.0006301991429291656, 0.0016385177716158306, 0.0023947567431308295, 0.01083942525838165, 0.018779934459289136, 0.04272750189059743, 0.08016133098058986, 0.12440131081421729, 0.1590622636753214, 0.15578522813208975, 0.15729770607511973, 0.0863372825812957, 0.08747164103856819, 0.03755986891857827, 0.017267456516259137, 0.010335265944038316, 0.004285354171918326, 0.0012603982858583312, 0.00025207965717166626, 0.0, 0.0, 0.0], [0.0, 0.0, 0.0004510599909788002, 0.0, 0.0, 0.0018042399639152007, 0.0013531799729364006, 0.0040595399188092015, 0.012178619756427604, 0.02029769959404601, 0.04330175913396482, 0.061795218764095626, 0.11050969778980604, 0.10915651781686965, 0.13712223725755526, 0.10419485791610285, 0.12764997744700046, 0.08389715832205684, 0.08299503834009923, 0.04194857916102842, 0.02165087956698241, 0.018944519621109608, 0.012629679747406405, 0.0031574199368516014, 0.0009021199819576004, 0.0, 0.0, 0.0], [0.0, 0.0, 0.0, 0.0, 0.0006058770069675856, 0.0, 0.0006058770069675856, 0.0009088155104513784, 0.004847016055740685, 0.007876401090578612, 0.020902756740381702, 0.02908209633444411, 0.0545289306270827, 0.08603453498939716, 0.11148136928203575, 0.12723417146319296, 0.1544986367767343, 0.08573159648591336, 0.13904877309906089, 0.059073008179339595, 0.03332323538321721, 0.03968494395637685, 0.023023326264768253, 0.009088155104513784, 0.008482278097546198, 0.003029385034837928, 0.0009088155104513784, 0.0], [0.0, 0.0010482180293501049, 0.0, 0.0, 0.0, 0.0041928721174004195, 0.005241090146750524, 0.013626834381551363, 0.0429769392033543, 0.05345911949685535, 0.07547169811320754, 0.09958071278825996, 0.09748427672955975, 0.13417190775681342, 0.11740041928721175, 0.09643605870020965, 0.0859538784067086, 0.05555555555555555, 0.06184486373165619, 0.025157232704402517, 0.013626834381551363, 0.013626834381551363, 0.0, 0.0010482180293501049, 0.0020964360587002098, 0.0, 0.0, 0.0], [0.0, 0.0, 0.0, 0.0, 0.0, 0.0, 0.008130081300813009, 0.044715447154471545, 0.044715447154471545, 0.07317073170731707, 0.11382113821138211, 0.0975609756097561, 0.06504065040650407, 0.12601626016260162, 0.13414634146341464, 0.10975609756097561, 0.06910569105691057, 0.04065040650406504, 0.04878048780487805, 0.016260162601626018, 0.0, 0.0040650406504065045, 0.0040650406504065045, 0.0, 0.0, 0.0, 0.0, 0.0], [0.0003158559696778269, 0.0, 0.0, 0.0, 0.0009475679090334807, 0.002526847757422615, 0.005685407454200884, 0.009791535060012634, 0.016740366392924828, 0.028427037271004423, 0.05022109917877448, 0.07770056854074542, 0.10928616550852811, 0.13234365129500947, 0.13771320277953253, 0.11907770056854075, 0.10454832596336071, 0.060960202147820594, 0.07075173720783323, 0.025584333543903978, 0.014529374605180037, 0.021162349968414405, 0.00505369551484523, 0.003474415666456096, 0.0015792798483891346, 0.0012634238787113076, 0.0003158559696778269, 0.0], [0.0, 0.0, 0.0, 0.0, 0.0, 0.001195457262402869, 0.002390914524805738, 0.002390914524805738, 0.007770472205618649, 0.019127316198445904, 0.026897788404064555, 0.041243275552898986, 0.07172743574417215, 0.0830842797369994, 0.1159593544530783, 0.12313209802749552, 0.1452480573819486, 0.08547519426180514, 0.1022115959354453, 0.04662283323371189, 0.03347280334728033, 0.041243275552898986, 0.023909145248057383, 0.010759115361625823, 0.01315002988643156, 0.002988643156007173, 0.0, 0.0], [0.0, 0.0, 0.0, 0.0, 0.0, 0.00043402777777777775, 0.0008680555555555555, 0.001736111111111111, 0.006510416666666667, 0.013888888888888888, 0.024739583333333332, 0.041666666666666664, 0.07118055555555555, 0.12065972222222222, 0.1401909722222222, 0.13020833333333334, 0.1410590277777778, 0.0798611111111111, 0.10199652777777778, 0.04600694444444445, 0.03125, 0.029513888888888888, 0.009548611111111112, 0.004774305555555556, 0.0026041666666666665, 0.0013020833333333333, 0.0, 0.0], [0.00024685262898049864, 0.0, 0.00024685262898049864, 0.0004937052579609973, 0.00024685262898049864, 0.003455936805726981, 0.0024685262898049864, 0.0054307578375709705, 0.010861515675141941, 0.022710441866205876, 0.04986423105406072, 0.06393483090594915, 0.10244384102690694, 0.12317946186126882, 0.1286102196988398, 0.1261416934090348, 0.1263885460380153, 0.08220192545050604, 0.06985929400148111, 0.03209084176746482, 0.022710441866205876, 0.015551715625771415, 0.008146136756356455, 0.0017279684028634905, 0.0009874105159219946, 0.0, 0.0, 0.0], [0.0, 0.0, 0.0, 0.0, 0.0007363770250368188, 0.0, 0.0, 0.0014727540500736377, 0.005891016200294551, 0.013254786450662739, 0.04344624447717231, 0.05375552282768778, 0.09646539027982327, 0.10677466863033873, 0.13549337260677466, 0.15243004418262152, 0.12223858615611193, 0.08026509572901326, 0.0743740795287187, 0.044182621502209134, 0.029455081001472753, 0.019882179675994108, 0.013254786450662739, 0.0022091310751104565, 0.003681885125184094, 0.0007363770250368188, 0.0, 0.0], [0.0, 0.0, 0.0, 0.0, 0.0, 0.0004789272030651341, 0.0014367816091954023, 0.0028735632183908046, 0.003352490421455939, 0.004789272030651341, 0.010057471264367816, 0.025383141762452106, 0.036877394636015325, 0.05938697318007663, 0.09051724137931035, 0.11302681992337164, 0.1489463601532567, 0.10201149425287356, 0.14511494252873564, 0.07902298850574713, 0.045019157088122604, 0.06992337164750957, 0.03065134099616858, 0.014367816091954023, 0.01293103448275862, 0.0038314176245210726, 0.0, 0.0], [0.0, 0.0, 0.0, 0.0, 0.00024271844660194174, 0.0, 0.0004854368932038835, 0.0031553398058252425, 0.003883495145631068, 0.01116504854368932, 0.02087378640776699, 0.044902912621359224, 0.07936893203883495, 0.1145631067961165, 0.14029126213592233, 0.12451456310679612, 0.12669902912621359, 0.08859223300970874, 0.10946601941747573, 0.04733009708737864, 0.028398058252427184, 0.03228155339805825, 0.016262135922330098, 0.002184466019417476, 0.005097087378640777, 0.00024271844660194174, 0.0, 0.0], [0.0, 0.0, 0.0001857700167193015, 0.0, 0.0, 0.0001857700167193015, 0.0005573100501579045, 0.0020434701839123167, 0.005015790451421141, 0.015604681404421327, 0.03139513282556195, 0.05684562511610626, 0.09660040869403679, 0.13208248188742336, 0.1584618242615642, 0.13728404235556382, 0.12855285156975665, 0.06780605610254505, 0.08805498792494891, 0.03158090284228125, 0.015790451421140626, 0.01857700167193015, 0.006873490618614156, 0.0033438603009474273, 0.001857700167193015, 0.0013003901170351106, 0.0, 0.0], [0.0, 0.0, 0.0, 0.0, 0.0, 0.0004342162396873643, 0.0010855405992184109, 0.0017368649587494573, 0.006513243595310464, 0.01107251411202779, 0.020842379504993486, 0.04211897524967434, 0.07251411202778985, 0.11571862787668259, 0.14329135909683022, 0.15414676508901434, 0.17086409031697786, 0.07533651758575771, 0.10551454624402953, 0.03148067737733391, 0.01801997394702562, 0.01997394702561876, 0.004776378636561007, 0.0026052974381241857, 0.0019539730785931393, 0.0, 0.0, 0.0], [0.0, 0.0, 0.0, 0.0, 0.0, 0.05, 0.05, 0.11666666666666667, 0.11666666666666667, 0.08333333333333333, 0.05, 0.03333333333333333, 0.08333333333333333, 0.06666666666666667, 0.08333333333333333, 0.1, 0.03333333333333333, 0.08333333333333333, 0.03333333333333333, 0.0, 0.016666666666666666, 0.0, 0.0, 0.0, 0.0, 0.0, 0.0, 0.0]]}, "ranks": {"labels": ["Unranked", "Combatatent I", "Combatatent II", "Challenger I", "Challenger II", "Rival I", "Rival II", "Duelist", "Elite"], "data": [[0.2714285714285714, 0.24285714285714285, 0.2, 0.2, 0.014285714285714285, 0.07142857142857142, 0.0, 0.0, 0.0], [0.08562019758507135, 0.12733260153677278, 0.2305159165751921, 0.2678375411635565, 0.15477497255762898, 0.08562019758507135, 0.021953896816684963, 0.026344676180021953, 0.0], [0.04024767801857585, 0.0846233230134159, 0.21001031991744065, 0.2631578947368421, 0.21620227038183695, 0.1217750257997936, 0.033539731682146544, 0.02889576883384933, 0.0015479876160990713], [0.054648054648054646, 0.08405108405108405, 0.18681318681318682, 0.25571725571725573, 0.2471042471042471, 0.1095931095931096, 0.031779031779031776, 0.02702702702702703, 0.003267003267003267], [0.2413793103448276, 0.20689655172413793, 0.10344827586206896, 0.0, 0.1724137931034483, 0.20689655172413793, 0.0, 0.06896551724137931, 0.0], [0.028866971373586722, 0.0656723598749098, 0.16790955015636277, 0.24392590810680778, 0.2441664662015877, 0.13182583593937935, 0.04883329324031754, 0.058696175126293, 0.010103439980755352], [0.08982456140350877, 0.14456140350877192, 0.24912280701754386, 0.23157894736842105, 0.1543859649122807, 0.05894736842105263, 0.021052631578947368, 0.04280701754385965, 0.0077192982456140355], [0.4819277108433735, 0.21686746987951808, 0.1686746987951807, 0.07228915662650602, 0.04819277108433735, 0.012048192771084338, 0.0, 0.0, 0.0], [0.12424547283702213, 0.17555331991951711, 0.24924547283702214, 0.2012072434607646, 0.12223340040241448, 0.06262575452716297, 0.031438631790744465, 0.031438631790744465, 0.002012072434607646], [0.05382775119617225, 0.09629186602870814, 0.2021531100478469, 0.26016746411483255, 0.23026315789473684, 0.09808612440191387, 0.023923444976076555, 0.03289473684210526, 0.0023923444976076554], [0.09607156748346947, 0.17230649552703228, 0.25243096071567483, 0.23064955270322832, 0.13574484636328277, 0.06339945546479969, 0.024115130299494362, 0.022559315441462467, 0.0027226760015558148], [0.04701567189063021, 0.09436478826275425, 0.17939313104368124, 0.2644214738246082, 0.2324108036012004, 0.11603867955985328, 0.028342780926975657, 0.03434478159386462, 0.003667889296432144], [0.07912638739706408, 0.15574650912996776, 0.23487289652703186, 0.25921947726459005, 0.15932688865019692, 0.06838524883637666, 0.022914428929466525, 0.01790189760114572, 0.002506265664160401], [0.010655301012253596, 0.05647309536494406, 0.14544485881726157, 0.25732551944592436, 0.2770378263185935, 0.15183803942461374, 0.04581779435269046, 0.0500799147575919, 0.005327650506126798], [0.07883817427385892, 0.16390041493775934, 0.23029045643153526, 0.1908713692946058, 0.17842323651452283, 0.07676348547717843, 0.03941908713692946, 0.029045643153526972, 0.012448132780082987], [0.044899738448125545, 0.08456843940714909, 0.2022667829119442, 0.2855274629468178, 0.2074978204010462, 0.1037489102005231, 0.03574542284219703, 0.02920662598081953, 0.006538796861377506], [0.06166219839142091, 0.15067024128686327, 0.24235924932975872, 0.2418230563002681, 0.1871313672922252, 0.07935656836461126, 0.018230563002680965, 0.015549597855227882, 0.0032171581769436996], [0.2, 0.2, 0.15, 0.2, 0.15, 0.05, 0.05, 0.0, 0.0], [0.02385120350109409, 0.06389496717724288, 0.16433260393873086, 0.23916849015317287, 0.2387308533916849, 0.1402625820568928, 0.060831509846827135, 0.06586433260393873, 0.003063457330415755], [0.021538461538461538, 0.06769230769230769, 0.16615384615384615, 0.2670769230769231, 0.24246153846153845, 0.1286153846153846, 0.043076923076923075, 0.05169230769230769, 0.011692307692307693], [0.07909604519774012, 0.17312348668280872, 0.2691686844229217, 0.2360774818401937, 0.14083938660209847, 0.06497175141242938, 0.023405972558514933, 0.012510088781275222, 0.0008071025020177562], [0.02181818181818182, 0.05454545454545454, 0.26545454545454544, 0.31272727272727274, 0.28, 0.05454545454545454, 0.01090909090909091, 0.0, 0.0], [0.021047479197258932, 0.06167400881057269, 0.16120084842551802, 0.2711698482623593, 0.245717082721488, 0.14814814814814814, 0.04274759340838636, 0.042910752161853485, 0.0053842388644150755], [0.01701537685908747, 0.06150743634988656, 0.20456264179480715, 0.3148474918074111, 0.24363498865641542, 0.10978069069826064, 0.03251827577514495, 0.015881018401814974, 0.00025207965717166626], [0.040144339197113216, 0.10509697789806044, 0.21966621560667568, 0.2413170951736581, 0.2115471357690573, 0.10690121786197564, 0.03969327920613441, 0.03473161930536761, 0.0009021199819576004], [0.014843986670705847, 0.04998485307482581, 0.14056346561647987, 0.23871554074522872, 0.24023023326264767, 0.16964556195092395, 0.06179945471069373, 0.07179642532565889, 0.012420478642835504], [0.12054507337526206, 0.1750524109014675, 0.23165618448637318, 0.2138364779874214, 0.14150943396226415, 0.07547169811320754, 0.025157232704402517, 0.014675052410901468, 0.0020964360587002098], [0.17073170731707318, 0.21138211382113822, 0.1910569105691057, 0.24390243902439024, 0.10975609756097561, 0.06097560975609756, 0.0040650406504065045, 0.008130081300813009, 0.0], [0.06443461781427669, 0.1279216677195199, 0.2416298168035376, 0.25679090334807325, 0.1655085281111813, 0.08464939987365762, 0.026216045483259634, 0.02969046114971573, 0.003158559696778269], [0.0328750747160789, 0.06814106395696354, 0.15481171548117154, 0.2390914524805738, 0.23072325164375374, 0.12552301255230125, 0.05678421996413628, 0.07591153616258219, 0.016138673042438732], [0.0234375, 0.06640625, 0.1918402777777778, 0.2703993055555556, 0.2209201388888889, 0.13194444444444445, 0.047309027777777776, 0.04383680555555555, 0.00390625], [0.04616144161935325, 0.11379906196000987, 0.22562330288817575, 0.2547519131078746, 0.20859047148852136, 0.08812638854603802, 0.0365341890891138, 0.025425820784991362, 0.0009874105159219946], [0.021354933726067747, 0.09720176730486009, 0.203240058910162, 0.28792341678939615, 0.2025036818851252, 0.09941089837997054, 0.048600883652430045, 0.035346097201767304, 0.004418262150220913], [0.01293103448275862, 0.035440613026819924, 0.09626436781609195, 0.203544061302682, 0.2509578544061303, 0.1925287356321839, 0.07662835249042145, 0.11494252873563218, 0.016762452107279693], [0.018932038834951457, 0.06577669902912621, 0.19393203883495147, 0.26480582524271845, 0.21529126213592234, 0.1378640776699029, 0.04733009708737864, 0.050728155339805826, 0.005339805825242718], [0.023592792123351292, 0.08824075794166822, 0.22868289058146016, 0.295745866617128, 0.19635890767230169, 0.10570313951328256, 0.02972320267508824, 0.028794352591491733, 0.0031580902842281255], [0.020842379504993486, 0.06296135475466783, 0.18823273990447242, 0.29743812418584453, 0.24620060790273557, 0.12440295267042988, 0.030612244897959183, 0.02735562310030395, 0.0019539730785931393], [0.4166666666666667, 0.08333333333333333, 0.15, 0.18333333333333332, 0.11666666666666667, 0.03333333333333333, 0.016666666666666666, 0.0, 0.0]]}, "ranksDetailed": {"labels": ["Unranked", "Combatatant", "Challenger", "Rival", "Duelist", "Elite"], "data": [[0.2714285714285714, 0.44285714285714284, 0.21428571428571427, 0.07142857142857142, 0.0, 0.0], [0.08562019758507135, 0.3578485181119649, 0.4226125137211855, 0.10757409440175632, 0.026344676180021953, 0.0], [0.04024767801857585, 0.29463364293085653, 0.47936016511867907, 0.15531475748194015, 0.02889576883384933, 0.0015479876160990713], [0.054648054648054646, 0.27086427086427084, 0.5028215028215028, 0.14137214137214138, 0.02702702702702703, 0.003267003267003267], [0.2413793103448276, 0.3103448275862069, 0.1724137931034483, 0.20689655172413793, 0.06896551724137931, 0.0], [0.028866971373586722, 0.23358191003127254, 0.48809237430839547, 0.1806591291796969, 0.058696175126293, 0.010103439980755352], [0.08982456140350877, 0.3936842105263158, 0.38596491228070173, 0.08, 0.04280701754385965, 0.0077192982456140355], [0.4819277108433735, 0.3855421686746988, 0.12048192771084337, 0.012048192771084338, 0.0, 0.0], [0.12424547283702213, 0.42479879275653926, 0.32344064386317906, 0.09406438631790745, 0.031438631790744465, 0.002012072434607646], [0.05382775119617225, 0.298444976076555, 0.4904306220095694, 0.12200956937799043, 0.03289473684210526, 0.0023923444976076554], [0.09607156748346947, 0.42473745624270715, 0.3663943990665111, 0.08751458576429405, 0.022559315441462467, 0.0027226760015558148], [0.04701567189063021, 0.2737579193064355, 0.4968322774258086, 0.14438146048682896, 0.03434478159386462, 0.003667889296432144], [0.07912638739706408, 0.39061940565699965, 0.41854636591478694, 0.09129967776584318, 0.01790189760114572, 0.002506265664160401], [0.010655301012253596, 0.20191795418220565, 0.5343633457645178, 0.1976558337773042, 0.0500799147575919, 0.005327650506126798], [0.07883817427385892, 0.3941908713692946, 0.36929460580912865, 0.11618257261410789, 0.029045643153526972, 0.012448132780082987], [0.044899738448125545, 0.2868352223190933, 0.493025283347864, 0.13949433304272013, 0.02920662598081953, 0.006538796861377506], [0.06166219839142091, 0.39302949061662196, 0.4289544235924933, 0.09758713136729223, 0.015549597855227882, 0.0032171581769436996], [0.2, 0.35, 0.35, 0.1, 0.0, 0.0], [0.02385120350109409, 0.22822757111597375, 0.47789934354485775, 0.2010940919037199, 0.06586433260393873, 0.003063457330415755], [0.021538461538461538, 0.23384615384615384, 0.5095384615384615, 0.1716923076923077, 0.05169230769230769, 0.011692307692307693], [0.07909604519774012, 0.44229217110573044, 0.37691686844229216, 0.08837772397094432, 0.012510088781275222, 0.0008071025020177562], [0.02181818181818182, 0.32, 0.5927272727272728, 0.06545454545454546, 0.0, 0.0], [0.021047479197258932, 0.2228748572360907, 0.5168869309838473, 0.19089574155653452, 0.042910752161853485, 0.0053842388644150755], [0.01701537685908747, 0.26607007814469374, 0.5584824804638265, 0.1422989664734056, 0.015881018401814974, 0.00025207965717166626], [0.040144339197113216, 0.32476319350473615, 0.4528642309427154, 0.14659449706811006, 0.03473161930536761, 0.0009021199819576004], [0.014843986670705847, 0.19054831869130567, 0.4789457740078764, 0.23144501666161768, 0.07179642532565889, 0.012420478642835504], [0.12054507337526206, 0.40670859538784065, 0.3553459119496855, 0.10062893081761007, 0.014675052410901468, 0.0020964360587002098], [0.17073170731707318, 0.4024390243902439, 0.35365853658536583, 0.06504065040650407, 0.008130081300813009, 0.0], [0.06443461781427669, 0.36955148452305747, 0.4222994314592546, 0.11086544535691725, 0.02969046114971573, 0.003158559696778269], [0.0328750747160789, 0.22295277943813507, 0.4698147041243276, 0.18230723251643755, 0.07591153616258219, 0.016138673042438732], [0.0234375, 0.2582465277777778, 0.4913194444444444, 0.1792534722222222, 0.04383680555555555, 0.00390625], [0.04616144161935325, 0.3394223648481856, 0.46334238459639593, 0.12466057763515181, 0.025425820784991362, 0.0009874105159219946], [0.021354933726067747, 0.3004418262150221, 0.49042709867452133, 0.1480117820324006, 0.035346097201767304, 0.004418262150220913], [0.01293103448275862, 0.13170498084291188, 0.45450191570881227, 0.26915708812260536, 0.11494252873563218, 0.016762452107279693], [0.018932038834951457, 0.25970873786407767, 0.48009708737864076, 0.18519417475728156, 0.050728155339805826, 0.005339805825242718], [0.023592792123351292, 0.3169236485231284, 0.49210477428942967, 0.1354263421883708, 0.028794352591491733, 0.0031580902842281255], [0.020842379504993486, 0.2511940946591403, 0.5436387320885802, 0.15501519756838905, 0.02735562310030395, 0.0019539730785931393], [0.4166666666666667, 0.23333333333333334, 0.3, 0.05, 0.0, 0.0]]}}}, "eu": {"histType": {"histogram": {"labels": ["0", "100", "200", "300", "400", "500", "600", "700", "800", "900", "1000", "1100", "1200", "1300", "1400", "1500", "1600", "1700", "1800", "1900", "2000", "2100", "2200", "2300", "2400", "2500", "2600", "2700"], "data": [[0.0, 0.0, 0.0, 0.0, 0.0, 0.01694915254237288, 0.05084745762711865, 0.06779661016949153, 0.06779661016949153, 0.0847457627118644, 0.11864406779661017, 0.15254237288135594, 0.06779661016949153, 0.1016949152542373, 0.0847457627118644, 0.05084745762711865, 0.06779661016949153, 0.01694915254237288, 0.0, 0.03389830508474576, 0.01694915254237288, 0.0, 0.0, 0.0, 0.0, 0.0, 0.0, 0.0], [0.001160092807424594, 0.0, 0.0, 0.0, 0.002320185614849188, 0.002320185614849188, 0.00580046403712297, 0.008120649651972157, 0.029002320185614848, 0.04060324825986079, 0.060324825986078884, 0.09860788863109049, 0.12645011600928074, 0.12761020881670534, 0.14501160092807425, 0.10788863109048724, 0.09744779582366589, 0.03944315545243619, 0.05568445475638051, 0.02088167053364269, 0.010440835266821345, 0.019721577726218097, 0.001160092807424594, 0.0, 0.0, 0.0, 0.0, 0.0], [0.0, 0.0, 0.0, 0.0, 0.002335084646818447, 0.0011675423234092236, 0.0011675423234092236, 0.008172796263864565, 0.013426736719206071, 0.02568593111500292, 0.046701692936368944, 0.05487448920023351, 0.09223584354932866, 0.10741389375364857, 0.15119673088149446, 0.1336835960303561, 0.13776999416228838, 0.07413893753648569, 0.08289550496205488, 0.023934617629889084, 0.017513134851138354, 0.018680677174547577, 0.004670169293636894, 0.002335084646818447, 0.0, 0.0, 0.0, 0.0], [0.0, 0.0, 0.0, 0.0, 0.0, 0.00026232948583420777, 0.00236096537250787, 0.009181532004197272, 0.012067156348373556, 0.019150052465897165, 0.041710388247639035, 0.05299055613850997, 0.07974816369359916, 0.10519412381951732, 0.13378803777544596, 0.1322140608604407, 0.1453305351521511, 0.094700944386149, 0.09050367261280168, 0.035939139559286466, 0.01626442812172088, 0.016789087093389297, 0.005771248688352571, 0.0026232948583420775, 0.0018363064008394543, 0.0013116474291710388, 0.00026232948583420777, 0.0], [0.0, 0.0, 0.0, 0.0, 0.030303030303030304, 0.0, 0.06060606060606061, 0.12121212121212122, 0.06060606060606061, 0.030303030303030304, 0.15151515151515152, 0.15151515151515152, 0.0, 0.06060606060606061, 0.06060606060606061, 0.06060606060606061, 0.06060606060606061, 0.030303030303030304, 0.030303030303030304, 0.06060606060606061, 0.0, 0.0, 0.030303030303030304, 0.0, 0.0, 0.0, 0.0, 0.0], [0.0, 0.00023353573096683791, 0.00023353573096683791, 0.0, 0.00046707146193367583, 0.00046707146193367583, 0.00046707146193367583, 0.004437178888369921, 0.0067725361980383, 0.013778608127043438, 0.022185894441849603, 0.038766931340495095, 0.06539000467071462, 0.10042036431574031, 0.12540868752919196, 0.10789350770667912, 0.1335824381130313, 0.08570761326482952, 0.11489957963568426, 0.06071929005137786, 0.03596450256889304, 0.04156936011209715, 0.018916394208313873, 0.009808500700607193, 0.007006071929005138, 0.003503035964502569, 0.0014012143858010276, 0.0], [0.0, 0.0006246096189881324, 0.0012492192379762648, 0.0006246096189881324, 0.0006246096189881324, 0.004996876951905059, 0.0037476577139287947, 0.01311680199875078, 0.03622735790131168, 0.038101186758276076, 0.06870705808869457, 0.08182386008744534, 0.11055590256089944, 0.12242348532167395, 0.10680824484697064, 0.09431605246720799, 0.0924422236102436, 0.05371642723297939, 0.05746408494690818, 0.03123048094940662, 0.016239850093691444, 0.03185509056839475, 0.014366021236727046, 0.006870705808869456, 0.004372267332916927, 0.004996876951905059, 0.0024984384759525295, 0.0], [0.0, 0.0, 0.0, 0.0, 0.0, 0.02040816326530612, 0.0, 0.1836734693877551, 0.061224489795918366, 0.04081632653061224, 0.1836734693877551, 0.10204081632653061, 0.08163265306122448, 0.12244897959183673, 0.02040816326530612, 0.14285714285714285, 0.04081632653061224, 0.0, 0.0, 0.0, 0.0, 0.0, 0.0, 0.0, 0.0, 0.0, 0.0, 0.0], [0.0004937052579609973, 0.00024685262898049864, 0.0009874105159219946, 0.0009874105159219946, 0.0007405578869414959, 0.0017279684028634905, 0.00740557886941496, 0.017526536657615402, 0.03283139965440632, 0.05751666255245618, 0.08664527277215503, 0.09849419896321895, 0.1278696618118983, 0.11231794618612688, 0.10417180942977043, 0.08590471488521352, 0.07504319921007159, 0.050851641569982724, 0.04838311528017773, 0.030116020735620835, 0.022463589237225377, 0.019007652431498396, 0.009874105159219946, 0.004937052579609973, 0.0032090841767464825, 0.00024685262898049864, 0.0, 0.0], [0.0, 0.0, 0.0, 0.0, 0.0015408320493066256, 0.0007704160246533128, 0.0015408320493066256, 0.004622496147919877, 0.011556240369799691, 0.023882896764252697, 0.04930662557781202, 0.05855161787365177, 0.08243451463790447, 0.11633281972265024, 0.15254237288135594, 0.1147919876733436, 0.14021571648690292, 0.06702619414483821, 0.08859784283513097, 0.031587057010785825, 0.01848998459167951, 0.01848998459167951, 0.011556240369799691, 0.0030816640986132513, 0.0030816640986132513, 0.0, 0.0, 0.0], [0.0004861448711716091, 0.0, 0.0, 0.0, 0.0014584346135148275, 0.003403014098201264, 0.004861448711716091, 0.012153621779290228, 0.02819640252795333, 0.0481283422459893, 0.07049100631988332, 0.10014584346135148, 0.12153621779290229, 0.11716091395235781, 0.11229946524064172, 0.095770539620807, 0.08215848322800194, 0.058823529411764705, 0.06174039863879436, 0.024307243558580455, 0.01798736023334954, 0.022848808945065628, 0.008264462809917356, 0.003889158969372873, 0.002916869227029655, 0.0009722897423432182, 0.0, 0.0], [0.0, 0.0, 0.0, 0.000357653791130186, 0.000357653791130186, 0.000715307582260372, 0.00178826895565093, 0.00536480686695279, 0.015379113018597998, 0.027181688125894134, 0.03648068669527897, 0.05329041487839771, 0.08941344778254649, 0.09871244635193133, 0.12124463519313304, 0.12124463519313304, 0.13698140200286124, 0.0944206008583691, 0.09835479256080114, 0.03934191702432046, 0.023247496423462088, 0.022174535050071532, 0.0075107296137339056, 0.002145922746781116, 0.003934191702432046, 0.000357653791130186, 0.0, 0.0], [0.0, 0.0, 0.0, 0.0009225092250922509, 0.00046125461254612545, 0.0009225092250922509, 0.0018450184501845018, 0.013837638376383764, 0.025830258302583026, 0.03643911439114391, 0.07472324723247233, 0.08440959409594095, 0.11577490774907749, 0.13560885608856088, 0.13099630996309963, 0.10193726937269372, 0.10285977859778597, 0.05581180811808118, 0.05350553505535055, 0.023985239852398525, 0.016605166051660517, 0.011531365313653136, 0.006457564575645757, 0.0018450184501845018, 0.0023062730627306273, 0.0013837638376383763, 0.0, 0.0], [0.0, 0.0, 0.0, 0.0, 0.0, 0.0, 0.0004889975550122249, 0.0019559902200488996, 0.004889975550122249, 0.010757946210268949, 0.018092909535452322, 0.03129584352078239, 0.06552567237163814, 0.0938875305623472, 0.12469437652811736, 0.13447432762836187, 0.160880195599022, 0.11246943765281174, 0.0958435207823961, 0.05574572127139364, 0.02982885085574572, 0.037163814180929094, 0.012713936430317848, 0.004400977995110024, 0.0034229828850855745, 0.001466992665036675, 0.0, 0.0], [0.0, 0.0, 0.0, 0.0, 0.0, 0.0024630541871921183, 0.0049261083743842365, 0.019704433497536946, 0.022167487684729065, 0.046798029556650245, 0.0665024630541872, 0.07389162561576355, 0.08866995073891626, 0.12807881773399016, 0.12315270935960591, 0.08374384236453201, 0.09852216748768473, 0.08620689655172414, 0.07142857142857142, 0.027093596059113302, 0.012315270935960592, 0.012315270935960592, 0.017241379310344827, 0.0049261083743842365, 0.009852216748768473, 0.0, 0.0, 0.0], [0.0, 0.0, 0.0, 0.0, 0.00042498937526561835, 0.0008499787505312367, 0.003824904377390565, 0.00764980875478113, 0.012324691882702932, 0.019549511262218443, 0.033999150021249466, 0.05992350191245219, 0.0743731406714832, 0.1249468763280918, 0.1342966425839354, 0.11687207819804504, 0.13259668508287292, 0.08032299192520187, 0.0786230344241394, 0.04334891627709307, 0.024224394390140246, 0.024649383765405864, 0.011049723756906077, 0.006799830004249894, 0.0055248618784530384, 0.0025499362515937103, 0.0012749681257968552, 0.0], [0.0, 0.0, 0.0, 0.0004940711462450593, 0.0, 0.0004940711462450593, 0.004940711462450593, 0.011363636363636364, 0.017786561264822136, 0.03409090909090909, 0.06373517786561265, 0.08992094861660078, 0.09782608695652174, 0.12154150197628459, 0.1324110671936759, 0.11561264822134387, 0.10573122529644269, 0.06472332015810277, 0.07114624505928854, 0.023715415019762844, 0.017292490118577076, 0.011857707509881422, 0.00691699604743083, 0.005928853754940711, 0.0024703557312252965, 0.0, 0.0, 0.0], [0.0, 0.0, 0.0, 0.0, 0.0, 0.0, 0.0, 0.0625, 0.0, 0.125, 0.0, 0.0625, 0.1875, 0.0625, 0.1875, 0.125, 0.125, 0.0, 0.0625, 0.0, 0.0, 0.0, 0.0, 0.0, 0.0, 0.0, 0.0, 0.0], [0.0, 0.0, 0.00022768670309653916, 0.0, 0.00022768670309653916, 0.00022768670309653916, 0.001138433515482696, 0.0025045537340619307, 0.007058287795992714, 0.01343351548269581, 0.023224043715846996, 0.03961748633879782, 0.06238615664845173, 0.09403460837887068, 0.11498178506375227, 0.12067395264116576, 0.14093806921675775, 0.09836065573770492, 0.10405282331511839, 0.056466302367941715, 0.0471311475409836, 0.04895264116575592, 0.015255009107468125, 0.005236794171220401, 0.0036429872495446266, 0.00022768670309653916, 0.0, 0.0], [0.0, 0.0006035003017501509, 0.0, 0.0, 0.0, 0.0, 0.0012070006035003018, 0.0024140012070006035, 0.006035003017501509, 0.01931200965600483, 0.018105009052504527, 0.04103802051901026, 0.06940253470126735, 0.1019915509957755, 0.11466505733252867, 0.12432106216053108, 0.14725407362703682, 0.09354254677127338, 0.10621605310802655, 0.05914302957151479, 0.028364514182257092, 0.0331925165962583, 0.01388050694025347, 0.00724200362100181, 0.008449004224502113, 0.003621001810500905, 0.0, 0.0], [0.0, 0.0, 0.0, 0.00087527352297593, 0.0, 0.00087527352297593, 0.003063457330415755, 0.009190371991247264, 0.022757111597374178, 0.052954048140043765, 0.06433260393873086, 0.10897155361050329, 0.1435448577680525, 0.13260393873085338, 0.12691466083150985, 0.09715536105032822, 0.10328227571115974, 0.0485776805251641