{"region": {"us": {"histType": {"histogram": {"labels": ["0", "100", "200", "300", "400", "500", "600", "700", "800", "900", "1000", "1100", "1200", "1300", "1400", "1500", "1600", "1700", "1800", "1900", "2000", "2100", "2200", "2300", "2400", "2500", "2600", "2700", "2800", "2900", "3000", "3100", "3200"], "data": [[0.0, 0.0, 0.004651162790697674, 0.004651162790697674, 0.004651162790697674, 0.0069767441860465115, 0.020930232558139535, 0.01627906976744186, 0.044186046511627906, 0.046511627906976744, 0.08372093023255814, 0.10697674418604651, 0.12093023255813953, 0.1186046511627907, 0.11395348837209303, 0.09302325581395349, 0.07209302325581396, 0.04186046511627907, 0.027906976744186046, 0.03953488372093023, 0.011627906976744186, 0.0069767441860465115, 0.0069767441860465115, 0.0, 0.0069767441860465115, 0.0, 0.0, 0.0, 0.0, 0.0, 0.0, 0.0, 0.0], [0.0, 0.00031259768677711783, 0.0, 0.00031259768677711783, 0.0006251953735542357, 0.0015629884338855893, 0.004688965301656768, 0.008127539856205065, 0.011253516723976243, 0.027195998749609252, 0.036573929352922786, 0.05376680212566427, 0.08252578930915912, 0.09034073147858705, 0.12222569552985307, 0.13472960300093778, 0.14942169427946234, 0.08596436386370741, 0.1122225695529853, 0.03907471084713973, 0.01562988433885589, 0.009377930603313536, 0.005626758361988122, 0.001875586120662707, 0.002813379180994061, 0.00031259768677711783, 0.001875586120662707, 0.0012503907471084713, 0.00031259768677711783, 0.0, 0.0, 0.0, 0.0], [0.00011186933661483388, 0.0, 0.0, 0.00022373867322966775, 0.00022373867322966775, 0.00022373867322966775, 0.00022373867322966775, 0.0005593466830741693, 0.002684864078756013, 0.0032442107618301822, 0.005257858820897192, 0.007830853563038372, 0.012081888354402059, 0.01935339523436626, 0.025953686094641458, 0.039937353171495694, 0.20259536860946414, 0.13368385725472648, 0.301040384830518, 0.08132900771898423, 0.047432598724689565, 0.057612708356639446, 0.019689003244210763, 0.009397024275646046, 0.019241525897751428, 0.00548159749412686, 0.0027967334153708467, 0.0012305627027631727, 0.00011186933661483388, 0.0004474773464593355, 0.0, 0.0, 0.0], [0.0, 0.0, 0.0, 0.0, 0.00010704345964461572, 0.00010704345964461572, 0.00074930421751231, 0.001819738813958467, 0.00449582530507386, 0.007707129094412331, 0.011346606722329266, 0.013808606294155427, 0.02526225647612931, 0.03093555983729394, 0.04463712267180475, 0.05512738171697709, 0.13605223720830656, 0.14900449582530506, 0.2637550845643331, 0.09633911368015415, 0.056090772853778635, 0.05705416399058018, 0.020338257332476985, 0.007064868336544637, 0.011881824020552344, 0.0032113037893384713, 0.0024619995718261614, 0.0006422607578676942, 0.0, 0.0, 0.0, 0.0, 0.0], [0.0, 0.0, 0.0, 0.0, 0.00684931506849315, 0.00684931506849315, 0.02054794520547945, 0.03424657534246575, 0.06164383561643835, 0.0547945205479452, 0.06164383561643835, 0.08904109589041095, 0.0958904109589041, 0.136986301369863, 0.08904109589041095, 0.0958904109589041, 0.04794520547945205, 0.03424657534246575, 0.07534246575342465, 0.04794520547945205, 0.0136986301369863, 0.02054794520547945, 0.00684931506849315, 0.0, 0.0, 0.0, 0.0, 0.0, 0.0, 0.0, 0.0, 0.0, 0.0], [0.0, 0.0, 0.0, 0.0, 0.0, 0.0, 0.0, 0.0026971625849606215, 0.005502211673319667, 0.011759628870428309, 0.020498435645700724, 0.030531880461754233, 0.05361959218901716, 0.08350415363038084, 0.10821016290862014, 0.13054266911209408, 0.16269284712482468, 0.09558744201100443, 0.13377926421404682, 0.0546984572230014, 0.030531880461754233, 0.03657352465206603, 0.01553565648937318, 0.006041644190311792, 0.011004423346639335, 0.003236595101952746, 0.0019419570611716474, 0.0008630920271873989, 0.00043154601359369945, 0.00010788650339842486, 0.00010788650339842486, 0.0, 0.0], [0.0, 0.00023596035865974517, 0.00023596035865974517, 0.0023596035865974517, 0.0016517225106182161, 0.0033034450212364322, 0.00684285040113261, 0.013449740443605473, 0.021708352996696555, 0.03563001415762152, 0.04978763567720623, 0.06677678150070789, 0.09603586597451629, 0.10901368570080226, 0.11302501179801794, 0.12553091080698442, 0.1196319018404908, 0.06819254365266635, 0.07550731477111845, 0.027135441245870695, 0.017225106182161398, 0.017225106182161398, 0.010382255781028787, 0.004719207173194903, 0.006370929683813119, 0.003067484662576687, 0.002831524303916942, 0.0009438414346389807, 0.00047192071731949034, 0.00023596035865974517, 0.00047192071731949034, 0.0, 0.0], [0.003105590062111801, 0.0, 0.0, 0.006211180124223602, 0.009316770186335404, 0.021739130434782608, 0.012422360248447204, 0.037267080745341616, 0.059006211180124224, 0.09627329192546584, 0.11180124223602485, 0.13043478260869565, 0.11490683229813664, 0.09937888198757763, 0.07763975155279502, 0.062111801242236024, 0.052795031055900624, 0.021739130434782608, 0.027950310559006212, 0.040372670807453416, 0.003105590062111801, 0.003105590062111801, 0.003105590062111801, 0.006211180124223602, 0.0, 0.0, 0.0, 0.0, 0.0, 0.0, 0.0, 0.0, 0.0], [0.00029291154071470416, 0.00019527436047646945, 0.0004881859011911736, 0.00029291154071470416, 0.0004881859011911736, 0.0012692833430970514, 0.0014645577035735209, 0.004198398750244093, 0.007713337238820543, 0.01611013473930873, 0.02606912712360867, 0.03495411052528803, 0.04266744776410857, 0.049502050380785, 0.1175551650068346, 0.15895332942784612, 0.15836750634641672, 0.10330013669205233, 0.11355204061706697, 0.05243116578793205, 0.03427065026362039, 0.030267525873852764, 0.017477055262644016, 0.009861355204061707, 0.011618824448349932, 0.003807850029291154, 0.0018551064245264596, 0.0003905487209529389, 0.0005858230814294083, 0.0, 0.0, 0.0, 0.0], [0.0, 0.0, 0.0, 0.0, 0.0007908264136022143, 0.00039541320680110717, 0.0011862396204033216, 0.0011862396204033216, 0.0019770660340055358, 0.007512850929221036, 0.011862396204033215, 0.014234875444839857, 0.021352313167259787, 0.03519177540529854, 0.05693950177935943, 0.07552392249901146, 0.09845788849347568, 0.088572558323448, 0.17872676947410043, 0.07077896401739818, 0.07908264136022143, 0.10003954132068012, 0.04586793198892843, 0.018584420719652037, 0.051008303677342826, 0.015816528272044286, 0.011071569790431, 0.009489916963226572, 0.00276789244760775, 0.0015816528272044287, 0.0, 0.0, 0.0], [0.0, 0.0, 0.0002421893921046258, 0.0, 0.001210946960523129, 0.0007265681763138775, 0.0021797045289416324, 0.0033906514894647614, 0.010171954468394284, 0.018648583192056187, 0.026156454347299588, 0.03584403003148462, 0.06078953741826108, 0.07628965851295713, 0.10002421893921046, 0.12811818842334705, 0.1511261806732865, 0.09227415839186244, 0.13756357471542746, 0.05037539355776217, 0.03584403003148462, 0.033179946718333735, 0.011382901428917413, 0.008476628723661903, 0.009445386292080407, 0.0031484620973601355, 0.002664083313150884, 0.0002421893921046258, 0.0004843787842092516, 0.0, 0.0, 0.0, 0.0], [0.0, 0.0, 0.001007725898555593, 0.001007725898555593, 0.0013436345314074571, 0.0030231776956667787, 0.006886126973463218, 0.011420893516963387, 0.020490426603963722, 0.03644608666442727, 0.06298286865972455, 0.07641921397379912, 0.10883439704400404, 0.11790393013100436, 0.133691635875042, 0.1222707423580786, 0.11202552905609674, 0.05794423916694659, 0.061975142761168965, 0.025361101780315753, 0.014276116896204233, 0.011588847833389319, 0.006214309707759489, 0.003359086328518643, 0.002015451797111186, 0.0015115888478333893, 0.0, 0.0, 0.0, 0.0, 0.0, 0.0, 0.0], [0.0, 0.0, 0.0, 0.0, 0.00012233912405187178, 0.0004893564962074871, 0.0019574259848299485, 0.0019574259848299485, 0.004648886713971128, 0.005749938830437974, 0.013946660141913383, 0.02128700758502569, 0.028627355028138, 0.07034499632982628, 0.13383900171274773, 0.13885490579887447, 0.17433325177391729, 0.11634450697333007, 0.14888671397112796, 0.04918032786885246, 0.02728162466356741, 0.029728407144604844, 0.013212625397602153, 0.0064839735747492045, 0.00819672131147541, 0.0025691216050893074, 0.0013457303645705897, 0.00012233912405187178, 0.0004893564962074871, 0.0, 0.0, 0.0, 0.0], [0.0002087029114056141, 0.0, 0.0, 0.00010435145570280705, 0.00010435145570280705, 0.00031305436710842114, 0.0013565689241364918, 0.004695815506626317, 0.00991338829176667, 0.02055723677345299, 0.03380987164770949, 0.046540749243451945, 0.06981112386517792, 0.09276844411979547, 0.10769070228529688, 0.11812584785557759, 0.1418136283001148, 0.0932902013983095, 0.11718668475425233, 0.049358238547427734, 0.029531461963894397, 0.03130543671084211, 0.010748199937389126, 0.005530627152248774, 0.007408953354899301, 0.0032348951267870186, 0.002191380569758948, 0.0007304601899196494, 0.0008348116456224564, 0.0007304601899196494, 0.00010435145570280705, 0.0, 0.0], [0.0, 0.0, 0.0, 0.0, 0.0004415011037527594, 0.0002207505518763797, 0.0011037527593818985, 0.0015452538631346578, 0.0041942604856512146, 0.00728476821192053, 0.014790286975717439, 0.027373068432671083, 0.04944812362030905, 0.0706401766004415, 0.0988962472406181, 0.11721854304635762, 0.16247240618101547, 0.11677704194260485, 0.147682119205298, 0.06688741721854305, 0.03995584988962472, 0.03554083885209713, 0.016114790286975718, 0.005739514348785872, 0.009933774834437087, 0.0030905077262693157, 0.0011037527593818985, 0.0006622516556291391, 0.0, 0.0008830022075055188, 0.0, 0.0, 0.0], [0.0, 0.0, 0.0, 0.0003266906239790918, 0.0013067624959163672, 0.001633453119895459, 0.0022868343678536427, 0.00555374060764456, 0.01110748121528912, 0.02025481868670369, 0.03201568114995099, 0.045083306109114665, 0.0721986278993793, 0.08559294348252205, 0.09768049656974845, 0.11728193400849396, 0.13459653707938582, 0.09604704344985299, 0.1074812152891212, 0.05194380921267559, 0.03299575302188827, 0.035609278013721005, 0.015354459327017315, 0.008820646847435479, 0.01274093433518458, 0.006207121855602744, 0.001633453119895459, 0.0029402156158118264, 0.0009800718719372753, 0.0003266906239790918, 0.0, 0.0, 0.0], [0.00020798668885191348, 0.0, 0.0008319467554076539, 0.00041597337770382697, 0.0006239600665557404, 0.0010399334442595673, 0.0024958402662229617, 0.0066555740432612314, 0.011023294509151415, 0.018926788685524127, 0.033901830282861894, 0.049500831946755405, 0.07986688851913477, 0.10274542429284526, 0.11980033277870217, 0.12396006655574043, 0.13706322795341097, 0.08257071547420965, 0.1127287853577371, 0.04305324459234609, 0.024126455906821963, 0.024126455906821963, 0.009151414309484194, 0.004991680532445923, 0.00478369384359401, 0.0016638935108153079, 0.0010399334442595673, 0.0014559068219633944, 0.00041597337770382697, 0.0008319467554076539, 0.0, 0.0, 0.0], [0.0, 0.0, 0.0001315097317201473, 0.0002630194634402946, 0.00039452919516044186, 0.0002630194634402946, 0.0015781167806417674, 0.0038137822198842713, 0.007496054708048395, 0.01499210941609679, 0.026038926880589165, 0.04708048395581273, 0.07403997895844293, 0.09047869542346133, 0.12072593371909521, 0.131246712256707, 0.15110468174644923, 0.08850604944765912, 0.13663861125723303, 0.03826933193056286, 0.02183061546554445, 0.02235665439242504, 0.008022093634928985, 0.004471330878485008, 0.005786428195686481, 0.0015781167806417674, 0.001841136244082062, 0.0002630194634402946, 0.0001315097317201473, 0.0006575486586007364, 0.0, 0.0, 0.0], [0.0, 0.0, 0.0, 0.007692307692307693, 0.015384615384615385, 0.015384615384615385, 0.007692307692307693, 0.015384615384615385, 0.007692307692307693, 0.07692307692307693, 0.03076923076923077, 0.08461538461538462, 0.09230769230769231, 0.06153846153846154, 0.046153846153846156, 0.1076923076923077, 0.12307692307692308, 0.07692307692307693, 0.05384615384615385, 0.038461538461538464, 0.038461538461538464, 0.023076923076923078, 0.023076923076923078, 0.0, 0.007692307692307693, 0.015384615384615385, 0.007692307692307693, 0.023076923076923078, 0.0, 0.0, 0.0, 0.0, 0.0], [0.00020631318341242006, 0.00010315659170621003, 0.0, 0.0, 0.00010315659170621003, 0.00010315659170621003, 0.00020631318341242006, 0.0011347225087683104, 0.0023726016092428305, 0.004848359810191871, 0.007839900969671963, 0.010625128945739633, 0.025170208376315246, 0.10336290488962245, 0.1356509180936662, 0.14854549205694245, 0.1820713843614607, 0.11615432226119249, 0.12255003094697751, 0.05415721064576026, 0.02816174953579534, 0.02950278522797607, 0.011450381679389313, 0.003816793893129771, 0.0069114916443160715, 0.0021662884258304106, 0.0014441922838869404, 0.0004126263668248401, 0.0009284093253558903, 0.0, 0.0, 0.0, 0.0], [0.0, 0.0, 0.0, 0.00012733987011333248, 0.0, 0.00025467974022666496, 0.0011460588310199923, 0.0008913790907933274, 0.003692856233286642, 0.005348274544759965, 0.009295810518273271, 0.016681522984846556, 0.028906150515726474, 0.046733732331593024, 0.07614924232777283, 0.10492805297338596, 0.15471794218769896, 0.12555711193174582, 0.17827581815866547, 0.08073347765185279, 0.053610085317712976, 0.05424678466827964, 0.021265758308926526, 0.01069654908951993, 0.015280784413599898, 0.005220934674646632, 0.0035655163631733095, 0.0011460588310199923, 0.0006366993505666624, 0.00025467974022666496, 0.0006366993505666624, 0.0, 0.0], [0.00018316695668101475, 9.158347834050737e-05, 0.0, 0.00018316695668101475, 0.00018316695668101475, 0.0005495008700430442, 0.000732667826724059, 0.00174008608846964, 0.002930671306896236, 0.005495008700430442, 0.01914094697316604, 0.0335195530726257, 0.05156149830570565, 0.07061086180053118, 0.08672955398846048, 0.10413041487315688, 0.13481088011722686, 0.1118234270537595, 0.15853100100741827, 0.0732667826724059, 0.04707390786702079, 0.04908874439051195, 0.01996519827823061, 0.01044051653081784, 0.011814268705925451, 0.002930671306896236, 0.001465335653448118, 0.0003663339133620295, 0.0006410843483835516, 0.0, 0.0, 0.0, 0.0], [0.0, 0.0, 0.0, 0.0016207455429497568, 0.0032414910858995136, 0.0, 0.0016207455429497568, 0.006482982171799027, 0.008103727714748784, 0.008103727714748784, 0.01620745542949757, 0.027552674230145867, 0.04538087520259319, 0.09724473257698542, 0.11345218800648298, 0.16693679092382496, 0.17017828200972449, 0.11345218800648298, 0.12641815235008103, 0.05672609400324149, 0.019448946515397084, 0.012965964343598054, 0.0032414910858995136, 0.0, 0.0016207455429497568, 0.0, 0.0, 0.0, 0.0, 0.0, 0.0, 0.0, 0.0], [0.0, 0.0, 0.0, 8.228420966016621e-05, 0.0, 8.228420966016621e-05, 0.00024685262898049864, 0.0007405578869414959, 0.0017279684028634905, 0.004607915740969308, 0.00715872624043446, 0.013165473545626595, 0.02106475767300255, 0.027318357607175183, 0.08903151485229985, 0.12038179873282318, 0.17073973504484488, 0.11001398831564223, 0.20348885048959106, 0.07693573603225541, 0.045338599522751585, 0.06245371513206616, 0.019007652431498396, 0.0066650209824734635, 0.0119312104007241, 0.003785073644367646, 0.0020571052415041553, 0.0012342631449024932, 0.0004114210483008311, 0.00032913683864066484, 0.0, 0.0, 0.0], [0.00018456995201181247, 9.228497600590623e-05, 9.228497600590623e-05, 0.0, 0.0004614248800295312, 0.0004614248800295312, 0.0002768549280177187, 0.0009228497600590623, 0.0011074197120708748, 0.005260243632336656, 0.009597637504614249, 0.019287559985234404, 0.03442229605020303, 0.04540420819490587, 0.06782945736434108, 0.08019564414913252, 0.23615725359911408, 0.1612218530823182, 0.18133997785160577, 0.07022886674049465, 0.034699150978220746, 0.031284606866002214, 0.009505352528608343, 0.004152823920265781, 0.003968253968253968, 0.0011074197120708748, 0.00036913990402362494, 0.00036913990402362494, 0.0, 0.0, 0.0, 0.0, 0.0], [0.0, 0.00011983223487118035, 0.0002396644697423607, 0.000359496704613541, 0.0004793289394847214, 0.0009586578789694428, 0.0021569802276812464, 0.0038346315158777713, 0.0064709406830437384, 0.011863391252246855, 0.021449970041941283, 0.035949670461354104, 0.054284002396644694, 0.06842420611144398, 0.09526662672258837, 0.12762133013780708, 0.15698022768124625, 0.11228280407429599, 0.1384062312762133, 0.0621929298981426, 0.03367285799880168, 0.03618933493109647, 0.015218693828639903, 0.006351108448172558, 0.005871779508687837, 0.0016776512881965249, 0.0009586578789694428, 0.000718993409227082, 0.0, 0.0, 0.0, 0.0, 0.0], [0.0, 0.00014092446448703494, 0.0, 0.0, 0.0002818489289740699, 0.00014092446448703494, 0.0009864712514092446, 0.0014092446448703494, 0.004509582863585118, 0.007609921082299887, 0.014937993235625705, 0.024943630214205186, 0.04044532130777903, 0.06397970687711386, 0.09864712514092447, 0.1221815107102593, 0.15374859075535513, 0.0935738444193912, 0.17798759864712513, 0.06059751972942503, 0.037626832018038334, 0.04368658399098083, 0.018883878241262683, 0.008173618940248028, 0.010992108229988726, 0.004791431792559188, 0.004086809470124014, 0.0018320180383314543, 0.0014092446448703494, 0.0011273957158962795, 0.0012683201803833145, 0.0, 0.0], [0.0, 0.00021640337589266391, 0.00021640337589266391, 0.00043280675178532783, 0.0017312270071413113, 0.0015148236312486475, 0.003678857390175287, 0.008439731659813893, 0.01925990045444709, 0.02531919497944168, 0.04328067517853278, 0.06080934862583856, 0.07942003895260766, 0.10711967106686865, 0.12616316814542308, 0.11664141960614585, 0.14304263146505086, 0.07725600519368102, 0.10344081367669336, 0.02813243886604631, 0.017961480199091107, 0.021207530837481066, 0.005410084397316598, 0.002596840510711967, 0.004111664141960614, 0.0010820168794633195, 0.0008656135035706557, 0.00043280675178532783, 0.00021640337589266391, 0.0, 0.0, 0.0, 0.0], [0.0, 0.0, 0.00045871559633027525, 0.0013761467889908258, 0.0022935779816513763, 0.001834862385321101, 0.004128440366972477, 0.011926605504587157, 0.013302752293577982, 0.014220183486238533, 0.031192660550458717, 0.0463302752293578, 0.06376146788990826, 0.08486238532110092, 0.10871559633027524, 0.11467889908256881, 0.1577981651376147, 0.08944954128440367, 0.12201834862385322, 0.0408256880733945, 0.02522935779816514, 0.026605504587155965, 0.01651376146788991, 0.00871559633027523, 0.007798165137614679, 0.004128440366972477, 0.0009174311926605505, 0.0009174311926605505, 0.0, 0.0, 0.0, 0.0, 0.0], [0.00023518344308560678, 0.0, 0.0, 0.0, 0.00047036688617121356, 0.00047036688617121356, 0.0023518344308560675, 0.006820319849482596, 0.012111947318908748, 0.021048918156161806, 0.03515992474129821, 0.05174035747883349, 0.07749294449670743, 0.10512699905926623, 0.1385230479774224, 0.13652398871119473, 0.13381937911571026, 0.07913922859830667, 0.09277986829727188, 0.03515992474129821, 0.022577610536218252, 0.023165569143932266, 0.009877704609595485, 0.004703668861712135, 0.006467544684854186, 0.0017638758231420509, 0.0012935089369708374, 0.0008231420507996237, 0.0, 0.0003527751646284102, 0.0, 0.0, 0.0], [0.0, 0.0, 0.0, 0.00031938677738741617, 0.00015969338869370808, 0.0009581603321622484, 0.002235707441711913, 0.0035132545512615776, 0.007026509102523155, 0.011977004152028107, 0.022037687639731716, 0.029383583519642285, 0.05653145959757266, 0.08144362823379112, 0.10332162248482912, 0.11721494730118173, 0.14707761098690514, 0.09789204726924305, 0.13781539444267007, 0.05685084637496007, 0.031938677738741615, 0.03976365378473331, 0.01485148514851485, 0.008144362823379112, 0.012935164484190355, 0.006068348770360907, 0.005269881826892367, 0.002235707441711913, 0.0012775471095496647, 0.0011178537208559566, 0.0006387735547748323, 0.0, 0.0], [0.0, 0.0, 0.0, 0.0, 0.0003790750568612585, 0.000758150113722517, 0.001516300227445034, 0.003411675511751327, 0.006444275966641395, 0.01592115238817286, 0.026914329037149357, 0.043025018953752846, 0.06557998483699773, 0.08794541319181198, 0.11050037907505686, 0.1281273692191054, 0.14613343442001517, 0.09344200151630022, 0.13324488248673239, 0.05098559514783927, 0.030326004548900682, 0.02558756633813495, 0.01042456406368461, 0.004359363153904473, 0.005496588324488249, 0.00265352539802881, 0.003601213040181956, 0.001516300227445034, 0.0011372251705837756, 0.0005686125852918878, 0.0, 0.0, 0.0], [0.00010862480990658266, 0.00010862480990658266, 0.00010862480990658266, 0.0, 0.00010862480990658266, 0.000977623289159244, 0.000651748859439496, 0.002281121008038236, 0.003150119487290897, 0.005757114925048881, 0.014555724527482076, 0.022050836411036282, 0.07592874212470128, 0.11286117749293939, 0.14327612426678255, 0.14979361286117748, 0.1635889637193135, 0.09667608081685856, 0.10732131218770367, 0.044970671301325225, 0.023462958939821855, 0.017488594394959808, 0.008255485552900283, 0.0021724961981316533, 0.0027156202476645666, 0.000977623289159244, 0.00021724961981316532, 0.000325874429719748, 0.00010862480990658266, 0.0, 0.0, 0.0, 0.0], [0.0, 0.0, 0.0, 0.00017895490336435218, 0.00017895490336435218, 0.0010737294201861132, 0.0014316392269148174, 0.0025053686471009306, 0.006263421617752327, 0.010737294201861132, 0.024337866857551897, 0.03507516105941303, 0.069613457408733, 0.09949892627057981, 0.126521116678597, 0.1415533285612026, 0.1587329992841804, 0.10236220472440945, 0.10128847530422333, 0.04169649248389406, 0.02702219040801718, 0.020937723693629205, 0.011811023622047244, 0.003042233357193987, 0.007874015748031496, 0.002863278453829635, 0.0017895490336435219, 0.00035790980672870435, 0.0008947745168217609, 0.00017895490336435218, 0.00017895490336435218, 0.0, 0.0], [0.0, 0.0, 0.0, 0.00018832391713747646, 0.0003766478342749529, 0.0011299435028248588, 0.0011299435028248588, 0.0022598870056497176, 0.004519774011299435, 0.005649717514124294, 0.01431261770244821, 0.021468926553672316, 0.037476459510357815, 0.06327683615819209, 0.09529190207156309, 0.12052730696798493, 0.16177024482109228, 0.10828625235404897, 0.17156308851224106, 0.06854990583804144, 0.03615819209039548, 0.04218455743879473, 0.01657250470809793, 0.008286252354048965, 0.009792843691148776, 0.006779661016949152, 0.001694915254237288, 0.0003766478342749529, 0.00018832391713747646, 0.00018832391713747646, 0.0, 0.0, 0.0], [0.0, 0.0, 0.00011786892975011787, 0.0, 0.00023573785950023574, 0.0003536067892503536, 0.0003536067892503536, 0.001885902876001886, 0.0033003300330033004, 0.009900990099009901, 0.019801980198019802, 0.03583215464403583, 0.05834512022630835, 0.09347006129184347, 0.11256482791136256, 0.12635549269212634, 0.14545025931164546, 0.09205563413484205, 0.1438000942951438, 0.04714757190004715, 0.03217821782178218, 0.03147100424328147, 0.018033946251768036, 0.006954266855256954, 0.013908533710513909, 0.0024752475247524753, 0.0022395096652522394, 0.0015322960867515322, 0.00011786892975011787, 0.00011786892975011787, 0.0, 0.0, 0.0], [0.0, 0.0, 8.635578583765112e-05, 0.0, 8.635578583765112e-05, 8.635578583765112e-05, 0.00025906735751295336, 0.0008635578583765112, 0.0017271157167530224, 0.004749568221070812, 0.008721934369602764, 0.016407599309153715, 0.02780656303972366, 0.03609671848013817, 0.054404145077720206, 0.06062176165803109, 0.1853195164075993, 0.13911917098445595, 0.2360103626943005, 0.08696027633851468, 0.04861830742659758, 0.05449050086355786, 0.013385146804835924, 0.0062176165803108805, 0.010103626943005182, 0.003972366148531951, 0.0018998272884283246, 0.0007772020725388601, 0.0006044905008635578, 0.0006044905008635578, 0.0, 0.0, 0.0], [0.0, 0.0, 0.0, 0.00011147029316687103, 0.0005573514658343551, 0.0007802920521680972, 0.0010032326385018392, 0.0026752870360049045, 0.005239103778842938, 0.009474974919184037, 0.016051722216029428, 0.02942815739605395, 0.04938133987292387, 0.07446215583546985, 0.10823765466503177, 0.13209229740274217, 0.17445100880615316, 0.112362055512206, 0.15995987069445994, 0.0511648645635938, 0.025861108014714078, 0.030208449448222048, 0.008025861108014714, 0.003121168208672389, 0.0025638167428380337, 0.0006688217590012261, 0.0010032326385018392, 0.0007802920521680972, 0.00033441087950061306, 0.0, 0.0, 0.0, 0.0], [0.0, 0.0036101083032490976, 0.0, 0.0036101083032490976, 0.0036101083032490976, 0.018050541516245487, 0.02527075812274368, 0.04332129963898917, 0.07581227436823104, 0.05054151624548736, 0.04332129963898917, 0.08303249097472924, 0.061371841155234655, 0.12274368231046931, 0.10469314079422383, 0.11913357400722022, 0.09025270758122744, 0.04332129963898917, 0.04693140794223827, 0.01444043321299639, 0.010830324909747292, 0.018050541516245487, 0.0036101083032490976, 0.01444043321299639, 0.0, 0.0, 0.0, 0.0, 0.0, 0.0, 0.0, 0.0, 0.0]]}, "ranks": {"labels": ["Unranked", "Combatatent I", "Combatatent II", "Challenger I", "Challenger II", "Rival I", "Rival II", "Duelist", "Elite"], "data": [[0.14883720930232558, 0.19069767441860466, 0.23953488372093024, 0.2069767441860465, 0.11395348837209303, 0.05813953488372093, 0.020930232558139535, 0.013953488372093023, 0.0069767441860465115], [0.054079399812441385, 0.09034073147858705, 0.17286652078774617, 0.25695529853079085, 0.23538605814316974, 0.13566739606126915, 0.03125976867771178, 0.016880275085964364, 0.006564551422319475], [0.007495245553193869, 0.013088712383935563, 0.03143528358876832, 0.06589103926613715, 0.3362792258641906, 0.34500503412014766, 0.08479695715404408, 0.08669873587649625, 0.029309766193086475], [0.0149860843502462, 0.02515521301648469, 0.05619781631342325, 0.09976450438878184, 0.2850567330336116, 0.31781203168486405, 0.09837293941340185, 0.0844572896596018, 0.018197388139584672], [0.18493150684931506, 0.1506849315068493, 0.2328767123287671, 0.18493150684931506, 0.0821917808219178, 0.11643835616438356, 0.02054794520547945, 0.0273972602739726, 0.0], [0.0199590031287086, 0.05103031610745496, 0.13712374581939799, 0.2387528320207142, 0.2582802891358291, 0.16474269068939476, 0.0542669112094077, 0.058150825331751, 0.017693386557341678], [0.08541764983482775, 0.1165644171779141, 0.20504955167531855, 0.23855592260500236, 0.18782444549315716, 0.09131665880132138, 0.028551203397829166, 0.03232656913638509, 0.014393581878244455], [0.2453416149068323, 0.2422360248447205, 0.21428571428571427, 0.13975155279503104, 0.07453416149068323, 0.052795031055900624, 0.018633540372670808, 0.012422360248447204, 0.0], [0.03251318101933216, 0.0610232376488967, 0.09216949814489357, 0.27650849443468073, 0.26166764303846907, 0.1445030267525874, 0.05575082991603202, 0.05760593634055849, 0.018258152704549894], [0.013048635824436536, 0.02609727164887307, 0.056544088572558326, 0.1324634242783709, 0.18703044681692368, 0.21312771846579676, 0.11546065638592329, 0.16449189402926057, 0.09173586397785687], [0.036570598207798496, 0.06200048437878421, 0.1370791959312182, 0.22814240736255753, 0.24340033906514894, 0.1688060062969242, 0.05497699200775006, 0.05303947687091305, 0.015984499878905305], [0.08162579778300302, 0.1394020826335237, 0.2267383271750084, 0.25596237823312057, 0.16996976822304333, 0.07541148807524353, 0.026200873362445413, 0.02116224386966745, 0.003527040644944575], [0.014925373134328358, 0.035233667726939075, 0.09897235135796428, 0.2726939075116222, 0.2906777587472474, 0.17641301688279912, 0.048935649620748714, 0.0494250061169562, 0.012723268901394667], [0.03725346968590212, 0.08035062089116143, 0.1625795679849734, 0.22581655014087446, 0.2351038296984243, 0.1450485234269018, 0.05102786183867265, 0.04758426380048002, 0.01523531253260983], [0.014790286975717439, 0.042163355408388524, 0.12008830022075055, 0.21611479028697572, 0.2792494481236203, 0.18631346578366445, 0.06821192052980132, 0.05739514348785872, 0.015673289183222958], [0.04246978111728193, 0.07709898725906567, 0.15779157138190134, 0.2149624305782424, 0.2306435805292388, 0.13459653707938582, 0.05782424044429925, 0.0597843841881738, 0.024828487422410978], [0.04222129783693843, 0.0834026622296173, 0.18261231281198004, 0.2437603993344426, 0.21963394342762063, 0.1389351081530782, 0.04097337770382695, 0.03826955074875208, 0.01019134775374376], [0.028932140978432403, 0.07311941083640189, 0.16451867438190426, 0.2519726459758022, 0.23961073119410836, 0.15873224618621778, 0.03800631246712257, 0.034850078905839035, 0.010257759074171488], [0.14615384615384616, 0.11538461538461539, 0.15384615384615385, 0.15384615384615385, 0.2, 0.06923076923076923, 0.06153846153846154, 0.046153846153846156, 0.05384615384615385], [0.009077780070146483, 0.018465029915411595, 0.1285331132659377, 0.28419641015060865, 0.2982257066226532, 0.15380647823395915, 0.05106251289457396, 0.044769960800495154, 0.011863008046214154], [0.011460588310199924, 0.025977333503119825, 0.0756398828473195, 0.1810772953011588, 0.2802750541194448, 0.22411817139946516, 0.08850120972876607, 0.0862090920667261, 0.02674137272379982], [0.012089019140946972, 0.05266050004579174, 0.12217236010623683, 0.19085996886161735, 0.24663430717098636, 0.19919406539060353, 0.07967762615624141, 0.0794944591995604, 0.017217693928015386], [0.029173419773095625, 0.04376012965964344, 0.1426256077795786, 0.28038897893030795, 0.28363047001620745, 0.16045380875202594, 0.04213938411669368, 0.01620745542949757, 0.0016207455429497568], [0.007487863079075126, 0.020324199786061054, 0.04838311528017773, 0.20941331358512302, 0.2807537233604871, 0.24709948160947914, 0.0786637044351189, 0.08812638854603802, 0.01974821031843989], [0.008859357696566999, 0.028885197489848653, 0.0798265042451089, 0.14802510151347362, 0.3973791066814323, 0.22093023255813954, 0.06533776301218161, 0.04494278331487634, 0.005813953488372093], [0.026482923906530856, 0.057399640503295386, 0.12270820850808868, 0.22288795686039545, 0.2692630317555422, 0.1737567405632115, 0.06051527860994608, 0.05775913720790893, 0.009227082085080886], [0.01507891770011274, 0.03988162344983089, 0.1044250281848929, 0.22082863585118376, 0.24732243517474634, 0.2105411499436302, 0.06567080045095829, 0.07074408117249155, 0.025507328072153324], [0.06080934862583856, 0.10409002380437135, 0.1865397100194763, 0.24280458775156893, 0.22029863665873187, 0.12053668037221381, 0.028998052369616965, 0.02921445574550963, 0.0067085046526725815], [0.04954128440366973, 0.07752293577981652, 0.14862385321100918, 0.22339449541284404, 0.24724770642201835, 0.14678899082568808, 0.04128440366972477, 0.051834862385321104, 0.013761467889908258], [0.043508936970837256, 0.0869002822201317, 0.18261994355597366, 0.27504703668861713, 0.21295860771401692, 0.11347601128880527, 0.03704139228598307, 0.037746942615239885, 0.010700846660395108], [0.026189715745768127, 0.051421271159374005, 0.13797508783136378, 0.22053656978601086, 0.2449696582561482, 0.1679974449057809, 0.058607473650590866, 0.06275950175662727, 0.029543276908335993], [0.02843062926459439, 0.06993934799090219, 0.1535253980288097, 0.23862774829416225, 0.2395754359363154, 0.16413949962092494, 0.05041698256254738, 0.04037149355572403, 0.014973464746019712], [0.013252226808603084, 0.03660656093851836, 0.18878991961764066, 0.29306973712796003, 0.26026504453617205, 0.1321963936563111, 0.043558548772539646, 0.027916576145991745, 0.004344992396263307], [0.022369362920544023, 0.05941302791696493, 0.1691123836793128, 0.26807444523979956, 0.2610952040085898, 0.12508947745168217, 0.0449176807444524, 0.03579098067287044, 0.014137437365783823], [0.015254237288135594, 0.035781544256120526, 0.1007532956685499, 0.21581920903954802, 0.27005649717514124, 0.21092278719397364, 0.06534839924670433, 0.06704331450094161, 0.019020715630885122], [0.016148043375766148, 0.055634134842055635, 0.15181518151815182, 0.23892032060348892, 0.2375058934464875, 0.1694955209806695, 0.05363036303630363, 0.056459217350306456, 0.020391324846770392], [0.007858376511226253, 0.025129533678756477, 0.06390328151986183, 0.11502590673575129, 0.3244386873920553, 0.2841968911917098, 0.08739205526770294, 0.07409326424870466, 0.017962003454231434], [0.019841712183703043, 0.04547987961208338, 0.12384349570839372, 0.24032995206777394, 0.2868130643183592, 0.18871920633151265, 0.04826663694125516, 0.04135547876490915, 0.005350574072009809], [0.22382671480144403, 0.1263537906137184, 0.18411552346570398, 0.22382671480144403, 0.13357400722021662, 0.05054151624548736, 0.021660649819494584, 0.036101083032490974, 0.0]]}, "ranksDetailed": {"labels": ["Unranked", "Combatatant", "Challenger", "Rival", "Duelist", "Elite"], "data": [[0.14883720930232558, 0.43023255813953487, 0.3209302325581395, 0.07906976744186046, 0.013953488372093023, 0.0069767441860465115], [0.054079399812441385, 0.26320725226633324, 0.4923413566739606, 0.16692716473898092, 0.016880275085964364, 0.006564551422319475], [0.007495245553193869, 0.04452399597270388, 0.4021702651303278, 0.4298019912741917, 0.08669873587649625, 0.029309766193086475], [0.0149860843502462, 0.08135302932990794, 0.3848212374223935, 0.4161849710982659, 0.0844572896596018, 0.018197388139584672], [0.18493150684931506, 0.3835616438356164, 0.2671232876712329, 0.136986301369863, 0.0273972602739726, 0.0], [0.0199590031287086, 0.18815406192685294, 0.4970331211565433, 0.21900960189880245, 0.058150825331751, 0.017693386557341678], [0.08541764983482775, 0.3216139688532327, 0.4263803680981595, 0.11986786219915055, 0.03232656913638509, 0.014393581878244455], [0.2453416149068323, 0.45652173913043476, 0.21428571428571427, 0.07142857142857142, 0.012422360248447204, 0.0], [0.03251318101933216, 0.15319273579379028, 0.5381761374731497, 0.20025385666861942, 0.05760593634055849, 0.018258152704549894], [0.013048635824436536, 0.0826413602214314, 0.3194938710952946, 0.32858837485172004, 0.16449189402926057, 0.09173586397785687], [0.036570598207798496, 0.19907968031000242, 0.4715427464277065, 0.22378299830467427, 0.05303947687091305, 0.015984499878905305], [0.08162579778300302, 0.3661404098085321, 0.4259321464561639, 0.10161236143768895, 0.02116224386966745, 0.003527040644944575], [0.014925373134328358, 0.13420601908490334, 0.5633716662588696, 0.22534866650354785, 0.0494250061169562, 0.012723268901394667], [0.03725346968590212, 0.24293018887613482, 0.46092037983929873, 0.19607638526557444, 0.04758426380048002, 0.01523531253260983], [0.014790286975717439, 0.16225165562913907, 0.495364238410596, 0.2545253863134658, 0.05739514348785872, 0.015673289183222958], [0.04246978111728193, 0.234890558640967, 0.4456060111074812, 0.19242077752368508, 0.0597843841881738, 0.024828487422410978], [0.04222129783693843, 0.2660149750415973, 0.4633943427620632, 0.17990848585690516, 0.03826955074875208, 0.01019134775374376], [0.028932140978432403, 0.23763808521830615, 0.4915833771699106, 0.19673855865334033, 0.034850078905839035, 0.010257759074171488], [0.14615384615384616, 0.2692307692307692, 0.35384615384615387, 0.13076923076923078, 0.046153846153846156, 0.05384615384615385], [0.009077780070146483, 0.1469981431813493, 0.5824221167732618, 0.2048689911285331, 0.044769960800495154, 0.011863008046214154], [0.011460588310199924, 0.10161721635043933, 0.4613523494206036, 0.31261938112823123, 0.0862090920667261, 0.02674137272379982], [0.012089019140946972, 0.17483286015202856, 0.4374942760326037, 0.27887169154684494, 0.0794944591995604, 0.017217693928015386], [0.029173419773095625, 0.18638573743922204, 0.5640194489465153, 0.2025931928687196, 0.01620745542949757, 0.0016207455429497568], [0.007487863079075126, 0.06870731506623878, 0.49016703694561015, 0.32576318604459803, 0.08812638854603802, 0.01974821031843989], [0.008859357696566999, 0.10871170173495755, 0.5454042081949059, 0.2862679955703212, 0.04494278331487634, 0.005813953488372093], [0.026482923906530856, 0.18010784901138407, 0.4921509886159377, 0.23427201917315757, 0.05775913720790893, 0.009227082085080886], [0.01507891770011274, 0.14430665163472378, 0.4681510710259301, 0.2762119503945885, 0.07074408117249155, 0.025507328072153324], [0.06080934862583856, 0.29062973382384766, 0.4631032244103008, 0.14953473274183077, 0.02921445574550963, 0.0067085046526725815], [0.04954128440366973, 0.2261467889908257, 0.4706422018348624, 0.18807339449541285, 0.051834862385321104, 0.013761467889908258], [0.043508936970837256, 0.26952022577610535, 0.48800564440263405, 0.15051740357478832, 0.037746942615239885, 0.010700846660395108], [0.026189715745768127, 0.18939635899073778, 0.4655062280421591, 0.22660491855637177, 0.06275950175662727, 0.029543276908335993], [0.02843062926459439, 0.2234647460197119, 0.47820318423047764, 0.21455648218347234, 0.04037149355572403, 0.014973464746019712], [0.013252226808603084, 0.22539648055615902, 0.5533347816641321, 0.17575494242885076, 0.027916576145991745, 0.004344992396263307], [0.022369362920544023, 0.22852541159627773, 0.5291696492483894, 0.17000715819613457, 0.03579098067287044, 0.014137437365783823], [0.015254237288135594, 0.13653483992467044, 0.4858757062146893, 0.27627118644067794, 0.06704331450094161, 0.019020715630885122], [0.016148043375766148, 0.20744931636020744, 0.4764262140499764, 0.22312588401697311, 0.056459217350306456, 0.020391324846770392], [0.007858376511226253, 0.0890328151986183, 0.4394645941278066, 0.37158894645941276, 0.07409326424870466, 0.017962003454231434], [0.019841712183703043, 0.1693233753204771, 0.5271430163861331, 0.2369858432727678, 0.04135547876490915, 0.005350574072009809], [0.22382671480144403, 0.3104693140794224, 0.3574007220216607, 0.07220216606498195, 0.036101083032490974, 0.0]]}}}, "eu": {"histType": {"histogram": {"labels": ["0", "100", "200", "300", "400", "500", "600", "700", "800", "900", "1000", "1100", "1200", "1300", "1400", "1500", "1600", "1700", "1800", "1900", "2000", "2100", "2200", "2300", "2400", "2500", "2600", "2700", "2800", "2900", "3000", "3100", "3200"], "data": [[0.0, 0.0, 0.0028653295128939827, 0.0, 0.0, 0.0057306590257879654, 0.014326647564469915, 0.025787965616045846, 0.06303724928366762, 0.09455587392550144, 0.0659025787965616, 0.10315186246418338, 0.06876790830945559, 0.12607449856733524, 0.12893982808022922, 0.11174785100286533, 0.06303724928366762, 0.04871060171919771, 0.03151862464183381, 0.02005730659025788, 0.014326647564469915, 0.008595988538681949, 0.0028653295128939827, 0.0, 0.0, 0.0, 0.0, 0.0, 0.0, 0.0, 0.0, 0.0, 0.0], [0.00033840947546531303, 0.0, 0.0010152284263959391, 0.0010152284263959391, 0.001692047377326565, 0.0047377326565143825, 0.00676818950930626, 0.009137055837563452, 0.02030456852791878, 0.030456852791878174, 0.04094754653130288, 0.0622673434856176, 0.08223350253807106, 0.10084602368866329, 0.12656514382402706, 0.1299492385786802, 0.14653130287648053, 0.07106598984771574, 0.09712351945854483, 0.028764805414551606, 0.01455160744500846, 0.010829103214890017, 0.0054145516074450084, 0.003045685279187817, 0.003045685279187817, 0.0006768189509306261, 0.0006768189509306261, 0.0, 0.0, 0.0, 0.0, 0.0, 0.0], [0.0, 0.0, 0.0, 0.00011262529564140106, 0.00011262529564140106, 0.00011262529564140106, 0.00011262529564140106, 0.0009010023651312085, 0.001802004730262417, 0.002590381799752224, 0.005856515373352855, 0.009460524833877689, 0.01283928370311972, 0.015880166685437548, 0.025791192701880843, 0.11566617862371889, 0.19912152269399708, 0.1267034575965762, 0.2660209483049893, 0.07264331568870368, 0.04730262416938844, 0.04978038067349927, 0.017907422006982768, 0.007883770694898075, 0.012163531929271314, 0.004955513008221646, 0.002365131208469422, 0.0012388782520554116, 0.0003378758869242032, 0.0003378758869242032, 0.0, 0.0, 0.0], [0.0, 0.0, 0.0, 0.00010187449062754686, 0.00010187449062754686, 0.00020374898125509371, 0.0007131214343928281, 0.0019356153219233904, 0.0024449877750611247, 0.005806845965770171, 0.011511817440912795, 0.01762428687856561, 0.021495517522412386, 0.028015484922575388, 0.04431540342298289, 0.05776283618581907, 0.1691116544417278, 0.15719233903830482, 0.23726568867155665, 0.09657701711491443, 0.0519559902200489, 0.05328035859820701, 0.015790546047269764, 0.00682559087204564, 0.013447432762836185, 0.00356560717196414, 0.001528117359413203, 0.0008149959250203749, 0.0003056234718826406, 0.0003056234718826406, 0.0, 0.0, 0.0], [0.0, 0.0, 0.0, 0.0, 0.0, 0.021897810218978103, 0.0364963503649635, 0.058394160583941604, 0.058394160583941604, 0.058394160583941604, 0.06569343065693431, 0.10948905109489052, 0.06569343065693431, 0.058394160583941604, 0.058394160583941604, 0.12408759124087591, 0.021897810218978103, 0.10948905109489052, 0.029197080291970802, 0.043795620437956206, 0.043795620437956206, 0.0, 0.0072992700729927005, 0.0072992700729927005, 0.021897810218978103, 0.0, 0.0, 0.0, 0.0, 0.0, 0.0, 0.0, 0.0], [0.0, 0.00010876658690450294, 0.00010876658690450294, 0.00021753317380900588, 0.0003262997607135088, 0.00010876658690450294, 0.0008701326952360235, 0.004568196649989123, 0.005329562758320644, 0.01261692408092234, 0.02360234935827714, 0.0