{"region": {"us": {"histType": {"histogram": {"labels": ["0", "100", "200", "300", "400", "500", "600", "700", "800", "900", "1000", "1100", "1200", "1300", "1400", "1500", "1600", "1700", "1800", "1900", "2000", "2100", "2200", "2300", "2400", "2500", "2600", "2700", "2800", "2900", "3000", "3100", "3200"], "data": [[0.0, 0.0, 0.002840909090909091, 0.005681818181818182, 0.002840909090909091, 0.007102272727272727, 0.014204545454545454, 0.015625, 0.036931818181818184, 0.045454545454545456, 0.08238636363636363, 0.10085227272727272, 0.11931818181818182, 0.12926136363636365, 0.12642045454545456, 0.10369318181818182, 0.06960227272727272, 0.03835227272727273, 0.05113636363636364, 0.017045454545454544, 0.014204545454545454, 0.008522727272727272, 0.005681818181818182, 0.002840909090909091, 0.0, 0.0, 0.0, 0.0, 0.0, 0.0, 0.0, 0.0, 0.0], [0.0, 0.00025799793601651185, 0.00025799793601651185, 0.00025799793601651185, 0.0010319917440660474, 0.0023219814241486067, 0.005417956656346749, 0.009545923632610939, 0.0152218782249742, 0.029669762641898866, 0.0392156862745098, 0.054695562435500514, 0.0846233230134159, 0.09287925696594428, 0.12435500515995872, 0.13802889576883384, 0.1475748194014448, 0.0825593395252838, 0.10190918472652219, 0.034055727554179564, 0.016769865841073272, 0.006449948400412796, 0.004901960784313725, 0.0028379772961816306, 0.0023219814241486067, 0.0007739938080495357, 0.0010319917440660474, 0.0010319917440660474, 0.0, 0.0, 0.0, 0.0, 0.0], [0.00011738466956215518, 0.0, 0.0, 0.00023476933912431035, 0.00023476933912431035, 0.00023476933912431035, 0.00023476933912431035, 0.0005869233478107759, 0.002582462730367414, 0.0034041554173025, 0.005164925460734828, 0.007512618851977931, 0.012090620964901985, 0.019133701138631293, 0.02512031928630121, 0.03873694095551121, 0.10940251203192863, 0.15670853386547717, 0.3543843174081465, 0.08709942481511915, 0.05188402394647259, 0.06045310482450992, 0.021950933208123018, 0.010095081582345346, 0.020072778495128535, 0.0059866181476699145, 0.0034041554173025, 0.002699847399929569, 0.0, 0.0004695386782486207, 0.0, 0.0, 0.0], [0.0, 0.0, 0.0, 0.0, 0.00011492931846914148, 0.0, 0.0008045052292839903, 0.0018388690955062636, 0.0047121020572348, 0.007815193655901621, 0.01172279048385243, 0.01321687162395127, 0.025859096655556833, 0.02873232961728537, 0.04298356510745891, 0.051833122629582805, 0.07194575336168256, 0.04390299965521204, 0.27560050568900124, 0.14837375014366164, 0.08803585794736238, 0.09527640501091829, 0.03183542121595219, 0.013676588897827836, 0.0249396621078037, 0.007125617745086772, 0.005516607286518791, 0.0029881622801976784, 0.0011492931846914147, 0.0, 0.0, 0.0, 0.0], [0.0, 0.0, 0.0, 0.0, 0.010638297872340425, 0.005319148936170213, 0.026595744680851064, 0.026595744680851064, 0.05319148936170213, 0.05851063829787234, 0.0797872340425532, 0.0851063829787234, 0.10106382978723404, 0.11170212765957446, 0.09574468085106383, 0.09574468085106383, 0.0851063829787234, 0.03723404255319149, 0.0425531914893617, 0.03723404255319149, 0.03723404255319149, 0.005319148936170213, 0.005319148936170213, 0.0, 0.0, 0.0, 0.0, 0.0, 0.0, 0.0, 0.0, 0.0, 0.0], [0.0, 0.0, 0.0, 0.0, 0.0, 0.0, 0.0, 0.0013571354003549432, 0.0013571354003549432, 0.004697776385844034, 0.007203257124960852, 0.011483453387618749, 0.021400981313289488, 0.0848731600375822, 0.11963670529282806, 0.1460486480843512, 0.17538365173817727, 0.10940599227476772, 0.14416953753001358, 0.05595573650694227, 0.03288443470090824, 0.03904374151790375, 0.015241674496293977, 0.007934022340536591, 0.011901033510804886, 0.004384591293454432, 0.003862616139471761, 0.001148345338761875, 0.0006263701847792045, 0.0, 0.0, 0.0, 0.0], [0.0, 0.0, 0.0004084967320261438, 0.0022467320261437907, 0.0016339869281045752, 0.0032679738562091504, 0.007148692810457516, 0.012459150326797386, 0.01940359477124183, 0.03615196078431373, 0.04861111111111111, 0.06883169934640523, 0.0951797385620915, 0.11151960784313726, 0.12336601307189543, 0.11968954248366014, 0.11744281045751634, 0.06801470588235294, 0.0741421568627451, 0.027777777777777776, 0.017361111111111112, 0.015522875816993464, 0.00959967320261438, 0.004697712418300653, 0.006740196078431373, 0.003472222222222222, 0.0024509803921568627, 0.0016339869281045752, 0.0008169934640522876, 0.0, 0.0004084967320261438, 0.0, 0.0], [0.002785515320334262, 0.002785515320334262, 0.0, 0.008356545961002786, 0.005571030640668524, 0.022284122562674095, 0.013927576601671309, 0.03899721448467967, 0.055710306406685235, 0.11420612813370473, 0.11420612813370473, 0.13370473537604458, 0.10863509749303621, 0.10584958217270195, 0.06963788300835655, 0.06963788300835655, 0.052924791086350974, 0.016713091922005572, 0.03064066852367688, 0.025069637883008356, 0.005571030640668524, 0.0, 0.0, 0.002785515320334262, 0.0, 0.0, 0.0, 0.0, 0.0, 0.0, 0.0, 0.0, 0.0], [0.0003137090871065565, 0.00020913939140437102, 0.0005228484785109275, 0.0003137090871065565, 0.0005228484785109275, 0.001254836348426226, 0.0015685454355327825, 0.004287357523789606, 0.007633587786259542, 0.016103733138136567, 0.02582871483843982, 0.03450799958172122, 0.041723308585172016, 0.046428944891770366, 0.05897730837603263, 0.0821917808219178, 0.19585904005019344, 0.13154867719334937, 0.1407508104151417, 0.06577433859667468, 0.042037017672278576, 0.04140959949806546, 0.021018508836139288, 0.012966642267071003, 0.01558088465962564, 0.00512391508940709, 0.00418278782808742, 0.001045696957021855, 0.0003137090871065565, 0.0, 0.0, 0.0, 0.0], [0.0, 0.0, 0.0, 0.0, 0.0003904724716907458, 0.0007809449433814916, 0.0011714174150722373, 0.0011714174150722373, 0.0023428348301444747, 0.008980866848887154, 0.012885591565794611, 0.016009371339320577, 0.02225693088637251, 0.03709488481062085, 0.06130417805544709, 0.0784849668098399, 0.10347520499804763, 0.08941819601718079, 0.1772745021475986, 0.06950409996095275, 0.07458024209293244, 0.09683717297930496, 0.042951971885982036, 0.017961733697774308, 0.04763764154627099, 0.01483795392424834, 0.010542756735650137, 0.008199921905505662, 0.002733307301835221, 0.0011714174150722373, 0.0, 0.0, 0.0], [0.0, 0.0, 0.000181422351233672, 0.0, 0.00090711175616836, 0.0005442670537010159, 0.0019956458635703917, 0.0039912917271407835, 0.007982583454281567, 0.014876632801161103, 0.021407837445573296, 0.030660377358490566, 0.05388243831640058, 0.06513062409288825, 0.10268505079825835, 0.1269956458635704, 0.1516690856313498, 0.09796806966618288, 0.1424165457184325, 0.06150217706821481, 0.03737300435413643, 0.03682873730043541, 0.01269956458635704, 0.007982583454281567, 0.010703918722786648, 0.00362844702467344, 0.0025399129172714078, 0.003084179970972424, 0.000362844702467344, 0.0, 0.0, 0.0, 0.0], [0.0, 0.0, 0.0004301691998852882, 0.0005735589331803843, 0.0011471178663607685, 0.00329796386578721, 0.006309148264984227, 0.012905075996558647, 0.020934901061084026, 0.03728133065672498, 0.0585030111843992, 0.07513622024663034, 0.0986521365070261, 0.12317178090048753, 0.1349297390306854, 0.12102093490106108, 0.10782907943791224, 0.05936334958416977, 0.05907657011757958, 0.026813880126182965, 0.018067106395182105, 0.01347863492973903, 0.008603383997705764, 0.004158302265557786, 0.003728133065672498, 0.0024376254660166334, 0.0010037281330656726, 0.0011471178663607685, 0.0, 0.0, 0.0, 0.0, 0.0], [0.0, 0.0, 0.0, 0.0, 0.0001260239445494644, 0.0005040957781978576, 0.0017643352236925015, 0.0020163831127914303, 0.004536862003780718, 0.005293005671077505, 0.013358538122243226, 0.019407687460617516, 0.027851291745431633, 0.03352236925015753, 0.048645242596093256, 0.061499684940138626, 0.2272211720226843, 0.152236925015753, 0.20163831127914303, 0.07132955261499685, 0.04234404536862004, 0.038185255198487714, 0.01638311279143037, 0.011342155009451797, 0.011972274732199117, 0.004410838059231254, 0.0020163831127914303, 0.001890359168241966, 0.0005040957781978576, 0.0, 0.0, 0.0, 0.0], [0.00020368672980955292, 0.0, 0.0, 0.00010184336490477646, 0.00010184336490477646, 0.00030553009471432935, 0.0012221203788573174, 0.0016294938384764234, 0.004175577961095835, 0.009878806395763317, 0.016091251654954678, 0.019044709237193196, 0.02556268459109889, 0.08707607699358387, 0.13473877176901924, 0.14308992769121093, 0.16763417863326205, 0.10836134025868215, 0.1314797840920664, 0.05295854975048376, 0.03146959975557592, 0.03045116610652816, 0.012323047153477951, 0.006110601894286587, 0.007536409002953458, 0.00315714431204807, 0.0032589876769528467, 0.0007129035543334351, 0.0006110601894286587, 0.0006110601894286587, 0.00010184336490477646, 0.0, 0.0], [0.0, 0.0, 0.0, 0.00018474043968224645, 0.0005542213190467394, 0.0003694808793644929, 0.0011084426380934787, 0.001662663957140218, 0.004064289673009422, 0.006650655828560872, 0.014779235174579715, 0.025124699796785516, 0.04581562904119712, 0.06613707740624422, 0.09735821171254387, 0.11601699612045077, 0.16090892296323664, 0.11823388139663772, 0.1503787179013486, 0.07130980971734713, 0.04433770552373915, 0.034731202660262334, 0.01404027341585073, 0.006281174949196379, 0.011638647699981526, 0.0035100683539626824, 0.002955847034915943, 0.0011084426380934787, 0.00018474043968224645, 0.0005542213190467394, 0.0, 0.0, 0.0], [0.0, 0.0, 0.00025201612903225806, 0.00025201612903225806, 0.0017641129032258064, 0.002772177419354839, 0.0015120967741935483, 0.005040322580645161, 0.010836693548387098, 0.01839717741935484, 0.031754032258064516, 0.04561491935483871, 0.06703629032258064, 0.09173387096774194, 0.11441532258064516, 0.12651209677419356, 0.13256048387096775, 0.09652217741935484, 0.10231854838709678, 0.04485887096774194, 0.028729838709677418, 0.03150201612903226, 0.015120967741935484, 0.0073084677419354835, 0.011844758064516129, 0.005544354838709678, 0.0025201612903225806, 0.0025201612903225806, 0.0005040322580645161, 0.00025201612903225806, 0.0, 0.0, 0.0], [0.00018573551263001485, 0.0, 0.0007429420505200594, 0.001300148588410104, 0.0005572065378900445, 0.0014858841010401188, 0.0035289747399702824, 0.007429420505200594, 0.011701337295690936, 0.020430906389301635, 0.03194650817236255, 0.05349182763744428, 0.07485141158989599, 0.10196879643387816, 0.12444279346210996, 0.1276002971768202, 0.1324294205052006, 0.08153789004457652, 0.11162704309063894, 0.03956166419019316, 0.022473997028231798, 0.023216939078751858, 0.010772659732540862, 0.005572065378900446, 0.005572065378900446, 0.0018573551263001485, 0.0014858841010401188, 0.0014858841010401188, 0.0003714710252600297, 0.0003714710252600297, 0.0, 0.0, 0.0], [0.0, 0.0, 0.00012342631449024932, 0.00024685262898049864, 0.00037027894347074796, 0.00012342631449024932, 0.0008639842014317452, 0.00185139471735374, 0.0027153789187854853, 0.006294742039002715, 0.012219205134534682, 0.01444087879535917, 0.027647494445815848, 0.06763762034065662, 0.14119970377684524, 0.15378918785485066, 0.1714391508269563, 0.1091088620093804, 0.1621821772401876, 0.046284867933843496, 0.024438410269069365, 0.026042952357442608, 0.010120957788200444, 0.006171315724512466, 0.008146136756356455, 0.0017279684028634905, 0.002221673660824488, 0.0014811157738829918, 0.0007405578869414959, 0.00037027894347074796, 0.0, 0.0, 0.0], [0.0, 0.0, 0.0, 0.00641025641025641, 0.00641025641025641, 0.00641025641025641, 0.0, 0.019230769230769232, 0.04487179487179487, 0.08974358974358974, 0.057692307692307696, 0.10256410256410256, 0.07051282051282051, 0.057692307692307696, 0.057692307692307696, 0.11538461538461539, 0.10897435897435898, 0.07692307692307693, 0.05128205128205128, 0.02564102564102564, 0.03205128205128205, 0.01282051282051282, 0.02564102564102564, 0.0, 0.00641025641025641, 0.01282051282051282, 0.0, 0.01282051282051282, 0.0, 0.0, 0.0, 0.0, 0.0], [0.00021860312602470214, 0.00010930156301235107, 0.0, 0.0, 0.0, 0.00010930156301235107, 0.00021860312602470214, 0.0009837140671111596, 0.0024046343862717235, 0.0045906656465187455, 0.007541807847852224, 0.01016504536014865, 0.02218821729150727, 0.029948628265384195, 0.05148103617881736, 0.1776150398950705, 0.22100776041097386, 0.14460596786534047, 0.14919663351185922, 0.0661274456224724, 0.036834626735162315, 0.03628811892010056, 0.013771996939556235, 0.007323204721827522, 0.010055743797136299, 0.003169745327358181, 0.003169745327358181, 0.00032790468903705323, 0.0005465078150617554, 0.0, 0.0, 0.0, 0.0], [0.0, 0.0, 0.0, 0.00011839924224484963, 0.0, 0.00011839924224484963, 0.0010655931802036466, 0.0003551977267345489, 0.001302391664693346, 0.002249585602652143, 0.004499171205304286, 0.006867156050201279, 0.011484726497750414, 0.0162206961875444, 0.028179019654274214, 0.1255031967795406, 0.18221643381482358, 0.14989344068197963, 0.20222590575420318, 0.09329860288894151, 0.056831636277527825, 0.056476438550793276, 0.01918067724366564, 0.010774331044281316, 0.018233483305706844, 0.006275159838977031, 0.0034335780251006395, 0.001894387875917594, 0.0005919962112242482, 0.00023679848448969926, 0.0004735969689793985, 0.0, 0.0], [0.0001939299912731504, 9.69649956365752e-05, 0.0, 0.0001939299912731504, 0.0001939299912731504, 0.0005817899738194512, 0.0007757199650926016, 0.0018423349170949288, 0.002908949869097256, 0.005623969746921361, 0.010375254533113547, 0.013478134393483953, 0.017453699214583535, 0.024726073887326675, 0.04596140793173664, 0.14108406865121692, 0.16542228255599728, 0.13933869872975857, 0.18248812178803453, 0.08494133617763987, 0.05129448269174828, 0.05449432754775526, 0.022301948996412295, 0.011344904489479299, 0.01493260932803258, 0.004751284786192185, 0.0022301948996412296, 0.0005817899738194512, 0.0003878599825463008, 0.0, 0.0, 0.0, 0.0], [0.0, 0.0, 0.0, 0.00145985401459854, 0.00145985401459854, 0.0, 0.00145985401459854, 0.0072992700729927005, 0.0072992700729927005, 0.0072992700729927005, 0.013138686131386862, 0.024817518248175182, 0.04525547445255475, 0.08613138686131387, 0.12262773722627737, 0.181021897810219, 0.17372262773722627, 0.11970802919708029, 0.11824817518248175, 0.049635036496350364, 0.024817518248175182, 0.014598540145985401, 0.0, 0.0, 0.0, 0.0, 0.0, 0.0, 0.0, 0.0, 0.0, 0.0, 0.0], [0.0, 0.0, 0.0, 8.93415527561869e-05, 0.0, 8.93415527561869e-05, 0.0002680246582685607, 0.0007147324220494952, 0.0016081479496113642, 0.004824443848834093, 0.007415348878763513, 0.012597158938622354, 0.02135263110872867, 0.027517198248905566, 0.04056106495130885, 0.048601804699365675, 0.11721611721611722, 0.16188689359421066, 0.2714196372732958, 0.09523809523809523, 0.05539176270883588, 0.07209863307424283, 0.02197802197802198, 0.00982757080318056, 0.017510944340212633, 0.00491378540159028, 0.0031269543464665416, 0.0029482712409541678, 0.0006253908692933083, 0.0001786831055123738, 0.0, 0.0, 0.0], [9.805844283192783e-05, 9.805844283192783e-05, 9.805844283192783e-05, 0.0, 0.0003922337713277113, 0.0003922337713277113, 0.0002941753284957835, 0.0009805844283192783, 0.0010786428711512062, 0.005197097470092175, 0.009609727397528927, 0.019023337909394, 0.033143753677191606, 0.04451853304569523, 0.06540498136889586, 0.07697587762306335, 0.11443420278485977, 0.2019023337909394, 0.22318101588546774, 0.08893900764855854, 0.04461659148852716, 0.0398117277897627, 0.013924298882133751, 0.005785448127083742, 0.00451068837026868, 0.003922337713277113, 0.0012747597568150619, 0.0003922337713277113, 0.0, 0.0, 0.0, 0.0, 0.0], [0.0, 0.00010440593025683859, 0.0, 0.00010440593025683859, 0.00010440593025683859, 0.0005220296512841929, 0.0007308415117978701, 0.0016704948841094174, 0.0022969304656504487, 0.00448945500104406, 0.012737523491334307, 0.037899352683232405, 0.05502192524535394, 0.07913969513468365, 0.10492795990812279, 0.13750261014825643, 0.15546043015243266, 0.11286281060764251, 0.13384840258926706, 0.0630611818751305, 0.037168511171434535, 0.029860096053455836, 0.014303612445186886, 0.005637920233869284, 0.005846732094382961, 0.0024013363959072874, 0.0018793067446230946, 0.00041762372102735435, 0.0, 0.0, 0.0, 0.0, 0.0], [0.0, 0.0, 0.0, 0.0, 0.0002389771776795316, 0.0, 0.0013143744772374237, 0.00227028318795555, 0.0045405663759111, 0.007647269685745011, 0.015772493726849086, 0.024853626478671287, 0.04265742621579639, 0.06667463257258932, 0.10180427769148047, 0.12833074441390846, 0.15282590512606045, 0.0978611542597682, 0.16501374118771658, 0.0604612259529215, 0.036921973951487636, 0.039789700083642014, 0.017206356792926276, 0.008364201218783606, 0.01111243876209822, 0.004660054964750866, 0.0045405663759111, 0.002509260365635082, 0.001194885888397658, 0.0004779543553590632, 0.0009559087107181264, 0.0, 0.0], [0.0, 0.00017571604287471446, 0.00017571604287471446, 0.0003514320857494289, 0.0010542962572482868, 0.0010542962572482868, 0.0017571604287471446, 0.002635740643120717, 0.009137234229485152, 0.025303110173958882, 0.04445615884730276, 0.06062203479177649, 0.07696362677912494, 0.1031453171674574, 0.12721841504129328, 0.11808118081180811, 0.14531716745738885, 0.07590933052187665, 0.10964681075382182, 0.028290282902829027, 0.02319451765946231, 0.020910209102091022, 0.00825865401511158, 0.004392901071867862, 0.006852925672113864, 0.0012300123001230013, 0.0015814443858724301, 0.0015814443858724301, 0.0007028641714988579, 0.0, 0.0, 0.0, 0.0], [0.0, 0.0, 0.0, 0.0007449714427613609, 0.0022349143282840824, 0.0019865905140302956, 0.003973181028060591, 0.007449714427613608, 0.013657809783958282, 0.015892724112242365, 0.027067295753662776, 0.04047678172336727, 0.05487956295008691, 0.08517506828904892, 0.1216786689843556, 0.13210826918301466, 0.15172585050906381, 0.09485969704494661, 0.1082691830146511, 0.049168115222249814, 0.02582567668239384, 0.022349143282840826, 0.012664514526943133, 0.007946362056121183, 0.007698038241867395, 0.004469828656568165, 0.00322820958529923, 0.00322820958529923, 0.0012416190712689348, 0.0, 0.0, 0.0, 0.0], [0.00022398924851607123, 0.0, 0.0, 0.0, 0.00044797849703214247, 0.00044797849703214247, 0.0016799193638705342, 0.003471833351999104, 0.004927763467353567, 0.009631537686191063, 0.01758315600851159, 0.046589763691342816, 0.08489192518759099, 0.11871430171351775, 0.14615298465673648, 0.14917683951170344, 0.13909732332848024, 0.07884421547765708, 0.09418747900100795, 0.033822376525926755, 0.021390973233284802, 0.024414828088251763, 0.009295553813416955, 0.0044797849703214244, 0.006607682831224101, 0.0017919139881285699, 0.0012319408668383918, 0.0006719677455482136, 0.0, 0.00022398924851607123, 0.0, 0.0, 0.0], [0.0, 0.0, 0.0, 0.00028196813760045117, 0.00014098406880022558, 0.00014098406880022558, 0.0014098406880022557, 0.0004229522064006767, 0.0021147610320033836, 0.004652474270407444, 0.007754123784012407, 0.009304948540814888, 0.01466234315522346, 0.08007895107852812, 0.11349217538418159, 0.13816438742422107, 0.16777104187226843, 0.10982658959537572, 0.15663330043705062, 0.06076413365289722, 0.036796841956858874, 0.04018045960806429, 0.018327928944029324, 0.008741012265613985, 0.013534470604821654, 0.005075426476808121, 0.004652474270407444, 0.0031016495136049625, 0.000986888481601579, 0.0005639362752009023, 0.0004229522064006767, 0.0, 0.0], [0.0, 0.0, 0.00017361111111111112, 0.00034722222222222224, 0.0010416666666666667, 0.0012152777777777778, 0.0022569444444444442, 0.0050347222222222225, 0.007465277777777778, 0.01840277777777778, 0.029861111111111113, 0.04079861111111111, 0.06961805555555556, 0.090625, 0.11770833333333333, 0.13020833333333334, 0.14427083333333332, 0.0920138888888889, 0.12256944444444444, 0.04600694444444445, 0.027777777777777776, 0.022395833333333334, 0.010243055555555556, 0.004340277777777778, 0.005729166666666666, 0.0008680555555555555, 0.0026041666666666665, 0.005208333333333333, 0.0010416666666666667, 0.00017361111111111112, 0.0, 0.0, 0.0], [0.00011599582415033058, 0.0, 0.0, 0.0, 0.00011599582415033058, 0.0010439624173529754, 0.0006959749449019835, 0.0023199164830066117, 0.002783899779607934, 0.0057997912075165295, 0.014035494722190001, 0.02180721494026215, 0.03595870548660248, 0.042802459111471985, 0.0591578703166686, 0.13989096392529868, 0.2043846421528825, 0.14511077601206357, 0.15369446699918804, 0.06878552372114603, 0.042802459111471985, 0.02969493098248463, 0.014035494722190001, 0.005567799559215868, 0.005219812086764876, 0.0026679039554576033, 0.0010439624173529754, 0.00034798747245099175, 0.00011599582415033058, 0.0, 0.0, 0.0, 0.0], [0.0, 0.0, 0.0, 0.00015037593984962405, 0.00015037593984962405, 0.0004511278195488722, 0.0006015037593984962, 0.0016541353383458647, 0.003909774436090226, 0.009323308270676692, 0.023458646616541352, 0.032330827067669175, 0.06676691729323309, 0.09834586466165414, 0.12781954887218044, 0.14646616541353383, 0.15654135338345865, 0.10330827067669172, 0.11157894736842106, 0.04105263157894737, 0.026466165413533835, 0.019097744360902256, 0.009323308270676692, 0.0055639097744360905, 0.007969924812030075, 0.002105263157894737, 0.002857142857142857, 0.001954887218045113, 0.0006015037593984962, 0.0, 0.00015037593984962405, 0.0, 0.0], [0.0, 0.0, 0.0, 0.0001562255897516013, 0.0, 0.0006249023590064052, 0.0009373535385096079, 0.0009373535385096079, 0.0023433838462740197, 0.002030932666770817, 0.005467895641306046, 0.02124668020621778, 0.03968129979690673, 0.06280268708014372, 0.09014216528667396, 0.1184189970317138, 0.15513201062334012, 0.11295110139040775, 0.17356663021402907, 0.06873925949070457, 0.04311826277144196, 0.044680518668957975, 0.019371973129198562, 0.012029370410873302, 0.01327917512888611, 0.006561474769567255, 0.0032807373847836274, 0.0015622558975160131, 0.0007811279487580066, 0.0001562255897516013, 0.0, 0.0, 0.0], [0.0, 0.0, 0.00011466574934067194, 0.0, 0.00022933149868134388, 0.0003439972480220158, 0.0003439972480220158, 0.0012613232427473914, 0.0011466574934067195, 0.003783969728242174, 0.006765279211099645, 0.01605320490769407, 0.02717578259373925, 0.0449489737415434, 0.07350074532737072, 0.1577800710927646, 0.17784657722738217, 0.10732714138286893, 0.17371861025111798, 0.06352482513473226, 0.042655658754729965, 0.038527691778465774, 0.023965141612200435, 0.012269235179451898, 0.015594541910331383, 0.004471964224286206, 0.0032106409815388145, 0.002407980736154111, 0.0009173259947253755, 0.00011466574934067194, 0.0, 0.0, 0.0], [0.0, 0.0, 9.258401999814833e-05, 0.0, 9.258401999814833e-05, 9.258401999814833e-05, 9.258401999814833e-05, 0.0008332561799833349, 0.001759096379964818, 0.004721785019905564, 0.008980649939820387, 0.016294787519674104, 0.02805295805943894, 0.03620035181927599, 0.054809739838903804, 0.05897602073882048, 0.07212295157855754, 0.1080455513378391, 0.3101564669937969, 0.11073048791778539, 0.0636052217387279, 0.0684195907786316, 0.01814646791963707, 0.008425145819831496, 0.0166651235996667, 0.006017961299879641, 0.003981112859920378, 0.0015739283399685215, 0.0006480881399870382, 0.0004629200999907416, 0.0, 0.0, 0.0], [0.0, 0.0, 0.0, 0.0, 0.0, 0.00010101010101010101, 0.0008080808080808081, 0.0029292929292929295, 0.004949494949494949, 0.01, 0.017676767676767676, 0.033535353535353536, 0.0503030303030303, 0.07646464646464647, 0.11414141414141414, 0.13656565656565656, 0.17333333333333334, 0.1098989898989899, 0.15393939393939393, 0.04808080808080808, 0.024646464646464646, 0.026767676767676767, 0.007272727272727273, 0.0035353535353535356, 0.0023232323232323234, 0.0007070707070707071, 0.0013131313131313131, 0.0007070707070707071, 0.0, 0.0, 0.0, 0.0, 0.0], [0.0, 0.003076923076923077, 0.0, 0.003076923076923077, 0.009230769230769232, 0.018461538461538463, 0.021538461538461538, 0.046153846153846156, 0.08, 0.06153846153846154, 0.055384615384615386, 0.07384615384615385, 0.07692307692307693, 0.12, 0.12615384615384614, 0.10153846153846154, 0.08, 0.043076923076923075, 0.033846153846153845, 0.018461538461538463, 0.009230769230769232, 0.009230769230769232, 0.0, 0.009230769230769232, 0.0, 0.0, 0.0, 0.0, 0.0, 0.0, 0.0, 0.0, 0.0]]}, "ranks": {"labels": ["Unranked", "Combatatent I", "Combatatent II", "Challenger I", "Challenger II", "Rival I", "Rival II", "Duelist", "Elite"], "data": [[0.13068181818181818, 0.18323863636363635, 0.24857954545454544, 0.23011363636363635, 0.10795454545454546, 0.0625, 0.019886363636363636, 0.017045454545454544, 0.0], [0.06398348813209494, 0.09391124871001032, 0.17750257997936017, 0.26238390092879255, 0.2301341589267286, 0.12151702786377709, 0.031217750257997934, 0.014189886480908152, 0.005159958720330237], [0.007630003521540087, 0.012677544312712759, 0.031224322103533278, 0.06385726024181242, 0.2661110458974058, 0.4015729545721329, 0.09179481159760536, 0.09249911961497828, 0.03263293813827914], [0.015285599356395816, 0.0249396621078037, 0.0545914262728422, 0.09481668773704172, 0.11584875301689461, 0.35743018043903, 0.1545799333409953, 0.1407884151246983, 0.041719342604298354], [0.18085106382978725, 0.16489361702127658, 0.2127659574468085, 0.19148936170212766, 0.12234042553191489, 0.07446808510638298, 0.0425531914893617, 0.010638297872340425, 0.0], [0.00741204718655392, 0.018686710512579603, 0.1062741413508717, 0.26568535337717925, 0.284789644012945, 0.1758012318613634, 0.05720847687650068, 0.06221943835473431, 0.02192295646727216], [0.08272058823529412, 0.11744281045751634, 0.20669934640522875, 0.24305555555555555, 0.1854575163398693, 0.09129901960784313, 0.02798202614379085, 0.0298202614379085, 0.015522875816993464], [0.2646239554317549, 0.2479108635097493, 0.21448467966573817, 0.1392757660167131, 0.06963788300835655, 0.03899721448467967, 0.022284122562674095, 0.002785515320334262, 0.0], [0.032730314754784065, 0.06033671442016104, 0.08815225347694239, 0.14116908919795043, 0.32740771724354284, 0.17860504025933285, 0.06995712642476211, 0.07539475060127575, 0.026246993621248563], [0.01483795392424834, 0.02889496290511519, 0.05935181569699336, 0.13978914486528699, 0.19289340101522842, 0.21124560718469348, 0.11011323701679032, 0.1577508785630613, 0.08512299882858258], [0.030478955007256895, 0.05206821480406386, 0.11901306240928883, 0.22968069666182875, 0.24963715529753266, 0.1792452830188679, 0.06204644412191582, 0.05751088534107402, 0.020319303338171262], [0.08287926584456552, 0.13363923143102954, 0.22182391740751362, 0.2559506739317465, 0.167192429022082, 0.07341554344708918, 0.030542013191855462, 0.02624032119300258, 0.008316604531115572], [0.014240705734089478, 0.03276622558286074, 0.06137366099558916, 0.11014492753623188, 0.3794580970384373, 0.24373030875866414, 0.07158160050409577, 0.06591052299936988, 0.020793950850661626], [0.017618902128526327, 0.03513596089214788, 0.11263876158468276, 0.27782869946023014, 0.2759955188919442, 0.16070882981973725, 0.05519910377838884, 0.048884815154292695, 0.015989408290049904], [0.014594494734897469, 0.03990393497136523, 0.11195270644744135, 0.21337520783299463, 0.2791428043598744, 0.18991317199334934, 0.07611306114908553, 0.05505265102530944, 0.019951967485682617], [0.040826612903225805, 0.07736895161290322, 0.1587701612903226, 0.24092741935483872, 0.2290826612903226, 0.1272681451612903, 0.048639112903225805, 0.053931451612903226, 0.023185483870967742], [0.04736255572065379, 0.08543833580980684, 0.17682020802377416, 0.25204309063893016, 0.2139673105497771, 0.13540118870728082, 0.038261515601783064, 0.03956166419019316, 0.011144130757800892], [0.01258948407800543, 0.026660083929893854, 0.09528511478647247, 0.2949888916316959, 0.2805480128363367, 0.18797827696864972, 0.044927178474450755, 0.042335225870155514, 0.01468773142433967], [0.17307692307692307, 0.16025641025641027, 0.1282051282051282, 0.17307692307692307, 0.1858974358974359, 0.057692307692307696, 0.05128205128205128, 0.038461538461538464, 0.03205128205128205], [0.008634823477975735, 0.017706853208000875, 0.052136845556891465, 0.22909607607388785, 0.36561372827631433, 0.1885451961963056, 0.06361350967318832, 0.057383320581484314, 0.01726964695595147], [0.005209566658773384, 0.011366327255505565, 0.027705422685294814, 0.15368221643381483, 0.33210987449680324, 0.2533743784039782, 0.0989817665166943, 0.08643144683874023, 0.031139000710395454], [0.012411519441481625, 0.0238533889265975, 0.04217977310191021, 0.18704547658295356, 0.30476098128575585, 0.2302918646368661, 0.08843207602055658, 0.08814118103364685, 0.022883738970231746], [0.026277372262773723, 0.03795620437956204, 0.13138686131386862, 0.30364963503649633, 0.2934306569343066, 0.15036496350364964, 0.042335766423357665, 0.014598540145985401, 0.0], [0.007594031984275887, 0.020012507817385866, 0.04886982935763424, 0.08916286965067453, 0.2791030108103279, 0.3268113999821317, 0.09523809523809523, 0.10390422585544537, 0.029304029304029304], [0.00862914296920965, 0.028633065306922927, 0.07766228672288684, 0.1423808589919592, 0.3163365365757992, 0.2733869386154148, 0.08334967640713865, 0.05952147479898019, 0.010100019611688566], [0.010022969304656505, 0.05063687617456671, 0.1341616203800376, 0.2424305700563792, 0.2683232407600752, 0.16809354771351012, 0.06598454792232199, 0.04980162873251201, 0.010544998955940698], [0.01601147090452862, 0.04062612020552037, 0.10933205878838571, 0.23013502210538894, 0.25068705938582864, 0.1966782172302545, 0.06571872386187119, 0.0653602580953519, 0.025451069422870117], [0.04164470216130733, 0.10507819363907925, 0.18010894394658233, 0.24529959585310138, 0.2212264979792655, 0.12598840274117026, 0.035143208574942894, 0.03356176418907046, 0.011948690915480583], [0.045939905636950586, 0.06754407747703005, 0.14005463123913584, 0.25378693816737025, 0.24658554755401044, 0.1353364787683139, 0.04792649615098088, 0.04296001986590514, 0.019865905140302956], [0.020831000111994624, 0.0641729196998544, 0.20360622690110874, 0.2953298241684399, 0.2179415388061373, 0.11333855974913204, 0.036062269011087465, 0.038190166871990144, 0.010527494680255347], [0.009163964472014662, 0.017059072324827295, 0.09474129423375159, 0.25165656280840265, 0.27759763146764416, 0.1901875088115043, 0.06400676723530241, 0.0672494008177076, 0.02833779782884534], [0.0359375, 0.07065972222222222, 0.16024305555555557, 0.24791666666666667, 0.23628472222222222, 0.14878472222222222, 0.04756944444444444, 0.03697916666666667, 0.015625], [0.012875536480686695, 0.03584270966245215, 0.07876116459807447, 0.1990488342419673, 0.34949541816494606, 0.19174109732049646, 0.0735413525113096, 0.0492982252638905, 0.009395661756176777], [0.0162406015037594, 0.05578947368421053, 0.1651127819548872, 0.2742857142857143, 0.2598496240601504, 0.13428571428571429, 0.04481203007518797, 0.033984962406015035, 0.015639097744360904], [0.007030151538822059, 0.026714575847523823, 0.10248398687705046, 0.20856116231838775, 0.26808311201374785, 0.21137322293391658, 0.07405092954225902, 0.07608186220902984, 0.025620996719262615], [0.007223942208462332, 0.022818484118793718, 0.07212475633528265, 0.23128081642013532, 0.2851737186102511, 0.20788900355463824, 0.07201009058594197, 0.0747620685701181, 0.026717119596376564], [0.00768447365984631, 0.025275437459494492, 0.06425330987871493, 0.11378576057772428, 0.18016850291639663, 0.37126192019257476, 0.11323025645773539, 0.09499120451810017, 0.029349134339413017], [0.018787878787878787, 0.05121212121212121, 0.12676767676767678, 0.2507070707070707, 0.2832323232323232, 0.1812121212121212, 0.045454545454545456, 0.037575757575757575, 0.005050505050505051], [0.24307692307692308, 0.12923076923076923, 0.19692307692307692, 0.2276923076923077, 0.12307692307692308, 0.036923076923076927, 0.024615384615384615, 0.018461538461538463, 0.0]]}, "ranksDetailed": {"labels": ["Unranked", "Combatatant", "Challenger", "Rival", "Duelist", "Elite"], "data": [[0.13068181818181818, 0.4318181818181818, 0.3380681818181818, 0.08238636363636363, 0.017045454545454544, 0.0], [0.06398348813209494, 0.2714138286893705, 0.49251805985552116, 0.15273477812177502, 0.014189886480908152, 0.005159958720330237], [0.007630003521540087, 0.043901866416246035, 0.32996830613921824, 0.4933677661697382, 0.09249911961497828, 0.03263293813827914], [0.015285599356395816, 0.0795310883806459, 0.21066544075393634, 0.5120101137800253, 0.1407884151246983, 0.041719342604298354], [0.18085106382978725, 0.3776595744680851, 0.31382978723404253, 0.11702127659574468, 0.010638297872340425, 0.0], [0.00741204718655392, 0.1249608518634513, 0.5504749973901242, 0.23300970873786409, 0.06221943835473431, 0.02192295646727216], [0.08272058823529412, 0.3241421568627451, 0.4285130718954248, 0.119281045751634, 0.0298202614379085, 0.015522875816993464], [0.2646239554317549, 0.4623955431754875, 0.20891364902506965, 0.06128133704735376, 0.002785515320334262, 0.0], [0.032730314754784065, 0.14848896789710342, 0.46857680644149324, 0.24856216668409495, 0.07539475060127575, 0.026246993621248563], [0.01483795392424834, 0.08824677860210856, 0.33268254588051543, 0.3213588442014838, 0.1577508785630613, 0.08512299882858258], [0.030478955007256895, 0.17108127721335267, 0.4793178519593614, 0.24129172714078376, 0.05751088534107402, 0.020319303338171262], [0.08287926584456552, 0.3554631488385432, 0.4231431029538285, 0.10395755663894465, 0.02624032119300258, 0.008316604531115572], [0.014240705734089478, 0.0941398865784499, 0.4896030245746692, 0.3153119092627599, 0.06591052299936988, 0.020793950850661626], [0.017618902128526327, 0.14777472247683063, 0.5538242183521743, 0.21590793359812607, 0.048884815154292695, 0.015989408290049904], [0.014594494734897469, 0.1518566414188066, 0.492518012192869, 0.2660262331424349, 0.05505265102530944, 0.019951967485682617], [0.040826612903225805, 0.2361391129032258, 0.4700100806451613, 0.17590725806451613, 0.053931451612903226, 0.023185483870967742], [0.04736255572065379, 0.262258543833581, 0.4660104011887073, 0.1736627043090639, 0.03956166419019316, 0.011144130757800892], [0.01258948407800543, 0.12194519871636633, 0.5755369044680326, 0.23290545544310046, 0.042335225870155514, 0.01468773142433967], [0.17307692307692307, 0.28846153846153844, 0.358974358974359, 0.10897435897435898, 0.038461538461538464, 0.03205128205128205], [0.008634823477975735, 0.06984369876489234, 0.5947098043502022, 0.25215870586949396, 0.057383320581484314, 0.01726964695595147], [0.005209566658773384, 0.03907174994080038, 0.48579209093061804, 0.3523561449206725, 0.08643144683874023, 0.031139000710395454], [0.012411519441481625, 0.0660331620285077, 0.4918064578687094, 0.31872394065742266, 0.08814118103364685, 0.022883738970231746], [0.026277372262773723, 0.16934306569343066, 0.5970802919708029, 0.1927007299270073, 0.014598540145985401, 0.0], [0.007594031984275887, 0.0688823371750201, 0.3682658804610024, 0.42204949522022694, 0.10390422585544537, 0.029304029304029304], [0.00862914296920965, 0.10629535202980976, 0.45871739556775837, 0.35673661502255344, 0.05952147479898019, 0.010100019611688566], [0.010022969304656505, 0.1847984965546043, 0.5107538108164543, 0.23407809563583212, 0.04980162873251201, 0.010544998955940698], [0.01601147090452862, 0.1499581789939061, 0.4808220814912176, 0.2623969410921257, 0.0653602580953519, 0.025451069422870117], [0.04164470216130733, 0.28518713758566155, 0.4665260938323669, 0.16113161131611317, 0.03356176418907046, 0.011948690915480583], [0.045939905636950586, 0.20759870871616587, 0.5003724857213807, 0.18326297491929475, 0.04296001986590514, 0.019865905140302956], [0.020831000111994624, 0.26777914660096314, 0.5132713629745772, 0.1494008287602195, 0.038190166871990144, 0.010527494680255347], [0.009163964472014662, 0.11180036655857888, 0.5292541942760468, 0.2541942760468067, 0.0672494008177076, 0.02833779782884534], [0.0359375, 0.2309027777777778, 0.48420138888888886, 0.19635416666666666, 0.03697916666666667, 0.015625], [0.012875536480686695, 0.11460387426052662, 0.5485442524069134, 0.26528244983180604, 0.0492982252638905, 0.009395661756176777], [0.0162406015037594, 0.22090225563909774, 0.5341353383458647, 0.17909774436090226, 0.033984962406015035, 0.015639097744360904], [0.007030151538822059, 0.12919856272457428, 0.47664427433213563, 0.2854241524761756, 0.07608186220902984, 0.025620996719262615], [0.007223942208462332, 0.09494324045407637, 0.5164545350303864, 0.27989909414058023, 0.0747620685701181, 0.026717119596376564], [0.00768447365984631, 0.08952874733820942, 0.2939542634941209, 0.48449217665031014, 0.09499120451810017, 0.029349134339413017], [0.018787878787878787, 0.177979797979798, 0.5339393939393939, 0.22666666666666666, 0.037575757575757575, 0.005050505050505051], [0.24307692307692308, 0.3261538461538461, 0.3507692307692308, 0.06153846153846154, 0.018461538461538463, 0.0]]}}}, "eu": {"histType": {"histogram": {"labels": ["0", "100", "200", "300", "400", "500", "600", "700", "800", "900", "1000", "1100", "1200", "1300", "1400", "1500", "1600", "1700", "1800", "1900", "2000", "2100", "2200", "2300", "2400", "2500", "2600", "2700", "2800", "2900", "3000", "3100", "3200"], "data": [[0.0, 0.0, 0.0018975332068311196, 0.0, 0.0, 0.0056925996204933585, 0.011385199240986717, 0.024667931688804556, 0.051233396584440226, 0.07400379506641366, 0.07400379506641366, 0.10436432637571158, 0.0967741935483871, 0.12903225806451613, 0.1442125237191651, 0.09297912713472485, 0.06641366223908918, 0.03984819734345351, 0.03225806451612903, 0.024667931688804556, 0.0056925996204933585, 0.011385199240986717, 0.009487666034155597, 0.0, 0.0, 0.0, 0.0, 0.0, 0.0, 0.0, 0.0, 0.0, 0.0], [0.0002852253280091272, 0.0002852253280091272, 0.0005704506560182544, 0.0008556759840273817, 0.0019965772960638907, 0.0037079292641186536, 0.0068454078722190535, 0.010553337136337706, 0.020821448944666286, 0.034227039361095266, 0.04535082715345123, 0.06160867084997148, 0.08214489446662863, 0.10467769537934969, 0.13291500285225327, 0.13120365088419852, 0.14118653736451797, 0.0681688533941814, 0.0932686822589846, 0.02452937820878494, 0.01226468910439247, 0.011123787792355962, 0.004848830576155163, 0.002567027952082145, 0.002852253280091272, 0.0005704506560182544, 0.0005704506560182544, 0.0, 0.0, 0.0, 0.0, 0.0, 0.0], [0.0, 0.0, 0.0, 0.00011852554225435582, 0.00011852554225435582, 0.00011852554225435582, 0.0, 0.0008296787957804907, 0.001896408676069693, 0.002607561929595828, 0.005807751570463435, 0.009482043380348465, 0.011852554225435581, 0.015526846035320611, 0.02572004266919521, 0.03484650942278061, 0.196870925684485, 0.15147564300106672, 0.3116036505867014, 0.08012326656394453, 0.05001777883133815, 0.05369207064122318, 0.01754178025364466, 0.007467109162024416, 0.011259926514163802, 0.005333649401446011, 0.003200189640867607, 0.002014934218324049, 0.00023705108450871164, 0.00023705108450871164, 0.0, 0.0, 0.0], [0.0, 0.0, 0.0, 0.00010980564401010212, 0.00010980564401010212, 0.00021961128802020424, 0.0007686395080707148, 0.00208630723619194, 0.0024157241682222466, 0.005929504776545514, 0.011639398265070825, 0.017239486109586033, 0.020533655429889098, 0.026682771494454815, 0.04260458987591962, 0.05391457120896014, 0.07697375645108158, 0.05259690348083892, 0.28582409135829584, 0.14142966948501154, 0.08894257164818271, 0.08542879103985945, 0.03151421983089931, 0.013176677281212254, 0.023168990886131547, 0.008015812012737454, 0.004502031404414187, 0.0030745580322828594, 0.000878445152080817, 0.00021961128802020424, 0.0, 0.0, 0.0], [0.0, 0.0, 0.0, 0.0, 0.0, 0.022099447513812154, 0.027624309392265192, 0.055248618784530384, 0.055248618784530384, 0.06077348066298342, 0.0718232044198895, 0.07734806629834254, 0.055248618784530384, 0.11602209944751381, 0.08839779005524862, 0.14917127071823205, 0.03314917127071823, 0.06077348066298342, 0.04419889502762431, 0.03867403314917127, 0.022099447513812154, 0.0055248618784530384, 0.0, 0.0055248618784530384, 0.011049723756906077, 0.0, 0.0, 0.0, 0.0, 0.0, 0.0, 0.0, 0.0], [0.0, 0.00010429703796412182, 0.00010429703796412182, 0.00020859407592824363, 0.00031289111389236547, 0.00010429703796412182, 0.00020859407592824363, 0.00114726741760534, 0.0018773466833541927, 0.0038589904046725074, 0.007822277847309137, 0.011994159365874009, 0.04526491447642887, 0.08646224447225699, 0.12411347517730496, 0.13381309970796829, 0.15811430955360867, 0.11045056320400501, 0.1467459324155194, 0.0549645390070922, 0.033583646224447226, 0.03796412181894034, 0.01543596161869003, 0.004901960784313725, 0.010638297872340425, 0.004693366708385482, 0.0031289111389236545, 0.0012515644555694619, 0.00020859407592824363, 0.00041718815185648727, 0.00010429703796412182, 0.0, 0.0], [0.00019227071716977504, 0.00019227071716977504,