{"region": {"us": {"histType": {"histogram": {"labels": ["0", "100", "200", "300", "400", "500", "600", "700", "800", "900", "1000", "1100", "1200", "1300", "1400", "1500", "1600", "1700", "1800", "1900", "2000", "2100", "2200", "2300", "2400", "2500", "2600", "2700", "2800", "2900", "3000"], "data": [[0.0, 0.0, 0.0, 0.0043859649122807015, 0.0, 0.013157894736842105, 0.017543859649122806, 0.021929824561403508, 0.04824561403508772, 0.03508771929824561, 0.06140350877192982, 0.10526315789473684, 0.09210526315789473, 0.09649122807017543, 0.14035087719298245, 0.09210526315789473, 0.05701754385964912, 0.05701754385964912, 0.05263157894736842, 0.043859649122807015, 0.021929824561403508, 0.03070175438596491, 0.008771929824561403, 0.0, 0.0, 0.0, 0.0, 0.0, 0.0, 0.0, 0.0], [0.0, 0.0010443864229765013, 0.0, 0.0005221932114882506, 0.001566579634464752, 0.0010443864229765013, 0.005744125326370757, 0.011488250652741514, 0.011488250652741514, 0.022454308093994776, 0.03968668407310705, 0.04960835509138381, 0.07415143603133159, 0.0793733681462141, 0.12323759791122715, 0.13107049608355092, 0.14934725848563968, 0.08616187989556136, 0.11070496083550914, 0.0391644908616188, 0.02349869451697128, 0.014621409921671017, 0.00835509138381201, 0.004699738903394256, 0.004177545691906005, 0.004699738903394256, 0.0020887728459530026, 0.0, 0.0, 0.0, 0.0], [0.00015678896205707118, 0.0, 0.0, 0.00031357792411414236, 0.00031357792411414236, 0.00015678896205707118, 0.00047036688617121356, 0.0009407337723424271, 0.004546879899655064, 0.005487613671997491, 0.010034493571652555, 0.013954217623079336, 0.023204766384446535, 0.03731577296958294, 0.05973659454374412, 0.08827218563813108, 0.14126685481342113, 0.10818438381937912, 0.23000940733772343, 0.07792411414236437, 0.053621825023518345, 0.06710567576042646, 0.02508623392913139, 0.015522107243650047, 0.022264032612104107, 0.00658513640639699, 0.0042333019755409216, 0.002508623392913139, 0.0007839448102853559, 0.0, 0.0], [0.0, 0.0, 0.0, 0.0, 0.0002873150409423933, 0.0002873150409423933, 0.0015802327251831633, 0.0028731504094239332, 0.007182876023559833, 0.012785519321936504, 0.02111765550926591, 0.023990805918689843, 0.04482114638701336, 0.06407125413015372, 0.09309007326533544, 0.1249820428099411, 0.1587415601206723, 0.11320212613130297, 0.16348225829622182, 0.06392759660968252, 0.040798735813819854, 0.037350955322511134, 0.01077431403533975, 0.004166068093664703, 0.00603361585979026, 0.0022985203275391465, 0.00172389024565436, 0.00043097256141359, 0.0, 0.0, 0.0], [0.0, 0.0, 0.0, 0.0, 0.0, 0.02631578947368421, 0.0, 0.05263157894736842, 0.039473684210526314, 0.07894736842105263, 0.05263157894736842, 0.06578947368421052, 0.10526315789473684, 0.14473684210526316, 0.05263157894736842, 0.02631578947368421, 0.07894736842105263, 0.05263157894736842, 0.02631578947368421, 0.09210526315789473, 0.039473684210526314, 0.05263157894736842, 0.0, 0.013157894736842105, 0.0, 0.0, 0.0, 0.0, 0.0, 0.0, 0.0], [0.0, 0.0, 0.0, 0.0, 0.0, 0.00014210601108426886, 0.00014210601108426886, 0.002131590166264033, 0.002131590166264033, 0.007815830609634788, 0.013357965041921273, 0.021600113684808867, 0.03765809293733125, 0.06721614324285917, 0.09663208753730283, 0.13414807446354982, 0.15915873241438114, 0.10686372033537019, 0.14437970726161717, 0.061958220832741225, 0.035952820804320024, 0.0497371038794941, 0.02117379565155606, 0.00753161858746625, 0.015773767230353845, 0.006821088532044906, 0.003978968310359528, 0.0035526502771067218, 0.00014210601108426886, 0.0, 0.0], [0.0, 0.0, 0.0006574621959237344, 0.001643655489809336, 0.001643655489809336, 0.0026298487836949377, 0.0046022353714661405, 0.00953320184089415, 0.020710059171597635, 0.030900723208415515, 0.0440499671268902, 0.05161078238001315, 0.07790927021696252, 0.09368836291913216, 0.1282051282051282, 0.12458908612754767, 0.12656147271531887, 0.07922419460881, 0.08053911900065747, 0.03517422748191979, 0.019395134779750165, 0.02465483234714004, 0.006903353057199211, 0.007889546351084813, 0.011176857330703484, 0.005917159763313609, 0.007232084155161078, 0.0019723865877712033, 0.0009861932938856016, 0.0, 0.0], [0.0, 0.0, 0.004291845493562232, 0.012875536480686695, 0.004291845493562232, 0.012875536480686695, 0.012875536480686695, 0.055793991416309016, 0.07296137339055794, 0.11587982832618025, 0.09871244635193133, 0.1072961373390558, 0.10300429184549356, 0.09012875536480687, 0.06437768240343347, 0.06437768240343347, 0.055793991416309016, 0.02575107296137339, 0.030042918454935622, 0.030042918454935622, 0.03862660944206009, 0.0, 0.0, 0.0, 0.0, 0.0, 0.0, 0.0, 0.0, 0.0, 0.0], [0.0003727634194831014, 0.0003727634194831014, 0.000621272365805169, 0.0007455268389662028, 0.000621272365805169, 0.0019880715705765406, 0.002360834990059642, 0.006088469184890656, 0.012673956262425448, 0.02746023856858847, 0.044110337972167, 0.06411530815109344, 0.08200795228628231, 0.09679423459244532, 0.12773359840954274, 0.12972166998011928, 0.1135685884691849, 0.06796719681908549, 0.0805168986083499, 0.039512922465208745, 0.029572564612326043, 0.027087475149105367, 0.014910536779324055, 0.008200795228628231, 0.012798210735586481, 0.004721669980119284, 0.0032306163021868788, 0.00012425447316103378, 0.0, 0.0, 0.0], [0.0, 0.0, 0.0007465472191116088, 0.0, 0.001866368047779022, 0.0011198208286674132, 0.0048525569242254575, 0.004479283314669653, 0.013811123553564763, 0.020530048525569243, 0.030981709593131766, 0.04143337066069429, 0.0671892497200448, 0.08286674132138858, 0.10414333706606943, 0.12392683837252706, 0.1522956326987682, 0.09182530795072788, 0.12877939529675253, 0.04553938036580814, 0.027995520716685332, 0.025755879059350503, 0.007838745800671893, 0.006718924972004479, 0.007838745800671893, 0.0048525569242254575, 0.0026129152668906306, 0.0, 0.0, 0.0, 0.0], [0.00020759809009757111, 0.0, 0.0010379904504878555, 0.0006227942702927133, 0.0010379904504878555, 0.002283578991073282, 0.0049823541623417065, 0.0093419140543907, 0.016607847207805688, 0.029063732613659955, 0.06082624039858833, 0.07058335063317417, 0.09736350425576085, 0.10047747560722442, 0.1380527299148848, 0.13265517957234793, 0.11438654764376167, 0.06726178119161304, 0.06850736973219847, 0.035499273406684656, 0.016607847207805688, 0.016400249117708116, 0.005812746522731991, 0.003944363711853851, 0.0037367656217562797, 0.002283578991073282, 0.00041519618019514223, 0.0, 0.0, 0.0, 0.0], [0.0, 0.0, 0.0, 0.0, 0.00019116803670426305, 0.0009558401835213152, 0.0028675205505639457, 0.003823360734085261, 0.007646721468170522, 0.011661250238960046, 0.029248709615752246, 0.041865800038233605, 0.05849741923150449, 0.07340852609443702, 0.1148919900592621, 0.1143184859491493, 0.1515962531064806, 0.10170139552666795, 0.13687631428025235, 0.05180653794685529, 0.03211623016631619, 0.032307398203020456, 0.01127891416555152, 0.006690881284649207, 0.010323073982030204, 0.0028675205505639457, 0.0024851844771554194, 0.0005735041101127892, 0.0, 0.0, 0.0], [0.000286286859433152, 0.0, 0.0, 0.000286286859433152, 0.000143143429716576, 0.0008588605782994561, 0.0017177211565989122, 0.0028628685943315204, 0.006298310907529345, 0.017749785284855425, 0.028914972802748354, 0.03635843114801031, 0.05167477812768394, 0.07071285427998855, 0.10449470369310049, 0.13398225021471513, 0.14829659318637275, 0.10062983109075294, 0.13011737761236758, 0.058259375894646435, 0.033066132264529056, 0.03492699685084455, 0.011737761236759233, 0.006012024048096192, 0.010449470369310048, 0.004008016032064128, 0.002576581734898368, 0.002290294875465216, 0.001288290867449184, 0.0, 0.0], [0.0, 0.0, 0.00027285129604365623, 0.0, 0.0005457025920873125, 0.00027285129604365623, 0.0005457025920873125, 0.001091405184174625, 0.003819918144611187, 0.004638472032742156, 0.015279672578444748, 0.01937244201909959, 0.040654843110504775, 0.05648021828103684, 0.08376534788540245, 0.11678035470668485, 0.16780354706684858, 0.12278308321964529, 0.15088676671214188, 0.07667121418826739, 0.047203274215552524, 0.0417462482946794, 0.019645293315143246, 0.009549795361527967, 0.012551159618008186, 0.0030013642564802184, 0.00218281036834925, 0.0016371077762619372, 0.0008185538881309686, 0.0, 0.0], [0.0, 0.0, 0.0, 0.0005219206680584551, 0.0010438413361169101, 0.0020876826722338203, 0.0005219206680584551, 0.005741127348643006, 0.010438413361169102, 0.014091858037578288, 0.02244258872651357, 0.04384133611691023, 0.050626304801670144, 0.06889352818371608, 0.09394572025052192, 0.11951983298538622, 0.1336116910229645, 0.10125260960334029, 0.11482254697286012, 0.061064718162839246, 0.0407098121085595, 0.042275574112734866, 0.024008350730688934, 0.012004175365344467, 0.015135699373695199, 0.008872651356993737, 0.005741127348643006, 0.004697286012526096, 0.0020876826722338203, 0.0, 0.0], [0.0002574002574002574, 0.0, 0.0005148005148005148, 0.0002574002574002574, 0.0005148005148005148, 0.0010296010296010295, 0.003088803088803089, 0.004375804375804376, 0.008236808236808236, 0.015186615186615187, 0.023423423423423424, 0.04504504504504504, 0.07232947232947233, 0.08931788931788932, 0.11557271557271558, 0.13436293436293437, 0.13719433719433718, 0.08931788931788932, 0.11016731016731017, 0.04864864864864865, 0.029343629343629343, 0.03474903474903475, 0.011583011583011582, 0.005148005148005148, 0.010296010296010296, 0.004118404118404118, 0.004375804375804376, 0.0015444015444015444, 0.0, 0.0, 0.0], [0.0, 0.0, 0.00019743336623889436, 0.0003948667324777887, 0.0005923000987166831, 0.0005923000987166831, 0.0013820335636722605, 0.003948667324777887, 0.005725567620927937, 0.01441263573543929, 0.026456071076011847, 0.03395853899308983, 0.061796643632773936, 0.07186574531095755, 0.10681145113524186, 0.1332675222112537, 0.15222112537018756, 0.09397828232971372, 0.14925962487660416, 0.04600197433366239, 0.02882527147087858, 0.03060217176702863, 0.01441263573543929, 0.005923000987166831, 0.009279368213228036, 0.0029615004935834156, 0.0023692003948667323, 0.002764067127344521, 0.0, 0.0, 0.0], [0.0, 0.0, 0.0, 0.015625, 0.015625, 0.015625, 0.0, 0.0, 0.015625, 0.078125, 0.03125, 0.078125, 0.078125, 0.0625, 0.109375, 0.09375, 0.15625, 0.03125, 0.078125, 0.046875, 0.0, 0.046875, 0.03125, 0.0, 0.015625, 0.0, 0.0, 0.0, 0.0, 0.0, 0.0], [0.0001343724805159903, 0.0, 0.0, 0.0001343724805159903, 0.0001343724805159903, 0.0002687449610319806, 0.0005374899220639613, 0.0013437248051599033, 0.0032249395323837677, 0.007524858908895459, 0.014646600376242946, 0.020155872077398548, 0.038161784466541254, 0.05952700886858371, 0.0999731255038968, 0.14324106423004568, 0.17092179521633968, 0.12133834990593927, 0.12416017199677506, 0.06409567320612738, 0.043939801128728834, 0.045149153453372746, 0.01746842246707874, 0.007793603869927439, 0.009674818597151304, 0.005374899220639613, 0.0010749798441279225, 0.0, 0.0, 0.0, 0.0], [0.0, 0.0, 0.0, 0.0001809299800977022, 0.0, 0.0003618599601954044, 0.0012665098606839153, 0.0007237199203908088, 0.0025330197213678306, 0.0041613895422471505, 0.010493938845666727, 0.013931608467523069, 0.022616247512212775, 0.035643206079247335, 0.06314456305409806, 0.09191242988963272, 0.13479283517278814, 0.12031843676497196, 0.18834810928170798, 0.09064592002894879, 0.0656775827754659, 0.0750859417405464, 0.026777637054459923, 0.01320788854713226, 0.01990229781074724, 0.008865569024787407, 0.005608829383028768, 0.0032567396417586395, 0.0005427899402931065, 0.0, 0.0], [0.00023263929277654997, 0.00011631964638827499, 0.0, 0.00023263929277654997, 0.0003489589391648249, 0.0009305571711061999, 0.0008142375247179248, 0.0025590322205420496, 0.0041875072699778994, 0.008026055600790973, 0.01663370943352332, 0.023380248924043272, 0.027451436547632897, 0.043852506688379665, 0.06676747702686983, 0.10084913341863441, 0.14377108293590787, 0.131557520065139, 0.17203675700825868, 0.08770501337675933, 0.04931953006862859, 0.05827614284052576, 0.02384552750959637, 0.014074677212981272, 0.015121554030475748, 0.005467023380248924, 0.0024427125741537745, 0.0, 0.0, 0.0, 0.0], [0.0, 0.0, 0.0, 0.0, 0.001976284584980237, 0.0, 0.0, 0.003952569169960474, 0.007905138339920948, 0.005928853754940711, 0.021739130434782608, 0.02766798418972332, 0.0533596837944664, 0.09486166007905138, 0.10276679841897234, 0.15612648221343872, 0.18972332015810275, 0.12648221343873517, 0.13043478260869565, 0.041501976284584984, 0.021739130434782608, 0.011857707509881422, 0.001976284584980237, 0.0, 0.0, 0.0, 0.0, 0.0, 0.0, 0.0, 0.0], [0.0, 0.0, 0.0, 0.00029641339788558443, 0.00019760893192372295, 0.00019760893192372295, 0.0004940223298093074, 0.0008892401936567533, 0.0023713071830846755, 0.006718703685406581, 0.010473273391957317, 0.019464479794486712, 0.03339590949510918, 0.04120146230609623, 0.06550736093271416, 0.08872641043375161, 0.13585614069755952, 0.10690643217073412, 0.21509732239897245, 0.08872641043375161, 0.05177354016401541, 0.0753878075289003, 0.02341665843296117, 0.007607943879063333, 0.014227843098508053, 0.0058294634917498275, 0.0019760893192372294, 0.003062938444817706, 0.00019760893192372295, 0.0, 0.0], [0.00029086678301337986, 0.0, 0.00019391118867558658, 0.00019391118867558658, 0.0007756447547023463, 0.0005817335660267597, 0.0005817335660267597, 0.0012604227263913127, 0.001648245103742486, 0.007174713980996703, 0.012701182858250922, 0.0274384331975955, 0.05284079891409734, 0.07426798526274966, 0.11518324607329843, 0.15958890828000777, 0.1949777002133023, 0.11915842544114795, 0.1270118285825092, 0.046635640876478576, 0.0259840992825286, 0.018712429707194105, 0.0060112468489431845, 0.0025208454527826255, 0.0021330230754314523, 0.0019391118867558659, 0.00019391118867558658, 0.0, 0.0, 0.0, 0.0], [0.00014409221902017292, 0.00014409221902017292, 0.0, 0.00014409221902017292, 0.00028818443804034583, 0.0008645533141210375, 0.0011527377521613833, 0.0023054755043227667, 0.004610951008645533, 0.00792507204610951, 0.015417867435158501, 0.02723342939481268, 0.04351585014409222, 0.055763688760806916, 0.1005763688760807, 0.14913544668587897, 0.16224783861671468, 0.11051873198847262, 0.14106628242074928, 0.07190201729106628, 0.03645533141210375, 0.035014409221902014, 0.01729106628242075, 0.0070605187319884724, 0.006340057636887608, 0.0023054755043227667, 0.0005763688760806917, 0.0, 0.0, 0.0, 0.0], [0.0, 0.0, 0.0, 0.0, 0.0003291639236339697, 0.0, 0.0008229098090849243, 0.0008229098090849243, 0.002468729427254773, 0.004443712969058591, 0.012014483212639895, 0.017774851876234364, 0.03176431863067808, 0.055134957208689925, 0.09809084924292298, 0.12442396313364056, 0.1542132982225148, 0.09924292297564187, 0.17264647794601712, 0.06550362080315997, 0.04295589203423305, 0.05085582620144832, 0.021889400921658985, 0.012837393021724819, 0.015306122448979591, 0.007241606319947334, 0.006254114549045424, 0.002468729427254773, 0.0004937458854509546, 0.0, 0.0], [0.0004666355576294914, 0.0009332711152589828, 0.0004666355576294914, 0.0004666355576294914, 0.0018665422305179655, 0.003733084461035931, 0.005132991133924405, 0.008866075594960336, 0.02006532897806813, 0.03359776014932338, 0.04713019132057863, 0.06766215585627625, 0.07419505366308912, 0.09472701819878675, 0.1301913205786281, 0.11619225384974335, 0.11199253383107793, 0.07139524031731218, 0.10732617825478301, 0.032664489034064395, 0.021931871208586095, 0.025664955669622024, 0.006999533364442371, 0.003733084461035931, 0.01026598226784881, 0.0018665422305179655, 0.0004666355576294914, 0.0, 0.0, 0.0, 0.0], [0.0, 0.0, 0.0, 0.0024529844644317253, 0.001635322976287817, 0.0024529844644317253, 0.004088307440719542, 0.01062959934587081, 0.014717906786590351, 0.017170891251022075, 0.029435813573180702, 0.04251839738348324, 0.05151267375306623, 0.056418642681929684, 0.107113654946852, 0.12264922322158626, 0.14227309893704007, 0.11365494685200327, 0.13900245298446443, 0.044971381847914965, 0.03188879803761243, 0.024529844644317254, 0.017988552739165987, 0.007358953393295176, 0.008176614881439084, 0.003270645952575634, 0.0024529844644317253, 0.001635322976287817, 0.0, 0.0, 0.0], [0.00033344448149383126, 0.0, 0.0, 0.0, 0.0006668889629876625, 0.0010003334444814939, 0.0035011670556852285, 0.006002000666888963, 0.009336445481827277, 0.017839279759919974, 0.03451150383461154, 0.05235078359453151, 0.07535845281760586, 0.10120040013337779, 0.13687895965321775, 0.13921307102367456, 0.13671223741247082, 0.08452817605868623, 0.09403134378126042, 0.03484494831610537, 0.022840946982327442, 0.023841280426808935, 0.00916972324108036, 0.00650216738912971, 0.006335445148382794, 0.0016672224074691564, 0.0006668889629876625, 0.0006668889629876625, 0.0, 0.0, 0.0], [0.0, 0.0, 0.0, 0.0005844535359438924, 0.0005844535359438924, 0.0005844535359438924, 0.002630040911747516, 0.002630040911747516, 0.004967855055523086, 0.011104617182933957, 0.01928696668614845, 0.026592635885447108, 0.04003506721215663, 0.05786090005844535, 0.09263588544710695, 0.1157218001168907, 0.13500876680303917, 0.10490940970192869, 0.14114552893045004, 0.06750438340151958, 0.046171829339567504, 0.047048509643483345, 0.023670368205727644, 0.013150204558737581, 0.021332554061952076, 0.013442431326709527, 0.0061367621274108705, 0.0032144944476914087, 0.0020455873758036236, 0.0, 0.0], [0.0, 0.0, 0.0, 0.0, 0.00023618327822390176, 0.0, 0.0011809163911195087, 0.0014170996693434106, 0.004251299008030231, 0.012753897024090695, 0.018186112423240433, 0.029050543221539916, 0.05054322153991497, 0.07250826641473784, 0.10746339159187529, 0.13108171941426547, 0.15611714690599907, 0.09801606046291922, 0.1461974492205952, 0.058809636277751536, 0.03589985829003307, 0.03778932451582428, 0.01606046291922532, 0.00543221539914974, 0.005668398677373642, 0.004251299008030231, 0.005904581955597544, 0.0011809163911195087, 0.0, 0.0, 0.0], [0.0002918855808523059, 0.00014594279042615295, 0.00014594279042615295, 0.00014594279042615295, 0.00043782837127845885, 0.0013134851138353765, 0.0016053706946876824, 0.003210741389375365, 0.006129597197898424, 0.010070052539404553, 0.025977816695855225, 0.03838295388207823, 0.06654991243432574, 0.08887915936952714, 0.1314944541739638, 0.14608873321657911, 0.15163455925277292, 0.10274372446001168, 0.10274372446001168, 0.050350262697022766, 0.028166958552247517, 0.022183304144775248, 0.010653823701109165, 0.004086398131932283, 0.004086398131932283, 0.0021891418563922942, 0.0002918855808523059, 0.0, 0.0, 0.0, 0.0], [0.0, 0.0, 0.0, 0.0005263157894736842, 0.0005263157894736842, 0.0010526315789473684, 0.0013157894736842105, 0.0034210526315789475, 0.005526315789473684, 0.008684210526315789, 0.017631578947368422, 0.030526315789473683, 0.05263157894736842, 0.07289473684210526, 0.11, 0.1431578947368421, 0.15552631578947368, 0.11342105263157895, 0.115, 0.05526315789473684, 0.04105263157894737, 0.02973684210526316, 0.016052631578947367, 0.00631578947368421, 0.012105263157894737, 0.0036842105263157894, 0.0034210526315789475, 0.0005263157894736842, 0.0, 0.0, 0.0], [0.0, 0.0, 0.0, 0.0002832058906825262, 0.0, 0.0011328235627301047, 0.001416029453412631, 0.003115264797507788, 0.0053809119229679975, 0.006513735485698103, 0.012744265080713678, 0.021240441801189464, 0.033701500991220615, 0.048428207306711976, 0.08892664967431323, 0.11299915038232795, 0.145851033701501, 0.10761823845935996, 0.16454262248654772, 0.07448314924950439, 0.045029736618521665, 0.059473237043330504, 0.023506088926649675, 0.01557632398753894, 0.016142735768903994, 0.008779382611158312, 0.0022656471254602095, 0.0008496176720475786, 0.0, 0.0, 0.0], [0.0, 0.0, 0.0003231539828728389, 0.0, 0.00016157699143641945, 0.0004847309743092584, 0.0006463079657456778, 0.002100500888673453, 0.002746808854419131, 0.006301502666020358, 0.013895621263532073, 0.02973016642430118, 0.051543060268217804, 0.08466634351268379, 0.12344482145742447, 0.1245758603974794, 0.14655033123283245, 0.0988851187590887, 0.1303926320891905, 0.0523509452253999, 0.03603166909032154, 0.03700113103894005, 0.022459201809662304, 0.007917272580384552, 0.015188237195023428, 0.005332040717401842, 0.004524155760219745, 0.001777346905800614, 0.0009694619486185168, 0.0, 0.0], [0.0, 0.0, 0.00010278548668927948, 0.0, 0.00010278548668927948, 0.00020557097337855896, 0.0004111419467571179, 0.0013362113269606332, 0.002364066193853428, 0.006167129201356768, 0.012848185836159935, 0.024051803885291396, 0.041730907595847466, 0.061465721040189124, 0.08901223147291602, 0.110699969164354, 0.1457498201253983, 0.11347517730496454, 0.1842943776338781, 0.06732449378147806, 0.0430671189228081, 0.052626169184911094, 0.016240106896906158, 0.008017267961763799, 0.011409189022510022, 0.0033919210607462227, 0.0020557097337855893, 0.001747353273717751, 0.00010278548668927948, 0.0, 0.0], [0.0, 0.0, 0.0, 0.0, 0.0, 0.00012691965985531158, 0.000634598299276558, 0.0005076786394212463, 0.002538393197106232, 0.005838304353344333, 0.008503617210305877, 0.02170326183525828, 0.03553750475948724, 0.06142911536997081, 0.10128188856453865, 0.14405381393577865, 0.17997207767483184, 0.11993907856326945, 0.17540296992004062, 0.05711384693489022, 0.028937682447011042, 0.03591826373905318, 0.009518974489148369, 0.003046071836527478, 0.003680670135804036, 0.0024114735372509203, 0.0019037948978296738, 0.0, 0.0, 0.0, 0.0], [0.0, 0.0049261083743842365, 0.0, 0.0049261083743842365, 0.009852216748768473, 0.024630541871921183, 0.034482758620689655, 0.019704433497536946, 0.07881773399014778, 0.054187192118226604, 0.034482758620689655, 0.06896551724137931, 0.09359605911330049, 0.11822660098522167, 0.08374384236453201, 0.10344827586206896, 0.08374384236453201, 0.059113300492610835, 0.04433497536945813, 0.019704433497536946, 0.009852216748768473, 0.024630541871921183, 0.014778325123152709, 0.009852216748768473, 0.0, 0.0, 0.0, 0.0, 0.0, 0.0, 0.0]]}, "ranks": {"labels": ["Unranked", "Combatatent I", "Combatatent II", "Challenger I", "Challenger II", "Rival I", "Rival II", "Duelist", "Elite"], "data": [[0.14035087719298245, 0.16666666666666666, 0.18859649122807018, 0.2324561403508772, 0.11403508771929824, 0.09210526315789473, 0.02631578947368421, 0.039473684210526314, 0.0], [0.05535248041775457, 0.08929503916449086, 0.1535248041775457, 0.25430809399477805, 0.23550913838120105, 0.1352480417754569, 0.0381201044386423, 0.027676240208877285, 0.010966057441253264], [0.012386328002508624, 0.02398871119473189, 0.06052053935402948, 0.1480087801818752, 0.24945123863280025, 0.27343994982753217, 0.088115396676074, 0.1077140169332079, 0.036375039197240513], [0.02499640856198822, 0.04510846142795576, 0.10889240051716707, 0.21807211607527655, 0.2719436862519753, 0.1985346932911938, 0.06967389742853039, 0.05229133745151559, 0.010486998994397357], [0.19736842105263158, 0.11842105263157894, 0.25, 0.07894736842105263, 0.13157894736842105, 0.09210526315789473, 0.06578947368421052, 0.06578947368421052, 0.0], [0.012363222964331391, 0.03495807872673014, 0.10487423618019043, 0.23078016200085263, 0.26602245274975134, 0.1762114537444934, 0.06607929515418502, 0.07844251811851641, 0.030268580360949267], [0.07232084155161078, 0.09566074950690336, 0.17159763313609466, 0.25279421433267585, 0.20578566732412887, 0.1012491781722551, 0.03385930309007232, 0.03944773175542406, 0.027284681130834976], [0.2918454935622318, 0.20600858369098712, 0.19313304721030042, 0.12875536480686695, 0.0815450643776824, 0.04291845493562232, 0.055793991416309016, 0.0, 0.0], [0.0533051689860835, 0.10822564612326044, 0.17880218687872765, 0.25745526838966204, 0.18153578528827038, 0.10313121272365805, 0.04647117296222664, 0.05019880715705766, 0.020874751491053677], [0.04740574841358716, 0.07241508025382605, 0.15005599104143338, 0.22807017543859648, 0.24412094064949608, 0.15490854796565884, 0.04740574841358716, 0.040313549832026875, 0.01530421799178798], [0.06518580029063732, 0.1314095910317625, 0.19784097986298527, 0.2707079094872327, 0.1816483288353747, 0.08636080548058958, 0.034253684866099234, 0.02615735935229396, 0.006435540793024704], [0.02714586121200535, 0.07111450965398586, 0.1319059453259415, 0.2292104760084114, 0.2532976486331485, 0.16325750334544065, 0.057541579047983175, 0.05027719365322118, 0.01624928311986236], [0.030203263670197537, 0.06527340395075866, 0.12238763240767249, 0.23847695390781562, 0.2489264242771257, 0.16160893215001432, 0.059833953621528775, 0.05267678213569997, 0.020612653879186944], [0.011186903137789904, 0.03465211459754434, 0.09713506139154161, 0.20054570259208732, 0.29058663028649384, 0.19699863574351978, 0.07776261937244201, 0.07094133697135062, 0.020190995907230558], [0.03444676409185804, 0.0662839248434238, 0.11951983298538622, 0.21346555323590813, 0.2348643006263048, 0.14457202505219208, 0.0720250521920668, 0.07828810020876827, 0.03653444676409186], [0.03346203346203346, 0.06846846846846846, 0.16164736164736165, 0.24993564993564993, 0.22651222651222652, 0.13745173745173744, 0.05070785070785071, 0.05148005148005148, 0.020334620334620336], [0.027245804540967422, 0.060414610069101676, 0.1336623889437315, 0.24007897334649556, 0.24619940769990128, 0.17630799605133268, 0.04777887462981244, 0.05093780848963475, 0.017374136229022705], [0.140625, 0.109375, 0.140625, 0.203125, 0.1875, 0.09375, 0.03125, 0.078125, 0.015625], [0.013302875571083042, 0.03480247245364149, 0.09768879333512497, 0.2432141897339425, 0.29226014512227894, 0.15963450685299652, 0.07256113947863478, 0.07041117979037893, 0.01612469766191884], [0.009227428984982812, 0.024425547313189796, 0.058259453591460106, 0.15505699294373076, 0.25511127193776006, 0.23719920390808757, 0.1074724081780351, 0.11507146734213859, 0.03817622580061516], [0.017447946958241246, 0.04001395835756659, 0.07130394323601257, 0.16761661044550424, 0.2753286030010469, 0.2179830173316273, 0.09107828312201931, 0.09619634756310341, 0.023031289984878446], [0.019762845849802372, 0.04940711462450593, 0.1482213438735178, 0.25889328063241107, 0.31620553359683795, 0.15810276679841898, 0.03557312252964427, 0.01383399209486166, 0.0], [0.011164904653690346, 0.029937753186444028, 0.07459737180120542, 0.15423377136646577, 0.24276257286829364, 0.26143661693508546, 0.09416065606165398, 0.10641240984092482, 0.025293943286236537], [0.012701182858250922, 0.04013961605584642, 0.127108784176847, 0.2747721543533062, 0.31413612565445026, 0.15280201667636223, 0.046829552065154156, 0.027244522008919914, 0.0042660461508629045], [0.017579250720461095, 0.04265129682997118, 0.09927953890489914, 0.24971181556195965, 0.27276657060518733, 0.18040345821325648, 0.06902017291066283, 0.05936599423631124, 0.009221902017291067], [0.008887425938117182, 0.02978933508887426, 0.086899275839368, 0.22251481237656354, 0.2534562211981567, 0.20819618169848583, 0.0729098090849243, 0.08558262014483213, 0.03176431863067808], [0.0755949603359776, 0.11479234717685488, 0.16892207186187588, 0.24638357442837144, 0.1833877741483901, 0.12319178721418572, 0.03873075128324778, 0.036397573495100324, 0.012599160055996267], [0.053147996729354045, 0.07195421095666395, 0.10793131643499591, 0.22976287816843827, 0.2559280457890433, 0.1651676206050695, 0.050695012264922325, 0.04987735077677841, 0.01553556827473426], [0.03867955985328443, 0.08686228742914305, 0.17655885295098367, 0.2760920306768923, 0.22124041347115705, 0.11353784594864955, 0.03817939313104368, 0.03951317105701901, 0.009336445481827277], [0.023085914669783752, 0.04587960257159556, 0.09789596727060199, 0.20835768556399767, 0.23991817650496786, 0.1724137931034483, 0.08240794856808883, 0.08386908240794856, 0.046171829339567504], [0.01983939537080775, 0.04723665564478035, 0.12305148795465282, 0.23854511100614076, 0.25413320736891826, 0.17784600850259802, 0.06306093528578177, 0.05928200283419934, 0.017005196032120924], [0.023496789258610623, 0.06436077057793345, 0.1554290718038529, 0.2775831873905429, 0.2543782837127846, 0.13105662580268534, 0.050204319906596614, 0.036923525977816694, 0.006567425569176883], [0.021052631578947368, 0.04815789473684211, 0.12552631578947368, 0.2531578947368421, 0.26894736842105266, 0.14421052631578948, 0.06710526315789474, 0.05210526315789474, 0.019736842105263157], [0.01784197111299915, 0.033984706881903144, 0.08212970829793259, 0.20192580005664118, 0.25346927216086096, 0.2064570943075616, 0.07759841404701218, 0.09855564995751911, 0.028037383177570093], [0.012764582323477137, 0.043625787687833255, 0.1362094037809016, 0.24802068185490386, 0.24543544999192116, 0.16060752948780094, 0.058167716917111006, 0.06737760542898691, 0.027791242527064147], [0.010689690615685065, 0.03689998972145133, 0.1031966286360366, 0.19971220063727002, 0.2592249974303628, 0.22253057868229006, 0.07215541165587419, 0.07688354404358104, 0.018706958577448866], [0.009645894149003681, 0.03020687904556416, 0.09696662012945806, 0.2453357025003173, 0.2999111562381013, 0.20776748318314506, 0.0536870161187968, 0.04848331006472903, 0.00799593857088463], [0.2315270935960591, 0.10344827586206896, 0.21182266009852216, 0.18719211822660098, 0.14285714285714285, 0.04926108374384237, 0.024630541871921183, 0.04926108374384237, 0.0]]}, "ranksDetailed": {"labels": ["Unranked", "Combatatant", "Challenger", "Rival", "Duelist", "Elite"], "data": [[0.14035087719298245, 0.35526315789473684, 0.34649122807017546, 0.11842105263157894, 0.039473684210526314, 0.0], [0.05535248041775457, 0.24281984334203655, 0.48981723237597913, 0.1733681462140992, 0.027676240208877285, 0.010966057441253264], [0.012386328002508624, 0.08450925054876136, 0.39746001881467546, 0.36155534650360616, 0.1077140169332079, 0.036375039197240513], [0.02499640856198822, 0.15400086194512283, 0.49001580232725184, 0.2682085907197242, 0.05229133745151559, 0.010486998994397357], [0.19736842105263158, 0.3684210526315789, 0.21052631578947367, 0.15789473684210525, 0.06578947368421052, 0.0], [0.012363222964331391, 0.13983231490692055, 0.49680261475060394, 0.2422907488986784, 0.07844251811851641, 0.030268580360949267], [0.07232084155161078, 0.267258382642998, 0.45857988165680474, 0.1351084812623274, 0.03944773175542406, 0.027284681130834976], [0.2918454935622318, 0.39914163090128757, 0.21030042918454936, 0.09871244635193133, 0.0, 0.0], [0.0533051689860835, 0.2870278330019881, 0.4389910536779324, 0.1496023856858847, 0.05019880715705766, 0.020874751491053677], [0.04740574841358716, 0.22247107129525942, 0.47219111608809256, 0.202314296379246, 0.040313549832026875, 0.01530421799178798], [0.06518580029063732, 0.3292505708947478, 0.4523562383226074, 0.12061449034668881, 0.02615735935229396, 0.006435540793024704], [0.02714586121200535, 0.20302045497992735, 0.48250812464155995, 0.22079908239342383, 0.05027719365322118, 0.01624928311986236], [0.030203263670197537, 0.18766103635843115, 0.48740337818494134, 0.22144288577154309, 0.05267678213569997, 0.020612653879186944], [0.011186903137789904, 0.13178717598908596, 0.49113233287858116, 0.2747612551159618, 0.07094133697135062, 0.020190995907230558], [0.03444676409185804, 0.18580375782881003, 0.44832985386221297, 0.21659707724425886, 0.07828810020876827, 0.03653444676409186], [0.03346203346203346, 0.23011583011583012, 0.47644787644787645, 0.18815958815958816, 0.05148005148005148, 0.020334620334620336], [0.027245804540967422, 0.19407699901283318, 0.48627838104639687, 0.2240868706811451, 0.05093780848963475, 0.017374136229022705], [0.140625, 0.25, 0.390625, 0.125, 0.078125, 0.015625], [0.013302875571083042, 0.13249126578876647, 0.5354743348562214, 0.23219564633163128, 0.07041117979037893, 0.01612469766191884], [0.009227428984982812, 0.0826850009046499, 0.4101682648814909, 0.3446716120861227, 0.11507146734213859, 0.03817622580061516], [0.017447946958241246, 0.11131790159357915, 0.44294521344655113, 0.3090613004536466, 0.09619634756310341, 0.023031289984878446], [0.019762845849802372, 0.1976284584980237, 0.575098814229249, 0.19367588932806323, 0.01383399209486166, 0.0], [0.011164904653690346, 0.10453512498764944, 0.39699634423475944, 0.35559727299673943, 0.10641240984092482, 0.025293943286236537], [0.012701182858250922, 0.16724840023269344, 0.5889082800077564, 0.19963156874151639, 0.027244522008919914, 0.0042660461508629045], [0.017579250720461095, 0.1419308357348703, 0.5224783861671469, 0.2494236311239193, 0.05936599423631124, 0.009221902017291067], [0.008887425938117182, 0.11668861092824226, 0.4759710335747202, 0.28110599078341014, 0.08558262014483213, 0.03176431863067808], [0.0755949603359776, 0.28371441903873074, 0.4297713485767615, 0.16192253849743352, 0.036397573495100324, 0.012599160055996267], [0.053147996729354045, 0.17988552739165986, 0.4856909239574816, 0.21586263286999183, 0.04987735077677841, 0.01553556827473426], [0.03867955985328443, 0.2634211403801267, 0.49733244414804934, 0.15171723907969323, 0.03951317105701901, 0.009336445481827277], [0.023085914669783752, 0.14377556984219755, 0.4482758620689655, 0.2548217416715371, 0.08386908240794856, 0.046171829339567504], [0.01983939537080775, 0.17028814359943317, 0.49267831837505904, 0.2409069437883798, 0.05928200283419934, 0.017005196032120924], [0.023496789258610623, 0.21978984238178634, 0.5319614711033275, 0.18126094570928197, 0.036923525977816694, 0.006567425569176883], [0.021052631578947368, 0.1736842105263158, 0.5221052631578947, 0.2113157894736842, 0.05210526315789474, 0.019736842105263157], [0.01784197111299915, 0.11611441517983574, 0.45539507221750214, 0.28405550835457377, 0.09855564995751911, 0.028037383177570093], [0.012764582323477137, 0.17983519146873486, 0.493456131846825, 0.21877524640491194, 0.06737760542898691, 0.027791242527064147], [0.010689690615685065, 0.14009661835748793, 0.45893719806763283, 0.2946859903381642, 0.07688354404358104, 0.018706958577448866], [0.009645894149003681, 0.12717349917502221, 0.5452468587384186, 0.26145449930194187, 0.04848331006472903, 0.00799593857088463], [0.2315270935960591, 0.31527093596059114, 0.33004926108374383, 0.07389162561576355, 0.04926108374384237, 0.0]]}}}, "eu": {"histType": {"histogram": {"labels": ["0", "100", "200", "300", "400", "500", "600", "700", "800", "900", "1000", "1100", "1200", "1300", "1400", "1500", "1600", "1700", "1800", "1900", "2000", "2100", "2200", "2300", "2400", "2500", "2600", "2700", "2800", "2900", "3000"], "data": [[0.0, 0.0, 0.0, 0.0, 0.0, 0.01092896174863388, 0.01092896174863388, 0.02185792349726776, 0.04918032786885246, 0.07103825136612021, 0.06557377049180328, 0.060109289617486336, 0.07103825136612021, 0.10382513661202186, 0.1366120218579235, 0.09836065573770492, 0.09289617486338798, 0.07103825136612021, 0.060109289617486336, 0.0273224043715847, 0.00546448087431694, 0.0273224043715847, 0.01092896174863388, 0.0, 0.00546448087431694, 0.0, 0.0, 0.0, 0.0, 0.0, 0.0], [0.0, 0.0, 0.0005534034311012728, 0.0011068068622025456, 0.0011068068622025456, 0.002767017155506364, 0.004980630879911455, 0.008854454897620365, 0.020475926950747094, 0.02877697841726619, 0.03984504703929164, 0.055893746541228556, 0.07249584947426674, 0.09131156613171001, 0.13171001660210294, 0.1223021582733813, 0.14554510237963475, 0.07692307692307693, 0.11344770337576093, 0.029883785279468732, 0.01549529607083564, 0.01770890979524073, 0.004427227448810182, 0.004427227448810182, 0.005534034311012728, 0.003320420586607637, 0.0011068068622025456, 0.0, 0.0, 0.0, 0.0], [0.0, 0.00016672224074691563, 0.0, 0.00016672224074691563, 0.00016672224074691563, 0.00016672224074691563, 0.00033344448149383126, 0.001833944648216072, 0.0035011670556852285, 0.004668222740913638, 0.011837279093031011, 0.017339113037679228, 0.026508836278759586, 0.03451150383461154, 0.06035345115038346, 0.08286095365121707, 0.14404801600533512, 0.11003667889296433, 0.21657219073024342, 0.08069356452150717, 0.06235411803934645, 0.06652217405801934, 0.02634211403801267, 0.013337779259753251, 0.020340113371123708, 0.008336112037345782, 0.003167722574191397, 0.0035011670556852285, 0.00033344448149383126, 0.0, 0.0], [0.0, 0.0, 0.0, 0.0001366867140513942, 0.0001366867140513942, 0.0002733734281027884, 0.0009568069983597594, 0.0030071077091306723, 0.004920721705850191, 0.009841443411700382, 0.020229633679606344, 0.029661016949152543, 0.04073264078731547, 0.05344450519409513, 0.09335702569710225, 0.12342810278840896, 0.1648441771459814, 0.11891744122471296, 0.16170038272279935, 0.06957353745215965, 0.03895571350464735, 0.037588846364133406, 0.011891744122471296, 0.005740841990158557, 0.0064242755604155275, 0.0019136139967195188, 0.000683433570256971, 0.0012301804264625478, 0.0004100601421541826, 0.0, 0.0], [0.0, 0.0, 0.0, 0.0, 0.0, 0.025, 0.025, 0.0625, 0.0625, 0.0375, 0.0875, 0.0875, 0.0375, 0.0375, 0.0875, 0.075, 0.075, 0.075, 0.0625, 0.075, 0.0375, 0.0375, 0.0, 0.0, 0.0, 0.0125, 0.0, 0.0, 0.0, 0.0, 0.0], [0.0, 0.00014357501794687725, 0.00014357501794687725, 0.0002871500358937545, 0.00043072505384063173, 0.00014357501794687725, 0.0002871500358937545, 0.0021536252692031586, 0.003015075376884422, 0.00674802584350323, 0.013639626704953339, 0.021105527638190954, 0.03732950466618808, 0.06159368269921034, 0.09676956209619526, 0.1180186647523331, 0.15175879396984926, 0.10552763819095477, 0.15061019382627422, 0.07351040918880115, 0.03905240488155061, 0.056137832017229, 0.022541277817659727, 0.008758076094759511, 0.015506101938262743, 0.0077530509691313716, 0.0031586503948312994, 0.002440775305096913, 0.0014357501794687725, 0.0, 0.0], [0.00030211480362537764, 0.00030211480362537764, 0.00030211480362537764, 0.0015105740181268882, 0.003323262839879154, 0.002719033232628399, 0.004229607250755287, 0.01027190332326284, 0.02084592145015106, 0.028700906344410877, 0.04380664652567976, 0.060725075528700906, 0.08217522658610273, 0.09033232628398792, 0.10453172205438066, 0.127190332326284, 0.12114803625377643, 0.07643504531722055, 0.07643504531722055, 0.045317220543806644, 0.02175226586102719, 0.025377643504531724, 0.012990936555891239, 0.00906344410876133, 0.01027190332326284, 0.006344410876132931, 0.006344410876132931, 0.006042296072507553, 0.0012084592145015106, 0.0, 0.0], [0.0, 0.0, 0.0, 0.0, 0.0, 0.018292682926829267, 0.006097560975609756, 0.054878048780487805, 0.03048780487804878, 0.06707317073170732, 0.07926829268292683, 0.0975609756097561, 0.07926829268292683, 0.054878048780487805, 0.12804878048780488, 0.1402439024390244, 0.08536585365853659, 0.07926829268292683, 0.018292682926829267, 0.042682926829268296, 0.018292682926829267, 0.0, 0.0, 0.0, 0.0, 0.0, 0.0, 0.0, 0.0, 0.0, 0.0], [0.000373087924387514, 0.00012436264146250465, 0.0004974505658500186, 0.0004974505658500186, 0.0006218132073125233, 0.0016167143390125606, 0.0032334286780251213, 0.00746175848775028, 0.015918418107200596, 0.027111055838826018, 0.04501927620942669, 0.06354930978733989, 0.0907847282676284, 0.09774903618952867, 0.11627906976744186, 0.12175102599179206, 0.11130456410894167, 0.07001616714339012, 0.07984081581892799, 0.04439746300211417, 0.030095759233926128, 0.025743066782738466, 0.013431165277950503, 0.009824648675537869, 0.012560626787712971, 0.0047257803755751775, 0.005098868299962691, 0.000373087924387514, 0.0, 0.0, 0.0], [0.0, 0.0, 0.00048355899419729207, 0.0, 0.0014506769825918763, 0.0014506769825918763, 0.0014506769825918763, 0.007736943907156673, 0.010638297872340425, 0.016924564796905222, 0.0425531914893617, 0.043036750483559, 0.06528046421663443, 0.0851063829787234, 0.10251450676982592, 0.10880077369439071, 0.14941972920696325, 0.08945841392649903, 0.12911025145067698, 0.037717601547388784, 0.04206963249516441, 0.031914893617021274, 0.012088974854932301, 0.00918762088974855, 0.006286266924564797, 0.004352030947775629, 0.0009671179883945841, 0.0, 0.0, 0.0, 0.0], [0.0002498126405196103, 0.0004996252810392206, 0.0007494379215588309, 0.0009992505620784412, 0.002498126405196103, 0.0029977516862353237, 0.004996252810392206, 0.010741943542343242, 0.01898576067949038, 0.037222083437421935, 0.054459155633275046, 0.07594304271796153, 0.09293030227329503, 0.10492130901823632, 0.13889582812890333, 0.13040219835123656, 0.10617037222083438, 0.06370222333250063, 0.06445166125405946, 0.033974519110667, 0.01848613539845116, 0.01673744691481389, 0.004996252810392206, 0.005745690731951037, 0.004746440169872595, 0.0022483137646764927, 0.0012490632025980515, 0.0, 0.0, 0.0, 0.0], [0.0, 0.0, 0.0, 0.0, 0.0006137479541734861, 0.0008183306055646482, 0.0016366612111292963, 0.004500818330605565, 0.008797054009819968, 0.015548281