{"region": {"us": {"histType": {"histogram": {"labels": ["0", "100", "200", "300", "400", "500", "600", "700", "800", "900", "1000", "1100", "1200", "1300", "1400", "1500", "1600", "1700", "1800", "1900", "2000", "2100", "2200", "2300", "2400", "2500", "2600", "2700", "2800", "2900", "3000", "3100", "3200"], "data": [[0.0, 0.0, 0.0055248618784530384, 0.0027624309392265192, 0.0055248618784530384, 0.008287292817679558, 0.022099447513812154, 0.019337016574585635, 0.04143646408839779, 0.04696132596685083, 0.06906077348066299, 0.10773480662983426, 0.09944751381215469, 0.1298342541436464, 0.1132596685082873, 0.09668508287292818, 0.07734806629834254, 0.04419889502762431, 0.03867403314917127, 0.03314917127071823, 0.013812154696132596, 0.008287292817679558, 0.008287292817679558, 0.0, 0.008287292817679558, 0.0, 0.0, 0.0, 0.0, 0.0, 0.0, 0.0, 0.0], [0.0, 0.0007176175098672408, 0.0, 0.0003588087549336204, 0.0007176175098672408, 0.001794043774668102, 0.004305705059203444, 0.009329027628274129, 0.011481880157875853, 0.03085755292429135, 0.038751345532831, 0.0545389307499103, 0.0843200574094008, 0.09041980624327234, 0.12414782920703266, 0.13347685683530677, 0.14137064944384642, 0.08539648367420165, 0.11051309651955507, 0.03911015428776462, 0.012558306422676713, 0.011481880157875853, 0.005023322569070686, 0.002152852529601722, 0.0028704700394689632, 0.0003588087549336204, 0.002152852529601722, 0.0014352350197344816, 0.0003588087549336204, 0.0, 0.0, 0.0, 0.0], [0.00010901558922925978, 0.0, 0.0, 0.00021803117845851957, 0.00021803117845851957, 0.00021803117845851957, 0.00021803117845851957, 0.0005450779461462989, 0.0026163741415022347, 0.0033794832661070535, 0.005559795050692249, 0.007958138013735964, 0.012645808350594135, 0.044478360405537994, 0.08121661397579853, 0.10956066717540608, 0.17518805189142048, 0.11272211926305462, 0.2445219666412297, 0.0691158835713507, 0.03826447181947019, 0.04785784367164504, 0.016025291616701187, 0.008176169192194483, 0.012972855118281914, 0.002943420909190014, 0.0013081870707511174, 0.0011991714815218577, 0.00032704676768777934, 0.00043606235691703914, 0.0, 0.0, 0.0], [0.0, 0.0, 0.0, 0.0, 0.00010403662089055348, 0.00010403662089055348, 0.0007282563462338743, 0.0018726591760299626, 0.00478568456096546, 0.007594673325010404, 0.011548064918851436, 0.01373283395755306, 0.025593008739076155, 0.03235538909696213, 0.04931335830212235, 0.1319184352892218, 0.1988139825218477, 0.12099459009571369, 0.21098626716604243, 0.07469829379941739, 0.041822721598002495, 0.04130253849354973, 0.015917602996254682, 0.005409904286308781, 0.008010819808572617, 0.0013524760715771952, 0.0005201831044527674, 0.0005201831044527674, 0.0, 0.0, 0.0, 0.0, 0.0], [0.0, 0.0, 0.0, 0.0, 0.007874015748031496, 0.0, 0.015748031496062992, 0.03937007874015748, 0.03937007874015748, 0.05511811023622047, 0.06299212598425197, 0.10236220472440945, 0.10236220472440945, 0.11023622047244094, 0.08661417322834646, 0.10236220472440945, 0.05511811023622047, 0.023622047244094488, 0.07874015748031496, 0.05511811023622047, 0.015748031496062992, 0.03937007874015748, 0.007874015748031496, 0.0, 0.0, 0.0, 0.0, 0.0, 0.0, 0.0, 0.0, 0.0, 0.0], [0.0, 0.0, 0.0, 0.00011674060238150829, 0.0003502218071445249, 0.00023348120476301658, 0.0005837030119075414, 0.0025682932523931824, 0.004903105300023348, 0.011907541442913845, 0.020779827223908476, 0.030819519028718188, 0.05650245155265001, 0.08160168106467429, 0.10343217371001634, 0.1294653280410927, 0.15993462526266636, 0.09526033154331076, 0.13763717020779828, 0.05416763950501985, 0.030936259631099697, 0.04120943264067243, 0.014709315900070045, 0.005720289516693906, 0.009689469997665187, 0.003618958673826757, 0.001634368433341116, 0.0011674060238150829, 0.00046696240952603317, 0.00046696240952603317, 0.00011674060238150829, 0.0, 0.0], [0.0, 0.0002533569799847986, 0.0002533569799847986, 0.00177349885989359, 0.0015201418799087915, 0.00354699771978718, 0.00709399543957436, 0.013427919939194325, 0.020775272358753483, 0.03749683303775019, 0.05168482391689891, 0.06536610083607804, 0.09602229541423866, 0.11021028629338739, 0.11021028629338739, 0.1238915632125665, 0.11831770965290093, 0.06789967063592602, 0.07676716493539397, 0.03166962249809982, 0.0177349885989359, 0.01621484671902711, 0.008360780339498353, 0.0053204965796807705, 0.005573853559665568, 0.00354699771978718, 0.002533569799847986, 0.0010134279199391944, 0.0005067139599695972, 0.0002533569799847986, 0.0007600709399543957, 0.0, 0.0], [0.003355704697986577, 0.0, 0.0, 0.006711409395973154, 0.006711409395973154, 0.02348993288590604, 0.013422818791946308, 0.040268456375838924, 0.050335570469798654, 0.10738255033557047, 0.1040268456375839, 0.12080536912751678, 0.11409395973154363, 0.1040268456375839, 0.0738255033557047, 0.06040268456375839, 0.06040268456375839, 0.026845637583892617, 0.03355704697986577, 0.030201342281879196, 0.003355704697986577, 0.003355704697986577, 0.006711409395973154, 0.006711409395973154, 0.0, 0.0, 0.0, 0.0, 0.0, 0.0, 0.0, 0.0, 0.0], [0.0002816372512204281, 0.0001877581674802854, 0.0004693954187007135, 0.0003755163349605708, 0.0004693954187007135, 0.001220428088621855, 0.0014081862561021404, 0.004036800600826136, 0.007698084866691701, 0.016147202403304545, 0.02647390161472024, 0.03548629365377394, 0.0725685317311303, 0.12898986105895607, 0.13584303417198648, 0.1259857303792715, 0.14110026286143448, 0.08496057078482915, 0.09143822756289899, 0.04318437852046564, 0.02675553886594067, 0.026286143447239955, 0.010138941043935411, 0.006289898610589561, 0.007510326699211416, 0.0020653398422831393, 0.0015020653398422831, 0.0005632745024408562, 0.0005632745024408562, 0.0, 0.0, 0.0, 0.0], [0.0, 0.0, 0.0, 0.0, 0.00039952057530962844, 0.00039952057530962844, 0.0015980823012385138, 0.00039952057530962844, 0.0015980823012385138, 0.0075908909308829405, 0.010787055533359968, 0.011586096683979225, 0.02117459049141031, 0.02996404314822213, 0.05433479824210947, 0.07191370355573312, 0.09748302037554935, 0.08949260886935677, 0.18377946464242909, 0.07271274470635238, 0.0815021973631642, 0.10347582900519377, 0.04594486616060727, 0.01997602876548142, 0.05113863363963244, 0.016380343587694766, 0.011186576108669596, 0.00998801438274071, 0.003595685177786656, 0.0015980823012385138, 0.0, 0.0, 0.0], [0.0, 0.0, 0.00029515938606847696, 0.0, 0.0014757969303423849, 0.0014757969303423849, 0.0029515938606847697, 0.004722550177095631, 0.013282172373081463, 0.020956316410861865, 0.031582054309327035, 0.03955135773317592, 0.06759149940968123, 0.08353010625737899, 0.10478158205430933, 0.12514757969303425, 0.1525974025974026, 0.08913813459268005, 0.13606847697756788, 0.044569067296340026, 0.02804014167650531, 0.026564344746162927, 0.0070838252656434475, 0.0059031877213695395, 0.007674144037780401, 0.0023612750885478157, 0.0014757969303423849, 0.00029515938606847696, 0.0005903187721369539, 0.00029515938606847696, 0.0, 0.0, 0.0], [0.00018214936247723133, 0.0, 0.001092896174863388, 0.000546448087431694, 0.001092896174863388, 0.003278688524590164, 0.006557377049180328, 0.011657559198542805, 0.01912568306010929, 0.03897996357012751, 0.06520947176684881, 0.0750455373406193, 0.10783242258652095, 0.10856102003642987, 0.1336976320582878, 0.1185792349726776, 0.12003642987249545, 0.06320582877959927, 0.06174863387978142, 0.026775956284153007, 0.012568306010928962, 0.012204007285974499, 0.006375227686703097, 0.0034608378870673953, 0.0018214936247723133, 0.00018214936247723133, 0.00018214936247723133, 0.0, 0.0, 0.0, 0.0, 0.0, 0.0], [0.0, 0.0, 0.0, 0.0, 0.00013053126223730585, 0.0005221250489492234, 0.0020885001957968935, 0.003002219031458034, 0.008354000783187574, 0.013966845059391724, 0.027411565069834224, 0.04359744158726015, 0.06513509985641561, 0.08432319540529958, 0.1183918548492364, 0.12596266805900014, 0.16211982769873384, 0.0963320715311317, 0.134447200104425, 0.04216159770264979, 0.025845189922986556, 0.024931471087325414, 0.008092938258712962, 0.005221250489492233, 0.004829656702780316, 0.00156637514684767, 0.0006526563111865292, 0.00013053126223730585, 0.000783187573423835, 0.0, 0.0, 0.0, 0.0], [0.00022683452421458545, 0.0, 0.0, 0.00011341726210729273, 0.00022683452421458545, 0.0006805035726437564, 0.002948848814789611, 0.0045366904842917095, 0.010547805375978225, 0.021889531586707495, 0.035953272088011794, 0.045820573891346264, 0.07031870250652149, 0.08460927753204038, 0.1059317228082114, 0.1122830894862198, 0.138709311557219, 0.08948621980265396, 0.12203697402744698, 0.054100034025178635, 0.03175683339004196, 0.03413859589429511, 0.011795395259158443, 0.00499035953272088, 0.008392877395939661, 0.0032891006011114892, 0.0019280934558239763, 0.0013610071452875127, 0.0010207553589656345, 0.0007939208347510491, 0.00011341726210729273, 0.0, 0.0], [0.0, 0.0, 0.0, 0.0, 0.0004720320981826764, 0.0002360160490913382, 0.0007080481472740147, 0.0018881283927307056, 0.004484304932735426, 0.005664385178192117, 0.015577059240028323, 0.028321925890960584, 0.050979466603729054, 0.07292895916922351, 0.09582251593108332, 0.11588388010384706, 0.16261505782393204, 0.1172999763983951, 0.1482180788293604, 0.06537644559830068, 0.03965069624734482, 0.03847061600188813, 0.013688930847297616, 0.00519235308000944, 0.009912674061836204, 0.0028321925890960587, 0.0014160962945480293, 0.0009440641963653528, 0.0004720320981826764, 0.0009440641963653528, 0.0, 0.0, 0.0], [0.0, 0.0, 0.0, 0.0, 0.001139384732244588, 0.0018989745537409798, 0.002278769464489176, 0.005317128750474744, 0.012533232054690467, 0.01974933535890619, 0.03380174705658944, 0.047854158754272694, 0.06722369920243068, 0.08203570072161033, 0.09836688188378276, 0.11545765286745158, 0.1333080136726168, 0.0945689327763008, 0.11469806304595519, 0.053930877326243826, 0.03342195214584125, 0.02924420812761109, 0.020129130269654388, 0.0094948727687049, 0.011014052411697683, 0.004937333839726547, 0.0015191796429927839, 0.003418154196733764, 0.002278769464489176, 0.00037979491074819596, 0.0, 0.0, 0.0], [0.00021838829438742082, 0.0, 0.00043677658877484165, 0.00043677658877484165, 0.00043677658877484165, 0.0010919414719371041, 0.002839047827036471, 0.006551648831622625, 0.011356191308145884, 0.019218169906093034, 0.032758244158113126, 0.05001091941471937, 0.07993011574579603, 0.09914828565188906, 0.11181480672635946, 0.12491810438960471, 0.14107883817427386, 0.08538982310548154, 0.11618257261410789, 0.0419305525223848, 0.024459488971391132, 0.02380432408822887, 0.009390696658659096, 0.0048045424765232585, 0.005678095654072942, 0.0017471063550993666, 0.0015287180607119458, 0.0015287180607119458, 0.00043677658877484165, 0.0008735531775496833, 0.0, 0.0, 0.0], [0.0, 0.0, 0.00014972301242701004, 0.0002994460248540201, 0.0004491690372810301, 0.0005988920497080402, 0.0016469531366971103, 0.0032939062733942205, 0.007935319658631531, 0.016768977391825122, 0.027399311274142836, 0.04117382841742776, 0.07635873633777511, 0.08878574636921695, 0.11962868692918102, 0.12786345261266657, 0.1524180266506962, 0.0866896241952388, 0.13999101661925437, 0.04057493636771972, 0.022308728851624493, 0.023506512951040576, 0.007486150621350502, 0.004491690372810301, 0.006587812546788441, 0.0013475071118430903, 0.0008983380745620602, 0.0004491690372810301, 0.00014972301242701004, 0.0007486150621350501, 0.0, 0.0, 0.0], [0.0, 0.0, 0.0, 0.008620689655172414, 0.008620689655172414, 0.008620689655172414, 0.008620689655172414, 0.017241379310344827, 0.008620689655172414, 0.07758620689655173, 0.05172413793103448, 0.07758620689655173, 0.0603448275862069, 0.0603448275862069, 0.08620689655172414, 0.12931034482758622, 0.1206896551724138, 0.07758620689655173, 0.034482758620689655, 0.02586206896551724, 0.034482758620689655, 0.008620689655172414, 0.02586206896551724, 0.0, 0.008620689655172414, 0.02586206896551724, 0.008620689655172414, 0.02586206896551724, 0.0, 0.0, 0.0, 0.0, 0.0], [0.00020944601528955913, 0.00010472300764477956, 0.0, 0.00010472300764477956, 0.00010472300764477956, 0.00010472300764477956, 0.00031416902293433867, 0.0011519530840925752, 0.00471253534401508, 0.012671483925018327, 0.022410723635982826, 0.03497748455335637, 0.06639438684679023, 0.08796732642161482, 0.1142528013404545, 0.13278877369358047, 0.16870876531573986, 0.10922609697350508, 0.11153000314169023, 0.05026704366949419, 0.027961043041156142, 0.029531888155827836, 0.00963451670331972, 0.0036653052675672845, 0.006492826473976332, 0.001885014137606032, 0.0013613990993821341, 0.00041889203057911826, 0.0010472300764477955, 0.0, 0.0, 0.0, 0.0], [0.0, 0.00014938751120406333, 0.0, 0.00014938751120406333, 0.0, 0.00014938751120406333, 0.00179265013444876, 0.0010457125784284435, 0.0034359127576934568, 0.005676725425754407, 0.01120406334030475, 0.017777113833283537, 0.030624439796832985, 0.04675829100687182, 0.07110845533313415, 0.09590678219300866, 0.15327158649536898, 0.12294592172094412, 0.18031072602330445, 0.07992231849417389, 0.056617866746340006, 0.061398267104870036, 0.021810576635793246, 0.010307738273080371, 0.014490588586794143, 0.00672243800418285, 0.00313713773528533, 0.00134448760083657, 0.0007469375560203167, 0.00044816253361219, 0.0007469375560203167, 0.0, 0.0], [0.00029400235201881614, 9.800078400627205e-05, 9.800078400627205e-05, 0.0003920031360250882, 0.0005880047040376323, 0.0011760094080752645, 0.001960015680125441, 0.003920031360250882, 0.007448059584476676, 0.014700117600940808, 0.02538220305762446, 0.032438259506076046, 0.0508624068992552, 0.06281850254802038, 0.08261466091728734, 0.09574676597412779, 0.13034104272834182, 0.11319090552724421, 0.16101528812230498, 0.07467659741277931, 0.04841238729909839, 0.04880439043512348, 0.01675813406507252, 0.010094080752646022, 0.010290082320658565, 0.0030380243041944334, 0.0013720109760878088, 0.0005880047040376323, 0.0008820070560564484, 0.0, 0.0, 0.0, 0.0], [0.0, 0.0, 0.0, 0.0017543859649122807, 0.0017543859649122807, 0.0, 0.0, 0.005263157894736842, 0.008771929824561403, 0.007017543859649123, 0.015789473684210527, 0.031578947368421054, 0.04912280701754386, 0.09824561403508772, 0.11052631578947368, 0.15789473684210525, 0.16842105263157894, 0.11578947368421053, 0.14210526315789473, 0.056140350877192984, 0.015789473684210527, 0.008771929824561403, 0.0035087719298245615, 0.0, 0.0017543859649122807, 0.0, 0.0, 0.0, 0.0, 0.0, 0.0, 0.0, 0.0], [0.0, 0.0, 0.0, 0.0001607846289894686, 0.0, 0.0001607846289894686, 0.0002411769434842029, 0.0007235308304526087, 0.0017686309188841547, 0.004582361926199856, 0.007154915990031353, 0.02443926360639923, 0.052255004421577295, 0.07299622156121875, 0.09237076935444971, 0.10274137792427043, 0.1459924431224375, 0.09711391590963904, 0.18530428491036258, 0.0686550365785031, 0.041723611222767104, 0.0606961974435244, 0.01736473993086261, 0.005305892756652464, 0.011254924029262802, 0.003135300265294638, 0.0014470616609052174, 0.0013666693464104832, 0.0004823538869684058, 0.0005627462014631402, 0.0, 0.0, 0.0], [0.00017722640673460346, 8.861320336730173e-05, 8.861320336730173e-05, 0.0, 0.0005316792202038103, 0.0005316792202038103, 0.00026583961010190517, 0.0008861320336730173, 0.0011519716437749224, 0.005316792202038104, 0.009392999556933982, 0.019760744350908285, 0.03438192290651307, 0.047230837394771824, 0.06920691182986265, 0.18174568010633585, 0.22667257421355783, 0.1331856446610545, 0.1537439078422685, 0.05343376163048294, 0.027204253433761632, 0.022773593265396543, 0.0057598582188746125, 0.002658396101019052, 0.0024811696942844486, 0.0006202924235711121, 0.0003544528134692069, 0.0003544528134692069, 0.0, 0.0, 0.0, 0.0, 0.0], [0.00012545477355413375, 0.00012545477355413375, 0.00012545477355413375, 0.0002509095471082675, 0.0007527286413248024, 0.0008781834148789362, 0.0021327311504202736, 0.003387278885961611, 0.005896374357044286, 0.01141638439342617, 0.021076401957094468, 0.032994605444737174, 0.055200100363818845, 0.05996738175887593, 0.0899510726383139, 0.12884205244009533, 0.16083301969639946, 0.11014929118052942, 0.14188934888972526, 0.06674193953079914, 0.036381884330698784, 0.03914188934888972, 0.014552753732279513, 0.006523648224814954, 0.006774557771923222, 0.001881821603312006, 0.0011290929619872036, 0.0008781834148789362, 0.0, 0.0, 0.0, 0.0, 0.0], [0.0, 0.0, 0.0, 0.0, 0.0002948547840188707, 0.00014742739200943535, 0.0010319917440660474, 0.0014742739200943535, 0.004275394368273625, 0.006634232640424591, 0.014742739200943536, 0.02314610054548135, 0.04039510541058529, 0.06059265811587793, 0.09685979655019902, 0.12089046144773699, 0.155093616393926, 0.09435353088603862, 0.18074598260356775, 0.06250921421200059, 0.0387734040984815, 0.04437564499484004, 0.017986141825151115, 0.008108506560518945, 0.011204481792717087, 0.0060445230723868495, 0.004275394368273625, 0.0019165560961226596, 0.001621701312103789, 0.0011794191360754828, 0.0013268465280849183, 0.0, 0.0], [0.0, 0.00024968789013732833, 0.00024968789013732833, 0.0004993757802746567, 0.00149812734082397, 0.0017478152309612985, 0.0044943820224719105, 0.008739076154806492, 0.014731585518102372, 0.02696629213483146, 0.04544319600499376, 0.060424469413233456, 0.08339575530586767, 0.10511860174781523, 0.13083645443196004, 0.10811485642946317, 0.14756554307116104, 0.07240948813982521, 0.11086142322097378, 0.023470661672908864, 0.020224719101123594, 0.020224719101123594, 0.0027465667915106116, 0.0024968789013732834, 0.004244694132334582, 0.00149812734082397, 0.0004993757802746567, 0.000749063670411985, 0.0004993757802746567, 0.0, 0.0, 0.0, 0.0], [0.0, 0.0, 0.0, 0.0015873015873015873, 0.0026455026455026454, 0.0015873015873015873, 0.003703703703703704, 0.01164021164021164, 0.015343915343915344, 0.013227513227513227, 0.0328042328042328, 0.04867724867724868, 0.06613756613756613, 0.07830687830687831, 0.10899470899470899, 0.11164021164021164, 0.1619047619047619, 0.08941798941798942, 0.12962962962962962, 0.04285714285714286, 0.02275132275132275, 0.026984126984126985, 0.015343915343915344, 0.004232804232804233, 0.005291005291005291, 0.0026455026455026454, 0.0005291005291005291, 0.0021164021164021165, 0.0, 0.0, 0.0, 0.0, 0.0], [0.00026609898882384245, 0.0, 0.0, 0.0, 0.0007982969664715274, 0.0010643959552953698, 0.003858435337945716, 0.006785524215007983, 0.01184140500266099, 0.020622671633847792, 0.03499201703033528, 0.05401809473124002, 0.07929749866950506, 0.10364555614688664, 0.13677488025545503, 0.13770622671633848, 0.1359765832889835, 0.07929749866950506, 0.09473124002128792, 0.03499201703033528, 0.018360830228845132, 0.022751463544438532, 0.008116019159127196, 0.003858435337945716, 0.006785524215007983, 0.0015965939329430547, 0.0005321979776476849, 0.0006652474720596061, 0.0, 0.0003991484832357637, 0.00026609898882384245, 0.0, 0.0], [0.0, 0.0, 0.0, 0.000546448087431694, 0.00018214936247723133, 0.001092896174863388, 0.0018214936247723133, 0.0025500910746812386, 0.007650273224043716, 0.012932604735883424, 0.02313296903460838, 0.03296903460837887, 0.06284153005464481, 0.08233151183970856, 0.0994535519125683, 0.11657559198542805, 0.14499089253187614, 0.08998178506375228, 0.1331511839708561, 0.05628415300546448, 0.036065573770491806, 0.03970856102003643, 0.01493624772313297, 0.00819672131147541, 0.015664845173041893, 0.005646630236794172, 0.005282331511839709, 0.0025500910746812386, 0.0014571948998178506, 0.0012750455373406193, 0.0007285974499089253, 0.0, 0.0], [0.00019932230416583617, 0.0, 0.0, 0.0, 0.00039864460833167234, 0.0013952561291608531, 0.0017939007374925253, 0.0021925453458241976, 0.006378313733306757, 0.014749850508271876, 0.026111221845724536, 0.0402631054414989, 0.06238788120390672, 0.08690452461630456, 0.11162049033286825, 0.12537372932031093, 0.14769782738688458, 0.09587402830376719, 0.13593781144110026, 0.05122583217061989, 0.033486147099860475, 0.026310544149890373, 0.011162049033286825, 0.004783735299980068, 0.005979669124975085, 0.001195933824995017, 0.002391867649990034, 0.0015945784333266893, 0.0017939007374925253, 0.0007972892166633447, 0.0, 0.0, 0.0], [0.00011508804235239959, 0.00011508804235239959, 0.00011508804235239959, 0.0, 0.00011508804235239959, 0.0011508804235239958, 0.0018414086776383934, 0.004833697778800782, 0.007710898837610772, 0.01645759005639314, 0.03118885947750029, 0.050753826677408215, 0.08539532742548049, 0.10565082287950282, 0.13143054436644033, 0.1400621475428703, 0.15444815283692023, 0.08735182414547128, 0.09575325123719645, 0.04361836805155944, 0.017838646564621936, 0.013235124870525953, 0.005984578202324778, 0.0016112325929335941, 0.0017263206352859939, 0.0005754402117619979, 0.00034526412705719877, 0.00046035216940959836, 0.00011508804235239959, 0.0, 0.0, 0.0, 0.0], [0.0, 0.0, 0.0, 0.0002008838891120932, 0.0002008838891120932, 0.0012053033346725592, 0.0012053033346725592, 0.0034150261149055844, 0.005423865006026517, 0.010847730012053034, 0.02631578947368421, 0.037967055042185616, 0.06990759341100844, 0.09180393732422659, 0.12796303736440337, 0.13499397348332665, 0.15769385295299318, 0.10224989955805544, 0.10566492567296103, 0.046203294495781436, 0.02490960224989956, 0.02249899558055444, 0.01064684612294094, 0.0044194455604660505, 0.008236239453595822, 0.002008838891120932, 0.0018079550020088388, 0.0006026516673362796, 0.0012053033346725592, 0.0002008838891120932, 0.0002008838891120932, 0.0, 0.0], [0.0, 0.0, 0.0, 0.0002081165452653486, 0.0, 0.0012486992715920915, 0.0012486992715920915, 0.002497398543184183, 0.004786680541103018, 0.006243496357960458, 0.012486992715920915, 0.0222684703433923, 0.040374609781477624, 0.06389177939646203, 0.10010405827263268, 0.12174817898022892, 0.16108220603537982, 0.11300728407908428, 0.17023933402705516, 0.06430801248699272, 0.03267429760665973, 0.04120707596253902, 0.017065556711758585, 0.006867845993756503, 0.009781477627471384, 0.004786680541103018, 0.0008324661810613944, 0.0004162330905306972, 0.0002081165452653486, 0.0004162330905306972, 0.0, 0.0, 0.0], [0.0, 0.0, 0.00013227513227513228, 0.0, 0.00026455026455026457, 0.0005291005291005291, 0.0007936507936507937, 0.0033068783068783067, 0.004629629629629629, 0.008597883597883597, 0.01917989417989418, 0.037698412698412696, 0.06031746031746032, 0.09457671957671958, 0.11547619047619048, 0.12380952380952381, 0.1478835978835979, 0.09153439153439154, 0.1414021164021164, 0.04894179894179894, 0.02976190476190476, 0.03015873015873016, 0.0164021164021164, 0.006613756613756613, 0.010978835978835979, 0.00291005291005291, 0.0021164021164021165, 0.0015873015873015873, 0.00013227513227513228, 0.00026455026455026457, 0.0, 0.0, 0.0], [0.0, 0.0, 8.282945415389712e-05, 0.0, 8.282945415389712e-05, 8.282945415389712e-05, 0.00024848836246169135, 0.0008282945415389713, 0.0017394185372318397, 0.004721278886772136, 0.008448604323697506, 0.016565890830779424, 0.027747867141555537, 0.03685910709848422, 0.08307794251635882, 0.14196968441977967, 0.17982274496811065, 0.11364201109914686, 0.19986747287335377, 0.07280709020127557, 0.037853060548330986, 0.044727905243104445, 0.01093348794831442, 0.00430713161600265, 0.007868798144620227, 0.0023192247163091196, 0.001325271266462354, 0.0007454650873850742, 0.0007454650873850742, 0.0005798061790772799, 0.0, 0.0, 0.0], [0.0, 0.0, 0.0, 0.0, 0.0002333177788147457, 0.0006999533364442371, 0.0009332711152589828, 0.0023331777881474567, 0.00489967335510966, 0.01026598226784881, 0.01679888007466169, 0.02823145123658423, 0.0459636024265049, 0.07092860475968268, 0.1039430704619692, 0.1318245450303313, 0.17510499300046664, 0.11152589827344844, 0.16658889407372843, 0.05401306579561362, 0.026481567895473634, 0.03208119458702753, 0.008049463369108726, 0.0034997666822211854, 0.0027998133457769483, 0.0006999533364442371, 0.0008166122258516099, 0.0008166122258516099, 0.0004666355576294914, 0.0, 0.0, 0.0, 0.0], [0.0, 0.00398406374501992, 0.0, 0.00398406374501992, 0.00398406374501992, 0.0199203187250996, 0.027888446215139442, 0.03187250996015936, 0.08366533864541832, 0.04780876494023904, 0.043824701195219126, 0.07171314741035857, 0.05976095617529881, 0.12350597609561753, 0.11553784860557768, 0.11155378486055777, 0.09163346613545817, 0.055776892430278883, 0.035856573705179286, 0.01593625498007968, 0.01195219123505976, 0.0199203187250996, 0.00398406374501992, 0.01593625498007968, 0.0, 0.0, 0.0, 0.0, 0.0, 0.0, 0.0, 0.0, 0.0]]}, "ranks": {"labels": ["Unranked", "Combatatent I", "Combatatent II", "Challenger I", "Challenger II", "Rival I", "Rival II", "Duelist", "Elite"], "data": [[0.15193370165745856, 0.17679558011049723, 0.2292817679558011, 0.20994475138121546, 0.12154696132596685, 0.06353591160220995, 0.022099447513812154, 0.016574585635359115, 0.008287292817679558], [0.05956225331898098, 0.0932902762827413, 0.17473986365267313, 0.25762468604233946, 0.22676713311804808, 0.13527090060997488, 0.02691065662002153, 0.018658055256548258, 0.007176175098672408], [0.007522075656818925, 0.013517933064428214, 0.057124168756132125, 0.19077728115120463, 0.2879101711544751, 0.2813692358007195, 0.07053308623133107, 0.07205930448054072, 0.019186743704349724], [0.015189346650020807, 0.025280898876404494, 0.057948397836038286, 0.18123179359134414, 0.3198085726175614, 0.2527049521431544, 0.07480233042030796, 0.0626300457761132, 0.010403662089055347], [0.15748031496062992, 0.16535433070866143, 0.2125984251968504, 0.1889763779527559, 0.07874015748031496, 0.12598425196850394, 0.023622047244094488, 0.047244094488188976, 0.0], [0.020663086621526966, 0.05159934625262667, 0.1381041326173243, 0.23289750175110904, 0.2551949568059771, 0.16787298622460892, 0.054868083119308894, 0.061639038057436375, 0.01716086855008172], [0.08614137319483152, 0.11705092475297695, 0.20623258170762604, 0.2341018495059539, 0.18621738028882695, 0.09703572333417786, 0.029136052698251837, 0.02989612363820623, 0.01418799087914872], [0.2516778523489933, 0.22483221476510068, 0.2181208053691275, 0.1342281879194631, 0.087248322147651, 0.0436241610738255, 0.02348993288590604, 0.016778523489932886, 0.0], [0.03229440480660909, 0.06196019526849418, 0.20155839279008636, 0.261828764551258, 0.22606083364626361, 0.11744273375891852, 0.04393541119038678, 0.04271498310176493, 0.012204280886218551], [0.011985617259288853, 0.022373152217339192, 0.05113863363963244, 0.12624850179784258, 0.1869756292449061, 0.21973631642029565, 0.11825809029165002, 0.16939672393128247, 0.09388733519776268], [0.04515938606847698, 0.07113341204250295, 0.1511216056670602, 0.22992916174734357, 0.24173553719008264, 0.16115702479338842, 0.047520661157024795, 0.03955135773317592, 0.01269185360094451], [0.0825136612021858, 0.14025500910746813, 0.21639344262295082, 0.2522768670309654, 0.18324225865209473, 0.0750455373406193, 0.02604735883424408, 0.02204007285974499, 0.002185792349726776], [0.028064221381020753, 0.07100900665709438, 0.14945829526171517, 0.24435452290823653, 0.25845189922986556, 0.15715963973371622, 0.04529434799634512, 0.03824565983553061, 0.007962406996475655], [0.04117046614494726, 0.08177384597935806, 0.15492798003856187, 0.2182148122944312, 0.22819553135987297, 0.15209254848587955, 0.055801292956788026, 0.05092435068617444, 0.016899172053986618], [0.013452914798206279, 0.04389898513098891, 0.12390842577295257, 0.21170639603493038, 0.2799150342223271, 0.1878687750767052, 0.06537644559830068, 0.057351899929195184, 0.016521123436393673], [0.042916824914546146, 0.08165590581086213, 0.14925939992404103, 0.21382453475123434, 0.2278769464489176, 0.14432206608431447, 0.05772882643372579, 0.05886821116597037, 0.023547284466388152], [0.04258571740554706, 0.0827691635728325, 0.17907840139768508, 0.23673291111596417, 0.2264686612797554, 0.14195239135182355, 0.040620222756060274, 0.03799956322341123, 0.011792967896920725], [0.031142386584818087, 0.0685731396915706, 0.16514448270699206, 0.2474921395418476, 0.23910765084593502, 0.16424614463243, 0.03862853720616859, 0.03548435394520138, 0.010181164845036682], [0.13793103448275862, 0.12931034482758622, 0.1206896551724138, 0.21551724137931033, 0.19827586206896552, 0.04310344827586207, 0.05172413793103448, 0.034482758620689655, 0.06896551724137931], [0.019478479421929, 0.0573882081893392, 0.15436171326840506, 0.24704157503403498, 0.27793486228924497, 0.14064299926693893, 0.04911509058540161, 0.04283171012671484, 0.011205361817991413], [0.012399163429937257, 0.028981177173588286, 0.07738273080370481, 0.1670152375261428, 0.27621750821631313, 0.22393187929489095, 0.0929190319689274, 0.09351658201374365, 0.027636689572751717], [0.030674245393963153, 0.05782046256370051, 0.11368090944727557, 0.17836142689141513, 0.24353194825558605, 0.20041160329282634, 0.08369266954135633, 0.07565660525284203, 0.016170129361034888], [0.02456140350877193, 0.04736842105263158, 0.14736842105263157, 0.26842105263157895, 0.28421052631578947, 0.17719298245614035, 0.03684210526315789, 0.012280701754385965, 0.0017543859649122807], [0.007637269876999759, 0.03159417959643058, 0.12525122598279603, 0.19511214727872014, 0.24310635903207653, 0.22558083447222446, 0.07010209823940831, 0.08336683013103947, 0.018249055390304688], [0.009038546743464776, 0.02915374390784227, 0.08161276030128489, 0.2509525919361985, 0.35985821887461233, 0.1842268498006203, 0.050155073105892775, 0.031191847585290207, 0.003810367744793974], [0.025090954710826747, 0.05407100740183164, 0.11516748212269477, 0.21879312507840923, 0.27098231087692887, 0.17864759754108644, 0.06636557521013675, 0.06021829130598419, 0.010663655752101367], [0.013858174848886923, 0.03788883974642489, 0.10098776352646321, 0.21775025799793601, 0.24944714727996462, 0.21421200058970957, 0.06781660032434027, 0.0704702933805101, 0.02756892230576441], [0.05917602996254682, 0.10586766541822722, 0.18851435705368288, 0.2389513108614232, 0.21997503121098627, 0.12309612983770288, 0.03146067415730337, 0.02546816479400749, 0.00749063670411985], [0.04973544973544974, 0.08148148148148149, 0.14444444444444443, 0.22063492063492063, 0.25132275132275134, 0.15608465608465608, 0.039153439153439155, 0.04656084656084656, 0.010582010582010581], [0.04523682810005322, 0.0890101117615753, 0.1829430548163917, 0.2744811069717935, 0.21527408195848854, 0.11548696114954764, 0.0325971261309207, 0.03472591804151144, 0.010244811069717936], [0.026775956284153007, 0.05610200364298725, 0.14517304189435337, 0.21602914389799635, 0.23497267759562843, 0.16429872495446265, 0.06120218579234973, 0.06284153005464481, 0.032604735883424406], [0.027107833366553716, 0.06637432728722344, 0.14929240582021128, 0.23699421965317918, 0.2435718556906518, 0.16683276858680487, 0.053817022124775765, 0.04225632848315727, 0.013753238987442695], [0.03245482794337668, 0.0819426861549085, 0.19104615030498331, 0.27149269190931064, 0.24179997698239153, 0.12107262055472437, 0.03613764529865347, 0.020830935665784325, 0.0032224651858671883], [0.02249899558055444, 0.06428284451586982, 0.16171153073523503, 0.26295701084773, 0.2599437525110486, 0.1305745279228606, 0.046203294495781436, 0.03756528726396143, 0.014262756126958619], [0.01623309053069719, 0.034755463059313214, 0.10426638917793965, 0.2218522372528616, 0.2740894901144641, 0.20874089490114464, 0.05848074921956296, 0.06514047866805411, 0.016441207075962538], [0.018253968253968255, 0.056878306878306875, 0.1548941798941799, 0.2392857142857143, 0.23941798941798942, 0.16944444444444445, 0.050661375661375664, 0.05317460317460317, 0.01798941798941799], [0.00778596869046633, 0.025014495154476932, 0.06460697424003976, 0.2250476269361385, 0.2934647560672575, 0.239128634142301, 0.07139898948065933, 0.05996852480742152, 0.013584030481239129], [0.01936537564162389, 0.04503033131124592, 0.11689220718618759, 0.23576761549230052, 0.28663089127391506, 0.1963369108726085, 0.050746616892207184, 0.043630424638357444, 0.0055996266915538965], [0.22310756972111553, 0.11553784860557768, 0.18326693227091634, 0.22709163346613545, 0.14741035856573706, 0.0398406374501992, 0.02390438247011952, 0.0398406374501992, 0.0]]}, "ranksDetailed": {"labels": ["Unranked", "Combatatant", "Challenger", "Rival", "Duelist", "Elite"], "data": [[0.15193370165745856, 0.40607734806629836, 0.3314917127071823, 0.0856353591160221, 0.016574585635359115, 0.008287292817679558], [0.05956225331898098, 0.2680301399354144, 0.48439181916038754, 0.16218155722999641, 0.018658055256548258, 0.007176175098672408], [0.007522075656818925, 0.07064210182056034, 0.4786874523056797, 0.3519023220320506, 0.07205930448054072, 0.019186743704349724], [0.015189346650020807, 0.08322929671244278, 0.5010403662089056, 0.32750728256346234, 0.0626300457761132, 0.010403662089055347], [0.15748031496062992, 0.3779527559055118, 0.2677165354330709, 0.14960629921259844, 0.047244094488188976, 0.0], [0.020663086621526966, 0.18970347886995098, 0.48809245855708616, 0.22274106934391782, 0.061639038057436375, 0.01716086855008172], [0.08614137319483152, 0.323283506460603, 0.42031922979478087, 0.12617177603242968, 0.02989612363820623, 0.01418799087914872], [0.2516778523489933, 0.4429530201342282, 0.2214765100671141, 0.06711409395973154, 0.016778523489932886, 0.0], [0.03229440480660909, 0.2635185880585805, 0.4878895981975216, 0.1613781449493053, 0.04271498310176493, 0.012204280886218551], [0.011985617259288853, 0.07351178585697163, 0.3132241310427487, 0.33799440671194564, 0.16939672393128247, 0.09388733519776268], [0.04515938606847698, 0.22225501770956316, 0.4716646989374262, 0.20867768595041322, 0.03955135773317592, 0.01269185360094451], [0.0825136612021858, 0.3566484517304189, 0.4355191256830601, 0.10109289617486339, 0.02204007285974499, 0.002185792349726776], [0.028064221381020753, 0.22046730191880956, 0.5028064221381021, 0.20245398773006135, 0.03824565983553061, 0.007962406996475655], [0.04117046614494726, 0.23670182601791992, 0.4464103436543042, 0.20789384144266757, 0.05092435068617444, 0.016899172053986618], [0.013452914798206279, 0.16780741090394147, 0.4916214302572575, 0.2532452206750059, 0.057351899929195184, 0.016521123436393673], [0.042916824914546146, 0.23091530573490315, 0.4417014812001519, 0.20205089251804026, 0.05886821116597037, 0.023547284466388152], [0.04258571740554706, 0.2618475649705176, 0.4632015723957196, 0.1825726141078838, 0.03799956322341123, 0.011792967896920725], [0.031142386584818087, 0.23371762239856267, 0.4865997903877826, 0.20287468183859858, 0.03548435394520138, 0.010181164845036682], [0.13793103448275862, 0.25, 0.41379310344827586, 0.09482758620689655, 0.034482758620689655, 0.06896551724137931], [0.019478479421929, 0.21174992145774427, 0.5249764373232799, 0.18975808985234055, 0.04283171012671484, 0.011205361817991413], [0.012399163429937257, 0.1063639079772931, 0.4432327457424559, 0.31685091126381837, 0.09351658201374365, 0.027636689572751717], [0.030674245393963153, 0.1715013720109761, 0.42189337514700115, 0.28410427283418266, 0.07565660525284203, 0.016170129361034888], [0.02456140350877193, 0.19473684210526315, 0.5526315789473685, 0.21403508771929824, 0.012280701754385965, 0.0017543859649122807], [0.007637269876999759, 0.15684540557922663, 0.4382185063107967, 0.29568293271163276, 0.08336683013103947, 0.018249055390304688], [0.009038546743464776, 0.11076650420912716, 0.6108108108108108, 0.23438192290651308, 0.031191847585290207, 0.003810367744793974], [0.025090954710826747, 0.16923848952452641, 0.4897754359553381, 0.2450131727512232, 0.06021829130598419, 0.010663655752101367], [0.013858174848886923, 0.13887660327288812, 0.46719740527790066, 0.28202860091404985, 0.0704702933805101, 0.02756892230576441], [0.05917602996254682, 0.2943820224719101, 0.4589263420724095, 0.15455680399500624, 0.02546816479400749, 0.00749063670411985], [0.04973544973544974, 0.22592592592592592, 0.47195767195767196, 0.19523809523809524, 0.04656084656084656, 0.010582010582010581], [0.04523682810005322, 0.271953166577967, 0.4897551889302821, 0.14808408728046835, 0.03472591804151144, 0.010244811069717936], [0.026775956284153007, 0.20127504553734063, 0.4510018214936248, 0.2255009107468124, 0.06284153005464481, 0.032604735883424406], [0.027107833366553716, 0.21566673310743473, 0.480566075343831, 0.2206497907115806, 0.04225632848315727, 0.013753238987442695], [0.03245482794337668, 0.2729888364598918, 0.5132926688917021, 0.15721026585337783, 0.020830935665784325, 0.0032224651858671883], [0.02249899558055444, 0.22599437525110486, 0.5229007633587787, 0.176777822418642, 0.03756528726396143, 0.014262756126958619], [0.01623309053069719, 0.13902185223725286, 0.4959417273673257, 0.2672216441207076, 0.06514047866805411, 0.016441207075962538], [0.018253968253968255, 0.21177248677248678, 0.4787037037037037, 0.2201058201058201, 0.05317460317460317, 0.01798941798941799], [0.00778596869046633, 0.08962146939451669, 0.518512383003396, 0.3105276236229603, 0.05996852480742152, 0.013584030481239129], [0.01936537564162389, 0.16192253849743352, 0.5223985067662156, 0.24708352776481568, 0.043630424638357444, 0.0055996266915538965], [0.22310756972111553, 0.29880478087649404, 0.3745019920318725, 0.06374501992031872, 0.0398406374501992, 0.0]]}}}, "eu": {"histType": {"histogram": {"labels": ["0", "100", "200", "300", "400", "500", "600", "700", "800", "900", "1000", "1100", "1200", "1300", "1400", "1500", "1600", "1700", "1800", "1900", "2000", "2100", "2200", "2300", "2400", "2500", "2600", "2700", "2800", "2900", "3000", "3100", "3200"], "data": [[0.0, 0.0, 0.003484320557491289, 0.0, 0.0, 0.006968641114982578, 0.017421602787456445, 0.0313588850174216, 0.04529616724738676, 0.09059233449477352, 0.07317073170731707, 0.07317073170731707, 0.0627177700348432, 0.14285714285714285, 0.1289198606271777, 0.09407665505226481, 0.08710801393728224, 0.05574912891986063, 0.027874564459930314, 0.0313588850174216, 0.006968641114982578, 0.010452961672473868, 0.006968641114982578, 0.0, 0.003484320557491289, 0.0, 0.0, 0.0, 0.0, 0.0, 0.0, 0.0, 0.0], [0.0, 0.0, 0.0007739938080495357, 0.0007739938080495357, 0.0011609907120743034, 0.0042569659442724455, 0.005804953560371517, 0.010061919504643963, 0.025154798761609906, 0.03018575851393189, 0.0445046439628483, 0.06501547987616099, 0.081656346749226, 0.10178018575851393, 0.12345201238390092, 0.13080495356037153, 0.13738390092879257, 0.07004643962848298, 0.1021671826625387, 0.026702786377708978, 0.014705882352941176, 0.013157894736842105, 0.0030959752321981426, 0.0027089783281733747, 0.0030959752321981426, 0.0007739938080495357, 0.0007739938080495357, 0.0, 0.0, 0.0, 0.0, 0.0, 0.0], [0.0, 0.0, 0.0, 0.00011012003083360864, 0.00011012003083360864, 0.00011012003083360864, 0.00011012003083360864, 0.0009910802775024777, 0.0017619204933377382, 0.002642880740006607, 0.006056601695848475, 0.009910802775024777, 0.038101530668428585, 0.05583085563263958, 0.08963770509855742, 0.11023015086444224, 0.1747604889329369, 0.1047241493227618, 0.2233234225305583, 0.06320889769849136, 0.0382116506992622, 0.042506331901772935, 0.015747164409206035, 0.005946481665014866, 0.00969056271335756, 0.002973240832507433, 0.0011012003083360864, 0.0013214403700033035, 0.00044048012333443455, 0.0003303600925008259, 0.00011012003083360864, 0.0, 0.0], [0.0, 0.0, 0.0, 9.882399446585631e-05, 9.882399446585631e-05, 0.00019764798893171263, 0.0006917679612609941, 0.0020753038837829827, 0.002470599861646408, 0.005731791679019666, 0.011167111374641762, 0.01788714299831999, 0.021938926771420102, 0.028757782389564186, 0.07362387587706296, 0.13608064037948414, 0.19507856507560037, 0.12817472082221562, 0.19241031722502225, 0.07382152386599466, 0.03883782982508153, 0.041901373653523075, 0.012451823302697895, 0.0045459037454293905, 0.008597687518529499, 0.0020753038837829827, 0.0004941199723292815, 0.00019764798893171263, 0.0002964719833975689, 0.0002964719833975689, 0.0, 0.0, 0.0], [0.0, 0.0, 0.0, 0.0, 0.0, 0.03305785123966942, 0.024793388429752067, 0.049586776859504134, 0.0743801652892562, 0.04132231404958678, 0.06611570247933884, 0.12396694214876033, 0.05785123966942149, 0.05785123966942149, 0.05785123966942149, 0.12396694214876033, 0.03305785123966942, 0.08264462809917356, 0.03305785123966942, 0.049586776859504134, 0.049586776859504134, 0.0, 0.008264462809917356, 0.008264462809917356, 0.024793388429752067, 0.0, 0.0, 0.0, 0.0, 0.0, 0.0, 0.0, 0.0], [0.0, 0.00011704119850187266, 0.00011704119850187266, 0.00035112359550561797, 0.00035112359550561797, 0.00035112359550561797, 0.000819288389513