{"region": {"us": {"histType": {"histogram": {"labels": ["0", "100", "200", "300", "400", "500", "600", "700", "800", "900", "1000", "1100", "1200", "1300", "1400", "1500", "1600", "1700", "1800", "1900", "2000", "2100", "2200", "2300", "2400", "2500", "2600", "2700", "2800", "2900", "3000", "3100", "3200"], "data": [[0.0, 0.0, 0.003189792663476874, 0.006379585326953748, 0.003189792663476874, 0.006379585326953748, 0.014354066985645933, 0.017543859649122806, 0.03987240829346093, 0.044657097288676235, 0.0861244019138756, 0.09888357256778309, 0.11802232854864433, 0.12440191387559808, 0.12280701754385964, 0.09569377990430622, 0.07496012759170653, 0.046251993620414676, 0.04784688995215311, 0.02073365231259968, 0.012759170653907496, 0.007974481658692184, 0.003189792663476874, 0.001594896331738437, 0.003189792663476874, 0.0, 0.0, 0.0, 0.0, 0.0, 0.0, 0.0, 0.0], [0.0, 0.00027359781121751026, 0.0, 0.00027359781121751026, 0.0013679890560875513, 0.0019151846785225718, 0.005198358413132695, 0.01094391244870041, 0.014774281805745554, 0.028180574555403556, 0.03912448700410397, 0.05581395348837209, 0.08207934336525308, 0.09247606019151847, 0.1225718194254446, 0.13406292749658003, 0.15075239398084817, 0.08207934336525308, 0.10752393980848153, 0.0347469220246238, 0.015047879616963064, 0.007660738714090287, 0.004924760601915185, 0.003009575923392613, 0.0024623803009575923, 0.0005471956224350205, 0.001094391244870041, 0.001094391244870041, 0.0, 0.0, 0.0, 0.0, 0.0], [0.00011583458820803892, 0.0, 0.0, 0.00023166917641607784, 0.00023166917641607784, 0.00023166917641607784, 0.00023166917641607784, 0.0005791729410401946, 0.0025483609405768564, 0.0033592030580331285, 0.005212556469361751, 0.00752924823352253, 0.012162631761844086, 0.01911270705432642, 0.025020271052936405, 0.03949959457894127, 0.14154986679022355, 0.15081663384686667, 0.33371944862736014, 0.08687594115602919, 0.05004054210587281, 0.05965481292714005, 0.021197729642071124, 0.00868759411560292, 0.019807714583574654, 0.005907563998609985, 0.003011699293409012, 0.0022008571759527394, 0.0, 0.0004633383528321557, 0.0, 0.0, 0.0], [0.0, 0.0, 0.0, 0.0, 0.00011305822498586772, 0.00011305822498586772, 0.0007914075749010741, 0.0018089315997738835, 0.004748445449406444, 0.00791407574901074, 0.011758055398530243, 0.013227812323346523, 0.02577727529677784, 0.02928208027133974, 0.04330130016958734, 0.05257207461842849, 0.07337478801582815, 0.04499717354437535, 0.2927077444884115, 0.14019219898247598, 0.0858111927642736, 0.08807235726399096, 0.03267382702091577, 0.012210288298473714, 0.022950819672131147, 0.007009609949123799, 0.005426794799321651, 0.002826455624646693, 0.0003391746749576032, 0.0, 0.0, 0.0, 0.0], [0.0, 0.0, 0.0, 0.0, 0.01098901098901099, 0.01098901098901099, 0.027472527472527472, 0.03296703296703297, 0.04945054945054945, 0.054945054945054944, 0.06593406593406594, 0.08791208791208792, 0.09340659340659341, 0.1043956043956044, 0.09340659340659341, 0.1043956043956044, 0.06593406593406594, 0.04945054945054945, 0.06593406593406594, 0.03296703296703297, 0.03296703296703297, 0.01098901098901099, 0.005494505494505495, 0.0, 0.0, 0.0, 0.0, 0.0, 0.0, 0.0, 0.0, 0.0, 0.0], [0.0, 0.0, 0.0, 0.0, 0.0, 0.0, 0.0, 0.0013499480789200416, 0.0013499480789200416, 0.004776739356178609, 0.007268951194184839, 0.013187954309449636, 0.05514018691588785, 0.0908618899273105, 0.11682242990654206, 0.14060228452751816, 0.16687435098650052, 0.10321910695742471, 0.13655244029075805, 0.053063343717549324, 0.031256490134994805, 0.0367601246105919, 0.015160955347871236, 0.007372793354101765, 0.009657320872274144, 0.0048805815160955345, 0.0024922118380062306, 0.0008307372793354102, 0.0004153686396677051, 0.0, 0.00010384215991692627, 0.0, 0.0], [0.0, 0.00043038519474930065, 0.00043038519474930065, 0.002151925973746503, 0.001936733376371853, 0.0036582741553690553, 0.00688616311598881, 0.01355713363460297, 0.02108887454271573, 0.036152356358941255, 0.04798794921454702, 0.0692920163546374, 0.09576070583171939, 0.11254572842694212, 0.11749515816655907, 0.12136862491930278, 0.11706477297180977, 0.0697224015493867, 0.0714439423283839, 0.029266193242952442, 0.016785022595222725, 0.016139444803098774, 0.009683666881859263, 0.004519044544867657, 0.006240585323864859, 0.0032278889606197547, 0.0032278889606197547, 0.0012911555842479018, 0.00021519259737465033, 0.0, 0.00043038519474930065, 0.0, 0.0], [0.002890173410404624, 0.0, 0.0, 0.008670520231213872, 0.008670520231213872, 0.02023121387283237, 0.014450867052023121, 0.04335260115606936, 0.05491329479768786, 0.1069364161849711, 0.11560693641618497, 0.12716763005780346, 0.11560693641618497, 0.10115606936416185, 0.07225433526011561, 0.06936416184971098, 0.04335260115606936, 0.023121387283236993, 0.031791907514450865, 0.031791907514450865, 0.002890173410404624, 0.0, 0.002890173410404624, 0.002890173410404624, 0.0, 0.0, 0.0, 0.0, 0.0, 0.0, 0.0, 0.0, 0.0], [0.0003079449804968179, 0.00020529665366454526, 0.0005132416341613632, 0.0003079449804968179, 0.0005132416341613632, 0.0012317799219872716, 0.0015397249024840895, 0.004208581400123178, 0.0076986245124204475, 0.016013138985834532, 0.02607267501539725, 0.03469513446930815, 0.04218846232806405, 0.04773147197700677, 0.06045986450420858, 0.12102237733524944, 0.18507493327858757, 0.12369123383288852, 0.1324163416136317, 0.060357216177376306, 0.040032847464586324, 0.037877232601108604, 0.018476698829809075, 0.013138985834530896, 0.015397249024840895, 0.004824471361116814, 0.0029768014781359066, 0.0007185382878259084, 0.0003079449804968179, 0.0, 0.0, 0.0, 0.0], [0.0, 0.0, 0.0, 0.0, 0.00039478878799842083, 0.0007895775759968417, 0.0011843663639952626, 0.0011843663639952626, 0.002368732727990525, 0.008685353335965259, 0.013028030003947888, 0.017370706671930518, 0.02250296091590999, 0.036320568495854716, 0.059613106987761545, 0.0757994472956968, 0.102250296091591, 0.08882747729964469, 0.1800236873272799, 0.0682984603237268, 0.07540465850769838, 0.09751283063560995, 0.043031977891827874, 0.018555073035925778, 0.048953809711804186, 0.01381760757994473, 0.010659297275957363, 0.0094749309119621, 0.0027635215159889457, 0.0011843663639952626, 0.0, 0.0, 0.0], [0.0, 0.0, 0.00019447685725398678, 0.0, 0.0011668611435239206, 0.0005834305717619603, 0.002333722287047841, 0.003500583430571762, 0.007973551147413457, 0.01575262543757293, 0.022364838584208478, 0.032866588875923766, 0.055814858031894204, 0.06709451575262544, 0.10676779463243874, 0.12874367950213925, 0.15324776351614158, 0.09451575262543757, 0.14157915208090238, 0.058148580318942045, 0.03500583430571762, 0.035200311162971606, 0.012252042007001166, 0.008168028004667444, 0.009140412290937379, 0.003500583430571762, 0.0029171528588098016, 0.0009723842862699338, 0.00019447685725398678, 0.0, 0.0, 0.0, 0.0], [0.0, 0.0003018867924528302, 0.0012075471698113208, 0.0015094339622641509, 0.0015094339622641509, 0.003169811320754717, 0.007094339622641509, 0.012528301886792452, 0.021132075471698115, 0.03833962264150943, 0.06264150943396227, 0.07532075471698113, 0.10067924528301887, 0.12347169811320755, 0.13524528301886793, 0.1210566037735849, 0.10883018867924528, 0.05766037735849057, 0.060226415094339625, 0.023547169811320753, 0.01509433962264151, 0.012679245283018867, 0.00739622641509434, 0.0036226415094339623, 0.0025660377358490568, 0.0019622641509433963, 0.0010566037735849057, 0.0001509433962264151, 0.0, 0.0, 0.0, 0.0, 0.0], [0.0, 0.0, 0.0, 0.0, 0.00012473493825620557, 0.0004989397530248223, 0.0018710240738430836, 0.001995759012099289, 0.0044904577772234, 0.005238867406760633, 0.01322190345515779, 0.01970812024448048, 0.02781589123113384, 0.03380316826743171, 0.0492703006112012, 0.11687663714606461, 0.21204939503554945, 0.14182362479730573, 0.1858550580017463, 0.06685792690532619, 0.03779468629163028, 0.03717101160034926, 0.015841337158538107, 0.008357240863165773, 0.012224023949108145, 0.003742048147686167, 0.0022452288886117, 0.0006236746912810278, 0.0004989397530248223, 0.0, 0.0, 0.0, 0.0], [0.00020163322915616494, 0.0, 0.0, 0.00010081661457808247, 0.00010081661457808247, 0.0003024498437342474, 0.0012097993749369896, 0.0018146990624054843, 0.004133481197701381, 0.009880028228652082, 0.016029841717915112, 0.020566589373928825, 0.0748059280169372, 0.10051416473434822, 0.12622240145175925, 0.13045669926403872, 0.155257586450247, 0.09900191551567698, 0.12148402056658937, 0.04990422421615082, 0.027926202238128844, 0.029136001613065832, 0.011291460832745237, 0.004637564270591793, 0.0076620627079342675, 0.0031253150519205564, 0.0022179655207178145, 0.0006048996874684948, 0.0007057163020465773, 0.0006048996874684948, 0.00010081661457808247, 0.0, 0.0], [0.0, 0.0, 0.00019857029388403494, 0.00019857029388403494, 0.0003971405877680699, 0.0003971405877680699, 0.0009928514694201747, 0.0023828435266084196, 0.004368546465448769, 0.007148530579825258, 0.01528991262907069, 0.026012708498808577, 0.048252581413820494, 0.06711675933280381, 0.09729944400317712, 0.12073073868149325, 0.16203335980937253, 0.12112787926926132, 0.14932486100079428, 0.06751389992057188, 0.04229547259729945, 0.032366957903097696, 0.012708498808578236, 0.007148530579825258, 0.008339952343129467, 0.003375694996028594, 0.0017871326449563146, 0.0003971405877680699, 0.0, 0.0007942811755361397, 0.0, 0.0, 0.0], [0.0, 0.0, 0.00026350461133069827, 0.00026350461133069827, 0.0015810276679841897, 0.0023715415019762848, 0.0015810276679841897, 0.004216073781291172, 0.011594202898550725, 0.01870882740447958, 0.0308300395256917, 0.047167325428194996, 0.06798418972332015, 0.09354413702239789, 0.10935441370223979, 0.1233201581027668, 0.13227931488801054, 0.09802371541501977, 0.10276679841897234, 0.04479578392621871, 0.02924901185770751, 0.03399209486166008, 0.015810276679841896, 0.006851119894598155, 0.012648221343873518, 0.005533596837944664, 0.002635046113306983, 0.001844532279314888, 0.0005270092226613965, 0.00026350461133069827, 0.0, 0.0, 0.0], [0.0001967342120794806, 0.0001967342120794806, 0.0007869368483179224, 0.0009836710603974032, 0.0003934684241589612, 0.0015738736966358449, 0.0029510131811922094, 0.0070824316348613026, 0.01239425536100728, 0.019279952783789103, 0.03442848711390911, 0.05311823726145977, 0.076136140074759, 0.10603974031084006, 0.12236867991343695, 0.1257131615187881, 0.13279559315364942, 0.08184143222506395, 0.10997442455242967, 0.04052724768837301, 0.02183749754082235, 0.023017902813299233, 0.010426913240212473, 0.004918355301987015, 0.005508557938225457, 0.0015738736966358449, 0.0015738736966358449, 0.0013771394845563643, 0.0003934684241589612, 0.0005902026362384419, 0.0, 0.0, 0.0], [0.0, 0.0, 0.00012283503255128362, 0.00024567006510256724, 0.00036850509765385086, 0.00012283503255128362, 0.0008598452278589854, 0.0018425254882692545, 0.0028252057486795232, 0.0063874216926667485, 0.01252917332023093, 0.014740203906154036, 0.05834664046185972, 0.10490111779879621, 0.134258690578553, 0.14126028743397617, 0.16115956270728413, 0.09888220120378331, 0.14887605945215576, 0.0405355607419236, 0.021741800761577203, 0.023215821152192607, 0.008966957376243704, 0.00577324652991033, 0.0071244318879744506, 0.0015968554231666871, 0.0022110305859231053, 0.0006141751627564182, 0.00012283503255128362, 0.00036850509765385086, 0.0, 0.0, 0.0], [0.0, 0.0, 0.0, 0.006993006993006993, 0.006993006993006993, 0.006993006993006993, 0.0, 0.027972027972027972, 0.027972027972027972, 0.1048951048951049, 0.04195804195804196, 0.0979020979020979, 0.08391608391608392, 0.06993006993006994, 0.04895104895104895, 0.1048951048951049, 0.1048951048951049, 0.08391608391608392, 0.04895104895104895, 0.02097902097902098, 0.02097902097902098, 0.02097902097902098, 0.03496503496503497, 0.0, 0.006993006993006993, 0.013986013986013986, 0.0, 0.013986013986013986, 0.0, 0.0, 0.0, 0.0, 0.0], [0.00021516944593867672, 0.00010758472296933836, 0.0, 0.0, 0.0, 0.00010758472296933836, 0.00021516944593867672, 0.0009682625067240452, 0.002366863905325444, 0.004733727810650888, 0.007530930607853685, 0.010650887573964497, 0.0221624529316837, 0.030338891877353415, 0.09338353953738569, 0.18633674018289403, 0.2064550833781603, 0.1349112426035503, 0.13663259817105972, 0.06229155459924691, 0.0328133405056482, 0.03442711135018827, 0.013555675094136632, 0.0052716514254975795, 0.008391608391608392, 0.0026896180742334587, 0.0024744486282947823, 0.00032275416890801504, 0.0006455083378160301, 0.0, 0.0, 0.0, 0.0], [0.0, 0.0, 0.0, 0.00011716461628588167, 0.0, 0.00011716461628588167, 0.001054481546572935, 0.000351493848857645, 0.0012888107791446982, 0.0022261277094317517, 0.0045694200351493845, 0.007029876977152899, 0.011599297012302284, 0.021206795547744583, 0.08388986526069127, 0.12220269478617457, 0.17082601054481547, 0.13848857644991214, 0.18769771528998241, 0.0849443468072642, 0.05202108963093146, 0.05284124194493263, 0.01909783245459871, 0.010427650849443469, 0.016637375512595195, 0.005155243116578793, 0.003866432337434095, 0.0012888107791446982, 0.000351493848857645, 0.00023432923257176333, 0.00046865846514352667, 0.0, 0.0], [0.00018980734554427256, 9.490367277213628e-05, 0.0, 0.00018980734554427256, 0.00018980734554427256, 0.0005694220366328176, 0.0007592293821770903, 0.0018031697826705894, 0.002942013855936225, 0.005694220366328177, 0.010534307677707128, 0.013571225206415488, 0.017557179462845213, 0.025149473284616114, 0.09813039764638891, 0.12679130682357406, 0.15383885356363292, 0.12982822435228245, 0.17519217993736358, 0.08180696592958148, 0.04925500616873873, 0.05305115307962418, 0.020878808009869982, 0.010534307677707128, 0.014994780297997532, 0.003606339565341179, 0.001992977128214862, 0.00037961469108854513, 0.0004745183638606814, 0.0, 0.0, 0.0, 0.0], [0.0, 0.0, 0.0, 0.0015060240963855422, 0.0015060240963855422, 0.0, 0.0015060240963855422, 0.007530120481927711, 0.007530120481927711, 0.007530120481927711, 0.015060240963855422, 0.025602409638554216, 0.046686746987951805, 0.08885542168674698, 0.125, 0.1746987951807229, 0.16265060240963855, 0.12048192771084337, 0.12048192771084337, 0.05421686746987952, 0.022590361445783132, 0.015060240963855422, 0.0015060240963855422, 0.0, 0.0, 0.0, 0.0, 0.0, 0.0, 0.0, 0.0, 0.0, 0.0], [0.0, 0.0, 0.0, 8.756567425569177e-05, 0.0, 8.756567425569177e-05, 0.00026269702276707533, 0.0007880910683012259, 0.0016637478108581436, 0.004728546409807356, 0.007530647985989492, 0.012784588441330999, 0.02119089316987741, 0.027495621716287215, 0.040542907180385286, 0.04886164623467601, 0.17845884413309981, 0.1468476357267951, 0.2447460595446585, 0.09071803852889668, 0.049737302977232924, 0.0691768826619965, 0.020577933450087564, 0.008669001751313484, 0.013747810858143607, 0.005166374781085815, 0.004115586690017513, 0.0014886164623467602, 0.00026269702276707533, 0.00026269702276707533, 0.0, 0.0, 0.0], [9.669309611293753e-05, 9.669309611293753e-05, 9.669309611293753e-05, 0.0, 0.00038677238445175013, 0.00038677238445175013, 0.0002900792883388126, 0.0009669309611293754, 0.0010636240572423129, 0.005221427190098627, 0.009669309611293754, 0.019048539934248696, 0.03335911815896345, 0.04476890350029008, 0.0662347708373622, 0.07783794237091472, 0.1460065751305357, 0.19193579578418102, 0.20982401856507446, 0.08557339005994972, 0.043608586346934826, 0.03664668342680333, 0.013246954167472442, 0.004834654805646877, 0.005318120286211565, 0.0024173274028234386, 0.0006768516727905628, 0.00038677238445175013, 0.0, 0.0, 0.0, 0.0, 0.0], [0.0, 0.00010824853864472829, 0.0, 0.00010824853864472829, 0.00021649707728945658, 0.0005412426932236415, 0.0009742368478025547, 0.0036804503139207623, 0.006386663780038969, 0.012448581944143755, 0.02229919896081403, 0.03691275167785235, 0.054990257631521974, 0.07815544490149383, 0.10110413509417623, 0.13098073176012123, 0.15512015587789565, 0.1109547521108465, 0.1319549686079238, 0.06018618748646893, 0.03615501190733925, 0.029443602511366098, 0.012881576098722668, 0.006494912318683698, 0.004329941545789132, 0.002922710543407664, 0.0003247456159341849, 0.0003247456159341849, 0.0, 0.0, 0.0, 0.0, 0.0], [0.0, 0.0, 0.0, 0.0, 0.0004991265285749938, 0.0004991265285749938, 0.0012478163214374844, 0.0014973795857249812, 0.004492138757174944, 0.008984277514349888, 0.015722485650112302, 0.026578487646618416, 0.04080359371100574, 0.06600948340404293, 0.09907661592213626, 0.12740204641876715, 0.15373097080109807, 0.09932617918642375, 0.16658347891190417, 0.06089343648614924, 0.035562765160968304, 0.04130272023958073, 0.01759421013226853, 0.007112553032193661, 0.011604691789368606, 0.004741702021462441, 0.0038682305964562015, 0.0021212877464437236, 0.0012478163214374844, 0.0004991265285749938, 0.0009982530571499876, 0.0, 0.0], [0.0, 0.00018628912071535022, 0.00018628912071535022, 0.00037257824143070045, 0.0011177347242921013, 0.0011177347242921013, 0.0029806259314456036, 0.009687034277198211, 0.01676602086438152, 0.02570789865871833, 0.044336810730253355, 0.06184798807749627, 0.07973174366616989, 0.10245901639344263, 0.12481371087928465, 0.11941132637853949, 0.14307004470938897, 0.07451564828614009, 0.10339046199701937, 0.028315946348733235, 0.020678092399403873, 0.019932935916542473, 0.00801043219076006, 0.0026080476900149033, 0.005216095380029807, 0.0011177347242921013, 0.0018628912071535022, 0.00037257824143070045, 0.00018628912071535022, 0.0, 0.0, 0.0, 0.0], [0.0, 0.0, 0.0, 0.0011095700416088765, 0.0027739251040221915, 0.001664355062413315, 0.00332871012482663, 0.007766990291262136, 0.012482662968099861, 0.014979195561719833, 0.027739251040221916, 0.04299583911234397, 0.05825242718446602, 0.08599167822468794, 0.11900138696255201, 0.1273231622746186, 0.1492371705963939, 0.10041608876560333, 0.10929264909847435, 0.04604715672676838, 0.02524271844660194, 0.022191400832177532, 0.012760055478502081, 0.00943134535367545, 0.009708737864077669, 0.00332871012482663, 0.0030513176144244107, 0.0036061026352288486, 0.00027739251040221914, 0.0, 0.0, 0.0, 0.0], [0.0002244165170556553, 0.0, 0.0, 0.0, 0.0004488330341113106, 0.0004488330341113106, 0.0016831238779174147, 0.003478456014362657, 0.004937163375224416, 0.009649910233393177, 0.029847396768402153, 0.05745062836624776, 0.08135098743267505, 0.11613554757630161, 0.1428411131059246, 0.1444120287253142, 0.13644524236983843, 0.0750673249551167, 0.09234739676840216, 0.03388689407540395, 0.021768402154398563, 0.02289048473967684, 0.009649910233393177, 0.004488330341113106, 0.006620287253141831, 0.0015709156193895871, 0.001234290843806104, 0.0007854578096947936, 0.0, 0.00033662477558348296, 0.0, 0.0, 0.0], [0.0, 0.0, 0.0, 0.00028429282160625445, 0.00014214641080312722, 0.00014214641080312722, 0.0014214641080312722, 0.00042643923240938164, 0.0021321961620469083, 0.004690831556503198, 0.00810234541577825, 0.0240227434257285, 0.05472636815920398, 0.08415067519545132, 0.10476190476190476, 0.1294953802416489, 0.1560767590618337, 0.10191897654584221, 0.1466950959488273, 0.05785358919687278, 0.033404406538734895, 0.037668798862828715, 0.01691542288557214, 0.007107320540156361, 0.013503909026297086, 0.004975124378109453, 0.004690831556503198, 0.0028429282160625444, 0.0009950248756218905, 0.0005685856432125089, 0.00028429282160625445, 0.0, 0.0], [0.0, 0.0, 0.0, 0.0, 0.0008968609865470852, 0.0012556053811659193, 0.0026905829596412557, 0.004663677130044843, 0.007713004484304933, 0.017757847533632288, 0.02852017937219731, 0.04089686098654709, 0.07013452914798206, 0.09058295964125561, 0.11515695067264574, 0.13309417040358745, 0.14134529147982064, 0.09291479820627803, 0.12412556053811659, 0.04717488789237668, 0.02798206278026906, 0.025112107623318385, 0.00968609865470852, 0.003946188340807175, 0.005201793721973094, 0.0008968609865470852, 0.003946188340807175, 0.003228699551569507, 0.0007174887892376681, 0.00035874439461883406, 0.0, 0.0, 0.0], [0.00011385631333257428, 0.00011385631333257428, 0.0, 0.0, 0.00011385631333257428, 0.0010247068199931686, 0.0006831378799954458, 0.002277126266651486, 0.002846407833314357, 0.0058066719799612886, 0.014004326539906638, 0.02174655584652169, 0.0358647386997609, 0.04326539906637823, 0.07229875896618468, 0.18752134805874987, 0.1926448821587157, 0.1293407719458044, 0.1400432653990664, 0.06353182283957645, 0.0358647386997609, 0.02573152681316179, 0.011954912899920301, 0.00478196515996812, 0.005123534099965843, 0.0018217010133211886, 0.0010247068199931686, 0.0003415689399977229, 0.00011385631333257428, 0.0, 0.0, 0.0, 0.0], [0.0, 0.0, 0.0, 0.0001582528881152081, 0.0001582528881152081, 0.0006330115524608325, 0.001740781769267289, 0.003006804874188954, 0.006330115524608324, 0.009020414622566862, 0.023896186105396424, 0.033707865168539325, 0.06757398322519385, 0.09859154929577464, 0.12644405760405128, 0.14606741573033707, 0.1546130716885583, 0.10428865326792214, 0.10982750435195442, 0.03924671625257161, 0.026428232315239754, 0.01851558790947935, 0.010286437727488527, 0.004431080867225827, 0.008229150181990821, 0.002848551986073746, 0.0026902990979585377, 0.0004747586643456243, 0.0006330115524608325, 0.0, 0.0001582528881152081, 0.0, 0.0], [0.0, 0.0, 0.0, 0.00016199578810950914, 0.0, 0.0006479831524380366, 0.000971974728657055, 0.000971974728657055, 0.0025919326097521463, 0.006317835736270857, 0.012959663048760733, 0.021707435606674225, 0.0388789891462822, 0.05961445002429937, 0.09428154867973433, 0.11760894216750364, 0.15373400291592418, 0.11193908958367083, 0.17058156487931314, 0.06803823100599385, 0.04179491333225336, 0.04471083751822453, 0.018143528268265024, 0.010529726227118095, 0.011663696743884658, 0.006965818888708893, 0.0035639073384092015, 0.0012959663048760731, 0.00016199578810950914, 0.00016199578810950914, 0.0, 0.0, 0.0], [0.0, 0.0, 0.00011370096645821489, 0.0, 0.00022740193291642978, 0.00034110289937464467, 0.00034110289937464467, 0.0012507106310403638, 0.0011370096645821489, 0.0037521318931210915, 0.006822057987492893, 0.016145537237066514, 0.02762933484934622, 0.045707788516202386, 0.12723138146674245, 0.14565093803297327, 0.1664582148948266, 0.10267197271176805, 0.16122797043774872, 0.06014781125639568, 0.03922683342808414, 0.036043206367254124, 0.022626492325184763, 0.010801591813530414, 0.014440022740193292, 0.004206935758953951, 0.003069926094371802, 0.002387720295622513, 0.00022740193291642978, 0.00011370096645821489, 0.0, 0.0, 0.0], [0.0, 0.0, 9.05961224859576e-05, 0.0, 9.05961224859576e-05, 9.05961224859576e-05, 9.05961224859576e-05, 0.0008153651023736184, 0.001811922449719152, 0.004620402246783837, 0.008878420003623846, 0.016035513680014494, 0.027903605725674942, 0.03596666062692517, 0.05472005798151839, 0.05970284471824606, 0.07437941656097119, 0.17086428700851602, 0.2761369813371988, 0.10119586881681464, 0.05707555716615329, 0.06305490125022649, 0.014676571842725132, 0.007610074288820439, 0.013680014495379597, 0.005073382859213626, 0.003261460409494474, 0.0009965573473455335, 0.0005435767349157456, 0.0006341728574017033, 0.0, 0.0, 0.0], [0.0, 0.0, 0.0, 0.0, 0.0001038961038961039, 0.0009350649350649351, 0.001142857142857143, 0.0027012987012987014, 0.005090909090909091, 0.009558441558441558, 0.017662337662337664, 0.03231168831168831, 0.051116883116883116, 0.07677922077922078, 0.11096103896103895, 0.13797402597402597, 0.17402597402597403, 0.11116883116883117, 0.1518961038961039, 0.04851948051948052, 0.024935064935064935, 0.027220779220779222, 0.007480519480519481, 0.003324675324675325, 0.0024935064935064934, 0.0007272727272727272, 0.001142857142857143, 0.0006233766233766234, 0.0001038961038961039, 0.0, 0.0, 0.0, 0.0], [0.0, 0.0032258064516129032, 0.0, 0.0032258064516129032, 0.0064516129032258064, 0.016129032258064516, 0.025806451612903226, 0.04516129032258064, 0.08709677419354839, 0.054838709677419356, 0.04838709677419355, 0.07419354838709677, 0.07096774193548387, 0.11612903225806452, 0.13225806451612904, 0.1, 0.07741935483870968, 0.04838709677419355, 0.03870967741935484, 0.01935483870967742, 0.0064516129032258064, 0.00967741935483871, 0.0032258064516129032, 0.012903225806451613, 0.0, 0.0, 0.0, 0.0, 0.0, 0.0, 0.0, 0.0, 0.0]]}, "ranks": {"labels": ["Unranked", "Combatatent I", "Combatatent II", "Challenger I", "Challenger II", "Rival I", "Rival II", "Duelist", "Elite"], "data": [[0.13556618819776714, 0.1850079744816587, 0.24242424242424243, 0.21850079744816586, 0.12121212121212122, 0.06220095693779904, 0.019138755980861243, 0.012759170653907496, 0.003189792663476874], [0.06292749658002736, 0.09493844049247606, 0.17455540355677154, 0.25663474692202465, 0.23283173734610124, 0.12749658002735978, 0.029822161422708618, 0.015595075239398085, 0.005198358413132695], [0.00752924823352253, 0.012741804702884281, 0.031275338816170506, 0.06451986563187768, 0.29236650063709024, 0.3806324568516159, 0.09000347503764625, 0.08954013668481409, 0.031391173404378546], [0.015488976823063877, 0.024985867721876765, 0.05505935556811758, 0.09587337478801583, 0.1183719615602035, 0.36970039570378743, 0.14901074053137367, 0.13295647258338045, 0.03855285472018089], [0.18681318681318682, 0.15384615384615385, 0.1978021978021978, 0.1978021978021978, 0.11538461538461539, 0.08791208791208792, 0.04395604395604396, 0.016483516483516484, 0.0], [0.007476635514018692, 0.020456905503634475, 0.14600207684319833, 0.25742471443406023, 0.27009345794392525, 0.16656282450674975, 0.05430944963655244, 0.0592938733125649, 0.01838006230529595], [0.08629223154723477, 0.11727996556918442, 0.2083064342586615, 0.23886378308586184, 0.18678717452119648, 0.08908973531310523, 0.028405422853453842, 0.030342156229825695, 0.014633096621476221], [0.26011560693641617, 0.24277456647398843, 0.21676300578034682, 0.1416184971098266, 0.06647398843930635, 0.05202312138728324, 0.014450867052023121, 0.005780346820809248, 0.0], [0.03253951960583042, 0.0607678094847054, 0.08991993430507082, 0.18148224183945802, 0.3087661671114761, 0.16813795935126258, 0.06466844590433175, 0.06949291726544857, 0.024225005132416343], [0.014607185155941572, 0.030398736675878404, 0.058823529411764705, 0.13541255428345836, 0.1910777733912357, 0.2139755230951441, 0.109751283063561, 0.1590998815633636, 0.08685353335965258], [0.03150525087514586, 0.055231427460132244, 0.12290937378451965, 0.23551147413457799, 0.24776351614157915, 0.17386231038506417, 0.06087125632049786, 0.055620381174640215, 0.016725009723842863], [0.08679245283018867, 0.1379622641509434, 0.2241509433962264, 0.2563018867924528, 0.16649056603773585, 0.072, 0.026867924528301886, 0.02369811320754717, 0.005735849056603773], [0.014219782961207433, 0.03293002369963827, 0.06161905949856555, 0.1661469377572658, 0.3538730198328552, 0.22589497318198828, 0.06461269801671449, 0.06136958962205314, 0.019333915429711863], [0.017743724165742516, 0.036596431091843934, 0.1753200927512854, 0.25667910071579797, 0.254259501965924, 0.1505192055650771, 0.048795241455791914, 0.04506502671640286, 0.015021675572134288], [0.01608419380460683, 0.04130262112787927, 0.1153693407466243, 0.21803018268467037, 0.28316123907863383, 0.1892374900714853, 0.0698967434471803, 0.05222398729150119, 0.014694201747418586], [0.04057971014492753, 0.07799736495388669, 0.16152832674571804, 0.23267457180500659, 0.23030303030303031, 0.1262187088274045, 0.05059288537549407, 0.05665349143610013, 0.02345191040843215], [0.045839071414518984, 0.08754672437536888, 0.18217588038559906, 0.24808184143222506, 0.21463702537871335, 0.13377926421404682, 0.038559905567578205, 0.03836317135549872, 0.011017115876450915], [0.012774843385333497, 0.027269377226384964, 0.16324775826065593, 0.27551897801252917, 0.2600417639110674, 0.17135487040904065, 0.03979855054661589, 0.03795602505834664, 0.012037833190025795], [0.18181818181818182, 0.13986013986013987, 0.15384615384615385, 0.15384615384615385, 0.1888111888111888, 0.055944055944055944, 0.03496503496503497, 0.055944055944055944, 0.03496503496503497], [0.008714362560516407, 0.01818181818181818, 0.052501344809037113, 0.27972027972027974, 0.34136632598171057, 0.17267348036578806, 0.059064012910166754, 0.05325443786982249, 0.014523937600860678], [0.005155243116578793, 0.011599297012302284, 0.032806092560046865, 0.20609256004686585, 0.3093145869947276, 0.23596953719976568, 0.08869361452841241, 0.08236672524897481, 0.028002343292325718], [0.012432381133149853, 0.024105532884122614, 0.04270665274746133, 0.22492170446996299, 0.28366707791591533, 0.2216000759229382, 0.08465407611274556, 0.0844642687672013, 0.0214482300465028], [0.02710843373493976, 0.04066265060240964, 0.1355421686746988, 0.2996987951807229, 0.28313253012048195, 0.1536144578313253, 0.043674698795180725, 0.016566265060240965, 0.0], [0.007618213660245184, 0.020315236427320492, 0.04868651488616462, 0.0894045534150613, 0.3253064798598949, 0.29772329246935203, 0.08747810858143608, 0.09842381786339754, 0.025043782837127847], [0.00860568555405144, 0.028717849545542448, 0.07812802165925353, 0.14407271320827694, 0.3379423709147167, 0.2588474182943338, 0.08015857667762522, 0.05472829239992265, 0.008799071746277316], [0.024464169733708595, 0.059211950638666376, 0.1331457025330158, 0.23208486685429747, 0.26607490798874217, 0.16572851266507901, 0.06256765533665296, 0.04882009092877246, 0.007902143321065166], [0.017219865235837285, 0.04230097329673072, 0.10681307711504867, 0.2264786623409034, 0.2530571499875218, 0.19977539306214126, 0.06326428749688046, 0.06600948340404293, 0.025081108060893437], [0.05812220566318927, 0.10618479880774963, 0.18219076005961252, 0.24422503725782416, 0.21758569299552907, 0.11885245901639344, 0.03353204172876304, 0.030551415797317436, 0.00875558867362146], [0.04410540915395284, 0.07073509015256588, 0.14424410540915394, 0.2463245492371706, 0.24965325936199723, 0.13481276005547851, 0.04576976421636616, 0.044382801664355064, 0.019972260748959778], [0.020870736086175942, 0.0872980251346499, 0.19748653500897667, 0.2872531418312388, 0.2115125673249551, 0.11254488330341113, 0.035457809694793535, 0.03702872531418312, 0.0105475763016158], [0.00923951670220327, 0.03212508884150675, 0.13887704335465528, 0.23425728500355367, 0.2579957356076759, 0.17782515991471215, 0.060127931769722816, 0.061691542288557215, 0.027860696517412936], [0.03497757847533632, 0.0694170403587444, 0.16071748878923767, 0.24825112107623318, 0.23426008968609865, 0.15210762331838565, 0.04717488789237668, 0.03874439461883408, 0.014349775784753363], [0.012979619719913469, 0.035750882386428325, 0.07913013776613913, 0.2598201070249345, 0.32198565410452007, 0.17556643515882955, 0.06387339177957417, 0.04246840487305021, 0.008425367186610497], [0.02104763411932268, 0.05760405127393575, 0.1661655325209685, 0.27251147333438835, 0.25890172495648045, 0.13071688558316188, 0.044785567336603896, 0.0332331065041937, 0.01503402437094477], [0.011663696743884658, 0.03466709865543496, 0.09849343917058156, 0.21189049084723796, 0.26567309249959503, 0.20767860035639074, 0.07273610886116962, 0.07338409201360764, 0.023813380852097846], [0.007163160886867539, 0.02296759522455941, 0.07333712336554861, 0.27288231949971575, 0.26913018760659463, 0.19420125071063105, 0.0664013644115975, 0.0694712905059693, 0.0244457077885162], [0.007610074288820439, 0.02491393368363834, 0.06387026635260011, 0.11442290269976445, 0.24524370356948721, 0.3331219423808661, 0.1012864649393006, 0.08534154738177206, 0.02418916470375068], [0.019532467532467533, 0.049974025974025976, 0.1278961038961039, 0.24893506493506493, 0.28519480519480517, 0.17953246753246754, 0.04581818181818182, 0.038025974025974026, 0.005090909090909091], [0.24193548387096775, 0.12258064516129032, 0.1870967741935484, 0.23225806451612904, 0.12580645161290321, 0.04516129032258064, 0.01935483870967742, 0.025806451612903226, 0.0]]}, "ranksDetailed": {"labels": ["Unranked", "Combatatant", "Challenger", "Rival", "Duelist", "Elite"], "data": [[0.13556618819776714, 0.4274322169059011, 0.3397129186602871, 0.08133971291866028, 0.012759170653907496, 0.003189792663476874], [0.06292749658002736, 0.2694938440492476, 0.48946648426812583, 0.1573187414500684, 0.015595075239398085, 0.005198358413132695], [0.00752924823352253, 0.04401714351905479, 0.3568863662689679, 0.4706359318892621, 0.08954013668481409, 0.031391173404378546], [0.015488976823063877, 0.08004522328999435, 0.21424533634821932, 0.5187111362351611, 0.13295647258338045, 0.03855285472018089], [0.18681318681318682, 0.3516483516483517, 0.3131868131868132, 0.13186813186813187, 0.016483516483516484, 0.0], [0.007476635514018692, 0.16645898234683282, 0.5275181723779855, 0.22087227414330218, 0.0592938733125649, 0.01838006230529595], [0.08629223154723477, 0.32558639982784593, 0.42565095760705834, 0.11749515816655907, 0.030342156229825695, 0.014633096621476221], [0.26011560693641617, 0.4595375722543353, 0.20809248554913296, 0.06647398843930635, 0.005780346820809248, 0.0], [0.03253951960583042, 0.15068774378977623, 0.4902484089509341, 0.23280640525559435, 0.06949291726544857, 0.024225005132416343], [0.014607185155941572, 0.08922226608764311, 0.32649032767469405, 0.3237268061587051, 0.1590998815633636, 0.08685353335965258], [0.03150525087514586, 0.1781408012446519, 0.4832749902761571, 0.23473356670556203, 0.055620381174640215, 0.016725009723842863], [0.08679245283018867, 0.3621132075471698, 0.4227924528301887, 0.09886792452830188, 0.02369811320754717, 0.005735849056603773], [0.014219782961207433, 0.09454908319820382, 0.520019957590121, 0.29050767119870274, 0.06136958962205314, 0.019333915429711863], [0.017743724165742516, 0.21191652384312934, 0.510938602681722, 0.19931444702086903, 0.04506502671640286, 0.015021675572134288], [0.01608419380460683, 0.15667196187450358, 0.5011914217633042, 0.2591342335186656, 0.05222398729150119, 0.014694201747418586], [0.04057971014492753, 0.23952569169960475, 0.4629776021080369, 0.17681159420289855, 0.05665349143610013, 0.02345191040843215], [0.045839071414518984, 0.26972260476096793, 0.46271886681093843, 0.17233916978162503, 0.03836317135549872, 0.011017115876450915], [0.012774843385333497, 0.1905171354870409, 0.5355607419235966, 0.21115342095565656, 0.03795602505834664, 0.012037833190025795], [0.18181818181818182, 0.2937062937062937, 0.34265734265734266, 0.09090909090909091, 0.055944055944055944, 0.03496503496503497], [0.008714362560516407, 0.0706831629908553, 0.6210866057019904, 0.2317374932759548, 0.05325443786982249, 0.014523937600860678], [0.005155243116578793, 0.04440538957234915, 0.5154071470415934, 0.3246631517281781, 0.08236672524897481, 0.028002343292325718], [0.012432381133149853, 0.06681218563158395, 0.5085887823858783, 0.3062541520356838, 0.0844642687672013, 0.0214482300465028], [0.02710843373493976, 0.17620481927710843, 0.5828313253012049, 0.19728915662650603, 0.016566265060240965, 0.0], [0.007618213660245184, 0.06900175131348511, 0.41471103327495623, 0.3852014010507881, 0.09842381786339754, 0.025043782837127847], [0.00860568555405144, 0.10684587120479598, 0.4820150841229936, 0.339005994971959, 0.05472829239992265, 0.008799071746277316], [0.024464169733708595, 0.19235765317168219, 0.49815977484303964, 0.22829616800173197, 0.04882009092877246, 0.007902143321065166], [0.017219865235837285, 0.1491140504117794, 0.47953581232842524, 0.2630396805590217, 0.06600948340404293, 0.025081108060893437], [0.05812220566318927, 0.28837555886736216, 0.46181073025335323, 0.15238450074515647, 0.030551415797317436, 0.00875558867362146], [0.04410540915395284, 0.21497919556171982, 0.49597780859916785, 0.18058252427184465, 0.044382801664355064, 0.019972260748959778], [0.020870736086175942, 0.2847845601436266, 0.4987657091561939, 0.14800269299820468, 0.03702872531418312, 0.0105475763016158], [0.00923951670220327, 0.17100213219616206, 0.49225302061122955, 0.23795309168443496, 0.061691542288557215, 0.027860696517412936], [0.03497757847533632, 0.23013452914798208, 0.48251121076233183, 0.19928251121076232, 0.03874439461883408, 0.014349775784753363], [0.012979619719913469, 0.11488102015256746, 0.5818057611294546, 0.23943982693840374, 0.04246840487305021, 0.008425367186610497], [0.02104763411932268, 0.22376958379490425, 0.5314131982908689, 0.1755024529197658, 0.0332331065041937, 0.01503402437094477], [0.011663696743884658, 0.13316053782601653, 0.47756358334683296, 0.28041470921756034, 0.07338409201360764, 0.023813380852097846], [0.007163160886867539, 0.09630471859010802, 0.5420125071063104, 0.26060261512222854, 0.0694712905059693, 0.0244457077885162], [0.007610074288820439, 0.08878420003623845, 0.3596666062692517, 0.4344084073201667, 0.08534154738177206, 0.02418916470375068], [0.019532467532467533, 0.17787012987012987, 0.5341298701298701, 0.22535064935064936, 0.038025974025974026, 0.005090909090909091], [0.24193548387096775, 0.3096774193548387, 0.3580645161290323, 0.06451612903225806, 0.025806451612903226, 0.0]]}}}, "eu": {"histType": {"histogram": {"labels": ["0", "100", "200", "300", "400", "500", "600", "700", "800", "900", "1000", "1100", "1200", "1300", "1400", "1500", "1600", "1700", "1800", "1900", "2000", "2100", "2200", "2300", "2400", "2500", "2600", "2700", "2800", "2900", "3000", "3100", "3200"], "data": [[0.0, 0.0, 0.002074688796680498, 0.0, 0.0, 0.004149377593360996, 0.012448132780082987, 0.026970954356846474, 0.04979253112033195, 0.07468879668049792, 0.07883817427385892, 0.0975103734439834, 0.08506224066390042, 0.13278008298755187, 0.14522821576763487, 0.0954356846473029, 0.06846473029045644, 0.043568464730290454, 0.03734439834024896, 0.02074688796680498, 0.012448132780082987, 0.008298755186721992, 0.004149377593360996, 0.0, 0.0, 0.0, 0.0, 0.0, 0.0, 0.0, 0.0, 0.0, 0.0], [0.00030012004801920766, 0.0006002400960384153, 0.0006002400960384153, 0.000900360144057623, 0.001800720288115246, 0.0033013205282112846, 0.0063025210084033615, 0.011104441776710685, 0.02100840336134454, 0.03241296518607443, 0.045018007202881155, 0.06452581032412966, 0.08403361344537816, 0.1059423769507803, 0.12965186074429771, 0.13085234093637454, 0.14315726290516206, 0.06452581032412966, 0.09333733493397359, 0.02460984393757503, 0.013205282112845138, 0.011104441776710685, 0.004801920768307323, 0.0027010804321728693, 0.003001200480192077, 0.0006002400960384153, 0.0006002400960384153, 0.0, 0.0, 0.0, 0.0, 0.0, 0.0], [0.0, 0.0, 0.0, 0.00011680878402055835, 0.00011680878402055835, 0.00011680878402055835, 0.0, 0.0008176614881439084, 0.0018689405443289336, 0.002569793248452284, 0.005840439201027918, 0.009461511505665226, 0.011914495970096951, 0.01553556827473426, 0.025697932484522835, 0.035743487910290854, 0.22403924775143091, 0.14858077327415023, 0.2916715336993342, 0.0776778413736713, 0.04987735077677841, 0.05233033524121014, 0.01705408246700152, 0.007008527041233501, 0.011447260834014717, 0.005139586496904568, 0.003270645952575634, 0.001635322976287817, 0.0002336175680411167, 0.0002336175680411167, 0.0, 0.0, 0.0], [0.0, 0.0, 0.0, 0.00010841283607979184, 0.00010841283607979184, 0.0002168256721595837, 0.000758889852558543, 0.002059843885516045, 0.002385082393755421, 0.005962705984388552, 0.011600173460537728, 0.01756287944492628, 0.02114050303555941, 0.02699479618386817, 0.042931483087597574, 0.05442324371205551, 0.07892454466608846, 0.053230702515177794, 0.29900260190806593, 0.13464874241110147, 0.08347788378143972, 0.08065915004336513, 0.031764960971379014, 0.01409366869037294, 0.021032090199479617, 0.00878143972246314, 0.004011274934952298, 0.003469210754553339, 0.0004336513443191674, 0.0002168256721595837, 0.0, 0.0, 0.0], [0.0, 0.0, 0.0, 0.0, 0.0, 0.018867924528301886, 0.031446540880503145, 0.050314465408805034, 0.07547169811320754, 0.05660377358490566, 0.06289308176100629, 0.0880503144654088, 0.06918238993710692, 0.09433962264150944, 0.0880503144654088, 0.13836477987421383, 0.012578616352201259, 0.06289308176100629, 0.050314465408805034, 0.0440251572327044, 0.031446540880503145, 0.0, 0.006289308176100629, 0.006289308176100629, 0.012578616352201259, 0.0, 0.0, 0.0, 0.0, 0.0, 0.0, 0.0, 0.0], [0.0, 0.00010387451958034694, 0.00010387451958034694, 0.00020774903916069389, 0.0003116235587410408, 0.00010387451958034694, 0.00020774903916069389, 0.0011426197153838163, 0.0019736158720265917, 0.0039472317440531835, 0.008413836086008103, 0.04061493715591565, 0.05713098576919082, 0.0816453723901527, 0.11779370520411343, 0.13108964371039783, 0.15092967695024412, 0.10584813545237354, 0.13804923652228107, 0.052