{"region": {"us": {"histType": {"histogram": {"labels": ["0", "100", "200", "300", "400", "500", "600", "700", "800", "900", "1000", "1100", "1200", "1300", "1400", "1500", "1600", "1700", "1800", "1900", "2000", "2100", "2200", "2300", "2400", "2500", "2600", "2700", "2800", "2900", "3000", "3100", "3200"], "data": [[0.0, 0.0, 0.004796163069544364, 0.004796163069544364, 0.004796163069544364, 0.007194244604316547, 0.019184652278177457, 0.014388489208633094, 0.04316546762589928, 0.045563549160671464, 0.08633093525179857, 0.11270983213429256, 0.11031175059952038, 0.13189448441247004, 0.11270983213429256, 0.08872901678657075, 0.07194244604316546, 0.04316546762589928, 0.03117505995203837, 0.03357314148681055, 0.011990407673860911, 0.007194244604316547, 0.007194244604316547, 0.0, 0.007194244604316547, 0.0, 0.0, 0.0, 0.0, 0.0, 0.0, 0.0, 0.0], [0.0, 0.0003197953309881676, 0.0, 0.0003197953309881676, 0.0006395906619763352, 0.0015989766549408379, 0.004477134633834346, 0.00799488327470419, 0.011512631915574032, 0.02654301247201791, 0.03709625839462744, 0.05500479692996482, 0.07866965142308922, 0.09050207866965142, 0.12344099776143268, 0.13399424368404222, 0.1490246242404861, 0.08730412535976975, 0.11352734250079949, 0.03997441637352095, 0.014710585225455708, 0.009593859929645027, 0.005116725295810681, 0.0015989766549408379, 0.0025583626479053407, 0.0012791813239526704, 0.0015989766549408379, 0.0012791813239526704, 0.0003197953309881676, 0.0, 0.0, 0.0, 0.0], [0.00011135857461024499, 0.0, 0.0, 0.00022271714922048998, 0.00022271714922048998, 0.00022271714922048998, 0.00022271714922048998, 0.0005567928730512249, 0.0026726057906458797, 0.0032293986636971047, 0.005456570155902005, 0.0077951002227171495, 0.012138084632516704, 0.019487750556792874, 0.025835189309576838, 0.0611358574610245, 0.2022271714922049, 0.12962138084632516, 0.29086859688195993, 0.07728285077951003, 0.0467706013363029, 0.056570155902004454, 0.019933184855233852, 0.009688195991091313, 0.017928730512249445, 0.005233853006681515, 0.0027839643652561247, 0.0012249443207126948, 0.00011135857461024499, 0.00044543429844097997, 0.0, 0.0, 0.0], [0.0, 0.0, 0.0, 0.0, 0.0001063264221158958, 0.0001063264221158958, 0.0007442849548112706, 0.0018075491759702285, 0.004678362573099415, 0.007655502392344498, 0.011270600744284955, 0.013716108452950558, 0.025199362041467305, 0.031153641679957468, 0.04455077086656034, 0.055396065922381714, 0.16427432216905902, 0.14322169059011164, 0.2523125996810207, 0.09420520999468368, 0.0531632110579479, 0.053588516746411484, 0.019138755980861243, 0.007017543859649123, 0.010845295055821371, 0.0034024455077086655, 0.00202020202020202, 0.0004253056884635832, 0.0, 0.0, 0.0, 0.0, 0.0], [0.0, 0.0, 0.0, 0.0, 0.0070921985815602835, 0.0070921985815602835, 0.02127659574468085, 0.03546099290780142, 0.04964539007092199, 0.05673758865248227, 0.06382978723404255, 0.0851063829787234, 0.11347517730496454, 0.1276595744680851, 0.09219858156028368, 0.09219858156028368, 0.04964539007092199, 0.028368794326241134, 0.09219858156028368, 0.03546099290780142, 0.014184397163120567, 0.02127659574468085, 0.0070921985815602835, 0.0, 0.0, 0.0, 0.0, 0.0, 0.0, 0.0, 0.0, 0.0, 0.0], [0.0, 0.0, 0.0, 0.0, 0.0, 0.0, 0.00021903405979629831, 0.0038330960464352205, 0.00514730040521301, 0.011389771109407512, 0.020151133501259445, 0.030774285401379914, 0.05278720841090789, 0.08345197678238966, 0.10831234256926953, 0.13087285072828825, 0.16109955098017742, 0.09582740116088052, 0.13459642974482533, 0.05355382762019494, 0.030555251341583618, 0.03844047749425036, 0.015003833096046436, 0.00657102179388895, 0.011061220019713065, 0.0031759938670463256, 0.0016427554484722375, 0.0008761362391851933, 0.00043806811959259663, 0.00010951702989814916, 0.00010951702989814916, 0.0, 0.0], [0.0, 0.0002388344877000239, 0.0002388344877000239, 0.0019106759016001911, 0.0014330069262001434, 0.0035825173155003584, 0.006448531167900645, 0.013374731311201338, 0.0219727728684022, 0.034392166228803436, 0.05182708383090518, 0.06687365655600669, 0.09768330546930977, 0.10843085741581085, 0.11225220921901123, 0.12228325770241223, 0.12228325770241223, 0.06687365655600669, 0.07666587055170766, 0.02889897301170289, 0.017434917602101745, 0.016957248626701695, 0.009553379508000955, 0.004776689754000477, 0.005732027704800574, 0.002866013852400287, 0.002866013852400287, 0.0009553379508000956, 0.0004776689754000478, 0.0002388344877000239, 0.0004776689754000478, 0.0, 0.0], [0.003125, 0.0, 0.0, 0.00625, 0.009375, 0.021875, 0.0125, 0.034375, 0.05625, 0.1, 0.121875, 0.125, 0.1125, 0.1, 0.075, 0.0625, 0.053125, 0.025, 0.0375, 0.025, 0.003125, 0.003125, 0.00625, 0.00625, 0.0, 0.0, 0.0, 0.0, 0.0, 0.0, 0.0, 0.0, 0.0], [0.0002909231962761831, 0.0001939487975174554, 0.0004848719937936385, 0.0002909231962761831, 0.0004848719937936385, 0.00126066718386346, 0.0014546159813809154, 0.004169899146625291, 0.007757951900698216, 0.0160977501939488, 0.02608611326609775, 0.03481380915438324, 0.04315360744763382, 0.04965089216446858, 0.14361908456167571, 0.15011636927851046, 0.15448021722265323, 0.10075640031031807, 0.10822342901474011, 0.05003878975950349, 0.0332622187742436, 0.030159038013964315, 0.0171644685802948, 0.009018619084561676, 0.01047323506594259, 0.0036850271528316523, 0.0018425135764158261, 0.0003878975950349108, 0.0005818463925523662, 0.0, 0.0, 0.0, 0.0], [0.0, 0.0, 0.0, 0.0, 0.0007927070947284979, 0.00039635354736424893, 0.0011890606420927466, 0.0011890606420927466, 0.0015854141894569957, 0.008323424494649227, 0.011890606420927468, 0.013872374157748711, 0.022592152199762187, 0.03170828378913991, 0.05786761791518034, 0.07411811335711455, 0.09750297265160524, 0.089179548156956, 0.178359096313912, 0.0713436385255648, 0.07927070947284978, 0.10107015457788347, 0.04597701149425287, 0.019024970273483946, 0.05192231470471661, 0.015854141894569955, 0.01109789932619897, 0.009512485136741973, 0.0027744748315497426, 0.0015854141894569957, 0.0, 0.0, 0.0], [0.0, 0.0, 0.0002521432173474534, 0.0, 0.0012607160867372667, 0.0007564296520423601, 0.0022692889561270802, 0.0032778618255168935, 0.010842158345940494, 0.019415027735753907, 0.025466464952092788, 0.038073625819465454, 0.06354009077155824, 0.07740796772566819, 0.10060514372163389, 0.1238023197175996, 0.14977307110438728, 0.09178013111447302, 0.14145234493192133, 0.049420070600100854, 0.03504790721129602, 0.03328290468986384, 0.010337871911245588, 0.007312153303076148, 0.009581442259203227, 0.002017145738779627, 0.0022692889561270802, 0.0002521432173474534, 0.0005042864346949068, 0.0, 0.0, 0.0, 0.0], [0.0, 0.0, 0.0010258163788681826, 0.0008548469823901521, 0.001538724568302274, 0.0032484185330825784, 0.006838775859121217, 0.010942041374593947, 0.021713113352709864, 0.03607454265686442, 0.062232860318003076, 0.07710719781159173, 0.10959138314241751, 0.11608822020858266, 0.13455291502820996, 0.11899469994870918, 0.11420755684732432, 0.05983928876731065, 0.06171995212856898, 0.025474440075226534, 0.013506582321764405, 0.010771071978115917, 0.006667806462643187, 0.0039322961189946996, 0.0020516327577363653, 0.0010258163788681826, 0.0, 0.0, 0.0, 0.0, 0.0, 0.0, 0.0], [0.0, 0.0, 0.0, 0.0, 0.00012201073694485115, 0.0004880429477794046, 0.0019521717911176184, 0.0019521717911176184, 0.004636408003904344, 0.005978526110297706, 0.014031234748657882, 0.0212298682284041, 0.040751586139580284, 0.08455344070278184, 0.1295754026354319, 0.13469985358711567, 0.1715470961444607, 0.10919960956564177, 0.14665690580771107, 0.04489995119570522, 0.028184480234260616, 0.02977061981454368, 0.011346998535871157, 0.005978526110297706, 0.007808687164470474, 0.0028062469497315765, 0.0012201073694485115, 0.00012201073694485115, 0.0004880429477794046, 0.0, 0.0, 0.0, 0.0], [0.00021134946634259749, 0.0, 0.0, 0.00010567473317129874, 0.00010567473317129874, 0.00031702419951389624, 0.002113494663425975, 0.00507238719222234, 0.01003909965127338, 0.02092359716791715, 0.03434428828067209, 0.044700412131459366, 0.07006234809257107, 0.09119729472683082, 0.10884497516643771, 0.1179330022191694, 0.13970199725245694, 0.09309943992391419, 0.11677058015428511, 0.05135792032125119, 0.029588925287963648, 0.031808094684560924, 0.011201521716157667, 0.005178061925393639, 0.007714255521504808, 0.0029588925287963646, 0.0022191693965972737, 0.0007397231321990912, 0.0008453978653703899, 0.0007397231321990912, 0.00010567473317129874, 0.0, 0.0], [0.0, 0.0, 0.0, 0.0, 0.00044732721986132855, 0.00022366360993066427, 0.0008946544397226571, 0.0017893088794453142, 0.004473272198613286, 0.006486244687989264, 0.014314471035562513, 0.027957951241333035, 0.04965332140460747, 0.07112502795795124, 0.09863565197942295, 0.11675240438380675, 0.16193245358980093, 0.11764705882352941, 0.14627600089465445, 0.06754641019906062, 0.03891746812793558, 0.03735182285842094, 0.016551107134869156, 0.006038917468127935, 0.009170208007157236, 0.0031312905390293, 0.0011183180496533215, 0.0006709908297919928, 0.0, 0.0008946544397226571, 0.0, 0.0, 0.0], [0.0, 0.0, 0.0, 0.0003362474781439139, 0.0016812373907195697, 0.0016812373907195697, 0.0023537323470073975, 0.004371217215870881, 0.011768661735036988, 0.018493611297915265, 0.03295225285810356, 0.04774714189643578, 0.07094821788836583, 0.08338937457969066, 0.09952925353059852, 0.11331540013449899, 0.13685272360457296, 0.09347679892400806, 0.1109616677874916, 0.05245460659045057, 0.03463349024882313, 0.03362474781439139, 0.01613987895090787, 0.00941492938802959, 0.013113651647612643, 0.005379959650302623, 0.0010087424344317419, 0.003026227303295225, 0.0010087424344317419, 0.0003362474781439139, 0.0, 0.0, 0.0], [0.0002100840336134454, 0.0, 0.0008403361344537816, 0.0004201680672268908, 0.0006302521008403362, 0.0012605042016806723, 0.0025210084033613447, 0.0063025210084033615, 0.01050420168067227, 0.020378151260504202, 0.03235294117647059, 0.05063025210084034, 0.07962184873949579, 0.10189075630252101, 0.11827731092436974, 0.12352941176470589, 0.13676470588235295, 0.08487394957983194, 0.11449579831932773, 0.04348739495798319, 0.023529411764705882, 0.023529411764705882, 0.008613445378151261, 0.004831932773109244, 0.005042016806722689, 0.0016806722689075631, 0.0010504201680672268, 0.0014705882352941176, 0.0004201680672268908, 0.0008403361344537816, 0.0, 0.0, 0.0], [0.0, 0.0, 0.00013468013468013467, 0.00026936026936026934, 0.00040404040404040404, 0.0006734006734006734, 0.0016161616161616162, 0.00404040404040404, 0.007542087542087542, 0.01468013468013468, 0.026262626262626262, 0.0465993265993266, 0.07286195286195286, 0.09037037037037036, 0.11784511784511785, 0.13023569023569023, 0.15326599326599327, 0.08915824915824916, 0.13683501683501684, 0.03946127946127946, 0.022626262626262626, 0.02181818181818182, 0.00808080808080808, 0.0048484848484848485, 0.005925925925925926, 0.0018855218855218854, 0.0014814814814814814, 0.00026936026936026934, 0.00013468013468013467, 0.0006734006734006734, 0.0, 0.0, 0.0], [0.0, 0.0, 0.0, 0.007936507936507936, 0.007936507936507936, 0.015873015873015872, 0.007936507936507936, 0.015873015873015872, 0.007936507936507936, 0.07936507936507936, 0.031746031746031744, 0.07936507936507936, 0.0873015873015873, 0.07142857142857142, 0.03968253968253968, 0.1111111111111111, 0.1349206349206349, 0.0873015873015873, 0.03968253968253968, 0.031746031746031744, 0.03968253968253968, 0.023809523809523808, 0.023809523809523808, 0.0, 0.007936507936507936, 0.015873015873015872, 0.007936507936507936, 0.023809523809523808, 0.0, 0.0, 0.0, 0.0, 0.0], [0.0002055076037813399, 0.00010275380189066995, 0.0, 0.0, 0.00010275380189066995, 0.00010275380189066995, 0.0002055076037813399, 0.0011302918207973696, 0.002363337443485409, 0.004932182490752158, 0.007912042745581587, 0.010686395396629675, 0.04695848746403617, 0.10131524866420058, 0.12844225236333745, 0.14478010686395396, 0.17868886148787505, 0.11446773530620633, 0.11909165639128648, 0.05353473078503904, 0.02764077270859022, 0.03020961775585697, 0.010994656802301685, 0.004212905877517468, 0.007090012330456227, 0.002157829839704069, 0.0013357994245787094, 0.0004110152075626798, 0.0009247842170160296, 0.0, 0.0, 0.0, 0.0], [0.0, 0.0, 0.0, 0.0001307702366941284, 0.0, 0.00039231071008238524, 0.0013077023669412842, 0.0007846214201647705, 0.0036615666274355954, 0.00496926899437688, 0.009415457041977247, 0.017915522427095595, 0.029554073492873024, 0.04590035307963907, 0.07323133254871192, 0.10304694651497319, 0.1560088923760952, 0.1256701974630574, 0.17889368379756768, 0.08081600627697136, 0.05374656728128678, 0.056231201778475216, 0.020269386687589905, 0.01072315940891853, 0.015953968876683666, 0.005492349941153394, 0.003138485680659082, 0.0011769321302471558, 0.0006538511834706421, 0.0002615404733882568, 0.0006538511834706421, 0.0, 0.0], [0.0001837053366400294, 9.18526683200147e-05, 0.0, 0.0001837053366400294, 0.0001837053366400294, 0.0005511160099200882, 0.0007348213465601176, 0.0017452006980802793, 0.003031138054560485, 0.013777900248002205, 0.02617801047120419, 0.033342518600165336, 0.050151556902728024, 0.06797097455681088, 0.08459630752273353, 0.10168090383025627, 0.1298796730045008, 0.11196840268209791, 0.15807844217874528, 0.07339028198769174, 0.04555892348672729, 0.05079452558096813, 0.018737944337283, 0.010103793515201617, 0.011573436208321852, 0.0029392853862404704, 0.00156149536144025, 0.0003674106732800588, 0.0006429686782401029, 0.0, 0.0, 0.0, 0.0], [0.0, 0.0, 0.0, 0.0016233766233766235, 0.003246753246753247, 0.0, 0.0016233766233766235, 0.006493506493506494, 0.008116883116883116, 0.008116883116883116, 0.016233766233766232, 0.027597402597402596, 0.048701298701298704, 0.09577922077922078, 0.11363636363636363, 0.17045454545454544, 0.16558441558441558, 0.11201298701298701, 0.12824675324675325, 0.05519480519480519, 0.01948051948051948, 0.012987012987012988, 0.003246753246753247, 0.0, 0.0016233766233766235, 0.0, 0.0, 0.0, 0.0, 0.0, 0.0, 0.0, 0.0], [0.0, 0.0, 0.0, 8.201427048306405e-05, 0.0, 8.201427048306405e-05, 0.00024604281144919215, 0.0007381284343475765, 0.0018043139506274091, 0.004592799147051587, 0.007135241532026573, 0.013204297547773313, 0.021077667514147462, 0.02731075207086033, 0.10120560977610105, 0.11678832116788321, 0.1667350118920692, 0.11022717952923809, 0.2019191339293037, 0.07463298613958828, 0.04559993438858361, 0.06167473140326417, 0.01902731075207086, 0.006397113097678996, 0.012056097761010416, 0.003690642171737882, 0.001640285409661281, 0.0013122283277290248, 0.00041007135241532026, 0.00041007135241532026, 0.0, 0.0, 0.0], [0.00018350307367648408, 9.175153683824204e-05, 9.175153683824204e-05, 0.0, 0.0004587576841912102, 0.0004587576841912102, 0.0002752546105147261, 0.0009175153683824204, 0.0011010184420589045, 0.005229837599779796, 0.009542159831177172, 0.019267822736030827, 0.03440682631434076, 0.045508762271768054, 0.06798788879713735, 0.08110835856500596, 0.24717864024222405, 0.15772089182493806, 0.17891549683457197, 0.06789613726029911, 0.03376456555647307, 0.029911001009266906, 0.008808147536471236, 0.0037618130103679237, 0.0038535645472061657, 0.0008257638315441783, 0.00036700614735296817, 0.00036700614735296817, 0.0, 0.0, 0.0, 0.0, 0.0], [0.0001208313194780087, 0.0001208313194780087, 0.0002416626389560174, 0.0002416626389560174, 0.0006041565973900435, 0.0009666505558240696, 0.002054132431126148, 0.004108264862252296, 0.006162397293378444, 0.011116481391976801, 0.02126631222812953, 0.03540357660705655, 0.05340744320927984, 0.0681488641855969, 0.09352344127597874, 0.1292895118414693, 0.15816819719671338, 0.11080231996133398, 0.13956017399710005, 0.06343644272595457, 0.034436926051232476, 0.0361285645239246, 0.015103914934751087, 0.006283228612856452, 0.005920734654422426, 0.0016916384726921219, 0.0009666505558240696, 0.0007249879168680521, 0.0, 0.0, 0.0, 0.0, 0.0], [0.0, 0.0001416029453412631, 0.0, 0.0, 0.0002832058906825262, 0.0001416029453412631, 0.0011328235627301047, 0.001416029453412631, 0.004389691305579156, 0.007221750212404418, 0.015434721042197678, 0.023930897762673462, 0.04078164825828377, 0.0637213254035684, 0.09713962050410649, 0.12007929764939111, 0.15519682809402435, 0.09444916454262249, 0.17926932880203908, 0.06060606060606061, 0.038232795242141036, 0.044180118946474084, 0.018691588785046728, 0.007929764939110734, 0.011045029736618521, 0.004814500141602946, 0.00410648541489663, 0.0018408382894364204, 0.001416029453412631, 0.0011328235627301047, 0.001274426508071368, 0.0, 0.0], [0.0, 0.00022291573785109228, 0.00022291573785109228, 0.00044583147570218456, 0.001560410164957646, 0.001560410164957646, 0.003789567543468569, 0.008693713776192599, 0.017387427552385197, 0.02541239411502452, 0.04436023183236736, 0.05951850200624164, 0.08181007579135087, 0.10499331252786447, 0.12550156041016497, 0.11680784663397235, 0.14600980829246546, 0.0751226036558181, 0.10833704859563086, 0.023629068212215783, 0.019839500668747213, 0.01961658493089612, 0.005349977708426215, 0.002452073116362015, 0.00490414623272403, 0.0008916629514043691, 0.0008916629514043691, 0.00044583147570218456, 0.00022291573785109228, 0.0, 0.0, 0.0, 0.0], [0.0, 0.0, 0.000473260766682442, 0.001419782300047326, 0.00236630383341221, 0.001893043066729768, 0.003786086133459536, 0.012304779933743492, 0.013251301467108376, 0.013251301467108376, 0.03454803596781827, 0.047326076668244205, 0.06247042120208235, 0.0832938949361098, 0.10790345480359678, 0.11216280170373875, 0.1542830099384761, 0.09465215333648841, 0.1249408424041647, 0.04212020823473734, 0.024609559867486985, 0.02744912446758164, 0.01609086606720303, 0.008045433033601515, 0.006625650733554188, 0.002839564600094652, 0.000946521533364884, 0.000946521533364884, 0.0, 0.0, 0.0, 0.0, 0.0], [0.00024096385542168674, 0.0, 0.0, 0.0, 0.00048192771084337347, 0.0006024096385542169, 0.0033734939759036144, 0.006746987951807229, 0.011807228915662651, 0.021204819277108433, 0.03457831325301205, 0.052289156626506024, 0.07734939759036144, 0.10493975903614458, 0.13783132530120482, 0.13759036144578313, 0.13313253012048193, 0.08096385542168674, 0.09253012048192771, 0.03542168674698795, 0.020843373493975904, 0.023734939759036143, 0.009036144578313253, 0.004337349397590362, 0.006987951807228916, 0.0016867469879518072, 0.0008433734939759036, 0.0009638554216867469, 0.0, 0.00036144578313253013, 0.00012048192771084337, 0.0, 0.0], [0.0, 0.0, 0.0, 0.0003257328990228013, 0.0003257328990228013, 0.0008143322475570033, 0.0021172638436482085, 0.0029315960912052116, 0.00765472312703583, 0.010912052117263843, 0.024429967426710098, 0.028501628664495113, 0.058469055374592835, 0.08143322475570032, 0.10162866449511401, 0.11661237785016286, 0.1504885993485342, 0.09560260586319218, 0.13550488599348534, 0.055863192182410426, 0.033876221498371335, 0.039413680781758956, 0.015960912052117263, 0.007817589576547232, 0.01254071661237785, 0.006026058631921824, 0.005374592833876222, 0.002280130293159609, 0.0013029315960912053, 0.0011400651465798045, 0.0006514657980456026, 0.0, 0.0], [0.0, 0.0, 0.0, 0.0, 0.0003830683777054204, 0.000957670944263551, 0.0015322735108216816, 0.0032560812104960733, 0.006320628232139437, 0.016280406052480368, 0.02700632062823214, 0.04213752154759624, 0.06531315839877418, 0.08599885079486688, 0.1126221030453936, 0.127561769775905, 0.14575751771691248, 0.09308561578241716, 0.1350316031411607, 0.05113962842367362, 0.030262401838728213, 0.026048649683968587, 0.01053438038689906, 0.003830683777054204, 0.005362957287875886, 0.0030645470216433632, 0.003447615399348784, 0.0013407393219689715, 0.0011492051331162612, 0.0005746025665581306, 0.0, 0.0, 0.0], [0.00010833062506770663, 0.00010833062506770663, 0.00010833062506770663, 0.0, 0.00010833062506770663, 0.0009749756256093598, 0.0007583143754739465, 0.0022749431264218393, 0.0031415881269634925, 0.005849853753656159, 0.01484129563427581, 0.03932401689957751, 0.08005633192503521, 0.1091972700682483, 0.13909652258693533, 0.14765464196728414, 0.15772939009858086, 0.09598093380998808, 0.10399740006499837, 0.045173870653233666, 0.02166612501354133, 0.01711623876069765, 0.007908135629942584, 0.0025999350016249595, 0.0025999350016249595, 0.0009749756256093598, 0.00021666125013541327, 0.00032499187520311994, 0.00010833062506770663, 0.0, 0.0, 0.0, 0.0], [0.0, 0.0, 0.0, 0.00018278194114421494, 0.00018278194114421494, 0.0010966916468652897, 0.0012794735880095047, 0.0025589471760190095, 0.005483458234326449, 0.010966916468652898, 0.023396088466459512, 0.036739170169987206, 0.06945713763480169, 0.09596051910071285, 0.1270334490952294, 0.1418387863279108, 0.1577408152074575, 0.10162675927618352, 0.1040029245110583, 0.04203984646316944, 0.02668616340705538, 0.021751050996161578, 0.012063608115518187, 0.003838420764028514, 0.007311277645768598, 0.003107292999451654, 0.0018278194114421495, 0.0003655638822884299, 0.0010966916468652897, 0.00018278194114421494, 0.00018278194114421494, 0.0, 0.0], [0.0, 0.0, 0.0, 0.00019116803670426305, 0.00019116803670426305, 0.0013381762569298413, 0.0011470082202255784, 0.0026763525138596826, 0.0045880328809023135, 0.005735041101127891, 0.014337602752819728, 0.02083731600076467, 0.038807111450965395, 0.0615561078187727, 0.09787803479258268, 0.12005352705027719, 0.16000764672146817, 0.10992162110495125, 0.1737717453641751, 0.06614414069967502, 0.03555725482699293, 0.04263047218505066, 0.01624928311986236, 0.008411393614987574, 0.009749569871917415, 0.0059262091378321545, 0.0015293442936341044, 0.0003823360734085261, 0.00019116803670426305, 0.00019116803670426305, 0.0, 0.0, 0.0], [0.0, 0.0, 0.00012023566189731875, 0.0, 0.0002404713237946375, 0.00036070698569195625, 0.000480942647589275, 0.003246362871227606, 0.003366598533124925, 0.009378381627990862, 0.01995911987495491, 0.036070698569195626, 0.0590357099915835, 0.09450523025129254, 0.11470482145004209, 0.12648791631597933, 0.1430804376578093, 0.09222075267524348, 0.14259949501022004, 0.04713237946374895, 0.030299386798124325, 0.032102921726584105, 0.017794877960803174, 0.006853432728147169, 0.013586629794397018, 0.002404713237946375, 0.002284477576049056, 0.001442827942767825, 0.00012023566189731875, 0.00012023566189731875, 0.0, 0.0, 0.0], [0.0, 0.0, 8.561643835616438e-05, 0.0, 8.561643835616438e-05, 8.561643835616438e-05, 0.0002568493150684931, 0.0008561643835616438, 0.001797945205479452, 0.004708904109589041, 0.008647260273972602, 0.01643835616438356, 0.02773972602739726, 0.03604452054794521, 0.054452054794520546, 0.0613013698630137, 0.200513698630137, 0.13561643835616438, 0.23013698630136986, 0.08424657534246575, 0.04717465753424657, 0.0526541095890411, 0.013955479452054794, 0.0059931506849315065, 0.009845890410958904, 0.003767123287671233, 0.0016267123287671233, 0.0007705479452054794, 0.0005993150684931507, 0.0005993150684931507, 0.0, 0.0, 0.0], [0.0, 0.0, 0.0, 0.00011239743733842868, 0.00044958974935371473, 0.0007867820613690008, 0.0007867820613690008, 0.002472743621445431, 0.005732269304259863, 0.009890974485781724, 0.015286051478026301, 0.029110936270653028, 0.04923007755423176, 0.07317073170731707, 0.11014948859166011, 0.1311678093739463, 0.17219287400247274, 0.1136338091491514, 0.16050354051927615, 0.0524896032370462, 0.02562661571316174, 0.03079689783072946, 0.007867820613690008, 0.0030347308081375745, 0.0026975384961222884, 0.0008991794987074295, 0.0007867820613690008, 0.0007867820613690008, 0.00033719231201528605, 0.0, 0.0, 0.0, 0.0], [0.0, 0.0036900369003690036, 0.0, 0.0036900369003690036, 0.0036900369003690036, 0.01845018450184502, 0.025830258302583026, 0.04428044280442804, 0.07749077490774908, 0.04428044280442804, 0.03690036900369004, 0.07749077490774908, 0.06642066420664207, 0.12546125461254612, 0.11439114391143912, 0.11439114391143912, 0.08856088560885608, 0.04797047970479705, 0.04428044280442804, 0.014760147601476014, 0.01107011070110701, 0.01845018450184502, 0.0036900369003690036, 0.014760147601476014, 0.0, 0.0, 0.0, 0.0, 0.0, 0.0, 0.0, 0.0, 0.0]]}, "ranks": {"labels": ["Unranked", "Combatatent I", "Combatatent II", "Challenger I", "Challenger II", "Rival I", "Rival II", "Duelist", "Elite"], "data": [[0.14388489208633093, 0.19904076738609114, 0.2422062350119904, 0.2014388489208633, 0.11510791366906475, 0.05755395683453238, 0.019184652278177457, 0.014388489208633094, 0.007194244604316547], [0.05340582027502398, 0.09210105532459226, 0.16917173009274064, 0.2574352414454749, 0.23632874960025585, 0.1368724016629357, 0.03133994243684042, 0.016309561880396548, 0.007035497281739686], [0.007461024498886414, 0.013251670378619154, 0.03162583518930958, 0.08697104677060134, 0.33184855233853006, 0.3326280623608018, 0.08229398663697104, 0.08619153674832962, 0.027728285077951], [0.015098351940457203, 0.024986709197235512, 0.05635300372142477, 0.09994683678894205, 0.30749601275917066, 0.3043062200956938, 0.09537480063795853, 0.07974481658692185, 0.016693248272195642], [0.1773049645390071, 0.14893617021276595, 0.24113475177304963, 0.18439716312056736, 0.07801418439716312, 0.12056737588652482, 0.02127659574468085, 0.028368794326241134, 0.0], [0.02058920162085204, 0.05092541890263936, 0.13623918519329756, 0.23918519329755777, 0.25692695214105793, 0.16493264702661264, 0.05377286167999124, 0.06001533238418574, 0.017413207753805716], [0.08359207069500836, 0.11870074038691188, 0.2061141628851206, 0.23453546692142346, 0.1891569142584189, 0.09338428469070933, 0.029615476474802963, 0.03128731788870313, 0.013613565798901361], [0.24375, 0.246875, 0.2125, 0.1375, 0.078125, 0.046875, 0.01875, 0.015625, 0.0], [0.03248642358417378, 0.06089992242048099, 0.09280449961210241, 0.2937354538401862, 0.2552366175329713, 0.13818851823118697, 0.05333591931730023, 0.05634212567882079, 0.016970519782777346], [0.013476020610384463, 0.025762980578676178, 0.0543004359889021, 0.13198573127229488, 0.18668252080856124, 0.21284185493460167, 0.11613158937772493, 0.1660721363456203, 0.09274673008323424], [0.038073625819465454, 0.06354009077155824, 0.14094805849722641, 0.22440746343923348, 0.2415532022188603, 0.1696923852748361, 0.0562279374684821, 0.050932929904185575, 0.014624306606152295], [0.08223627970593264, 0.1393400581295948, 0.22567960335100018, 0.25354761497691913, 0.174046845614635, 0.07368780988203112, 0.02701316464352881, 0.021371174559753806, 0.003077449136604548], [0.015129331381161543, 0.03526110297706198, 0.12530502684236214, 0.2642752562225476, 0.28074670571010246, 0.1720351390922401, 0.0477061981454368, 0.047096144460712544, 0.012445095168374817], [0.03888830180703794, 0.07904470041213146, 0.1612596428194019, 0.2267779773856071, 0.23280143717637114, 0.14540843284370708, 0.05230899291979288, 0.048187678326112225, 0.015322836309838318], [0.014314471035562513, 0.04227242227689555, 0.12077834936255871, 0.2153880563632297, 0.27957951241333034, 0.185864459852382, 0.06687541936926862, 0.05994184746141803, 0.014985461865354507], [0.04068594485541358, 0.08069939475453934, 0.15433759246805648, 0.2128446536650975, 0.23032952252858105, 0.14189643577673167, 0.05615332885003362, 0.05917955615332885, 0.02387357094821789], [0.0430672268907563, 0.08298319327731092, 0.1815126050420168, 0.24180672268907563, 0.22163865546218486, 0.14096638655462185, 0.04054621848739496, 0.03697478991596639, 0.01050420168067227], [0.02936026936026936, 0.07286195286195286, 0.16323232323232323, 0.24808080808080807, 0.24242424242424243, 0.1604040404040404, 0.03851851851851852, 0.03474747474747475, 0.01037037037037037], [0.14285714285714285, 0.1111111111111111, 0.15873015873015872, 0.15079365079365079, 0.2222222222222222, 0.047619047619047616, 0.06349206349206349, 0.047619047619047616, 0.05555555555555555], [0.009145088368269626, 0.018598438142211262, 0.14827373612823674, 0.27322235922729143, 0.2931565967940814, 0.15032881216605015, 0.0499383477188656, 0.04541718043567612, 0.011919441019317715], [0.011246240355695044, 0.027330979469072838, 0.0754544265725121, 0.1762782790636851, 0.28167908983915263, 0.22479403687720675, 0.08866222047861906, 0.08722374787498366, 0.027330979469072838], [0.020483145035363276, 0.059520529071369524, 0.1181225314595389, 0.1862772113529898, 0.2418480756865987, 0.19803435289795168, 0.07899329475521263, 0.07963626343345274, 0.017084596307522733], [0.02922077922077922, 0.04383116883116883, 0.1444805194805195, 0.2840909090909091, 0.2775974025974026, 0.16071428571428573, 0.04220779220779221, 0.016233766233766232, 0.0016233766233766235], [0.007545312884441893, 0.020339539079799886, 0.048388419585007794, 0.21799393094398425, 0.2769621914213073, 0.24514065447387845, 0.07701139998359714, 0.08709915525301402, 0.019519396374969245], [0.008808147536471236, 0.028809982567208, 0.07991558858610882, 0.1490962473621433, 0.4048995320671621, 0.2169923846224424, 0.06358381502890173, 0.04248096155610606, 0.00541334067345628], [0.025737071048815854, 0.05666988883518608, 0.12155630739487676, 0.22281295311744803, 0.2689705171580474, 0.17556790720154664, 0.061865635572740454, 0.05751570807153214, 0.00930401159980667], [0.014726706315491363, 0.03936561880487114, 0.10450297366185217, 0.2172189181534976, 0.24964599263664683, 0.21212121212121213, 0.0659869725290286, 0.07080147267063155, 0.02563013310676862], [0.05929558626839055, 0.103878733838609, 0.18680338831921534, 0.2423094070441373, 0.22113241194828354, 0.1214890771288453, 0.03031654034774855, 0.027418635755684352, 0.0073562193490860454], [0.048745858968291526, 0.08187411263606247, 0.14576431613819216, 0.22006625650733555, 0.2489351632749645, 0.15049692380501656, 0.041173686701372454, 0.051585423568386184, 0.011358258400378608], [0.044457831325301206, 0.08686746987951807, 0.18228915662650602, 0.27542168674698797, 0.21409638554216867, 0.11301204819277108, 0.035783132530120484, 0.03710843373493976, 0.010963855421686748], [0.0250814332247557, 0.052931596091205214, 0.13990228013029316, 0.2182410423452769, 0.2460912052117264, 0.16400651465798047, 0.06123778501628664, 0.06319218241042346, 0.029315960912052116], [0.028730128327906532, 0.06914384217582839, 0.15131200919364107, 0.2401838728212986, 0.23884313349932962, 0.16548553916874162, 0.05094809423482092, 0.040413713847921855, 0.014939666730511397], [0.013432997508395623, 0.05416531253385332, 0.1892536019932835, 0.28675116455421945, 0.25371032390856896, 0.12902177445563862, 0.041815621276134765, 0.027624309392265192, 0.004224894377640559], [0.021751050996161578, 0.06013525863644672, 0.16541765673551453, 0.2688722354231402, 0.259367574483641, 0.12648510327179674, 0.046243831109486384, 0.03765307987570828, 0.01407420946810455], [0.015866947046453833, 0.0351749187535844, 0.1003632192697381, 0.21793156184285986, 0.2699292678264194, 0.20932900019116804, 0.06614414069967502, 0.0672911489199006, 0.017969795450200728], [0.01719369965131658, 0.05602981844415054, 0.15354094024287604, 0.2411927377660214, 0.23530119033305277, 0.16820969099434893, 0.05182157027774438, 0.056751232415534446, 0.01995911987495491], [0.007876712328767124, 0.025085616438356165, 0.06378424657534247, 0.11575342465753424, 0.33613013698630134, 0.2764554794520548, 0.0851027397260274, 0.07260273972602739, 0.01720890410958904], [0.020231538720917163, 0.04439698774867933, 0.12240080926154884, 0.2413172979656064, 0.28582668315162413, 0.1900640665392829, 0.04855569293020119, 0.041699449252557044, 0.0055074744295830055], [0.22140221402214022, 0.11439114391143912, 0.1918819188191882, 0.22878228782287824, 0.13653136531365315, 0.04797047970479705, 0.02214022140221402, 0.03690036900369004, 0.0]]}, "ranksDetailed": {"labels": ["Unranked", "Combatatant", "Challenger", "Rival", "Duelist", "Elite"], "data": [[0.14388489208633093, 0.4412470023980815, 0.31654676258992803, 0.07673860911270983, 0.014388489208633094, 0.007194244604316547], [0.05340582027502398, 0.2612727854173329, 0.4937639910457307, 0.16821234409977615, 0.016309561880396548, 0.007035497281739686], [0.007461024498886414, 0.04487750556792873, 0.4188195991091314, 0.41492204899777285, 0.08619153674832962, 0.027728285077951], [0.015098351940457203, 0.08133971291866028, 0.4074428495481127, 0.3996810207336523, 0.07974481658692185, 0.016693248272195642], [0.1773049645390071, 0.3900709219858156, 0.2624113475177305, 0.14184397163120568, 0.028368794326241134, 0.0], [0.02058920162085204, 0.1871646040959369, 0.4961121454386157, 0.21870550870660388, 0.06001533238418574, 0.017413207753805716], [0.08359207069500836, 0.3248149032720325, 0.42369238117984237, 0.1229997611655123, 0.03128731788870313, 0.013613565798901361], [0.24375, 0.459375, 0.215625, 0.065625, 0.015625, 0.0], [0.03248642358417378, 0.1537044220325834, 0.5489720713731575, 0.1915244375484872, 0.05634212567882079, 0.016970519782777346], [0.013476020610384463, 0.08006341656757827, 0.31866825208085614, 0.3289734443123266, 0.1660721363456203, 0.09274673008323424], [0.038073625819465454, 0.20448814926878467, 0.4659606656580938, 0.2259203227433182, 0.050932929904185575, 0.014624306606152295], [0.08223627970593264, 0.36501966148059495, 0.4275944605915541, 0.10070097452555993, 0.021371174559753806, 0.003077449136604548], [0.015129331381161543, 0.1605661298194241, 0.5450219619326501, 0.21974133723767691, 0.047096144460712544, 0.012445095168374817], [0.03888830180703794, 0.24030434323153335, 0.4595794145619782, 0.19771742576349996, 0.048187678326112225, 0.015322836309838318], [0.014314471035562513, 0.16305077163945425, 0.49496756877656006, 0.25273987922165064, 0.05994184746141803, 0.014985461865354507], [0.04068594485541358, 0.23503698722259583, 0.44317417619367855, 0.1980497646267653, 0.05917955615332885, 0.02387357094821789], [0.0430672268907563, 0.26449579831932774, 0.4634453781512605, 0.1815126050420168, 0.03697478991596639, 0.01050420168067227], [0.02936026936026936, 0.2360942760942761, 0.4905050505050505, 0.19892255892255892, 0.03474747474747475, 0.01037037037037037], [0.14285714285714285, 0.2698412698412698, 0.373015873015873, 0.1111111111111111, 0.047619047619047616, 0.05555555555555555], [0.009145088368269626, 0.166872174270448, 0.5663789560213728, 0.20026715988491575, 0.04541718043567612, 0.011919441019317715], [0.011246240355695044, 0.10278540604158494, 0.4579573689028377, 0.31345625735582583, 0.08722374787498366, 0.027330979469072838], [0.020483145035363276, 0.17764306053090842, 0.4281252870395885, 0.27702764765316434, 0.07963626343345274, 0.017084596307522733], [0.02922077922077922, 0.18831168831168832, 0.5616883116883117, 0.20292207792207792, 0.016233766233766232, 0.0016233766233766235], [0.007545312884441893, 0.06872795866480767, 0.4949561223652916, 0.3221520544574756, 0.08709915525301402, 0.019519396374969245], [0.008808147536471236, 0.10872557115331682, 0.5539957794293054, 0.28057619965134417, 0.04248096155610606, 0.00541334067345628], [0.025737071048815854, 0.17822619623006283, 0.4917834702754954, 0.2374335427742871, 0.05751570807153214, 0.00930401159980667], [0.014726706315491363, 0.14386859246672332, 0.4668649107901444, 0.27810818465024073, 0.07080147267063155, 0.02563013310676862], [0.05929558626839055, 0.29068212215782435, 0.4634418189924209, 0.15180561747659385, 0.027418635755684352, 0.0073562193490860454], [0.048745858968291526, 0.2276384287742546, 0.46900141978230003, 0.19167061050638903, 0.051585423568386184, 0.011358258400378608], [0.044457831325301206, 0.2691566265060241, 0.4895180722891566, 0.14879518072289158, 0.03710843373493976, 0.010963855421686748], [0.0250814332247557, 0.19283387622149836, 0.46433224755700325, 0.2252442996742671, 0.06319218241042346, 0.029315960912052116], [0.028730128327906532, 0.22045585136946946, 0.4790270063206282, 0.21643363340356253, 0.040413713847921855, 0.014939666730511397], [0.013432997508395623, 0.24341891452713682, 0.5404614884627884, 0.17083739573177337, 0.027624309392265192, 0.004224894377640559], [0.021751050996161578, 0.22555291537196126, 0.5282398099067812, 0.17272893438128312, 0.03765307987570828, 0.01407420946810455], [0.015866947046453833, 0.1355381380233225, 0.4878608296692793, 0.27547314089084307, 0.0672911489199006, 0.017969795450200728], [0.01719369965131658, 0.20957075868702657, 0.4764939280990742, 0.2200312612720933, 0.056751232415534446, 0.01995911987495491], [0.007876712328767124, 0.08886986301369863, 0.45188356164383564, 0.3615582191780822, 0.07260273972602739, 0.01720890410958904], [0.020231538720917163, 0.16679779701022818, 0.5271439811172305, 0.2386197594694841, 0.041699449252557044, 0.0055074744295830055], [0.22140221402214022, 0.3062730627306273, 0.36531365313653136, 0.07011070110701106, 0.03690036900369004, 0.0]]}}}, "eu": {"histType": {"histogram": {"labels": ["0", "100", "200", "300", "400", "500", "600", "700", "800", "900", "1000", "1100", "1200", "1300", "1400", "1500", "1600", "1700", "1800", "1900", "2000", "2100", "2200", "2300", "2400", "2500", "2600", "2700", "2800", "2900", "3000", "3100", "3200"], "data": [[0.0, 0.0, 0.00303951367781155, 0.0, 0.0, 0.0060790273556231, 0.015197568389057751, 0.0243161094224924, 0.057750759878419454, 0.08206686930091185, 0.07598784194528875, 0.0911854103343465, 0.0790273556231003, 0.1276595744680851, 0.12462006079027356, 0.10638297872340426, 0.07598784194528875, 0.0486322188449848, 0.03343465045592705, 0.02735562310030395, 0.00911854103343465, 0.00911854103343465, 0.00303951367781155, 0.0, 0.0, 0.0, 0.0, 0.0, 0.0, 0.0, 0.0, 0.0, 0.0], [0.00034746351633078526, 0.0, 0.0010423905489923557, 0.0006949270326615705, 0.0010423905489923557, 0.004169562195969423, 0.00590687977762335, 0.009728978457261988, 0.02189020152883947, 0.029534398888116747, 0.04169562195969423, 0.06254343293954134, 0.0778318276580959, 0.10180681028492009, 0.13134120917303682, 0.13134120917303682, 0.14315496872828354, 0.07227241139680333, 0.0969423210562891, 0.027449617790132035, 0.015288394718554551, 0.011466296038915913, 0.005559416261292564, 0.002779708130646282, 0.002779708130646282, 0.0006949270326615705, 0.0006949270326615705, 0.0, 0.0, 0.0, 0.0, 0.0, 0.0], [0.0, 0.0, 0.0, 0.00011168192986374804, 0.00011168192986374804, 0.00011168192986374804, 0.00011168192986374804, 0.0010051373687737324, 0.0017869108778199687, 0.002568684386866205, 0.005807460352914898, 0.009381282108554836, 0.012955103864194774, 0.01597051597051597, 0.04411436229618048, 0.13122626758990397, 0.19186955550591914, 0.1199463926736654, 0.2542997542997543, 0.07091802546348001, 0.04523118159481796, 0.04634800089345544, 0.018539200357382175, 0.007706053160598615, 0.0113915568461023, 0.004132231404958678, 0.002457002457002457, 0.0012285012285012285, 0.00033504578959124413, 0.00033504578959124413, 0.0, 0.0, 0.0], [0.0, 0.0, 0.0, 0.0001012965964343598, 0.0001012965964343598, 0.0002025931928687196, 0.0007090761750405186, 0.0019246353322528362, 0.0024311183144246355, 0.005773905996758509, 0.011446515397082658, 0.017726904376012965, 0.02177876823338736, 0.028160453808752026, 0.044773095623987035, 0.05804294975688817, 0.20391004862236628, 0.1512358184764992, 0.2242706645056726, 0.09066045380875203, 0.04690032414910859, 0.050344408427876824, 0.01559967585089141, 0.006280388978930308, 0.012155591572123177, 0.0033427876823338737, 0.0009116693679092383, 0.0006077795786061589, 0.00030388978930307944, 0.00030388978930307944, 0.0, 0.0, 0.0], [0.0, 0.0, 0.0, 0.0, 0.0, 0.022556390977443608, 0.022556390977443608, 0.05263157894736842, 0.07518796992481203, 0.05263157894736842, 0.06015037593984962, 0.11278195488721804, 0.07518796992481203, 0.045112781954887216, 0.06015037593984962, 0.14285714285714285, 0.007518796992481203, 0.11278195488721804, 0.03007518796992481, 0.045112781954887216, 0.045112781954887216, 0.0, 0.007518796992481203, 0.007518796992481203, 0.022556390977443608, 0.0, 0.0, 0.0, 0.0, 0.0, 0.0, 0.0, 0.0], [0.0, 0.00011046062078868883, 0.00011046062078868883, 0.00022092124157737766, 0.00033138186236606647, 0.00011046062078868883, 0.0017673699326190213, 0.004528885452336242, 0.005523031039434441, 0.011708825803601016, 0.02352811222799072, 0.03700430796421076, 0.05191649177068375, 0.07566552524025184, 0.10571081409477522, 0.12172760410913509, 0.14978460178946207, 0.10162377112559373, 0.1384071578482271, 0.056334916602231305, 0.03236496189108583, 0.04319010272837733, 0.01413895946095217, 0.005854412901800508, 0.00949961338782724, 0.005081188556279686, 0.002098751794985088, 0.0006627637247321329, 0.00022092124157737766, 0.0005523031039434442, 0.00