{"region": {"us": {"histType": {"histogram": {"labels": ["0", "100", "200", "300", "400", "500", "600", "700", "800", "900", "1000", "1100", "1200", "1300", "1400", "1500", "1600", "1700", "1800", "1900", "2000", "2100", "2200", "2300", "2400", "2500", "2600", "2700", "2800", "2900", "3000", "3100", "3200"], "data": [[0.0, 0.0, 0.0036900369003690036, 0.0036900369003690036, 0.0036900369003690036, 0.005535055350553505, 0.016605166051660517, 0.01845018450184502, 0.03136531365313653, 0.046125461254612546, 0.08671586715867159, 0.1033210332103321, 0.11808118081180811, 0.11992619926199262, 0.11623616236162361, 0.11254612546125461, 0.07749077490774908, 0.046125461254612546, 0.03690036900369004, 0.023985239852398525, 0.01107011070110701, 0.01107011070110701, 0.0018450184501845018, 0.0018450184501845018, 0.0036900369003690036, 0.0, 0.0, 0.0, 0.0, 0.0, 0.0, 0.0, 0.0], [0.0, 0.0002905287623474724, 0.0, 0.0005810575246949448, 0.0005810575246949448, 0.0020337013364323067, 0.004648460197559558, 0.0084253341080767, 0.013654851830331202, 0.02672864613596746, 0.03776873910517141, 0.05549099360836723, 0.08221963974433469, 0.09209761766414876, 0.12231260894828588, 0.1348053457292272, 0.15165601394538059, 0.08280069726902964, 0.10981987216734457, 0.03602556653108658, 0.01568855316676351, 0.00958744915746659, 0.005229517722254503, 0.0017431725740848344, 0.0026147588611272515, 0.0002905287623474724, 0.0017431725740848344, 0.0011621150493898896, 0.0, 0.0, 0.0, 0.0, 0.0], [0.00011386927806877705, 0.0, 0.0, 0.0002277385561375541, 0.0002277385561375541, 0.0002277385561375541, 0.0002277385561375541, 0.0005693463903438852, 0.002618993395581872, 0.0033022090639945345, 0.005237986791163744, 0.007743110908676839, 0.01229788203142792, 0.0193577772716921, 0.02539284900933728, 0.039512639489865636, 0.17478934183557276, 0.14176725119562741, 0.3149624231382373, 0.08551582782965156, 0.047938966066955135, 0.05841493964928263, 0.0208380778865862, 0.009109542245502164, 0.018332953769073103, 0.006604418127989069, 0.002960601229788203, 0.0012525620587565474, 0.0, 0.0004554771122751082, 0.0, 0.0, 0.0], [0.0, 0.0, 0.0, 0.0, 0.00010964912280701755, 0.00010964912280701755, 0.0007675438596491228, 0.0017543859649122807, 0.004605263157894736, 0.0077850877192982455, 0.011513157894736841, 0.013596491228070176, 0.025219298245614034, 0.029605263157894735, 0.04418859649122807, 0.05449561403508772, 0.0756578947368421, 0.1287280701754386, 0.2967105263157895, 0.10997807017543859, 0.0680921052631579, 0.06918859649122808, 0.023464912280701754, 0.008442982456140351, 0.01567982456140351, 0.005043859649122807, 0.0035087719298245615, 0.0017543859649122807, 0.0, 0.0, 0.0, 0.0, 0.0], [0.0, 0.0, 0.0, 0.0, 0.006211180124223602, 0.006211180124223602, 0.031055900621118012, 0.024844720496894408, 0.055900621118012424, 0.043478260869565216, 0.062111801242236024, 0.09316770186335403, 0.09316770186335403, 0.13043478260869565, 0.09316770186335403, 0.09937888198757763, 0.055900621118012424, 0.037267080745341616, 0.08695652173913043, 0.037267080745341616, 0.018633540372670808, 0.018633540372670808, 0.006211180124223602, 0.0, 0.0, 0.0, 0.0, 0.0, 0.0, 0.0, 0.0, 0.0, 0.0], [0.0, 0.0, 0.0, 0.0, 0.0, 0.0, 0.0, 0.0013595482116711985, 0.0013595482116711985, 0.005229031583350764, 0.020811545701736038, 0.033779544028445935, 0.05375444467684585, 0.08659276302028865, 0.10928676009203095, 0.1342815310604476, 0.16345952729554486, 0.0972599874503242, 0.1321899184271073, 0.05323154151851077, 0.0314787701317716, 0.035452834135118176, 0.01547793348671826, 0.007320644216691069, 0.009830579376699435, 0.003869483371679565, 0.002614515791675382, 0.0008366450533361222, 0.0004183225266680611, 0.0, 0.00010458063166701528, 0.0, 0.0], [0.0, 0.00022522522522522523, 0.0006756756756756757, 0.002027027027027027, 0.0013513513513513514, 0.0036036036036036037, 0.006981981981981982, 0.013513513513513514, 0.021396396396396396, 0.036036036036036036, 0.04977477477477477, 0.06914414414414415, 0.09549549549549549, 0.11238738738738739, 0.11599099099099099, 0.12162162162162163, 0.11711711711711711, 0.06914414414414415, 0.07342342342342342, 0.027702702702702704, 0.017117117117117116, 0.01509009009009009, 0.010135135135135136, 0.004279279279279279, 0.007432432432432433, 0.0036036036036036037, 0.003153153153153153, 0.0009009009009009009, 0.00022522522522522523, 0.0, 0.00045045045045045046, 0.0, 0.0], [0.0030303030303030303, 0.0, 0.0, 0.006060606060606061, 0.00909090909090909, 0.021212121212121213, 0.012121212121212121, 0.04242424242424243, 0.05757575757575758, 0.09090909090909091, 0.11515151515151516, 0.13636363636363635, 0.11818181818181818, 0.1, 0.07878787878787878, 0.06666666666666667, 0.045454545454545456, 0.021212121212121213, 0.030303030303030304, 0.03636363636363636, 0.0030303030303030303, 0.0, 0.0030303030303030303, 0.0030303030303030303, 0.0, 0.0, 0.0, 0.0, 0.0, 0.0, 0.0, 0.0, 0.0], [0.00030090270812437313, 0.00020060180541624874, 0.0005015045135406219, 0.00030090270812437313, 0.0005015045135406219, 0.0012036108324974925, 0.0015045135406218655, 0.004312938816449348, 0.007723169508525577, 0.015947843530591775, 0.02617853560682046, 0.03470411233701103, 0.04222668004012036, 0.04894684052156469, 0.061083249749247746, 0.16930792377131393, 0.1716148445336008, 0.11434302908726178, 0.12196589769307924, 0.055667001003009024, 0.03570712136409228, 0.0350050150451354, 0.017953861584754264, 0.011033099297893681, 0.013941825476429288, 0.004012036108324975, 0.0028084252758274826, 0.0005015045135406219, 0.0005015045135406219, 0.0, 0.0, 0.0, 0.0], [0.0, 0.0, 0.0, 0.0, 0.000791765637371338, 0.000395882818685669, 0.0011876484560570072, 0.0011876484560570072, 0.001583531274742676, 0.00791765637371338, 0.012668250197941409, 0.01583531274742676, 0.021377672209026127, 0.03681710213776722, 0.058986539984164685, 0.07323832145684878, 0.0997624703087886, 0.09026128266033254, 0.17854315122723674, 0.07125890736342043, 0.07640538400633412, 0.09897070467141726, 0.04433887569279493, 0.018606492478226443, 0.05027711797307997, 0.014647664291369754, 0.011084718923198733, 0.009501187648456057, 0.0027711797307996833, 0.001583531274742676, 0.0, 0.0, 0.0], [0.0, 0.0, 0.0002143163309044149, 0.0, 0.0015002143163309043, 0.0006429489927132448, 0.0021431633090441492, 0.0040720102871838835, 0.009001285897985427, 0.016716673810544362, 0.02486069438491213, 0.033647663951993145, 0.058722674667809685, 0.07522503214744963, 0.10180025717959708, 0.12687526789541362, 0.15066438062580367, 0.09708529789969995, 0.13694813544792114, 0.055293613373339046, 0.034719245606515216, 0.03257608229747107, 0.01307329618516931, 0.007501071581654522, 0.008786969567081011, 0.0034290612944706386, 0.0034290612944706386, 0.0006429489927132448, 0.0004286326618088298, 0.0, 0.0, 0.0, 0.0], [0.00015830299192654741, 0.0, 0.0009498179515592844, 0.001108120943485832, 0.001108120943485832, 0.0028494538546778533, 0.006490422668988444, 0.011872724394491056, 0.019946176982744975, 0.038309324046224474, 0.061579863859426945, 0.07677695108437549, 0.10337185372803546, 0.11936045591261675, 0.13740699699224315, 0.11825233496913092, 0.1128700332436283, 0.05999683394016147, 0.06031343992401456, 0.024062054772835205, 0.0153553902168751, 0.012189330378344151, 0.006807028652841538, 0.003482665822384043, 0.0033243628304574957, 0.0017413329111920215, 0.00031660598385309483, 0.0, 0.0, 0.0, 0.0, 0.0, 0.0], [0.0, 0.0, 0.0, 0.0, 0.0001234567901234568, 0.0004938271604938272, 0.0019753086419753087, 0.0019753086419753087, 0.0044444444444444444, 0.005555555555555556, 0.013580246913580247, 0.019753086419753086, 0.02851851851851852, 0.03382716049382716, 0.08098765432098766, 0.15432098765432098, 0.1937037037037037, 0.1276543209876543, 0.17037037037037037, 0.05864197530864197, 0.032962962962962965, 0.034074074074074076, 0.013333333333333334, 0.008271604938271605, 0.009259259259259259, 0.0038271604938271606, 0.0017283950617283952, 0.0001234567901234568, 0.0004938271604938272, 0.0, 0.0, 0.0, 0.0], [0.00020161290322580645, 0.0, 0.0, 0.00010080645161290323, 0.00010080645161290323, 0.0003024193548387097, 0.001310483870967742, 0.0018145161290322581, 0.004133064516129032, 0.013407258064516129, 0.03669354838709677, 0.047379032258064516, 0.06995967741935484, 0.09576612903225806, 0.11391129032258064, 0.12137096774193548, 0.14556451612903226, 0.09364919354838709, 0.11784274193548387, 0.04858870967741936, 0.028326612903225808, 0.029536290322580646, 0.010987903225806452, 0.005141129032258065, 0.006955645161290323, 0.00282258064516129, 0.0020161290322580645, 0.0006048387096774194, 0.0007056451612903225, 0.0007056451612903225, 0.00010080645161290323, 0.0, 0.0], [0.0, 0.0, 0.0, 0.000419903422212891, 0.000419903422212891, 0.0002099517111064455, 0.0010497585555322277, 0.0018895653999580096, 0.004199034222128911, 0.006718454755406256, 0.015956330044089858, 0.026453915599412136, 0.04807894184337602, 0.06907411295402058, 0.09762754566449716, 0.11883266848624817, 0.16187276926306948, 0.11967247533067395, 0.14738610119672477, 0.06970396808733992, 0.03863111484358597, 0.03443208062145706, 0.014696619777451186, 0.006928406466512702, 0.009657778710896493, 0.003359227377703128, 0.0014696619777451185, 0.000419903422212891, 0.0, 0.000839806844425782, 0.0, 0.0, 0.0], [0.0, 0.0002949852507374631, 0.0, 0.0002949852507374631, 0.0011799410029498525, 0.002359882005899705, 0.002359882005899705, 0.005014749262536873, 0.010619469026548672, 0.019174041297935103, 0.029498525073746312, 0.048672566371681415, 0.06696165191740414, 0.09174041297935104, 0.10353982300884956, 0.11828908554572272, 0.13716814159292035, 0.09941002949852508, 0.10117994100294986, 0.048672566371681415, 0.03274336283185841, 0.03333333333333333, 0.014749262536873156, 0.00855457227138643, 0.013569321533923304, 0.005309734513274336, 0.002064896755162242, 0.002359882005899705, 0.0005899705014749262, 0.0002949852507374631, 0.0, 0.0, 0.0], [0.0002039151712887439, 0.0, 0.0008156606851549756, 0.0010195758564437193, 0.0006117455138662316, 0.0014274061990212073, 0.0024469820554649264, 0.007137030995106036, 0.012846655791190865, 0.01937194127243067, 0.03323817292006525, 0.052202283849918436, 0.07707993474714518, 0.10440456769983687, 0.12010603588907015, 0.12214518760195758, 0.1366231647634584, 0.08299347471451876, 0.11092985318107668, 0.04200652528548124, 0.0232463295269168, 0.02365415986949429, 0.009380097879282219, 0.004893964110929853, 0.005505709624796085, 0.0016313213703099511, 0.0016313213703099511, 0.0014274061990212073, 0.0004078303425774878, 0.0006117455138662316, 0.0, 0.0, 0.0], [0.0, 0.0, 0.0001238850346878097, 0.0002477700693756194, 0.00037165510406342913, 0.0001238850346878097, 0.000867195242814668, 0.0019821605550049554, 0.002973240832507433, 0.008052527254707632, 0.02651139742319128, 0.04397918731417245, 0.07172943508424183, 0.09539147670961348, 0.1237611496531219, 0.13206144697720515, 0.15349355797819622, 0.091798810703667, 0.13875123885034688, 0.03976709613478692, 0.02130822596630327, 0.022299306243805748, 0.00904360753221011, 0.004831516352824579, 0.006318136769078295, 0.001734390485629336, 0.0016105054509415262, 0.0002477700693756194, 0.0001238850346878097, 0.0004955401387512388, 0.0, 0.0, 0.0], [0.0, 0.0, 0.0, 0.007575757575757576, 0.015151515151515152, 0.015151515151515152, 0.007575757575757576, 0.015151515151515152, 0.030303030303030304, 0.07575757575757576, 0.045454545454545456, 0.09090909090909091, 0.08333333333333333, 0.06060606060606061, 0.045454545454545456, 0.10606060606060606, 0.11363636363636363, 0.09848484848484848, 0.03787878787878788, 0.022727272727272728, 0.022727272727272728, 0.03787878787878788, 0.022727272727272728, 0.0, 0.007575757575757576, 0.015151515151515152, 0.007575757575757576, 0.015151515151515152, 0.0, 0.0, 0.0, 0.0, 0.0], [0.00021006196828064278, 0.00010503098414032139, 0.0, 0.0, 0.0, 0.00010503098414032139, 0.00021006196828064278, 0.0009452788572628925, 0.0023106816510870707, 0.004726394286314463, 0.0077722928263837835, 0.010503098414032139, 0.02247663060602878, 0.04337779644995274, 0.14746350173301123, 0.16416342821132235, 0.19430732065959458, 0.12603718096838568, 0.12603718096838568, 0.05766201029303645, 0.03003886146413192, 0.03234954311521899, 0.01207856317613696, 0.004306270349753177, 0.007247137905682177, 0.0027308055876483564, 0.0015754647621048208, 0.00042012393656128556, 0.0008402478731225711, 0.0, 0.0, 0.0, 0.0], [0.0, 0.0, 0.0, 0.00011906179307060365, 0.0, 0.00011906179307060365, 0.0010715561376354328, 0.0003571853792118109, 0.0014287415168472437, 0.0022621740683414692, 0.007500892963448029, 0.017740207167519943, 0.029527324681509703, 0.04941064412430051, 0.07774735087510418, 0.10834623169424931, 0.15859030837004406, 0.12930110727467556, 0.1760923919514228, 0.07917609239195142, 0.050839385641147754, 0.05441123943326587, 0.019526134063578997, 0.009644005238718894, 0.015597094892249077, 0.005834027860459579, 0.00261935944755328, 0.00130967972377664, 0.0005953089653530182, 0.0002381235861412073, 0.0005953089653530182, 0.0, 0.0], [0.00018563207722294413, 9.281603861147207e-05, 0.0, 0.00018563207722294413, 0.00018563207722294413, 0.0005568962316688324, 0.0007425283088917765, 0.0017635047336179693, 0.002970113235567106, 0.005568962316688323, 0.01039539632448487, 0.013458325598663449, 0.017635047336179693, 0.07369593465750882, 0.10135511416372749, 0.11592723222572861, 0.1441433079636161, 0.12251717096714312, 0.166140709114535, 0.07453127900501207, 0.04807870800074253, 0.05030629292741786, 0.020141080378689436, 0.010859476517542231, 0.012715797289771673, 0.003248561351401522, 0.001670688695006497, 0.00037126415444588826, 0.0005568962316688324, 0.0, 0.0, 0.0, 0.0], [0.0, 0.0, 0.0, 0.0015600624024961, 0.0015600624024961, 0.0015600624024961, 0.0031201248049922, 0.0062402496099844, 0.0078003120124804995, 0.0078003120124804995, 0.0171606864274571, 0.028081123244929798, 0.0452418096723869, 0.0967238689547582, 0.11232449297971919, 0.17004680187207488, 0.1669266770670827, 0.11232449297971919, 0.1310452418096724, 0.056162246489859596, 0.0202808112324493, 0.0109204368174727, 0.0031201248049922, 0.0, 0.0, 0.0, 0.0, 0.0, 0.0, 0.0, 0.0, 0.0, 0.0], [0.0, 0.0, 0.0, 8.519338899301415e-05, 0.0, 8.519338899301415e-05, 0.00025558016697904245, 0.0007667405009371273, 0.0017038677798602829, 0.004770829783608792, 0.007326631453399216, 0.013034588515931164, 0.021298347248253535, 0.02751746464474357, 0.040637246549667744, 0.09064576588856704, 0.19245186573521894, 0.13179417277219288, 0.22320667916169706, 0.08067813937638439, 0.048645425115011076, 0.066195263247572, 0.020531606747316408, 0.0068154711194411315, 0.012864201737945136, 0.004430056227636736, 0.002385414891804396, 0.0013630942238882263, 0.00025558016697904245, 0.00025558016697904245, 0.0, 0.0, 0.0], [9.456264775413712e-05, 9.456264775413712e-05, 9.456264775413712e-05, 0.0, 0.0003782505910165485, 0.0003782505910165485, 0.00028368794326241134, 0.0009456264775413711, 0.0010401891252955083, 0.005295508274231678, 0.009645390070921986, 0.019196217494089833, 0.0341371158392435, 0.04453900709219858, 0.06695035460992908, 0.0789598108747045, 0.18846335697399527, 0.17588652482269504, 0.1966903073286052, 0.08094562647754137, 0.03886524822695035, 0.033002364066193855, 0.0124822695035461, 0.004160756501182033, 0.005106382978723404, 0.001607565011820331, 0.0003782505910165485, 0.0003782505910165485, 0.0, 0.0, 0.0, 0.0, 0.0], [0.0, 0.00011485012059262662, 0.0, 0.0004594004823705065, 0.0005742506029631331, 0.0010336510853336397, 0.0016079016882967728, 0.0039049041001493054, 0.005972206270816584, 0.011714712300447915, 0.021706672792006432, 0.03606293786608476, 0.05455380728149765, 0.07384862754105892, 0.09796715286551051, 0.13184793844033535, 0.15631101412656484, 0.10922246468358791, 0.13667164350522568, 0.062133915240611, 0.0336510853336396, 0.0319283335247502, 0.014930515677041461, 0.005742506029631331, 0.0055128057884460775, 0.0013782014471115194, 0.0006891007235557597, 0.0004594004823705065, 0.0, 0.0, 0.0, 0.0, 0.0], [0.0, 0.0001326259946949602, 0.0, 0.0, 0.0003978779840848806, 0.0002652519893899204, 0.0010610079575596816, 0.0014588859416445623, 0.004509283819628647, 0.007559681697612732, 0.015384615384615385, 0.02586206896551724, 0.04005305039787799, 0.06525198938992043, 0.09986737400530504, 0.12320954907161803, 0.15517241379310345, 0.09522546419098143, 0.17519893899204245, 0.060079575596816974, 0.035543766578249335, 0.04257294429708223, 0.01856763925729443, 0.007559681697612732, 0.011007957559681697, 0.004774535809018567, 0.004244031830238726, 0.0017241379310344827, 0.0011936339522546418, 0.0010610079575596816, 0.0010610079575596816, 0.0, 0.0], [0.0, 0.00020044097013429546, 0.00020044097013429546, 0.0004008819402685909, 0.0012026458208057728, 0.0020044097013429546, 0.0038083784325516137, 0.009019843656043296, 0.017638805371818, 0.027460412908398478, 0.043495690519142115, 0.0619362597714973, 0.08117859290438965, 0.1018240128282221, 0.1232711966325917, 0.1188614952896372, 0.14411705752655843, 0.07516536380036079, 0.10503106835037082, 0.028061735818801364, 0.018841451192623773, 0.020044097013429546, 0.006414111044297455, 0.002605732611745841, 0.004209260372820205, 0.0012026458208057728, 0.0012026458208057728, 0.0004008819402685909, 0.00020044097013429546, 0.0, 0.0, 0.0, 0.0], [0.0, 0.0, 0.000689655172413793, 0.0010344827586206897, 0.002758620689655172, 0.001379310344827586, 0.003793103448275862, 0.00896551724137931, 0.011034482758620689, 0.015517241379310345, 0.031379310344827584, 0.044137931034482755, 0.05724137931034483, 0.0789655172413793, 0.11517241379310345, 0.12586206896551724, 0.15586206896551724, 0.10517241379310345, 0.10793103448275862, 0.043448275862068966, 0.02517241379310345, 0.022068965517241378, 0.014482758620689656, 0.008275862068965517, 0.010344827586206896, 0.003793103448275862, 0.0034482758620689655, 0.0020689655172413794, 0.0, 0.0, 0.0, 0.0, 0.0], [0.00022652622041001246, 0.0, 0.0, 0.0, 0.0004530524408200249, 0.0004530524408200249, 0.001925472873485106, 0.0036244195265601993, 0.008381470155170462, 0.021293464718541173, 0.03828293124929211, 0.05413976667799298, 0.07611281005776419, 0.11133763733152112, 0.13897383622154263, 0.14135236153584776, 0.1329708913806773, 0.07701891493940424, 0.09129006682523502, 0.03386566995129686, 0.021519990938951183, 0.023218937592026277, 0.009174311926605505, 0.004077471967380225, 0.006455997281685355, 0.001472420432665081, 0.0012458942122550686, 0.0007928417714350436, 0.0, 0.0003397893306150187, 0.0, 0.0, 0.0], [0.0, 0.0, 0.0, 0.000299356383774884, 0.000149678191887442, 0.000149678191887442, 0.00149678191887442, 0.001197425535099536, 0.006436162251160006, 0.01197425535099536, 0.023798832510103278, 0.02978596018560096, 0.05642867834156563, 0.08337075288130519, 0.1001347103726987, 0.12138901362071546, 0.1492291573117797, 0.09654243376740008, 0.13950007483909593, 0.05762610387666517, 0.03248016763957491, 0.03682083520431073, 0.015117497380631641, 0.008681335129471637, 0.012123933542882801, 0.005538093099835354, 0.004789702140398144, 0.002394851070199072, 0.001197425535099536, 0.00074839095943721, 0.000598712767549768, 0.0, 0.0], [0.0, 0.0, 0.0, 0.0, 0.000555247084952804, 0.0009254118082546734, 0.001665741254858412, 0.004256894317971497, 0.007403294466037387, 0.017027577271885988, 0.027577271885989265, 0.042383860818064036, 0.06644456783268554, 0.0880992041458449, 0.11530631130853229, 0.1291874884323524, 0.14473440681103092, 0.09365167499537294, 0.12733666481584305, 0.04978715528410142, 0.029428095502498614, 0.02461595409957431, 0.009994447529150472, 0.0037016472330186935, 0.006477882657782714, 0.0012955765315565426, 0.005367388487877105, 0.0012955765315565426, 0.0009254118082546734, 0.000555247084952804, 0.0, 0.0, 0.0], [0.0001108278842956888, 0.0001108278842956888, 0.0, 0.0, 0.0001108278842956888, 0.0009974509586611992, 0.0006649673057741328, 0.0023273855702094647, 0.0028815249916879088, 0.005652222099080129, 0.014518452842735232, 0.02205474897484207, 0.03646237393328161, 0.07769034689127785, 0.15593483320403415, 0.1633603014518453, 0.1681259004765599, 0.10827884295688796, 0.12035908234511804, 0.052864900809043554, 0.027152831652443754, 0.021389781669067937, 0.009974509586611991, 0.003435664413166353, 0.003214008644574975, 0.0013299346115482657, 0.000554139421478444, 0.0003324836528870664, 0.0001108278842956888, 0.0, 0.0, 0.0, 0.0], [0.0, 0.0, 0.0, 0.00016798252981689904, 0.0003359650596337981, 0.0010078951789013943, 0.0013438602385351924, 0.0023517554174365867, 0.006383336133042164, 0.009910969259197043, 0.02486141441290106, 0.034436418612464305, 0.06870485469511171, 0.09759784982361834, 0.12783470519066018, 0.1411053250461952, 0.15504787502099782, 0.10431715101629431, 0.10784478414244919, 0.040987737275323365, 0.02637325718125315, 0.01965395598857719, 0.009742986729380145, 0.005711406013774567, 0.007727196371577356, 0.0028557030068872835, 0.0023517554174365867, 0.0003359650596337981, 0.0008399126490844952, 0.0, 0.00016798252981689904, 0.0, 0.0], [0.0, 0.0, 0.0, 0.00017164435290078958, 0.0, 0.0006865774116031583, 0.001201510470305527, 0.002403020940611054, 0.004806041881222108, 0.005664263645726055, 0.012530037761757639, 0.020768966700995536, 0.04170957775489186, 0.061448678338482665, 0.09200137315482321, 0.11757638173704085, 0.15413662890490903, 0.11156882938551321, 0.1728458633710951, 0.06711294198420872, 0.040508067284586335, 0.04359766563680055, 0.017679368348781324, 0.00806728458633711, 0.01218674905595606, 0.007723995880535531, 0.002403020940611054, 0.0008582217645039478, 0.00017164435290078958, 0.00017164435290078958, 0.0, 0.0, 0.0], [0.0, 0.0, 0.00011305822498586772, 0.0, 0.00022611644997173544, 0.0003391746749576032, 0.0003391746749576032, 0.001243640474844545, 0.0011305822498586771, 0.00395703787450537, 0.007009609949123799, 0.02283776144714528, 0.060260033917467495, 0.09655172413793103, 0.11588468061051442, 0.12899943470887507, 0.15002826455624646, 0.09180327868852459, 0.15104578858111928, 0.04985867721876767, 0.0357263990955342, 0.03301300169587337, 0.018541548897682305, 0.009496890898812888, 0.013227812323346523, 0.0033917467495760316, 0.0031656302996042962, 0.0014697569248162804, 0.00022611644997173544, 0.00011305822498586772, 0.0, 0.0, 0.0], [0.0, 0.0, 8.844078889183692e-05, 0.0, 8.844078889183692e-05, 8.844078889183692e-05, 0.00017688157778367384, 0.0007959671000265323, 0.0017688157778367383, 0.004510480233483683, 0.008932519678075528, 0.016184664367206156, 0.02777040771203679, 0.03608384186786946, 0.05421420359069603, 0.05996285486866543, 0.13381091359334926, 0.1564517555496595, 0.2537366233306801, 0.09277438754753692, 0.05306447333510215, 0.057840275935261344, 0.014504289378261254, 0.006544618377995932, 0.011585743344830635, 0.00486424338905103, 0.0018572565667285751, 0.0009728486778102061, 0.0007075263111346954, 0.0006190855222428585, 0.0, 0.0, 0.0], [0.0, 0.0, 0.0, 0.00010820168794633196, 0.0005410084397316598, 0.0006492101276779918, 0.0012984202553559835, 0.002596840510711967, 0.005193681021423934, 0.009088941787491886, 0.016446656567842458, 0.0314866911923826, 0.050313784895044365, 0.07584938325037871, 0.1089590997619563, 0.13590132006059294, 0.17214888552261415, 0.11317896559186323, 0.15494481713914737, 0.04933996970352737, 0.02586020341917334, 0.029430859121402295, 0.007790521532135901, 0.0034624540142826226, 0.002596840510711967, 0.0008656135035706557, 0.0009738151915169877, 0.0007574118156243238, 0.00021640337589266391, 0.0, 0.0, 0.0, 0.0], [0.0, 0.003424657534246575, 0.0, 0.003424657534246575, 0.00684931506849315, 0.017123287671232876, 0.023972602739726026, 0.03424657534246575, 0.0958904109589041, 0.04452054794520548, 0.0547945205479452, 0.06506849315068493, 0.07876712328767123, 0.13013698630136986, 0.11301369863013698, 0.10616438356164383, 0.08904109589041095, 0.0410958904109589, 0.03767123287671233, 0.017123287671232876, 0.010273972602739725, 0.010273972602739725, 0.003424657534246575, 0.0136986301369863, 0.0, 0.0, 0.0, 0.0, 0.0, 0.0, 0.0, 0.0, 0.0]]}, "ranks": {"labels": ["Unranked", "Combatatent I", "Combatatent II", "Challenger I", "Challenger II", "Rival I", "Rival II", "Duelist", "Elite"], "data": [[0.12915129151291513, 0.1900369003690037, 0.23800738007380073, 0.22878228782287824, 0.12361623616236163, 0.055350553505535055, 0.016605166051660517, 0.014760147601476014, 0.0036900369003690036], [0.05694363742010459, 0.09325973271353864, 0.17431725740848344, 0.2571179546775131, 0.23445671121441022, 0.13190005810575248, 0.029633933759442184, 0.01656013945380593, 0.005810575246949448], [0.007515372352539285, 0.012981097699840584, 0.03165565930312002, 0.06490548849920291, 0.3165565930312002, 0.36164882714643587, 0.08676838988840811, 0.08836255978137099, 0.029606012297882033], [0.015131578947368421, 0.02510964912280702, 0.05482456140350877, 0.09868421052631579, 0.2043859649122807, 0.3569078947368421, 0.11787280701754387, 0.10109649122807017, 0.02598684210526316], [0.16770186335403728, 0.15527950310559005, 0.2236024844720497, 0.19254658385093168, 0.09316770186335403, 0.11801242236024845, 0.024844720496894408, 0.024844720496894408, 0.0], [0.00794812800669316, 0.05459108973018197, 0.1403472076971345, 0.24356829115247855, 0.2607195147458691, 0.16220455971554068, 0.05469567036184898, 0.05825141183852751, 0.01767412675172558], [0.08581081081081081, 0.11891891891891893, 0.2078828828828829, 0.2376126126126126, 0.18626126126126127, 0.09076576576576577, 0.027477477477477478, 0.029504504504504505, 0.015765765765765764], [0.24242424242424243, 0.2515151515151515, 0.21818181818181817, 0.14545454545454545, 0.06666666666666667, 0.05454545454545454, 0.015151515151515152, 0.006060606060606061, 0.0], [0.0324974924774323, 0.0608826479438315, 0.09117352056168505, 0.23039117352056168, 0.2859578736208626, 0.1547642928786359, 0.058575727181544635, 0.06399197592778336, 0.02176529588766299], [0.013064133016627079, 0.028503562945368172, 0.05819477434679335, 0.13222486144101345, 0.19002375296912113, 0.2133808392715756, 0.11282660332541568, 0.16191607284243864, 0.08986539984164688], [0.03429061294470639, 0.05850835833690527, 0.13394770681525933, 0.2286755250750107, 0.24774967852550364, 0.1693099014144878, 0.057651093013287615, 0.0531504500642949, 0.016716673810544362], [0.0827924647775843, 0.13835681494380245, 0.22273230964065222, 0.2556593319613741, 0.17286686718378977, 0.07218616431850562, 0.02754472059521925, 0.022479024853569732, 0.005382301725502612], [0.014567901234567901, 0.03333333333333333, 0.06234567901234568, 0.23530864197530865, 0.32135802469135805, 0.20419753086419754, 0.057777777777777775, 0.05567901234567901, 0.015432098765432098], [0.021370967741935483, 0.0840725806451613, 0.16572580645161292, 0.23528225806451614, 0.23921370967741937, 0.14516129032258066, 0.04959677419354839, 0.04566532258064516, 0.013911290322580646], [0.014906571488557632, 0.042410245643501994, 0.1171530547973966, 0.21646021415074532, 0.2815452445937434, 0.1876968297291623, 0.06802435439848835, 0.05605710686542095, 0.015746378332983414], [0.04129793510324484, 0.07817109144542773, 0.15870206489675517, 0.22182890855457227, 0.23657817109144544, 0.12625368731563422, 0.056342182890855456, 0.05663716814159292, 0.024188790560471976], [0.04588091353996737, 0.08544045676998369, 0.18148450244698205, 0.24225122349102773, 0.21961663947797716, 0.13641924959216967, 0.03976345840130506, 0.03792822185970636, 0.011215334420880914], [0.014742319127849356, 0.07049058473736372, 0.1671209117938553, 0.2558225966303271, 0.24529236868186324, 0.16154608523290387, 0.0382804757185332, 0.03617443012884044, 0.010530227948463826], [0.16666666666666666, 0.13636363636363635, 0.14393939393939395, 0.15151515151515152, 0.21212121212121213, 0.045454545454545456, 0.03787878787878788, 0.06060606060606061, 0.045454545454545456], [0.008612540699506354, 0.018275391240415922, 0.06585442705598152, 0.31162692994433355, 0.3203445016279802, 0.15912194097258692, 0.05461611175296713, 0.04873437664110913, 0.01281378006511921], [0.005357780688177164, 0.02524110013096797, 0.07893796880581022, 0.1860935825693535, 0.2878914156447196, 0.22062150255982854, 0.08548636742469341, 0.08358137873556376, 0.02678890344088582], [0.012251717096714312, 0.02385372192314832, 0.09133098199368851, 0.2172823463894561, 0.2666604789307592, 0.20781511045108594, 0.08093558566920364, 0.08130684982364952, 0.018563207722294413], [0.029641185647425898, 0.0452418096723869, 0.1419656786271451, 0.2823712948517941, 0.2792511700468019, 0.16536661466458658, 0.0421216848673947, 0.014040561622464899, 0.0], [0.007667405009371272, 0.02036121996933038, 0.0488158118929971, 0.1312830124382348, 0.32424603850741185, 0.270914976997785, 0.08161526665530755, 0.09354234111432953, 0.021553927415232578], [0.008605200945626477, 0.02884160756501182, 0.07867612293144208, 0.14591016548463356, 0.3643498817966903, 0.24312056737588653, 0.07338061465721041, 0.04964539007092199, 0.007470449172576832], [0.025381876650970484, 0.05776961065809119, 0.12840243482255656, 0.22981509130584588, 0.26553347881015277, 0.1717009302859768, 0.060755713793499484, 0.052601355231422994, 0.008039508441483864], [0.015384615384615385, 0.04124668435013262, 0.10530503978779841, 0.2230769230769231, 0.25039787798408486, 0.2076923076923077, 0.06312997347480107, 0.06870026525198938, 0.02506631299734748], [0.0619362597714973, 0.10543195029063941, 0.18300260573261173, 0.24213269192222892, 0.21928242132691922, 0.12126678693124875, 0.030667468430547205, 0.02906394066947284, 0.0072158749248346366], [0.045172413793103446, 0.07551724137931035, 0.13620689655172413, 0.2410344827586207, 0.2610344827586207, 0.13379310344827586, 0.04275862068965517, 0.04482758620689655, 0.019655172413793102], [0.036357458375807, 0.09242269792728508, 0.18745044738928532, 0.2803261977573904, 0.20998980632008155, 0.11122437422131612, 0.03545135349416695, 0.036470721486012006, 0.010306943028655566], [0.02170333782367909, 0.053584792695704236, 0.13979943122287083, 0.22152372399341416, 0.24577159107917976, 0.17093249513545877, 0.05867385121987726, 0.06061966771441401, 0.027391109115401886], [0.03183416620396076, 0.0699611327040533, 0.15454377197853045, 0.2444937997408847, 0.23838608180640386, 0.1569498426799926, 0.04960207292245049, 0.038312048861743477, 0.01591708310198038], [0.0128560345782999, 0.036573201817577304, 0.11415272082455946, 0.31929513465587944, 0.27640474343344784, 0.1492851601462928, 0.051091654660312534, 0.034799955668846284, 0.00554139421478444], [0.021501763816563078, 0.059297833025365364, 0.16630270451873005, 0.26894003023685537, 0.2593650260372921, 0.13085839072736435, 0.04434738787166135, 0.0351083487317319, 0.01427851503443642], [0.014933058702368692, 0.033299004462753176, 0.10315825609337453, 0.20957775489186406, 0.26570545829042225, 0.207174733951253, 0.07329213868863714, 0.06934431857191899, 0.02351527634740817], [0.007348784624081402, 0.029847371396269078, 0.15681175805539854, 0.24488411531938947, 0.24183154324477105, 0.17908422837761448, 0.05754663651780667, 0.06105144149236857, 0.021594120972300734], [0.007517467055806137, 0.025117184045281685, 0.06385424957990625, 0.11417705845936146, 0.29026266914300874, 0.30512072167683735, 0.09445476253648183, 0.07888918369151852, 0.020606703811798], [0.019476303830339752, 0.04793334776022506, 0.12616316814542308, 0.24486041982254922, 0.2853278511144774, 0.18296905431724736, 0.04717593594460073, 0.040683834667820815, 0.005410084397316598], [0.22945205479452055, 0.11986301369863013, 0.2089041095890411, 0.2191780821917808, 0.13013698630136986, 0.04452054794520548, 0.02054794520547945, 0.0273972602739726, 0.0]]}, "ranksDetailed": {"labels": ["Unranked", "Combatatant", "Challenger", "Rival", "Duelist", "Elite"], "data": [[0.12915129151291513, 0.4280442804428044, 0.35239852398523985, 0.07195571955719557, 0.014760147601476014, 0.0036900369003690036], [0.05694363742010459, 0.2675769901220221, 0.4915746658919233, 0.16153399186519465, 0.01656013945380593, 0.005810575246949448], [0.007515372352539285, 0.0446367570029606, 0.3814620815304031, 0.448417217034844, 0.08836255978137099, 0.029606012297882033], [0.015131578947368421, 0.07993421052631579, 0.3030701754385965, 0.47478070175438597, 0.10109649122807017, 0.02598684210526316], [0.16770186335403728, 0.37888198757763975, 0.2857142857142857, 0.14285714285714285, 0.024844720496894408, 0.0], [0.00794812800669316, 0.19493829742731647, 0.5042878058983477, 0.21690023007738968, 0.05825141183852751, 0.01767412675172558], [0.08581081081081081, 0.3268018018018018, 0.4238738738738739, 0.11824324324324324, 0.029504504504504505, 0.015765765765765764], [0.24242424242424243, 0.4696969696969697, 0.21212121212121213, 0.0696969696969697, 0.006060606060606061, 0.0], [0.0324974924774323, 0.15205616850551654, 0.5163490471414243, 0.21334002006018055, 0.06399197592778336, 0.02176529588766299], [0.013064133016627079, 0.08669833729216152, 0.3222486144101346, 0.3262074425969913, 0.16191607284243864, 0.08986539984164688], [0.03429061294470639, 0.1924560651521646, 0.4764252036005144, 0.2269609944277754, 0.0531504500642949, 0.016716673810544362], [0.0827924647775843, 0.36108912458445463, 0.4285261991451638, 0.09973088491372487, 0.022479024853569732, 0.005382301725502612], [0.014567901234567901, 0.09567901234567901, 0.5566666666666666, 0.2619753086419753, 0.05567901234567901, 0.015432098765432098], [0.021370967741935483, 0.24979838709677418, 0.4744959677419355, 0.19475806451612904, 0.04566532258064516, 0.013911290322580646], [0.014906571488557632, 0.1595633004408986, 0.49800545874448876, 0.25572118412765066, 0.05605710686542095, 0.015746378332983414], [0.04129793510324484, 0.2368731563421829, 0.4584070796460177, 0.18259587020648968, 0.05663716814159292, 0.024188790560471976], [0.04588091353996737, 0.26692495921696574, 0.4618678629690049, 0.1761827079934747, 0.03792822185970636, 0.011215334420880914], [0.014742319127849356, 0.23761149653121902, 0.5011149653121902, 0.19982656095143705, 0.03617443012884044, 0.010530227948463826], [0.16666666666666666, 0.2803030303030303, 0.36363636363636365, 0.08333333333333333, 0.06060606060606061, 0.045454545454545456], [0.008612540699506354, 0.08412981829639744, 0.6319714315723138, 0.21373805272555405, 0.04873437664110913, 0.01281378006511921], [0.005357780688177164, 0.10417906893677818, 0.4739849982140731, 0.30610786998452194, 0.08358137873556376, 0.02678890344088582], [0.012251717096714312, 0.11518470391683683, 0.4839428253202153, 0.2887506961202896, 0.08130684982364952, 0.018563207722294413], [0.029641185647425898, 0.187207488299532, 0.5616224648985959, 0.20748829953198128, 0.014040561622464899, 0.0], [0.007667405009371272, 0.06917703186232749, 0.4555290509456466, 0.35253024365309255, 0.09354234111432953, 0.021553927415232578], [0.008605200945626477, 0.1075177304964539, 0.5102600472813239, 0.3165011820330969, 0.04964539007092199, 0.007470449172576832], [0.025381876650970484, 0.18617204548064775, 0.49534857011599864, 0.23245664407947628, 0.052601355231422994, 0.008039508441483864], [0.015384615384615385, 0.14655172413793102, 0.473474801061008, 0.27082228116710877, 0.06870026525198938, 0.02506631299734748], [0.0619362597714973, 0.28843455602325113, 0.46141511324914813, 0.15193425536179594, 0.02906394066947284, 0.0072158749248346366], [0.045172413793103446, 0.21172413793103448, 0.5020689655172413, 0.17655172413793102, 0.04482758620689655, 0.019655172413793102], [0.036357458375807, 0.27987314531657037, 0.49031600407747195, 0.14667572771548307, 0.036470721486012006, 0.010306943028655566], [0.02170333782367909, 0.19338422391857507, 0.4672953150725939, 0.22960634635533603, 0.06061966771441401, 0.027391109115401886], [0.03183416620396076, 0.22450490468258374, 0.48287988154728856, 0.2065519156024431, 0.038312048861743477, 0.01591708310198038], [0.0128560345782999, 0.15072592264213677, 0.5956998780893272, 0.20037681480660535, 0.034799955668846284, 0.00554139421478444], [0.021501763816563078, 0.22560053754409543, 0.5283050562741475, 0.1752057785990257, 0.0351083487317319, 0.01427851503443642], [0.014933058702368692, 0.1364572605561277, 0.4752832131822863, 0.2804668726398902, 0.06934431857191899, 0.02351527634740817], [0.007348784624081402, 0.1866591294516676, 0.48671565856416055, 0.23663086489542115, 0.06105144149236857, 0.021594120972300734], [0.007517467055806137, 0.08897143362518793, 0.40443972760237024, 0.3995754842133192, 0.07888918369151852, 0.020606703811798], [0.019476303830339752, 0.17409651590564812, 0.5301882709370266, 0.2301449902618481, 0.040683834667820815, 0.005410084397316598], [0.22945205479452055, 0.3287671232876712, 0.3493150684931507, 0.06506849315068493, 0.0273972602739726, 0.0]]}}}, "eu": {"histType": {"histogram": {"labels": ["0", "100", "200", "300", "400", "500", "600", "700", "800", "900", "1000", "1100", "1200", "1300", "1400", "1500", "1600", "1700", "1800", "1900", "2000", "2100", "2200", "2300", "2400", "2500", "2600", "2700", "2800", "2900", "3000", "3100", "3200"], "data": [[0.0, 0.0, 0.002369668246445498, 0.0, 0.0, 0.004739336492890996, 0.011848341232227487, 0.026066350710900472, 0.06635071090047394, 0.06872037914691943, 0.061611374407582936, 0.10900473933649289, 0.08530805687203792, 0.13270142180094788, 0.12085308056872038, 0.11611374407582939, 0.06872037914691943, 0.052132701421800945, 0.02843601895734597, 0.02132701421800948, 0.016587677725118485, 0.004739336492890996, 0.002369668246445498, 0.0, 0.0, 0.0, 0.0, 0.0, 0.0, 0.0, 0.0, 0.0, 0.0], [0.0003184713375796178, 0.0, 0.0009554140127388535, 0.0009554140127388535, 0.0009554140127388535, 0.003821656050955414, 0.006369426751592357, 0.009872611464968152, 0.01910828025477707, 0.031528662420382166, 0.04394904458598726, 0.06210191082802548, 0.08057324840764331, 0.10732484076433121, 0.12929936305732484, 0.13280254777070064, 0.14171974522292993, 0.06815286624203822, 0.09649681528662421, 0.027388535031847135, 0.014012738853503185, 0.010509554140127388, 0.005095541401273885, 0.0025477707006369425, 0.0031847133757961785, 0.0003184713375796178, 0.0006369426751592356, 0.0, 0.0, 0.0, 0.0, 0.0, 0.0], [0.0, 0.0, 0.0, 0.00011491611123879568, 0.00011491611123879568, 0.00011491611123879568, 0.0, 0.0008044127786715697, 0.0019535738910595266, 0.002528154447253505, 0.005630889450700988, 0.00930820501034245, 0.012640772236267524, 0.015858423350953804, 0.02574120891749023, 0.07297173063663526, 0.21684670190760744, 0.13617559181797287, 0.2791312341990347, 0.07549988508388876, 0.04711560560790623, 0.051942082279935645, 0.016892668352102964, 0.007124798896805332, 0.011376695012640773, 0.005401057228223397, 0.002757986669731096, 0.0014939094461043439, 0.00022983222247759135, 0.00022983222247759135, 0.0, 0.0, 0.0], [0.0, 0.0, 0.0, 0.00010529640939243972, 0.00010529640939243972, 0.00021059281878487945, 0.000737074865747078, 0.0020006317784563546, 0.0024218174160261135, 0.005791302516584184, 0.011582605033168368, 0.017479203959144995, 0.021164578287880383, 0.027482362851426766, 0.04369800989786248, 0.055701800568600614, 0.08160471727914079, 0.15267979361903758, 0.2754554069706223, 0.11066652627145414, 0.06749499842055386, 0.06454669895756554, 0.021375171106665262, 0.01095082657681373, 0.016426239865220595, 0.004633042013267348, 0.0031588922817731915, 0.0020006317784563546, 0.00031588922817731913, 0.00021059281878487945, 0.0, 0.0, 0.0], [0.0, 0.0, 0.0, 0.0, 0.0, 0.02040816326530612, 0.04081632653061224, 0.05442176870748299, 0.061224489795918366, 0.06802721088435375, 0.061224489795918366, 0.09523809523809523, 0.061224489795918366, 0.08163265306122448, 0.05442176870748299, 0.1292517006802721, 0.02040816326530612, 0.09523809523809523, 0.047619047619047616, 0.04081632653061224, 0.034013605442176874, 0.006802721088435374, 0.0, 0.006802721088435374, 0.02040816326530612, 0.0, 0.0, 0.0, 0.0, 0.0, 0.0, 0.0, 0.0], [0.0, 0.00010509721492380452, 0.00010509721492380452, 0.00021019442984760903, 0.00031529164477141355, 0.00010509721492380452, 0.00021019442984760903, 0.0011560693641618498, 0.0035733053074093538, 0.013872832369942197, 0.02490803993694167, 0.03836048344718865, 0.054755648975302156, 0.07787703625853915, 0.11108775617446137, 0.1254860746190226, 0.14703100367840252, 0.10320546505517604, 0.13631108775617445, 0.05233841303205465, 0.0311087