{"region": {"us": {"histType": {"histogram": {"labels": ["0", "100", "200", "300", "400", "500", "600", "700", "800", "900", "1000", "1100", "1200", "1300", "1400", "1500", "1600", "1700", "1800", "1900", "2000", "2100", "2200", "2300", "2400", "2500", "2600", "2700", "2800", "2900", "3000", "3100", "3200"], "data": [[0.0, 0.0, 0.003816793893129771, 0.003816793893129771, 0.0057251908396946565, 0.007633587786259542, 0.01717557251908397, 0.015267175572519083, 0.04007633587786259, 0.04580152671755725, 0.08396946564885496, 0.10114503816793893, 0.11259541984732824, 0.12786259541984732, 0.11641221374045801, 0.1049618320610687, 0.07251908396946564, 0.05152671755725191, 0.03435114503816794, 0.026717557251908396, 0.009541984732824428, 0.011450381679389313, 0.0019083969465648854, 0.0019083969465648854, 0.003816793893129771, 0.0, 0.0, 0.0, 0.0, 0.0, 0.0, 0.0, 0.0], [0.0, 0.0002941176470588235, 0.0, 0.000588235294117647, 0.000588235294117647, 0.002058823529411765, 0.004411764705882353, 0.00823529411764706, 0.01411764705882353, 0.027058823529411764, 0.03823529411764706, 0.057058823529411766, 0.07941176470588235, 0.09235294117647058, 0.12352941176470589, 0.13470588235294118, 0.1511764705882353, 0.08235294117647059, 0.11058823529411765, 0.03441176470588235, 0.015588235294117648, 0.01, 0.005588235294117647, 0.0014705882352941176, 0.0029411764705882353, 0.0002941176470588235, 0.0017647058823529412, 0.001176470588235294, 0.0, 0.0, 0.0, 0.0, 0.0], [0.00011363636363636364, 0.0, 0.0, 0.00022727272727272727, 0.00022727272727272727, 0.00022727272727272727, 0.00022727272727272727, 0.0005681818181818182, 0.0027272727272727275, 0.0032954545454545454, 0.005227272727272727, 0.007727272727272728, 0.012272727272727272, 0.019318181818181818, 0.025454545454545455, 0.03965909090909091, 0.17829545454545453, 0.1396590909090909, 0.31375, 0.08568181818181818, 0.047386363636363636, 0.058977272727272725, 0.020227272727272726, 0.008977272727272728, 0.018977272727272728, 0.006136363636363636, 0.002840909090909091, 0.0013636363636363637, 0.0, 0.00045454545454545455, 0.0, 0.0, 0.0], [0.0, 0.0, 0.0, 0.0, 0.00010924186148131964, 0.00010924186148131964, 0.0007646930303692375, 0.0017478697837011142, 0.004588158182215425, 0.007756172165173695, 0.011470395455538563, 0.013545990823683636, 0.02512562814070352, 0.029823028184400264, 0.044242953899934455, 0.05473017260214114, 0.07614157745247979, 0.14714878741533755, 0.28818003058772124, 0.10596460563688005, 0.06609132619619838, 0.06532663316582915, 0.0250163862792222, 0.007756172165173695, 0.014529167577015513, 0.004806641905178064, 0.0034957395674022284, 0.001529386060738475, 0.0, 0.0, 0.0, 0.0, 0.0], [0.0, 0.0, 0.0, 0.0, 0.006369426751592357, 0.006369426751592357, 0.03184713375796178, 0.025477707006369428, 0.06369426751592357, 0.044585987261146494, 0.05732484076433121, 0.08917197452229299, 0.09554140127388536, 0.14012738853503184, 0.08280254777070063, 0.10191082802547771, 0.05732484076433121, 0.03821656050955414, 0.08280254777070063, 0.03184713375796178, 0.01910828025477707, 0.01910828025477707, 0.006369426751592357, 0.0, 0.0, 0.0, 0.0, 0.0, 0.0, 0.0, 0.0, 0.0, 0.0], [0.0, 0.0, 0.0, 0.0, 0.0, 0.0, 0.0, 0.0013651160348629634, 0.0013651160348629634, 0.008085687283419091, 0.02058174944870314, 0.03328782946550457, 0.05344954321117295, 0.08652735482516014, 0.10847422030872624, 0.13357135356505304, 0.1628688438517274, 0.09713325632678778, 0.13325632678777696, 0.052504462879344745, 0.031397668801848154, 0.03622807938674787, 0.015121285309251286, 0.007140606951590885, 0.009870839021316812, 0.00409534810458889, 0.0022051874409324793, 0.0008400714060695159, 0.00042003570303475793, 0.00010500892575868948, 0.00010500892575868948, 0.0, 0.0], [0.0, 0.0002281021897810219, 0.0002281021897810219, 0.002052919708029197, 0.0013686131386861315, 0.0036496350364963502, 0.007071167883211679, 0.013686131386861315, 0.021213503649635035, 0.03489963503649635, 0.051094890510948905, 0.06843065693430657, 0.09511861313868614, 0.1104014598540146, 0.11678832116788321, 0.12226277372262774, 0.11747262773722628, 0.06888686131386862, 0.072992700729927, 0.02737226277372263, 0.01824817518248175, 0.016195255474452556, 0.009808394160583942, 0.00479014598540146, 0.006843065693430657, 0.0036496350364963502, 0.0034215328467153286, 0.0009124087591240876, 0.0004562043795620438, 0.0, 0.0004562043795620438, 0.0, 0.0], [0.0030581039755351682, 0.0, 0.0, 0.0061162079510703364, 0.009174311926605505, 0.021406727828746176, 0.012232415902140673, 0.039755351681957186, 0.05504587155963303, 0.09174311926605505, 0.1162079510703364, 0.13761467889908258, 0.11926605504587157, 0.10091743119266056, 0.0764525993883792, 0.0672782874617737, 0.04892966360856269, 0.021406727828746176, 0.024464831804281346, 0.039755351681957186, 0.0030581039755351682, 0.0, 0.0030581039755351682, 0.0030581039755351682, 0.0, 0.0, 0.0, 0.0, 0.0, 0.0, 0.0, 0.0, 0.0], [0.00030048076923076925, 0.00020032051282051281, 0.000500801282051282, 0.00030048076923076925, 0.000500801282051282, 0.001201923076923077, 0.0015024038461538462, 0.004306891025641026, 0.007712339743589744, 0.015925480769230768, 0.026141826923076924, 0.034755608974358976, 0.042568108974358976, 0.049178685897435896, 0.06810897435897435, 0.16937099358974358, 0.16856971153846154, 0.11358173076923077, 0.1194911858974359, 0.05538862179487179, 0.03545673076923077, 0.03545673076923077, 0.017728365384615384, 0.010216346153846154, 0.013621794871794872, 0.004306891025641026, 0.0026041666666666665, 0.000500801282051282, 0.000500801282051282, 0.0, 0.0, 0.0, 0.0], [0.0, 0.0, 0.0, 0.0, 0.0007945967421533572, 0.0003972983710766786, 0.0011918951132300357, 0.0015891934843067143, 0.0015891934843067143, 0.007945967421533572, 0.012713547874453715, 0.014700039729837107, 0.02185141040921732, 0.03615415176797775, 0.058402860548271755, 0.07389749702026222, 0.09852999602701629, 0.08939213349225268, 0.18037346046881209, 0.07071911005164878, 0.07787048073102901, 0.09892729439809297, 0.04410011918951132, 0.018673023440603894, 0.05045689312673818, 0.014700039729837107, 0.011124354390147001, 0.009535160905840286, 0.0027810885975367503, 0.0015891934843067143, 0.0, 0.0, 0.0], [0.0, 0.0, 0.00021810250817884405, 0.0, 0.0015267175572519084, 0.0006543075245365322, 0.0021810250817884407, 0.004143947655398037, 0.009378407851690295, 0.017011995637949837, 0.02529989094874591, 0.03358778625954199, 0.05801526717557252, 0.07568157033805889, 0.09923664122137404, 0.12366412213740458, 0.15725190839694655, 0.0955288985823337, 0.13544165757906215, 0.05387131952017448, 0.0366412213740458, 0.032497273718647766, 0.013522355507088331, 0.007633587786259542, 0.009378407851690295, 0.003271537622682661, 0.003271537622682661, 0.0006543075245365322, 0.0004362050163576881, 0.0, 0.0, 0.0, 0.0], [0.0, 0.0, 0.0009573958831977022, 0.0011169618637306526, 0.0011169618637306526, 0.0027126216690601564, 0.006861337162916866, 0.012127014520504228, 0.019467049625019946, 0.03781713738630924, 0.0620711664273177, 0.07547470879208552, 0.10435615126854955, 0.12206797510770703, 0.13499281953087602, 0.11983405138024573, 0.11281314823679592, 0.05919897877772459, 0.059837242699856394, 0.023934897079942556, 0.015158768150630286, 0.012286580501037179, 0.006701771182383916, 0.0035104515717249082, 0.0035104515717249082, 0.0017552257858624541, 0.00031913196106590075, 0.0, 0.0, 0.0, 0.0, 0.0, 0.0], [0.0, 0.0, 0.0, 0.0, 0.0001232741617357002, 0.0004930966469428008, 0.0019723865877712033, 0.0019723865877712033, 0.004561143984220907, 0.005547337278106509, 0.013560157790927022, 0.019970414201183433, 0.028599605522682446, 0.033900394477317554, 0.09356508875739646, 0.15150394477317555, 0.19391025641025642, 0.1273422090729783, 0.16531065088757396, 0.05596646942800789, 0.03155818540433925, 0.03340729783037475, 0.014053254437869823, 0.007766272189349112, 0.008752465483234714, 0.003821499013806706, 0.0017258382642998027, 0.0001232741617357002, 0.0004930966469428008, 0.0, 0.0, 0.0, 0.0], [0.00020279862096937742, 0.0, 0.0, 0.00010139931048468871, 0.00010139931048468871, 0.0003041979314540661, 0.0013181910363009532, 0.0018251875887243967, 0.004157371729872237, 0.016730886229973638, 0.03599675522206449, 0.04715067937538025, 0.06935712837152708, 0.09531535185560738, 0.1139728249847901, 0.11924558912999392, 0.14682620158182924, 0.09288176840397486, 0.11782599878320828, 0.048874467653619955, 0.027783411072804704, 0.029203001419590348, 0.011356722774285136, 0.00466436828229568, 0.007503548975866964, 0.0029405800040559725, 0.002129385520178463, 0.000709795173392821, 0.000709795173392821, 0.000709795173392821, 0.00010139931048468871, 0.0, 0.0], [0.0, 0.0, 0.0, 0.00042399830400678397, 0.00042399830400678397, 0.00021199915200339198, 0.0012719949120203519, 0.0016959932160271359, 0.0044519821920712315, 0.006147975408098368, 0.01505193979224083, 0.02777188891244435, 0.04812380750476998, 0.06805172779308882, 0.09857960568157727, 0.11808352766588934, 0.16048335806656774, 0.12020351918592326, 0.14670341318634725, 0.06868772524909901, 0.04027983888064448, 0.03519185923256307, 0.015263938944244222, 0.0067839728641085435, 0.010175959296162815, 0.0033919864320542717, 0.0012719949120203519, 0.00042399830400678397, 0.0, 0.0008479966080135679, 0.0, 0.0, 0.0], [0.0, 0.0, 0.0, 0.00030102347983142685, 0.0012040939193257074, 0.002408187838651415, 0.002408187838651415, 0.004515352197471403, 0.010836845273931367, 0.019566526189042744, 0.029500301023479832, 0.04786273329319687, 0.06773028296207104, 0.09211318482841661, 0.10084286574352799, 0.11950632149307645, 0.1378687537627935, 0.09572546658639373, 0.10475617098133655, 0.04876580373269115, 0.03190848886213125, 0.034015653220951236, 0.014449127031908489, 0.009331727874774232, 0.013546056592414209, 0.005117399157134257, 0.002408187838651415, 0.002408187838651415, 0.0006020469596628537, 0.00030102347983142685, 0.0, 0.0, 0.0], [0.00020491803278688525, 0.0, 0.000819672131147541, 0.000819672131147541, 0.0006147540983606558, 0.0010245901639344263, 0.002663934426229508, 0.007377049180327869, 0.012909836065573771, 0.018647540983606558, 0.03360655737704918, 0.05184426229508197, 0.07827868852459016, 0.10225409836065574, 0.12069672131147541, 0.12295081967213115, 0.13565573770491804, 0.08360655737704918, 0.11127049180327869, 0.04180327868852459, 0.0235655737704918, 0.02336065573770492, 0.009631147540983606, 0.005122950819672131, 0.005532786885245901, 0.0018442622950819673, 0.0014344262295081967, 0.0014344262295081967, 0.0004098360655737705, 0.0006147540983606558, 0.0, 0.0, 0.0], [0.0, 0.0, 0.00012504689258471927, 0.00025009378516943853, 0.0003751406777541578, 0.00025009378516943853, 0.0008753282480930349, 0.0020007502813555083, 0.0030011254220332624, 0.011879454795548331, 0.02550956608728273, 0.04376641240465175, 0.07377766662498438, 0.09503563836438665, 0.12379642365887207, 0.1317994247842941, 0.15143178692009504, 0.09115918469426035, 0.1376766287357759, 0.038764536701262974, 0.02200825309491059, 0.023008628235588347, 0.008753282480930349, 0.004251594347880455, 0.006127297736651245, 0.0017506564961860698, 0.0017506564961860698, 0.00025009378516943853, 0.00012504689258471927, 0.0005001875703388771, 0.0, 0.0, 0.0], [0.0, 0.0, 0.0, 0.007633587786259542, 0.015267175572519083, 0.015267175572519083, 0.007633587786259542, 0.015267175572519083, 0.030534351145038167, 0.07633587786259542, 0.04580152671755725, 0.07633587786259542, 0.08396946564885496, 0.06870229007633588, 0.04580152671755725, 0.09923664122137404, 0.11450381679389313, 0.10687022900763359, 0.03816793893129771, 0.022900763358778626, 0.022900763358778626, 0.03816793893129771, 0.022900763358778626, 0.0, 0.007633587786259542, 0.015267175572519083, 0.007633587786259542, 0.015267175572519083, 0.0, 0.0, 0.0, 0.0, 0.0], [0.0002094240837696335, 0.00010471204188481675, 0.0, 0.0, 0.00010471204188481675, 0.00010471204188481675, 0.0002094240837696335, 0.0009424083769633508, 0.0023036649214659686, 0.0048167539267015705, 0.0077486910994764395, 0.010471204188481676, 0.022408376963350785, 0.054869109947643976, 0.14607329842931938, 0.1606282722513089, 0.19287958115183246, 0.12261780104712042, 0.12607329842931936, 0.05675392670157068, 0.029842931937172777, 0.03193717277486911, 0.012041884816753926, 0.004083769633507853, 0.007225130890052356, 0.002931937172774869, 0.0013612565445026178, 0.000418848167539267, 0.000837696335078534, 0.0, 0.0, 0.0, 0.0], [0.0, 0.0, 0.0, 0.0001201634222542658, 0.0, 0.0001201634222542658, 0.0010814708002883922, 0.0003604902667627974, 0.0014419610670511895, 0.0032444124008651765, 0.010213890891612593, 0.017303532804614274, 0.02944003845229512, 0.049026676279740444, 0.0779860610430185, 0.1061043018505167, 0.15813506368661379, 0.12833453496755587, 0.17519826964671953, 0.07990867579908675, 0.05263157894736842, 0.05191059841384282, 0.020788272049987983, 0.010093727469358327, 0.015501081470800288, 0.005407354001441961, 0.002883922134102379, 0.0013217976447969237, 0.000600817111271329, 0.0002403268445085316, 0.000600817111271329, 0.0, 0.0], [0.0001849283402681461, 9.246417013407305e-05, 0.0, 0.0001849283402681461, 0.0001849283402681461, 0.0005547850208044383, 0.0007397133610725844, 0.001756819232547388, 0.0029588534442903376, 0.005547850208044383, 0.010355987055016181, 0.013407304669440592, 0.026537216828478965, 0.07600554785020805, 0.10041608876560333, 0.11437817845584836, 0.14211742949607029, 0.1183541377716135, 0.1653259361997226, 0.07434119278779473, 0.046786870087840965, 0.050392972723069814, 0.02034211742949607, 0.010448451225150254, 0.012575127138233935, 0.003513638465094776, 0.0014794267221451688, 0.0003698566805362922, 0.0006472491909385113, 0.0, 0.0, 0.0, 0.0], [0.0, 0.0, 0.0, 0.0015748031496062992, 0.0015748031496062992, 0.0015748031496062992, 0.0031496062992125984, 0.006299212598425197, 0.007874015748031496, 0.007874015748031496, 0.01732283464566929, 0.028346456692913385, 0.04409448818897638, 0.09606299212598425, 0.11338582677165354, 0.16850393700787403, 0.16850393700787403, 0.11338582677165354, 0.12913385826771653, 0.05669291338582677, 0.02047244094488189, 0.011023622047244094, 0.0031496062992125984, 0.0, 0.0, 0.0, 0.0, 0.0, 0.0, 0.0, 0.0, 0.0, 0.0], [0.0, 0.0, 0.0, 8.470269354565475e-05, 0.0, 8.470269354565475e-05, 0.00025410808063696424, 0.0007623242419108928, 0.001694053870913095, 0.004743350838556666, 0.007284431644926309, 0.013128917499576486, 0.021175673386413688, 0.027358970015246484, 0.040657292901914284, 0.10282906996442487, 0.18914111468744707, 0.12874809418939523, 0.21988819244451974, 0.07978993732000678, 0.04794172454684059, 0.06699983059461291, 0.019651024902591904, 0.006945620870743689, 0.012366593257665594, 0.004150431983737083, 0.0022869727257326783, 0.001355243096730476, 0.00042351346772827374, 0.00025410808063696424, 0.0, 0.0, 0.0], [9.43040362127499e-05, 9.43040362127499e-05, 9.43040362127499e-05, 0.0, 0.0003772161448509996, 0.0003772161448509996, 0.00028291210863824973, 0.000943040362127499, 0.001037344398340249, 0.005281026027913994, 0.009713315729913241, 0.01914371935118823, 0.03423236514522822, 0.04470011316484346, 0.06686156167483968, 0.07921539041870992, 0.19530365899660507, 0.17304790645039608, 0.1950207468879668, 0.07883817427385892, 0.04036212749905696, 0.03140324405884572, 0.011882308562806488, 0.004149377593360996, 0.005281026027913994, 0.0015088645794039985, 0.0003772161448509996, 0.0003772161448509996, 0.0, 0.0, 0.0, 0.0, 0.0], [0.0, 0.00011596892032935173, 0.00011596892032935173, 0.0005798446016467587, 0.0006958135219761104, 0.0010437202829641657, 0.0016235648846109243, 0.003826974370868607, 0.006378290618114345, 0.011480923112605821, 0.020990374579612663, 0.03583439638176968, 0.054505392554795314, 0.07387220224979706, 0.09695001739533805, 0.1304650353705207, 0.15505044648034327, 0.11144613243650701, 0.13777107735126987, 0.06157949669488577, 0.03397889365650006, 0.0331671112141946, 0.01403223935985156, 0.006262321697784993, 0.0054505392554795315, 0.0015075959642815726, 0.0008117824423054622, 0.00046387568131740694, 0.0, 0.0, 0.0, 0.0, 0.0], [0.00013475272874275703, 0.00013475272874275703, 0.0, 0.0, 0.00040425818622827114, 0.00040425818622827114, 0.0008085163724565423, 0.0014822800161703275, 0.004312087319768225, 0.006737636437137852, 0.015631316534159816, 0.02600727664735211, 0.03988680770785608, 0.06602883708395095, 0.09769572833849885, 0.12383775771459372, 0.1524053362080582, 0.09715671742352783, 0.17369626734941382, 0.06144724430669721, 0.037461258590486456, 0.04285136774019674, 0.018730629295243228, 0.008489421910793694, 0.00956744374073575, 0.005390109149710282, 0.003907829133539954, 0.0018865382023985986, 0.0012127745586848133, 0.0010780218299420562, 0.0012127745586848133, 0.0, 0.0], [0.0, 0.00020275750202757503, 0.00020275750202757503, 0.00040551500405515005, 0.0012165450121654502, 0.0022303325223033254, 0.0036496350364963502, 0.008921330089213302, 0.018045417680454177, 0.027169505271695052, 0.04278183292781833, 0.062449310624493104, 0.08049472830494728, 0.10320356853203569, 0.12489862124898621, 0.11618004866180048, 0.14497161394971614, 0.07643957826439578, 0.10340632603406326, 0.027575020275750203, 0.017639902676399026, 0.020072992700729927, 0.007502027575020276, 0.0032441200324412004, 0.004460665044606651, 0.0012165450121654502, 0.0008110300081103001, 0.00040551500405515005, 0.00020275750202757503, 0.0, 0.0, 0.0, 0.0], [0.0, 0.0, 0.0007366482504604051, 0.0011049723756906078, 0.0033149171270718232, 0.0014732965009208103, 0.003683241252302026, 0.010313075506445672, 0.011786372007366482, 0.013996316758747698, 0.030939226519337018, 0.04456721915285451, 0.058195211786372006, 0.08397790055248619, 0.10755064456721915, 0.13149171270718232, 0.14769797421731123, 0.10497237569060773, 0.10791896869244935, 0.04714548802946593, 0.02541436464088398, 0.02136279926335175, 0.014364640883977901, 0.008839779005524863, 0.009208103130755065, 0.005156537753222836, 0.003683241252302026, 0.0011049723756906078, 0.0, 0.0, 0.0, 0.0, 0.0], [0.00022799817601459188, 0.0, 0.0, 0.0, 0.00045599635202918376, 0.00045599635202918376, 0.001937984496124031, 0.00364797081623347, 0.008891928864569083, 0.02108983128134975, 0.03773369813041496, 0.054035567715458276, 0.07637938896488829, 0.10886912904696762, 0.1403328773369813, 0.14113087095303237, 0.13178294573643412, 0.07877336981304149, 0.09142726858185135, 0.033515731874145006, 0.0224578203374373, 0.023141814865481076, 0.00900592795257638, 0.004103967168262654, 0.0066119471044231645, 0.0015959872321021432, 0.0012539899680802553, 0.0007979936160510716, 0.0, 0.0003419972640218878, 0.0, 0.0, 0.0], [0.0, 0.0, 0.0, 0.0003028467595396729, 0.00015142337976983646, 0.00015142337976983646, 0.0015142337976983646, 0.003179890975166566, 0.006359781950333132, 0.012568140520896427, 0.023622047244094488, 0.030133252574197456, 0.05708661417322835, 0.08146577831617202, 0.10236220472440945, 0.1208358570563295, 0.14778921865536038, 0.09706238643246518, 0.13764385221078135, 0.05693519079345851, 0.03164748637189582, 0.03770442156268928, 0.015748031496062992, 0.007722592368261659, 0.012719563900666263, 0.005451241671714113, 0.004845548152634767, 0.0022713506965475467, 0.0012113870381586917, 0.0009085402786190188, 0.0006056935190793458, 0.0, 0.0], [0.0, 0.0, 0.0, 0.0, 0.0005575171901133618, 0.0007433562534844825, 0.0020442296970823266, 0.004088459394164653, 0.006876045344731463, 0.017283032893514218, 0.02694666418881249, 0.04311466270209998, 0.06485783311652109, 0.08864523322802453, 0.11484854116335254, 0.12841479278944434, 0.14699869912655641, 0.09161865824196246, 0.12952982716967107, 0.04906151272997584, 0.03010592826612154, 0.02471659542835904, 0.010035309422040513, 0.0039026203307935326, 0.00594685002787586, 0.001486712506968965, 0.0053893328377624975, 0.0013008734435978444, 0.000929195316855603, 0.0005575171901133618, 0.0, 0.0, 0.0], [0.00011005943209333039, 0.00011005943209333039, 0.0, 0.0, 0.00011005943209333039, 0.0009905348888399736, 0.0006603565925599824, 0.0023112480739599386, 0.00286154523442659, 0.0056130310367598505, 0.014527845036319613, 0.02201188641866608, 0.03664979088707902, 0.09322033898305085, 0.15507373981950254, 0.16035659255998239, 0.16420867268324896, 0.10708782742681047, 0.11820383006823684, 0.05073739819502531, 0.026634382566585957, 0.020581113801452784, 0.010125467752586397, 0.002971604666519921, 0.002531366938146599, 0.001430772617213295, 0.00044023772837332157, 0.0003301782962799912, 0.00011005943209333039, 0.0, 0.0, 0.0, 0.0], [0.0, 0.0, 0.0, 0.00016923337282112033, 0.00016923337282112033, 0.001015400236926722, 0.0013538669825689626, 0.0023692672194956846, 0.006430868167202572, 0.01032323574208834, 0.024538839059062446, 0.03503130817397191, 0.06803181587409037, 0.09900152310035538, 0.12557116263327128, 0.14012523269588764, 0.1573870367236419, 0.10458622440345236, 0.10712472499576917, 0.04146217634117448, 0.02623117278727365, 0.019969537992892198, 0.009984768996446099, 0.004738534438991369, 0.008292435268234895, 0.002538500592316805, 0.0022000338466745643, 0.00033846674564224065, 0.0008461668641056016, 0.0, 0.00016923337282112033, 0.0, 0.0], [0.0, 0.0, 0.0, 0.00017421602787456446, 0.0, 0.0006968641114982578, 0.0012195121951219512, 0.002613240418118467, 0.004703832752613241, 0.005226480836236934, 0.013414634146341463, 0.0210801393728223, 0.041637630662020905, 0.06097560975609756, 0.09146341463414634, 0.11602787456445993, 0.1583623693379791, 0.10975609756097561, 0.17334494773519163, 0.0681184668989547, 0.04006968641114982, 0.04250871080139373, 0.017770034843205575, 0.007491289198606272, 0.012369337979094076, 0.007491289198606272, 0.0024390243902439024, 0.0006968641114982578, 0.00017421602787456446, 0.00017421602787456446, 0.0, 0.0, 0.0], [0.0, 0.0, 0.00011352026336701102, 0.0, 0.00022704052673402204, 0.00034056079010103305, 0.00034056079010103305, 0.001248722897037121, 0.0011352026336701102, 0.003973209217845385, 0.007265296855488705, 0.03167215347939607, 0.06039278011124986, 0.09478941991145419, 0.1154501078442502, 0.1296401407651266, 0.14576001816324213, 0.09172437280054489, 0.14961970711772052, 0.049721875354750825, 0.03575888296060847, 0.0320127142694971, 0.018276762402088774, 0.008627540015892837, 0.014190032920876377, 0.0030650471109092974, 0.0029515268475422862, 0.0013622431604041322, 0.00022704052673402204, 0.00011352026336701102, 0.0, 0.0, 0.0], [0.0, 0.0, 8.803591865481116e-05, 0.0, 8.803591865481116e-05, 8.803591865481116e-05, 0.00017607183730962233, 0.0007923232678933005, 0.0017607183730962233, 0.004665903688704991, 0.008891627784135927, 0.016286644951140065, 0.027643278457610707, 0.03618276256712739, 0.0544061977286733, 0.060128532441236025, 0.14393872700061625, 0.15247821111013293, 0.2525750506206532, 0.09006074478387181, 0.051589048331719345, 0.05810370631217537, 0.014085746984769786, 0.006338586143146404, 0.011268597587815829, 0.00448983185139537, 0.0019367902104058456, 0.0007923232678933005, 0.000528215511928867, 0.0006162514305836781, 0.0, 0.0, 0.0], [0.0, 0.0, 0.0, 0.0001088020890001088, 0.000544010445000544, 0.0007616146230007616, 0.001088020890001088, 0.00272005222500272, 0.0051136981830051135, 0.009356979654009357, 0.01621151126101621, 0.031226199543031227, 0.048852137961048855, 0.0755086497660755, 0.11010771406811011, 0.13491459036013492, 0.17386573822217385, 0.11261016211511261, 0.15602219562615602, 0.049396148406049396, 0.026003699271026005, 0.029376564030029376, 0.007616146230007616, 0.003264062670003264, 0.0025024480470025026, 0.0007616146230007616, 0.0009792188010009793, 0.0007616146230007616, 0.0003264062670003264, 0.0, 0.0, 0.0, 0.0], [0.0, 0.0034965034965034965, 0.0, 0.0034965034965034965, 0.0034965034965034965, 0.017482517482517484, 0.024475524475524476, 0.03496503496503497, 0.08391608391608392, 0.045454545454545456, 0.05244755244755245, 0.06643356643356643, 0.08041958041958042, 0.13636363636363635, 0.1048951048951049, 0.11188811188811189, 0.0944055944055944, 0.04195804195804196, 0.038461538461538464, 0.017482517482517484, 0.01048951048951049, 0.01048951048951049, 0.0034965034965034965, 0.013986013986013986, 0.0, 0.0, 0.0, 0.0, 0.0, 0.0, 0.0, 0.0, 0.0]]}, "ranks": {"labels": ["Unranked", "Combatatent I", "Combatatent II", "Challenger I", "Challenger II", "Rival I", "Rival II", "Duelist", "Elite"], "data": [[0.13931297709923665, 0.1851145038167939, 0.24045801526717558, 0.22137404580152673, 0.12404580152671756, 0.05534351145038168, 0.015267175572519083, 0.015267175572519083, 0.003816793893129771], [0.057352941176470586, 0.09529411764705882, 0.17176470588235293, 0.25823529411764706, 0.23352941176470587, 0.13147058823529412, 0.02911764705882353, 0.017058823529411765, 0.006176470588235294], [0.007613636363636363, 0.012954545454545455, 0.03159090909090909, 0.06511363636363636, 0.31795454545454543, 0.36011363636363636, 0.08670454545454545, 0.08818181818181818, 0.029772727272727274], [0.01507537688442211, 0.0250163862792222, 0.05494865632510378, 0.0989731265020756, 0.22329036486781734, 0.3457504915883767, 0.11448547083242298, 0.09809919161022504, 0.02436093511033428], [0.17834394904458598, 0.1464968152866242, 0.2356687898089172, 0.18471337579617833, 0.09554140127388536, 0.10828025477707007, 0.025477707006369428, 0.025477707006369428, 0.0], [0.010815919353145017, 0.05386957891420771, 0.1399768980363331, 0.24204557387377929, 0.26000210017851516, 0.16339388848052083, 0.053764569988449015, 0.058489971647590046, 0.017641499527459834], [0.0843978102189781, 0.11952554744525548, 0.20552007299270073, 0.23905109489051096, 0.1863594890510949, 0.09010036496350365, 0.028512773722627737, 0.030793795620437957, 0.015739051094890513], [0.23853211009174313, 0.25382262996941896, 0.22018348623853212, 0.1437308868501529, 0.07033639143730887, 0.05198776758409786, 0.01529051987767584, 0.0061162079510703364, 0.0], [0.03245192307692308, 0.060897435897435896, 0.09174679487179487, 0.23747996794871795, 0.2821514423076923, 0.15264423076923078, 0.057692307692307696, 0.0634014423076923, 0.021534455128205128], [0.013508144616607072, 0.027413587604290822, 0.058005562177195075, 0.13230035756853398, 0.18792212951926898, 0.21493841875248312, 0.11402463249900675, 0.1617004370282082, 0.09018673023440604], [0.035114503816793895, 0.05888767720828789, 0.1336968375136314, 0.22290076335877862, 0.25278080697928024, 0.166412213740458, 0.059541984732824425, 0.05365321701199564, 0.017011995637949837], [0.08217647997446945, 0.13754587521940323, 0.22642412637625658, 0.2548268709111218, 0.1720121270145205, 0.07244295516195948, 0.026487952768469762, 0.022498803255146003, 0.005584809318653263], [0.014669625246548324, 0.03353057199211045, 0.0625, 0.245069033530572, 0.3212524654832347, 0.19748520710059173, 0.05535009861932939, 0.055226824457593686, 0.014916173570019724], [0.024741431758264043, 0.08314743459744474, 0.16467248022713446, 0.23321841411478403, 0.2397079699858041, 0.14530521192455892, 0.04917866558507402, 0.045224092476171165, 0.014804299330764551], [0.014627941488234047, 0.04282382870468518, 0.1161755352978588, 0.21666313334746662, 0.280686877252491, 0.18719525121899513, 0.06847572609709561, 0.057239771040915835, 0.016111935552257792], [0.04124021673690548, 0.0773630343166767, 0.15984346779048766, 0.22034918723660446, 0.23359422034918723, 0.12853702588801927, 0.056893437688139675, 0.057796508127633955, 0.024382901866345574], [0.045081967213114756, 0.08545081967213115, 0.1805327868852459, 0.24364754098360655, 0.2192622950819672, 0.13647540983606557, 0.04016393442622951, 0.038114754098360654, 0.011270491803278689], [0.01875703388770789, 0.06927597849193448, 0.16881330498937103, 0.2555958484431662, 0.2425909716143554, 0.15993497561585596, 0.03851444291609354, 0.03601350506439915, 0.010503938977116418], [0.16793893129770993, 0.12213740458015267, 0.15267175572519084, 0.1450381679389313, 0.22137404580152673, 0.04580152671755725, 0.03816793893129771, 0.061068702290076333, 0.04580152671755725], [0.008795811518324608, 0.018219895287958116, 0.07727748691099476, 0.30670157068062825, 0.3154973821989529, 0.15853403141361255, 0.054136125654450265, 0.04806282722513089, 0.012774869109947644], [0.006368661379476087, 0.027517423696226867, 0.07846671473203556, 0.1840903628935352, 0.28646959865416965, 0.21977889930305214, 0.08795962509012256, 0.08279259793318913, 0.02655611631819274], [0.012205270457697643, 0.023763291724456775, 0.102542764678687, 0.2147942672214517, 0.2604715672676838, 0.2065649560795192, 0.07988904299583911, 0.08118354137771613, 0.018585298196948683], [0.029921259842519685, 0.04566929133858268, 0.14015748031496064, 0.28188976377952757, 0.28188976377952757, 0.16535433070866143, 0.04094488188976378, 0.014173228346456693, 0.0], [0.007623242419108928, 0.020413349144502796, 0.04853464340166017, 0.14348636286633915, 0.3178892088768423, 0.2668134846688125, 0.08080636964255464, 0.0935964763679485, 0.02083686261223107], [0.008581667295360241, 0.028857035081101472, 0.07893247831007168, 0.1460769520935496, 0.36835156544700115, 0.23962655601659752, 0.07459449264428518, 0.0474349302150132, 0.007544322897019992], [0.025861069233445437, 0.05682477096138235, 0.12837759480459238, 0.22741505276585874, 0.2664965789168503, 0.17209787776875798, 0.06123158993389771, 0.05346167227183115, 0.008233793343383974], [0.014418541975475003, 0.041638593181511925, 0.10591564479180704, 0.2215334860530926, 0.24956205363158604, 0.20805821317881687, 0.06454655706778062, 0.07007141894623366, 0.024255491173696266], [0.06204379562043796, 0.10523114355231143, 0.18369829683698297, 0.2410786699107867, 0.22141119221411193, 0.11982968369829684, 0.02879156528791565, 0.030819140308191405, 0.007096512570965126], [0.04640883977900553, 0.07550644567219153, 0.14217311233885818, 0.23904235727440148, 0.252670349907919, 0.13517495395948434, 0.045303867403314914, 0.04456721915285451, 0.019152854511970532], [0.03670770633834929, 0.09176926584587324, 0.1852485180118559, 0.2814637482900137, 0.2105563155494756, 0.11126310989512084, 0.036137710898312816, 0.03625170998632011, 0.010601915184678522], [0.024227740763173834, 0.05375529981829195, 0.13855239248940035, 0.22319806178073895, 0.24485160508782555, 0.16853422168382798, 0.057692307692307696, 0.06117504542701393, 0.028013325257419744], [0.031592640773090507, 0.07006132689091248, 0.15350306634454564, 0.24326333395279687, 0.23861735736851886, 0.15944991637242148, 0.04924735179334696, 0.03865452518119308, 0.01561048132317413], [0.012766894122826326, 0.036539731454985694, 0.12987012987012986, 0.3154303323794849, 0.27129650011005946, 0.1470394012766894, 0.0485362095531587, 0.033678186220559105, 0.004842615012106538], [0.02183110509392452, 0.05957014723303435, 0.16703333897444575, 0.2656963953291589, 0.26197326112709424, 0.1298019969537993, 0.04501607717041801, 0.034692841428329665, 0.014384836689795228], [0.014634146341463415, 0.03449477351916376, 0.10261324041811846, 0.20749128919860627, 0.2681184668989547, 0.2097560975609756, 0.07177700348432056, 0.06777003484320558, 0.023344947735191638], [0.007378817118855715, 0.03893745033488478, 0.15518220002270405, 0.24509024860937678, 0.23748439096378704, 0.17799977295947328, 0.05710069247360654, 0.058917016687478715, 0.021909410829833127], [0.007659124922968571, 0.02517827273527599, 0.06382604102473809, 0.11453473016990932, 0.2964169381107492, 0.30169909323003785, 0.09252575050620654, 0.07852803944009155, 0.01963200986002289], [0.019693178109019695, 0.04743771080404744, 0.12436078772712436, 0.24502230442824502, 0.2864759003372865, 0.18398433249918397, 0.04743771080404744, 0.040256772930040256, 0.005331302361005331], [0.21678321678321677, 0.11888111888111888, 0.21678321678321677, 0.21678321678321677, 0.13636363636363635, 0.045454545454545456, 0.02097902097902098, 0.027972027972027972, 0.0]]}, "ranksDetailed": {"labels": ["Unranked", "Combatatant", "Challenger", "Rival", "Duelist", "Elite"], "data": [[0.13931297709923665, 0.4255725190839695, 0.34541984732824427, 0.07061068702290077, 0.015267175572519083, 0.003816793893129771], [0.057352941176470586, 0.26705882352941174, 0.49176470588235294, 0.16058823529411764, 0.017058823529411765, 0.006176470588235294], [0.007613636363636363, 0.04454545454545455, 0.3830681818181818, 0.44681818181818184, 0.08818181818181818, 0.029772727272727274], [0.01507537688442211, 0.07996504260432598, 0.32226349136989296, 0.46023596242079967, 0.09809919161022504, 0.02436093511033428], [0.17834394904458598, 0.3821656050955414, 0.2802547770700637, 0.1337579617834395, 0.025477707006369428, 0.0], [0.010815919353145017, 0.1938464769505408, 0.5020476740522944, 0.21715845846896986, 0.058489971647590046, 0.017641499527459834], [0.0843978102189781, 0.3250456204379562, 0.42541058394160586, 0.11861313868613138, 0.030793795620437957, 0.015739051094890513], [0.23853211009174313, 0.4740061162079511, 0.21406727828746178, 0.0672782874617737, 0.0061162079510703364, 0.0], [0.03245192307692308, 0.15264423076923078, 0.5196314102564102, 0.21033653846153846, 0.0634014423076923, 0.021534455128205128], [0.013508144616607072, 0.08541914978148589, 0.32022248708780293, 0.3289630512514899, 0.1617004370282082, 0.09018673023440604], [0.035114503816793895, 0.19258451472191931, 0.4756815703380589, 0.22595419847328244, 0.05365321701199564, 0.017011995637949837], [0.08217647997446945, 0.3639700015956598, 0.4268389979256422, 0.09893090793042923, 0.022498803255146003, 0.005584809318653263], [0.014669625246548324, 0.09603057199211046, 0.5663214990138067, 0.2528353057199211, 0.055226824457593686, 0.014916173570019724], [0.024741431758264043, 0.24781991482457918, 0.4729263841005881, 0.19448387750963295, 0.045224092476171165, 0.014804299330764551], [0.014627941488234047, 0.158999364002544, 0.4973500105999576, 0.25567097731609073, 0.057239771040915835, 0.016111935552257792], [0.04124021673690548, 0.23720650210716435, 0.4539434075857917, 0.18543046357615894, 0.057796508127633955, 0.024382901866345574], [0.045081967213114756, 0.2659836065573771, 0.4629098360655738, 0.17663934426229508, 0.038114754098360654, 0.011270491803278689], [0.01875703388770789, 0.23808928348130548, 0.4981868200575216, 0.19844941853194947, 0.03601350506439915, 0.010503938977116418], [0.16793893129770993, 0.2748091603053435, 0.366412213740458, 0.08396946564885496, 0.061068702290076333, 0.04580152671755725], [0.008795811518324608, 0.09549738219895287, 0.6221989528795812, 0.21267015706806283, 0.04806282722513089, 0.012774869109947644], [0.006368661379476087, 0.10598413842826243, 0.47055996154770485, 0.30773852439317473, 0.08279259793318913, 0.02655611631819274], [0.012205270457697643, 0.12630605640314377, 0.47526583448913545, 0.2864539990753583, 0.08118354137771613, 0.018585298196948683], [0.029921259842519685, 0.1858267716535433, 0.5637795275590551, 0.2062992125984252, 0.014173228346456693, 0.0], [0.007623242419108928, 0.06894799254616296, 0.46137557174318145, 0.3476198543113671, 0.0935964763679485, 0.02083686261223107], [0.008581667295360241, 0.10778951339117314, 0.5144285175405507, 0.3142210486608827, 0.0474349302150132, 0.007544322897019992], [0.025861069233445437, 0.1852023657659747, 0.493911631682709, 0.2333294677026557, 0.05346167227183115, 0.008233793343383974], [0.014418541975475003, 0.14755423797331896, 0.4710955396846786, 0.2726047702465975, 0.07007141894623366, 0.024255491173696266], [0.06204379562043796, 0.2889294403892944, 0.4624898621248986, 0.14862124898621248, 0.030819140308191405, 0.007096512570965126], [0.04640883977900553, 0.2176795580110497, 0.49171270718232046, 0.18047882136279927, 0.04456721915285451, 0.019152854511970532], [0.03670770633834929, 0.2770177838577291, 0.49202006383948926, 0.14740082079343364, 0.03625170998632011, 0.010601915184678522], [0.024227740763173834, 0.19230769230769232, 0.46804966686856453, 0.2262265293761357, 0.06117504542701393, 0.028013325257419744], [0.031592640773090507, 0.2235643932354581, 0.4818806913213157, 0.20869726816576845, 0.03865452518119308, 0.01561048132317413], [0.012766894122826326, 0.16640986132511557, 0.5867268324895444, 0.19557561082984812, 0.033678186220559105, 0.004842615012106538], [0.02183110509392452, 0.2266034862074801, 0.5276696564562532, 0.1748180741242173, 0.034692841428329665, 0.014384836689795228], [0.014634146341463415, 0.13710801393728222, 0.47560975609756095, 0.28153310104529616, 0.06777003484320558, 0.023344947735191638], [0.007378817118855715, 0.19411965035758882, 0.4825746395731638, 0.2351004654330798, 0.058917016687478715, 0.021909410829833127], [0.007659124922968571, 0.08900431376001408, 0.4109516682806585, 0.3942248437362444, 0.07852803944009155, 0.01963200986002289], [0.019693178109019695, 0.1717984985311718, 0.5314982047655314, 0.23142204330323143, 0.040256772930040256, 0.005331302361005331], [0.21678321678321677, 0.3356643356643357, 0.3531468531468531, 0.06643356643356643, 0.027972027972027972, 0.0]]}}}, "eu": {"histType": {"histogram": {"labels": ["0", "100", "200", "300", "400", "500", "600", "700", "800", "900", "1000", "1100", "1200", "1300", "1400", "1500", "1600", "1700", "1800", "1900", "2000", "2100", "2200", "2300", "2400", "2500", "2600", "2700", "2800", "2900", "3000", "3100", "3200"], "data": [[0.0, 0.0, 0.002421307506053269, 0.0, 0.0, 0.004842615012106538, 0.009685230024213076, 0.031476997578692496, 0.06537530266343826, 0.07021791767554479, 0.06537530266343826, 0.1162227602905569, 0.07263922518159806, 0.13317191283292978, 0.12832929782082325, 0.1089588377723971, 0.07021791767554479, 0.048426150121065374, 0.026634382566585957, 0.024213075060532687, 0.014527845036319613, 0.004842615012106538, 0.002421307506053269, 0.0, 0.0, 0.0, 0.0, 0.0, 0.0, 0.0, 0.0, 0.0, 0.0], [0.000321646831778707, 0.0, 0.0009649404953361209, 0.0009649404953361209, 0.0009649404953361209, 0.0041814088131231905, 0.0064329366355741395, 0.010292698616918623, 0.018977163074943713, 0.030556449018977163, 0.04470890961724027, 0.06207783853329045, 0.08169829527179158, 0.10550016082341589, 0.13026696687037634, 0.12994532003859763, 0.14345448697330332, 0.0688324220006433, 0.0971373431971695, 0.026053393374075265, 0.013509166934705693, 0.010935992280476037, 0.005146349308459312, 0.002573174654229656, 0.0032164683177870698, 0.000643293663557414, 0.000643293663557414, 0.0, 0.0, 0.0, 0.0, 0.0, 0.0], [0.0, 0.0, 0.0, 0.0001144950767117014, 0.0001144950767117014, 0.0001144950767117014, 0.0, 0.0008014655369819098, 0.0019464163040989239, 0.0025188916876574307, 0.00572475383558507, 0.009274101213647813, 0.012594458438287154, 0.015914815662926494, 0.025646897183421113, 0.07888710785436226, 0.21490725898786353, 0.13315777421570874, 0.2782230364094344, 0.07545225555301122, 0.04705747652850927, 0.05209525990382414, 0.016487291046485, 0.007213189832837188, 0.011792992901305244, 0.005037783375314861, 0.002976871994504236, 0.0013739409205404168, 0.0003434852301351042, 0.0002289901534234028, 0.0, 0.0, 0.0], [0.0, 0.0, 0.0, 0.0001048767697954903, 0.0001048767697954903, 0.0002097535395909806, 0.0007341373885684321, 0.001992658626114316, 0.002412165705296277, 0.0057682223387519665, 0.011536444677503933, 0.017514420555846878, 0.021394861038280023, 0.02779234399580493, 0.043628736234923964, 0.0562139486103828, 0.08253801782905086, 0.1709491347666492, 0.26649187205034086, 0.10739381227058206, 0.06680650235972732, 0.061352910330361825, 0.018877818563188254, 0.01101206082852648, 0.015626638699528055, 0.004195070791819612, 0.003146303093864709, 0.0016780283167278447, 0.0003146303093864709, 0.0002097535395909806, 0.0, 0.0, 0.0], [0.0, 0.0, 0.0, 0.0, 0.0, 0.020833333333333332, 0.041666666666666664, 0.04861111111111111, 0.05555555555555555, 0.06944444444444445, 0.0625, 0.09722222222222222, 0.0625, 0.0763888888888889, 0.05555555555555555, 0.13194444444444445, 0.027777777777777776, 0.08333333333333333, 0.05555555555555555, 0.041666666666666664, 0.041666666666666664, 0.0, 0.0, 0.006944444444444444, 0.020833333333333332, 0.0, 0.0, 0.0, 0.0, 0.0, 0.0, 0.0, 0.0], [0.0, 0.0001057194206575748, 0.0001057194206575748, 0.0002114388413151496, 0.0003171582619727244, 0.0001057194206575748, 0.0002114388413151496, 0.0011629136272333228, 0.003594460302357543, 0.01363780526482715, 0.024421186171899777, 0.03721323607146633, 0.05571413468654192, 0.07791521302463263, 0.10920816153927476, 0.12570039116185644, 0.14885294428586532, 0.10180780