{"region": {"us": {"histType": {"histogram": {"labels": ["0", "100", "200", "300", "400", "500", "600", "700", "800", "900", "1000", "1100", "1200", "1300", "1400", "1500", "1600", "1700", "1800", "1900", "2000", "2100", "2200", "2300", "2400", "2500", "2600", "2700", "2800", "2900", "3000", "3100", "3200"], "data": [[0.0, 0.0, 0.0027816411682892906, 0.005563282336578581, 0.004172461752433936, 0.006954102920723227, 0.012517385257301807, 0.013908205841446454, 0.03616133518776078, 0.048678720445062586, 0.08205841446453407, 0.10152990264255911, 0.11821974965229486, 0.13212795549374132, 0.13212795549374132, 0.09874826147426982, 0.06675938803894298, 0.043115438108484005, 0.04450625869262865, 0.01808066759388039, 0.013908205841446454, 0.008344923504867872, 0.004172461752433936, 0.005563282336578581, 0.0, 0.0, 0.0, 0.0, 0.0, 0.0, 0.0, 0.0, 0.0], [0.0, 0.0002525252525252525, 0.0002525252525252525, 0.0002525252525252525, 0.00101010101010101, 0.00202020202020202, 0.004797979797979798, 0.009343434343434343, 0.015656565656565657, 0.02878787878787879, 0.03838383838383838, 0.0547979797979798, 0.08257575757575758, 0.09419191919191919, 0.13005050505050506, 0.1361111111111111, 0.1436868686868687, 0.08333333333333333, 0.10454545454545454, 0.03358585858585859, 0.01717171717171717, 0.006818181818181818, 0.00404040404040404, 0.002777777777777778, 0.0017676767676767678, 0.0017676767676767678, 0.00101010101010101, 0.00101010101010101, 0.0, 0.0, 0.0, 0.0, 0.0], [0.00011928903733746869, 0.0, 0.0, 0.00023857807467493738, 0.00023857807467493738, 0.00023857807467493738, 0.00023857807467493738, 0.0005964451866873435, 0.0025050697840868423, 0.003459382082786592, 0.005248717642848622, 0.0070380532029106525, 0.012048192771084338, 0.01908624597399499, 0.025050697840868424, 0.038530359060002385, 0.08827388762972682, 0.1615173565549326, 0.3687224144101157, 0.08731957533102708, 0.052248598353811286, 0.060837409042109034, 0.023857807467493736, 0.009781701061672433, 0.019324824048669927, 0.006322318978885841, 0.002385780746749374, 0.004175116306811404, 0.00011928903733746869, 0.00047715614934987476, 0.0, 0.0, 0.0], [0.0, 0.0, 0.0, 0.0, 0.00011634671320535195, 0.0, 0.0008144269924374636, 0.0017452006980802793, 0.00477021524141943, 0.007911576497963932, 0.011518324607329843, 0.013030831878999418, 0.026061663757998836, 0.028621291448516578, 0.04246655031995346, 0.0506108202443281, 0.07073880162885399, 0.043280977312390924, 0.26689936009307735, 0.15439208842350205, 0.08947062245491565, 0.09738219895287958, 0.032460732984293195, 0.013612565445026177, 0.027923211169284468, 0.006748109365910413, 0.004653868528214078, 0.001977894124490983, 0.002792321116928447, 0.0, 0.0, 0.0, 0.0], [0.0, 0.0, 0.0, 0.0, 0.010256410256410256, 0.005128205128205128, 0.03076923076923077, 0.02564102564102564, 0.05641025641025641, 0.05128205128205128, 0.07179487179487179, 0.09230769230769231, 0.10256410256410256, 0.11794871794871795, 0.09230769230769231, 0.10256410256410256, 0.07692307692307693, 0.03076923076923077, 0.06153846153846154, 0.03076923076923077, 0.035897435897435895, 0.005128205128205128, 0.0, 0.0, 0.0, 0.0, 0.0, 0.0, 0.0, 0.0, 0.0, 0.0, 0.0], [0.0, 0.0, 0.0, 0.0, 0.0, 0.0, 0.0, 0.0013860752745495255, 0.0012794540995841775, 0.0046913316984753175, 0.007143618722678324, 0.011515086896257597, 0.02153747734300032, 0.0680243096278921, 0.12229448768525429, 0.14926964495148737, 0.17741763514233927, 0.110566158439066, 0.14969612965134876, 0.05597611685680776, 0.03315918541422327, 0.03955645591214415, 0.01535344919501013, 0.008103209297366456, 0.012154813946049685, 0.0046913316984753175, 0.002878771724064399, 0.0013860752745495255, 0.0012794540995841775, 0.0006397270497920887, 0.0, 0.0, 0.0], [0.0, 0.0, 0.0004051863857374392, 0.002228525121555916, 0.0016207455429497568, 0.0034440842787682334, 0.007090761750405186, 0.012763371150729336, 0.019043760129659644, 0.03565640194489465, 0.05004051863857374, 0.06888168557536467, 0.09359805510534847, 0.11324959481361427, 0.12155591572123177, 0.12013776337115073, 0.11993517017828201, 0.06705834683954619, 0.07252836304700162, 0.028565640194489466, 0.017625607779578605, 0.015802269043760128, 0.008306320907617504, 0.00506482982171799, 0.006482982171799027, 0.003646677471636953, 0.0024311183144246355, 0.0014181523500810373, 0.001012965964343598, 0.0002025931928687196, 0.0002025931928687196, 0.0, 0.0], [0.0026954177897574125, 0.0026954177897574125, 0.0, 0.008086253369272238, 0.005390835579514825, 0.018867924528301886, 0.013477088948787063, 0.03504043126684636, 0.05660377358490566, 0.12398921832884097, 0.11590296495956873, 0.1293800539083558, 0.09973045822102426, 0.1105121293800539, 0.07008086253369272, 0.07008086253369272, 0.05121293800539083, 0.013477088948787063, 0.02425876010781671, 0.03234501347708895, 0.01078167115902965, 0.0026954177897574125, 0.0026954177897574125, 0.0, 0.0, 0.0, 0.0, 0.0, 0.0, 0.0, 0.0, 0.0, 0.0], [0.00021177467174925878, 0.00021177467174925878, 0.0005294366793731469, 0.0003176620076238882, 0.0005294366793731469, 0.0012706480304955528, 0.0015883100381194409, 0.004341380770859805, 0.007729775518847946, 0.016200762388818297, 0.02573062261753494, 0.03430749682337993, 0.041296060991105464, 0.046060991105463786, 0.05792037272342228, 0.06649724692926726, 0.20309191020753917, 0.13278271918678525, 0.14538331215586617, 0.06480304955527319, 0.042884371029224905, 0.042566709021601014, 0.021706903854299027, 0.012918254976704785, 0.018212621770436255, 0.005082592121982211, 0.002435408725116476, 0.002964845404489623, 0.00042354934349851756, 0.0, 0.0, 0.0, 0.0], [0.0, 0.0, 0.0, 0.0, 0.0003916960438699569, 0.0007833920877399138, 0.0011750881316098707, 0.0015667841754798276, 0.0023501762632197414, 0.009400705052878966, 0.012925969447708578, 0.016059537798668234, 0.022326674500587545, 0.03760282021151586, 0.06188797493145319, 0.07833920877399138, 0.10379945162553858, 0.08852330591461026, 0.17743830787309048, 0.06933019976498238, 0.0736388562475519, 0.09714061887974931, 0.04308656482569526, 0.016842929886408148, 0.04739522130826479, 0.013709361535448493, 0.012142577359968664, 0.008617312965139052, 0.0027418723070896985, 0.0007833920877399138, 0.0, 0.0, 0.0], [0.0, 0.0, 0.0001774937877174299, 0.0, 0.0008874689385871495, 0.0005324813631522897, 0.0012424565140220093, 0.004437344692935747, 0.008519701810436636, 0.014731984380546681, 0.021476748313809017, 0.029996450124245653, 0.05360312389066383, 0.0635427760028399, 0.10134895278665247, 0.12513312034078808, 0.15299964501242458, 0.09655662051828186, 0.14394746183883564, 0.06194533191338303, 0.03745118920837771, 0.03727369542066028, 0.012779552715654952, 0.008342208022719205, 0.013489527866524671, 0.0033723819666311677, 0.0028399006034788782, 0.0014199503017394391, 0.0019524316648917288, 0.0, 0.0, 0.0, 0.0], [0.0, 0.0, 0.00042765502494654313, 0.00042765502494654313, 0.00042765502494654313, 0.003278688524590164, 0.006272273699215966, 0.012544547398431931, 0.021240199572344975, 0.036350677120456164, 0.05915894511760513, 0.07426942266571632, 0.0977904490377762, 0.11931575196008554, 0.13813257305773344, 0.12173913043478261, 0.10334996436208126, 0.06001425516749822, 0.06229508196721312, 0.026942266571632217, 0.018246614397719175, 0.015395580898075552, 0.007982893799002138, 0.00413399857448325, 0.003848895224518888, 0.003563791874554526, 0.0014255167498218105, 0.0002851033499643621, 0.0011404133998574484, 0.0, 0.0, 0.0, 0.0], [0.0, 0.0, 0.0, 0.0, 0.00012725884448969204, 0.0005090353779587681, 0.0016543649783659965, 0.0020361415118350726, 0.004326800712649529, 0.0053448714685670655, 0.013489437515907355, 0.019597862051412573, 0.027869686943242555, 0.033596334945278694, 0.048358360906082976, 0.0447951132603716, 0.22461186052430643, 0.15436497836599644, 0.2139221175871723, 0.0750827182489183, 0.039832018325273603, 0.041740900992618984, 0.01616187325019089, 0.01056248409264444, 0.013489437515907355, 0.003817765334690761, 0.0017816238228556885, 0.0010180707559175363, 0.0019088826673453805, 0.0, 0.0, 0.0, 0.0], [0.00020659022828220226, 0.0, 0.0, 0.00010329511414110113, 0.00010329511414110113, 0.0003098853424233034, 0.0012395413696932136, 0.0015494267121165168, 0.0042350996797851466, 0.009916330957545709, 0.016010742691870673, 0.01910959611610371, 0.025204007850428676, 0.0635264951967772, 0.14068794546017974, 0.14781530833591572, 0.17033364321867575, 0.1101125916744138, 0.1360396653238302, 0.0547464104947836, 0.030678648899907034, 0.032331370726164654, 0.012292118582791034, 0.005681231277760562, 0.009296560272699102, 0.0030988534242330336, 0.0019626071686809216, 0.0021691973969631237, 0.0005164755707055056, 0.0006197706848466068, 0.00010329511414110113, 0.0, 0.0], [0.0, 0.0, 0.0, 0.00018018018018018018, 0.0005405405405405405, 0.00018018018018018018, 0.0012612612612612612, 0.0018018018018018018, 0.003963963963963964, 0.006846846846846847, 0.014414414414414415, 0.025225225225225224, 0.043963963963963966, 0.06504504504504505, 0.09585585585585586, 0.11837837837837838, 0.15855855855855855, 0.11729729729729729, 0.1526126126126126, 0.07045045045045045, 0.04378378378378378, 0.036936936936936934, 0.015675675675675675, 0.006486486486486486, 0.010450450450450451, 0.0045045045045045045, 0.002882882882882883, 0.0009009009009009009, 0.0009009009009009009, 0.0009009009009009009, 0.0, 0.0, 0.0], [0.0, 0.0, 0.00024826216484607745, 0.00024826216484607745, 0.001737835153922542, 0.003227408142999007, 0.0014895729890764648, 0.005461767626613704, 0.011420059582919563, 0.0176266137040715, 0.030784508440913606, 0.04716981132075472, 0.0660377358490566, 0.09260178748758689, 0.11444885799404171, 0.1288480635551142, 0.13033763654419067, 0.09558093346573981, 0.10228401191658391, 0.04543197616683217, 0.02954319761668322, 0.03128103277060576, 0.014150943396226415, 0.006454816285998014, 0.012413108242303872, 0.005461767626613704, 0.0022343594836146973, 0.002730883813306852, 0.0004965243296921549, 0.00024826216484607745, 0.0, 0.0, 0.0], [0.00018511662347278786, 0.0, 0.0005553498704183636, 0.001295816364309515, 0.0005553498704183636, 0.001480932987782303, 0.003517215845982969, 0.007034431691965938, 0.011847463902258423, 0.019807478711588302, 0.0320251758607923, 0.05257312106627175, 0.0747871158830063, 0.10199925953350611, 0.12439837097371344, 0.12791558681969642, 0.13606071825249907, 0.07922991484635321, 0.11310625694187339, 0.03980007404664939, 0.02332469455757127, 0.022954461310625694, 0.009996297667530544, 0.004813032210292484, 0.00518326545723806, 0.0018511662347278786, 0.0007404664938911515, 0.001295816364309515, 0.001295816364309515, 0.00037023324694557573, 0.0, 0.0, 0.0], [0.0, 0.0, 0.00012548625925461163, 0.00025097251850922326, 0.00037645877776383487, 0.00025097251850922326, 0.0008784038147822813, 0.0016313213703099511, 0.0027606977036014556, 0.006274312962730581, 0.01242313966620655, 0.014430919814280336, 0.027481490776759945, 0.03388128999874514, 0.14531308821684025, 0.15710879658677374, 0.17430041410465555, 0.112435688292132, 0.17517881791943782, 0.047684778516752416, 0.025222738110176935, 0.028861839628560673, 0.010289873258878153, 0.006399799221985193, 0.008658551888568202, 0.0031371564813652904, 0.0012548625925461162, 0.001003890074036893, 0.0018822938888191742, 0.0005019450370184465, 0.0, 0.0, 0.0], [0.0, 0.0, 0.0, 0.006211180124223602, 0.006211180124223602, 0.006211180124223602, 0.0, 0.018633540372670808, 0.049689440993788817, 0.09316770186335403, 0.062111801242236024, 0.08074534161490683, 0.07453416149068323, 0.062111801242236024, 0.043478260869565216, 0.12422360248447205, 0.08695652173913043, 0.08695652173913043, 0.037267080745341616, 0.043478260869565216, 0.049689440993788817, 0.012422360248447204, 0.031055900621118012, 0.0, 0.006211180124223602, 0.006211180124223602, 0.0, 0.012422360248447204, 0.0, 0.0, 0.0, 0.0, 0.0], [0.0002223951962637607, 0.00011119759813188036, 0.0, 0.0, 0.0, 0.00011119759813188036, 0.0002223951962637607, 0.001000778383186923, 0.002335149560769487, 0.004559101523407094, 0.007561436672967864, 0.009896586233737351, 0.02168353163571667, 0.029800956299343935, 0.05170688313132436, 0.15934615812298455, 0.22673190259090403, 0.14967196708551095, 0.15456466140331368, 0.06527299010341377, 0.03758478816857556, 0.03758478816857556, 0.013566106972089403, 0.006894251084176582, 0.010897364616924275, 0.004003113532747692, 0.001890359168241966, 0.002223951962637607, 0.0005559879906594017, 0.0, 0.0, 0.0, 0.0], [0.0, 0.0, 0.0, 0.00012035142616440005, 0.0, 0.00012035142616440005, 0.0009628114093152004, 0.00036105427849320016, 0.0012035142616440004, 0.002286677097123601, 0.0044530027680828015, 0.006739679865206402, 0.011433385485618005, 0.016127091106029605, 0.02780117944397641, 0.10338187507521965, 0.18859068479961488, 0.15140209411481526, 0.21254061860633047, 0.09170778673727284, 0.05837044168973402, 0.05764833313274762, 0.020339391021783608, 0.010951979780960405, 0.019617282464797207, 0.007221085569864003, 0.003369839932603201, 0.0009628114093152004, 0.0015645685401372007, 0.0002407028523288001, 0.0004814057046576002, 0.0, 0.0], [0.00019727756954034326, 9.863878477017163e-05, 0.0, 0.00019727756954034326, 0.00019727756954034326, 0.0005918327086210298, 0.000789110278161373, 0.001874136910633261, 0.002959163543105149, 0.005622410731899783, 0.009962517261787335, 0.01331623594397317, 0.01745906490432038, 0.024659696192542907, 0.033635825606628526, 0.1412507397908858, 0.16817912803314264, 0.13937660288025253, 0.19007693825212074, 0.08532254882619845, 0.051094890510948905, 0.05740777273623989, 0.021404616295127243, 0.011146182679029394, 0.014401262576445058, 0.004537384099427895, 0.0023673308344841193, 0.0014795817715525744, 0.0003945551390806865, 0.0, 0.0, 0.0, 0.0], [0.0, 0.0, 0.0, 0.0014388489208633094, 0.0014388489208633094, 0.0, 0.0, 0.007194244604316547, 0.007194244604316547, 0.0057553956834532375, 0.012949640287769784, 0.025899280575539568, 0.04316546762589928, 0.08633093525179857, 0.1223021582733813, 0.17410071942446043, 0.17410071942446043, 0.1237410071942446, 0.12086330935251799, 0.04892086330935252, 0.02302158273381295, 0.012949640287769784, 0.0014388489208633094, 0.007194244604316547, 0.0, 0.0, 0.0, 0.0, 0.0, 0.0, 0.0, 0.0, 0.0], [0.0, 0.0, 0.0, 9.198785760279643e-05, 0.0, 9.198785760279643e-05, 0.0002759635728083893, 0.0007359028608223715, 0.0016557814368503357, 0.004875356452948211, 0.0073590286082237145, 0.012234385061171926, 0.021433170821451568, 0.02759635728083893, 0.04056664520283323, 0.04856958881427652, 0.087664428295465, 0.16723392512188393, 0.28451844356544936, 0.09686321405574465, 0.05905620458099531, 0.07607395823751265, 0.02014534081501242, 0.010210652193910404, 0.020237328672615216, 0.0051513200257566, 0.0024836721552755035, 0.002391684297672707, 0.0022996964400699106, 0.00018397571520559287, 0.0, 0.0, 0.0], [9.960159362549801e-05, 9.960159362549801e-05, 9.960159362549801e-05, 0.0, 0.000298804780876494, 0.00039840637450199205, 0.000298804780876494, 0.0008964143426294821, 0.0010956175298804782, 0.0051792828685258965, 0.009561752988047808, 0.019123505976095617, 0.03247011952191235, 0.044820717131474105, 0.0646414342629482, 0.07629482071713148, 0.09591633466135459, 0.20826693227091633, 0.2303784860557769, 0.09153386454183267, 0.04591633466135458, 0.041633466135458166, 0.014840637450199203, 0.006374501992031873, 0.0041832669322709164, 0.0017928286852589642, 0.003386454183266932, 0.00039840637450199205, 0.0, 0.0, 0.0, 0.0, 0.0], [0.0, 0.00010715816545220746, 0.0, 0.00010715816545220746, 0.00010715816545220746, 0.0005357908272610373, 0.0007501071581654522, 0.0017145306472353193, 0.002357479639948564, 0.0046078011144449205, 0.00846549507072439, 0.01393056150878697, 0.0502571795970853, 0.0833690527218174, 0.112087441063009, 0.14048435490784397, 0.1582726103729104, 0.11594513501928846, 0.13823403343334761, 0.06365195027861123, 0.03900557222460351, 0.03396913844834976, 0.014573510501500214, 0.00632233176168024, 0.00589369909987141, 0.002571795970852979, 0.0012858979854264896, 0.001393056150878697, 0.0, 0.0, 0.0, 0.0, 0.0], [0.0, 0.0, 0.0, 0.0, 0.00023889154323936931, 0.0, 0.0008361204013377926, 0.0023889154323936935, 0.004897276636407071, 0.007883420926899188, 0.016602962255136168, 0.025441949354992832, 0.04216435738174869, 0.06724796942188246, 0.10355948399426661, 0.12565695174390826, 0.15312947921643574, 0.0980649784997611, 0.16650740563784042, 0.05948399426660296, 0.037267080745341616, 0.038580984233158144, 0.016005733397037744, 0.006569517439082656, 0.012661251791686574, 0.005016722408026756, 0.004061156235069279, 0.0023889154323936935, 0.0020305781175346395, 0.00047778308647873863, 0.0008361204013377926, 0.0, 0.0], [0.0, 0.00017265193370165745, 0.00017265193370165745, 0.0003453038674033149, 0.0010359116022099447, 0.0010359116022099447, 0.0017265193370165745, 0.0025897790055248618, 0.0055248618784530384, 0.017955801104972375, 0.04229972375690608, 0.05973756906077348, 0.07907458563535912, 0.10462707182320442, 0.12603591160220995, 0.11843922651933701, 0.1464088397790055, 0.0775207182320442, 0.11464088397790055, 0.02986878453038674, 0.02382596685082873, 0.020718232044198894, 0.008459944751381215, 0.004488950276243094, 0.007078729281767956, 0.0020718232044198894, 0.0020718232044198894, 0.00017265193370165745, 0.0010359116022099447, 0.0008632596685082873, 0.0, 0.0, 0.0], [0.0, 0.0, 0.0, 0.0007262164124909223, 0.0009682885499878964, 0.002178649237472767, 0.0038731541999515854, 0.006778019849915275, 0.01355603969983055, 0.015250544662309368, 0.02638586298717018, 0.042846768336964415, 0.053982086661825225, 0.08206245461147423, 0.12345679012345678, 0.13168724279835392, 0.14911643669813604, 0.09610263858629872, 0.11038489469862019, 0.04793028322440087, 0.02783829581215202, 0.02251270878721859, 0.012345679012345678, 0.009682885499878963, 0.008714596949891068, 0.0031469377874606633, 0.002662793512466715, 0.0033890099249576375, 0.0014524328249818446, 0.0009682885499878964, 0.0, 0.0, 0.0], [0.0002243409983174425, 0.0, 0.0, 0.0, 0.000448681996634885, 0.000448681996634885, 0.0016825574873808188, 0.0033651149747616375, 0.004935501962983735, 0.009534492428491307, 0.017498597868760516, 0.041278743690409424, 0.08435221536735839, 0.1197980931015143, 0.14694335389792484, 0.15098149186763882, 0.13808188446438588, 0.08065058889512058, 0.09568143578238923, 0.034212002243409985, 0.02075154234436343, 0.024340998317442512, 0.009197980931015143, 0.004374649467190129, 0.00717891194615816, 0.002243409983174425, 0.0005608524957936063, 0.00089736399326977, 0.00011217049915872125, 0.0002243409983174425, 0.0, 0.0, 0.0], [0.0, 0.0, 0.0, 0.000282845424975251, 0.0001414227124876255, 0.0001414227124876255, 0.001414227124876255, 0.00042426813746287653, 0.0021213406873143827, 0.004666949512091642, 0.007778249186819403, 0.009333899024183284, 0.014566539386225428, 0.061660302644604724, 0.11412812897751379, 0.13887710366284825, 0.17338424550982887, 0.11101682930278603, 0.16659595531042284, 0.059114693819827466, 0.03705275067175789, 0.0410125866214114, 0.018809220760854194, 0.00791967189930703, 0.014566539386225428, 0.004949794937066893, 0.005091217649554518, 0.002262763399802008, 0.0018384952623391316, 0.000565690849950502, 0.000282845424975251, 0.0, 0.0], [0.0, 0.0, 0.00017250301880282904, 0.0003450060376056581, 0.0010350181128169743, 0.0013800241504226323, 0.0022425392444367777, 0.0046575815076763845, 0.007590132827324478, 0.018285319993099878, 0.030360531309297913, 0.04174573055028463, 0.06796618940831464, 0.09108159392789374, 0.1169570467483181, 0.13196480938416422, 0.14559254786958772, 0.08970156977747111, 0.12385716750043126, 0.04502328790753838, 0.02742797998964982, 0.02190788338795929, 0.010350181128169742, 0.0046575815076763845, 0.005520096601690529, 0.0012075211316198034, 0.0022425392444367777, 0.003967569432465068, 0.0025875452820424355, 0.00017250301880282904, 0.0, 0.0, 0.0], [0.000117813383600377, 0.0, 0.0, 0.0, 0.000117813383600377, 0.001060320452403393, 0.000706880301602262, 0.00235626767200754, 0.002827521206409048, 0.005772855796418473, 0.013901979264844487, 0.02191328934967012, 0.035108388312912346, 0.04229500471253535, 0.05855325164938737, 0.11651743638077286, 0.20923656927426956, 0.14985862393967955, 0.16069745523091422, 0.07198397737983035, 0.044769085768143264, 0.033105560791705936, 0.013312912346842601, 0.005537229029217719, 0.005537229029217719, 0.002002827521206409, 0.002238454288407163, 0.000353440150801131, 0.000117813383600377, 0.0, 0.0, 0.0, 0.0], [0.0, 0.0, 0.0, 0.00014900908955446283, 0.00014900908955446283, 0.0004470272686633885, 0.0005960363582178513, 0.001639099985099091, 0.002682163611980331, 0.005662345403069587, 0.023692445239159587, 0.032931008791536286, 0.06794814483683505, 0.09655789003129191, 0.1330651169721353, 0.14573088958426464, 0.15586350767396812, 0.1034123081507972, 0.11086276262852034, 0.04261659961257637, 0.02592758158247653, 0.02056325435851587, 0.009834599910594547, 0.004470272686633884, 0.007599463567277604, 0.002533154522425868, 0.002682163611980331, 0.0011920727164357026, 0.0011920727164357026, 0.0, 0.0, 0.0, 0.0], [0.0, 0.0, 0.0, 0.00015491866769945777, 0.0, 0.00046475600309837337, 0.0009295120061967467, 0.0009295120061967467, 0.0023237800154918666, 0.0018590240123934935, 0.005267234701781564, 0.010999225406661503, 0.03996901626646011, 0.06413632842757552, 0.09217660728117738, 0.11773818745158791, 0.15569326103795508, 0.10983733539891558, 0.17970565453137102, 0.07017815646785437, 0.04167312161115414, 0.04616576297443842, 0.02029434546862897, 0.011154144074360961, 0.015801704105344695, 0.0063516653756777695, 0.0027885360185902403, 0.000774593338497289, 0.0023237800154918666, 0.00030983733539891554, 0.0, 0.0, 0.0], [0.0, 0.0, 0.00011630611770179111, 0.0, 0.00023261223540358222, 0.0003489183531053733, 0.0003489183531053733, 0.0012793672947197022, 0.00104675505931612, 0.0034891835310537334, 0.006745754826703885, 0.016166550360548964, 0.026866713189113746, 0.044545243079785996, 0.05536171202605257, 0.15829262619213771, 0.18167015585019772, 0.1099092812281926, 0.18155384973249594, 0.06443358920679228, 0.04419632472668062, 0.04000930448941614, 0.023610141893463596, 0.012095836240986277, 0.016282856478250757, 0.0045359385903698535, 0.002907652942544778, 0.00209351011863224, 0.00104675505931612, 0.0008141428239125378, 0.0, 0.0, 0.0], [0.0, 0.0, 0.0, 0.0, 9.482268158543523e-05, 9.482268158543523e-05, 9.482268158543523e-05, 0.0008534041342689172, 0.0018016309501232696, 0.004835956760857197, 0.009102977432201783, 0.0166887919590366, 0.028351981794045137, 0.036127441684050826, 0.05471268727479613, 0.05860041721979897, 0.0715911245970036, 0.07690119476578798, 0.328750237056704, 0.11454579935520577, 0.065143182249194, 0.07225488336810165, 0.018205954864403566, 0.009008154750616348, 0.019628295088185095, 0.004930779442442633, 0.0029395031291484922, 0.0024653897212213163, 0.0018016309501232696, 0.00047411340792717616, 0.0, 0.0, 0.0], [0.0, 0.0, 0.0, 0.0, 0.0, 0.00010073536818777072, 0.0006044122091266244, 0.0030220610456331218, 0.005338974513951849, 0.009771330714213761, 0.01813236627379873, 0.033645612974715425, 0.05056915483026091, 0.0770625566636446, 0.11453611362949531, 0.13639568852624157, 0.17366777475571674, 0.10919713911554346, 0.1551324670091669, 0.047748564521003324, 0.024478694469628286, 0.025586783519693766, 0.00695074040495618, 0.003324267150196434, 0.0024176488365064974, 0.0008058829455021658, 0.0006044122091266244, 0.0006044122091266244, 0.0003022061045633122, 0.0, 0.0, 0.0, 0.0], [0.0, 0.002976190476190476, 0.0, 0.002976190476190476, 0.005952380952380952, 0.020833333333333332, 0.020833333333333332, 0.03869047619047619, 0.08333333333333333, 0.05952380952380952, 0.050595238095238096, 0.07738095238095238, 0.08035714285714286, 0.11904761904761904, 0.125, 0.10714285714285714, 0.07738095238095238, 0.047619047619047616, 0.03869047619047619, 0.01488095238095238, 0.011904761904761904, 0.008928571428571428, 0.0, 0.005952380952380952, 0.0, 0.0, 0.0, 0.0, 0.0, 0.0, 0.0, 0.0, 0.0]]}, "ranks": {"labels": ["Unranked", "Combatatent I", "Combatatent II", "Challenger I", "Challenger II", "Rival I", "Rival II", "Duelist", "Elite"], "data": [[0.13073713490959665, 0.1835883171070932, 0.25034770514603616, 0.23087621696801114, 0.10987482614742698, 0.05702364394993046, 0.019471488178025034, 0.01808066759388039, 0.0], [0.06237373737373737, 0.09318181818181819, 0.17676767676767677, 0.26616161616161615, 0.227020202020202, 0.12398989898989898, 0.031313131313131314, 0.013636363636363636, 0.005555555555555556], [0.007634498389597996, 0.012286770845759274, 0.03113443874507933, 0.0635810569008708, 0.24979124418465942, 0.41619945127042823, 0.09209113682452583, 0.0944769175712752, 0.03280448526780389], [0.015357766143106457, 0.02454915648632926, 0.054682955206515414, 0.09307737056428156, 0.1140197789412449, 0.3503199534613147, 0.16044211751018034, 0.14345549738219895, 0.04409540430482839], [0.1794871794871795, 0.1641025641025641, 0.2205128205128205, 0.19487179487179487, 0.1076923076923077, 0.09230769230769231, 0.035897435897435895, 0.005128205128205128, 0.0], [0.0073568610726090205, 0.01865870561893592, 0.08956178697089241, 0.2715641326367417, 0.28798379358140525, 0.1814692397910225, 0.057362192131357286, 0.06301311440452073, 0.023030173792515193], [0.08225283630470016, 0.11892220421393841, 0.20684764991896273, 0.24169367909238249, 0.1869935170178282, 0.09055915721231766, 0.028160453808752026, 0.029173419773095625, 0.01539708265802269], [0.2668463611859838, 0.24528301886792453, 0.21024258760107817, 0.14016172506738545, 0.0646900269541779, 0.04043126684636118, 0.026954177897574125, 0.005390835579514825, 0.0], [0.032930961457009744, 0.06003811944091487, 0.08735705209656926, 0.12441761965268953, 0.33587462939432444, 0.18202033036848794, 0.07105040237187632, 0.07719186785260483, 0.029119017365523085], [0.015667841754798278, 0.028985507246376812, 0.05992949471210341, 0.14022718370544457, 0.19232275754014885, 0.2119075597336467, 0.10849980415197806, 0.15707011359185272, 0.0853897375636506], [0.03052893148739794, 0.05147319843805467, 0.11714589989350373, 0.22648207312744054, 0.24955626553070642, 0.18068867589634363, 0.06265530706425275, 0.05839545615903444, 0.023074192403265886], [0.08096935138987883, 0.13342836778332146, 0.21710620099786174, 0.25987170349251604, 0.16336421952957947, 0.07640769779044904, 0.031076265146115466, 0.02751247327156094, 0.010263720598717035], [0.013998472893866123, 0.03308729956731993, 0.06146602188852125, 0.09315347416645457, 0.37897683889030287, 0.2570628658691779, 0.07177398829218631, 0.06846525833545432, 0.02201578009671672], [0.017663464518128294, 0.03512033880797438, 0.08873050304720587, 0.2885032537960954, 0.28044623489308956, 0.1669249044520194, 0.05453982026650139, 0.05030472058671625, 0.017766759632269393], [0.014774774774774775, 0.03963963963963964, 0.109009009009009, 0.21423423423423424, 0.27585585585585587, 0.19135135135135134, 0.0754954954954955, 0.0590990990990991, 0.02054054054054054], [0.041459781529294935, 0.07795431976166832, 0.1586395233366435, 0.24329692154915591, 0.22591857000993049, 0.12711022840119166, 0.05014895729890765, 0.05188679245283019, 0.02358490566037736], [0.04627915586819696, 0.08459829692706405, 0.1767863754165124, 0.25231395779340987, 0.21529063309885227, 0.13735653461680858, 0.03887449092928545, 0.03776379118844872, 0.010736764161421697], [0.012548625925461162, 0.026854059480486886, 0.06136278077550508, 0.302421884803614, 0.28673610239678754, 0.20240933617768855, 0.04567699836867863, 0.04555151210942402, 0.01643869996235412], [0.18012422360248448, 0.14285714285714285, 0.13664596273291926, 0.16770186335403728, 0.17391304347826086, 0.055900621118012424, 0.07453416149068323, 0.043478260869565216, 0.024844720496894408], [0.008562215056154787, 0.017458022906705215, 0.0514844879350606, 0.2110530412543089, 0.376403869676415, 0.19337262315133993, 0.06404981652396308, 0.05804514622484154, 0.01957077727121094], [0.005054759898904802, 0.011192682633289205, 0.02756047659164761, 0.13118305451919604, 0.33999277891443014, 0.2634492718738717, 0.09916957515946564, 0.08893970393549164, 0.03345769647370321], [0.012527125665811796, 0.023278753205760505, 0.042118761096863286, 0.1748865653975143, 0.30755573091339516, 0.23702899980272243, 0.08946537778654567, 0.08995857171039653, 0.023180114420990335], [0.02302158273381295, 0.03884892086330935, 0.12949640287769784, 0.29640287769784174, 0.29784172661870506, 0.14964028776978416, 0.04316546762589928, 0.02158273381294964, 0.0], [0.0077269800386349004, 0.01959341366939564, 0.0490295281022905, 0.08913623401710974, 0.2548983534173489, 0.34109097599116917, 0.09934688621102014, 0.10642995124643546, 0.03274767730659553], [0.00846613545816733, 0.028685258964143426, 0.07729083665338646, 0.1409362549800797, 0.30418326693227093, 0.28177290836653385, 0.08605577689243028, 0.06284860557768925, 0.009760956175298804], [0.010287183883411917, 0.02239605657951136, 0.1336262323189027, 0.252571795970853, 0.2742177453921989, 0.17423917702528932, 0.06665237891127304, 0.05486498071153022, 0.011144449207029576], [0.016244624940277116, 0.042044911610129, 0.10941232680363115, 0.22921643573817488, 0.25119445771619686, 0.1976827520305781, 0.06557572861920688, 0.061156235069278544, 0.027472527472527472], [0.03055939226519337, 0.10203729281767956, 0.18370165745856354, 0.24447513812154695, 0.22392955801104972, 0.13087016574585636, 0.037465469613259667, 0.033667127071823205, 0.013294198895027625], [0.043330912611958365, 0.0692326313241346, 0.13604454127329943, 0.2551440329218107, 0.24521907528443476, 0.1374969740982813, 0.048656499636891795, 0.04454127329944323, 0.020334059549745823], [0.020639371845204712, 0.058777341559169936, 0.2041503084688727, 0.29792484576556366, 0.21873247335950646, 0.11430173864273696, 0.03634324172742569, 0.03791362871564778, 0.011217049915872126], [0.009192476311695659, 0.017112148211002688, 0.07622684203083015, 0.25300523264036207, 0.2844010748126149, 0.19841606562013858, 0.06434733418186961, 0.06774147928157262, 0.029557346909913733], [0.03570812489218561, 0.07210626185958255, 0.1590477833362084, 0.24892185613248233, 0.23529411764705882, 0.1502501293772641, 0.04605830602035536, 0.03691564602380542, 0.015697774711057443], [0.012959472196041471, 0.03581526861451461, 0.07740339302544769, 0.17507068803016024, 0.3590951932139491, 0.20016493873704053, 0.07728557964184732, 0.05195570216776626, 0.010249764373232799], [0.011324690806139175, 0.05662345403069587, 0.16450603486812695, 0.27879600655639997, 0.25927581582476533, 0.13440619877812546, 0.04500074504544777, 0.0348681269557443, 0.015198927134555208], [0.006661502711076685, 0.016266460108443067, 0.10410534469403564, 0.2099147947327653, 0.26553059643687066, 0.21766072811773818, 0.07389620449264137, 0.07761425251742834, 0.028350116189000775], [0.006862060944405676, 0.02291230518725285, 0.07141195626889975, 0.21365433821819027, 0.29157943707839035, 0.21632937892533147, 0.07385438474063735, 0.07571528262386601, 0.027680856013026285], [0.007775459890005689, 0.025791769391238385, 0.06447942347809596, 0.11331310449459511, 0.14849231936279159, 0.3919969656741893, 0.11644225298691448, 0.09946899298312156, 0.03223971173904798], [0.018837513851113125, 0.051777979248514155, 0.1276317114939055, 0.2509318021557369, 0.2828649138712602, 0.18263322252442832, 0.0447265034753702, 0.035861791074846376, 0.004734562304825224], [0.23511904761904762, 0.12797619047619047, 0.19940476190476192, 0.23214285714285715, 0.125, 0.041666666666666664, 0.023809523809523808, 0.01488095238095238, 0.0]]}, "ranksDetailed": {"labels": ["Unranked", "Combatatant", "Challenger", "Rival", "Duelist", "Elite"], "data": [[0.13073713490959665, 0.4339360222531293, 0.34075104311543813, 0.07649513212795549, 0.01808066759388039, 0.0], [0.06237373737373737, 0.26994949494949494, 0.49318181818181817, 0.1553030303030303, 0.013636363636363636, 0.005555555555555556], [0.007634498389597996, 0.0434212095908386, 0.3133723010855302, 0.5082905880949541, 0.0944769175712752, 0.03280448526780389], [0.015357766143106457, 0.07923211169284468, 0.20709714950552646, 0.5107620709714951, 0.14345549738219895, 0.04409540430482839], [0.1794871794871795, 0.38461538461538464, 0.30256410256410254, 0.1282051282051282, 0.005128205128205128, 0.0], [0.0073568610726090205, 0.10822049258982834, 0.559547926218147, 0.2388314319223798, 0.06301311440452073, 0.023030173792515193], [0.08225283630470016, 0.32576985413290116, 0.4286871961102107, 0.11871961102106969, 0.029173419773095625, 0.01539708265802269], [0.2668463611859838, 0.4555256064690027, 0.20485175202156333, 0.0673854447439353, 0.005390835579514825, 0.0], [0.032930961457009744, 0.1473951715374841, 0.460292249047014, 0.25307073274036423, 0.07719186785260483, 0.029119017365523085], [0.015667841754798278, 0.08891500195848022, 0.3325499412455934, 0.32040736388562474, 0.15707011359185272, 0.0853897375636506], [0.03052893148739794, 0.1686190983315584, 0.476038338658147, 0.24334398296059637, 0.05839545615903444, 0.023074192403265886], [0.08096935138987883, 0.35053456878118316, 0.4232359230220955, 0.10748396293656451, 0.02751247327156094, 0.010263720598717035], [0.013998472893866123, 0.09455332145584118, 0.47213031305675746, 0.3288368541613642, 0.06846525833545432, 0.02201578009671672], [0.017663464518128294, 0.12385084185518025, 0.568949488689185, 0.2214647247185208, 0.05030472058671625, 0.017766759632269393], [0.014774774774774775, 0.14864864864864866, 0.4900900900900901, 0.26684684684684684, 0.0590990990990991, 0.02054054054054054], [0.041459781529294935, 0.23659384309831183, 0.4692154915590864, 0.1772591857000993, 0.05188679245283019, 0.02358490566037736], [0.04627915586819696, 0.26138467234357643, 0.46760459089226214, 0.17623102554609404, 0.03776379118844872, 0.010736764161421697], [0.012548625925461162, 0.08821684025599197, 0.5891579872004016, 0.24808633454636717, 0.04555151210942402, 0.01643869996235412], [0.18012422360248448, 0.2795031055900621, 0.3416149068322981, 0.13043478260869565, 0.043478260869565216, 0.024844720496894408], [0.008562215056154787, 0.06894251084176582, 0.5874569109307239, 0.25742243967530304, 0.05804514622484154, 0.01957077727121094], [0.005054759898904802, 0.038753159224936815, 0.4711758334336262, 0.36261884703333735, 0.08893970393549164, 0.03345769647370321], [0.012527125665811796, 0.06539751430262379, 0.48244229631090946, 0.3264943775892681, 0.08995857171039653, 0.023180114420990335], [0.02302158273381295, 0.1683453237410072, 0.5942446043165468, 0.19280575539568345, 0.02158273381294964, 0.0], [0.0077269800386349004, 0.06862294177168614, 0.34403458743445864, 0.44043786220218933, 0.10642995124643546, 0.03274767730659553], [0.00846613545816733, 0.10597609561752988, 0.4451195219123506, 0.3678286852589641, 0.06284860557768925, 0.009760956175298804], [0.010287183883411917, 0.15602228889841405, 0.5267895413630519, 0.24089155593656236, 0.05486498071153022, 0.011144449207029576], [0.016244624940277116, 0.15145723841376016, 0.4804108934543717, 0.263258480649785, 0.061156235069278544, 0.027472527472527472], [0.03055939226519337, 0.2857389502762431, 0.46840469613259667, 0.16833563535911603, 0.033667127071823205, 0.013294198895027625], [0.043330912611958365, 0.20527717259743403, 0.5003631082062454, 0.18615347373517308, 0.04454127329944323, 0.020334059549745823], [0.020639371845204712, 0.26292765002804264, 0.5166573191250701, 0.15064498037016263, 0.03791362871564778, 0.011217049915872126], [0.009192476311695659, 0.09333899024183284, 0.5374063074529769, 0.2627633998020082, 0.06774147928157262, 0.029557346909913733], [0.03570812489218561, 0.2311540451957909, 0.4842159737795411, 0.19630843539761947, 0.03691564602380542, 0.015697774711057443], [0.012959472196041471, 0.1132186616399623, 0.5341658812441094, 0.27745051837888784, 0.05195570216776626, 0.010249764373232799], [0.011324690806139175, 0.22112948889882283, 0.5380718223811652, 0.17940694382357325, 0.0348681269557443, 0.015198927134555208], [0.006661502711076685, 0.1203718048024787, 0.47544539116963597, 0.29155693261037957, 0.07761425251742834, 0.028350116189000775], [0.006862060944405676, 0.0943242614561526, 0.5052337752965806, 0.2901837636659688, 0.07571528262386601, 0.027680856013026285], [0.007775459890005689, 0.09027119286933434, 0.2618054238573867, 0.5084392186611038, 0.09946899298312156, 0.03223971173904798], [0.018837513851113125, 0.17940969074241966, 0.5337967160269971, 0.22735972599979853, 0.035861791074846376, 0.004734562304825224], [0.23511904761904762, 0.3273809523809524, 0.35714285714285715, 0.06547619047619048, 0.01488095238095238, 0.0]]}}}, "eu": {"histType": {"histogram": {"labels": ["0", "100", "200", "300", "400", "500", "600", "700", "800", "900", "1000", "1100", "1200", "1300", "1400", "1500", "1600", "1700", "1800", "1900", "2000", "2100", "2200", "2300", "2400", "2500", "2600", "2700", "2800", "2900", "3000", "3100", "3200"], "data": [[0.0, 0.0, 0.0018587360594795538, 0.0, 0.0018587360594795538, 0.007434944237918215, 0.013011152416356878, 0.026022304832713755, 0.05018587360594796, 0.07806691449814127, 0.07806691449814127, 0.10780669144981413, 0.10223048327137546, 0.11895910780669144, 0.1412639405204461, 0.09293680297397769, 0.06505576208178439, 0.03345724907063197, 0.03531598513011153, 0.016728624535315983, 0.013011152416356878, 0.0055762081784386614, 0.0037174721189591076, 0.007434944237918215, 0.0, 0.0, 0.0, 0.0, 0.0, 0.0, 0.0, 0.0, 0.0], [0.0, 0.00027862914460852607, 0.0008358874338255781, 0.0011145165784341043, 0.0016717748676511562, 0.003900808024519365, 0.006965728615213151, 0.010866536639732517, 0.019504040122596825, 0.034271384786848706, 0.04513792142658122, 0.06213429924770131, 0.08163833937029813, 0.10420730008358875, 0.13513513513513514, 0.13039843967679018, 0.14182223460573976, 0.06854276957369741, 0.09501253831150738, 0.024240735580941766, 0.012259682362775146, 0.00919476177208136, 0.004179437169127891, 0.0027862914460852605, 0.0022290331568682086, 0.0011145165784341043, 0.0005572582892170521, 0.0, 0.0, 0.0, 0.0, 0.0, 0.0], [0.0, 0.0, 0.0, 0.00012043839576056847, 0.00012043839576056847, 0.00012043839576056847, 0.0, 0.0007226303745634108, 0.0019270143321690955, 0.0026496447067325063, 0.005901481392267855, 0.009514633265084909, 0.012043839576056847, 0.015175237865831626, 0.02505118631819824, 0.035047573166325424, 0.18041671684933155, 0.1539202697820065, 0.3259062989280983, 0.0798506563892569, 0.05202938696856558, 0.05214982536432615, 0.01818619775984584, 0.007828495724436951, 0.01180296278453571, 0.005178851017704444, 0.001806575936408527, 0.0021678911236902325, 0.00012043839576056847, 0.00024087679152113694, 0.0, 0.0, 0.0], [0.0, 0.0, 0.0, 0.00011190689346463742, 0.00011190689346463742, 0.00022381378692927484, 0.000783348254252462, 0.002126230975828111, 0.0024619516562220233, 0.005707251566696508, 0.011302596239928379, 0.01689794091316025, 0.020702775290957924, 0.026186213070725158, 0.042860340196956136, 0.053491495076096685, 0.07520143240823635, 0.051141450313339304, 0.2759623992837959, 0.14782900626678602, 0.09254700089525515, 0.08840644583706356, 0.03088630259623993, 0.01342882721575649, 0.024059982094897046, 0.007945389435989257, 0.004364368845120859, 0.001566696508504924, 0.00346911369740376, 0.00022381378692927484, 0.0, 0.0, 0.0], [0.0, 0.0, 0.0, 0.0, 0.0, 0.021739130434782608, 0.02717391304347826, 0.04891304347826087, 0.06521739130434782, 0.04891304347826087, 0.07608695652173914, 0.08152173913043478, 0.06521739130434782, 0.11956521739130435, 0.09239130434782608, 0.14673913043478262, 0.03260869565217391, 0.06521739130434782, 0.03260869565217391, 0.04891304347826087, 0.005434782608695652, 0.005434782608695652, 0.0, 0.005434782608695652, 0.010869565217391304, 0.0, 0.0, 0.0, 0.0, 0.0, 0.0, 0.0, 0.0], [0.0, 0.0, 0.00010629251700680272, 0.00021258503401360543, 0.00031887755102040814, 0.00010629251700680272, 0.00021258503401360543, 0.00116921768707483, 0.001913265306122449, 0.003932823129251701, 0.007865646258503401, 0.012011054421768707, 0.018494897959183673, 0.09066751700680271, 0.1290391156462585, 0.13754251700680273, 0.16347789115646258, 0.11118197278911565, 0.14987244897959184, 0.05601615646258504, 0.036139455782312924, 0.0391156462585034, 0