{"region": {"us": {"histType": {"histogram": {"labels": ["0", "100", "200", "300", "400", "500", "600", "700", "800", "900", "1000", "1100", "1200", "1300", "1400", "1500", "1600", "1700", "1800", "1900", "2000", "2100", "2200", "2300", "2400", "2500", "2600", "2700", "2800", "2900", "3000", "3100", "3200"], "data": [[0.0, 0.0, 0.003215434083601286, 0.003215434083601286, 0.006430868167202572, 0.006430868167202572, 0.022508038585209004, 0.012861736334405145, 0.03215434083601286, 0.028938906752411574, 0.0707395498392283, 0.07395498392282958, 0.08360128617363344, 0.1189710610932476, 0.10610932475884244, 0.11254019292604502, 0.09967845659163987, 0.05466237942122187, 0.05466237942122187, 0.04823151125401929, 0.028938906752411574, 0.00964630225080386, 0.00964630225080386, 0.0, 0.012861736334405145, 0.0, 0.0, 0.0, 0.0, 0.0, 0.0, 0.0, 0.0], [0.0, 0.0008244023083264633, 0.0, 0.00041220115416323167, 0.0008244023083264633, 0.0016488046166529267, 0.00494641384995878, 0.010717230008244023, 0.011129431162407255, 0.01978565539983512, 0.03462489694971146, 0.04245671887881286, 0.06389117889530091, 0.07460840890354493, 0.10098928276999175, 0.12118713932399011, 0.1471558120362737, 0.08944765045342128, 0.15169002473206925, 0.055647155812036275, 0.024319868095630668, 0.016488046166529265, 0.00989282769991756, 0.00494641384995878, 0.00494641384995878, 0.0016488046166529267, 0.0032976092333058533, 0.002061005770816158, 0.00041220115416323167, 0.0, 0.0, 0.0, 0.0], [0.00014308198597796538, 0.0, 0.0, 0.00028616397195593076, 0.00028616397195593076, 0.00028616397195593076, 0.00028616397195593076, 0.0007154099298898269, 0.003433967663471169, 0.004435541565316926, 0.007297181284876234, 0.011017312920303333, 0.016883674345399915, 0.026756331377879524, 0.0367720703963371, 0.058091286307053944, 0.08985548719416225, 0.1078838174273859, 0.2884532837315782, 0.08899699527829447, 0.06367148376019459, 0.09414794677350122, 0.027757905279725284, 0.014880526541708398, 0.03391043067677779, 0.010444984976391472, 0.005007869509228788, 0.004149377593360996, 0.0014308198597796538, 0.0025754757476033766, 0.00014308198597796538, 0.0, 0.0], [0.0, 0.0, 0.0, 0.0, 0.00013433637829124128, 0.00013433637829124128, 0.0009403546480386889, 0.0024180548092423426, 0.00631380977968834, 0.009940891993551854, 0.015448683503492745, 0.01800107469102633, 0.03344975819451908, 0.042987641053197204, 0.06085437936593229, 0.07898979043524987, 0.15045674368619022, 0.12117141321869962, 0.21144545943041376, 0.088527673293928, 0.05521225147770016, 0.059779688339602365, 0.017866738312735088, 0.007791509940891994, 0.012224610424502956, 0.002552391187533584, 0.0012090274046211713, 0.0016120365394948952, 0.00026867275658248256, 0.0, 0.00026867275658248256, 0.0, 0.0], [0.0, 0.0, 0.0, 0.0, 0.008771929824561403, 0.0, 0.008771929824561403, 0.03508771929824561, 0.03508771929824561, 0.05263157894736842, 0.043859649122807015, 0.07894736842105263, 0.07017543859649122, 0.10526315789473684, 0.07894736842105263, 0.10526315789473684, 0.06140350877192982, 0.03508771929824561, 0.08771929824561403, 0.08771929824561403, 0.02631578947368421, 0.043859649122807015, 0.017543859649122806, 0.017543859649122806, 0.0, 0.0, 0.0, 0.0, 0.0, 0.0, 0.0, 0.0, 0.0], [0.0, 0.0, 0.0, 0.0, 0.0, 0.0, 0.0, 0.0017487220877051386, 0.0018832391713747645, 0.006725854183481302, 0.010088781275221953, 0.01641108420769438, 0.030131826741996232, 0.05138552596179715, 0.07183212267958031, 0.09940812483185364, 0.16142050040355124, 0.11460855528652139, 0.17836965294592413, 0.07573311810599946, 0.044256120527306965, 0.06322302932472423, 0.020984665052461663, 0.010626849609900457, 0.021522733387140166, 0.00847457627118644, 0.003362927091740651, 0.003362927091740651, 0.0021522733387140166, 0.0008071025020177562, 0.0014796879203658865, 0.0, 0.0], [0.0, 0.0, 0.0002642706131078224, 0.001321353065539112, 0.0015856236786469344, 0.003171247357293869, 0.005813953488372093, 0.008985200845665961, 0.01744186046511628, 0.024577167019027485, 0.0388477801268499, 0.04704016913319239, 0.07003171247357294, 0.08350951374207188, 0.10914376321353066, 0.12341437632135306, 0.12526427061310783, 0.08192389006342495, 0.11046511627906977, 0.0388477801268499, 0.028012684989429177, 0.029069767441860465, 0.011099365750528542, 0.007135306553911205, 0.012684989429175475, 0.006342494714587738, 0.006871035940803382, 0.0023784355179704017, 0.0018498942917547568, 0.0007928118393234672, 0.0021141649048625794, 0.0, 0.0], [0.0033333333333333335, 0.0, 0.0033333333333333335, 0.01, 0.016666666666666666, 0.013333333333333334, 0.016666666666666666, 0.05, 0.05, 0.1, 0.08666666666666667, 0.10333333333333333, 0.09, 0.10333333333333333, 0.07666666666666666, 0.06666666666666667, 0.06666666666666667, 0.03333333333333333, 0.02666666666666667, 0.03666666666666667, 0.006666666666666667, 0.013333333333333334, 0.02, 0.006666666666666667, 0.0, 0.0, 0.0, 0.0, 0.0, 0.0, 0.0, 0.0, 0.0], [0.0003410253495509833, 0.00022735023303398886, 0.0005683755825849721, 0.0005683755825849721, 0.0005683755825849721, 0.0014777765147209276, 0.0017051267477549165, 0.00511538024326475, 0.009435034670910537, 0.020347845856542004, 0.032738433556894396, 0.044219620325110835, 0.055587131976810276, 0.06263498920086392, 0.0796862566784131, 0.08093668296010004, 0.1409571444810731, 0.10435375696260088, 0.12367852677048995, 0.06547686711378879, 0.04603842218938274, 0.047288848471069685, 0.020802546322609982, 0.013186313515971354, 0.022166647720813913, 0.009435034670910537, 0.006024781175400705, 0.0018188018642719109, 0.002387177446856883, 0.00022735023303398886, 0.0, 0.0, 0.0], [0.0, 0.0, 0.0, 0.0, 0.00036927621861152144, 0.00036927621861152144, 0.00036927621861152144, 0.00036927621861152144, 0.0007385524372230429, 0.005539143279172821, 0.007016248153618907, 0.005908419497784343, 0.012186115214180207, 0.021048744460856722, 0.04025110782865583, 0.06351550960118169, 0.07791728212703102, 0.08124076809453472, 0.18759231905465287, 0.08087149187592318, 0.08530280649926145, 0.12149187592319055, 0.050221565731166914, 0.025480059084194977, 0.06868537666174299, 0.022895125553914326, 0.013663220088626292, 0.014771048744460856, 0.0066469719350073855, 0.004062038404726735, 0.0014771048744460858, 0.0, 0.0], [0.0, 0.0, 0.0003245699448231094, 0.0, 0.0016228497241155468, 0.0016228497241155468, 0.0035702693930542034, 0.0038948393378773127, 0.012009087958455048, 0.018175916910094125, 0.03050957481337228, 0.0344044141512496, 0.059720869847452125, 0.0723790976955534, 0.09217786432976306, 0.11197663096397274, 0.14053878610840637, 0.09120415449529373, 0.15092502434274585, 0.054527750730282376, 0.03635183382018825, 0.040246673158065564, 0.012658227848101266, 0.008438818565400843, 0.011359948068808828, 0.004219409282700422, 0.0019474196689386564, 0.0016228497241155468, 0.0019474196689386564, 0.0016228497241155468, 0.0, 0.0, 0.0], [0.00018439977872026554, 0.0, 0.0005531993361607966, 0.0005531993361607966, 0.0007375991148810622, 0.0018439977872026553, 0.004609994468006639, 0.008113590263691683, 0.01364558362529965, 0.0219435736677116, 0.047575142909828505, 0.06417112299465241, 0.08998709201548959, 0.09754748294302047, 0.13479623824451412, 0.13166144200626959, 0.12926424488290614, 0.07449751060298727, 0.08058270330075604, 0.03761755485893417, 0.01936197676562788, 0.018439977872026555, 0.008113590263691683, 0.0053475935828877, 0.004056795131845842, 0.0014751982297621243, 0.0018439977872026553, 0.0009219988936013276, 0.0005531993361607966, 0.0, 0.0, 0.0, 0.0], [0.0, 0.0, 0.0, 0.0, 0.0001749475157452764, 0.0006997900629811056, 0.0027991602519244225, 0.002974107767669699, 0.007172848145556333, 0.009097270818754374, 0.021693491952414275, 0.03324002799160252, 0.045136459062281316, 0.06787963610916725, 0.1068929321203639, 0.1135409377186844, 0.1462561231630511, 0.10444366689993002, 0.1593771868439468, 0.06035689293212036, 0.03726382085374388, 0.0363890832750175, 0.01364590622813156, 0.008572428271518544, 0.012946116165150455, 0.005073477956613016, 0.0015745276417074878, 0.0010496850944716584, 0.0017494751574527643, 0.0, 0.0, 0.0, 0.0], [0.0002454891371056831, 0.0, 0.0, 0.00012274456855284154, 0.00012274456855284154, 0.0003682337056585246, 0.00159567939118694, 0.0023321468025039893, 0.005155271879219344, 0.013256413403706886, 0.021971277770958635, 0.025039891984779673, 0.034613968331901314, 0.046029213207315574, 0.06615932244998159, 0.08702589910396465, 0.13195041119430465, 0.11623910641954094, 0.18080274947833558, 0.08592119798698908, 0.055480544985884374, 0.05989934945378667, 0.02086657665398306, 0.01043328832699153, 0.017797962440162022, 0.005400761016325028, 0.004050570762243771, 0.002700380508162514, 0.00159567939118694, 0.002454891371056831, 0.0003682337056585246, 0.0, 0.0], [0.0, 0.0, 0.0, 0.0, 0.00046871338176704945, 0.00023435669088352472, 0.00046871338176704945, 0.0007030700726505742, 0.004218420435903445, 0.004218420435903445, 0.013123974689477385, 0.018045465198031404, 0.03609093039606281, 0.05179282868525897, 0.07405671431919382, 0.10077337707991563, 0.1497539254745723, 0.11600656198734474, 0.17131474103585656, 0.0796812749003984, 0.05812045933911413, 0.05694867588469651, 0.022732599015701897, 0.010311694398875087, 0.016639325052730254, 0.007733770799156316, 0.0018748535270681978, 0.0018748535270681978, 0.0009374267635340989, 0.0018748535270681978, 0.0, 0.0, 0.0], [0.0, 0.0004116920543433512, 0.0, 0.0, 0.0012350761630300535, 0.0012350761630300535, 0.0008233841086867024, 0.004940304652120214, 0.009880609304240428, 0.01399752984767394, 0.019761218608480857, 0.03128859613009469, 0.04775627830382874, 0.057225195553725815, 0.08069164265129683, 0.10415808974886785, 0.13544668587896252, 0.10251132153149445, 0.13585837793330588, 0.06463565253190613, 0.0531082750102923, 0.04652120214079868, 0.02799505969534788, 0.01440922190201729, 0.0177027583367641, 0.009880609304240428, 0.004528612597776863, 0.006175380815150268, 0.004116920543433511, 0.002470152326060107, 0.0012350761630300535, 0.0, 0.0], [0.00022153300841825432, 0.0, 0.00044306601683650863, 0.00044306601683650863, 0.00044306601683650863, 0.0008861320336730173, 0.0015507310589277803, 0.003544528134692069, 0.007089056269384138, 0.012184315463003987, 0.022374833850243685, 0.03943287549844927, 0.06778910057598582, 0.0790872840053168, 0.10655737704918032, 0.12494461674789543, 0.13668586619406292, 0.09304386353566682, 0.12871067789100576, 0.05050952591936198, 0.03433761630482942, 0.04009747452370403, 0.01484271156402304, 0.007753655294638901, 0.013070447496677004, 0.005316792202038104, 0.003544528134692069, 0.001993797075764289, 0.0015507310589277803, 0.0015507310589277803, 0.0, 0.0, 0.0], [0.0, 0.0, 0.00016954899966090201, 0.00033909799932180403, 0.000508646998982706, 0.00033909799932180403, 0.001186842997626314, 0.002882332994235334, 0.004069175991861648, 0.010003390979993218, 0.019159036961681926, 0.023906408952187184, 0.04323499491353001, 0.057307561885384876, 0.09952526280094948, 0.12241437775517125, 0.14682943370634113, 0.09918616480162767, 0.18396066463207866, 0.060868090878263816, 0.035266191929467616, 0.04069175991861648, 0.015428958969142082, 0.007968802984062395, 0.012207527975584944, 0.00423872499152255, 0.00339097999321804, 0.00169548999660902, 0.000508646998982706, 0.0027127839945744322, 0.0, 0.0, 0.0], [0.0, 0.0, 0.0, 0.009009009009009009, 0.009009009009009009, 0.009009009009009009, 0.0, 0.009009009009009009, 0.009009009009009009, 0.05405405405405406, 0.02702702702702703, 0.04504504504504504, 0.04504504504504504, 0.06306306306306306, 0.05405405405405406, 0.11711711711711711, 0.12612612612612611, 0.08108108108108109, 0.07207207207207207, 0.02702702702702703, 0.08108108108108109, 0.036036036036036036, 0.036036036036036036, 0.0, 0.018018018018018018, 0.02702702702702703, 0.009009009009009009, 0.036036036036036036, 0.0, 0.0, 0.0, 0.0, 0.0], [0.0002586987453110852, 0.0001293493726555426, 0.0, 0.0001293493726555426, 0.0001293493726555426, 0.0001293493726555426, 0.00038804811796662784, 0.001422843099210969, 0.0032337343163885653, 0.006596818005432673, 0.010994696675721123, 0.01526322597335403, 0.030009054456085888, 0.04449618419350666, 0.07256499805975941, 0.10322079937912301, 0.16362695640926142, 0.14241365929375244, 0.1559953434225844, 0.08278359849954728, 0.0543267365153279, 0.0552321821239167, 0.021860043978786704, 0.010089251067132324, 0.013193636010865347, 0.005303324278877248, 0.002328288707799767, 0.0011641443538998836, 0.002716336825766395, 0.0, 0.0, 0.0, 0.0], [0.0, 0.0, 0.0, 0.00015926102882624622, 0.0, 0.00015926102882624622, 0.001433349259436216, 0.0007963051441312311, 0.0019111323459149545, 0.0031852205765249245, 0.007007485268354834, 0.01098901098901099, 0.017837235228539576, 0.025481764612199396, 0.04379678292721771, 0.0675266762223284, 0.12470138557095078, 0.11896798853320592, 0.20273928969581143, 0.10065297021818762, 0.07278229017359453, 0.09635292243987896, 0.029781812390508044, 0.016563146997929608, 0.028507724159898072, 0.013537187450230928, 0.006051919095397356, 0.004300047778308648, 0.002070393374741201, 0.0009555661729574773, 0.0017518713170887085, 0.0, 0.0], [0.0003362851698240108, 0.0001120950566080036, 0.0, 0.0002241901132160072, 0.0002241901132160072, 0.0006725703396480216, 0.0008967604528640287, 0.0022419011321600717, 0.003811231924672122, 0.007061988566304226, 0.01345140679296043, 0.01748682883084856, 0.02286739154803273, 0.03530994283152113, 0.04965811007734559, 0.07443111758771438, 0.10436049770205134, 0.11220715166461159, 0.21477412846093488, 0.10805963457011546, 0.06994731532339424, 0.08227777155027463, 0.02869633449164892, 0.014908642528864476, 0.021073870642304673, 0.007286178679520233, 0.0036991368680641184, 0.0013451406792960431, 0.0025781863019840824, 0.0, 0.0, 0.0, 0.0], [0.0, 0.0, 0.0, 0.001692047377326565, 0.001692047377326565, 0.0, 0.0, 0.005076142131979695, 0.008460236886632826, 0.005076142131979695, 0.01692047377326565, 0.025380710659898477, 0.043993231810490696, 0.08460236886632826, 0.09475465313028765, 0.1353637901861252, 0.16243654822335024, 0.12521150592216582, 0.16412859560067683, 0.06091370558375635, 0.02707275803722504, 0.025380710659898477, 0.00676818950930626, 0.001692047377326565, 0.00338409475465313, 0.0, 0.0, 0.0, 0.0, 0.0, 0.0, 0.0, 0.0], [0.0, 0.0, 0.0, 0.0001936858415649816, 0.0, 0.0001936858415649816, 0.0002905287623474724, 0.0008715862870424172, 0.0021305442572147975, 0.005616889405384466, 0.008812705791206663, 0.016366453612240945, 0.026147588611272515, 0.033507650590741817, 0.05113306217315514, 0.0632384272709665, 0.09858609335657563, 0.07205113306217316, 0.2021111756730583, 0.11408096068177416, 0.07631222157660275, 0.12889792756149526, 0.03825295370908387, 0.012880108464071276, 0.027697075343792368, 0.008812705791206663, 0.005326360643036994, 0.0027116017819097424, 0.001936858415649816, 0.0018400154948673253, 0.0, 0.0, 0.0], [0.00021244954323348204, 0.00010622477161674102, 0.00010622477161674102, 0.0, 0.0006373486297004461, 0.0006373486297004461, 0.0004248990864669641, 0.0010622477161674102, 0.0013809220310176333, 0.006267261525387721, 0.011684724877841512, 0.023688124070533247, 0.04259613341831315, 0.05821117484597408, 0.08508604206500955, 0.10526874867219035, 0.15445081793074145, 0.15668153813469302, 0.18812407053324837, 0.06670915657531336, 0.037709793923943066, 0.03239855534310601, 0.01232207350754196, 0.003930316549819418, 0.005523688124070533, 0.0019120458891013384, 0.0020182706607180796, 0.0008497981729339282, 0.0, 0.0, 0.0, 0.0, 0.0], [0.0, 0.00012696800406297612, 0.0, 0.00012696800406297612, 0.0003809040121889284, 0.0007618080243778568, 0.0008887760284408329, 0.0022854240731335703, 0.003301168105637379, 0.005840528186896902, 0.011554088369730828, 0.020441848654139158, 0.02882173692229558, 0.03961401726764855, 0.06995937023869984, 0.1053834433722702, 0.16124936515997967, 0.1282376841036059, 0.175596749619096, 0.0872270187912646, 0.05104113763331641, 0.052945657694261045, 0.02463179278821737, 0.010538344337227019, 0.011681056373793804, 0.002920264093448451, 0.0022854240731335703, 0.0021584560690705943, 0.0, 0.0, 0.0, 0.0, 0.0], [0.0, 0.0, 0.0, 0.0, 0.00029437739181630853, 0.0, 0.0008831321754489255, 0.0008831321754489255, 0.0016190756549896968, 0.003385340005887548, 0.009420076538121873, 0.014424492198999116, 0.026346776567559613, 0.04445098616426259, 0.07418310273770974, 0.10612304974977922, 0.15101560200176625, 0.09861642625846335, 0.2001766264350898, 0.07506623491315867, 0.046217250515160437, 0.05990579923461878, 0.026935531351192227, 0.013099793935825728, 0.021342360906682366, 0.009272887842213718, 0.0058875478363261706, 0.0032381513099793936, 0.0030909626140712392, 0.0020606417427141595, 0.0020606417427141595, 0.0, 0.0], [0.0, 0.00036258158085569254, 0.00036258158085569254, 0.0007251631617113851, 0.0025380710659898475, 0.0025380710659898475, 0.005438723712835388, 0.008339376359680928, 0.014503263234227702, 0.02864394488759971, 0.03807106598984772, 0.05402465554749819, 0.06018854242204496, 0.0823060188542422, 0.11385061638868746, 0.1116751269035533, 0.11892675852066716, 0.0772298767222625, 0.14938361131254532, 0.04423495286439449, 0.02102973168963017, 0.032269760696156634, 0.009427121102248005, 0.005076142131979695, 0.010514865844815084, 0.0032632342277012327, 0.0018129079042784628, 0.0010877447425670776, 0.0018129079042784628, 0.00036258158085569254, 0.0, 0.0, 0.0], [0.0, 0.0, 0.0, 0.0019292604501607716, 0.002572347266881029, 0.002572347266881029, 0.0038585209003215433, 0.010932475884244373, 0.010289389067524116, 0.014790996784565916, 0.023794212218649517, 0.0360128617363344, 0.05016077170418006, 0.05659163987138264, 0.08231511254019293, 0.10932475884244373, 0.14533762057877814, 0.10418006430868167, 0.17106109324758842, 0.06109324758842444, 0.028938906752411574, 0.033440514469453377, 0.02122186495176849, 0.005787781350482315, 0.014790996784565916, 0.0045016077170418, 0.0012861736334405145, 0.002572347266881029, 0.0006430868167202572, 0.0, 0.0, 0.0, 0.0], [0.0002945941964943291, 0.0, 0.0, 0.0, 0.0005891883929886581, 0.0007364854912358227, 0.0026513477684489617, 0.004860804242156429, 0.006628369421122404, 0.01399322433348063, 0.026218883487995285, 0.03962291942848726, 0.05332154956547356, 0.07364854912358226, 0.1291795551627633, 0.1415525114155251, 0.14803358373840036, 0.09088230961850051, 0.12859036676977464, 0.04256886139343055, 0.0273972602739726, 0.03137428192664605, 0.013404035940491972, 0.006922963617616733, 0.010899985270290175, 0.0026513477684489617, 0.0013256738842244808, 0.0010310796877301518, 0.00014729709824716454, 0.0011783767859773163, 0.0002945941964943291, 0.0, 0.0], [0.0, 0.0, 0.0, 0.0004361098996947231, 0.00021805494984736154, 0.00021805494984736154, 0.002180549498473615, 0.0006541648495420846, 0.0039249890972525075, 0.00981247274313127, 0.016790231138246837, 0.022023549934583515, 0.0340165721761884, 0.04862625381596162, 0.0708678587003925, 0.10641081552551243, 0.1190580026166594, 0.09899694723070214, 0.1665939816833842, 0.0737025730484082, 0.05342346271260358, 0.0623637156563454, 0.02878325337985172, 0.015045791539467945, 0.031836022677714786, 0.01286524204099433, 0.009376362843436545, 0.004797208896641954, 0.0030527692978630614, 0.002398604448320977, 0.0015263846489315307, 0.0, 0.0], [0.0, 0.0, 0.0, 0.0, 0.00020283975659229209, 0.0, 0.0008113590263691683, 0.0010141987829614604, 0.002434077079107505, 0.008924949290060852, 0.015415821501014199, 0.027586206896551724, 0.04401622718052738, 0.06490872210953347, 0.09533468559837728, 0.11784989858012171, 0.14726166328600407, 0.10425963488843813, 0.16531440162271804, 0.06896551724137931, 0.04178498985801217, 0.04543610547667343, 0.01643002028397566, 0.007707910750507099, 0.010547667342799188, 0.002839756592292089, 0.004056795131845842, 0.002231237322515213, 0.0032454361054766734, 0.0014198782961460446, 0.0, 0.0, 0.0], [0.00013689253935660506, 0.00013689253935660506, 0.00013689253935660506, 0.0, 0.00013689253935660506, 0.0012320328542094457, 0.0012320328542094457, 0.0031485284052019166, 0.004243668720054757, 0.007529089664613279, 0.019849418206707735, 0.029842573579739903, 0.04887063655030801, 0.06310746064339494, 0.09130732375085558, 0.14236824093086928, 0.17768651608487337, 0.11950718685831623, 0.12580424366872006, 0.06598220396988363, 0.03764544832306639, 0.030116358658453114, 0.013826146475017112, 0.005201916495550993, 0.005201916495550993, 0.001779603011635866, 0.0009582477754962354, 0.002874743326488706, 0.00013689253935660506, 0.0, 0.0, 0.0, 0.0], [0.0, 0.0, 0.0, 0.00021070375052675939, 0.00021070375052675939, 0.0008428150021070375, 0.0008428150021070375, 0.0025284450063211127, 0.004635482511588706, 0.00695322376738306, 0.01685630004214075, 0.024863042562157607, 0.04214075010535188, 0.057943531394858826, 0.09249894648124736, 0.12852928782132322, 0.15697429414243574, 0.11546565528866413, 0.14369995785924988, 0.06763590391908976, 0.042562157606405394, 0.041508638853771596, 0.018331226295828066, 0.006321112515802781, 0.016224188790560472, 0.004846186262115465, 0.00337126000842815, 0.0014749262536873156, 0.0012642225031605564, 0.0006321112515802782, 0.0006321112515802782, 0.0, 0.0], [0.0, 0.0, 0.0, 0.0002588661661920787, 0.0, 0.0010354646647683149, 0.0020709293295366298, 0.0028475278281128655, 0.005695055656225731, 0.005695055656225731, 0.01190784364483562, 0.021227025627750452, 0.03132280610924152, 0.04607817758219001, 0.07714211752523945, 0.10768832513590473, 0.13901113124514625, 0.0996634739839503, 0.18275951333160756, 0.07688325135904737, 0.05125550090603158, 0.06161014755371473, 0.02562775045301579, 0.015273103805332642, 0.019414962464405904, 0.009319181982914834, 0.003106393994304944, 0.0012943308309603934, 0.0010354646647683149, 0.000776598498576236, 0.0, 0.0, 0.0], [0.0, 0.0, 0.00014581510644502772, 0.0, 0.00029163021289005544, 0.0004374453193350831, 0.0004374453193350831, 0.0016039661708953047, 0.0017497812773403325, 0.005249343832020997, 0.010207057451151939, 0.023184601924759404, 0.03951589384660251, 0.06649168853893263, 0.08850976961213182, 0.11402741324001167, 0.1468358121901429, 0.10250801983085447, 0.16899970836978712, 0.06109652960046661, 0.043015456401283174, 0.048556430446194225, 0.024351122776319626, 0.010936132983377077, 0.02230971128608924, 0.006561679790026247, 0.0058326042578011085, 0.003499562554680665, 0.0014581510644502771, 0.0013123359580052493, 0.0008748906386701663, 0.0, 0.0], [0.0, 0.0, 0.0001004419445560466, 0.0, 0.0001004419445560466, 0.0001004419445560466, 0.0003013258336681398, 0.001004419445560466, 0.002109280835676979, 0.0057251908396946565, 0.010245078344716753, 0.020289272800321414, 0.03394937725994375, 0.045901968662113296, 0.06719566090799518, 0.07744073925271193, 0.0961229409401366, 0.06860184813177983, 0.23593812776215348, 0.10235034150261149, 0.06739654479710727, 0.088388911209321, 0.026416231418240257, 0.009843310566492567, 0.02511048613901165, 0.006930494174367216, 0.003113700281237445, 0.0018079550020088388, 0.0018079550020088388, 0.0017075130574527922, 0.0, 0.0, 0.0], [0.0, 0.0, 0.0, 0.0, 0.0, 0.00012094823415578132, 0.000725689404934688, 0.0006047411707789066, 0.0021770682148040637, 0.004958877600387035, 0.00810353168843735, 0.018142235123367198, 0.030358006773101114, 0.052733430091920656, 0.0803096274794388, 0.11236090953072085, 0.17210933720367683, 0.12772133526850507, 0.2077890662796323, 0.0712385099177552, 0.037977745524915334, 0.04644412191582003, 0.011248185776487663, 0.004112239961296565, 0.006047411707789066, 0.0012094823415578133, 0.0012094823415578133, 0.0015723270440251573, 0.000725689404934688, 0.0, 0.0, 0.0, 0.0], [0.0, 0.00392156862745098, 0.0, 0.00392156862745098, 0.00392156862745098, 0.0196078431372549, 0.027450980392156862, 0.0196078431372549, 0.06666666666666667, 0.03529411764705882, 0.054901960784313725, 0.06666666666666667, 0.06666666666666667, 0.11372549019607843, 0.11372549019607843, 0.12549019607843137, 0.09019607843137255, 0.06666666666666667, 0.043137254901960784, 0.01568627450980392, 0.011764705882352941, 0.023529411764705882, 0.011764705882352941, 0.01568627450980392, 0.0, 0.0, 0.0, 0.0, 0.0, 0.0, 0.0, 0.0, 0.0]]}, "ranks": {"labels": ["Unranked", "Combatatent I", "Combatatent II", "Challenger I", "Challenger II", "Rival I", "Rival II", "Duelist", "Elite"], "data": [[0.1157556270096463, 0.14469453376205788, 0.20257234726688103, 0.21864951768488747, 0.15434083601286175, 0.08360128617363344, 0.04823151125401929, 0.01929260450160772, 0.012861736334405145], [0.05028854080791426, 0.07708161582852432, 0.13849958779884583, 0.22217642209398186, 0.23660346248969497, 0.18507831821929102, 0.04657873042044518, 0.031327287716405604, 0.01236603462489695], [0.009872657032479611, 0.01831449420517957, 0.04364000572327944, 0.09486335670339105, 0.19773930462154815, 0.33652883102017456, 0.10459293174989269, 0.1367863785949349, 0.05766204034912004], [0.019881783987103708, 0.03344975819451908, 0.07643739924771628, 0.13984416980118217, 0.27162815690488984, 0.258328855454057, 0.09685652874798495, 0.08543793659322944, 0.01813541106931757], [0.14035087719298245, 0.12280701754385964, 0.17543859649122806, 0.18421052631578946, 0.09649122807017543, 0.14912280701754385, 0.05263157894736842, 0.07894736842105263, 0.0], [0.010357815442561206, 0.02649986548291633, 0.08151735270379339, 0.17124024751143396, 0.27602905569007263, 0.21859026096314232, 0.07976863061608824, 0.09483454398708636, 0.04116222760290557], [0.06316067653276955, 0.08588794926004228, 0.1535412262156448, 0.23255813953488372, 0.20718816067653276, 0.13424947145877378, 0.043076109936575055, 0.04730443974630021, 0.0330338266384778], [0.2633333333333333, 0.19, 0.19333333333333333, 0.14333333333333334, 0.1, 0.04, 0.03, 0.04, 0.0], [0.04035466636353302, 0.07695805388200523, 0.11822212117767421, 0.16062293963851312, 0.24531090144367398, 0.1588041377742412, 0.07638967829942026, 0.08127770830965102, 0.04205979311128794], [0.00775480059084195, 0.01292466765140325, 0.03323485967503693, 0.10376661742983752, 0.15915805022156573, 0.22710487444608568, 0.12666174298375185, 0.19719350073855244, 0.13220088626292467], [0.041220382992534894, 0.06491398896462187, 0.13209996754300551, 0.2041544952937358, 0.2317429406037001, 0.1794871794871795, 0.062317429406037, 0.06134371957156767, 0.022719896137617657], [0.052185137377835145, 0.11174626590448092, 0.18753457495851006, 0.2664576802507837, 0.20376175548589343, 0.09865388161534207, 0.03890835330997603, 0.031901161718605936, 0.008851189378572745], [0.02291812456263121, 0.054933519944016795, 0.11301609517144856, 0.22043386983904828, 0.2506997900629811, 0.19034289713086075, 0.06665500349895032, 0.0586074177746676, 0.02239328201539538], [0.02319872345648705, 0.04701116975573831, 0.08064318153921689, 0.15318522155394623, 0.24818951761384558, 0.22707745182275685, 0.09512704062845219, 0.09119921443476126, 0.03436847919479563], [0.010311694398875087, 0.03116943988750879, 0.08788375908132177, 0.17483009139910943, 0.26576048746191705, 0.21888914928521208, 0.09022732599015702, 0.0899929692992735, 0.030935083196625263], [0.03252367229312474, 0.05104981473857555, 0.10498147385755455, 0.18484973240016467, 0.23795800741045697, 0.17002881844380405, 0.08357348703170028, 0.08892548373816385, 0.04610951008645533], [0.026805494018608773, 0.06180770934869295, 0.14687638458130262, 0.23150199379707576, 0.22972972972972974, 0.1581745680106336, 0.05538325210456358, 0.06269384138236597, 0.02702702702702703], [0.019498134961003732, 0.043065445913869106, 0.10054255679891488, 0.22193964055612073, 0.2460155985079688, 0.21736181756527637, 0.06273312987453374, 0.06408952187182096, 0.024754153950491693], [0.0990990990990991, 0.07207207207207207, 0.10810810810810811, 0.17117117117117117, 0.2072072072072072, 0.08108108108108109, 0.0990990990990991, 0.07207207207207207, 0.09009009009009009], [0.01241753977493209, 0.02625792264907515, 0.07450523864959255, 0.17578579743888242, 0.30604061570301383, 0.2026904669512353, 0.09041521148622429, 0.08718147716983572, 0.024705730177208642], [0.007644529383659818, 0.017996496257365824, 0.04331899984073897, 0.11132345914954611, 0.2436693741041567, 0.25545469023729894, 0.12071985985029464, 0.1426978818283166, 0.05717470934862239], [0.015581212868512499, 0.03093823562380899, 0.058177334379553865, 0.12408922766505998, 0.21656764936666292, 0.2713821320479767, 0.12139894630646789, 0.12588274857078802, 0.03598251317116915], [0.021996615905245348, 0.04230118443316413, 0.12859560067681894, 0.23011844331641285, 0.2876480541455161, 0.20135363790186125, 0.050761421319796954, 0.0338409475465313, 0.00338409475465313], [0.009296920395119116, 0.025179159403447608, 0.059655239202014335, 0.11437148944412164, 0.1706372264187488, 0.2641874878946349, 0.1283168700368003, 0.1800309897346504, 0.04832461747046291], [0.010834926704907584, 0.03537284894837476, 0.10080730826428723, 0.1903547907371999, 0.31113235606543443, 0.22455916719779054, 0.06798385383471425, 0.04865094540046739, 0.01030380284682388], [0.013712544438801422, 0.031995937023869984, 0.06843575418994413, 0.17534281361097004, 0.2894870492635856, 0.2223209751142712, 0.09154393092940578, 0.08811579481970544, 0.01904520060944642], [0.007065057403591404, 0.02384456873712099, 0.0707977627318222, 0.18030615248748896, 0.24963202826022962, 0.2412422725934648, 0.08021783926994407, 0.09994112452163674, 0.04695319399470121], [0.06345177664974619, 0.09209572153734591, 0.14249456127628715, 0.22552574329224076, 0.19615663524292967, 0.1700507614213198, 0.04459753444525018, 0.046773023930384336, 0.01885424220449601], [0.04694533762057878, 0.05980707395498392, 0.1067524115755627, 0.19163987138263666, 0.24951768488745982, 0.20514469453376205, 0.05594855305466238, 0.06045016077170418, 0.023794212218649517], [0.029754013845927234, 0.06584180291648255, 0.12697009868905582, 0.2707320665782884, 0.23891589335690086, 0.15142141699808515, 0.04713507143909265, 0.05170128148475475, 0.01752835469141258], [0.01744439598778892, 0.03881378107283035, 0.08264282599215002, 0.17727867422590493, 0.21805494984736154, 0.206279982555604, 0.08744003488879197, 0.10619276057566507, 0.06585259485390318], [0.013387423935091278, 0.04300202839756592, 0.10892494929006086, 0.21318458417849898, 0.2515212981744422, 0.20486815415821502, 0.07119675456389453, 0.06957403651115619, 0.02434077079107505], [0.017932922655715264, 0.04969199178644764, 0.11197809719370294, 0.23367556468172485, 0.2971937029431896, 0.16290212183436004, 0.06652977412731007, 0.04914442162902122, 0.010951403148528405], [0.016224188790560472, 0.041719342604298354, 0.1000842815002107, 0.2210282343025706, 0.2724399494310999, 0.18036241045090604, 0.07353560893383902, 0.06616097766540244, 0.028445006321112517], [0.01760289930106135, 0.033134869272586076, 0.07740098369143153, 0.18483044266114418, 0.23867460522909656, 0.22754336008283718, 0.08335490551384934, 0.10251100181206316, 0.034946932435930625], [0.009915427238261883, 0.03339165937591135, 0.10600758238553513, 0.20253718285214348, 0.24934383202099739, 0.20224555263925342, 0.07086614173228346, 0.08384368620589093, 0.04184893554972295], [0.00944154278826838, 0.030534351145038167, 0.07985134592205705, 0.1446364001607071, 0.16472478907191643, 0.2897750100441945, 0.11591000401767779, 0.12464845319405383, 0.040478103656086784], [0.008587324625060474, 0.026245766811804547, 0.08309143686502177, 0.19267053701015965, 0.2998306724721819, 0.2466134494436381, 0.07039187227866474, 0.061804547653604255, 0.010764392839864538], [0.1803921568627451, 0.12156862745098039, 0.1803921568627451, 0.23921568627450981, 0.1568627450980392, 0.047058823529411764, 0.023529411764705882, 0.050980392156862744, 0.0]]}, "ranksDetailed": {"labels": ["Unranked", "Combatatant", "Challenger", "Rival", "Duelist", "Elite"], "data": [[0.1157556270096463, 0.34726688102893893, 0.3729903536977492, 0.13183279742765272, 0.01929260450160772, 0.012861736334405145], [0.05028854080791426, 0.21558120362737015, 0.45877988458367686, 0.23165704863973618, 0.031327287716405604, 0.01236603462489695], [0.009872657032479611, 0.06195449992845901, 0.2926026613249392, 0.44112176277006726, 0.1367863785949349, 0.05766204034912004], [0.019881783987103708, 0.10988715744223536, 0.411472326706072, 0.35518538420204193, 0.08543793659322944, 0.01813541106931757], [0.14035087719298245, 0.2982456140350877, 0.2807017543859649, 0.20175438596491227, 0.07894736842105263, 0.0], [0.010357815442561206, 0.10801721818670972, 0.4472693032015066, 0.29835889157923057, 0.09483454398708636, 0.04116222760290557], [0.06316067653276955, 0.2394291754756871, 0.4397463002114165, 0.17732558139534885, 0.04730443974630021, 0.0330338266384778], [0.2633333333333333, 0.38333333333333336, 0.24333333333333335, 0.07, 0.04, 0.0], [0.04035466636353302, 0.19518017505967944, 0.4059338410821871, 0.23519381607366147, 0.08127770830965102, 0.04205979311128794], [0.00775480059084195, 0.04615952732644018, 0.26292466765140327, 0.3537666174298375, 0.19719350073855244, 0.13220088626292467], [0.041220382992534894, 0.1970139565076274, 0.4358974358974359, 0.24180460889321648, 0.06134371957156767, 0.022719896137617657], [0.052185137377835145, 0.29928084086299095, 0.4702194357366771, 0.13756223492531808, 0.031901161718605936, 0.008851189378572745], [0.02291812456263121, 0.16794961511546536, 0.4711336599020294, 0.25699790062981104, 0.0586074177746676, 0.02239328201539538], [0.02319872345648705, 0.1276543512949552, 0.4013747391677918, 0.322204492451209, 0.09119921443476126, 0.03436847919479563], [0.010311694398875087, 0.11905319896883056, 0.4405905788610265, 0.3091164752753691, 0.0899929692992735, 0.030935083196625263], [0.03252367229312474, 0.1560312885961301, 0.42280773981062164, 0.25360230547550433, 0.08892548373816385, 0.04610951008645533], [0.026805494018608773, 0.20868409392999557, 0.46123172352680547, 0.21355782011519717, 0.06269384138236597, 0.02702702702702703], [0.019498134961003732, 0.14360800271278398, 0.46795523906408953, 0.2800949474398101, 0.06408952187182096, 0.024754153950491693], [0.0990990990990991, 0.18018018018018017, 0.3783783783783784, 0.18018018018018017, 0.07207207207207207, 0.09009009009009009], [0.01241753977493209, 0.1007631612986677, 0.4818264131418963, 0.2931056784374596, 0.08718147716983572, 0.024705730177208642], [0.007644529383659818, 0.06131549609810479, 0.35499283325370284, 0.37617455008759354, 0.1426978818283166, 0.05717470934862239], [0.015581212868512499, 0.08911557000336286, 0.3406568770317229, 0.3927810783544446, 0.12588274857078802, 0.03598251317116915], [0.021996615905245348, 0.17089678510998307, 0.5177664974619289, 0.2521150592216582, 0.0338409475465313, 0.00338409475465313], [0.009296920395119116, 0.08483439860546194, 0.2850087158628704, 0.39250435793143523, 0.1800309897346504, 0.04832461747046291], [0.010834926704907584, 0.136180157212662, 0.5014871468026344, 0.2925430210325048, 0.04865094540046739, 0.01030380284682388], [0.013712544438801422, 0.10043169121381412, 0.46482986287455563, 0.313864906043677, 0.08811579481970544, 0.01904520060944642], [0.007065057403591404, 0.09464233146894319, 0.42993818074771856, 0.3214601118634089, 0.09994112452163674, 0.04695319399470121], [0.06345177664974619, 0.23459028281363306, 0.42168237853517043, 0.21464829586656997, 0.046773023930384336, 0.01885424220449601], [0.04694533762057878, 0.1665594855305466, 0.44115755627009645, 0.26109324758842445, 0.06045016077170418, 0.023794212218649517], [0.029754013845927234, 0.19281190160553838, 0.5096479599351893, 0.1985564884371778, 0.05170128148475475, 0.01752835469141258], [0.01744439598778892, 0.12145660706498038, 0.39533362407326644, 0.29372001744439596, 0.10619276057566507, 0.06585259485390318], [0.013387423935091278, 0.15192697768762678, 0.4647058823529412, 0.27606490872210954, 0.06957403651115619, 0.02434077079107505], [0.017932922655715264, 0.1616700889801506, 0.5308692676249145, 0.2294318959616701, 0.04914442162902122, 0.010951403148528405], [0.016224188790560472, 0.14180362410450906, 0.49346818373367046, 0.25389801938474504, 0.06616097766540244, 0.028445006321112517], [0.01760289930106135, 0.1105358529640176, 0.42350504789024074, 0.31089826559668654, 0.10251100181206316, 0.034946932435930625], [0.009915427238261883, 0.1393992417614465, 0.45188101487314086, 0.2731116943715369, 0.08384368620589093, 0.04184893554972295], [0.00944154278826838, 0.11038569706709522, 0.30936118923262357, 0.40568501406187224, 0.12464845319405383, 0.040478103656086784], [0.008587324625060474, 0.10933720367682633, 0.49250120948234155, 0.31700532172230284, 0.061804547653604255, 0.010764392839864538], [0.1803921568627451, 0.30196078431372547, 0.396078431372549, 0.07058823529411765, 0.050980392156862744, 0.0]]}}}, "eu": {"histType": {"histogram": {"labels": ["0", "100", "200", "300", "400", "500", "600", "700", "800", "900", "1000", "1100", "1200", "1300", "1400", "1500", "1600", "1700", "1800", "1900", "2000", "2100", "2200", "2300", "2400", "2500", "2600", "2700", "2800", "2900", "3000", "3100", "3200"], "data": [[0.0, 0.0, 0.004098360655737705, 0.0, 0.0, 0.00819672131147541, 0.01639344262295082, 0.01639344262295082, 0.040983606557377046, 0.045081967213114756, 0.06557377049180328, 0.06557377049180328, 0.06147540983606557, 0.11885245901639344, 0.14344262295081966, 0.11065573770491803, 0.0942622950819672, 0.0778688524590164, 0.040983606557377046, 0.028688524590163935, 0.012295081967213115, 0.020491803278688523, 0.004098360655737705, 0.004098360655737705, 0.01639344262295082, 0.004098360655737705, 0.0, 0.0, 0.0, 0.0, 0.0, 0.0, 0.0], [0.0, 0.0, 0.00044365572315882877, 0.0013309671694764862, 0.0008873114463176575, 0.003105590062111801, 0.0048802129547471165, 0.00709849157054126, 0.01730257320319432, 0.022182786157941437, 0.03194321206743567, 0.048802129547471165, 0.06388642413487133, 0.07630878438331855, 0.12067435669920142, 0.1126885536823425, 0.1512866015971606, 0.08606921029281278, 0.145075421472937, 0.04259094942324756, 0.02085181898846495, 0.021739130434782608, 0.005767524401064774, 0.0044365572315882874, 0.006654835847382431, 0.0013309671694764862, 0.0008873114463176575, 0.001774622892635315, 0.0, 0.0, 0.0, 0.0, 0.0], [0.0, 0.0, 0.0, 0.0001486767766874814, 0.0001486767766874814, 0.0001486767766874814, 0.0001486767766874814, 0.0013380909901873326, 0.0023788284269997025, 0.0037169194171870353, 0.008623253047873923, 0.013380909901873328, 0.018435920309247695, 0.0231935771632471, 0.03865596193874517, 0.054415700267618196, 0.10674992566161165, 0.10556051144811181, 0.2740112994350282, 0.09232827832292596, 0.06690454950936664, 0.08712459113886412, 0.031073446327683617, 0.015165031222123104, 0.03151947665774606, 0.011002081474873625, 0.005649717514124294, 0.0029735355337496285, 0.001784121320249777, 0.001784121320249777, 0.0016354445435622957, 0.0, 0.0], [0.0, 0.0, 0.0, 0.00012812299807815503, 0.00012812299807815503, 0.00025624599615631005, 0.0008968609865470852, 0.0026905829596412557, 0.0032030749519538757, 0.007815502882767457, 0.015118513773222294, 0.02344650864830237, 0.029083920563741192, 0.03882126841768097, 0.062395900064061496, 0.08161434977578476, 0.14196028187059578, 0.12466367713004484, 0.21806534272901987, 0.08866111467008328, 0.057014734144778985, 0.06213965406790519, 0.016143497757847534, 0.007303010890454837, 0.011146700832799488, 0.003587443946188341, 0.0011531069827033953, 0.0003843689942344651, 0.0011531069827033953, 0.0008968609865470852, 0.00012812299807815503, 0.0, 0.0], [0.0, 0.0, 0.0, 0.0, 0.0, 0.018018018018018018, 0.02702702702702703, 0.04504504504504504, 0.04504504504504504, 0.02702702702702703, 0.07207207207207207, 0.09009009009009009, 0.036036036036036036, 0.02702702702702703, 0.08108108108108109, 0.14414414414414414, 0.06306306306306306, 0.0990990990990991, 0.06306306306306306, 0.05405405405405406, 0.04504504504504504, 0.0, 0.018018018018018018, 0.009009009009009009, 0.02702702702702703, 0.009009009009009009, 0.0, 0.0, 0.0, 0.0, 0.0, 0.0, 0.0], [0.0, 0.00013500742540839745, 0.00013500742540839745, 0.0002700148508167949, 0.0004050222762251924, 0.00013500742540839745, 0.0004050222762251924, 0.0014850816794923722, 0.0029701633589847443, 0.0058053192925610906, 0.010800594032671798, 0.01809099500472526, 0.026866477656271096, 0.04711759146753