{"region": {"us": {"histType": {"histogram": {"labels": ["0", "100", "200", "300", "400", "500", "600", "700", "800", "900", "1000", "1100", "1200", "1300", "1400", "1500", "1600", "1700", "1800", "1900", "2000", "2100", "2200", "2300", "2400", "2500", "2600", "2700", "2800", "2900", "3000", "3100", "3200"], "data": [[0.0, 0.0, 0.003389830508474576, 0.005084745762711864, 0.005084745762711864, 0.003389830508474576, 0.015254237288135594, 0.01694915254237288, 0.03559322033898305, 0.05084745762711865, 0.07966101694915254, 0.10508474576271186, 0.1152542372881356, 0.1135593220338983, 0.13050847457627118, 0.1016949152542373, 0.07627118644067797, 0.04915254237288136, 0.04576271186440678, 0.020338983050847456, 0.011864406779661017, 0.00847457627118644, 0.001694915254237288, 0.001694915254237288, 0.003389830508474576, 0.0, 0.0, 0.0, 0.0, 0.0, 0.0, 0.0, 0.0], [0.0, 0.0002828054298642534, 0.0, 0.0002828054298642534, 0.0008484162895927602, 0.0019796380090497737, 0.005090497737556561, 0.009615384615384616, 0.015271493212669683, 0.026866515837104074, 0.03676470588235294, 0.05571266968325792, 0.083710407239819, 0.09219457013574661, 0.12302036199095022, 0.1334841628959276, 0.15186651583710406, 0.08173076923076923, 0.1080316742081448, 0.03506787330316742, 0.01583710407239819, 0.008766968325791855, 0.005656108597285068, 0.0022624434389140274, 0.0025452488687782806, 0.0005656108597285068, 0.001414027149321267, 0.0011312217194570137, 0.0, 0.0, 0.0, 0.0, 0.0], [0.00011498217776244682, 0.0, 0.0, 0.00022996435552489363, 0.00022996435552489363, 0.00022996435552489363, 0.00022996435552489363, 0.0005749108888122341, 0.002644590088536277, 0.003334483155110958, 0.005174197999310107, 0.007473841554559043, 0.012073128665056916, 0.01943198804185351, 0.0252960791077383, 0.03943888697251926, 0.15706565482350235, 0.14832700931355638, 0.32447970564562495, 0.08508681154421065, 0.048177532482465216, 0.05898585719213522, 0.02207657813038979, 0.008853627687708405, 0.018972059330803724, 0.006324019776934575, 0.003104518799586064, 0.0016097504886742554, 0.0, 0.00045992871104978727, 0.0, 0.0, 0.0], [0.0, 0.0, 0.0, 0.0, 0.00011163206072784104, 0.00011163206072784104, 0.0007814244250948872, 0.0017861129716454567, 0.004688546550569324, 0.007925876311676714, 0.011609734315695468, 0.013395847287340924, 0.02567537396740344, 0.029582496092877875, 0.04375976780531369, 0.05269033266354097, 0.07445858450546997, 0.055257870060281315, 0.32663540968966287, 0.12368832328644787, 0.07747265014512168, 0.07959365929895065, 0.027573118999776734, 0.01082830989060058, 0.0193123465059165, 0.006139763340031257, 0.004465282429113641, 0.002455905336012503, 0.0, 0.0, 0.0, 0.0, 0.0], [0.0, 0.0, 0.0, 0.0, 0.011764705882352941, 0.0058823529411764705, 0.029411764705882353, 0.029411764705882353, 0.052941176470588235, 0.052941176470588235, 0.06470588235294118, 0.1, 0.09411764705882353, 0.12352941176470589, 0.09411764705882353, 0.1, 0.058823529411764705, 0.047058823529411764, 0.06470588235294118, 0.029411764705882353, 0.023529411764705882, 0.011764705882352941, 0.0058823529411764705, 0.0, 0.0, 0.0, 0.0, 0.0, 0.0, 0.0, 0.0, 0.0, 0.0], [0.0, 0.0, 0.0, 0.0, 0.0, 0.0, 0.0, 0.0013524760715771952, 0.0013524760715771952, 0.00478568456096546, 0.007282563462338743, 0.033291718684977115, 0.0538909696213067, 0.08822305451518934, 0.11246358718268831, 0.1361839367457345, 0.16562630045776114, 0.09956304619225967, 0.13524760715771952, 0.05274656679151061, 0.031002913025384937, 0.036620890553474825, 0.01529338327091136, 0.006658343736995423, 0.00957136912193092, 0.0046816479400749065, 0.002913025384935497, 0.0007282563462338743, 0.0004161464835622139, 0.0, 0.00010403662089055348, 0.0, 0.0], [0.0, 0.0004391743522178305, 0.0004391743522178305, 0.0021958717610891525, 0.001756697408871322, 0.003952569169960474, 0.006368028107158542, 0.01339481774264383, 0.021519543258673692, 0.03667105841018885, 0.04765041721563461, 0.06873078612209046, 0.09727711901624946, 0.11155028546332894, 0.11835748792270531, 0.12187088274044795, 0.11572244180939834, 0.0691699604743083, 0.07246376811594203, 0.027228809837505488, 0.016908212560386472, 0.017786561264822136, 0.00878348704435661, 0.00461133069828722, 0.007026789635485288, 0.0030742204655248135, 0.003513394817742644, 0.000878348704435661, 0.00021958717610891525, 0.0, 0.0004391743522178305, 0.0, 0.0], [0.0029498525073746312, 0.0, 0.0, 0.008849557522123894, 0.008849557522123894, 0.02359882005899705, 0.011799410029498525, 0.0471976401179941, 0.05604719764011799, 0.10324483775811209, 0.11209439528023599, 0.13274336283185842, 0.11504424778761062, 0.0943952802359882, 0.07374631268436578, 0.06784660766961652, 0.04424778761061947, 0.02064896755162242, 0.029498525073746312, 0.038348082595870206, 0.0029498525073746312, 0.0, 0.0029498525073746312, 0.0029498525073746312, 0.0, 0.0, 0.0, 0.0, 0.0, 0.0, 0.0, 0.0, 0.0], [0.00030500203334688896, 0.00020333468889792598, 0.0005083367222448149, 0.00030500203334688896, 0.0005083367222448149, 0.0012200081333875558, 0.0015250101667344449, 0.004371695811305408, 0.0076250508336722245, 0.016063440422936153, 0.026026840178934526, 0.03456689711264742, 0.04209028060187068, 0.04839365595770639, 0.06110207401382676, 0.14741764945099634, 0.17324115494103293, 0.12118747458316388, 0.12779585197234647, 0.0582553883692558, 0.037820252135014235, 0.036193574623830826, 0.01738511590077267, 0.012708418056120375, 0.014843432289548597, 0.004676697844652297, 0.0026433509556730377, 0.0006100040666937779, 0.00040666937779585197, 0.0, 0.0, 0.0, 0.0], [0.0, 0.0, 0.0, 0.0, 0.0007911392405063291, 0.00039556962025316455, 0.0011867088607594937, 0.0011867088607594937, 0.0023734177215189874, 0.007911392405063292, 0.01305379746835443, 0.01661392405063291, 0.02254746835443038, 0.03560126582278481, 0.06052215189873418, 0.07436708860759493, 0.10205696202531646, 0.08979430379746836, 0.1787974683544304, 0.06843354430379747, 0.07674050632911393, 0.09731012658227849, 0.04311708860759494, 0.018591772151898733, 0.049841772151898736, 0.014636075949367089, 0.010680379746835443, 0.00949367088607595, 0.002768987341772152, 0.0011867088607594937, 0.0, 0.0, 0.0], [0.0, 0.0, 0.00020238818053025704, 0.0, 0.0012143290831815423, 0.0006071645415907711, 0.0024286581663630845, 0.0034405990690143697, 0.008500303582270795, 0.016191054442420562, 0.024286581663630843, 0.03319166160696215, 0.05707346690953248, 0.06901436956081765, 0.10807528840315725, 0.12790933009512245, 0.14956486541185995, 0.0961343857518721, 0.1380287391216353, 0.05869257235377454, 0.0358227079538555, 0.031572556162720096, 0.013762396276057479, 0.007083586318558996, 0.009309856304391824, 0.0040477636106051405, 0.0028334345274235984, 0.0006071645415907711, 0.0004047763610605141, 0.0, 0.0, 0.0, 0.0], [0.0, 0.00030950170225936243, 0.0012380068090374497, 0.001392757660167131, 0.0010832559579077685, 0.002785515320334262, 0.0061900340451872485, 0.012225317239244816, 0.02073661405137728, 0.03729495512225317, 0.06329309811203962, 0.07675642216032189, 0.10167130919220056, 0.12256267409470752, 0.13556174558960074, 0.12039616217889199, 0.1087898483441659, 0.058960074280408545, 0.05957907768492727, 0.023986381925100587, 0.016094088517486844, 0.012380068090374497, 0.00773754255648406, 0.00386877127824203, 0.002785515320334262, 0.001392757660167131, 0.0009285051067780873, 0.0, 0.0, 0.0, 0.0, 0.0, 0.0], [0.0, 0.0, 0.0, 0.0, 0.00012403870007442322, 0.0004961548002976929, 0.0018605805011163482, 0.0019846192011907715, 0.004465393202679236, 0.005457702803274621, 0.013396179608037708, 0.019846192011907716, 0.028156784916894072, 0.03386256512031754, 0.04998759612999256, 0.14710989828826593, 0.20441577772264946, 0.13607045398164228, 0.17774745720664847, 0.06338377573803027, 0.03497891342098735, 0.03522699082113619, 0.016000992309600594, 0.008186554204911933, 0.010667328206400397, 0.0034730836020838503, 0.002232696601339618, 0.00037211610022326965, 0.0004961548002976929, 0.0, 0.0, 0.0, 0.0], [0.00020147073637554144, 0.0, 0.0, 0.00010073536818777072, 0.00010073536818777072, 0.0003022061045633122, 0.0013095597864410194, 0.001813236627379873, 0.0041301500956986, 0.00987206608240153, 0.016319129646418858, 0.04724488768006447, 0.0726302004633827, 0.09690742419663544, 0.12108391256170041, 0.12783318223028106, 0.1472751082905208, 0.09610154125113328, 0.11967361740707162, 0.04815150599375441, 0.028709579933514657, 0.02921325677445351, 0.011685302709781404, 0.005036768409388537, 0.0070514757731439505, 0.0031227964138208926, 0.0021154427319431852, 0.0006044122091266244, 0.0007051475773143951, 0.0006044122091266244, 0.00010073536818777072, 0.0, 0.0], [0.0, 0.0, 0.0, 0.00040716612377850165, 0.00040716612377850165, 0.00020358306188925082, 0.0008143322475570033, 0.002035830618892508, 0.004478827361563518, 0.007328990228013029, 0.015472312703583062, 0.02707654723127036, 0.048656351791530945, 0.06738599348534202, 0.09873778501628665, 0.11929967426710097, 0.16164495114006514, 0.12011400651465798, 0.1482084690553746, 0.06677524429967427, 0.039291530944625404, 0.035423452768729644, 0.013843648208469055, 0.006921824104234527, 0.009364820846905538, 0.0034609120521172636, 0.0014250814332247557, 0.00040716612377850165, 0.0, 0.0008143322475570033, 0.0, 0.0, 0.0], [0.0, 0.0, 0.0002764722145424385, 0.0002764722145424385, 0.0013823610727121925, 0.0024882499308819463, 0.002211777716339508, 0.004700027647221454, 0.011335360796239978, 0.01990599944705557, 0.029858999170583357, 0.047829693115841856, 0.06884158142106718, 0.08791816422449544, 0.10810063588609345, 0.11971246889687587, 0.1365772739839646, 0.10008294166436273, 0.1006358860934476, 0.04617085982858723, 0.03068841581421067, 0.03290019353055018, 0.015758916228918993, 0.008294166436273155, 0.013823610727121923, 0.0049764998617638926, 0.002211777716339508, 0.002211777716339508, 0.000552944429084877, 0.0002764722145424385, 0.0, 0.0, 0.0], [0.00020016012810248197, 0.00020016012810248197, 0.0008006405124099279, 0.0010008006405124099, 0.00040032025620496394, 0.0014011208967173738, 0.0028022417934347476, 0.00700560448358687, 0.012610088070456365, 0.019615692554043235, 0.03362690152121697, 0.053242594075260205, 0.07706164931945557, 0.10028022417934347, 0.12369895916733387, 0.12510008006405124, 0.13350680544435548, 0.08386709367493995, 0.10968775020016013, 0.041032826261008806, 0.022818254603682947, 0.02401921537229784, 0.009007205764611689, 0.005204163330664532, 0.005604483586869495, 0.002201761409127302, 0.0016012810248198558, 0.0014011208967173738, 0.00040032025620496394, 0.0006004803843074459, 0.0, 0.0, 0.0], [0.0, 0.0, 0.00012271444348999877, 0.00024542888697999754, 0.00036814333046999634, 0.00012271444348999877, 0.0008590011044299914, 0.0019634310958399803, 0.0029451466437599707, 0.006381151061479936, 0.012516873235979874, 0.03288747085531967, 0.07632838385077924, 0.100257700331329, 0.12799116456006873, 0.13302245674315866, 0.15511105657135846, 0.09547183703521904, 0.14443489998772854, 0.038777764142839614, 0.021229598723769786, 0.023070315376119768, 0.009449012148729905, 0.004908577739599951, 0.0071174377224199285, 0.0014725733218799854, 0.0019634310958399803, 0.00036814333046999634, 0.00012271444348999877, 0.0004908577739599951, 0.0, 0.0, 0.0], [0.0, 0.0, 0.0, 0.007407407407407408, 0.014814814814814815, 0.014814814814814815, 0.0, 0.02962962962962963, 0.022222222222222223, 0.08148148148148149, 0.044444444444444446, 0.0962962962962963, 0.08148148148148149, 0.06666666666666667, 0.05185185185185185, 0.0962962962962963, 0.1037037037037037, 0.0962962962962963, 0.044444444444444446, 0.022222222222222223, 0.022222222222222223, 0.037037037037037035, 0.022222222222222223, 0.0, 0.007407407407407408, 0.014814814814814815, 0.007407407407407408, 0.014814814814814815, 0.0, 0.0, 0.0, 0.0, 0.0], [0.00021247211303516414, 0.00010623605651758207, 0.0, 0.0, 0.0, 0.00010623605651758207, 0.00021247211303516414, 0.0009561245086582386, 0.0023371932433868055, 0.004674386486773611, 0.007755232125783491, 0.010623605651758206, 0.022415807925209818, 0.030914692446616383, 0.1267396154254754, 0.17667056198873898, 0.19951131414001913, 0.1290768086688622, 0.13141400191224903, 0.06172314883671518, 0.030171040050993306, 0.033570593859555936, 0.01285456283862743, 0.004568150430256029, 0.007861468182301073, 0.0024434292999043873, 0.0021247211303516414, 0.0003187081695527462, 0.0006374163391054924, 0.0, 0.0, 0.0, 0.0], [0.0, 0.0, 0.0, 0.00011691804045364199, 0.0, 0.00011691804045364199, 0.001052262364082778, 0.00035075412136092597, 0.001286098444990062, 0.002221442768619198, 0.004559803577692038, 0.00701508242721852, 0.017303869987139016, 0.051677773880509766, 0.08020577575119842, 0.11586577808955922, 0.1656728633228107, 0.13246813983397637, 0.18052145446042325, 0.0796211855489302, 0.05156085584005612, 0.05202852800187069, 0.01929147667485093, 0.009821115398105928, 0.016134689582602595, 0.005728983982228458, 0.0028060329708874078, 0.00116918040453642, 0.00058459020226821, 0.00023383608090728398, 0.00058459020226821, 0.0, 0.0], [0.00018777579569993427, 9.388789784996713e-05, 0.0, 0.00018777579569993427, 0.00018777579569993427, 0.0005633273870998028, 0.0007511031827997371, 0.0017838700591493756, 0.0030044127311989483, 0.005633273870998028, 0.01051544455919632, 0.013519857290395268, 0.01765092479579382, 0.039151253403436295, 0.10815885832316215, 0.1216787156135574, 0.1499389728663975, 0.12580978311895596, 0.17237818045253966, 0.07736362782837292, 0.05013613745188245, 0.05051168904328232, 0.019810346446343066, 0.010139892967796452, 0.014364848371044972, 0.0036616280161487183, 0.00197164585484931, 0.00037555159139986854, 0.0004694394892498357, 0.0, 0.0, 0.0, 0.0], [0.0, 0.0, 0.0, 0.0015408320493066256, 0.0015408320493066256, 0.0, 0.0015408320493066256, 0.007704160246533128, 0.007704160246533128, 0.007704160246533128, 0.01694915254237288, 0.026194144838212634, 0.046224961479198766, 0.09244992295839753, 0.12172573189522343, 0.16640986132511557, 0.1679506933744222, 0.1140215716486903, 0.12788906009244994, 0.05546995377503852, 0.02157164869029276, 0.012326656394453005, 0.0030816640986132513, 0.0, 0.0, 0.0, 0.0, 0.0, 0.0, 0.0, 0.0, 0.0, 0.0], [0.0, 0.0, 0.0, 8.64677907479464e-05, 0.0, 8.64677907479464e-05, 0.00025940337224383917, 0.0007782101167315176, 0.0016428880242109814, 0.004669260700389105, 0.007436230004323389, 0.013056636402939905, 0.02135754431474276, 0.02732382187635106, 0.04055339386078686, 0.048767833981841764, 0.20501513186338088, 0.1401642888024211, 0.23648940769563337, 0.08439256376999568, 0.05006485084306096, 0.06701253782965845, 0.01988759187202767, 0.008127972330306961, 0.01366191093817553, 0.004409857328145266, 0.0029399048854301772, 0.0012970168612191958, 0.00025940337224383917, 0.00025940337224383917, 0.0, 0.0, 0.0], [9.575792396820837e-05, 9.575792396820837e-05, 9.575792396820837e-05, 0.0, 0.00038303169587283346, 0.00038303169587283346, 0.0002872737719046251, 0.0009575792396820837, 0.001053337163650292, 0.005170927894283252, 0.009575792396820836, 0.019151584793641672, 0.03380254716077755, 0.04471895049315331, 0.06674327300584124, 0.07823422388202624, 0.16412908168150914, 0.18663219381403812, 0.20195346164895145, 0.08340515177630949, 0.04175045485013885, 0.03514315809633247, 0.013214593507612756, 0.005170927894283252, 0.005170927894283252, 0.001819400555395959, 0.00047878961984104186, 0.00038303169587283346, 0.0, 0.0, 0.0, 0.0, 0.0], [0.0, 0.00011156978690170702, 0.0, 0.00011156978690170702, 0.00022313957380341404, 0.001004128082115363, 0.0014504072297221913, 0.0037933727546580385, 0.0063594778533973, 0.011937967198482651, 0.02097511993752092, 0.037152739038268434, 0.05678902153296887, 0.07542117594555395, 0.09996652906392949, 0.13064822046189892, 0.15396630592435567, 0.11067722860649336, 0.13578043065937745, 0.061028673435233736, 0.034698203726430885, 0.03068169139796943, 0.013053665067499722, 0.006471047640299007, 0.005132210197478523, 0.0016735468035256054, 0.0005578489345085351, 0.00033470936070512103, 0.0, 0.0, 0.0, 0.0, 0.0], [0.0, 0.0, 0.0, 0.0, 0.0005136106831022085, 0.0003852080123266564, 0.0011556240369799693, 0.0015408320493066256, 0.004879301489470981, 0.008089368258859784, 0.01694915254237288, 0.026579352850539292, 0.04019003595274782, 0.06510015408320494, 0.09861325115562404, 0.12724704673857215, 0.15305598356445815, 0.09745762711864407, 0.17064714946070877, 0.05970724191063174, 0.0362095531587057, 0.040832049306625574, 0.017591165896250642, 0.007704160246533128, 0.012198253723677452, 0.004494093477144324, 0.003723677452491012, 0.002182845403184386, 0.0011556240369799693, 0.0007704160246533128, 0.001027221366204417, 0.0, 0.0], [0.0, 0.00019316206297083252, 0.00019316206297083252, 0.00038632412594166504, 0.0011589723778249951, 0.0013521344407958276, 0.004056403322387483, 0.009464941085570795, 0.016225613289549932, 0.027235850878887385, 0.043268302105466484, 0.060846049835812245, 0.07996909406992467, 0.1045006760672204, 0.12729379949777864, 0.11531775159358702, 0.14351941278732858, 0.07552636662159552, 0.1039211898783079, 0.027622175004829053, 0.020475178674908247, 0.019509368360054086, 0.007533320455862469, 0.0027042688815916553, 0.004829051574270813, 0.0007726482518833301, 0.0015452965037666602, 0.00038632412594166504, 0.00019316206297083252, 0.0, 0.0, 0.0, 0.0], [0.0, 0.0, 0.00029895366218236175, 0.0008968609865470852, 0.002391629297458894, 0.001195814648729447, 0.003587443946188341, 0.008071748878923767, 0.011659192825112108, 0.015246636771300448, 0.028101644245142002, 0.04245142002989537, 0.058893871449925264, 0.08191330343796711, 0.1171898355754858, 0.12914798206278028, 0.15485799701046338, 0.10044843049327354, 0.10971599402092676, 0.04544095665171898, 0.023318385650224215, 0.023617339312406577, 0.013153961136023917, 0.008071748878923767, 0.010164424514200299, 0.003587443946188341, 0.003288490284005979, 0.003288490284005979, 0.0, 0.0, 0.0, 0.0, 0.0], [0.00022401433691756272, 0.0, 0.0, 0.0, 0.00044802867383512545, 0.00044802867383512545, 0.0017921146953405018, 0.0035842293906810036, 0.00492831541218638, 0.015905017921146954, 0.03909050179211469, 0.05521953405017921, 0.07896505376344086, 0.11368727598566308, 0.14146505376344087, 0.1423611111111111, 0.13261648745519714, 0.07582885304659498, 0.09117383512544804, 0.034162186379928315, 0.020721326164874553, 0.022513440860215055, 0.009296594982078852, 0.004816308243727599, 0.0066084229390681, 0.0017921146953405018, 0.001232078853046595, 0.0007840501792114696, 0.0, 0.0003360215053763441, 0.0, 0.0, 0.0], [0.0, 0.0, 0.0, 0.0002898550724637681, 0.00014492753623188405, 0.00014492753623188405, 0.0014492753623188406, 0.0004347826086956522, 0.002318840579710145, 0.00826086956521739, 0.0236231884057971, 0.030869565217391304, 0.05521739130434783, 0.08333333333333333, 0.10101449275362319, 0.1279710144927536, 0.14594202898550723, 0.10130434782608695, 0.1398550724637681, 0.058405797101449275, 0.03188405797101449, 0.03753623188405797, 0.015942028985507246, 0.007391304347826087, 0.012753623188405797, 0.004782608695652174, 0.004782608695652174, 0.0026086956521739132, 0.0008695652173913044, 0.0005797101449275362, 0.0002898550724637681, 0.0, 0.0], [0.0, 0.0, 0.0, 0.0, 0.0007274049827241316, 0.0012729587197672304, 0.0018185124568103291, 0.00436442989634479, 0.0069103473358792505, 0.01818512456810329, 0.0287324968176032, 0.040734679032551374, 0.06855791962174941, 0.09038006910347336, 0.11583924349881797, 0.13184215311874886, 0.14275322785961084, 0.09219858156028368, 0.1260229132569558, 0.04728132387706856, 0.028368794326241134, 0.02436806692125841, 0.01054737224949991, 0.004000727404982724, 0.00563738861611202, 0.0010911074740861974, 0.004546281142025823, 0.002727768685215494, 0.0007274049827241316, 0.0003637024913620658, 0.0, 0.0, 0.0], [0.00011272686281140796, 0.00011272686281140796, 0.0, 0.0, 0.00011272686281140796, 0.0010145417653026716, 0.0006763611768684477, 0.0023672641190395673, 0.002818171570285199, 0.0057490700033818055, 0.014203584714237404, 0.021869011385413143, 0.036185322962461956, 0.043963476496449105, 0.12445045654379439, 0.17596663284860783, 0.18442114755946343, 0.11926502085446962, 0.13065043399842183, 0.057265246308195246, 0.03359260511779957, 0.023559914327584263, 0.010709051967083756, 0.004058167061210686, 0.0039454401983992785, 0.0018036298049825274, 0.0006763611768684477, 0.00033818058843422386, 0.00011272686281140796, 0.0, 0.0, 0.0, 0.0], [0.0, 0.0, 0.0, 0.00016270745200130165, 0.00016270745200130165, 0.0008135372600065083, 0.0017897819720143183, 0.002277904328018223, 0.006020175724048162, 0.009437032216075496, 0.024243410348193946, 0.034493979824275954, 0.0680117149365441, 0.09860071591278881, 0.12593556784900747, 0.14448421737715586, 0.15668727627725348, 0.10429547673283436, 0.10575984380084608, 0.04116498535632932, 0.02619589977220957, 0.020013016596160105, 0.010250569476082005, 0.004555808656036446, 0.008135372600065083, 0.0026033192320208264, 0.002277904328018223, 0.0006508298080052066, 0.0008135372600065083, 0.0, 0.00016270745200130165, 0.0, 0.0], [0.0, 0.0, 0.0, 0.00016625103906899418, 0.0, 0.0006650041562759767, 0.000997506234413965, 0.0011637572734829592, 0.004655029093931837, 0.006151288445552784, 0.013133832086450541, 0.020781379883624274, 0.0400665004156276, 0.06018287614297589, 0.09326683291770574, 0.11870324189526185, 0.15328345802161264, 0.11022443890274314, 0.17339983374896092, 0.06716541978387365, 0.04156275976724855, 0.04405652535328346, 0.018620116375727348, 0.00831255195344971, 0.011803823773898587, 0.006650041562759767, 0.003491271820448878, 0.0011637572734829592, 0.00016625103906899418, 0.00016625103906899418, 0.0, 0.0, 0.0], [0.0, 0.0, 0.00011328877308258752, 0.0, 0.00022657754616517504, 0.00033986631924776253, 0.00033986631924776253, 0.0012461765039084626, 0.0011328877308258753, 0.0038518182848079757, 0.007023903931120426, 0.016200294550810016, 0.028095615724481705, 0.0853064461311884, 0.12371134020618557, 0.139798345983913, 0.15656508440013595, 0.09538914693553868, 0.15939730372720062, 0.05539821003738529, 0.037951738982666815, 0.03477965333635437, 0.019825535289452814, 0.00951625693893735, 0.014274385408406027, 0.003511951965560213, 0.004078395830973151, 0.0015860428231562252, 0.00022657754616517504, 0.00011328877308258752, 0.0, 0.0, 0.0], [0.0, 0.0, 8.954154727793696e-05, 0.0, 8.954154727793696e-05, 8.954154727793696e-05, 8.954154727793696e-05, 0.0008058739255014327, 0.0017908309455587394, 0.0045666189111747855, 0.008864613180515759, 0.015848853868194842, 0.027847421203438395, 0.03590616045845272, 0.05462034383954155, 0.05945558739255014, 0.10333094555873926, 0.16404011461318052, 0.26468481375358166, 0.09697349570200572, 0.05650071633237822, 0.05972421203438395, 0.015401146131805158, 0.00707378223495702, 0.012267191977077364, 0.005193409742120344, 0.002596704871060172, 0.0008058739255014327, 0.0007163323782234957, 0.0006267908309455588, 0.0, 0.0, 0.0], [0.0, 0.0, 0.0, 0.0, 0.0004231013327691982, 0.0006346519991537973, 0.0013750793314998941, 0.0024328326634228898, 0.004548339327268881, 0.009837105986883858, 0.017452929976729425, 0.031732599957689865, 0.051618362597842186, 0.07531203723291728, 0.11191030251745293, 0.13687328115083564, 0.1724137931034483, 0.11138142585149144, 0.15358578379521895, 0.048762428601650094, 0.024539877300613498, 0.028242013962343982, 0.008144700655807066, 0.003490585995345885, 0.0027501586629997883, 0.0008462026655383964, 0.000951977998730696, 0.0006346519991537973, 0.00010577533319229955, 0.0, 0.0, 0.0, 0.0], [0.0, 0.0033222591362126247, 0.0, 0.0033222591362126247, 0.006644518272425249, 0.016611295681063124, 0.026578073089700997, 0.03986710963455149, 0.08970099667774087, 0.04983388704318937, 0.053156146179401995, 0.06976744186046512, 0.07308970099667775, 0.12292358803986711, 0.12956810631229235, 0.09634551495016612, 0.07973421926910298, 0.04983388704318937, 0.036544850498338874, 0.016611295681063124, 0.009966777408637873, 0.009966777408637873, 0.0033222591362126247, 0.013289036544850499, 0.0, 0.0, 0.0, 0.0, 0.0, 0.0, 0.0, 0.0, 0.0]]}, "ranks": {"labels": ["Unranked", "Combatatent I", "Combatatent II", "Challenger I", "Challenger II", "Rival I", "Rival II", "Duelist", "Elite"], "data": [[0.13559322033898305, 0.1847457627118644, 0.2288135593220339, 0.23220338983050848, 0.12542372881355932, 0.059322033898305086, 0.01864406779661017, 0.011864406779661017, 0.003389830508474576], [0.060237556561085974, 0.09247737556561086, 0.17590497737556562, 0.2565045248868778, 0.2335972850678733, 0.12952488687782807, 0.029411764705882353, 0.01668552036199095, 0.005656108597285068], [0.0075888237323214905, 0.01264803955386915, 0.031505116706910426, 0.06473496608025756, 0.30539266413705873, 0.3712774519949408, 0.08646659767736001, 0.08991606301023342, 0.03047027710704841], [0.015405224380442064, 0.02500558160303639, 0.055257870060281315, 0.09645010046885466, 0.1297164545657513, 0.39383791024782316, 0.13395847287340926, 0.11799508818932798, 0.0323732976110739], [0.18235294117647058, 0.16470588235294117, 0.21764705882352942, 0.19411764705882353, 0.10588235294117647, 0.08823529411764706, 0.029411764705882353, 0.01764705882352941, 0.0], [0.00749063670411985, 0.04057428214731586, 0.14211402413649604, 0.2486475239284228, 0.2651893466500208, 0.16541822721598, 0.053578859758635036, 0.05857261756138161, 0.018414481897627965], [0.08673693456302152, 0.11638120333772507, 0.2088274044795784, 0.24022837066315328, 0.18489240228370662, 0.08893280632411067, 0.02766798418972332, 0.031181379007465964, 0.015151515151515152], [0.26253687315634217, 0.2448377581120944, 0.20943952802359883, 0.1415929203539823, 0.06489675516224189, 0.05309734513274336, 0.017699115044247787, 0.0058997050147492625, 0.0], [0.032635217568117124, 0.06059373729158194, 0.09048393655957707, 0.2085197234648231, 0.29442862952419685, 0.16246441642944287, 0.061407076047173645, 0.06628710858072387, 0.023180154534363562], [0.013844936708860759, 0.02966772151898734, 0.05814873417721519, 0.1348892405063291, 0.1918512658227848, 0.2132120253164557, 0.11075949367088607, 0.15901898734177214, 0.08860759493670886], [0.03258449706537138, 0.057478243270593, 0.12608783647035013, 0.2359846184982797, 0.24569925116373204, 0.172434729811779, 0.060109289617486336, 0.05241853875733657, 0.01720299534507185], [0.08325595790776849, 0.1400495202723615, 0.22423398328690808, 0.25595790776849275, 0.16774992262457444, 0.07103064066852367, 0.028628907458991024, 0.023986381925100587, 0.00510677808727948], [0.014388489208633094, 0.03324237161994542, 0.06201935003721161, 0.1970974944182585, 0.34048623170429176, 0.21495906722897545, 0.06115107913669065, 0.05941453733564872, 0.017241379310344827], [0.01783016016923542, 0.06356401732648333, 0.16953762466001812, 0.24891709479198146, 0.24337664954165408, 0.14717437292233304, 0.04936033041200766, 0.04593532789362345, 0.014304422282663444], [0.015675895765472313, 0.04254885993485342, 0.11604234527687296, 0.21803745928338764, 0.28175895765472314, 0.1870928338762215, 0.06718241042345277, 0.05618892508143322, 0.015472312703583062], [0.042576721039535526, 0.07768869228642522, 0.1567597456455626, 0.22781310478296932, 0.23666021564832734, 0.12441249654409732, 0.05308266519214819, 0.05695327619574233, 0.024053082665192148], [0.04603682946357086, 0.08686949559647718, 0.17734187349879904, 0.2487990392313851, 0.21737389911929544, 0.13410728582866294, 0.03943154523618895, 0.03823058446757406, 0.011809447558046438], [0.01300773100993987, 0.045404344091299544, 0.17658608418210822, 0.2610136213032274, 0.2505828936065775, 0.16652349981592834, 0.037918763038409624, 0.037427905264449626, 0.011535157688059884], [0.17037037037037037, 0.14074074074074075, 0.14814814814814814, 0.14814814814814814, 0.2, 0.05185185185185185, 0.037037037037037035, 0.05925925925925926, 0.044444444444444446], [0.008605120577924147, 0.018378837777541696, 0.0533305003718262, 0.3034101774142144, 0.32858812280888133, 0.16679060873260385, 0.05651758206735366, 0.05099330712843939, 0.01338574312121534], [0.005144393779960248, 0.011574886004910558, 0.06898164386764878, 0.19607155384075764, 0.2981410031567871, 0.22541798199462176, 0.08628551385478779, 0.08114112007482754, 0.027241903425698585], [0.012393202516195662, 0.024035301849591587, 0.05680217819923012, 0.22983757393671955, 0.2757487559853535, 0.2149093981785748, 0.08496854755422026, 0.08046192845742184, 0.020843113322692706], [0.02773497688751926, 0.04314329738058552, 0.1386748844375963, 0.288135593220339, 0.28197226502311246, 0.16024653312788906, 0.04468412942989214, 0.015408320493066256, 0.0], [0.007522697795071336, 0.020492866407263294, 0.04868136619109382, 0.08932122784262862, 0.345179420665802, 0.2861219195849546, 0.08482490272373541, 0.09502810203199308, 0.022827496757457846], [0.008522455233170545, 0.028727377190462512, 0.07852149765393086, 0.14497749688786746, 0.35076127549554725, 0.25107727664464236, 0.07603179163075745, 0.053528679498228475, 0.007852149765393087], [0.02499163226598237, 0.05812785897578936, 0.1322101974785228, 0.23061474952582842, 0.26464353453084904, 0.16936293651679124, 0.06214437130425081, 0.05020640410576816, 0.0076983152962177845], [0.016563944530046226, 0.04352850539291217, 0.10529019003595275, 0.2258602978941962, 0.2505136106831022, 0.20377503852080123, 0.062788906009245, 0.06612737544940935, 0.025552131484334873], [0.06026656364689975, 0.10411435194127873, 0.18446977013714508, 0.24261155109136565, 0.21904577940892409, 0.11956731697894533, 0.032451226579099865, 0.02974695769750821, 0.007726482518833301], [0.043348281016442454, 0.07055306427503737, 0.14080717488789238, 0.24633781763826607, 0.25530642750373694, 0.13482810164424514, 0.043647234678624816, 0.04484304932735426, 0.020328849028400597], [0.027329749103942653, 0.0943100358422939, 0.19265232974910393, 0.283826164874552, 0.20844534050179211, 0.11144713261648745, 0.03461021505376344, 0.03662634408602151, 0.010752688172043012], [0.013043478260869565, 0.05449275362318841, 0.13855072463768117, 0.2289855072463768, 0.2472463768115942, 0.17173913043478262, 0.058405797101449275, 0.06086956521739131, 0.02666666666666667], [0.033278777959629025, 0.06946717585015458, 0.15893798872522277, 0.24768139661756683, 0.23495180941989452, 0.15439170758319695, 0.04728132387706856, 0.03891616657574105, 0.015093653391525732], [0.012963589223311915, 0.03607259609965055, 0.08014879945891105, 0.3004170893924022, 0.30368616841393303, 0.16210122872280464, 0.059407056701612, 0.03832713335587871, 0.006876338631495885], [0.020663846404165312, 0.0587373901724699, 0.1666124308493329, 0.27041978522616333, 0.2609827530100879, 0.1278880572730231, 0.04523267165636186, 0.03481939472827855, 0.01464367068011715], [0.013798836242726518, 0.03391521197007481, 0.1002493765586035, 0.2119700748129676, 0.2635078969243558, 0.2088113050706567, 0.07331670822942643, 0.07098919368246051, 0.02344139650872818], [0.007250481477285601, 0.02322419848193044, 0.1134020618556701, 0.26350968619009857, 0.2519542313356746, 0.18987198368641667, 0.06287526906083607, 0.06412144556474453, 0.023790642347343377], [0.007521489971346705, 0.0247134670487106, 0.06375358166189111, 0.11407593123209168, 0.26737106017191975, 0.31885744985673353, 0.0993015759312321, 0.08219914040114613, 0.022206303724928367], [0.01925111064099852, 0.04918552993441929, 0.12693039983075946, 0.24878358366828857, 0.2837952189549397, 0.18161624709117835, 0.04527184260630421, 0.03987730061349693, 0.0052887666596149775], [0.23588039867109634, 0.12292358803986711, 0.19601328903654486, 0.22591362126245848, 0.12956810631229235, 0.04318936877076412, 0.019933554817275746, 0.026578073089700997, 0.0]]}, "ranksDetailed": {"labels": ["Unranked", "Combatatant", "Challenger", "Rival", "Duelist", "Elite"], "data": [[0.13559322033898305, 0.4135593220338983, 0.3576271186440678, 0.07796610169491526, 0.011864406779661017, 0.003389830508474576], [0.060237556561085974, 0.26838235294117646, 0.4901018099547511, 0.1589366515837104, 0.01668552036199095, 0.005656108597285068], [0.0075888237323214905, 0.04415315626077958, 0.3701276302173163, 0.4577440496723008, 0.08991606301023342, 0.03047027710704841], [0.015405224380442064, 0.0802634516633177, 0.22616655503460595, 0.5277963831212324, 0.11799508818932798, 0.0323732976110739], [0.18235294117647058, 0.38235294117647056, 0.3, 0.11764705882352941, 0.01764705882352941, 0.0], [0.00749063670411985, 0.1826883062838119, 0.5138368705784436, 0.21899708697461506, 0.05857261756138161, 0.018414481897627965], [0.08673693456302152, 0.3252086078173035, 0.4251207729468599, 0.116600790513834, 0.031181379007465964, 0.015151515151515152], [0.26253687315634217, 0.45427728613569324, 0.20648967551622419, 0.07079646017699115, 0.0058997050147492625, 0.0], [0.032635217568117124, 0.151077673851159, 0.50294835298902, 0.2238714924766165, 0.06628710858072387, 0.023180154534363562], [0.013844936708860759, 0.08781645569620253, 0.32674050632911394, 0.3239715189873418, 0.15901898734177214, 0.08860759493670886], [0.03258449706537138, 0.18356607974094313, 0.48168386966201177, 0.23254401942926534, 0.05241853875733657, 0.01720299534507185], [0.08325595790776849, 0.3642835035592696, 0.42370783039306714, 0.09965954812751471, 0.023986381925100587, 0.00510677808727948], [0.014388489208633094, 0.09526172165715703, 0.5375837261225502, 0.2761101463656661, 0.05941453733564872, 0.017241379310344827], [0.01783016016923542, 0.23310164198650146, 0.49229374433363554, 0.1965347033343407, 0.04593532789362345, 0.014304422282663444], [0.015675895765472313, 0.15859120521172637, 0.4997964169381108, 0.25427524429967424, 0.05618892508143322, 0.015472312703583062], [0.042576721039535526, 0.23444843793198783, 0.46447332043129663, 0.1774951617362455, 0.05695327619574233, 0.024053082665192148], [0.04603682946357086, 0.2642113690952762, 0.4661729383506805, 0.17353883106485188, 0.03823058446757406, 0.011809447558046438], [0.01300773100993987, 0.22199042827340779, 0.5115965149098048, 0.20444226285433795, 0.037427905264449626, 0.011535157688059884], [0.17037037037037037, 0.28888888888888886, 0.34814814814814815, 0.08888888888888889, 0.05925925925925926, 0.044444444444444446], [0.008605120577924147, 0.07170933814936789, 0.6319983002230957, 0.2233081907999575, 0.05099330712843939, 0.01338574312121534], [0.005144393779960248, 0.08055652987255933, 0.49421255699754474, 0.31170349584940954, 0.08114112007482754, 0.027241903425698585], [0.012393202516195662, 0.08083748004882171, 0.5055863299220731, 0.299877945732795, 0.08046192845742184, 0.020843113322692706], [0.02773497688751926, 0.18181818181818182, 0.5701078582434514, 0.2049306625577812, 0.015408320493066256, 0.0], [0.007522697795071336, 0.06917423259835712, 0.4345006485084306, 0.37094682230869, 0.09502810203199308, 0.022827496757457846], [0.008522455233170545, 0.10724887484439337, 0.49573877238341474, 0.3271090682753998, 0.053528679498228475, 0.007852149765393087], [0.02499163226598237, 0.19033805645431218, 0.49525828405667743, 0.23150730782104206, 0.05020640410576816, 0.0076983152962177845], [0.016563944530046226, 0.14881869542886492, 0.4763739085772984, 0.2665639445300462, 0.06612737544940935, 0.025552131484334873], [0.06026656364689975, 0.2885841220784238, 0.46165733050028973, 0.1520185435580452, 0.02974695769750821, 0.007726482518833301], [0.043348281016442454, 0.21136023916292976, 0.501644245142003, 0.17847533632286997, 0.04484304932735426, 0.020328849028400597], [0.027329749103942653, 0.28696236559139787, 0.49227150537634407, 0.1460573476702509, 0.03662634408602151, 0.010752688172043012], [0.013043478260869565, 0.19304347826086957, 0.476231884057971, 0.2301449275362319, 0.06086956521739131, 0.02666666666666667], [0.033278777959629025, 0.22840516457537735, 0.48263320603746135, 0.2016730314602655, 0.03891616657574105, 0.015093653391525732], [0.012963589223311915, 0.1162213955585616, 0.6041032578063352, 0.22150828542441664, 0.03832713335587871, 0.006876338631495885], [0.020663846404165312, 0.2253498210218028, 0.5314025382362512, 0.17312072892938496, 0.03481939472827855, 0.01464367068011715], [0.013798836242726518, 0.1341645885286783, 0.47547797173732337, 0.28212801330008314, 0.07098919368246051, 0.02344139650872818], [0.007250481477285601, 0.13662626033760053, 0.5154639175257731, 0.25274725274725274, 0.06412144556474453, 0.023790642347343377], [0.007521489971346705, 0.08846704871060172, 0.38144699140401145, 0.4181590257879656, 0.08219914040114613, 0.022206303724928367], [0.01925111064099852, 0.17611592976517876, 0.5325788026232282, 0.22688808969748256, 0.03987730061349693, 0.0052887666596149775], [0.23588039867109634, 0.31893687707641194, 0.3554817275747508, 0.06312292358803986, 0.026578073089700997, 0.0]]}}}, "eu": {"histType": {"histogram": {"labels": ["0", "100", "200", "300", "400", "500", "600", "700", "800", "900", "1000", "1100", "1200", "1300", "1400", "1500", "1600", "1700", "1800", "1900", "2000", "2100", "2200", "2300", "2400", "2500", "2600", "2700", "2800", "2900", "3000", "3100", "3200"], "data": [[0.0, 0.0, 0.002232142857142857, 0.0, 0.0, 0.004464285714285714, 0.011160714285714286, 0.029017857142857144, 0.05803571428571429, 0.078125, 0.07142857142857142, 0.10044642857142858, 0.08482142857142858, 0.13169642857142858, 0.13392857142857142, 0.10267857142857142, 0.06473214285714286, 0.046875, 0.03794642857142857, 0.015625, 0.013392857142857142, 0.011160714285714286, 0.002232142857142857, 0.0, 0.0, 0.0, 0.0, 0.0, 0.0, 0.0, 0.0, 0.0, 0.0], [0.000310077519379845, 0.000310077519379845, 0.0009302325581395349, 0.0009302325581395349, 0.0015503875968992248, 0.0037209302325581397, 0.005581395348837209, 0.009612403100775194, 0.021705426356589147, 0.032868217054263564, 0.04496124031007752, 0.0641860465116279, 0.08062015503875969, 0.1048062015503876, 0.13178294573643412, 0.12930232558139534, 0.14108527131782947, 0.06790697674418604, 0.09426356589147286, 0.02666666666666667, 0.013333333333333334, 0.012093023255813953, 0.004651162790697674, 0.0027906976744186047, 0.0027906976744186047, 0.00062015503875969, 0.00062015503875969, 0.0, 0.0, 0.0, 0.0, 0.0, 0.0], [0.0, 0.0, 0.0, 0.00011574074074074075, 0.00011574074074074075, 0.00011574074074074075, 0.0, 0.0008101851851851852, 0.0019675925925925924, 0.0025462962962962965, 0.005671296296296297, 0.009375, 0.012268518518518519, 0.01574074074074074, 0.025810185185185186, 0.052314814814814814, 0.2255787037037037, 0.14074074074074075, 0.28506944444444443, 0.07592592592592592, 0.049652777777777775, 0.050694444444444445, 0.016898148148148148, 0.007060185185185185, 0.011574074074074073, 0.004976851851851852, 0.0030092592592592593, 0.0015046296296296296, 0.0002314814814814815, 0.0002314814814814815, 0.0, 0.0, 0.0], [0.0, 0.0, 0.0, 0.00010704345964461572, 0.00010704345964461572, 0.00021408691928923143, 0.00074930421751231, 0.0020338257332476986, 0.002354956112181546, 0.005887390280453864, 0.011667737101263113, 0.017448083922072363, 0.021408691928923144, 0.027081995290087774, 0.04345964461571398, 0.05502033825733248, 0.08028259473346179, 0.09569685292228645, 0.298330122029544, 0.12277884821237423, 0.07450224791265253, 0.07257546563904946, 0.024512952258616997, 0.011346606722329266, 0.01969599657460929, 0.0061014771997430954, 0.003639477627916934, 0.002354956112181546, 0.00042817383857846286, 0.00021408691928923143, 0.0, 0.0, 0.0], [0.0, 0.0, 0.0, 0.0, 0.0, 0.019736842105263157, 0.03289473684210526, 0.05921052631578947, 0.05921052631578947, 0.06578947368421052, 0.05921052631578947, 0.09868421052631579, 0.07894736842105263, 0.07894736842105263, 0.05921052631578947, 0.15789473684210525, 0.013157894736842105, 0.06578947368421052, 0.05921052631578947, 0.03289473684210526, 0.03289473684210526, 0.0, 0.006578947368421052, 0.006578947368421052, 0.013157894736842105, 0.0, 0.0, 0.0, 0.0, 0.0, 0.0, 0.0, 0.0], [0.0, 0.00010406910188365075, 0.00010406910188365075, 0.0002081382037673015, 0.00031220730565095225, 0.00010406910188365075, 0.0002081382037673015, 0.0011447601207201581, 0.001977312935789364, 0.005203455094182537, 0.02674575918409824, 0.03902591320636903, 0.05494848579456759, 0.07753148090331981, 0.11426787386824852, 0.12831720262254137, 0.1493391612030388, 0.10490165469871995, 0.1356020397543969, 0.05224268914559267, 0.03101259236132792, 0.038297429493183474, 0.015194088875013008, 0