{"region": {"us": {"histType": {"histogram": {"labels": ["0", "100", "200", "300", "400", "500", "600", "700", "800", "900", "1000", "1100", "1200", "1300", "1400", "1500", "1600", "1700", "1800", "1900", "2000", "2100", "2200", "2300", "2400", "2500", "2600", "2700", "2800", "2900", "3000", "3100", "3200"], "data": [[0.0, 0.0, 0.0030721966205837174, 0.006144393241167435, 0.0030721966205837174, 0.006144393241167435, 0.013824884792626729, 0.016897081413210446, 0.03840245775729647, 0.043010752688172046, 0.0890937019969278, 0.10291858678955453, 0.1152073732718894, 0.12749615975422426, 0.12442396313364056, 0.09523809523809523, 0.07680491551459294, 0.043010752688172046, 0.04915514592933948, 0.018433179723502304, 0.01228878648233487, 0.007680491551459293, 0.0030721966205837174, 0.0015360983102918587, 0.0030721966205837174, 0.0, 0.0, 0.0, 0.0, 0.0, 0.0, 0.0, 0.0], [0.0, 0.00026954177897574127, 0.0, 0.00026954177897574127, 0.001078167115902965, 0.00215633423180593, 0.005121293800539084, 0.009703504043126684, 0.016172506738544475, 0.02857142857142857, 0.04016172506738545, 0.05363881401617251, 0.08355795148247978, 0.09110512129380054, 0.1247978436657682, 0.13315363881401618, 0.1509433962264151, 0.08247978436657682, 0.10566037735849057, 0.03477088948787062, 0.015633423180592992, 0.007816711590296496, 0.004582210242587601, 0.003234501347708895, 0.002425876010781671, 0.0005390835579514825, 0.001078167115902965, 0.001078167115902965, 0.0, 0.0, 0.0, 0.0, 0.0], [0.00011611704598235021, 0.0, 0.0, 0.00023223409196470042, 0.00023223409196470042, 0.00023223409196470042, 0.00023223409196470042, 0.0005805852299117511, 0.0025545750116117046, 0.003367394333488156, 0.00522526706920576, 0.0074314909428704135, 0.012192289828146772, 0.019159312587087786, 0.024965164886205295, 0.03889921040408732, 0.13446353924756155, 0.15397120297259637, 0.33662331630283326, 0.087203901532745, 0.04934974454249884, 0.06014862981885741, 0.02124941941477009, 0.008824895494658615, 0.020088248954946587, 0.006386437529029261, 0.003367394333488156, 0.0024384579656293545, 0.0, 0.00046446818392940084, 0.0, 0.0, 0.0], [0.0, 0.0, 0.0, 0.0, 0.00011343012704174228, 0.0, 0.000794010889292196, 0.0018148820326678765, 0.004764065335753176, 0.00794010889292196, 0.011683303085299456, 0.013271324863883847, 0.025748638838475498, 0.029151542649727767, 0.043443738656987294, 0.052177858439201454, 0.07248185117967332, 0.044578039927404715, 0.28901996370235933, 0.14292196007259528, 0.08495916515426498, 0.09085753176043557, 0.0316470054446461, 0.01293103448275862, 0.023593466424682397, 0.007372958257713249, 0.005104355716878403, 0.0029491833030852997, 0.0006805807622504537, 0.0, 0.0, 0.0, 0.0], [0.0, 0.0, 0.0, 0.0, 0.01098901098901099, 0.01098901098901099, 0.027472527472527472, 0.027472527472527472, 0.04945054945054945, 0.054945054945054944, 0.06593406593406594, 0.09340659340659341, 0.1043956043956044, 0.1043956043956044, 0.09340659340659341, 0.1043956043956044, 0.07142857142857142, 0.038461538461538464, 0.06043956043956044, 0.038461538461538464, 0.03296703296703297, 0.005494505494505495, 0.005494505494505495, 0.0, 0.0, 0.0, 0.0, 0.0, 0.0, 0.0, 0.0, 0.0, 0.0], [0.0, 0.0, 0.0, 0.0, 0.0, 0.0, 0.0, 0.0013547311379741558, 0.0013547311379741558, 0.004689453939141309, 0.007190496040016673, 0.011671529804085035, 0.044706127553147144, 0.09149645685702376, 0.11786160900375156, 0.1421425593997499, 0.1689245518966236, 0.10462692788661943, 0.13891204668611923, 0.05398082534389329, 0.03240933722384327, 0.03647353063776573, 0.015006252605252188, 0.007815756565235515, 0.0106294289287203, 0.004689453939141309, 0.0026052521884118384, 0.0008336807002917883, 0.0005210504376823677, 0.0, 0.00010421008753647353, 0.0, 0.0], [0.0, 0.0004246284501061571, 0.0006369426751592356, 0.0025477707006369425, 0.001910828025477707, 0.003397027600849257, 0.0070063694267515925, 0.013163481953290871, 0.020806794055201697, 0.035668789808917196, 0.04861995753715499, 0.06963906581740976, 0.0970276008492569, 0.11231422505307856, 0.11740976645435244, 0.12123142250530786, 0.11677282377919321, 0.07070063694267516, 0.07133757961783439, 0.02823779193205945, 0.01613588110403397, 0.01634819532908705, 0.009129511677282378, 0.004670912951167728, 0.0059447983014862, 0.003821656050955414, 0.0029723991507431, 0.00148619957537155, 0.00021231422505307856, 0.0, 0.0004246284501061571, 0.0, 0.0], [0.002898550724637681, 0.0, 0.0, 0.008695652173913044, 0.008695652173913044, 0.02318840579710145, 0.014492753623188406, 0.04057971014492753, 0.05507246376811594, 0.1072463768115942, 0.11594202898550725, 0.13333333333333333, 0.11304347826086956, 0.10144927536231885, 0.07246376811594203, 0.06666666666666667, 0.04927536231884058, 0.014492753623188406, 0.03188405797101449, 0.03188405797101449, 0.002898550724637681, 0.0, 0.002898550724637681, 0.002898550724637681, 0.0, 0.0, 0.0, 0.0, 0.0, 0.0, 0.0, 0.0, 0.0], [0.0003092464694361406, 0.00020616431295742706, 0.0005154107823935677, 0.0003092464694361406, 0.0005154107823935677, 0.0012369858777445625, 0.001546232347180703, 0.004226368415627255, 0.007628079579424802, 0.01608081641067931, 0.02618286774559324, 0.03473868673332646, 0.04195443768683641, 0.04731470982372951, 0.060199979383568705, 0.11040098958870219, 0.18750644263477992, 0.12524482012163696, 0.13524378930007216, 0.06154004741779198, 0.0411297804350067, 0.039583548087826, 0.01834862385321101, 0.013297598185754047, 0.015049994845892176, 0.005360272136893104, 0.003298629007318833, 0.0007215750953509947, 0.0003092464694361406, 0.0, 0.0, 0.0, 0.0], [0.0, 0.0, 0.0, 0.0, 0.0003924646781789639, 0.0007849293563579278, 0.0011773940345368916, 0.0011773940345368916, 0.0027472527472527475, 0.008634222919937205, 0.012558869701726845, 0.016483516483516484, 0.022762951334379906, 0.03728414442700157, 0.060832025117739406, 0.07770800627943485, 0.10204081632653061, 0.0890894819466248, 0.17857142857142858, 0.06868131868131869, 0.07378335949764521, 0.09733124018838304, 0.04356357927786499, 0.01805337519623234, 0.04866562009419152, 0.013736263736263736, 0.010596546310832025, 0.009419152276295133, 0.0027472527472527475, 0.0011773940345368916, 0.0, 0.0, 0.0], [0.0, 0.0, 0.00019094901661256445, 0.0, 0.0009547450830628223, 0.0007637960664502578, 0.0022913881993507734, 0.003818980332251289, 0.008210807714340271, 0.015657819362230284, 0.02195913691044491, 0.03265228184074852, 0.055566163834256256, 0.06568646171472217, 0.10674050028642353, 0.12659919801413022, 0.152568264273439, 0.09681115142257017, 0.1386289860607218, 0.061485583349245754, 0.035707466106549554, 0.035707466106549554, 0.012793584113041817, 0.008401756730952836, 0.008783654764177964, 0.0036280313156387247, 0.002864235249188467, 0.0011456940996753867, 0.0003818980332251289, 0.0, 0.0, 0.0, 0.0], [0.0, 0.0, 0.0010413567390657541, 0.001487652484379649, 0.001487652484379649, 0.003124070217197263, 0.00699196667658435, 0.01309134186254091, 0.021422195775066943, 0.03763760785480512, 0.06054745611425171, 0.07691163344242785, 0.09997024695031241, 0.12183873847069325, 0.1352276108301101, 0.12020232073787564, 0.10785480511752454, 0.05935733412674799, 0.06024992561737578, 0.024695031240702173, 0.015917881582862243, 0.01309134186254091, 0.008330853912526033, 0.0034216007140731924, 0.0025290092234454033, 0.0019339482296935435, 0.001487652484379649, 0.0001487652484379649, 0.0, 0.0, 0.0, 0.0, 0.0], [0.0, 0.0, 0.0, 0.0, 0.00012498437695288088, 0.0004999375078115235, 0.0018747656542932134, 0.001999750031246094, 0.0044994375703037125, 0.005249343832020997, 0.013248343957005373, 0.0196225471816023, 0.027746531683539556, 0.03362079740032496, 0.04911886014248219, 0.10273715785526809, 0.2157230346206724, 0.1431071116110486, 0.1911011123609549, 0.0679915010623672, 0.03899512560929884, 0.03712035995500562, 0.016372953380827397, 0.00987376577927759, 0.011748531433570804, 0.004374453193350831, 0.002124734408198975, 0.0006249218847644045, 0.0004999375078115235, 0.0, 0.0, 0.0, 0.0], [0.0002022653721682848, 0.0, 0.0, 0.0001011326860841424, 0.0001011326860841424, 0.00030339805825242716, 0.0012135922330097086, 0.0018203883495145632, 0.004146440129449838, 0.009911003236245955, 0.01608009708737864, 0.01901294498381877, 0.05622977346278317, 0.10507686084142395, 0.1262135922330097, 0.13339401294498382, 0.159789644012945, 0.10093042071197411, 0.1230784789644013, 0.05147653721682848, 0.029328478964401293, 0.02963187702265372, 0.01183252427184466, 0.0048543689320388345, 0.007483818770226537, 0.0029328478964401293, 0.0028317152103559872, 0.0006067961165048543, 0.0007079288025889968, 0.0006067961165048543, 0.0001011326860841424, 0.0, 0.0], [0.0, 0.0, 0.00019485580670303975, 0.00019485580670303975, 0.0003897116134060795, 0.0003897116134060795, 0.0011691348402182386, 0.0017537022603273578, 0.004286827747466875, 0.007014809041309431, 0.015003897116134061, 0.026110678098207326, 0.04579111457521434, 0.06780982073265783, 0.0970381917381138, 0.11788776305533905, 0.1627045985970382, 0.12061574434918161, 0.151987529228371, 0.06586126266562743, 0.043647700701480906, 0.034294621979735, 0.013445050662509743, 0.006430241621200311, 0.008963367108339828, 0.003312548713951676, 0.0019485580670303975, 0.000779423226812159, 0.00019485580670303975, 0.000779423226812159, 0.0, 0.0, 0.0], [0.0, 0.00025967281225655674, 0.00025967281225655674, 0.00025967281225655674, 0.0015580368735393405, 0.0023370553103090105, 0.0015580368735393405, 0.004933783432874578, 0.01116593092703194, 0.0192157881069852, 0.02960270059724747, 0.04726045183069333, 0.06803427681121786, 0.09192417553882108, 0.11295767333160218, 0.12204622176058166, 0.13243313425084394, 0.09919501428200467, 0.1020514152168268, 0.04544274214489743, 0.028304336535964685, 0.03116073747078681, 0.016359387172163075, 0.007530511555440145, 0.01350298623734095, 0.005453129057387691, 0.0025967281225655675, 0.001817709685795897, 0.0005193456245131135, 0.00025967281225655674, 0.0, 0.0, 0.0], [0.00019286403085824494, 0.00019286403085824494, 0.0007714561234329798, 0.0011571841851494697, 0.0003857280617164899, 0.0013500482160077145, 0.0034715525554484088, 0.006750241080038573, 0.012343297974927676, 0.020250723240115717, 0.033365477338476376, 0.053423336547733846, 0.07579556412729026, 0.10414657666345227, 0.12401157184185149, 0.12555448408871744, 0.13384763741562197, 0.08177434908389586, 0.1085824493731919, 0.04108003857280617, 0.022757955641272903, 0.023143683702989394, 0.010028929604628737, 0.0048216007714561235, 0.005400192864030858, 0.0017357762777242044, 0.0015429122468659595, 0.0013500482160077145, 0.0003857280617164899, 0.0003857280617164899, 0.0, 0.0, 0.0], [0.0, 0.0, 0.00012275963663147557, 0.00024551927326295114, 0.0003682789098944267, 0.00012275963663147557, 0.000859317456420329, 0.0018413945494721335, 0.0028234716425239383, 0.006383501104836729, 0.012398723299779032, 0.014608396759145593, 0.03977412226859808, 0.10643260495948932, 0.13454456174809723, 0.14448809231524676, 0.16437515344954579, 0.1010311809477044, 0.15418610360913332, 0.04075619936164989, 0.02246501350356003, 0.023692609869874787, 0.010066290203780998, 0.0058924625583108275, 0.006997299287994108, 0.001718634912840658, 0.0018413945494721335, 0.0014731156395777069, 0.00012275963663147557, 0.0003682789098944267, 0.0, 0.0, 0.0], [0.0, 0.0, 0.0, 0.006756756756756757, 0.006756756756756757, 0.006756756756756757, 0.0, 0.02702702702702703, 0.033783783783783786, 0.08783783783783784, 0.05405405405405406, 0.10135135135135136, 0.07432432432432433, 0.060810810810810814, 0.05405405405405406, 0.12162162162162163, 0.10135135135135136, 0.08783783783783784, 0.0472972972972973, 0.02027027027027027, 0.02027027027027027, 0.02027027027027027, 0.033783783783783786, 0.0, 0.006756756756756757, 0.013513513513513514, 0.0, 0.013513513513513514, 0.0, 0.0, 0.0, 0.0, 0.0], [0.00021630975556997622, 0.00010815487778498811, 0.0, 0.0, 0.0, 0.00010815487778498811, 0.00021630975556997622, 0.000973393900064893, 0.0023794073112697383, 0.004758814622539477, 0.007570841444949167, 0.010382868267358857, 0.022063595068137574, 0.030499675535366644, 0.07505948518278174, 0.19100151416828898, 0.21068570192515682, 0.13800562405364483, 0.1391953277092797, 0.06218905472636816, 0.03439325113562622, 0.035691109669046074, 0.013735669478693488, 0.0055158987670343934, 0.008760545100584036, 0.0030283365779796667, 0.0025957170668397143, 0.00021630975556997622, 0.0006489292667099286, 0.0, 0.0, 0.0, 0.0], [0.0, 0.0, 0.0, 0.00011748120300751879, 0.0, 0.00011748120300751879, 0.0010573308270676691, 0.00035244360902255637, 0.0012922932330827067, 0.002232142857142857, 0.004464285714285714, 0.007048872180451127, 0.011513157894736841, 0.016094924812030075, 0.07389567669172932, 0.1225328947368421, 0.17516447368421054, 0.14050751879699247, 0.19219924812030076, 0.08599624060150377, 0.05321898496240601, 0.05357142857142857, 0.019031954887218046, 0.01069078947368421, 0.0175046992481203, 0.005051691729323308, 0.0037593984962406013, 0.0015272556390977443, 0.00035244360902255637, 0.00023496240601503758, 0.00046992481203007516, 0.0, 0.0], [0.00019094901661256445, 9.547450830628223e-05, 0.0, 0.00019094901661256445, 0.00019094901661256445, 0.0005728470498376934, 0.0007637960664502578, 0.0018140156578193623, 0.002959709757494749, 0.005728470498376934, 0.010597670421997326, 0.013557380179492075, 0.017471835020049648, 0.025014321176245944, 0.0843039908344472, 0.1299408058048501, 0.15696009165552796, 0.13146839793775061, 0.1789192285659729, 0.0826809241932404, 0.050124116860798165, 0.0515562344853924, 0.022245560435363756, 0.011265991980141303, 0.01460759977086118, 0.004200878365476418, 0.0018140156578193623, 0.0003818980332251289, 0.0003818980332251289, 0.0, 0.0, 0.0, 0.0], [0.0, 0.0, 0.0, 0.001488095238095238, 0.001488095238095238, 0.0, 0.001488095238095238, 0.00744047619047619, 0.00744047619047619, 0.00744047619047619, 0.013392857142857142, 0.025297619047619048, 0.044642857142857144, 0.08928571428571429, 0.12053571428571429, 0.17857142857142858, 0.16666666666666666, 0.12202380952380952, 0.12053571428571429, 0.049107142857142856, 0.026785714285714284, 0.01488095238095238, 0.001488095238095238, 0.0, 0.0, 0.0, 0.0, 0.0, 0.0, 0.0, 0.0, 0.0, 0.0], [0.0, 0.0, 0.0, 8.793527963418924e-05, 0.0, 8.793527963418924e-05, 0.00026380583890256773, 0.0007914175167077031, 0.0016707703130495956, 0.0047485051002462185, 0.007474498768906085, 0.01283855082659163, 0.021192402391839605, 0.02743580724586704, 0.04053816391136124, 0.04862820963770665, 0.16074569117129792, 0.15256771016531834, 0.25123109391487863, 0.09110094970102005, 0.05214562082307422, 0.06999648258881463, 0.0220717551881815, 0.008793527963418923, 0.014509321139641224, 0.0045726345409778405, 0.004045022863172705, 0.0020225114315863524, 0.00026380583890256773, 0.00017587055926837847, 0.0, 0.0, 0.0], [9.69743987587277e-05, 9.69743987587277e-05, 9.69743987587277e-05, 0.0, 0.0003878975950349108, 0.0003878975950349108, 0.0002909231962761831, 0.000969743987587277, 0.0010667183863460046, 0.005139643134212568, 0.009600465477114042, 0.01900698215671063, 0.03316524437548487, 0.044899146625290924, 0.06603956555469356, 0.07748254460822343, 0.13789759503491078, 0.1929790535298681, 0.2135376260667184, 0.08863460046547711, 0.04315360744763382, 0.03714119472459271, 0.01386733902249806, 0.004848719937936384, 0.004848719937936384, 0.0032971295577967417, 0.0006788207913110939, 0.0003878975950349108, 0.0, 0.0, 0.0, 0.0, 0.0], [0.0, 0.000106928999144568, 0.0, 0.000106928999144568, 0.000213857998289136, 0.00053464499572284, 0.0007485029940119761, 0.0018177929854576562, 0.005560307955517536, 0.012510692899914458, 0.021813515825491875, 0.035821214713430284, 0.055068434559452525, 0.07880667236954662, 0.10179640718562874, 0.13312660393498718, 0.15526090675791274, 0.11142001710863986, 0.13312660393498718, 0.05955945252352438, 0.03528656971770744, 0.03015397775876818, 0.01240376390076989, 0.006201881950384945, 0.005025662959794696, 0.002780153977758768, 0.000427715996578272, 0.00032078699743370403, 0.0, 0.0, 0.0, 0.0, 0.0], [0.0, 0.0, 0.0, 0.0, 0.0004930358683594232, 0.0003697769012695674, 0.0013558486379884136, 0.0016023665721681252, 0.004437322815234808, 0.00850486872920005, 0.01639344262295082, 0.026254159990139282, 0.04104523604092198, 0.06631332429434242, 0.09910020954024405, 0.12732651300382103, 0.15271786022433131, 0.09971650437569334, 0.16627634660421545, 0.06064341180820905, 0.037347467028226305, 0.039935905337113276, 0.01787255022802909, 0.007395538025391347, 0.011216566005176877, 0.00468384074941452, 0.004067545913965241, 0.002218661407617404, 0.001232589670898558, 0.0004930358683594232, 0.0009860717367188463, 0.0, 0.0], [0.0, 0.00018375597206909226, 0.00018375597206909226, 0.0003675119441381845, 0.0011025358324145535, 0.0011025358324145535, 0.0018375597206909224, 0.006615214994487321, 0.016905549430356485, 0.025725836089672913, 0.04483645718485851, 0.060823226754869536, 0.07901506798970967, 0.10363836824696802, 0.12642410878353547, 0.11925762587284086, 0.1447997059904447, 0.07478868063212055, 0.10216832047041528, 0.028114663726571114, 0.021683204704152886, 0.020213156927600145, 0.00735023888276369, 0.003858875413450937, 0.005145167217934583, 0.0012862918044836457, 0.002021315692760015, 0.0003675119441381845, 0.00018375597206909226, 0.0, 0.0, 0.0, 0.0], [0.0, 0.0, 0.0, 0.0008055853920515575, 0.0026852846401718583, 0.001611170784103115, 0.004027926960257788, 0.007787325456498389, 0.01288936627282492, 0.015843179377013964, 0.027389903329752954, 0.04269602577873254, 0.05853920515574651, 0.08243823845327605, 0.12406015037593984, 0.12781954887218044, 0.1476906552094522, 0.09908700322234157, 0.10687432867883996, 0.04833512352309345, 0.024704618689581095, 0.022556390977443608, 0.01288936627282492, 0.009398496240601503, 0.008055853920515575, 0.004564983888292159, 0.002953813104189044, 0.0037593984962406013, 0.0005370569280343716, 0.0, 0.0, 0.0, 0.0], [0.00022338880822070814, 0.0, 0.0, 0.0, 0.0004467776164414163, 0.0004467776164414163, 0.0016754160616553112, 0.0034625265274209763, 0.004914553780855579, 0.00960571875349045, 0.028146989835809225, 0.05707584050039093, 0.08164860940466882, 0.11627387467887859, 0.14341561487769464, 0.14363900368591534, 0.1371607282475148, 0.0766223612197029, 0.09304143862392494, 0.0328381548084441, 0.02133363118507763, 0.023455824863174355, 0.009494024349380096, 0.004691164972634871, 0.006478275438400536, 0.001563721657544957, 0.0012286384452138948, 0.0007818608287724785, 0.0, 0.0003350832123310622, 0.0, 0.0, 0.0], [0.0, 0.0, 0.0, 0.000281928390188892, 0.000140964195094446, 0.000140964195094446, 0.00140964195094446, 0.00042289258528333803, 0.00211446292641669, 0.0046518184381167185, 0.008034959120383423, 0.010431350436989005, 0.05610374964758951, 0.08584719481251762, 0.1057231463208345, 0.1329292359740626, 0.15618832816464617, 0.10276289822385114, 0.14928108260501832, 0.060050747110234004, 0.034113335212855936, 0.037355511700028196, 0.01691570341133352, 0.007189173949816746, 0.013673526924161263, 0.0046518184381167185, 0.00493374682830561, 0.00281928390188892, 0.0009867493656611221, 0.000563856780377784, 0.000281928390188892, 0.0, 0.0], [0.0, 0.0, 0.0, 0.00017812611328820805, 0.0010687566797292483, 0.0016031350195938724, 0.0026718916993231207, 0.004453152832205202, 0.006768792304951906, 0.01834698966868543, 0.029568934805842537, 0.04061275382971143, 0.06946918418240114, 0.08977556109725686, 0.11685073031706449, 0.13252582828642678, 0.1419665122907018, 0.0929818311364446, 0.12290701816886355, 0.046847167794798715, 0.027253295333095832, 0.02458140363377271, 0.009796936230851443, 0.004453152832205202, 0.006056287851799074, 0.0008906305664410402, 0.003918774492340577, 0.003384396152475953, 0.0007125044531528322, 0.0003562522265764161, 0.0, 0.0, 0.0], [0.00011469205184080744, 0.0, 0.0, 0.0, 0.00011469205184080744, 0.0010322284665672669, 0.0006881523110448446, 0.0022938410368161487, 0.002867301296020186, 0.005849294643881179, 0.014107122376419314, 0.02190618190159422, 0.03578392017433192, 0.04312421149214359, 0.060098635164583095, 0.1820162862713614, 0.19612340864778072, 0.13361624039454065, 0.1433650648010093, 0.06525977749741943, 0.03910998967771533, 0.026493863975226517, 0.01296020185801124, 0.004358297969950683, 0.005275834384677142, 0.001835072829452919, 0.0011469205184080743, 0.0003440761555224223, 0.00011469205184080744, 0.0, 0.0, 0.0, 0.0], [0.0, 0.0, 0.0, 0.00015625, 0.00015625, 0.00046875, 0.0009375, 0.00328125, 0.00625, 0.0084375, 0.024375, 0.0334375, 0.06890625, 0.096875, 0.12703125, 0.14578125, 0.15625, 0.1028125, 0.10984375, 0.0396875, 0.02703125, 0.01859375, 0.0103125, 0.004375, 0.00828125, 0.00265625, 0.00265625, 0.000625, 0.000625, 0.0, 0.00015625, 0.0, 0.0], [0.0, 0.0, 0.0, 0.00016051364365971107, 0.0, 0.0006420545746388443, 0.0009630818619582664, 0.0009630818619582664, 0.002407704654895666, 0.004333868378812199, 0.012680577849117174, 0.021508828250401284, 0.0391653290529695, 0.06147672552166934, 0.09213483146067415, 0.11829855537720706, 0.156661316211878, 0.11027287319422151, 0.17030497592295346, 0.06821829855537721, 0.04285714285714286, 0.04301765650080257, 0.01942215088282504, 0.010272873194221509, 0.012359550561797753, 0.006581059390048154, 0.003531300160513644, 0.0014446227929373998, 0.00016051364365971107, 0.00016051364365971107, 0.0, 0.0, 0.0], [0.0, 0.0, 0.00011388224575788635, 0.0, 0.0002277644915157727, 0.00034164673727365904, 0.00034164673727365904, 0.0012527047033367498, 0.0011388224575788635, 0.0037581141100102495, 0.006832934745473181, 0.01617127889761986, 0.02744562122765061, 0.04555289830315454, 0.11035189613939186, 0.15123562236647306, 0.16877348821318755, 0.10249402118209772, 0.16672360778954562, 0.060243708005921874, 0.041567019701628516, 0.036556200888281515, 0.02186539118551418, 0.01184375355882018, 0.014690809702767338, 0.004783054321831227, 0.002960938389705045, 0.0021637626693998407, 0.0004555289830315454, 0.00011388224575788635, 0.0, 0.0, 0.0], [0.0, 0.0, 9.121590805436468e-05, 0.0, 9.121590805436468e-05, 9.121590805436468e-05, 9.121590805436468e-05, 0.0008209431724892822, 0.0018243181610872936, 0.004652011310772599, 0.008847943081273374, 0.01614521572562255, 0.02791206786463559, 0.036121499589528414, 0.05454711301651008, 0.059381556143391405, 0.07279029462738301, 0.15552312323269177, 0.28596187175043325, 0.10298276019337772, 0.059655203867554504, 0.06321262428167472, 0.015871568001459453, 0.007844568092675362, 0.01422968165648089, 0.00565538629937061, 0.0032837726899571287, 0.0011858068047067409, 0.0006385113563805528, 0.0005472954483261881, 0.0, 0.0, 0.0], [0.0, 0.0, 0.0, 0.0, 0.0, 0.0001029336078229542, 0.001029336078229542, 0.0027792074112197632, 0.005249613998970664, 0.00977869274318065, 0.01791044776119403, 0.03283582089552239, 0.050952135872362324, 0.07647967061245496, 0.11199176531137417, 0.13793103448275862, 0.1737519300051467, 0.11096242923314462, 0.1523417395779722, 0.04734945959855893, 0.025012866700977868, 0.027277406073082863, 0.00761708697889861, 0.0033968090581574886, 0.0024704065877509005, 0.0009264024704065877, 0.001132269686052496, 0.0006176016469377251, 0.0001029336078229542, 0.0, 0.0, 0.0, 0.0], [0.0, 0.0031746031746031746, 0.0, 0.0031746031746031746, 0.006349206349206349, 0.01904761904761905, 0.025396825396825397, 0.047619047619047616, 0.08888888888888889, 0.05396825396825397, 0.050793650793650794, 0.06984126984126984, 0.0761904761904762, 0.11428571428571428, 0.12698412698412698, 0.09206349206349207, 0.09206349206349207, 0.0380952380952381, 0.0380952380952381, 0.022222222222222223, 0.006349206349206349, 0.009523809523809525, 0.0031746031746031746, 0.012698412698412698, 0.0, 0.0, 0.0, 0.0, 0.0, 0.0, 0.0, 0.0, 0.0]]}, "ranks": {"labels": ["Unranked", "Combatatent I", "Combatatent II", "Challenger I", "Challenger II", "Rival I", "Rival II", "Duelist", "Elite"], "data": [[0.130568356374808, 0.19201228878648233, 0.24270353302611367, 0.2196620583717358, 0.11981566820276497, 0.06144393241167435, 0.018433179723502304, 0.01228878648233487, 0.0030721966205837174], [0.06334231805929919, 0.09380053908355795, 0.17466307277628032, 0.2579514824797844, 0.2334231805929919, 0.12587601078167115, 0.03018867924528302, 0.015633423180592992, 0.005121293800539084], [0.007547607988852764, 0.012656758012076172, 0.031351602415234554, 0.06386437529029261, 0.2884347422201579, 0.38446353924756155, 0.08871342313051556, 0.09022294472828611, 0.03274500696702276], [0.015426497277676952, 0.0249546279491833, 0.05490018148820327, 0.09562159709618875, 0.11705989110707804, 0.3672867513611615, 0.1496143375680581, 0.1354355716878403, 0.0397005444646098], [0.1813186813186813, 0.15934065934065933, 0.2087912087912088, 0.1978021978021978, 0.10989010989010989, 0.08241758241758242, 0.04945054945054945, 0.01098901098901099, 0.0], [0.007398916215089621, 0.01886202584410171, 0.1362025844101709, 0.26000416840350143, 0.273551479783243, 0.16954981242184244, 0.055752396832013336, 0.05929553980825344, 0.019383076281784078], [0.08556263269639065, 0.11825902335456476, 0.20934182590233547, 0.2386411889596603, 0.18747346072186835, 0.08895966029723991, 0.0267515923566879, 0.030148619957537155, 0.014861995753715499], [0.2608695652173913, 0.2492753623188406, 0.2144927536231884, 0.1391304347826087, 0.06376811594202898, 0.05217391304347826, 0.014492753623188406, 0.005797101449275362, 0.0], [0.032573961447273474, 0.0609215544789197, 0.08926914751056592, 0.1706009689722709, 0.31275126275641685, 0.17121946191114318, 0.06669415524172766, 0.07122977012679105, 0.02473971755489125], [0.014913657770800628, 0.029042386185243328, 0.060047095761381473, 0.13854003139717425, 0.19113029827315542, 0.21271585557299844, 0.10832025117739404, 0.15894819466248036, 0.08634222919937205], [0.031888485774298266, 0.05461141875119343, 0.12125262554897842, 0.23333969830055376, 0.24937941569600916, 0.17414550315065877, 0.061676532365858315, 0.056902806950544206, 0.016803513461905673], [0.08628384409401964, 0.13745908955667957, 0.22180898542100566, 0.2554299315679857, 0.16721213924427253, 0.07274620648616484, 0.028116631954775366, 0.024843796489140136, 0.006099375185956561], [0.014248218972628422, 0.03287089113860767, 0.06136732908386452, 0.15185601799775028, 0.35883014623172105, 0.23097112860892388, 0.06711661042369704, 0.06336707911511061, 0.01937257842769654], [0.01779935275080906, 0.035093042071197414, 0.1613066343042071, 0.25960760517799353, 0.2607200647249191, 0.15230582524271843, 0.05157766990291262, 0.046318770226537215, 0.015271035598705502], [0.01539360872954014, 0.041114575214341385, 0.11360093530787217, 0.21492595479345283, 0.28332034294621977, 0.1892049883086516, 0.07229150428682775, 0.05416991426344505, 0.01597817614964926], [0.04154764996104908, 0.0768631524279408, 0.15995845235003894, 0.23500389509218386, 0.2316281485328486, 0.1249026226954038, 0.05089587120228512, 0.05505063619839003, 0.024149571539859777], [0.04686595949855352, 0.08678881388621022, 0.17994214079074253, 0.24956605593056894, 0.21562198649951783, 0.13288331726133076, 0.03953712632594021, 0.03799421407907425, 0.010800385728061716], [0.012767002209673459, 0.027007120058924625, 0.14620672722808742, 0.279032654063344, 0.2654063343972502, 0.17517800147311563, 0.0422293150012276, 0.03965136263196661, 0.012521482936410509], [0.16891891891891891, 0.1554054054054054, 0.13513513513513514, 0.17567567567567569, 0.1891891891891892, 0.05405405405405406, 0.033783783783783786, 0.05405405405405406, 0.033783783783783786], [0.008760545100584036, 0.017953709712308027, 0.05256327060350422, 0.26606099935107075, 0.34869132597880165, 0.17499459225611075, 0.060783041315163315, 0.05494267791477395, 0.015249837767683322], [0.005169172932330827, 0.011513157894736841, 0.02760808270676692, 0.19642857142857142, 0.31567199248120303, 0.24024906015037595, 0.09116541353383459, 0.08329417293233082, 0.028900375939849624], [0.012507160588122972, 0.0241550506014894, 0.04248615619629559, 0.2142447966392973, 0.2884284895932786, 0.2256062631277449, 0.08611800649226657, 0.08506778690089746, 0.021386289860607217], [0.026785714285714284, 0.03869047619047619, 0.13392857142857142, 0.29910714285714285, 0.28869047619047616, 0.15178571428571427, 0.044642857142857144, 0.01636904761904762, 0.0], [0.007650369328174464, 0.020313049595497713, 0.04862820963770665, 0.08916637354906788, 0.3133134013366162, 0.30408019697502636, 0.09039746746394653, 0.10086176574041505, 0.025589166373549067], [0.008533747090768037, 0.02860744763382467, 0.07806439100077579, 0.143522110162917, 0.3308766485647789, 0.26522498060512023, 0.08010085337470908, 0.055857253685027156, 0.009212567882079132], [0.021599657827202738, 0.05763473053892216, 0.13387510692899915, 0.23492301112061592, 0.2666809238665526, 0.16563301967493585, 0.062339606501283146, 0.04875962360992301, 0.00855431993156544], [0.01676321952422039, 0.0426476026130901, 0.10735856033526439, 0.22642672254406507, 0.25243436460002466, 0.19869345494884752, 0.06557377049180328, 0.06520399359053371, 0.02489831135215087], [0.05402425578831312, 0.10565968393972804, 0.18265343623667768, 0.24568173465637633, 0.21958838662256525, 0.11760382212421903, 0.03436236677692025, 0.031422271223814774, 0.00900404263138552], [0.04564983888292159, 0.0700859291084855, 0.14097744360902256, 0.2518796992481203, 0.24677765843179378, 0.13372717508055854, 0.04618689581095596, 0.04484425349087003, 0.01987110633727175], [0.020775159164525856, 0.08522283033620015, 0.1979224840835474, 0.28705461856361, 0.2137830894672177, 0.11225287613090584, 0.034960348486540824, 0.03764101418518932, 0.010387579582262928], [0.009162672681138991, 0.018466309557372426, 0.14195094446010714, 0.2386523822948971, 0.2589512263884973, 0.18099802650126867, 0.062447138426839584, 0.06146038906117846, 0.02791091062870031], [0.03509084431777699, 0.07018168863555398, 0.15924474527965798, 0.24937655860349128, 0.23494834342714643, 0.1505165657285358, 0.0464909155682223, 0.03883149269682935, 0.015318845742785893], [0.01296020185801124, 0.03601330427801353, 0.07890813166647552, 0.24211492143594449, 0.3297396490423214, 0.17949306113086363, 0.06824177084528042, 0.04381236380318844, 0.008716595939901366], [0.0196875, 0.0578125, 0.16578125, 0.2728125, 0.2590625, 0.13140625, 0.04515625, 0.03328125, 0.015], [0.009470304975922954, 0.03418940609951846, 0.10064205457463885, 0.2104333868378812, 0.26693418940609953, 0.20802568218298556, 0.07335473515248796, 0.07271268057784912, 0.024237560192616373], [0.00717458148274684, 0.023004213643093043, 0.07299851953080515, 0.2615875185058649, 0.27126750939528527, 0.19997722355084843, 0.06855711194624758, 0.07026534563261587, 0.025167976312492884], [0.007662136276566633, 0.024993158806895923, 0.06403356745416401, 0.11392866915990149, 0.2283134178600748, 0.34370154154884613, 0.10489829426251938, 0.08692876037580954, 0.02554045425522211], [0.01893978383942357, 0.050746268656716415, 0.1274318064848173, 0.2499227997941328, 0.2847143592382913, 0.1788986103962944, 0.04580545548121462, 0.03829130211013896, 0.005249613998970664], [0.24761904761904763, 0.12063492063492064, 0.19047619047619047, 0.21904761904761905, 0.13015873015873017, 0.044444444444444446, 0.022222222222222223, 0.025396825396825397, 0.0]]}, "ranksDetailed": {"labels": ["Unranked", "Combatatant", "Challenger", "Rival", "Duelist", "Elite"], "data": [[0.130568356374808, 0.434715821812596, 0.33947772657450076, 0.07987711213517665, 0.01228878648233487, 0.0030721966205837174], [0.06334231805929919, 0.2684636118598383, 0.4913746630727763, 0.15606469002695417, 0.015633423180592992, 0.005121293800539084], [0.007547607988852764, 0.04400836042731073, 0.3522991175104505, 0.4731769623780771, 0.09022294472828611, 0.03274500696702276], [0.015426497277676952, 0.07985480943738657, 0.2126814882032668, 0.5169010889292196, 0.1354355716878403, 0.0397005444646098], [0.1813186813186813, 0.36813186813186816, 0.3076923076923077, 0.13186813186813187, 0.01098901098901099, 0.0], [0.007398916215089621, 0.15506461025427262, 0.5335556481867445, 0.22530220925385577, 0.05929553980825344, 0.019383076281784078], [0.08556263269639065, 0.3276008492569002, 0.4261146496815287, 0.11571125265392782, 0.030148619957537155, 0.014861995753715499], [0.2608695652173913, 0.463768115942029, 0.2028985507246377, 0.06666666666666667, 0.005797101449275362, 0.0], [0.032573961447273474, 0.15019070198948561, 0.48335223172868774, 0.23791361715287085, 0.07122977012679105, 0.02473971755489125], [0.014913657770800628, 0.0890894819466248, 0.32967032967032966, 0.32103610675039246, 0.15894819466248036, 0.08634222919937205], [0.031888485774298266, 0.17586404430017186, 0.4827191139965629, 0.2358220355165171, 0.056902806950544206, 0.016803513461905673], [0.08628384409401964, 0.3592680749776852, 0.42264207081225824, 0.1008628384409402, 0.024843796489140136, 0.006099375185956561], [0.014248218972628422, 0.09423822022247219, 0.5106861642294713, 0.2980877390326209, 0.06336707911511061, 0.01937257842769654], [0.01779935275080906, 0.19639967637540454, 0.5203276699029126, 0.20388349514563106, 0.046318770226537215, 0.015271035598705502], [0.01539360872954014, 0.15471551052221355, 0.49824629773967266, 0.26149649259547936, 0.05416991426344505, 0.01597817614964926], [0.04154764996104908, 0.23682160477797976, 0.46663204362503247, 0.17579849389768892, 0.05505063619839003, 0.024149571539859777], [0.04686595949855352, 0.26673095467695274, 0.46518804243008677, 0.17242044358727096, 0.03799421407907425, 0.010800385728061716], [0.012767002209673459, 0.17321384728701203, 0.5444389884605941, 0.21740731647434325, 0.03965136263196661, 0.012521482936410509], [0.16891891891891891, 0.2905405405405405, 0.36486486486486486, 0.08783783783783784, 0.05405405405405406, 0.033783783783783786], [0.008760545100584036, 0.07051698031581224, 0.6147523253298723, 0.23577763357127407, 0.05494267791477395, 0.015249837767683322], [0.005169172932330827, 0.03912124060150376, 0.5121005639097744, 0.3314144736842105, 0.08329417293233082, 0.028900375939849624], [0.012507160588122972, 0.06664120679778499, 0.5026732862325759, 0.31172426962001143, 0.08506778690089746, 0.021386289860607217], [0.026785714285714284, 0.17261904761904762, 0.5877976190476191, 0.19642857142857142, 0.01636904761904762, 0.0], [0.007650369328174464, 0.06894125923320436, 0.40247977488568415, 0.3944776644389729, 0.10086176574041505, 0.025589166373549067], [0.008533747090768037, 0.10667183863460046, 0.4743987587276959, 0.3453258339798293, 0.055857253685027156, 0.009212567882079132], [0.021599657827202738, 0.1915098374679213, 0.5016039349871685, 0.227972626176219, 0.04875962360992301, 0.00855431993156544], [0.01676321952422039, 0.1500061629483545, 0.47886108714408976, 0.2642672254406508, 0.06520399359053371, 0.02489831135215087], [0.05402425578831312, 0.28831312017640576, 0.4652701212789416, 0.15196618890113928, 0.031422271223814774, 0.00900404263138552], [0.04564983888292159, 0.21106337271750805, 0.4986573576799141, 0.1799140708915145, 0.04484425349087003, 0.01987110633727175], [0.020775159164525856, 0.28314531441974755, 0.5008377080308276, 0.14721322461744665, 0.03764101418518932, 0.010387579582262928], [0.009162672681138991, 0.16041725401747955, 0.4976036086833944, 0.24344516492810825, 0.06146038906117846, 0.02791091062870031], [0.03509084431777699, 0.22942643391521197, 0.4843249020306377, 0.1970074812967581, 0.03883149269682935, 0.015318845742785893], [0.01296020185801124, 0.11492143594448904, 0.5718545704782658, 0.24773483197614404, 0.04381236380318844, 0.008716595939901366], [0.0196875, 0.22359375, 0.531875, 0.1765625, 0.03328125, 0.015], [0.009470304975922954, 0.1348314606741573, 0.47736757624398074, 0.28138041733547353, 0.07271268057784912, 0.024237560192616373], [0.00717458148274684, 0.0960027331738982, 0.5328550279011502, 0.268534335497096, 0.07026534563261587, 0.025167976312492884], [0.007662136276566633, 0.08902672626105992, 0.34224208701997627, 0.4485998358113655, 0.08692876037580954, 0.02554045425522211], [0.01893978383942357, 0.17817807514153372, 0.534637159032424, 0.22470406587750902, 0.03829130211013896, 0.005249613998970664], [0.24761904761904763, 0.3111111111111111, 0.3492063492063492, 0.06666666666666667, 0.025396825396825397, 0.0]]}}}, "eu": {"histType": {"histogram": {"labels": ["0", "100", "200", "300", "400", "500", "600", "700", "800", "900", "1000", "1100", "1200", "1300", "1400", "1500", "1600", "1700", "1800", "1900", "2000", "2100", "2200", "2300", "2400", "2500", "2600", "2700", "2800", "2900", "3000", "3100", "3200"], "data": [[0.0, 0.0, 0.00202020202020202, 0.0, 0.0, 0.00404040404040404, 0.012121212121212121, 0.026262626262626262, 0.046464646464646465, 0.07878787878787878, 0.07878787878787878, 0.10505050505050505, 0.08686868686868687, 0.13131313131313133, 0.14343434343434344, 0.09090909090909091, 0.06666666666666667, 0.04040404040404041, 0.04242424242424243, 0.01818181818181818, 0.014141414141414142, 0.00808080808080808, 0.00404040404040404, 0.0, 0.0, 0.0, 0.0, 0.0, 0.0, 0.0, 0.0, 0.0, 0.0], [0.00029507229271171436, 0.00029507229271171436, 0.0005901445854234287, 0.0008852168781351431, 0.002360578341693715, 0.0035408675125405725, 0.006196518146946002, 0.011212747123045146, 0.02095013278253172, 0.03363824136913544, 0.04396577161404544, 0.06639126586013573, 0.08114488049572145, 0.10593095308350546, 0.12776630274417233, 0.13396282089111833, 0.14251991737975805, 0.06668633815284744, 0.09206255532605488, 0.02508114488049572, 0.01150781941575686, 0.01150781941575686, 0.00472115668338743, 0.0026556506344054295, 0.0029507229271171437, 0.0005901445854234287, 0.0005901445854234287, 0.0, 0.0, 0.0, 0.0, 0.0, 0.0], [0.0, 0.0, 0.0, 0.00011724703951225231, 0.00011724703951225231, 0.00011724703951225231, 0.0, 0.0008207292765857662, 0.001875952632196037, 0.002579434869269551, 0.005862351975612616, 0.009497010200492437, 0.011841950990737484, 0.015476609215617306, 0.02567710165318326, 0.0354086059327002, 0.2173760112557158, 0.14737952866690116, 0.29769023332160865, 0.07773478719662329, 0.05123695626685426, 0.0531129088990503, 0.017469808887325595, 0.0065658342126861296, 0.011490209872200726, 0.0048071286200023445, 0.0036346582248798216, 0.0016414585531715324, 0.00023449407902450463, 0.00023449407902450463, 0.0, 0.0, 0.0], [0.0, 0.0, 0.0, 0.0001087547580206634, 0.0001087547580206634, 0.0002175095160413268, 0.0007612833061446438, 0.0020663404023926048, 0.002392604676454595, 0.005981511691136488, 0.011636759108210984, 0.017400761283306143, 0.020554649265905382, 0.02686242523110386, 0.04284937466014138, 0.054377379010331704, 0.07797716150081566, 0.05318107667210441, 0.29015769439913, 0.1397498640565525, 0.08689505165851005, 0.08232735182164219, 0.03066884176182708, 0.013268080478520934, 0.02272974442631865, 0.009352909189777053, 0.004241435562805873, 0.0031538879825992387, 0.0007612833061446438, 0.0002175095160413268, 0.0, 0.0, 0.0], [0.0, 0.0, 0.0, 0.0, 0.0, 0.018072289156626505, 0.030120481927710843, 0.05421686746987952, 0.06626506024096386, 0.05421686746987952, 0.060240963855421686, 0.08433734939759036, 0.06626506024096386, 0.1144578313253012, 0.08433734939759036, 0.14457831325301204, 0.012048192771084338, 0.06626506024096386, 0.04819277108433735, 0.04216867469879518, 0.030120481927710843, 0.006024096385542169, 0.0, 0.006024096385542169, 0.012048192771084338, 0.0, 0.0, 0.0, 0.0, 0.0, 0.0, 0.0, 0.0], [0.0, 0.00010396091069757771, 0.00010396091069757771, 0.00020792182139515541, 0.00031188273209273315, 0.00010396091069757771, 0.00020792182139515541, 0.0011435700176733548, 0.0019752573032539764, 0.003950514606507953, 0.007797068302318328, 0.028797172263229025, 0.058426031812038676, 0.08275288491527186, 0.11997089094500468, 0.13234223931801642, 0.1530304605468344, 0.10666389437571473, 0.14128287763800812, 0.05281214263436948, 0.03129223411997089, 0.03836157604740618, 0.014554527497660879, 0.005405967356274041, 0.010188169248362616, 0.004262397338600686, 0.002495061856741865, 0.0007277263748830439, 0.00020792182139515541, 0.00041584364279031083, 0.00010396091069757771, 0.0, 0.0], [0.0001988862370723946, 0.0003977724741447892, 0.0003977724741447892, 0.0013922036595067622, 0.003579952267303103, 0.003579952267303103, 0.007159904534606206, 0.012927605409705648, 0.024860779634049323, 0.03898170246618934