{"region": {"us": {"histType": {"histogram": {"labels": ["0", "100", "200", "300", "400", "500", "600", "700", "800", "900", "1000", "1100", "1200", "1300", "1400", "1500", "1600", "1700", "1800", "1900", "2000", "2100", "2200", "2300", "2400", "2500", "2600", "2700", "2800", "2900", "3000", "3100", "3200"], "data": [[0.0, 0.0, 0.004672897196261682, 0.004672897196261682, 0.004672897196261682, 0.007009345794392523, 0.02102803738317757, 0.016355140186915886, 0.04205607476635514, 0.04439252336448598, 0.08644859813084112, 0.10514018691588785, 0.12149532710280374, 0.12383177570093458, 0.11214953271028037, 0.09345794392523364, 0.06775700934579439, 0.04439252336448598, 0.035046728971962614, 0.03271028037383177, 0.011682242990654205, 0.007009345794392523, 0.007009345794392523, 0.0, 0.007009345794392523, 0.0, 0.0, 0.0, 0.0, 0.0, 0.0, 0.0, 0.0], [0.0, 0.0003154574132492114, 0.0, 0.0003154574132492114, 0.0006309148264984228, 0.0015772870662460567, 0.00473186119873817, 0.007886435331230283, 0.011356466876971609, 0.026813880126182965, 0.03785488958990536, 0.05362776025236593, 0.07949526813880126, 0.09116719242902208, 0.12176656151419558, 0.13438485804416403, 0.15173501577287066, 0.08548895899053628, 0.11167192429022083, 0.04037854889589906, 0.014826498422712935, 0.009779179810725552, 0.005362776025236593, 0.0018927444794952682, 0.002523659305993691, 0.0009463722397476341, 0.0018927444794952682, 0.0012618296529968455, 0.0003154574132492114, 0.0, 0.0, 0.0, 0.0], [0.0001115822361080116, 0.0, 0.0, 0.0002231644722160232, 0.0002231644722160232, 0.0002231644722160232, 0.0002231644722160232, 0.0005579111805400581, 0.0026779736665922785, 0.0032358848471323366, 0.0054675295692925684, 0.007810756527560812, 0.012050881499665253, 0.01941530908279402, 0.025887078777058693, 0.0499888417763892, 0.20330283418879713, 0.1317786208435617, 0.2940191921446106, 0.07944655210890426, 0.048315108234769026, 0.05701852265119393, 0.019303726846686006, 0.00981923677750502, 0.01885739790225396, 0.00557911180540058, 0.0026779736665922785, 0.0012274045971881276, 0.0001115822361080116, 0.0004463289444320464, 0.0, 0.0, 0.0], [0.0, 0.0, 0.0, 0.0, 0.00010682619378271552, 0.00010682619378271552, 0.0007477833564790087, 0.001816045294306164, 0.004593526332656767, 0.007691485952355518, 0.011323576540967845, 0.013780578997970302, 0.02531780792650358, 0.031086422390770217, 0.044760175194957806, 0.05512231599188121, 0.14870206174554002, 0.14613823309475482, 0.25937399850443327, 0.09582309582309582, 0.05394722786027134, 0.0564042303172738, 0.01933554107467151, 0.006409571626962931, 0.011323576540967845, 0.00309795961969875, 0.002457002457002457, 0.0005341309689135776, 0.0, 0.0, 0.0, 0.0, 0.0], [0.0, 0.0, 0.0, 0.0, 0.007042253521126761, 0.007042253521126761, 0.02112676056338028, 0.035211267605633804, 0.04929577464788732, 0.056338028169014086, 0.06338028169014084, 0.08450704225352113, 0.1056338028169014, 0.13380281690140844, 0.09154929577464789, 0.09154929577464789, 0.04929577464788732, 0.028169014084507043, 0.09154929577464789, 0.04225352112676056, 0.014084507042253521, 0.02112676056338028, 0.007042253521126761, 0.0, 0.0, 0.0, 0.0, 0.0, 0.0, 0.0, 0.0, 0.0, 0.0], [0.0, 0.0, 0.0, 0.0, 0.0, 0.0, 0.00010866021949364337, 0.004020428121264805, 0.0048897098772139515, 0.011735303705313485, 0.020102140606324023, 0.0303162012387265, 0.05454743018580897, 0.08171248505921982, 0.10931218081060523, 0.13093556448984026, 0.16168640660654135, 0.09551233293491253, 0.13495599261110508, 0.05356948821036619, 0.030098880799739214, 0.0368358144083451, 0.01608171248505922, 0.006084972291644029, 0.011083342388351625, 0.0030424861458220147, 0.0018472237313919375, 0.000869281755949147, 0.0004346408779745735, 0.00010866021949364337, 0.00010866021949364337, 0.0, 0.0], [0.0, 0.00023736055067647758, 0.00023736055067647758, 0.0018988844054118206, 0.0014241633040588653, 0.0035604082601471635, 0.006408734868264894, 0.0137669119392357, 0.022074531212912415, 0.03441727984808925, 0.05174460004747211, 0.06622359363873724, 0.09565630192262047, 0.10989793496320911, 0.11274626157132685, 0.12295276525041537, 0.12129124139568004, 0.06717303584144316, 0.07571801566579635, 0.029670068834559696, 0.016852599098029906, 0.016852599098029906, 0.010206503679088536, 0.004747211013529551, 0.006171374317588417, 0.0030856871587942084, 0.0028483266081177306, 0.0009494422027059103, 0.00047472110135295516, 0.00023736055067647758, 0.00047472110135295516, 0.0, 0.0], [0.003125, 0.0, 0.0, 0.00625, 0.009375, 0.021875, 0.0125, 0.0375, 0.059375, 0.096875, 0.121875, 0.125, 0.1125, 0.096875, 0.078125, 0.0625, 0.053125, 0.025, 0.034375, 0.028125, 0.003125, 0.003125, 0.003125, 0.00625, 0.0, 0.0, 0.0, 0.0, 0.0, 0.0, 0.0, 0.0, 0.0], [0.0002919992213354098, 0.00019466614755693986, 0.0004866653688923496, 0.0002919992213354098, 0.0004866653688923496, 0.001265329959120109, 0.0014599961066770488, 0.004185322172474207, 0.007786645902277594, 0.016157290247226008, 0.02608526377262994, 0.034845240412692234, 0.04321588475764065, 0.04973720070079813, 0.13052365193692816, 0.15485692038154564, 0.15485692038154564, 0.10317305820517812, 0.11125170332879113, 0.05119719680747518, 0.03338524430601519, 0.029881253649990266, 0.017519953280124588, 0.009149308935176173, 0.010998637336967102, 0.003893322951138797, 0.0018493284017909286, 0.0003893322951138797, 0.0005839984426708196, 0.0, 0.0, 0.0, 0.0], [0.0, 0.0, 0.0, 0.0, 0.000791765637371338, 0.000395882818685669, 0.0011876484560570072, 0.0011876484560570072, 0.001583531274742676, 0.00791765637371338, 0.01227236737925574, 0.013460015835312747, 0.022169437846397466, 0.03483768804433888, 0.05661124307205067, 0.07561361836896278, 0.0958036421219319, 0.08986539984164688, 0.1789390340459224, 0.07046714172604909, 0.07957244655581948, 0.10015835312747427, 0.04592240696753761, 0.019002375296912115, 0.05146476642913698, 0.01583531274742676, 0.011084718923198733, 0.009501187648456057, 0.0027711797307996833, 0.001583531274742676, 0.0, 0.0, 0.0], [0.0, 0.0, 0.0002464268112370626, 0.0, 0.0012321340561853129, 0.0007392804337111878, 0.0022178413011335633, 0.0034499753573188764, 0.010596352883193692, 0.018235584031542632, 0.027353376047313947, 0.036471168063085264, 0.061113849186791525, 0.07787087235091178, 0.09758501724987678, 0.12814194184327254, 0.15155248891079348, 0.09462789551503203, 0.137752587481518, 0.048053228191227204, 0.03671759487432233, 0.03351404632824051, 0.009610645638245442, 0.007392804337111878, 0.010103499260719566, 0.0022178413011335633, 0.0024642681123706258, 0.0002464268112370626, 0.0004928536224741252, 0.0, 0.0, 0.0, 0.0], [0.0, 0.0, 0.001016432322547857, 0.0008470269354565475, 0.0015246484838217856, 0.0035575131289174995, 0.00677621548365238, 0.010841944773843808, 0.02083686261223107, 0.03726918516008809, 0.06301880399796714, 0.07691004573945451, 0.10909706928680332, 0.11688971709300355, 0.13535490428595628, 0.12010841944773844, 0.11350160935117737, 0.05861426393359309, 0.060816533965780115, 0.025241402676605115, 0.01372183635439607, 0.011180755548026427, 0.006267999322378452, 0.0028798915805522615, 0.002710486193460952, 0.001016432322547857, 0.0, 0.0, 0.0, 0.0, 0.0, 0.0, 0.0], [0.0, 0.0, 0.0, 0.0, 0.00012233912405187178, 0.0004893564962074871, 0.0019574259848299485, 0.0019574259848299485, 0.004648886713971128, 0.005994617078541717, 0.014068999265965255, 0.02128700758502569, 0.028627355028138, 0.081110839246391, 0.13310496696843652, 0.1357964276975777, 0.17310986053339858, 0.11218497675556643, 0.1487643748470761, 0.04807927575238561, 0.027159285539515538, 0.030217763640812332, 0.012600929777342795, 0.005994617078541717, 0.007952043063371666, 0.002936138977244923, 0.001223391240518718, 0.00012233912405187178, 0.0004893564962074871, 0.0, 0.0, 0.0, 0.0], [0.00020984156961494072, 0.0, 0.0, 0.00010492078480747036, 0.00010492078480747036, 0.0003147623544224111, 0.0017836533417269962, 0.004931276885951107, 0.009862553771902214, 0.020984156961494072, 0.03420417584723534, 0.04553562060644214, 0.07040184660581261, 0.0917007659217291, 0.10911761619976917, 0.11782604133878921, 0.14038401007239534, 0.09285489455461127, 0.1164620711362921, 0.05067673906200818, 0.029692582100514113, 0.03147623544224111, 0.010806840835169447, 0.005246039240373518, 0.007764138075752806, 0.0029377819746091703, 0.0022033364809568774, 0.0007344454936522926, 0.0008393662784597629, 0.0007344454936522926, 0.00010492078480747036, 0.0, 0.0], [0.0, 0.0, 0.0, 0.0, 0.00044444444444444447, 0.00022222222222222223, 0.0011111111111111111, 0.0015555555555555555, 0.004222222222222222, 0.006888888888888889, 0.014888888888888889, 0.02711111111111111, 0.049777777777777775, 0.07111111111111111, 0.09888888888888889, 0.11666666666666667, 0.162, 0.11511111111111111, 0.14933333333333335, 0.06755555555555555, 0.03844444444444445, 0.036222222222222225, 0.017333333333333333, 0.006, 0.009333333333333334, 0.003111111111111111, 0.0011111111111111111, 0.0006666666666666666, 0.0, 0.0008888888888888889, 0.0, 0.0, 0.0], [0.0, 0.0, 0.0, 0.00033046926635822867, 0.0013218770654329147, 0.0016523463317911435, 0.002313284864507601, 0.005287508261731659, 0.011896893588896233, 0.01982815598149372, 0.03238598810310641, 0.04791804362194316, 0.07005948446794448, 0.08426966292134831, 0.09715796430931924, 0.11764705882352941, 0.1361533377395902, 0.09517514871116986, 0.10806345009914078, 0.05122273628552545, 0.03271645736946464, 0.0356906807666887, 0.015862524785194978, 0.008592200925313946, 0.01255783212161269, 0.005948446794448116, 0.0016523463317911435, 0.002974223397224058, 0.0009914077990746861, 0.00033046926635822867, 0.0, 0.0, 0.0], [0.0002087246921310791, 0.0, 0.0008348987685243164, 0.0004174493842621582, 0.0006261740763932373, 0.0010436234606553956, 0.00229597161344187, 0.006679190148194531, 0.010853683990816114, 0.020246295136714672, 0.0329785013567105, 0.05051137549572114, 0.07931538300981006, 0.10415362137340847, 0.11772072636192861, 0.12293884366520559, 0.13734084742225006, 0.08223752869964517, 0.11438113128783135, 0.04404091003965769, 0.02358589021081194, 0.02337716551868086, 0.00918388645376748, 0.005009392611145898, 0.00459194322688374, 0.0016697975370486328, 0.0010436234606553956, 0.0014610728449175538, 0.0004174493842621582, 0.0008348987685243164, 0.0, 0.0, 0.0], [0.0, 0.0, 0.00013283740701381508, 0.00026567481402763017, 0.00039851222104144525, 0.00026567481402763017, 0.001594048884165781, 0.0037194473963868225, 0.007438894792773645, 0.014744952178533475, 0.026700318809776833, 0.04675876726886291, 0.07226354941551541, 0.0915249734325186, 0.11955366631243358, 0.1295164718384697, 0.1532943676939426, 0.08846971307120086, 0.13708820403825717, 0.039319872476089264, 0.021253985122210415, 0.02244952178533475, 0.008235919234856535, 0.004649309245483528, 0.005844845908607864, 0.0019925611052072265, 0.001461211477151966, 0.00026567481402763017, 0.00013283740701381508, 0.0006641870350690755, 0.0, 0.0, 0.0], [0.0, 0.0, 0.0, 0.0078125, 0.015625, 0.015625, 0.0078125, 0.015625, 0.0078125, 0.078125, 0.03125, 0.0859375, 0.0859375, 0.0625, 0.0546875, 0.09375, 0.1328125, 0.0859375, 0.046875, 0.03125, 0.0390625, 0.0234375, 0.0234375, 0.0, 0.0078125, 0.015625, 0.0078125, 0.0234375, 0.0, 0.0, 0.0, 0.0, 0.0], [0.0002058460271716756, 0.0001029230135858378, 0.0, 0.0, 0.0001029230135858378, 0.0001029230135858378, 0.0002058460271716756, 0.0011321531494442158, 0.0023672293124742693, 0.004837381638534376, 0.00792507204610951, 0.010601070399341293, 0.03447920955125566, 0.10271716755866611, 0.13328530259365995, 0.14666529435981884, 0.17990942774804447, 0.11609715932482503, 0.12041992589543021, 0.05362289007822149, 0.02799505969534788, 0.030053519967064634, 0.011012762453684644, 0.00421984355701935, 0.00699876492383697, 0.002161383285302594, 0.001440922190201729, 0.0004116920543433512, 0.0009263071222725401, 0.0, 0.0, 0.0, 0.0], [0.0, 0.0, 0.0, 0.00012903225806451613, 0.0, 0.00025806451612903227, 0.001161290322580645, 0.001032258064516129, 0.0037419354838709677, 0.005161290322580645, 0.009419354838709678, 0.017548387096774195, 0.02929032258064516, 0.04567741935483871, 0.07496774193548388, 0.104, 0.1552258064516129, 0.1249032258064516, 0.17948387096774193, 0.08141935483870967, 0.052516129032258066, 0.056129032258064517, 0.020516129032258065, 0.009935483870967743, 0.015741935483870966, 0.005935483870967742, 0.003096774193548387, 0.001161290322580645, 0.0006451612903225806, 0.00025806451612903227, 0.0006451612903225806, 0.0, 0.0], [0.00018318373328448433, 9.159186664224217e-05, 0.0, 0.00018318373328448433, 0.00018318373328448433, 0.000549551199853453, 0.0007327349331379373, 0.0017402454662026011, 0.0030225315991939915, 0.0069609818648104045, 0.027294376259388166, 0.032331928924711484, 0.0508334859864444, 0.07107528851437993, 0.08371496611100934, 0.10313244183916469, 0.13299139036453564, 0.11128411797032424, 0.15817915369115224, 0.07354826891372046, 0.045795933321121085, 0.04982597545337974, 0.01950906759479758, 0.01007510533064664, 0.011448983330280271, 0.002839347865909507, 0.0014654698662758747, 0.00036636746656896867, 0.0006411430664956952, 0.0, 0.0, 0.0, 0.0], [0.0, 0.0, 0.0, 0.0016181229773462784, 0.003236245954692557, 0.0, 0.0016181229773462784, 0.006472491909385114, 0.008090614886731391, 0.008090614886731391, 0.016181229773462782, 0.02750809061488673, 0.04854368932038835, 0.09546925566343042, 0.11326860841423948, 0.16828478964401294, 0.16990291262135923, 0.11165048543689321, 0.1262135922330097, 0.05663430420711974, 0.019417475728155338, 0.012944983818770227, 0.003236245954692557, 0.0, 0.0016181229773462784, 0.0, 0.0, 0.0, 0.0, 0.0, 0.0, 0.0, 0.0], [0.0, 0.0, 0.0, 8.21827744904668e-05, 0.0, 8.21827744904668e-05, 0.0002465483234714004, 0.0007396449704142012, 0.0017258382642998027, 0.0046022353714661405, 0.0071499013806706115, 0.013149243918474688, 0.0210387902695595, 0.027366863905325445, 0.09426364234056542, 0.11867192636423406, 0.16798159105851412, 0.11152202498356345, 0.20282708744247205, 0.07560815253122946, 0.045529257067718605, 0.062458908612754764, 0.0190664036817883, 0.006328073635765943, 0.011834319526627219, 0.0036982248520710057, 0.0018902038132807364, 0.0013149243918474688, 0.000410913872452334, 0.000410913872452334, 0.0, 0.0, 0.0], [0.0001841112031667127, 9.205560158335634e-05, 9.205560158335634e-05, 0.0, 0.00046027800791678176, 0.00046027800791678176, 0.00027616680475006904, 0.0009205560158335635, 0.0011046672190002762, 0.005247169290251312, 0.009573782564669061, 0.01933167633250483, 0.03442879499217527, 0.04529135597901132, 0.06784497836693362, 0.08064070698702017, 0.24173800975789378, 0.1609131915677069, 0.17647058823529413, 0.07069870201601768, 0.03452085059375863, 0.030838626530424375, 0.009573782564669061, 0.0037742796649176103, 0.003958390868084323, 0.0008285004142502071, 0.0003682224063334254, 0.0003682224063334254, 0.0, 0.0, 0.0, 0.0, 0.0], [0.00012036591237361579, 0.00012036591237361579, 0.00024073182474723158, 0.00024073182474723158, 0.00048146364949446316, 0.0010832932113625422, 0.0020462205103514686, 0.004092441020702937, 0.006259027443428021, 0.011314395763119885, 0.02118440057775638, 0.035989407799711125, 0.05464612421762157, 0.06800674049109293, 0.09508907077515648, 0.12831006259027444, 0.1570775156475686, 0.11085700529610014, 0.13950409244102072, 0.06259027443428021, 0.033943187289359654, 0.035989407799711125, 0.01516610495907559, 0.006259027443428021, 0.00601829561868079, 0.001685122773230621, 0.0009629272989889263, 0.0007221954742416948, 0.0, 0.0, 0.0, 0.0, 0.0], [0.0, 0.00014118311449950587, 0.0, 0.0, 0.00028236622899901174, 0.00014118311449950587, 0.000988281801496541, 0.0014118311449950586, 0.004376676549484682, 0.007482705068473811, 0.015247776365946633, 0.02385994635041649, 0.04051955386135818, 0.06395595086827616, 0.09812226457715657, 0.12085274601157701, 0.15304249611746434, 0.09473386982916843, 0.17986728787237047, 0.060144006776789494, 0.03727234222786955, 0.04461386418184385, 0.0193420866864323, 0.008047437526471834, 0.011153466045460962, 0.004659042778483694, 0.0040943103204856696, 0.0018353804884935763, 0.0014118311449950586, 0.001129464915996047, 0.0012706480304955528, 0.0, 0.0], [0.0, 0.00021944261575597982, 0.00021944261575597982, 0.00043888523151195964, 0.0015360983102918587, 0.0015360983102918587, 0.003730524467851657, 0.008338819398727233, 0.018213737107746323, 0.025455343427693657, 0.04323019530392802, 0.061005047180162385, 0.08053543998244458, 0.10664911125740618, 0.1261795040596884, 0.11762124204520517, 0.14285714285714285, 0.07658547289883695, 0.10642966864165021, 0.025674786043449638, 0.018872064955014263, 0.020188720649550143, 0.005047180162387536, 0.0024138687733157777, 0.004608294930875576, 0.0008777704630239193, 0.0008777704630239193, 0.00043888523151195964, 0.00021944261575597982, 0.0, 0.0, 0.0, 0.0], [0.0, 0.0, 0.00046707146193367583, 0.0014012143858010276, 0.002335357309668379, 0.0018682858477347033, 0.004203643157403083, 0.011676786548341896, 0.014012143858010275, 0.014012143858010275, 0.03269500233535731, 0.045305931807566556, 0.06539000467071462, 0.08407286314806166, 0.10649229332087809, 0.11443250817375059, 0.15553479682391405, 0.0910789350770668, 0.12283979448855675, 0.04343764595983186, 0.02475478748248482, 0.02802428771602055, 0.014479215319943952, 0.009341429238673517, 0.007473143390938813, 0.003269500233535731, 0.00046707146193367583, 0.0009341429238673517, 0.0, 0.0, 0.0, 0.0, 0.0], [0.00023775558725630053, 0.0, 0.0, 0.0, 0.00047551117451260106, 0.0005943889681407513, 0.0034474560152163575, 0.006894912030432715, 0.012125534950071327, 0.021041369472182596, 0.03459343794579173, 0.051474084640989064, 0.07798383262006657, 0.10485021398002853, 0.13754160722776984, 0.13635282929148834, 0.1350451735615787, 0.07905373276271993, 0.09355682358535426, 0.034831193533048026, 0.021873514027579647, 0.022943414170233, 0.009985734664764621, 0.0041607227769852595, 0.006419400855920114, 0.0019020446980504042, 0.0011887779362815027, 0.0009510223490252021, 0.0, 0.0003566333808844508, 0.00011887779362815027, 0.0, 0.0], [0.0, 0.0, 0.0, 0.00032299741602067185, 0.00016149870801033592, 0.0009689922480620155, 0.002099483204134367, 0.0035529715762273903, 0.007267441860465116, 0.011143410852713179, 0.023255813953488372, 0.027939276485788114, 0.05862403100775194, 0.08236434108527131, 0.10158268733850129, 0.1182170542635659, 0.14906330749354005, 0.09593023255813954, 0.1371124031007752, 0.056363049095607236, 0.03197674418604651, 0.03940568475452196, 0.014534883720930232, 0.008559431524547804, 0.01308139534883721, 0.005975452196382429, 0.00516795865633075, 0.0022609819121447027, 0.0012919896640826874, 0.0011304909560723513, 0.0006459948320413437, 0.0, 0.0], [0.0, 0.0, 0.0, 0.0, 0.0003807348181991243, 0.0007614696363982486, 0.0015229392727964973, 0.003807348181991243, 0.006091757091185989, 0.01599086236436322, 0.026841804683038265, 0.04245193222920236, 0.06529602132114982, 0.08718827336759946, 0.11193603655054254, 0.12773653150580622, 0.14544070055206548, 0.09404150009518371, 0.13344755377879308, 0.05120883304778222, 0.03026841804683038, 0.026270702455739578, 0.010279840091376356, 0.004188083000190367, 0.00533028745478774, 0.00266514372739387, 0.003616980772891681, 0.0015229392727964973, 0.001142204454597373, 0.0005711022272986865, 0.0, 0.0, 0.0], [0.00010843634786380394, 0.00010843634786380394, 0.00010843634786380394, 0.0, 0.00010843634786380394, 0.0009759271307742355, 0.0007590544350466276, 0.002277163305139883, 0.0031446540880503146, 0.005747126436781609, 0.014855779657341141, 0.025699414443721535, 0.08371286055085665, 0.1099544567338972, 0.14161787031012796, 0.14747343309477337, 0.16135328562134027, 0.09813489481674258, 0.10496638473216222, 0.044892648015614836, 0.02147039687703318, 0.01810887009325526, 0.007482108002602472, 0.002602472348731295, 0.0027109086965950986, 0.0009759271307742355, 0.00021687269572760788, 0.00032530904359141186, 0.00010843634786380394, 0.0, 0.0, 0.0, 0.0], [0.0, 0.0, 0.0, 0.000180635838150289, 0.000180635838150289, 0.001083815028901734, 0.0012644508670520231, 0.0025289017341040463, 0.005960982658959537, 0.010476878612716763, 0.024385838150289017, 0.035585260115606934, 0.06809971098265896, 0.09772398843930635, 0.12933526011560695, 0.14017341040462428, 0.1578757225433526, 0.10314306358381503, 0.1020592485549133, 0.04208815028901734, 0.026734104046242775, 0.021315028901734104, 0.012283236994219654, 0.0032514450867052024, 0.0074060693641618495, 0.0032514450867052024, 0.0018063583815028901, 0.000361271676300578, 0.001083815028901734, 0.000180635838150289, 0.000180635838150289, 0.0, 0.0], [0.0, 0.0, 0.0, 0.0001899335232668566, 0.0001899335232668566, 0.0011396011396011395, 0.0011396011396011395, 0.0026590693257359924, 0.004558404558404558, 0.005698005698005698, 0.014245014245014245, 0.021652421652421653, 0.03741690408357075, 0.06229819563152896, 0.098005698005698, 0.1194681861348528, 0.16030389363722697, 0.11016144349477683, 0.1728395061728395, 0.06571699905033239, 0.035897435897435895, 0.04292497625830959, 0.016144349477682812, 0.00892687559354226, 0.00949667616334283, 0.006457739791073124, 0.0017094017094017094, 0.0003798670465337132, 0.0001899335232668566, 0.0001899335232668566, 0.0, 0.0, 0.0], [0.0, 0.0, 0.00011924636298592893, 0.0, 0.00023849272597185786, 0.0003577390889577868, 0.0003577390889577868, 0.002027188170760792, 0.004292869067493442, 0.01013594085380396, 0.019079418077748628, 0.03589315525876461, 0.059384688766992606, 0.09265442404006678, 0.1137610302885762, 0.12675888385404246, 0.14416885284998807, 0.09217743858812306, 0.14226091104221322, 0.048652516098259005, 0.031600286191271164, 0.030884808013355594, 0.018363939899833055, 0.006558549964226091, 0.014071070832339614, 0.0023849272597185785, 0.002146434533746721, 0.0014309563558311473, 0.00011924636298592893, 0.00011924636298592893, 0.0, 0.0, 0.0], [0.0, 0.0, 8.608074373762589e-05, 0.0, 8.608074373762589e-05, 8.608074373762589e-05, 0.00025824223121287767, 0.0008608074373762589, 0.0017216148747525178, 0.0047344409055694245, 0.008694155117500215, 0.01635534131014892, 0.027804080227253163, 0.03598175088232762, 0.05448911078591719, 0.06128948954118964, 0.190754928122579, 0.13790135146767668, 0.23422570371008006, 0.08470345183782388, 0.05001291211156064, 0.052509253679951795, 0.013945080485495394, 0.006111732805371439, 0.01007144701730223, 0.0036153912369802873, 0.0017216148747525178, 0.0007747266936386331, 0.0006025652061633813, 0.0006025652061633813, 0.0, 0.0, 0.0], [0.0, 0.0, 0.0, 0.00011183180496533214, 0.0005591590248266607, 0.000782822634757325, 0.0008946544397226571, 0.0025721315142026393, 0.005144263028405279, 0.009729367031983896, 0.015544620890181167, 0.02985909192574368, 0.04965332140460747, 0.07369715947215388, 0.10903600984119884, 0.13196152985909193, 0.17333929769626483, 0.11328561842988145, 0.15958398568552895, 0.051554462089018115, 0.025833146946991726, 0.030530082755535676, 0.0077163945426079175, 0.0031312905390293, 0.0026839633191679713, 0.0006709908297919928, 0.0010064862446879893, 0.000782822634757325, 0.0003354954148959964, 0.0, 0.0, 0.0, 0.0], [0.0, 0.0036496350364963502, 0.0, 0.0036496350364963502, 0.0036496350364963502, 0.01824817518248175, 0.025547445255474453, 0.043795620437956206, 0.07664233576642336, 0.04744525547445255, 0.0364963503649635, 0.08029197080291971, 0.06204379562043796, 0.12773722627737227, 0.11678832116788321, 0.11313868613138686, 0.08759124087591241, 0.04744525547445255, 0.043795620437956206, 0.014598540145985401, 0.010948905109489052, 0.01824817518248175, 0.0036496350364963502, 0.014598540145985401, 0.0, 0.0, 0.0, 0.0, 0.0, 0.0, 0.0, 0.0, 0.0]]}, "ranks": {"labels": ["Unranked", "Combatatent I", "Combatatent II", "Challenger I", "Challenger II", "Rival I", "Rival II", "Duelist", "Elite"], "data": [[0.14485981308411214, 0.19158878504672897, 0.24532710280373832, 0.205607476635514, 0.11214953271028037, 0.06074766355140187, 0.018691588785046728, 0.014018691588785047, 0.007009345794392523], [0.05362776025236593, 0.0914826498422713, 0.17066246056782333, 0.2561514195583596, 0.23722397476340695, 0.13470031545741326, 0.032176656151419555, 0.017034700315457414, 0.00694006309148265], [0.007476009819236778, 0.013278286096853381, 0.03146619058245927, 0.07587592055344788, 0.33508145503235887, 0.33731309975451906, 0.08446775273376478, 0.08614148627538495, 0.028899799151975006], [0.015062493323362888, 0.025104155538938147, 0.0564042303172738, 0.099882491186839, 0.29484029484029484, 0.3139621835274009, 0.09518213866039953, 0.08214934301890824, 0.01741266958658263], [0.176056338028169, 0.14788732394366197, 0.23943661971830985, 0.18309859154929578, 0.07746478873239436, 0.1267605633802817, 0.02112676056338028, 0.028169014084507043, 0.0], [0.020754101923285886, 0.05041834184505053, 0.13625991524502878, 0.24024774530044551, 0.2571987395414539, 0.1658154949472998, 0.05280886667391068, 0.05900249918504835, 0.017494295338476584], [0.08402563493947306, 0.11796819368620935, 0.20555423688582958, 0.23569902682174224, 0.1884642772371232, 0.09328269641585568, 0.028957987182530263, 0.031806313790647994, 0.014241633040588654], [0.246875, 0.246875, 0.209375, 0.140625, 0.078125, 0.046875, 0.01875, 0.0125, 0.0], [0.032606579715787426, 0.06093050418532217, 0.09295308545843878, 0.2853805723184738, 0.2580299785867238, 0.14200895464278762, 0.05382518979949387, 0.05655051586529103, 0.017714619427681527], [0.013064133016627079, 0.02573238321456849, 0.057007125890736345, 0.13222486144101345, 0.18566904196357878, 0.21298495645288995, 0.11599366587490102, 0.16508313539192399, 0.09224069675376088], [0.03671759487432233, 0.06382454411039921, 0.1389847215377033, 0.22572695909314933, 0.24618038442582554, 0.16633809758501725, 0.056185312962050274, 0.05051749630359783, 0.015524889107934944], [0.08266982890055903, 0.13992884973742165, 0.22598678637980688, 0.25546332373369474, 0.17211587328477046, 0.07250550567508046, 0.02727426732170083, 0.020328646450957142, 0.003726918516008809], [0.015170051382432102, 0.03535600685099095, 0.109738194274529, 0.2689013946660142, 0.285294837288965, 0.17506728651822853, 0.048935649620748714, 0.04881331049669684, 0.012723268901394667], [0.03829608645472668, 0.07973979645367747, 0.1621026125275417, 0.22694365753855839, 0.2332389046270066, 0.1447906830343091, 0.0520407092645053, 0.047529115517784076, 0.015318434581890673], [0.014444444444444444, 0.042, 0.12088888888888889, 0.21555555555555556, 0.2771111111111111, 0.18911111111111112, 0.06622222222222222, 0.059555555555555556, 0.015111111111111112], [0.042630535360211504, 0.08030403172504957, 0.1543291473892928, 0.21480502313284863, 0.23132848645076007, 0.1361533377395902, 0.05584930601454065, 0.06014540647719762, 0.024454725710508923], [0.043206011271133375, 0.08348987685243164, 0.18346900438321853, 0.2406595700271342, 0.2195783761218952, 0.14151534126487164, 0.040492590273429344, 0.03757044458359424, 0.010018785222291797], [0.028560042507970243, 0.07345908607863974, 0.163788522848034, 0.2490701381509033, 0.24176408076514347, 0.160201912858661, 0.03746014877789586, 0.035334750265674814, 0.010361317747077577], [0.1484375, 0.1171875, 0.1484375, 0.1484375, 0.21875, 0.0546875, 0.0625, 0.046875, 0.0546875], [0.009057225195553726, 0.018526142445450804, 0.13719637710992177, 0.2799505969534788, 0.2960065870728695, 0.15150267599835324, 0.050535199670646354, 0.045286125977768626, 0.011939069575957185], [0.011483870967741935, 0.02696774193548387, 0.07496774193548388, 0.17896774193548387, 0.2801290322580645, 0.2255483870967742, 0.08787096774193548, 0.08658064516129033, 0.027483870967741936], [0.013647188129694083, 0.05962630518409965, 0.12190877450082432, 0.18684740795017402, 0.24427550833485986, 0.19866275874702327, 0.07886059717897051, 0.07941014837882396, 0.016761311595530317], [0.02912621359223301, 0.043689320388349516, 0.14401294498381878, 0.2815533980582524, 0.2815533980582524, 0.16019417475728157, 0.042071197411003236, 0.016181229773462782, 0.0016181229773462784], [0.007478632478632479, 0.0202991452991453, 0.048405654174884946, 0.21293556870479946, 0.2795036160420776, 0.24638395792241946, 0.07758053911900066, 0.087853385930309, 0.0195595003287311], [0.00883733775200221, 0.028905458897173893, 0.07972015097118659, 0.1484856853539538, 0.40265120132560067, 0.2176194421430544, 0.06407069870201602, 0.04418668876001105, 0.005523336095001381], [0.02599903707270101, 0.0571738083774675, 0.12265286470871449, 0.2233991333654309, 0.26793452094366876, 0.17489167067886374, 0.061145883485796824, 0.05741454020221473, 0.009388541165142032], [0.014824227022448115, 0.039107722716363126, 0.10447550472963434, 0.2189750105887336, 0.24777636594663277, 0.2120570379782578, 0.0652265988987717, 0.07200338839474799, 0.02555414372441056], [0.05968839148562651, 0.10423524248409041, 0.18718455123985078, 0.24380074610489358, 0.21944261575597981, 0.12135176651305683, 0.029624753127057275, 0.027649769585253458, 0.007022163704191354], [0.04997664642690332, 0.07800093414292386, 0.14946286781877627, 0.22092480149462868, 0.24661373190098085, 0.1489957963568426, 0.04203643157403083, 0.05184493227463802, 0.012143858010275572], [0.04481692819781265, 0.08606752258678078, 0.1828340466000951, 0.2738944365192582, 0.21409890632429862, 0.1135282929148835, 0.03673323823109843, 0.037089871611982884, 0.010936757013789824], [0.025516795865633074, 0.05119509043927649, 0.14098837209302326, 0.2197997416020672, 0.2449935400516796, 0.166343669250646, 0.05910852713178295, 0.0625, 0.029554263565891473], [0.028555111364934323, 0.06929373691224062, 0.15248429468874927, 0.23967256805634876, 0.23948220064724918, 0.16466780887112126, 0.05025699600228441, 0.0407386255473063, 0.014848657909765849], [0.013337670787247886, 0.040555194101062675, 0.19366731728475384, 0.2890913034049013, 0.25948818043808286, 0.1293645630015181, 0.04196486662329213, 0.028193450444589027, 0.004337453914552158], [0.02167630057803468, 0.05997109826589595, 0.16582369942196531, 0.2695086705202312, 0.2610187861271676, 0.125, 0.04588150289017341, 0.03684971098265896, 0.014270231213872832], [0.01557454890788224, 0.035897435897435895, 0.09971509971509972, 0.2174738841405508, 0.2704653371320038, 0.20892687559354226, 0.06552706552706553, 0.06799620132953467, 0.01842355175688509], [0.017529215358931552, 0.05497257333651324, 0.1520391128070594, 0.24051991414261864, 0.23634629143811114, 0.16825661817314572, 0.05425709515859766, 0.05580729787741474, 0.02027188170760792], [0.007833347680123956, 0.025049496427649136, 0.06378583110958079, 0.11577860032710682, 0.3286562795902557, 0.2801928208659723, 0.08874924679349229, 0.07256606697081863, 0.01738831023500043], [0.01979422947886379, 0.04540371281592485, 0.12335048087676136, 0.24099753970029075, 0.28662491612614627, 0.188883918586446, 0.04808767613509282, 0.04137776783717289, 0.0054797584433012745], [0.22262773722627738, 0.11678832116788321, 0.1897810218978102, 0.22992700729927007, 0.13503649635036497, 0.04744525547445255, 0.021897810218978103, 0.0364963503649635, 0.0]]}, "ranksDetailed": {"labels": ["Unranked", "Combatatant", "Challenger", "Rival", "Duelist", "Elite"], "data": [[0.14485981308411214, 0.4369158878504673, 0.3177570093457944, 0.0794392523364486, 0.014018691588785047, 0.007009345794392523], [0.05362776025236593, 0.26214511041009464, 0.4933753943217666, 0.1668769716088328, 0.017034700315457414, 0.00694006309148265], [0.007476009819236778, 0.04474447667931265, 0.41095737558580675, 0.42178085248828384, 0.08614148627538495, 0.028899799151975006], [0.015062493323362888, 0.08150838585621194, 0.39472278602713384, 0.40914432218780045, 0.08214934301890824, 0.01741266958658263], [0.176056338028169, 0.3873239436619718, 0.2605633802816901, 0.14788732394366197, 0.028169014084507043, 0.0], [0.020754101923285886, 0.18667825709007932, 0.4974464848418994, 0.21862436162121046, 0.05900249918504835, 0.017494295338476584], [0.08402563493947306, 0.32352243057203894, 0.42416330405886543, 0.12224068359838595, 0.031806313790647994, 0.014241633040588654], [0.246875, 0.45625, 0.21875, 0.065625, 0.0125, 0.0], [0.032606579715787426, 0.15388358964376095, 0.5434105509051976, 0.19583414444228148, 0.05655051586529103, 0.017714619427681527], [0.013064133016627079, 0.08273950910530482, 0.3178939034045922, 0.32897862232779096, 0.16508313539192399, 0.09224069675376088], [0.03671759487432233, 0.2028092656481025, 0.47190734351897484, 0.2225234105470675, 0.05051749630359783, 0.015524889107934944], [0.08266982890055903, 0.36591563611722855, 0.4275791970184652, 0.0997797729967813, 0.020328646450957142, 0.003726918516008809], [0.015170051382432102, 0.14509420112551993, 0.5541962319549792, 0.22400293613897723, 0.04881331049669684, 0.012723268901394667], [0.03829608645472668, 0.24184240898121917, 0.460182562165565, 0.19683139229881438, 0.047529115517784076, 0.015318434581890673], [0.014444444444444444, 0.1628888888888889, 0.49266666666666664, 0.25533333333333336, 0.059555555555555556, 0.015111111111111112], [0.042630535360211504, 0.23463317911434237, 0.4461335095836087, 0.19200264375413087, 0.06014540647719762, 0.024454725710508923], [0.043206011271133375, 0.2669588812356502, 0.4602379461490294, 0.18200793153830097, 0.03757044458359424, 0.010018785222291797], [0.028560042507970243, 0.23724760892667376, 0.4908342189160468, 0.19766206163655686, 0.035334750265674814, 0.010361317747077577], [0.1484375, 0.265625, 0.3671875, 0.1171875, 0.046875, 0.0546875], [0.009057225195553726, 0.15572251955537258, 0.5759571840263483, 0.20203787566899958, 0.045286125977768626, 0.011939069575957185], [0.011483870967741935, 0.10193548387096774, 0.4590967741935484, 0.3134193548387097, 0.08658064516129033, 0.027483870967741936], [0.013647188129694083, 0.18153507968492397, 0.4311229162850339, 0.27752335592599375, 0.07941014837882396, 0.016761311595530317], [0.02912621359223301, 0.18770226537216828, 0.5631067961165048, 0.2022653721682848, 0.016181229773462782, 0.0016181229773462784], [0.007478632478632479, 0.06870479947403024, 0.49243918474687703, 0.3239644970414201, 0.087853385930309, 0.0195595003287311], [0.00883733775200221, 0.10862560986836049, 0.5511368866795544, 0.28169014084507044, 0.04418668876001105, 0.005523336095001381], [0.02599903707270101, 0.179826673086182, 0.49133365430909964, 0.23603755416466057, 0.05741454020221473, 0.009388541165142032], [0.014824227022448115, 0.14358322744599747, 0.46675137653536636, 0.2772836368770295, 0.07200338839474799, 0.02555414372441056], [0.05968839148562651, 0.29141979372394117, 0.4632433618608734, 0.1509765196401141, 0.027649769585253458, 0.007022163704191354], [0.04997664642690332, 0.22746380196170013, 0.4675385333956095, 0.19103222793087343, 0.05184493227463802, 0.012143858010275572], [0.04481692819781265, 0.2689015691868759, 0.48799334284355683, 0.15026153114598192, 0.037089871611982884, 0.010936757013789824], [0.025516795865633074, 0.19218346253229973, 0.4647932816537468, 0.22545219638242894, 0.0625, 0.029554263565891473], [0.028555111364934323, 0.2217780316009899, 0.47915476870359797, 0.21492480487340568, 0.0407386255473063, 0.014848657909765849], [0.013337670787247886, 0.2342225113858165, 0.5485794838429842, 0.17132942962481024, 0.028193450444589027, 0.004337453914552158], [0.02167630057803468, 0.22579479768786126, 0.5305274566473989, 0.1708815028901734, 0.03684971098265896, 0.014270231213872832], [0.01557454890788224, 0.1356125356125356, 0.4879392212725546, 0.2744539411206078, 0.06799620132953467, 0.01842355175688509], [0.017529215358931552, 0.20701168614357263, 0.4768662055807298, 0.22251371333174338, 0.05580729787741474, 0.02027188170760792], [0.007833347680123956, 0.08883532753722992, 0.44443487991736247, 0.3689420676594646, 0.07256606697081863, 0.01738831023500043], [0.01979422947886379, 0.1687541936926862, 0.5276224558264371, 0.2369715947215388, 0.04137776783717289, 0.0054797584433012745], [0.22262773722627738, 0.30656934306569344, 0.36496350364963503, 0.06934306569343066, 0.0364963503649635, 0.0]]}}}, "eu": {"histType": {"histogram": {"labels": ["0", "100", "200", "300", "400", "500", "600", "700", "800", "900", "1000", "1100", "1200", "1300", "1400", "1500", "1600", "1700", "1800", "1900", "2000", "2100", "2200", "2300", "2400", "2500", "2600", "2700", "2800", "2900", "3000", "3100", "3200"], "data": [[0.0, 0.0, 0.0028653295128939827, 0.0, 0.0, 0.0057306590257879654, 0.014326647564469915, 0.025787965616045846, 0.06303724928366762, 0.09455587392550144, 0.0659025787965616, 0.10315186246418338, 0.06876790830945559, 0.12607449856733524, 0.12893982808022922, 0.11174785100286533, 0.06303724928366762, 0.04871060171919771, 0.03151862464183381, 0.02005730659025788, 0.014326647564469915, 0.008595988538681949, 0.0028653295128939827, 0.0, 0.0, 0.0, 0.0, 0.0, 0.0, 0.0, 0.0, 0.0, 0.0], [0.00033840947546531303, 0.0, 0.0010152284263959391, 0.0010152284263959391, 0.001692047377326565, 0.0047377326565143825, 0.00676818950930626, 0.009137055837563452, 0.02030456852791878, 0.030456852791878174, 0.04094754653130288, 0.0622673434856176, 0.08223350253807106, 0.10084602368866329, 0.12656514382402706, 0.1299492385786802, 0.14653130287648053, 0.07106598984771574, 0.09712351945854483, 0.028764805414551606, 0.01455160744500846, 0.010829103214890017, 0.0054145516074450084, 0.003045685279187817, 0.003045685279187817, 0.0006768189509306261, 0.0006768189509306261, 0.0, 0.0, 0.0, 0.0, 0.0, 0.0], [0.0, 0.0, 0.0, 0.00011262529564140106, 0.00011262529564140106, 0.00011262529564140106, 0.00011262529564140106, 0.0009010023651312085, 0.001802004730262417, 0.002590381799752224, 0.005856515373352855, 0.009460524833877689, 0.01283928370311972, 0.015880166685437548, 0.025791192701880843, 0.11566617862371889, 0.19912152269399708, 0.1267034575965762, 0.2660209483049893, 0.07264331568870368, 0.04730262416938844, 0.04978038067349927, 0.017907422006982768, 0.007883770694898075, 0.012163531929271314, 0.004955513008221646, 0.002365131208469422, 0.0012388782520554116, 0.0003378758869242032, 0.0003378758869242032, 0.0, 0.0, 0.0], [0.0, 0.0, 0.0, 0.00010187449062754686, 0.00010187449062754686, 0.00020374898125509371, 0.0007131214343928281, 0.0019356153219233904, 0.0024449877750611247, 0.005806845965770171, 0.011511817440912795, 0.01762428687856561, 0.021495517522412386, 0.028015484922575388, 0.04431540342298289, 0.05776283618581907, 0.1691116544417278, 0.15719233903830482, 0.23726568867155665, 0.09657701711491443, 0.0519559902200489, 0.05328035859820701, 0.015790546047269764, 0.00682559087204564, 0.013447432762836185, 0.00356560717196414, 0.001528117359413203, 0.0008149959250203749, 0.0003056234718826406, 0.0003056234718826406, 0.0, 0.0, 0.0], [0.0, 0.0, 0.0, 0.0, 0.0, 0.021897810218978103, 0.0364963503649635, 0.058394160583941604, 0.058394160583941604, 0.058394160583941604, 0.06569343065693431, 0.10948905109489052, 0.06569343065693431, 0.058394160583941604, 0.058394160583941604, 0.12408759124087591, 0.021897810218978103, 0.10948905109489052, 0.029197080291970802, 0.043795620437956206, 0.043795620437956206, 0.0, 0.0072992700729927005, 0.0072992700729927005, 0.021897810218978103, 0.0, 0.0, 0.0, 0.0, 0.0, 0.0, 0.0, 0.0], [0.0, 0.00010876658690450294, 0.00010876658690450294, 0.00021753317380900588, 0.0003262997607135088, 0.00010876658690450294, 0.0008701326952360235, 0.004568196649989123, 0.005329562758320644, 0.01261692408092234, 0.02360234935827714, 0.03719817272134, 0.052860561235588424, 0.07711551011529258, 0.10615618881879486, 0.12268871002827932, 0.1480313247770285, 0.10289319121165978, 0.13748096584729172, 0.05590602566891451, 0.030998477267783337, 0.04241896889275615, 0.015009788992821405, 0.004676963236893626, 0.010115292582118773, 0.004676963236893626, 0.0022840983249945617, 0.0006525995214270176, 0.00021753317380900588, 0.0005438329345225147, 0.00021753317380900588, 0.0, 0.0], [0.00021843599825251202, 0.00043687199650502403, 0.00043687199650502403, 0.00109217999126256, 0.0030581039755351682, 0.00327653997378768, 0.0069899519440803845, 0.012450851900393184, 0.025557011795543906, 0.03888160768894714, 0.05854084753167322, 0.07055482743556138, 0.09414591524683268, 0.10397553516819572, 0.10157273918741809, 0.11227610310179117, 0.11511577107907384, 0.06858890345128878, 0.07863695937090433, 0.03036260375709917, 0.01900393