{"region": {"us": {"histType": {"histogram": {"labels": ["0", "100", "200", "300", "400", "500", "600", "700", "800", "900", "1000", "1100", "1200", "1300", "1400", "1500", "1600", "1700", "1800", "1900", "2000", "2100", "2200", "2300", "2400", "2500", "2600", "2700", "2800", "2900", "3000", "3100", "3200"], "data": [[0.0, 0.0, 0.0028169014084507044, 0.005633802816901409, 0.004225352112676056, 0.007042253521126761, 0.01267605633802817, 0.014084507042253521, 0.036619718309859155, 0.04929577464788732, 0.08309859154929577, 0.1028169014084507, 0.11830985915492957, 0.1323943661971831, 0.1323943661971831, 0.09859154929577464, 0.0676056338028169, 0.04225352112676056, 0.04225352112676056, 0.015492957746478873, 0.014084507042253521, 0.008450704225352112, 0.004225352112676056, 0.005633802816901409, 0.0, 0.0, 0.0, 0.0, 0.0, 0.0, 0.0, 0.0, 0.0], [0.0, 0.00025581990278843696, 0.00025581990278843696, 0.00025581990278843696, 0.0010232796111537478, 0.0020465592223074956, 0.004604758250191865, 0.009465336403172167, 0.01586083397288309, 0.028907649015093375, 0.03862880532105398, 0.05525709900230238, 0.08262982860066513, 0.09439754412893323, 0.1302123305193144, 0.13660782808902533, 0.14402660526989, 0.08339728830903044, 0.10386288053210539, 0.03300076745970836, 0.017139933486825274, 0.00665131747249936, 0.004093118444614991, 0.0028140189306728063, 0.0012790995139421847, 0.0015349194167306216, 0.0010232796111537478, 0.0007674597083653108, 0.0, 0.0, 0.0, 0.0, 0.0], [0.00012172854534388314, 0.0, 0.0, 0.00024345709068776628, 0.00024345709068776628, 0.00024345709068776628, 0.00024345709068776628, 0.0006086427267194157, 0.002434570906877663, 0.003530127814972611, 0.004990870359099208, 0.007060255629945222, 0.011807668898356665, 0.018867924528301886, 0.024954351795496044, 0.03712720632988436, 0.08752282410225198, 0.16262933657942788, 0.3710286062081558, 0.08764455264759587, 0.052221545952525865, 0.060620815581253804, 0.02361533779671333, 0.009616555082166769, 0.01898965307364577, 0.0064516129032258064, 0.002434570906877663, 0.004138770541692027, 0.00012172854534388314, 0.00048691418137553256, 0.0, 0.0, 0.0], [0.0, 0.0, 0.0, 0.0, 0.00011849745230477545, 0.0, 0.0008294821661334282, 0.0017774617845716318, 0.004621400639886242, 0.007820831852115179, 0.01173124777817277, 0.012442232492001421, 0.02523995734091717, 0.027965398743927006, 0.04206659556819528, 0.049887427420310465, 0.06967650195520796, 0.041592605758976185, 0.26815973456570685, 0.1558241497807797, 0.09005806375162934, 0.09870837776987795, 0.032942291740727575, 0.013864201919658727, 0.028202393648536557, 0.006872852233676976, 0.004739898092191018, 0.0020144566891811826, 0.0028439388553146107, 0.0, 0.0, 0.0, 0.0], [0.0, 0.0, 0.0, 0.0, 0.010416666666666666, 0.005208333333333333, 0.03125, 0.026041666666666668, 0.057291666666666664, 0.052083333333333336, 0.07291666666666667, 0.08854166666666667, 0.10416666666666667, 0.11458333333333333, 0.09375, 0.10416666666666667, 0.078125, 0.03125, 0.0625, 0.026041666666666668, 0.036458333333333336, 0.005208333333333333, 0.0, 0.0, 0.0, 0.0, 0.0, 0.0, 0.0, 0.0, 0.0, 0.0, 0.0], [0.0, 0.0, 0.0, 0.0, 0.0, 0.0, 0.0, 0.001309328968903437, 0.001309328968903437, 0.004691762138570649, 0.007310420076377523, 0.011347517730496455, 0.02149481723949809, 0.0690671031096563, 0.12307692307692308, 0.14937261320240044, 0.17774140752864157, 0.11074740861974905, 0.1486088379705401, 0.05597381342062193, 0.032624113475177303, 0.03949809056192035, 0.014839061647572286, 0.007855973813420621, 0.012220403709765413, 0.004691762138570649, 0.0029459901800327334, 0.001309328968903437, 0.001309328968903437, 0.0006546644844517185, 0.0, 0.0, 0.0], [0.0, 0.0, 0.0004110152075626798, 0.002260583641594739, 0.0016440608302507192, 0.0034936292642827787, 0.006987258528565557, 0.012946979038224414, 0.019317714755445952, 0.03616933826551583, 0.050349362926428276, 0.0690505548705302, 0.09350595972050967, 0.1132346896835183, 0.12268803945745993, 0.11919441019317714, 0.12042745581586518, 0.0663789560213728, 0.07274969173859433, 0.027743526510480888, 0.01726263871763255, 0.015618577887381833, 0.008425811755034936, 0.004932182490752158, 0.006165228113440197, 0.0036991368680641184, 0.002466091245376079, 0.0014385532264693795, 0.0010275380189066995, 0.0002055076037813399, 0.0002055076037813399, 0.0, 0.0], [0.00273224043715847, 0.00273224043715847, 0.0, 0.00819672131147541, 0.00546448087431694, 0.01912568306010929, 0.01366120218579235, 0.03278688524590164, 0.05737704918032787, 0.12568306010928962, 0.11748633879781421, 0.13114754098360656, 0.10109289617486339, 0.11202185792349727, 0.06830601092896176, 0.07103825136612021, 0.05191256830601093, 0.01092896174863388, 0.02185792349726776, 0.03278688524590164, 0.01092896174863388, 0.00273224043715847, 0.0, 0.0, 0.0, 0.0, 0.0, 0.0, 0.0, 0.0, 0.0, 0.0, 0.0], [0.00021666125013541327, 0.00021666125013541327, 0.00043332250027082654, 0.00032499187520311994, 0.00043332250027082654, 0.0012999675008124798, 0.0016249593760155996, 0.0043332250027082655, 0.007366482504604052, 0.016032932510020585, 0.025349366265843352, 0.033582493770989055, 0.0407323150254577, 0.045065540028165964, 0.05589860253493663, 0.06673166504170729, 0.20420322825262702, 0.13465496695915935, 0.14657133571660708, 0.0651067056656917, 0.043115588776947246, 0.04257393565160871, 0.02188278626367674, 0.013108005633192504, 0.01830787563644242, 0.005199870003249919, 0.0021666125013541327, 0.003033257501895786, 0.00043332250027082654, 0.0, 0.0, 0.0, 0.0], [0.0, 0.0, 0.0, 0.0, 0.00039824771007566706, 0.0007964954201513341, 0.0011947431302270011, 0.0015929908403026682, 0.0023894862604540022, 0.009159697331740343, 0.013142174432497013, 0.01592990840302668, 0.022301871764237355, 0.038231780167264036, 0.06172839506172839, 0.07885304659498207, 0.10513739545997611, 0.08880923934687375, 0.17801672640382318, 0.06849860613301474, 0.0736758263639984, 0.09757068896853843, 0.043010752688172046, 0.016726403823178016, 0.04619673436877738, 0.013540422142572681, 0.011947431302270013, 0.007566706491437674, 0.0027877339705296694, 0.0007964954201513341, 0.0, 0.0, 0.0], [0.0, 0.0, 0.00017975912277548085, 0.0, 0.0008987956138774043, 0.0005392773683264426, 0.001258313859428366, 0.004314218946611541, 0.008628437893223082, 0.01456048894481395, 0.02103181736473126, 0.030019773503505303, 0.054107495955419735, 0.06309545209419377, 0.1013841452453712, 0.12493259032895919, 0.15279525435915872, 0.09635088980765774, 0.14398705734316017, 0.062016897357540894, 0.038108934028401945, 0.037210138414524536, 0.012942656839834622, 0.008448678770447601, 0.013661693330936545, 0.003415423332734136, 0.002696386841632213, 0.0014380729822038468, 0.0019773503505302894, 0.0, 0.0, 0.0, 0.0], [0.0, 0.0, 0.000440852314474651, 0.000440852314474651, 0.000440852314474651, 0.0033798677443056574, 0.0064658339456282144, 0.01278471711976488, 0.021454812637766347, 0.036737692872887584, 0.05966201322556943, 0.07509184423218222, 0.09801616458486408, 0.11947097722263042, 0.13901542983100662, 0.12035268185157973, 0.10213078618662748, 0.059368111682586336, 0.06171932402645114, 0.02674504041146216, 0.018515797207935343, 0.014988978692138133, 0.007935341660543717, 0.00426157237325496, 0.003967670830271859, 0.0036737692872887582, 0.0014695077149155032, 0.00029390154298310065, 0.0011756061719324026, 0.0, 0.0, 0.0, 0.0], [0.0, 0.0, 0.0, 0.0, 0.00012866700977869275, 0.000514668039114771, 0.0016726711271230056, 0.002058672156459084, 0.004374678332475553, 0.005275347400926403, 0.012866700977869275, 0.01917138445702522, 0.027534740092640248, 0.033582089552238806, 0.047606793618116316, 0.04413278435409161, 0.2254246011322697, 0.15440041173443128, 0.2148739063304169, 0.07539886773031394, 0.040015440041173446, 0.041945445187853835, 0.01634071024189398, 0.010679361811631498, 0.013510036026762737, 0.0037313432835820895, 0.0018013381369016985, 0.001029336078229542, 0.0019300051466803912, 0.0, 0.0, 0.0, 0.0], [0.00021331058020477816, 0.0, 0.0, 0.00010665529010238908, 0.00010665529010238908, 0.0003199658703071672, 0.001279863481228669, 0.0015998293515358361, 0.004159556313993174, 0.010132252559726962, 0.016211604095563138, 0.018877986348122867, 0.025063993174061435, 0.06409982935153584, 0.1425981228668942, 0.15059726962457337, 0.17139505119453924, 0.10985494880546075, 0.1348122866894198, 0.053434300341296925, 0.029543515358361774, 0.031569965870307165, 0.011412116040955631, 0.005439419795221843, 0.009065699658703071, 0.002879692832764505, 0.0018131399317406144, 0.0021331058020477816, 0.0005332764505119454, 0.0006399317406143345, 0.00010665529010238908, 0.0, 0.0], [0.0, 0.0, 0.0, 0.0001830831197363603, 0.0005492493592090809, 0.0001830831197363603, 0.001281581838154522, 0.001830831197363603, 0.004027828634199927, 0.006957158549981692, 0.014646649578908825, 0.025448553643354084, 0.04467228121567191, 0.06517759062614427, 0.09630172098132553, 0.11918711094837056, 0.15854998169168802, 0.11699011351153424, 0.1521420725009154, 0.06957158549981692, 0.04284145001830831, 0.03698279018674478, 0.015562065177590626, 0.0060417429512998905, 0.010618820944708897, 0.0045770779934090075, 0.0029293299157817647, 0.0009154155986818016, 0.0009154155986818016, 0.0009154155986818016, 0.0, 0.0, 0.0], [0.0, 0.0, 0.00025131942699170643, 0.00025131942699170643, 0.0017592359889419453, 0.003267152550892184, 0.0015079165619502387, 0.005529027393817542, 0.01130937421462679, 0.01784367931641116, 0.030158331239004774, 0.046745413420457405, 0.0658456898718271, 0.09273686855993968, 0.11560693641618497, 0.12892686604674541, 0.13144006031666247, 0.09499874340286504, 0.10253832621261623, 0.045740135712490575, 0.029153053531037948, 0.03066097009298819, 0.013822568484543855, 0.006534305101784368, 0.012314651922593617, 0.005529027393817542, 0.002261874842925358, 0.002764513696908771, 0.00025131942699170643, 0.00025131942699170643, 0.0, 0.0, 0.0], [0.0001889644746787604, 0.0, 0.0005668934240362812, 0.0013227513227513227, 0.0005668934240362812, 0.0013227513227513227, 0.003401360544217687, 0.007180650037792895, 0.011904761904761904, 0.020219198790627363, 0.03250188964474679, 0.05309901738473167, 0.07464096749811036, 0.10222978080120937, 0.12396069538926682, 0.12887377173091458, 0.1358654572940287, 0.07974300831443688, 0.11300075585789872, 0.03854875283446712, 0.02305366591080877, 0.02286470143613001, 0.0100151171579743, 0.0045351473922902496, 0.00510204081632653, 0.001889644746787604, 0.0005668934240362812, 0.0013227513227513227, 0.0013227513227513227, 0.0001889644746787604, 0.0, 0.0, 0.0], [0.0, 0.0, 0.00012769761205465457, 0.00025539522410930913, 0.0003830928361639637, 0.00025539522410930913, 0.0007661856723279274, 0.0016600689567105094, 0.002681649853147746, 0.006257182990678074, 0.012514365981356149, 0.014174434938066659, 0.0278380794279147, 0.03332907674626485, 0.14685225386285278, 0.1574511556633891, 0.17443493806665816, 0.11199080577193206, 0.1745626356787128, 0.04686502362405823, 0.025284127186821607, 0.029370450772570552, 0.010215808964372367, 0.006384880602732729, 0.008555740007661856, 0.0031924403013663645, 0.0012769761205465458, 0.0010215808964372365, 0.0019154641808198187, 0.0003830928361639637, 0.0, 0.0, 0.0], [0.0, 0.0, 0.0, 0.006329113924050633, 0.006329113924050633, 0.006329113924050633, 0.0, 0.0189873417721519, 0.05063291139240506, 0.0949367088607595, 0.06329113924050633, 0.08227848101265822, 0.0759493670886076, 0.06329113924050633, 0.04430379746835443, 0.12658227848101267, 0.08860759493670886, 0.08227848101265822, 0.0379746835443038, 0.0379746835443038, 0.05063291139240506, 0.006329113924050633, 0.03164556962025317, 0.0, 0.006329113924050633, 0.006329113924050633, 0.0, 0.012658227848101266, 0.0, 0.0, 0.0, 0.0, 0.0], [0.00022639800769753225, 0.00011319900384876613, 0.0, 0.0, 0.0, 0.00011319900384876613, 0.00022639800769753225, 0.0010187910346388953, 0.0022639800769753225, 0.004641159157799411, 0.007357935250169798, 0.00996151233869142, 0.02162100973511433, 0.029658139008376726, 0.05082635272809599, 0.1588182023998189, 0.22798279375141497, 0.14919628707267377, 0.15519583427665837, 0.06441023318994793, 0.038148064297034184, 0.03780846728548789, 0.01347068145800317, 0.0070183382386235, 0.011093502377179081, 0.004075164138555581, 0.0019243830654290242, 0.0022639800769753225, 0.0005659950192438306, 0.0, 0.0, 0.0, 0.0], [0.0, 0.0, 0.0, 0.00012304663467454166, 0.0, 0.00012304663467454166, 0.0009843730773963332, 0.00036913990402362494, 0.0012304663467454166, 0.0022148394241417496, 0.004552725482958041, 0.0068906115417743325, 0.010951150486034207, 0.015503875968992248, 0.027193306263073706, 0.10348221976128953, 0.19072228374553957, 0.15171650055370986, 0.21397809769902792, 0.09191583610188261, 0.057831918297034574, 0.05697059185431278, 0.019687461547926666, 0.010705057216685123, 0.019564414913252122, 0.0070136581764488745, 0.003199212501538083, 0.0007382798080472499, 0.0015996062507690415, 0.0002460932693490833, 0.0004921865386981666, 0.0, 0.0], [0.00020175527085645111, 0.00010087763542822556, 0.0, 0.00020175527085645111, 0.00020175527085645111, 0.0005043881771411278, 0.0008070210834258045, 0.0018157974377080602, 0.0029254514274185415, 0.005447392313124181, 0.009886008271966106, 0.01321497024109755, 0.017451830929083024, 0.024815898315343487, 0.033289619691314436, 0.14254009886008273, 0.1685665288005649, 0.1396146474326642, 0.19005346514677696, 0.08473721375970947, 0.05144759406839504, 0.05739937455866034, 0.021486936346212043, 0.011096539897104811, 0.014122868959951579, 0.004135983052557248, 0.0024210632502774136, 0.0013114092605669323, 0.00020175527085645111, 0.0, 0.0, 0.0, 0.0], [0.0, 0.0, 0.0, 0.0014492753623188406, 0.0014492753623188406, 0.0, 0.0, 0.007246376811594203, 0.007246376811594203, 0.005797101449275362, 0.013043478260869565, 0.02608695652173913, 0.043478260869565216, 0.08695652173913043, 0.12318840579710146, 0.17391304347826086, 0.17246376811594202, 0.12318840579710146, 0.12028985507246377, 0.04927536231884058, 0.02318840579710145, 0.013043478260869565, 0.0014492753623188406, 0.007246376811594203, 0.0, 0.0, 0.0, 0.0, 0.0, 0.0, 0.0, 0.0, 0.0], [0.0, 0.0, 0.0, 9.482268158543523e-05, 0.0, 9.482268158543523e-05, 0.0002844680447563057, 0.0007585814526834819, 0.001611985586952399, 0.004930779442442633, 0.007396169163663948, 0.01232694860610658, 0.020955812630381185, 0.02787786838611796, 0.04010999431063911, 0.04750616347430305, 0.0866679309690878, 0.16992224540109993, 0.2859852076616727, 0.09671913521714394, 0.05907453062772615, 0.07528920917883558, 0.01972311776977053, 0.010146026929641571, 0.020007585814526836, 0.0052152474871989376, 0.0024653897212213163, 0.0022757443580504457, 0.002370567039635881, 0.00018964536317087047, 0.0, 0.0, 0.0], [0.00010180189351521938, 0.00010180189351521938, 0.00010180189351521938, 0.0, 0.00030540568054565815, 0.00030540568054565815, 0.00030540568054565815, 0.0009162170416369745, 0.0011198208286674132, 0.005191896569276188, 0.009467576096915403, 0.018935152193830806, 0.031762190776748446, 0.044996436933726965, 0.0630153720859208, 0.07533340120126235, 0.09335233635345618, 0.20991550442838236, 0.23251552478876106, 0.09263972309884964, 0.04652346533645526, 0.041738776341239944, 0.015066680240252468, 0.006413519291458821, 0.004173877634123995, 0.001832434083273949, 0.003461264379517459, 0.00040720757406087753, 0.0, 0.0, 0.0, 0.0, 0.0], [0.0, 0.00011165698972755694, 0.0, 0.00011165698972755694, 0.00011165698972755694, 0.00033497096918267083, 0.0007815989280928986, 0.001786511835640911, 0.002344796784278696, 0.004242965609647164, 0.008374274229566771, 0.014403751674854847, 0.05180884323358642, 0.08552925413130862, 0.11422510049129075, 0.14113443501563197, 0.15810629745422064, 0.11489504242965609, 0.1380080393032604, 0.06174631531933899, 0.037740062527914245, 0.03327378293881197, 0.014180437695399731, 0.006029477445288075, 0.0056945064761054045, 0.002344796784278696, 0.0013398838767306833, 0.0013398838767306833, 0.0, 0.0, 0.0, 0.0, 0.0], [0.0, 0.0, 0.0, 0.0, 0.0002448280083241523, 0.0, 0.000856898029134533, 0.0024482800832415228, 0.005018974170645122, 0.008079324274697026, 0.016893132574366507, 0.02570694087403599, 0.04296731546088873, 0.06806218631411433, 0.1041743175419268, 0.12645366629942464, 0.1533847472150814, 0.09768637532133675, 0.16562614763128902, 0.05937079201860693, 0.03635695923613661, 0.03807075529440568, 0.015668992532745746, 0.006243114212265883, 0.012118986412045538, 0.0048965601664830456, 0.004039662137348513, 0.0024482800832415228, 0.0019586240665932183, 0.0004896560166483046, 0.0007344840249724568, 0.0, 0.0], [0.0, 0.0001751006828926633, 0.0001751006828926633, 0.0001751006828926633, 0.0010506040973559797, 0.0010506040973559797, 0.001751006828926633, 0.002451409560497286, 0.005603221852565225, 0.01751006828926633, 0.04237436526002451, 0.060059534232183506, 0.07932060935037646, 0.10576081246716862, 0.12554718963403957, 0.1187182630012257, 0.14655927158115917, 0.07756960252144983, 0.11311504114866049, 0.02994221677464542, 0.023813692873402206, 0.02083698126422693, 0.008579933461740501, 0.004552617755209245, 0.007004027315706532, 0.0021012081947119595, 0.0021012081947119595, 0.0001751006828926633, 0.0010506040973559797, 0.0008755034144633164, 0.0, 0.0, 0.0], [0.0, 0.0, 0.0, 0.0007290400972053463, 0.0009720534629404617, 0.002187120291616039, 0.003888213851761847, 0.006804374240583232, 0.013608748481166465, 0.015309842041312272, 0.02648845686512758, 0.04301336573511543, 0.05370595382746051, 0.0818955042527339, 0.12369380315917375, 0.13122721749696234, 0.1496962332928311, 0.09623329283110571, 0.11008505467800729, 0.04860267314702309, 0.027946537059538274, 0.02235722964763062, 0.012393681652490888, 0.009234507897934386, 0.008262454434993925, 0.0031591737545565005, 0.0026731470230862697, 0.003402187120291616, 0.0014580801944106927, 0.0009720534629404617, 0.0, 0.0, 0.0], [0.00022644927536231884, 0.0, 0.0, 0.0, 0.0004528985507246377, 0.0004528985507246377, 0.0016983695652173913, 0.0033967391304347825, 0.004868659420289855, 0.009510869565217392, 0.017210144927536232, 0.04132699275362319, 0.08469202898550725, 0.12001811594202899, 0.14696557971014493, 0.15081521739130435, 0.1383605072463768, 0.08038949275362318, 0.09612771739130435, 0.034193840579710144, 0.020606884057971016, 0.024456521739130436, 0.008718297101449276, 0.004189311594202899, 0.007246376811594203, 0.0022644927536231885, 0.0005661231884057971, 0.0009057971014492754, 0.00011322463768115942, 0.00022644927536231884, 0.0, 0.0, 0.0], [0.0, 0.0, 0.0, 0.000286820593718629, 0.0001434102968593145, 0.0001434102968593145, 0.001434102968593145, 0.0004302308905779435, 0.002007744156030403, 0.004589129499498064, 0.007457335436684354, 0.008891438405277499, 0.014627850279650079, 0.06224006883694249, 0.11444141689373297, 0.13896457765667575, 0.17453033127778575, 0.11099956976910942, 0.16649935465366414, 0.059085042306037575, 0.03714326688656246, 0.040585114011186, 0.0187867488885702, 0.008174386920980926, 0.014197619389072135, 0.0047325397963573785, 0.004875950093216693, 0.002294564749749032, 0.001434102968593145, 0.000573641187437258, 0.0004302308905779435, 0.0, 0.0], [0.0, 0.0, 0.0001755926251097454, 0.0003511852502194908, 0.0010535557506584723, 0.0014047410008779632, 0.0022827041264266903, 0.004741000877963125, 0.0077260755048287975, 0.018261633011413522, 0.030728709394205442, 0.042317822651448636, 0.0684811237928007, 0.09201053555750659, 0.11747146619841967, 0.132396839332748, 0.14539069359086917, 0.09007901668129939, 0.12273924495171203, 0.044073748902546096, 0.0266900790166813, 0.02177348551360843, 0.010008779631255488, 0.004389815627743635, 0.005443371378402107, 0.0012291483757682178, 0.0022827041264266903, 0.0038630377524143987, 0.0024582967515364355, 0.0001755926251097454, 0.0, 0.0, 0.0], [0.00012054001928640309, 0.0, 0.0, 0.0, 0.00012054001928640309, 0.0010848601735776277, 0.0007232401157184186, 0.0024108003857280617, 0.0028929604628736743, 0.005665380906460945, 0.013621022179363548, 0.02145612343297975, 0.034594985535197686, 0.04206846673095468, 0.05677434908389585, 0.11595949855351977, 0.2107039537126326, 0.15043394406943106, 0.16092092574734812, 0.07256509161041466, 0.04520250723240116, 0.033389585342333654, 0.013500482160077145, 0.005424300867888139, 0.005665380906460945, 0.0020491803278688526, 0.002290260366441659, 0.00024108003857280618, 0.00012054001928640309, 0.0, 0.0, 0.0, 0.0], [0.0, 0.0, 0.0, 0.00015264845061822624, 0.00015264845061822624, 0.00045794535185467866, 0.000610593802472905, 0.0016791329568004885, 0.0025950236605098457, 0.005800641123492597, 0.023965806747061516, 0.03358265913600977, 0.06884445122882003, 0.09815295374751946, 0.13326209738971148, 0.14593191879102427, 0.15676995878491834, 0.10319035261792092, 0.10960158754388644, 0.04167302701877576, 0.025644939703862005, 0.01938635322851473, 0.009311555487711799, 0.00442680506792856, 0.007021828728438407, 0.0025950236605098457, 0.002747672111128072, 0.00122118760494581, 0.00122118760494581, 0.0, 0.0, 0.0, 0.0], [0.0, 0.0, 0.0, 0.00015676438313215238, 0.0, 0.0004702931493964571, 0.0009405862987929142, 0.0009405862987929142, 0.0023514657469822856, 0.0015676438313215238, 0.005329989026493181, 0.010346449286722056, 0.04013168208183101, 0.06411663270105032, 0.09280451481423421, 0.11804358049851074, 0.155353503683963, 0.10957830380937451, 0.17980874745257877, 0.06976015049380781, 0.04154256153002038, 0.046402257407117106, 0.020222605424047656, 0.01113027120238282, 0.016303495845743848, 0.0064273397084182475, 0.0028217588963787427, 0.0007838219156607619, 0.0023514657469822856, 0.00031352876626430476, 0.0, 0.0, 0.0], [0.0, 0.0, 0.00011803588290840416, 0.0, 0.00023607176581680832, 0.0003541076487252125, 0.0003541076487252125, 0.0012983947119924457, 0.0009442870632672333, 0.0034230406043437205, 0.0066100094428706326, 0.016288951841359773, 0.026794145420207742, 0.04461756373937677, 0.05512275731822474, 0.15852219074598678, 0.181067044381492, 0.10965533522190746, 0.18248347497639283, 0.06480169971671389, 0.044145420207743154, 0.040132200188857416, 0.023253068932955617, 0.012275731822474031, 0.016406987724268178, 0.004367327667610953, 0.0028328611898017, 0.0020066100094428708, 0.0010623229461756375, 0.0008262511803588291, 0.0, 0.0, 0.0], [0.0, 0.0, 0.0, 0.0, 9.686168151879117e-05, 9.686168151879117e-05, 9.686168151879117e-05, 0.0008717551336691205, 0.0018403719488570322, 0.0048430840759395586, 0.008911274699728787, 0.01666020922123208, 0.027896164277411855, 0.03622626888802789, 0.05404881828748547, 0.05714839209608679, 0.06983727237504843, 0.07661759008136382, 0.33184812088337856, 0.11468423091824874, 0.06567222006974041, 0.07264626113909338, 0.018597442851607904, 0.008814413018209996, 0.01985664471135219, 0.00493994575745835, 0.003002712127082526, 0.0025184037194885705, 0.0018403719488570322, 0.0003874467260751647, 0.0, 0.0, 0.0], [0.0, 0.0, 0.0, 0.0, 0.0, 0.00010400416016640666, 0.0005200208008320333, 0.0031201248049922, 0.0055122204888195525, 0.009880395215808632, 0.018512740509620384, 0.0343213728549142, 0.05169006760270411, 0.07831513260530422, 0.11586063442537702, 0.13822152886115444, 0.17462298491939676, 0.10889235569422777, 0.15257410296411855, 0.046177847113884556, 0.022880915236609463, 0.024544981799271972, 0.006448257930317213, 0.0032241289651586064, 0.0022880915236609465, 0.0006240249609984399, 0.0008320332813312533, 0.0005200208008320333, 0.00031201248049921997, 0.0, 0.0, 0.0, 0.0], [0.0, 0.0030120481927710845, 0.0, 0.0030120481927710845, 0.006024096385542169, 0.02108433734939759, 0.02108433734939759, 0.0391566265060241, 0.08433734939759036, 0.060240963855421686, 0.05120481927710843, 0.07530120481927711, 0.08132530120481928, 0.1144578313253012, 0.12048192771084337, 0.10542168674698796, 0.08132530120481928, 0.04819277108433735, 0.04216867469879518, 0.015060240963855422, 0.012048192771084338, 0.009036144578313253, 0.0, 0.006024096385542169, 0.0, 0.0, 0.0, 0.0, 0.0, 0.0, 0.0, 0.0, 0.0]]}, "ranks": {"labels": ["Unranked", "Combatatent I", "Combatatent II", "Challenger I", "Challenger II", "Rival I", "Rival II", "Duelist", "Elite"], "data": [[0.1323943661971831, 0.18591549295774648, 0.2507042253521127, 0.23098591549295774, 0.10985915492957747, 0.054929577464788736, 0.016901408450704224, 0.018309859154929577, 0.0], [0.06267587618316706, 0.09388590432335636, 0.17702737272959837, 0.26682015860833974, 0.22742389357892043, 0.12279355333844973, 0.031210028140189305, 0.013558454847787157, 0.004604758250191865], [0.0076688983566646374, 0.01205112598904443, 0.03067559342665855, 0.0620815581253804, 0.25015216068167984, 0.418746195982958, 0.09214850882531954, 0.0938527084601339, 0.03262325015216068], [0.015167673895011257, 0.024173480270174193, 0.053205356084844176, 0.09195402298850575, 0.11126910771418415, 0.35241142315440216, 0.16163052494371372, 0.14551487143026426, 0.044673539518900345], [0.18229166666666666, 0.16145833333333334, 0.21875, 0.19791666666666666, 0.109375, 0.08854166666666667, 0.036458333333333336, 0.005208333333333333, 0.0], [0.007310420076377523, 0.018657937806873977, 0.09056192034915439, 0.2724495362793235, 0.2884888161483906, 0.18036006546644845, 0.05684669939989089, 0.062193126022913256, 0.023131478450627387], [0.08323057953144267, 0.1193999177969585, 0.20674064940402795, 0.24188244965063707, 0.18680641183723798, 0.09042334566378955, 0.027332511302918208, 0.028976572133168926, 0.015207562679819153], [0.2677595628415301, 0.24863387978142076, 0.21311475409836064, 0.13934426229508196, 0.06284153005464481, 0.03825136612021858, 0.0273224043715847, 0.00273224043715847, 0.0], [0.03228252627017658, 0.058931860036832415, 0.08579785505362365, 0.12263026757664391, 0.3388581952117864, 0.18318708698949193, 0.0716065431697541, 0.07756472754847796, 0.029140938143213085], [0.015531660692951015, 0.029072082835523694, 0.06053365193150139, 0.14058144165671047, 0.19394663480684987, 0.2126642771804062, 0.10752688172043011, 0.1573078454798885, 0.08283552369573875], [0.030379291749056264, 0.05105159086823656, 0.11720294804961352, 0.2263167355743304, 0.24914614416681646, 0.1810174366349092, 0.06309545209419377, 0.05860147402480676, 0.02318892683803703], [0.08214548126377663, 0.13475385745775165, 0.21748714180749448, 0.25936811168258633, 0.16149889786921381, 0.07597354886113152, 0.03100661278471712, 0.02718589272593681, 0.010580455547391624], [0.014024704065877509, 0.032038085434894496, 0.06111682964487905, 0.09173957797220793, 0.37982501286670095, 0.258363355635615, 0.07192485846628924, 0.06896551724137931, 0.02200205867215646], [0.017918088737201365, 0.03508959044368601, 0.08916382252559726, 0.2931953924914676, 0.28125, 0.1651023890784983, 0.052687713310580205, 0.04842150170648464, 0.01717150170648464], [0.015012815818381545, 0.040095203222262905, 0.10984987184181619, 0.2154888319296961, 0.27554009520322226, 0.1905895276455511, 0.07396558037348956, 0.0585865983156353, 0.020871475649945074], [0.04171902488062327, 0.07690374465946218, 0.15858255843176677, 0.24453380246293038, 0.22643880371952751, 0.12741894948479518, 0.050012565971349586, 0.05101784367931641, 0.023372706710228702], [0.046674225245653816, 0.08560090702947845, 0.17687074829931973, 0.2528344671201814, 0.2156084656084656, 0.13718820861678005, 0.03741496598639456, 0.03741496598639456, 0.010393046107331822], [0.012386668369301494, 0.026688800919422807, 0.061167156174179546, 0.30430340952624185, 0.2864257438385902, 0.20112373898608096, 0.04558804750351168, 0.04597114033967565, 0.016345294342995784], [0.18354430379746836, 0.14556962025316456, 0.13924050632911392, 0.17088607594936708, 0.17088607594936708, 0.056962025316455694, 0.06962025316455696, 0.0379746835443038, 0.02531645569620253], [0.008603124292506226, 0.01731944758886122, 0.05127914874349106, 0.20964455512791488, 0.37717908082408874, 0.19357029658139008, 0.06418383518225039, 0.05829748698211456, 0.01992302467738284], [0.0050449120216562076, 0.011443337024732374, 0.026455026455026454, 0.13067552602436322, 0.3424387842992494, 0.2646733111849391, 0.09905254091300603, 0.08736311061892457, 0.032853451458102624], [0.012206193886815294, 0.023100978513063655, 0.04226772924442651, 0.17582971855139715, 0.3081811762332291, 0.2367598103500454, 0.08947846262483608, 0.0899828508019772, 0.022193079794209623], [0.02318840579710145, 0.0391304347826087, 0.13043478260869565, 0.2971014492753623, 0.2956521739130435, 0.1492753623188406, 0.043478260869565216, 0.021739130434782608, 0.0], [0.007775459890005689, 0.01972311776977053, 0.048833681016499146, 0.08761615778494215, 0.2565901763701878, 0.34249952588659205, 0.09927934761995069, 0.10515835387824768, 0.032524179783804286], [0.008449557161763209, 0.028402728290746207, 0.07675862771047541, 0.13834877328718315, 0.30326784078183855, 0.28433268858800775, 0.08734602463605823, 0.06321897587295124, 0.00987478367097628], [0.00982581509602501, 0.022778025904421618, 0.13733809736489505, 0.25535953550692275, 0.2730013398838767, 0.1731799910674408, 0.0643144260830728, 0.05348369807949978, 0.010719071013845467], [0.016648304566042355, 0.0426000734484025, 0.11102950177500306, 0.23062798384135144, 0.25107112253641817, 0.19659689068429428, 0.06475700820173828, 0.05998286203941731, 0.0266862529073326], [0.02994221677464542, 0.10243389949220802, 0.18508142181754508, 0.24426545263526528, 0.224128874102609, 0.12957450534057083, 0.03729644545613728, 0.03396953248117668, 0.013307651899842409], [0.043499392466585664, 0.06950182260024301, 0.13560145808019441, 0.2549210206561361, 0.24592952612393681, 0.13730255164034022, 0.049331713244228435, 0.043985419198055896, 0.019927095990279465], [0.020606884057971016, 0.058537137681159424, 0.20471014492753623, 0.2977807971014493, 0.21875, 0.1146965579710145, 0.036231884057971016, 0.03736413043478261, 0.011322463768115942], [0.009034848702136814, 0.01634877384196185, 0.07686791911659258, 0.25340599455040874, 0.2855299010468952, 0.1987666714470099, 0.06396099239925426, 0.06754624982073713, 0.028538649075003586], [0.035996488147497806, 0.07304653204565409, 0.1604916593503073, 0.24986830553116768, 0.23546971027216856, 0.1485513608428446, 0.04495171202809482, 0.03617208077260755, 0.015452151009657595], [0.013018322082931534, 0.0350771456123433, 0.07666345226615236, 0.17273384763741562, 0.3611378977820636, 0.20094021215043395, 0.07774831243972999, 0.05231436837029894, 0.010366441658630666], [0.011448633796366967, 0.05754846588307129, 0.1669974049763395, 0.27919401618073575, 0.25996031140283926, 0.13295680048847505, 0.04396275377804915, 0.03312471378415509, 0.014806899709967944], [0.0064273397084182475, 0.015676438313215236, 0.10424831478288132, 0.21084809531274495, 0.2649318074933375, 0.2172754350211632, 0.07383602445524377, 0.07775513403354758, 0.02900141087944819], [0.006728045325779037, 0.022898961284230405, 0.07141170915958452, 0.21364494806421153, 0.2907223796033994, 0.21730406043437206, 0.07412653446647781, 0.07566100094428706, 0.02750236071765817], [0.007845796203022084, 0.02557148392096087, 0.06412243316543975, 0.11119721038357226, 0.14645486245641223, 0.39509879891514915, 0.11710577295621852, 0.10005811700891128, 0.03254552499031383], [0.019136765470618825, 0.05283411336453458, 0.13000520020800832, 0.25408216328653144, 0.28351534061362454, 0.17888715548621945, 0.04274570982839314, 0.03421736869474779, 0.004576183047321893], [0.23795180722891565, 0.12650602409638553, 0.19578313253012047, 0.22590361445783133, 0.12951807228915663, 0.045180722891566265, 0.024096385542168676, 0.015060240963855422, 0.0]]}, "ranksDetailed": {"labels": ["Unranked", "Combatatant", "Challenger", "Rival", "Duelist", "Elite"], "data": [[0.1323943661971831, 0.43661971830985913, 0.3408450704225352, 0.07183098591549296, 0.018309859154929577, 0.0], [0.06267587618316706, 0.2709132770529547, 0.49424405218726014, 0.15400358147863905, 0.013558454847787157, 0.004604758250191865], [0.0076688983566646374, 0.04272671941570298, 0.31223371880706025, 0.5108947048082776, 0.0938527084601339, 0.03262325015216068], [0.015167673895011257, 0.07737883635501837, 0.20322313070268988, 0.5140419480981159, 0.14551487143026426, 0.044673539518900345], [0.18229166666666666, 0.3802083333333333, 0.3072916666666667, 0.125, 0.005208333333333333, 0.0], [0.007310420076377523, 0.10921985815602837, 0.5609383524277142, 0.23720676486633935, 0.062193126022913256, 0.023131478450627387], [0.08323057953144267, 0.32614056720098644, 0.42868886148787505, 0.11775585696670776, 0.028976572133168926, 0.015207562679819153], [0.2677595628415301, 0.46174863387978143, 0.20218579234972678, 0.06557377049180328, 0.00273224043715847, 0.0], [0.03228252627017658, 0.14472971509045607, 0.4614884627884303, 0.254793630159246, 0.07756472754847796, 0.029140938143213085], [0.015531660692951015, 0.08960573476702509, 0.3345280764635603, 0.3201911589008363, 0.1573078454798885, 0.08283552369573875], [0.030379291749056264, 0.16825453891785008, 0.47546287974114687, 0.244112888729103, 0.05860147402480676, 0.02318892683803703], [0.08214548126377663, 0.35224099926524616, 0.4208670095518001, 0.10698016164584864, 0.02718589272593681, 0.010580455547391624], [0.014024704065877509, 0.09315491507977354, 0.4715645908389089, 0.3302882141019043, 0.06896551724137931, 0.02200205867215646], [0.017918088737201365, 0.12425341296928327, 0.5744453924914675, 0.2177901023890785, 0.04842150170648464, 0.01717150170648464], [0.015012815818381545, 0.1499450750640791, 0.49102892713291835, 0.26455510801904064, 0.0585865983156353, 0.020871475649945074], [0.04171902488062327, 0.23548630309122895, 0.4709726061824579, 0.17743151545614477, 0.05101784367931641, 0.023372706710228702], [0.046674225245653816, 0.2624716553287982, 0.468442932728647, 0.1746031746031746, 0.03741496598639456, 0.010393046107331822], [0.012386668369301494, 0.08785595709360235, 0.5907291533648321, 0.24671178648959263, 0.04597114033967565, 0.016345294342995784], [0.18354430379746836, 0.2848101265822785, 0.34177215189873417, 0.12658227848101267, 0.0379746835443038, 0.02531645569620253], [0.008603124292506226, 0.06859859633235227, 0.5868236359520036, 0.2577541317636405, 0.05829748698211456, 0.01992302467738284], [0.0050449120216562076, 0.03789836347975883, 0.4731143103236127, 0.3637258520979451, 0.08736311061892457, 0.032853451458102624], [0.012206193886815294, 0.06536870775749017, 0.4840108947846262, 0.32623827297488145, 0.0899828508019772, 0.022193079794209623], [0.02318840579710145, 0.16956521739130434, 0.5927536231884057, 0.1927536231884058, 0.021739130434782608, 0.0], [0.007775459890005689, 0.06855679878626968, 0.3442063341551299, 0.44177887350654277, 0.10515835387824768, 0.032524179783804286], [0.008449557161763209, 0.10516135600122162, 0.4416166140690217, 0.371678713224066, 0.06321897587295124, 0.00987478367097628], [0.00982581509602501, 0.16011612326931665, 0.5283608753907995, 0.23749441715051361, 0.05348369807949978, 0.010719071013845467], [0.016648304566042355, 0.15362957522340556, 0.48169910637776964, 0.26135389888603255, 0.05998286203941731, 0.0266862529073326], [0.02994221677464542, 0.2875153213097531, 0.4683943267378743, 0.1668709507967081, 0.03396953248117668, 0.013307651899842409], [0.043499392466585664, 0.20510328068043743, 0.5008505467800729, 0.18663426488456866, 0.043985419198055896, 0.019927095990279465], [0.020606884057971016, 0.2632472826086957, 0.5165307971014492, 0.1509284420289855, 0.03736413043478261, 0.011322463768115942], [0.009034848702136814, 0.09321669295855442, 0.5389358955973039, 0.26272766384626417, 0.06754624982073713, 0.028538649075003586], [0.035996488147497806, 0.23353819139596138, 0.48533801580333624, 0.19350307287093943, 0.03617208077260755, 0.015452151009657595], [0.013018322082931534, 0.11174059787849566, 0.5338717454194792, 0.2786885245901639, 0.05231436837029894, 0.010366441658630666], [0.011448633796366967, 0.22454587085941077, 0.5391543275835751, 0.1769195542665242, 0.03312471378415509, 0.014806899709967944], [0.0064273397084182475, 0.11992475309609657, 0.47577990280608246, 0.291111459476407, 0.07775513403354758, 0.02900141087944819], [0.006728045325779037, 0.09431067044381491, 0.5043673276676109, 0.2914305949008499, 0.07566100094428706, 0.02750236071765817], [0.007845796203022084, 0.08969391708640062, 0.2576520728399845, 0.5122045718713677, 0.10005811700891128, 0.03254552499031383], [0.019136765470618825, 0.1828393135725429, 0.537597503900156, 0.2216328653146126, 0.03421736869474779, 0.004576183047321893], [0.23795180722891565, 0.32228915662650603, 0.35542168674698793, 0.06927710843373494, 0.015060240963855422, 0.0]]}}}, "eu": {"histType": {"histogram": {"labels": ["0", "100", "200", "300", "400", "500", "600", "700", "800", "900", "1000", "1100", "1200", "1300", "1400", "1500", "1600", "1700", "1800", "1900", "2000", "2100", "2200", "2300", "2400", "2500", "2600", "2700", "2800", "2900", "3000", "3100", "3200"], "data": [[0.0, 0.0, 0.0018587360594795538, 0.0, 0.0018587360594795538, 0.007434944237918215, 0.013011152416356878, 0.026022304832713755, 0.048327137546468404, 0.07806691449814127, 0.07806691449814127, 0.10780669144981413, 0.10223048327137546, 0.11895910780669144, 0.1412639405204461, 0.09293680297397769, 0.06319702602230483, 0.03345724907063197, 0.03531598513011153, 0.020446096654275093, 0.013011152416356878, 0.0055762081784386614, 0.0037174721189591076, 0.007434944237918215, 0.0, 0.0, 0.0, 0.0, 0.0, 0.0, 0.0, 0.0, 0.0], [0.0, 0.0002818489289740699, 0.0008455467869222097, 0.0011273957158962795, 0.0016910935738444193, 0.003945885005636978, 0.007046223224351747, 0.010992108229988726, 0.019729425028184894, 0.0346674182638106, 0.04509582863585118, 0.06200676437429538, 0.08201803833145434, 0.10484780157835401, 0.1355693348365276, 0.12965050732807215, 0.14064261555806087, 0.06905298759864713, 0.09554678692220969, 0.02367531003382187, 0.011837655016910935, 0.009301014656144307, 0.004227733934611048, 0.002818489289740699, 0.001972942502818489, 0.0011273957158962795, 0.0002818489289740699, 0.0, 0.0, 0.0, 0.0, 0.0, 0.0], [0.0, 0.0, 0.0, 0.00012253400318588408, 0.00012253400318588408, 0.00012253400318588408, 0.0, 0.0007352040191153045, 0.0018380100477882611, 0.00269574807008945, 0.005759098149736552, 0.009557652248498959, 0.012130866315402524, 0.014949148388677858, 0.025119470653106237, 0.03455458889841931, 0.1809827227055508, 0.15451537801739984, 0.32594044847445164, 0.08062737409631172, 0.052076951354000735, 0.0515868153412572, 0.018135032471510843, 0.007842176203896581, 0.011518196299473104, 0.005023894130621247, 0.0017154760446023772, 0.0020830780541600293, 0.00012253400318588408, 0.00012253400318588408, 0.0, 0.0, 0.0], [0.0, 0.0, 0.0, 0.00011407711613050422, 0.00011407711613050422, 0.00022815423226100844, 0.0007985398129135296, 0.002053388090349076, 0.0025096965548710927, 0.005817932922655715, 0.01106548026465891, 0.016883413187314626, 0.020419803787360257, 0.026009582477754964, 0.04129591603924253, 0.05247547342003194, 0.07403604836869723, 0.04916723705224732, 0.2782340862422998, 0.1489847136664385, 0.09354323522701347, 0.0895505361624458, 0.03102897558749715, 0.013689253935660506, 0.024412502851927902, 0.008099475245265799, 0.004334930412959161, 0.001483002509696555, 0.0035363906000456307, 0.00011407711613050422, 0.0, 0.0, 0.0], [0.0, 0.0, 0.0, 0.0, 0.0, 0.021739130434782608, 0.02717391304347826, 0.04891304347826087, 0.06521739130434782, 0.04891304347826087, 0.07608695652173914, 0.08152173913043478, 0.06521739130434782, 0.11956521739130435, 0.09239130434782608, 0.14673913043478262, 0.03260869565217391, 0.06521739130434782, 0.03260869565217391, 0.04891304347826087, 0.005434782608695652, 0.005434782608695652, 0.0, 0.005434782608695652, 0.010869565217391304, 0.0, 0.0, 0.0, 0.0, 0.0, 0.0, 0.0, 0.0], [0.0, 0.0, 0.00010842459069717012, 0.00021684918139434025, 0.00032527377209151036, 0.00010842459069717012, 0.00021684918139434025, 0.0011926704976688712, 0.0019516426325490621, 0.0039032852650981243, 0.007914995120893418, 0.011926704976688712, 0.01843218041851892, 0.09161877913910875, 0.12978423506451264, 0.13759080559470888, 0.16285373522714952, 0.11135205464599371, 0.14940908598070043, 0.05627236257183129, 0.03621381329285482, 0.03838230510679822, 0.014203621381329285, 0.005421229534858506, 0.010842459069717012, 0.004336983627886805, 0.