{"region": {"us": {"histType": {"histogram": {"labels": ["0", "100", "200", "300", "400", "500", "600", "700", "800", "900", "1000", "1100", "1200", "1300", "1400", "1500", "1600", "1700", "1800", "1900", "2000", "2100", "2200", "2300", "2400", "2500", "2600", "2700", "2800", "2900", "3000"], "data": [[0.0, 0.0, 0.004132231404958678, 0.004132231404958678, 0.0, 0.012396694214876033, 0.01652892561983471, 0.01652892561983471, 0.049586776859504134, 0.045454545454545456, 0.05371900826446281, 0.09504132231404959, 0.09504132231404959, 0.09917355371900827, 0.12396694214876033, 0.09917355371900827, 0.07024793388429752, 0.049586776859504134, 0.05785123966942149, 0.05371900826446281, 0.008264462809917356, 0.028925619834710745, 0.01652892561983471, 0.0, 0.0, 0.0, 0.0, 0.0, 0.0, 0.0, 0.0], [0.0, 0.0010152284263959391, 0.0, 0.0005076142131979696, 0.0010152284263959391, 0.0010152284263959391, 0.005583756345177665, 0.012182741116751269, 0.01116751269035533, 0.02081218274111675, 0.04010152284263959, 0.05228426395939086, 0.07258883248730964, 0.07817258883248732, 0.11370558375634518, 0.1319796954314721, 0.15532994923857868, 0.083248730964467, 0.11776649746192894, 0.03857868020304569, 0.02233502538071066, 0.016243654822335026, 0.009137055837563452, 0.0040609137055837565, 0.003553299492385787, 0.004568527918781726, 0.003045685279187817, 0.0, 0.0, 0.0, 0.0], [0.00015403573629081948, 0.0, 0.0, 0.00030807147258163895, 0.00030807147258163895, 0.00030807147258163895, 0.00030807147258163895, 0.0009242144177449168, 0.004313000616142945, 0.0053912507701786815, 0.009550215650030808, 0.013709180529882932, 0.0229513247073321, 0.03727664818237831, 0.05714725816389402, 0.08471965495995071, 0.14186691312384472, 0.10967344423906346, 0.2341343191620456, 0.07871226124460876, 0.05160197165742452, 0.06993222427603205, 0.02387553912507702, 0.015095502156500308, 0.02310536044362292, 0.006931608133086876, 0.004467036352433764, 0.0024645717806531116, 0.0007701786814540973, 0.0, 0.0], [0.0, 0.0, 0.0, 0.0, 0.0002829654782116582, 0.0002829654782116582, 0.00155631013016412, 0.0028296547821165816, 0.007074136955291454, 0.012591963780418788, 0.020797962648556875, 0.02320316921335597, 0.044142614601018676, 0.06253537068477645, 0.09069043576683644, 0.12422184493491795, 0.15916808149405773, 0.11375212224108659, 0.16468590831918506, 0.06621392190152801, 0.03876627051499717, 0.041171477079796265, 0.010469722693831352, 0.00466893039049236, 0.006366723259762309, 0.0021222410865874364, 0.0019807583474816073, 0.00042444821731748726, 0.0, 0.0, 0.0], [0.0, 0.0, 0.0, 0.0, 0.0, 0.012048192771084338, 0.0, 0.04819277108433735, 0.03614457831325301, 0.07228915662650602, 0.04819277108433735, 0.07228915662650602, 0.10843373493975904, 0.13253012048192772, 0.04819277108433735, 0.04819277108433735, 0.10843373493975904, 0.060240963855421686, 0.024096385542168676, 0.0963855421686747, 0.03614457831325301, 0.03614457831325301, 0.0, 0.012048192771084338, 0.0, 0.0, 0.0, 0.0, 0.0, 0.0, 0.0], [0.0, 0.0, 0.0, 0.0, 0.0, 0.0001407063458561981, 0.0001407063458561981, 0.0019698888419867736, 0.002110595187842972, 0.007598142676234698, 0.013085690164626424, 0.021950189953566904, 0.03658364992261151, 0.06599127620655691, 0.09610243421978332, 0.13240467145068244, 0.15970170254678487, 0.10524834670043619, 0.148445194878289, 0.060925847755733786, 0.0372871816518925, 0.050513578162375124, 0.02096524553257352, 0.008442380751371888, 0.01575911073589419, 0.006191079217672717, 0.004643309413254538, 0.003658364992261151, 0.0001407063458561981, 0.0, 0.0], [0.0, 0.0, 0.00032071840923669016, 0.001603592046183451, 0.001603592046183451, 0.0025657472738935213, 0.004169339320076972, 0.009942270686337396, 0.019884541372674792, 0.028864656831302116, 0.042655548428479795, 0.05003207184092367, 0.07408595253367543, 0.09749839640795381, 0.12604233483001925, 0.12315586914688903, 0.12636305323925592, 0.08434894162924952, 0.08466966003848621, 0.03463758819756254, 0.021808851828094934, 0.021808851828094934, 0.008338678640153944, 0.007697241821680564, 0.011866581141757537, 0.005772931366260423, 0.007055805003207184, 0.0022450288646568314, 0.0009621552277100705, 0.0, 0.0], [0.0, 0.0, 0.004081632653061225, 0.012244897959183673, 0.004081632653061225, 0.0163265306122449, 0.0163265306122449, 0.04897959183673469, 0.07346938775510205, 0.11020408163265306, 0.09795918367346938, 0.11020408163265306, 0.10612244897959183, 0.08571428571428572, 0.0653061224489796, 0.0653061224489796, 0.053061224489795916, 0.0326530612244898, 0.024489795918367346, 0.0326530612244898, 0.04081632653061224, 0.0, 0.0, 0.0, 0.0, 0.0, 0.0, 0.0, 0.0, 0.0, 0.0], [0.0003643872221547431, 0.0003643872221547431, 0.0006073120369245718, 0.0007287744443094862, 0.0007287744443094862, 0.00194339851815863, 0.0021863233329284587, 0.0059516579618608045, 0.01226770314587635, 0.02672172962468116, 0.04287622980687477, 0.06145997813676667, 0.08077250091096806, 0.0937689785011539, 0.12219118182922385, 0.12984331349447345, 0.11587513664520831, 0.06947649702417102, 0.08465929794728531, 0.04117575610348597, 0.031215838697922993, 0.02890805295760962, 0.01554718814526904, 0.008380906109559091, 0.012875015182800924, 0.004858496295396575, 0.004129721851087088, 0.00012146240738491437, 0.0, 0.0, 0.0], [0.0, 0.0, 0.0, 0.0005592841163310962, 0.0, 0.0005592841163310962, 0.0005592841163310962, 0.0005592841163310962, 0.0011185682326621924, 0.0050335570469798654, 0.008389261744966443, 0.010626398210290829, 0.008948545861297539, 0.025167785234899327, 0.053691275167785234, 0.07829977628635347, 0.09451901565995526, 0.09060402684563758, 0.18176733780760626, 0.08557046979865772, 0.0878076062639821, 0.10514541387024609, 0.053131991051454136, 0.01621923937360179, 0.05145413870246085, 0.015100671140939598, 0.011185682326621925, 0.01174496644295302, 0.0022371364653243847, 0.0, 0.0], [0.0, 0.0, 0.0007347538574577516, 0.0, 0.0018368846436443791, 0.0011021307861866275, 0.00440852314474651, 0.00440852314474651, 0.01322556943423953, 0.02094048493754592, 0.03085966201322557, 0.041146216017634095, 0.06429096252755327, 0.08119030124908155, 0.10102865540044086, 0.12674504041146217, 0.15099191770756795, 0.09368111682586333, 0.13005143277002204, 0.04886113152094049, 0.02718589272593681, 0.026818515797207936, 0.009551800146950772, 0.005510653930933138, 0.0073475385745775165, 0.0036737692872887582, 0.00440852314474651, 0.0, 0.0, 0.0, 0.0], [0.0002048760499897562, 0.0, 0.0008195041999590248, 0.0006146281499692685, 0.001229256299938537, 0.0022536365498873182, 0.004712149149764392, 0.00921942224953903, 0.015980331899200985, 0.028477770948576113, 0.06146281499692686, 0.07047736119647613, 0.0958819913952059, 0.10120876869493955, 0.1374718295431264, 0.13275968039336203, 0.11555009219422249, 0.06699446834665028, 0.06863347674656832, 0.03667281294816636, 0.015980331899200985, 0.01679983609916001, 0.006760909649661954, 0.003073140749846343, 0.004097520999795124, 0.0022536365498873182, 0.0004097520999795124, 0.0, 0.0, 0.0, 0.0], [0.0, 0.0, 0.0, 0.0, 0.00018914318138831096, 0.0009457159069415548, 0.002837147720824664, 0.0037828636277662192, 0.007754870436920749, 0.011159447701910347, 0.028560620389634955, 0.04180064308681672, 0.058256099867599775, 0.0724418384717231, 0.11424248155853982, 0.11348590883298657, 0.15150368829203706, 0.10081331567996973, 0.13902023832040855, 0.05333837715150369, 0.03196519765462455, 0.033289199924342726, 0.010781161339133724, 0.0075657272555324385, 0.00964630225080386, 0.0037828636277662192, 0.0022697181766597315, 0.0005674295441649329, 0.0, 0.0, 0.0], [0.00027804810232170165, 0.0, 0.0, 0.00027804810232170165, 0.00013902405116085083, 0.0006951202558042541, 0.00166828861393021, 0.0027804810232170164, 0.0061170582510774365, 0.017099958292784653, 0.027943834283331016, 0.03531210899485611, 0.0494925622132629, 0.06839983317113861, 0.10079243709161685, 0.13165577644932575, 0.1476435423328236, 0.1020436535520645, 0.1370777144445989, 0.058112053385235646, 0.03684137355762547, 0.03600722925066036, 0.012512164604476574, 0.006395106353399138, 0.010287779785902961, 0.004031697483664674, 0.002502432920895315, 0.0022243848185736132, 0.00166828861393021, 0.0, 0.0], [0.0, 0.0, 0.00026888948642108095, 0.0, 0.0005377789728421619, 0.0005377789728421619, 0.0005377789728421619, 0.0013444474321054048, 0.003764452809895133, 0.004302231782737295, 0.014788921753159451, 0.018553374563054583, 0.04033342296316214, 0.05512234471632159, 0.08228018284485077, 0.11804248453885453, 0.16617370260822803, 0.11938693197095994, 0.15488034417854263, 0.07502016671148158, 0.04920677601505781, 0.0451734337187416, 0.01747781661737026, 0.011024468943264318, 0.012906695348211886, 0.004033342296316214, 0.0016133369185264857, 0.0018822264049475664, 0.0008066684592632429, 0.0, 0.0], [0.0, 0.0, 0.0, 0.0005073566717402334, 0.0010147133434804667, 0.0015220700152207, 0.0005073566717402334, 0.005580923389142567, 0.009639776763064434, 0.014205986808726534, 0.021816336884830034, 0.043125317097919835, 0.052257737189244036, 0.0684931506849315, 0.09335362760020294, 0.11821410451547437, 0.13191273465246067, 0.10248604769152714, 0.1126331811263318, 0.06037544393708777, 0.046169457128361235, 0.04058853373921867, 0.0258751902587519, 0.0121765601217656, 0.017250126839167934, 0.007102993404363267, 0.0045662100456621, 0.006595636732623034, 0.0020294266869609334, 0.0, 0.0], [0.00025303643724696357, 0.0, 0.0005060728744939271, 0.00025303643724696357, 0.0005060728744939271, 0.001771255060728745, 0.0025303643724696357, 0.004048582995951417, 0.008856275303643725, 0.01417004048582996, 0.02353238866396761, 0.044281376518218625, 0.07312753036437247, 0.08729757085020243, 0.11639676113360324, 0.13233805668016194, 0.13714574898785425, 0.09084008097165992, 0.1118421052631579, 0.050101214574898786, 0.02909919028340081, 0.0326417004048583, 0.012904858299595142, 0.005060728744939271, 0.01062753036437247, 0.004048582995951417, 0.00430161943319838, 0.0015182186234817814, 0.0, 0.0, 0.0], [0.0, 0.0, 0.00019443904335990667, 0.00038887808671981335, 0.00058331713007972, 0.00058331713007972, 0.0013610733035193468, 0.0038887808671981333, 0.00524985417071748, 0.013805172078553373, 0.026638148940307214, 0.033443515457903944, 0.061442737701730504, 0.0698036165662065, 0.10694147384794866, 0.13299630565817616, 0.14913474625704842, 0.09352517985611511, 0.15302352712424655, 0.04997083414349601, 0.027804783200466653, 0.031888003111024694, 0.01399961112191328, 0.00524985417071748, 0.009527513124635427, 0.0036943418238382267, 0.00174995139023916, 0.0029165856503986, 0.00019443904335990667, 0.0, 0.0], [0.0, 0.0, 0.0, 0.015151515151515152, 0.015151515151515152, 0.015151515151515152, 0.0, 0.0, 0.015151515151515152, 0.07575757575757576, 0.030303030303030304, 0.07575757575757576, 0.07575757575757576, 0.06060606060606061, 0.10606060606060606, 0.13636363636363635, 0.13636363636363635, 0.030303030303030304, 0.07575757575757576, 0.045454545454545456, 0.0, 0.045454545454545456, 0.030303030303030304, 0.0, 0.015151515151515152, 0.0, 0.0, 0.0, 0.0, 0.0, 0.0], [0.0001325381047051027, 0.0, 0.0, 0.0001325381047051027, 0.0001325381047051027, 0.0005301524188204108, 0.00039761431411530816, 0.0014579191517561298, 0.0033134526176275677, 0.0074221338634857525, 0.01418157720344599, 0.019748177601060304, 0.03777335984095427, 0.05765407554671968, 0.09821073558648111, 0.14486414844267728, 0.16925115970841617, 0.12259774685222001, 0.12485089463220676, 0.06640159045725647, 0.0437375745526839, 0.04506295559973492, 0.017362491716368455, 0.0075546719681908545, 0.010470510271703115, 0.005699138502319417, 0.0010603048376408217, 0.0, 0.0, 0.0, 0.0], [0.0, 0.0, 0.0, 0.0001775883502042266, 0.0, 0.0003551767004084532, 0.0012431184514295863, 0.000887941751021133, 0.0024862369028591726, 0.004084532054697212, 0.010300124311845143, 0.013496714615521222, 0.022376132125732553, 0.035340081690641095, 0.061090392470253954, 0.09039247025395133, 0.13319126265316994, 0.12076007813887409, 0.1882436512164802, 0.09270111880660628, 0.06712839637719765, 0.07654057893802167, 0.025217545729000177, 0.01456224471674658, 0.02042266027348606, 0.009234594210619783, 0.005150062155922571, 0.0037293553542887587, 0.000887941751021133, 0.0, 0.0], [0.00023001725129384704, 0.00023001725129384704, 0.0, 0.00023001725129384704, 0.00023001725129384704, 0.0009200690051753881, 0.0008050603795284647, 0.0025301897642323176, 0.0041403105232892465, 0.008050603795284647, 0.01633122484186314, 0.022311673375503164, 0.02748706152961472, 0.04347326049453709, 0.06566992524439333, 0.09902242668200115, 0.141345600920069, 0.13018976423231743, 0.17389304197814837, 0.08982173663024727, 0.05163887291546866, 0.06095457159286947, 0.023346751006325474, 0.01311098332374928, 0.015871190339275445, 0.005175388154111558, 0.002875215641173088, 0.00011500862564692352, 0.0, 0.0, 0.0], [0.0, 0.0, 0.0, 0.0, 0.0019569471624266144, 0.0, 0.0, 0.003913894324853229, 0.007827788649706457, 0.005870841487279843, 0.019569471624266144, 0.029354207436399216, 0.050880626223091974, 0.09197651663405088, 0.10567514677103718, 0.15851272015655576, 0.18003913894324852, 0.13307240704500978, 0.12720156555772993, 0.04500978473581213, 0.021526418786692758, 0.015655577299412915, 0.0019569471624266144, 0.0, 0.0, 0.0, 0.0, 0.0, 0.0, 0.0, 0.0], [0.0, 0.0, 0.0, 0.00029245466952622346, 0.00019496977968414895, 0.00019496977968414895, 0.0004874244492103724, 0.0009748488984207448, 0.0023396373562097877, 0.006628972509261064, 0.010333398323259895, 0.01900955351920452, 0.03265743809709495, 0.040553714174302986, 0.06356014817703257, 0.08588418795086762, 0.13384675375316826, 0.10421134724117762, 0.2184636381360889, 0.08919867420549815, 0.05400662897250926, 0.07789042698381751, 0.024956131799571065, 0.007701306297523884, 0.01501267303567947, 0.006239032949892766, 0.0021446675765256387, 0.002924546695262234, 0.00029245466952622346, 0.0, 0.0], [0.00019214141608223654, 9.607070804111827e-05, 0.00019214141608223654, 0.00019214141608223654, 0.0006724949562878278, 0.0005764242482467096, 0.0005764242482467096, 0.0012489192045345373, 0.0017292727447401287, 0.00720530310308387, 0.012489192045345375, 0.026803727543471996, 0.051589970218080504, 0.07359016235949659, 0.11317129407243731, 0.1593813046402152, 0.19435104236718226, 0.11970410221923336, 0.13056009222787973, 0.04803535402055913, 0.02507445479873187, 0.01931021231626477, 0.0063406667307138054, 0.00220962628494572, 0.0024978384090690747, 0.0020174848688634837, 0.00019214141608223654, 0.0, 0.0, 0.0, 0.0], [0.0001409046075806679, 0.0001409046075806679, 0.0, 0.0001409046075806679, 0.0002818092151613358, 0.0009863322530646753, 0.0011272368606453432, 0.0022544737212906864, 0.004508947442581373, 0.007608848809356066, 0.014794983795970128, 0.026771875440326897, 0.041285050021135694, 0.054530083133718474, 0.09567422854727349, 0.1496406932506693, 0.16119487107228406, 0.11554177821614767, 0.1425954628716359, 0.07172044525855996, 0.037903339439199664, 0.036353388755812316, 0.016908552909680147, 0.008031562632098069, 0.006763421163872059, 0.0025362829364520218, 0.0005636184303226716, 0.0, 0.0, 0.0, 0.0], [0.0, 0.0, 0.0, 0.0, 0.00032578595862518323, 0.0, 0.0008144648965629581, 0.0008144648965629581, 0.002280501710376283, 0.004561003420752566, 0.011728294510506597, 0.017755334745072487, 0.031438345007330185, 0.053591790193842644, 0.0970842156703046, 0.12314709236031927, 0.1537709724710865, 0.09806157354618016, 0.17641309659553672, 0.06499429874572406, 0.0428408535592116, 0.050496823586903404, 0.023456589021013195, 0.012868545365694739, 0.01694086984850953, 0.007167291089754032, 0.005538361296628116, 0.002769180648314058, 0.0011402508551881414, 0.0, 0.0], [0.00045433893684688776, 0.0009086778736937755, 0.00045433893684688776, 0.00045433893684688776, 0.002271694684234439, 0.003634711494775102, 0.004543389368468878, 0.008632439800090867, 0.019990913221263062, 0.03180372557928214, 0.04543389368468878, 0.06406179009541117, 0.07178555202180827, 0.0963198546115402, 0.12766924125397547, 0.11449341208541572, 0.11767378464334394, 0.07496592457973648, 0.10722398909586552, 0.03498409813721036, 0.019536574284416176, 0.028169014084507043, 0.0068150840527033164, 0.004997728305315766, 0.009995456610631531, 0.002271694684234439, 0.00045433893684688776, 0.0, 0.0, 0.0, 0.0], [0.0, 0.0, 0.0, 0.0023790642347343376, 0.0015860428231562252, 0.0023790642347343376, 0.003965107057890563, 0.011102299762093577, 0.01506740681998414, 0.01586042823156225, 0.029341792228390166, 0.04282315622521808, 0.05313243457573354, 0.05551149881046788, 0.10547184773988898, 0.11657414750198256, 0.14750198255352895, 0.11657414750198256, 0.13957176843774782, 0.046788263283108644, 0.028548770816812053, 0.02775574940523394, 0.01506740681998414, 0.007137192704203013, 0.008723235527359239, 0.0031720856463124504, 0.0023790642347343376, 0.0015860428231562252, 0.0, 0.0, 0.0], [0.00032808398950131233, 0.0, 0.0, 0.0, 0.0006561679790026247, 0.000984251968503937, 0.0034448818897637795, 0.005905511811023622, 0.00902230971128609, 0.017880577427821523, 0.03379265091863517, 0.051181102362204724, 0.0733267716535433, 0.10055774278215224, 0.1377952755905512, 0.1381233595800525, 0.13828740157480315, 0.08415354330708662, 0.09711286089238845, 0.03412073490813648, 0.023293963254593177, 0.02444225721784777, 0.009186351706036745, 0.005741469816272966, 0.006725721784776903, 0.00213254593175853, 0.000984251968503937, 0.0008202099737532808, 0.0, 0.0, 0.0], [0.0, 0.0, 0.0, 0.000564652738565782, 0.000282326369282891, 0.000282326369282891, 0.002540937323546019, 0.002258610954263128, 0.004799548277809147, 0.010728402032749858, 0.019198193111236588, 0.02710333145115754, 0.03811405985319029, 0.057029926595143984, 0.08921513269339357, 0.11829474872953134, 0.13354037267080746, 0.10813099943534726, 0.14257481648785997, 0.0629587803500847, 0.04940711462450593, 0.0502540937323546, 0.022303783173348392, 0.01355166572557877, 0.022303783173348392, 0.01129305477131564, 0.006775832862789385, 0.0036702428006775835, 0.00282326369282891, 0.0, 0.0], [0.0, 0.0, 0.0, 0.0, 0.00023196474135931338, 0.0, 0.001159823706796567, 0.0013917884481558804, 0.003943400603108328, 0.012758060774762237, 0.017397355601948505, 0.027835768963117607, 0.05080027835768963, 0.0709812108559499, 0.1073996752493621, 0.13291579679888657, 0.15309672929714682, 0.09974483878450476, 0.14613778705636743, 0.0589190443052656, 0.03850614706564602, 0.037578288100208766, 0.016005567153792623, 0.0055671537926235215, 0.006263048016701462, 0.003015541637671074, 0.006726977499420088, 0.0013917884481558804, 0.00023196474135931338, 0.0, 0.0], [0.0002883506343713956, 0.0001441753171856978, 0.0001441753171856978, 0.0001441753171856978, 0.00043252595155709344, 0.0012975778546712802, 0.0015859284890426758, 0.0031718569780853517, 0.0057670126874279125, 0.009948096885813149, 0.02566320645905421, 0.038494809688581315, 0.06401384083044982, 0.08837946943483276, 0.12773933102652826, 0.14691464821222608, 0.15484429065743946, 0.10121107266435986, 0.1053921568627451, 0.051470588235294115, 0.02768166089965398, 0.022202998846597464, 0.012254901960784314, 0.0038927335640138406, 0.004469434832756632, 0.0021626297577854673, 0.0002883506343713956, 0.0, 0.0, 0.0, 0.0], [0.0, 0.0, 0.0, 0.0005125576627370579, 0.0005125576627370579, 0.0010251153254741158, 0.0010251153254741158, 0.0033316248077908763, 0.005125576627370579, 0.008200922603792926, 0.01742696053305997, 0.030240902101486417, 0.04971809328549462, 0.07047667862634546, 0.10943106099436187, 0.1442849820604818, 0.15427985648385442, 0.11430035879036392, 0.12096360840594567, 0.05356227575602255, 0.04100461301896463, 0.03203485392106612, 0.015376729882111738, 0.007175807278318811, 0.011276268580215274, 0.004356740133264992, 0.0038441824705279346, 0.0005125576627370579, 0.0, 0.0, 0.0], [0.0, 0.0, 0.0, 0.000280662363177098, 0.0, 0.001122649452708392, 0.0019646365422396855, 0.0028066236317709796, 0.005613247263541959, 0.005893909626719057, 0.012629806342969408, 0.02217232669099074, 0.03311815885489756, 0.04827392646646085, 0.08784731967443166, 0.11198428290766209, 0.14482177939938254, 0.10496772382823463, 0.16980072972214427, 0.07493685096828516, 0.04518664047151277, 0.06006174571989896, 0.02189166432781364, 0.01627841706427168, 0.01655907942744878, 0.008700533258490037, 0.0019646365422396855, 0.001122649452708392, 0.0, 0.0, 0.0], [0.0, 0.0, 0.00031984647369262754, 0.0, 0.00015992323684631377, 0.00047976971053894133, 0.0006396929473852551, 0.002079002079002079, 0.002718695026387334, 0.006237006237006237, 0.01359347513193667, 0.029425875579721733, 0.05037581960658884, 0.0825203902126979, 0.12154166000319847, 0.12537981768751, 0.14569006876699184, 0.09883256037102191, 0.1314569006876699, 0.05485367023828562, 0.03470334239565009, 0.03838157684311531, 0.02238925315848393, 0.009275547737086198, 0.01599232368463138, 0.005437390052774668, 0.0038381576843115306, 0.0023988485526947067, 0.0012793858947705101, 0.0, 0.0], [0.0, 0.0, 0.0001012965964343598, 0.0, 0.0001012965964343598, 0.0002025931928687196, 0.00030388978930307944, 0.0013168557536466774, 0.0023298217179902755, 0.006179092382495948, 0.012662074554294975, 0.023399513776337116, 0.040619935170178284, 0.05986628849270664, 0.08660858995137763, 0.1085899513776337, 0.13908022690437602, 0.11476904376012965, 0.1880064829821718, 0.07090761750405186, 0.04457050243111831, 0.055206645056726095, 0.01590356564019449, 0.008610210696920584, 0.012763371150729336, 0.0037479740680713127, 0.002228525121555916, 0.0016207455429497568, 0.00030388978930307944, 0.0, 0.0], [0.0, 0.0, 0.0, 0.0, 0.0, 0.00012577034335303736, 0.0006288517167651867, 0.0005030813734121495, 0.0023896365237077097, 0.0057854357942397185, 0.008175072317947427, 0.02138095837001635, 0.03508992579549742, 0.060747075839517044, 0.0993585712488995, 0.14224625833228524, 0.17909696893472518, 0.12149415167903409, 0.17796503584454784, 0.05810589862910326, 0.02993334171802289, 0.03659916991573387, 0.009307005408124765, 0.0028927178971198592, 0.003898880643944158, 0.0023896365237077097, 0.0018865551502955603, 0.0, 0.0, 0.0, 0.0], [0.0, 0.004694835680751174, 0.0, 0.004694835680751174, 0.009389671361502348, 0.023474178403755867, 0.03286384976525822, 0.028169014084507043, 0.08450704225352113, 0.051643192488262914, 0.03755868544600939, 0.056338028169014086, 0.10328638497652583, 0.107981220657277, 0.09859154929577464, 0.09389671361502347, 0.0892018779342723, 0.06103286384976526, 0.04225352112676056, 0.018779342723004695, 0.014084507042253521, 0.014084507042253521, 0.009389671361502348, 0.014084507042253521, 0.0, 0.0, 0.0, 0.0, 0.0, 0.0, 0.0]]}, "ranks": {"labels": ["Unranked", "Combatatent I", "Combatatent II", "Challenger I", "Challenger II", "Rival I", "Rival II", "Duelist", "Elite"], "data": [[0.1487603305785124, 0.1487603305785124, 0.19421487603305784, 0.2231404958677686, 0.11983471074380166, 0.09917355371900827, 0.02066115702479339, 0.045454545454545456, 0.0], [0.0532994923857868, 0.09238578680203045, 0.15076142131979695, 0.24568527918781727, 0.23857868020304568, 0.1416243654822335, 0.03705583756345178, 0.029441624365482234, 0.01116751269035533], [0.012014787430683918, 0.02325939617991374, 0.060227972889710414, 0.14186691312384472, 0.2515403573629082, 0.2771102895871842, 0.08733826247689463, 0.10890326555760936, 0.03773875539125077], [0.02461799660441426, 0.044001131861912846, 0.10667798528579513, 0.2149122807017544, 0.2729202037351443, 0.20048104131295982, 0.06918505942275043, 0.056310130164119974, 0.01089417091114884], [0.1686746987951807, 0.12048192771084337, 0.24096385542168675, 0.0963855421686747, 0.1686746987951807, 0.08433734939759036, 0.07228915662650602, 0.04819277108433735, 0.0], [0.01196003939777684, 0.03503588011819333, 0.10257492612916842, 0.22850710567046573, 0.26495004924722104, 0.1798227100042212, 0.06683551428169411, 0.07992120444632053, 0.030392570704938792], [0.0689544579858884, 0.09268762026940347, 0.17158434894162924, 0.24919820397690828, 0.21071199486850545, 0.10487491982039769, 0.03624118024374599, 0.03784477228992944, 0.027902501603592048], [0.2857142857142857, 0.20816326530612245, 0.19183673469387755, 0.1306122448979592, 0.08571428571428572, 0.04081632653061224, 0.05714285714285714, 0.0, 0.0], [0.051864447953358435, 0.10433620794364144, 0.17454147941212195, 0.2520344953236973, 0.18535163366937932, 0.10846592979472854, 0.04858496295396575, 0.05283614721243775, 0.0219846957366695], [0.008389261744966443, 0.01901565995525727, 0.03411633109619687, 0.1319910514541387, 0.18512304250559283, 0.22651006711409397, 0.12863534675615212, 0.174496644295302, 0.09172259507829977], [0.04665686994856723, 0.07200587803085966, 0.14548126377663484, 0.22777369581190302, 0.2446730345334313, 0.15686994856722997, 0.04922850844966936, 0.04188096987509184, 0.015429831006612785], [0.06351157549682442, 0.13194017619340298, 0.19709076009014545, 0.2702315099364884, 0.18254456054087279, 0.0874820733456259, 0.03380454824830977, 0.026633886498668307, 0.006760909649661954], [0.026669188575751845, 0.07036126347645168, 0.13069793833932286, 0.2277283903915264, 0.2523170039720068, 0.16531114053338378, 0.059012672593153015, 0.05163608851900889, 0.016266313599394743], [0.029056026692617823, 0.06325594327818712, 0.11789239538440151, 0.23244821354094258, 0.24968719588488808, 0.16808007785346865, 0.06395106353399138, 0.054914500208536075, 0.020714583622966774], [0.0112933584296854, 0.033342296316214035, 0.09545576767948373, 0.2003226673837053, 0.28556063457918796, 0.1987093304651788, 0.0803979564399032, 0.07367571927937618, 0.021242269427265394], [0.03297818366311517, 0.06494165398274987, 0.12075088787417554, 0.2115677321156773, 0.2343987823439878, 0.14358193810248604, 0.07559614408929477, 0.07864028411973617, 0.03754439370877727], [0.03289473684210526, 0.06781376518218624, 0.1604251012145749, 0.2487348178137652, 0.22798582995951416, 0.13942307692307693, 0.05161943319838057, 0.05060728744939271, 0.020495951417004048], [0.026054831810227493, 0.06008166439821116, 0.13124635426793702, 0.23993777950612483, 0.24265992611316353, 0.18141162745479292, 0.049387517013416295, 0.051137468403655455, 0.01808283103247132], [0.13636363636363635, 0.10606060606060606, 0.13636363636363635, 0.24242424242424243, 0.16666666666666666, 0.09090909090909091, 0.030303030303030304, 0.07575757575757576, 0.015151515151515152], [0.013518886679920477, 0.033929754804506294, 0.09542743538767395, 0.2430748840291584, 0.29184890656063617, 0.16182902584493042, 0.0731610337972167, 0.06998011928429423, 0.017229953611663355], [0.009234594210619783, 0.023796838927366365, 0.057716213816373645, 0.1514828627242053, 0.25395134079204407, 0.2383235659740721, 0.10974960042621204, 0.11632036938376843, 0.03942461374533831], [0.01736630247268545, 0.0386428982173663, 0.07096032202415181, 0.16469235192639448, 0.2715353651523864, 0.2215066129959747, 0.09384703852788959, 0.09741230592294423, 0.024036802760207015], [0.019569471624266144, 0.04892367906066536, 0.14285714285714285, 0.26418786692759294, 0.3131115459882583, 0.15851272015655576, 0.03522504892367906, 0.01761252446183953, 0.0], [0.011113277441996491, 0.029342951842464417, 0.07321115227139793, 0.14944433612790017, 0.23805810099434588, 0.26652368882823163, 0.0951452524858647, 0.11054786508091245, 0.026613374926886334], [0.012681333461427611, 0.03929291958881737, 0.1251801325775771, 0.2725525987126525, 0.3140551445864156, 0.15659525410702277, 0.04707464694014795, 0.027860505331924298, 0.004707464694014795], [0.01719036212484148, 0.04156685923629703, 0.09581513315485417, 0.2453149217979428, 0.2767366492884317, 0.1838805128927716, 0.06833873467662392, 0.061293504297590534, 0.009863322530646753], [0.008796220882879948, 0.029483629255579083, 0.08503013520117284, 0.22023130803062388, 0.2518325460172667, 0.21062062225118097, 0.07362762664929141, 0.08682195797361134, 0.03355595373839387], [0.07314856883234894, 0.10949568378009995, 0.16810540663334847, 0.2421626533393912, 0.1926397092230804, 0.12494320763289414, 0.03680145388459791, 0.039981826442526125, 0.012721490231712857], [0.052339413164155434, 0.07216494845360824, 0.10864393338620143, 0.22204599524187152, 0.2640761300555115, 0.1681205392545599, 0.046788263283108644, 0.0499603489294211, 0.01586042823156225], [0.038221784776902884, 0.08497375328083989, 0.17388451443569553, 0.27591863517060367, 0.22244094488188976, 0.11614173228346457, 0.038385826771653545, 0.03937007874015748, 0.010662729658792652], [0.021456804065499716, 0.04630152456239413, 0.09514398644833427, 0.2075098814229249, 0.24167137210615472, 0.17447769621682666, 0.08046301524562394, 0.08610954263128176, 0.04686617730095991], [0.019485038274182326, 0.04523312456506611, 0.12178148921363953, 0.24031547204824866, 0.2528415680816516, 0.1786128508466713, 0.06495012758060775, 0.05915100904662491, 0.017629320343307817], [0.022923875432525952, 0.06415801614763553, 0.15239331026528258, 0.27465397923875434, 0.2560553633217993, 0.13494809688581316, 0.049596309111880045, 0.03835063437139562, 0.006920415224913495], [0.01973347001537673, 0.047667862634546386, 0.12019477191184008, 0.2537160430548437, 0.2685802152742183, 0.1504356740133265, 0.06509482316760636, 0.05458739108149667, 0.01998974884674526], [0.01768172888015717, 0.034802133033960146, 0.0813920853213584, 0.19983160258209373, 0.24978950322761717, 0.21105809710917767, 0.07886612405276452, 0.09823182711198428, 0.028346898680886894], [0.012633935710858787, 0.043019350711658404, 0.13289620981928674, 0.24692147769070846, 0.24452262913801376, 0.1626419318727011, 0.05837198144890453, 0.07004637773868543, 0.02894610586918279], [0.01053484602917342, 0.03606158833063209, 0.10048622366288493, 0.19519854132901135, 0.2538492706645057, 0.2273095623987034, 0.07617504051863858, 0.07972042139384117, 0.020664505672609402], [0.009432775751477801, 0.029556030687963777, 0.09583700163501446, 0.24160482958118476, 0.30059112061375926, 0.2107910954596906, 0.0552131807319834, 0.048798893220978495, 0.008175072317947427], [0.23943661971830985, 0.09389671361502347, 0.2112676056338028, 0.19248826291079812, 0.15023474178403756, 0.046948356807511735, 0.028169014084507043, 0.03755868544600939, 0.0]]}, "ranksDetailed": {"labels": ["Unranked", "Combatatant", "Challenger", "Rival", "Duelist", "Elite"], "data": [[0.1487603305785124, 0.34297520661157027, 0.34297520661157027, 0.11983471074380166, 0.045454545454545456, 0.0], [0.0532994923857868, 0.2431472081218274, 0.4842639593908629, 0.17868020304568527, 0.029441624365482234, 0.01116751269035533], [0.012014787430683918, 0.08348736906962416, 0.39340727048675295, 0.3644485520640789, 0.10890326555760936, 0.03773875539125077], [0.02461799660441426, 0.15067911714770799, 0.4878324844368987, 0.26966610073571023, 0.056310130164119974, 0.01089417091114884], [0.1686746987951807, 0.3614457831325301, 0.26506024096385544, 0.1566265060240964, 0.04819277108433735, 0.0], [0.01196003939777684, 0.13761080624736174, 0.49345715491768677, 0.2466582242859153, 0.07992120444632053, 0.030392570704938792], [0.0689544579858884, 0.2642719692110327, 0.45991019884541373, 0.14111610006414368, 0.03784477228992944, 0.027902501603592048], [0.2857142857142857, 0.4, 0.2163265306122449, 0.09795918367346938, 0.0, 0.0], [0.051864447953358435, 0.2788776873557634, 0.43738612899307666, 0.15705089274869427, 0.05283614721243775, 0.0219846957366695], [0.008389261744966443, 0.053131991051454136, 0.31711409395973156, 0.35514541387024606, 0.174496644295302, 0.09172259507829977], [0.04665686994856723, 0.21748714180749448, 0.4724467303453343, 0.20609845701689933, 0.04188096987509184, 0.015429831006612785], [0.06351157549682442, 0.32903093628354846, 0.4527760704773612, 0.12128662159393568, 0.026633886498668307, 0.006760909649661954], [0.026669188575751845, 0.20105920181577455, 0.4800453943635332, 0.2243238131265368, 0.05163608851900889, 0.016266313599394743], [0.029056026692617823, 0.18114833866258861, 0.48213540942583066, 0.23203114138746003, 0.054914500208536075, 0.020714583622966774], [0.0112933584296854, 0.12879806399569776, 0.48588330196289325, 0.279107286905082, 0.07367571927937618, 0.021242269427265394], [0.03297818366311517, 0.1856925418569254, 0.4459665144596651, 0.2191780821917808, 0.07864028411973617, 0.03754439370877727], [0.03289473684210526, 0.22823886639676114, 0.4767206477732793, 0.19104251012145748, 0.05060728744939271, 0.020495951417004048], [0.026054831810227493, 0.19132801866614815, 0.48259770561928833, 0.2307991444682092, 0.051137468403655455, 0.01808283103247132], [0.13636363636363635, 0.24242424242424243, 0.4090909090909091, 0.12121212121212122, 0.07575757575757576, 0.015151515151515152], [0.013518886679920477, 0.12935719019218025, 0.5349237905897946, 0.23499005964214711, 0.06998011928429423, 0.017229953611663355], [0.009234594210619783, 0.08151305274374002, 0.4054342035162493, 0.34807316640028413, 0.11632036938376843, 0.03942461374533831], [0.01736630247268545, 0.10960322024151811, 0.4362277170787809, 0.3153536515238643, 0.09741230592294423, 0.024036802760207015], [0.019569471624266144, 0.1917808219178082, 0.5772994129158513, 0.19373776908023482, 0.01761252446183953, 0.0], [0.011113277441996491, 0.10255410411386236, 0.3875024371222461, 0.3616689413140963, 0.11054786508091245, 0.026613374926886334], [0.012681333461427611, 0.16447305216639446, 0.5866077432990681, 0.20366990104717073, 0.027860505331924298, 0.004707464694014795], [0.01719036212484148, 0.1373819923911512, 0.5220515710863746, 0.2522192475693955, 0.061293504297590534, 0.009863322530646753], [0.008796220882879948, 0.11451376445675192, 0.47206385404789053, 0.2842482489004724, 0.08682195797361134, 0.03355595373839387], [0.07314856883234894, 0.27760109041344844, 0.4348023625624716, 0.16174466151749206, 0.039981826442526125, 0.012721490231712857], [0.052339413164155434, 0.18080888183980967, 0.486122125297383, 0.21490880253766853, 0.0499603489294211, 0.01586042823156225], [0.038221784776902884, 0.2588582677165354, 0.4983595800524934, 0.1545275590551181, 0.03937007874015748, 0.010662729658792652], [0.021456804065499716, 0.14144551101072841, 0.4491812535290796, 0.2549407114624506, 0.08610954263128176, 0.04686617730095991], [0.019485038274182326, 0.16701461377870563, 0.49315704012990025, 0.24356297842727906, 0.05915100904662491, 0.017629320343307817], [0.022923875432525952, 0.2165513264129181, 0.5307093425605537, 0.1845444059976932, 0.03835063437139562, 0.006920415224913495], [0.01973347001537673, 0.16786263454638647, 0.522296258329062, 0.21553049718093287, 0.05458739108149667, 0.01998974884674526], [0.01768172888015717, 0.11619421835531855, 0.44962110580971093, 0.28992422116194216, 0.09823182711198428, 0.028346898680886894], [0.012633935710858787, 0.17591556053094515, 0.4914441068287222, 0.22101391332160564, 0.07004637773868543, 0.02894610586918279], [0.01053484602917342, 0.136547811993517, 0.449047811993517, 0.303484602917342, 0.07972042139384117, 0.020664505672609402], [0.009432775751477801, 0.12539303232297824, 0.542195950194944, 0.266004276191674, 0.048798893220978495, 0.008175072317947427], [0.23943661971830985, 0.3051643192488263, 0.3427230046948357, 0.07511737089201878, 0.03755868544600939, 0.0]]}}}, "eu": {"histType": {"histogram": {"labels": ["0", "100", "200", "300", "400", "500", "600", "700", "800", "900", "1000", "1100", "1200", "1300", "1400", "1500", "1600", "1700", "1800", "1900", "2000", "2100", "2200", "2300", "2400", "2500", "2600", "2700", "2800", "2900", "3000"], "data": [[0.0, 0.0, 0.0, 0.0, 0.0, 0.010752688172043012, 0.010752688172043012, 0.021505376344086023, 0.04838709677419355, 0.05913978494623656, 0.07526881720430108, 0.053763440860215055, 0.06989247311827956, 0.10752688172043011, 0.14516129032258066, 0.10215053763440861, 0.08602150537634409, 0.07526881720430108, 0.053763440860215055, 0.026881720430107527, 0.010752688172043012, 0.016129032258064516, 0.021505376344086023, 0.0, 0.005376344086021506, 0.0, 0.0, 0.0, 0.0, 0.0, 0.0], [0.0, 0.0, 0.0005399568034557236, 0.0010799136069114472, 0.0010799136069114472, 0.0021598272138228943, 0.004859611231101512, 0.0091792656587473, 0.01997840172786177, 0.028617710583153346, 0.03779697624190065, 0.0550755939524838, 0.0734341252699784, 0.08963282937365011, 0.12742980561555076, 0.12473002159827214, 0.1468682505399568, 0.07937365010799136, 0.11447084233261338, 0.032937365010799136, 0.012958963282937365, 0.020518358531317494, 0.003779697624190065, 0.003779697624190065, 0.005939524838012959, 0.0016198704103671706, 0.0021598272138228943, 0.0, 0.0, 0.0, 0.0], [0.0, 0.0001640150893882237, 0.0, 0.0001640150893882237, 0.0001640150893882237, 0.0001640150893882237, 0.0003280301787764474, 0.0019681810726586845, 0.0036083319665409217, 0.00442840741348204, 0.011481056257175661, 0.017057569296375266, 0.025914384123339348, 0.03329506314580941, 0.05822535673281942, 0.08249958996227653, 0.14056093160570773, 0.11054617024766278, 0.2206002952271609, 0.08413974085615877, 0.05937346235853699, 0.06954239790060686, 0.02607839921272757, 0.012629161882893225, 0.02033787108413974, 0.009020829916352304, 0.0036083319665409217, 0.0032803017877644745, 0.0008200754469411186, 0.0, 0.0], [0.0, 0.0, 0.0, 0.00013468013468013467, 0.00013468013468013467, 0.00026936026936026934, 0.0009427609427609427, 0.002962962962962963, 0.0048484848484848485, 0.009562289562289562, 0.019932659932659934, 0.029764309764309764, 0.03946127946127946, 0.05265993265993266, 0.0901010101010101, 0.1230976430976431, 0.16457912457912457, 0.1169023569023569, 0.1665993265993266, 0.0707070707070707, 0.03892255892255892, 0.04040404040404041, 0.011043771043771043, 0.0052525252525252525, 0.007138047138047138, 0.00202020202020202, 0.0006734006734006734, 0.0013468013468013469, 0.0005387205387205387, 0.0, 0.0], [0.0, 0.0, 0.0, 0.0, 0.0, 0.022988505747126436, 0.022988505747126436, 0.06896551724137931, 0.04597701149425287, 0.034482758620689655, 0.10344827586206896, 0.08045977011494253, 0.034482758620689655, 0.034482758620689655, 0.10344827586206896, 0.06896551724137931, 0.05747126436781609, 0.10344827586206896, 0.08045977011494253, 0.06896551724137931, 0.022988505747126436, 0.011494252873563218, 0.011494252873563218, 0.011494252873563218, 0.0, 0.011494252873563218, 0.0, 0.0, 0.0, 0.0, 0.0], [0.0, 0.00014196479273140261, 0.00014196479273140261, 0.00028392958546280523, 0.00042589437819420784, 0.00014196479273140261, 0.00042589437819420784, 0.002129471890971039, 0.002981260647359455, 0.0068143100511073255, 0.01306076093128904, 0.021010789324247586, 0.03676888131743328, 0.0597671777399205, 0.09497444633730835, 0.11811470755252697, 0.15048268029528677, 0.1083191368540602, 0.14948892674616696, 0.07367972742759796, 0.04088586030664395, 0.05706984667802385, 0.02129471890971039, 0.01036342986939239, 0.016467915956842702, 0.0073821692220329355, 0.0031232254400908573, 0.0024134014764338445, 0.0018455423055082339, 0.0, 0.0], [0.0002946375957572186, 0.0002946375957572186, 0.0002946375957572186, 0.0017678255745433118, 0.0035356511490866236, 0.0026517383618149676, 0.0041249263406010605, 0.010901591043017089, 0.02121390689451974, 0.029169121979964643, 0.041838538597525045, 0.05981143193871538, 0.08043606364172068, 0.08721272834413671, 0.10194460813199764, 0.12698880377136124, 0.1263995285798468, 0.07542722451384797, 0.07690041249263406, 0.04625810253388332, 0.023865645256334708, 0.027106658809664112, 0.012080141426045963, 0.007955215085444903, 0.010901591043017089, 0.005598114319387153, 0.007365939893930465, 0.0058927519151443725, 0.0017678255745433118, 0.0, 0.0], [0.0, 0.0, 0.0, 0.0, 0.005917159763313609, 0.01775147928994083, 0.005917159763313609, 0.05325443786982249, 0.029585798816568046, 0.08284023668639054, 0.07100591715976332, 0.08875739644970414, 0.08875739644970414, 0.05917159763313609, 0.11834319526627218, 0.13609467455621302, 0.08875739644970414, 0.0650887573964497, 0.01775147928994083, 0.04142011834319527, 0.029585798816568046, 0.0, 0.0, 0.0, 0.0, 0.0, 0.0, 0.0, 0.0, 0.0, 0.0], [0.0003635041802980734, 0.00012116806009935781, 0.00048467224039743125, 0.00048467224039743125, 0.0007270083605961468, 0.0015751847812916515, 0.003029201502483945, 0.007270083605961469, 0.015146007512419726, 0.026293469041560644, 0.04349933357566945, 0.060584030049678904, 0.089058524173028, 0.0952380952380952