{"region": {"us": {"histType": {"histogram": {"labels": ["0", "100", "200", "300", "400", "500", "600", "700", "800", "900", "1000", "1100", "1200", "1300", "1400", "1500", "1600", "1700", "1800", "1900", "2000", "2100", "2200", "2300", "2400", "2500", "2600", "2700", "2800", "2900", "3000", "3100"], "data": [[0.0, 0.0, 0.0033003300330033004, 0.0033003300330033004, 0.006600660066006601, 0.006600660066006601, 0.0231023102310231, 0.0165016501650165, 0.033003300330033, 0.0297029702970297, 0.07260726072607261, 0.0858085808580858, 0.08250825082508251, 0.10561056105610561, 0.11221122112211221, 0.11221122112211221, 0.0858085808580858, 0.0594059405940594, 0.052805280528052806, 0.0462046204620462, 0.0231023102310231, 0.019801980198019802, 0.0165016501650165, 0.0033003300330033004, 0.0, 0.0, 0.0, 0.0, 0.0, 0.0, 0.0, 0.0], [0.0, 0.000847816871555744, 0.0, 0.000423908435777872, 0.000847816871555744, 0.001695633743111488, 0.005086901229334464, 0.0105977108944468, 0.0105977108944468, 0.020347604917337857, 0.035184400169563375, 0.04408647732089869, 0.06570580754557016, 0.07672742687579483, 0.10216193302246715, 0.12081390419669351, 0.14709622721492158, 0.09114031369224247, 0.14582450190758797, 0.05426027977956761, 0.022467147096227214, 0.017804154302670624, 0.00847816871555744, 0.005934718100890208, 0.002967359050445104, 0.00211954217888936, 0.005510809665112336, 0.001271725307333616, 0.0, 0.0, 0.0, 0.0], [0.0001359249694168819, 0.0, 0.0, 0.0002718499388337638, 0.0002718499388337638, 0.0002718499388337638, 0.0002718499388337638, 0.0006796248470844094, 0.0036699741742558106, 0.004485523990757102, 0.008427348103846677, 0.011961397308685605, 0.01957319559603099, 0.030854968057632187, 0.04635041457115672, 0.06986543428027729, 0.11730324860676906, 0.10561370123691723, 0.2602963164333288, 0.08631235557972, 0.059535136604594266, 0.0818268315889629, 0.025689819219790674, 0.015223596574690771, 0.029903493271714012, 0.00937882288976485, 0.004485523990757102, 0.0036699741742558106, 0.00217479951067011, 0.0014951746635857007, 0.0, 0.0], [0.0, 0.0, 0.0, 0.0, 0.000124595066035385, 0.00024919013207077, 0.00099676052828308, 0.002367306254672315, 0.006354348367804635, 0.01121355594318465, 0.01669573884874159, 0.019810615499626216, 0.03688013954647396, 0.051457762272614005, 0.07525541988537254, 0.10453526040368802, 0.15848492399700972, 0.11088960877149265, 0.1876401694492898, 0.07737353600797409, 0.049464241216047845, 0.05095938200847246, 0.016571143782706205, 0.00672813356591079, 0.01096436581111388, 0.002367306254672315, 0.001370545726389235, 0.00099676052828308, 0.0, 0.00024919013207077, 0.0, 0.0], [0.0, 0.0, 0.0, 0.0, 0.00909090909090909, 0.0, 0.00909090909090909, 0.03636363636363636, 0.02727272727272727, 0.05454545454545454, 0.045454545454545456, 0.08181818181818182, 0.07272727272727272, 0.10909090909090909, 0.09090909090909091, 0.09090909090909091, 0.05454545454545454, 0.03636363636363636, 0.08181818181818182, 0.1, 0.02727272727272727, 0.03636363636363636, 0.01818181818181818, 0.01818181818181818, 0.0, 0.0, 0.0, 0.0, 0.0, 0.0, 0.0, 0.0], [0.0, 0.0, 0.0, 0.0001289490651192779, 0.0, 0.0001289490651192779, 0.0, 0.0018052869116698903, 0.0018052869116698903, 0.0070921985815602835, 0.011347517730496455, 0.01831076724693746, 0.03288201160541586, 0.05789813023855577, 0.08652482269503546, 0.11785944551901999, 0.15538362346872986, 0.10651192778852353, 0.16479690522243715, 0.06976144422952933, 0.041908446163765316, 0.05867182462927144, 0.019342359767891684, 0.010702772404900064, 0.019858156028368795, 0.0070921985815602835, 0.003352675693101225, 0.003223726627981947, 0.0019342359767891683, 0.0015473887814313346, 0.0001289490651192779, 0.0], [0.0, 0.0, 0.0002710761724044456, 0.001626457034426674, 0.0018975332068311196, 0.0029818378964489023, 0.004879371103280022, 0.008945513689346707, 0.017619951206288967, 0.02737869341284901, 0.038221740309026836, 0.04852263486039577, 0.06804011927351586, 0.08376253727297371, 0.10951477365139604, 0.1276768772024939, 0.12740580103008944, 0.08349146110056926, 0.10300894551368935, 0.03795066413662239, 0.02873407427487124, 0.026294388723231227, 0.013011656275413392, 0.006776904310111141, 0.013011656275413392, 0.005421523448088913, 0.007047980482515587, 0.001626457034426674, 0.003252914068853348, 0.001626457034426674, 0.0, 0.0], [0.003401360544217687, 0.0, 0.003401360544217687, 0.01020408163265306, 0.017006802721088437, 0.013605442176870748, 0.017006802721088437, 0.047619047619047616, 0.05102040816326531, 0.10204081632653061, 0.08503401360544217, 0.10204081632653061, 0.09183673469387756, 0.1054421768707483, 0.07142857142857142, 0.07482993197278912, 0.06802721088435375, 0.034013605442176874, 0.023809523809523808, 0.03741496598639456, 0.013605442176870748, 0.027210884353741496, 0.0, 0.0, 0.0, 0.0, 0.0, 0.0, 0.0, 0.0, 0.0, 0.0], [0.0004083299305839118, 0.00030624744793793387, 0.0005104124132298898, 0.0006124948958758677, 0.0005104124132298898, 0.0018374846876276032, 0.0016333197223356473, 0.005410371580236831, 0.009799918334013884, 0.02031441404654961, 0.03460596161698652, 0.04930583911800735, 0.064822376480196, 0.07278481012658228, 0.0953450387913434, 0.1115761535320539, 0.13740302164148632, 0.08952633728052266, 0.10249081257656187, 0.05726827276439363, 0.03991425071457738, 0.03950592078399347, 0.016843609636586362, 0.012556145365455287, 0.01786443446304614, 0.00847284605961617, 0.0043895467537770514, 0.0031645569620253164, 0.0008166598611678236, 0.0, 0.0, 0.0], [0.0, 0.0, 0.0, 0.0, 0.0, 0.00038299502106472615, 0.00038299502106472615, 0.00038299502106472615, 0.00038299502106472615, 0.005744925315970892, 0.007276905400229797, 0.005744925315970892, 0.013787820758330141, 0.022213711221754116, 0.0409804672539257, 0.06281118345461509, 0.08387590961317502, 0.08310991957104558, 0.18230563002680966, 0.08808885484488702, 0.08425890463423975, 0.11451551129835312, 0.05132133282267331, 0.026043661432401378, 0.0658751436231329, 0.023745691306013023, 0.013021830716200689, 0.013021830716200689, 0.0068939103791650705, 0.0034469551895825352, 0.00038299502106472615, 0.0], [0.0, 0.0, 0.0003288391976323578, 0.0, 0.0019730351857941467, 0.0009865175928970734, 0.0036172311739559354, 0.0036172311739559354, 0.01183821111476488, 0.01775731667214732, 0.031239723775073988, 0.03748766853008879, 0.060177573166721475, 0.07300230187438343, 0.09306149292995725, 0.11377836238079579, 0.14041433738901676, 0.0950345281157514, 0.14731996053929627, 0.04899704044722131, 0.03913186451825058, 0.037816507727721146, 0.012495889510029596, 0.009207497533706017, 0.010194015126603092, 0.003288391976323578, 0.003288391976323578, 0.0023018743834265043, 0.001644195988161789, 0.0, 0.0, 0.0], [0.0001857700167193015, 0.0, 0.0005573100501579045, 0.0005573100501579045, 0.0009288500835965075, 0.0020434701839123167, 0.004644250417982537, 0.008359650752368568, 0.014490061304105517, 0.023778562140070594, 0.05220137469812372, 0.06427642578487833, 0.09028422812558053, 0.0984581088612298, 0.13338287200445847, 0.13152517183726548, 0.12669515140256363, 0.07319338658740479, 0.07932379713914174, 0.036596693293702395, 0.01950585175552666, 0.017648151588333643, 0.0072450306520527585, 0.005758870518298346, 0.0039011703511053317, 0.001857700167193015, 0.001857700167193015, 0.000743080066877206, 0.0, 0.0, 0.0, 0.0], [0.0, 0.0, 0.0, 0.0, 0.00034897923573547375, 0.0006979584714709475, 0.00279183388588379, 0.0033153027394870007, 0.007677543186180422, 0.010294887454196475, 0.02495201535508637, 0.037166288605827956, 0.05182341650671785, 0.06857441982202059, 0.10678764613505497, 0.11202233467108708, 0.14587332053742802, 0.10207642645262607, 0.1528529052521375, 0.06037340778223696, 0.03507241319141511, 0.03419996510207643, 0.012912231722212529, 0.009771418600593265, 0.012388762868609317, 0.003838771593090211, 0.001570406560809632, 0.0017448961786773686, 0.0008724480893386843, 0.0, 0.0, 0.0], [0.0002316423442205235, 0.0, 0.0, 0.00011582117211026175, 0.0002316423442205235, 0.00034746351633078526, 0.0015056752374334027, 0.0023164234422052353, 0.004864489228630994, 0.014014361825341673, 0.022237665045170257, 0.028144544822793608, 0.037989344452165855, 0.05223534862172805, 0.07794764883020616, 0.10678712068566133, 0.1432707899003938, 0.10782951123465369, 0.16238128329858698, 0.07609451007644197, 0.049918925179522816, 0.053741023859161456, 0.019573778086634238, 0.009149872596710679, 0.014709288858003242, 0.005559416261292564, 0.0023164234422052353, 0.002432244614315497, 0.001853138753764188, 0.002200602270094973, 0.0, 0.0], [0.0, 0.0, 0.0002380952380952381, 0.0, 0.0004761904761904762, 0.0002380952380952381, 0.0009523809523809524, 0.0009523809523809524, 0.0038095238095238095, 0.004047619047619047, 0.013571428571428571, 0.017619047619047618, 0.03761904761904762, 0.051666666666666666, 0.07523809523809524, 0.10547619047619047, 0.15357142857142858, 0.11333333333333333, 0.1680952380952381, 0.08023809523809523, 0.056666666666666664, 0.05333333333333334, 0.024047619047619047, 0.010952380952380953, 0.015238095238095238, 0.006190476190476191, 0.002619047619047619, 0.0011904761904761906, 0.0016666666666666668, 0.0009523809523809524, 0.0, 0.0], [0.0, 0.00042158516020236085, 0.0, 0.0, 0.0016863406408094434, 0.0012647554806070826, 0.0008431703204047217, 0.0054806070826306915, 0.010961214165261383, 0.01517706576728499, 0.0193929173693086, 0.030775716694772345, 0.048060708263069137, 0.06197301854974705, 0.07925801011804384, 0.10581787521079258, 0.13617200674536256, 0.10286677908937605, 0.1294266441821248, 0.06703204047217538, 0.048903878583473864, 0.048903878583473864, 0.025716694772344013, 0.015598650927487353, 0.016441821247892074, 0.010961214165261383, 0.00505902192242833, 0.0042158516020236085, 0.0042158516020236085, 0.003372681281618887, 0.0, 0.0], [0.00022522522522522523, 0.0, 0.00045045045045045046, 0.0006756756756756757, 0.0006756756756756757, 0.0009009009009009009, 0.0022522522522522522, 0.0038288288288288288, 0.007432432432432433, 0.012612612612612612, 0.0222972972972973, 0.04144144144144144, 0.06891891891891892, 0.07950450450450451, 0.10855855855855856, 0.12387387387387387, 0.13851351351351351, 0.09211711711711712, 0.12747747747747748, 0.050225225225225226, 0.03265765765765766, 0.036936936936936934, 0.015315315315315315, 0.007882882882882882, 0.012162162162162163, 0.004954954954954955, 0.003153153153153153, 0.0024774774774774773, 0.002027027027027027, 0.00045045045045045046, 0.0, 0.0], [0.0, 0.0, 0.00016977928692699492, 0.00033955857385398983, 0.0005093378607809847, 0.00033955857385398983, 0.0011884550084889642, 0.0032258064516129032, 0.004244482173174873, 0.01137521222410866, 0.021392190152801357, 0.026485568760611207, 0.05042444821731749, 0.0633276740237691, 0.09881154499151104, 0.12224108658743633, 0.1465195246179966, 0.09694397283531409, 0.17691001697792869, 0.05789473684210526, 0.033786078098471985, 0.03718166383701189, 0.016638370118845502, 0.007300509337860781, 0.010865874363327675, 0.0040747028862478775, 0.0030560271646859084, 0.001867572156196944, 0.0011884550084889642, 0.001697792869269949, 0.0, 0.0], [0.0, 0.0, 0.0, 0.009433962264150943, 0.009433962264150943, 0.009433962264150943, 0.0, 0.009433962264150943, 0.009433962264150943, 0.0660377358490566, 0.018867924528301886, 0.04716981132075472, 0.05660377358490566, 0.03773584905660377, 0.05660377358490566, 0.11320754716981132, 0.1320754716981132, 0.10377358490566038, 0.07547169811320754, 0.018867924528301886, 0.07547169811320754, 0.02830188679245283, 0.02830188679245283, 0.0, 0.03773584905660377, 0.05660377358490566, 0.0, 0.0, 0.0, 0.0, 0.0, 0.0], [0.00024134186074574636, 0.00012067093037287318, 0.0, 0.00012067093037287318, 0.00024134186074574636, 0.00024134186074574636, 0.0006033546518643658, 0.0014480511644744782, 0.0030167732593218296, 0.006757572100880898, 0.011584409315795826, 0.01713527211294799, 0.03354651864365874, 0.050199107035115244, 0.08483166405212984, 0.12984192108121154, 0.16785326414866658, 0.1286352117774828, 0.1403402920236515, 0.07433329310968988, 0.047665017497284905, 0.05176782912996259, 0.018824665138168214, 0.008446965126101122, 0.012308434898033065, 0.0037407988415590686, 0.0026547604682032096, 0.003258115120067576, 0.00024134186074574636, 0.0, 0.0, 0.0], [0.0, 0.0, 0.0, 0.00015810276679841898, 0.0, 0.00031620553359683795, 0.0014229249011857706, 0.0007905138339920949, 0.0022134387351778655, 0.0033201581027667982, 0.008063241106719368, 0.011857707509881422, 0.019604743083003952, 0.02924901185770751, 0.0499604743083004, 0.07905138339920949, 0.12316205533596838, 0.11968379446640316, 0.1935177865612648, 0.09976284584980237, 0.06988142292490118, 0.08964426877470355, 0.0308300395256917, 0.015335968379446641, 0.025454545454545455, 0.01217391304347826, 0.006324110671936759, 0.0047430830039525695, 0.0012648221343873518, 0.0015810276679841897, 0.0006324110671936759, 0.0], [0.00031423483816905834, 0.00010474494605635278, 0.0, 0.00020948989211270555, 0.00020948989211270555, 0.0007332146223944694, 0.0008379595684508222, 0.0025138787053524667, 0.0037708180580287, 0.007122656331831989, 0.014245312663663977, 0.01916832512831256, 0.02419608253901749, 0.03791767047239971, 0.05635278097831779, 0.0849481512517021, 0.12171362731748193, 0.12736985440452497, 0.1929401906358018, 0.09887922907719703, 0.06337069236409343, 0.07101707342620718, 0.026919451136482666, 0.013512098041269509, 0.01843511050591809, 0.005760972033099403, 0.003456583219859642, 0.0036660731119723474, 0.00031423483816905834, 0.0, 0.0, 0.0], [0.0, 0.0, 0.0, 0.0017421602787456446, 0.0017421602787456446, 0.0, 0.0, 0.005226480836236934, 0.008710801393728223, 0.005226480836236934, 0.0156794425087108, 0.02613240418118467, 0.047038327526132406, 0.08710801393728224, 0.09581881533101046, 0.13937282229965156, 0.16550522648083624, 0.12717770034843207, 0.1602787456445993, 0.05749128919860627, 0.02264808362369338, 0.020905923344947737, 0.006968641114982578, 0.0017421602787456446, 0.003484320557491289, 0.0, 0.0, 0.0, 0.0, 0.0, 0.0, 0.0], [0.0, 0.0, 0.0, 0.00026052974381241857, 0.0, 0.00017368649587494572, 0.00026052974381241857, 0.0007815892314372557, 0.001997394702561876, 0.005818497611810682, 0.008597481545809813, 0.016239687364307424, 0.027442466348241424, 0.03473729917498915, 0.05419018671298306, 0.06912722535822839, 0.11315675206252714, 0.08858011289622232, 0.2198002605297438, 0.09986973512809379, 0.06886669561441598, 0.10690403821102909, 0.031958315240990014, 0.011897524967433782, 0.022666087711680417, 0.007729049066435085, 0.003734259661311333, 0.002518454190186713, 0.002518454190186713, 0.00017368649587494572, 0.0, 0.0], [0.00017925965761405395, 8.962982880702697e-05, 8.962982880702697e-05, 0.00017925965761405395, 0.0005377789728421619, 0.0005377789728421619, 0.0005377789728421619, 0.0012548176032983777, 0.0016133369185264857, 0.006542977502912969, 0.011472618087299453, 0.024737832750739448, 0.0451734337187416, 0.0654297750291297, 0.09948910997579995, 0.14080846105583938, 0.19028412655731827, 0.12933584296853992, 0.14968181410773507, 0.055391234202742674, 0.030653401452003227, 0.025275611723581608, 0.009680021511158914, 0.00385408263870216, 0.003405933494667025, 0.0014340772609124316, 0.0017925965761405396, 0.0005377789728421619, 0.0, 0.0, 0.0, 0.0], [0.0, 0.0001221001221001221, 0.0, 0.0001221001221001221, 0.0003663003663003663, 0.0008547008547008547, 0.0009768009768009768, 0.00231990231990232, 0.003418803418803419, 0.005860805860805861, 0.012454212454212455, 0.021733821733821733, 0.03235653235653236, 0.046153846153846156, 0.07509157509157509, 0.12454212454212454, 0.16507936507936508, 0.12173382173382173, 0.15995115995115994, 0.08351648351648351, 0.04737484737484737, 0.04798534798534799, 0.021245421245421246, 0.010012210012210013, 0.010256410256410256, 0.003418803418803419, 0.0020757020757020757, 0.0009768009768009768, 0.0, 0.0, 0.0, 0.0], [0.0, 0.0, 0.0, 0.0, 0.00029338418659234265, 0.0, 0.000880152559777028, 0.000880152559777028, 0.0016136130262578846, 0.0033739181458119407, 0.009681678157547308, 0.015842746075986503, 0.02728472935308787, 0.046794777761478654, 0.08229426433915212, 0.11221945137157108, 0.151532932374945, 0.09887047088161947, 0.19231333431128061, 0.07158574152853162, 0.044301012175443744, 0.05720991638550682, 0.02537773214023764, 0.01422913304972862, 0.018043127475429074, 0.009388293970954965, 0.004987531172069825, 0.003960686518996626, 0.004840839078773654, 0.00220038139944257, 0.0, 0.0], [0.00037397157816005983, 0.00037397157816005983, 0.00037397157816005983, 0.0007479431563201197, 0.002617801047120419, 0.0029917726252804786, 0.004487658937920718, 0.008601346297681375, 0.016080777860882575, 0.031413612565445025, 0.037397157816005985, 0.054225878833208674, 0.0605833956619297, 0.08489154824233358, 0.11406133133881825, 0.11106955871353777, 0.1237845923709798, 0.07554225878833208, 0.1424831712789828, 0.041884816753926704, 0.02356020942408377, 0.02804786836200449, 0.011219147344801795, 0.005983545250560957, 0.008227374719521317, 0.0037397157816005983, 0.002617801047120419, 0.002243829468960359, 0.00037397157816005983, 0.0, 0.0, 0.0], [0.0, 0.0, 0.0, 0.0019723865877712033, 0.0026298487836949377, 0.0026298487836949377, 0.0046022353714661405, 0.011176857330703484, 0.011176857330703484, 0.013806706114398421, 0.024326101249178174, 0.03550295857988166, 0.05128205128205128, 0.05456936226166995, 0.084155161078238, 0.1111111111111111, 0.1433267587113741, 0.10782380013149244, 0.1702827087442472, 0.05851413543721236, 0.030900723208415515, 0.03155818540433925, 0.0190664036817883, 0.007232084155161078, 0.013149243918474688, 0.0046022353714661405, 0.0019723865877712033, 0.0019723865877712033, 0.0006574621959237344, 0.0, 0.0, 0.0], [0.0002918004085205719, 0.0, 0.0, 0.0, 0.0007295010213014298, 0.0008754012255617158, 0.003063904289466005, 0.005252407353370295, 0.00758681062153487, 0.014881820834549168, 0.028450539830755763, 0.044353662095126936, 0.0592354829296761, 0.08593522030930843, 0.12853807995331193, 0.1383133936387511, 0.14385760140064197, 0.09089582725415815, 0.1184709658593522, 0.03837175372045521, 0.02640793697111176, 0.030493142690399766, 0.011963816749343449, 0.005252407353370295, 0.01079661511526116, 0.0020426028596440037, 0.0020426028596440037, 0.0008754012255617158, 0.00014590020426028595, 0.0008754012255617158, 0.0, 0.0], [0.0, 0.0, 0.0, 0.0004457321149988857, 0.0004457321149988857, 0.00022286605749944285, 0.0022286605749944283, 0.0011143302874972142, 0.0046801872074883, 0.009583240472476042, 0.01738355248495654, 0.022732337864943167, 0.03543570314241141, 0.049030532649877424, 0.07354579897481614, 0.1060842433697348, 0.12012480499219969, 0.10162692221974594, 0.1622464898595944, 0.07622019166480945, 0.054602184087363496, 0.05660797860485848, 0.027858257187430353, 0.015377757967461556, 0.030086917762424784, 0.01181190104747047, 0.008246044127479386, 0.005348785379986628, 0.002674392689993314, 0.0035658569199910855, 0.0006685981724983285, 0.0], [0.0, 0.0, 0.0, 0.00020559210526315788, 0.00020559210526315788, 0.0, 0.0010279605263157894, 0.0010279605263157894, 0.0028782894736842104, 0.010074013157894737, 0.015830592105263157, 0.028782894736842105, 0.04502467105263158, 0.06517269736842106, 0.09745065789473684, 0.11842105263157894, 0.14802631578947367, 0.10238486842105263, 0.16344572368421054, 0.06640625, 0.042557565789473686, 0.04420230263157895, 0.01665296052631579, 0.007606907894736842, 0.009868421052631578, 0.0024671052631578946, 0.0047286184210526315, 0.003289473684210526, 0.001850328947368421, 0.00041118421052631577, 0.0, 0.0], [0.00013070186903672723, 0.00013070186903672723, 0.00013070186903672723, 0.00013070186903672723, 0.0005228074761469089, 0.0013070186903672723, 0.0013070186903672723, 0.0031368448568814536, 0.005097372892432362, 0.00849562148738727, 0.022219317736243627, 0.03372108221147562, 0.05659390929290289, 0.07476146908900798, 0.11057378120507123, 0.1406352110835185, 0.16442295124820286, 0.11057378120507123, 0.11645536531172396, 0.06012285975689453, 0.035681610247026534, 0.026271075676382174, 0.013070186903672723, 0.004182459809175271, 0.005750882237615998, 0.001176316821330545, 0.002221931773624363, 0.0010456149522938179, 0.00013070186903672723, 0.0, 0.0, 0.0], [0.0, 0.0, 0.0, 0.0002158428663932657, 0.0002158428663932657, 0.0010792143319663286, 0.0010792143319663286, 0.002805957263112454, 0.005611914526224908, 0.007770343190157565, 0.01705158644506799, 0.02417440103604576, 0.04122598748111375, 0.06173105978847399, 0.09389164688107059, 0.13144830563349882, 0.15519102093675805, 0.11849773364990288, 0.13662853442693718, 0.06712713144830564, 0.041441830347507015, 0.040362616015540684, 0.018130800777034318, 0.006259443125404706, 0.015972372113101662, 0.0047485430606518456, 0.0032376429958989855, 0.0010792143319663286, 0.0023742715303259228, 0.0004316857327865314, 0.0002158428663932657, 0.0], [0.0, 0.0, 0.0, 0.0002618486514794449, 0.0, 0.0010473946059177796, 0.002356637863315004, 0.002618486514794449, 0.005760670332547788, 0.005760670332547788, 0.01230688661953391, 0.021209740769835034, 0.031159989526053943, 0.04582351400890285, 0.08038753600418957, 0.10761979575805185, 0.13825608798114689, 0.10238282272846295, 0.18198481277821418, 0.0769835035349568, 0.04765645456925897, 0.061534433097669546, 0.02409007593610893, 0.016758313694684474, 0.018329405603561142, 0.010473946059177796, 0.002880335166273894, 0.0010473946059177796, 0.0010473946059177796, 0.0002618486514794449, 0.0, 0.0], [0.0, 0.0, 0.00028498147620404675, 0.0, 0.00028498147620404675, 0.0004274722143060701, 0.0005699629524080935, 0.001994870333428327, 0.0018523795953263038, 0.005129666571672842, 0.011684240524365916, 0.026075805072670277, 0.042889712168709036, 0.07167284126531775, 0.10287831290966087, 0.11798233114847535, 0.14377315474494157, 0.09860359076660018, 0.15887717298375606, 0.05699629524080935, 0.04189227700199487, 0.04331718438301511, 0.023938444001139925, 0.009831860929039612, 0.021231119977201483, 0.005984611000284981, 0.005129666571672842, 0.0032772869763465374, 0.001567398119122257, 0.0018523795953263038, 0.0, 0.0], [0.0, 0.0, 8.973438621679828e-05, 0.0, 8.973438621679828e-05, 0.00026920315865039483, 0.0003589375448671931, 0.0010768126346015793, 0.001974156496769562, 0.005473797559224695, 0.010768126346015794, 0.020459440057430008, 0.034816941852117735, 0.04890524048815506, 0.07142857142857142, 0.09000358937544867, 0.11674443646805456, 0.09529791816223977, 0.22182340272792533, 0.0880294328786791, 0.05527638190954774, 0.07241564967695621, 0.02279253409906676, 0.009691313711414214, 0.018485283560660447, 0.006012203876525485, 0.003230437903804738, 0.0024228284278535535, 0.001615218951902369, 0.00044867193108399136, 0.0, 0.0], [0.0, 0.0, 0.0, 0.0, 0.0, 0.00011798017932987259, 0.0007078810759792355, 0.0005899008966493629, 0.002241623407267579, 0.005073147711184521, 0.008022652194431336, 0.01875884851344974, 0.031854648419065594, 0.05615856536101935, 0.0864794714487966, 0.1264747522416234, 0.17402076451156206, 0.12317130722038698, 0.1974988201982067, 0.06630486078338839, 0.03515809344030203, 0.04318074563473336, 0.010736196319018405, 0.003421425200566305, 0.005427088249174139, 0.0011798017932987258, 0.0010618216139688533, 0.0021236432279377066, 0.00023596035865974517, 0.0, 0.0, 0.0], [0.0, 0.003968253968253968, 0.0, 0.003968253968253968, 0.003968253968253968, 0.01984126984126984, 0.031746031746031744, 0.01984126984126984, 0.06746031746031746, 0.04365079365079365, 0.03968253968253968, 0.07142857142857142, 0.07936507936507936, 0.10714285714285714, 0.1111111111111111, 0.11904761904761904, 0.0873015873015873, 0.06746031746031746, 0.047619047619047616, 0.015873015873015872, 0.023809523809523808, 0.011904761904761904, 0.007936507936507936, 0.015873015873015872, 0.0, 0.0, 0.0, 0.0, 0.0, 0.0, 0.0, 0.0]]}, "ranks": {"labels": ["Unranked", "Combatatent I", "Combatatent II", "Challenger I", "Challenger II", "Rival I", "Rival II", "Duelist", "Elite"], "data": [[0.12211221122112212, 0.15841584158415842, 0.18811881188118812, 0.22442244224422442, 0.14521452145214522, 0.08250825082508251, 0.039603960396039604, 0.039603960396039604, 0.0], [0.050445103857566766, 0.07927087749046206, 0.142433234421365, 0.22297583721916067, 0.23823654090716406, 0.1771937261551505, 0.0453582026282323, 0.03221704111911827, 0.011869436201780416], [0.010058447736849259, 0.020388745412532282, 0.05042816365366318, 0.116215848851434, 0.2229169498436863, 0.3069185809433193, 0.09922522767432378, 0.12274024738344434, 0.05110778850074759], [0.021305756292050834, 0.036506354348367805, 0.08833790181908796, 0.17979068028906056, 0.2693745327685024, 0.22900573137303762, 0.08547221530027412, 0.07425865935708946, 0.01594816845252928], [0.13636363636363635, 0.12727272727272726, 0.18181818181818182, 0.18181818181818182, 0.09090909090909091, 0.16363636363636364, 0.045454545454545456, 0.07272727272727272, 0.0], [0.01096067053513862, 0.029658284977433915, 0.09078014184397164, 0.20438426821405545, 0.2618955512572534, 0.2024500322372663, 0.07401676337846551, 0.08871695680206318, 0.03713733075435203], [0.06560043372187585, 0.08674437516942261, 0.15180265654648956, 0.23719165085388993, 0.2108972621306587, 0.12442396313364056, 0.04526972079154242, 0.04608294930875576, 0.031986988343724584], [0.2653061224489796, 0.1870748299319728, 0.19727891156462585, 0.14625850340136054, 0.10204081632653061, 0.04421768707482993, 0.030612244897959183, 0.027210884353741496, 0.0], [0.04134340547162107, 0.08391180073499388, 0.1376071866067783, 0.2069211923233973, 0.226929358922009, 0.1337280522662311, 0.06594528378930176, 0.06890567578603511, 0.034708044099632504], [0.007276905400229797, 0.013021830716200689, 0.03600153198008426, 0.1037916507085408, 0.1669858291842206, 0.225201072386059, 0.12945231711987745, 0.1918805055534278, 0.12638835695135964], [0.04011838211114765, 0.06872739230516278, 0.1331798750411049, 0.20683985531075305, 0.23544886550476818, 0.17494245314041434, 0.060506412364353834, 0.059519894771456756, 0.02071686945083854], [0.05554523499907115, 0.11647780048300205, 0.18874233698681034, 0.26490804384172395, 0.19988853798996842, 0.0980865688277912, 0.0373397733605796, 0.03065205275868475, 0.008359650752368568], [0.02512650497295411, 0.06211830396091433, 0.12039783632873843, 0.21880998080614203, 0.2479497469900541, 0.18286511952538823, 0.06543360670040133, 0.05688361542488222, 0.020415285290525213], [0.0236275191104934, 0.050382209867963865, 0.09022469307389391, 0.1847347695158675, 0.2511003011350475, 0.2038452629140607, 0.08454945564049109, 0.08246467454250637, 0.0290711141996757], [0.010714285714285714, 0.031190476190476192, 0.08928571428571429, 0.18071428571428572, 0.2669047619047619, 0.21333333333333335, 0.09166666666666666, 0.08833333333333333, 0.027857142857142858], [0.03583473861720068, 0.050168634064080946, 0.11003372681281619, 0.18507588532883643, 0.23903878583473862, 0.16441821247892074, 0.08094435075885328, 0.09021922428330523, 0.04426644182124789], [0.029054054054054056, 0.06373873873873874, 0.14842342342342343, 0.23243243243243245, 0.23063063063063063, 0.15495495495495495, 0.05540540540540541, 0.06013513513513514, 0.025225225225225224], [0.021392190152801357, 0.04787775891341256, 0.11375212224108659, 0.22105263157894736, 0.2434634974533107, 0.20865874363327674, 0.0599320882852292, 0.06112054329371817, 0.02275042444821732], [0.11320754716981132, 0.0660377358490566, 0.09433962264150944, 0.16981132075471697, 0.2358490566037736, 0.07547169811320754, 0.09433962264150944, 0.05660377358490566, 0.09433962264150944], [0.012791118619524557, 0.028719681428743815, 0.08374562567877399, 0.21467358513334137, 0.2964884759261494, 0.18245444672378425, 0.07988415590684204, 0.07903945939423193, 0.022203451188608662], [0.008221343873517787, 0.019920948616600792, 0.04885375494071146, 0.1290118577075099, 0.24284584980237153, 0.2450592885375494, 0.11810276679841897, 0.13581027667984188, 0.05217391304347826], [0.01581648685450927, 0.033413637791976536, 0.0621137530114172, 0.1413009322300199, 0.24908348172200692, 0.24520791871792186, 0.10998219335917042, 0.11144862260395937, 0.03163297370901854], [0.02264808362369338, 0.041811846689895474, 0.13414634146341464, 0.23519163763066203, 0.2926829268292683, 0.19686411149825783, 0.04355400696864112, 0.029616724738675958, 0.003484320557491289], [0.009292227529309596, 0.024837168910117238, 0.06217976552323057, 0.12331741207121147, 0.20173686495874946, 0.2712983065566652, 0.11723838471558837, 0.15075987841945288, 0.039339991315675206], [0.01156224791610648, 0.0362104508380389, 0.11060320874787129, 0.24029757103163932, 0.3196199695258582, 0.1807833647037734, 0.054943085058707535, 0.03880971587344268, 0.007170386304562158], [0.014041514041514042, 0.03418803418803419, 0.07851037851037851, 0.19963369963369965, 0.2868131868131868, 0.20537240537240536, 0.08547008547008547, 0.07924297924297924, 0.016727716727716727], [0.007041220478216224, 0.025524424233533814, 0.07407950711456653, 0.19451371571072318, 0.25040340325656446, 0.2307466627548775, 0.07745342526037846, 0.09681678157547308, 0.04342085961566672], [0.06806282722513089, 0.09162303664921466, 0.14547494390426327, 0.225130890052356, 0.1993268511593119, 0.1637995512341062, 0.044128646222887064, 0.04525056095736724, 0.01720269259536275], [0.04799474030243261, 0.05982905982905983, 0.10585141354372124, 0.1952662721893491, 0.2511505588428665, 0.20315581854043394, 0.05654174884944116, 0.057856673241288625, 0.022353714661406968], [0.03268164575430406, 0.0728042019258827, 0.14517070323898454, 0.266851473592063, 0.23475342865480012, 0.1402100962941348, 0.043040560256784356, 0.04770936679311351, 0.016778523489932886], [0.0187207488299532, 0.04011589034989971, 0.08446623579228883, 0.17963004234455093, 0.2217517272119456, 0.20414530866948963, 0.08892355694227769, 0.0998439937597504, 0.062402496099843996], [0.015419407894736841, 0.04461348684210526, 0.11019736842105263, 0.2158717105263158, 0.2504111842105263, 0.20127467105263158, 0.07113486842105263, 0.06846217105263158, 0.02261513157894737], [0.020389491569729447, 0.05594039994771925, 0.13135537838191086, 0.2512089922885897, 0.2749967324532741, 0.15056855313030976, 0.06169128218533525, 0.04352372238923016, 0.01032544765390145], [0.018778329376214115, 0.04122598748111375, 0.10295704726958774, 0.2253399525145694, 0.2736887545866609, 0.17202676451543278, 0.07317073170731707, 0.06475285991797972, 0.028059572631124543], [0.01780570830060225, 0.03351662738936895, 0.0769835035349568, 0.18800733176224144, 0.24063891070960985, 0.2246661429693637, 0.08195862791306625, 0.10238282272846295, 0.03404032469232784], [0.01054431461954973, 0.03776004559703619, 0.11456255343402678, 0.2208606440581362, 0.24237674551154176, 0.18994015388999716, 0.06782559133656313, 0.07708748931319465, 0.039042462239954404], [0.00933237616654702, 0.0312275664034458, 0.08372218234027279, 0.1614321608040201, 0.21204235463029433, 0.2666905958363245, 0.09843862167982771, 0.10489949748743718, 0.03221464465183058], [0.008730533270410571, 0.026781500707881076, 0.08801321378008495, 0.21295422369042, 0.29719207173194906, 0.23301085417649836, 0.06595092024539877, 0.05733836715431807, 0.01002831524303917], [0.19444444444444445, 0.1111111111111111, 0.1865079365079365, 0.23015873015873015, 0.15476190476190477, 0.05555555555555555, 0.031746031746031744, 0.03571428571428571, 0.0]]}, "ranksDetailed": {"labels": ["Unranked", "Combatatant", "Challenger", "Rival", "Duelist", "Elite"], "data": [[0.12211221122112212, 0.3465346534653465, 0.3696369636963696, 0.12211221122112212, 0.039603960396039604, 0.0], [0.050445103857566766, 0.22170411191182704, 0.4612123781263247, 0.22255192878338279, 0.03221704111911827, 0.011869436201780416], [0.010058447736849259, 0.07081690906619546, 0.3391327986951203, 0.40614380861764304, 0.12274024738344434, 0.05110778850074759], [0.021305756292050834, 0.12484425616745577, 0.4491652130575629, 0.31447794667331175, 0.07425865935708946, 0.01594816845252928], [0.13636363636363635, 0.3090909090909091, 0.2727272727272727, 0.20909090909090908, 0.07272727272727272, 0.0], [0.01096067053513862, 0.12043842682140554, 0.4662798194713088, 0.2764667956157318, 0.08871695680206318, 0.03713733075435203], [0.06560043372187585, 0.23854703171591218, 0.44808891298454867, 0.16969368392518297, 0.04608294930875576, 0.031986988343724584], [0.2653061224489796, 0.3843537414965986, 0.24829931972789115, 0.07482993197278912, 0.027210884353741496, 0.0], [0.04134340547162107, 0.22151898734177214, 0.4338505512454063, 0.19967333605553286, 0.06890567578603511, 0.034708044099632504], [0.007276905400229797, 0.04902336269628495, 0.2707774798927614, 0.35465338950593644, 0.1918805055534278, 0.12638835695135964], [0.04011838211114765, 0.20190726734626768, 0.44228872081552123, 0.23544886550476818, 0.059519894771456756, 0.02071686945083854], [0.05554523499907115, 0.30522013746981236, 0.46479658183169237, 0.1354263421883708, 0.03065205275868475, 0.008359650752368568], [0.02512650497295411, 0.18251614028965277, 0.4667597277961961, 0.24829872622578958, 0.05688361542488222, 0.020415285290525213], [0.0236275191104934, 0.14060690294185776, 0.435835070650915, 0.2883947185545518, 0.08246467454250637, 0.0290711141996757], [0.010714285714285714, 0.12047619047619047, 0.44761904761904764, 0.305, 0.08833333333333333, 0.027857142857142858], [0.03583473861720068, 0.16020236087689713, 0.42411467116357504, 0.24536256323777403, 0.09021922428330523, 0.04426644182124789], [0.029054054054054056, 0.21216216216216216, 0.46306306306306305, 0.21036036036036035, 0.06013513513513514, 0.025225225225225224], [0.021392190152801357, 0.16162988115449914, 0.4645161290322581, 0.26859083191850597, 0.06112054329371817, 0.02275042444821732], [0.11320754716981132, 0.16037735849056603, 0.4056603773584906, 0.16981132075471697, 0.05660377358490566, 0.09433962264150944], [0.012791118619524557, 0.1124653071075178, 0.5111620610594908, 0.2623386026306263, 0.07903945939423193, 0.022203451188608662], [0.008221343873517787, 0.06877470355731226, 0.3718577075098814, 0.3631620553359684, 0.13581027667984188, 0.05217391304347826], [0.01581648685450927, 0.09552739080339373, 0.39038441395202683, 0.3551901120770923, 0.11144862260395937, 0.03163297370901854], [0.02264808362369338, 0.1759581881533101, 0.5278745644599303, 0.24041811846689895, 0.029616724738675958, 0.003484320557491289], [0.009292227529309596, 0.0870169344333478, 0.3250542770299609, 0.3885366912722536, 0.15075987841945288, 0.039339991315675206], [0.01156224791610648, 0.1468136595859102, 0.5599175405574975, 0.23572644976248094, 0.03880971587344268, 0.007170386304562158], [0.014041514041514042, 0.1126984126984127, 0.48644688644688644, 0.29084249084249086, 0.07924297924297924, 0.016727716727716727], [0.007041220478216224, 0.09960393134810033, 0.44491711896728764, 0.308200088015256, 0.09681678157547308, 0.04342085961566672], [0.06806282722513089, 0.23709798055347794, 0.4244577412116679, 0.20792819745699326, 0.04525056095736724, 0.01720269259536275], [0.04799474030243261, 0.16568047337278108, 0.44641683103221563, 0.2596975673898751, 0.057856673241288625, 0.022353714661406968], [0.03268164575430406, 0.21797490516486723, 0.5016049022468632, 0.18325065655091918, 0.04770936679311351, 0.016778523489932886], [0.0187207488299532, 0.12458212614218854, 0.40138176955649657, 0.2930688656117673, 0.0998439937597504, 0.062402496099843996], [0.015419407894736841, 0.15481085526315788, 0.4662828947368421, 0.27240953947368424, 0.06846217105263158, 0.02261513157894737], [0.020389491569729447, 0.18729577832963012, 0.5262057247418638, 0.21225983531564502, 0.04352372238923016, 0.01032544765390145], [0.018778329376214115, 0.1441830347507015, 0.4990287071012303, 0.24519749622274983, 0.06475285991797972, 0.028059572631124543], [0.01780570830060225, 0.11050013092432574, 0.4286462424718513, 0.30662477088242995, 0.10238282272846295, 0.03404032469232784], [0.01054431461954973, 0.152322599031063, 0.46323738956967797, 0.25776574522656026, 0.07708748931319465, 0.039042462239954404], [0.00933237616654702, 0.11494974874371859, 0.3734745154343144, 0.3651292175161522, 0.10489949748743718, 0.03221464465183058], [0.008730533270410571, 0.11479471448796602, 0.510146295422369, 0.29896177442189714, 0.05733836715431807, 0.01002831524303917], [0.19444444444444445, 0.2976190476190476, 0.38492063492063494, 0.0873015873015873, 0.03571428571428571, 0.0]]}}}, "eu": {"histType": {"histogram": {"labels": ["0", "100", "200", "300", "400", "500", "600", "700", "800", "900", "1000", "1100", "1200", "1300", "1400", "1500", "1600", "1700", "1800", "1900", "2000", "2100", "2200", "2300", "2400", "2500", "2600", "2700", "2800", "2900", "3000", "3100"], "data": [[0.0, 0.0, 0.004219409282700422, 0.0, 0.0, 0.008438818565400843, 0.016877637130801686, 0.02109704641350211, 0.04219409282700422, 0.046413502109704644, 0.06751054852320675, 0.05907172995780591, 0.05907172995780591, 0.10548523206751055, 0.14345991561181434, 0.11814345991561181, 0.09282700421940929, 0.0759493670886076, 0.04219409282700422, 0.03375527426160337, 0.02531645569620253, 0.008438818565400843, 0.008438818565400843, 0.004219409282700422, 0.016877637130801686, 0.0, 0.0, 0.0, 0.0, 0.0, 0.0, 0.0], [0.0, 0.0, 0.00045558086560364467, 0.0009111617312072893, 0.0009111617312072893, 0.0031890660592255125, 0.005011389521640091, 0.007744874715261959, 0.01776765375854214, 0.023234624145785875, 0.03690205011389522, 0.04965831435079727, 0.06287015945330296, 0.07972665148063782, 0.1193621867881549, 0.1152619589977221, 0.15034168564920272, 0.08200455580865604, 0.14031890660592256, 0.04145785876993166, 0.018223234624145785, 0.02369020501138952, 0.006378132118451025, 0.004555808656036446, 0.00592255125284738, 0.002277904328018223, 0.00045558086560364467, 0.001366742596810934, 0.0, 0.0, 0.0, 0.0], [0.0, 0.0, 0.0, 0.00014334862385321102, 0.00014334862385321102, 0.00014334862385321102, 0.00014334862385321102, 0.0014334862385321102, 0.0028669724770642203, 0.0040137614678899085, 0.008744266055045871, 0.01404816513761468, 0.020498853211009173, 0.027952981651376146, 0.046731651376146786, 0.06751720183486239, 0.13087729357798164, 0.10407110091743119, 0.24799311926605505, 0.08758600917431193, 0.06135321100917431, 0.08170871559633028, 0.028669724770642203, 0.015338302752293578, 0.025802752293577983, 0.00989105504587156, 0.0043004587155963305, 0.0031536697247706424, 0.0022935779816513763, 0.0024369266055045873, 0.00014334862385321102, 0.0], [0.0, 0.0, 0.0, 0.00011940298507462687, 0.00011940298507462687, 0.00023880597014925374, 0.000835820895522388, 0.002626865671641791, 0.00382089552238806, 0.00835820895522388, 0.016119402985074627, 0.025671641791044777, 0.033313432835820896, 0.045611940298507465, 0.07450746268656716, 0.10173134328358209, 0.1573731343283582, 0.11653731343283583, 0.19152238805970148, 0.08298507462686568, 0.04991044776119403, 0.05182089552238806, 0.014567164179104478, 0.006567164179104477, 0.009432835820895522, 0.002507462686567164, 0.0015522388059701492, 0.0005970149253731343, 0.0007164179104477612, 0.000835820895522388, 0.0, 0.0], [0.0, 0.0, 0.0, 0.0, 0.0, 0.018691588785046728, 0.028037383177570093, 0.04672897196261682, 0.04672897196261682, 0.028037383177570093, 0.07476635514018691, 0.09345794392523364, 0.037383177570093455, 0.028037383177570093, 0.08411214953271028, 0.14018691588785046, 0.04672897196261682, 0.09345794392523364, 0.06542056074766354, 0.04672897196261682, 0.04672897196261682, 0.018691588785046728, 0.009345794392523364, 0.018691588785046728, 0.018691588785046728, 0.009345794392523364, 0.0, 0.0, 0.0, 0.0, 0.0, 0.0], [0.0, 0.00013032712107389547, 0.00013032712107389547, 0.00026065424214779094, 0.00039098136322168644, 0.00013032712107389547, 0.00039098136322168644, 0.0018245796950345367, 0.002997523784699596, 0.005995047569399192, 0.011077805291281115, 0.019809722403232113, 0.030626873452365436, 0.05369477388244494, 0.08536426430340154, 0.10569529519092924, 0.15144011468786656, 0.1067379121595204, 0.16538511664277336, 0.07519874885963769, 0.047569399191971846, 0.06281767235761762, 0.022285937703636127, 0.011468786654502803, 0.020070376645379903, 0.008862244233024893, 0.003779486511142969, 0.002476215300404014, 0.0013032712107389549, 0.00195490681