{"region": {"us": {"histType": {"histogram": {"labels": ["0", "100", "200", "300", "400", "500", "600", "700", "800", "900", "1000", "1100", "1200", "1300", "1400", "1500", "1600", "1700", "1800", "1900", "2000", "2100", "2200", "2300", "2400", "2500", "2600", "2700", "2800", "2900", "3000"], "data": [[0.0, 0.0, 0.0035714285714285713, 0.0035714285714285713, 0.0035714285714285713, 0.010714285714285714, 0.02142857142857143, 0.014285714285714285, 0.03571428571428571, 0.02857142857142857, 0.075, 0.08571428571428572, 0.075, 0.10714285714285714, 0.10357142857142858, 0.11071428571428571, 0.08928571428571429, 0.07142857142857142, 0.05, 0.05357142857142857, 0.014285714285714285, 0.02142857142857143, 0.02142857142857143, 0.0, 0.0, 0.0, 0.0, 0.0, 0.0, 0.0, 0.0], [0.0, 0.000899685110211426, 0.0, 0.000449842555105713, 0.000899685110211426, 0.001349527665317139, 0.006297795771479982, 0.011246063877642825, 0.0103463787674314, 0.020242914979757085, 0.03643724696356275, 0.04678362573099415, 0.06972559604138552, 0.07467386414754835, 0.10571300044984255, 0.12685560053981107, 0.15294646873594242, 0.08861898335582546, 0.1349527665317139, 0.0449842555105713, 0.02249212775528565, 0.018443544759334234, 0.009446693657219974, 0.004948268106162843, 0.003598740440845704, 0.003148897885739991, 0.00449842555105713, 0.0, 0.0, 0.0, 0.0], [0.00014214641080312722, 0.0, 0.0, 0.00028429282160625445, 0.00028429282160625445, 0.00028429282160625445, 0.00028429282160625445, 0.0007107320540156361, 0.003837953091684435, 0.004832977967306326, 0.008955223880597015, 0.01279317697228145, 0.02146410803127221, 0.03312011371712864, 0.04818763326226013, 0.07505330490405117, 0.13020611229566453, 0.10717839374555792, 0.24733475479744135, 0.0867093105899076, 0.057427149964463395, 0.07718550106609808, 0.023738450604122247, 0.013930348258706468, 0.027434257285003552, 0.008528784648187633, 0.00511727078891258, 0.003127221037668799, 0.0015636105188343995, 0.00028429282160625445, 0.0], [0.0, 0.0, 0.0, 0.0, 0.00013042911177774878, 0.00026085822355549756, 0.0011738620059997392, 0.002608582235554976, 0.0063910264771096905, 0.011477761836441894, 0.018260075648884832, 0.021129516107995305, 0.03899830442154689, 0.05517151428198774, 0.08021390374331551, 0.11321246902308595, 0.161471240380853, 0.10982131211686448, 0.18077474892395984, 0.07277944437198383, 0.04434589800443459, 0.04825877135776705, 0.013434198513108125, 0.0069127429242206865, 0.008477892265553672, 0.0020868657884439805, 0.0016955784531107344, 0.0007825746706664928, 0.00013042911177774878, 0.0, 0.0], [0.0, 0.0, 0.0, 0.0, 0.009900990099009901, 0.0, 0.0, 0.039603960396039604, 0.0297029702970297, 0.06930693069306931, 0.04950495049504951, 0.06930693069306931, 0.07920792079207921, 0.1188118811881188, 0.06930693069306931, 0.06930693069306931, 0.0594059405940594, 0.04950495049504951, 0.09900990099009901, 0.0891089108910891, 0.0297029702970297, 0.0594059405940594, 0.0, 0.009900990099009901, 0.0, 0.0, 0.0, 0.0, 0.0, 0.0, 0.0], [0.0, 0.0, 0.0, 0.0, 0.0, 0.0002665600426496068, 0.0, 0.0018659202985472478, 0.0017326402772224444, 0.007197121151539384, 0.012128481940557111, 0.02025856324137012, 0.0351859256297481, 0.06050912968146075, 0.08916433426629349, 0.12355057976809276, 0.15700386512061842, 0.10702385712381714, 0.15700386512061842, 0.06810609089697454, 0.039717446354791415, 0.055977608956417436, 0.019592163134746102, 0.009462881514061043, 0.01879248300679728, 0.005731040916966547, 0.004664800746368119, 0.003598560575769692, 0.0011995201919232307, 0.0002665600426496068, 0.0], [0.0, 0.0, 0.00028653295128939826, 0.0017191977077363897, 0.0017191977077363897, 0.003151862464183381, 0.004584527220630372, 0.008595988538681949, 0.01862464183381089, 0.02865329512893983, 0.040687679083094556, 0.04699140401146132, 0.07020057306590258, 0.08853868194842407, 0.1151862464183381, 0.13123209169054442, 0.12979942693409743, 0.08137535816618911, 0.09598853868194843, 0.034670487106017195, 0.026934097421203437, 0.023209169054441262, 0.011174785100286532, 0.006303724928366762, 0.012893982808022923, 0.004871060171919771, 0.0071633237822349575, 0.0034383954154727794, 0.0020057306590257878, 0.0, 0.0], [0.0036231884057971015, 0.0, 0.0036231884057971015, 0.010869565217391304, 0.010869565217391304, 0.014492753623188406, 0.018115942028985508, 0.050724637681159424, 0.057971014492753624, 0.10507246376811594, 0.09057971014492754, 0.10144927536231885, 0.10869565217391304, 0.10507246376811594, 0.06159420289855073, 0.06884057971014493, 0.05434782608695652, 0.028985507246376812, 0.028985507246376812, 0.03260869565217391, 0.021739130434782608, 0.021739130434782608, 0.0, 0.0, 0.0, 0.0, 0.0, 0.0, 0.0, 0.0, 0.0], [0.0003247807729782397, 0.0003247807729782397, 0.0005413012882970661, 0.0006495615459564793, 0.0005413012882970661, 0.001948684637869438, 0.0020569448955288514, 0.005629533398289488, 0.010609505250622497, 0.022193352820179712, 0.03789109018079463, 0.05391360831438779, 0.06831222258308975, 0.08011259066796579, 0.10252246400346433, 0.12623146043087582, 0.12666450146151348, 0.08162823427519758, 0.09591858828624013, 0.05326404676843131, 0.034426761935693405, 0.03540110425462813, 0.016996860452527875, 0.01071776550828191, 0.01742990148316553, 0.007469957778499512, 0.003789109018079463, 0.0024899859261665043, 0.0, 0.0, 0.0], [0.0, 0.0, 0.0, 0.0, 0.000441306266548985, 0.000441306266548985, 0.000441306266548985, 0.000441306266548985, 0.000441306266548985, 0.00529567519858782, 0.00794351279788173, 0.009267431597528684, 0.011032656663724626, 0.023389232127096204, 0.04766107678729038, 0.0648720211827008, 0.08958517210944396, 0.09179170344218888, 0.17917034421888792, 0.08781994704324801, 0.08473080317740513, 0.10944395410414828, 0.05472197705207414, 0.02206531332744925, 0.061341571050308914, 0.018534863195057368, 0.010150044130626656, 0.01412180052956752, 0.0048543689320388345, 0.0, 0.0], [0.0, 0.0, 0.0006811989100817438, 0.0, 0.0023841961852861036, 0.0006811989100817438, 0.004087193460490463, 0.0034059945504087193, 0.013283378746594006, 0.017711171662125342, 0.030653950953678476, 0.039168937329700275, 0.06130790190735695, 0.07833787465940055, 0.09570844686648501, 0.11580381471389646, 0.14339237057220708, 0.09502724795640327, 0.1454359673024523, 0.05108991825613079, 0.0326975476839237, 0.03201634877384196, 0.011920980926430519, 0.00715258855585831, 0.008855585831062671, 0.004087193460490463, 0.003746594005449591, 0.0013623978201634877, 0.0, 0.0, 0.0], [0.0, 0.0, 0.000576923076923077, 0.000576923076923077, 0.0009615384615384616, 0.0021153846153846153, 0.004807692307692308, 0.008653846153846154, 0.015384615384615385, 0.02480769230769231, 0.05442307692307692, 0.06711538461538462, 0.09192307692307693, 0.10173076923076924, 0.13673076923076924, 0.1325, 0.12519230769230769, 0.07019230769230769, 0.07211538461538461, 0.03403846153846154, 0.01942307692307692, 0.017115384615384616, 0.009038461538461539, 0.0034615384615384616, 0.003653846153846154, 0.0028846153846153848, 0.0001923076923076923, 0.0003846153846153846, 0.0, 0.0, 0.0], [0.0, 0.0, 0.0, 0.0, 0.00035861574323112785, 0.0007172314864622557, 0.0026896180742334587, 0.0035861574323112783, 0.007172314864622557, 0.010579164425318272, 0.02599964138425677, 0.039089116012192934, 0.055226824457593686, 0.06903353057199212, 0.11170880401649633, 0.11188811188811189, 0.14774968621122467, 0.10346064192218038, 0.1455979917518379, 0.057019903173749324, 0.03370987986372602, 0.03353057199211045, 0.013627398242782859, 0.00914470145239376, 0.011117088040164964, 0.0034068495606957147, 0.0019723865877712033, 0.0014344629729245114, 0.00017930787161556393, 0.0, 0.0], [0.00024718823384006923, 0.0, 0.0, 0.00012359411692003462, 0.00024718823384006923, 0.0003707823507601038, 0.00160672351996045, 0.002471882338400692, 0.005314547027561488, 0.01557285873192436, 0.023730070448646643, 0.031022123346928686, 0.04004449388209121, 0.05771845260165616, 0.08503275244098381, 0.11457174638487208, 0.149919663824002, 0.10517859349894945, 0.1564701520207638, 0.07304412309974045, 0.043257940922012114, 0.04424669385737239, 0.017303176368804844, 0.006921270547521938, 0.012977382276603633, 0.004325794092201211, 0.002224694104560623, 0.0032134470399209, 0.0025954764553207266, 0.00024718823384006923, 0.0], [0.0, 0.0, 0.0002495632642874969, 0.0, 0.0004991265285749938, 0.0004991265285749938, 0.0004991265285749938, 0.0012478163214374844, 0.0034938857000249564, 0.00399301222859995, 0.012977289742949838, 0.018218118292987272, 0.03843274270027452, 0.05290741202894934, 0.07761417519341153, 0.11055652607936112, 0.15697529323683554, 0.11629648115797354, 0.1669578238083354, 0.08310456700773645, 0.05041177938607437, 0.049663089593211876, 0.018966808085849763, 0.01197903668579985, 0.013226853007237334, 0.006239081607187422, 0.0014973795857249812, 0.0014973795857249812, 0.001996506114299975, 0.0, 0.0], [0.0, 0.0, 0.0, 0.0, 0.0013574660633484162, 0.0013574660633484162, 0.0013574660633484162, 0.005429864253393665, 0.009954751131221719, 0.014027149321266969, 0.021266968325791856, 0.0334841628959276, 0.050226244343891405, 0.06470588235294118, 0.08597285067873303, 0.11085972850678733, 0.13619909502262442, 0.10633484162895927, 0.12036199095022625, 0.058823529411764705, 0.052941176470588235, 0.04208144796380091, 0.02850678733031674, 0.013122171945701358, 0.017194570135746608, 0.008597285067873304, 0.006334841628959276, 0.0027149321266968325, 0.006787330316742082, 0.0, 0.0], [0.000235626767200754, 0.0, 0.000471253534401508, 0.000471253534401508, 0.000471253534401508, 0.00117813383600377, 0.00235626767200754, 0.004241281809613572, 0.008011310084825637, 0.01413760603204524, 0.02403393025447691, 0.04288407163053723, 0.06809613572101791, 0.08294062205466542, 0.11286522148916117, 0.12959472196041472, 0.13548539114043356, 0.09754948162111216, 0.11663524976437323, 0.05136663524976438, 0.029217719132893498, 0.036757775683317624, 0.013430725730442978, 0.005655042412818096, 0.010838831291234684, 0.003770028275212064, 0.002827521206409048, 0.003063147973609802, 0.001413760603204524, 0.0, 0.0], [0.0, 0.0, 0.00017793594306049823, 0.00035587188612099647, 0.0005338078291814947, 0.00035587188612099647, 0.0012455516014234875, 0.0035587188612099642, 0.004448398576512456, 0.01298932384341637, 0.024377224199288255, 0.02882562277580071, 0.05498220640569395, 0.06583629893238434, 0.10195729537366548, 0.12526690391459075, 0.15195729537366548, 0.09537366548042704, 0.16725978647686832, 0.05409252669039146, 0.0300711743772242, 0.034875444839857654, 0.014234875444839857, 0.006583629893238434, 0.010854092526690392, 0.004092526690391459, 0.0017793594306049821, 0.0023131672597864767, 0.001601423487544484, 0.0, 0.0], [0.0, 0.0, 0.0, 0.012048192771084338, 0.012048192771084338, 0.012048192771084338, 0.0, 0.0, 0.024096385542168676, 0.07228915662650602, 0.024096385542168676, 0.060240963855421686, 0.04819277108433735, 0.04819277108433735, 0.08433734939759036, 0.13253012048192772, 0.13253012048192772, 0.0963855421686747, 0.024096385542168676, 0.03614457831325301, 0.03614457831325301, 0.03614457831325301, 0.060240963855421686, 0.024096385542168676, 0.024096385542168676, 0.0, 0.0, 0.0, 0.0, 0.0, 0.0], [0.00012492192379762648, 0.00012492192379762648, 0.0, 0.00012492192379762648, 0.00024984384759525296, 0.00024984384759525296, 0.00037476577139287947, 0.0016239850093691442, 0.0029981261711430358, 0.00674578388507183, 0.012866958151155529, 0.017863835103060586, 0.03447845096814491, 0.05246720799500312, 0.08931917551530294, 0.13628981886321048, 0.17201748906933167, 0.126420986883198, 0.13529044347282948, 0.07020612117426608, 0.047095565271705185, 0.046970643347907556, 0.01848844472204872, 0.008369768894440974, 0.011242973141786383, 0.003872579637726421, 0.0032479700187382885, 0.0008744534665833854, 0.0, 0.0, 0.0], [0.0, 0.0, 0.0, 0.00016450074025333114, 0.0, 0.0003290014805066623, 0.0013160059220266491, 0.0008225037012666557, 0.002138509623293305, 0.003454515545319954, 0.00871853923342655, 0.012337555518999836, 0.020891594012173054, 0.031255140648132916, 0.05329823984207929, 0.08356637604869221, 0.12863957887810495, 0.12222405000822503, 0.1896693535120908, 0.09968744859351868, 0.06711630202335911, 0.08488238197071887, 0.029610133245599607, 0.01431156440203981, 0.022536601414706366, 0.011186050337226517, 0.005428524428359928, 0.004606020727093272, 0.0014805066622799803, 0.0003290014805066623, 0.0], [0.0003240440699935191, 0.00010801468999783971, 0.0, 0.00021602937999567941, 0.00021602937999567941, 0.000756102829984878, 0.0008641175199827177, 0.0023763231799524736, 0.0038885288399222295, 0.0075610282998487795, 0.015014041909699719, 0.019982717649600346, 0.024843378699503132, 0.04082955281918341, 0.05919205011881616, 0.09094836897818104, 0.12670123136746597, 0.1322099805573558, 0.18297688485634045, 0.09786130913804278, 0.05843594728883128, 0.06707712248865846, 0.026895657809462088, 0.012637718729747246, 0.01782242384964355, 0.0049686757399006265, 0.00367249945992655, 0.0016202203499675956, 0.0, 0.0, 0.0], [0.0, 0.0, 0.0, 0.0018248175182481751, 0.0018248175182481751, 0.0, 0.0, 0.005474452554744526, 0.009124087591240875, 0.005474452554744526, 0.016423357664233577, 0.025547445255474453, 0.04927007299270073, 0.08941605839416059, 0.09671532846715329, 0.15145985401459855, 0.1678832116788321, 0.12956204379562045, 0.15693430656934307, 0.04927007299270073, 0.020072992700729927, 0.014598540145985401, 0.005474452554744526, 0.0, 0.0036496350364963502, 0.0, 0.0, 0.0, 0.0, 0.0, 0.0], [0.0, 0.0, 0.0, 0.00027159152634437803, 0.0, 0.0001810610175629187, 0.00027159152634437803, 0.0009053050878145935, 0.0022632627195364836, 0.005884483070794858, 0.009053050878145934, 0.017110266159695818, 0.02924135433641137, 0.036755386565272496, 0.057667934093789605, 0.0755024443237371, 0.1195908021003078, 0.09496650371175086, 0.22035125837407207, 0.09514756472931378, 0.06382400869092884, 0.09614340032590983, 0.028698171283722613, 0.012312149194278471, 0.020007242440702518, 0.0063371356147021544, 0.0029875067897881585, 0.0027159152634437804, 0.001810610175629187, 0.0, 0.0], [0.00018477457501847746, 9.238728750923873e-05, 9.238728750923873e-05, 9.238728750923873e-05, 0.0006467110125646711, 0.0006467110125646711, 0.0005543237250554324, 0.001385809312638581, 0.0016629711751662971, 0.00655949741315595, 0.012472283813747228, 0.02540650406504065, 0.047764227642276426, 0.0689209164818921, 0.104490022172949, 0.1504988913525499, 0.19429046563192906, 0.12509238728750924, 0.14209164818920916, 0.0496119733924612, 0.029286770140428676, 0.02245011086474501, 0.007575757575757576, 0.003048780487804878, 0.0023096821877309683, 0.001755358462675536, 0.0010162601626016261, 0.0, 0.0, 0.0, 0.0], [0.0, 0.00012830382345393893, 0.0, 0.00012830382345393893, 0.00025660764690787786, 0.0008981267641775725, 0.0010264305876315114, 0.0023094688221709007, 0.003849114703618168, 0.0062868873492430075, 0.013215293815755709, 0.023351295868616884, 0.0352835514498332, 0.04837054144213498, 0.08211444701052091, 0.13638696433153707, 0.16833461637156788, 0.11880934051834745, 0.15037208108801642, 0.08134462406979728, 0.04221195791634591, 0.041442134975622276, 0.02040030792917629, 0.010264305876315114, 0.008596356171413909, 0.0021811649987169618, 0.001924557351809084, 0.0005132152938157557, 0.0, 0.0, 0.0], [0.0, 0.0, 0.0, 0.0, 0.00030413625304136254, 0.0, 0.0009124087591240876, 0.0009124087591240876, 0.0018248175182481751, 0.003953771289537713, 0.010340632603406326, 0.016271289537712896, 0.028588807785888078, 0.04942214111922141, 0.08591849148418491, 0.1193734793187348, 0.15389294403892945, 0.10051703163017031, 0.18232968369829683, 0.06797445255474452, 0.04394768856447689, 0.055656934306569344, 0.024178832116788323, 0.013077858880778588, 0.018856447688564478, 0.007755474452554745, 0.006386861313868613, 0.003953771289537713, 0.0033454987834549877, 0.00030413625304136254, 0.0], [0.0004017677782241864, 0.0004017677782241864, 0.0004017677782241864, 0.0008035355564483728, 0.0024106066693451184, 0.0032141422257934912, 0.004821213338690237, 0.008437123342707915, 0.01566894335074327, 0.03133788670148654, 0.04057854560064283, 0.057051024507834475, 0.06548814785054238, 0.09039775010044195, 0.12012856568903174, 0.11450381679389313, 0.11932503013258337, 0.07914825231016473, 0.12494977902772197, 0.038971474487746086, 0.02571313780634793, 0.027320208919244676, 0.008035355564483728, 0.006026516673362796, 0.0064282844515869825, 0.00562474889513861, 0.0024106066693451184, 0.0, 0.0, 0.0, 0.0], [0.0, 0.0, 0.0, 0.0021008403361344537, 0.0014005602240896359, 0.0028011204481792717, 0.004901960784313725, 0.012605042016806723, 0.011904761904761904, 0.01330532212885154, 0.025210084033613446, 0.036414565826330535, 0.05392156862745098, 0.05742296918767507, 0.08473389355742297, 0.11554621848739496, 0.13935574229691877, 0.11274509803921569, 0.16316526610644258, 0.05672268907563025, 0.03221288515406162, 0.029411764705882353, 0.018207282913165267, 0.008403361344537815, 0.009103641456582634, 0.0035014005602240898, 0.0028011204481792717, 0.0021008403361344537, 0.0, 0.0, 0.0], [0.00030553009471432935, 0.0, 0.0, 0.0, 0.0006110601894286587, 0.0009165902841429881, 0.003360831041857623, 0.005499541704857928, 0.008249312557286892, 0.01634586006721662, 0.031164069660861594, 0.04689886953864956, 0.06278643446379469, 0.09196455850901314, 0.13565536205316223, 0.13962725328444853, 0.1379468377635197, 0.0895203177512985, 0.10785212343415826, 0.03880232202871983, 0.025664527956003668, 0.025664527956003668, 0.011304613504430187, 0.00488848151542927, 0.008860372746715552, 0.0032080659945004585, 0.0009165902841429881, 0.0009165902841429881, 0.0006110601894286587, 0.00045829514207149406, 0.0], [0.0, 0.0, 0.0, 0.0004843787842092516, 0.0007265681763138775, 0.0002421893921046258, 0.002421893921046258, 0.001453136352627755, 0.004601598449987891, 0.009687575684185032, 0.016953257447323806, 0.02325018164204408, 0.03778154516832163, 0.05497699200775006, 0.07798498425768952, 0.10946960523129087, 0.12884475659966094, 0.10728990070234924, 0.15403245337854202, 0.0675708403971906, 0.05182852991038993, 0.054734802615645436, 0.024703317994671833, 0.013562605957859046, 0.02785178009203197, 0.012351658997335917, 0.007992249939452653, 0.004359409057883265, 0.004359409057883265, 0.0004843787842092516, 0.0], [0.0, 0.0, 0.0, 0.0, 0.00021523891519586742, 0.0, 0.001076194575979337, 0.001076194575979337, 0.003013344812742144, 0.011192423590185106, 0.01657339647008179, 0.02755058114507103, 0.0482135170038743, 0.06909169177787344, 0.09922513990529487, 0.12311665949203617, 0.15109771846749892, 0.10288420146362462, 0.15540249677141627, 0.06284976323719328, 0.043693499784761086, 0.041110632802410674, 0.016788635385277657, 0.006241928540680155, 0.00667240637107189, 0.0027981058975462764, 0.006241928540680155, 0.0034438226431338786, 0.00043047783039173483, 0.0, 0.0], [0.00013557483731019523, 0.00013557483731019523, 0.00013557483731019523, 0.00013557483731019523, 0.0005422993492407809, 0.0013557483731019523, 0.001220173535791757, 0.0033893709327548808, 0.005422993492407809, 0.009219088937093275, 0.023183297180043385, 0.03497830802603037, 0.0595173535791757, 0.07944685466377441, 0.11822125813449023, 0.14642082429501085, 0.15957158351409978, 0.11130694143167028, 0.1107646420824295, 0.05545010845986985, 0.031317787418655096, 0.023318872017353578, 0.012472885032537961, 0.0035249457700650758, 0.0056941431670282, 0.0009490238611713665, 0.0020336225596529283, 0.00013557483731019523, 0.0, 0.0, 0.0], [0.0, 0.0, 0.0, 0.000230361667818475, 0.00046072333563695, 0.0009214466712739, 0.00138217000691085, 0.0034554250172771253, 0.0055286800276434, 0.008062658373646624, 0.01888965676111495, 0.026030868463487674, 0.044920525224602624, 0.06288873531444368, 0.101359133840129, 0.1336097673347155, 0.15917991246256624, 0.11771481225524073, 0.13199723565998617, 0.06127620363971435, 0.03916148352914075, 0.03616678184750058, 0.016355678415111725, 0.006910850034554251, 0.012669891730016125, 0.003916148352914075, 0.00414651002073255, 0.00230361667818475, 0.00046072333563695, 0.0, 0.0], [0.0, 0.0, 0.0, 0.00026838432635534085, 0.0, 0.0010735373054213634, 0.001878690284487386, 0.0026838432635534087, 0.005904455179817499, 0.005904455179817499, 0.012345679012345678, 0.021202361782071927, 0.03274288781535158, 0.04723564143853999, 0.08454106280193237, 0.10950080515297907, 0.1398282340311326, 0.10601180891035963, 0.17391304347826086, 0.07568438003220612, 0.04777241009125067, 0.06146001073537306, 0.02308105206655931, 0.014224369296833066, 0.018518518518518517, 0.00966183574879227, 0.0029522275899087494, 0.0008051529790660225, 0.0008051529790660225, 0.0, 0.0], [0.0, 0.0, 0.000297441998810232, 0.0, 0.000148720999405116, 0.000446162998215348, 0.000594883997620464, 0.002082093991671624, 0.001933372992266508, 0.005651397977394408, 0.01264128494943486, 0.027215942891136227, 0.04535990481856038, 0.07495538370017847, 0.11139202855443188, 0.12031528851873885, 0.1450029744199881, 0.10202260559190958, 0.14753123140987506, 0.05591909577632362, 0.03777513384889947, 0.04060083283759667, 0.023646638905413443, 0.010707911957168352, 0.018292682926829267, 0.004907792980368828, 0.005056513979773944, 0.003420582986317668, 0.002082093991671624, 0.0, 0.0], [0.0, 0.0, 9.418856550814731e-05, 0.0, 9.418856550814731e-05, 0.00018837713101629462, 0.00028256569652444194, 0.0013186399171140623, 0.002072148441179241, 0.005745502495996986, 0.011396816426485825, 0.021663370066873883, 0.03720448337571819, 0.05283978525007064, 0.07817650937176226, 0.09597814825280211, 0.1258359235188848, 0.1033248563624376, 0.20749740981444853, 0.08335688047471038, 0.051897899594989166, 0.06433079024206462, 0.01921446736366205, 0.00979561081284732, 0.01610624470189319, 0.006404822454554017, 0.0018837713101629461, 0.0019779598756710934, 0.0011302627860977678, 0.00018837713101629462, 0.0], [0.0, 0.0, 0.0, 0.0, 0.0, 0.00012094823415578132, 0.000725689404934688, 0.0006047411707789066, 0.0022980164489598454, 0.005321722302854378, 0.00822447992259313, 0.019230769230769232, 0.034107402031930335, 0.057208514755684566, 0.09107402031930334, 0.13195452346395742, 0.1761006289308176, 0.12445573294629898, 0.18759071117561685, 0.06494920174165457, 0.03289791969037252, 0.040638606676342524, 0.009675858732462506, 0.004112239961296565, 0.0039912917271407835, 0.0013304305757135945, 0.0016932752781809385, 0.0016932752781809385, 0.0, 0.0, 0.0], [0.0, 0.004149377593360996, 0.0, 0.004149377593360996, 0.004149377593360996, 0.02074688796680498, 0.029045643153526972, 0.024896265560165973, 0.07468879668049792, 0.04149377593360996, 0.04149377593360996, 0.06224066390041494, 0.07468879668049792, 0.11203319502074689, 0.1037344398340249, 0.11618257261410789, 0.0954356846473029, 0.06224066390041494, 0.05394190871369295, 0.012448132780082987, 0.029045643153526972, 0.008298755186721992, 0.012448132780082987, 0.012448132780082987, 0.0, 0.0, 0.0, 0.0, 0.0, 0.0, 0.0]]}, "ranks": {"labels": ["Unranked", "Combatatent I", "Combatatent II", "Challenger I", "Challenger II", "Rival I", "Rival II", "Duelist", "Elite"], "data": [[0.12142857142857143, 0.16071428571428573, 0.18214285714285713, 0.21428571428571427, 0.16071428571428573, 0.08928571428571429, 0.02857142857142857, 0.04285714285714286, 0.0], [0.051731893837157, 0.0832208726945569, 0.14439946018893388, 0.23256860098965362, 0.24156545209176788, 0.16104363472784525, 0.0413855150697256, 0.03283850652271705, 0.011246063877642825], [0.010660980810234541, 0.021748400852878463, 0.05458422174840085, 0.1232409381663113, 0.23738450604122247, 0.2948116560056859, 0.09665955934612651, 0.11485429992892679, 0.04605543710021322], [0.022042519890439545, 0.039389591756880137, 0.09416981870353464, 0.19342637276640146, 0.2712925524977175, 0.21977305334550673, 0.07812703795487153, 0.06860571279509586, 0.013173340289552629], [0.1485148514851485, 0.1188118811881188, 0.19801980198019803, 0.13861386138613863, 0.10891089108910891, 0.1782178217821782, 0.039603960396039604, 0.06930693069306931, 0.0], [0.011062241769958684, 0.032387045181927226, 0.09569505531120885, 0.21271491403438625, 0.26402772224443555, 0.19245635079301612, 0.07237105157936825, 0.08503265360522458, 0.034252965480474476], [0.0673352435530086, 0.08767908309455587, 0.15873925501432665, 0.24641833810888253, 0.21117478510028653, 0.1151862464183381, 0.042406876790830945, 0.040687679083094556, 0.03037249283667622], [0.2753623188405797, 0.19202898550724637, 0.213768115942029, 0.13043478260869565, 0.08333333333333333, 0.03985507246376811, 0.043478260869565216, 0.021739130434782608, 0.0], [0.04481974667099708, 0.09180469849518241, 0.14842481325105553, 0.22875392443434014, 0.20829273573671106, 0.12460755656598463, 0.05900184042438021, 0.06311573021543791, 0.03117895420591101], [0.007502206531332745, 0.017210944395410415, 0.03442188879082083, 0.11253309796999117, 0.18137687555163284, 0.2228596646072374, 0.12886142983230361, 0.18623124448367168, 0.10900264783759929], [0.04223433242506812, 0.06982288828337875, 0.1396457765667575, 0.21151226158038147, 0.23841961852861035, 0.17268392370572208, 0.05653950953678474, 0.05108991825613079, 0.018051771117166212], [0.05788461538461538, 0.12153846153846154, 0.19365384615384615, 0.2692307692307692, 0.19538461538461538, 0.09, 0.035576923076923075, 0.029615384615384616, 0.007115384615384615], [0.02510310202617895, 0.0650887573964497, 0.1242603550295858, 0.2235969159046082, 0.25121032813340505, 0.17428725121032812, 0.06204052357898512, 0.05630267168728707, 0.018110095033171958], [0.025954764553207266, 0.05475219379557533, 0.09776294648374738, 0.1996044988258559, 0.25509825732295144, 0.19515511061673466, 0.07761710542578173, 0.06847114077369917, 0.025583982202447165], [0.010481657100074869, 0.031195408035937112, 0.09134015472922385, 0.18817070127277266, 0.2732717743948091, 0.21387571749438483, 0.08659845270776141, 0.0806089343648615, 0.024457199900174694], [0.0334841628959276, 0.05475113122171946, 0.11493212669683257, 0.19683257918552036, 0.2425339366515837, 0.1520361990950226, 0.08009049773755657, 0.083710407239819, 0.0416289592760181], [0.03157398680490104, 0.06691800188501414, 0.15103675777568332, 0.24245994344957586, 0.23303487276154572, 0.14467483506126297, 0.05254476908576814, 0.0558435438265787, 0.02191328934967012], [0.023665480427046262, 0.053202846975088966, 0.1208185053380783, 0.22722419928825624, 0.24733096085409254, 0.19733096085409252, 0.05409252669039146, 0.05569395017793594, 0.020640569395017794], [0.13253012048192772, 0.08433734939759036, 0.0963855421686747, 0.21686746987951808, 0.2289156626506024, 0.024096385542168676, 0.07228915662650602, 0.12048192771084337, 0.024096385542168676], [0.012617114303560275, 0.030730793254216116, 0.08694565896314803, 0.22560899437851342, 0.29843847595252965, 0.17426608369768895, 0.0783260462211118, 0.07382885696439725, 0.019237976264834478], [0.008225037012666556, 0.021056094752426386, 0.05214673466030597, 0.1368646158907715, 0.25086362888633, 0.24181608817239678, 0.11465701595657181, 0.12880407961835827, 0.045566705050172726], [0.016310218189673795, 0.03499675955930007, 0.06567293151868654, 0.15014041909699719, 0.25891121192482175, 0.23493195074530135, 0.10434219053791316, 0.10661049902786779, 0.028083819399438322], [0.023722627737226276, 0.041970802919708027, 0.1386861313868613, 0.24817518248175183, 0.29744525547445255, 0.19343065693430658, 0.032846715328467155, 0.020072992700729927, 0.0036496350364963502], [0.00977729494839761, 0.026163317037841752, 0.06599674090168386, 0.1331703784175267, 0.21455730581205867, 0.2693282636248416, 0.10999456816947312, 0.13715372080391092, 0.0338584102842658], [0.011917960088691795, 0.03787878787878788, 0.11668514412416851, 0.2549889135254989, 0.3193828529194383, 0.16869918699186992, 0.05229120473022912, 0.033074648928307464, 0.00508130081300813], [0.014883243520656916, 0.0365665896843726, 0.08365409289196818, 0.218501411342058, 0.28714395688991534, 0.1964331537079805, 0.07749550936617912, 0.07210674878111367, 0.013215293815755709], [0.007907542579075427, 0.02661192214111922, 0.07801094890510948, 0.20529197080291972, 0.25440997566909973, 0.2198905109489051, 0.07436131386861314, 0.09291362530413626, 0.0406021897810219], [0.0678987545198875, 0.0976295701084773, 0.15588589795098434, 0.23463238248292487, 0.1984732824427481, 0.142225793491362, 0.047408597830454, 0.0413820811570912, 0.01446364001607071], [0.049019607843137254, 0.06162464985994398, 0.11134453781512606, 0.20028011204481794, 0.25210084033613445, 0.19397759103641457, 0.05812324929971989, 0.056022408963585436, 0.01750700280112045], [0.03528872593950504, 0.07806293919951116, 0.1547509929728078, 0.2752826153376108, 0.22746715551481822, 0.12816987473266117, 0.04414909868622059, 0.041857622975863124, 0.014970974641002138], [0.01961734076047469, 0.04020343908936789, 0.09275853717607169, 0.1874545894889804, 0.23613465730201016, 0.189634294017922, 0.08379752966820053, 0.09300072656817632, 0.05739888592879632], [0.01657339647008179, 0.04412397761515282, 0.11730520878174774, 0.22234179939733104, 0.25398191993112357, 0.19070167886353853, 0.07124408092983212, 0.06414119672836849, 0.019586741282823936], [0.021691973969631236, 0.05816160520607375, 0.1389642082429501, 0.2646420824295011, 0.2708785249457701, 0.14370932754880694, 0.05382321041214751, 0.03931670281995662, 0.00881236442516269], [0.020041465100207326, 0.044920525224602624, 0.1078092605390463, 0.2349689011748445, 0.27689472471780696, 0.16793365583966827, 0.064501266989173, 0.05943331029716655, 0.023496890117484452], [0.017713365539452495, 0.03354804079441761, 0.07997852925389157, 0.19404186795491143, 0.24584004294149223, 0.21739130434782608, 0.07997852925389157, 0.09876543209876543, 0.03274288781535158], [0.011154074955383701, 0.03985722784057109, 0.12031528851873885, 0.23170731707317074, 0.24702558001189767, 0.17846519928613921, 0.06276026174895895, 0.07495538370017847, 0.03375966686496133], [0.00979561081284732, 0.033060186493359706, 0.09004426862578883, 0.1741546576245644, 0.2291607798813224, 0.25101252707921257, 0.09173966280493548, 0.09334086841857399, 0.02769143825939531], [0.009071117561683599, 0.027455249153362362, 0.0913159167876149, 0.22302854378326076, 0.3005563618771166, 0.22266569908079342, 0.0627721335268505, 0.054426705370101594, 0.008708272859216255], [0.2033195020746888, 0.1037344398340249, 0.18672199170124482, 0.21991701244813278, 0.15767634854771784, 0.06224066390041494, 0.03319502074688797, 0.03319502074688797, 0.0]]}, "ranksDetailed": {"labels": ["Unranked", "Combatatant", "Challenger", "Rival", "Duelist", "Elite"], "data": [[0.12142857142857143, 0.34285714285714286, 0.375, 0.11785714285714285, 0.04285714285714286, 0.0], [0.051731893837157, 0.2276203328834908, 0.4741340530814215, 0.20242914979757085, 0.03283850652271705, 0.011246063877642825], [0.010660980810234541, 0.07633262260127932, 0.3606254442075338, 0.39147121535181234, 0.11485429992892679, 0.04605543710021322], [0.022042519890439545, 0.13355941046041475, 0.46471892526411895, 0.29790009130037826, 0.06860571279509586, 0.013173340289552629], [0.1485148514851485, 0.31683168316831684, 0.24752475247524752, 0.21782178217821782, 0.06930693069306931, 0.0], [0.011062241769958684, 0.1280821004931361, 0.4767426362788218, 0.2648274023723844, 0.08503265360522458, 0.034252965480474476], [0.0673352435530086, 0.24641833810888253, 0.45759312320916906, 0.15759312320916904, 0.040687679083094556, 0.03037249283667622], [0.2753623188405797, 0.4057971014492754, 0.213768115942029, 0.08333333333333333, 0.021739130434782608, 0.0], [0.04481974667099708, 0.24022951174623797, 0.4370466601710512, 0.18360939699036483, 0.06311573021543791, 0.03117895420591101], [0.007502206531332745, 0.05163283318623124, 0.293909973521624, 0.351721094439541, 0.18623124448367168, 0.10900264783759929], [0.04223433242506812, 0.20946866485013624, 0.4499318801089918, 0.22922343324250682, 0.05108991825613079, 0.018051771117166212], [0.05788461538461538, 0.3151923076923077, 0.4646153846153846, 0.12557692307692309, 0.029615384615384616, 0.007115384615384615], [0.02510310202617895, 0.1893491124260355, 0.4748072440380133, 0.23632777478931324, 0.05630267168728707, 0.018110095033171958], [0.025954764553207266, 0.1525151402793227, 0.45470275614880734, 0.2727722160425164, 0.06847114077369917, 0.025583982202447165], [0.010481657100074869, 0.12253556276516096, 0.46144247566758173, 0.30047417020214623, 0.0806089343648615, 0.024457199900174694], [0.0334841628959276, 0.16968325791855204, 0.43936651583710407, 0.2321266968325792, 0.083710407239819, 0.0416289592760181], [0.03157398680490104, 0.21795475966069747, 0.4754948162111216, 0.1972196041470311, 0.0558435438265787, 0.02191328934967012], [0.023665480427046262, 0.17402135231316726, 0.4745551601423488, 0.25142348754448396, 0.05569395017793594, 0.020640569395017794], [0.13253012048192772, 0.18072289156626506, 0.4457831325301205, 0.0963855421686747, 0.12048192771084337, 0.024096385542168676], [0.012617114303560275, 0.11767645221736414, 0.5240474703310432, 0.25259212991880076, 0.07382885696439725, 0.019237976264834478], [0.008225037012666556, 0.07320282941273236, 0.3877282447771015, 0.3564731041289686, 0.12880407961835827, 0.045566705050172726], [0.016310218189673795, 0.10066969107798661, 0.40905163102181896, 0.33927414128321454, 0.10661049902786779, 0.028083819399438322], [0.023722627737226276, 0.18065693430656934, 0.5456204379562044, 0.22627737226277372, 0.020072992700729927, 0.0036496350364963502], [0.00977729494839761, 0.09216005793952561, 0.3477276842295854, 0.3793228317943147, 0.13715372080391092, 0.0338584102842658], [0.011917960088691795, 0.1545639320029564, 0.5743717664449371, 0.22099039172209903, 0.033074648928307464, 0.00508130081300813], [0.014883243520656916, 0.12022068257634078, 0.5056453682319733, 0.2739286630741596, 0.07210674878111367, 0.013215293815755709], [0.007907542579075427, 0.10462287104622871, 0.45970194647201945, 0.29425182481751827, 0.09291362530413626, 0.0406021897810219], [0.0678987545198875, 0.2535154680594616, 0.433105664925673, 0.189634391321816, 0.0413820811570912, 0.01446364001607071], [0.049019607843137254, 0.17296918767507002, 0.4523809523809524, 0.25210084033613445, 0.056022408963585436, 0.01750700280112045], [0.03528872593950504, 0.23281393217231897, 0.502749770852429, 0.17231897341888175, 0.041857622975863124, 0.014970974641002138], [0.01961734076047469, 0.13296197626543957, 0.4235892467909906, 0.27343182368612257, 0.09300072656817632, 0.05739888592879632], [0.01657339647008179, 0.16142918639690057, 0.4763237193284546, 0.26194575979337065, 0.06414119672836849, 0.019586741282823936], [0.021691973969631236, 0.19712581344902386, 0.5355206073752712, 0.19753253796095444, 0.03931670281995662, 0.00881236442516269], [0.020041465100207326, 0.15272978576364893, 0.5118636258926514, 0.2324349228288413, 0.05943331029716655, 0.023496890117484452], [0.017713365539452495, 0.11352657004830918, 0.43988191089640366, 0.29736983360171765, 0.09876543209876543, 0.03274288781535158], [0.011154074955383701, 0.16017251635930993, 0.4787328970850684, 0.24122546103509815, 0.07495538370017847, 0.03375966686496133], [0.00979561081284732, 0.12310445511914854, 0.4033154375058868, 0.3427521898841481, 0.09334086841857399, 0.02769143825939531], [0.009071117561683599, 0.11877116594097727, 0.5235849056603774, 0.28543783260764394, 0.054426705370101594, 0.008708272859216255], [0.2033195020746888, 0.29045643153526973, 0.3775933609958506, 0.0954356846473029, 0.03319502074688797, 0.0]]}}}, "eu": {"histType": {"histogram": {"labels": ["0", "100", "200", "300", "400", "500", "600", "700", "800", "900", "1000", "1100", "1200", "1300", "1400", "1500", "1600", "1700", "1800", "1900", "2000", "2100", "2200", "2300", "2400", "2500", "2600", "2700", "2800", "2900", "3000"], "data": [[0.0, 0.0, 0.0, 0.0, 0.0, 0.00909090909090909, 0.013636363636363636, 0.01818181818181818, 0.05, 0.045454545454545456, 0.08181818181818182, 0.05909090909090909, 0.05454545454545454, 0.09545454545454546, 0.15454545454545454, 0.11818181818181818, 0.08636363636363636, 0.09090909090909091, 0.04090909090909091, 0.02727272727272727, 0.013636363636363636, 0.013636363636363636, 0.00909090909090909, 0.013636363636363636, 0.004545454545454545, 0.0, 0.0, 0.0, 0.0, 0.0, 0.0], [0.0, 0.0, 0.00048192771084337347, 0.0009638554216867469, 0.0009638554216867469, 0.0033734939759036144, 0.004819277108433735, 0.008674698795180723, 0.01927710843373494, 0.02650602409638554, 0.03518072289156626, 0.051566265060240965, 0.06409638554216868, 0.08385542168674699, 0.12096385542168675, 0.12048192771084337, 0.15132530120481927, 0.08096385542168674, 0.13012048192771083, 0.03614457831325301, 0.019759036144578312, 0.019759036144578312, 0.007228915662650603, 0.002891566265060241, 0.005783132530120482, 0.0024096385542168677, 0.0019277108433734939, 0.00048192771084337347, 0.0, 0.0, 0.0], [0.0, 0.0, 0.0, 0.00015067048365225252, 0.00015067048365225252, 0.00015067048365225252, 0.00030134096730450503, 0.0015067048365225253, 0.0030134096730450506, 0.003917432574958565, 0.009944251921048667, 0.015067048365225252, 0.023203254482446888, 0.029832755763146, 0.050926623474461356, 0.07322585505499472, 0.13831550399276782, 0.10471598613831551, 0.23459394304655717, 0.0866355281000452, 0.06177489829742353, 0.07819798101551906, 0.028928732861232483, 0.014615036914268496, 0.02154587916227211, 0.008588217568178394, 0.0033147506403495555, 0.0040681030586108185, 0.0030134096730450506, 0.00030134096730450503, 0.0], [0.0, 0.0, 0.0, 0.00012504689258471927, 0.00012504689258471927, 0.00025009378516943853, 0.0008753282480930349, 0.0026259847442791045, 0.004251594347880455, 0.008753282480930349, 0.017506564961860697, 0.027010128798299362, 0.03588845817181443, 0.047017631611854446, 0.08103038639489808, 0.10779042140802801, 0.16381142928598225, 0.11816931349255971, 0.18081780667750405, 0.07965487057646617, 0.04626735025634613, 0.04451669376016006, 0.013254970613980243, 0.006127297736651245, 0.008628235588345629, 0.0026259847442791045, 0.0007502813555083156, 0.0008753282480930349, 0.0010003751406777541, 0.00025009378516943853, 0.0], [0.0, 0.0, 0.0, 0.0, 0.01, 0.02, 0.02, 0.05, 0.05, 0.03, 0.08, 0.11, 0.04, 0.02, 0.1, 0.1, 0.06, 0.09, 0.06, 0.06, 0.04, 0.01, 0.02, 0.01, 0.01, 0.01, 0.0, 0.0, 0.0, 0.0, 0.0], [0.0, 0.0001349527665317139, 0.0001349527665317139, 0.0002699055330634278, 0.0004048582995951417, 0.0001349527665317139, 0.0002699055330634278, 0.0020242914979757085, 0.002968960863697706, 0.006477732793522267, 0.01174089068825911, 0.020242914979757085, 0.03319838056680162, 0.05641025641025641, 0.08866396761133603, 0.11403508771929824, 0.15060728744939272, 0.10688259109311742, 0.1581646423751687, 0.0766531713900135, 0.04399460188933873, 0.05789473684210526, 0.023076923076923078, 0.009986504723346829, 0.019163292847503375, 0.008502024291497975, 0.0031039136302294197, 0.002834008097165992, 0.0012145748987854252, 0.0008097165991902834, 0.0], [0.0002640612622128334, 0.0002640612622128334, 0.0002640612622128334, 0.0013203063110641669, 0.002904673884341167, 0.0026406126221283337, 0.004489041457618167, 0.01082651175072617, 0.019804594665962502, 0.027726432532347505, 0.04224980195405334, 0.05571692632690784, 0.07314496963295485, 0.08714021653023502, 0.09268550303670452, 0.12305254819118035, 0.12648534459994717, 0.07789807235278584, 0.08898864536572484, 0.046738843411671505, 0.02825455505677317, 0.03115922894111434, 0.012674940586216002, 0.006865592817533668, 0.012146818061790335, 0.006865592817533668, 0.0073937153419593345, 0.004489041457618167, 0.005017163982043834, 0.0005281225244256667, 0.0], [0.0, 0.0, 0.0, 0.0, 0.00980392156862745, 0.024509803921568627, 0.004901960784313725, 0.05392156862745098, 0.029411764705882353, 0.058823529411764705, 0.07352941176470588, 0.09803921568627451, 0.09803921568627451, 0.05392156862745098, 0.11764705882352941, 0.14215686274509803, 0.08333333333333333, 0.05392156862745098, 0.03431372549019608, 0.024509803921568627, 0.0196078431372549, 0.0196078431372549, 0.0, 0.0, 0.0, 0.0, 0.0, 0.0, 0.0, 0.0, 0.0], [0.0004321054337258291, 0.00010802635843145727, 0.0004321054337258291, 0.0005401317921572864, 0.0007561845090202009, 0.0015123690180404018, 0.002