{"region": {"us": {"histType": {"histogram": {"labels": ["0", "100", "200", "300", "400", "500", "600", "700", "800", "900", "1000", "1100", "1200", "1300", "1400", "1500", "1600", "1700", "1800", "1900", "2000", "2100", "2200", "2300", "2400", "2500", "2600", "2700", "2800", "2900", "3000", "3100"], "data": [[0.0, 0.0, 0.0, 0.005494505494505495, 0.0, 0.016483516483516484, 0.02197802197802198, 0.016483516483516484, 0.04945054945054945, 0.054945054945054944, 0.06043956043956044, 0.0989010989010989, 0.08791208791208792, 0.13186813186813187, 0.12087912087912088, 0.07692307692307693, 0.07142857142857142, 0.04945054945054945, 0.06043956043956044, 0.04945054945054945, 0.02197802197802198, 0.005494505494505495, 0.0, 0.0, 0.0, 0.0, 0.0, 0.0, 0.0, 0.0, 0.0, 0.0], [0.0, 0.0018337408312958435, 0.0, 0.0006112469437652812, 0.0018337408312958435, 0.0012224938875305623, 0.005501222493887531, 0.012836185819070905, 0.012836185819070905, 0.023227383863080684, 0.04645476772616137, 0.059290953545232276, 0.0812958435207824, 0.08251833740831296, 0.13447432762836187, 0.13080684596577016, 0.15770171149144255, 0.07273838630806846, 0.08557457212713937, 0.0323960880195599, 0.023227383863080684, 0.011613691931540342, 0.008557457212713936, 0.004889975550122249, 0.0024449877750611247, 0.004889975550122249, 0.0012224938875305623, 0.0, 0.0, 0.0, 0.0, 0.0], [0.00017972681524083394, 0.0, 0.00017972681524083394, 0.0003594536304816679, 0.0003594536304816679, 0.00017972681524083394, 0.0003594536304816679, 0.0008986340762041696, 0.0050323508267433505, 0.006829618979151689, 0.012041696621135873, 0.01689432063263839, 0.02785765636232926, 0.04511143062544932, 0.07242990654205607, 0.09920920201294033, 0.13964773544212797, 0.11179007907979871, 0.20758447160316318, 0.06955427749820273, 0.04816678648454349, 0.06721782890007189, 0.023544212796549245, 0.012760603882099208, 0.020309130122214233, 0.005751258087706686, 0.004672897196261682, 0.0010783608914450035, 0.0, 0.0, 0.0, 0.0], [0.0, 0.00016350555918901244, 0.0, 0.00016350555918901244, 0.00016350555918901244, 0.00016350555918901244, 0.0021255722694571615, 0.0029431000654022237, 0.009156311314584695, 0.01553302812295618, 0.025343361674296926, 0.028449967298888164, 0.052812295618051015, 0.07521255722694571, 0.10415304120340091, 0.12655330281229563, 0.16285153695225638, 0.11118378024852844, 0.1435578809679529, 0.05559189012426422, 0.03597122302158273, 0.026487900588620012, 0.007848266841072597, 0.004087638979725311, 0.0063767168083714845, 0.001962066710268149, 0.0009810333551340746, 0.00016350555918901244, 0.0, 0.0, 0.0, 0.0], [0.0, 0.0, 0.0, 0.0, 0.0, 0.0, 0.0, 0.06060606060606061, 0.045454545454545456, 0.09090909090909091, 0.030303030303030304, 0.07575757575757576, 0.16666666666666666, 0.12121212121212122, 0.030303030303030304, 0.0, 0.10606060606060606, 0.06060606060606061, 0.07575757575757576, 0.06060606060606061, 0.030303030303030304, 0.030303030303030304, 0.0, 0.015151515151515152, 0.0, 0.0, 0.0, 0.0, 0.0, 0.0, 0.0, 0.0], [0.0, 0.0, 0.0, 0.0, 0.0, 0.0, 0.00015441630636195183, 0.0023162445954292774, 0.0024706609017912293, 0.008801729462631254, 0.015441630636195183, 0.02378011117974058, 0.04524397776405188, 0.07381099444101297, 0.10762816553428042, 0.13573193329215566, 0.157041383570105, 0.10067943174799258, 0.13542310067943175, 0.05667078443483632, 0.03597899938233477, 0.04555281037677579, 0.019147621988882025, 0.007103150092649784, 0.014669549104385423, 0.0067943174799258805, 0.004478072884496603, 0.0010809141445336627, 0.0, 0.0, 0.0, 0.0], [0.0, 0.0, 0.000768344218209758, 0.001536688436419516, 0.001920860545524395, 0.001920860545524395, 0.0042258932001536685, 0.009988474836726853, 0.021129466000768343, 0.031886285055704955, 0.050710718401844025, 0.06262005378409527, 0.08182865923933923, 0.1060315021129466, 0.12869765655013446, 0.1279293123319247, 0.11794083749519785, 0.07414521705724164, 0.06492508643872455, 0.031886285055704955, 0.019592777564348827, 0.021129466000768343, 0.008451786400307337, 0.008067614291202459, 0.01114099116404149, 0.004994237418363427, 0.005762581636573185, 0.000768344218209758, 0.0, 0.0, 0.0, 0.0], [0.0, 0.0, 0.005714285714285714, 0.011428571428571429, 0.005714285714285714, 0.011428571428571429, 0.017142857142857144, 0.05142857142857143, 0.08, 0.11428571428571428, 0.09714285714285714, 0.12, 0.12, 0.10857142857142857, 0.08, 0.04, 0.03428571428571429, 0.02857142857142857, 0.011428571428571429, 0.06285714285714286, 0.0, 0.0, 0.0, 0.0, 0.0, 0.0, 0.0, 0.0, 0.0, 0.0, 0.0, 0.0], [0.00045794535185467866, 0.000610593802472905, 0.0007632422530911311, 0.00045794535185467866, 0.0009158907037093573, 0.0030529690123645243, 0.0032056174629827507, 0.007785070981529537, 0.015875438864295526, 0.03587238589528316, 0.05693787208059838, 0.08334605403755152, 0.11418104106243322, 0.12028697908716227, 0.14638986414287894, 0.11860784613036178, 0.09464203938330026, 0.05739581743245306, 0.05739581743245306, 0.026713478858189588, 0.019233704777896505, 0.01541749351244085, 0.009006258586475347, 0.00488475041978324, 0.0050373988704014655, 0.001373836055564036, 0.00015264845061822624, 0.0, 0.0, 0.0, 0.0, 0.0], [0.0, 0.0, 0.0008291873963515755, 0.0, 0.001658374792703151, 0.0008291873963515755, 0.00538971807628524, 0.004560530679933665, 0.014925373134328358, 0.02155887230514096, 0.03648424543946932, 0.04477611940298507, 0.07048092868988391, 0.08747927031509121, 0.11567164179104478, 0.12893864013266998, 0.15796019900497513, 0.0845771144278607, 0.11318407960199005, 0.0406301824212272, 0.021144278606965175, 0.024875621890547265, 0.007462686567164179, 0.005804311774461028, 0.006633499170812604, 0.0041459369817578775, 0.0, 0.0, 0.0, 0.0, 0.0, 0.0], [0.0, 0.0, 0.0009097111667045713, 0.0009097111667045713, 0.0011371389583807142, 0.0022742779167614284, 0.006140550375255857, 0.011826245167159426, 0.01864907891744371, 0.032749602001364564, 0.0632249260859677, 0.07254946554468956, 0.09893108937912212, 0.10256993404594042, 0.14851034796452126, 0.12940641346372528, 0.1078007732544917, 0.06345235387764385, 0.06299749829429156, 0.03161246304298385, 0.01364566750056857, 0.01455537866727314, 0.006595405958608142, 0.003638844666818285, 0.0034114168751421424, 0.0022742779167614284, 0.00022742779167614282, 0.0, 0.0, 0.0, 0.0, 0.0], [0.0, 0.0, 0.0, 0.0, 0.0004225649693640397, 0.0010564124234100994, 0.002746672300866258, 0.0042256496936403974, 0.009085146841326854, 0.012676949080921191, 0.03380519754912318, 0.04458060426790619, 0.06211705049651384, 0.07754067187830128, 0.12381153602366364, 0.1191633213606592, 0.15191210648637227, 0.10057046270864145, 0.12634692583984788, 0.048383688992182546, 0.026199028100570464, 0.0266215930699345, 0.010564124234100993, 0.005282062117050497, 0.006549757025142616, 0.0042256496936403974, 0.0021128248468201987, 0.0, 0.0, 0.0, 0.0, 0.0], [0.00017164435290078958, 0.0, 0.0, 0.00034328870580157915, 0.00017164435290078958, 0.0010298661174047373, 0.0020597322348094747, 0.0034328870580157913, 0.00806728458633711, 0.021970477171301066, 0.03964984552008239, 0.04668726398901476, 0.06779951939581187, 0.09011328527291453, 0.12100926879505665, 0.13783041537933402, 0.14950223137658772, 0.09251630621352558, 0.10230003432887058, 0.042224510813594233, 0.025403364229316855, 0.02351527634740817, 0.00806728458633711, 0.0037761757638173706, 0.006522485410230003, 0.0020597322348094747, 0.0032612427051150017, 0.0005149330587023687, 0.0, 0.0, 0.0, 0.0], [0.0, 0.0, 0.0003053435114503817, 0.0, 0.0003053435114503817, 0.0006106870229007634, 0.0003053435114503817, 0.0006106870229007634, 0.0033587786259541984, 0.00732824427480916, 0.01648854961832061, 0.022290076335877863, 0.042442748091603054, 0.05862595419847328, 0.09709923664122137, 0.12763358778625955, 0.17038167938931298, 0.11969465648854961, 0.14564885496183205, 0.06870229007633588, 0.03816793893129771, 0.0366412213740458, 0.01648854961832061, 0.010076335877862596, 0.010687022900763359, 0.0030534351145038168, 0.0030534351145038168, 0.0, 0.0, 0.0, 0.0, 0.0], [0.0, 0.0, 0.0006472491909385113, 0.0, 0.0006472491909385113, 0.0012944983818770227, 0.0006472491909385113, 0.005177993527508091, 0.009708737864077669, 0.017475728155339806, 0.026537216828478965, 0.05501618122977346, 0.05307443365695793, 0.08025889967637541, 0.10550161812297734, 0.11974110032362459, 0.13398058252427184, 0.09514563106796116, 0.1080906148867314, 0.04854368932038835, 0.040776699029126215, 0.0343042071197411, 0.019417475728155338, 0.007766990291262136, 0.015533980582524271, 0.010355987055016181, 0.004530744336569579, 0.005177993527508091, 0.0006472491909385113, 0.0, 0.0, 0.0], [0.00028546959748786756, 0.0, 0.0005709391949757351, 0.00028546959748786756, 0.0008564087924636027, 0.0011418783899514702, 0.002569226377390808, 0.003711104767342278, 0.008278618327148159, 0.015415358264344847, 0.02569226377390808, 0.04510419640308307, 0.08135883528404225, 0.09620325435341136, 0.12189551812731944, 0.1347416500142735, 0.13645446759920069, 0.08735369683128746, 0.10276905509563232, 0.04510419640308307, 0.024264915786468742, 0.030830716528689694, 0.013131601484441906, 0.004852983157293748, 0.009991435912075365, 0.003140165572366543, 0.003140165572366543, 0.0008564087924636027, 0.0, 0.0, 0.0, 0.0], [0.0, 0.0, 0.0, 0.0006844626967830253, 0.0009126169290440338, 0.00022815423226100844, 0.0018252338580880675, 0.004563084645220169, 0.00730093543235227, 0.016198950490531598, 0.032397900981063196, 0.03924252794889345, 0.06570841889117043, 0.07802874743326489, 0.12092174309833448, 0.1318731462468629, 0.14533424595026237, 0.09057723020762035, 0.13666438512434406, 0.04175222450376454, 0.02304357745836185, 0.028519279032626056, 0.011407711613050422, 0.00593201003878622, 0.008669860825918321, 0.004106776180698152, 0.0022815423226100846, 0.0018252338580880675, 0.0, 0.0, 0.0, 0.0], [0.0, 0.0, 0.0, 0.0392156862745098, 0.0, 0.0, 0.0, 0.0, 0.0196078431372549, 0.058823529411764705, 0.0392156862745098, 0.09803921568627451, 0.058823529411764705, 0.058823529411764705, 0.0784313725490196, 0.13725490196078433, 0.1568627450980392, 0.0196078431372549, 0.0784313725490196, 0.0392156862745098, 0.0196078431372549, 0.09803921568627451, 0.0, 0.0, 0.0, 0.0, 0.0, 0.0, 0.0, 0.0, 0.0, 0.0], [0.00014634860237084735, 0.0, 0.0, 0.00014634860237084735, 0.00014634860237084735, 0.00043904580711254205, 0.0005853944094833894, 0.0013171374213376262, 0.003951412264012879, 0.008195521732767452, 0.016391043465534903, 0.022391336162739646, 0.04331918630177082, 0.06424703644080199, 0.11224937801843993, 0.149568271623006, 0.16200790282452804, 0.11473730425874433, 0.1164934874871945, 0.06527147665739792, 0.03746524220693692, 0.04258744328991658, 0.016391043465534903, 0.008195521732767452, 0.00892726474462169, 0.004097760866383726, 0.0007317430118542368, 0.0, 0.0, 0.0, 0.0, 0.0], [0.0, 0.0, 0.0, 0.00020815986677768527, 0.0, 0.00041631973355537054, 0.0014571190674437969, 0.0008326394671107411, 0.0031223980016652788, 0.004579517069109076, 0.0126977518734388, 0.01727726894254788, 0.026852622814321398, 0.04142381348875937, 0.06890091590341382, 0.09658617818484597, 0.1425895087427144, 0.11990008326394672, 0.17985012489592006, 0.08555370524562864, 0.059533721898417984, 0.06536219816819318, 0.024354704412989175, 0.01186511240632806, 0.020815986677768527, 0.008534554537885096, 0.004579517069109076, 0.0027060782681099086, 0.0, 0.0, 0.0, 0.0], [0.00025262094227611467, 0.00012631047113805733, 0.0, 0.00025262094227611467, 0.00025262094227611467, 0.0010104837691044587, 0.0008841732979664014, 0.0027788303650372616, 0.004420866489832007, 0.009346974864216243, 0.018441328786156373, 0.02564102564102564, 0.03044082354427182, 0.05166098269546546, 0.0781861816344575, 0.11140583554376658, 0.14790956170266514, 0.12517367689781483, 0.15826702033598586, 0.07654414550966275, 0.046229632436528986, 0.05683971201212581, 0.021093848680055576, 0.011999494758115448, 0.014904635594290767, 0.004547176960970065, 0.0013894151825186308, 0.0, 0.0, 0.0, 0.0, 0.0], [0.0, 0.0, 0.0, 0.0, 0.0, 0.002336448598130841, 0.0, 0.004672897196261682, 0.007009345794392523, 0.009345794392523364, 0.011682242990654205, 0.030373831775700934, 0.053738317757009345, 0.10981308411214953, 0.1425233644859813, 0.1588785046728972, 0.1705607476635514, 0.1261682242990654, 0.11682242990654206, 0.03271028037383177, 0.016355140186915886, 0.007009345794392523, 0.0, 0.0, 0.0, 0.0, 0.0, 0.0, 0.0, 0.0, 0.0, 0.0], [0.0, 0.0, 0.0, 0.00010931351114997814, 0.00010931351114997814, 0.00032794053344993443, 0.00032794053344993443, 0.0010931351114997813, 0.0027328377787494535, 0.007324005247048535, 0.012024486226497596, 0.021972015741145604, 0.03880629645824224, 0.0479886313948404, 0.07903366856143419, 0.10439440314822912, 0.15817665063401837, 0.11707477044162659, 0.1934849147354613, 0.0775032794053345, 0.04285089637079143, 0.054328815041539136, 0.01770878880629646, 0.005793616090948841, 0.010056843025797988, 0.004372540445999125, 0.002295583734149541, 0.00010931351114997814, 0.0, 0.0, 0.0, 0.0], [0.00020308692120227456, 0.0, 0.00020308692120227456, 0.0, 0.0010154346060113728, 0.0009138911454102356, 0.0005077173030056864, 0.0015231519090170593, 0.0017262388302193338, 0.00822502030869212, 0.012896019496344436, 0.030056864337936636, 0.056255077173030056, 0.08113322502030869, 0.12845247766043866, 0.16622664500406173, 0.1892770105605199, 0.11474411047928514, 0.11332250203086922, 0.04346060113728676, 0.023050365556458164, 0.01533306255077173, 0.005686433793663688, 0.002132412672623883, 0.002437043054427295, 0.0011169780666125102, 0.00010154346060113728, 0.0, 0.0, 0.0, 0.0, 0.0], [0.0, 0.00016883336147222692, 0.0, 0.00033766672294445384, 0.00016883336147222692, 0.0010130001688333614, 0.0013506668917778154, 0.002532500422083404, 0.0054026675671112615, 0.009961168326861388, 0.019415836569306094, 0.031571838595306434, 0.05402667567111261, 0.06972817828802971, 0.12291068715178119, 0.1448590241431707, 0.15785919297653217, 0.10720918453486408, 0.12341718723619788, 0.05790984298497383, 0.03005233834205639, 0.03140300523383421, 0.013844335640722606, 0.007597501266250211, 0.005571500928583488, 0.0015195002532500423, 0.00016883336147222692, 0.0, 0.0, 0.0, 0.0, 0.0], [0.0, 0.0, 0.0, 0.0, 0.000357653791130186, 0.0, 0.000715307582260372, 0.001072961373390558, 0.002324749642346209, 0.005185979971387697, 0.013054363376251788, 0.020028612303290415, 0.03773247496423462, 0.0613376251788269, 0.10640200286123033, 0.1298283261802575, 0.15701001430615164, 0.09495708154506438, 0.16237482117310442, 0.05954935622317597, 0.04184549356223176, 0.04488555078683834, 0.020565092989985694, 0.013054363376251788, 0.016809728183118742, 0.004649499284692418, 0.005007153075822604, 0.001251788268955651, 0.0, 0.0, 0.0, 0.0], [0.0, 0.0011702750146284377, 0.0005851375073142189, 0.0005851375073142189, 0.0017554125219426564, 0.003510825043885313, 0.0052662375658279695, 0.0076067875950848445, 0.026916325336454067, 0.042129900526623756, 0.051492100643651256, 0.08484493856056173, 0.07957870099473376, 0.10708016383850205, 0.12873025160912815, 0.12170860152135751, 0.1088355763604447, 0.06787595084844938, 0.08543007606787595, 0.02399063779988297, 0.014043300175541252, 0.02399063779988297, 0.008191925102399064, 0.0, 0.004681100058513751, 0.0, 0.0, 0.0, 0.0, 0.0, 0.0, 0.0], [0.0011013215859030838, 0.0, 0.0, 0.0022026431718061676, 0.0, 0.003303964757709251, 0.003303964757709251, 0.016519823788546256, 0.02092511013215859, 0.022026431718061675, 0.039647577092511016, 0.048458149779735685, 0.06167400881057269, 0.05837004405286344, 0.11894273127753303, 0.11784140969162996, 0.14317180616740088, 0.09140969162995595, 0.11784140969162996, 0.05726872246696035, 0.02753303964757709, 0.016519823788546256, 0.011013215859030838, 0.00881057268722467, 0.005506607929515419, 0.0022026431718061676, 0.004405286343612335, 0.0, 0.0, 0.0, 0.0, 0.0], [0.00037700282752120643, 0.0, 0.0, 0.0, 0.0007540056550424129, 0.0011310084825636192, 0.0035815268614514608, 0.007540056550424128, 0.011121583411875588, 0.020735155513666354, 0.04147031102733271, 0.061074458058435435, 0.0825636192271442, 0.10782280867106503, 0.1419415645617342, 0.1423185673892554, 0.1302544769085768, 0.07803958529688973, 0.08086710650329877, 0.02639019792648445, 0.023374175306314797, 0.01941564561734213, 0.008671065032987747, 0.003770028275212064, 0.0049010367577756835, 0.0007540056550424129, 0.0011310084825636192, 0.0, 0.0, 0.0, 0.0, 0.0], [0.0, 0.0, 0.0, 0.0007017543859649122, 0.0003508771929824561, 0.0, 0.002105263157894737, 0.0014035087719298245, 0.004912280701754386, 0.01263157894736842, 0.023508771929824562, 0.03263157894736842, 0.04491228070175438, 0.0687719298245614, 0.10350877192982456, 0.12105263157894737, 0.15052631578947367, 0.10350877192982456, 0.11508771929824561, 0.06807017543859649, 0.03754385964912281, 0.04280701754385965, 0.018245614035087718, 0.012280701754385965, 0.02245614035087719, 0.008421052631578947, 0.0035087719298245615, 0.0010526315789473684, 0.0, 0.0, 0.0, 0.0], [0.0, 0.0, 0.0, 0.0, 0.0002632964718272775, 0.0, 0.0013164823591363876, 0.0018430753027909425, 0.00421274354923644, 0.013954713006845709, 0.018957345971563982, 0.031332280147446025, 0.05081621906266456, 0.07977883096366509, 0.11163770405476567, 0.14007372301211163, 0.1590310689836756, 0.09768299104791996, 0.13296471827277515, 0.058715113217482885, 0.03317535545023697, 0.0315955766192733, 0.012374934175882044, 0.005792522380200105, 0.008952080042127435, 0.00421274354923644, 0.0013164823591363876, 0.0, 0.0, 0.0, 0.0, 0.0], [0.00047505938242280285, 0.00015835312747426763, 0.00015835312747426763, 0.00015835312747426763, 0.00031670625494853525, 0.0014251781472684087, 0.0017418844022169437, 0.003642121931908155, 0.007125890736342043, 0.012034837688044338, 0.030403800475059382, 0.043705463182897863, 0.07363420427553444, 0.1002375296912114, 0.13634204275534442, 0.14711005542359462, 0.14742676167854316, 0.09659540775930324, 0.09247822644497229, 0.0440221694378464, 0.02121931908155186, 0.020902612826603325, 0.009817893903404592, 0.003800475059382423, 0.0034837688044338875, 0.001583531274742676, 0.0, 0.0, 0.0, 0.0, 0.0, 0.0], [0.0, 0.0, 0.0, 0.000641025641025641, 0.0009615384615384616, 0.0016025641025641025, 0.000641025641025641, 0.004487179487179487, 0.0057692307692307696, 0.008012820512820512, 0.023717948717948717, 0.03461538461538462, 0.058333333333333334, 0.0810897435897436, 0.1201923076923077, 0.15352564102564104, 0.15737179487179487, 0.10224358974358974, 0.1032051282051282, 0.04871794871794872, 0.03205128205128205, 0.0266025641025641, 0.013782051282051282, 0.007051282051282051, 0.011217948717948718, 0.0016025641025641025, 0.002564102564102564, 0.0, 0.0, 0.0, 0.0, 0.0], [0.0, 0.0, 0.0, 0.0, 0.0, 0.0006062443164595332, 0.0009093664746892998, 0.002728099424067899, 0.004849954531676266, 0.004849954531676266, 0.012428008487420431, 0.022431039709002728, 0.035768414671112456, 0.05183388905729009, 0.09427099120945741, 0.12549257350712337, 0.14580175810851773, 0.11003334343740527, 0.14852985753258563, 0.07153682934222491, 0.04213397999393756, 0.06123067596241285, 0.022431039709002728, 0.01606547438617763, 0.01606547438617763, 0.008487420430433464, 0.001515610791148833, 0.0, 0.0, 0.0, 0.0, 0.0], [0.0, 0.0, 0.00035561877667140827, 0.0, 0.00017780938833570413, 0.0005334281650071124, 0.0005334281650071124, 0.0021337126600284497, 0.0035561877667140826, 0.007467994310099573, 0.016358463726884778, 0.033783783783783786, 0.05903271692745377, 0.09761735419630156, 0.1290896159317212, 0.13086770981507823, 0.13851351351351351, 0.09263869132290185, 0.11984352773826458, 0.05263157894736842, 0.03147226173541963, 0.033072546230440966, 0.019736842105263157, 0.005334281650071123, 0.01422475106685633, 0.005334281650071123, 0.004445234708392603, 0.0010668563300142249, 0.00017780938833570413, 0.0, 0.0, 0.0], [0.0, 0.0, 0.00011788282447247436, 0.0, 0.0003536484734174231, 0.00023576564894494873, 0.0003536484734174231, 0.0014145938936696923, 0.0028291877873393846, 0.008016032064128256, 0.015324767181421667, 0.02840976069786632, 0.04986443475185665, 0.07391253094424143, 0.11210656607332312, 0.13497583402098315, 0.16574325120829894, 0.10220440881763528, 0.1499469527289874, 0.053518802310503356, 0.033125073676765295, 0.03831191795355417, 0.010845219851467641, 0.005658375574678769, 0.008487563362018153, 0.002004008016032064, 0.002004008016032064, 0.00023576564894494873, 0.0, 0.0, 0.0, 0.0], [0.0, 0.0, 0.0, 0.0, 0.0, 0.00013585110718652356, 0.0008151066431191414, 0.0006792555359326179, 0.0024453199293574244, 0.006385002037766607, 0.010460535253362315, 0.022551283792962912, 0.040891183263143595, 0.06765385137888874, 0.11262056785762804, 0.15758728433636734, 0.18231218584431463, 0.11737535660915636, 0.15663632658606166, 0.048227143051215865, 0.024589050400760766, 0.030974052438527373, 0.008694470859937508, 0.0027170221437304715, 0.0031245754652900423, 0.0020377666077978536, 0.0010868088574921885, 0.0, 0.0, 0.0, 0.0, 0.0], [0.0, 0.006134969325153374, 0.0, 0.006134969325153374, 0.006134969325153374, 0.024539877300613498, 0.049079754601226995, 0.018404907975460124, 0.08588957055214724, 0.0736196319018405, 0.06134969325153374, 0.049079754601226995, 0.0736196319018405, 0.10429447852760736, 0.11042944785276074, 0.09815950920245399, 0.06134969325153374, 0.05521472392638037, 0.06134969325153374, 0.012269938650306749, 0.018404907975460124, 0.006134969325153374, 0.012269938650306749, 0.006134969325153374, 0.0, 0.0, 0.0, 0.0, 0.0, 0.0, 0.0, 0.0]]}, "ranks": {"labels": ["Unranked", "Combatatent I", "Combatatent II", "Challenger I", "Challenger II", "Rival I", "Rival II", "Duelist", "Elite"], "data": [[0.16483516483516483, 0.15934065934065933, 0.21978021978021978, 0.1978021978021978, 0.12087912087912088, 0.09340659340659341, 0.038461538461538464, 0.005494505494505495, 0.0], [0.05990220048899755, 0.10574572127139364, 0.16381418092909536, 0.265281173594132, 0.230440097799511, 0.1039119804400978, 0.03728606356968215, 0.02506112469437653, 0.008557457212713936], [0.014378145219266714, 0.028936017253774263, 0.07296908698777857, 0.1716391085549964, 0.25143781452192665, 0.24568655643422, 0.07961897915168943, 0.10352264557872035, 0.03181164629762761], [0.030412034009156312, 0.05379332897318509, 0.12802485284499673, 0.23070634401569654, 0.27403531720078483, 0.17511445389143232, 0.06000654022236756, 0.03842380640941792, 0.00948332243296272], [0.19696969696969696, 0.10606060606060606, 0.2878787878787879, 0.030303030303030304, 0.16666666666666666, 0.12121212121212122, 0.045454545454545456, 0.045454545454545456, 0.0], [0.013743051266213712, 0.03922174181593576, 0.11905497220506485, 0.24336009882643608, 0.2577208153180976, 0.16584311303273624, 0.06222977146386659, 0.07180358245830759, 0.027022853613341568], [0.07337687283903188, 0.1133307721859393, 0.18786016135228584, 0.25662696888205916, 0.1920860545524395, 0.08298117556665387, 0.033422973492124475, 0.03764886669227814, 0.02266615443718786], [0.29714285714285715, 0.21714285714285714, 0.22857142857142856, 0.12, 0.06285714285714286, 0.05142857142857143, 0.022857142857142857, 0.0, 0.0], [0.06899709967943825, 0.1402839261181499, 0.23446802014959547, 0.2649977102732407, 0.15203785681575333, 0.07205006869180278, 0.031292932376736374, 0.029308502518699434, 0.006563883376583727], [0.04975124378109453, 0.0812603648424544, 0.15796019900497513, 0.24461028192371476, 0.24253731343283583, 0.13930348258706468, 0.03565505804311774, 0.03814262023217247, 0.01077943615257048], [0.07459631566977484, 0.13577439163065727, 0.20150102342506254, 0.2779167614282465, 0.17125312713213556, 0.07800773254491698, 0.030247896292926995, 0.024789629292699566, 0.005913122583579713], [0.03021339530952884, 0.07838580181702937, 0.13965772237481514, 0.24297485738432284, 0.2524825691950137, 0.15022184660891613, 0.050707796323684766, 0.04246777942108599, 0.012888231565603212], [0.03724682457947134, 0.08633710950909715, 0.1579128046687264, 0.2588396841743907, 0.2420185375901133, 0.12547202197047716, 0.044455887401304496, 0.03535873669756265, 0.012358393408856848], [0.01282442748091603, 0.038778625954198474, 0.10106870229007633, 0.2247328244274809, 0.2900763358778626, 0.18564885496183206, 0.06687022900763359, 0.06320610687022901, 0.016793893129770993], [0.03559870550161812, 0.08155339805825243, 0.13333333333333333, 0.22524271844660193, 0.229126213592233, 0.13398058252427184, 0.0634304207119741, 0.061488673139158574, 0.036245954692556634], [0.033114473308592636, 0.07079646017699115, 0.17756208963745362, 0.25663716814159293, 0.22380816443048815, 0.12760491007707678, 0.04453325720810734, 0.04881530117042535, 0.01712817584927205], [0.03171343828428017, 0.07164042892995665, 0.1437371663244353, 0.25279488934519734, 0.23591147615788272, 0.1601642710472279, 0.04129591603924253, 0.0458590006844627, 0.016883413187314626], [0.11764705882352941, 0.13725490196078433, 0.11764705882352941, 0.21568627450980393, 0.17647058823529413, 0.11764705882352941, 0.0196078431372549, 0.09803921568627451, 0.0], [0.01492755744182643, 0.03878237962827455, 0.10756622274257281, 0.26181764964144594, 0.2767452070832724, 0.15337333528464803, 0.06585687106688132, 0.06717400848821893, 0.013756768622859652], [0.010616153205661949, 0.02997502081598668, 0.06827643630308076, 0.1654870940882598, 0.2624895920066611, 0.2231473771856786, 0.1017901748542881, 0.1015820149875104, 0.03663613655287261], [0.019325502084122773, 0.044082354427182016, 0.08210180623973727, 0.18959201717822408, 0.27308323860048, 0.20045471769609702, 0.08058608058608059, 0.08993305545029683, 0.020841227737779463], [0.02336448598130841, 0.04205607476635514, 0.16355140186915887, 0.3014018691588785, 0.2967289719626168, 0.14018691588785046, 0.02570093457943925, 0.007009345794392523, 0.0], [0.012024486226497596, 0.0339965019676432, 0.08679492785308264, 0.18342807170966333, 0.27525142107564493, 0.23535198950590294, 0.0784871010056843, 0.07783121993878443, 0.016834280717096632], [0.014317627944760358, 0.04295288383428107, 0.13738830219333875, 0.2946791226645004, 0.30402112103980505, 0.13759138911454102, 0.04224207961007311, 0.0231519090170593, 0.0036555645816409425], [0.020935336822556137, 0.05098767516461253, 0.12375485395914233, 0.26776971129495186, 0.2650683775113962, 0.1593786932297822, 0.05200067533344589, 0.05284484214080702, 0.007259834543305757], [0.009656652360515022, 0.0330829756795422, 0.09907010014306152, 0.23623032904148783, 0.251967095851216, 0.19492131616595135, 0.0688483547925608, 0.07850500715307582, 0.027718168812589414], [0.08952603861907549, 0.136337039204213, 0.18665886483323582, 0.25043885313048564, 0.1767115272088941, 0.0965476887068461, 0.026916325336454067, 0.03218256290228204, 0.004681100058513751], [0.06938325991189427, 0.0881057268722467, 0.12004405286343613, 0.236784140969163, 0.23458149779735682, 0.1486784140969163, 0.053964757709251104, 0.03634361233480176, 0.012114537444933921], [0.04524033930254477, 0.10254476908576814, 0.19038642789820923, 0.28426013195098965, 0.20829406220546653, 0.0944392082940622, 0.036192271442035816, 0.031856738925541944, 0.006786050895381715], [0.022105263157894735, 0.056140350877192984, 0.11368421052631579, 0.22456140350877193, 0.2540350877192982, 0.1480701754385965, 0.07263157894736842, 0.07333333333333333, 0.03543859649122807], [0.021590310689836755, 0.05028962611901001, 0.13059505002632965, 0.2517114270668773, 0.2567140600315956, 0.1664033701948394, 0.05845181674565561, 0.04976303317535545, 0.014481305950500263], [0.02723673792557403, 0.07410926365795724, 0.17387173396674585, 0.283452098178939, 0.2440221694378464, 0.1178147268408551, 0.039904988123515436, 0.03452098178939034, 0.005067300079176564], [0.022115384615384617, 0.058333333333333334, 0.13942307692307693, 0.27371794871794874, 0.25961538461538464, 0.1294871794871795, 0.05448717948717949, 0.047435897435897434, 0.015384615384615385], [0.013943619278569264, 0.03485904819642316, 0.08760230372840255, 0.2197635647165808, 0.255835101545923, 0.18975447105183388, 0.07244619581691422, 0.09972719005759322, 0.026068505607759928], [0.014758179231863443, 0.050142247510668564, 0.15665007112375534, 0.2599573257467994, 0.23115220483641535, 0.14971550497866287, 0.054231863442389755, 0.05814366998577525, 0.025248933143669987], [0.013320759165389603, 0.043734527879287985, 0.12377696569609808, 0.24708240009430626, 0.26794766002593423, 0.17941765884710598, 0.05717316986915007, 0.05481551337970058, 0.012731345043027231], [0.010460535253362315, 0.033011819046325226, 0.10854503464203233, 0.2702078521939954, 0.299687542453471, 0.18353484580899335, 0.04591767422904497, 0.04238554544219535, 0.0062491509305800845], [0.26993865030674846, 0.11042944785276074, 0.17791411042944785, 0.2085889570552147, 0.1165644171779141, 0.0736196319018405, 0.018404907975460124, 0.024539877300613498, 0.0]]}, "ranksDetailed": {"labels": ["Unranked", "Combatatant", "Challenger", "Rival", "Duelist", "Elite"], "data": [[0.16483516483516483, 0.3791208791208791, 0.31868131868131866, 0.13186813186813187, 0.005494505494505495, 0.0], [0.05990220048899755, 0.269559902200489, 0.495721271393643, 0.14119804400977995, 0.02506112469437653, 0.008557457212713936], [0.014378145219266714, 0.10190510424155284, 0.4230769230769231, 0.3253055355859094, 0.10352264557872035, 0.03181164629762761], [0.030412034009156312, 0.18181818181818182, 0.5047416612164813, 0.23512099411379986, 0.03842380640941792, 0.00948332243296272], [0.19696969696969696, 0.3939393939393939, 0.19696969696969696, 0.16666666666666666, 0.045454545454545456, 0.0], [0.013743051266213712, 0.15827671402100063, 0.5010809141445337, 0.22807288449660285, 0.07180358245830759, 0.027022853613341568], [0.07337687283903188, 0.3011909335382251, 0.44871302343449865, 0.11640414905877833, 0.03764886669227814, 0.02266615443718786], [0.29714285714285715, 0.44571428571428573, 0.18285714285714286, 0.07428571428571429, 0.0, 0.0], [0.06899709967943825, 0.3747519462677454, 0.41703556708899403, 0.10334300106853915, 0.029308502518699434, 0.006563883376583727], [0.04975124378109453, 0.2392205638474295, 0.48714759535655056, 0.17495854063018243, 0.03814262023217247, 0.01077943615257048], [0.07459631566977484, 0.3372754150557198, 0.4491698885603821, 0.10825562883784398, 0.024789629292699566, 0.005913122583579713], [0.03021339530952884, 0.2180435241918445, 0.49545742657933656, 0.20092964293260088, 0.04246777942108599, 0.012888231565603212], [0.03724682457947134, 0.24424991417782355, 0.5008582217645039, 0.16992790937178168, 0.03535873669756265, 0.012358393408856848], [0.01282442748091603, 0.13984732824427482, 0.5148091603053435, 0.25251908396946565, 0.06320610687022901, 0.016793893129770993], [0.03559870550161812, 0.21488673139158576, 0.45436893203883494, 0.19741100323624594, 0.061488673139158574, 0.036245954692556634], [0.033114473308592636, 0.24835854981444477, 0.48044533257208105, 0.17213816728518413, 0.04881530117042535, 0.01712817584927205], [0.03171343828428017, 0.21537759525439196, 0.4887063655030801, 0.20146018708647045, 0.0458590006844627, 0.016883413187314626], [0.11764705882352941, 0.2549019607843137, 0.39215686274509803, 0.13725490196078433, 0.09803921568627451, 0.0], [0.01492755744182643, 0.14634860237084735, 0.5385628567247183, 0.21923020635152934, 0.06717400848821893, 0.013756768622859652], [0.010616153205661949, 0.09825145711906745, 0.4279766860949209, 0.3249375520399667, 0.1015820149875104, 0.03663613655287261], [0.019325502084122773, 0.1261841606669193, 0.46267525577870405, 0.2810407982821776, 0.08993305545029683, 0.020841227737779463], [0.02336448598130841, 0.205607476635514, 0.5981308411214953, 0.1658878504672897, 0.007009345794392523, 0.0], [0.012024486226497596, 0.12079142982072584, 0.4586794927853083, 0.31383909051158726, 0.07783121993878443, 0.016834280717096632], [0.014317627944760358, 0.1803411860276198, 0.5987002437043054, 0.17983346872461414, 0.0231519090170593, 0.0036555645816409425], [0.020935336822556137, 0.17474252912375485, 0.5328380888063481, 0.2113793685632281, 0.05284484214080702, 0.007259834543305757], [0.009656652360515022, 0.13215307582260372, 0.48819742489270385, 0.26376967095851217, 0.07850500715307582, 0.027718168812589414], [0.08952603861907549, 0.3229959040374488, 0.42715038033937974, 0.12346401404330018, 0.03218256290228204, 0.004681100058513751], [0.06938325991189427, 0.20814977973568283, 0.4713656387665198, 0.2026431718061674, 0.03634361233480176, 0.012114537444933921], [0.04524033930254477, 0.2929311969839774, 0.4925541941564562, 0.130631479736098, 0.031856738925541944, 0.006786050895381715], [0.022105263157894735, 0.16982456140350877, 0.4785964912280702, 0.2207017543859649, 0.07333333333333333, 0.03543859649122807], [0.021590310689836755, 0.18088467614533965, 0.5084254870984729, 0.224855186940495, 0.04976303317535545, 0.014481305950500263], [0.02723673792557403, 0.24798099762470308, 0.5274742676167854, 0.15771971496437054, 0.03452098178939034, 0.005067300079176564], [0.022115384615384617, 0.19775641025641025, 0.5333333333333333, 0.183974358974359, 0.047435897435897434, 0.015384615384615385], [0.013943619278569264, 0.1224613519248257, 0.4755986662625038, 0.2622006668687481, 0.09972719005759322, 0.026068505607759928], [0.014758179231863443, 0.2067923186344239, 0.49110953058321477, 0.20394736842105263, 0.05814366998577525, 0.025248933143669987], [0.013320759165389603, 0.16751149357538606, 0.5150300601202404, 0.23659082871625603, 0.05481551337970058, 0.012731345043027231], [0.010460535253362315, 0.14155685368835755, 0.5698953946474664, 0.22945252003803832, 0.04238554544219535, 0.0062491509305800845], [0.26993865030674846, 0.2883435582822086, 0.32515337423312884, 0.09202453987730061, 0.024539877300613498, 0.0]]}}}, "eu": {"histType": {"histogram": {"labels": ["0", "100", "200", "300", "400", "500", "600", "700", "800", "900", "1000", "1100", "1200", "1300", "1400", "1500", "1600", "1700", "1800", "1900", "2000", "2100", "2200", "2300", "2400", "2500", "2600", "2700", "2800", "2900", "3000", "3100"], "data": [[0.0, 0.0, 0.0, 0.0, 0.0, 0.013245033112582781, 0.006622516556291391, 0.026490066225165563, 0.039735099337748346, 0.0728476821192053, 0.10596026490066225, 0.039735099337748346, 0.08609271523178808, 0.10596026490066225, 0.12582781456953643, 0.09271523178807947, 0.11258278145695365, 0.0728476821192053, 0.033112582781456956, 0.006622516556291391, 0.013245033112582781, 0.026490066225165563, 0.019867549668874173, 0.0, 0.0, 0.0, 0.0, 0.0, 0.0, 0.0, 0.0, 0.0], [0.0, 0.0, 0.0006600660066006601, 0.0006600660066006601, 0.0006600660066006601, 0.0033003300330033004, 0.006600660066006601, 0.008580858085808581, 0.022442244224422443, 0.03234323432343234, 0.038943894389438946, 0.06864686468646865, 0.08052805280528053, 0.10627062706270628, 0.13465346534653466, 0.1254125412541254, 0.13861386138613863, 0.07590759075907591, 0.08514851485148515, 0.027722772277227723, 0.013201320132013201, 0.015181518151815182, 0.005940594059405941, 0.0033003300330033004, 0.0026402640264026403, 0.0026402640264026403, 0.0, 0.0, 0.0, 0.0, 0.0, 0.0], [0.0, 0.00019146084625694046, 0.0, 0.00019146084625694046, 0.00019146084625694046, 0.00019146084625694046, 0.0005743825387708214, 0.0019146084625694046, 0.004977982002680452, 0.005743825387708214, 0.013976641776756654, 0.021635075627034272, 0.031399578786138235, 0.0421213861765269, 0.07294658242389432, 0.08826345012444956, 0.15029676431169825, 0.10951560405896994, 0.19605590656710703, 0.07371242580892208, 0.053034654413172504, 0.06509668772735976, 0.023741144935860617, 0.01244495500670113, 0.017805858701895463, 0.007849894696534559, 0.0026804518475971664, 0.0034462952326249283, 0.0, 0.0, 0.0, 0.0], [0.0, 0.0001508523155830442, 0.0, 0.0001508523155830442, 0.0001508523155830442, 0.0004525569467491326, 0.0010559662090813093, 0.0034696032584100164, 0.005581535676572635, 0.011012219037562226, 0.021421028812792276, 0.033941771006184944, 0.04751847940865892, 0.06426308643837683, 0.10861366721979182, 0.133051742344245, 0.16684266103484688, 0.1143460552119475, 0.14632674611555288, 0.05883240307738724, 0.033489214059435814, 0.02760597375169709, 0.008749434303816564, 0.004073012520742193, 0.004978126414240458, 0.0019610801025795746, 0.0012068185246643535, 0.000754261577915221, 0.0, 0.0, 0.0, 0.0], [0.0, 0.0, 0.0, 0.0, 0.0, 0.0, 0.03333333333333333, 0.08333333333333333, 0.06666666666666667, 0.05, 0.1, 0.1, 0.05, 0.05, 0.1, 0.08333333333333333, 0.06666666666666667, 0.05, 0.03333333333333333, 0.05, 0.016666666666666666, 0.05, 0.0, 0.0, 0.016666666666666666, 0.0, 0.0, 0.0, 0.0, 0.0, 0.0, 0.0], [0.0, 0.00015446400988569664, 0.00015446400988569664, 0.00030892801977139327, 0.0004633920296570899, 0.00015446400988569664, 0.00030892801977139327, 0.002471424158171146, 0.003398208217485326, 0.007259808464627742, 0.015291936978683966, 0.02332406549274019, 0.04371331479765215, 0.06765523632993513, 0.10750695088044486, 0.12248995983935743, 0.14936669755946863, 0.10395427865307383, 0.14133456904541242, 0.06626506024096386, 0.035526722273710225, 0.052363299351251155, 0.022397281433426012, 0.007259808464627742, 0.013901760889712697, 0.006487488415199258, 0.004324992276799506, 0.002162496138399753, 0.0, 0.0, 0.0, 0.0], [0.0, 0.0, 0.0010714285714285715, 0.0014285714285714286, 0.002857142857142857, 0.002142857142857143, 0.003928571428571429, 0.0125, 0.022857142857142857, 0.031071428571428573, 0.04964285714285714, 0.07035714285714285, 0.08464285714285714, 0.09714285714285714, 0.11535714285714285, 0.12178571428571429, 0.11678571428571428, 0.07, 0.06571428571428571, 0.03642857142857143, 0.019285714285714285, 0.023928571428571428, 0.0125, 0.008571428571428572, 0.013214285714285715, 0.0075, 0.005714285714285714, 0.0035714285714285713, 0.0, 0.0, 0.0, 0.0], [0.0, 0.0, 0.0, 0.0, 0.0, 0.015873015873015872, 0.007936507936507936, 0.06349206349206349, 0.031746031746031744, 0.06349206349206349, 0.07936507936507936, 0.10317460317460317, 0.07936507936507936, 0.06349206349206349, 0.14285714285714285, 0.15079365079365079, 0.0873015873015873, 0.047619047619047616, 0.03968253968253968, 0.007936507936507936, 0.015873015873015872, 0.0, 0.0, 0.0, 0.0, 0.0, 0.0, 0.0, 0.0, 0.0, 0.0, 0.0], [0.0004574565416285453, 0.00015248551387618176, 0.000609942055504727, 0.000609942055504727, 0.000609942055504727, 0.001982311680390363, 0.004269594388533089, 0.009759072888075633, 0.021957913998170174, 0.03629155230253126, 0.06007929246721561, 0.08096980786825252, 0.12320829521195487, 0.11848124428179323, 0.13189996950289723, 0.11726136017078377, 0.09560841720036596, 0.05230253125953035, 0.058859408356206164, 0.029429704178103082, 0.018755718206770355, 0.01738334858188472, 0.008844159804818542, 0.004269594388533089, 0.004422079902409271, 0.0013723696248856359, 0.00015248551387618176, 0.0, 0.0, 0.0, 0.0, 0.0], [0.0, 0.0, 0.0010770059235325794, 0.0005385029617662897, 0.0010770059235325794, 0.0010770059235325794, 0.0010770059235325794, 0.007000538502961767, 0.011847065158858373, 0.017770597738287562, 0.043080236941303175, 0.04361873990306947, 0.07000538502961766, 0.09369951534733441, 0.10716208939149165, 0.12493268712977922, 0.15293484114162628, 0.08454496499730749, 0.11362412493268713, 0.03607969843834141, 0.03607969843834141, 0.025309639203015617, 0.010770059235325794, 0.009154550350026925, 0.004308023694130318, 0.0026925148088314485, 0.0005385029617662897, 0.0, 0.0, 0.0, 0.0, 0.0], [0.00027442371020856203, 0.0005488474204171241, 0.000823271130625686, 0.000823271130625686, 0.0019209659714599342, 0.0021953896816684962, 0.0030186608122941823, 0.01234906695938529, 0.020581778265642153, 0.034302963776070255, 0.057628979143798026, 0.0801317233809001, 0.10071350164654226, 0.11004390779363336, 0.14352360043907794, 0.11855104281009879, 0.10126234906695938, 0.057354555433589464, 0.06531284302963776, 0.03238199780461032, 0.018386388583973654, 0.01728869374313941, 0.006860592755214051, 0.0060373216245883645, 0.00411635565312843, 0.0035675082327113064, 0.0, 0.0, 0.0, 0.0, 0.0, 0.0], [0.0, 0.0, 0.0, 0.0, 0.0006784260515603799, 0.0006784260515603799, 0.001582994120307553, 0.004975124378109453, 0.010628674807779286, 0.018995929443690638, 0.033921302578018994, 0.040253279059249206, 0.06445047489823609, 0.07869742198100407, 0.1182722749886929, 0.12143826322930801, 0.1417910447761194, 0.0911352329