{"region": {"us": {"histType": {"histogram": {"labels": ["0", "100", "200", "300", "400", "500", "600", "700", "800", "900", "1000", "1100", "1200", "1300", "1400", "1500", "1600", "1700", "1800", "1900", "2000", "2100", "2200", "2300", "2400", "2500", "2600", "2700", "2800", "2900", "3000", "3100", "3200"], "data": [[0.0, 0.0, 0.0028169014084507044, 0.005633802816901409, 0.004225352112676056, 0.007042253521126761, 0.01267605633802817, 0.014084507042253521, 0.036619718309859155, 0.04929577464788732, 0.08309859154929577, 0.1028169014084507, 0.11830985915492957, 0.1323943661971831, 0.1323943661971831, 0.09859154929577464, 0.0676056338028169, 0.04225352112676056, 0.04225352112676056, 0.015492957746478873, 0.014084507042253521, 0.008450704225352112, 0.004225352112676056, 0.005633802816901409, 0.0, 0.0, 0.0, 0.0, 0.0, 0.0, 0.0, 0.0, 0.0], [0.0, 0.00025581990278843696, 0.00025581990278843696, 0.00025581990278843696, 0.0010232796111537478, 0.0020465592223074956, 0.004604758250191865, 0.009465336403172167, 0.01586083397288309, 0.028907649015093375, 0.03862880532105398, 0.05525709900230238, 0.08262982860066513, 0.09439754412893323, 0.1302123305193144, 0.13660782808902533, 0.14402660526989, 0.08339728830903044, 0.10386288053210539, 0.03300076745970836, 0.017139933486825274, 0.00665131747249936, 0.004093118444614991, 0.0028140189306728063, 0.0012790995139421847, 0.0015349194167306216, 0.0010232796111537478, 0.0007674597083653108, 0.0, 0.0, 0.0, 0.0, 0.0], [0.00012183235867446393, 0.0, 0.0, 0.00024366471734892786, 0.00024366471734892786, 0.00024366471734892786, 0.00024366471734892786, 0.0006091617933723197, 0.0024366471734892786, 0.003533138401559454, 0.004995126705653021, 0.007066276803118908, 0.011817738791423001, 0.018762183235867445, 0.024975633528265106, 0.037037037037037035, 0.08759746588693958, 0.1625243664717349, 0.3713450292397661, 0.08771929824561403, 0.05214424951267056, 0.06042884990253411, 0.023635477582846003, 0.00962475633528265, 0.019005847953216373, 0.006457115009746588, 0.0024366471734892786, 0.004142300194931774, 0.00012183235867446393, 0.0004873294346978557, 0.0, 0.0, 0.0], [0.0, 0.0, 0.0, 0.0, 0.00011856770215793219, 0.0, 0.0008299739151055252, 0.0017785155323689827, 0.004624140384159355, 0.007825468342423524, 0.011738202513635285, 0.012449608726582878, 0.025254920559639554, 0.027981977709271993, 0.042091534266065926, 0.04991700260848945, 0.06971780886886413, 0.041617263457434196, 0.2679630068769267, 0.1557979606355229, 0.09011145364002845, 0.09864832819539958, 0.03296182119990514, 0.013872421152478064, 0.02821911311358786, 0.006876926725160067, 0.0047427080863172875, 0.002015650936684847, 0.0028456248517903723, 0.0, 0.0, 0.0, 0.0], [0.0, 0.0, 0.0, 0.0, 0.010416666666666666, 0.005208333333333333, 0.03125, 0.026041666666666668, 0.057291666666666664, 0.052083333333333336, 0.07291666666666667, 0.08854166666666667, 0.10416666666666667, 0.11458333333333333, 0.09375, 0.10416666666666667, 0.078125, 0.03125, 0.0625, 0.026041666666666668, 0.036458333333333336, 0.005208333333333333, 0.0, 0.0, 0.0, 0.0, 0.0, 0.0, 0.0, 0.0, 0.0, 0.0, 0.0], [0.0, 0.0, 0.0, 0.0, 0.0, 0.0, 0.0, 0.0012006112202575857, 0.0013097576948264572, 0.0046932984064614715, 0.007312813796114386, 0.011351233355162629, 0.02150185549006767, 0.06908971840209562, 0.1230080768391181, 0.14942152368478498, 0.17779960707269155, 0.1107836716874045, 0.14865749836280287, 0.055992141453831044, 0.032634795896092555, 0.039511023793931455, 0.014843920541366514, 0.007858546168958742, 0.012115258677144728, 0.0046932984064614715, 0.0029469548133595285, 0.0013097576948264572, 0.0013097576948264572, 0.0006548788474132286, 0.0, 0.0, 0.0], [0.0, 0.0, 0.00041109969167523125, 0.0022610483042137717, 0.001644398766700925, 0.0034943473792394654, 0.006988694758478931, 0.012949640287769784, 0.019321685508735868, 0.03617677286742035, 0.050359712230215826, 0.06906474820143885, 0.09352517985611511, 0.1132579650565262, 0.12271325796505653, 0.11921891058581706, 0.12045220966084276, 0.06639260020554985, 0.07276464542651594, 0.02774922918807811, 0.017266187050359712, 0.015416238437821172, 0.008427543679342241, 0.004933196300102775, 0.006166495375128468, 0.0036998972250770813, 0.0024665981500513875, 0.0014388489208633094, 0.0010277492291880781, 0.00020554984583761563, 0.00020554984583761563, 0.0, 0.0], [0.00273224043715847, 0.00273224043715847, 0.0, 0.00819672131147541, 0.00546448087431694, 0.01912568306010929, 0.01366120218579235, 0.03278688524590164, 0.05737704918032787, 0.12568306010928962, 0.11748633879781421, 0.13114754098360656, 0.10109289617486339, 0.11202185792349727, 0.06830601092896176, 0.07103825136612021, 0.05191256830601093, 0.01092896174863388, 0.02185792349726776, 0.03278688524590164, 0.01092896174863388, 0.00273224043715847, 0.0, 0.0, 0.0, 0.0, 0.0, 0.0, 0.0, 0.0, 0.0, 0.0, 0.0], [0.00021691973969631235, 0.00021691973969631235, 0.0004338394793926247, 0.00032537960954446855, 0.0004338394793926247, 0.0013015184381778742, 0.0016268980477223427, 0.004338394793926247, 0.007158351409978308, 0.016052060737527116, 0.025379609544468548, 0.033622559652928416, 0.040780911062906725, 0.045010845986984814, 0.05596529284164859, 0.0668112798264642, 0.20433839479392624, 0.13470715835140998, 0.14663774403470717, 0.06496746203904555, 0.043058568329718, 0.04262472885032538, 0.021800433839479393, 0.013015184381778741, 0.018329718004338396, 0.005206073752711497, 0.0021691973969631237, 0.003036876355748373, 0.0004338394793926247, 0.0, 0.0, 0.0, 0.0], [0.0, 0.0, 0.0, 0.0, 0.00039840637450199205, 0.0007968127490039841, 0.001195219123505976, 0.0015936254980079682, 0.002390438247011952, 0.009163346613545816, 0.013147410358565738, 0.01593625498007968, 0.022310756972111555, 0.03824701195219123, 0.061752988047808766, 0.07888446215139443, 0.1051792828685259, 0.08884462151394422, 0.17768924302788844, 0.06852589641434263, 0.07370517928286853, 0.09760956175298804, 0.04302788844621514, 0.016733067729083666, 0.046215139442231074, 0.013545816733067729, 0.01195219123505976, 0.007569721115537849, 0.0027888446215139444, 0.0007968127490039841, 0.0, 0.0, 0.0], [0.0, 0.0, 0.0001798237727027513, 0.0, 0.0008991188635137566, 0.000539471318108254, 0.001258766408919259, 0.004315770544866032, 0.008631541089732063, 0.014565725588922855, 0.021039381406221903, 0.030030570041359467, 0.05412695558352814, 0.06311814421866571, 0.10124078403164899, 0.12497752202841216, 0.15267038302463587, 0.0963855421686747, 0.1440388419349038, 0.0620392015824492, 0.03812263981298328, 0.03722352094946952, 0.012947311634598094, 0.008451717317029312, 0.013666606725409099, 0.0034166516813522747, 0.0026973565905412697, 0.0014385901816220104, 0.0019780614997302643, 0.0, 0.0, 0.0, 0.0], [0.0, 0.0, 0.0004415011037527594, 0.0004415011037527594, 0.0004415011037527594, 0.003384841795437822, 0.006475349521707138, 0.012803532008830023, 0.02148638704930096, 0.03679175864606328, 0.059602649006622516, 0.07520235467255335, 0.09816041206769684, 0.11935246504782929, 0.13892568064753497, 0.12038263428991906, 0.10213392200147167, 0.05930831493745401, 0.061515820456217805, 0.02678440029433407, 0.018543046357615896, 0.015011037527593819, 0.007947019867549669, 0.004267844002943341, 0.003973509933774834, 0.003679175864606328, 0.0014716703458425313, 0.00029433406916850625, 0.001177336276674025, 0.0, 0.0, 0.0, 0.0], [0.0, 0.0, 0.0, 0.0, 0.0001287664177182591, 0.0005150656708730364, 0.001673963430337368, 0.0020602626834921455, 0.004378058202420809, 0.0052794231264486225, 0.012747875354107648, 0.019186196240020603, 0.027427246973989183, 0.03360803502446562, 0.0475148081380376, 0.0440381148596446, 0.22559876384238992, 0.1545197012619109, 0.21478238475405614, 0.07545712078289982, 0.04004635591037857, 0.04197785217615246, 0.016353335050218902, 0.010687612670615503, 0.013520473860417203, 0.0037342261138295133, 0.0018027298480556271, 0.0010301313417460727, 0.0019314962657738862, 0.0, 0.0, 0.0, 0.0], [0.0002134927412467976, 0.0, 0.0, 0.0001067463706233988, 0.0001067463706233988, 0.0003202391118701964, 0.0012809564474807857, 0.0016011955593509821, 0.004163108454312553, 0.010140905209222886, 0.016225448334756618, 0.01889410760034159, 0.025085397096498718, 0.06415456874466269, 0.1426131511528608, 0.1506191289496157, 0.17143467122117848, 0.10973526900085397, 0.1347139197267293, 0.053479931682322804, 0.02956874466268147, 0.03149017933390265, 0.011421861656703673, 0.005444064901793339, 0.009073441502988899, 0.0028821520068317676, 0.0018146883005977796, 0.002134927412467976, 0.000533731853116994, 0.0006404782237403928, 0.0001067463706233988, 0.0, 0.0], [0.0, 0.0, 0.0, 0.00018328445747800586, 0.0005498533724340176, 0.00018328445747800586, 0.001282991202346041, 0.0018328445747800588, 0.004032258064516129, 0.006964809384164223, 0.01466275659824047, 0.025476539589442817, 0.04472140762463343, 0.06524926686217009, 0.09622434017595308, 0.11913489736070382, 0.15854105571847507, 0.11711876832844574, 0.15212609970674487, 0.06946480938416422, 0.04270527859237536, 0.03702346041055719, 0.015579178885630499, 0.006048387096774193, 0.01063049853372434, 0.004582111436950147, 0.002932551319648094, 0.0009164222873900294, 0.0009164222873900294, 0.0009164222873900294, 0.0, 0.0, 0.0], [0.0, 0.0, 0.00025157232704402514, 0.00025157232704402514, 0.001761006289308176, 0.003270440251572327, 0.0015094339622641509, 0.005534591194968554, 0.011320754716981131, 0.017861635220125786, 0.03018867924528302, 0.04679245283018868, 0.06591194968553458, 0.09283018867924528, 0.11547169811320755, 0.1290566037735849, 0.13157232704402516, 0.09509433962264151, 0.10238993710691824, 0.04578616352201258, 0.02918238993710692, 0.03069182389937107, 0.013836477987421384, 0.006540880503144654, 0.012075471698113207, 0.005283018867924529, 0.0022641509433962265, 0.002767295597484277, 0.00025157232704402514, 0.00025157232704402514, 0.0, 0.0, 0.0], [0.0001892147587511826, 0.0, 0.0005676442762535478, 0.0013245033112582781, 0.0005676442762535478, 0.0013245033112582781, 0.0034058656575212867, 0.0071901608325449385, 0.011920529801324504, 0.020245979186376536, 0.03235572374645222, 0.053169347209082306, 0.07455061494796594, 0.10236518448438978, 0.12412488174077578, 0.12904446546830653, 0.1358561967833491, 0.07965941343424787, 0.11277199621570483, 0.03859981078524125, 0.023084200567644278, 0.022894985808893095, 0.010028382213812678, 0.004541154210028382, 0.004919583727530747, 0.001892147587511826, 0.0005676442762535478, 0.0013245033112582781, 0.0013245033112582781, 0.0001892147587511826, 0.0, 0.0, 0.0], [0.0, 0.0, 0.00012773023374632777, 0.00025546046749265553, 0.00038319070123898327, 0.00025546046749265553, 0.0007663814024779665, 0.0016604930387022609, 0.002682334908672883, 0.00625878145357006, 0.012389832673393792, 0.01417805594584238, 0.02784519095669945, 0.033337591007791545, 0.14688976880827692, 0.15761910844296845, 0.17447949929748371, 0.11189168476178311, 0.17460722953123003, 0.04687699578490229, 0.025290586281772897, 0.029250223527909056, 0.01021841869970622, 0.006386511687316388, 0.008557925661003959, 0.003193255843658194, 0.0012773023374632775, 0.0010218418699706221, 0.0019159535061949162, 0.00038319070123898327, 0.0, 0.0, 0.0], [0.0, 0.0, 0.0, 0.006329113924050633, 0.006329113924050633, 0.006329113924050633, 0.0, 0.0189873417721519, 0.05063291139240506, 0.0949367088607595, 0.06329113924050633, 0.08227848101265822, 0.0759493670886076, 0.06329113924050633, 0.04430379746835443, 0.12658227848101267, 0.08860759493670886, 0.08227848101265822, 0.0379746835443038, 0.0379746835443038, 0.05063291139240506, 0.006329113924050633, 0.03164556962025317, 0.0, 0.006329113924050633, 0.006329113924050633, 0.0, 0.012658227848101266, 0.0, 0.0, 0.0, 0.0, 0.0], [0.00022657754616517504, 0.00011328877308258752, 0.0, 0.0, 0.0, 0.00011328877308258752, 0.00022657754616517504, 0.0010195989577432877, 0.0022657754616517505, 0.004644839696386088, 0.007363770250368188, 0.0099694120312677, 0.021638155658774215, 0.029681658547637928, 0.050866659114081794, 0.1588308598617877, 0.22805030021524866, 0.14920131414976776, 0.1552056191231449, 0.0643480231109097, 0.0380650277557494, 0.03783845020958423, 0.013481363996827915, 0.007023903931120426, 0.01098901098901099, 0.004078395830973151, 0.0019259091424039879, 0.0022657754616517505, 0.0005664438654129376, 0.0, 0.0, 0.0, 0.0], [0.0, 0.0, 0.0, 0.00012307692307692307, 0.0, 0.00012307692307692307, 0.0009846153846153846, 0.0003692307692307692, 0.0012307692307692308, 0.0022153846153846156, 0.004553846153846154, 0.006892307692307692, 0.010953846153846154, 0.015507692307692307, 0.0272, 0.10350769230769231, 0.19064615384615385, 0.15175384615384616, 0.2139076923076923, 0.09193846153846154, 0.057846153846153846, 0.056984615384615384, 0.019692307692307693, 0.010707692307692307, 0.01956923076923077, 0.007015384615384615, 0.0032, 0.0007384615384615384, 0.0016, 0.00024615384615384614, 0.0004923076923076923, 0.0, 0.0], [0.0002018978396931153, 0.00010094891984655764, 0.0, 0.0002018978396931153, 0.0002018978396931153, 0.0005047445992327882, 0.0008075913587724611, 0.0018170805572380376, 0.0029275186755501714, 0.005451241671714113, 0.009892994144962648, 0.013224308499899052, 0.01746416313345447, 0.02483343428225318, 0.03331314354936402, 0.14264082374318596, 0.16868564506359782, 0.13961235614778922, 0.1901877649909146, 0.08459519483141531, 0.05128205128205128, 0.05723803755299818, 0.02150211992731678, 0.011104381183121341, 0.01413284877851807, 0.004138905713708864, 0.0024227740763173833, 0.0013123359580052493, 0.0002018978396931153, 0.0, 0.0, 0.0, 0.0], [0.0, 0.0, 0.0, 0.0014492753623188406, 0.0014492753623188406, 0.0, 0.0, 0.007246376811594203, 0.007246376811594203, 0.005797101449275362, 0.013043478260869565, 0.02608695652173913, 0.043478260869565216, 0.08695652173913043, 0.12318840579710146, 0.17391304347826086, 0.17246376811594202, 0.12318840579710146, 0.12028985507246377, 0.04927536231884058, 0.02318840579710145, 0.013043478260869565, 0.0014492753623188406, 0.007246376811594203, 0.0, 0.0, 0.0, 0.0, 0.0, 0.0, 0.0, 0.0, 0.0], [0.0, 0.0, 0.0, 9.490367277213628e-05, 0.0, 9.490367277213628e-05, 0.0002847110183164088, 0.0007592293821770903, 0.0016133624371263168, 0.004934990984151086, 0.00740248647622663, 0.012337477460377716, 0.02097371168264212, 0.02780677612223593, 0.04014425358261365, 0.04754674005884028, 0.08664705324096042, 0.1700673816076682, 0.28613457340799087, 0.09670684255480687, 0.05893518079149663, 0.07516370883553193, 0.019645060263832212, 0.010154692986618582, 0.020024674954920756, 0.0052197020024674955, 0.002467495492075543, 0.0022776881465312706, 0.002372591819303407, 0.00018980734554427256, 0.0, 0.0, 0.0], [0.00010193679918450561, 0.00010193679918450561, 0.00010193679918450561, 0.0, 0.0003058103975535168, 0.0003058103975535168, 0.0003058103975535168, 0.0009174311926605505, 0.0010193679918450561, 0.005198776758409786, 0.009480122324159021, 0.018960244648318043, 0.031804281345565746, 0.045056065239551475, 0.06299694189602446, 0.07522935779816514, 0.09347604485219164, 0.21009174311926607, 0.23231396534148827, 0.0925586136595311, 0.046483180428134555, 0.0417940876656473, 0.01508664627930683, 0.006422018348623854, 0.00417940876656473, 0.001834862385321101, 0.0034658511722731908, 0.00040774719673802244, 0.0, 0.0, 0.0, 0.0, 0.0], [0.0, 0.00011181930001118193, 0.0, 0.00011181930001118193, 0.00011181930001118193, 0.0003354579000335458, 0.0007827351000782735, 0.001789108800178911, 0.0021245667002124566, 0.004249133400424913, 0.008386447500838645, 0.014312870401431288, 0.051884155205188416, 0.08554176450855418, 0.11439114391143912, 0.14122777591412278, 0.15822430951582242, 0.11495024041149503, 0.1380968355138097, 0.06161243430616124, 0.03757128480375713, 0.033210332103321034, 0.014201051101420106, 0.0060382422006038244, 0.0057027843005702785, 0.0023482053002348204, 0.0013418316001341832, 0.0013418316001341832, 0.0, 0.0, 0.0, 0.0, 0.0], [0.0, 0.0, 0.0, 0.0, 0.0002450079627587897, 0.0, 0.0008575278696557638, 0.0024500796275878966, 0.005022663236555188, 0.00808526277104006, 0.016905549430356485, 0.025725836089672913, 0.04299889746416759, 0.06811221364694353, 0.104250888153865, 0.12617910082077669, 0.15349748866838173, 0.09751316917799828, 0.1656253828249418, 0.05941443096900649, 0.03638368246968027, 0.03809873820899179, 0.01568050961656254, 0.006247703050349137, 0.012127894156560088, 0.004900159255175793, 0.00404263138552003, 0.0024500796275878966, 0.0019600637020703174, 0.0004900159255175794, 0.000735023888276369, 0.0, 0.0], [0.0, 0.00017513134851138354, 0.00017513134851138354, 0.00017513134851138354, 0.0010507880910683013, 0.0010507880910683013, 0.0017513134851138354, 0.0024518388791593695, 0.005604203152364273, 0.017513134851138354, 0.04220665499124343, 0.060070052539404555, 0.07933450087565674, 0.10577933450087566, 0.125569176882662, 0.11873905429071804, 0.14658493870402803, 0.0775831873905429, 0.11313485113835377, 0.029947460595446587, 0.023817863397548163, 0.02084063047285464, 0.008581436077057794, 0.004553415061295972, 0.0070052539404553416, 0.0021015761821366026, 0.0021015761821366026, 0.00017513134851138354, 0.0010507880910683013, 0.0008756567425569177, 0.0, 0.0, 0.0], [0.0, 0.0, 0.0, 0.0007290400972053463, 0.0009720534629404617, 0.002187120291616039, 0.003888213851761847, 0.006804374240583232, 0.013608748481166465, 0.015309842041312272, 0.02648845686512758, 0.04301336573511543, 0.05370595382746051, 0.0818955042527339, 0.12369380315917375, 0.13122721749696234, 0.1496962332928311, 0.09623329283110571, 0.11008505467800729, 0.04860267314702309, 0.027946537059538274, 0.02235722964763062, 0.012393681652490888, 0.009234507897934386, 0.008262454434993925, 0.0031591737545565005, 0.0026731470230862697, 0.003402187120291616, 0.0014580801944106927, 0.0009720534629404617, 0.0, 0.0, 0.0], [0.00022655188038060717, 0.0, 0.0, 0.0, 0.00045310376076121433, 0.00045310376076121433, 0.0016991391028545538, 0.0033982782057091075, 0.0048708654281830535, 0.0095151789759855, 0.017217942908926143, 0.0413457181694608, 0.08484367920253738, 0.1200724966017218, 0.14703217036701405, 0.15065700045310376, 0.13830992297236067, 0.08031264159492524, 0.09605799728137744, 0.03420933393747168, 0.02061622111463525, 0.024467603081105575, 0.008722247394653375, 0.004191209787041232, 0.007249660172179429, 0.0022655188038060714, 0.0005663797009515179, 0.0009062075215224287, 0.00011327594019030358, 0.00022655188038060717, 0.0, 0.0, 0.0], [0.0, 0.0, 0.0, 0.00028694404591104734, 0.00014347202295552367, 0.00014347202295552367, 0.0014347202295552368, 0.000430416068866571, 0.0020086083213773313, 0.004591104734576757, 0.007460545193687231, 0.008895265423242468, 0.014634146341463415, 0.06226685796269727, 0.11449067431850789, 0.13902439024390245, 0.17431850789096126, 0.11104734576757533, 0.16657101865136298, 0.059110473457675755, 0.037159253945480634, 0.040459110473457675, 0.0187948350071736, 0.00817790530846485, 0.014203730272596844, 0.004734576757532282, 0.004878048780487805, 0.0022955523672883787, 0.0014347202295552368, 0.0005738880918220947, 0.000430416068866571, 0.0, 0.0], [0.0, 0.0, 0.00017571604287471446, 0.0003514320857494289, 0.0010542962572482868, 0.0014057283429977157, 0.002284308557371288, 0.004744333157617291, 0.007731505886487436, 0.018274468458970305, 0.03075030750307503, 0.04234756633280619, 0.06835354067826392, 0.09207520646635038, 0.11755403268318397, 0.13248989632753472, 0.14531716745738885, 0.09014232999472852, 0.12247408188367598, 0.04410472676155333, 0.026708838516956598, 0.021788789316464593, 0.010015814443858724, 0.004392901071867862, 0.005447197329116148, 0.0012300123001230013, 0.002284308557371288, 0.003865752943243718, 0.0024600246002460025, 0.00017571604287471446, 0.0, 0.0, 0.0], [0.00012062726176115802, 0.0, 0.0, 0.0, 0.00012062726176115802, 0.0010856453558504221, 0.0007237635705669482, 0.0024125452352231603, 0.0028950542822677927, 0.005669481302774427, 0.013630880579010856, 0.02147165259348613, 0.03462002412545235, 0.04209891435464415, 0.05669481302774427, 0.11604342581423402, 0.2106151990349819, 0.1503015681544029, 0.1609167671893848, 0.07261761158021712, 0.04523522316043426, 0.033413751507840775, 0.013510253317249699, 0.005428226779252111, 0.005669481302774427, 0.0020506634499396865, 0.0022919179734620025, 0.00024125452352231604, 0.00012062726176115802, 0.0, 0.0, 0.0, 0.0], [0.0, 0.0, 0.0, 0.0001527417137620284, 0.0001527417137620284, 0.00045822514128608525, 0.0006109668550481136, 0.0016801588513823125, 0.002596609133954483, 0.005804185122957079, 0.02398044906063846, 0.03360317702764625, 0.06888651290667482, 0.09821292194898426, 0.1333435161142508, 0.14602107835649916, 0.1565602566060791, 0.10310065678936918, 0.10951580876737436, 0.041698487857033756, 0.025507866198258743, 0.01939819764777761, 0.00946998625324576, 0.004429509699098824, 0.0070261188330533065, 0.002596609133954483, 0.0027493508477165114, 0.0012219337100962272, 0.0012219337100962272, 0.0, 0.0, 0.0, 0.0], [0.0, 0.0, 0.0, 0.00015683814303638644, 0.0, 0.00047051442910915934, 0.0009410288582183187, 0.0009410288582183187, 0.0023525721455457966, 0.0015683814303638645, 0.00533249686323714, 0.010351317440401506, 0.04015056461731493, 0.06414680050188205, 0.09284818067754078, 0.118099121706399, 0.15526976160602257, 0.10962986198243413, 0.17989335006273527, 0.06979297365119197, 0.04156210790464241, 0.04611041405269762, 0.02023212045169385, 0.011135508155583437, 0.01631116687578419, 0.006430363864491844, 0.0028230865746549563, 0.0007841907151819323, 0.0023525721455457966, 0.0003136762860727729, 0.0, 0.0, 0.0], [0.0, 0.0, 0.00011811953697141507, 0.0, 0.00023623907394283014, 0.00035435861091424523, 0.00035435861091424523, 0.0012993149066855658, 0.0009449562957713206, 0.003425466572171037, 0.006614694070399244, 0.01630049610205528, 0.02681313489251122, 0.0446491849751949, 0.05492558469170801, 0.15851641861563903, 0.1810772501771793, 0.10973304984644461, 0.1826128041578077, 0.06484762579730688, 0.04405858729033782, 0.04004252303330971, 0.02326954878336877, 0.012284431845027168, 0.016418615639026694, 0.004370422867942357, 0.002834868887313962, 0.002008032128514056, 0.0010630758327427356, 0.0008268367587999055, 0.0, 0.0, 0.0], [0.0, 0.0, 0.0, 0.0, 9.694619486185167e-05, 9.694619486185167e-05, 9.694619486185167e-05, 0.0008725157537566651, 0.0018419777023751817, 0.004847309743092583, 0.008919049927290354, 0.016674745516238487, 0.02782355792535143, 0.036257876878332526, 0.05380513814832768, 0.057198254968492485, 0.06989820649539505, 0.07668444013572467, 0.3319437712069801, 0.11468734852157053, 0.06563257392147358, 0.0726126999515269, 0.01861366941347552, 0.008822103732428503, 0.019873969946679594, 0.004944255937954435, 0.003005332040717402, 0.0025206010664081437, 0.0018419777023751817, 0.0003877847794474067, 0.0, 0.0, 0.0], [0.0, 0.0, 0.0, 0.0, 0.0, 0.00010411244143675169, 0.0005205622071837585, 0.0031233732431025507, 0.00551795939614784, 0.00989068193649141, 0.0185320145757418, 0.03435710567412806, 0.05174388339406559, 0.07839666840187402, 0.11587714731910463, 0.138365434669443, 0.1748047891723061, 0.10890161374284227, 0.15242061426340447, 0.046121811556481, 0.02280062467464862, 0.024466423737636647, 0.006454971369078605, 0.0032274856845393024, 0.0021863612701717855, 0.0006246746486205101, 0.0007287870900572618, 0.0005205622071837585, 0.00031233732431025507, 0.0, 0.0, 0.0, 0.0], [0.0, 0.0030211480362537764, 0.0, 0.0030211480362537764, 0.006042296072507553, 0.021148036253776436, 0.021148036253776436, 0.03927492447129909, 0.08459214501510574, 0.06042296072507553, 0.0513595166163142, 0.0755287009063444, 0.07854984894259819, 0.1148036253776435, 0.12084592145015106, 0.10574018126888217, 0.08157099697885196, 0.04833836858006042, 0.04229607250755287, 0.015105740181268883, 0.012084592145015106, 0.00906344410876133, 0.0, 0.006042296072507553, 0.0, 0.0, 0.0, 0.0, 0.0, 0.0, 0.0, 0.0, 0.0]]}, "ranks": {"labels": ["Unranked", "Combatatent I", "Combatatent II", "Challenger I", "Challenger II", "Rival I", "Rival II", "Duelist", "Elite"], "data": [[0.1323943661971831, 0.18591549295774648, 0.2507042253521127, 0.23098591549295774, 0.10985915492957747, 0.054929577464788736, 0.016901408450704224, 0.018309859154929577, 0.0], [0.06267587618316706, 0.09388590432335636, 0.17702737272959837, 0.26682015860833974, 0.22742389357892043, 0.12279355333844973, 0.031210028140189305, 0.013558454847787157, 0.004604758250191865], [0.007675438596491228, 0.01206140350877193, 0.030579922027290447, 0.062012670565302144, 0.25012183235867447, 0.4191033138401559, 0.09210526315789473, 0.09368908382066277, 0.032651072124756333], [0.01517666587621532, 0.024187811240218165, 0.05323689826891155, 0.09200853687455537, 0.11133507232629831, 0.3522646431112165, 0.16160777804126156, 0.1454825705477828, 0.044700023713540434], [0.18229166666666666, 0.16145833333333334, 0.21875, 0.19791666666666666, 0.109375, 0.08854166666666667, 0.036458333333333336, 0.005208333333333333, 0.0], [0.007203667321545514, 0.018664047151277015, 0.09059157389216328, 0.2724296005239031, 0.28858327876009604, 0.18041912246234446, 0.056865313250382014, 0.06221349050425671, 0.02302990613403187], [0.08324768756423433, 0.11942446043165468, 0.20678314491264133, 0.2419321685508736, 0.1868448098663926, 0.09044193216855087, 0.027338129496402876, 0.02877697841726619, 0.015210688591983556], [0.2677595628415301, 0.24863387978142076, 0.21311475409836064, 0.13934426229508196, 0.06284153005464481, 0.03825136612021858, 0.0273224043715847, 0.00273224043715847, 0.0], [0.03210412147505423, 0.05900216919739696, 0.08579175704989155, 0.1227765726681128, 0.33904555314533624, 0.18329718004338394, 0.07136659436008677, 0.07744034707158351, 0.029175704989154012], [0.015537848605577689, 0.02908366533864542, 0.06055776892430279, 0.14063745019920318, 0.1940239043824701, 0.21235059760956176, 0.10756972111553785, 0.15737051792828685, 0.08286852589641434], [0.03039021758676497, 0.05106995144758137, 0.11724509980219384, 0.22621830606006113, 0.24905592519331055, 0.18108253911167058, 0.06311814421866571, 0.05862254990109692, 0.023197266678654918], [0.0822663723325975, 0.13480500367917586, 0.2175128771155261, 0.259308314937454, 0.16144223693892568, 0.07579102281089035, 0.03105224429727741, 0.027225901398086828, 0.010596026490066225], [0.014035539531290239, 0.03193407159412825, 0.0610352819984548, 0.09155292299768221, 0.3801184651043008, 0.25830543394282773, 0.07198042750450682, 0.06901879989698687, 0.0220190574298223], [0.017933390264730998, 0.035119555935098204, 0.0892399658411614, 0.29323228010247654, 0.28116994022203246, 0.16502988898377455, 0.05273270708795901, 0.04835610589239966, 0.017186165670367206], [0.015029325513196481, 0.040139296187683284, 0.10997067448680352, 0.2153592375366569, 0.2756598240469208, 0.1906158357771261, 0.07368035190615836, 0.05865102639296188, 0.020894428152492667], [0.04176100628930818, 0.07698113207547169, 0.15874213836477988, 0.24452830188679245, 0.22666666666666666, 0.12729559748427674, 0.050062893081761005, 0.05106918238993711, 0.02289308176100629], [0.0467360454115421, 0.08552507095553454, 0.17691579943235572, 0.2531693472090823, 0.21551561021759696, 0.1369914853358562, 0.03746452223273415, 0.03746452223273415, 0.01021759697256386], [0.012389832673393792, 0.026567888619236174, 0.06118278196449099, 0.30450887725124537, 0.2863711840592668, 0.2011751181504662, 0.045599693447439006, 0.04585515391493166, 0.016349469919529954], [0.18354430379746836, 0.14556962025316456, 0.13924050632911392, 0.17088607594936708, 0.17088607594936708, 0.056962025316455694, 0.06962025316455696, 0.0379746835443038, 0.02531645569620253], [0.008609946754276652, 0.01733318228163589, 0.05131981420641214, 0.2096975189758695, 0.3772516143650164, 0.19349722442505948, 0.06412144556474453, 0.05834371813753257, 0.019825535289452814], [0.005046153846153846, 0.011446153846153845, 0.02646153846153846, 0.1307076923076923, 0.3424, 0.26461538461538464, 0.09907692307692308, 0.08738461538461538, 0.03286153846153846], [0.012214819301433475, 0.0231173026448617, 0.042297597415707655, 0.17595396729254997, 0.30829800121138706, 0.23682616596002423, 0.08923884514435695, 0.08984453866343631, 0.022208762366242682], [0.02318840579710145, 0.0391304347826087, 0.13043478260869565, 0.2971014492753623, 0.2956521739130435, 0.1492753623188406, 0.043478260869565216, 0.021739130434782608, 0.0], [0.007782101167315175, 0.019739963936604345, 0.04878048780487805, 0.08769099364145393, 0.25671443484862866, 0.3426971623801841, 0.09907943437411028, 0.10496346208598273, 0.03255195976084274], [0.00835881753312946, 0.028440366972477066, 0.07686034658511723, 0.1382262996941896, 0.30356778797145767, 0.28399592252803263, 0.0873598369011213, 0.06330275229357799, 0.009887869520897043], [0.009616459800961647, 0.022699317902269932, 0.1374259197137426, 0.2556189198255619, 0.27317454992731743, 0.17320809571732082, 0.06407245890640724, 0.05344962540534496, 0.010734652801073465], [0.016660541467597698, 0.0426313855200294, 0.1111111111111111, 0.23042998897464168, 0.25101065784638, 0.1966188901139287, 0.06480460614969986, 0.06002695087590346, 0.02670586794070807], [0.029947460595446587, 0.10227670753064799, 0.1851138353765324, 0.24430823117338005, 0.22416812609457093, 0.1295971978984238, 0.037302977232924694, 0.033975481611208405, 0.013309982486865149], [0.043499392466585664, 0.06950182260024301, 0.13560145808019441, 0.2549210206561361, 0.24592952612393681, 0.13730255164034022, 0.049331713244228435, 0.043985419198055896, 0.019927095990279465], [0.02061622111463525, 0.05856366107838695, 0.20491617580425917, 0.2976891708201178, 0.2186225645672859, 0.11463525147258723, 0.03624830086089714, 0.03738106026280018, 0.011327594019030359], [0.009038737446197992, 0.0163558106169297, 0.07690100430416069, 0.25351506456241035, 0.28536585365853656, 0.1988522238163558, 0.06398852223816356, 0.06743185078909612, 0.02855093256814921], [0.036021788789316465, 0.07309787383588122, 0.1604287471446143, 0.2500439290107187, 0.2354594974521174, 0.14830434018625901, 0.0449833069759269, 0.03619750483219118, 0.015463011772974872], [0.013027744270205066, 0.03510253317249699, 0.0767189384800965, 0.17273823884197828, 0.3609167671893848, 0.20096501809408926, 0.07780458383594692, 0.05235223160434258, 0.01037394451145959], [0.01145562853215213, 0.05758362608828471, 0.1670994348556591, 0.27936459447074996, 0.2596609133954483, 0.13288529097296473, 0.043836871849702155, 0.03329769360012219, 0.014815946234916756], [0.006430363864491844, 0.015683814303638646, 0.10429736511919699, 0.21094730238393977, 0.2648996235884567, 0.2173776662484316, 0.07387076537013802, 0.0774780426599749, 0.029015056461731494], [0.006732813607370659, 0.022915190172454525, 0.07146231986770611, 0.21344200330734703, 0.2908103000236239, 0.21745806756437513, 0.07406094968107725, 0.07559650366170564, 0.02752185211433971], [0.007852641783809986, 0.02559379544352884, 0.06408143480368396, 0.11100339311682017, 0.14658264663111972, 0.3951526902569074, 0.11711100339311682, 0.10004847309743092, 0.032573921473582165], [0.01915668922436231, 0.05288912024986986, 0.1301405517959396, 0.25424258198854766, 0.28370640291514837, 0.1786569495054659, 0.04268610098906819, 0.034148880791254554, 0.004372722540343571], [0.23867069486404835, 0.1268882175226586, 0.1933534743202417, 0.22658610271903323, 0.1299093655589124, 0.045317220543806644, 0.02416918429003021, 0.015105740181268883, 0.0]]}, "ranksDetailed": {"labels": ["Unranked", "Combatatant", "Challenger", "Rival", "Duelist", "Elite"], "data": [[0.1323943661971831, 0.43661971830985913, 0.3408450704225352, 0.07183098591549296, 0.018309859154929577, 0.0], [0.06267587618316706, 0.2709132770529547, 0.49424405218726014, 0.15400358147863905, 0.013558454847787157, 0.004604758250191865], [0.007675438596491228, 0.042641325536062376, 0.3121345029239766, 0.5112085769980507, 0.09368908382066277, 0.032651072124756333], [0.01517666587621532, 0.07742470950912972, 0.20334360920085368, 0.5138724211524781, 0.1454825705477828, 0.044700023713540434], [0.18229166666666666, 0.3802083333333333, 0.3072916666666667, 0.125, 0.005208333333333333, 0.0], [0.007203667321545514, 0.10925562104344029, 0.5610128792839991, 0.23728443571272648, 0.06221349050425671, 0.02302990613403187], [0.08324768756423433, 0.326207605344296, 0.4287769784172662, 0.11778006166495375, 0.02877697841726619, 0.015210688591983556], [0.2677595628415301, 0.46174863387978143, 0.20218579234972678, 0.06557377049180328, 0.00273224043715847, 0.0], [0.03210412147505423, 0.1447939262472885, 0.461822125813449, 0.2546637744034707, 0.07744034707158351, 0.029175704989154012], [0.015537848605577689, 0.08964143426294821, 0.3346613545816733, 0.31992031872509963, 0.15737051792828685, 0.08286852589641434], [0.03039021758676497, 0.16831505124977522, 0.4752742312533717, 0.24420068333033626, 0.05862254990109692, 0.023197266678654918], [0.0822663723325975, 0.352317880794702, 0.42075055187637966, 0.10684326710816777, 0.027225901398086828, 0.010596026490066225], [0.014035539531290239, 0.09296935359258306, 0.471671388101983, 0.3302858614473345, 0.06901879989698687, 0.0220190574298223], [0.017933390264730998, 0.12435952177625961, 0.5744022203245089, 0.21776259607173357, 0.04835610589239966, 0.017186165670367206], [0.015029325513196481, 0.1501099706744868, 0.4910190615835777, 0.26429618768328444, 0.05865102639296188, 0.020894428152492667], [0.04176100628930818, 0.23572327044025157, 0.4711949685534591, 0.17735849056603772, 0.05106918238993711, 0.02289308176100629], [0.0467360454115421, 0.26244087038789027, 0.46868495742667926, 0.17445600756859034, 0.03746452223273415, 0.01021759697256386], [0.012389832673393792, 0.08775067058372717, 0.5908800613105122, 0.24677481159790524, 0.04585515391493166, 0.016349469919529954], [0.18354430379746836, 0.2848101265822785, 0.34177215189873417, 0.12658227848101267, 0.0379746835443038, 0.02531645569620253], [0.008609946754276652, 0.06865299648804804, 0.5869491333408859, 0.257618669989804, 0.05834371813753257, 0.019825535289452814], [0.005046153846153846, 0.03790769230769231, 0.4731076923076923, 0.3636923076923077, 0.08738461538461538, 0.03286153846153846], [0.012214819301433475, 0.06541490006056935, 0.484251968503937, 0.3260650111043812, 0.08984453866343631, 0.022208762366242682], [0.02318840579710145, 0.16956521739130434, 0.5927536231884057, 0.1927536231884058, 0.021739130434782608, 0.0], [0.007782101167315175, 0.0685204517414824, 0.34440542849008254, 0.44177659675429437, 0.10496346208598273, 0.03255195976084274], [0.00835881753312946, 0.1053007135575943, 0.4417940876656473, 0.37135575942915394, 0.06330275229357799, 0.009887869520897043], [0.009616459800961647, 0.16012523761601252, 0.5287934697528793, 0.23728055462372805, 0.05344962540534496, 0.010734652801073465], [0.016660541467597698, 0.1537424966311405, 0.48144064682102167, 0.26142349626362854, 0.06002695087590346, 0.02670586794070807], [0.029947460595446587, 0.2873905429071804, 0.46847635726795095, 0.1669001751313485, 0.033975481611208405, 0.013309982486865149], [0.043499392466585664, 0.20510328068043743, 0.5008505467800729, 0.18663426488456866, 0.043985419198055896, 0.019927095990279465], [0.02061622111463525, 0.26347983688264615, 0.5163117353874037, 0.15088355233348436, 0.03738106026280018, 0.011327594019030359], [0.009038737446197992, 0.09325681492109039, 0.538880918220947, 0.26284074605451935, 0.06743185078909612, 0.02855093256814921], [0.036021788789316465, 0.2335266209804955, 0.48550342646283606, 0.1932876471621859, 0.03619750483219118, 0.015463011772974872], [0.013027744270205066, 0.11182147165259348, 0.5336550060313631, 0.2787696019300362, 0.05235223160434258, 0.01037394451145959], [0.01145562853215213, 0.2246830609439438, 0.5390255078661983, 0.17672216282266687, 0.03329769360012219, 0.014815946234916756], [0.006430363864491844, 0.11998117942283563, 0.4758469259723965, 0.2912484316185696, 0.0774780426599749, 0.029015056461731494], [0.006732813607370659, 0.09437751004016064, 0.5042523033309709, 0.29151901724545237, 0.07559650366170564, 0.02752185211433971], [0.007852641783809986, 0.0896752302472128, 0.2575860397479399, 0.5122636936500242, 0.10004847309743092, 0.032573921473582165], [0.01915668922436231, 0.18302967204580947, 0.537948984903696, 0.2213430504945341, 0.034148880791254554, 0.004372722540343571], [0.23867069486404835, 0.3202416918429003, 0.3564954682779456, 0.06948640483383686, 0.015105740181268883, 0.0]]}}}, "eu": {"histType": {"histogram": {"labels": ["0", "100", "200", "300", "400", "500", "600", "700", "800", "900", "1000", "1100", "1200", "1300", "1400", "1500", "1600", "1700", "1800", "1900", "2000", "2100", "2200", "2300", "2400", "2500", "2600", "2700", "2800", "2900", "3000", "3100", "3200"], "data": [[0.0, 0.0, 0.0018587360594795538, 0.0, 0.0018587360594795538, 0.007434944237918215, 0.013011152416356878, 0.026022304832713755, 0.048327137546468404, 0.07806691449814127, 0.07806691449814127, 0.10780669144981413, 0.10223048327137546, 0.11895910780669144, 0.1412639405204461, 0.09293680297397769, 0.06319702602230483, 0.03345724907063197, 0.03531598513011153, 0.020446096654275093, 0.013011152416356878, 0.0055762081784386614, 0.0037174721189591076, 0.007434944237918215, 0.0, 0.0, 0.0, 0.0, 0.0, 0.0, 0.0, 0.0, 0.0], [0.0, 0.0002818489289740699, 0.0008455467869222097, 0.0011273957158962795, 0.0016910935738444193, 0.003945885005636978, 0.007046223224351747, 0.010992108229988726, 0.019729425028184894, 0.0346674182638106, 0.04509582863585118, 0.06200676437429538, 0.08201803833145434, 0.10484780157835401, 0.1355693348365276, 0.12965050732807215, 0.14064261555806087, 0.06905298759864713, 0.09554678692220969, 0.02367531003382187, 0.011837655016910935, 0.009301014656144307, 0.004227733934611048, 0.002818489289740699, 0.001972942502818489, 0.0011273957158962795, 0.0002818489289740699, 0.0, 0.0, 0.0, 0.0, 0.0, 0.0], [0.0, 0.0, 0.0, 0.00012253400318588408, 0.00012253400318588408, 0.00012253400318588408, 0.0, 0.0007352040191153045, 0.0018380100477882611, 0.00269574807008945, 0.005759098149736552, 0.009557652248498959, 0.012130866315402524, 0.014949148388677858, 0.025119470653106237, 0.03455458889841931, 0.1809827227055508, 0.15451537801739984, 0.32594044847445164, 0.08062737409631172, 0.052076951354000735, 0.0515868153412572, 0.018135032471510843, 0.007842176203896581, 0.011518196299473104, 0.005023894130621247, 0.0017154760446023772, 0.0020830780541600293, 0.00012253400318588408, 0.00012253400318588408, 0.0, 0.0, 0.0], [0.0, 0.0, 0.0, 0.00011407711613050422, 0.00011407711613050422, 0.00022815423226100844, 0.0007985398129135296, 0.002053388090349076, 0.0025096965548710927, 0.005817932922655715, 0.01106548026465891, 0.016883413187314626, 0.020419803787360257, 0.026009582477754964, 0.04129591603924253, 0.05247547342003194, 0.07403604836869723, 0.04916723705224732, 0.2782340862422998, 0.1489847136664385, 0.09354323522701347, 0.0895505361624458, 0.03102897558749715, 0.013689253935660506, 0.024412502851927902, 0.008099475245265799, 0.004334930412959161, 0.001483002509696555, 0.0035363906000456307, 0.00011407711613050422, 0.0, 0.0, 0.0], [0.0, 0.0, 0.0, 0.0, 0.0, 0.021739130434782608, 0.02717391304347826, 0.04891304347826087, 0.06521739130434782, 0.04891304347826087, 0.07608695652173914, 0.08152173913043478, 0.06521739130434782, 0.11956521739130435, 0.09239130434782608, 0.14673913043478262, 0.03260869565217391, 0.06521739130434782, 0.03260869565217391, 0.04891304347826087, 0.005434782608695652, 0.005434782608695652, 0.0, 0.005434782608695652, 0.010869565217391304, 0.0, 0.0, 0.0, 0.0, 0.0, 0.0, 0.0, 0.0], [0.0, 0.0, 0.00010842459069717012, 0.00021684918139434025, 0.00032527377209151036, 0.00010842459069717012, 0.00021684918139434025, 0.0011926704976688712, 0.0019516426325490621, 0.0039032852650981243, 0.007914995120893418, 0.011926704976688712, 0.01843218041851892, 0.09161877913910875, 0.12978423506451264, 0.13759080559470888, 0.16285373522714952, 0.11135205464599371, 0.14940908598070043, 0.05627236257183129, 0.03621381329285482, 0.03838230510679822, 0.014203621381329285, 0.005421229534858506, 0.010842459069717012, 0.004336983627886805, 0.0024937655860349127, 0.0007589721348801908, 0.001734793451154722, 0.00032527377209151036,