{"region": {"us": {"histType": {"histogram": {"labels": ["0", "100", "200", "300", "400", "500", "600", "700", "800", "900", "1000", "1100", "1200", "1300", "1400", "1500", "1600", "1700", "1800", "1900", "2000", "2100", "2200", "2300", "2400", "2500", "2600", "2700", "2800", "2900", "3000", "3100", "3200"], "data": [[0.0, 0.0, 0.0028169014084507044, 0.005633802816901409, 0.004225352112676056, 0.007042253521126761, 0.01267605633802817, 0.014084507042253521, 0.036619718309859155, 0.04929577464788732, 0.08309859154929577, 0.1028169014084507, 0.11830985915492957, 0.1323943661971831, 0.1323943661971831, 0.09859154929577464, 0.0676056338028169, 0.04225352112676056, 0.04225352112676056, 0.015492957746478873, 0.014084507042253521, 0.008450704225352112, 0.004225352112676056, 0.005633802816901409, 0.0, 0.0, 0.0, 0.0, 0.0, 0.0, 0.0, 0.0, 0.0], [0.0, 0.00025581990278843696, 0.00025581990278843696, 0.00025581990278843696, 0.0010232796111537478, 0.0020465592223074956, 0.004604758250191865, 0.009465336403172167, 0.01586083397288309, 0.028907649015093375, 0.03862880532105398, 0.05525709900230238, 0.08262982860066513, 0.09439754412893323, 0.1302123305193144, 0.13660782808902533, 0.14402660526989, 0.08339728830903044, 0.10386288053210539, 0.03300076745970836, 0.017139933486825274, 0.00665131747249936, 0.004093118444614991, 0.0028140189306728063, 0.0012790995139421847, 0.0015349194167306216, 0.0010232796111537478, 0.0007674597083653108, 0.0, 0.0, 0.0, 0.0, 0.0], [0.00012189176011701609, 0.0, 0.0, 0.00024378352023403217, 0.00024378352023403217, 0.00024378352023403217, 0.00024378352023403217, 0.0006094588005850804, 0.0024378352023403218, 0.0035348610433934666, 0.0049975621647976596, 0.007069722086786933, 0.01182350073135056, 0.01877133105802048, 0.024987810823988297, 0.036933203315455874, 0.08764017552413457, 0.16260360799609946, 0.37140419307654804, 0.08776206728425158, 0.05204778156996587, 0.06045831301803998, 0.02364700146270112, 0.009507557289127255, 0.01901511457825451, 0.006460263286201853, 0.0024378352023403218, 0.004144319843978547, 0.00012189176011701609, 0.00048756704046806434, 0.0, 0.0, 0.0], [0.0, 0.0, 0.0, 0.0, 0.00011859582542694497, 0.0, 0.0008301707779886148, 0.0017789373814041745, 0.004625237191650854, 0.007827324478178369, 0.011740986717267553, 0.012452561669829222, 0.02526091081593928, 0.027988614800759013, 0.04210151802656546, 0.04981024667931689, 0.06973434535104364, 0.041627134724857684, 0.2680265654648956, 0.15583491461100568, 0.09013282732447818, 0.09855313092979127, 0.0329696394686907, 0.013875711574952562, 0.028225806451612902, 0.006878557874762809, 0.004743833017077799, 0.0020161290322580645, 0.0028462998102466793, 0.0, 0.0, 0.0, 0.0], [0.0, 0.0, 0.0, 0.0, 0.010416666666666666, 0.005208333333333333, 0.03125, 0.026041666666666668, 0.057291666666666664, 0.052083333333333336, 0.07291666666666667, 0.08854166666666667, 0.10416666666666667, 0.11458333333333333, 0.09375, 0.10416666666666667, 0.078125, 0.03125, 0.0625, 0.026041666666666668, 0.036458333333333336, 0.005208333333333333, 0.0, 0.0, 0.0, 0.0, 0.0, 0.0, 0.0, 0.0, 0.0, 0.0, 0.0], [0.0, 0.0, 0.0, 0.0, 0.0, 0.0, 0.0, 0.001200742277043991, 0.0013099006658661718, 0.004693810719353782, 0.007313612051086126, 0.011352472437506823, 0.021504202597969653, 0.06909726012444056, 0.12302150420259797, 0.14943783429756577, 0.17781901539133282, 0.1107957646545137, 0.1486737255758105, 0.055998253465778844, 0.032638358257832116, 0.03951533675362952, 0.014845540879816614, 0.00775024560637485, 0.01211658115926209, 0.004693810719353782, 0.0029472764981988866, 0.0013099006658661718, 0.0013099006658661718, 0.0006549503329330859, 0.0, 0.0, 0.0], [0.0, 0.0, 0.00041109969167523125, 0.0022610483042137717, 0.001644398766700925, 0.0034943473792394654, 0.006988694758478931, 0.012949640287769784, 0.019321685508735868, 0.03617677286742035, 0.050359712230215826, 0.06906474820143885, 0.09352517985611511, 0.1132579650565262, 0.12271325796505653, 0.11921891058581706, 0.12045220966084276, 0.06639260020554985, 0.07276464542651594, 0.02774922918807811, 0.017266187050359712, 0.015416238437821172, 0.008427543679342241, 0.004933196300102775, 0.006166495375128468, 0.0036998972250770813, 0.0024665981500513875, 0.0014388489208633094, 0.0010277492291880781, 0.00020554984583761563, 0.00020554984583761563, 0.0, 0.0], [0.00273224043715847, 0.00273224043715847, 0.0, 0.00819672131147541, 0.00546448087431694, 0.01912568306010929, 0.01366120218579235, 0.03278688524590164, 0.05737704918032787, 0.12568306010928962, 0.11748633879781421, 0.13114754098360656, 0.10109289617486339, 0.11202185792349727, 0.06830601092896176, 0.07103825136612021, 0.05191256830601093, 0.01092896174863388, 0.02185792349726776, 0.03278688524590164, 0.01092896174863388, 0.00273224043715847, 0.0, 0.0, 0.0, 0.0, 0.0, 0.0, 0.0, 0.0, 0.0, 0.0, 0.0], [0.00021701388888888888, 0.00021701388888888888, 0.00043402777777777775, 0.0003255208333333333, 0.00043402777777777775, 0.0013020833333333333, 0.0016276041666666667, 0.004340277777777778, 0.007161458333333333, 0.016059027777777776, 0.025390625, 0.033528645833333336, 0.04079861111111111, 0.04503038194444445, 0.055989583333333336, 0.06673177083333333, 0.2043185763888889, 0.13465711805555555, 0.1469184027777778, 0.06499565972222222, 0.04307725694444445, 0.042643229166666664, 0.021809895833333332, 0.012912326388888888, 0.018229166666666668, 0.005208333333333333, 0.002170138888888889, 0.0030381944444444445, 0.00043402777777777775, 0.0, 0.0, 0.0, 0.0], [0.0, 0.0, 0.0, 0.0, 0.00039840637450199205, 0.0007968127490039841, 0.001195219123505976, 0.0015936254980079682, 0.002390438247011952, 0.009163346613545816, 0.013147410358565738, 0.01593625498007968, 0.022310756972111555, 0.03824701195219123, 0.061752988047808766, 0.07888446215139443, 0.1051792828685259, 0.08884462151394422, 0.17768924302788844, 0.06852589641434263, 0.07370517928286853, 0.09760956175298804, 0.04302788844621514, 0.016733067729083666, 0.046215139442231074, 0.013545816733067729, 0.01195219123505976, 0.007569721115537849, 0.0027888446215139444, 0.0007968127490039841, 0.0, 0.0, 0.0], [0.0, 0.0, 0.0001798237727027513, 0.0, 0.0008991188635137566, 0.000539471318108254, 0.001258766408919259, 0.004315770544866032, 0.008631541089732063, 0.014565725588922855, 0.021039381406221903, 0.030030570041359467, 0.05412695558352814, 0.06311814421866571, 0.10124078403164899, 0.12497752202841216, 0.15267038302463587, 0.0963855421686747, 0.1440388419349038, 0.0620392015824492, 0.03812263981298328, 0.03722352094946952, 0.012947311634598094, 0.008451717317029312, 0.013666606725409099, 0.0034166516813522747, 0.0026973565905412697, 0.0014385901816220104, 0.0019780614997302643, 0.0, 0.0, 0.0, 0.0], [0.0, 0.0, 0.00044169611307420494, 0.00044169611307420494, 0.00044169611307420494, 0.003386336866902238, 0.006478209658421673, 0.012809187279151944, 0.02149587750294464, 0.03680800942285041, 0.05962897526501767, 0.07523557126030624, 0.0982037691401649, 0.11925795053003534, 0.13898704358068315, 0.12014134275618374, 0.10217903415783275, 0.05933451118963486, 0.06154299175500589, 0.0267962308598351, 0.018551236749116608, 0.015017667844522967, 0.007950530035335688, 0.004269729093050648, 0.003975265017667844, 0.0036808009422850414, 0.0014723203769140165, 0.0002944640753828033, 0.001177856301531213, 0.0, 0.0, 0.0, 0.0], [0.0, 0.0, 0.0, 0.0, 0.00012879958784131891, 0.0005151983513652757, 0.0016743946419371459, 0.0020607934054611026, 0.004379185986604843, 0.005280783101494075, 0.012751159196290572, 0.019191138588356516, 0.02743431221020093, 0.03361669242658424, 0.047527047913446675, 0.04379185986604843, 0.22565687789799072, 0.1545595054095827, 0.21483771251931993, 0.07547655847501288, 0.04005667181865018, 0.04198866563626996, 0.0163575476558475, 0.01069036579082947, 0.013523956723338485, 0.0037351880473982485, 0.0018031942297784646, 0.0010303967027305513, 0.0019319938176197836, 0.0, 0.0, 0.0, 0.0], [0.00021358393848782572, 0.0, 0.0, 0.00010679196924391286, 0.00010679196924391286, 0.0003203759077317386, 0.0012815036309269544, 0.0016018795386586928, 0.004164886800512601, 0.010145237078171722, 0.016232379325074753, 0.018902178556172575, 0.02509611277231952, 0.06418197351559163, 0.14267407090986758, 0.15068346860316104, 0.17150790260572404, 0.10978214438274242, 0.1346646732165741, 0.05339598462195643, 0.02947458351131995, 0.031503630926954296, 0.011319948739854762, 0.005446390431439556, 0.009077317385732593, 0.002883383169585647, 0.0018154634771465185, 0.0021358393848782574, 0.0005339598462195643, 0.0006407518154634772, 0.00010679196924391286, 0.0, 0.0], [0.0, 0.0, 0.0, 0.00018328445747800586, 0.0005498533724340176, 0.00018328445747800586, 0.001282991202346041, 0.0018328445747800588, 0.004032258064516129, 0.006964809384164223, 0.01466275659824047, 0.025476539589442817, 0.04472140762463343, 0.06524926686217009, 0.09622434017595308, 0.11913489736070382, 0.15854105571847507, 0.11711876832844574, 0.15212609970674487, 0.06946480938416422, 0.04270527859237536, 0.03702346041055719, 0.015579178885630499, 0.006048387096774193, 0.01063049853372434, 0.004582111436950147, 0.002932551319648094, 0.0009164222873900294, 0.0009164222873900294, 0.0009164222873900294, 0.0, 0.0, 0.0], [0.0, 0.0, 0.00025157232704402514, 0.00025157232704402514, 0.001761006289308176, 0.003270440251572327, 0.0015094339622641509, 0.005534591194968554, 0.011320754716981131, 0.017861635220125786, 0.03018867924528302, 0.04679245283018868, 0.06591194968553458, 0.09283018867924528, 0.11547169811320755, 0.1290566037735849, 0.13157232704402516, 0.09509433962264151, 0.10238993710691824, 0.04578616352201258, 0.02918238993710692, 0.03069182389937107, 0.013836477987421384, 0.006540880503144654, 0.012075471698113207, 0.005283018867924529, 0.0022641509433962265, 0.002767295597484277, 0.00025157232704402514, 0.00025157232704402514, 0.0, 0.0, 0.0], [0.0001892863903085368, 0.0, 0.0005678591709256105, 0.0013250047321597578, 0.0005678591709256105, 0.0013250047321597578, 0.0034071550255536627, 0.007192882831724399, 0.01192504258943782, 0.02025364376301344, 0.03236797274275979, 0.05318947567669884, 0.0745788377815635, 0.10240393715691842, 0.12417187204240016, 0.12890403180011356, 0.13590762824152944, 0.079689570319894, 0.11281468862388794, 0.038425137232632973, 0.02309293961764149, 0.022903653227332954, 0.010032178686352452, 0.004542873367404884, 0.004921446148021957, 0.0018928639030853683, 0.0005678591709256105, 0.0013250047321597578, 0.0013250047321597578, 0.0001892863903085368, 0.0, 0.0, 0.0], [0.0, 0.0, 0.00012776287210936502, 0.00025552574421873004, 0.0003832886163280951, 0.00025552574421873004, 0.0007665772326561902, 0.0016609173374217453, 0.0026830203142966655, 0.006260380733358886, 0.012392998594608406, 0.014181678804139517, 0.02772454324773221, 0.03334610962054427, 0.14679954005366042, 0.15765938418295644, 0.1745240833013926, 0.11192027596780375, 0.174651846173502, 0.04688897406413696, 0.025297048677654272, 0.029257697713044588, 0.010221029768749201, 0.006388143605468251, 0.008560112431327456, 0.0031940718027341254, 0.0012776287210936501, 0.0010221029768749201, 0.0019164430816404753, 0.0003832886163280951, 0.0, 0.0, 0.0], [0.0, 0.0, 0.0, 0.006329113924050633, 0.006329113924050633, 0.006329113924050633, 0.0, 0.0189873417721519, 0.05063291139240506, 0.0949367088607595, 0.06329113924050633, 0.08227848101265822, 0.0759493670886076, 0.06329113924050633, 0.04430379746835443, 0.12658227848101267, 0.08860759493670886, 0.08227848101265822, 0.0379746835443038, 0.0379746835443038, 0.05063291139240506, 0.006329113924050633, 0.03164556962025317, 0.0, 0.006329113924050633, 0.006329113924050633, 0.0, 0.012658227848101266, 0.0, 0.0, 0.0, 0.0, 0.0], [0.00022657754616517504, 0.00011328877308258752, 0.0, 0.0, 0.0, 0.00011328877308258752, 0.00022657754616517504, 0.0010195989577432877, 0.0022657754616517505, 0.004644839696386088, 0.007363770250368188, 0.0099694120312677, 0.021638155658774215, 0.029681658547637928, 0.050866659114081794, 0.1588308598617877, 0.22805030021524866, 0.14920131414976776, 0.1552056191231449, 0.0643480231109097, 0.0380650277557494, 0.03783845020958423, 0.013481363996827915, 0.007023903931120426, 0.01098901098901099, 0.004078395830973151, 0.0019259091424039879, 0.0022657754616517505, 0.0005664438654129376, 0.0, 0.0, 0.0, 0.0], [0.0, 0.0, 0.0, 0.00012310722639418935, 0.0, 0.00012310722639418935, 0.0009848578111535148, 0.000369321679182568, 0.0012310722639418935, 0.0022159300750954083, 0.004554967376585005, 0.006894004678074603, 0.010956543149082851, 0.015511510525667857, 0.027206697033115845, 0.10341007017111904, 0.1905699864582051, 0.15179121014403546, 0.21396035947310107, 0.09196109811645943, 0.057860396405268986, 0.05699864582050966, 0.019697156223070295, 0.010710328696294473, 0.019574048996676106, 0.007017111904468792, 0.003200787886248923, 0.000738643358365136, 0.0016003939431244614, 0.0002462144527883787, 0.0004924289055767574, 0.0, 0.0], [0.00020197939810139365, 0.00010098969905069682, 0.0, 0.00020197939810139365, 0.00020197939810139365, 0.0005049484952534841, 0.0008079175924055746, 0.001817814582912543, 0.002928701272470208, 0.005453443748737629, 0.00989699050696829, 0.013229650575641285, 0.017471217935770552, 0.02484346596647142, 0.033326600686729956, 0.14259745505958393, 0.1687537871137144, 0.1394667743890123, 0.19016360331246213, 0.08462936780448395, 0.051302767117753986, 0.057261159361745105, 0.021510805897798423, 0.011108866895576651, 0.014138557867097556, 0.00414057766107857, 0.002423752777216724, 0.0013128660876590588, 0.00020197939810139365, 0.0, 0.0, 0.0, 0.0], [0.0, 0.0, 0.0, 0.0014492753623188406, 0.0014492753623188406, 0.0, 0.0, 0.007246376811594203, 0.007246376811594203, 0.005797101449275362, 0.013043478260869565, 0.02608695652173913, 0.043478260869565216, 0.08695652173913043, 0.12318840579710146, 0.17391304347826086, 0.17246376811594202, 0.12318840579710146, 0.12028985507246377, 0.04927536231884058, 0.02318840579710145, 0.013043478260869565, 0.0014492753623188406, 0.007246376811594203, 0.0, 0.0, 0.0, 0.0, 0.0, 0.0, 0.0, 0.0, 0.0], [0.0, 0.0, 0.0, 9.492168960607498e-05, 0.0, 9.492168960607498e-05, 0.00028476506881822496, 0.0007593735168485999, 0.0016136687233032749, 0.004935927859515899, 0.007403891789273849, 0.012339819648789748, 0.020977693402942574, 0.02781205505457997, 0.04015187470336972, 0.04755576649264357, 0.08666350261034646, 0.1700996677740864, 0.2861888941623161, 0.09663028001898434, 0.05885144755576649, 0.07517797816801139, 0.01964878974845752, 0.010156620787850023, 0.02002847650688182, 0.005220692928334125, 0.0024679639297579496, 0.0022781205505457997, 0.0023730422401518746, 0.00018984337921214997, 0.0, 0.0, 0.0], [0.00010195758564437195, 0.00010195758564437195, 0.00010195758564437195, 0.0, 0.0003058727569331158, 0.0003058727569331158, 0.0003058727569331158, 0.0009176182707993475, 0.0010195758564437193, 0.005199836867862969, 0.00948205546492659, 0.01896411092985318, 0.03181076672104405, 0.0450652528548124, 0.06300978792822186, 0.07514274061990212, 0.09349510603588906, 0.21013458401305057, 0.23225938009787928, 0.09257748776508973, 0.0464926590538336, 0.04180261011419249, 0.015089722675367047, 0.006423327895595432, 0.0041802610114192494, 0.001835236541598695, 0.003466557911908646, 0.0004078303425774878, 0.0, 0.0, 0.0, 0.0, 0.0], [0.0, 0.00011188185276348176, 0.0, 0.00011188185276348176, 0.00011188185276348176, 0.0003356455582904453, 0.0007831729693443723, 0.0017901096442157081, 0.0021257552025061533, 0.004251510405012307, 0.00827925710449765, 0.014320877153725665, 0.05191317968225554, 0.08558961736406355, 0.11445513537704184, 0.14130678004027747, 0.15808905795479974, 0.11479078093533229, 0.1380622063101365, 0.061646900872678455, 0.03770418438129335, 0.033228910270754086, 0.014208995300962184, 0.006041620049228015, 0.00570597449093757, 0.002349518908033117, 0.0013425822331617813, 0.0013425822331617813, 0.0, 0.0, 0.0, 0.0, 0.0], [0.0, 0.0, 0.0, 0.0, 0.0002450379808870375, 0.0, 0.0008576329331046312, 0.002450379808870375, 0.0050232786081842685, 0.008086253369272238, 0.016907620681205587, 0.025728987993138937, 0.04300416564567508, 0.06812055868659642, 0.10426366086743445, 0.1260720411663808, 0.15339377603528548, 0.09752511639304093, 0.16564567507963734, 0.05942171036510659, 0.03638814016172507, 0.03810340602793433, 0.0156824307767704, 0.006248468512619456, 0.012251899044351875, 0.00490075961774075, 0.004043126684636119, 0.002450379808870375, 0.0019603038470963, 0.000490075961774075, 0.0007351139426611125, 0.0, 0.0], [0.0, 0.00017513134851138354, 0.00017513134851138354, 0.00017513134851138354, 0.0010507880910683013, 0.0010507880910683013, 0.0017513134851138354, 0.0024518388791593695, 0.005604203152364273, 0.017513134851138354, 0.04220665499124343, 0.060070052539404555, 0.07933450087565674, 0.10577933450087566, 0.125569176882662, 0.11873905429071804, 0.14658493870402803, 0.0775831873905429, 0.11313485113835377, 0.029947460595446587, 0.023817863397548163, 0.02084063047285464, 0.008581436077057794, 0.004553415061295972, 0.0070052539404553416, 0.0021015761821366026, 0.0021015761821366026, 0.00017513134851138354, 0.0010507880910683013, 0.0008756567425569177, 0.0, 0.0, 0.0], [0.0, 0.0, 0.0, 0.0007290400972053463, 0.0009720534629404617, 0.002187120291616039, 0.003888213851761847, 0.006804374240583232, 0.013608748481166465, 0.015309842041312272, 0.02648845686512758, 0.04301336573511543, 0.05370595382746051, 0.0818955042527339, 0.12369380315917375, 0.13122721749696234, 0.1496962332928311, 0.09623329283110571, 0.11008505467800729, 0.04860267314702309, 0.027946537059538274, 0.02235722964763062, 0.012393681652490888, 0.009234507897934386, 0.008262454434993925, 0.0031591737545565005, 0.0026731470230862697, 0.003402187120291616, 0.0014580801944106927, 0.0009720534629404617, 0.0, 0.0, 0.0], [0.00022657754616517504, 0.0, 0.0, 0.0, 0.0004531550923303501, 0.0004531550923303501, 0.0016993315962388128, 0.0033986631924776255, 0.004871417242551263, 0.00951625693893735, 0.017219893508553304, 0.04135040217514444, 0.08485329103885805, 0.12008609946754277, 0.146935538688116, 0.1506740681998414, 0.13832559193383936, 0.08032174011555455, 0.09606887957403422, 0.03421320947094143, 0.020618556701030927, 0.024470374985838903, 0.008723235527359239, 0.004191684604055738, 0.007250481477285601, 0.0022657754616517505, 0.0005664438654129376, 0.0009063101846607002, 0.00011328877308258752, 0.00022657754616517504, 0.0, 0.0, 0.0], [0.0, 0.0, 0.0, 0.00028694404591104734, 0.00014347202295552367, 0.00014347202295552367, 0.0014347202295552368, 0.000430416068866571, 0.0020086083213773313, 0.004591104734576757, 0.007460545193687231, 0.008895265423242468, 0.014634146341463415, 0.06226685796269727, 0.11449067431850789, 0.13902439024390245, 0.17417503586800573, 0.11104734576757533, 0.16642754662840745, 0.059110473457675755, 0.037159253945480634, 0.040459110473457675, 0.018938307030129126, 0.008321377331420373, 0.014203730272596844, 0.004734576757532282, 0.004878048780487805, 0.0022955523672883787, 0.0014347202295552368, 0.0005738880918220947, 0.000430416068866571, 0.0, 0.0], [0.0, 0.0, 0.00017571604287471446, 0.0003514320857494289, 0.0010542962572482868, 0.0014057283429977157, 0.002284308557371288, 0.004744333157617291, 0.007731505886487436, 0.018274468458970305, 0.03075030750307503, 0.04234756633280619, 0.06835354067826392, 0.09207520646635038, 0.11755403268318397, 0.13248989632753472, 0.14531716745738885, 0.09014232999472852, 0.12247408188367598, 0.04410472676155333, 0.026708838516956598, 0.021788789316464593, 0.010015814443858724, 0.004392901071867862, 0.005447197329116148, 0.0012300123001230013, 0.002284308557371288, 0.003865752943243718, 0.0024600246002460025, 0.00017571604287471446, 0.0, 0.0, 0.0], [0.00012062726176115802, 0.0, 0.0, 0.0, 0.00012062726176115802, 0.0010856453558504221, 0.0007237635705669482, 0.0024125452352231603, 0.0028950542822677927, 0.005669481302774427, 0.013630880579010856, 0.02147165259348613, 0.03462002412545235, 0.04209891435464415, 0.05669481302774427, 0.11604342581423402, 0.2106151990349819, 0.1503015681544029, 0.1609167671893848, 0.07261761158021712, 0.04523522316043426, 0.033413751507840775, 0.013510253317249699, 0.005428226779252111, 0.005669481302774427, 0.0020506634499396865, 0.0022919179734620025, 0.00024125452352231604, 0.00012062726176115802, 0.0, 0.0, 0.0, 0.0], [0.0, 0.0, 0.0, 0.0001528117359413203, 0.0001528117359413203, 0.0004584352078239609, 0.0006112469437652812, 0.0016809290953545232, 0.002597799511002445, 0.005654034229828851, 0.023991442542787286, 0.03361858190709047, 0.06891809290953545, 0.09825794621026895, 0.1334046454767726, 0.14593520782396088, 0.15647921760391198, 0.1031479217603912, 0.10956601466992665, 0.04171760391198044, 0.02551955990220049, 0.019407090464547676, 0.009474327628361858, 0.004431540342298288, 0.007029339853300734, 0.002597799511002445, 0.0027506112469437654, 0.0012224938875305623, 0.0012224938875305623, 0.0, 0.0, 0.0, 0.0], [0.0, 0.0, 0.0, 0.00015688735487919673, 0.0, 0.0004706620646375902, 0.0009413241292751804, 0.0009413241292751804, 0.002353310323187951, 0.0015688735487919673, 0.005334170065892689, 0.010354565422026984, 0.04016316284907436, 0.06416692814559147, 0.09287731408848447, 0.11813617822403515, 0.15531848133040477, 0.10950737370567933, 0.17994979604643865, 0.06965798556636335, 0.04157514904298713, 0.04612488233448384, 0.020238468779416378, 0.011139002196422968, 0.01631628490743646, 0.006432381550047066, 0.0028239723878255413, 0.0007844367743959837, 0.002353310323187951, 0.00031377470975839345, 0.0, 0.0, 0.0], [0.0, 0.0, 0.00011811953697141507, 0.0, 0.00023623907394283014, 0.00035435861091424523, 0.00035435861091424523, 0.0012993149066855658, 0.0009449562957713206, 0.003425466572171037, 0.006614694070399244, 0.01630049610205528, 0.02681313489251122, 0.0446491849751949, 0.05492558469170801, 0.15851641861563903, 0.1810772501771793, 0.10973304984644461, 0.1826128041578077, 0.06484762579730688, 0.04405858729033782, 0.04004252303330971, 0.02326954878336877, 0.012284431845027168, 0.016418615639026694, 0.004370422867942357, 0.002834868887313962, 0.002008032128514056, 0.0010630758327427356, 0.0008268367587999055, 0.0, 0.0, 0.0], [0.0, 0.0, 0.0, 0.0, 9.69743987587277e-05, 9.69743987587277e-05, 9.69743987587277e-05, 0.0008727695888285493, 0.0018425135764158261, 0.004848719937936384, 0.008921644685802949, 0.016679596586501165, 0.027831652443754847, 0.03626842513576416, 0.053723816912335146, 0.05721489526764934, 0.06991854150504268, 0.07670674941815361, 0.33204034134988364, 0.11472071373157486, 0.06555469356089992, 0.07253685027152831, 0.018619084561675717, 0.00882467028704422, 0.019879751745539177, 0.004945694336695112, 0.0030062063615205587, 0.00252133436772692, 0.0018425135764158261, 0.0003878975950349108, 0.0, 0.0, 0.0], [0.0, 0.0, 0.0, 0.0, 0.0, 0.00010413412475268145, 0.0005206706237634072, 0.003124023742580444, 0.005519108611892117, 0.009892741851504738, 0.0185358742059773, 0.03436426116838488, 0.05175466000208268, 0.07841299593876913, 0.11590128084973446, 0.13839425179631365, 0.17484119545975216, 0.10892429449130481, 0.1522440903884203, 0.04613141726543788, 0.02280537332083724, 0.02447151931688014, 0.00645631573466625, 0.003228157867333125, 0.0021868166198063107, 0.0006248047485160887, 0.0007289388732687702, 0.0005206706237634072, 0.00031240237425804435, 0.0, 0.0, 0.0, 0.0], [0.0, 0.0030211480362537764, 0.0, 0.0030211480362537764, 0.006042296072507553, 0.021148036253776436, 0.021148036253776436, 0.03927492447129909, 0.08459214501510574, 0.06042296072507553, 0.0513595166163142, 0.0755287009063444, 0.07854984894259819, 0.1148036253776435, 0.12084592145015106, 0.10574018126888217, 0.08157099697885196, 0.04833836858006042, 0.04229607250755287, 0.015105740181268883, 0.012084592145015106, 0.00906344410876133, 0.0, 0.006042296072507553, 0.0, 0.0, 0.0, 0.0, 0.0, 0.0, 0.0, 0.0, 0.0]]}, "ranks": {"labels": ["Unranked", "Combatatent I", "Combatatent II", "Challenger I", "Challenger II", "Rival I", "Rival II", "Duelist", "Elite"], "data": [[0.1323943661971831, 0.18591549295774648, 0.2507042253521127, 0.23098591549295774, 0.10985915492957747, 0.054929577464788736, 0.016901408450704224, 0.018309859154929577, 0.0], [0.06267587618316706, 0.09388590432335636, 0.17702737272959837, 0.26682015860833974, 0.22742389357892043, 0.12279355333844973, 0.031210028140189305, 0.013558454847787157, 0.004604758250191865], [0.007679180887372013, 0.012067284251584593, 0.03059483178937104, 0.061921014139444175, 0.250243783520234, 0.41918576304241834, 0.09202827888834715, 0.09361287176986836, 0.03266699171136031], [0.015180265654648957, 0.024193548387096774, 0.053249525616698296, 0.09191176470588236, 0.11136148007590133, 0.3523481973434535, 0.161646110056926, 0.14539848197343452, 0.04471062618595825], [0.18229166666666666, 0.16145833333333334, 0.21875, 0.19791666666666666, 0.109375, 0.08854166666666667, 0.036458333333333336, 0.005208333333333333, 0.0], [0.007204453662263945, 0.018666084488592947, 0.09060146272241022, 0.27245933850016374, 0.2886147800458465, 0.18043881672306517, 0.05687152057635629, 0.06211112323982098, 0.02303242004148019], [0.08324768756423433, 0.11942446043165468, 0.20678314491264133, 0.2419321685508736, 0.1868448098663926, 0.09044193216855087, 0.027338129496402876, 0.02877697841726619, 0.015210688591983556], [0.2677595628415301, 0.24863387978142076, 0.21311475409836064, 0.13934426229508196, 0.06284153005464481, 0.03825136612021858, 0.0273224043715847, 0.00273224043715847, 0.0], [0.03211805555555555, 0.058919270833333336, 0.08582899305555555, 0.12272135416666667, 0.3389756944444444, 0.18359375, 0.07139756944444445, 0.0773654513888889, 0.029079861111111112], [0.015537848605577689, 0.02908366533864542, 0.06055776892430279, 0.14063745019920318, 0.1940239043824701, 0.21235059760956176, 0.10756972111553785, 0.15737051792828685, 0.08286852589641434], [0.03039021758676497, 0.05106995144758137, 0.11724509980219384, 0.22621830606006113, 0.24905592519331055, 0.18108253911167058, 0.06311814421866571, 0.05862254990109692, 0.023197266678654918], [0.08230270906949352, 0.1348645465253239, 0.21746171967020023, 0.2591283863368669, 0.16151354534746762, 0.07582449941107185, 0.031065959952885747, 0.027237926972909304, 0.01060070671378092], [0.014039155074703762, 0.03194229778464709, 0.061051004636785165, 0.09131890777949511, 0.3802163833075734, 0.25837197320968575, 0.07199896960329727, 0.06903657908294693, 0.022024729520865535], [0.01794105083297736, 0.03513455788124733, 0.08927808628791115, 0.2933575395130286, 0.2812900469884665, 0.16488680051260146, 0.05264844083724904, 0.04826997009824861, 0.01719350704826997], [0.015029325513196481, 0.040139296187683284, 0.10997067448680352, 0.2153592375366569, 0.2756598240469208, 0.1906158357771261, 0.07368035190615836, 0.05865102639296188, 0.020894428152492667], [0.04176100628930818, 0.07698113207547169, 0.15874213836477988, 0.24452830188679245, 0.22666666666666666, 0.12729559748427674, 0.050062893081761005, 0.05106918238993711, 0.02289308176100629], [0.04675373840620859, 0.08555744841945864, 0.1769827749384819, 0.2530759038425137, 0.21559719856142343, 0.1368540601930721, 0.03747870528109029, 0.03747870528109029, 0.010221465076660987], [0.012392998594608406, 0.026574677398747925, 0.06107065286827648, 0.30445892423661686, 0.28644435926919637, 0.2012265235722499, 0.045611345343043314, 0.04586687108726204, 0.016353647629998722], [0.18354430379746836, 0.14556962025316456, 0.13924050632911392, 0.17088607594936708, 0.17088607594936708, 0.056962025316455694, 0.06962025316455696, 0.0379746835443038, 0.02531645569620253], [0.008609946754276652, 0.01733318228163589, 0.05131981420641214, 0.2096975189758695, 0.3772516143650164, 0.19349722442505948, 0.06412144556474453, 0.05834371813753257, 0.019825535289452814], [0.005047396282161763, 0.011448972054659608, 0.02646805367475071, 0.1306167672042349, 0.34236119660224057, 0.2646805367475071, 0.09910131724732242, 0.08740613073987442, 0.032869629447248555], [0.012219753585134316, 0.023126641082609575, 0.042314683902241974, 0.17592405574631387, 0.3082205615027267, 0.23682084427388406, 0.08927489396081599, 0.08988083215512017, 0.022217733791153303], [0.02318840579710145, 0.0391304347826087, 0.13043478260869565, 0.2971014492753623, 0.2956521739130435, 0.1492753623188406, 0.043478260869565216, 0.021739130434782608, 0.0], [0.007783578547698149, 0.019743711438063596, 0.04878974845752254, 0.08770764119601329, 0.25676317038443286, 0.3427622211675368, 0.09890840056953014, 0.10498338870431893, 0.03255813953488372], [0.008360522022838499, 0.028446166394779773, 0.07687601957585645, 0.138152528548124, 0.30362969004893964, 0.28395187601957583, 0.08737765089722675, 0.06331566068515497, 0.009889885807504079], [0.009621839337659432, 0.022600134258223315, 0.1375027970463191, 0.2557619154173193, 0.272879838890132, 0.17319310807786978, 0.06422018348623854, 0.05347952562094428, 0.01074065786529425], [0.01666258270031855, 0.042636608674344524, 0.1111247243322715, 0.23033570203381523, 0.2509188924283264, 0.1966429796618476, 0.06481254594462142, 0.060034305317324184, 0.026831658907130605], [0.029947460595446587, 0.10227670753064799, 0.1851138353765324, 0.24430823117338005, 0.22416812609457093, 0.1295971978984238, 0.037302977232924694, 0.033975481611208405, 0.013309982486865149], [0.043499392466585664, 0.06950182260024301, 0.13560145808019441, 0.2549210206561361, 0.24592952612393681, 0.13730255164034022, 0.049331713244228435, 0.043985419198055896, 0.019927095990279465], [0.020618556701030927, 0.058570295683697746, 0.2049393905064008, 0.2976096068879574, 0.2186473320493939, 0.11464823835957856, 0.03625240738642801, 0.03738529511725388, 0.011328877308258751], [0.009038737446197992, 0.0163558106169297, 0.07690100430416069, 0.25351506456241035, 0.28522238163558106, 0.19870875179340028, 0.06398852223816356, 0.06771879483500717, 0.02855093256814921], [0.036021788789316465, 0.07309787383588122, 0.1604287471446143, 0.2500439290107187, 0.2354594974521174, 0.14830434018625901, 0.0449833069759269, 0.03619750483219118, 0.015463011772974872], [0.013027744270205066, 0.03510253317249699, 0.0767189384800965, 0.17273823884197828, 0.3609167671893848, 0.20096501809408926, 0.07780458383594692, 0.05235223160434258, 0.01037394451145959], [0.011308068459657702, 0.05761002444987775, 0.1671760391198044, 0.2793398533007335, 0.2596271393643032, 0.13294621026894865, 0.04385696821515892, 0.033312958435207825, 0.014822738386308069], [0.006432381550047066, 0.015688735487919672, 0.10433009099466584, 0.21101349231251962, 0.2648258550360841, 0.2172889865076875, 0.07389394414810166, 0.0775023533103232, 0.029024160652651395], [0.006732813607370659, 0.022915190172454525, 0.07146231986770611, 0.21344200330734703, 0.2908103000236239, 0.21745806756437513, 0.07406094968107725, 0.07559650366170564, 0.02752185211433971], [0.007854926299456944, 0.02560124127230411, 0.06410007757951901, 0.11093871217998448, 0.1466252909231963, 0.39526764934057407, 0.11704809930178432, 0.09998060512024826, 0.032583397982932506], [0.019160678954493388, 0.05290013537436218, 0.1301676559408518, 0.2542955326460481, 0.28376548995105694, 0.178485889826096, 0.0426949911485994, 0.03415599291887952, 0.0043736332396126214], [0.23867069486404835, 0.1268882175226586, 0.1933534743202417, 0.22658610271903323, 0.1299093655589124, 0.045317220543806644, 0.02416918429003021, 0.015105740181268883, 0.0]]}, "ranksDetailed": {"labels": ["Unranked", "Combatatant", "Challenger", "Rival", "Duelist", "Elite"], "data": [[0.1323943661971831, 0.43661971830985913, 0.3408450704225352, 0.07183098591549296, 0.018309859154929577, 0.0], [0.06267587618316706, 0.2709132770529547, 0.49424405218726014, 0.15400358147863905, 0.013558454847787157, 0.004604758250191865], [0.007679180887372013, 0.042662116040955635, 0.3121647976596782, 0.5112140419307655, 0.09361287176986836, 0.03266699171136031], [0.015180265654648957, 0.07744307400379506, 0.20327324478178369, 0.5139943074003795, 0.14539848197343452, 0.04471062618595825], [0.18229166666666666, 0.3802083333333333, 0.3072916666666667, 0.125, 0.005208333333333333, 0.0], [0.007204453662263945, 0.10926754721100317, 0.5610741185460103, 0.23731033729942147, 0.06211112323982098, 0.02303242004148019], [0.08324768756423433, 0.326207605344296, 0.4287769784172662, 0.11778006166495375, 0.02877697841726619, 0.015210688591983556], [0.2677595628415301, 0.46174863387978143, 0.20218579234972678, 0.06557377049180328, 0.00273224043715847, 0.0], [0.03211805555555555, 0.1447482638888889, 0.4616970486111111, 0.2549913194444444, 0.0773654513888889, 0.029079861111111112], [0.015537848605577689, 0.08964143426294821, 0.3346613545816733, 0.31992031872509963, 0.15737051792828685, 0.08286852589641434], [0.03039021758676497, 0.16831505124977522, 0.4752742312533717, 0.24420068333033626, 0.05862254990109692, 0.023197266678654918], [0.08230270906949352, 0.35232626619552415, 0.4206419316843345, 0.1068904593639576, 0.027237926972909304, 0.01060070671378092], [0.014039155074703762, 0.09299330242143225, 0.47153529108706854, 0.330370942812983, 0.06903657908294693, 0.022024729520865535], [0.01794105083297736, 0.12441264416915848, 0.5746475865014951, 0.2175352413498505, 0.04826997009824861, 0.01719350704826997], [0.015029325513196481, 0.1501099706744868, 0.4910190615835777, 0.26429618768328444, 0.05865102639296188, 0.020894428152492667], [0.04176100628930818, 0.23572327044025157, 0.4711949685534591, 0.17735849056603772, 0.05106918238993711, 0.02289308176100629], [0.04675373840620859, 0.2625402233579406, 0.46867310240393717, 0.1743327654741624, 0.03747870528109029, 0.010221465076660987], [0.012392998594608406, 0.0876453302670244, 0.5909032835058132, 0.24683786891529322, 0.04586687108726204, 0.016353647629998722], [0.18354430379746836, 0.2848101265822785, 0.34177215189873417, 0.12658227848101267, 0.0379746835443038, 0.02531645569620253], [0.008609946754276652, 0.06865299648804804, 0.5869491333408859, 0.257618669989804, 0.05834371813753257, 0.019825535289452814], [0.005047396282161763, 0.03791702572941032, 0.47297796380647544, 0.3637818539948295, 0.08740613073987442, 0.032869629447248555], [0.012219753585134316, 0.06544132498485154, 0.4841446172490406, 0.32609573823470006, 0.08988083215512017, 0.022217733791153303], [0.02318840579710145, 0.16956521739130434, 0.5927536231884057, 0.1927536231884058, 0.021739130434782608, 0.0], [0.007783578547698149, 0.06853345989558614, 0.3444708115804461, 0.4416706217370669, 0.10498338870431893, 0.03255813953488372], [0.008360522022838499, 0.10532218597063621, 0.4417822185970636, 0.3713295269168026, 0.06331566068515497, 0.009889885807504079], [0.009621839337659432, 0.1601029313045424, 0.5286417543074513, 0.23741329156410831, 0.05347952562094428, 0.01074065786529425], [0.01666258270031855, 0.153761333006616, 0.48125459446214164, 0.261455525606469, 0.060034305317324184, 0.026831658907130605], [0.029947460595446587, 0.2873905429071804, 0.46847635726795095, 0.1669001751313485, 0.033975481611208405, 0.013309982486865149], [0.043499392466585664, 0.20510328068043743, 0.5008505467800729, 0.18663426488456866, 0.043985419198055896, 0.019927095990279465], [0.020618556701030927, 0.26350968619009857, 0.5162569389373514, 0.15090064574600656, 0.03738529511725388, 0.011328877308258751], [0.009038737446197992, 0.09325681492109039, 0.5387374461979914, 0.26269727403156384, 0.06771879483500717, 0.02855093256814921], [0.036021788789316465, 0.2335266209804955, 0.48550342646283606, 0.1932876471621859, 0.03619750483219118, 0.015463011772974872], [0.013027744270205066, 0.11182147165259348, 0.5336550060313631, 0.2787696019300362, 0.05235223160434258, 0.01037394451145959], [0.011308068459657702, 0.22478606356968214, 0.5389669926650367, 0.1768031784841076, 0.033312958435207825, 0.014822738386308069], [0.006432381550047066, 0.12001882648258551, 0.4758393473486037, 0.29118293065578915, 0.0775023533103232, 0.029024160652651395], [0.006732813607370659, 0.09437751004016064, 0.5042523033309709, 0.29151901724545237, 0.07559650366170564, 0.02752185211433971], [0.007854926299456944, 0.08970131885182311, 0.2575640031031808, 0.5123157486423584, 0.09998060512024826, 0.032583397982932506], [0.019160678954493388, 0.183067791315214, 0.5380610225971051, 0.2211808809746954, 0.03415599291887952, 0.0043736332396126214], [0.23867069486404835, 0.3202416918429003, 0.3564954682779456, 0.06948640483383686, 0.015105740181268883, 0.0]]}}}, "eu": {"histType": {"histogram": {"labels": ["0", "100", "200", "300", "400", "500", "600", "700", "800", "900", "1000", "1100", "1200", "1300", "1400", "1500", "1600", "1700", "1800", "1900", "2000", "2100", "2200", "2300", "2400", "2500", "2600", "2700", "2800", "2900", "3000", "3100", "3200"], "data": [[0.0, 0.0, 0.0018587360594795538, 0.0, 0.0018587360594795538, 0.007434944237918215, 0.013011152416356878, 0.026022304832713755, 0.048327137546468404, 0.07806691449814127, 0.07806691449814127, 0.10780669144981413, 0.10223048327137546, 0.11895910780669144, 0.1412639405204461, 0.09293680297397769, 0.06319702602230483, 0.03345724907063197, 0.03531598513011153, 0.020446096654275093, 0.013011152416356878, 0.0055762081784386614, 0.0037174721189591076, 0.007434944237918215, 0.0, 0.0, 0.0, 0.0, 0.0, 0.0, 0.0, 0.0, 0.0], [0.0, 0.0002818489289740699, 0.0008455467869222097, 0.0011273957158962795, 0.0016910935738444193, 0.003945885005636978, 0.007046223224351747, 0.010992108229988726, 0.019729425028184894, 0.0346674182638106, 0.04509582863585118, 0.06200676437429538, 0.08201803833145434, 0.10484780157835401, 0.1355693348365276, 0.12965050732807215, 0.14064261555806087, 0.06905298759864713, 0.09554678692220969, 0.02367531003382187, 0.011837655016910935, 0.009301014656144307, 0.004227733934611048, 0.002818489289740699, 0.001972942502818489, 0.0011273957158962795, 0.0002818489289740699, 0.0, 0.0, 0.0, 0.0, 0.0, 0.0], [0.0, 0.0, 0.0, 0.00012253400318588408, 0.00012253400318588408, 0.00012253400318588408, 0.0, 0.0007352040191153045, 0.0018380100477882611, 0.00269574807008945, 0.005759098149736552, 0.009557652248498959, 0.012130866315402524, 0.014949148388677858, 0.025119470653106237, 0.03455458889841931, 0.1809827227055508, 0.15451537801739984, 0.32594044847445164, 0.08062737409631172, 0.052076951354000735, 0.0515868153412572, 0.018135032471510843, 0.007842176203896581, 0.011518196299473104, 0.005023894130621247, 0.0017154760446023772, 0.0020830780541600293, 0.00012253400318588408, 0.00012253400318588408, 0.0, 0.0, 0.0], [0.0, 0.0, 0.0, 0.00011407711613050422, 0.00011407711613050422, 0.00022815423226100844, 0.0007985398129135296, 0.002053388090349076, 0.0025096965548710927, 0.005817932922655715, 0.01106548026465891, 0.016883413187314626, 0.020419803787360257, 0.026009582477754964, 0.04129591603924253, 0.05247547342003194, 0.07403604836869723, 0.04916723705224732, 0.2782340862422998, 0.1489847136664385, 0.09354323522701347, 0.0895505361624458, 0.03102897558749715, 0.013689253935660506, 0.024412502851927902, 0.008099475245265799, 0.004334930412959161, 0.001483002509696555, 0.0035363906000456307, 0.00011407711613050422, 0.0, 0.0, 0.0], [0.0, 0.0, 0.0, 0.0, 0.0, 0.021739130434782608, 0.02717391304347826, 0.04891304347826087, 0.06521739130434782, 0.04891304347826087, 0.07608695652173914, 0.08152173913043478, 0.06521739130434782, 0.11956521739130435, 0.09239130434782608, 0.14673913043478262, 0.03260869565217391, 0.06521739130434782, 0.03260869565217391, 0.04891304347826087, 0.005434782608695652, 0.005434782608695652, 0.0, 0.005434782608695652, 0.010869565217391304, 0.0, 0.0, 0.0, 0.0, 0.0, 0.0, 0.0, 0.0], [0.0, 0.0, 0.00010842459069717012, 0.00021684918139434025, 0.00032527377209151036, 0.00010842459069717012, 0.00021684918139434025, 0.0011926704976688712, 0.0019516426325490621, 0.0039032852650981243, 0.007914995120893418, 0.011926704976688712, 0.01843218041851892, 0.09161877913910875, 0.12978423506451264, 0.13759080559470888, 0.16285373522714952, 0.11135205464599371, 0.14940908598070043, 0.05627236257183129, 0.03621381329285482, 0.03838230510679822, 0.014203621381329285, 0.005421229534858506, 0.010842459069717012, 0.004336983627886805, 0.0024937655860349127, 0.0007589721348801908, 0.00