{"region": {"us": {"histType": {"histogram": {"labels": ["0", "100", "200", "300", "400", "500", "600", "700", "800", "900", "1000", "1100", "1200", "1300", "1400", "1500", "1600", "1700", "1800", "1900", "2000", "2100", "2200", "2300", "2400", "2500", "2600", "2700", "2800", "2900", "3000", "3100", "3200"], "data": [[0.0, 0.0, 0.003215434083601286, 0.003215434083601286, 0.006430868167202572, 0.006430868167202572, 0.022508038585209004, 0.012861736334405145, 0.03215434083601286, 0.028938906752411574, 0.0707395498392283, 0.07395498392282958, 0.08360128617363344, 0.1189710610932476, 0.10610932475884244, 0.11254019292604502, 0.09967845659163987, 0.05466237942122187, 0.05466237942122187, 0.04823151125401929, 0.028938906752411574, 0.00964630225080386, 0.00964630225080386, 0.0, 0.012861736334405145, 0.0, 0.0, 0.0, 0.0, 0.0, 0.0, 0.0, 0.0], [0.0, 0.0008244023083264633, 0.0, 0.00041220115416323167, 0.0008244023083264633, 0.0016488046166529267, 0.00494641384995878, 0.010717230008244023, 0.011129431162407255, 0.01978565539983512, 0.03462489694971146, 0.04245671887881286, 0.06389117889530091, 0.07460840890354493, 0.10098928276999175, 0.12118713932399011, 0.1471558120362737, 0.08944765045342128, 0.15169002473206925, 0.055647155812036275, 0.024319868095630668, 0.016488046166529265, 0.00989282769991756, 0.00494641384995878, 0.00494641384995878, 0.0016488046166529267, 0.0032976092333058533, 0.002061005770816158, 0.00041220115416323167, 0.0, 0.0, 0.0, 0.0], [0.00014289797084881395, 0.0, 0.0, 0.0002857959416976279, 0.0002857959416976279, 0.0002857959416976279, 0.0002857959416976279, 0.0007144898542440697, 0.003429551300371535, 0.004429837096313232, 0.007430694484138326, 0.011146041726207487, 0.016861960560160046, 0.026864818519577022, 0.036867676478994, 0.05830237210631609, 0.0901686196056016, 0.10774507002000572, 0.2880823092312089, 0.08888253786796227, 0.06358959702772221, 0.09402686481851957, 0.027722206344669906, 0.014861388968276651, 0.033866819091168905, 0.010431551871963419, 0.005001428979708488, 0.004144041154615604, 0.0014289797084881394, 0.002572163475278651, 0.00014289797084881395, 0.0, 0.0], [0.0, 0.0, 0.0, 0.0, 0.00013415615776764153, 0.00013415615776764153, 0.0009390931043734908, 0.0024148108398175474, 0.0063053394150791526, 0.009927555674805473, 0.015427958143278776, 0.017976925140863964, 0.03353903944191038, 0.043466595116715856, 0.060772739468741614, 0.07901797692514087, 0.1507915213308291, 0.12100885430641266, 0.21116179232626778, 0.08840890796887577, 0.05513818084250067, 0.05969949020660048, 0.017842768983096325, 0.007781057150523209, 0.01220821035685538, 0.002548966997585189, 0.0012074054199087737, 0.0016098738932116983, 0.00026831231553528306, 0.0, 0.00026831231553528306, 0.0, 0.0], [0.0, 0.0, 0.0, 0.0, 0.008771929824561403, 0.0, 0.008771929824561403, 0.03508771929824561, 0.03508771929824561, 0.05263157894736842, 0.043859649122807015, 0.07894736842105263, 0.07017543859649122, 0.10526315789473684, 0.07894736842105263, 0.10526315789473684, 0.06140350877192982, 0.03508771929824561, 0.08771929824561403, 0.08771929824561403, 0.02631578947368421, 0.043859649122807015, 0.017543859649122806, 0.017543859649122806, 0.0, 0.0, 0.0, 0.0, 0.0, 0.0, 0.0, 0.0, 0.0], [0.0, 0.0, 0.0, 0.0, 0.0, 0.0, 0.0, 0.0017468422467078742, 0.0018812147272238647, 0.0067186240257995165, 0.010077936038699274, 0.01652781510346681, 0.030233808116097823, 0.05173340499865627, 0.07188927707605483, 0.09957000806234884, 0.16124697661918838, 0.11448535339962376, 0.17817790916420317, 0.07565170653050256, 0.04420854608976082, 0.06315506584251546, 0.02096210696049449, 0.010615425960763236, 0.021499596882558453, 0.008465466272507391, 0.0033593120128997582, 0.0033593120128997582, 0.002149959688255845, 0.0008062348830959419, 0.0014780972856758936, 0.0, 0.0], [0.0, 0.0, 0.0002642706131078224, 0.001321353065539112, 0.0015856236786469344, 0.003171247357293869, 0.005813953488372093, 0.008985200845665961, 0.01744186046511628, 0.024577167019027485, 0.0388477801268499, 0.04704016913319239, 0.07003171247357294, 0.08350951374207188, 0.10914376321353066, 0.12341437632135306, 0.12526427061310783, 0.08192389006342495, 0.11046511627906977, 0.0388477801268499, 0.028012684989429177, 0.029069767441860465, 0.011099365750528542, 0.007135306553911205, 0.012684989429175475, 0.006342494714587738, 0.006871035940803382, 0.0023784355179704017, 0.0018498942917547568, 0.0007928118393234672, 0.0021141649048625794, 0.0, 0.0], [0.0033333333333333335, 0.0, 0.0033333333333333335, 0.01, 0.016666666666666666, 0.013333333333333334, 0.016666666666666666, 0.05, 0.05, 0.1, 0.08666666666666667, 0.10333333333333333, 0.09, 0.10333333333333333, 0.07666666666666666, 0.06666666666666667, 0.06666666666666667, 0.03333333333333333, 0.02666666666666667, 0.03666666666666667, 0.006666666666666667, 0.013333333333333334, 0.02, 0.006666666666666667, 0.0, 0.0, 0.0, 0.0, 0.0, 0.0, 0.0, 0.0, 0.0], [0.0003397893306150187, 0.00022652622041001246, 0.0005663155510250311, 0.0005663155510250311, 0.0005663155510250311, 0.0015856835428700873, 0.0016989466530750934, 0.0050968399592252805, 0.009400838147015518, 0.020387359836901122, 0.0327330388492468, 0.04428587609015744, 0.056291765771888096, 0.06286102616377846, 0.07985049269452939, 0.08154943934760449, 0.14078604598482275, 0.10397553516819572, 0.12323026390304678, 0.0652395514780836, 0.045871559633027525, 0.04711745384528259, 0.02072714916751614, 0.013138520783780723, 0.022086306489976216, 0.009400838147015518, 0.00600294484086533, 0.0018122097632800997, 0.002378525314305131, 0.00022652622041001246, 0.0, 0.0, 0.0], [0.0, 0.0, 0.0, 0.0, 0.00036927621861152144, 0.00036927621861152144, 0.00036927621861152144, 0.00036927621861152144, 0.0007385524372230429, 0.005539143279172821, 0.007016248153618907, 0.005908419497784343, 0.012186115214180207, 0.021048744460856722, 0.04025110782865583, 0.06351550960118169, 0.07791728212703102, 0.08124076809453472, 0.18759231905465287, 0.08087149187592318, 0.08530280649926145, 0.12149187592319055, 0.050221565731166914, 0.025480059084194977, 0.06868537666174299, 0.022895125553914326, 0.013663220088626292, 0.014771048744460856, 0.0066469719350073855, 0.004062038404726735, 0.0014771048744460858, 0.0, 0.0], [0.0, 0.0, 0.0003245699448231094, 0.0, 0.0016228497241155468, 0.0016228497241155468, 0.0035702693930542034, 0.0038948393378773127, 0.012009087958455048, 0.018175916910094125, 0.03050957481337228, 0.0344044141512496, 0.059720869847452125, 0.0723790976955534, 0.09217786432976306, 0.11197663096397274, 0.14053878610840637, 0.09120415449529373, 0.15092502434274585, 0.054527750730282376, 0.03635183382018825, 0.040246673158065564, 0.012658227848101266, 0.008438818565400843, 0.011359948068808828, 0.004219409282700422, 0.0019474196689386564, 0.0016228497241155468, 0.0019474196689386564, 0.0016228497241155468, 0.0, 0.0, 0.0], [0.00018439977872026554, 0.0, 0.0005531993361607966, 0.0005531993361607966, 0.0007375991148810622, 0.0018439977872026553, 0.004609994468006639, 0.008113590263691683, 0.01364558362529965, 0.0219435736677116, 0.047575142909828505, 0.06417112299465241, 0.08998709201548959, 0.09754748294302047, 0.13479623824451412, 0.13166144200626959, 0.12926424488290614, 0.07449751060298727, 0.08058270330075604, 0.03761755485893417, 0.01936197676562788, 0.018439977872026555, 0.008113590263691683, 0.0053475935828877, 0.004056795131845842, 0.0014751982297621243, 0.0018439977872026553, 0.0009219988936013276, 0.0005531993361607966, 0.0, 0.0, 0.0, 0.0], [0.0, 0.0, 0.0, 0.0, 0.0003497114880223815, 0.000699422976044763, 0.002797691904179052, 0.002972547648190243, 0.0071690855044588215, 0.00909249868858192, 0.021856968001398847, 0.03322259136212625, 0.04528763769889841, 0.06784402867634202, 0.10683685959083757, 0.1134813778632628, 0.1461794019933555, 0.10438887917468088, 0.15929358279419478, 0.060325231683860815, 0.03724427347438363, 0.03636999475432768, 0.01363874803287288, 0.008567931456548347, 0.012939325056828117, 0.005070816576324532, 0.0015737016961007168, 0.0010491344640671447, 0.0017485574401119076, 0.0, 0.0, 0.0, 0.0], [0.00024509803921568627, 0.0, 0.0, 0.00012254901960784314, 0.00012254901960784314, 0.0003676470588235294, 0.0015931372549019608, 0.0023284313725490196, 0.005147058823529412, 0.013235294117647059, 0.02193627450980392, 0.025122549019607844, 0.03480392156862745, 0.04607843137254902, 0.06629901960784314, 0.08762254901960784, 0.13186274509803922, 0.11605392156862746, 0.18051470588235294, 0.0857843137254902, 0.055392156862745096, 0.059803921568627454, 0.020833333333333332, 0.010416666666666666, 0.017769607843137254, 0.005392156862745098, 0.004044117647058824, 0.002696078431372549, 0.0015931372549019608, 0.0024509803921568627, 0.0003676470588235294, 0.0, 0.0], [0.0, 0.0, 0.0, 0.0, 0.00046871338176704945, 0.00023435669088352472, 0.00046871338176704945, 0.0007030700726505742, 0.004218420435903445, 0.004218420435903445, 0.013123974689477385, 0.018045465198031404, 0.03609093039606281, 0.05179282868525897, 0.07405671431919382, 0.10077337707991563, 0.1497539254745723, 0.11600656198734474, 0.17131474103585656, 0.0796812749003984, 0.05812045933911413, 0.05694867588469651, 0.022732599015701897, 0.010311694398875087, 0.016639325052730254, 0.007733770799156316, 0.0018748535270681978, 0.0018748535270681978, 0.0009374267635340989, 0.0018748535270681978, 0.0, 0.0, 0.0], [0.0, 0.0004116920543433512, 0.0, 0.0, 0.0012350761630300535, 0.0012350761630300535, 0.0008233841086867024, 0.004940304652120214, 0.009880609304240428, 0.01399752984767394, 0.019761218608480857, 0.03128859613009469, 0.04775627830382874, 0.057225195553725815, 0.08069164265129683, 0.10415808974886785, 0.13544668587896252, 0.10251132153149445, 0.13585837793330588, 0.06463565253190613, 0.0531082750102923, 0.04652120214079868, 0.02799505969534788, 0.01440922190201729, 0.0177027583367641, 0.009880609304240428, 0.004528612597776863, 0.006175380815150268, 0.004116920543433511, 0.002470152326060107, 0.0012350761630300535, 0.0, 0.0], [0.00022153300841825432, 0.0, 0.00044306601683650863, 0.00044306601683650863, 0.00044306601683650863, 0.0008861320336730173, 0.0015507310589277803, 0.003544528134692069, 0.007089056269384138, 0.012184315463003987, 0.022374833850243685, 0.03943287549844927, 0.06778910057598582, 0.0790872840053168, 0.10655737704918032, 0.12494461674789543, 0.13668586619406292, 0.09304386353566682, 0.12871067789100576, 0.05050952591936198, 0.03433761630482942, 0.04009747452370403, 0.01484271156402304, 0.007753655294638901, 0.013070447496677004, 0.005316792202038104, 0.003544528134692069, 0.001993797075764289, 0.0015507310589277803, 0.0015507310589277803, 0.0, 0.0, 0.0], [0.0, 0.0, 0.00016937669376693767, 0.00033875338753387534, 0.0005081300813008131, 0.00033875338753387534, 0.0011856368563685636, 0.0028794037940379404, 0.0040650406504065045, 0.009993224932249323, 0.019308943089430895, 0.023882113821138213, 0.04369918699186992, 0.05758807588075881, 0.09942411924119242, 0.122289972899729, 0.14668021680216803, 0.09908536585365854, 0.18377371273712736, 0.06080623306233062, 0.03523035230352303, 0.04065040650406504, 0.015413279132791328, 0.00796070460704607, 0.012195121951219513, 0.004234417344173441, 0.0033875338753387536, 0.0016937669376693768, 0.0005081300813008131, 0.0027100271002710027, 0.0, 0.0, 0.0], [0.0, 0.0, 0.0, 0.009009009009009009, 0.009009009009009009, 0.009009009009009009, 0.0, 0.009009009009009009, 0.009009009009009009, 0.05405405405405406, 0.02702702702702703, 0.04504504504504504, 0.04504504504504504, 0.06306306306306306, 0.05405405405405406, 0.11711711711711711, 0.12612612612612611, 0.08108108108108109, 0.07207207207207207, 0.02702702702702703, 0.08108108108108109, 0.036036036036036036, 0.036036036036036036, 0.0, 0.018018018018018018, 0.02702702702702703, 0.009009009009009009, 0.036036036036036036, 0.0, 0.0, 0.0, 0.0, 0.0], [0.00025799793601651185, 0.00012899896800825592, 0.0, 0.00012899896800825592, 0.00012899896800825592, 0.00012899896800825592, 0.0003869969040247678, 0.0014189886480908153, 0.003224974200206398, 0.006578947368421052, 0.010964912280701754, 0.0152218782249742, 0.03005675954592363, 0.04489164086687306, 0.07301341589267286, 0.1042311661506708, 0.163312693498452, 0.14202786377708979, 0.15557275541795665, 0.0825593395252838, 0.05417956656346749, 0.055082559339525286, 0.021800825593395252, 0.010061919504643963, 0.013157894736842105, 0.005288957688338493, 0.0023219814241486067, 0.0011609907120743034, 0.0027089783281733747, 0.0, 0.0, 0.0, 0.0], [0.0, 0.0, 0.0, 0.0001592103168285305, 0.0, 0.0001592103168285305, 0.0014328928514567743, 0.0007960515841426524, 0.001910523801942366, 0.0031842063365706097, 0.0070052539404553416, 0.010985511861168603, 0.017831555484795415, 0.02563286100939341, 0.043782837127845885, 0.06750517433529693, 0.1248208883935679, 0.11893010667091228, 0.20267473332271932, 0.10062092023563127, 0.07275911479063843, 0.09632224168126094, 0.0297723292469352, 0.016557872950167172, 0.02849864671230696, 0.013532876930425092, 0.006049992039484159, 0.004298678554370323, 0.0020697341187708965, 0.000955261900971183, 0.0017513134851138354, 0.0, 0.0], [0.0003355329381500951, 0.00011184431271669836, 0.0, 0.0002236886254333967, 0.0002236886254333967, 0.0006710658763001902, 0.0008947545017335869, 0.002236886254333967, 0.003802706632367744, 0.007046191701151996, 0.013421317526003803, 0.01767140140923834, 0.022816239794206463, 0.03545464713119338, 0.04965887484621407, 0.07448831226932111, 0.10502180964097976, 0.11251537859299855, 0.21429370316519405, 0.10781791745889721, 0.06979085113521978, 0.0820937255340566, 0.02863214405547478, 0.01487529359132088, 0.02102673079073929, 0.0072698803265853935, 0.0036908623196510457, 0.0013421317526003803, 0.0025724191924840624, 0.0, 0.0, 0.0, 0.0], [0.0, 0.0, 0.0, 0.001692047377326565, 0.001692047377326565, 0.0, 0.0, 0.005076142131979695, 0.008460236886632826, 0.005076142131979695, 0.01692047377326565, 0.025380710659898477, 0.043993231810490696, 0.08460236886632826, 0.09475465313028765, 0.1353637901861252, 0.16243654822335024, 0.12521150592216582, 0.16412859560067683, 0.06091370558375635, 0.02707275803722504, 0.025380710659898477, 0.00676818950930626, 0.001692047377326565, 0.00338409475465313, 0.0, 0.0, 0.0, 0.0, 0.0, 0.0, 0.0, 0.0], [0.0, 0.0, 0.0, 0.00019316206297083252, 0.0, 0.00019316206297083252, 0.0002897430944562488, 0.0008692292833687463, 0.002124782692679158, 0.005601699826154143, 0.00878887386517288, 0.01632219432103535, 0.026173459532547808, 0.03351361792543944, 0.05118794668727062, 0.06316399459146224, 0.09899555727255167, 0.07233919258257678, 0.20262700405640333, 0.11377245508982035, 0.07610585281050801, 0.12854935290708905, 0.03814950743673942, 0.012845277187560364, 0.027622175004829053, 0.00878887386517288, 0.005311956731697895, 0.0027042688815916553, 0.0019316206297083252, 0.001835039598222909, 0.0, 0.0, 0.0], [0.0002115730455939913, 0.00010578652279699566, 0.00010578652279699566, 0.0, 0.0006347191367819739, 0.0006347191367819739, 0.0004231460911879826, 0.0010578652279699566, 0.0013752247963609435, 0.006347191367819739, 0.011636517507669523, 0.023590394583730034, 0.04263196868718925, 0.058711520152332594, 0.08600444303395748, 0.10557494975140168, 0.15465989632920765, 0.1562466941711626, 0.1873479318734793, 0.06643393631651327, 0.03755421559293346, 0.03226488945308368, 0.012271236644451497, 0.0039141013434888395, 0.005500899185443774, 0.001904157410345922, 0.0020099439331429177, 0.0008462921823759652, 0.0, 0.0, 0.0, 0.0, 0.0], [0.0, 0.00012679092177000128, 0.0, 0.00012679092177000128, 0.0003803727653100038, 0.0007607455306200076, 0.0008875364523900089, 0.002282236591860023, 0.003423354887790034, 0.005832382401420058, 0.011537973881070116, 0.020413338404970203, 0.02916191200710029, 0.0395587675922404, 0.0698617978952707, 0.10561683783441106, 0.1615316343349816, 0.1280588309877013, 0.17535184480791174, 0.08710536325599087, 0.05096995055154051, 0.05287181437809053, 0.024597438823380245, 0.010523646506910105, 0.011664764802840117, 0.002916191200710029, 0.002282236591860023, 0.0021554456700900214, 0.0, 0.0, 0.0, 0.0, 0.0], [0.0, 0.0, 0.0, 0.0, 0.00029407440082340834, 0.0, 0.000882223202470225, 0.000882223202470225, 0.0016174092045287457, 0.0033818556094691956, 0.009410380826349067, 0.014556682840758712, 0.026319658873695046, 0.04455227172474636, 0.07454786060873402, 0.10630789589766211, 0.15086016762240848, 0.09851492427584178, 0.19997059255991767, 0.07498897220996913, 0.046169680929275106, 0.05984414056756359, 0.02690780767534186, 0.013086310836641671, 0.021320394059697104, 0.009263343625937363, 0.005881488016468166, 0.0032348184090574914, 0.0030877812086457872, 0.0020585208057638583, 0.0020585208057638583, 0.0, 0.0], [0.0, 0.00036258158085569254, 0.00036258158085569254, 0.0007251631617113851, 0.0025380710659898475, 0.0025380710659898475, 0.005438723712835388, 0.008339376359680928, 0.014503263234227702, 0.02864394488759971, 0.03807106598984772, 0.05402465554749819, 0.06018854242204496, 0.0823060188542422, 0.11385061638868746, 0.1116751269035533, 0.11892675852066716, 0.0772298767222625, 0.14938361131254532, 0.04423495286439449, 0.02102973168963017, 0.032269760696156634, 0.009427121102248005, 0.005076142131979695, 0.010514865844815084, 0.0032632342277012327, 0.0018129079042784628, 0.0010877447425670776, 0.0018129079042784628, 0.00036258158085569254, 0.0, 0.0, 0.0], [0.0, 0.0, 0.0, 0.0019292604501607716, 0.002572347266881029, 0.002572347266881029, 0.0038585209003215433, 0.010932475884244373, 0.010289389067524116, 0.014790996784565916, 0.023794212218649517, 0.0360128617363344, 0.05016077170418006, 0.05659163987138264, 0.08231511254019293, 0.10932475884244373, 0.14533762057877814, 0.10418006430868167, 0.17106109324758842, 0.06109324758842444, 0.028938906752411574, 0.033440514469453377, 0.02122186495176849, 0.005787781350482315, 0.014790996784565916, 0.0045016077170418, 0.0012861736334405145, 0.002572347266881029, 0.0006430868167202572, 0.0, 0.0, 0.0, 0.0], [0.0002942041776993233, 0.0, 0.0, 0.0, 0.0005884083553986466, 0.0007355104442483084, 0.00264783759929391, 0.005001471020888497, 0.006619593998234775, 0.013974698440717859, 0.026184171815239778, 0.040158870255957636, 0.05339805825242718, 0.07399235069137981, 0.12900853192115327, 0.14136510738452487, 0.14783759929390997, 0.09076198882024125, 0.12842012356575463, 0.04251250367755222, 0.02736098852603707, 0.03133274492497794, 0.013386290085319212, 0.0069137981759340985, 0.010885554574874964, 0.00264783759929391, 0.001323918799646955, 0.0010297146219476316, 0.00014710208884966165, 0.0011768167107972932, 0.0002942041776993233, 0.0, 0.0], [0.0, 0.0, 0.0, 0.00043591979075850045, 0.00021795989537925023, 0.00021795989537925023, 0.002179598953792502, 0.0006538796861377507, 0.003923278116826504, 0.00980819529206626, 0.016782911944202266, 0.022013949433304272, 0.03400174367916303, 0.0486050566695728, 0.07127288578901482, 0.10636442894507411, 0.11900610287707061, 0.0989537925021796, 0.16652136006974716, 0.07367044463818657, 0.0534001743679163, 0.06233653007846556, 0.02877070619006103, 0.015039232781168265, 0.03182214472537053, 0.012859633827375762, 0.009372275501307759, 0.004795117698343505, 0.003051438535309503, 0.0023975588491717526, 0.0015257192676547515, 0.0, 0.0], [0.0, 0.0, 0.0, 0.0, 0.00020283975659229209, 0.0, 0.0008113590263691683, 0.0010141987829614604, 0.002434077079107505, 0.008924949290060852, 0.015415821501014199, 0.027586206896551724, 0.04401622718052738, 0.06490872210953347, 0.09533468559837728, 0.11784989858012171, 0.14726166328600407, 0.10425963488843813, 0.16531440162271804, 0.06896551724137931, 0.04178498985801217, 0.04543610547667343, 0.01643002028397566, 0.007707910750507099, 0.010547667342799188, 0.002839756592292089, 0.004056795131845842, 0.002231237322515213, 0.0032454361054766734, 0.0014198782961460446, 0.0, 0.0, 0.0], [0.00013655605626109517, 0.00013655605626109517, 0.00013655605626109517, 0.00013655605626109517, 0.00013655605626109517, 0.0012290045063498567, 0.0012290045063498567, 0.0031407892940051893, 0.0043697938003550455, 0.007510583094360235, 0.019937184214119896, 0.030178888433702034, 0.04902362419773317, 0.06363512221767036, 0.09176566980745596, 0.142018298511539, 0.17724976102690154, 0.11921343711593609, 0.12549501570394647, 0.06582001911784788, 0.037552915471801174, 0.03004233237744094, 0.013792161682370614, 0.005189130137921617, 0.005189130137921617, 0.0017752287313942373, 0.0009558923938276663, 0.0028676771814829987, 0.00013655605626109517, 0.0, 0.0, 0.0, 0.0], [0.0, 0.0, 0.0, 0.0002106593638087213, 0.0002106593638087213, 0.0008426374552348852, 0.0008426374552348852, 0.0025279123657046556, 0.004634506003791869, 0.006951759005687803, 0.016852749104697702, 0.024857804929429114, 0.04213187276174426, 0.057931325047398355, 0.09247946071202864, 0.12850221192331998, 0.1571518854013061, 0.11544133136717927, 0.14366968611754793, 0.06762165578259954, 0.0425531914893617, 0.041499894670318095, 0.018327364651358754, 0.006319780914261639, 0.01622077101327154, 0.00484516536760059, 0.0033705498209395408, 0.001474615546661049, 0.0012639561828523278, 0.0006319780914261639, 0.0006319780914261639, 0.0, 0.0], [0.0, 0.0, 0.0, 0.0002587991718426501, 0.0, 0.0010351966873706005, 0.002070393374741201, 0.002846790890269151, 0.005693581780538302, 0.005693581780538302, 0.011904761904761904, 0.021221532091097308, 0.031314699792960664, 0.04606625258799172, 0.07712215320910973, 0.10766045548654245, 0.1389751552795031, 0.09963768115942029, 0.18297101449275363, 0.07686335403726709, 0.05124223602484472, 0.06159420289855073, 0.02562111801242236, 0.015269151138716356, 0.019409937888198756, 0.009316770186335404, 0.003105590062111801, 0.0012939958592132505, 0.0010351966873706005, 0.0007763975155279503, 0.0, 0.0, 0.0], [0.0, 0.0, 0.00014553922282055013, 0.0, 0.00029107844564110026, 0.00043661766846165044, 0.00043661766846165044, 0.0016009314510260515, 0.0017464706738466017, 0.005239412021539805, 0.01018774559743851, 0.023286275651288022, 0.03958666860718964, 0.06651142482899142, 0.08950662203463834, 0.11395721146849076, 0.14670353660311453, 0.10231407364284675, 0.1686799592490176, 0.060980934361810506, 0.04293407073206229, 0.048464561199243195, 0.024305050211031874, 0.01091544171154126, 0.02226750109154417, 0.006549265026924756, 0.0058215689128220055, 0.0034929413476932035, 0.0014553922282055014, 0.0013098530053849513, 0.0008732353369233009, 0.0, 0.0], [0.0, 0.0, 0.00010018032458425165, 0.0, 0.00010018032458425165, 0.00010018032458425165, 0.00030054097375275494, 0.0010018032458425166, 0.0021037868162692847, 0.005710278501302344, 0.01021839310759367, 0.020236425566018835, 0.03396113003406131, 0.04598276898417151, 0.06732117812061711, 0.07784011220196353, 0.09657383289921859, 0.06872370266479663, 0.23562412342215988, 0.10218393107593668, 0.06722099779603286, 0.08815868563414145, 0.026347425365658185, 0.009817671809256662, 0.025045081146062912, 0.0069124423963133645, 0.003105590062111801, 0.0018032458425165298, 0.0018032458425165298, 0.0017030655179322781, 0.0, 0.0, 0.0], [0.0, 0.0, 0.0, 0.0, 0.0, 0.00012065637065637066, 0.0007239382239382239, 0.0006032818532818533, 0.0022924710424710427, 0.0049469111969111966, 0.008083976833976833, 0.018098455598455597, 0.030284749034749033, 0.052847490347490346, 0.08035714285714286, 0.11317567567567567, 0.17229729729729729, 0.1274131274131274, 0.20728764478764478, 0.07106660231660232, 0.03788610038610039, 0.0464527027027027, 0.011221042471042471, 0.004102316602316602, 0.006032818532818533, 0.0012065637065637065, 0.0012065637065637065, 0.0015685328185328184, 0.0007239382239382239, 0.0, 0.0, 0.0, 0.0], [0.0, 0.00392156862745098, 0.0, 0.00392156862745098, 0.00392156862745098, 0.0196078431372549, 0.027450980392156862, 0.0196078431372549, 0.06666666666666667, 0.03529411764705882, 0.054901960784313725, 0.06666666666666667, 0.06666666666666667, 0.11372549019607843, 0.11372549019607843, 0.12549019607843137, 0.09019607843137255, 0.06666666666666667, 0.043137254901960784, 0.01568627450980392, 0.011764705882352941, 0.023529411764705882, 0.011764705882352941, 0.01568627450980392, 0.0, 0.0, 0.0, 0.0, 0.0, 0.0, 0.0, 0.0, 0.0]]}, "ranks": {"labels": ["Unranked", "Combatatent I", "Combatatent II", "Challenger I", "Challenger II", "Rival I", "Rival II", "Duelist", "Elite"], "data": [[0.1157556270096463, 0.14469453376205788, 0.20257234726688103, 0.21864951768488747, 0.15434083601286175, 0.08360128617363344, 0.04823151125401929, 0.01929260450160772, 0.012861736334405145], [0.05028854080791426, 0.07708161582852432, 0.13849958779884583, 0.22217642209398186, 0.23660346248969497, 0.18507831821929102, 0.04657873042044518, 0.031327287716405604, 0.01236603462489695], [0.009859959988568163, 0.018576736210345814, 0.043726779079737065, 0.09517004858531009, 0.19791368962560732, 0.3360960274364104, 0.10445841669048299, 0.13661046013146613, 0.05758788225207202], [0.019855111349610946, 0.03340488328414274, 0.07700563455862625, 0.1397907163938825, 0.27180037563724174, 0.25798229138717466, 0.09672658975046955, 0.08532331634022002, 0.018111081298631607], [0.14035087719298245, 0.12280701754385964, 0.17543859649122806, 0.18421052631578946, 0.09649122807017543, 0.14912280701754385, 0.05263157894736842, 0.07894736842105263, 0.0], [0.010346680999731255, 0.026605751142166085, 0.08196721311475409, 0.17145928513840367, 0.27573233001881214, 0.21835528083848427, 0.07968288094598226, 0.09473259876377318, 0.04111797903789304], [0.06316067653276955, 0.08588794926004228, 0.1535412262156448, 0.23255813953488372, 0.20718816067653276, 0.13424947145877378, 0.043076109936575055, 0.04730443974630021, 0.0330338266384778], [0.2633333333333333, 0.19, 0.19333333333333333, 0.14333333333333334, 0.1, 0.04, 0.03, 0.04, 0.0], [0.04043493034318722, 0.07701891493940424, 0.11915279193566655, 0.16139993204213388, 0.24476158115301846, 0.1582285649563937, 0.07611281005776419, 0.08098312379657946, 0.0419073507758523], [0.00775480059084195, 0.01292466765140325, 0.03323485967503693, 0.10376661742983752, 0.15915805022156573, 0.22710487444608568, 0.12666174298375185, 0.19719350073855244, 0.13220088626292467], [0.041220382992534894, 0.06491398896462187, 0.13209996754300551, 0.2041544952937358, 0.2317429406037001, 0.1794871794871795, 0.062317429406037, 0.06134371957156767, 0.022719896137617657], [0.052185137377835145, 0.11174626590448092, 0.18753457495851006, 0.2664576802507837, 0.20376175548589343, 0.09865388161534207, 0.03890835330997603, 0.031901161718605936, 0.008851189378572745], [0.02308095820947718, 0.05507955936352509, 0.11313166637524043, 0.22031823745410037, 0.25056828116803637, 0.19024304948417556, 0.06662003846826368, 0.058576674243748905, 0.022381535233432417], [0.023161764705882354, 0.047058823529411764, 0.08088235294117647, 0.153921568627451, 0.24791666666666667, 0.2267156862745098, 0.09497549019607843, 0.09105392156862745, 0.03431372549019608], [0.010311694398875087, 0.03116943988750879, 0.08788375908132177, 0.17483009139910943, 0.26576048746191705, 0.21888914928521208, 0.09022732599015702, 0.0899929692992735, 0.030935083196625263], [0.03252367229312474, 0.05104981473857555, 0.10498147385755455, 0.18484973240016467, 0.23795800741045697, 0.17002881844380405, 0.08357348703170028, 0.08892548373816385, 0.04610951008645533], [0.026805494018608773, 0.06180770934869295, 0.14687638458130262, 0.23150199379707576, 0.22972972972972974, 0.1581745680106336, 0.05538325210456358, 0.06269384138236597, 0.02702702702702703], [0.01947831978319783, 0.043191056910569105, 0.10128726287262872, 0.22171409214092141, 0.24576558265582657, 0.2171409214092141, 0.06266937669376693, 0.06402439024390244, 0.0247289972899729], [0.0990990990990991, 0.07207207207207207, 0.10810810810810811, 0.17117117117117117, 0.2072072072072072, 0.08108108108108109, 0.0990990990990991, 0.07207207207207207, 0.09009009009009009], [0.01238390092879257, 0.026186790505675954, 0.0749484004127967, 0.17724458204334365, 0.30534055727554177, 0.20214138286893704, 0.0901702786377709, 0.0869453044375645, 0.024638802889576882], [0.007642095207769464, 0.017990765801623947, 0.04346441649418882, 0.11128801146314281, 0.24375099506448017, 0.2553733481929629, 0.1206814201560261, 0.14265244387836332, 0.057156503741442446], [0.015546359467621071, 0.031092718935242143, 0.05827088692539984, 0.12414718711553517, 0.2175371882339783, 0.2707750810871267, 0.12112739067218432, 0.12560116318085227, 0.03590202438206017], [0.021996615905245348, 0.04230118443316413, 0.12859560067681894, 0.23011844331641285, 0.2876480541455161, 0.20135363790186125, 0.050761421319796954, 0.0338409475465313, 0.00338409475465313], [0.009271779022599961, 0.02511106818620823, 0.05968707745798725, 0.11435194127873285, 0.17133474985512845, 0.26453544523855516, 0.12796986671817656, 0.17954413753138884, 0.04819393471122271], [0.010896011848090553, 0.035226912091399554, 0.10134348883952185, 0.19157939278535915, 0.31090659050037023, 0.22363270919284883, 0.06770337459007722, 0.048450227441024014, 0.01026129271130858], [0.013820210472930139, 0.03195131228604032, 0.06872067959934068, 0.17547863572968175, 0.2895904653226829, 0.22201090401927223, 0.09141625459617092, 0.08799289970838088, 0.01901863826550019], [0.0070577856197618, 0.02396706366710778, 0.07087193059844141, 0.18085575650639613, 0.24937509189825025, 0.24099397147478313, 0.08013527422437877, 0.09983825907954713, 0.046904866931333625], [0.06345177664974619, 0.09209572153734591, 0.14249456127628715, 0.22552574329224076, 0.19615663524292967, 0.1700507614213198, 0.04459753444525018, 0.046773023930384336, 0.01885424220449601], [0.04694533762057878, 0.05980707395498392, 0.1067524115755627, 0.19163987138263666, 0.24951768488745982, 0.20514469453376205, 0.05594855305466238, 0.06045016077170418, 0.023794212218649517], [0.029861724036481317, 0.06634304207119741, 0.12739040894380702, 0.27037363930567815, 0.23859958811415122, 0.1512209473374522, 0.047072668431891736, 0.05163283318623124, 0.01750514857310974], [0.017436791630340016, 0.03879686137750654, 0.08260680034873583, 0.17763731473408892, 0.21795989537925023, 0.20619006102877072, 0.08740191804707934, 0.10614646904969485, 0.06582388840453357], [0.013387423935091278, 0.04300202839756592, 0.10892494929006086, 0.21318458417849898, 0.2515212981744422, 0.20486815415821502, 0.07119675456389453, 0.06957403651115619, 0.02434077079107505], [0.01816195548272566, 0.05011607264782193, 0.11265874641540352, 0.23378396831899495, 0.2964631981428376, 0.16250170695070326, 0.06636624334289226, 0.04902362419773317, 0.010924484500887614], [0.01622077101327154, 0.041710554034126816, 0.10006319780914262, 0.22098167263534865, 0.27259321676848536, 0.18032441542026542, 0.07352011796924374, 0.06614704023593848, 0.028439014114177374], [0.017598343685300208, 0.033126293995859216, 0.07738095238095238, 0.18478260869565216, 0.2386128364389234, 0.2277432712215321, 0.08333333333333333, 0.10248447204968944, 0.03493788819875776], [0.00989666715179741, 0.03347402124872653, 0.10609809343618105, 0.2034638335031291, 0.24901761024596128, 0.20186290205210305, 0.07073206229078736, 0.08368505312181633, 0.04176975694949789], [0.009416950510919656, 0.030454818673612504, 0.07994389901823282, 0.14516129032258066, 0.16529753556401522, 0.289420957723903, 0.1156080945702264, 0.1243237828090563, 0.040372670807453416], [0.008687258687258687, 0.026182432432432432, 0.08313223938223938, 0.19353281853281853, 0.2997104247104247, 0.24601833976833976, 0.07022200772200772, 0.06177606177606178, 0.010738416988416988], [0.1803921568627451, 0.12156862745098039, 0.1803921568627451, 0.23921568627450981, 0.1568627450980392, 0.047058823529411764, 0.023529411764705882, 0.050980392156862744, 0.0]]}, "ranksDetailed": {"labels": ["Unranked", "Combatatant", "Challenger", "Rival", "Duelist", "Elite"], "data": [[0.1157556270096463, 0.34726688102893893, 0.3729903536977492, 0.13183279742765272, 0.01929260450160772, 0.012861736334405145], [0.05028854080791426, 0.21558120362737015, 0.45877988458367686, 0.23165704863973618, 0.031327287716405604, 0.01236603462489695], [0.009859959988568163, 0.06230351529008288, 0.29308373821091743, 0.4405544441268934, 0.13661046013146613, 0.05758788225207202], [0.019855111349610946, 0.11041051784276898, 0.4115910920311242, 0.3547088811376442, 0.08532331634022002, 0.018111081298631607], [0.14035087719298245, 0.2982456140350877, 0.2807017543859649, 0.20175438596491227, 0.07894736842105263, 0.0], [0.010346680999731255, 0.10857296425692019, 0.4471916151572158, 0.2980381617844665, 0.09473259876377318, 0.04111797903789304], [0.06316067653276955, 0.2394291754756871, 0.4397463002114165, 0.17732558139534885, 0.04730443974630021, 0.0330338266384778], [0.2633333333333333, 0.38333333333333336, 0.24333333333333335, 0.07, 0.04, 0.0], [0.04043493034318722, 0.1961717068750708, 0.4061615131951523, 0.2343413750141579, 0.08098312379657946, 0.0419073507758523], [0.00775480059084195, 0.04615952732644018, 0.26292466765140327, 0.3537666174298375, 0.19719350073855244, 0.13220088626292467], [0.041220382992534894, 0.1970139565076274, 0.4358974358974359, 0.24180460889321648, 0.06134371957156767, 0.022719896137617657], [0.052185137377835145, 0.29928084086299095, 0.4702194357366771, 0.13756223492531808, 0.031901161718605936, 0.008851189378572745], [0.02308095820947718, 0.1682112257387655, 0.47088651862213676, 0.25686308795243923, 0.058576674243748905, 0.022381535233432417], [0.023161764705882354, 0.12794117647058822, 0.40183823529411766, 0.32169117647058826, 0.09105392156862745, 0.03431372549019608], [0.010311694398875087, 0.11905319896883056, 0.4405905788610265, 0.3091164752753691, 0.0899929692992735, 0.030935083196625263], [0.03252367229312474, 0.1560312885961301, 0.42280773981062164, 0.25360230547550433, 0.08892548373816385, 0.04610951008645533], [0.026805494018608773, 0.20868409392999557, 0.46123172352680547, 0.21355782011519717, 0.06269384138236597, 0.02702702702702703], [0.01947831978319783, 0.14447831978319783, 0.46747967479674796, 0.279810298102981, 0.06402439024390244, 0.0247289972899729], [0.0990990990990991, 0.18018018018018017, 0.3783783783783784, 0.18018018018018017, 0.07207207207207207, 0.09009009009009009], [0.01238390092879257, 0.10113519091847266, 0.48258513931888547, 0.29231166150670795, 0.0869453044375645, 0.024638802889576882], [0.007642095207769464, 0.06145518229581277, 0.355039006527623, 0.376054768348989, 0.14265244387836332, 0.057156503741442446], [0.015546359467621071, 0.08936360586064199, 0.34168437534951346, 0.39190247175931103, 0.12560116318085227, 0.03590202438206017], [0.021996615905245348, 0.17089678510998307, 0.5177664974619289, 0.2521150592216582, 0.0338409475465313, 0.00338409475465313], [0.009271779022599961, 0.08479814564419548, 0.2856866911338613, 0.3925053119567317, 0.17954413753138884, 0.04819393471122271], [0.010896011848090553, 0.1365704009309214, 0.5024859832857294, 0.2913360837829261, 0.048450227441024014, 0.01026129271130858], [0.013820210472930139, 0.10067199188538101, 0.46506910105236465, 0.3134271586154431, 0.08799289970838088, 0.01901863826550019], [0.0070577856197618, 0.09483899426554919, 0.43023084840464637, 0.3211292456991619, 0.09983825907954713, 0.046904866931333625], [0.06345177664974619, 0.23459028281363306, 0.42168237853517043, 0.21464829586656997, 0.046773023930384336, 0.01885424220449601], [0.04694533762057878, 0.1665594855305466, 0.44115755627009645, 0.26109324758842445, 0.06045016077170418, 0.023794212218649517], [0.029861724036481317, 0.19373345101500442, 0.5089732274198293, 0.19829361576934393, 0.05163283318623124, 0.01750514857310974], [0.017436791630340016, 0.12140366172624237, 0.39559721011333915, 0.29359197907585005, 0.10614646904969485, 0.06582388840453357], [0.013387423935091278, 0.15192697768762678, 0.4647058823529412, 0.27606490872210954, 0.06957403651115619, 0.02434077079107505], [0.01816195548272566, 0.16277481906322547, 0.5302471664618326, 0.22886795029359552, 0.04902362419773317, 0.010924484500887614], [0.01622077101327154, 0.14177375184326943, 0.493574889403834, 0.2538445333895092, 0.06614704023593848, 0.028439014114177374], [0.017598343685300208, 0.1105072463768116, 0.42339544513457555, 0.3110766045548654, 0.10248447204968944, 0.03493788819875776], [0.00989666715179741, 0.13957211468490757, 0.4524814437490904, 0.27259496434289043, 0.08368505312181633, 0.04176975694949789], [0.009416950510919656, 0.11039871769184532, 0.31045882588659585, 0.40502905229412944, 0.1243237828090563, 0.040372670807453416], [0.008687258687258687, 0.10931467181467182, 0.49324324324324326, 0.3162403474903475, 0.06177606177606178, 0.010738416988416988], [0.1803921568627451, 0.30196078431372547, 0.396078431372549, 0.07058823529411765, 0.050980392156862744, 0.0]]}}}, "eu": {"histType": {"histogram": {"labels": ["0", "100", "200", "300", "400", "500", "600", "700", "800", "900", "1000", "1100", "1200", "1300", "1400", "1500", "1600", "1700", "1800", "1900", "2000", "2100", "2200", "2300", "2400", "2500", "2600", "2700", "2800", "2900", "3000", "3100", "3200"], "data": [[0.0, 0.0, 0.004098360655737705, 0.0, 0.0, 0.00819672131147541, 0.01639344262295082, 0.01639344262295082, 0.040983606557377046, 0.045081967213114756, 0.06557377049180328, 0.06557377049180328, 0.06147540983606557, 0.11885245901639344, 0.14344262295081966, 0.11065573770491803, 0.0942622950819672, 0.0778688524590164, 0.040983606557377046, 0.028688524590163935, 0.012295081967213115, 0.020491803278688523, 0.004098360655737705, 0.004098360655737705, 0.01639344262295082, 0.004098360655737705, 0.0, 0.0, 0.0, 0.0, 0.0, 0.0, 0.0], [0.0, 0.0, 0.00044365572315882877, 0.0013309671694764862, 0.0008873114463176575, 0.003105590062111801, 0.0048802129547471165, 0.00709849157054126, 0.01730257320319432, 0.022182786157941437, 0.03194321206743567, 0.048802129547471165, 0.06388642413487133, 0.07630878438331855, 0.12067435669920142, 0.1126885536823425, 0.1512866015971606, 0.08606921029281278, 0.145075421472937, 0.04259094942324756, 0.02085181898846495, 0.021739130434782608, 0.005767524401064774, 0.0044365572315882874, 0.006654835847382431, 0.0013309671694764862, 0.0008873114463176575, 0.001774622892635315, 0.0, 0.0, 0.0, 0.0, 0.0], [0.0, 0.0, 0.0, 0.00014843402107763098, 0.00014843402107763098, 0.00014843402107763098, 0.00014843402107763098, 0.0013359061896986788, 0.0023749443372420957, 0.0037108505269407748, 0.008609173222502597, 0.013359061896986789, 0.018554252634703873, 0.023155707288110436, 0.03918658156449458, 0.054475285735490576, 0.10731779723912721, 0.10538815496511801, 0.2735639008460739, 0.09217752708920884, 0.06679530948493395, 0.08698233635149176, 0.031022710405224876, 0.015140270149918362, 0.03146801246845777, 0.010984117559744693, 0.005640492800949978, 0.0029686804215526197, 0.001781208252931572, 0.001781208252931572, 0.001632774231853941, 0.0, 0.0], [0.0, 0.0, 0.0, 0.00012786088735455825, 0.00012786088735455825, 0.0002557217747091165, 0.0008950262114819077, 0.002685078634445723, 0.0033243830712185144, 0.00805523590333717, 0.015215445595192431, 0.023526403273238718, 0.029408004091548395, 0.038997570643140266, 0.06252397391637898, 0.08183096790691727, 0.14179772407620508, 0.12440864339598517, 0.21761923027745814, 0.0884797340493543, 0.056898094872778415, 0.06201253036696075, 0.01611047180667434, 0.00728807057920982, 0.011123897199846567, 0.0035801048459276306, 0.0011507479861910242, 0.0003835826620636747, 0.0011507479861910242, 0.0008950262114819077, 0.00012786088735455825, 0.0, 0.0], [0.0, 0.0, 0.0, 0.0, 0.0, 0.018018018018018018, 0.02702702702702703, 0.04504504504504504, 0.04504504504504504, 0.02702702702702703, 0.07207207207207207, 0.09009009009009009, 0.036036036036036036, 0.02702702702702703, 0.08108108108108109, 0.14414414414414414, 0.06306306306306306, 0.0990990990990991, 0.06306306306306306, 0.05405405405405406, 0.04504504504504504, 0.0, 0.018018018018018018, 0.009009009009009009, 0.02702702702702703, 0.009009009009009009, 0.0, 0.0, 0.0, 0.0, 0.0, 0.0, 0.0], [0.0, 0.00013475272874275703, 0.00013475272874275703, 0.00026950545748551406, 0.00040425818622827114, 0.00013475272874275703, 0.00040425818622827114, 0.0014822800161703275, 0.002964560032340655, 0.005794367335938553, 0.010780218299420564, 0.0181916183