{"region": {"us": {"histType": {"histogram": {"labels": ["0", "100", "200", "300", "400", "500", "600", "700", "800", "900", "1000", "1100", "1200", "1300", "1400", "1500", "1600", "1700", "1800", "1900", "2000", "2100", "2200", "2300", "2400", "2500", "2600", "2700", "2800", "2900", "3000", "3100", "3200"], "data": [[0.0, 0.0, 0.003215434083601286, 0.003215434083601286, 0.006430868167202572, 0.006430868167202572, 0.022508038585209004, 0.012861736334405145, 0.03215434083601286, 0.028938906752411574, 0.0707395498392283, 0.07395498392282958, 0.08360128617363344, 0.1189710610932476, 0.10610932475884244, 0.11254019292604502, 0.09967845659163987, 0.05466237942122187, 0.05466237942122187, 0.04823151125401929, 0.028938906752411574, 0.00964630225080386, 0.00964630225080386, 0.0, 0.012861736334405145, 0.0, 0.0, 0.0, 0.0, 0.0, 0.0, 0.0, 0.0], [0.0, 0.0008240626287597857, 0.0, 0.00041203131437989287, 0.0008240626287597857, 0.0016481252575195715, 0.004944375772558714, 0.010712814173877214, 0.011124845488257108, 0.019777503090234856, 0.034610630407911, 0.042439225381128966, 0.0638648537288834, 0.07457766790276062, 0.10094767202307375, 0.1211372064276885, 0.14709517923362175, 0.08941079522043675, 0.15203955500618047, 0.05562422744128554, 0.024309847548413678, 0.016481252575195716, 0.009888751545117428, 0.004944375772558714, 0.004944375772558714, 0.0016481252575195715, 0.003296250515039143, 0.0020601565718994645, 0.00041203131437989287, 0.0, 0.0, 0.0, 0.0], [0.00014048890137679124, 0.0, 0.0, 0.0002809778027535825, 0.0002809778027535825, 0.0002809778027535825, 0.0002809778027535825, 0.0007024445068839561, 0.0033717336330429896, 0.0043551559426805286, 0.007726889575723518, 0.01137960101152009, 0.01728013486934532, 0.0272548468670975, 0.039617870188255126, 0.059988760887889854, 0.09651587524585557, 0.10635009834223097, 0.2833661140769879, 0.08738409665636415, 0.0625175611126721, 0.09244169710592863, 0.0272548468670975, 0.014610845743186288, 0.033295869626299525, 0.01025568980050576, 0.004917111548187693, 0.004074178139926945, 0.0014048890137679123, 0.002528800224782242, 0.00014048890137679124, 0.0, 0.0], [0.0, 0.0, 0.0, 0.0, 0.0001311991603253739, 0.0001311991603253739, 0.0009183941222776174, 0.0023615848858567303, 0.006166360535292574, 0.010495932826029914, 0.015875098399370242, 0.018499081605877724, 0.034898976646549465, 0.04473891367095251, 0.06415638939910785, 0.08318026764628707, 0.15127263185515613, 0.11886643925478876, 0.20663867751246393, 0.08646024665442141, 0.05392285489372868, 0.05851482550511677, 0.017449488323274732, 0.007609551298871687, 0.011939123589609026, 0.0024927840461821046, 0.0011807924429283652, 0.001574389923904487, 0.0002623983206507478, 0.0, 0.0002623983206507478, 0.0, 0.0], [0.0, 0.0, 0.0, 0.0, 0.008771929824561403, 0.0, 0.008771929824561403, 0.03508771929824561, 0.03508771929824561, 0.05263157894736842, 0.043859649122807015, 0.07894736842105263, 0.07017543859649122, 0.10526315789473684, 0.07894736842105263, 0.10526315789473684, 0.06140350877192982, 0.03508771929824561, 0.08771929824561403, 0.08771929824561403, 0.02631578947368421, 0.043859649122807015, 0.017543859649122806, 0.017543859649122806, 0.0, 0.0, 0.0, 0.0, 0.0, 0.0, 0.0, 0.0, 0.0], [0.0, 0.0, 0.0, 0.0, 0.0, 0.00013197835554968986, 0.0, 0.001847696977695658, 0.001847696977695658, 0.006730896133034183, 0.010558268443975187, 0.01702520786590999, 0.031278870265276495, 0.05279134221987594, 0.07562359772997228, 0.1039989441731556, 0.15942985350402533, 0.11244555892833576, 0.17513527781443844, 0.07430381417447539, 0.04342087897584796, 0.06202982710835423, 0.020588623465751618, 0.010426290088425499, 0.021116536887950375, 0.008314636399630461, 0.0032994588887422464, 0.0032994588887422464, 0.0021116536887950377, 0.0007918701332981391, 0.0014517619110465884, 0.0, 0.0], [0.0, 0.0, 0.0002642007926023778, 0.001585204755614267, 0.001585204755614267, 0.003170409511228534, 0.005812417437252312, 0.008982826948480845, 0.017437252311756937, 0.024570673712021138, 0.03883751651254954, 0.04702774108322325, 0.07001321003963012, 0.08348745046235138, 0.10911492734478204, 0.12338177014531043, 0.12523117569352707, 0.08190224570673713, 0.11043593130779393, 0.03883751651254954, 0.028005284015852047, 0.02906208718626156, 0.011096433289299868, 0.007133421400264201, 0.012681638044914135, 0.006340819022457068, 0.006869220607661823, 0.0023778071334214002, 0.0018494055482166448, 0.0007926023778071334, 0.0021136063408190224, 0.0, 0.0], [0.0033333333333333335, 0.0, 0.0033333333333333335, 0.01, 0.016666666666666666, 0.013333333333333334, 0.016666666666666666, 0.05, 0.05, 0.1, 0.08666666666666667, 0.10333333333333333, 0.09, 0.10333333333333333, 0.07666666666666666, 0.06666666666666667, 0.06666666666666667, 0.03333333333333333, 0.02666666666666667, 0.03666666666666667, 0.006666666666666667, 0.013333333333333334, 0.02, 0.006666666666666667, 0.0, 0.0, 0.0, 0.0, 0.0, 0.0, 0.0, 0.0, 0.0], [0.00032790468903705323, 0.00021860312602470214, 0.0005465078150617554, 0.0005465078150617554, 0.0005465078150617554, 0.0016395234451852662, 0.0017488250081976171, 0.0051371734615805005, 0.009290632856049842, 0.020767296972346704, 0.033118373592742376, 0.04568805333916275, 0.058367034648595474, 0.06547163624439829, 0.08383429883047328, 0.08820636135096732, 0.1393594928407476, 0.10044813640835064, 0.11892010055743797, 0.06284839873210187, 0.04426713302000219, 0.04546945021313805, 0.020002186031260246, 0.012788282872445076, 0.02131380478740846, 0.00907202973002514, 0.0057929828396546075, 0.0017488250081976171, 0.0022953328232593728, 0.00021860312602470214, 0.0, 0.0, 0.0], [0.0, 0.0, 0.0, 0.0, 0.00036927621861152144, 0.00036927621861152144, 0.00036927621861152144, 0.00036927621861152144, 0.0007385524372230429, 0.005539143279172821, 0.007016248153618907, 0.005908419497784343, 0.012186115214180207, 0.021048744460856722, 0.04025110782865583, 0.06351550960118169, 0.07791728212703102, 0.08124076809453472, 0.18759231905465287, 0.08087149187592318, 0.08530280649926145, 0.12149187592319055, 0.050221565731166914, 0.025480059084194977, 0.06868537666174299, 0.022895125553914326, 0.013663220088626292, 0.014771048744460856, 0.0066469719350073855, 0.004062038404726735, 0.0014771048744460858, 0.0, 0.0], [0.0, 0.0, 0.0003244646333549643, 0.0, 0.0016223231667748216, 0.0016223231667748216, 0.0035691109669046075, 0.003893575600259572, 0.012005191434133679, 0.018170019467878003, 0.030499675535366644, 0.03439325113562622, 0.05970149253731343, 0.07235561323815703, 0.09214795587280987, 0.11194029850746269, 0.14049318624269955, 0.09117456197274497, 0.15120051914341337, 0.054510058403634, 0.036340038935756006, 0.04023361453601557, 0.012654120700843608, 0.008436080467229072, 0.01135626216742375, 0.004218040233614536, 0.001946787800129786, 0.0016223231667748216, 0.001946787800129786, 0.0016223231667748216, 0.0, 0.0, 0.0], [0.0001839587932303164, 0.0, 0.0005518763796909492, 0.0005518763796909492, 0.000919793966151582, 0.0020235467255334807, 0.00459896983075791, 0.008094186902133923, 0.01379690949227373, 0.022994849153789552, 0.0481972038263429, 0.0640176600441501, 0.08977189109639441, 0.09731420161883739, 0.1344738778513613, 0.13134657836644592, 0.1289551140544518, 0.07431935246504782, 0.08038999264164827, 0.037527593818984545, 0.019315673289183224, 0.01839587932303164, 0.008094186902133923, 0.005334805003679176, 0.004047093451066961, 0.0014716703458425313, 0.001839587932303164, 0.000919793966151582, 0.0005518763796909492, 0.0, 0.0, 0.0, 0.0], [0.0, 0.0, 0.0, 0.0, 0.0003477656059815684, 0.0006955312119631368, 0.0027821248478525473, 0.003129890453834116, 0.0071291949226221524, 0.009389671361502348, 0.022952529994783515, 0.03442879499217527, 0.046948356807511735, 0.06746652756042427, 0.10624239262736915, 0.11284993914101896, 0.1453660233002956, 0.10380803338549817, 0.1585811163275952, 0.06016344983481134, 0.03721091984002782, 0.036167623022083116, 0.013562858633281168, 0.008520257346548427, 0.012867327421318032, 0.0050426012867327424, 0.001564945226917058, 0.0010432968179447052, 0.001738828029907842, 0.0, 0.0, 0.0, 0.0], [0.00024076080414108582, 0.0, 0.0, 0.00012038040207054291, 0.00012038040207054291, 0.00036114120621162876, 0.001564945226917058, 0.0022872276393403152, 0.005055976886962802, 0.01324184422775972, 0.021788852774768268, 0.025881786445166727, 0.035632599012880704, 0.047550258817864455, 0.06777416636571566, 0.09064644275911882, 0.13422414830865534, 0.11412062116287468, 0.17744071265198025, 0.08438666185145058, 0.0544119417358854, 0.058745636210424945, 0.020464668351992295, 0.010232334175996147, 0.017455158300228722, 0.005296737691103889, 0.0039725532683279165, 0.0026483688455519443, 0.001564945226917058, 0.002407608041410858, 0.00036114120621162876, 0.0, 0.0], [0.0, 0.0, 0.0, 0.0, 0.000468384074941452, 0.000234192037470726, 0.000702576112412178, 0.000702576112412178, 0.004215456674473068, 0.004215456674473068, 0.013114754098360656, 0.018032786885245903, 0.03629976580796253, 0.05175644028103044, 0.07400468384074942, 0.10070257611241218, 0.14964871194379392, 0.11592505854800937, 0.17142857142857143, 0.07962529274004684, 0.05807962529274005, 0.05690866510538642, 0.02271662763466042, 0.010304449648711944, 0.016627634660421546, 0.007728337236533958, 0.001873536299765808, 0.001873536299765808, 0.000936768149882904, 0.001873536299765808, 0.0, 0.0, 0.0], [0.0, 0.00041152263374485596, 0.0, 0.0, 0.0012345679012345679, 0.0012345679012345679, 0.0008230452674897119, 0.0049382716049382715, 0.009876543209876543, 0.013991769547325103, 0.019753086419753086, 0.031275720164609055, 0.047736625514403296, 0.05720164609053498, 0.08065843621399177, 0.10411522633744856, 0.13580246913580246, 0.10246913580246914, 0.13580246913580246, 0.06460905349794238, 0.05308641975308642, 0.046502057613168724, 0.027983539094650206, 0.01440329218106996, 0.017695473251028805, 0.009876543209876543, 0.004526748971193415, 0.006172839506172839, 0.00411522633744856, 0.0024691358024691358, 0.0012345679012345679, 0.0, 0.0], [0.0002213368747233289, 0.0, 0.0004426737494466578, 0.0004426737494466578, 0.0004426737494466578, 0.0008853474988933156, 0.0015493581230633024, 0.0037627268702965914, 0.0073041168658698535, 0.01217352810978309, 0.022355024347056218, 0.03961930057547587, 0.06772908366533864, 0.07901726427622842, 0.1064630367419212, 0.1248339973439575, 0.13656485170429394, 0.09296148738379814, 0.12859672421425408, 0.05068614431164232, 0.03430721558211598, 0.040061974324922534, 0.014829570606463036, 0.007746790615316512, 0.013058875608676405, 0.005312084993359893, 0.0035413899955732625, 0.00199203187250996, 0.0015493581230633024, 0.0015493581230633024, 0.0, 0.0, 0.0], [0.0, 0.0, 0.00016818028927009755, 0.0003363605785401951, 0.0005045408678102926, 0.0003363605785401951, 0.0011772620248906827, 0.002859064917591658, 0.004036326942482341, 0.009922637066935755, 0.02001345442314161, 0.025227043390514632, 0.04658594012781702, 0.058022199798183655, 0.09889001009081735, 0.12142616885301043, 0.14598049108644467, 0.09855364951227716, 0.18247561385805583, 0.06037672384796502, 0.03498150016818029, 0.04036326942482341, 0.015304406323578877, 0.007904473595694584, 0.012108980827447022, 0.004204507231752439, 0.003363605785401951, 0.0016818028927009755, 0.0005045408678102926, 0.0026908846283215607, 0.0, 0.0, 0.0], [0.0, 0.0, 0.0, 0.009009009009009009, 0.009009009009009009, 0.009009009009009009, 0.0, 0.009009009009009009, 0.009009009009009009, 0.05405405405405406, 0.02702702702702703, 0.04504504504504504, 0.04504504504504504, 0.06306306306306306, 0.05405405405405406, 0.11711711711711711, 0.12612612612612611, 0.08108108108108109, 0.07207207207207207, 0.02702702702702703, 0.08108108108108109, 0.036036036036036036, 0.036036036036036036, 0.0, 0.018018018018018018, 0.02702702702702703, 0.009009009009009009, 0.036036036036036036, 0.0, 0.0, 0.0, 0.0, 0.0], [0.00025211143325349803, 0.00012605571662674902, 0.0, 0.00012605571662674902, 0.00025211143325349803, 0.00025211143325349803, 0.00037816714988024705, 0.0015126685995209882, 0.0031513929156687256, 0.0065548972645909495, 0.011345014496407412, 0.015756964578343628, 0.030505483423673263, 0.045884280852136645, 0.07588554140930291, 0.11042480776503215, 0.16349426446489349, 0.13878734400605067, 0.15240136140173957, 0.08080171435774612, 0.05294340098323459, 0.053825790999621835, 0.021429471826547333, 0.009832345896886424, 0.0128576830959284, 0.00516828438169671, 0.0022690028992814826, 0.0011345014496407413, 0.0026471700491617293, 0.0, 0.0, 0.0, 0.0], [0.0, 0.0, 0.0, 0.000158052789631737, 0.0, 0.000316105579263474, 0.001422475106685633, 0.000790263948158685, 0.002054686265212581, 0.003319108582266477, 0.007112375533428165, 0.010905642484589853, 0.01849217638691323, 0.02639481586850008, 0.045203097834676784, 0.06985933301722776, 0.12407143986091354, 0.11806543385490754, 0.2012012012012012, 0.10004741583688952, 0.07223012486170381, 0.09562193772720089, 0.029555871661134818, 0.01643749012170065, 0.028291449344080923, 0.013434487118697646, 0.006006006006006006, 0.004267425320056899, 0.002054686265212581, 0.000948316737790422, 0.001738580685949107, 0.0, 0.0], [0.00032711808963035657, 0.00010903936321011885, 0.0, 0.0002180787264202377, 0.0002180787264202377, 0.0007632755424708319, 0.0008723149056809508, 0.002289826627412496, 0.003925417075564278, 0.0069785192454476066, 0.013520881038054738, 0.017773416203249372, 0.02300730563733508, 0.03652818667538982, 0.05070330389270527, 0.07709082978955403, 0.10947552066295933, 0.11645403990840693, 0.20924653800021809, 0.10511394613455458, 0.06804056264311416, 0.07992585323301712, 0.027914076981790426, 0.014502235306945808, 0.020499400283502344, 0.007087558608657726, 0.003598298985933922, 0.0013084723585214263, 0.0025079053538327335, 0.0, 0.0, 0.0, 0.0], [0.0, 0.0, 0.0, 0.001692047377326565, 0.001692047377326565, 0.0, 0.0, 0.005076142131979695, 0.008460236886632826, 0.005076142131979695, 0.01692047377326565, 0.025380710659898477, 0.043993231810490696, 0.08460236886632826, 0.09475465313028765, 0.1353637901861252, 0.16243654822335024, 0.12521150592216582, 0.16412859560067683, 0.06091370558375635, 0.02707275803722504, 0.025380710659898477, 0.00676818950930626, 0.001692047377326565, 0.00338409475465313, 0.0, 0.0, 0.0, 0.0, 0.0, 0.0, 0.0, 0.0], [0.0, 0.0, 0.0, 0.000281716593107334, 0.0, 0.000187811062071556, 0.000281716593107334, 0.000845149779322002, 0.002253732744858672, 0.005634331862146681, 0.0085454033242558, 0.016339562400225372, 0.026199643158982065, 0.03399380223495164, 0.05146023100760635, 0.06451309982157949, 0.10057282373931825, 0.07568785801483707, 0.2062165461545685, 0.11127805427739694, 0.07399755845619307, 0.12517607287069207, 0.03718659029016809, 0.012489435627758476, 0.02685698187623251, 0.0085454033242558, 0.00516480420696779, 0.002629354869001784, 0.0018781106207155602, 0.0017842050896797821, 0.0, 0.0, 0.0], [0.00020257267294641952, 0.00010128633647320976, 0.00010128633647320976, 0.0, 0.0006077180188392585, 0.0006077180188392585, 0.0005064316823660489, 0.001215436037678517, 0.0014180087106249366, 0.006381039197812215, 0.011546642357945914, 0.023701002734731084, 0.04284412032816773, 0.05986022485566697, 0.08903068975995138, 0.11445356021472704, 0.16155170667476956, 0.1504102096627165, 0.17968196090347413, 0.06370910564164894, 0.035855363111516256, 0.03089233262432898, 0.011749215030892332, 0.0037475944495087613, 0.005266889496606908, 0.0018231540565177757, 0.0019244403929909856, 0.0008102906917856781, 0.0, 0.0, 0.0, 0.0, 0.0], [0.0, 0.0001246261216350947, 0.0, 0.0001246261216350947, 0.00037387836490528417, 0.000872382851445663, 0.000872382851445663, 0.002243270189431705, 0.003364905284147557, 0.0058574277168494514, 0.011839481555333998, 0.020687936191425723, 0.03040877367896311, 0.040877367896311065, 0.07128614157527417, 0.10954636091724826, 0.16201395812562314, 0.12612163509471586, 0.17248255234297108, 0.08561814556331007, 0.05009970089730808, 0.051969092721834496, 0.02430209371884347, 0.010219341974077766, 0.011465603190428714, 0.0028664007976071785, 0.002243270189431705, 0.00211864406779661, 0.0, 0.0, 0.0, 0.0, 0.0], [0.0, 0.0, 0.0, 0.0, 0.0002922267679719462, 0.0, 0.0008766803039158387, 0.0008766803039158387, 0.0016072472238457044, 0.0033606078316773817, 0.009351256575102279, 0.014903565166569257, 0.026884862653419054, 0.04471069549970777, 0.07641729982466394, 0.10739333722969024, 0.1500584453535944, 0.09804208065458796, 0.19871420222092342, 0.07451782583284629, 0.04587960257159556, 0.05946814728229106, 0.026884862653419054, 0.013004091174751608, 0.0211864406779661, 0.009205143191116306, 0.0059906487434248975, 0.0032144944476914087, 0.0030683810637054353, 0.0020455873758036236, 0.0020455873758036236, 0.0, 0.0], [0.0, 0.00036258158085569254, 0.00036258158085569254, 0.0007251631617113851, 0.0025380710659898475, 0.0025380710659898475, 0.005438723712835388, 0.008339376359680928, 0.014503263234227702, 0.02864394488759971, 0.03807106598984772, 0.05402465554749819, 0.06018854242204496, 0.0823060188542422, 0.11385061638868746, 0.1116751269035533, 0.11892675852066716, 0.0772298767222625, 0.14938361131254532, 0.04423495286439449, 0.02102973168963017, 0.032269760696156634, 0.009427121102248005, 0.005076142131979695, 0.010514865844815084, 0.0032632342277012327, 0.0018129079042784628, 0.0010877447425670776, 0.0018129079042784628, 0.00036258158085569254, 0.0, 0.0, 0.0], [0.0, 0.0, 0.0, 0.0019305019305019305, 0.002574002574002574, 0.002574002574002574, 0.003861003861003861, 0.010939510939510939, 0.010296010296010296, 0.014800514800514801, 0.023809523809523808, 0.036036036036036036, 0.05019305019305019, 0.05662805662805663, 0.08236808236808237, 0.1093951093951094, 0.14543114543114544, 0.10424710424710425, 0.17117117117117117, 0.06113256113256113, 0.02895752895752896, 0.032818532818532815, 0.021235521235521235, 0.005791505791505791, 0.014800514800514801, 0.0045045045045045045, 0.001287001287001287, 0.002574002574002574, 0.0006435006435006435, 0.0, 0.0, 0.0, 0.0], [0.00029167274318214965, 0.0, 0.0, 0.0, 0.0005833454863642993, 0.000729181857955374, 0.002916727431821496, 0.004958436634096544, 0.006854309464780516, 0.014000291672743182, 0.026833892372757767, 0.041271693160274174, 0.05425113023187983, 0.07670993145690536, 0.12877351611491905, 0.1405862622137961, 0.1465655534490302, 0.08998104127169317, 0.1273151523990083, 0.042146711389820624, 0.027125565115939915, 0.031063147148898934, 0.013125273443196733, 0.006562636721598366, 0.010791891497739537, 0.002625054688639347, 0.0013125273443196734, 0.0010208546011375237, 0.00014583637159107482, 0.0011666909727285986, 0.00029167274318214965, 0.0, 0.0], [0.0, 0.0, 0.0, 0.00065359477124183, 0.00021786492374727668, 0.00021786492374727668, 0.002178649237472767, 0.00065359477124183, 0.00392156862745098, 0.00980392156862745, 0.016775599128540306, 0.022004357298474945, 0.03398692810457516, 0.048583877995642705, 0.07124183006535947, 0.10631808278867103, 0.11895424836601307, 0.09891067538126362, 0.1664488017429194, 0.07363834422657953, 0.05337690631808279, 0.062309368191721136, 0.02875816993464052, 0.015032679738562092, 0.0318082788671024, 0.013071895424836602, 0.009368191721132898, 0.004793028322440087, 0.0030501089324618735, 0.0023965141612200436, 0.0015250544662309367, 0.0, 0.0], [0.0, 0.0, 0.0, 0.0002025931928687196, 0.0002025931928687196, 0.0, 0.0008103727714748784, 0.001012965964343598, 0.002633711507293355, 0.009116693679092382, 0.01539708265802269, 0.028160453808752026, 0.043962722852512154, 0.06482982171799027, 0.09521880064829821, 0.1177066450567261, 0.14708265802269044, 0.10413290113452188, 0.1651134521880065, 0.06888168557536467, 0.04173419773095624, 0.04538087520259319, 0.016410048622366287, 0.007698541329011345, 0.01053484602917342, 0.0028363047001620746, 0.004051863857374392, 0.002228525121555916, 0.0032414910858995136, 0.0014181523500810373, 0.0, 0.0, 0.0], [0.00013399437223636607, 0.00013399437223636607, 0.00013399437223636607, 0.00013399437223636607, 0.00013399437223636607, 0.0012059493501272946, 0.0012059493501272946, 0.0030818705614364195, 0.004689803028272812, 0.008039662334181965, 0.020367144579927644, 0.03108669435883693, 0.04984590647192818, 0.0667291973737103, 0.09607396489347447, 0.14243601768725714, 0.1741926839072759, 0.11697708696234758, 0.12314082808522042, 0.06458528741792845, 0.03684845236500067, 0.029478761892000535, 0.013533431595872973, 0.005091786144981911, 0.005091786144981911, 0.001741926839072759, 0.0009379606056545625, 0.0028138818169636875, 0.00013399437223636607, 0.0, 0.0, 0.0, 0.0], [0.0, 0.0, 0.0, 0.0002105263157894737, 0.0002105263157894737, 0.0008421052631578948, 0.0010526315789473684, 0.0025263157894736842, 0.004842105263157895, 0.007157894736842105, 0.016842105263157894, 0.024842105263157895, 0.042105263157894736, 0.05789473684210526, 0.09242105263157895, 0.12842105263157894, 0.15705263157894736, 0.11536842105263158, 0.14357894736842106, 0.06757894736842106, 0.04252631578947368, 0.041473684210526315, 0.01831578947368421, 0.00631578947368421, 0.016210526315789474, 0.004842105263157895, 0.003368421052631579, 0.0014736842105263158, 0.0012631578947368421, 0.0006315789473684211, 0.0006315789473684211, 0.0, 0.0], [0.0, 0.0, 0.0, 0.0002587991718426501, 0.0, 0.0010351966873706005, 0.002070393374741201, 0.002846790890269151, 0.005693581780538302, 0.005693581780538302, 0.011904761904761904, 0.021221532091097308, 0.031314699792960664, 0.04606625258799172, 0.07712215320910973, 0.10766045548654245, 0.1389751552795031, 0.09963768115942029, 0.18297101449275363, 0.07686335403726709, 0.05124223602484472, 0.06159420289855073, 0.02562111801242236, 0.015269151138716356, 0.019409937888198756, 0.009316770186335404, 0.003105590062111801, 0.0012939958592132505, 0.0010351966873706005, 0.0007763975155279503, 0.0, 0.0, 0.0], [0.0, 0.0, 0.00014388489208633093, 0.0, 0.00028776978417266187, 0.0004316546762589928, 0.0005755395683453237, 0.0017266187050359713, 0.0018705035971223023, 0.005323741007194244, 0.010359712230215827, 0.023741007194244605, 0.04043165467625899, 0.0674820143884892, 0.09294964028776978, 0.11453237410071943, 0.1450359712230216, 0.10115107913669065, 0.1669064748201439, 0.06028776978417266, 0.04244604316546763, 0.0479136690647482, 0.024028776978417266, 0.01079136690647482, 0.022158273381294964, 0.006618705035971223, 0.0057553956834532375, 0.0034532374100719426, 0.0014388489208633094, 0.0012949640287769784, 0.0008633093525179857, 0.0, 0.0], [0.0, 0.0, 9.717228646390049e-05, 0.0, 9.717228646390049e-05, 9.717228646390049e-05, 0.0002915168593917015, 0.000971722864639005, 0.002137790302205811, 0.005635992614906229, 0.010591779224565154, 0.020114663298027403, 0.03362161111650957, 0.04703138664852784, 0.06782625595180254, 0.08016713633271791, 0.10173938392770382, 0.07326790399378097, 0.2319502477893305, 0.0994072490525702, 0.06520260421727724, 0.08551161208823244, 0.02555631134000583, 0.009522884073462249, 0.024293071615975124, 0.006704887766009134, 0.0030123408803809154, 0.001749101156350209, 0.001749101156350209, 0.0016519288698863084, 0.0, 0.0, 0.0], [0.0, 0.0, 0.0, 0.0, 0.0, 0.00011924636298592893, 0.0007154781779155736, 0.0005962318149296446, 0.0022656808967326495, 0.004889100882423086, 0.008108752683043167, 0.018125447173861196, 0.030527068924397806, 0.05342237061769616, 0.08216074409730503, 0.11709992845218221, 0.17183400906272359, 0.12592415931314094, 0.2048652516098259, 0.07023610779871214, 0.037443357977581686, 0.045909849749582635, 0.01108991175769139, 0.004054376341521584, 0.005962318149296446, 0.0011924636298592892, 0.0011924636298592892, 0.001550202718817076, 0.0007154781779155736, 0.0, 0.0, 0.0, 0.0], [0.0, 0.00392156862745098, 0.0, 0.00392156862745098, 0.00392156862745098, 0.0196078431372549, 0.027450980392156862, 0.0196078431372549, 0.06666666666666667, 0.03529411764705882, 0.054901960784313725, 0.06666666666666667, 0.06666666666666667, 0.11372549019607843, 0.11372549019607843, 0.12549019607843137, 0.09019607843137255, 0.06666666666666667, 0.043137254901960784, 0.01568627450980392, 0.011764705882352941, 0.023529411764705882, 0.011764705882352941, 0.01568627450980392, 0.0, 0.0, 0.0, 0.0, 0.0, 0.0, 0.0, 0.0, 0.0]]}, "ranks": {"labels": ["Unranked", "Combatatent I", "Combatatent II", "Challenger I", "Challenger II", "Rival I", "Rival II", "Duelist", "Elite"], "data": [[0.1157556270096463, 0.14469453376205788, 0.20257234726688103, 0.21864951768488747, 0.15434083601286175, 0.08360128617363344, 0.04823151125401929, 0.01929260450160772, 0.012861736334405145], [0.05026782035434693, 0.07704985578903997, 0.138442521631644, 0.22208487845076225, 0.23650597445405852, 0.18541409147095178, 0.0465595385249279, 0.031314379892871856, 0.012360939431396786], [0.009693734194998594, 0.019106490587243608, 0.04453498173644282, 0.09960663107614498, 0.20286597358808653, 0.3305703849395898, 0.10269738690643439, 0.13430738971621242, 0.056617027254846866], [0.020204670690107583, 0.034374180005247966, 0.07963789031750197, 0.14733665704539492, 0.2701390711099449, 0.2524271844660194, 0.0945945945945946, 0.08357386512726318, 0.01771188664392548], [0.14035087719298245, 0.12280701754385964, 0.17543859649122806, 0.18421052631578946, 0.09649122807017543, 0.14912280701754385, 0.05263157894736842, 0.07894736842105263, 0.0], [0.010558268443975187, 0.02758347630988518, 0.08407021248515244, 0.17962254190312787, 0.2718754124323611, 0.2145968061237957, 0.07826316484096608, 0.09304474066253135, 0.04038537679820509], [0.06340819022457067, 0.08586525759577279, 0.1535006605019815, 0.23249669749009247, 0.2071334214002642, 0.13421400264200792, 0.043064729194187586, 0.047291941875825624, 0.03302509907529723], [0.2633333333333333, 0.19, 0.19333333333333333, 0.14333333333333334, 0.1, 0.04, 0.03, 0.04, 0.0], [0.04076948300360695, 0.07880642693190512, 0.12383867089299377, 0.1720406601814406, 0.23980762924909826, 0.15269428352825445, 0.07334134878128758, 0.07825991911684337, 0.0404415783145699], [0.00775480059084195, 0.01292466765140325, 0.03323485967503693, 0.10376661742983752, 0.15915805022156573, 0.22710487444608568, 0.12666174298375185, 0.19719350073855244, 0.13220088626292467], [0.04120700843608047, 0.06489292667099286, 0.13205710577547047, 0.20408825438027256, 0.23166774821544453, 0.17975340687865024, 0.06229720960415315, 0.06132381570408826, 0.0227125243348475], [0.05371596762325239, 0.11221486387049301, 0.1870860927152318, 0.2658204562178072, 0.20327446651949962, 0.09841795437821928, 0.03881530537159676, 0.03182487122884474, 0.008830022075055188], [0.023474178403755867, 0.05738132498695879, 0.11441488436793601, 0.2190923317683881, 0.2491740566857938, 0.18935837245696402, 0.06659711354547035, 0.05825073900191271, 0.022256998782820378], [0.022992656795473698, 0.047670639219934995, 0.08318285783074515, 0.15842060912483447, 0.24834476947153003, 0.22282412423257494, 0.0934151920067413, 0.08944263873841339, 0.03370651257975202], [0.01053864168618267, 0.03114754098360656, 0.08805620608899298, 0.17470725995316158, 0.26557377049180325, 0.2189695550351288, 0.09016393442622951, 0.08992974238875878, 0.030913348946135833], [0.03251028806584362, 0.05102880658436214, 0.10493827160493827, 0.18477366255144034, 0.2382716049382716, 0.1699588477366255, 0.08353909465020576, 0.08888888888888889, 0.04609053497942387], [0.027224435590969456, 0.0619743249225321, 0.14674634794156707, 0.2312970340858787, 0.22952633908809209, 0.15803452855245684, 0.05555555555555555, 0.06263833554670208, 0.027003098716246128], [0.019340733266061217, 0.04524049781365624, 0.10460813992600067, 0.2203161789438278, 0.24453414059872183, 0.21560713084426505, 0.062226707029936094, 0.06357214934409687, 0.02455432223343424], [0.0990990990990991, 0.07207207207207207, 0.10810810810810811, 0.17117117117117117, 0.2072072072072072, 0.08108108108108109, 0.0990990990990991, 0.07207207207207207, 0.09009009009009009], [0.012605571662674902, 0.02710197907475104, 0.0763897642758099, 0.18631034917433506, 0.30228160847094415, 0.19803353082062272, 0.08811294592209756, 0.0850876087230556, 0.024076641875709064], [0.008060692271218587, 0.018018018018018018, 0.04488699225541331, 0.11506243085190454, 0.24213687371582107, 0.25351667456930616, 0.11996206733048838, 0.14161529951003635, 0.05674095147779358], [0.015701668302257114, 0.03129429724130411, 0.0595354923127249, 0.1277941336822593, 0.22592956057136626, 0.2643114164213281, 0.11808963035655871, 0.12234216552175335, 0.03500163559044815], [0.021996615905245348, 0.04230118443316413, 0.12859560067681894, 0.23011844331641285, 0.2876480541455161, 0.20135363790186125, 0.050761421319796954, 0.0338409475465313, 0.00338409475465313], [0.009484458634613578, 0.02488496572448117, 0.0601934453939337, 0.11597333082918584, 0.17626068175415532, 0.26697342473471686, 0.12451873415344164, 0.17485209878861865, 0.04685885998685323], [0.011141497012053074, 0.035247645092677, 0.1027043451838347, 0.20348424997467843, 0.3119619163374861, 0.21442317431378508, 0.06482325534285426, 0.04638914210473007, 0.009824774637901348], [0.013833499501495513, 0.03252741774675972, 0.07128614157527417, 0.18083250249252245, 0.288135593220339, 0.21834496510468593, 0.0898554336989033, 0.08649052841475573, 0.01869391824526421], [0.0070134424313267095, 0.024254821741671536, 0.07159555815312682, 0.1838106370543542, 0.24810052600818236, 0.23947983635300993, 0.07963179427235535, 0.09935710111046171, 0.046756282875511396], [0.06345177664974619, 0.09209572153734591, 0.14249456127628715, 0.22552574329224076, 0.19615663524292967, 0.1700507614213198, 0.04459753444525018, 0.046773023930384336, 0.01885424220449601], [0.046975546975546977, 0.059845559845559844, 0.10682110682110682, 0.19176319176319176, 0.24967824967824967, 0.20527670527670527, 0.055984555984555984, 0.059845559845559844, 0.023809523809523808], [0.030333965290943562, 0.06810558553303193, 0.13096106168878519, 0.26935977832871516, 0.23654659472072334, 0.1499197899956249, 0.04666763890914394, 0.05075105731369404, 0.017354528219337903], [0.01764705882352941, 0.038779956427015254, 0.08257080610021786, 0.1775599128540305, 0.2178649237472767, 0.20610021786492375, 0.08736383442265795, 0.10610021786492374, 0.06601307189542484], [0.013978930307941654, 0.04355753646677472, 0.10879254457050243, 0.2129254457050243, 0.25121555915721233, 0.20461912479740682, 0.07111021069692058, 0.06948946515397082, 0.024311183144246355], [0.018893206485327618, 0.051453838938764575, 0.11657510384563849, 0.2385099825807316, 0.2911697708696235, 0.15945330296127563, 0.06512126490687391, 0.04810397963285542, 0.010719549778909286], [0.016842105263157894, 0.04168421052631579, 0.1, 0.2208421052631579, 0.27242105263157895, 0.18021052631578946, 0.07347368421052632, 0.06610526315789474, 0.028421052631578948], [0.017598343685300208, 0.033126293995859216, 0.07738095238095238, 0.18478260869565216, 0.2386128364389234, 0.2277432712215321, 0.08333333333333333, 0.10248447204968944, 0.03493788819875776], [0.010359712230215827, 0.034100719424460434, 0.1079136690647482, 0.2074820143884892, 0.24618705035971222, 0.19971223021582735, 0.06992805755395684, 0.08273381294964029, 0.04158273381294964], [0.009328539500534447, 0.030706442522592556, 0.08065299776503741, 0.14799339228452046, 0.1750072879214848, 0.2844232824798367, 0.11213681857934117, 0.12059080750170051, 0.0391604314449519], [0.008585738134986884, 0.026234199856904363, 0.08394943954209397, 0.19926067254948723, 0.29775816837586455, 0.24314333412830907, 0.06940138325781063, 0.06105413784879561, 0.010612926305747675], [0.1803921568627451, 0.12156862745098039, 0.1803921568627451, 0.23921568627450981, 0.1568627450980392, 0.047058823529411764, 0.023529411764705882, 0.050980392156862744, 0.0]]}, "ranksDetailed": {"labels": ["Unranked", "Combatatant", "Challenger", "Rival", "Duelist", "Elite"], "data": [[0.1157556270096463, 0.34726688102893893, 0.3729903536977492, 0.13183279742765272, 0.01929260450160772, 0.012861736334405145], [0.05026782035434693, 0.21549237742068397, 0.45859085290482077, 0.2319736299958797, 0.031314379892871856, 0.012360939431396786], [0.009693734194998594, 0.06364147232368643, 0.30247260466423154, 0.43326777184602416, 0.13430738971621242, 0.056617027254846866], [0.020204670690107583, 0.11401207032274993, 0.4174757281553398, 0.347021779060614, 0.08357386512726318, 0.01771188664392548], [0.14035087719298245, 0.2982456140350877, 0.2807017543859649, 0.20175438596491227, 0.07894736842105263, 0.0], [0.010558268443975187, 0.11165368879503762, 0.451497954335489, 0.2928599709647618, 0.09304474066253135, 0.04038537679820509], [0.06340819022457067, 0.2393659180977543, 0.4396301188903567, 0.1772787318361955, 0.047291941875825624, 0.03302509907529723], [0.2633333333333333, 0.38333333333333336, 0.24333333333333335, 0.07, 0.04, 0.0], [0.04076948300360695, 0.2026450978248989, 0.41184828943053886, 0.22603563230954202, 0.07825991911684337, 0.0404415783145699], [0.00775480059084195, 0.04615952732644018, 0.26292466765140327, 0.3537666174298375, 0.19719350073855244, 0.13220088626292467], [0.04120700843608047, 0.19695003244646334, 0.43575600259571706, 0.24205061648280338, 0.06132381570408826, 0.0227125243348475], [0.05371596762325239, 0.2993009565857248, 0.46909492273730685, 0.13723325974981604, 0.03182487122884474, 0.008830022075055188], [0.023474178403755867, 0.1717962093548948, 0.4682663884541819, 0.25595548600243434, 0.05825073900191271, 0.022256998782820378], [0.022992656795473698, 0.13085349705068014, 0.4067653785963645, 0.3162393162393162, 0.08944263873841339, 0.03370651257975202], [0.01053864168618267, 0.11920374707259954, 0.44028103044496486, 0.3091334894613583, 0.08992974238875878, 0.030913348946135833], [0.03251028806584362, 0.15596707818930042, 0.42304526748971194, 0.25349794238683127, 0.08888888888888889, 0.04609053497942387], [0.027224435590969456, 0.20872067286409915, 0.46082337317397076, 0.2135900841080124, 0.06263833554670208, 0.027003098716246128], [0.019340733266061217, 0.14984863773965693, 0.46485031954254963, 0.27783383787420113, 0.06357214934409687, 0.02455432223343424], [0.0990990990990991, 0.18018018018018017, 0.3783783783783784, 0.18018018018018017, 0.07207207207207207, 0.09009009009009009], [0.012605571662674902, 0.10349174335056095, 0.48859195764527924, 0.28614647674272026, 0.0850876087230556, 0.024076641875709064], [0.008060692271218587, 0.06290501027343133, 0.35719930456772564, 0.3734787418997945, 0.14161529951003635, 0.05674095147779358], [0.015701668302257114, 0.09082978955402901, 0.35372369425362554, 0.38240104677788683, 0.12234216552175335, 0.03500163559044815], [0.021996615905245348, 0.17089678510998307, 0.5177664974619289, 0.2521150592216582, 0.0338409475465313, 0.00338409475465313], [0.009484458634613578, 0.08507841111841487, 0.29223401258334114, 0.3914921588881585, 0.17485209878861865, 0.04685885998685323], [0.011141497012053074, 0.1379519902765117, 0.5154461663121644, 0.2792464296566393, 0.04638914210473007, 0.009824774637901348], [0.013833499501495513, 0.1038135593220339, 0.4689680957128614, 0.30820039880358924, 0.08649052841475573, 0.01869391824526421], [0.0070134424313267095, 0.09585037989479836, 0.4319111630625365, 0.3191116306253653, 0.09935710111046171, 0.046756282875511396], [0.06345177664974619, 0.23459028281363306, 0.42168237853517043, 0.21464829586656997, 0.046773023930384336, 0.01885424220449601], [0.046975546975546977, 0.16666666666666666, 0.44144144144144143, 0.26126126126126126, 0.059845559845559844, 0.023809523809523808], [0.030333965290943562, 0.19906664722181713, 0.5059063730494385, 0.19658742890476885, 0.05075105731369404, 0.017354528219337903], [0.01764705882352941, 0.12135076252723312, 0.3954248366013072, 0.2934640522875817, 0.10610021786492374, 0.06601307189542484], [0.013978930307941654, 0.15235008103727715, 0.46414100486223664, 0.2757293354943274, 0.06948946515397082, 0.024311183144246355], [0.018893206485327618, 0.16802894278440306, 0.5296797534503551, 0.22457456786814953, 0.04810397963285542, 0.010719549778909286], [0.016842105263157894, 0.1416842105263158, 0.49326315789473685, 0.2536842105263158, 0.06610526315789474, 0.028421052631578948], [0.017598343685300208, 0.1105072463768116, 0.42339544513457555, 0.3110766045548654, 0.10248447204968944, 0.03493788819875776], [0.010359712230215827, 0.14201438848920864, 0.45366906474820146, 0.26964028776978416, 0.08273381294964029, 0.04158273381294964], [0.009328539500534447, 0.11135944028762997, 0.32300068020600525, 0.39656010105917794, 0.12059080750170051, 0.0391604314449519], [0.008585738134986884, 0.11018363939899833, 0.49701884092535176, 0.3125447173861197, 0.06105413784879561, 0.010612926305747675], [0.1803921568627451, 0.30196078431372547, 0.396078431372549, 0.07058823529411765, 0.050980392156862744, 0.0]]}}}, "eu": {"histType": {"histogram": {"labels": ["0", "100", "200", "300", "400", "500", "600", "700", "800", "900", "1000", "1100", "1200", "1300", "1400", "1500", "1600", "1700", "1800", "1900", "2000", "2100", "2200", "2300", "2400", "2500", "2600", "2700", "2800", "2900", "3000", "3100", "3200"], "data": [[0.0, 0.0, 0.004098360655737705, 0.0, 0.0, 0.00819672131147541, 0.01639344262295082, 0.01639344262295082, 0.040983606557377046, 0.045081967213114756, 0.06557377049180328, 0.06557377049180328, 0.06147540983606557, 0.11885245901639344, 0.14344262295081966, 0.11065573770491803, 0.0942622950819672, 0.0778688524590164, 0.040983606557377046, 0.028688524590163935, 0.012295081967213115, 0.020491803278688523, 0.004098360655737705, 0.004098360655737705, 0.01639344262295082, 0.004098360655737705, 0.0, 0.0, 0.0, 0.0, 0.0, 0.0, 0.0], [0.0, 0.0, 0.00044365572315882877, 0.0013309671694764862, 0.0008873114463176575, 0.003105590062111801, 0.0048802129547471165, 0.00709849157054126, 0.01730257320319432, 0.022182786157941437, 0.03194321206743567, 0.048802129547471165, 0.06388642413487133, 0.07630878438331855, 0.12067435669920142, 0.1126885536823425, 0.1512866015971606, 0.08606921029281278, 0.145075421472937, 0.04259094942324756, 0.02085181898846495, 0.021739130434782608, 0.005767524401064774, 0.0044365572315882874, 0.006654835847382431, 0.0013309671694764862, 0.0008873114463176575, 0.001774622892635315, 0.0, 0.0, 0.0, 0.0, 0.0], [0.0, 0.0, 0.0, 0.00014570887367040654, 0.00014570887367040654, 0.00014570887367040654, 0.00014570887367040654, 0.0013113798630336587, 0.0023313419787265046, 0.003934139589100976, 0.008451114672883578, 0.014133760746029433, 0.01879644470348244, 0.024916217397639516, 0.042255573364417896, 0.056389334110447324, 0.11248725047355385, 0.10359900917965904, 0.26883287192190003, 0.09048521054932246, 0.06556899315168294, 0.08538539997085823, 0.030453154597114965, 0.014862305114381465, 0.030890281218126182, 0.010782456651610083, 0.005536937199475448, 0.0029141774734081304, 0.0017485064840448783, 0.0017485064840448783, 0.0016027976103744719, 0.0, 0.0], [0.0, 0.0, 0.0, 0.00012509382036527395, 0.00012509382036527395, 0.0002501876407305479, 0.0008756567425569177, 0.002626970227670753, 0.003252439329497123, 0.008131098323742807, 0.015386539904928697, 0.023892919689767325, 0.030773079809857395, 0.041280960720540404, 0.065298974230673, 0.08518889166875156, 0.14398298724043032, 0.1219664748561421, 0.21303477608206153, 0.08656492369276958, 0.05554165624218164, 0.060795596697523144, 0.01576182136602452, 0.007130347760820615, 0.010883162371778833, 0.0035026269702276708, 0.0011258443832874655, 0.0003752814610958219, 0.0011258443832874655, 0.0008756567425569177, 0.00012509382036527395, 0.0, 0.0], [0.0, 0.0, 0.0, 0.0, 0.0, 0.018018018018018018, 0.02702702702702703, 0.04504504504504504, 0.04504504504504504, 0.02702702702702703, 0.07207207207207207, 0.09009009009009009, 0.036036036036036036, 0.02702702702702703, 0.08108108108108109, 0.14414414414414414, 0.06306306306306306, 0.0990990990990991, 0.06306306306306306, 0.05405405405405406, 0.04504504504504504, 0.0, 0.018018018018018018, 0.009009009009009009, 0.02702702702702703, 0.009009009009009009, 0.0, 0.0, 0.0, 0.0, 0.0, 0.0, 0.0], [0.0, 0.00013281976358082084, 0.00013281976358082084, 0.0002656395271616417, 0.0003984592907424625, 0.00013281976358082084, 0.0003984592907424625, 0.00159383716296985, 0.003054854562358879, 0.005711249833975296, 0.01128967990436977, 0.01832912737415