{"region": {"us": {"histType": {"histogram": {"labels": ["0", "100", "200", "300", "400", "500", "600", "700", "800", "900", "1000", "1100", "1200", "1300", "1400", "1500", "1600", "1700", "1800", "1900", "2000", "2100", "2200", "2300", "2400", "2500", "2600", "2700", "2800", "2900", "3000", "3100", "3200"], "data": [[0.0, 0.0, 0.0027739251040221915, 0.005547850208044383, 0.004160887656033287, 0.006934812760055479, 0.012482662968099861, 0.013869625520110958, 0.036061026352288486, 0.04854368932038835, 0.08183079056865465, 0.10124826629680998, 0.11789181692094314, 0.13314840499306518, 0.1317614424410541, 0.09847434119278779, 0.06657420249653259, 0.04299583911234397, 0.04576976421636616, 0.018030513176144243, 0.013869625520110958, 0.008321775312066574, 0.004160887656033287, 0.005547850208044383, 0.0, 0.0, 0.0, 0.0, 0.0, 0.0, 0.0, 0.0, 0.0], [0.0, 0.00025106703489831785, 0.00025106703489831785, 0.00025106703489831785, 0.0010042681395932714, 0.002008536279186543, 0.004770273663068039, 0.009540547326136078, 0.015566156163695707, 0.028621641978408236, 0.03816218930454431, 0.05473261360783329, 0.08209892041174993, 0.09440120512176751, 0.13005272407732865, 0.13607833291488827, 0.14411247803163443, 0.08335425558624153, 0.10444388651770023, 0.03389404971127291, 0.01732362540798393, 0.006778809942254582, 0.004017072558373086, 0.0027617373838814963, 0.0017574692442882249, 0.0017574692442882249, 0.0010042681395932714, 0.0010042681395932714, 0.0, 0.0, 0.0, 0.0, 0.0], [0.00011851149561507466, 0.0, 0.0, 0.00023702299123014932, 0.00023702299123014932, 0.00023702299123014932, 0.00023702299123014932, 0.0005925574780753733, 0.0024887414079165678, 0.003436833372837165, 0.0052145058070632855, 0.007229201232519554, 0.012088172552737616, 0.019198862289642096, 0.025242948566010903, 0.03887177056174449, 0.08781701825077032, 0.16176819151457691, 0.36833372837165207, 0.0869874377814648, 0.052500592557478076, 0.060914908746148376, 0.02370229912301493, 0.009717942640436123, 0.019435885280872246, 0.006281109267598957, 0.002370229912301493, 0.004147902346527613, 0.00011851149561507466, 0.00047404598246029864, 0.0, 0.0, 0.0], [0.0, 0.0, 0.0, 0.0, 0.0001155268022181146, 0.0, 0.0008086876155268023, 0.001732902033271719, 0.004736598890942699, 0.007855822550831794, 0.011668207024029575, 0.01305452865064695, 0.025993530499075785, 0.02911275415896488, 0.04251386321626617, 0.051409426987061, 0.07139556377079483, 0.043322550831792976, 0.2665203327171904, 0.1535351201478743, 0.0894177449168207, 0.09715804066543438, 0.03223197781885397, 0.013516635859519408, 0.027726432532347505, 0.006700554528650647, 0.004736598890942699, 0.0019639556377079484, 0.0027726432532347504, 0.0, 0.0, 0.0, 0.0], [0.0, 0.0, 0.0, 0.0, 0.010309278350515464, 0.005154639175257732, 0.030927835051546393, 0.02577319587628866, 0.05670103092783505, 0.05154639175257732, 0.07216494845360824, 0.09278350515463918, 0.10309278350515463, 0.11855670103092783, 0.09278350515463918, 0.10309278350515463, 0.07731958762886598, 0.030927835051546393, 0.061855670103092786, 0.02577319587628866, 0.03608247422680412, 0.005154639175257732, 0.0, 0.0, 0.0, 0.0, 0.0, 0.0, 0.0, 0.0, 0.0, 0.0, 0.0], [0.0, 0.0, 0.0, 0.0, 0.0, 0.0, 0.0, 0.0013666947014297729, 0.001261564339781329, 0.004730866274179983, 0.007148864592094197, 0.011459209419680403, 0.021551724137931036, 0.06770395290159797, 0.12100504625735913, 0.14844407064760304, 0.17788057190916737, 0.1107022708158116, 0.1498107653490328, 0.05666526492851135, 0.03322119428090833, 0.03994953742640875, 0.01576955424726661, 0.00798990748528175, 0.012300252312867957, 0.004730866274179983, 0.002943650126156434, 0.0013666947014297729, 0.0013666947014297729, 0.0006307821698906644, 0.0, 0.0, 0.0], [0.0, 0.0, 0.00040225261464199515, 0.0022123893805309734, 0.0016090104585679806, 0.003419147224456959, 0.007039420756234915, 0.012670957361222849, 0.018905872888173775, 0.03559935639581657, 0.0498793242156074, 0.06858407079646017, 0.09372485921158488, 0.11242960579243765, 0.12127916331456154, 0.12067578439259855, 0.12007240547063557, 0.06697506033789219, 0.07260659694288013, 0.028962188254223652, 0.017699115044247787, 0.015687851971037812, 0.008849557522123894, 0.00502815768302494, 0.006436041834271922, 0.003821399839098954, 0.002413515687851971, 0.0014078841512469831, 0.001005631536604988, 0.00020112630732099757, 0.00040225261464199515, 0.0, 0.0], [0.0026954177897574125, 0.0026954177897574125, 0.0, 0.008086253369272238, 0.005390835579514825, 0.018867924528301886, 0.013477088948787063, 0.03773584905660377, 0.05660377358490566, 0.12398921832884097, 0.11590296495956873, 0.1293800539083558, 0.09973045822102426, 0.1105121293800539, 0.07008086253369272, 0.07008086253369272, 0.05121293800539083, 0.013477088948787063, 0.02425876010781671, 0.03234501347708895, 0.01078167115902965, 0.0026954177897574125, 0.0, 0.0, 0.0, 0.0, 0.0, 0.0, 0.0, 0.0, 0.0, 0.0, 0.0], [0.00021039343572480537, 0.00021039343572480537, 0.0005259835893120135, 0.0003155901535872081, 0.0005259835893120135, 0.0012623606143488324, 0.0015779507679360403, 0.004313065432358511, 0.007679360403955397, 0.016305491268672416, 0.02566799915842626, 0.034504523458868085, 0.04165790027351147, 0.04607616242373238, 0.0584893751314959, 0.06669471912476331, 0.2026088786029876, 0.1323374710709026, 0.14496107721439092, 0.06448558804965285, 0.043025457605722704, 0.04249947401641069, 0.021670523879654954, 0.013254786450662739, 0.01830422890805807, 0.005049442457395329, 0.002419524510835262, 0.0029455081001472753, 0.00042078687144961075, 0.0, 0.0, 0.0, 0.0], [0.0, 0.0, 0.0, 0.0, 0.0003901677721420211, 0.0007803355442840422, 0.0011705033164260631, 0.0015606710885680843, 0.0023410066328521262, 0.009364026531408505, 0.012875536480686695, 0.015996878657822865, 0.0222395630120952, 0.03745610612563402, 0.06203667577058135, 0.07803355442840422, 0.10417479516191963, 0.08817791650409676, 0.17674600078033553, 0.06944986344127975, 0.07374170893484198, 0.09715177526336324, 0.04291845493562232, 0.017167381974248927, 0.04721030042918455, 0.01404603979711276, 0.012485368708544674, 0.008583690987124463, 0.0027311744049941474, 0.0011705033164260631, 0.0, 0.0, 0.0], [0.0, 0.0, 0.0001762114537444934, 0.0, 0.000881057268722467, 0.0005286343612334801, 0.0014096916299559472, 0.004405286343612335, 0.008458149779735682, 0.014625550660792951, 0.021321585903083702, 0.029955947136563875, 0.05356828193832599, 0.06449339207048459, 0.1011453744493392, 0.12493392070484581, 0.15330396475770924, 0.09638766519823788, 0.1436123348017621, 0.06220264317180617, 0.0373568281938326, 0.0373568281938326, 0.012687224669603524, 0.00828193832599119, 0.013392070484581497, 0.0033480176211453743, 0.0028193832599118945, 0.0014096916299559472, 0.0019383259911894273, 0.0, 0.0, 0.0, 0.0], [0.0, 0.0, 0.0004219409282700422, 0.0004219409282700422, 0.0005625879043600563, 0.0032348804500703233, 0.006188466947960619, 0.012376933895921238, 0.021237693389592124, 0.0360056258790436, 0.058790436005625876, 0.07412095639943742, 0.09690576652601969, 0.11884669479606189, 0.13853727144866385, 0.12222222222222222, 0.10436005625879044, 0.060337552742616034, 0.06244725738396625, 0.027144866385372713, 0.018143459915611813, 0.015330520393811532, 0.008016877637130802, 0.004219409282700422, 0.0037974683544303796, 0.0035161744022503515, 0.0014064697609001407, 0.00028129395218002813, 0.0011251758087201125, 0.0, 0.0, 0.0, 0.0], [0.0, 0.0, 0.0, 0.0, 0.000126598303582732, 0.000506393214330928, 0.0016457779465755158, 0.002025572857323712, 0.004430940625395619, 0.005317128750474744, 0.013419420179769591, 0.01949613875174073, 0.02797822509178377, 0.03367514875300671, 0.04848715027218635, 0.04506899607545259, 0.22395239903785288, 0.15407013546018483, 0.21382453475123434, 0.07519939232814281, 0.039751867324977846, 0.04215723509304975, 0.016077984555006964, 0.010634257500949488, 0.013419420179769591, 0.0037979491074819596, 0.0018989745537409798, 0.001012786428661856, 0.002025572857323712, 0.0, 0.0, 0.0, 0.0], [0.00020464545175483476, 0.0, 0.0, 0.00010232272587741738, 0.00010232272587741738, 0.00030696817763225213, 0.0012278727105290085, 0.001637163614038678, 0.0041952317609741125, 0.009822981684232068, 0.016064667962754527, 0.019032027013199632, 0.025478358743476925, 0.06333776731812135, 0.13997748900030696, 0.14765169344111326, 0.16985572495651285, 0.10989460759234626, 0.13629387086871994, 0.05474265834441829, 0.03079914048910263, 0.03253862682901872, 0.012585695282922338, 0.005934718100890208, 0.009516013506599816, 0.0031720045021999387, 0.002148777243425765, 0.002148777243425765, 0.0005116136293870869, 0.0006139363552645043, 0.00010232272587741738, 0.0, 0.0], [0.0, 0.0, 0.0, 0.000178826895565093, 0.000536480686695279, 0.000178826895565093, 0.001251788268955651, 0.00178826895565093, 0.003934191702432046, 0.006795422031473534, 0.01430615164520744, 0.02503576537911302, 0.04363376251788269, 0.06545064377682404, 0.09531473533619457, 0.1174892703862661, 0.15879828326180256, 0.11766809728183118, 0.1532546494992847, 0.07045779685264664, 0.043991416309012876, 0.037374821173104436, 0.015736766809728183, 0.006437768240343348, 0.010371959942775394, 0.004470672389127325, 0.002861230329041488, 0.000894134477825465, 0.000894134477825465, 0.000894134477825465, 0.0, 0.0, 0.0], [0.0, 0.0, 0.0002475860361475613, 0.0002475860361475613, 0.0017331022530329288, 0.0032186184699182965, 0.0014855162168853676, 0.005446892795246348, 0.01138895766278782, 0.01757860856647685, 0.030700668482297598, 0.047288932904184205, 0.0658578856152513, 0.09234959148304035, 0.11463233473632087, 0.12899232483287942, 0.13072542708591237, 0.09606338202525377, 0.10200544689279524, 0.04555583065115128, 0.02921515226541223, 0.03094825451844516, 0.014112404060410992, 0.006684822975984155, 0.012379301807378064, 0.005446892795246348, 0.0022282743253280515, 0.002723446397623174, 0.0004951720722951226, 0.0002475860361475613, 0.0, 0.0, 0.0], [0.0001836210062431142, 0.0, 0.0005508630187293427, 0.0012853470437017994, 0.0005508630187293427, 0.0014689680499449136, 0.00348879911861917, 0.00697759823723834, 0.011935365405802425, 0.019831068674256335, 0.03176643408005876, 0.052148365773044436, 0.07436650752846126, 0.10172603745868528, 0.1239441792141021, 0.12835108336393683, 0.13606316562614762, 0.07950789570326845, 0.11274329783327212, 0.04058024237972824, 0.02387073081160485, 0.022769004774146163, 0.010282776349614395, 0.004774146162320969, 0.005141388174807198, 0.001836210062431142, 0.000918105031215571, 0.0012853470437017994, 0.0012853470437017994, 0.0003672420124862284, 0.0, 0.0, 0.0], [0.0, 0.0, 0.00012447099825740602, 0.00024894199651481205, 0.0003734129947722181, 0.00012447099825740602, 0.0008712969878018422, 0.0018670649738610904, 0.0027383619616629324, 0.006223549912870301, 0.012322628827483197, 0.014563106796116505, 0.027632561613144136, 0.03398058252427184, 0.14563106796116504, 0.156957928802589, 0.17388598456559623, 0.11227284042818024, 0.1755041075429425, 0.0475479213343291, 0.02539208364451083, 0.02875280059746079, 0.010206621857107294, 0.006348020911127707, 0.008712969878018421, 0.0031117749564351506, 0.0012447099825740602, 0.0009957679860592482, 0.0018670649738610904, 0.0004978839930296241, 0.0, 0.0, 0.0], [0.0, 0.0, 0.0, 0.006211180124223602, 0.006211180124223602, 0.006211180124223602, 0.0, 0.018633540372670808, 0.049689440993788817, 0.09316770186335403, 0.062111801242236024, 0.08074534161490683, 0.07453416149068323, 0.062111801242236024, 0.043478260869565216, 0.12422360248447205, 0.08695652173913043, 0.08695652173913043, 0.037267080745341616, 0.043478260869565216, 0.049689440993788817, 0.012422360248447204, 0.031055900621118012, 0.0, 0.006211180124223602, 0.006211180124223602, 0.0, 0.012422360248447204, 0.0, 0.0, 0.0, 0.0, 0.0], [0.00022058012573067168, 0.00011029006286533584, 0.0, 0.0, 0.0, 0.00011029006286533584, 0.00022058012573067168, 0.0009926105657880224, 0.0023160913201720527, 0.004521892577478769, 0.007499724274842837, 0.009926105657880225, 0.022168302635932502, 0.029998897099371348, 0.05172603948384251, 0.1597000110290063, 0.22642549906253445, 0.1490018749310687, 0.15440608801147016, 0.06529171721627881, 0.037829491562810194, 0.03749862137421418, 0.013565677732436308, 0.0068379838976508215, 0.011029006286533583, 0.00397044226315209, 0.0018749310687107093, 0.0022058012573067166, 0.0005514503143266791, 0.0, 0.0, 0.0, 0.0], [0.0, 0.0, 0.0, 0.00011931750387781887, 0.0, 0.00011931750387781887, 0.000954540031022551, 0.0003579525116334566, 0.0011931750387781887, 0.0022670325736785586, 0.004534065147357117, 0.006681780217157857, 0.011454480372270611, 0.016227180527383367, 0.0278009784035318, 0.10285168834267987, 0.18816370361532037, 0.15153322992482998, 0.21190788688700632, 0.09211311299367617, 0.05906216441952034, 0.057868989380742156, 0.020403293163107027, 0.010977210356759337, 0.019448753132084478, 0.007278367736546951, 0.0034602076124567475, 0.000954540031022551, 0.0015511275504116453, 0.00023863500775563775, 0.0004772700155112755, 0.0, 0.0], [0.0001958672020370189, 9.793360101850946e-05, 0.0, 0.0001958672020370189, 0.0001958672020370189, 0.0005876016061110567, 0.0007834688081480756, 0.0018607384193516795, 0.0029380080305552833, 0.005582215258055039, 0.010087160904906474, 0.013416903339535794, 0.017432180981294683, 0.02458133385564587, 0.03408089315444129, 0.14063265106257958, 0.1678581921457252, 0.13926158064832045, 0.1895015179708158, 0.08539810008814024, 0.05141514053471746, 0.05758495739888356, 0.02154539222407208, 0.011262364117128587, 0.014787973753794927, 0.004504945646851435, 0.002350406424444227, 0.0014690040152776417, 0.0003917344040740378, 0.0, 0.0, 0.0, 0.0], [0.0, 0.0, 0.0, 0.0014367816091954023, 0.0014367816091954023, 0.0, 0.0, 0.007183908045977011, 0.007183908045977011, 0.005747126436781609, 0.01293103448275862, 0.02586206896551724, 0.04310344827586207, 0.08620689655172414, 0.1221264367816092, 0.17385057471264367, 0.17385057471264367, 0.1235632183908046, 0.1221264367816092, 0.04885057471264368, 0.022988505747126436, 0.01293103448275862, 0.0014367816091954023, 0.007183908045977011, 0.0, 0.0, 0.0, 0.0, 0.0, 0.0, 0.0, 0.0, 0.0], [0.0, 0.0, 0.0, 9.081002542680712e-05, 0.0, 9.081002542680712e-05, 0.00027243007628042137, 0.000726480203414457, 0.0016345804576825282, 0.004903741373047585, 0.0073556120595713766, 0.012531783508899382, 0.02143116600072648, 0.02751543770432256, 0.040773701416636395, 0.04885579367962223, 0.08808572466400291, 0.1670904467853251, 0.2833272793316382, 0.09689429713040319, 0.0586632764257174, 0.0765528514347984, 0.020341445695604796, 0.010170722847802398, 0.02015982564475118, 0.005266981474754813, 0.0024518706865237923, 0.002361060661096985, 0.002270250635670178, 0.00018162005085361425, 0.0, 0.0, 0.0], [9.885330170027679e-05, 9.885330170027679e-05, 9.885330170027679e-05, 0.0, 0.00039541320680110717, 0.00039541320680110717, 0.0002965599051008304, 0.0009885330170027679, 0.0010873863187030447, 0.00523922499011467, 0.009489916963226572, 0.01907868722815342, 0.0328192961644919, 0.04458283906682483, 0.06524317912218268, 0.07690786872281534, 0.09638196915776986, 0.2073942269671807, 0.2299327797548438, 0.09134045077105575, 0.04586793198892843, 0.04151838671411625, 0.014729141953341242, 0.006326611308817715, 0.004151838671411625, 0.0017793594306049821, 0.003361012257809411, 0.00039541320680110717, 0.0, 0.0, 0.0, 0.0, 0.0], [0.0, 0.00010508617065994115, 0.0, 0.00010508617065994115, 0.00010508617065994115, 0.0005254308532997058, 0.0007356031946195881, 0.0016813787305590584, 0.0023118957545187053, 0.00451870533837747, 0.008406893652795292, 0.013766288356452291, 0.049495586380832284, 0.08228247162673392, 0.11118116855821773, 0.14007986548970155, 0.15889029003783103, 0.11654056326187474, 0.13839848675914249, 0.06494325346784363, 0.03940731399747793, 0.03415300546448088, 0.014817150063051702, 0.006515342580916352, 0.0057797393862967636, 0.0025220680958385876, 0.0012610340479192938, 0.0014712063892391761, 0.0, 0.0, 0.0, 0.0, 0.0], [0.0, 0.0, 0.0, 0.0, 0.00023618327822390176, 0.0, 0.0008266414737836561, 0.0023618327822390174, 0.0048417572035899855, 0.007794048181388758, 0.016414737836561173, 0.025153519130845535, 0.04192253188474256, 0.0668398677373642, 0.10333018422295702, 0.12588568729333963, 0.1529286726499764, 0.09777987718469533, 0.16721776098252245, 0.05987246102975909, 0.03731695795937648, 0.03861596598960793, 0.01653282947567312, 0.006613131790269249, 0.012635805384978743, 0.004959848842701937, 0.00401511572980633, 0.0024799244213509685, 0.002007557864903165, 0.0004723665564478035, 0.000944733112895607, 0.0, 0.0], [0.0, 0.000171939477303989, 0.000171939477303989, 0.000343878954607978, 0.0010316368638239339, 0.0010316368638239339, 0.0017193947730398899, 0.002579092159559835, 0.005674002751031637, 0.017881705639614855, 0.042297111416781295, 0.05949105914718019, 0.07874828060522696, 0.10436726272352131, 0.12585969738651995, 0.11846629986244842, 0.14632049518569465, 0.07754470426409904, 0.11502751031636864, 0.029745529573590095, 0.02389958734525447, 0.020976616231086657, 0.00842503438789546, 0.004470426409903714, 0.007393397524071527, 0.0020632737276478678, 0.0020632737276478678, 0.000343878954607978, 0.0010316368638239339, 0.0008596973865199449, 0.0, 0.0, 0.0], [0.0, 0.0, 0.0, 0.0007255139056831923, 0.0009673518742442564, 0.002176541717049577, 0.0038694074969770256, 0.007013301088270859, 0.013542926239419589, 0.015235792019347038, 0.026360338573155985, 0.042805320435308346, 0.054171704957678354, 0.08222490931076179, 0.12382103990326482, 0.13155985489721886, 0.14897218863361547, 0.09600967351874244, 0.11003627569528417, 0.04836759371221282, 0.02781136638452237, 0.02249093107617896, 0.012333736396614269, 0.0094316807738815, 0.008464328899637243, 0.003143893591293833, 0.002660217654171705, 0.003385731559854897, 0.0014510278113663846, 0.0009673518742442564, 0.0, 0.0, 0.0], [0.000223563603845294, 0.0, 0.0, 0.0, 0.000447127207690588, 0.000447127207690588, 0.001676727028839705, 0.00335345405767941, 0.0049183992845964674, 0.009501453163424994, 0.017437961099932932, 0.04124748490945674, 0.08461882405544377, 0.11960652805723228, 0.1472166331321261, 0.15079365079365079, 0.13827408897831434, 0.08070646098815112, 0.09579700424770847, 0.03420523138832998, 0.02079141515761234, 0.02414486921529175, 0.008942544153811759, 0.004471272076905879, 0.007154035323049408, 0.0022356360384529397, 0.0005589090096132349, 0.000894254415381176, 0.000111781801922647, 0.000223563603845294, 0.0, 0.0, 0.0], [0.0, 0.0, 0.0, 0.00028196813760045117, 0.00014098406880022558, 0.00014098406880022558, 0.0014098406880022557, 0.0004229522064006767, 0.0021147610320033836, 0.004652474270407444, 0.007754123784012407, 0.009304948540814888, 0.01466234315522346, 0.06161003806569858, 0.11433807979698295, 0.13858733963062175, 0.17326942055547723, 0.1108134780769773, 0.1665021852530664, 0.05921330889609474, 0.037501762300860005, 0.04088537995206542, 0.018750881150430002, 0.007895107852812631, 0.014803327224023685, 0.0049344424080078955, 0.005075426476808121, 0.0022557451008036094, 0.0018327928944029325, 0.0005639362752009023, 0.00028196813760045117, 0.0, 0.0], [0.0, 0.0, 0.0001722356183258698, 0.0003444712366517396, 0.0010334137099552187, 0.0013778849466069584, 0.0022390630382363073, 0.004650361694798484, 0.007578367206338271, 0.018256975542542197, 0.030313468825353084, 0.04168101963486049, 0.06803306923871856, 0.09128487771271099, 0.11712022046159146, 0.13210471925594214, 0.14571133310368584, 0.08939028591112642, 0.12400964519462625, 0.04478126076472615, 0.027557698932139166, 0.021701687909059592, 0.010334137099552188, 0.0044781260764726145, 0.005511539786427834, 0.0012056493282810886, 0.002411298656562177, 0.003961419221495005, 0.002583534274888047, 0.0001722356183258698, 0.0, 0.0, 0.0], [0.00011702750146284377, 0.0, 0.0, 0.0, 0.00011702750146284377, 0.001053247513165594, 0.0007021650087770626, 0.0023405500292568754, 0.0028086600351082502, 0.005734347571679344, 0.013926272674078408, 0.02176711527208894, 0.03534230544177882, 0.04248098303101229, 0.05898186073727326, 0.11679344645991808, 0.20947922761849033, 0.14956114686951433, 0.16009362200117028, 0.07150380339379754, 0.044470450555880635, 0.03311878291398478, 0.013575190169689878, 0.005500292568753657, 0.0056173200702165004, 0.001989467524868344, 0.0023405500292568754, 0.0004681100058513751, 0.00011702750146284377, 0.0, 0.0, 0.0, 0.0], [0.0, 0.0, 0.0, 0.00014742739200943535, 0.00014742739200943535, 0.0004422821760283061, 0.0005897095680377414, 0.001621701312103789, 0.0026536930561698365, 0.0056022408963585435, 0.02344095532950022, 0.03272888102609465, 0.06752174554032139, 0.09597523219814241, 0.13209494324045407, 0.14565826330532214, 0.15656789031402035, 0.10334660179861418, 0.11101282618310482, 0.04304879846675512, 0.026094648385670056, 0.020787262273330383, 0.009877635264632168, 0.004717676544301931, 0.00796107916850951, 0.0026536930561698365, 0.0026536930561698365, 0.0011794191360754828, 0.0014742739200943535, 0.0, 0.0, 0.0, 0.0], [0.0, 0.0, 0.0, 0.00015453562046051616, 0.0, 0.0006181424818420646, 0.0009272137227630969, 0.0009272137227630969, 0.0023180343069077423, 0.00200896306598671, 0.005254211095657549, 0.010972029052696647, 0.039870190078813164, 0.06382321125019318, 0.09194869417400711, 0.11760160717045279, 0.15577190542420027, 0.1100293617678875, 0.17941585535465926, 0.07046824292999536, 0.04157008190387884, 0.046206150517694326, 0.020398701900788133, 0.01128110029361768, 0.015917168907433162, 0.006335960438881162, 0.0027816411682892906, 0.0007726781023025807, 0.0023180343069077423, 0.0003090712409210323, 0.0, 0.0, 0.0], [0.0, 0.0, 0.00011566042100393245, 0.0, 0.0002313208420078649, 0.00034698126301179735, 0.00034698126301179735, 0.001272264631043257, 0.0011566042100393246, 0.003816793893129771, 0.006708304418228082, 0.01607679851954661, 0.02683321767291233, 0.04499190377052972, 0.055401341660883646, 0.15845477677538747, 0.18123987971316216, 0.10953041869072404, 0.18123987971316216, 0.06453851492019431, 0.04371963913948647, 0.04001850566736063, 0.023826046726810084, 0.012028683784408975, 0.01642377978255841, 0.004510756419153366, 0.003122831367106176, 0.002081887578070784, 0.001040943789035392, 0.0009252833680314596, 0.0, 0.0, 0.0], [0.0, 0.0, 0.0, 0.0, 9.401146939926671e-05, 9.401146939926671e-05, 9.401146939926671e-05, 0.0008461032245934004, 0.0017862179185860676, 0.004794584939362603, 0.009119112531728871, 0.016546018614270942, 0.028485475227977813, 0.036100404249318416, 0.054432640782175426, 0.05894519131334023, 0.07191877409043904, 0.07690138196860016, 0.3275359593870452, 0.11488201560590391, 0.06514994829369183, 0.07238883143743537, 0.01833223653285701, 0.009025101062329604, 0.01974240857384601, 0.005076619347560402, 0.0030083670207765346, 0.0024442982043809346, 0.0017862179185860676, 0.00047005734699633354, 0.0, 0.0, 0.0], [0.0, 0.0, 0.0, 0.0, 0.0, 0.0001002004008016032, 0.0006012024048096192, 0.003006012024048096, 0.00531062124248497, 0.009819639278557115, 0.018036072144288578, 0.033667334669338675, 0.05040080160320641, 0.07725450901803607, 0.11412825651302605, 0.13587174348697395, 0.17304609218436873, 0.10981963927855712, 0.15531062124248496, 0.04779559118236473, 0.024649298597194388, 0.02595190380761523, 0.0070140280561122245, 0.003306613226452906, 0.00250501002004008, 0.0009018036072144289, 0.0006012024048096192, 0.0006012024048096192, 0.0003006012024048096, 0.0, 0.0, 0.0, 0.0], [0.0, 0.002976190476190476, 0.0, 0.002976190476190476, 0.005952380952380952, 0.020833333333333332, 0.020833333333333332, 0.03869047619047619, 0.08333333333333333, 0.05952380952380952, 0.050595238095238096, 0.07738095238095238, 0.08035714285714286, 0.11904761904761904, 0.125, 0.10714285714285714, 0.07738095238095238, 0.047619047619047616, 0.03869047619047619, 0.01488095238095238, 0.011904761904761904, 0.008928571428571428, 0.0, 0.005952380952380952, 0.0, 0.0, 0.0, 0.0, 0.0, 0.0, 0.0, 0.0, 0.0]]}, "ranks": {"labels": ["Unranked", "Combatatent I", "Combatatent II", "Challenger I", "Challenger II", "Rival I", "Rival II", "Duelist", "Elite"], "data": [[0.130374479889043, 0.18307905686546463, 0.2510402219140083, 0.2302357836338419, 0.10957004160887657, 0.05825242718446602, 0.019417475728155338, 0.018030513176144243, 0.0], [0.06226462465478283, 0.0928948029123776, 0.17650012553351746, 0.2661310569922169, 0.22746673361787598, 0.12427818227466733, 0.03138337936228973, 0.013557619884509164, 0.0055234747677629925], [0.007584735719364778, 0.012443707039582839, 0.03128703484237971, 0.06411471912775539, 0.24958520976534723, 0.41561981512206686, 0.09220194358852808, 0.09433515050959942, 0.032827684285375684], [0.015249537892791128, 0.024722735674676526, 0.05510628465804066, 0.09392329020332717, 0.1147181146025878, 0.34935304990757854, 0.16012014787430684, 0.14290665434380775, 0.04390018484288355], [0.18041237113402062, 0.16494845360824742, 0.22164948453608246, 0.1958762886597938, 0.10824742268041238, 0.08762886597938144, 0.03608247422680412, 0.005154639175257732, 0.0], [0.007359125315391085, 0.0186080740117746, 0.08925567703952901, 0.26944911690496215, 0.28858284272497897, 0.18219091673675358, 0.05750630782169891, 0.06370899915895711, 0.023338940285954585], [0.08185840707964602, 0.11846339501206758, 0.2061544650040225, 0.24195494770716008, 0.18704746580852777, 0.09070796460176991, 0.028559935639581657, 0.029565567176186646, 0.015687851971037812], [0.2695417789757412, 0.24528301886792453, 0.21024258760107817, 0.14016172506738545, 0.0646900269541779, 0.04043126684636118, 0.026954177897574125, 0.0026954177897574125, 0.0], [0.03292657269093204, 0.06017252261729434, 0.08773406269724385, 0.1251840942562592, 0.3349463496738902, 0.18135914159478225, 0.07111298127498422, 0.07742478434672838, 0.029139490847885547], [0.015606710885680842, 0.02887241513850956, 0.059695669137729224, 0.14007023019898557, 0.1923527116660164, 0.2110807647288334, 0.10885680842762388, 0.15723761217323448, 0.08622707764338666], [0.030484581497797356, 0.05127753303964758, 0.11806167400881057, 0.226079295154185, 0.24969162995594713, 0.1807929515418502, 0.06237885462555066, 0.058325991189427315, 0.02290748898678414], [0.08045007032348804, 0.13291139240506328, 0.21575246132208156, 0.2607594936708861, 0.16469760900140648, 0.07651195499296765, 0.031223628691983123, 0.027566807313642756, 0.010126582278481013], [0.01405241169768325, 0.03291555893151032, 0.06165337384479048, 0.09355614634763894, 0.37802253449803774, 0.2573743511836941, 0.07140144322066085, 0.06886947714900621, 0.0221547031269781], [0.01759950885091579, 0.03509669497595416, 0.08881612606159828, 0.2876291824414202, 0.2797503325488591, 0.1671953340837, 0.054640335618540876, 0.051059040212831266, 0.018213445206180293], [0.014663805436337626, 0.03934191702432046, 0.10908440629470673, 0.21280400572246067, 0.27646638054363376, 0.19206008583690987, 0.07564377682403434, 0.05954935622317597, 0.0203862660944206], [0.04134686803664273, 0.0779896013864818, 0.15820747709829167, 0.2436246595692003, 0.22678880911116614, 0.12701163654369893, 0.049764793265659815, 0.05174548155484031, 0.02352067343401832], [0.04627249357326478, 0.0839147998531032, 0.17609254498714652, 0.2522952625780389, 0.21557106132941609, 0.13753213367609254, 0.03966213734851267, 0.03782592728608153, 0.010833639368343738], [0.012571570823998008, 0.0268857356235997, 0.06161314413741598, 0.30258899676375406, 0.28615882499377643, 0.2027632561613144, 0.04568085636046801, 0.045307443365695796, 0.016430171769977596], [0.18012422360248448, 0.14285714285714285, 0.13664596273291926, 0.16770186335403728, 0.17391304347826086, 0.055900621118012424, 0.07453416149068323, 0.043478260869565216, 0.024844720496894408], [0.008492334840630859, 0.017425829932723062, 0.05216719973530385, 0.2114260505128488, 0.37542737399360315, 0.19300761001433772, 0.06451968677622147, 0.057902283004301315, 0.019631631190029777], [0.005011335162868393, 0.011215845364514974, 0.02768166089965398, 0.13065266674621168, 0.33969693354015035, 0.262856461042835, 0.10022670325736785, 0.08924949290060852, 0.03340890108578928], [0.0124375673293507, 0.023504064244442267, 0.04201351483694055, 0.17471354421702087, 0.3071197727940456, 0.23660758006071883, 0.08970717853295465, 0.09039271374008423, 0.023504064244442267], [0.022988505747126436, 0.03879310344827586, 0.12931034482758622, 0.2959770114942529, 0.2974137931034483, 0.15086206896551724, 0.04310344827586207, 0.021551724137931036, 0.0], [0.007718852161278605, 0.01988739556847076, 0.04894660370504904, 0.08962949509625863, 0.255176171449328, 0.34017435524881945, 0.09871049763893934, 0.1070650199782056, 0.03269160915365056], [0.008699090549624358, 0.028568604191379993, 0.07740213523131673, 0.14215104784499802, 0.30377619612495055, 0.28094108343218666, 0.08620007908264136, 0.06257413997627521, 0.009687623566627125], [0.01008827238335435, 0.02217318200924758, 0.1317780580075662, 0.2512610340479193, 0.27543085329970574, 0.17538881883144178, 0.06736023539302227, 0.05548549810844893, 0.011034047919293822], [0.01606046291922532, 0.04156825696740671, 0.10876239962210675, 0.22921587151629666, 0.2507085498346717, 0.19839395370807747, 0.06601322626358054, 0.061761927255550304, 0.027515351913084553], [0.030605226960110043, 0.10178817056396149, 0.18311554332874827, 0.24432599724896836, 0.22386519944979366, 0.13118982118294362, 0.0374828060522696, 0.03387207702888583, 0.013755158184319119], [0.04353083434099154, 0.06916565900846433, 0.13639661426844016, 0.25538089480048365, 0.24498186215235793, 0.1373639661426844, 0.04885126964933494, 0.04425634824667473, 0.020072551390568318], [0.020567851553767048, 0.05868544600938967, 0.20422535211267606, 0.2980102839257769, 0.21898054996646546, 0.11446456516879053, 0.03632908562486027, 0.03755868544600939, 0.0111781801922647], [0.009163964472014662, 0.017059072324827295, 0.07627238122092203, 0.25292541942760466, 0.2840828986324545, 0.19836458480191738, 0.06485267164810377, 0.06753136895530805, 0.029747638516847596], [0.03565277299345505, 0.07199448846021357, 0.15931794695142956, 0.2492249397175336, 0.23510161901481227, 0.15018945918015847, 0.0461591457113331, 0.036513951085084394, 0.01584567688598002], [0.012873025160912814, 0.035693387946167346, 0.0778232884727911, 0.17577530719719134, 0.3590403744880047, 0.19929783499122294, 0.07677004095962552, 0.05219426565242832, 0.010532475131655939], [0.011204481792717087, 0.05616983635559487, 0.1634969777384638, 0.27775320654577623, 0.2599144921126345, 0.13489606368863336, 0.04526020934689665, 0.03538257408226449, 0.01592215833701902], [0.006954102920723227, 0.016226240148354196, 0.10369340132900634, 0.2095503013444599, 0.2658012671920878, 0.21758615360840675, 0.07386802658012671, 0.07788595271210014, 0.028434554164734973], [0.007286606523247745, 0.022785102937774693, 0.07182512144344205, 0.21385611843627111, 0.2907702984038862, 0.21628498727735368, 0.07321304649548924, 0.07587323617857969, 0.028105482303955587], [0.007708940490739871, 0.025665131145999814, 0.06458587947729623, 0.11337783209551565, 0.1488201560590392, 0.39127573563974805, 0.11629218764689292, 0.09974616903262198, 0.03252796841214628], [0.018837675350701404, 0.051703406813627256, 0.1276553106212425, 0.25, 0.2828657314629259, 0.18286573146292584, 0.044889779559118236, 0.03627254509018036, 0.004909819639278557], [0.23511904761904762, 0.12797619047619047, 0.19940476190476192, 0.23214285714285715, 0.125, 0.041666666666666664, 0.023809523809523808, 0.01488095238095238, 0.0]]}, "ranksDetailed": {"labels": ["Unranked", "Combatatant", "Challenger", "Rival", "Duelist", "Elite"], "data": [[0.130374479889043, 0.43411927877947293, 0.33980582524271846, 0.07766990291262135, 0.018030513176144243, 0.0], [0.06226462465478283, 0.2693949284458951, 0.4935977906100929, 0.15566156163695707, 0.013557619884509164, 0.0055234747677629925], [0.007584735719364778, 0.04373074188196255, 0.3136999288931026, 0.5078217587105949, 0.09433515050959942, 0.032827684285375684], [0.015249537892791128, 0.07982902033271719, 0.20864140480591498, 0.5094731977818854, 0.14290665434380775, 0.04390018484288355], [0.18041237113402062, 0.3865979381443299, 0.30412371134020616, 0.12371134020618557, 0.005154639175257732, 0.0], [0.007359125315391085, 0.10786375105130362, 0.5580319596299411, 0.2396972245584525, 0.06370899915895711, 0.023338940285954585], [0.08185840707964602, 0.3246178600160901, 0.42900241351568785, 0.11926790024135157, 0.029565567176186646, 0.015687851971037812], [0.2695417789757412, 0.4555256064690027, 0.20485175202156333, 0.0673854447439353, 0.0026954177897574125, 0.0], [0.03292657269093204, 0.14790658531453818, 0.4601304439301494, 0.25247212286976645, 0.07742478434672838, 0.029139490847885547], [0.015606710885680842, 0.08856808427623879, 0.33242294186500193, 0.31993757315645727, 0.15723761217323448, 0.08622707764338666], [0.030484581497797356, 0.16933920704845815, 0.47577092511013214, 0.2431718061674009, 0.058325991189427315, 0.02290748898678414], [0.08045007032348804, 0.34866385372714487, 0.42545710267229253, 0.10773558368495077, 0.027566807313642756, 0.010126582278481013], [0.01405241169768325, 0.0945689327763008, 0.47157868084567667, 0.328775794404355, 0.06886947714900621, 0.0221547031269781], [0.01759950885091579, 0.12391282103755244, 0.5673795149902794, 0.22183566970224086, 0.051059040212831266, 0.018213445206180293], [0.014663805436337626, 0.1484263233190272, 0.4892703862660944, 0.2677038626609442, 0.05954935622317597, 0.0203862660944206], [0.04134686803664273, 0.23619707848477345, 0.47041346868036643, 0.17677642980935876, 0.05174548155484031, 0.02352067343401832], [0.04627249357326478, 0.26000734484024973, 0.46786632390745503, 0.17719427102460522, 0.03782592728608153, 0.010833639368343738], [0.012571570823998008, 0.08849887976101568, 0.5887478217575305, 0.24844411252178242, 0.045307443365695796, 0.016430171769977596], [0.18012422360248448, 0.2795031055900621, 0.3416149068322981, 0.13043478260869565, 0.043478260869565216, 0.024844720496894408], [0.008492334840630859, 0.06959302966802691, 0.586853424506452, 0.2575272967905592, 0.057902283004301315, 0.019631631190029777], [0.005011335162868393, 0.038897506264168956, 0.470349600286362, 0.3630831643002028, 0.08924949290060852, 0.03340890108578928], [0.0124375673293507, 0.06551757908138282, 0.4818333170110665, 0.3263147585936735, 0.09039271374008423, 0.023504064244442267], [0.022988505747126436, 0.16810344827586207, 0.5933908045977011, 0.1939655172413793, 0.021551724137931036, 0.0], [0.007718852161278605, 0.0688339992735198, 0.34480566654558664, 0.4388848528877588, 0.1070650199782056, 0.03269160915365056], [0.008699090549624358, 0.10597073942269672, 0.4459272439699486, 0.367141162514828, 0.06257413997627521, 0.009687623566627125], [0.01008827238335435, 0.1539512400168138, 0.5266918873476251, 0.24274905422446405, 0.05548549810844893, 0.011034047919293822], [0.01606046291922532, 0.15033065658951347, 0.47992442135096836, 0.264407179971658, 0.061761927255550304, 0.027515351913084553], [0.030605226960110043, 0.28490371389270974, 0.468191196698762, 0.1686726272352132, 0.03387207702888583, 0.013755158184319119], [0.04353083434099154, 0.20556227327690446, 0.5003627569528416, 0.18621523579201935, 0.04425634824667473, 0.020072551390568318], [0.020567851553767048, 0.26291079812206575, 0.5169908338922423, 0.15079365079365079, 0.03755868544600939, 0.0111781801922647], [0.009163964472014662, 0.09333145354574933, 0.5370083180600592, 0.26321725645002114, 0.06753136895530805, 0.029747638516847596], [0.03565277299345505, 0.23131243541164312, 0.48432655873234587, 0.19634860489149156, 0.036513951085084394, 0.01584567688598002], [0.012873025160912814, 0.11351667641895846, 0.534815681685196, 0.2760678759508485, 0.05219426565242832, 0.010532475131655939], [0.011204481792717087, 0.21966681409405867, 0.5376676986584107, 0.18015627303553, 0.03538257408226449, 0.01592215833701902], [0.006954102920723227, 0.11991964147736053, 0.4753515685365477, 0.2914541801885335, 0.07788595271210014, 0.028434554164734973], [0.007286606523247745, 0.09461022438121675, 0.5046264168401573, 0.28949803377284294, 0.07587323617857969, 0.028105482303955587], [0.007708940490739871, 0.09025101062329605, 0.26219798815455486, 0.507567923286641, 0.09974616903262198, 0.03252796841214628], [0.018837675350701404, 0.17935871743486975, 0.5328657314629258, 0.22775551102204408, 0.03627254509018036, 0.004909819639278557], [0.23511904761904762, 0.3273809523809524, 0.35714285714285715, 0.06547619047619048, 0.01488095238095238, 0.0]]}}}, "eu": {"histType": {"histogram": {"labels": ["0", "100", "200", "300", "400", "500", "600", "700", "800", "900", "1000", "1100", "1200", "1300", "1400", "1500", "1600", "1700", "1800", "1900", "2000", "2100", "2200", "2300", "2400", "2500", "2600", "2700", "2800", "2900", "3000", "3100", "3200"], "data": [[0.0, 0.0, 0.0018315018315018315, 0.0, 0.0018315018315018315, 0.007326007326007326, 0.01282051282051282, 0.02564102564102564, 0.04945054945054945, 0.07692307692307693, 0.07692307692307693, 0.10805860805860806, 0.10073260073260074, 0.11904761904761904, 0.1391941391941392, 0.09340659340659341, 0.0641025641025641, 0.040293040293040296, 0.0347985347985348, 0.018315018315018316, 0.01282051282051282, 0.005494505494505495, 0.003663003663003663, 0.007326007326007326, 0.0, 0.0, 0.0, 0.0, 0.0, 0.0, 0.0, 0.0, 0.0], [0.0, 0.0002771618625277162, 0.0008314855875831486, 0.0011086474501108647, 0.0016629711751662971, 0.003880266075388027, 0.006929046563192905, 0.010809312638580931, 0.019401330376940133, 0.03436807095343681, 0.04490022172949002, 0.06208425720620843, 0.08176274944567627, 0.10421286031042129, 0.1352549889135255, 0.13137472283813748, 0.14079822616407983, 0.06818181818181818, 0.09506651884700665, 0.024390243902439025, 0.012195121951219513, 0.009700665188470067, 0.0041574279379157425, 0.002771618625277162, 0.0022172949002217295, 0.0011086474501108647, 0.0005543237250554324, 0.0, 0.0, 0.0, 0.0, 0.0, 0.0], [0.0, 0.0, 0.0, 0.00011954572624028691, 0.00011954572624028691, 0.00011954572624028691, 0.0, 0.0007172743574417215, 0.0019127316198445906, 0.002630005977286312, 0.005857740585774059, 0.009563658099222952, 0.011954572624028692, 0.015301852958756725, 0.02546323968918111, 0.035026897788404066, 0.17943813508667064, 0.15397489539748954, 0.32540346682606097, 0.08021518230723251, 0.052121936640765094, 0.052241482367005376, 0.018410041841004185, 0.007890017931858936, 0.011715481171548118, 0.005140466228332337, 0.0019127316198445906, 0.0022713687985654514, 0.00023909145248057382, 0.00023909145248057382, 0.0, 0.0, 0.0], [0.0, 0.0, 0.0, 0.00011072970878086591, 0.00011072970878086591, 0.00022145941756173182, 0.0007751079614660613, 0.0021038644668364523, 0.00243605359317905, 0.005868674565385893, 0.011737349130771787, 0.017163104861034215, 0.020706455542021926, 0.02646440039862695, 0.04296312700697597, 0.05381463846750083, 0.07618203964123574, 0.051489314583102644, 0.27516332632045176, 0.1474919720961134, 0.09234857712324217, 0.08791938877200753, 0.030672129332299857, 0.013287565053703909, 0.023585427970324438, 0.00786180932344148, 0.004318458642453771, 0.0015502159229321226, 0.003432620972206843, 0.00022145941756173182, 0.0, 0.0, 0.0], [0.0, 0.0, 0.0, 0.0, 0.0, 0.021164021164021163, 0.026455026455026454, 0.05291005291005291, 0.06349206349206349, 0.047619047619047616, 0.07407407407407407, 0.07936507936507936, 0.06349206349206349, 0.1164021164021164, 0.08994708994708994, 0.14814814814814814, 0.031746031746031744, 0.06349206349206349, 0.031746031746031744, 0.05291005291005291, 0.015873015873015872, 0.005291005291005291, 0.0, 0.005291005291005291, 0.010582010582010581, 0.0, 0.0, 0.0, 0.0, 0.0, 0.0, 0.0, 0.0], [0.0, 0.00010436234606553955, 0.00010436234606553955, 0.0002087246921310791, 0.00031308703819661864, 0.00010436234606553955, 0.0002087246921310791, 0.001147985806720935, 0.001878522229179712, 0.0038614068044249637, 0.007827175954915467, 0.01179294510540597, 0.018472135253600502, 0.08933416823210186, 0.1279482362763515, 0.1369233980379879, 0.16197036109371737, 0.11125026090586516, 0.1509079524107702, 0.056355666875391355, 0.03673554581506992, 0.04017950323523273, 0.014923815487372157, 0.005635566687539