{"region": {"us": {"histType": {"histogram": {"labels": ["0", "100", "200", "300", "400", "500", "600", "700", "800", "900", "1000", "1100", "1200", "1300", "1400", "1500", "1600", "1700", "1800", "1900", "2000", "2100", "2200", "2300", "2400", "2500", "2600", "2700", "2800", "2900", "3000", "3100", "3200"], "data": [[0.0, 0.0, 0.004640371229698376, 0.004640371229698376, 0.004640371229698376, 0.0069605568445475635, 0.02088167053364269, 0.016241299303944315, 0.04408352668213457, 0.04408352668213457, 0.08584686774941995, 0.10904872389791183, 0.11832946635730858, 0.12064965197215777, 0.1136890951276102, 0.09048723897911833, 0.07424593967517401, 0.04176334106728538, 0.027842227378190254, 0.037122969837587005, 0.013921113689095127, 0.0069605568445475635, 0.0069605568445475635, 0.0, 0.0069605568445475635, 0.0, 0.0, 0.0, 0.0, 0.0, 0.0, 0.0, 0.0], [0.0, 0.00031113876789047915, 0.0, 0.00031113876789047915, 0.0006222775357809583, 0.0015556938394523958, 0.004667081518357187, 0.008400746733042938, 0.011512134411947728, 0.027069072806471688, 0.03671437461107654, 0.05289359054138146, 0.08276291225886745, 0.09054138145612943, 0.12352209085252022, 0.13254511512134412, 0.15152457996266336, 0.08494088363410081, 0.11232109520846298, 0.03827006845052894, 0.016801493466085875, 0.009023024268823895, 0.005600497822028625, 0.0015556938394523958, 0.0028002489110143126, 0.00031113876789047915, 0.001866832607342875, 0.0012445550715619166, 0.00031113876789047915, 0.0, 0.0, 0.0, 0.0], [0.00011203226529240422, 0.0, 0.0, 0.00022406453058480843, 0.00022406453058480843, 0.00022406453058480843, 0.00022406453058480843, 0.000560161326462021, 0.002688774367017701, 0.003248935693479722, 0.005265516468742998, 0.007842258570468295, 0.012099484651579655, 0.01938158189558593, 0.025991485547837777, 0.039995518709388306, 0.19896930315930988, 0.13432668608559264, 0.3028232130853686, 0.08099932780640824, 0.0478377772798566, 0.05691239076854134, 0.020838001344387184, 0.009634774815146763, 0.019269549630293526, 0.00560161326462021, 0.003024871162894914, 0.0012323549182164464, 0.0, 0.00044812906116961686, 0.0, 0.0, 0.0], [0.0, 0.0, 0.0, 0.0, 0.00010734220695577502, 0.00010734220695577502, 0.0007513954486904251, 0.0018248175182481751, 0.004508372692142551, 0.007728638900815801, 0.011378273937312151, 0.013632460283383427, 0.025332760841562902, 0.030807213396307428, 0.044547015886646626, 0.055066552168312584, 0.13138686131386862, 0.14931300987548304, 0.26438385573207385, 0.09789609274366681, 0.05742808072133963, 0.05775010734220696, 0.020609703735508803, 0.0069772434521253755, 0.011914984972091026, 0.0034349506225848005, 0.0023615285530270503, 0.0007513954486904251, 0.0, 0.0, 0.0, 0.0, 0.0], [0.0, 0.0, 0.006756756756756757, 0.0, 0.006756756756756757, 0.006756756756756757, 0.02027027027027027, 0.033783783783783786, 0.05405405405405406, 0.05405405405405406, 0.060810810810810814, 0.08783783783783784, 0.10135135135135136, 0.13513513513513514, 0.0945945945945946, 0.08783783783783784, 0.0472972972972973, 0.04054054054054054, 0.08108108108108109, 0.04054054054054054, 0.013513513513513514, 0.02027027027027027, 0.006756756756756757, 0.0, 0.0, 0.0, 0.0, 0.0, 0.0, 0.0, 0.0, 0.0, 0.0], [0.0, 0.0, 0.0, 0.0, 0.0, 0.0, 0.0, 0.0025876010781671157, 0.005714285714285714, 0.011320754716981131, 0.020377358490566037, 0.030727762803234502, 0.052830188679245285, 0.08398921832884097, 0.10814016172506738, 0.13175202156334231, 0.16194070080862533, 0.09487870619946091, 0.1353099730458221, 0.054231805929919136, 0.030512129380053907, 0.03633423180592992, 0.015309973045822102, 0.0061455525606469, 0.01078167115902965, 0.003665768194070081, 0.001940700808625337, 0.0008625336927223719, 0.00043126684636118597, 0.00010781671159029649, 0.00010781671159029649, 0.0, 0.0], [0.0, 0.00023568230025925054, 0.00023568230025925054, 0.0023568230025925053, 0.0021211407023332546, 0.0032995522036295072, 0.006834786707518265, 0.01366957341503653, 0.021682771623851047, 0.03535234503888758, 0.05067169455573886, 0.06646240867310865, 0.09521564930473722, 0.10959226962055149, 0.11454159792599576, 0.12467593683714354, 0.11878387933066227, 0.06834786707518266, 0.07541833608296017, 0.02710346452981381, 0.017440490219184538, 0.01649776101814754, 0.010370021211407024, 0.0047136460051850106, 0.006363422106999765, 0.003063869903370257, 0.0028281876031110063, 0.0009427292010370022, 0.0004713646005185011, 0.00023568230025925054, 0.0004713646005185011, 0.0, 0.0], [0.0030959752321981426, 0.0, 0.0, 0.006191950464396285, 0.009287925696594427, 0.021671826625386997, 0.01238390092879257, 0.04024767801857585, 0.058823529411764705, 0.09597523219814241, 0.11455108359133127, 0.12693498452012383, 0.11455108359133127, 0.09907120743034056, 0.07739938080495357, 0.06191950464396285, 0.05263157894736842, 0.02476780185758514, 0.02476780185758514, 0.04024767801857585, 0.0030959752321981426, 0.0030959752321981426, 0.0030959752321981426, 0.006191950464396285, 0.0, 0.0, 0.0, 0.0, 0.0, 0.0, 0.0, 0.0, 0.0], [0.00029354207436399217, 0.00019569471624266145, 0.0004892367906066536, 0.00029354207436399217, 0.0004892367906066536, 0.0012720156555772995, 0.0014677103718199608, 0.004207436399217221, 0.007729941291585127, 0.015949119373776906, 0.026027397260273973, 0.03493150684931507, 0.0426614481409002, 0.049315068493150684, 0.11536203522504893, 0.15988258317025442, 0.15743639921722113, 0.10420743639921722, 0.11487279843444227, 0.05283757338551859, 0.033072407045009786, 0.031506849315068496, 0.016634050880626222, 0.010371819960861057, 0.011839530332681017, 0.003816046966731898, 0.0018590998043052837, 0.0003913894324853229, 0.0005870841487279843, 0.0, 0.0, 0.0, 0.0], [0.0, 0.0, 0.0, 0.0, 0.0007911392405063291, 0.00039556962025316455, 0.0011867088607594937, 0.0011867088607594937, 0.001977848101265823, 0.007515822784810127, 0.011867088607594937, 0.014240506329113924, 0.021360759493670885, 0.03441455696202532, 0.05775316455696203, 0.07555379746835443, 0.0981012658227848, 0.08860759493670886, 0.1787974683544304, 0.07080696202531646, 0.07911392405063292, 0.10007911392405064, 0.04588607594936709, 0.018591772151898733, 0.05102848101265823, 0.015822784810126583, 0.011075949367088608, 0.00949367088607595, 0.002768987341772152, 0.0015822784810126582, 0.0, 0.0, 0.0], [0.0, 0.0, 0.0004811161895597787, 0.0, 0.0012027904738994466, 0.0007216742843396681, 0.002165022853019004, 0.003367813326918451, 0.010584556170315132, 0.01852297329805148, 0.026461390425787826, 0.03536203993264373, 0.060380081789752224, 0.07697859032956458, 0.09838826076497474, 0.12797690642290113, 0.1534760644695694, 0.09237430839547751, 0.13471253307673803, 0.0519605484724561, 0.035121481837863844, 0.03319701707962473, 0.01154678854943469, 0.008419533317296127, 0.009622323791195573, 0.003367813326918451, 0.0028866971373586723, 0.00024055809477988935, 0.0004811161895597787, 0.0, 0.0, 0.0, 0.0], [0.0, 0.0, 0.0010050251256281408, 0.0010050251256281408, 0.001340033500837521, 0.003015075376884422, 0.006867671691792295, 0.011557788944723618, 0.020268006700167505, 0.036683417085427134, 0.06298157453936348, 0.0763819095477387, 0.10820770519262982, 0.1187604690117253, 0.13383584589614742, 0.12244556113902848, 0.11222780569514237, 0.05879396984924623, 0.060469011725293134, 0.024958123953098828, 0.01407035175879397, 0.012060301507537688, 0.006532663316582915, 0.002512562814070352, 0.0023450586264656616, 0.0016750418760469012, 0.0, 0.0, 0.0, 0.0, 0.0, 0.0, 0.0], [0.0, 0.0, 0.0, 0.0, 0.0001221001221001221, 0.0004884004884004884, 0.0019536019536019536, 0.0019536019536019536, 0.00463980463980464, 0.005616605616605617, 0.01391941391941392, 0.021245421245421246, 0.02857142857142857, 0.06691086691086691, 0.1336996336996337, 0.1402930402930403, 0.17594627594627596, 0.11562881562881563, 0.1498168498168498, 0.0485958485958486, 0.028815628815628817, 0.02967032967032967, 0.012698412698412698, 0.006349206349206349, 0.008424908424908424, 0.002564102564102564, 0.0014652014652014652, 0.0001221001221001221, 0.0004884004884004884, 0.0, 0.0, 0.0, 0.0], [0.0002082682495053629, 0.0, 0.0, 0.00010413412475268145, 0.00010413412475268145, 0.00031240237425804435, 0.001353743621784859, 0.003436426116838488, 0.00999687597625742, 0.020514422576278245, 0.03498906591690097, 0.04623555139019057, 0.07039466833281266, 0.091533895657607, 0.1072581484952619, 0.11996251171508904, 0.14162240966364678, 0.09309590752889722, 0.11746329272102468, 0.04915130688326565, 0.02936582318025617, 0.031448505675309796, 0.01072581484952619, 0.005414974487139436, 0.007497656982193065, 0.003019889617827762, 0.0023950848693116734, 0.0007289388732687702, 0.0008330729980214516, 0.0007289388732687702, 0.00010413412475268145, 0.0, 0.0], [0.0, 0.0, 0.0, 0.0, 0.00044081992506061276, 0.00022040996253030638, 0.0008816398501212255, 0.0015428697377121445, 0.004187789288075821, 0.007053118800969804, 0.014767467489530527, 0.02799206524134891, 0.04915142164425832, 0.06986995812210713, 0.09984571302622879, 0.11725810006612299, 0.16178091249724488, 0.1179193299537139, 0.14745426493277497, 0.06634339872162222, 0.040335023143046066, 0.035706413929909635, 0.01631033722724267, 0.00551024906325766, 0.009918448313863787, 0.0028653295128939827, 0.001102049812651532, 0.0006612298875909191, 0.0, 0.0008816398501212255, 0.0, 0.0, 0.0], [0.0, 0.0, 0.0, 0.00032530904359141186, 0.0009759271307742355, 0.0016265452179570592, 0.002277163305139883, 0.00520494469746259, 0.012036434612882238, 0.01951854261548471, 0.03253090435914118, 0.04586857514638907, 0.07189329863370202, 0.08490566037735849, 0.09791802212101497, 0.11515940143135979, 0.13532856213402733, 0.09629147690305791, 0.10930383864671438, 0.05009759271307743, 0.03513337670787248, 0.03513337670787248, 0.015614834092387769, 0.008132726089785295, 0.01236174365647365, 0.006506180871828237, 0.0016265452179570592, 0.0029277813923227064, 0.0009759271307742355, 0.00032530904359141186, 0.0, 0.0, 0.0], [0.00020785699438786114, 0.0, 0.0008314279775514446, 0.0006235709831635835, 0.0006235709831635835, 0.0010392849719393059, 0.002494283932654334, 0.0066514238204115565, 0.01101642070255664, 0.019122843483683226, 0.034088547079609226, 0.04884639368114737, 0.08023279983371441, 0.10247349823321555, 0.12014134275618374, 0.12429848264394097, 0.13676990230721264, 0.08251922677198088, 0.11161920598628144, 0.043857825815838705, 0.02369569736021617, 0.024527125337767616, 0.009353564747453752, 0.004988567865308668, 0.004572853876532945, 0.0016628559551028891, 0.0010392849719393059, 0.001454998960715028, 0.0004157139887757223, 0.0008314279775514446, 0.0, 0.0, 0.0], [0.0, 0.0, 0.00013101008777675882, 0.00026202017555351765, 0.0003930302633302764, 0.00026202017555351765, 0.0010480807022140706, 0.0039303026333027645, 0.007467575003275252, 0.015328180269880781, 0.026202017555351762, 0.04519848028298179, 0.07519979038385956, 0.09118302109262413, 0.1205292807546181, 0.1316651382156426, 0.15092362111882615, 0.0884318092493122, 0.13638150137560592, 0.03864797589414385, 0.02214070483427224, 0.021747674570941962, 0.008384645617712565, 0.00432333289663304, 0.00550242368662387, 0.0018341412288746233, 0.0018341412288746233, 0.00026202017555351765, 0.00013101008777675882, 0.000655050438883794, 0.0, 0.0, 0.0], [0.0, 0.0, 0.0, 0.007633587786259542, 0.015267175572519083, 0.015267175572519083, 0.007633587786259542, 0.007633587786259542, 0.015267175572519083, 0.08396946564885496, 0.030534351145038167, 0.08396946564885496, 0.0916030534351145, 0.061068702290076333, 0.05343511450381679, 0.0916030534351145, 0.1297709923664122, 0.08396946564885496, 0.04580152671755725, 0.030534351145038167, 0.04580152671755725, 0.022900763358778626, 0.022900763358778626, 0.0, 0.007633587786259542, 0.015267175572519083, 0.007633587786259542, 0.022900763358778626, 0.0, 0.0, 0.0, 0.0, 0.0], [0.00020641965115078957, 0.00010320982557539478, 0.0, 0.0, 0.00010320982557539478, 0.00010320982557539478, 0.00020641965115078957, 0.0011353080813293426, 0.00237382598823408, 0.0048508618020435545, 0.007843946743730004, 0.010630612034265663, 0.022293322324285273, 0.10434513365672413, 0.13510166167819176, 0.1501702962121994, 0.18237176179172257, 0.11631747342346992, 0.12220043348126741, 0.054804417380534626, 0.027763443079781194, 0.029518010114562905, 0.01166271029001961, 0.004128393023015791, 0.006811848487976055, 0.0021674063370832903, 0.0014449375580555268, 0.00041283930230157914, 0.000928888430178553, 0.0, 0.0, 0.0, 0.0], [0.0, 0.0, 0.0, 0.00012677484787018255, 0.0, 0.0002535496957403651, 0.001140973630831643, 0.0008874239350912779, 0.0038032454361054766, 0.005324543610547667, 0.009508113590263692, 0.017241379310344827, 0.029031440162271806, 0.0457657200811359, 0.07606490872210954, 0.1053498985801217, 0.15529918864097364, 0.1256338742393509, 0.17849898580121704, 0.07986815415821501, 0.053498985801217036, 0.05413286004056795, 0.02129817444219067, 0.010141987829614604, 0.015720081135902637, 0.005324543610547667, 0.003422920892494929, 0.001140973630831643, 0.0006338742393509128, 0.0002535496957403651, 0.0006338742393509128, 0.0, 0.0], [0.00018284878405558602, 9.142439202779301e-05, 0.0, 0.00018284878405558602, 0.00018284878405558602, 0.0005485463521667581, 0.0007313951362223441, 0.0017370634485280674, 0.0029255805448893763, 0.005485463521667581, 0.017187785701225086, 0.03373560065825562, 0.05165478149570305, 0.070671055037484, 0.08785884073870909, 0.10513805083196197, 0.13549094898518924, 0.1113549094898519, 0.15880416895227648, 0.0731395136222344, 0.04671786432620223, 0.048363503382702504, 0.019564819893947705, 0.010879502651307368, 0.011976595355640884, 0.0029255805448893763, 0.0014627902724446882, 0.00036569756811117204, 0.0006399707441945512, 0.0, 0.0, 0.0, 0.0], [0.0, 0.0, 0.0, 0.0016207455429497568, 0.0032414910858995136, 0.0, 0.0016207455429497568, 0.006482982171799027, 0.008103727714748784, 0.008103727714748784, 0.01620745542949757, 0.027552674230145867, 0.04538087520259319, 0.09724473257698542, 0.11345218800648298, 0.16693679092382496, 0.17017828200972449, 0.11345218800648298, 0.12641815235008103, 0.05672609400324149, 0.019448946515397084, 0.012965964343598054, 0.0032414910858995136, 0.0, 0.0016207455429497568, 0.0, 0.0, 0.0, 0.0, 0.0, 0.0, 0.0, 0.0], [0.0, 0.0, 0.0, 8.238589553468446e-05, 0.0, 8.238589553468446e-05, 0.00024715768660405336, 0.0007414730598121602, 0.0017301038062283738, 0.00461361014994233, 0.007167572911517549, 0.013181743285549514, 0.02109078925687922, 0.02718734552644587, 0.086422804415884, 0.12176635360026364, 0.1701268742791234, 0.11146811665842808, 0.20398747734387873, 0.07612456747404844, 0.046053715603888615, 0.06261328060636019, 0.018783984181908058, 0.0068380293293788105, 0.011781183061459878, 0.003789751194595485, 0.002142033283901796, 0.001235788433020267, 0.0004119294776734223, 0.00032954358213873783, 0.0, 0.0, 0.0], [0.0001849796522382538, 9.24898261191269e-05, 9.24898261191269e-05, 0.0, 0.0004624491305956345, 0.0004624491305956345, 0.0002774694783573807, 0.000924898261191269, 0.0011098779134295228, 0.005271920088790233, 0.009618941916389198, 0.019145394006659266, 0.03431372549019608, 0.04532001479837218, 0.06788753237143914, 0.08018867924528301, 0.23409174990751017, 0.16148723640399557, 0.18248242693303737, 0.07047724750277469, 0.03514613392526822, 0.030799112097669258, 0.009896411394746578, 0.004347021827598964, 0.004069552349241583, 0.0011098779134295228, 0.0003699593044765076, 0.0003699593044765076, 0.0, 0.0, 0.0, 0.0, 0.0], [0.0, 0.00011970313622216902, 0.00023940627244433804, 0.0005985156811108451, 0.00047881254488867607, 0.0009576250897773521, 0.0020349533157768733, 0.003950203495331578, 0.006463969355997127, 0.01220971989466124, 0.020948048838879577, 0.036030644002872876, 0.053986114436198225, 0.06978692841752454, 0.09456547761551352, 0.12724443380416567, 0.15693081158726357, 0.11264065118506104, 0.13765860665549437, 0.06284414651663874, 0.033995690687096, 0.03543212832176203, 0.015082595163993297, 0.0062245630835527895, 0.0062245630835527895, 0.0016758439071103662, 0.0009576250897773521, 0.0007182188173330142, 0.0, 0.0, 0.0, 0.0, 0.0], [0.0, 0.000140805406927626, 0.0, 0.0, 0.000281610813855252, 0.000140805406927626, 0.0009856378484933823, 0.0014080540692762602, 0.0047873838355392846, 0.007462686567164179, 0.01520698394818361, 0.024922557026189805, 0.04069276260208392, 0.06392565474514221, 0.09785975781470009, 0.12250070402703464, 0.15404111517882288, 0.0936355956068713, 0.17783722894959167, 0.06153196282737257, 0.037031822021965644, 0.04322725992678119, 0.018867924528301886, 0.008307519008729934, 0.010701210926499578, 0.0047873838355392846, 0.004083356800901154, 0.0018304702900591382, 0.0014080540692762602, 0.001126443255421008, 0.0012672486623486342, 0.0, 0.0], [0.0, 0.00021528525296017224, 0.00021528525296017224, 0.0004305705059203445, 0.001722282023681378, 0.0015069967707212056, 0.0038751345532831, 0.008396124865446717, 0.019160387513455328, 0.02604951560818084, 0.0426264800861141, 0.06092572658772874, 0.0783638320775027, 0.10807319698600645, 0.12680301399354144, 0.11539289558665232, 0.14381054897739504, 0.07728740581270183, 0.1031216361679225, 0.02820236813778256, 0.017868675995694295, 0.021528525296017224, 0.005382131324004306, 0.0023681377825618944, 0.004090419806243272, 0.001076426264800861, 0.000861141011840689, 0.0004305705059203445, 0.00021528525296017224, 0.0, 0.0, 0.0, 0.0], [0.0, 0.0, 0.00045599635202918376, 0.0013679890560875513, 0.002279981760145919, 0.001823985408116735, 0.004103967168262654, 0.012311901504787962, 0.013223894208846329, 0.014135886912904697, 0.031007751937984496, 0.046511627906976744, 0.06429548563611491, 0.08253533971728226, 0.106703146374829, 0.11673506611947104, 0.1573187414500684, 0.09302325581395349, 0.11947104423164615, 0.04103967168262654, 0.025991792065663474, 0.025079799361605107, 0.018695850433196534, 0.008663930688554491, 0.006839945280437756, 0.004559963520291838, 0.0009119927040583675, 0.0009119927040583675, 0.0, 0.0, 0.0, 0.0, 0.0], [0.00023430178069353328, 0.0, 0.0, 0.0, 0.00046860356138706655, 0.00046860356138706655, 0.0023430178069353325, 0.006911902530459231, 0.01218369259606373, 0.021087160262417994, 0.03549671977507029, 0.05189784442361762, 0.07685098406747891, 0.10531865042174321, 0.13683223992502344, 0.1380037488284911, 0.1334348641049672, 0.07942830365510778, 0.09278350515463918, 0.035145267104029994, 0.022024367385192128, 0.02401593252108716, 0.009606373008434864, 0.004568884723523898, 0.006560449859418931, 0.0017572633552014995, 0.0014058106841611997, 0.0008200562324273664, 0.0, 0.0003514526710402999, 0.0, 0.0, 0.0], [0.0, 0.0, 0.0, 0.00031852205765249244, 0.00015926102882624622, 0.0009555661729574773, 0.0023889154323936935, 0.0031852205765249245, 0.006529702181876095, 0.011626055104315974, 0.022455805064500716, 0.029304029304029304, 0.055900621118012424, 0.08138238573021182, 0.10320114667940755, 0.11864946647555344, 0.14699792960662525, 0.09746774964166269, 0.13760152890587674, 0.05733397037744864, 0.032329988851727984, 0.039496735148909064, 0.01512979773849339, 0.008122312470138558, 0.012900143334925944, 0.006051919095397356, 0.005255613951266125, 0.002229654403567447, 0.0012740882306099697, 0.0011148272017837235, 0.0006370441153049849, 0.0, 0.0], [0.0, 0.0, 0.0, 0.0, 0.0003784295175023652, 0.000946073793755913, 0.0015137180700094607, 0.0035950804162724692, 0.0062440870387890255, 0.015894039735099338, 0.02686849574266793, 0.043519394512771994, 0.06508987701040682, 0.08893093661305582, 0.11125827814569536, 0.1273415326395459, 0.1456953642384106, 0.09290444654683065, 0.13339640491958374, 0.05070955534531694, 0.03084200567644276, 0.025165562913907286, 0.01021759697256386, 0.0043519394512772, 0.00586565752128666, 0.002270577105014191, 0.003784295175023652, 0.0015137180700094607, 0.0011352885525070956, 0.0005676442762535478, 0.0, 0.0, 0.0], [0.0001085894233901618, 0.0001085894233901618, 0.0001085894233901618, 0.0, 0.0001085894233901618, 0.0009773048105114561, 0.0006515365403409708, 0.002280377891193398, 0.003149093278314692, 0.005755239439678575, 0.014550982734281681, 0.021935063524812684, 0.07199478770767727, 0.11336735801932891, 0.14312086002823324, 0.15072211966554458, 0.16364426104897384, 0.0975133022043653, 0.10793788684982082, 0.04560755782386795, 0.023889673145835597, 0.018025844282766858, 0.007709849060701488, 0.0024975567379737214, 0.0024975567379737214, 0.001085894233901618, 0.0002171788467803236, 0.0003257682701704854, 0.0001085894233901618, 0.0, 0.0, 0.0, 0.0], [0.0, 0.0, 0.0, 0.00017777777777777779, 0.00017777777777777779, 0.0012444444444444445, 0.0012444444444444445, 0.002488888888888889, 0.006222222222222222, 0.010666666666666666, 0.024, 0.035555555555555556, 0.06968888888888888, 0.0992, 0.12693333333333334, 0.14062222222222223, 0.16017777777777778, 0.10311111111111111, 0.10026666666666667, 0.04231111111111111, 0.026488888888888888, 0.020622222222222222, 0.011555555555555555, 0.0032, 0.007822222222222222, 0.0028444444444444446, 0.0017777777777777779, 0.00035555555555555557, 0.0008888888888888889, 0.00017777777777777779, 0.00017777777777777779, 0.0, 0.0], [0.0, 0.0, 0.0, 0.00018754688672168043, 0.00037509377344336085, 0.0011252813203300824, 0.001312828207051763, 0.0024381095273818456, 0.00450112528132033, 0.005626406601650412, 0.014253563390847712, 0.02138034508627157, 0.038634658664666165, 0.06301575393848462, 0.09433608402100525, 0.1187171792948237, 0.16110277569392348, 0.10952738184546136, 0.17198049512378094, 0.06770442610652663, 0.03769692423105776, 0.042010502625656414, 0.016316579144786198, 0.008252063015753939, 0.010315078769692423, 0.006751687921980495, 0.0016879219804951237, 0.00037509377344336085, 0.00018754688672168043, 0.00018754688672168043, 0.0, 0.0, 0.0], [0.0, 0.0, 0.00011738466956215518, 0.0, 0.00023476933912431035, 0.00035215400868646553, 0.00035215400868646553, 0.001291231365183707, 0.0028172320694917243, 0.00997769691278319, 0.020307547834252846, 0.03580232421645733, 0.05763587275501819, 0.09437727432797277, 0.11268928277966897, 0.1270102124662519, 0.14555699025707242, 0.0916774269280432, 0.1432092968658293, 0.04683648315529992, 0.03286770747740345, 0.031106937433971124, 0.018077239112571898, 0.007160464843291466, 0.013968775677896467, 0.0028172320694917243, 0.002112924052118793, 0.001291231365183707, 0.00023476933912431035, 0.00011738466956215518, 0.0, 0.0, 0.0], [0.0, 0.0, 8.658008658008658e-05, 0.0, 8.658008658008658e-05, 8.658008658008658e-05, 0.00025974025974025974, 0.0008658008658008658, 0.0017316017316017316, 0.004761904761904762, 0.008744588744588744, 0.01645021645021645, 0.027792207792207792, 0.03619047619047619, 0.05445887445887446, 0.06077922077922078, 0.18034632034632034, 0.14095238095238094, 0.23757575757575758, 0.08718614718614719, 0.04865800865800866, 0.05471861471861472, 0.013939393939393939, 0.0058874458874458874, 0.01038961038961039, 0.00406926406926407, 0.0019913419913419913, 0.0007792207792207792, 0.0006060606060606061, 0.0006060606060606061, 0.0, 0.0, 0.0], [0.0, 0.0, 0.0, 0.00011132138483802739, 0.0006679283090281643, 0.0006679283090281643, 0.0008905710787042191, 0.0025603918512746297, 0.0054547478570633415, 0.010018924635422465, 0.01536235110764778, 0.029500166982077258, 0.04942669486808416, 0.07336079260826005, 0.10998552821997105, 0.13224980518757654, 0.17410664588667482, 0.11276856284092174, 0.1597461872425693, 0.050428587331626404, 0.02593788266726038, 0.030390738060781478, 0.00768117555382389, 0.0033396415451408213, 0.0025603918512746297, 0.0006679283090281643, 0.0010018924635422464, 0.0007792496938661917, 0.00033396415451408216, 0.0, 0.0, 0.0, 0.0], [0.0, 0.0035971223021582736, 0.0, 0.0035971223021582736, 0.0035971223021582736, 0.02158273381294964, 0.025179856115107913, 0.039568345323741004, 0.07553956834532374, 0.046762589928057555, 0.046762589928057555, 0.08273381294964029, 0.06474820143884892, 0.1223021582733813, 0.10431654676258993, 0.11870503597122302, 0.08992805755395683, 0.04316546762589928, 0.046762589928057555, 0.014388489208633094, 0.01079136690647482, 0.017985611510791366, 0.0035971223021582736, 0.014388489208633094, 0.0, 0.0, 0.0, 0.0, 0.0, 0.0, 0.0, 0.0, 0.0]]}, "ranks": {"labels": ["Unranked", "Combatatent I", "Combatatent II", "Challenger I", "Challenger II", "Rival I", "Rival II", "Duelist", "Elite"], "data": [[0.14617169373549885, 0.19489559164733178, 0.23897911832946636, 0.20417633410672853, 0.11600928074245939, 0.058004640371229696, 0.02088167053364269, 0.013921113689095127, 0.0069605568445475635], [0.05444928438083385, 0.089607965152458, 0.1733042937149969, 0.25606720597386434, 0.23646546359676415, 0.1356565028002489, 0.031736154324828875, 0.016179215930304917, 0.006533914125700062], [0.007506161774591082, 0.013107775039211293, 0.031481066547165586, 0.06598700425722608, 0.33329598924490256, 0.3466278288146986, 0.0850324893569348, 0.08738516692807528, 0.029576518037194712], [0.015027908973808502, 0.025010734220695576, 0.05613997423787033, 0.0996135680549592, 0.28069987118935164, 0.31891369686560755, 0.10079433233147274, 0.08533705452984114, 0.0184628595963933], [0.18243243243243243, 0.14864864864864866, 0.23648648648648649, 0.18243243243243243, 0.08783783783783784, 0.11486486486486487, 0.02027027027027027, 0.02702702702702703, 0.0], [0.019622641509433963, 0.051105121293800536, 0.13681940700808626, 0.2398921832884097, 0.25681940700808625, 0.1656064690026954, 0.05444743935309973, 0.057789757412398925, 0.017897574123989218], [0.08578835729436719, 0.11713410322884751, 0.2048079189252887, 0.23921753476313928, 0.18713174640584493, 0.09168041480084846, 0.028281876031110063, 0.03158142823473957, 0.014376620315814282], [0.2476780185758514, 0.24148606811145512, 0.21362229102167182, 0.1393188854489164, 0.07739938080495357, 0.04953560371517028, 0.018575851393188854, 0.01238390092879257, 0.0], [0.032387475538160466, 0.06095890410958904, 0.09197651663405088, 0.27524461839530334, 0.26164383561643834, 0.14520547945205478, 0.05557729941291585, 0.05851272015655577, 0.018493150684931507], [0.01305379746835443, 0.02610759493670886, 0.0557753164556962, 0.13330696202531644, 0.18670886075949367, 0.2132120253164557, 0.11550632911392406, 0.16455696202531644, 0.09177215189873418], [0.03704594659610296, 0.06182343035843156, 0.13735867211931682, 0.22636516718787586, 0.2458503728650469, 0.16766899206158287, 0.0541255713254751, 0.05316333894635555, 0.016598508539812366], [0.08174204355108877, 0.13936348408710217, 0.2269681742043551, 0.2562814070351759, 0.1710217755443886, 0.07353433835845896, 0.025963149078726967, 0.021105527638190954, 0.004020100502512563], [0.014774114774114774, 0.035164835164835165, 0.09548229548229548, 0.273992673992674, 0.2915750915750916, 0.17765567765567766, 0.04957264957264957, 0.04871794871794872, 0.013064713064713065], [0.036030407164427784, 0.08122461730709153, 0.16192856399041966, 0.22722066021035092, 0.234718317192544, 0.14505883578048526, 0.05092158700406123, 0.047589295011975424, 0.015307716338644174], [0.014326647564469915, 0.042759532730879436, 0.11902137976636544, 0.21710381309235177, 0.27970024245095876, 0.1860260083755786, 0.06810667842186467, 0.05752700022040996, 0.015428697377121445], [0.04196486662329213, 0.07839947950553025, 0.1567989590110605, 0.21307742355237475, 0.23162003903708522, 0.13532856213402733, 0.05920624593363696, 0.058880936890045546, 0.0247234873129473], [0.042610683849511534, 0.0829349407607566, 0.18270629806692995, 0.2444398254001247, 0.2192891290791935, 0.13864061525670338, 0.040532113905632924, 0.038869257950530034, 0.009977135730617336], [0.028822219310886937, 0.07140049783833355, 0.16638281147648368, 0.25219441897026074, 0.23935543036813833, 0.15865321629765491, 0.03851696580636709, 0.034455653085287564, 0.010218786846587188], [0.15267175572519084, 0.11450381679389313, 0.15267175572519084, 0.1450381679389313, 0.21374045801526717, 0.061068702290076333, 0.061068702290076333, 0.04580152671755725, 0.05343511450381679], [0.00908246465063474, 0.018474558777995666, 0.1266384559810094, 0.28527195789039117, 0.2986892352151925, 0.15326659097946124, 0.051501702962122, 0.04530911342759831, 0.011765920115595005], [0.011536511156186613, 0.026749492900608518, 0.07479716024340771, 0.18141480730223122, 0.28093306288032455, 0.2237576064908722, 0.08810851926977688, 0.08557302231237322, 0.02712981744421907], [0.012068019747668678, 0.05092338635948071, 0.12232583653318706, 0.19299689157067104, 0.24684585847504115, 0.1988480526604498, 0.07981349424026331, 0.07880782592795758, 0.017370634485280673], [0.029173419773095625, 0.04376012965964344, 0.1426256077795786, 0.28038897893030795, 0.28363047001620745, 0.16045380875202594, 0.04213938411669368, 0.01620745542949757, 0.0016207455429497568], [0.007497116493656286, 0.020349316197067063, 0.04827813478332509, 0.20818915801614762, 0.28159499093755147, 0.24773438787279617, 0.0784313725490196, 0.08823529411764706, 0.019690229032789587], [0.008879023307436182, 0.028764335923048466, 0.07963374028856826, 0.14807621161672216, 0.39557898631150573, 0.22234554199038106, 0.06576026637069922, 0.045042545320014796, 0.0059193488716241215], [0.027052908786210198, 0.05697869284175246, 0.12377304285372277, 0.2218099114196792, 0.26957146277232463, 0.17321043811347858, 0.06128800574575054, 0.056739286569308114, 0.009576250897773522], [0.01520698394818361, 0.040129540974373414, 0.10461841734722613, 0.22036046184173472, 0.24767671078569417, 0.21092649957758378, 0.0654745142213461, 0.07040270346381301, 0.025204167840045057], [0.061571582346609255, 0.10355220667384284, 0.18643702906350915, 0.24219590958019377, 0.2210979547900969, 0.11926803013993541, 0.02992465016146394, 0.029278794402583422, 0.006673842841765339], [0.04970360237118103, 0.07751937984496124, 0.14683082535339717, 0.22343821249430004, 0.2503419972640219, 0.14500683994528044, 0.04149566803465572, 0.05243958048335613, 0.013223894208846329], [0.043697282099343954, 0.08739456419868791, 0.1821696344892221, 0.2748359887535145, 0.21286316776007497, 0.1134020618556701, 0.03655107778819119, 0.038191190253045924, 0.010895032802249297], [0.025163242554546904, 0.051759834368530024, 0.13728300684822423, 0.221850613154961, 0.24446567924828794, 0.16786112438286352, 0.05940436375218984, 0.06274884535754101, 0.029463290332855552], [0.02857142857142857, 0.07038789025543993, 0.15402081362346262, 0.23859981078524126, 0.23859981078524126, 0.16367076631977295, 0.051277199621570485, 0.039735099337748346, 0.015137180700094607], [0.013247909653599739, 0.036486046259094365, 0.18536214572700618, 0.2938429796937778, 0.2611575632533391, 0.13345640134650885, 0.04397871647301553, 0.028233250081442066, 0.00423498751221631], [0.022222222222222223, 0.059555555555555556, 0.1688888888888889, 0.26755555555555555, 0.2632888888888889, 0.12373333333333333, 0.04533333333333334, 0.03537777777777778, 0.014044444444444444], [0.015566391597899475, 0.03563390847711928, 0.10165041260315079, 0.21305326331582897, 0.27063015753938485, 0.21005251312828208, 0.06732933233308327, 0.06657914478619655, 0.019504876219054765], [0.015142622373518018, 0.05610987205071018, 0.15201314708299096, 0.23969949524592088, 0.23723441718511562, 0.16856438549125485, 0.05434910200727785, 0.056344641389834485, 0.020542317173377157], [0.00787878787878788, 0.025194805194805193, 0.06398268398268399, 0.11523809523809524, 0.3212987012987013, 0.28614718614718615, 0.08727272727272728, 0.07454545454545454, 0.018441558441558443], [0.02037181342535901, 0.04486251808972504, 0.1227874874763442, 0.24223533340754758, 0.2868752087275966, 0.18813314037626627, 0.0479795168651898, 0.041411555159746184, 0.0053434264722253145], [0.21942446043165467, 0.12949640287769784, 0.18705035971223022, 0.22302158273381295, 0.13309352517985612, 0.050359712230215826, 0.02158273381294964, 0.03597122302158273, 0.0]]}, "ranksDetailed": {"labels": ["Unranked", "Combatatant", "Challenger", "Rival", "Duelist", "Elite"], "data": [[0.14617169373549885, 0.43387470997679817, 0.32018561484918795, 0.07888631090487239, 0.013921113689095127, 0.0069605568445475635], [0.05444928438083385, 0.2629122588674549, 0.4925326695706285, 0.16739265712507778, 0.016179215930304917, 0.006533914125700062], [0.007506161774591082, 0.044588841586376875, 0.3992829935021286, 0.4316603181716334, 0.08738516692807528, 0.029576518037194712], [0.015027908973808502, 0.08115070845856591, 0.3803134392443109, 0.4197080291970803, 0.08533705452984114, 0.0184628595963933], [0.18243243243243243, 0.38513513513513514, 0.2702702702702703, 0.13513513513513514, 0.02702702702702703, 0.0], [0.019622641509433963, 0.1879245283018868, 0.496711590296496, 0.22005390835579514, 0.057789757412398925, 0.017897574123989218], [0.08578835729436719, 0.3219420221541362, 0.4263492811689842, 0.11996229083195852, 0.03158142823473957, 0.014376620315814282], [0.2476780185758514, 0.4551083591331269, 0.21671826625386997, 0.06811145510835913, 0.01238390092879257, 0.0], [0.032387475538160466, 0.15293542074363992, 0.5368884540117417, 0.20078277886497065, 0.05851272015655577, 0.018493150684931507], [0.01305379746835443, 0.08188291139240507, 0.3200158227848101, 0.3287183544303797, 0.16455696202531644, 0.09177215189873418], [0.03704594659610296, 0.19918210247774837, 0.47221554005292277, 0.22179456338705797, 0.05316333894635555, 0.016598508539812366], [0.08174204355108877, 0.3663316582914573, 0.4273031825795645, 0.09949748743718594, 0.021105527638190954, 0.004020100502512563], [0.014774114774114774, 0.13064713064713065, 0.5655677655677656, 0.22722832722832723, 0.04871794871794872, 0.013064713064713065], [0.036030407164427784, 0.2431531812975112, 0.4619389774028949, 0.1959804227845465, 0.047589295011975424, 0.015307716338644174], [0.014326647564469915, 0.16178091249724488, 0.4968040555433106, 0.2541326867974432, 0.05752700022040996, 0.015428697377121445], [0.04196486662329213, 0.23519843851659075, 0.44469746258945997, 0.1945348080676643, 0.058880936890045546, 0.0247234873129473], [0.042610683849511534, 0.26564123882768653, 0.4637289544793182, 0.1791727291623363, 0.038869257950530034, 0.009977135730617336], [0.028822219310886937, 0.23778330931481725, 0.49154984933839907, 0.197170182104022, 0.034455653085287564, 0.010218786846587188], [0.15267175572519084, 0.26717557251908397, 0.35877862595419846, 0.12213740458015267, 0.04580152671755725, 0.05343511450381679], [0.00908246465063474, 0.14511301475900507, 0.5839611931055837, 0.20476829394158325, 0.04530911342759831, 0.011765920115595005], [0.011536511156186613, 0.10154665314401623, 0.4623478701825558, 0.3118661257606491, 0.08557302231237322, 0.02712981744421907], [0.012068019747668678, 0.17324922289266775, 0.4398427500457122, 0.2786615469007131, 0.07880782592795758, 0.017370634485280673], [0.029173419773095625, 0.18638573743922204, 0.5640194489465153, 0.2025931928687196, 0.01620745542949757, 0.0016207455429497568], [0.007497116493656286, 0.06862745098039216, 0.48978414895369915, 0.3261657604218158, 0.08823529411764706, 0.019690229032789587], [0.008879023307436182, 0.10839807621161672, 0.5436551979282279, 0.2881058083610803, 0.045042545320014796, 0.0059193488716241215], [0.027052908786210198, 0.18075173569547523, 0.49138137419200384, 0.2344984438592291, 0.056739286569308114, 0.009576250897773522], [0.01520698394818361, 0.14474795832159956, 0.4680371726274289, 0.2764010137989299, 0.07040270346381301, 0.025204167840045057], [0.061571582346609255, 0.28998923573735197, 0.46329386437029063, 0.14919268030139934, 0.029278794402583422, 0.006673842841765339], [0.04970360237118103, 0.2243502051983584, 0.4737802097583219, 0.18650250797993617, 0.05243958048335613, 0.013223894208846329], [0.043697282099343954, 0.26956419868791004, 0.4876991565135895, 0.14995313964386128, 0.038191190253045924, 0.010895032802249297], [0.025163242554546904, 0.18904284121675427, 0.4663162924032489, 0.22726548813505335, 0.06274884535754101, 0.029463290332855552], [0.02857142857142857, 0.22440870387890255, 0.4771996215704825, 0.21494796594134344, 0.039735099337748346, 0.015137180700094607], [0.013247909653599739, 0.22184819198610056, 0.555000542947117, 0.17743511781952437, 0.028233250081442066, 0.00423498751221631], [0.022222222222222223, 0.22844444444444445, 0.5308444444444445, 0.16906666666666667, 0.03537777777777778, 0.014044444444444444], [0.015566391597899475, 0.13728432108027006, 0.4836834208552138, 0.27738184546136535, 0.06657914478619655, 0.019504876219054765], [0.015142622373518018, 0.20812301913370113, 0.4769339124310365, 0.22291348749853268, 0.056344641389834485, 0.020542317173377157], [0.00787878787878788, 0.08917748917748917, 0.43653679653679656, 0.37341991341991343, 0.07454545454545454, 0.018441558441558443], [0.02037181342535901, 0.16765000556606924, 0.5291105421351442, 0.23611265724145608, 0.041411555159746184, 0.0053434264722253145], [0.21942446043165467, 0.31654676258992803, 0.35611510791366907, 0.07194244604316546, 0.03597122302158273, 0.0]]}}}, "eu": {"histType": {"histogram": {"labels": ["0", "100", "200", "300", "400", "500", "600", "700", "800", "900", "1000", "1100", "1200", "1300", "1400", "1500", "1600", "1700", "1800", "1900", "2000", "2100", "2200", "2300", "2400", "2500", "2600", "2700", "2800", "2900", "3000", "3100", "3200"], "data": [[0.0, 0.0, 0.0028653295128939827, 0.0, 0.0, 0.008595988538681949, 0.014326647564469915, 0.025787965616045846, 0.0659025787965616, 0.08882521489971347, 0.0659025787965616, 0.10315186246418338, 0.07163323782234957, 0.12034383954154727, 0.12893982808022922, 0.11461318051575932, 0.06303724928366762, 0.04871060171919771, 0.034383954154727794, 0.022922636103151862, 0.008595988538681949, 0.008595988538681949, 0.0028653295128939827, 0.0, 0.0, 0.0, 0.0, 0.0, 0.0, 0.0, 0.0, 0.0, 0.0], [0.0003359086328518643, 0.0, 0.001007725898555593, 0.001007725898555593, 0.0013436345314074571, 0.0047027208599261005, 0.007389989922741014, 0.008733624454148471, 0.02116224386966745, 0.02989586832381592, 0.042660396372186764, 0.060127645280483706, 0.08128988915015116, 0.10312395028552233, 0.12798118911656028, 0.12932482364796774, 0.14511252939200536, 0.07121263016459523, 0.09707759489418878, 0.028552233792408465, 0.014779979845482029, 0.01175680214981525, 0.004030903594222372, 0.0030231776956667787, 0.0030231776956667787, 0.0006718172657037286, 0.0006718172657037286, 0.0, 0.0, 0.0, 0.0, 0.0, 0.0], [0.0, 0.0, 0.0, 0.00011290504685559444, 0.00011290504685559444, 0.00011290504685559444, 0.00011290504685559444, 0.0009032403748447555, 0.001806480749689511, 0.002596816077678672, 0.005758157389635317, 0.009484023935869933, 0.012871175341537767, 0.015919611606638816, 0.025742350683075534, 0.1079372247939483, 0.2008580783561025, 0.12746979789996613, 0.2680365812351812, 0.07395280569041436, 0.047645929773060855, 0.0508072710850175, 0.01750028226261714, 0.0081291633736028, 0.012645365247826577, 0.004854917014790561, 0.0027097211245342666, 0.0012419555154115389, 0.0003387151405667833, 0.0003387151405667833, 0.0, 0.0, 0.0], [0.0, 0.0, 0.0, 0.00010246951531919253, 0.00010246951531919253, 0.00020493903063838507, 0.0007172866072343478, 0.0019469207910646582, 0.0023567988523414286, 0.005738292857874782, 0.011476585715749565, 0.017624756634901116, 0.021621067732349626, 0.02817911671277795, 0.044266830617891176, 0.05758786760938621, 0.1565734194077262, 0.1607746695358131, 0.2419305256686136, 0.09662875294599857, 0.05307920893534174, 0.05430884311917205, 0.016087713905113227, 0.007582744133620248, 0.014038323598729379, 0.0034839635208525465, 0.0019469207910646582, 0.0010246951531919255, 0.0003074085459575776, 0.0003074085459575776, 0.0, 0.0, 0.0], [0.0, 0.0, 0.0, 0.0, 0.0, 0.021897810218978103, 0.0364963503649635, 0.058394160583941604, 0.058394160583941604, 0.06569343065693431, 0.058394160583941604, 0.10948905109489052, 0.06569343065693431, 0.058394160583941604, 0.058394160583941604, 0.12408759124087591, 0.021897810218978103, 0.10218978102189781, 0.0364963503649635, 0.043795620437956206, 0.043795620437956206, 0.0, 0.0072992700729927005, 0.0072992700729927005, 0.021897810218978103, 0.0, 0.0, 0.0, 0.0, 0.0, 0.0, 0.0, 0.0], [0.0, 0.00010831889081455805, 0.00010831889081455805, 0.0002166377816291161, 0.0003249566724436742, 0.00010831889081455805, 0.0008665511265164644, 0.004549393414211438, 0.005957538994800693, 0.012131715771230