{"region": {"us": {"histType": {"histogram": {"labels": ["0", "100", "200", "300", "400", "500", "600", "700", "800", "900", "1000", "1100", "1200", "1300", "1400", "1500", "1600", "1700", "1800", "1900", "2000", "2100", "2200", "2300", "2400", "2500", "2600", "2700"], "data": [[0.0, 0.0, 0.0, 0.0, 0.0, 0.0, 0.028169014084507043, 0.014084507042253521, 0.1267605633802817, 0.09859154929577464, 0.07042253521126761, 0.15492957746478872, 0.04225352112676056, 0.15492957746478872, 0.14084507042253522, 0.056338028169014086, 0.04225352112676056, 0.0, 0.07042253521126761, 0.0, 0.0, 0.0, 0.0, 0.0, 0.0, 0.0, 0.0, 0.0], [0.0, 0.0021668472372697724, 0.0, 0.0010834236186348862, 0.0010834236186348862, 0.0021668472372697724, 0.0065005417118093175, 0.013001083423618635, 0.020585048754062838, 0.0390032502708559, 0.05742145178764897, 0.06825568797399784, 0.11159263271939328, 0.12134344528710726, 0.16143011917659805, 0.10184182015167931, 0.09967497291440953, 0.05850487540628386, 0.0790899241603467, 0.014084507042253521, 0.015167930660888408, 0.015167930660888408, 0.007583965330444204, 0.0032502708559046588, 0.0, 0.0, 0.0, 0.0], [0.0, 0.0, 0.0, 0.0, 0.0005120327700972862, 0.0005120327700972862, 0.002048131080389145, 0.0030721966205837174, 0.015873015873015872, 0.017921146953405017, 0.030721966205837174, 0.051203277009728626, 0.09011776753712238, 0.11776753712237584, 0.13159242191500256, 0.134152585765489, 0.13466461853558628, 0.08090117767537122, 0.10599078341013825, 0.03481822836661547, 0.017409114183307733, 0.016897081413210446, 0.00819252432155658, 0.00409626216077829, 0.0015360983102918587, 0.0, 0.0, 0.0], [0.0, 0.0002932551319648094, 0.0, 0.0, 0.0002932551319648094, 0.0008797653958944282, 0.0035190615835777126, 0.0061583577712609975, 0.015835777126099706, 0.025513196480938416, 0.04222873900293255, 0.04457478005865103, 0.08005865102639297, 0.10087976539589442, 0.12903225806451613, 0.1281524926686217, 0.14897360703812318, 0.0967741935483871, 0.0906158357771261, 0.037243401759530795, 0.01818181818181818, 0.01847507331378299, 0.005278592375366569, 0.003812316715542522, 0.0020527859237536657, 0.0011730205278592375, 0.0, 0.0], [0.0, 0.0, 0.0, 0.0, 0.03333333333333333, 0.0, 0.0, 0.06666666666666667, 0.06666666666666667, 0.06666666666666667, 0.1, 0.1, 0.0, 0.1, 0.0, 0.0, 0.1, 0.1, 0.1, 0.06666666666666667, 0.03333333333333333, 0.0, 0.03333333333333333, 0.03333333333333333, 0.0, 0.0, 0.0, 0.0], [0.0, 0.0, 0.0, 0.0, 0.0, 0.0, 0.0007144558228149559, 0.00357227911407478, 0.00523934270064301, 0.019528459156942127, 0.02643486544415337, 0.039056918313884255, 0.0690640628721124, 0.09692783996189569, 0.12217194570135746, 0.12217194570135746, 0.14717789949988092, 0.09621338413908073, 0.10431055013098357, 0.04905929983329364, 0.02762562514884496, 0.03858061443200762, 0.015479876160990712, 0.0057156465825196475, 0.007382710169087878, 0.00357227911407478, 0.0, 0.0], [0.0, 0.0, 0.0, 0.0013917884481558804, 0.0013917884481558804, 0.0027835768963117608, 0.0055671537926235215, 0.010438413361169102, 0.027139874739039668, 0.03966597077244259, 0.060542797494780795, 0.08420320111343076, 0.116214335421016, 0.12874043145441894, 0.13082811412665274, 0.10090466249130133, 0.10160055671537926, 0.055671537926235214, 0.04801670146137787, 0.022964509394572025, 0.011134307585247043, 0.020180932498260265, 0.015309672929714684, 0.007654836464857342, 0.0055671537926235215, 0.0013917884481558804, 0.0006958942240779402, 0.0], [0.0, 0.0, 0.0, 0.024096385542168676, 0.012048192771084338, 0.0, 0.04819277108433735, 0.12048192771084337, 0.14457831325301204, 0.13253012048192772, 0.08433734939759036, 0.13253012048192772, 0.0963855421686747, 0.07228915662650602, 0.060240963855421686, 0.012048192771084338, 0.012048192771084338, 0.03614457831325301, 0.012048192771084338, 0.0, 0.0, 0.0, 0.0, 0.0, 0.0, 0.0, 0.0, 0.0], [0.0004957858205255329, 0.00024789291026276647, 0.0012394645513138325, 0.0009915716410510659, 0.0017352503718393653, 0.004462072384729797, 0.006445215666831929, 0.014377788795240456, 0.029747149231531978, 0.06172533465542886, 0.07783837382250867, 0.09742191373326722, 0.12295488349033218, 0.12989588497768964, 0.11427863163113534, 0.08601883986117997, 0.07635101636093208, 0.04685176003966286, 0.0451165096678235, 0.02875557759048091, 0.01983143282102132, 0.018591968269707486, 0.009419930589985127, 0.0032226078334159644, 0.0009915716410510659, 0.0009915716410510659, 0.0, 0.0], [0.0, 0.0, 0.0, 0.0, 0.0, 0.0005903187721369539, 0.006493506493506494, 0.004722550177095631, 0.01770956316410862, 0.024203069657615112, 0.03955135773317592, 0.05608028335301062, 0.08441558441558442, 0.11629279811097992, 0.12160566706021252, 0.1381345926800472, 0.1511216056670602, 0.08264462809917356, 0.07910271546635184, 0.030696576151121605, 0.011806375442739079, 0.018890200708382526, 0.008264462809917356, 0.005312868949232586, 0.0023612750885478157, 0.0, 0.0, 0.0], [0.00038387715930902113, 0.0, 0.00038387715930902113, 0.0015355086372360845, 0.0015355086372360845, 0.002687140115163148, 0.007293666026871401, 0.009980806142034549, 0.025719769673704415, 0.04452975047984645, 0.08406909788867563, 0.08752399232245682, 0.12514395393474087, 0.12514395393474087, 0.13474088291746641, 0.09750479846449137, 0.0890595009596929, 0.049136276391554705, 0.050287907869481764, 0.025719769673704415, 0.013051823416506719, 0.011132437619961612, 0.008445297504798464, 0.0015355086372360845, 0.003071017274472169, 0.00038387715930902113, 0.0, 0.0], [0.0, 0.0, 0.0, 0.0, 0.0, 0.0009910802775024777, 0.002973240832507433, 0.0056161215725140405, 0.014205483977535514, 0.023785926660059464, 0.035678889990089196, 0.057482656095143705, 0.08093822266270234, 0.09613478691774034, 0.14172447968285432, 0.12289395441030723, 0.155599603567889, 0.07829534192269574, 0.09415262636273539, 0.036339610175090846, 0.014205483977535514, 0.022794846382556987, 0.009910802775024777, 0.002973240832507433, 0.003303600925008259, 0.0, 0.0, 0.0], [0.0, 0.0, 0.0, 0.001055223355610271, 0.00035174111853675694, 0.0014069644741470278, 0.0038691523039043265, 0.007386563489271896, 0.020049243756595145, 0.044319380935631376, 0.06718255364052057, 0.08476960956735842, 0.11009497010200492, 0.11994372142103411, 0.15054519873373198, 0.11255715793176223, 0.10411537108688006, 0.056278578965881114, 0.06120295462539571, 0.02075272599366866, 0.012310939148786493, 0.011255715793176222, 0.005276116778051354, 0.0028139289482940555, 0.0014069644741470278, 0.001055223355610271, 0.0, 0.0], [0.0, 0.0, 0.0, 0.0, 0.0, 0.0, 0.0, 0.0015698587127158557, 0.0020931449502878076, 0.006279434850863423, 0.024071166928309785, 0.032443746729461015, 0.058084772370486655, 0.08424908424908426, 0.12035583464154893, 0.13291470434327576, 0.1784406070120356, 0.10727367870225013, 0.10675039246467818, 0.05860805860805861, 0.032443746729461015, 0.03192046049188906, 0.011512297226582941, 0.0057561486132914706, 0.003663003663003663, 0.0015698587127158557, 0.0, 0.0], [0.0, 0.0, 0.0, 0.002061855670103093, 0.002061855670103093, 0.0, 0.0, 0.012371134020618556, 0.02268041237113402, 0.03711340206185567, 0.05567010309278351, 0.11134020618556702, 0.10515463917525773, 0.11958762886597939, 0.09484536082474226, 0.09484536082474226, 0.10721649484536082, 0.07216494845360824, 0.06391752577319587, 0.032989690721649485, 0.02268041237113402, 0.010309278350515464, 0.012371134020618556, 0.008247422680412371, 0.012371134020618556, 0.0, 0.0, 0.0], [0.000432152117545376, 0.0, 0.000432152117545376, 0.0, 0.000432152117545376, 0.000432152117545376, 0.0025929127052722557, 0.008210890233362144, 0.010371650821089023, 0.020743301642178046, 0.03543647363872083, 0.049265341400172864, 0.09291270527225583, 0.10674157303370786, 0.1456352636127917, 0.1404494382022472, 0.12878133102852204, 0.08167675021607605, 0.08254105445116681, 0.03673292999135696, 0.01944684528954192, 0.02031114952463267, 0.00648228176318064, 0.003457216940363008, 0.005185825410544511, 0.0012964563526361278, 0.0, 0.0], [0.0, 0.0, 0.0, 0.0, 0.0010643959552953698, 0.0010643959552953698, 0.0037253858435337944, 0.009047365620010643, 0.015965939329430547, 0.02927088877062267, 0.06918573709419905, 0.07929749866950506, 0.11495476317189994, 0.12985630654603514, 0.13996806812134113, 0.1021820117083555, 0.12453432676955828, 0.06226716338477914, 0.06812134113890367, 0.018626929217668974, 0.011176157530601383, 0.011708355508249068, 0.0031931878658861094, 0.0015965939329430547, 0.0026609898882384245, 0.0005321979776476849, 0.0, 0.0], [0.0, 0.0, 0.0, 0.0, 0.0, 0.0, 0.0, 0.0, 0.047619047619047616, 0.14285714285714285, 0.047619047619047616, 0.19047619047619047, 0.09523809523809523, 0.047619047619047616, 0.14285714285714285, 0.047619047619047616, 0.09523809523809523, 0.0, 0.047619047619047616, 0.047619047619047616, 0.047619047619047616, 0.0, 0.0, 0.0, 0.0, 0.0, 0.0, 0.0], [0.0, 0.00043431053203040176, 0.0, 0.0, 0.00021715526601520088, 0.0, 0.0010857763300760044, 0.002171552660152009, 0.006514657980456026, 0.012812160694896851, 0.02736156351791531, 0.035613463626492946, 0.06796959826275788, 0.09294245385450597, 0.11465798045602606, 0.1261672095548317, 0.1435396308360478, 0.09663409337676439, 0.10640608034744843, 0.060152008686210644, 0.035613463626492946, 0.04538545059717698, 0.013897937024972856, 0.006948968512486428, 0.003474484256243214, 0.0, 0.0, 0.0], [0.0, 0.0, 0.0, 0.0012143290831815423, 0.0, 0.0, 0.0030358227079538553, 0.0024286581663630845, 0.004857316332726169, 0.009714632665452338, 0.029751062537947785, 0.0358227079538555, 0.07589556769884638, 0.08986035215543413, 0.13296903460837886, 0.13114754098360656, 0.1469338190649666, 0.0989678202792957, 0.10261080752884032, 0.04189435336976321, 0.02671523982999393, 0.030965391621129327, 0.015179113539769277, 0.007893139040680024, 0.01092896174863388, 0.0012143290831815423, 0.0, 0.0], [0.00039840637450199205, 0.0, 0.00039840637450199205, 0.001195219123505976, 0.0027888446215139444, 0.0031872509960159364, 0.0035856573705179283, 0.012749003984063745, 0.01952191235059761, 0.03386454183266932, 0.07250996015936255, 0.1, 0.11752988047808766, 0.14900398406374502, 0.12908366533864543, 0.10398406374501992, 0.10318725099601593, 0.0450199203187251, 0.05258964143426295, 0.021912350597609563, 0.013944223107569721, 0.008366533864541833, 0.004382470119521913, 0.0, 0.0007968127490039841, 0.0, 0.0, 0.0], [0.0, 0.0, 0.0, 0.0, 0.0, 0.0035842293906810036, 0.0, 0.0, 0.010752688172043012, 0.007168458781362007, 0.010752688172043012, 0.043010752688172046, 0.1003584229390681, 0.16129032258064516, 0.1827956989247312, 0.13620071684587814, 0.17562724014336917, 0.1003584229390681, 0.03942652329749104, 0.025089605734767026, 0.0035842293906810036, 0.0, 0.0, 0.0, 0.0, 0.0, 0.0, 0.0], [0.0, 0.0, 0.00016212710765239947, 0.00016212710765239947, 0.00016212710765239947, 0.00016212710765239947, 0.00048638132295719845, 0.0012970168612191958, 0.005674448767833982, 0.01232166018158236, 0.022697795071335927, 0.03874837872892348, 0.06695849546044098, 0.09030479896238651, 0.14040207522697795, 0.12840466926070038, 0.15856031128404668, 0.08998054474708171, 0.1259727626459144, 0.048638132295719845, 0.019617380025940337, 0.02885862516212711, 0.009889753566796368, 0.004539559014267186, 0.004701686121919585, 0.0012970168612191958, 0.0, 0.0], [0.0, 0.00012532898859506203, 0.00025065797719012406, 0.0, 0.0003759869657851861, 0.0008773029201654342, 0.0006266449429753102, 0.0018799348289259305, 0.0023812507833061787, 0.010527635041985211, 0.018799348289259304, 0.04135856623637047, 0.07908259180348415, 0.12257175084597068, 0.15866649956134854, 0.15628524877804237, 0.1581651836069683, 0.086852989096378, 0.08923423987968417, 0.036846722646948236, 0.018423361323474118, 0.010527635041985211, 0.004261185612232109, 0.0016292768517358065, 0.00025065797719012406, 0.0, 0.0, 0.0], [0.0, 0.0, 0.0004432624113475177, 0.0004432624113475177, 0.0, 0.0017730496453900709, 0.002216312056737589, 0.004432624113475178, 0.01152482269503546, 0.020390070921985817, 0.040780141843971635, 0.06205673758865248, 0.10638297872340426, 0.11170212765957446, 0.1351950354609929, 0.10505319148936171, 0.12721631205673758, 0.08466312056737589, 0.08156028368794327, 0.04521276595744681, 0.02127659574468085, 0.020833333333333332, 0.012854609929078014, 0.0031028368794326243, 0.0008865248226950354, 0.0, 0.0, 0.0], [0.0, 0.0, 0.0, 0.0, 0.0005989817310572028, 0.0, 0.0008984725965858042, 0.0011979634621144056, 0.004791853848457622, 0.007487271638215035, 0.019766397124887692, 0.029649595687331536, 0.05450733752620545, 0.08445642407906559, 0.11081162024558251, 0.12728361784965558, 0.15363881401617252, 0.0859538784067086, 0.14255765199161424, 0.05929919137466307, 0.03204552261156035, 0.039832285115303984, 0.022461814914645103, 0.010182689427972447, 0.008086253369272238, 0.0035938903863432167, 0.0008984725965858042, 0.0], [0.0, 0.0010384215991692627, 0.0, 0.0020768431983385254, 0.0, 0.004153686396677051, 0.005192107995846314, 0.013499480789200415, 0.04361370716510903, 0.05192107995846314, 0.07684319833852545, 0.10072689511941849, 0.09657320872274143, 0.12876427829698858, 0.12149532710280374, 0.09865005192107996, 0.08307372793354102, 0.05711318795430945, 0.060228452751817235, 0.02284527518172378, 0.01557632398753894, 0.013499480789200415, 0.0, 0.0010384215991692627, 0.0020768431983385254, 0.0, 0.0, 0.0], [0.0, 0.0, 0.0, 0.0, 0.0, 0.0, 0.012145748987854251, 0.044534412955465584, 0.044534412955465584, 0.06072874493927125, 0.12550607287449392, 0.08906882591093117, 0.06477732793522267, 0.13765182186234817, 0.12955465587044535, 0.10526315789473684, 0.0728744939271255, 0.04048582995951417, 0.048582995951417005, 0.016194331983805668, 0.0, 0.004048582995951417, 0.004048582995951417, 0.0, 0.0, 0.0, 0.0, 0.0], [0.00031338138514572234, 0.0, 0.0, 0.0, 0.0012535255405828893, 0.0025070510811657787, 0.005014102162331557, 0.01065496709495456, 0.016922594797869006, 0.02820432466311501, 0.05108116577875274, 0.07489815104982764, 0.10874334064556565, 0.133187088686932, 0.13726104669382638, 0.11845816358508304, 0.1093701034158571, 0.05766217486681291, 0.07176433719837041, 0.025070510811657787, 0.014415543716703227, 0.02162331557505484, 0.005014102162331557, 0.0034471952366029457, 0.0015669069257286117, 0.0012535255405828893, 0.00031338138514572234, 0.0], [0.0, 0.0, 0.0, 0.0, 0.0, 0.001183431952662722, 0.002366863905325444, 0.002366863905325444, 0.005917159763313609, 0.018343195266272188, 0.028994082840236687, 0.040236686390532544, 0.06863905325443787, 0.0863905325443787, 0.11715976331360947, 0.1165680473372781, 0.14497041420118342, 0.0893491124260355, 0.10473372781065089, 0.045562130177514794, 0.034911242603550295, 0.038461538461538464, 0.02544378698224852, 0.010650887573964497, 0.014201183431952662, 0.0035502958579881655, 0.0, 0.0], [0.0, 0.0, 0.0, 0.0, 0.0, 0.0004310344827586207, 0.0008620689655172414, 0.0021551724137931034, 0.00646551724137931, 0.013362068965517242, 0.02456896551724138, 0.039224137931034485, 0.06896551724137931, 0.11982758620689656, 0.14094827586206896, 0.13405172413793104, 0.13879310344827586, 0.08017241379310344, 0.10387931034482759, 0.04698275862068965, 0.03189655172413793, 0.029310344827586206, 0.009051724137931035, 0.0047413793103448275, 0.003017241379310345, 0.001293103448275862, 0.0, 0.0], [0.0002442598925256473, 0.0, 0.0002442598925256473, 0.0004885197850512946, 0.0002442598925256473, 0.0031753786028334147, 0.0029311187103077674, 0.004885197850512946, 0.010503175378602833, 0.022716170004885197, 0.04934049829018075, 0.063019052271617, 0.10087933561309233, 0.12457254518808011, 0.12823644357596484, 0.1255495847581827, 0.12677088422081095, 0.08353688324377137, 0.06985832926233512, 0.03321934538348803, 0.022227650219833903, 0.015876893014167073, 0.008549096238397655, 0.0019540791402051783, 0.0009770395701025891, 0.0, 0.0, 0.0], [0.0, 0.0, 0.0, 0.0, 0.000727802037845706, 0.0, 0.0, 0.000727802037845706, 0.005822416302765648, 0.013100436681222707, 0.04294032023289665, 0.053857350800582245, 0.09388646288209607, 0.10625909752547306, 0.13100436681222707, 0.15502183406113537, 0.12590975254730713, 0.08224163027656478, 0.07278020378457059, 0.04512372634643377, 0.029839883551673944, 0.019650655021834062, 0.013100436681222707, 0.002911208151382824, 0.004366812227074236, 0.000727802037845706, 0.0, 0.0], [0.0, 0.0, 0.0, 0.0, 0.0, 0.0004723665564478035, 0.0014170996693434106, 0.0033065658951346244, 0.0033065658951346244, 0.004251299008030231, 0.010392064241851677, 0.025035427491733587, 0.03778932451582428, 0.06046291922531885, 0.09116674539442607, 0.1095890410958904, 0.14926783183750592, 0.10297590930562116, 0.1450165328294757, 0.0807746811525744, 0.042512990080302314, 0.07132735002361833, 0.02834199338686821, 0.014643363249881908, 0.014643363249881908, 0.0033065658951346244, 0.0, 0.0], [0.0, 0.0, 0.0, 0.0, 0.0002413709872073377, 0.0, 0.000724112961622013, 0.002896451846488052, 0.003861935795317403, 0.011344436398744872, 0.021240646874245716, 0.04465363263335747, 0.07989379676562877, 0.11609944484672942, 0.13830557566980448, 0.12406468742457157, 0.12696113927105962, 0.08665218440743423, 0.11103065411537533, 0.04682597151822351, 0.02896451846488052, 0.03234371228578325, 0.015930485155684286, 0.0024137098720733766, 0.005310161718561429, 0.0002413709872073377, 0.0, 0.0], [0.0, 0.0, 0.00018385732671446958, 0.0, 0.0, 0.00018385732671446958, 0.00036771465342893915, 0.0023901452472881043, 0.0047802904945762085, 0.015076300790586505, 0.031807317521603234, 0.05405405405405406, 0.09707666850523994, 0.12796469939327082, 0.1594043022614451, 0.13881228166942453, 0.13090641662070235, 0.06600478029049457, 0.09082551939694797, 0.03143960286817429, 0.016363302077587794, 0.018753447324875896, 0.0069865784151498436, 0.0027578599007170436, 0.002574002574002574, 0.001287001287001287, 0.0, 0.0], [0.0, 0.0, 0.0, 0.0, 0.0, 0.0004296455424274973, 0.0010741138560687433, 0.0017185821697099893, 0.006015037593984963, 0.010955961331901182, 0.020193340494092375, 0.04124597207303974, 0.07368421052631578, 0.1121374865735768, 0.1439312567132116, 0.15574650912996776, 0.16648764769065522, 0.07969924812030076, 0.10698174006444683, 0.031578947368421054, 0.01804511278195489, 0.020193340494092375, 0.0053705692803437165, 0.0021482277121374865, 0.002363050483351235, 0.0, 0.0, 0.0], [0.0, 0.015873015873015872, 0.0, 0.0, 0.0, 0.047619047619047616, 0.047619047619047616, 0.12698412698412698, 0.1111111111111111, 0.07936507936507936, 0.047619047619047616, 0.031746031746031744, 0.07936507936507936, 0.06349206349206349, 0.07936507936507936, 0.07936507936507936, 0.06349206349206349, 0.09523809523809523, 0.015873015873015872, 0.0, 0.015873015873015872, 0.0, 0.0, 0.0, 0.0, 0.0, 0.0, 0.0]]}, "ranks": {"labels": ["Unranked", "Combatatent I", "Combatatent II", "Challenger I", "Challenger II", "Rival I", "Rival II", "Duelist", "Elite"], "data": [[0.2676056338028169, 0.22535211267605634, 0.19718309859154928, 0.19718309859154928, 0.04225352112676056, 0.07042253521126761, 0.0, 0.0, 0.0], [0.08559046587215602, 0.1256771397616468, 0.23293607800650054, 0.26327193932827736, 0.1581798483206934, 0.08559046587215602, 0.02275189599133261, 0.02600216684723727, 0.0], [0.039938556067588324, 0.0819252432155658, 0.2078853046594982, 0.26574500768049153, 0.2155657962109575, 0.12493599590373784, 0.033282130056323606, 0.029185867895545316, 0.0015360983102918587], [0.05249266862170088, 0.08680351906158358, 0.1809384164222874, 0.25718475073313785, 0.24574780058651027, 0.11173020527859237, 0.0343108504398827, 0.02756598240469208, 0.0032258064516129032], [0.23333333333333334, 0.2, 0.1, 0.0, 0.2, 0.16666666666666666, 0.03333333333333333, 0.06666666666666667, 0.0], [0.029054536794474874, 0.06549178375803763, 0.1659919028340081, 0.24434389140271492, 0.24339128363896165, 0.1314598713979519, 0.04953560371517028, 0.05977613717551798, 0.010954989283162658], [0.0883785664578984, 0.14474599860821155, 0.24495476687543494, 0.23173277661795408, 0.15727209464161448, 0.061934585942936674, 0.020180932498260265, 0.04314544189283229, 0.007654836464857342], [0.4819277108433735, 0.21686746987951808, 0.1686746987951807, 0.07228915662650602, 0.04819277108433735, 0.012048192771084338, 0.0, 0.0, 0.0], [0.12146752602875557, 0.1752602875557759, 0.2528507684680218, 0.20029747149231533, 0.12320277640059495, 0.06048587010411502, 0.033217649975210706, 0.031234506693108576, 0.0019831432821021317], [0.05371900826446281, 0.09563164108618655, 0.20070838252656434, 0.2597402597402597, 0.23376623376623376, 0.09563164108618655, 0.025974025974025976, 0.032467532467532464, 0.0023612750885478157], [0.09404990403071017, 0.17159309021113245, 0.25028790786948174, 0.23224568138195778, 0.1381957773512476, 0.06525911708253358, 0.02380038387715931, 0.02111324376199616, 0.00345489443378119], [0.04757185332011893, 0.0931615460852329, 0.17707300958044267, 0.26461843409316155, 0.23389494549058473, 0.1159563924677899, 0.028741328047571853, 0.035678889990089196, 0.003303600925008259], [0.0784382694336968, 0.151952163207879, 0.23003869152303905, 0.2631023566654942, 0.16039395005276116, 0.07316215265564545, 0.021104467112205417, 0.019345761519521634, 0.0024621878297572987], [0.009942438513867086, 0.0565149136577708, 0.1423338566195709, 0.2532705389848247, 0.2857142857142857, 0.1454735740450026, 0.052328623757195186, 0.049188906331763475, 0.0052328623757195184], [0.07628865979381444, 0.1670103092783505, 0.22474226804123712, 0.18969072164948453, 0.17938144329896907, 0.08247422680412371, 0.03711340206185567, 0.030927835051546393, 0.012371134020618556], [0.04364736387208297, 0.0847018150388937, 0.1996542783059637, 0.28608470181503887, 0.2104580812445981, 0.10414866032843562, 0.03457216940363008, 0.03025064822817632, 0.00648228176318064], [0.0601383714741884, 0.1484832357637041, 0.24481106971793506, 0.24215007982969664, 0.18680149015433742, 0.08036189462480042, 0.017562533262373604, 0.016498137307078234, 0.0031931878658861094], [0.19047619047619047, 0.23809523809523808, 0.14285714285714285, 0.19047619047619047, 0.09523809523809523, 0.09523809523809523, 0.047619047619047616, 0.0, 0.0], [0.023235613463626494, 0.06297502714440825, 0.16091205211726384, 0.24082519001085775, 0.24017372421281216, 0.14071661237785016, 0.06145494028230185, 0.06623235613463627, 0.003474484256243214], [0.021250758955676987, 0.06557377049180328, 0.1657559198542805, 0.2641165755919854, 0.2459016393442623, 0.12932604735883424, 0.04189435336976321, 0.054037644201578625, 0.012143290831815421], [0.07768924302788845, 0.17250996015936254, 0.26653386454183264, 0.23306772908366533, 0.14820717131474104, 0.0653386454183267, 0.023107569721115537, 0.012749003984063745, 0.0007968127490039841], [0.021505376344086023, 0.053763440860215055, 0.2616487455197133, 0.31899641577060933, 0.27598566308243727, 0.05734767025089606, 0.010752688172043012, 0.0, 0.0], [0.020428015564202335, 0.0614461738002594, 0.1572632944228275, 0.26880674448767833, 0.2485408560311284, 0.1514267185473411, 0.042801556420233464, 0.04328793774319066, 0.005998702983138781], [0.017044742448928438, 0.060157914525629776, 0.2016543426494548, 0.3149517483393909, 0.24501817270334628, 0.11104148389522496, 0.033462839954881564, 0.016418097505953126, 0.00025065797719012406], [0.041223404255319146, 0.10283687943262411, 0.21808510638297873, 0.2402482269503546, 0.21187943262411346, 0.10549645390070922, 0.0425531914893617, 0.03679078014184397, 0.0008865248226950354], [0.01497454327643007, 0.04941599281221923, 0.13896376160527105, 0.23809523809523808, 0.23959269242288112, 0.1746031746031746, 0.05929919137466307, 0.07247678945792153, 0.012578616352201259], [0.12149532710280374, 0.17757009345794392, 0.22533748701973, 0.2201453790238837, 0.14018691588785046, 0.07268951194184839, 0.02596053997923157, 0.014537902388369679, 0.0020768431983385254], [0.16194331983805668, 0.2145748987854251, 0.20242914979757085, 0.23481781376518218, 0.11336032388663968, 0.06072874493927125, 0.004048582995951417, 0.008097165991902834, 0.0], [0.06486994672516452, 0.12597931682858038, 0.24193042933249764, 0.2557192102789094, 0.16703227828267, 0.0855531181447822, 0.02569727358194923, 0.030084612973989344, 0.0031338138514572234], [0.03017751479289941, 0.06923076923076923, 0.15502958579881657, 0.23372781065088757, 0.23431952662721894, 0.13136094674556212, 0.05384615384615385, 0.07455621301775148, 0.01775147928994083], [0.02327586206896552, 0.06379310344827586, 0.18879310344827585, 0.275, 0.2189655172413793, 0.1336206896551724, 0.04913793103448276, 0.04310344827586207, 0.004310344827586207], [0.045432340009770394, 0.11235955056179775, 0.22545188080117246, 0.25378602833414754, 0.21030776746458232, 0.08915486077186126, 0.0361504640937958, 0.026380068392769906, 0.0009770395701025891], [0.020378457059679767, 0.09679767103347889, 0.20014556040756915, 0.28602620087336245, 0.2081513828238719, 0.09898107714701601, 0.0487627365356623, 0.03566229985443959, 0.005094614264919942], [0.012753897024090695, 0.03542749173358526, 0.09825224374114312, 0.20075578649031647, 0.2522437411431271, 0.19225318847425601, 0.07605101558809636, 0.11431270666036844, 0.017949929145016533], [0.019068307989379675, 0.06589427950760318, 0.1959932416123582, 0.26237026309437605, 0.21361332367849384, 0.13951243060584118, 0.04730871349263818, 0.05068790731354091, 0.005551532705768767], [0.022982165839308698, 0.08586137157565729, 0.22504136789851076, 0.29821658393086964, 0.1969111969111969, 0.10847582276153704, 0.03015260158117301, 0.028497885640742782, 0.003861003861003861], [0.020193340494092375, 0.061439312567132115, 0.1858216970998926, 0.2996777658431794, 0.24618689581095596, 0.12545649838882922, 0.031149301825993556, 0.027712137486573578, 0.002363050483351235], [0.42857142857142855, 0.07936507936507936, 0.14285714285714285, 0.15873015873015872, 0.15873015873015872, 0.015873015873015872, 0.015873015873015872, 0.0, 0.0]]}, "ranksDetailed": {"labels": ["Unranked", "Combatatant", "Challenger", "Rival", "Duelist", "Elite"], "data": [[0.2676056338028169, 0.4225352112676056, 0.23943661971830985, 0.07042253521126761, 0.0, 0.0], [0.08559046587215602, 0.35861321776814736, 0.42145178764897073, 0.10834236186348863, 0.02600216684723727, 0.0], [0.039938556067588324, 0.289810547875064, 0.48131080389144903, 0.15821812596006143, 0.029185867895545316, 0.0015360983102918587], [0.05249266862170088, 0.267741935483871, 0.5029325513196481, 0.14604105571847506, 0.02756598240469208, 0.0032258064516129032], [0.23333333333333334, 0.3, 0.2, 0.2, 0.06666666666666667, 0.0], [0.029054536794474874, 0.2314836865920457, 0.48773517504167657, 0.18099547511312217, 0.05977613717551798, 0.010954989283162658], [0.0883785664578984, 0.38970076548364646, 0.38900487125956856, 0.08211551844119694, 0.04314544189283229, 0.007654836464857342], [0.4819277108433735, 0.3855421686746988, 0.12048192771084337, 0.012048192771084338, 0.0, 0.0], [0.12146752602875557, 0.42811105602379773, 0.32350024789291026, 0.09370352007932573, 0.031234506693108576, 0.0019831432821021317], [0.05371900826446281, 0.29634002361275086, 0.4935064935064935, 0.12160566706021252, 0.032467532467532464, 0.0023612750885478157], [0.09404990403071017, 0.4218809980806142, 0.3704414587332054, 0.0890595009596929, 0.02111324376199616, 0.00345489443378119], [0.04757185332011893, 0.2702345556656756, 0.4985133795837463, 0.14469772051536176, 0.035678889990089196, 0.003303600925008259], [0.0784382694336968, 0.38199085473091804, 0.4234963067182554, 0.09426661976785086, 0.019345761519521634, 0.0024621878297572987], [0.009942438513867086, 0.1988487702773417, 0.5389848246991105, 0.1978021978021978, 0.049188906331763475, 0.0052328623757195184], [0.07628865979381444, 0.3917525773195876, 0.36907216494845363, 0.11958762886597939, 0.030927835051546393, 0.012371134020618556], [0.04364736387208297, 0.2843560933448574, 0.496542783059637, 0.13872082973206568, 0.03025064822817632, 0.00648228176318064], [0.0601383714741884, 0.3932943054816392, 0.42895156998403405, 0.09792442788717402, 0.016498137307078234, 0.0031931878658861094], [0.19047619047619047, 0.38095238095238093, 0.2857142857142857, 0.14285714285714285, 0.0, 0.0], [0.023235613463626494, 0.2238870792616721, 0.4809989142236699, 0.20217155266015202, 0.06623235613463627, 0.003474484256243214], [0.021250758955676987, 0.23132969034608378, 0.5100182149362478, 0.17122040072859745, 0.054037644201578625, 0.012143290831815421], [0.07768924302788845, 0.43904382470119524, 0.3812749003984064, 0.08844621513944223, 0.012749003984063745, 0.0007968127490039841], [0.021505376344086023, 0.3154121863799283, 0.5949820788530465, 0.06810035842293907, 0.0, 0.0], [0.020428015564202335, 0.2187094682230869, 0.5173476005188068, 0.19422827496757458, 0.04328793774319066, 0.005998702983138781], [0.017044742448928438, 0.2618122571750846, 0.5599699210427372, 0.14450432385010653, 0.016418097505953126, 0.00025065797719012406], [0.041223404255319146, 0.32092198581560283, 0.4521276595744681, 0.14804964539007093, 0.03679078014184397, 0.0008865248226950354], [0.01497454327643007, 0.18837975441749027, 0.4776879305181192, 0.23390236597783767, 0.07247678945792153, 0.012578616352201259], [0.12149532710280374, 0.40290758047767394, 0.3603322949117342, 0.09865005192107996, 0.014537902388369679, 0.0020768431983385254], [0.16194331983805668, 0.41700404858299595, 0.3481781376518219, 0.06477732793522267, 0.008097165991902834, 0.0], [0.06486994672516452, 0.367909746161078, 0.42275148856157946, 0.11125039172673143, 0.030084612973989344, 0.0031338138514572234], [0.03017751479289941, 0.2242603550295858, 0.4680473372781065, 0.18520710059171597, 0.07455621301775148, 0.01775147928994083], [0.02327586206896552, 0.2525862068965517, 0.4939655172413793, 0.18275862068965518, 0.04310344827586207, 0.004310344827586207], [0.045432340009770394, 0.3378114313629702, 0.46409379579872984, 0.12530532486565707, 0.026380068392769906, 0.0009770395701025891], [0.020378457059679767, 0.29694323144104806, 0.49417758369723436, 0.1477438136826783, 0.03566229985443959, 0.005094614264919942], [0.012753897024090695, 0.1336797354747284, 0.45299952763344353, 0.2683042040623524, 0.11431270666036844, 0.017949929145016533], [0.019068307989379675, 0.2618875211199614, 0.4759835867728699, 0.18682114409847936, 0.05068790731354091, 0.005551532705768767], [0.022982165839308698, 0.310902739474168, 0.49512778084206654, 0.13862842434271005, 0.028497885640742782, 0.003861003861003861], [0.020193340494092375, 0.24726100966702472, 0.5458646616541354, 0.15660580021482276, 0.027712137486573578, 0.002363050483351235], [0.42857142857142855, 0.2222222222222222, 0.31746031746031744, 0.031746031746031744, 0.0, 0.0]]}}}, "eu": {"histType": {"histogram": {"labels": ["0", "100", "200", "300", "400", "500", "600", "700", "800", "900", "1000", "1100", "1200", "1300", "1400", "1500", "1600", "1700", "1800", "1900", "2000", "2100", "2200", "2300", "2400", "2500", "2600", "2700"], "data": [[0.0, 0.0, 0.0, 0.0, 0.0, 0.016666666666666666, 0.05, 0.06666666666666667, 0.06666666666666667, 0.1, 0.06666666666666667, 0.18333333333333332, 0.08333333333333333, 0.1, 0.08333333333333333, 0.05, 0.08333333333333333, 0.0, 0.0, 0.03333333333333333, 0.016666666666666666, 0.0, 0.0, 0.0, 0.0, 0.0, 0.0, 0.0], [0.001148105625717566, 0.0, 0.0, 0.0, 0.002296211251435132, 0.002296211251435132, 0.0057405281285878304, 0.009184845005740528, 0.02870264064293915, 0.03903559127439724, 0.06199770378874857, 0.09414466130884042, 0.12055109070034443, 0.1285878300803674, 0.14810562571756603, 0.11021814006888633, 0.1010332950631458, 0.03559127439724455, 0.0574052812858783, 0.01951779563719862, 0.013777267508610792, 0.018369690011481057, 0.002296211251435132, 0.0, 0.0, 0.0, 0.0, 0.0], [0.0, 0.0005763688760806917, 0.0, 0.0, 0.0023054755043227667, 0.0005763688760806917, 0.0011527377521613833, 0.008069164265129682, 0.013256484149855908, 0.025936599423631124, 0.04553314121037464, 0.0553314121037464, 0.09394812680115273, 0.10778097982708934, 0.1452449567723343, 0.13371757925072045, 0.14121037463976946, 0.07319884726224783, 0.08587896253602305, 0.02420749279538905, 0.016138328530259365, 0.019596541786743516, 0.00345821325648415, 0.002881844380403458, 0.0, 0.0, 0.0, 0.0], [0.0, 0.0, 0.0, 0.0, 0.0, 0.0002581977794990963, 0.002581977794990963, 0.008520526723470178, 0.011102504518461141, 0.01884843790343403, 0.04053705138135812, 0.05318874257681384, 0.07978311386522076, 0.10431190291763491, 0.12806609863155177, 0.1321972631035373, 0.14846372321198037, 0.09811515620965659, 0.09166021172217918, 0.03563129357087529, 0.017299251226439452, 0.017557449005938548, 0.005680351148980119, 0.0028401755744900596, 0.0018073844564936742, 0.0012909888974954814, 0.0002581977794990963, 0.0], [0.0, 0.0, 0.0, 0.0, 0.0, 0.030303030303030304, 0.06060606060606061, 0.12121212121212122, 0.06060606060606061, 0.06060606060606061, 0.12121212121212122, 0.12121212121212122, 0.0, 0.06060606060606061, 0.09090909090909091, 0.06060606060606061, 0.06060606060606061, 0.06060606060606061, 0.0, 0.06060606060606061, 0.0, 0.0, 0.030303030303030304, 0.0, 0.0, 0.0, 0.0, 0.0], [0.0, 0.00023153507756425097, 0.00023153507756425097, 0.0, 0.00046307015512850195, 0.00046307015512850195, 0.00046307015512850195, 0.004862236628849271, 0.005788376939106275, 0.012734429266033805, 0.023385042833989348, 0.039360963185922665, 0.06413521648529752, 0.09979161843019217, 0.12433433665200277, 0.10997916184301922, 0.13058578374623755, 0.08914100486223663, 0.11345218800648298, 0.059041444778884004, 0.03658254225515165, 0.043991664737207684, 0.017828200972447326, 0.011113683723084047, 0.007640657559620283, 0.003009956008335263, 0.0013892104653855058, 0.0], [0.0, 0.0, 0.001851851851851852, 0.0006172839506172839, 0.0006172839506172839, 0.0049382716049382715, 0.003703703703703704, 0.013580246913580247, 0.0345679012345679, 0.03950617283950617, 0.06604938271604938, 0.08024691358024691, 0.1111111111111111, 0.12283950617283951, 0.10493827160493827, 0.09382716049382717, 0.0962962962962963, 0.05432098765432099, 0.06049382716049383, 0.027777777777777776, 0.018518518518518517, 0.02962962962962963, 0.013580246913580247, 0.007407407407407408, 0.006172839506172839, 0.0049382716049382715, 0.0024691358024691358, 0.0], [0.0, 0.0, 0.0, 0.0, 0.0, 0.02040816326530612, 0.0, 0.1836734693877551, 0.061224489795918366, 0.061224489795918366, 0.16326530612244897, 0.10204081632653061, 0.08163265306122448, 0.12244897959183673, 0.02040816326530612, 0.14285714285714285, 0.04081632653061224, 0.0, 0.0, 0.0, 0.0, 0.0, 0.0, 0.0, 0.0, 0.0, 0.0, 0.0], [0.0004867364322219518, 0.0002433682161109759, 0.0009734728644439036, 0.0009734728644439036, 0.0007301046483329277, 0.0017035775127768314, 0.007301046483329277, 0.016549038695546362, 0.03236797274275979, 0.05500121684108056, 0.08736918958384035, 0.09783402287661232, 0.12898515453881723, 0.1131662204916038, 0.1019712825504989, 0.08907276709661718, 0.07763446093940131, 0.049160379654417136, 0.04794353857386225, 0.03090776344609394, 0.02141640301776588, 0.019956193721100024, 0.009247992212217084, 0.0058408371866634215, 0.0029204185933317107, 0.0002433682161109759, 0.0, 0.0], [0.0, 0.0, 0.0, 0.0, 0.000758150113722517, 0.001516300227445034, 0.001516300227445034, 0.006065200909780136, 0.01288855193328279, 0.022744503411675512, 0.05079605761940864, 0.056103108415466264, 0.08339651250947688, 0.1106899166034875, 0.15314632297194844, 0.11675511751326763, 0.14025777103866566, 0.06520090978013647, 0.09249431387414708, 0.030326004548900682, 0.02047005307050796, 0.016679302501895376, 0.01061410159211524, 0.004548900682335102, 0.003032600454890068, 0.0, 0.0, 0.0], [0.0004789272030651341, 0.0, 0.0, 0.0, 0.0014367816091954023, 0.003352490421455939, 0.005268199233716475, 0.01293103448275862, 0.026340996168582376, 0.04932950191570881, 0.07040229885057471, 0.09770114942528736, 0.11781609195402298, 0.11733716475095786, 0.11494252873563218, 0.09530651340996169, 0.08524904214559387, 0.05651340996168582, 0.06369731800766283, 0.02586206896551724, 0.018199233716475097, 0.020593869731800767, 0.009578544061302681, 0.003352490421455939, 0.003352490421455939, 0.0009578544061302681, 0.0, 0.0], [0.0, 0.0, 0.0, 0.0007087172218284905, 0.0007087172218284905, 0.0007087172218284905, 0.001417434443656981, 0.005669737774627924, 0.015946137491141033, 0.0258681785967399, 0.03791637136782424, 0.05279943302622254, 0.08894401133947555, 0.09744861800141744, 0.11693834160170093, 0.12189936215450035, 0.14174344436569808, 0.09036144578313253, 0.09886605244507442, 0.04287739192062367, 0.021261516654854713, 0.02374202693125443, 0.007795889440113395, 0.001417434443656981, 0.004606661941885188, 0.00035435861091424523, 0.0, 0.0], [0.0, 0.0, 0.0, 0.0009078529278256923, 0.0009078529278256923, 0.00045392646391284613, 0.0013617793917385383, 0.013163867453472538, 0.025873808443032227, 0.03449841125737631, 0.07444394008170677, 0.08352246935996369, 0.11302768951429869, 0.135724012709941, 0.13300045392646392, 0.10167952791647752, 0.10122560145256468, 0.05946436677258284, 0.05492510213345438, 0.02541988197911938, 0.016341352700862462, 0.011348161597821153, 0.005447117566954153, 0.0027235587834770767, 0.0027235587834770767, 0.0018157058556513845, 0.0, 0.0], [0.0, 0.0, 0.0, 0.0, 0.0, 0.0, 0.000484027105517909, 0.002420135527589545, 0.003872216844143272, 0.01016456921587609, 0.01887705711519845, 0.028073572120038724, 0.06824782187802517, 0.08857696030977735, 0.12487899322362052, 0.13601161665053244, 0.15827686350435624, 0.1132623426911907, 0.10067763794772508, 0.05517909002904162, 0.03049370764762827, 0.03581800580832527, 0.013552758954501452, 0.005324298160696999, 0.004356243949661181, 0.001452081316553727, 0.0, 0.0], [0.0, 0.0, 0.0024154589371980675, 0.0, 0.0, 0.0024154589371980675, 0.004830917874396135, 0.012077294685990338, 0.033816425120772944, 0.036231884057971016, 0.07246376811594203, 0.07004830917874397, 0.08695652173913043, 0.13285024154589373, 0.12077294685990338, 0.0821256038647343, 0.10386473429951691, 0.0821256038647343, 0.07246376811594203, 0.028985507246376812, 0.00966183574879227, 0.014492753623188406, 0.016908212560386472, 0.004830917874396135, 0.00966183574879227, 0.0, 0.0, 0.0], [0.0, 0.0, 0.0, 0.0004201680672268908, 0.0004201680672268908, 0.0004201680672268908, 0.004201680672268907, 0.007563025210084034, 0.01134453781512605, 0.018487394957983194, 0.034873949579831934, 0.05966386554621849, 0.07436974789915966, 0.1264705882352941, 0.13067226890756303, 0.11428571428571428, 0.13529411764705881, 0.08277310924369748, 0.0773109243697479, 0.04495798319327731, 0.0226890756302521, 0.025630252100840335, 0.012184873949579832, 0.0067226890756302525, 0.0058823529411764705, 0.0021008403361344537, 0.0012605042016806723, 0.0], [0.0, 0.0, 0.0, 0.0004885197850512946, 0.0004885197850512946, 0.0004885197850512946, 0.004885197850512946, 0.011235955056179775, 0.01709819247679531, 0.032730825598436736, 0.0625305324865657, 0.0903761602344895, 0.09819247679531021, 0.11968734733756717, 0.1348314606741573, 0.11529066927210552, 0.10356619443087445, 0.06839276990718124, 0.07034684904738642, 0.025403028822667317, 0.01709819247679531, 0.011235955056179775, 0.006350757205666829, 0.00537371763556424, 0.003419638495359062, 0.0004885197850512946, 0.0, 0.0], [0.0, 0.0, 0.0, 0.0, 0.0, 0.0, 0.0, 0.0625, 0.0, 0.125, 0.0, 0.0625, 0.1875, 0.0625, 0.1875, 0.125, 0.125, 0.0, 0.0625, 0.0, 0.0, 0.0, 0.0, 0.0, 0.0, 0.0, 0.0, 0.0], [0.0, 0.0, 0.0, 0.0, 0.0002260397830018083, 0.0004520795660036166, 0.0011301989150090416, 0.0022603978300180833, 0.007459312839059674, 0.012206148282097649, 0.02305605786618445, 0.0406871609403255, 0.061256781193490054, 0.09154611211573237, 0.11460216998191682, 0.1220614828209765, 0.14195298372513562, 0.09629294755877034, 0.10533453887884267, 0.05673598553345389, 0.04679023508137432, 0.05018083182640145, 0.016500904159132006, 0.004972875226039783, 0.00406871609403255, 0.0002260397830018083, 0.0, 0.0], [0.0, 0.0005966587112171838, 0.0, 0.0, 0.0, 0.0, 0.0011933174224343676, 0.002386634844868735, 0.0059665871121718375, 0.017303102625298328, 0.01909307875894988, 0.03937947494033413, 0.06980906921241051, 0.10202863961813842, 0.11396181384248211, 0.11873508353221957, 0.15214797136038186, 0.09248210023866349, 0.10918854415274463, 0.05608591885441527, 0.032219570405727926, 0.03341288782816229, 0.0137