{"region": {"us": {"histType": {"histogram": {"labels": ["0", "100", "200", "300", "400", "500", "600", "700", "800", "900", "1000", "1100", "1200", "1300", "1400", "1500", "1600", "1700", "1800", "1900", "2000", "2100", "2200", "2300", "2400", "2500", "2600", "2700", "2800", "2900", "3000", "3100", "3200"], "data": [[0.0, 0.0, 0.0030911901081916537, 0.0061823802163833074, 0.0030911901081916537, 0.00463678516228748, 0.013910355486862442, 0.017001545595054096, 0.03863987635239567, 0.04327666151468315, 0.08964451313755796, 0.1035548686244204, 0.11591962905718702, 0.12828438948995363, 0.125193199381762, 0.0973724884080371, 0.07264296754250386, 0.04173106646058733, 0.04945904173106646, 0.01854714064914992, 0.012364760432766615, 0.0077279752704791345, 0.0030911901081916537, 0.0015455950540958269, 0.0030911901081916537, 0.0, 0.0, 0.0, 0.0, 0.0, 0.0, 0.0, 0.0], [0.0, 0.00027005130974885227, 0.0, 0.00027005130974885227, 0.001080205238995409, 0.002160410477990818, 0.005130974885228194, 0.009991898460707534, 0.015662975965433434, 0.02835538752362949, 0.040507696462327845, 0.054280313259519306, 0.08344585471239535, 0.09100729138536322, 0.12368349986497434, 0.13340534701593304, 0.15068863083985956, 0.08236564947339994, 0.10586011342155009, 0.035106670267350794, 0.016203078584931137, 0.007561436672967864, 0.004590872265730489, 0.0032406157169862274, 0.0024304617877396704, 0.0005401026194977045, 0.001080205238995409, 0.001080205238995409, 0.0, 0.0, 0.0, 0.0, 0.0], [0.00011622501162250116, 0.0, 0.0, 0.00023245002324500232, 0.00023245002324500232, 0.00023245002324500232, 0.00023245002324500232, 0.0005811250581125058, 0.0025569502556950256, 0.0033705253370525335, 0.005230125523012552, 0.007438400743840074, 0.012203626220362623, 0.019177126917712693, 0.02498837749883775, 0.03893537889353789, 0.13516968851696884, 0.15318456531845653, 0.3367038586703859, 0.08728498372849837, 0.049279404927940494, 0.06043700604370061, 0.02115295211529521, 0.008484425848442586, 0.020339377033937702, 0.00604370060437006, 0.003486750348675035, 0.0024407252440725243, 0.0, 0.00046490004649000463, 0.0, 0.0, 0.0], [0.0, 0.0, 0.0, 0.0, 0.00011354604292040422, 0.00011354604292040422, 0.0007948223004428296, 0.0018167366867264676, 0.004768933802656978, 0.007948223004428295, 0.011695242420801635, 0.013284887021687295, 0.02577495174293176, 0.02929487907346429, 0.04348813443851482, 0.05245827182922675, 0.0727830135119791, 0.04473714091063927, 0.28817985693198594, 0.1422731917792665, 0.08504598614738276, 0.0914045645509254, 0.031225161803111162, 0.013511979107528103, 0.023276938798682867, 0.0073804927898262745, 0.004996025888497786, 0.0029521971159305097, 0.0006812762575224253, 0.0, 0.0, 0.0, 0.0], [0.0, 0.0, 0.0, 0.0, 0.01098901098901099, 0.01098901098901099, 0.027472527472527472, 0.027472527472527472, 0.04945054945054945, 0.054945054945054944, 0.06593406593406594, 0.09340659340659341, 0.0989010989010989, 0.1043956043956044, 0.09340659340659341, 0.1043956043956044, 0.07142857142857142, 0.038461538461538464, 0.06043956043956044, 0.038461538461538464, 0.03296703296703297, 0.01098901098901099, 0.005494505494505495, 0.0, 0.0, 0.0, 0.0, 0.0, 0.0, 0.0, 0.0, 0.0, 0.0], [0.0, 0.0, 0.0, 0.0, 0.0, 0.0, 0.0, 0.001353743621784859, 0.001353743621784859, 0.004686035613870665, 0.00718525460793502, 0.011663021972300323, 0.04738102676247006, 0.09132562740810163, 0.117359158596272, 0.14214308028741018, 0.16911381859835467, 0.10257211288139123, 0.13901905654482974, 0.05362907424763095, 0.03290638342184734, 0.03655107778819119, 0.015307716338644174, 0.007393522857440383, 0.010309278350515464, 0.004686035613870665, 0.002603353118817036, 0.0008330729980214516, 0.0005206706237634072, 0.0, 0.00010413412475268145, 0.0, 0.0], [0.0, 0.0004253509145044662, 0.0006380263717566993, 0.002552105487026797, 0.0019140791152700979, 0.0034028073160357296, 0.007018290089323692, 0.013185878349638452, 0.02062951935346661, 0.035516801361122924, 0.049978732454274775, 0.06911952360697575, 0.0969800085070183, 0.11250531688643131, 0.11675882603147597, 0.12037430880476394, 0.1169715014887282, 0.07060825180774138, 0.07145895363675032, 0.028498511271799233, 0.016801361122926413, 0.015737983836665248, 0.009145044661846022, 0.00552956188855806, 0.0057422373458102935, 0.0034028073160357296, 0.0029774564015312634, 0.0014887282007656317, 0.0002126754572522331, 0.0, 0.0004253509145044662, 0.0, 0.0], [0.002881844380403458, 0.0, 0.0, 0.008645533141210375, 0.008645533141210375, 0.023054755043227664, 0.01440922190201729, 0.040345821325648415, 0.05475504322766571, 0.10662824207492795, 0.11527377521613832, 0.13256484149855907, 0.11239193083573487, 0.10086455331412104, 0.07204610951008646, 0.069164265129683, 0.04610951008645533, 0.020172910662824207, 0.03170028818443804, 0.03170028818443804, 0.002881844380403458, 0.0, 0.002881844380403458, 0.002881844380403458, 0.0, 0.0, 0.0, 0.0, 0.0, 0.0, 0.0, 0.0, 0.0], [0.0003088644085246577, 0.00020590960568310512, 0.0005147740142077627, 0.0003088644085246577, 0.0005147740142077627, 0.0012354576340986307, 0.0015443220426232885, 0.0042211469165036545, 0.007618655410274889, 0.016060949243282198, 0.02615051992175435, 0.03479872336044477, 0.04190260475651189, 0.04725625450427262, 0.060228559662308244, 0.11273550911150006, 0.18624523834036857, 0.12426644702975394, 0.13610624935653248, 0.061669926902089986, 0.040461237516730156, 0.03953464429115618, 0.017914135694430147, 0.013384124369401833, 0.015237310820549778, 0.005353649747760733, 0.0031915988880881294, 0.0007206836198908679, 0.0003088644085246577, 0.0, 0.0, 0.0, 0.0], [0.0, 0.0, 0.0, 0.0, 0.0003929273084479371, 0.0007858546168958742, 0.0011787819253438114, 0.0011787819253438114, 0.002357563850687623, 0.008644400785854617, 0.012573673870333988, 0.016895874263261296, 0.022396856581532416, 0.03732809430255403, 0.060117878192534384, 0.07740667976424362, 0.10255402750491159, 0.08919449901768173, 0.1787819253438114, 0.06915520628683694, 0.07387033398821218, 0.09705304518664047, 0.04361493123772102, 0.01807465618860511, 0.0487229862475442, 0.0137524557956778, 0.010609037328094302, 0.009430255402750491, 0.00275049115913556, 0.0011787819253438114, 0.0, 0.0, 0.0], [0.0, 0.0, 0.0001915341888527102, 0.0, 0.000957670944263551, 0.0007661367554108408, 0.0022984102662325224, 0.003639149588201494, 0.00842750430951925, 0.015514269297069528, 0.021834897529208964, 0.032560812104960736, 0.05535338057843325, 0.0656962267764796, 0.10687607737981229, 0.12679563302049415, 0.15361041945987358, 0.0955755602375024, 0.14096916299559473, 0.060141735299751004, 0.03600842750430952, 0.034476153993487836, 0.013024324841984293, 0.00842750430951925, 0.00881057268722467, 0.003830683777054204, 0.002681478643937943, 0.0011492051331162612, 0.0003830683777054204, 0.0, 0.0, 0.0, 0.0], [0.0, 0.0002979737783075089, 0.0011918951132300357, 0.0014898688915375446, 0.0014898688915375446, 0.003128724672228844, 0.0068533969010727055, 0.012812872467222885, 0.02130512514898689, 0.037246722288438616, 0.06123361144219309, 0.07643027413587604, 0.10086412395709178, 0.12127532777115614, 0.13602502979737782, 0.11948748510131109, 0.10756853396901073, 0.05959475566150179, 0.060786650774731825, 0.024731823599523244, 0.01564362336114422, 0.01296185935637664, 0.007896305125148988, 0.0034266984505363527, 0.0026817640047675805, 0.0019368295589988081, 0.0014898688915375446, 0.00014898688915375446, 0.0, 0.0, 0.0, 0.0, 0.0], [0.0, 0.0, 0.0, 0.0, 0.0001250625312656328, 0.0005002501250625312, 0.0018759379689844923, 0.002001000500250125, 0.004502251125562781, 0.005252626313156579, 0.013256628314157078, 0.01963481740870435, 0.027763881940970486, 0.03364182091045523, 0.0491495747873937, 0.10530265132566283, 0.21385692846423213, 0.14344672336168085, 0.19084542271135568, 0.0670335167583792, 0.03901950975487744, 0.03751875937968985, 0.016133066533266634, 0.009879939969984992, 0.011880940470235118, 0.004127063531765883, 0.002126063031515758, 0.0006253126563281641, 0.0005002501250625312, 0.0, 0.0, 0.0, 0.0], [0.00020253164556962027, 0.0, 0.0, 0.00010126582278481013, 0.00010126582278481013, 0.0003037974683544304, 0.0012151898734177216, 0.0018227848101265822, 0.004151898734177215, 0.009924050632911392, 0.01610126582278481, 0.019037974683544304, 0.05883544303797468, 0.10410126582278481, 0.12668354430379747, 0.13275949367088608, 0.15939240506329114, 0.10146835443037974, 0.12273417721518988, 0.050936708860759496, 0.028658227848101264, 0.029367088607594936, 0.011848101265822785, 0.0052658227848101265, 0.007291139240506329, 0.0029367088607594937, 0.0027341772151898733, 0.0006075949367088608, 0.0007088607594936709, 0.0006075949367088608, 0.00010126582278481013, 0.0, 0.0], [0.0, 0.0, 0.00019542700801250732, 0.00019542700801250732, 0.00039085401602501464, 0.00039085401602501464, 0.001172562048075044, 0.0017588430721125659, 0.004299394176275161, 0.007230799296462771, 0.01465702560093805, 0.026187219073675983, 0.04592534688293922, 0.06781317178034005, 0.09790893101426618, 0.11823333984756694, 0.16357240570646864, 0.12057846394371702, 0.15086965018565565, 0.06585890170021497, 0.04377564979480164, 0.03322259136212625, 0.012702755520812976, 0.0070353722884502635, 0.008989642368575338, 0.0033222591362126247, 0.0019542700801250734, 0.0007817080320500293, 0.00019542700801250732, 0.0007817080320500293, 0.0, 0.0, 0.0], [0.0, 0.0002598752598752599, 0.0002598752598752599, 0.0002598752598752599, 0.0015592515592515593, 0.002338877338877339, 0.0018191268191268192, 0.004677754677754678, 0.011174636174636175, 0.019230769230769232, 0.029365904365904368, 0.04755717255717256, 0.06912681912681913, 0.091995841995842, 0.112006237006237, 0.12266112266112267, 0.13227650727650728, 0.09797297297297297, 0.10213097713097713, 0.04625779625779626, 0.028586278586278588, 0.031185031185031187, 0.016632016632016633, 0.006756756756756757, 0.012993762993762994, 0.005717255717255718, 0.002598752598752599, 0.0018191268191268192, 0.0005197505197505198, 0.0002598752598752599, 0.0, 0.0, 0.0], [0.00019357336430507162, 0.00019357336430507162, 0.0007742934572202865, 0.0011614401858304297, 0.00038714672861014324, 0.001548586914440573, 0.0032907471931862176, 0.006775067750677507, 0.012388695315524584, 0.02013162988772745, 0.033101045296167246, 0.05400696864111498, 0.07684862562911343, 0.10356174990321332, 0.12388695315524584, 0.1248548199767712, 0.13279132791327913, 0.08343012001548587, 0.10898180410375533, 0.04045683313975997, 0.022841656987998452, 0.023035230352303523, 0.010065814943863724, 0.004645760743321719, 0.005226480836236934, 0.0017421602787456446, 0.001548586914440573, 0.0013550135501355014, 0.00038714672861014324, 0.00038714672861014324, 0.0, 0.0, 0.0], [0.0, 0.0, 0.00012257906349595488, 0.00024515812699190976, 0.00036773719048786466, 0.00012257906349595488, 0.0008580534444716843, 0.0018386859524393234, 0.0028193184604069625, 0.006374111301789654, 0.012380485413091445, 0.014709487619514587, 0.04351556754106398, 0.10566315273351312, 0.13471439078205444, 0.14304976709977935, 0.1646236822750674, 0.09953419955871537, 0.15518509438587888, 0.03983819563618534, 0.022431968619759744, 0.023167443000735474, 0.010419220397156165, 0.0055160578573179705, 0.007109585682765384, 0.0017161068889433686, 0.0017161068889433686, 0.0014709487619514587, 0.00012257906349595488, 0.00036773719048786466, 0.0, 0.0, 0.0], [0.0, 0.0, 0.0, 0.006802721088435374, 0.006802721088435374, 0.006802721088435374, 0.0, 0.027210884353741496, 0.034013605442176874, 0.08843537414965986, 0.047619047619047616, 0.10884353741496598, 0.07482993197278912, 0.06802721088435375, 0.047619047619047616, 0.11564625850340136, 0.10204081632653061, 0.07482993197278912, 0.061224489795918366, 0.02040816326530612, 0.02040816326530612, 0.013605442176870748, 0.04081632653061224, 0.0, 0.006802721088435374, 0.013605442176870748, 0.0, 0.013605442176870748, 0.0, 0.0, 0.0, 0.0, 0.0], [0.00021614611477358694, 0.00010807305738679347, 0.0, 0.0, 0.0, 0.00010807305738679347, 0.00021614611477358694, 0.0009726575164811412, 0.0023776072625094563, 0.004755214525018913, 0.007565114017075543, 0.010375013509132173, 0.022263049821679454, 0.030476602183075758, 0.07835296660542526, 0.18988436182859614, 0.21085053496163406, 0.13682049065168053, 0.13768507511077488, 0.0628985193991138, 0.03404301307683994, 0.03598832810980222, 0.013617205230735977, 0.00529557981195288, 0.008429698476169891, 0.003134118664217011, 0.0027018264346698366, 0.00021614611477358694, 0.0006484383443207608, 0.0, 0.0, 0.0, 0.0], [0.0, 0.0, 0.0, 0.00011737089201877934, 0.0, 0.00011737089201877934, 0.001056338028169014, 0.00035211267605633805, 0.0012910798122065727, 0.0022300469483568074, 0.004460093896713615, 0.007042253521126761, 0.011619718309859155, 0.01607981220657277, 0.07652582159624413, 0.12300469483568074, 0.17370892018779344, 0.14002347417840375, 0.19154929577464788, 0.08556338028169014, 0.05293427230046948, 0.05363849765258216, 0.01960093896713615, 0.009976525821596244, 0.017253521126760565, 0.005633802816901409, 0.00363849765258216, 0.0015258215962441314, 0.00035211267605633805, 0.00023474178403755868, 0.00046948356807511736, 0.0, 0.0], [0.00019062142584826535, 9.531071292413267e-05, 0.0, 0.00019062142584826535, 0.00019062142584826535, 0.000571864277544796, 0.0007624857033930614, 0.0018109035455585209, 0.0029546321006481127, 0.0057186427754479605, 0.010579489134578726, 0.01353412123522684, 0.017537171178040413, 0.02497140678612276, 0.08701868089973314, 0.12933663743804805, 0.1569767441860465, 0.1313381624094548, 0.17775447960350743, 0.08206252382767823, 0.050609988562714446, 0.05175371711780404, 0.02173084254670225, 0.01105604269919939, 0.014487228364468167, 0.004098360655737705, 0.0019062142584826535, 0.0003812428516965307, 0.0003812428516965307, 0.0, 0.0, 0.0, 0.0], [0.0, 0.0, 0.0, 0.001488095238095238, 0.001488095238095238, 0.0, 0.001488095238095238, 0.00744047619047619, 0.00744047619047619, 0.00744047619047619, 0.013392857142857142, 0.025297619047619048, 0.044642857142857144, 0.08928571428571429, 0.12202380952380952, 0.17857142857142858, 0.16517857142857142, 0.12202380952380952, 0.12053571428571429, 0.049107142857142856, 0.026785714285714284, 0.01488095238095238, 0.001488095238095238, 0.0, 0.0, 0.0, 0.0, 0.0, 0.0, 0.0, 0.0, 0.0, 0.0], [0.0, 0.0, 0.0, 8.790436005625879e-05, 0.0, 8.790436005625879e-05, 0.00026371308016877635, 0.0007911392405063291, 0.001670182841068917, 0.004746835443037975, 0.007559774964838256, 0.012834036568213783, 0.021184950773558368, 0.027426160337552744, 0.0405239099859353, 0.04869901547116737, 0.16288677918424754, 0.15207454289732772, 0.25, 0.09142053445850915, 0.05195147679324894, 0.06962025316455696, 0.022327707454289733, 0.008526722925457102, 0.014064697609001406, 0.004658931082981716, 0.004131504922644164, 0.0020218002812939524, 0.00026371308016877635, 0.00017580872011251758, 0.0, 0.0, 0.0], [9.701202949165696e-05, 9.701202949165696e-05, 9.701202949165696e-05, 0.0, 0.00038804811796662784, 0.00038804811796662784, 0.0002910360884749709, 0.0009701202949165697, 0.0010671323244082266, 0.005141637563057819, 0.00960419091967404, 0.019014357780364765, 0.03317811408614668, 0.044916569654637174, 0.06606519208381839, 0.07790065968180054, 0.1388242142025611, 0.19169577027551415, 0.2143965851765619, 0.08750485060147459, 0.043558401241753975, 0.03686457120682965, 0.013969732246798603, 0.004947613504074505, 0.004656577415599534, 0.0032984090027163367, 0.0006790842064415988, 0.00038804811796662784, 0.0, 0.0, 0.0, 0.0, 0.0], [0.0, 0.0001071007818357074, 0.0, 0.0001071007818357074, 0.0002142015636714148, 0.000535503909178537, 0.0007497054728499518, 0.00246331798222127, 0.006426046910142444, 0.012530791474777765, 0.022062761058155723, 0.035878761914961976, 0.05451429795437507, 0.07786226839455929, 0.10324515368962194, 0.1317339616579201, 0.15529613366177572, 0.11095640998179286, 0.13323337260362, 0.05965513548248902, 0.03555745956945486, 0.029559815786655244, 0.012423690692942059, 0.006533147691978151, 0.00492663596444254, 0.002677519545892685, 0.0004284031273428296, 0.0003213023455071222, 0.0, 0.0, 0.0, 0.0, 0.0], [0.0, 0.0, 0.0, 0.0, 0.0004939491232403062, 0.0003704618424302297, 0.001358360088910842, 0.0016053346505309953, 0.004445542109162756, 0.008397135095085207, 0.016423808347740182, 0.026179303531736232, 0.04112126450975549, 0.06680661891825142, 0.09916028649049148, 0.12768584835761917, 0.15164238083477402, 0.09990121017535195, 0.16658434181279327, 0.06075574215855767, 0.03729315880464312, 0.03963941714003458, 0.017782168436651025, 0.0071622622869844405, 0.011484317115337121, 0.004816003951592986, 0.00395159298592245, 0.002222771054581378, 0.0012348728081007657, 0.0004939491232403062, 0.0009878982464806125, 0.0, 0.0], [0.0, 0.00018416206261510129, 0.00018416206261510129, 0.00036832412523020257, 0.0011049723756906078, 0.0011049723756906078, 0.001841620626151013, 0.007366482504604052, 0.01712707182320442, 0.02615101289134438, 0.044935543278084716, 0.060957642725598525, 0.07882136279926336, 0.10331491712707182, 0.12541436464088399, 0.11878453038674033, 0.14475138121546963, 0.07679558011049724, 0.10128913443830571, 0.027992633517495397, 0.020994475138121547, 0.020257826887661142, 0.007550644567219153, 0.0034990791896869246, 0.005156537753222836, 0.001289134438305709, 0.0022099447513812156, 0.00036832412523020257, 0.00018416206261510129, 0.0, 0.0, 0.0, 0.0], [0.0, 0.0, 0.0, 0.0008092797410304828, 0.002697599136768276, 0.0016185594820609657, 0.004316158618829242, 0.007823037496628, 0.012678715942810899, 0.015376315079579175, 0.027515511195036417, 0.04208254653358511, 0.0596169409225789, 0.08254653358510926, 0.1230105206366334, 0.12840571891016994, 0.14809819260857837, 0.0987321284057189, 0.10709468572970057, 0.04963582411653628, 0.023199352576207175, 0.02292959266253035, 0.01240895602913407, 0.009171837065012138, 0.009171837065012138, 0.004316158618829242, 0.0024278392230914487, 0.0037766387914755866, 0.0005395198273536552, 0.0, 0.0, 0.0, 0.0], [0.00022331397945511388, 0.0, 0.0, 0.0, 0.00044662795891022776, 0.00044662795891022776, 0.0016748548459133543, 0.0034613666815542653, 0.004912907548012505, 0.009602501116569897, 0.028807503349709693, 0.05694506476105404, 0.08184457347029923, 0.11623492630638678, 0.14381420276909335, 0.14403751674854845, 0.13599821348816435, 0.07715497990174185, 0.09245198749441715, 0.03249218401071907, 0.021326485037963378, 0.023671281822242072, 0.00949084412684234, 0.004577936578829835, 0.006476105404198303, 0.0015631978561857973, 0.0012282268870031263, 0.0007815989280928986, 0.0, 0.00033497096918267083, 0.0, 0.0, 0.0], [0.0, 0.0, 0.0, 0.00028196813760045117, 0.00014098406880022558, 0.00014098406880022558, 0.0014098406880022557, 0.0004229522064006767, 0.0021147610320033836, 0.004652474270407444, 0.008036091921612858, 0.013957422811222331, 0.05625264345129, 0.08557732976173692, 0.1058790356689694, 0.13125616805301002, 0.15465952347384745, 0.10334132243056535, 0.14859720851543776, 0.05963626110249542, 0.033977160580854364, 0.037501762300860005, 0.017059072324827295, 0.0074721556464119555, 0.01339348653602143, 0.004793458339207669, 0.004793458339207669, 0.0028196813760045115, 0.000986888481601579, 0.0005639362752009023, 0.00028196813760045117, 0.0, 0.0], [0.0, 0.0, 0.0, 0.00017834849295523454, 0.001070090957731407, 0.0014267879436418763, 0.002675227394328518, 0.004458712323880863, 0.006955591225254147, 0.018369894774389155, 0.029070804351703228, 0.04066345639379347, 0.06902086677367576, 0.09131442839308009, 0.11610486891385768, 0.13251293026573926, 0.1425004458712324, 0.09202782236490102, 0.12395220260388799, 0.04637060816836098, 0.027287319422150885, 0.02443374353486713, 0.010344212591403603, 0.004458712323880863, 0.0055288032816122705, 0.0008917424647761727, 0.004102015337970394, 0.0032102728731942215, 0.0007133939718209382, 0.0003566969859104691, 0.0, 0.0, 0.0], [0.00011458691417440129, 0.0, 0.0, 0.0, 0.00011458691417440129, 0.0010312822275696115, 0.0006875214850464077, 0.002291738283488026, 0.002864672854360032, 0.005843932622894466, 0.014094190443451358, 0.021886100607310645, 0.0357511172224132, 0.04308467972957488, 0.06027271685573508, 0.18494327947748368, 0.1958290363240518, 0.13257705969978228, 0.1426607081471296, 0.06531454107940873, 0.03758450784920362, 0.027042511745158704, 0.012719147473358542, 0.0046980634811504525, 0.005270998052022459, 0.0018333906267904206, 0.001145869141744013, 0.00022917382834880258, 0.00011458691417440129, 0.0, 0.0, 0.0, 0.0], [0.0, 0.0, 0.0, 0.00015659254619480113, 0.00015659254619480113, 0.0006263701847792045, 0.0009395552771688068, 0.0029752583777012216, 0.006263701847792045, 0.00845599749451926, 0.024271844660194174, 0.03319761979329784, 0.06796116504854369, 0.09802693391794551, 0.12762292514876292, 0.14578766050735986, 0.15580958346382712, 0.10350767303476355, 0.1096147823363608, 0.03993109927967429, 0.02630754776072659, 0.018477920450986535, 0.010491700595051676, 0.0048543689320388345, 0.007673034763545255, 0.0029752583777012216, 0.002505480739116818, 0.0006263701847792045, 0.0006263701847792045, 0.0, 0.00015659254619480113, 0.0, 0.0], [0.0, 0.0, 0.0, 0.0001607717041800643, 0.0, 0.0006430868167202572, 0.0009646302250803858, 0.0009646302250803858, 0.002411575562700965, 0.0040192926045016075, 0.013022508038585208, 0.021704180064308683, 0.03906752411575563, 0.06141479099678457, 0.09244372990353698, 0.11864951768488746, 0.15610932475884245, 0.11093247588424437, 0.16993569131832797, 0.06816720257234726, 0.04244372990353698, 0.04340836012861737, 0.01977491961414791, 0.010128617363344052, 0.012218649517684888, 0.006270096463022508, 0.0033762057877813503, 0.0014469453376205787, 0.0001607717041800643, 0.0001607717041800643, 0.0, 0.0, 0.0], [0.0, 0.0, 0.00011372682815876265, 0.0, 0.0002274536563175253, 0.000341180484476288, 0.000341180484476288, 0.0012509951097463892, 0.0011372682815876266, 0.0037529853292391675, 0.006823609689525759, 0.016149209598544295, 0.027521892414420563, 0.04560445809166382, 0.11258955987717502, 0.150460593654043, 0.16842943250312747, 0.10212669168656886, 0.16604116911179348, 0.06061639940862049, 0.04116911179347208, 0.036620038667121574, 0.021721824178323666, 0.01160013647219379, 0.014784487660639145, 0.005003980438985557, 0.0029568975321278288, 0.0021608097350164905, 0.000341180484476288, 0.00011372682815876265, 0.0, 0.0, 0.0], [0.0, 0.0, 9.111617312072893e-05, 0.0, 9.111617312072893e-05, 9.111617312072893e-05, 9.111617312072893e-05, 0.0008200455580865604, 0.0018223234624145787, 0.004646924829157175, 0.008838268792710706, 0.01612756264236902, 0.02797266514806378, 0.03608200455580866, 0.05476082004555809, 0.05949886104783599, 0.07271070615034168, 0.15945330296127563, 0.28291571753986333, 0.1035990888382688, 0.05949886104783599, 0.0626879271070615, 0.015034168564920273, 0.007744874715261959, 0.014305239179954441, 0.0056492027334851935, 0.0032801822323462416, 0.0011845102505694761, 0.00045558086560364467, 0.0005466970387243736, 0.0, 0.0, 0.0], [0.0, 0.0, 0.0, 0.0, 0.0, 0.0007213520197856554, 0.001030502885408079, 0.0026793075020610057, 0.005152514427040396, 0.00989282769991756, 0.01782769991755977, 0.03287304204451773, 0.051215993404781536, 0.07625721352019786, 0.11180956306677658, 0.137881286067601, 0.17415498763396536, 0.11088211046990931, 0.15210222588623248, 0.04771228359439406, 0.0247320692497939, 0.02710222588623248, 0.007625721352019786, 0.0031945589447650454, 0.00247320692497939, 0.0008244023083264633, 0.001133553173948887, 0.0006183017312448475, 0.00010305028854080792, 0.0, 0.0, 0.0, 0.0], [0.0, 0.0031847133757961785, 0.0, 0.0031847133757961785, 0.006369426751592357, 0.01910828025477707, 0.025477707006369428, 0.04777070063694268, 0.08917197452229299, 0.054140127388535034, 0.04777070063694268, 0.0732484076433121, 0.0732484076433121, 0.11464968152866242, 0.12738853503184713, 0.09235668789808917, 0.09235668789808917, 0.03821656050955414, 0.03821656050955414, 0.022292993630573247, 0.006369426751592357, 0.009554140127388535, 0.0031847133757961785, 0.012738853503184714, 0.0, 0.0, 0.0, 0.0, 0.0, 0.0, 0.0, 0.0, 0.0]]}, "ranks": {"labels": ["Unranked", "Combatatent I", "Combatatent II", "Challenger I", "Challenger II", "Rival I", "Rival II", "Duelist", "Elite"], "data": [[0.12982998454404945, 0.19319938176197837, 0.24420401854714066, 0.22256568778979907, 0.1143740340030912, 0.061823802163833076, 0.01854714064914992, 0.012364760432766615, 0.0030911901081916537], [0.06292195517148258, 0.09478800972184716, 0.17445314609775858, 0.2570888468809074, 0.23305428031325953, 0.12611396165271402, 0.031055900621118012, 0.01539292465568458, 0.005130974885228194], [0.007554625755462576, 0.012668526266852626, 0.03138075313807531, 0.06392375639237564, 0.2883542538354254, 0.38447233844723383, 0.08879590887959089, 0.0900743840074384, 0.03277545327754533], [0.015555807880095378, 0.024980129442488928, 0.05506983081639605, 0.09594640626774156, 0.11752015442261837, 0.36641308050414445, 0.14908595435449074, 0.13614170546156468, 0.03928693085045986], [0.1813186813186813, 0.15934065934065933, 0.2032967032967033, 0.1978021978021978, 0.10989010989010989, 0.08241758241758242, 0.04945054945054945, 0.016483516483516484, 0.0], [0.007393522857440383, 0.018848276580235343, 0.1387066541705717, 0.2595022388836822, 0.2716859314797459, 0.16942622097261273, 0.056128293241695305, 0.05925231698427575, 0.019056544829740705], [0.08528285835814547, 0.11909825606125053, 0.2094853253934496, 0.2371331348362399, 0.1875797532964696, 0.08911101658868567, 0.027647809442790303, 0.03041259038706933, 0.014249255635899617], [0.25936599423631124, 0.2478386167146974, 0.2132564841498559, 0.14121037463976946, 0.06628242074927954, 0.05187319884726225, 0.01440922190201729, 0.005763688760806916, 0.0], [0.032533717697930606, 0.06094924328219911, 0.08915885926078451, 0.1729640687738083, 0.3105116853701225, 0.17244929475960052, 0.06578811901575209, 0.07083290435498817, 0.024812107484814168], [0.014538310412573674, 0.029469548133595286, 0.05972495088408644, 0.137524557956778, 0.19174852652259333, 0.21296660117878194, 0.10884086444007858, 0.1587426326129666, 0.08644400785854617], [0.0317946753495499, 0.054395709634169696, 0.12104960735491285, 0.23367171040030646, 0.249185979697376, 0.17506224861137712, 0.06205707718827811, 0.05592798314499138, 0.0168550086190385], [0.08581644815256258, 0.13766388557806913, 0.22213945172824792, 0.2555125148986889, 0.16716328963051252, 0.07345053635280095, 0.02771156138259833, 0.024284862932061977, 0.006257449344457688], [0.014257128564282141, 0.03289144572286143, 0.061405702851425714, 0.15445222611305653, 0.35730365182591295, 0.23036518259129565, 0.06653326663331666, 0.06353176588294147, 0.019259629814907454], [0.01782278481012658, 0.03513924050632911, 0.1629367088607595, 0.25944303797468354, 0.2608607594936709, 0.15129113924050633, 0.051037974683544304, 0.04648101265822785, 0.0149873417721519], [0.015634160641000587, 0.04084424467461403, 0.11373851866327926, 0.2161422708618331, 0.28415086965018566, 0.18858706273206957, 0.0719171389486027, 0.05296071917138949, 0.0160250146570256], [0.04158004158004158, 0.07692307692307693, 0.16112266112266113, 0.23466735966735966, 0.23024948024948025, 0.1257796257796258, 0.0511954261954262, 0.05457380457380458, 0.02390852390852391], [0.04684475416182733, 0.08710801393728224, 0.18041037553232675, 0.24874177313201704, 0.216221447928765, 0.13259775454897407, 0.03968253968253968, 0.03774680603948897, 0.01064653503677894], [0.012748222603579308, 0.027089973032606032, 0.1491787202745771, 0.2777641578818338, 0.2641578818337828, 0.17614611424368717, 0.0413091443981368, 0.03910272125520961, 0.0125030644765874], [0.17006802721088435, 0.1564625850340136, 0.14285714285714285, 0.16326530612244897, 0.17687074829931973, 0.06802721088435375, 0.034013605442176874, 0.05442176870748299, 0.034013605442176874], [0.008753917648330271, 0.017940127526207716, 0.052739652004755215, 0.26823732843402137, 0.3476710256133146, 0.1739976223927375, 0.06062898519399114, 0.054901113152491084, 0.015130228034151086], [0.005164319248826291, 0.011502347417840376, 0.027699530516431925, 0.19953051643192488, 0.3137323943661972, 0.2392018779342723, 0.09084507042253522, 0.08321596244131456, 0.02910798122065728], [0.01248570339306138, 0.024113610369805565, 0.04250857796416317, 0.21635531833778116, 0.28831490659550135, 0.22398017537171178, 0.08644681662218834, 0.08454060236370568, 0.021254288982081586], [0.026785714285714284, 0.03869047619047619, 0.13392857142857142, 0.3005952380952381, 0.28720238095238093, 0.15178571428571427, 0.044642857142857144, 0.01636904761904762, 0.0], [0.007647679324894515, 0.020393811533052038, 0.04861111111111111, 0.08922292545710267, 0.31496132208157523, 0.30362165963431786, 0.08975035161744023, 0.10047468354430379, 0.02531645569620253], [0.008537058595265812, 0.028618548700038805, 0.07809468374078386, 0.14396585176561894, 0.3305199844780753, 0.2643577803647652, 0.08110205665502522, 0.05578191695770276, 0.009022118742724098], [0.0231337688765128, 0.05794152297311771, 0.13237656634893435, 0.23497911534754204, 0.2662525436435686, 0.16536360715433224, 0.06308236050123166, 0.048516654171575455, 0.008353860983185177], [0.016670782909360336, 0.042603111879476414, 0.10792788342800691, 0.22684613484811064, 0.25154359101012597, 0.1991849839466535, 0.06544825882934058, 0.06458384786367004, 0.025191405285255618], [0.05543278084714549, 0.10589318600368323, 0.1821362799263352, 0.24419889502762432, 0.22154696132596685, 0.11712707182320442, 0.03314917127071823, 0.03130755064456722, 0.009208103130755065], [0.04531966549770704, 0.06959805772862153, 0.14216347450768815, 0.25141623954680337, 0.24683032101429728, 0.134610196924737, 0.04531966549770704, 0.04451038575667656, 0.020231993525762073], [0.020768200089325593, 0.08575256811076373, 0.198079499776686, 0.2878517195176418, 0.2131531933899062, 0.11143367574810183, 0.034836980794997766, 0.037740062527914245, 0.010384100044662796], [0.009163964472014662, 0.02199351473283519, 0.14182997321302693, 0.2371352037219794, 0.2580008459044128, 0.1808825602706894, 0.061328069928098125, 0.062032990272099256, 0.027632877484844214], [0.035134653112181204, 0.0697342607454967, 0.16033529516675585, 0.24861779917959692, 0.2345282682361334, 0.1514178705189941, 0.046192259675405745, 0.0392366684501516, 0.014802924915284467], [0.012948321301707345, 0.035980291050762, 0.07883579695198809, 0.24521599633321875, 0.3284060960238341, 0.1788701730262404, 0.06668958404950155, 0.0444597226996677, 0.008594018563080097], [0.01957406827435014, 0.05746946445349201, 0.1659880989664892, 0.27341058565612275, 0.25931725649859066, 0.13122455371124334, 0.04462887566551832, 0.03382398997807704, 0.014563106796116505], [0.009163987138263666, 0.03472668810289389, 0.10048231511254019, 0.21109324758842443, 0.2670418006430868, 0.20707395498392284, 0.0734726688102894, 0.07331189710610933, 0.023633440514469452], [0.007164790174002047, 0.022972819288070056, 0.07312635050608439, 0.263050153531218, 0.2705561241896963, 0.19981803707494597, 0.06800864323894007, 0.06994199931763903, 0.02536108267940407], [0.0076537585421412304, 0.024965831435079727, 0.06405466970387244, 0.11425968109339407, 0.2321640091116173, 0.34095671981776765, 0.10505694760820046, 0.08546697038724374, 0.02542141230068337], [0.019476504534212697, 0.050700741962077495, 0.12747320692497938, 0.24969084913437758, 0.2850370981038747, 0.17899835119538335, 0.045548227535037095, 0.03792250618301731, 0.005152514427040396], [0.2484076433121019, 0.12101910828025478, 0.18789808917197454, 0.2197452229299363, 0.1305732484076433, 0.044585987261146494, 0.022292993630573247, 0.025477707006369428, 0.0]]}, "ranksDetailed": {"labels": ["Unranked", "Combatatant", "Challenger", "Rival", "Duelist", "Elite"], "data": [[0.12982998454404945, 0.437403400309119, 0.3369397217928903, 0.080370942812983, 0.012364760432766615, 0.0030911901081916537], [0.06292195517148258, 0.2692411558196057, 0.4901431271941669, 0.15716986227383203, 0.01539292465568458, 0.005130974885228194], [0.007554625755462576, 0.04404927940492794, 0.35227801022780103, 0.4732682473268247, 0.0900743840074384, 0.03277545327754533], [0.015555807880095378, 0.08004996025888497, 0.21346656069035994, 0.5154990348586351, 0.13614170546156468, 0.03928693085045986], [0.1813186813186813, 0.3626373626373626, 0.3076923076923077, 0.13186813186813187, 0.016483516483516484, 0.0], [0.007393522857440383, 0.15755493075080704, 0.5311881703634281, 0.22555451421430803, 0.05925231698427575, 0.019056544829740705], [0.08528285835814547, 0.3285835814547001, 0.42471288813270947, 0.11675882603147597, 0.03041259038706933, 0.014249255635899617], [0.25936599423631124, 0.4610951008645533, 0.207492795389049, 0.06628242074927954, 0.005763688760806916, 0.0], [0.032533717697930606, 0.15010810254298362, 0.4834757541439308, 0.23823741377535262, 0.07083290435498817, 0.024812107484814168], [0.014538310412573674, 0.08919449901768173, 0.3292730844793713, 0.32180746561886053, 0.1587426326129666, 0.08644400785854617], [0.0317946753495499, 0.17544531698908256, 0.4828576900976824, 0.23711932579965525, 0.05592798314499138, 0.0168550086190385], [0.08581644815256258, 0.35980333730631703, 0.42267580452920145, 0.10116209773539929, 0.024284862932061977, 0.006257449344457688], [0.014257128564282141, 0.09429714857428714, 0.5117558779389695, 0.2968984492246123, 0.06353176588294147, 0.019259629814907454], [0.01782278481012658, 0.1980759493670886, 0.5203037974683544, 0.20232911392405065, 0.04648101265822785, 0.0149873417721519], [0.015634160641000587, 0.1545827633378933, 0.5002931405120188, 0.2605042016806723, 0.05296071917138949, 0.0160250146570256], [0.04158004158004158, 0.23804573804573806, 0.4649168399168399, 0.17697505197505198, 0.05457380457380458, 0.02390852390852391], [0.04684475416182733, 0.267518389469609, 0.46496322106078203, 0.17228029423151375, 0.03774680603948897, 0.01064653503677894], [0.012748222603579308, 0.17626869330718314, 0.5419220397156166, 0.21745525864182397, 0.03910272125520961, 0.0125030644765874], [0.17006802721088435, 0.29931972789115646, 0.3401360544217687, 0.10204081632653061, 0.05442176870748299, 0.034013605442176874], [0.008753917648330271, 0.07067977953096292, 0.615908354047336, 0.23462660758672862, 0.054901113152491084, 0.015130228034151086], [0.005164319248826291, 0.0392018779342723, 0.513262910798122, 0.33004694835680753, 0.08321596244131456, 0.02910798122065728], [0.01248570339306138, 0.06662218833396874, 0.5046702249332825, 0.3104269919939001, 0.08454060236370568, 0.021254288982081586], [0.026785714285714284, 0.17261904761904762, 0.5877976190476191, 0.19642857142857142, 0.01636904761904762, 0.0], [0.007647679324894515, 0.06900492264416315, 0.40418424753867793, 0.3933720112517581, 0.10047468354430379, 0.02531645569620253], [0.008537058595265812, 0.10671323244082266, 0.4744858362436942, 0.34545983701979044, 0.05578191695770276, 0.009022118742724098], [0.0231337688765128, 0.19031808932205205, 0.5012316589911107, 0.22844596765556388, 0.048516654171575455, 0.008353860983185177], [0.016670782909360336, 0.15053099530748332, 0.4783897258582366, 0.2646332427759941, 0.06458384786367004, 0.025191405285255618], [0.05543278084714549, 0.28802946593001844, 0.46574585635359117, 0.15027624309392265, 0.03130755064456722, 0.009208103130755065], [0.04531966549770704, 0.2117615322363097, 0.4982465605611006, 0.17992986242244402, 0.04451038575667656, 0.020231993525762073], [0.020768200089325593, 0.28383206788744975, 0.501004912907548, 0.1462706565430996, 0.037740062527914245, 0.010384100044662796], [0.009163964472014662, 0.16382348794586213, 0.49513604962639224, 0.24221063019878752, 0.062032990272099256, 0.027632877484844214], [0.035134653112181204, 0.23006955591225253, 0.48314606741573035, 0.19761013019439985, 0.0392366684501516, 0.014802924915284467], [0.012948321301707345, 0.11481608800275009, 0.5736220923570529, 0.24555975707574196, 0.0444597226996677, 0.008594018563080097], [0.01957406827435014, 0.22345756341998121, 0.5327278421547135, 0.17585342937676166, 0.03382398997807704, 0.014563106796116505], [0.009163987138263666, 0.13520900321543408, 0.47813504823151126, 0.2805466237942122, 0.07331189710610933, 0.023633440514469452], [0.007164790174002047, 0.09609916979415443, 0.5336062777209144, 0.26782668031388607, 0.06994199931763903, 0.02536108267940407], [0.0076537585421412304, 0.08902050113895216, 0.3464236902050114, 0.4460136674259681, 0.08546697038724374, 0.02542141230068337], [0.019476504534212697, 0.17817394888705687, 0.5347279472382522, 0.22454657873042044, 0.03792250618301731, 0.005152514427040396], [0.2484076433121019, 0.3089171974522293, 0.3503184713375796, 0.06687898089171974, 0.025477707006369428, 0.0]]}}}, "eu": {"histType": {"histogram": {"labels": ["0", "100", "200", "300", "400", "500", "600", "700", "800", "900", "1000", "1100", "1200", "1300", "1400", "1500", "1600", "1700", "1800", "1900", "2000", "2100", "2200", "2300", "2400", "2500", "2600", "2700", "2800", "2900", "3000", "3100", "3200"], "data": [[0.0, 0.0, 0.002028397565922921, 0.0, 0.0, 0.004056795131845842, 0.012170385395537525, 0.02636916835699797, 0.04665314401622718, 0.07910750507099391, 0.07910750507099391, 0.10344827586206896, 0.0872210953346856, 0.13184584178498987, 0.14198782961460446, 0.09533468559837728, 0.06288032454361055, 0.038539553752535496, 0.04056795131845842, 0.02231237322515213, 0.016227180527383367, 0.006085192697768763, 0.004056795131845842, 0.0, 0.0, 0.0, 0.0, 0.0, 0.0, 0.0, 0.0, 0.0, 0.0], [0.0002964719833975689, 0.0002964719833975689, 0.0005929439667951378, 0.0008894159501927068, 0.0023717758671805513, 0.0035576638007708272, 0.005929439667951379, 0.010969463385710051, 0.021049510821227396, 0.03290839015713015, 0.04417432552623777, 0.06611325229765787, 0.08212273940112659, 0.1049510821227394, 0.13015120071153277, 0.1316335606285206, 0.1431959679810258, 0.06670619626445301, 0.09249925882004151, 0.02490364660539579, 0.011562407352505188, 0.011562407352505188, 0.004447079750963534, 0.0029647198339756895, 0.0029647198339756895, 0.0005929439667951378, 0.0005929439667951378, 0.0, 0.0, 0.0, 0.0, 0.0, 0.0], [0.0, 0.0, 0.0, 0.00011716461628588167, 0.00011716461628588167, 0.00011716461628588167, 0.0, 0.0008201523140011716, 0.0018746338605741067, 0.0025776215582893965, 0.005858230814294083, 0.009490333919156414, 0.011833626244874048, 0.01546572934973638, 0.025659050966608084, 0.03538371411833626, 0.21827768014059754, 0.14856473345049795, 0.29642647920328064, 0.07721148213239602, 0.05143526654950205, 0.05260691271236087, 0.01757469244288225, 0.006678383128295255, 0.011364967779730522, 0.00492091388400703, 0.0035149384885764497, 0.0016403046280023433, 0.00023432923257176333, 0.00023432923257176333, 0.0, 0.0, 0.0], [0.0, 0.0, 0.0, 0.00010877841836179702, 0.00010877841836179702, 0.00021755683672359405, 0.0007614489285325791, 0.002066789948874143, 0.0023931252039595344, 0.005982813009898836, 0.011639290764712281, 0.017404546937887524, 0.020667899488741433, 0.026868269335363865, 0.04285869683454802, 0.05438920918089851, 0.07799412596540846, 0.05319264657891874, 0.290982269117807, 0.1392363755031002, 0.08582617208745785, 0.08321549004677473, 0.030457957141303164, 0.013162188621777439, 0.023169803111062766, 0.009028608724029153, 0.004133579897748286, 0.0031545741324921135, 0.0007614489285325791, 0.00021755683672359405, 0.0, 0.0, 0.0], [0.0, 0.0, 0.0, 0.0, 0.0, 0.018072289156626505, 0.030120481927710843, 0.05421686746987952, 0.06626506024096386, 0.060240963855421686, 0.060240963855421686, 0.08433734939759036, 0.07228915662650602, 0.10240963855421686, 0.08433734939759036, 0.14457831325301204, 0.012048192771084338, 0.06626506024096386, 0.04819277108433735, 0.04216867469879518, 0.030120481927710843, 0.006024096385542169, 0.0, 0.006024096385542169, 0.012048192771084338, 0.0, 0.0, 0.0, 0.0, 0.0, 0.0, 0.0, 0.0], [0.0, 0.00010411244143675169, 0.00010411244143675169, 0.00020822488287350338, 0.00031233732431025507, 0.00010411244143675169, 0.00020822488287350338, 0.0011452368558042686, 0.001978136387298282, 0.003956272774596564, 0.007808433107756377, 0.029776158250910983, 0.058198854763144195, 0.0831858407079646, 0.11972930765226444, 0.13263925039042165, 0.15304528891202498, 0.105882352