{"region": {"us": {"histType": {"histogram": {"labels": ["0", "100", "200", "300", "400", "500", "600", "700", "800", "900", "1000", "1100", "1200", "1300", "1400", "1500", "1600", "1700", "1800", "1900", "2000", "2100", "2200", "2300", "2400", "2500", "2600", "2700", "2800", "2900", "3000", "3100", "3200"], "data": [[0.0, 0.0, 0.003215434083601286, 0.006430868167202572, 0.003215434083601286, 0.006430868167202572, 0.014469453376205787, 0.01607717041800643, 0.03697749196141479, 0.04662379421221865, 0.08520900321543408, 0.09967845659163987, 0.11736334405144695, 0.12379421221864952, 0.12379421221864952, 0.09646302250803858, 0.07234726688102894, 0.05144694533762058, 0.04662379421221865, 0.022508038585209004, 0.00964630225080386, 0.00964630225080386, 0.003215434083601286, 0.001607717041800643, 0.003215434083601286, 0.0, 0.0, 0.0, 0.0, 0.0, 0.0, 0.0, 0.0], [0.0, 0.0002754062241806665, 0.0, 0.0002754062241806665, 0.0013770311209033324, 0.0019278435692646654, 0.005232718259432663, 0.01019003029468466, 0.01487193610575599, 0.02809143486642798, 0.03938309005783531, 0.05563205728449463, 0.08207105480583861, 0.09253649132470394, 0.12255576976039659, 0.13494904984852657, 0.15009639217846324, 0.08152024235747728, 0.10795923987882126, 0.03470118424676398, 0.015147342329936657, 0.008262186725419994, 0.004957312035251997, 0.0024786560176259984, 0.0024786560176259984, 0.000550812448361333, 0.0013770311209033324, 0.001101624896722666, 0.0, 0.0, 0.0, 0.0, 0.0], [0.00011566042100393245, 0.0, 0.0, 0.0002313208420078649, 0.0002313208420078649, 0.0002313208420078649, 0.0002313208420078649, 0.0005783021050196623, 0.0026601896830904465, 0.003354152209114041, 0.005204718945176961, 0.007517927365255609, 0.012144344205412909, 0.019083969465648856, 0.025098311357853342, 0.039440203562340966, 0.14376590330788805, 0.1500115660421004, 0.332176729123294, 0.08709229701596113, 0.05042794355771455, 0.05944945639602128, 0.021050196622715706, 0.008790191996298867, 0.019546611149664585, 0.006014341892204488, 0.0028915105250983115, 0.002197547999074717, 0.0, 0.0004626416840157298, 0.0, 0.0, 0.0], [0.0, 0.0, 0.0, 0.0, 0.00011253657438667567, 0.00011253657438667567, 0.0007877560207067297, 0.0018005851901868107, 0.004726536124240378, 0.007877560207067296, 0.011703803736214269, 0.01327931577762773, 0.025658338960162053, 0.029259509340535676, 0.043326581138870134, 0.052554580238577536, 0.07348638307449921, 0.04501462975467027, 0.30058519018681074, 0.13864505964438442, 0.08428989421562008, 0.0855277965338735, 0.031622777402655865, 0.012266486608147649, 0.02205716857978843, 0.00675219446320054, 0.005514292144947108, 0.0027008777852802163, 0.00033760972316002703, 0.0, 0.0, 0.0, 0.0], [0.0, 0.0, 0.0, 0.0, 0.011049723756906077, 0.016574585635359115, 0.027624309392265192, 0.03314917127071823, 0.04419889502762431, 0.055248618784530384, 0.06629834254143646, 0.09392265193370165, 0.08839779005524862, 0.10497237569060773, 0.09944751381215469, 0.09392265193370165, 0.06629834254143646, 0.049723756906077346, 0.06629834254143646, 0.03314917127071823, 0.03314917127071823, 0.011049723756906077, 0.0055248618784530384, 0.0, 0.0, 0.0, 0.0, 0.0, 0.0, 0.0, 0.0, 0.0, 0.0], [0.0, 0.0, 0.0, 0.0, 0.0, 0.0, 0.0, 0.0013484078415102168, 0.0013484078415102168, 0.004771289285343844, 0.0072606576081319365, 0.01846281506067835, 0.0548698267814542, 0.09055077274141686, 0.11617052173011098, 0.13981952079659787, 0.16523182242505965, 0.10227154859454414, 0.13629291567264806, 0.05238045845866612, 0.0313245513950835, 0.03671818276112437, 0.01566227569754175, 0.007053210247899596, 0.00975002593092003, 0.004875012965460015, 0.0024893683227880923, 0.0008297894409293641, 0.00041489472046468207, 0.0, 0.00010372368011617052, 0.0, 0.0], [0.0, 0.0004314063848144953, 0.0004314063848144953, 0.0021570319240724763, 0.0019413287316652286, 0.0032355478861087143, 0.006902502157031924, 0.013589301121656601, 0.02113891285591027, 0.036022433132010354, 0.04831751509922347, 0.06945642795513374, 0.09620362381363244, 0.11151855047454702, 0.11798964624676445, 0.12079378774805867, 0.11734253666954271, 0.06988783433994823, 0.07161345987920621, 0.029551337359792925, 0.01725625539257981, 0.015530629853321829, 0.00992234685073339, 0.003882657463330457, 0.0064710957722174285, 0.0030198446937014668, 0.0032355478861087143, 0.0015099223468507334, 0.00021570319240724764, 0.0, 0.0004314063848144953, 0.0, 0.0], [0.002890173410404624, 0.0, 0.0, 0.008670520231213872, 0.008670520231213872, 0.02023121387283237, 0.014450867052023121, 0.04335260115606936, 0.057803468208092484, 0.10982658959537572, 0.10982658959537572, 0.12427745664739884, 0.11849710982658959, 0.09826589595375723, 0.07225433526011561, 0.06936416184971098, 0.04335260115606936, 0.02601156069364162, 0.031791907514450865, 0.031791907514450865, 0.002890173410404624, 0.0, 0.002890173410404624, 0.002890173410404624, 0.0, 0.0, 0.0, 0.0, 0.0, 0.0, 0.0, 0.0, 0.0], [0.0003074085459575776, 0.00020493903063838507, 0.0005123475765959627, 0.0003074085459575776, 0.0005123475765959627, 0.0012296341838303104, 0.001537042729787888, 0.0042012501280868945, 0.00768521364893944, 0.015985244389794036, 0.026129726406394098, 0.03473716569320627, 0.04221744031150733, 0.047750794138743724, 0.060661953068961987, 0.1263449123885644, 0.18342043242135464, 0.12173378419920074, 0.13167332718516242, 0.06035454452300441, 0.03893841582129316, 0.03801619018342043, 0.018444512757454658, 0.012808689414899068, 0.01567783584383646, 0.004816067220002049, 0.0027666769136181985, 0.0007172866072343478, 0.0003074085459575776, 0.0, 0.0, 0.0, 0.0], [0.0, 0.0, 0.0, 0.0, 0.00039478878799842083, 0.0007895775759968417, 0.0011843663639952626, 0.0011843663639952626, 0.002368732727990525, 0.008685353335965259, 0.013422818791946308, 0.016975917883932098, 0.022108172127911566, 0.036320568495854716, 0.059613106987761545, 0.0757994472956968, 0.102250296091591, 0.08843268851164626, 0.1800236873272799, 0.06869324911172522, 0.07540465850769838, 0.09751283063560995, 0.043031977891827874, 0.018555073035925778, 0.0493485984998026, 0.01381760757994473, 0.010659297275957363, 0.0094749309119621, 0.0027635215159889457, 0.0011843663639952626, 0.0, 0.0, 0.0], [0.0, 0.0, 0.0001953506544246923, 0.0, 0.001172103926548154, 0.000586051963274077, 0.0025395585075210004, 0.003711662434069154, 0.008009376831412385, 0.015432701699550693, 0.02266067591326431, 0.033014260597773, 0.055870287165462, 0.06661457315882008, 0.10841961320570424, 0.1271732760304747, 0.15413166634108225, 0.09533111935924986, 0.13967571791365502, 0.058605196327407696, 0.03438171517874585, 0.03535846845086931, 0.012307091228755616, 0.008204727485837077, 0.009181480757960539, 0.0033209611252197693, 0.0029302598163703846, 0.0009767532721234617, 0.0001953506544246923, 0.0, 0.0, 0.0, 0.0], [0.0, 0.00030326004548900684, 0.0012130401819560274, 0.0013646702047005307, 0.0012130401819560274, 0.003184230477634572, 0.00712661106899166, 0.012736921910538287, 0.021531463229719484, 0.03790750568612585, 0.0627748294162244, 0.0756633813495072, 0.09992418498862775, 0.1244882486732373, 0.13419257012888552, 0.12282031842304776, 0.10796057619408643, 0.0577710386656558, 0.05989385898407885, 0.023957543593631538, 0.014859742228961335, 0.012433661865049279, 0.00712661106899166, 0.003942380591357089, 0.0027293404094010615, 0.0016679302501895375, 0.0012130401819560274, 0.0, 0.0, 0.0, 0.0, 0.0, 0.0], [0.0, 0.0, 0.0, 0.0, 0.00012465719272001995, 0.0004986287708800798, 0.0018698578908002991, 0.0019945150835203192, 0.004487658937920718, 0.005235602094240838, 0.013338319621042134, 0.01969583644976315, 0.02804786836200449, 0.033782099227125405, 0.0493642483171279, 0.11979556220393917, 0.21154325604587385, 0.14098728496634255, 0.1854899027673897, 0.06656694091249066, 0.037147843430565944, 0.036399900274245826, 0.016330092246322613, 0.008352031912241336, 0.011717776115681875, 0.0039890301670406384, 0.002119172276240339, 0.0006232859636000997, 0.0004986287708800798, 0.0, 0.0, 0.0, 0.0], [0.00020128824476650564, 0.0, 0.0, 0.00010064412238325282, 0.00010064412238325282, 0.00030193236714975844, 0.0012077294685990338, 0.0018115942028985507, 0.004126409017713366, 0.009863123993558777, 0.0160024154589372, 0.025161030595813205, 0.07417471819645732, 0.10054347826086957, 0.12489935587761675, 0.1316425120772947, 0.15247584541062803, 0.09893317230273752, 0.12047101449275362, 0.04961755233494364, 0.028280998389694043, 0.029287439613526572, 0.011473429951690822, 0.004428341384863124, 0.007548309178743961, 0.0031199677938808373, 0.002214170692431562, 0.0006038647342995169, 0.0007045088566827697, 0.0006038647342995169, 0.00010064412238325282, 0.0, 0.0], [0.0, 0.0, 0.0, 0.00019932230416583617, 0.00039864460833167234, 0.00039864460833167234, 0.001195933824995017, 0.0021925453458241976, 0.004584412995814232, 0.006776958341638429, 0.014949172812437711, 0.02650986645405621, 0.04823599760813235, 0.06737093880805262, 0.09746860673709389, 0.1201913494119992, 0.1614510663743273, 0.12039067171616503, 0.1494917281243771, 0.0677695834163843, 0.041857683874825594, 0.03328682479569464, 0.012756627466613515, 0.007175602949970101, 0.008969503687462627, 0.0033884791708192145, 0.0017939007374925253, 0.00039864460833167234, 0.0, 0.0007972892166633447, 0.0, 0.0, 0.0], [0.0, 0.0, 0.0002646202699126753, 0.0002646202699126753, 0.0015877216194760519, 0.0023815824292140776, 0.0015877216194760519, 0.004233924318602805, 0.01190791214607039, 0.01878803916379995, 0.03175443238952104, 0.04710240804445621, 0.06827202963747023, 0.09182323365969833, 0.10955279174384758, 0.1243715268589574, 0.13151627414659964, 0.09843874040751521, 0.10214342418629267, 0.0449854458851548, 0.030695951309870337, 0.03228367292934639, 0.015612595924847844, 0.006880127017729558, 0.01296639322572109, 0.005557025668166181, 0.0023815824292140776, 0.0018523418893887271, 0.0005292405398253506, 0.0002646202699126753, 0.0, 0.0, 0.0], [0.00019692792437967703, 0.00019692792437967703, 0.0007877116975187081, 0.0009846396218983853, 0.00039385584875935406, 0.0015754233950374162, 0.0027569909413154787, 0.00728633320204805, 0.012012603387160299, 0.01929893658920835, 0.034265458842063806, 0.053367467506892474, 0.07601417881055533, 0.10535643954312722, 0.12288302481291848, 0.1260338716029933, 0.13253249310752266, 0.08231587239070501, 0.11008270972823947, 0.040764080346593144, 0.02205592753052383, 0.022843639228042535, 0.010240252067743205, 0.004726270185112249, 0.00531705395825128, 0.0017723513194170934, 0.0015754233950374162, 0.0013784954706577393, 0.00039385584875935406, 0.0005907837731390311, 0.0, 0.0, 0.0], [0.0, 0.0, 0.00012272950417280314, 0.0002454590083456063, 0.0003681885125184094, 0.00012272950417280314, 0.000859106529209622, 0.001840942562592047, 0.002822778595974472, 0.006381934216985763, 0.012518409425625921, 0.01485027000490918, 0.06516936671575847, 0.10505645557191949, 0.13181148748159058, 0.140279823269514, 0.16114383897889054, 0.09818360333824251, 0.14690721649484537, 0.039764359351988215, 0.02196858124693176, 0.022827687776141383, 0.009450171821305841, 0.005768286696121748, 0.006750122729504173, 0.001840942562592047, 0.0019636720667648502, 0.0004909180166912126, 0.00012272950417280314, 0.0003681885125184094, 0.0, 0.0, 0.0], [0.0, 0.0, 0.0, 0.006993006993006993, 0.006993006993006993, 0.006993006993006993, 0.0, 0.027972027972027972, 0.03496503496503497, 0.0979020979020979, 0.04195804195804196, 0.0979020979020979, 0.08391608391608392, 0.06993006993006994, 0.04895104895104895, 0.1048951048951049, 0.1048951048951049, 0.08391608391608392, 0.04895104895104895, 0.02097902097902098, 0.02097902097902098, 0.013986013986013986, 0.04195804195804196, 0.0, 0.006993006993006993, 0.013986013986013986, 0.0, 0.013986013986013986, 0.0, 0.0, 0.0, 0.0, 0.0], [0.00021507688998817078, 0.00010753844499408539, 0.0, 0.0, 0.0, 0.00010753844499408539, 0.00021507688998817078, 0.0009678460049467684, 0.0023658457898698784, 0.004731691579739757, 0.007527691149585977, 0.010646306054414453, 0.022260458113775673, 0.03032584148833208, 0.0986127540595763, 0.18496612538982687, 0.20582858371867943, 0.13485321002258308, 0.13506828691257125, 0.06129691364662867, 0.03215399505323153, 0.03484245617808367, 0.013227228734272503, 0.005269383804710184, 0.008280460264544575, 0.0029035380148403054, 0.002258307344875793, 0.0003226153349822562, 0.0006452306699645124, 0.0, 0.0, 0.0, 0.0], [0.0, 0.0, 0.0, 0.00011710973181871414, 0.0, 0.00011710973181871414, 0.0010539875863684273, 0.0003513291954561424, 0.0012882070500058556, 0.0022250849045555685, 0.004567279540929851, 0.0070265839091228485, 0.011710973181871413, 0.027872116172853963, 0.08385056798219932, 0.11945192645508841, 0.17039465979622906, 0.13818948354608268, 0.1864386930553929, 0.08326501932310575, 0.05234805012296522, 0.05293359878205879, 0.019791544677362688, 0.009720107740953273, 0.016044033259163835, 0.005152828200023422, 0.003630401686380138, 0.0014053167818245697, 0.0003513291954561424, 0.00023421946363742828, 0.00046843892727485657, 0.0, 0.0], [0.00018948365703458077, 9.474182851729038e-05, 0.0, 0.00018948365703458077, 0.00018948365703458077, 0.0005684509711037423, 0.0007579346281383231, 0.0018000947418285174, 0.0029369966840360018, 0.005684509711037423, 0.010516342965419232, 0.013548081477972524, 0.01752723827569872, 0.02510658455708195, 0.10184746565608717, 0.12543818095689246, 0.1535765040265277, 0.12884888678351492, 0.1751776409284699, 0.08119374703931787, 0.04945523448602558, 0.05286594031264803, 0.020653718616769304, 0.010516342965419232, 0.01487446707721459, 0.0036001894836570347, 0.001989578398863098, 0.00037896731406916154, 0.0004737091425864519, 0.0, 0.0, 0.0, 0.0], [0.0, 0.0, 0.0, 0.0015151515151515152, 0.0015151515151515152, 0.0, 0.0015151515151515152, 0.007575757575757576, 0.007575757575757576, 0.007575757575757576, 0.015151515151515152, 0.025757575757575757, 0.045454545454545456, 0.09090909090909091, 0.12272727272727273, 0.17424242424242425, 0.16363636363636364, 0.11969696969696969, 0.12121212121212122, 0.05454545454545454, 0.022727272727272728, 0.015151515151515152, 0.0015151515151515152, 0.0, 0.0, 0.0, 0.0, 0.0, 0.0, 0.0, 0.0, 0.0, 0.0], [0.0, 0.0, 0.0, 8.737439930100481e-05, 0.0, 8.737439930100481e-05, 0.0002621231979030144, 0.0007863695937090433, 0.0016601135867190912, 0.00471821756225426, 0.007514198339886413, 0.012844036697247707, 0.021231979030144166, 0.02743556138051551, 0.04062909567496723, 0.04884228920926169, 0.1834862385321101, 0.14600262123197902, 0.24132809086937526, 0.09113149847094801, 0.04954128440366973, 0.06893840104849279, 0.020270860637833114, 0.008213193534294451, 0.014329401485364789, 0.004980340760157274, 0.0037570991699432065, 0.001397990388816077, 0.0002621231979030144, 0.0002621231979030144, 0.0, 0.0, 0.0], [9.650646593321752e-05, 9.650646593321752e-05, 9.650646593321752e-05, 0.0, 0.0003860258637328701, 0.0003860258637328701, 0.00028951939779965256, 0.0009650646593321753, 0.0010615711252653928, 0.0052113491603937466, 0.009650646593321753, 0.019011773788843854, 0.03348774367882648, 0.04468249372707971, 0.06620343563018723, 0.07807373093997298, 0.14871646400308822, 0.1899247249565721, 0.20941903107508203, 0.08627678054429647, 0.042655857942482146, 0.03676896352055588, 0.013124879366917584, 0.004921829762594094, 0.005114842694460529, 0.0023161551823972205, 0.0006755452615325227, 0.0003860258637328701, 0.0, 0.0, 0.0, 0.0, 0.0], [0.0, 0.00010871928680147858, 0.0, 0.00010871928680147858, 0.00021743857360295715, 0.0005435964340073929, 0.0009784735812133072, 0.003913894324853229, 0.006196999347684279, 0.0121765601217656, 0.021961295933898672, 0.03729071537290715, 0.0547945205479452, 0.0776255707762557, 0.10186997173298543, 0.13100674059578168, 0.15514242226570993, 0.11056751467710371, 0.13318112633181126, 0.06055664274842357, 0.034681452489671666, 0.030332681017612523, 0.012720156555772993, 0.0060882800608828, 0.0045662100456621, 0.0027179821700369644, 0.00032615786040443573, 0.00032615786040443573, 0.0, 0.0, 0.0, 0.0, 0.0], [0.0, 0.0, 0.0, 0.0, 0.0005011903270266884, 0.0006264879087833605, 0.001252975817566721, 0.0015035709810800651, 0.004385415361483523, 0.008896128304723718, 0.016915173537150732, 0.02631249216890114, 0.040596416489161756, 0.06640771833103622, 0.09785741135196091, 0.12680115273775217, 0.15361483523368, 0.10023806540533768, 0.16777346197218393, 0.05989224407968926, 0.03583510838240822, 0.04122290439794512, 0.017040471118907406, 0.007267259741886981, 0.012279163012153866, 0.004134820197970179, 0.003758927452700163, 0.0021300588898634258, 0.001252975817566721, 0.0005011903270266884, 0.0010023806540533768, 0.0, 0.0], [0.0, 0.00018719580681392738, 0.00018719580681392738, 0.00037439161362785476, 0.0011231748408835642, 0.0011231748408835642, 0.002995132909022838, 0.009734181954324224, 0.016660426806439536, 0.025833021340321977, 0.04473979782852864, 0.0615874204417821, 0.08068139273680269, 0.10108573567952078, 0.1265443654062149, 0.11812055409958817, 0.14283040059902657, 0.07487832272557095, 0.10314488955447398, 0.028266566828903033, 0.020404342942718083, 0.019842755522276302, 0.008049419692998877, 0.0028079371022089105, 0.005615874204417821, 0.0007487832272557095, 0.0018719580681392737, 0.00037439161362785476, 0.00018719580681392738, 0.0, 0.0, 0.0, 0.0], [0.0, 0.0, 0.0, 0.0014017381553125877, 0.002523128679562658, 0.001682085786375105, 0.00336417157275021, 0.007569386038687973, 0.012615643397813289, 0.014297729184188394, 0.028875805999439303, 0.04373423044575273, 0.056349873843566024, 0.08578637510513036, 0.11970843846369499, 0.12755817213344547, 0.14858424446313429, 0.09728062797869358, 0.112139052425007, 0.04709840201850295, 0.02495093916456406, 0.022708158116063918, 0.01345668629100084, 0.00784973366975049, 0.009812167087188113, 0.0036445192038127277, 0.00336417157275021, 0.00336417157275021, 0.0002803476310625175, 0.0, 0.0, 0.0, 0.0], [0.000224517287831163, 0.0, 0.0, 0.0, 0.000449034575662326, 0.000449034575662326, 0.001796138302649304, 0.003592276605298608, 0.004939380332285586, 0.009654243376740009, 0.03143242029636282, 0.05691513246519982, 0.08105074090704985, 0.11540188594521779, 0.1420071845532106, 0.1455994611585092, 0.13549618320610687, 0.07566232599910193, 0.09205208801077683, 0.033902110462505616, 0.021890435563538393, 0.023013022002694207, 0.009429726088908847, 0.004602604400538841, 0.006511001347103727, 0.001571621014818141, 0.0012348450830713966, 0.0007858105074090704, 0.0, 0.0003367759317467445, 0.0, 0.0, 0.0], [0.0, 0.0, 0.0, 0.0002848191398461977, 0.00014240956992309884, 0.00014240956992309884, 0.0014240956992309882, 0.0004272287097692965, 0.0021361435488464827, 0.004699515807462262, 0.008117345485616633, 0.026203360865850185, 0.05425804614070066, 0.08444887496439761, 0.10581031045286243, 0.12945029906009684, 0.15465679293648532, 0.10111079464540017, 0.1473939048704073, 0.05724864710908573, 0.03275420108231273, 0.03759612645969809, 0.016519510111079466, 0.0069780689262318426, 0.013956137852463685, 0.00484192537738536, 0.004699515807462262, 0.0029906009683850756, 0.000854457419538593, 0.0005696382796923954, 0.0002848191398461977, 0.0, 0.0], [0.0, 0.0, 0.0, 0.0, 0.0010770059235325794, 0.0012565069107880094, 0.0025130138215760187, 0.004667025668641177, 0.007359540477472626, 0.01795009872554299, 0.028720157960868783, 0.041105726081493446, 0.06946688206785137, 0.08939149165320409, 0.11559863579249686, 0.13354873451803984, 0.14090827499551248, 0.09369951534733441, 0.1242146831807575, 0.04720875964817806, 0.028361155986357925, 0.024412134266738467, 0.010052055286304075, 0.003949021719619458, 0.005564530604918327, 0.0007180039490217197, 0.003949021719619458, 0.0032310177705977385, 0.0007180039490217197, 0.0003590019745108598, 0.0, 0.0, 0.0], [0.00011386927806877705, 0.00011386927806877705, 0.0, 0.0, 0.00011386927806877705, 0.0010248235026189933, 0.0006832156684126623, 0.002277385561375541, 0.0028467319517194263, 0.005807333181507629, 0.014005921202459576, 0.021862901389205193, 0.036096561147802325, 0.04327032566613528, 0.07868367114552494, 0.18731496242313825, 0.1914142564336142, 0.12741972215896152, 0.1394898656342519, 0.06092006376679572, 0.036096561147802325, 0.025848326121612388, 0.011728535641084035, 0.004782509678888636, 0.004782509678888636, 0.0017080391710316556, 0.0011386927806877705, 0.00034160783420633114, 0.00011386927806877705, 0.0, 0.0, 0.0, 0.0], [0.0, 0.0, 0.0, 0.0001588310038119441, 0.0001588310038119441, 0.0006353240152477764, 0.001747141041931385, 0.0030177890724269376, 0.0063532401524777635, 0.008894536213468869, 0.023506988564167726, 0.03446632782719187, 0.0670266836086404, 0.10054002541296062, 0.12563532401524777, 0.14644218551461244, 0.15406607369758576, 0.10387547649301143, 0.10864040660736976, 0.039866581956797965, 0.025571791613723, 0.018742058449809404, 0.01048284625158831, 0.004764930114358323, 0.008418043202033036, 0.0027001270648030497, 0.0028589580686149934, 0.0004764930114358323, 0.0007941550190597204, 0.0, 0.0001588310038119441, 0.0, 0.0], [0.0, 0.0, 0.0, 0.0001622849724115547, 0.0, 0.0006491398896462187, 0.0009737098344693282, 0.0009737098344693282, 0.00275884453099643, 0.006004543979227524, 0.013631937682570594, 0.021259331385913665, 0.039272963323596234, 0.05955858487504057, 0.09315157416423239, 0.11944173969490425, 0.1525478740668614, 0.11197663096397274, 0.17104836092177864, 0.06799740344044142, 0.04170723790976955, 0.04414151249594288, 0.018825056799740343, 0.010710808179162609, 0.011522233041220383, 0.0066536838688737426, 0.0034079844206426485, 0.0012982797792924375, 0.0001622849724115547, 0.0001622849724115547, 0.0, 0.0, 0.0], [0.0, 0.0, 0.00011364927832708262, 0.0, 0.00022729855665416524, 0.00034094783498124785, 0.00034094783498124785, 0.001250142061597909, 0.0011364927832708263, 0.0038640754631208093, 0.006818956699624957, 0.016138197522445732, 0.027616774633481077, 0.04795999545402887, 0.12933287873622, 0.14490282986703035, 0.16501875213092396, 0.10182975338106603, 0.1602454824411865, 0.060461416070007955, 0.040459143084441415, 0.03557222411637686, 0.02125241504716445, 0.010569382884418685, 0.014660756904193658, 0.0038640754631208093, 0.0032958290714853963, 0.002386634844868735, 0.00022729855665416524, 0.00011364927832708262, 0.0, 0.0, 0.0], [0.0, 0.0, 9.053870529651426e-05, 0.0, 9.053870529651426e-05, 9.053870529651426e-05, 9.053870529651426e-05, 0.0008148483476686283, 0.0018107741059302852, 0.004617473970122227, 0.008872793119058397, 0.016025350837483025, 0.027885921231326393, 0.036034404708012675, 0.05477591670439113, 0.059665006790402896, 0.07822544137618832, 0.17039384336803984, 0.27505658669081035, 0.09950203712086918, 0.05694884563150747, 0.06256224535989136, 0.01466727025803531, 0.007424173834314169, 0.01339972838388411, 0.005613399728383884, 0.003078315980081485, 0.0009053870529651426, 0.0007243096423721141, 0.0006337709370755998, 0.0, 0.0, 0.0], [0.0, 0.0, 0.0, 0.0, 0.00010413412475268145, 0.0007289388732687702, 0.0009372071227741331, 0.002603353118817036, 0.005310840362386754, 0.009580339477246694, 0.01728626470894512, 0.03238571279808393, 0.05092158700406123, 0.07726752056648964, 0.11079870873685306, 0.13797771529730293, 0.1734874518379673, 0.11121524523586379, 0.15193168801416224, 0.0488389045090076, 0.025200458190148912, 0.02707487243569718, 0.007601791106945746, 0.003436426116838488, 0.002603353118817036, 0.0008330729980214516, 0.001145475372279496, 0.0006248047485160887, 0.00010413412475268145, 0.0, 0.0, 0.0, 0.0], [0.0, 0.0032258064516129032, 0.0, 0.0032258064516129032, 0.0064516129032258064, 0.016129032258064516, 0.025806451612903226, 0.04516129032258064, 0.08387096774193549, 0.054838709677419356, 0.05161290322580645, 0.07419354838709677, 0.07096774193548387, 0.11290322580645161, 0.13225806451612904, 0.1, 0.08064516129032258, 0.04516129032258064, 0.041935483870967745, 0.01935483870967742, 0.0064516129032258064, 0.00967741935483871, 0.0032258064516129032, 0.012903225806451613, 0.0, 0.0, 0.0, 0.0, 0.0, 0.0, 0.0, 0.0, 0.0]]}, "ranks": {"labels": ["Unranked", "Combatatent I", "Combatatent II", "Challenger I", "Challenger II", "Rival I", "Rival II", "Duelist", "Elite"], "data": [[0.13344051446945338, 0.18488745980707397, 0.24115755627009647, 0.2202572347266881, 0.12379421221864952, 0.06270096463022508, 0.01607717041800643, 0.014469453376205787, 0.003215434083601286], [0.062241806664830625, 0.09501514734232994, 0.17460754613054255, 0.2575048196089232, 0.2316166345359405, 0.1280638942440099, 0.02974387221151198, 0.01569815477829799, 0.00550812448361333], [0.007633587786259542, 0.01272264631043257, 0.031228313671061762, 0.06453851492019431, 0.29377746934998844, 0.3795975017349063, 0.09009946796206338, 0.08928984501503585, 0.03111265325005783], [0.015417510690974566, 0.024983119513842, 0.05491784830069773, 0.09588116137744768, 0.11850101282916949, 0.37643484132343014, 0.1470853027233851, 0.12941706054467703, 0.037362142696376326], [0.1878453038674033, 0.16022099447513813, 0.19337016574585636, 0.19337016574585636, 0.11602209944751381, 0.09392265193370165, 0.03867403314917127, 0.016574585635359115, 0.0], [0.007468104968364277, 0.02572347266881029, 0.14542059952287106, 0.25599004252670887, 0.26750337101960375, 0.16585416450575666, 0.054143761020641015, 0.05943366870656571, 0.01846281506067835], [0.08584987057808456, 0.1177739430543572, 0.20772217428817946, 0.23878343399482313, 0.18723037100949094, 0.08973252804141502, 0.028688524590163935, 0.029335634167385678, 0.014883520276100086], [0.2658959537572254, 0.23410404624277456, 0.21676300578034682, 0.1416184971098266, 0.06936416184971098, 0.05202312138728324, 0.014450867052023121, 0.005780346820809248, 0.0], [0.032482836356184035, 0.06086689209960037, 0.08996823445025105, 0.18700686545752637, 0.30515421662055536, 0.1674351880315606, 0.06353109949789937, 0.06926939235577416, 0.024285275130648633], [0.014607185155941572, 0.030398736675878404, 0.05842874062376629, 0.13541255428345836, 0.19068298460323727, 0.2139755230951441, 0.11014607185155942, 0.1590998815633636, 0.087248322147651], [0.03164680601680016, 0.05567493651103731, 0.12248486032428209, 0.23559288923617894, 0.2494627857003321, 0.172689978511428, 0.05997265090838054, 0.055870287165462, 0.016604805626098847], [0.08658074298711145, 0.13843821076573162, 0.22441243366186506, 0.25701288855193327, 0.16573161485974222, 0.0711144806671721, 0.02759666413949962, 0.02350265352539803, 0.005610310841546626], [0.014210919970082274, 0.03303415607080529, 0.06182996758912989, 0.16915981052106707, 0.3525305410122164, 0.22525554724507604, 0.06394913986537024, 0.06108202443280977, 0.01894789329344303], [0.017713365539452495, 0.041163446054750405, 0.1747181964573269, 0.2565418679549114, 0.25140901771336555, 0.14925523349436393, 0.04911433172302738, 0.045189210950080515, 0.014895330112721417], [0.015746462029101058, 0.04145903926649392, 0.11560693641618497, 0.2176599561490931, 0.28184173809049234, 0.18895754434921266, 0.07016145106637432, 0.05321905521227825, 0.015347817420769384], [0.041016141836464674, 0.07885684043397724, 0.16009526329716856, 0.23392431860280496, 0.22995501455411485, 0.12622386874834612, 0.05160095263297169, 0.05477639587192379, 0.023551204022228104], [0.045490350531705394, 0.08763292634895628, 0.18137061835368254, 0.24891689641591178, 0.21484836549822764, 0.1337140606538007, 0.03918865695155573, 0.03781016148089799, 0.011027963765261915], [0.012763868433971527, 0.0273686794305351, 0.17022582228767796, 0.27209131075110454, 0.25932744231713306, 0.16912125675012274, 0.03951890034364261, 0.03804614629356897, 0.011536573392243496], [0.18181818181818182, 0.13986013986013987, 0.15384615384615385, 0.15384615384615385, 0.1888111888111888, 0.055944055944055944, 0.03496503496503497, 0.055944055944055944, 0.03496503496503497], [0.008710614044520917, 0.01817399720400043, 0.052586299602107756, 0.2835788794494032, 0.3406817937412625, 0.17109366598558984, 0.057425529626841595, 0.053339068717066354, 0.014410151629207441], [0.005152828200023422, 0.0115938634500527, 0.039583089354725376, 0.20330249443728773, 0.30858414334231177, 0.2337510247101534, 0.08830073779131045, 0.08244525120037476, 0.027286567513760393], [0.01241117953576504, 0.024064424443391758, 0.04263382283278067, 0.22728564661297962, 0.28242539081004264, 0.22103268593083847, 0.0847939365229749, 0.08403600189483657, 0.021316911416390336], [0.02727272727272727, 0.04090909090909091, 0.13636363636363635, 0.296969696969697, 0.2833333333333333, 0.15606060606060607, 0.04242424242424243, 0.016666666666666666, 0.0], [0.007601572739187418, 0.02035823503713412, 0.048667540410659675, 0.08947138488422893, 0.32948885976408915, 0.29523809523809524, 0.08676277850589777, 0.09742245522062036, 0.024989078200087375], [0.008589075468056359, 0.028662420382165606, 0.0781702374059062, 0.1442771665701602, 0.3386411889596603, 0.2589268480988226, 0.07942482146303802, 0.05481567265006755, 0.008492569002123142], [0.024244400956729723, 0.059252011306805824, 0.1324200913242009, 0.2328767123287671, 0.26570993694281364, 0.16557947379865187, 0.06283974777125462, 0.049141117634268316, 0.007936507936507936], [0.017165768700664077, 0.043227665706051875, 0.10700413482019797, 0.22465856408971308, 0.25385290063901766, 0.19997494048364867, 0.06352587395063275, 0.0655306352587395, 0.02505951635133442], [0.05821789591913141, 0.10632721827031075, 0.18176712841632348, 0.24466491950580307, 0.21770872332459754, 0.11886933732684388, 0.03294646199925122, 0.03070011231748409, 0.008798202920254586], [0.04345388281469022, 0.07261003644519204, 0.1421362489486964, 0.24726661059714045, 0.24586487244182786, 0.1393327726380712, 0.044855620970002806, 0.044014578076815254, 0.020465377067563777], [0.021104625056129322, 0.08834755276156264, 0.19645262685226764, 0.2876066457117198, 0.2111585092052088, 0.11214638527166591, 0.035698248765154914, 0.03704535249214189, 0.01044005388414908], [0.009256622045001424, 0.03432070635146682, 0.13870692110509827, 0.23526060951295927, 0.2557675875818855, 0.17744232412418115, 0.05995442893762461, 0.0610937054970094, 0.02819709484477357], [0.0348231915275534, 0.06982588404236223, 0.15885837372105546, 0.24914737031053671, 0.23460779034284687, 0.15239633817985998, 0.04738826063543349, 0.038413211272662, 0.014539579967689823], [0.012981097699840584, 0.03586882259166477, 0.0793668868139376, 0.26599863356866316, 0.31883397859257573, 0.17342291049874745, 0.06308358005010248, 0.04235937144158506, 0.00808471874288317], [0.02096569250317662, 0.057973316391359594, 0.167566709021601, 0.2720775095298602, 0.2579415501905972, 0.1300825921219822, 0.04399618805590851, 0.033989834815756036, 0.015406607369758577], [0.011522233041220383, 0.034891269068484256, 0.0988315481986368, 0.21259331385913666, 0.26452450503083413, 0.20804933463161313, 0.0727036676403765, 0.07367737747484583, 0.023206751054852322], [0.007273553812933288, 0.02295715422207069, 0.07557677008750995, 0.27423570860325036, 0.26684850551199, 0.19377201954767587, 0.06739402204796, 0.06739402204796, 0.024548244118649847], [0.007605251244907198, 0.02489814395654142, 0.06392032593933906, 0.11444092349479403, 0.24861928474422815, 0.33046627433227704, 0.10104119511090992, 0.08465368945224083, 0.024354911724762337], [0.01926481307924607, 0.04967197750702906, 0.12818910757055088, 0.24877642403415598, 0.2847026970738311, 0.17942309694887015, 0.04654795376444861, 0.03811308965948141, 0.005310840362386754], [0.23870967741935484, 0.12580645161290321, 0.18387096774193548, 0.23225806451612904, 0.12580645161290321, 0.04838709677419355, 0.01935483870967742, 0.025806451612903226, 0.0]]}, "ranksDetailed": {"labels": ["Unranked", "Combatatant", "Challenger", "Rival", "Duelist", "Elite"], "data": [[0.13344051446945338, 0.42604501607717044, 0.3440514469453376, 0.07877813504823152, 0.014469453376205787, 0.003215434083601286], [0.062241806664830625, 0.2696226934728725, 0.4891214541448637, 0.1578077664555219, 0.01569815477829799, 0.00550812448361333], [0.007633587786259542, 0.043950959981494335, 0.35831598427018274, 0.4696969696969697, 0.08928984501503585, 0.03111265325005783], [0.015417510690974566, 0.07990096781453973, 0.21438217420661715, 0.5235201440468152, 0.12941706054467703, 0.037362142696376326], [0.1878453038674033, 0.35359116022099446, 0.30939226519337015, 0.13259668508287292, 0.016574585635359115, 0.0], [0.007468104968364277, 0.17114407219168137, 0.5234934135463126, 0.2199979255263977, 0.05943366870656571, 0.01846281506067835], [0.08584987057808456, 0.3254961173425367, 0.4260138050043141, 0.11842105263157894, 0.029335634167385678, 0.014883520276100086], [0.2658959537572254, 0.4508670520231214, 0.21098265895953758, 0.06647398843930635, 0.005780346820809248, 0.0], [0.032482836356184035, 0.15083512654985143, 0.4921610820780818, 0.23096628752946, 0.06926939235577416, 0.024285275130648633], [0.014607185155941572, 0.08882747729964469, 0.3260955388866956, 0.3241215949467035, 0.1590998815633636, 0.087248322147651], [0.03164680601680016, 0.1781597968353194, 0.485055674936511, 0.23266262941980856, 0.055870287165462, 0.016604805626098847], [0.08658074298711145, 0.3628506444275967, 0.4227445034116755, 0.09871114480667172, 0.02350265352539803, 0.005610310841546626], [0.014210919970082274, 0.09486412365993518, 0.5216903515332835, 0.2892046871104463, 0.06108202443280977, 0.01894789329344303], [0.017713365539452495, 0.21588164251207728, 0.507950885668277, 0.1983695652173913, 0.045189210950080515, 0.014895330112721417], [0.015746462029101058, 0.15706597568267888, 0.4995016942395854, 0.25911899541558703, 0.05321905521227825, 0.015347817420769384], [0.041016141836464674, 0.2389521037311458, 0.4638793331569198, 0.1778248213813178, 0.05477639587192379, 0.023551204022228104], [0.045490350531705394, 0.2690035447026388, 0.4637652619141394, 0.17290271760535644, 0.03781016148089799, 0.011027963765261915], [0.012763868433971527, 0.19759450171821305, 0.5314187530682376, 0.20864015709376535, 0.03804614629356897, 0.011536573392243496], [0.18181818181818182, 0.2937062937062937, 0.34265734265734266, 0.09090909090909091, 0.055944055944055944, 0.03496503496503497], [0.008710614044520917, 0.07076029680610818, 0.6242606731906657, 0.22851919561243145, 0.053339068717066354, 0.014410151629207441], [0.005152828200023422, 0.051176952804778075, 0.5118866377795995, 0.3220517625014639, 0.08244525120037476, 0.027286567513760393], [0.01241117953576504, 0.06669824727617243, 0.5097110374230223, 0.30582662245381337, 0.08403600189483657, 0.021316911416390336], [0.02727272727272727, 0.17727272727272728, 0.5803030303030303, 0.1984848484848485, 0.016666666666666666, 0.0], [0.007601572739187418, 0.0690257754477938, 0.41896024464831805, 0.382000873743993, 0.09742245522062036, 0.024989078200087375], [0.008589075468056359, 0.1068326577880718, 0.4829183555298205, 0.33835166956186064, 0.05481567265006755, 0.008492569002123142], [0.024244400956729723, 0.19167210263100673, 0.49858664927158075, 0.2284192215699065, 0.049141117634268316, 0.007936507936507936], [0.017165768700664077, 0.15023180052624985, 0.47851146472873074, 0.2635008144342814, 0.0655306352587395, 0.02505951635133442], [0.05821789591913141, 0.2880943466866342, 0.4623736428304006, 0.1518157993260951, 0.03070011231748409, 0.008798202920254586], [0.04345388281469022, 0.21474628539388843, 0.4931314830389683, 0.184188393608074, 0.044014578076815254, 0.020465377067563777], [0.021104625056129322, 0.28480017961383025, 0.4987651549169286, 0.14784463403682083, 0.03704535249214189, 0.01044005388414908], [0.009256622045001424, 0.17302762745656508, 0.4910281970948448, 0.23739675306180574, 0.0610937054970094, 0.02819709484477357], [0.0348231915275534, 0.2286842577634177, 0.4837551606533836, 0.19978459881529348, 0.038413211272662, 0.014539579967689823], [0.012981097699840584, 0.11523570940560236, 0.5848326121612389, 0.23650649054884992, 0.04235937144158506, 0.00808471874288317], [0.02096569250317662, 0.22554002541296062, 0.5300190597204575, 0.17407878017789072, 0.033989834815756036, 0.015406607369758577], [0.011522233041220383, 0.13372281726712107, 0.4771178188899708, 0.2807530022719896, 0.07367737747484583, 0.023206751054852322], [0.007273553812933288, 0.09853392430958063, 0.5410842141152403, 0.2611660415956359, 0.06739402204796, 0.024548244118649847], [0.007605251244907198, 0.08881846989588049, 0.3630602082390222, 0.43150746944318696, 0.08465368945224083, 0.024354911724762337], [0.01926481307924607, 0.17786108507757992, 0.5334791211079871, 0.22597105071331874, 0.03811308965948141, 0.005310840362386754], [0.23870967741935484, 0.3096774193548387, 0.3580645161290323, 0.06774193548387097, 0.025806451612903226, 0.0]]}}}, "eu": {"histType": {"histogram": {"labels": ["0", "100", "200", "300", "400", "500", "600", "700", "800", "900", "1000", "1100", "1200", "1300", "1400", "1500", "1600", "1700", "1800", "1900", "2000", "2100", "2200", "2300", "2400", "2500", "2600", "2700", "2800", "2900", "3000", "3100", "3200"], "data": [[0.0, 0.0, 0.0020833333333333333, 0.0, 0.0, 0.004166666666666667, 0.0125, 0.029166666666666667, 0.052083333333333336, 0.07291666666666667, 0.07916666666666666, 0.09583333333333334, 0.08125, 0.1375, 0.14791666666666667, 0.09166666666666666, 0.06458333333333334, 0.04583333333333333, 0.03958333333333333, 0.01875, 0.0125, 0.008333333333333333, 0.004166666666666667, 0.0, 0.0, 0.0, 0.0, 0.0, 0.0, 0.0, 0.0, 0.0, 0.0], [0.00030057108506161706, 0.0006011421701232341, 0.0006011421701232341, 0.0009017132551848512, 0.0018034265103697023, 0.0033062819356777877, 0.0063119927862939585, 0.010519987977156597, 0.020739404869251576, 0.03276224827171626, 0.04508566275924256, 0.06552449654343252, 0.08235647730688307, 0.10700330628193568, 0.12834385332131049, 0.13104899308686505, 0.1427712654042681, 0.06552449654343252, 0.0931770363691013, 0.024947400060114217, 0.013225127742711151, 0.01142170123234145, 0.004809137360985873, 0.002705139765554554, 0.003005710850616171, 0.0006011421701232341, 0.0006011421701232341, 0.0, 0.0, 0.0, 0.0, 0.0, 0.0], [0.0, 0.0, 0.0, 0.00011667250029168125, 0.00011667250029168125, 0.00011667250029168125, 0.0, 0.0008167075020417688, 0.0018667600046669, 0.0025667950064169874, 0.0058336250145840625, 0.009450472523626182, 0.011900595029751488, 0.015517442538793606, 0.025667950064169876, 0.035818457589546146, 0.22611130556527825, 0.14794073036985184, 0.2913312332283281, 0.077237195193093, 0.05005250262513126, 0.051685917629214796, 0.01668416754171042, 0.007117022517792556, 0.011433905028584762, 0.005133590012833975, 0.0033835025084587565, 0.0016334150040835376, 0.0002333450005833625, 0.0002333450005833625, 0.0, 0.0, 0.0], [0.0, 0.0, 0.0, 0.00010835410120273052, 0.00010835410120273052, 0.00021670820240546104, 0.0007584787084191137, 0.0020587279228518798, 0.0023837902264600714, 0.0059594755661501785, 0.011593888828692165, 0.017553364394842345, 0.021129049734532453, 0.0269801711994799, 0.04301657817748402, 0.054393758803770724, 0.07909849387799328, 0.05320186369054069, 0.3017661718496045, 0.13360060678296673, 0.08397442843211615, 0.08018203489002058, 0.030014086033156355, 0.01451944956116589, 0.02102069563332972, 0.008234911691407519, 0.0041174558457037595, 0.0033589771372846463, 0.0004334164048109221, 0.00021670820240546104, 0.0, 0.0, 0.0], [0.0, 0.0, 0.0, 0.0, 0.0, 0.0189873417721519, 0.03164556962025317, 0.05063291139240506, 0.0759493670886076, 0.056962025316455694, 0.06329113924050633, 0.08860759493670886, 0.06329113924050633, 0.0949367088607595, 0.08860759493670886, 0.13924050632911392, 0.012658227848101266, 0.06329113924050633, 0.05063291139240506, 0.04430379746835443, 0.03164556962025317, 0.0, 0.006329113924050633, 0.006329113924050633, 0.012658227848101266, 0.0, 0.0, 0.0, 0.0, 0.0, 0.0, 0.0, 0.0], [0.0, 0.0001038961038961039, 0.0001038961038961039, 0.0002077922077922078, 0.0003116883116883117, 0.0001038961038961039, 0.0002077922077922078, 0.001142857142857143, 0.001974025974025974, 0.003948051948051948, 0.009246753246753246, 0.04041558441558442, 0.056623376623376624, 0.08176623376623376, 0.11854545454545455, 0.13028571428571428, 0.15127272727272728, 0.10618181818181818, 0.13703896103896104, 0.052883116883116886, 0.031480519480519484, 0.03781818181818182, 0.015272727272727273, 0.004883116883116883, 0.010181818181818