{"region": {"us": {"histType": {"histogram": {"labels": ["0", "100", "200", "300", "400", "500", "600", "700", "800", "900", "1000", "1100", "1200", "1300", "1400", "1500", "1600", "1700", "1800", "1900", "2000", "2100", "2200", "2300", "2400", "2500", "2600", "2700", "2800", "2900", "3000", "3100", "3200"], "data": [[0.0, 0.0, 0.002789400278940028, 0.005578800557880056, 0.0041841004184100415, 0.00697350069735007, 0.012552301255230125, 0.01394700139470014, 0.03626220362622036, 0.04881450488145049, 0.08228730822873083, 0.10181311018131102, 0.11854951185495119, 0.13249651324965134, 0.13249651324965134, 0.09902370990237098, 0.06694560669456066, 0.04184100418410042, 0.044630404463040445, 0.016736401673640166, 0.01394700139470014, 0.008368200836820083, 0.0041841004184100415, 0.005578800557880056, 0.0, 0.0, 0.0, 0.0, 0.0, 0.0, 0.0, 0.0, 0.0], [0.0, 0.00025393600812595224, 0.00025393600812595224, 0.00025393600812595224, 0.001015744032503809, 0.002031488065007618, 0.004824784154393093, 0.009395632300660234, 0.01574403250380904, 0.028694768918232607, 0.038598273235144746, 0.05485017775520569, 0.08227526663280853, 0.09446419502285425, 0.1302691721686135, 0.13636363636363635, 0.14347384459116302, 0.08303707465718639, 0.10462163534789233, 0.03377348908075165, 0.0170137125444388, 0.006856272219400711, 0.004062976130015236, 0.002793296089385475, 0.0017775520568816658, 0.0015236160487557136, 0.001015744032503809, 0.0007618080243778568, 0.0, 0.0, 0.0, 0.0, 0.0], [0.00012006243246488174, 0.0, 0.0, 0.00024012486492976348, 0.00024012486492976348, 0.00024012486492976348, 0.00024012486492976348, 0.0006003121623244087, 0.0025213110817625165, 0.0034818105414815706, 0.005282747028454797, 0.006963621082963141, 0.011886180814023293, 0.019209989194381077, 0.025213110817625166, 0.03805979109136751, 0.08824588786168808, 0.16220434626005523, 0.3687117300996518, 0.08728538840196902, 0.05246728298715332, 0.06075159082723016, 0.023772361628046586, 0.009725057029655421, 0.019089926761916197, 0.006363308920638732, 0.0024012486492976347, 0.004082122703805979, 0.00012006243246488174, 0.00048024972985952696, 0.0, 0.0, 0.0], [0.0, 0.0, 0.0, 0.0, 0.00011704119850187266, 0.0, 0.0008192883895131087, 0.0017556179775280898, 0.004798689138576779, 0.007841760299625468, 0.011587078651685394, 0.012874531835205993, 0.025632022471910113, 0.028089887640449437, 0.042134831460674156, 0.050444756554307114, 0.07069288389513109, 0.042485955056179775, 0.26767322097378277, 0.15484550561797752, 0.09000468164794008, 0.09784644194756555, 0.0325374531835206, 0.013576779026217229, 0.027972846441947564, 0.006788389513108614, 0.0046816479400749065, 0.0019897003745318353, 0.0028089887640449437, 0.0, 0.0, 0.0, 0.0], [0.0, 0.0, 0.0, 0.0, 0.010362694300518135, 0.0051813471502590676, 0.031088082901554404, 0.025906735751295335, 0.05699481865284974, 0.05181347150259067, 0.07253886010362694, 0.08808290155440414, 0.10362694300518134, 0.11398963730569948, 0.09326424870466321, 0.10362694300518134, 0.07772020725388601, 0.031088082901554404, 0.06217616580310881, 0.031088082901554404, 0.03626943005181347, 0.0051813471502590676, 0.0, 0.0, 0.0, 0.0, 0.0, 0.0, 0.0, 0.0, 0.0, 0.0, 0.0], [0.0, 0.0, 0.0, 0.0, 0.0, 0.0, 0.0, 0.0014013150803061335, 0.001293521612590277, 0.004742912579497683, 0.00722216233696238, 0.011318314110164924, 0.02145090007545543, 0.06823326506413711, 0.12277675972836045, 0.14950953972189285, 0.17678128705400453, 0.1108116848119004, 0.1491861593187453, 0.05616039667996119, 0.03287700765333621, 0.03977578958715102, 0.015198878947935755, 0.007976716610973374, 0.012288455319607632, 0.004742912579497683, 0.002910423628328123, 0.0014013150803061335, 0.001293521612590277, 0.0006467608062951385, 0.0, 0.0, 0.0], [0.0, 0.0, 0.0004070832485243232, 0.0022389578668837776, 0.001628332994097293, 0.0034602076124567475, 0.006920415224913495, 0.012823122328516182, 0.019132912680643193, 0.03582332587014044, 0.05047832281701608, 0.06920415224913495, 0.09362914716059434, 0.1129656014654997, 0.12171789130877264, 0.11988601669041318, 0.11968247506615103, 0.06696519438225117, 0.07286790148585386, 0.028495827396702627, 0.0175045796865459, 0.015469163443924282, 0.008345206594748626, 0.00508854060655404, 0.00630979035212701, 0.0036637492367189092, 0.0024424994911459393, 0.0014247913698351314, 0.0010177081213108082, 0.0002035416242621616, 0.0002035416242621616, 0.0, 0.0], [0.002702702702702703, 0.002702702702702703, 0.0, 0.008108108108108109, 0.005405405405405406, 0.01891891891891892, 0.013513513513513514, 0.03513513513513514, 0.05675675675675676, 0.12432432432432433, 0.11621621621621622, 0.12972972972972974, 0.1, 0.11081081081081082, 0.07027027027027027, 0.07027027027027027, 0.051351351351351354, 0.013513513513513514, 0.021621621621621623, 0.032432432432432434, 0.010810810810810811, 0.002702702702702703, 0.002702702702702703, 0.0, 0.0, 0.0, 0.0, 0.0, 0.0, 0.0, 0.0, 0.0, 0.0], [0.00021315144410103377, 0.00021315144410103377, 0.00042630288820206754, 0.0003197271661515507, 0.0005328786102525844, 0.0012789086646062028, 0.0015986358307577533, 0.004369604604071192, 0.007460300543536183, 0.016199509751678567, 0.02568474901417457, 0.03431738250026644, 0.04135138015560055, 0.04572098475967175, 0.05691143557497602, 0.06671640200362357, 0.20302675050623467, 0.13343280400724714, 0.14558243632100606, 0.06490461472876478, 0.043163167430459344, 0.04263028882020676, 0.021848023020355965, 0.013108813812213578, 0.018117872748587872, 0.005115634658424811, 0.0023446658851113715, 0.002984120217414473, 0.00042630288820206754, 0.0, 0.0, 0.0, 0.0], [0.0, 0.0, 0.0, 0.0, 0.0003937007874015748, 0.0007874015748031496, 0.0011811023622047244, 0.0015748031496062992, 0.002362204724409449, 0.00905511811023622, 0.012992125984251968, 0.015748031496062992, 0.02204724409448819, 0.03779527559055118, 0.06181102362204725, 0.07874015748031496, 0.1047244094488189, 0.08858267716535433, 0.17755905511811024, 0.0688976377952756, 0.07362204724409449, 0.09685039370078741, 0.04330708661417323, 0.01653543307086614, 0.047637795275590554, 0.013779527559055118, 0.012204724409448819, 0.00826771653543307, 0.0027559055118110236, 0.0007874015748031496, 0.0, 0.0, 0.0], [0.0, 0.0, 0.0001783166904422254, 0.0, 0.000891583452211127, 0.0005349500713266762, 0.0012482168330955777, 0.004457917261055635, 0.008559201141226819, 0.014621968616262483, 0.021398002853067047, 0.029957203994293864, 0.053673323823109846, 0.06330242510699001, 0.10146219686162625, 0.12535663338088446, 0.15317403708987162, 0.09646932952924393, 0.14372325249643367, 0.06187589158345221, 0.03762482168330956, 0.037268188302425106, 0.012838801711840228, 0.008380884450784594, 0.01355206847360913, 0.0033880171184022824, 0.002674750356633381, 0.0014265335235378032, 0.0019614835948644793, 0.0, 0.0, 0.0, 0.0], [0.0, 0.0, 0.00043271311120726956, 0.00043271311120726956, 0.00043271311120726956, 0.0033174671859224, 0.006346458964373287, 0.012692917928746574, 0.021058704745420452, 0.036347901341410645, 0.05942593393913169, 0.07457089283138613, 0.0982258762440502, 0.1194288186932064, 0.138612433290062, 0.12130390884177124, 0.10298572046733016, 0.059570171642867445, 0.06187797490263955, 0.026683975191114956, 0.018318188374441078, 0.015289196595990193, 0.008077311409202365, 0.004182893408336939, 0.0038944180008654264, 0.003605942593393913, 0.0014423770373575653, 0.0002884754074715131, 0.0011539016298860523, 0.0, 0.0, 0.0, 0.0], [0.0, 0.0, 0.0, 0.0, 0.00012794268167860799, 0.0005117707267144319, 0.0016632548618219038, 0.0020470829068577278, 0.004350051177072671, 0.005245649948822927, 0.013050153531218014, 0.019447287615148412, 0.027763561924257933, 0.0336489252814739, 0.04772262026612078, 0.04439611054247697, 0.22466734902763563, 0.15455475946775846, 0.2148157625383828, 0.0752302968270215, 0.0400460593654043, 0.04183725690890481, 0.016248720573183214, 0.010619242579324463, 0.013561924257932446, 0.0037103377686796314, 0.0017911975435005118, 0.0010235414534288639, 0.0019191402251791197, 0.0, 0.0, 0.0, 0.0], [0.00020920502092050208, 0.0, 0.0, 0.00010460251046025104, 0.00010460251046025104, 0.00031380753138075313, 0.0012552301255230125, 0.0015690376569037657, 0.0042887029288702925, 0.0100418410041841, 0.01610878661087866, 0.018933054393305438, 0.02510460251046025, 0.06370292887029289, 0.1414225941422594, 0.1493723849372385, 0.17029288702928871, 0.1100418410041841, 0.13556485355648534, 0.05397489539748954, 0.030439330543933055, 0.03200836820083682, 0.01192468619246862, 0.005543933054393306, 0.009309623430962343, 0.0030334728033472804, 0.0018828451882845188, 0.002196652719665272, 0.0005230125523012552, 0.0006276150627615063, 0.00010460251046025104, 0.0, 0.0], [0.0, 0.0, 0.0, 0.00018125793003443902, 0.000543773790103317, 0.00018125793003443902, 0.0012688055102410732, 0.0018125793003443901, 0.003987674460757658, 0.0068878013413086825, 0.014500634402755121, 0.025376110204821462, 0.04404567699836868, 0.06543411274243248, 0.09642921877832156, 0.11836142831248866, 0.15914446257023745, 0.11727388073228204, 0.15207540329889432, 0.0701468189233279, 0.04332064527823092, 0.03679535979699112, 0.015406924052927316, 0.0061627696211709266, 0.010512959941997463, 0.004531448250860975, 0.0029001268805510243, 0.0009062896501721951, 0.0009062896501721951, 0.0009062896501721951, 0.0, 0.0, 0.0], [0.0, 0.0, 0.0002493143854400399, 0.0002493143854400399, 0.0017452006980802793, 0.0032410870107205184, 0.0014958863126402393, 0.005484916479680878, 0.011219147344801795, 0.017701321366242834, 0.030665669409124907, 0.0468711044627275, 0.06606831214161057, 0.09224632261281476, 0.11468461730241834, 0.1288955372725006, 0.1306407379705809, 0.09598603839441536, 0.10196958364497631, 0.0456245325355273, 0.029419097481924707, 0.031413612565445025, 0.014210919970082274, 0.006482174021441037, 0.012465719272001994, 0.005484916479680878, 0.002243829468960359, 0.002742458239840439, 0.0002493143854400399, 0.0002493143854400399, 0.0, 0.0, 0.0], [0.00018611576400521124, 0.0, 0.0005583472920156337, 0.0013028103480364787, 0.0005583472920156337, 0.0013028103480364787, 0.0033500837520938024, 0.007072399032198027, 0.01191140889633352, 0.019914386748557604, 0.032198027172901544, 0.05267076121347478, 0.07426018983807929, 0.10217755443886097, 0.12488367764749675, 0.12823376139959056, 0.13623673925181462, 0.0794714312302252, 0.11334450027917364, 0.03927042620509957, 0.022892238972640984, 0.023078354736646194, 0.010050251256281407, 0.00446677833612507, 0.005211241392145915, 0.0018611576400521124, 0.0005583472920156337, 0.0013028103480364787, 0.0013028103480364787, 0.0003722315280104225, 0.0, 0.0, 0.0], [0.0, 0.0, 0.00012627857052658164, 0.0002525571410531633, 0.00037883571157974494, 0.0002525571410531633, 0.0008839499936860714, 0.0016416214168455613, 0.002778128551584796, 0.006313928526329082, 0.012501578482131582, 0.014143199898977143, 0.02765500694532138, 0.03396893547165046, 0.14610430609925495, 0.15759565601717387, 0.17413814875615607, 0.11200909205707792, 0.17489582017931557, 0.04735446394746812, 0.025255714105316327, 0.028917792650587196, 0.010228564212653113, 0.006313928526329082, 0.00846066422528097, 0.003156964263164541, 0.0012627857052658164, 0.0010102285642126531, 0.0018941785578987247, 0.0005051142821063266, 0.0, 0.0, 0.0], [0.0, 0.0, 0.0, 0.00625, 0.00625, 0.00625, 0.0, 0.01875, 0.05, 0.09375, 0.0625, 0.08125, 0.075, 0.0625, 0.04375, 0.125, 0.0875, 0.08125, 0.0375, 0.04375, 0.05, 0.0125, 0.03125, 0.0, 0.00625, 0.00625, 0.0, 0.0125, 0.0, 0.0, 0.0, 0.0, 0.0], [0.00022376370552696352, 0.00011188185276348176, 0.0, 0.0, 0.0, 0.00011188185276348176, 0.00022376370552696352, 0.0010069366748713358, 0.0022376370552696354, 0.0045871559633027525, 0.007272320429626314, 0.009957484895949878, 0.02159319758335198, 0.029648690982322666, 0.05191317968225554, 0.15876034907138062, 0.2275676885209219, 0.14947415529201163, 0.15439695681360482, 0.06545088386663683, 0.03781606623405684, 0.03748042067576639, 0.013537704184381293, 0.006936674871335869, 0.010964421570821213, 0.004027746699485343, 0.00190199149697919, 0.0022376370552696354, 0.0005594092638174089, 0.0, 0.0, 0.0, 0.0], [0.0, 0.0, 0.0, 0.00012128562765312311, 0.0, 0.00012128562765312311, 0.0009702850212249849, 0.0003638568829593693, 0.001212856276531231, 0.002183141297756216, 0.0044875682231655546, 0.006791995148574894, 0.011279563371740449, 0.015767131594906003, 0.027653123104912067, 0.10321406913280776, 0.18932686476652516, 0.15160703456640387, 0.21346270466949666, 0.09157064887810794, 0.05821710127349909, 0.0572468162522741, 0.02025469981807156, 0.010915706488781079, 0.019405700424499697, 0.0072771376591873865, 0.003395997574287447, 0.0008489993935718618, 0.0015767131594906004, 0.00024257125530624622, 0.00048514251061249243, 0.0, 0.0], [0.00019845207382417147, 9.922603691208574e-05, 0.0, 0.00019845207382417147, 0.00019845207382417147, 0.0005953562214725144, 0.0007938082952966859, 0.001885294701329629, 0.002976781107362572, 0.005457432030164715, 0.010021829728120659, 0.013395514983131573, 0.017563008533439173, 0.024707283191109347, 0.03353840047628498, 0.14139710259972216, 0.16798968049216115, 0.1390156777138321, 0.19031553879738045, 0.08543361778130582, 0.05120063504663624, 0.057253423298273466, 0.021532050009922605, 0.011212542171065688, 0.014288549315340345, 0.004465171661043858, 0.0023814248858900575, 0.001488390553681286, 0.00039690414764834294, 0.0, 0.0, 0.0, 0.0], [0.0, 0.0, 0.0, 0.001447178002894356, 0.001447178002894356, 0.0, 0.0, 0.00723589001447178, 0.00723589001447178, 0.005788712011577424, 0.013024602026049204, 0.02604920405209841, 0.04341534008683068, 0.08683068017366136, 0.12301013024602026, 0.1736613603473227, 0.17221418234442837, 0.12445730824891461, 0.12011577424023155, 0.049204052098408106, 0.023154848046309694, 0.013024602026049204, 0.001447178002894356, 0.00723589001447178, 0.0, 0.0, 0.0, 0.0, 0.0, 0.0, 0.0, 0.0, 0.0], [0.0, 0.0, 0.0, 9.295408068414203e-05, 0.0, 9.295408068414203e-05, 0.0002788622420524261, 0.0007436326454731362, 0.0016731734523145567, 0.004833612195575386, 0.007250418293363078, 0.01236289273099089, 0.02147239263803681, 0.02788622420524261, 0.04043502509760179, 0.04796430563301729, 0.08719092768172523, 0.1685257482803495, 0.2850901654582636, 0.09713701431492842, 0.05893288715374605, 0.07547871351552334, 0.01998512734709054, 0.010224948875255624, 0.019892173266406396, 0.005112474437627812, 0.0025097601784718347, 0.0023238520171035507, 0.0023238520171035507, 0.00018590816136828406, 0.0, 0.0, 0.0], [0.00010034115994380895, 0.00010034115994380895, 0.00010034115994380895, 0.0, 0.00030102347983142685, 0.0004013646397752358, 0.00030102347983142685, 0.0009030704394942806, 0.0011037527593818985, 0.005217740317078065, 0.00953241019466185, 0.0190648203893237, 0.032109171182018864, 0.0448524984948826, 0.0640176600441501, 0.07575757575757576, 0.09482239614689945, 0.20921131848284166, 0.23128637367047963, 0.09151113786875377, 0.046257274734095924, 0.041842263696568335, 0.014950832831627533, 0.006421834236403773, 0.004214328717639976, 0.001806140878988561, 0.0034115994380895043, 0.0004013646397752358, 0.0, 0.0, 0.0, 0.0, 0.0], [0.0, 0.00010902747492368077, 0.0, 0.00010902747492368077, 0.00010902747492368077, 0.0003270824247710423, 0.0007631923244657653, 0.0017444395987788923, 0.002289576973397296, 0.004579153946794592, 0.008613170518970781, 0.014064544265154818, 0.05091583078935892, 0.0844962930658526, 0.11327954644570432, 0.14086349760139555, 0.15830789358918448, 0.11546009594417793, 0.13813781072830353, 0.06258177060619276, 0.03815961622328827, 0.03390754470126472, 0.014282599215002181, 0.006105538595726123, 0.0056694286960314, 0.0025076319232446576, 0.0013083296990841692, 0.0013083296990841692, 0.0, 0.0, 0.0, 0.0, 0.0], [0.0, 0.0, 0.0, 0.0, 0.0002404713237946375, 0.0, 0.0008416496332812313, 0.002404713237946375, 0.004929662137790069, 0.007935553685223038, 0.016712757003727305, 0.025489960322231574, 0.0423229529878562, 0.06757244198629314, 0.10352290489359144, 0.1256462666826981, 0.1533004689190814, 0.09811230010821209, 0.16664662738968378, 0.0590357099915835, 0.03703258386437417, 0.03835517614524468, 0.01611157869424071, 0.006492725742455212, 0.01250450883732115, 0.005049897799687387, 0.003967776842611519, 0.002404713237946375, 0.002044006252254419, 0.000480942647589275, 0.0008416496332812313, 0.0, 0.0], [0.0, 0.00017340038148083925, 0.00017340038148083925, 0.0003468007629616785, 0.0010404022888850356, 0.0010404022888850356, 0.0017340038148083927, 0.0026010057222125888, 0.005548812207386856, 0.017860239292526444, 0.042309693081324776, 0.059996531992370386, 0.07889717357378186, 0.10490723079590775, 0.12571527657360845, 0.11825906016993237, 0.14669672273279002, 0.07750997052193515, 0.11427085139587308, 0.029824865614704352, 0.023929252644355817, 0.02080804577770071, 0.008496618692561124, 0.00450840991850182, 0.0071094156407144095, 0.0020808045777700713, 0.0020808045777700713, 0.00017340038148083925, 0.0010404022888850356, 0.0008670019074041963, 0.0, 0.0, 0.0], [0.0, 0.0, 0.0, 0.0007270964614638875, 0.0009694619486185168, 0.0021812893843916625, 0.003877847794474067, 0.0067862336403296175, 0.013572467280659235, 0.015269025690741638, 0.026417838099854582, 0.04289869122636936, 0.05380513814832768, 0.08191953465826467, 0.12360639844886089, 0.13136209403780902, 0.14929714008725156, 0.09621909840038778, 0.11027629665535628, 0.048230731943771206, 0.027629665535627727, 0.022539990305380515, 0.012360639844886088, 0.009694619486185167, 0.00872515753756665, 0.003150751333010179, 0.002666020358700921, 0.0033931168201648087, 0.001454192922927775, 0.0009694619486185168, 0.0, 0.0, 0.0], [0.0002247696111485727, 0.0, 0.0, 0.0, 0.0004495392222971454, 0.0004495392222971454, 0.0016857720836142953, 0.0033715441672285905, 0.004944931445268599, 0.00955270847381434, 0.017419644864014386, 0.04124522364576309, 0.08451337379186334, 0.11980220274218925, 0.14688694088559226, 0.15126994830298943, 0.13812092605079793, 0.08035513598561475, 0.09563946954371769, 0.03416498089458305, 0.020791189031242975, 0.02438750280962014, 0.009103169251517195, 0.004383007417397168, 0.007192627556754327, 0.0022476961114857273, 0.0005619240278714318, 0.0008990784445942908, 0.00011238480557428635, 0.0002247696111485727, 0.0, 0.0, 0.0], [0.0, 0.0, 0.0, 0.0002840909090909091, 0.00014204545454545454, 0.00014204545454545454, 0.0014204545454545455, 0.0004261363636363636, 0.0019886363636363634, 0.004545454545454545, 0.007670454545454545, 0.009232954545454546, 0.014630681818181819, 0.06178977272727273, 0.11420454545454546, 0.13920454545454544, 0.1734375, 0.11107954545454546, 0.16633522727272726, 0.05909090909090909, 0.037073863636363634, 0.041193181818181816, 0.01875, 0.007954545454545454, 0.014488636363636363, 0.004829545454545454, 0.005113636363636364, 0.0022727272727272726, 0.001846590909090909, 0.0005681818181818182, 0.0002840909090909091, 0.0, 0.0], [0.0, 0.0, 0.00017304031839418584, 0.0003460806367883717, 0.001038241910365115, 0.0013843225471534867, 0.002249524139124416, 0.0046720885966430176, 0.007613774009344178, 0.0183422737497837, 0.03045509603737671, 0.04170271673299879, 0.06800484512891504, 0.09136528811213013, 0.11732133587125801, 0.1320297629347638, 0.14500778681432774, 0.08980792524658246, 0.12406990828863125, 0.04499048278248832, 0.026994289669492993, 0.021976120436061602, 0.01038241910365115, 0.004499048278248832, 0.005537290188613947, 0.001211282228759301, 0.002249524139124416, 0.003806887004672089, 0.0025956047759127876, 0.00017304031839418584, 0.0, 0.0, 0.0], [0.00011853959222380275, 0.0, 0.0, 0.0, 0.00011853959222380275, 0.0010668563300142249, 0.0007112375533428165, 0.002370791844476055, 0.002844950213371266, 0.005808440018966334, 0.013750592697961118, 0.021692745376955903, 0.03485064011379801, 0.04243717401612138, 0.05820293978188715, 0.1164058795637743, 0.20945945945945946, 0.14983404457088667, 0.16109530583214793, 0.07207207207207207, 0.04504504504504504, 0.033072546230440966, 0.013276434329065908, 0.005452821242294926, 0.005571360834518729, 0.0020151730678046468, 0.0022522522522522522, 0.00035561877667140827, 0.00011853959222380275, 0.0, 0.0, 0.0, 0.0], [0.0, 0.0, 0.0, 0.00015015015015015014, 0.00015015015015015014, 0.00045045045045045046, 0.0006006006006006006, 0.0016516516516516516, 0.002702702702702703, 0.005705705705705706, 0.023873873873873873, 0.03303303303303303, 0.06831831831831832, 0.09684684684684684, 0.13288288288288289, 0.14594594594594595, 0.15615615615615616, 0.1033033033033033, 0.11066066066066066, 0.04264264264264264, 0.025525525525525526, 0.01996996996996997, 0.00975975975975976, 0.0045045045045045045, 0.0075075075075075074, 0.0025525525525525524, 0.002702702702702703, 0.0012012012012012011, 0.0012012012012012011, 0.0, 0.0, 0.0, 0.0], [0.0, 0.0, 0.0, 0.00015530361857431278, 0.0, 0.00046591085572293835, 0.0009318217114458767, 0.0009318217114458767, 0.002329554278614692, 0.0017083398043174407, 0.0052803230315266346, 0.010871253300201895, 0.0400683335921727, 0.06429569808976549, 0.0922503494331418, 0.11787544649790341, 0.15561422581146142, 0.10995496195061345, 0.17937567945333127, 0.07019723559558938, 0.04162136977791583, 0.04628047833514521, 0.020344774033234973, 0.011026556918776208, 0.015840969094579903, 0.006367448361546824, 0.00279546513433763, 0.0007765180928715639, 0.002329554278614692, 0.00031060723714862557, 0.0, 0.0, 0.0], [0.0, 0.0, 0.0001168633867009466, 0.0, 0.0002337267734018932, 0.0003505901601028398, 0.0003505901601028398, 0.0012854972537104125, 0.0010517704803085194, 0.0035059016010283977, 0.0067780764286549024, 0.01612714736473063, 0.02676171555451677, 0.044758677106462544, 0.05515951852284679, 0.1579992988196798, 0.18172256631997194, 0.11031903704569358, 0.18172256631997194, 0.06450858945892252, 0.04429122355965876, 0.03973355147832184, 0.023489540726890266, 0.012153792216898445, 0.016360874138132524, 0.004323945307935024, 0.002921584667523665, 0.0021035409606170387, 0.0010517704803085194, 0.0008180437069066262, 0.0, 0.0, 0.0], [0.0, 0.0, 0.0, 0.0, 9.546539379474941e-05, 9.546539379474941e-05, 9.546539379474941e-05, 0.0008591885441527447, 0.0018138424821002386, 0.004868735083532219, 0.009069212410501194, 0.016801909307875895, 0.027971360381861574, 0.036372315035799525, 0.05412887828162291, 0.058042959427207635, 0.07140811455847255, 0.07723150357995227, 0.3295465393794749, 0.11436754176610979, 0.06501193317422434, 0.0724582338902148, 0.018329355608591884, 0.009069212410501194, 0.019570405727923627, 0.004964200477326969, 0.003054892601431981, 0.0024821002386634845, 0.0018138424821002386, 0.00047732696897374703, 0.0, 0.0, 0.0], [0.0, 0.0, 0.0, 0.0, 0.0, 0.00010197838058331633, 0.0006118702834998981, 0.00305935141749949, 0.005404854170915766, 0.00978992453599837, 0.01835610850499694, 0.033856822353661026, 0.05098919029165817, 0.07729961248215378, 0.11503161329798083, 0.13716092188456047, 0.17397511727513768, 0.10952478074648174, 0.15470120334489088, 0.04721599021007546, 0.023760962675912708, 0.024678768101162554, 0.0064246379767489295, 0.0032633081786661226, 0.0024474811339995923, 0.0006118702834998981, 0.0008158270446665307, 0.0006118702834998981, 0.00030593514174994904, 0.0, 0.0, 0.0, 0.0], [0.0, 0.0029940119760479044, 0.0, 0.0029940119760479044, 0.005988023952095809, 0.020958083832335328, 0.020958083832335328, 0.038922155688622756, 0.08383233532934131, 0.059880239520958084, 0.05089820359281437, 0.07784431137724551, 0.08083832335329341, 0.11676646706586827, 0.11976047904191617, 0.10479041916167664, 0.08083832335329341, 0.04790419161676647, 0.041916167664670656, 0.014970059880239521, 0.011976047904191617, 0.008982035928143712, 0.0, 0.005988023952095809, 0.0, 0.0, 0.0, 0.0, 0.0, 0.0, 0.0, 0.0, 0.0]]}, "ranks": {"labels": ["Unranked", "Combatatent I", "Combatatent II", "Challenger I", "Challenger II", "Rival I", "Rival II", "Duelist", "Elite"], "data": [[0.13110181311018132, 0.18410041841004185, 0.2510460251046025, 0.2315202231520223, 0.1087866108786611, 0.05718270571827057, 0.01813110181311018, 0.01813110181311018, 0.0], [0.062468257998984256, 0.09344845099035043, 0.17673946165566276, 0.26663280853224985, 0.22651091924834943, 0.12417470797359066, 0.031234128999492128, 0.013712544438801422, 0.005078720162519045], [0.007683995677752431, 0.012246368111417938, 0.03109617000840437, 0.06327290190899268, 0.25045023412174333, 0.4161363909232801, 0.09232801056549406, 0.09424900948493216, 0.032536919197982954], [0.015332397003745318, 0.024461610486891387, 0.05372191011235955, 0.09257958801498127, 0.11317883895131087, 0.35135767790262173, 0.16116573033707865, 0.14396067415730338, 0.04424157303370786], [0.18134715025906736, 0.16062176165803108, 0.21761658031088082, 0.19689119170984457, 0.10880829015544041, 0.09326424870466321, 0.03626943005181347, 0.0051813471502590676, 0.0], [0.007437749272394093, 0.018540476447127304, 0.08968416513959254, 0.2722862994502533, 0.28759297186590493, 0.18109302576263878, 0.0571305378894039, 0.06295138514606015, 0.023283389026624985], [0.08243435782617545, 0.11968247506615103, 0.20659474862609403, 0.24160390799918582, 0.1866476694484022, 0.09077956442092408, 0.028088744148178302, 0.02890291064522695, 0.015265621819662121], [0.26756756756756755, 0.24594594594594596, 0.21081081081081082, 0.14054054054054055, 0.06486486486486487, 0.03783783783783784, 0.02702702702702703, 0.005405405405405406, 0.0], [0.03261217094745817, 0.06000213151444101, 0.0870723649152723, 0.12362783757859959, 0.3364595545134818, 0.18213790898433338, 0.07151230949589683, 0.0775871256527763, 0.028988596397740596], [0.015354330708661417, 0.02874015748031496, 0.05984251968503937, 0.1405511811023622, 0.19330708661417323, 0.21181102362204723, 0.10826771653543307, 0.15669291338582678, 0.08543307086614173], [0.03049215406562054, 0.05135520684736091, 0.11697574893009986, 0.2268188302425107, 0.24964336661911554, 0.18063480741797433, 0.06258915834522111, 0.05848787446504993, 0.023002853067047076], [0.08106158949949517, 0.1339968267705178, 0.2176546949372566, 0.2599163421318333, 0.1625558921101976, 0.07586903216500793, 0.031011106303187652, 0.027549401413529497, 0.01038511466897447], [0.01394575230296827, 0.03249744114636643, 0.06141248720573183, 0.09211873080859775, 0.37922210849539406, 0.2580603889457523, 0.0720317297850563, 0.06870522006141248, 0.022006141248720572], [0.01788702928870293, 0.0350418410041841, 0.08880753138075313, 0.2907949790794979, 0.2803347280334728, 0.1662133891213389, 0.05376569037656904, 0.049476987447698746, 0.017677824267782426], [0.014863150262823999, 0.03987674460757658, 0.10947978974080116, 0.21479064709081022, 0.27641834330251946, 0.1905020844661954, 0.07504078303425775, 0.05836505347108936, 0.02066340402392605], [0.04138618798304662, 0.0775367738718524, 0.15831463475442534, 0.24358015457491897, 0.22662677636499626, 0.1269010221889803, 0.05011219147344802, 0.052106706556968335, 0.02343555223136375], [0.04615670947329239, 0.08486878838637632, 0.17643774427694026, 0.2531174390470873, 0.21570817048203983, 0.1375395495998511, 0.03796761585706309, 0.03759538432905267, 0.01060859854829704], [0.012627857052658164, 0.026644778381108725, 0.06162394241697184, 0.30369996211642886, 0.286147240813234, 0.20204571284253062, 0.04546028538956939, 0.04546028538956939, 0.01628993559792903], [0.18125, 0.14375, 0.1375, 0.16875, 0.16875, 0.05625, 0.075, 0.04375, 0.025], [0.008503020810024613, 0.017229805325576192, 0.051241888565674645, 0.21067352875363615, 0.37704184381293354, 0.19344372342805996, 0.06422018348623854, 0.057954799731483556, 0.01969120608637279], [0.004972710733778047, 0.011279563371740449, 0.027046694966646453, 0.13086719223771984, 0.34093389933292906, 0.2641600970285021, 0.09909035779260157, 0.08841722255912675, 0.03323226197695573], [0.012403254614010716, 0.023417344711252234, 0.04227029172454852, 0.17493550307600714, 0.30700535820599323, 0.23734868029370906, 0.08960111133161341, 0.08999801547926176, 0.02302044056360389], [0.023154848046309694, 0.03907380607814761, 0.13024602026049203, 0.29667149059334297, 0.29667149059334297, 0.14905933429811866, 0.04341534008683068, 0.02170767004341534, 0.0], [0.007715188696783789, 0.019613311024353968, 0.04935861684327942, 0.08839933073061908, 0.25571667596207476, 0.3418851087562744, 0.09927495817066369, 0.10568878973786949, 0.03234802007808143], [0.00852899859522376, 0.028597230583985552, 0.07696166967690146, 0.13977523580172588, 0.3040337146297411, 0.2826610475617098, 0.08639373871161951, 0.06321493076459964, 0.009833433674493278], [0.01003052769297863, 0.0226777147841256, 0.1354121238552115, 0.25414304404709986, 0.2737679895333624, 0.1735717400784998, 0.06530745747928478, 0.05429568251199302, 0.010793720017444396], [0.01635205001803535, 0.04220271732595888, 0.10989539497414934, 0.22916917157628952, 0.2514127690272935, 0.1975471924972947, 0.06516772874834675, 0.0609594805819406, 0.027293495250691354], [0.030518467140627708, 0.10230622507369516, 0.18380440436968962, 0.24397433674354083, 0.22420669325472517, 0.13057048725507195, 0.03745448239986128, 0.03381307438876366, 0.013351829374024623], [0.043383422200678624, 0.06931652932622395, 0.13572467280659234, 0.2549684924866699, 0.24551623848763937, 0.13742123121667474, 0.04871546291808047, 0.04459524963645177, 0.02035870092098885], [0.02067880422566869, 0.05866486850977748, 0.2043155765340526, 0.2981568891885817, 0.21847606203641268, 0.11418296246347494, 0.03641267700606878, 0.037873679478534504, 0.011238480557428635], [0.008948863636363637, 0.01690340909090909, 0.07642045454545454, 0.2534090909090909, 0.2845170454545455, 0.19829545454545455, 0.06420454545454546, 0.06789772727272728, 0.02940340909090909], [0.03581934590759647, 0.0721578127703755, 0.15937013324104515, 0.2493510988060218, 0.2348157120609102, 0.1503720366845475, 0.045682644056065064, 0.036857587817961585, 0.015573628655476726], [0.013039355144618302, 0.03544333807491702, 0.07728781412991939, 0.17460881934566144, 0.35929350403034616, 0.20068752963489805, 0.077524893314367, 0.0518018018018018, 0.010312944523470839], [0.011411411411411412, 0.056906906906906904, 0.16516516516516516, 0.2788288288288288, 0.2594594594594595, 0.1340840840840841, 0.04474474474474475, 0.03423423423423423, 0.015165165165165166], [0.006522751980121136, 0.01615157633172853, 0.10436403168193818, 0.2101257959310452, 0.26556918776207483, 0.21726976238546358, 0.07392452244137289, 0.07765180928715638, 0.02842056219909924], [0.006894939815355849, 0.022905223793385533, 0.07152039266097932, 0.2131588173425266, 0.29204160336566554, 0.21654785555685405, 0.07397452378169919, 0.07537688442211055, 0.027579759261423396], [0.007828162291169451, 0.025871121718377087, 0.0643436754176611, 0.11217183770883055, 0.14863961813842483, 0.3926491646778043, 0.11627684964200477, 0.09985680190930787, 0.03236276849642005], [0.018967978788496837, 0.05221293085865796, 0.12828880277381194, 0.2521925351825413, 0.2834998980216194, 0.18192943096063635, 0.043748725270242705, 0.034366714256577606, 0.004792983887415868], [0.23652694610778444, 0.12874251497005987, 0.19760479041916168, 0.2245508982035928, 0.12874251497005987, 0.04491017964071856, 0.023952095808383235, 0.014970059880239521, 0.0]]}, "ranksDetailed": {"labels": ["Unranked", "Combatatant", "Challenger", "Rival", "Duelist", "Elite"], "data": [[0.13110181311018132, 0.4351464435146444, 0.3403068340306834, 0.07531380753138076, 0.01813110181311018, 0.0], [0.062468257998984256, 0.2701879126460132, 0.4931437277805993, 0.15540883697308278, 0.013712544438801422, 0.005078720162519045], [0.007683995677752431, 0.043342538119822305, 0.313723136030736, 0.5084644014887741, 0.09424900948493216, 0.032536919197982954], [0.015332397003745318, 0.07818352059925093, 0.20575842696629212, 0.5125234082397003, 0.14396067415730338, 0.04424157303370786], [0.18134715025906736, 0.37823834196891193, 0.30569948186528495, 0.12953367875647667, 0.0051813471502590676, 0.0], [0.007437749272394093, 0.10822464158671985, 0.5598792713161582, 0.2382235636520427, 0.06295138514606015, 0.023283389026624985], [0.08243435782617545, 0.32627722369224504, 0.428251577447588, 0.11886830856910238, 0.02890291064522695, 0.015265621819662121], [0.26756756756756755, 0.45675675675675675, 0.20540540540540542, 0.06486486486486487, 0.005405405405405406, 0.0], [0.03261217094745817, 0.14707449642971332, 0.46008739209208144, 0.2536502184802302, 0.0775871256527763, 0.028988596397740596], [0.015354330708661417, 0.08858267716535433, 0.33385826771653543, 0.32007874015748033, 0.15669291338582678, 0.08543307086614173], [0.03049215406562054, 0.16833095577746077, 0.4764621968616263, 0.24322396576319544, 0.05848787446504993, 0.023002853067047076], [0.08106158949949517, 0.3516515217077744, 0.42247223424203084, 0.10688013846819559, 0.027549401413529497, 0.01038511466897447], [0.01394575230296827, 0.09390992835209826, 0.4713408393039918, 0.33009211873080857, 0.06870522006141248, 0.022006141248720572], [0.01788702928870293, 0.12384937238493723, 0.5711297071129707, 0.21997907949790796, 0.049476987447698746, 0.017677824267782426], [0.014863150262823999, 0.14935653434837773, 0.4912089903933297, 0.26554286750045314, 0.05836505347108936, 0.02066340402392605], [0.04138618798304662, 0.23585140862627774, 0.4702069309399152, 0.1770132136624283, 0.052106706556968335, 0.02343555223136375], [0.04615670947329239, 0.2613065326633166, 0.4688256095291271, 0.1755071654569142, 0.03759538432905267, 0.01060859854829704], [0.012627857052658164, 0.08826872079808057, 0.5898472029296629, 0.2475059982321, 0.04546028538956939, 0.01628993559792903], [0.18125, 0.28125, 0.3375, 0.13125, 0.04375, 0.025], [0.008503020810024613, 0.06847169389125084, 0.5877153725665697, 0.2576639069142985, 0.057954799731483556, 0.01969120608637279], [0.004972710733778047, 0.038326258338386904, 0.47180109157064887, 0.3632504548211037, 0.08841722255912675, 0.03323226197695573], [0.012403254614010716, 0.06568763643580075, 0.4819408612820004, 0.3269497916253225, 0.08999801547926176, 0.02302044056360389], [0.023154848046309694, 0.16931982633863965, 0.5933429811866859, 0.19247467438494936, 0.02170767004341534, 0.0], [0.007715188696783789, 0.06897192786763338, 0.3441160066926938, 0.4411600669269381, 0.10568878973786949, 0.03234802007808143], [0.00852899859522376, 0.10555890026088702, 0.443808950431467, 0.3690547862733293, 0.06321493076459964, 0.009833433674493278], [0.01003052769297863, 0.15808983863933712, 0.5279110335804623, 0.23887919755778456, 0.05429568251199302, 0.010793720017444396], [0.01635205001803535, 0.15209811230010822, 0.480581940603583, 0.26271492124564144, 0.0609594805819406, 0.027293495250691354], [0.030518467140627708, 0.2861106294433848, 0.468181029998266, 0.16802496965493324, 0.03381307438876366, 0.013351829374024623], [0.043383422200678624, 0.2050412021328163, 0.5004847309743092, 0.1861366941347552, 0.04459524963645177, 0.02035870092098885], [0.02067880422566869, 0.26298044504383006, 0.5166329512249944, 0.1505956394695437, 0.037873679478534504, 0.011238480557428635], [0.008948863636363637, 0.09332386363636364, 0.5379261363636364, 0.2625, 0.06789772727272728, 0.02940340909090909], [0.03581934590759647, 0.23152794601142065, 0.484166810866932, 0.19605468074061255, 0.036857587817961585, 0.015573628655476726], [0.013039355144618302, 0.11273115220483641, 0.5339023233760076, 0.27821242294926507, 0.0518018018018018, 0.010312944523470839], [0.011411411411411412, 0.22207207207207208, 0.5382882882882883, 0.17882882882882883, 0.03423423423423423, 0.015165165165165166], [0.006522751980121136, 0.12051560801366672, 0.4756949836931201, 0.29119428482683646, 0.07765180928715638, 0.02842056219909924], [0.006894939815355849, 0.09442561645436484, 0.5052004207081922, 0.29052237933855324, 0.07537688442211055, 0.027579759261423396], [0.007828162291169451, 0.09021479713603818, 0.26081145584725535, 0.5089260143198091, 0.09985680190930787, 0.03236276849642005], [0.018967978788496837, 0.1805017336324699, 0.5356924332041607, 0.22567815623087906, 0.034366714256577606, 0.004792983887415868], [0.23652694610778444, 0.3263473053892216, 0.3532934131736527, 0.0688622754491018, 0.014970059880239521, 0.0]]}}}, "eu": {"histType": {"histogram": {"labels": ["0", "100", "200", "300", "400", "500", "600", "700", "800", "900", "1000", "1100", "1200", "1300", "1400", "1500", "1600", "1700", "1800", "1900", "2000", "2100", "2200", "2300", "2400", "2500", "2600", "2700", "2800", "2900", "3000", "3100", "3200"], "data": [[0.0, 0.0, 0.0018656716417910447, 0.0, 0.0018656716417910447, 0.007462686567164179, 0.013059701492537313, 0.026119402985074626, 0.048507462686567165, 0.07835820895522388, 0.07835820895522388, 0.10820895522388059, 0.10261194029850747, 0.11940298507462686, 0.1417910447761194, 0.09328358208955224, 0.06343283582089553, 0.033582089552238806, 0.03544776119402985, 0.016791044776119403, 0.013059701492537313, 0.005597014925373134, 0.0037313432835820895, 0.007462686567164179, 0.0, 0.0, 0.0, 0.0, 0.0, 0.0, 0.0, 0.0, 0.0], [0.0, 0.0002797985450475658, 0.0008393956351426973, 0.001119194180190263, 0.0016787912702853946, 0.00391717963066592, 0.006994963626189144, 0.010912143256855064, 0.019585898153329603, 0.03441522104085059, 0.045327364297705654, 0.062395075545607165, 0.0817011751538892, 0.10436485730274203, 0.13514269725797426, 0.13038612199216565, 0.14185786233911585, 0.06883044208170118, 0.09457190822607722, 0.024062674874090653, 0.012031337437045327, 0.00923335198656967, 0.004196978175713486, 0.0027979854504756574, 0.00195858981533296, 0.001119194180190263, 0.0002797985450475658, 0.0, 0.0, 0.0, 0.0, 0.0, 0.0], [0.0, 0.0, 0.0, 0.00012088974854932302, 0.00012088974854932302, 0.00012088974854932302, 0.0, 0.0007253384912959381, 0.0019342359767891683, 0.0026595744680851063, 0.005802707930367505, 0.009550290135396518, 0.011968085106382979, 0.0152321083172147, 0.025145067698259187, 0.03505802707930367, 0.18036750483558994, 0.15413442940038685, 0.32591876208897486, 0.08014990328820117, 0.0519825918762089, 0.0514990328820116, 0.01813346228239845, 0.007978723404255319, 0.011847195357833656, 0.0051982591876208895, 0.0018133462282398452, 0.0021760154738878143, 0.00012088974854932302, 0.00024177949709864604, 0.0, 0.0, 0.0], [0.0, 0.0, 0.0, 0.00011267605633802817, 0.00011267605633802817, 0.00022535211267605634, 0.0007887323943661971, 0.0020281690140845072, 0.0024788732394366198, 0.005746478873239437, 0.011154929577464789, 0.017014084507042254, 0.020619718309859154, 0.026028169014084508, 0.04225352112676056, 0.05295774647887324, 0.07481690140845071, 0.04991549295774648, 0.2767323943661972, 0.14873239436619717, 0.09295774647887324, 0.08890140845070423, 0.030985915492957747, 0.013521126760563381, 0.024338028169014085, 0.008, 0.00428169014084507, 0.0015774647887323943, 0.003492957746478873, 0.00022535211267605634, 0.0, 0.0, 0.0], [0.0, 0.0, 0.0, 0.0, 0.0, 0.021739130434782608, 0.02717391304347826, 0.04891304347826087, 0.06521739130434782, 0.04891304347826087, 0.07608695652173914, 0.08152173913043478, 0.06521739130434782, 0.11956521739130435, 0.09239130434782608, 0.14673913043478262, 0.03260869565217391, 0.06521739130434782, 0.03260869565217391, 0.04891304347826087, 0.005434782608695652, 0.005434782608695652, 0.0, 0.005434782608695652, 0.010869565217391304, 0.0, 0.0, 0.0, 0.0, 0.0, 0.0, 0.0, 0.0], [0.0, 0.0, 0.00010699764605178686, 0.00021399529210357372, 0.00032099293815536056, 0.00010699764605178686, 0.00021399529210357372, 0.0011769741065696556, 0.0019259576289321636, 0.003958912903916114, 0.007917825807832228, 0.012090734003851916, 0.01840359512090734, 0.09116199443612241, 0.1293601540766103, 0.13738497753049433, 0.16317141022897497, 0.11127755189385834, 0.1491547185961909, 0.05628076182323989, 0.036272202011555746, 0.03916113845495399, 0.01433768457093944, 0.005349882302589343, 0.010699764605178685, 0.004386903488123262, 0.0026749411512946714, 0.000748983522362508, 0.0017119623368285898, 0.00032099293815536056, 0.00010699764605178686, 0.0, 0.0], [0.00019051247856734617, 0.00019051247856734617, 0.0007620499142693847, 0.0015240998285387694, 0.0030481996570775388, 0.004191274528481615, 0.007239474185559154, 0.012764336064012193, 0.025147647170889693, 0.04000762049914269, 0.059249380834444657, 0.07544294151266907, 0.09430367689083635, 0.11