{"region": {"us": {"histType": {"histogram": {"labels": ["0", "100", "200", "300", "400", "500", "600", "700", "800", "900", "1000", "1100", "1200", "1300", "1400", "1500", "1600", "1700", "1800", "1900", "2000", "2100", "2200", "2300", "2400", "2500", "2600", "2700", "2800", "2900", "3000", "3100", "3200"], "data": [[0.0, 0.0, 0.003215434083601286, 0.003215434083601286, 0.006430868167202572, 0.006430868167202572, 0.022508038585209004, 0.012861736334405145, 0.03215434083601286, 0.028938906752411574, 0.0707395498392283, 0.07395498392282958, 0.08360128617363344, 0.1189710610932476, 0.10610932475884244, 0.11254019292604502, 0.09967845659163987, 0.05466237942122187, 0.05466237942122187, 0.04823151125401929, 0.028938906752411574, 0.00964630225080386, 0.00964630225080386, 0.0, 0.012861736334405145, 0.0, 0.0, 0.0, 0.0, 0.0, 0.0, 0.0, 0.0], [0.0, 0.0008244023083264633, 0.0, 0.00041220115416323167, 0.0008244023083264633, 0.0016488046166529267, 0.00494641384995878, 0.010717230008244023, 0.011129431162407255, 0.01978565539983512, 0.03462489694971146, 0.04245671887881286, 0.06389117889530091, 0.07460840890354493, 0.10057708161582853, 0.12118713932399011, 0.1471558120362737, 0.08944765045342128, 0.15210222588623248, 0.055647155812036275, 0.024319868095630668, 0.016488046166529265, 0.00989282769991756, 0.00494641384995878, 0.00494641384995878, 0.0016488046166529267, 0.0032976092333058533, 0.002061005770816158, 0.00041220115416323167, 0.0, 0.0, 0.0, 0.0], [0.00014196479273140261, 0.0, 0.0, 0.00028392958546280523, 0.00028392958546280523, 0.00028392958546280523, 0.00028392958546280523, 0.0007098239636570131, 0.0034071550255536627, 0.004400908574673481, 0.007808063600227144, 0.011215218625780806, 0.017177739920499716, 0.027257240204429302, 0.037194775695627486, 0.059057353776263484, 0.0924190800681431, 0.10746734809767178, 0.28620102214650767, 0.08830210107893242, 0.06317433276547416, 0.09341283361726292, 0.027541169789892107, 0.014764338444065871, 0.03364565587734242, 0.01036342986939239, 0.004968767745599092, 0.0041169789892106755, 0.0014196479273140261, 0.002555366269165247, 0.00014196479273140261, 0.0, 0.0], [0.0, 0.0, 0.0, 0.0, 0.00013296104241457252, 0.00013296104241457252, 0.0009307272969020078, 0.0023932987634623054, 0.006249168993484909, 0.010105039223507513, 0.015556441962504986, 0.018215662810796437, 0.034038026858130566, 0.04414306608163808, 0.06209280680760537, 0.08123919691530382, 0.15037893897088153, 0.12019678234277356, 0.20928068076053716, 0.0876213269512033, 0.05464698843238931, 0.05930062491689935, 0.017683818641138146, 0.007711740460045207, 0.0120994548597261, 0.002526259805876878, 0.0011966493817311527, 0.0015955325089748703, 0.00026592208482914504, 0.0, 0.00026592208482914504, 0.0, 0.0], [0.0, 0.0, 0.0, 0.0, 0.008771929824561403, 0.0, 0.008771929824561403, 0.03508771929824561, 0.03508771929824561, 0.05263157894736842, 0.043859649122807015, 0.07894736842105263, 0.07017543859649122, 0.10526315789473684, 0.07894736842105263, 0.10526315789473684, 0.06140350877192982, 0.03508771929824561, 0.08771929824561403, 0.08771929824561403, 0.02631578947368421, 0.043859649122807015, 0.017543859649122806, 0.017543859649122806, 0.0, 0.0, 0.0, 0.0, 0.0, 0.0, 0.0, 0.0, 0.0], [0.0, 0.0, 0.0, 0.0, 0.0, 0.00013315579227696404, 0.0, 0.0018641810918774966, 0.0018641810918774966, 0.006657789613848202, 0.010252996005326231, 0.016910785619174435, 0.0303595206391478, 0.052197070572569906, 0.07390146471371505, 0.10213049267643143, 0.16018641810918774, 0.11344873501997337, 0.1766977363515313, 0.07496671105193076, 0.04380825565912117, 0.06258322237017311, 0.02077230359520639, 0.01051930758988016, 0.02130492676431425, 0.008388814913448735, 0.003328894806924101, 0.003328894806924101, 0.0021304926764314247, 0.0007989347536617843, 0.0014647137150466045, 0.0, 0.0], [0.0, 0.0, 0.0002642706131078224, 0.001321353065539112, 0.0015856236786469344, 0.003171247357293869, 0.005813953488372093, 0.008985200845665961, 0.01744186046511628, 0.024577167019027485, 0.0388477801268499, 0.04704016913319239, 0.07003171247357294, 0.08350951374207188, 0.10914376321353066, 0.12341437632135306, 0.12526427061310783, 0.08192389006342495, 0.11046511627906977, 0.0388477801268499, 0.028012684989429177, 0.029069767441860465, 0.011099365750528542, 0.007135306553911205, 0.012684989429175475, 0.006342494714587738, 0.006871035940803382, 0.0023784355179704017, 0.0018498942917547568, 0.0007928118393234672, 0.0021141649048625794, 0.0, 0.0], [0.0033333333333333335, 0.0, 0.0033333333333333335, 0.01, 0.016666666666666666, 0.013333333333333334, 0.016666666666666666, 0.05, 0.05, 0.1, 0.08666666666666667, 0.10333333333333333, 0.09, 0.10333333333333333, 0.07666666666666666, 0.06666666666666667, 0.06666666666666667, 0.03333333333333333, 0.02666666666666667, 0.03666666666666667, 0.006666666666666667, 0.013333333333333334, 0.02, 0.006666666666666667, 0.0, 0.0, 0.0, 0.0, 0.0, 0.0, 0.0, 0.0, 0.0], [0.00033467202141900936, 0.00022311468094600624, 0.0005577867023650157, 0.0005577867023650157, 0.0005577867023650157, 0.0015618027666220438, 0.00178491744756805, 0.005131637661758144, 0.009370816599732263, 0.020749665327978582, 0.033355644801427935, 0.04506916555109326, 0.057005800981704595, 0.06347612672913877, 0.08132530120481928, 0.08444890673806336, 0.14033913431503792, 0.10240963855421686, 0.1213743864346274, 0.0641454707719768, 0.045180722891566265, 0.0464078536367693, 0.020414993306559572, 0.012940651494868362, 0.02175368139223561, 0.009259259259259259, 0.005912539045069166, 0.00178491744756805, 0.0023427041499330657, 0.00022311468094600624, 0.0, 0.0, 0.0], [0.0, 0.0, 0.0, 0.0, 0.00036927621861152144, 0.00036927621861152144, 0.00036927621861152144, 0.00036927621861152144, 0.0007385524372230429, 0.005539143279172821, 0.007016248153618907, 0.005908419497784343, 0.012186115214180207, 0.021048744460856722, 0.04025110782865583, 0.06351550960118169, 0.07791728212703102, 0.08124076809453472, 0.18759231905465287, 0.08087149187592318, 0.08530280649926145, 0.12149187592319055, 0.050221565731166914, 0.025480059084194977, 0.06868537666174299, 0.022895125553914326, 0.013663220088626292, 0.014771048744460856, 0.0066469719350073855, 0.004062038404726735, 0.0014771048744460858, 0.0, 0.0], [0.0, 0.0, 0.0003245699448231094, 0.0, 0.0016228497241155468, 0.0016228497241155468, 0.0035702693930542034, 0.0038948393378773127, 0.012009087958455048, 0.018175916910094125, 0.03050957481337228, 0.0344044141512496, 0.059720869847452125, 0.0723790976955534, 0.09217786432976306, 0.11197663096397274, 0.14053878610840637, 0.09120415449529373, 0.15092502434274585, 0.054527750730282376, 0.03635183382018825, 0.040246673158065564, 0.012658227848101266, 0.008438818565400843, 0.011359948068808828, 0.004219409282700422, 0.0019474196689386564, 0.0016228497241155468, 0.0019474196689386564, 0.0016228497241155468, 0.0, 0.0, 0.0], [0.0001841959845275373, 0.0, 0.0005525879535826119, 0.0005525879535826119, 0.0009209799226376865, 0.0020261558298029104, 0.004604899613188432, 0.008104623319211642, 0.01363050285503776, 0.02247191011235955, 0.04770675999263216, 0.06410020261558298, 0.0898876404494382, 0.09743967581506723, 0.13464726468962976, 0.13151593295266162, 0.12912138515380364, 0.07441517774912507, 0.0804936452385338, 0.03757598084361761, 0.019340578375391416, 0.01841959845275373, 0.008104623319211642, 0.005341683551298581, 0.004052311659605821, 0.0014735678762202984, 0.001841959845275373, 0.0009209799226376865, 0.0005525879535826119, 0.0, 0.0, 0.0, 0.0], [0.0, 0.0, 0.0, 0.0, 0.0003489183531053733, 0.0006978367062107466, 0.0027913468248429866, 0.0029658060013956736, 0.007152826238660153, 0.009246336357292394, 0.022330774598743892, 0.033670621074668526, 0.046057222609909285, 0.06769016050244243, 0.10659455687369156, 0.11322400558269365, 0.14584787159804605, 0.10415212840195394, 0.15893230983949755, 0.060188415910676904, 0.037334263782274946, 0.03628750872295883, 0.01360781577110956, 0.008548499651081646, 0.012909979064898814, 0.005059316120027913, 0.00157013258897418, 0.00104675505931612, 0.0017445917655268667, 0.0, 0.0, 0.0, 0.0], [0.00024301336573511544, 0.0, 0.0, 0.00012150668286755772, 0.00012150668286755772, 0.00036452004860267317, 0.0015795868772782503, 0.0023086269744835965, 0.005103280680437424, 0.01324422843256379, 0.02187120291616039, 0.02490886998784933, 0.03535844471445929, 0.04714459295261239, 0.06682867557715674, 0.08918590522478737, 0.13292831105710814, 0.11518833535844472, 0.17910085054678007, 0.08517618469015796, 0.05492102065613609, 0.059295261239368166, 0.020656136087484813, 0.010328068043742407, 0.01761846901579587, 0.0053462940461725394, 0.004009720534629405, 0.0026731470230862697, 0.0015795868772782503, 0.002430133657351154, 0.00036452004860267317, 0.0, 0.0], [0.0, 0.0, 0.0, 0.0, 0.00046860356138706655, 0.00023430178069353328, 0.00046860356138706655, 0.0007029053420805998, 0.004217432052483599, 0.004217432052483599, 0.013120899718837863, 0.01804123711340206, 0.03631677600749766, 0.051780693533270854, 0.07403936269915651, 0.1007497656982193, 0.14971883786316775, 0.11597938144329897, 0.1712746016869728, 0.07966260543580131, 0.05810684161199625, 0.05693533270852859, 0.022727272727272728, 0.010309278350515464, 0.016635426429240863, 0.007731958762886598, 0.0018744142455482662, 0.0018744142455482662, 0.0009372071227741331, 0.0018744142455482662, 0.0, 0.0, 0.0], [0.0, 0.00041152263374485596, 0.0, 0.0, 0.0012345679012345679, 0.0012345679012345679, 0.0008230452674897119, 0.0049382716049382715, 0.009876543209876543, 0.013991769547325103, 0.019753086419753086, 0.031275720164609055, 0.047736625514403296, 0.05720164609053498, 0.08065843621399177, 0.10411522633744856, 0.13580246913580246, 0.10246913580246914, 0.13580246913580246, 0.06460905349794238, 0.05308641975308642, 0.046502057613168724, 0.027983539094650206, 0.01440329218106996, 0.017695473251028805, 0.009876543209876543, 0.004526748971193415, 0.006172839506172839, 0.00411522633744856, 0.0024691358024691358, 0.0012345679012345679, 0.0, 0.0], [0.00022143489813994686, 0.0, 0.0004428697962798937, 0.0004428697962798937, 0.0004428697962798937, 0.0008857395925597874, 0.001550044286979628, 0.0037643932683790967, 0.007307351638618246, 0.012178919397697077, 0.022364924712134634, 0.03941541186891054, 0.06775907883082374, 0.07905225863596103, 0.10651018600531444, 0.12488928255093003, 0.1366253321523472, 0.09300265721877768, 0.12865367581930912, 0.050487156775907885, 0.03432240921169176, 0.040079716563330384, 0.01483613817537644, 0.00775022143489814, 0.013064658990256864, 0.005314437555358724, 0.00354295837023915, 0.001992914083259522, 0.001550044286979628, 0.001550044286979628, 0.0, 0.0, 0.0], [0.0, 0.0, 0.0001686056314280897, 0.0003372112628561794, 0.0005058168942842691, 0.0003372112628561794, 0.0011802394199966278, 0.0028662957342775247, 0.004046535154274153, 0.009947732254257291, 0.019726858877086494, 0.025290844714213456, 0.04518630922272804, 0.05783173157983477, 0.09914011127971674, 0.12173326589108076, 0.1460124768167257, 0.09880290001686057, 0.18293711009947733, 0.0605294216826842, 0.035069971337042656, 0.04046535154274153, 0.015343112459956162, 0.007924464677120217, 0.012139605462822459, 0.004215140785702243, 0.003372112628561794, 0.001686056314280897, 0.0005058168942842691, 0.002697690102849435, 0.0, 0.0, 0.0], [0.0, 0.0, 0.0, 0.009009009009009009, 0.009009009009009009, 0.009009009009009009, 0.0, 0.009009009009009009, 0.009009009009009009, 0.05405405405405406, 0.02702702702702703, 0.04504504504504504, 0.04504504504504504, 0.06306306306306306, 0.05405405405405406, 0.11711711711711711, 0.12612612612612611, 0.08108108108108109, 0.07207207207207207, 0.02702702702702703, 0.08108108108108109, 0.036036036036036036, 0.036036036036036036, 0.0, 0.018018018018018018, 0.02702702702702703, 0.009009009009009009, 0.036036036036036036, 0.0, 0.0, 0.0, 0.0, 0.0], [0.0002557544757033248, 0.0001278772378516624, 0.0, 0.0001278772378516624, 0.0001278772378516624, 0.0001278772378516624, 0.00038363171355498723, 0.001534526854219949, 0.00319693094629156, 0.006649616368286445, 0.011253196930946292, 0.015473145780051151, 0.030051150895140665, 0.04526854219948849, 0.07429667519181586, 0.10588235294117647, 0.1635549872122762, 0.1407928388746803, 0.15447570332480817, 0.0819693094629156, 0.05370843989769821, 0.05460358056265985, 0.021739130434782608, 0.009974424552429667, 0.013043478260869565, 0.005242966751918159, 0.002301790281329923, 0.0011508951406649615, 0.0026854219948849105, 0.0, 0.0, 0.0, 0.0], [0.0, 0.0, 0.0, 0.0001585791309863622, 0.0, 0.0003171582619727244, 0.0014272121788772598, 0.000792895654931811, 0.0019029495718363464, 0.003171582619727244, 0.007136060894386299, 0.010941960038058992, 0.01823660006343165, 0.0260069774817634, 0.04471931493815414, 0.06834760545512211, 0.12448461782429432, 0.11845861084681256, 0.20202981287662544, 0.10038058991436727, 0.07247066286076752, 0.09594037424674913, 0.02965429749444973, 0.016492229622581667, 0.028385664446558833, 0.013479226133840786, 0.0060260069774817635, 0.004281636536631779, 0.0020615287028227084, 0.0009514747859181732, 0.0017443704408499842, 0.0, 0.0], [0.00033138186236606647, 0.00011046062078868883, 0.0, 0.00022092124157737766, 0.00022092124157737766, 0.0007732243455208218, 0.0008836849663095106, 0.0023196730365624657, 0.00375566110681542, 0.007069479730476085, 0.01325527449464266, 0.017673699326190215, 0.0227548878824699, 0.03578924113553518, 0.05025958245885342, 0.07610736772340661, 0.10747818402739423, 0.11421628189550426, 0.21197393129349387, 0.10648403844029604, 0.06892742737214183, 0.08096763503810891, 0.02827791892190434, 0.014691262564895615, 0.0207665967082735, 0.007179940351264774, 0.0036452004860267314, 0.0013255274494642659, 0.002540594278139843, 0.0, 0.0, 0.0, 0.0], [0.0, 0.0, 0.0, 0.001692047377326565, 0.001692047377326565, 0.0, 0.0, 0.005076142131979695, 0.008460236886632826, 0.005076142131979695, 0.01692047377326565, 0.025380710659898477, 0.043993231810490696, 0.08460236886632826, 0.09475465313028765, 0.1353637901861252, 0.16243654822335024, 0.12521150592216582, 0.16412859560067683, 0.06091370558375635, 0.02707275803722504, 0.025380710659898477, 0.00676818950930626, 0.001692047377326565, 0.00338409475465313, 0.0, 0.0, 0.0, 0.0, 0.0, 0.0, 0.0, 0.0], [0.0, 0.0, 0.0, 0.0001908943399828195, 0.0, 0.0001908943399828195, 0.00028634150997422926, 0.0008590245299226878, 0.0020998377398110148, 0.0057268301994845856, 0.008685692469218288, 0.016512360408513886, 0.026152524577646274, 0.03340650949699341, 0.05106423594540422, 0.0635678152142789, 0.09993318698100602, 0.07397155674334256, 0.2043523909516083, 0.1125322134198721, 0.07521236995323088, 0.1271356304285578, 0.037797079316598266, 0.012694473608857497, 0.02729789061754319, 0.008685692469218288, 0.005249594349527537, 0.002672520759759473, 0.001908943399828195, 0.0018134962298367854, 0.0, 0.0, 0.0], [0.0002079002079002079, 0.00010395010395010396, 0.00010395010395010396, 0.0, 0.0006237006237006237, 0.0006237006237006237, 0.0004158004158004158, 0.0011434511434511435, 0.0013513513513513514, 0.006340956340956341, 0.011538461538461539, 0.023804573804573806, 0.04282744282744283, 0.05883575883575884, 0.08731808731808732, 0.10956340956340957, 0.15717255717255718, 0.15374220374220374, 0.18440748440748442, 0.06538461538461539, 0.0367983367983368, 0.03170478170478171, 0.012058212058212059, 0.0038461538461538464, 0.005405405405405406, 0.0018711018711018712, 0.001975051975051975, 0.0008316008316008316, 0.0, 0.0, 0.0, 0.0, 0.0], [0.0, 0.00012567550584391103, 0.0, 0.00012567550584391103, 0.00037702651753173305, 0.0007540530350634661, 0.0008797285409073771, 0.002262159105190398, 0.0033932386577855975, 0.005781073268819907, 0.011813497549327636, 0.020485107452557497, 0.029910770390850824, 0.04034183737589544, 0.07037828327259017, 0.10757823300238784, 0.1617443760211135, 0.12718361191403796, 0.17393490008797285, 0.08633907251476687, 0.05052155334925223, 0.0524066859369109, 0.02450672363956265, 0.010305391479200704, 0.011562146537639813, 0.0028905366344099534, 0.002262159105190398, 0.002136483599346487, 0.0, 0.0, 0.0, 0.0, 0.0], [0.0, 0.0, 0.0, 0.0, 0.00029338418659234265, 0.0, 0.000880152559777028, 0.000880152559777028, 0.0016136130262578846, 0.0033739181458119407, 0.009388293970954965, 0.014815901422913304, 0.02640457679331084, 0.04459439636203608, 0.07539973595423206, 0.10664515182631656, 0.1505060877218718, 0.0982837025084348, 0.19950124688279303, 0.07481296758104738, 0.0460613172949978, 0.05970368197154173, 0.026844653073199356, 0.013055596303359248, 0.021270353527944843, 0.009241601877658795, 0.006014375825143025, 0.003227226052515769, 0.003080533959219598, 0.0020536893061463986, 0.0020536893061463986, 0.0, 0.0], [0.0, 0.00036258158085569254, 0.00036258158085569254, 0.0007251631617113851, 0.0025380710659898475, 0.0025380710659898475, 0.005438723712835388, 0.008339376359680928, 0.014503263234227702, 0.02864394488759971, 0.03807106598984772, 0.05402465554749819, 0.06018854242204496, 0.0823060188542422, 0.11385061638868746, 0.1116751269035533, 0.11892675852066716, 0.0772298767222625, 0.14938361131254532, 0.04423495286439449, 0.02102973168963017, 0.032269760696156634, 0.009427121102248005, 0.005076142131979695, 0.010514865844815084, 0.0032632342277012327, 0.0018129079042784628, 0.0010877447425670776, 0.0018129079042784628, 0.00036258158085569254, 0.0, 0.0, 0.0], [0.0, 0.0, 0.0, 0.0019305019305019305, 0.002574002574002574, 0.002574002574002574, 0.003861003861003861, 0.010939510939510939, 0.010296010296010296, 0.014800514800514801, 0.023809523809523808, 0.036036036036036036, 0.05019305019305019, 0.05662805662805663, 0.08236808236808237, 0.1093951093951094, 0.14543114543114544, 0.10424710424710425, 0.17117117117117117, 0.06113256113256113, 0.02895752895752896, 0.032818532818532815, 0.021235521235521235, 0.005791505791505791, 0.014800514800514801, 0.0045045045045045045, 0.001287001287001287, 0.002574002574002574, 0.0006435006435006435, 0.0, 0.0, 0.0, 0.0], [0.00029278290147855365, 0.0, 0.0, 0.0, 0.0005855658029571073, 0.0007319572536963841, 0.0027814375640462597, 0.004977309325135412, 0.006587615283267457, 0.014053579270970576, 0.02664324403454838, 0.04113599765773679, 0.05401844532279315, 0.07553798858146685, 0.1288244766505636, 0.14068218416044503, 0.14712340799297322, 0.0903235251061338, 0.12779973649538867, 0.042307129263651, 0.027228809837505488, 0.031181379007465964, 0.013175230566534914, 0.006587615283267457, 0.010832967354706485, 0.002635046113306983, 0.0013175230566534915, 0.0010247401551749377, 0.00014639145073927682, 0.0011711316059142146, 0.00029278290147855365, 0.0, 0.0], [0.0, 0.0, 0.0, 0.00043591979075850045, 0.00021795989537925023, 0.00021795989537925023, 0.002179598953792502, 0.0006538796861377507, 0.003923278116826504, 0.00980819529206626, 0.016782911944202266, 0.022013949433304272, 0.03400174367916303, 0.0486050566695728, 0.07127288578901482, 0.10636442894507411, 0.11900610287707061, 0.0989537925021796, 0.16652136006974716, 0.07367044463818657, 0.0534001743679163, 0.06233653007846556, 0.02877070619006103, 0.015039232781168265, 0.03182214472537053, 0.012859633827375762, 0.009372275501307759, 0.004795117698343505, 0.003051438535309503, 0.0023975588491717526, 0.0015257192676547515, 0.0, 0.0], [0.0, 0.0, 0.0, 0.0, 0.00020271639975674033, 0.0, 0.0008108655990269613, 0.0010135819987837015, 0.002635313196837624, 0.009122237989053315, 0.015406446381512263, 0.027772146766673424, 0.04398945874721265, 0.0648692479221569, 0.09527670788566794, 0.11777822825866613, 0.14717210622339347, 0.10419622947496453, 0.16521386580174335, 0.06892357591729172, 0.041759578349888506, 0.04540847354550983, 0.016420028380295965, 0.007703223190756132, 0.010541252787350497, 0.0028380295965943643, 0.004054327995134806, 0.0022298803973241437, 0.003243462396107845, 0.0014190147982971822, 0.0, 0.0, 0.0], [0.00013544629554381688, 0.00013544629554381688, 0.00013544629554381688, 0.00013544629554381688, 0.00013544629554381688, 0.001219016659894352, 0.001219016659894352, 0.003115264797507788, 0.004469727752945957, 0.00785588514154138, 0.020046051740484898, 0.03074630908844643, 0.04943789787349316, 0.06514966815657591, 0.09318705133414601, 0.14221861032100772, 0.17594473791141813, 0.11824461600975213, 0.1244751456047677, 0.06528511445211974, 0.03724773127454964, 0.02979818501963971, 0.013680075849925505, 0.005146959230665041, 0.005146959230665041, 0.0017608018420696193, 0.0009481240688067181, 0.0028443722064201544, 0.00013544629554381688, 0.0, 0.0, 0.0, 0.0], [0.0, 0.0, 0.0, 0.0002105706464518846, 0.0002105706464518846, 0.0008422825858075384, 0.0010528532322594231, 0.002526847757422615, 0.004632554221941461, 0.007159401979364077, 0.01684565171615077, 0.024847336281322383, 0.042114129290376924, 0.057906927774268264, 0.09244051379237735, 0.1284480943356496, 0.15708570225310592, 0.11539271425563276, 0.1436091808801853, 0.06759317751105495, 0.04253527058328069, 0.04148241735102127, 0.01831964624131396, 0.006317119393556538, 0.016213939776795114, 0.004843124868393346, 0.0033691303432301536, 0.0014739945251631922, 0.0012634238787113076, 0.0006317119393556538, 0.0006317119393556538, 0.0, 0.0], [0.0, 0.0, 0.0, 0.0002587991718426501, 0.0, 0.0010351966873706005, 0.002070393374741201, 0.002846790890269151, 0.005693581780538302, 0.005693581780538302, 0.011904761904761904, 0.021221532091097308, 0.031314699792960664, 0.04606625258799172, 0.07712215320910973, 0.10766045548654245, 0.1389751552795031, 0.09963768115942029, 0.18297101449275363, 0.07686335403726709, 0.05124223602484472, 0.06159420289855073, 0.02562111801242236, 0.015269151138716356, 0.019409937888198756, 0.009316770186335404, 0.003105590062111801, 0.0012939958592132505, 0.0010351966873706005, 0.0007763975155279503, 0.0, 0.0, 0.0], [0.0, 0.0, 0.0001447178002894356, 0.0, 0.0002894356005788712, 0.0004341534008683068, 0.0005788712011577424, 0.0015918958031837917, 0.0018813314037626628, 0.0053545586107091175, 0.010274963820549928, 0.023444283646888567, 0.0402315484804631, 0.06743849493487698, 0.09088277858176556, 0.11389290882778581, 0.1458755426917511, 0.10173661360347323, 0.16772793053545587, 0.060636758321273514, 0.0426917510853835, 0.04819102749638206, 0.024167872648335746, 0.01085383502170767, 0.022286541244573084, 0.006512301013024602, 0.005788712011577424, 0.0034732272069464545, 0.001447178002894356, 0.0013024602026049203, 0.0008683068017366136, 0.0, 0.0], [0.0, 0.0, 9.888262632255513e-05, 0.0, 9.888262632255513e-05, 9.888262632255513e-05, 0.0002966478789676654, 0.0009888262632255513, 0.0020765351527736575, 0.005636309700385643, 0.010481558390190843, 0.020270938396123803, 0.03381785820231385, 0.04637595174527835, 0.06753683377830515, 0.07880945317907644, 0.09888262632255512, 0.07099772569959457, 0.23365964600019776, 0.10095916147532878, 0.0663502422624345, 0.08701671116384851, 0.026006130722831998, 0.009690497379610403, 0.02472065658063878, 0.006822901216256304, 0.003065361415999209, 0.0017798872738059924, 0.0017798872738059924, 0.0016810046474834371, 0.0, 0.0, 0.0], [0.0, 0.0, 0.0, 0.0, 0.0, 0.00011981787682722263, 0.0007189072609633358, 0.0005990893841361131, 0.00227653965971723, 0.004912532949916127, 0.008147615624251139, 0.01821231727773784, 0.030313922837287323, 0.0529595015576324, 0.08147615624251138, 0.11562425113826982, 0.1720584711238917, 0.12652767792954708, 0.20584711238916847, 0.07057272945123412, 0.0376228133237479, 0.04612988257848071, 0.011143062544931704, 0.0040738078121255695, 0.005990893841361131, 0.0011981787682722263, 0.0011981787682722263, 0.001557632398753894, 0.0007189072609633358, 0.0, 0.0, 0.0, 0.0], [0.0, 0.00392156862745098, 0.0, 0.00392156862745098, 0.00392156862745098, 0.0196078431372549, 0.027450980392156862, 0.0196078431372549, 0.06666666666666667, 0.03529411764705882, 0.054901960784313725, 0.06666666666666667, 0.06666666666666667, 0.11372549019607843, 0.11372549019607843, 0.12549019607843137, 0.09019607843137255, 0.06666666666666667, 0.043137254901960784, 0.01568627450980392, 0.011764705882352941, 0.023529411764705882, 0.011764705882352941, 0.01568627450980392, 0.0, 0.0, 0.0, 0.0, 0.0, 0.0, 0.0, 0.0, 0.0]]}, "ranks": {"labels": ["Unranked", "Combatatent I", "Combatatent II", "Challenger I", "Challenger II", "Rival I", "Rival II", "Duelist", "Elite"], "data": [[0.1157556270096463, 0.14469453376205788, 0.20257234726688103, 0.21864951768488747, 0.15434083601286175, 0.08360128617363344, 0.04823151125401929, 0.01929260450160772, 0.012861736334405145], [0.05028854080791426, 0.07708161582852432, 0.13849958779884583, 0.22176422093981862, 0.23660346248969497, 0.18549051937345423, 0.04657873042044518, 0.031327287716405604, 0.01236603462489695], [0.009795570698466781, 0.01902328222600795, 0.04443498012492902, 0.09625212947189098, 0.19988642816581487, 0.3339011925042589, 0.1037762634866553, 0.1357183418512209, 0.057211811470755256], [0.01994415636218588, 0.03377210477330142, 0.07818109293976865, 0.1433320037229092, 0.2705757213136551, 0.255684084563223, 0.09586491158090679, 0.0846961840180827, 0.017949740725967292], [0.14035087719298245, 0.12280701754385964, 0.17543859649122806, 0.18421052631578946, 0.09649122807017543, 0.14912280701754385, 0.05263157894736842, 0.07894736842105263, 0.0], [0.01051930758988016, 0.027163781624500664, 0.08255659121171771, 0.17603195739014646, 0.27363515312916115, 0.21651131824234354, 0.07896138482023968, 0.09387483355525965, 0.040745672436751], [0.06316067653276955, 0.08588794926004228, 0.1535412262156448, 0.23255813953488372, 0.20718816067653276, 0.13424947145877378, 0.043076109936575055, 0.04730443974630021, 0.0330338266384778], [0.2633333333333333, 0.19, 0.19333333333333333, 0.14333333333333334, 0.1, 0.04, 0.03, 0.04, 0.0], [0.040829986613119144, 0.07842481035252119, 0.12048192771084337, 0.16577420794288264, 0.2427487728692548, 0.15584560464078537, 0.07485497545738509, 0.07976349843819723, 0.04127621597501115], [0.00775480059084195, 0.01292466765140325, 0.03323485967503693, 0.10376661742983752, 0.15915805022156573, 0.22710487444608568, 0.12666174298375185, 0.19719350073855244, 0.13220088626292467], [0.041220382992534894, 0.06491398896462187, 0.13209996754300551, 0.2041544952937358, 0.2317429406037001, 0.1794871794871795, 0.062317429406037, 0.06134371957156767, 0.022719896137617657], [0.05304844354393074, 0.11180696260821514, 0.18732731626450544, 0.2661631976422914, 0.2035365629029287, 0.09854485172223246, 0.03886535273531037, 0.03186590532326395, 0.00884140725732179], [0.023203070481507326, 0.05600139567341242, 0.1137473831123517, 0.2198185624563852, 0.25, 0.1898115840893231, 0.0666434054431263, 0.058443824145150036, 0.022330774598743892], [0.023086269744835967, 0.04678007290400972, 0.08250303766707169, 0.1560145808019441, 0.24811664641555287, 0.22490886998784934, 0.09428918590522478, 0.09027946537059538, 0.03402187120291616], [0.010309278350515464, 0.031162136832239926, 0.08809746954076851, 0.17478912839737581, 0.26569821930646675, 0.21883786316776008, 0.09020618556701031, 0.08997188378631678, 0.030927835051546393], [0.03251028806584362, 0.05102880658436214, 0.10493827160493827, 0.18477366255144034, 0.2382716049382716, 0.1699588477366255, 0.08353909465020576, 0.08888888888888889, 0.04609053497942387], [0.02723649247121346, 0.061780336581045175, 0.14681133746678476, 0.23139946855624446, 0.22962798937112489, 0.15810451727192207, 0.05535872453498671, 0.06266607617360496, 0.027015057573073518], [0.019389647614230315, 0.04501770359129995, 0.1030180408025628, 0.2208733771707975, 0.24481537683358623, 0.216152419490811, 0.06238408362839319, 0.0637329286798179, 0.024616422188501096], [0.0990990990990991, 0.07207207207207207, 0.10810810810810811, 0.17117117117117117, 0.2072072072072072, 0.08108108108108109, 0.0990990990990991, 0.07207207207207207, 0.09009009009009009], [0.012531969309462916, 0.02672634271099744, 0.07531969309462916, 0.18017902813299233, 0.30434782608695654, 0.20076726342711, 0.08938618925831202, 0.08631713554987212, 0.02442455242966752], [0.007770377418331748, 0.01807802093244529, 0.044243577545195055, 0.11306692039327625, 0.24294322867110688, 0.25451950523311134, 0.1203615604186489, 0.14208690136378052, 0.056929908024104026], [0.015685408151993815, 0.030928973820832872, 0.058544129018005084, 0.12636695018226002, 0.2216944659228985, 0.26775654479178174, 0.11962885231415, 0.12393681652490887, 0.035457859273169114], [0.021996615905245348, 0.04230118443316413, 0.12859560067681894, 0.23011844331641285, 0.2876480541455161, 0.20135363790186125, 0.050761421319796954, 0.0338409475465313, 0.00338409475465313], [0.009353822659158156, 0.025198052877732174, 0.05955903407463969, 0.11463205115968311, 0.17390474372434858, 0.26562947408609333, 0.1264675002386179, 0.17762718335401356, 0.04762813782571347], [0.010914760914760915, 0.035343035343035345, 0.10166320166320167, 0.1968814968814969, 0.3109147609147609, 0.22006237006237006, 0.06652806652806653, 0.04760914760914761, 0.010083160083160084], [0.0136986301369863, 0.03229860500188513, 0.07025260776674626, 0.177956516274978, 0.28892798793515145, 0.22018348623853212, 0.09061203971345985, 0.08721880105567426, 0.018851325876586653], [0.007041220478216224, 0.02420419539386827, 0.07099897315534692, 0.18204488778054864, 0.2487897902303066, 0.24042834091242482, 0.07994719084641339, 0.09960393134810033, 0.04694146985477483], [0.06345177664974619, 0.09209572153734591, 0.14249456127628715, 0.22552574329224076, 0.19615663524292967, 0.1700507614213198, 0.04459753444525018, 0.046773023930384336, 0.01885424220449601], [0.046975546975546977, 0.059845559845559844, 0.10682110682110682, 0.19176319176319176, 0.24967824967824967, 0.20527670527670527, 0.055984555984555984, 0.059845559845559844, 0.023809523809523808], [0.03001024740155175, 0.06777924169228516, 0.12955643390426, 0.26950666081100866, 0.237446933099107, 0.15049041135997657, 0.04684526423656858, 0.050944224857268336, 0.01742058263797394], [0.017436791630340016, 0.03879686137750654, 0.08260680034873583, 0.17763731473408892, 0.21795989537925023, 0.20619006102877072, 0.08740191804707934, 0.10614646904969485, 0.06582388840453357], [0.013784715183458342, 0.04317859314818569, 0.10885870666936955, 0.21305493614433407, 0.251368335698358, 0.20474356375430772, 0.07115345631461585, 0.06953172511656193, 0.02432596797080884], [0.01855614248950291, 0.05079236082893133, 0.11458756603006907, 0.23540566165515373, 0.29418935392117024, 0.1611810916971421, 0.065826899634295, 0.04862522010023026, 0.01083570364350535], [0.016635081069698885, 0.041692987997473153, 0.10002105706464519, 0.22088860812802696, 0.27247841650873866, 0.18024847336281322, 0.07348915561170773, 0.06611918298589177, 0.028427037271004423], [0.017598343685300208, 0.033126293995859216, 0.07738095238095238, 0.18478260869565216, 0.2386128364389234, 0.2277432712215321, 0.08333333333333333, 0.10248447204968944, 0.03493788819875776], [0.010274963820549928, 0.03371924746743849, 0.10767004341534009, 0.20477568740955138, 0.24761215629522432, 0.20072358900144718, 0.0703328509406657, 0.08321273516642547, 0.04167872648335745], [0.009294966874320182, 0.030752496786314646, 0.0801938099475922, 0.14634628695738158, 0.1698803520221497, 0.28685849896173243, 0.11411055077622861, 0.12271333926629091, 0.039849698407989714], [0.008626887131560028, 0.026359932901988976, 0.08327342439491972, 0.19710040738078122, 0.2985861490534388, 0.24430865085070694, 0.06973400431344356, 0.061346752935537985, 0.010663791037622813], [0.1803921568627451, 0.12156862745098039, 0.1803921568627451, 0.23921568627450981, 0.1568627450980392, 0.047058823529411764, 0.023529411764705882, 0.050980392156862744, 0.0]]}, "ranksDetailed": {"labels": ["Unranked", "Combatatant", "Challenger", "Rival", "Duelist", "Elite"], "data": [[0.1157556270096463, 0.34726688102893893, 0.3729903536977492, 0.13183279742765272, 0.01929260450160772, 0.012861736334405145], [0.05028854080791426, 0.21558120362737015, 0.4583676834295136, 0.23206924979389942, 0.031327287716405604, 0.01236603462489695], [0.009795570698466781, 0.06345826235093696, 0.29613855763770586, 0.43767745599091423, 0.1357183418512209, 0.057211811470755256], [0.01994415636218588, 0.11195319771307007, 0.4139077250365643, 0.35154899614412977, 0.0846961840180827, 0.017949740725967292], [0.14035087719298245, 0.2982456140350877, 0.2807017543859649, 0.20175438596491227, 0.07894736842105263, 0.0], [0.01051930758988016, 0.10972037283621837, 0.4496671105193076, 0.2954727030625832, 0.09387483355525965, 0.040745672436751], [0.06316067653276955, 0.2394291754756871, 0.4397463002114165, 0.17732558139534885, 0.04730443974630021, 0.0330338266384778], [0.2633333333333333, 0.38333333333333336, 0.24333333333333335, 0.07, 0.04, 0.0], [0.040829986613119144, 0.19890673806336456, 0.40852298081213745, 0.23070058009817046, 0.07976349843819723, 0.04127621597501115], [0.00775480059084195, 0.04615952732644018, 0.26292466765140327, 0.3537666174298375, 0.19719350073855244, 0.13220088626292467], [0.041220382992534894, 0.1970139565076274, 0.4358974358974359, 0.24180460889321648, 0.06134371957156767, 0.022719896137617657], [0.05304844354393074, 0.2991342788727206, 0.4696997605452201, 0.13741020445754282, 0.03186590532326395, 0.00884140725732179], [0.023203070481507326, 0.16974877878576414, 0.4698185624563852, 0.2564549895324494, 0.058443824145150036, 0.022330774598743892], [0.023086269744835967, 0.1292831105710814, 0.40413122721749695, 0.3191980558930741, 0.09027946537059538, 0.03402187120291616], [0.010309278350515464, 0.11925960637300843, 0.44048734770384257, 0.30904404873477037, 0.08997188378631678, 0.030927835051546393], [0.03251028806584362, 0.15596707818930042, 0.42304526748971194, 0.25349794238683127, 0.08888888888888889, 0.04609053497942387], [0.02723649247121346, 0.20859167404782994, 0.4610274579273694, 0.21346324180690876, 0.06266607617360496, 0.027015057573073518], [0.019389647614230315, 0.14803574439386274, 0.46568875400438375, 0.2785365031192042, 0.0637329286798179, 0.024616422188501096], [0.0990990990990991, 0.18018018018018017, 0.3783783783783784, 0.18018018018018017, 0.07207207207207207, 0.09009009009009009], [0.012531969309462916, 0.1020460358056266, 0.48452685421994884, 0.290153452685422, 0.08631713554987212, 0.02442455242966752], [0.007770377418331748, 0.06232159847764034, 0.3560101490643831, 0.3748810656517602, 0.14208690136378052, 0.056929908024104026], [0.015685408151993815, 0.08947310283883796, 0.3480614161051585, 0.38738539710593173, 0.12393681652490887, 0.035457859273169114], [0.021996615905245348, 0.17089678510998307, 0.5177664974619289, 0.2521150592216582, 0.0338409475465313, 0.00338409475465313], [0.009353822659158156, 0.08475708695237186, 0.28853679488403167, 0.39209697432471124, 0.17762718335401356, 0.04762813782571347], [0.010914760914760915, 0.137006237006237, 0.5077962577962578, 0.2865904365904366, 0.04760914760914761, 0.010083160083160084], [0.0136986301369863, 0.1025512127686314, 0.46688450421012945, 0.31079552595199195, 0.08721880105567426, 0.018851325876586653], [0.007041220478216224, 0.09520316854921519, 0.43083467801085523, 0.3203755317588382, 0.09960393134810033, 0.04694146985477483], [0.06345177664974619, 0.23459028281363306, 0.42168237853517043, 0.21464829586656997, 0.046773023930384336, 0.01885424220449601], [0.046975546975546977, 0.16666666666666666, 0.44144144144144143, 0.26126126126126126, 0.059845559845559844, 0.023809523809523808], [0.03001024740155175, 0.19733567559654516, 0.5069535939101156, 0.19733567559654516, 0.050944224857268336, 0.01742058263797394], [0.017436791630340016, 0.12140366172624237, 0.39559721011333915, 0.29359197907585005, 0.10614646904969485, 0.06582388840453357], [0.013784715183458342, 0.15203729981755523, 0.46442327184269205, 0.2758970200689236, 0.06953172511656193, 0.02432596797080884], [0.01855614248950291, 0.1653799268590004, 0.5295950155763239, 0.2270079913314371, 0.04862522010023026, 0.01083570364350535], [0.016635081069698885, 0.14171404506211835, 0.4933670246367656, 0.25373762897452096, 0.06611918298589177, 0.028427037271004423], [0.017598343685300208, 0.1105072463768116, 0.42339544513457555, 0.3110766045548654, 0.10248447204968944, 0.03493788819875776], [0.010274963820549928, 0.14138929088277857, 0.4523878437047757, 0.27105643994211287, 0.08321273516642547, 0.04167872648335745], [0.009294966874320182, 0.11094630673390685, 0.3162266389795313, 0.40096904973796105, 0.12271333926629091, 0.039849698407989714], [0.008626887131560028, 0.10963335729690869, 0.49568655643422, 0.3140426551641505, 0.061346752935537985, 0.010663791037622813], [0.1803921568627451, 0.30196078431372547, 0.396078431372549, 0.07058823529411765, 0.050980392156862744, 0.0]]}}}, "eu": {"histType": {"histogram": {"labels": ["0", "100", "200", "300", "400", "500", "600", "700", "800", "900", "1000", "1100", "1200", "1300", "1400", "1500", "1600", "1700", "1800", "1900", "2000", "2100", "2200", "2300", "2400", "2500", "2600", "2700", "2800", "2900", "3000", "3100", "3200"], "data": [[0.0, 0.0, 0.004098360655737705, 0.0, 0.0, 0.00819672131147541, 0.01639344262295082, 0.01639344262295082, 0.040983606557377046, 0.045081967213114756, 0.06557377049180328, 0.06557377049180328, 0.06147540983606557, 0.11885245901639344, 0.14344262295081966, 0.11065573770491803, 0.0942622950819672, 0.0778688524590164, 0.040983606557377046, 0.028688524590163935, 0.012295081967213115, 0.020491803278688523, 0.004098360655737705, 0.004098360655737705, 0.01639344262295082, 0.004098360655737705, 0.0, 0.0, 0.0, 0.0, 0.0, 0.0, 0.0], [0.0, 0.0, 0.00044365572315882877, 0.0013309671694764862, 0.0008873114463176575, 0.003105590062111801, 0.0048802129547471165, 0.00709849157054126, 0.01730257320319432, 0.022182786157941437, 0.03194321206743567, 0.048802129547471165, 0.06388642413487133, 0.07630878438331855, 0.12067435669920142, 0.1126885536823425, 0.1512866015971606, 0.08606921029281278, 0.145075421472937, 0.04259094942324756, 0.02085181898846495, 0.021739130434782608, 0.005767524401064774, 0.0044365572315882874, 0.006654835847382431, 0.0013309671694764862, 0.0008873114463176575, 0.001774622892635315, 0.0, 0.0, 0.0, 0.0, 0.0], [0.0, 0.0, 0.0, 0.00014727540500736376, 0.00014727540500736376, 0.00014727540500736376, 0.00014727540500736376, 0.001325478645066274, 0.00235640648011782, 0.003681885125184094, 0.008541973490427098, 0.01369661266568483, 0.018556701030927835, 0.023711340206185566, 0.04153166421207658, 0.05567010309278351, 0.1085419734904271, 0.10456553755522828, 0.27157584683357877, 0.0914580265095729, 0.0662739322533137, 0.08630338733431517, 0.03078055964653903, 0.015022091310751105, 0.03122238586156112, 0.010898379970544918, 0.005596465390279823, 0.0029455081001472753, 0.0017673048600883653, 0.0017673048600883653, 0.0016200294550810016, 0.0, 0.0], [0.0, 0.0, 0.0, 0.00012683916793505834, 0.00012683916793505834, 0.0002536783358701167, 0.0008878741755454084, 0.002663622526636225, 0.003297818366311517, 0.008117706747843734, 0.015093860984271942, 0.02359208523592085, 0.030060882800608826, 0.03982749873160832, 0.06329274479959411, 0.08358701166920345, 0.14269406392694065, 0.12341451040081176, 0.2158802638254693, 0.08777270421106037, 0.0563165905631659, 0.061516996448503294, 0.01598173515981735, 0.007229832572298325, 0.011035007610350075, 0.0035514967021816335, 0.001141552511415525, 0.000380517503805175, 0.001141552511415525, 0.0008878741755454084, 0.00012683916793505834, 0.0, 0.0], [0.0, 0.0, 0.0, 0.0, 0.0, 0.018018018018018018, 0.02702702702702703, 0.04504504504504504, 0.04504504504504504, 0.02702702702702703, 0.07207207207207207, 0.09009009009009009, 0.036036036036036036, 0.02702702702702703, 0.08108108108108109, 0.14414414414414414, 0.06306306306306306, 0.0990990990990991, 0.06306306306306306, 0.05405405405405406, 0.04504504504504504, 0.0, 0.018018018018018018, 0.009009009009009009, 0.02702702702702703, 0.009009009009009009, 0.0, 0.0, 0.0, 0.0, 0.0, 0.0, 0.0], [0.0, 0.00013370771493515177, 0.00013370771493515177, 0.00026741542987030354, 0.00040112314480545525, 0.00013370771493515177, 0.00040112314480545525, 0.0014707848642866693, 0.0029415697285733386, 0.005749431742211526, 0.011231448054552748, 0.01818424923118064, 0.02727637384677096, 0.04800106966171