{"region": {"us": {"histType": {"histogram": {"labels": ["0", "100", "200", "300", "400", "500", "600", "700", "800", "900", "1000", "1100", "1200", "1300", "1400", "1500", "1600", "1700", "1800", "1900", "2000", "2100", "2200", "2300", "2400", "2500", "2600", "2700", "2800", "2900", "3000", "3100"], "data": [[0.0, 0.0, 0.0, 0.007633587786259542, 0.007633587786259542, 0.007633587786259542, 0.030534351145038167, 0.022900763358778626, 0.07633587786259542, 0.04580152671755725, 0.05343511450381679, 0.11450381679389313, 0.0916030534351145, 0.183206106870229, 0.08396946564885496, 0.08396946564885496, 0.03816793893129771, 0.05343511450381679, 0.03816793893129771, 0.05343511450381679, 0.007633587786259542, 0.0, 0.0, 0.0, 0.0, 0.0, 0.0, 0.0, 0.0, 0.0, 0.0, 0.0], [0.0, 0.001635322976287817, 0.0, 0.0008176614881439084, 0.001635322976287817, 0.001635322976287817, 0.003270645952575634, 0.012264922322158627, 0.017170891251022075, 0.035977105478331974, 0.05396565821749796, 0.07195421095666395, 0.09811937857726902, 0.09893704006541292, 0.1635322976287817, 0.12428454619787407, 0.116107931316435, 0.06704824202780049, 0.07113654946852004, 0.023712183156173343, 0.011447260834014717, 0.013082583810302535, 0.007358953393295176, 0.001635322976287817, 0.003270645952575634, 0.0, 0.0, 0.0, 0.0, 0.0, 0.0, 0.0], [0.0, 0.0, 0.000515331100231899, 0.0002576655501159495, 0.000515331100231899, 0.0007729966503478485, 0.001030662200463798, 0.002576655501159495, 0.007729966503478485, 0.01004895645452203, 0.01545993300695697, 0.026281886111826847, 0.043545477969595466, 0.06209739757794383, 0.08039165163617625, 0.09765524349394486, 0.1458387013656274, 0.09817057459417676, 0.1780468951301211, 0.06235506312805978, 0.043030146869363566, 0.06235506312805978, 0.023447565060551404, 0.009275959804174182, 0.02035557845916001, 0.004380314351971141, 0.0038649832517392425, 0.0, 0.0, 0.0, 0.0, 0.0], [0.0, 0.00021427040925648167, 0.0, 0.0, 0.00021427040925648167, 0.0008570816370259267, 0.002785515320334262, 0.004071137775873152, 0.011142061281337047, 0.025069637883008356, 0.032783372616241695, 0.03728305121062781, 0.06770944932504822, 0.09192200557103064, 0.11977715877437325, 0.13156203128347976, 0.15834583244053996, 0.09213627598028712, 0.11613456181701307, 0.04199700021427041, 0.025283908292264838, 0.02292693379044354, 0.008570816370259268, 0.004071137775873152, 0.0032140561388472252, 0.0012856224555388902, 0.0006428112277694451, 0.0, 0.0, 0.0, 0.0, 0.0], [0.0, 0.0, 0.0, 0.0, 0.0, 0.0, 0.0, 0.08695652173913043, 0.06521739130434782, 0.08695652173913043, 0.043478260869565216, 0.08695652173913043, 0.10869565217391304, 0.13043478260869565, 0.0, 0.0, 0.06521739130434782, 0.06521739130434782, 0.06521739130434782, 0.10869565217391304, 0.043478260869565216, 0.021739130434782608, 0.0, 0.021739130434782608, 0.0, 0.0, 0.0, 0.0, 0.0, 0.0, 0.0, 0.0], [0.0, 0.0, 0.0, 0.0, 0.0, 0.0, 0.00036443148688046647, 0.0032798833819241984, 0.0032798833819241984, 0.011115160349854228, 0.018950437317784258, 0.029336734693877552, 0.05885568513119534, 0.09092565597667639, 0.11570699708454811, 0.12244897959183673, 0.14959912536443148, 0.09930758017492711, 0.11880466472303207, 0.05630466472303207, 0.03316326530612245, 0.04427842565597668, 0.016217201166180757, 0.006924198250728863, 0.01239067055393586, 0.0052842565597667635, 0.003097667638483965, 0.00036443148688046647, 0.0, 0.0, 0.0, 0.0], [0.0, 0.0005151983513652757, 0.0, 0.0015455950540958269, 0.0015455950540958269, 0.0015455950540958269, 0.004121586810922205, 0.01184956208140134, 0.02215352910870685, 0.03709428129829984, 0.05873261205564142, 0.06388459556929418, 0.10613086038124678, 0.1267387944358578, 0.13137557959814528, 0.10252447192168986, 0.11231324059763009, 0.0571870170015456, 0.062339000515198355, 0.026790314270994334, 0.0190623390005152, 0.015455950540958269, 0.012364760432766615, 0.0061823802163833074, 0.01287995878413189, 0.0036063884595569293, 0.0020607934054611026, 0.0, 0.0, 0.0, 0.0, 0.0], [0.0, 0.0, 0.008403361344537815, 0.01680672268907563, 0.01680672268907563, 0.008403361344537815, 0.03361344537815126, 0.08403361344537816, 0.08403361344537816, 0.11764705882352941, 0.11764705882352941, 0.13445378151260504, 0.10084033613445378, 0.10084033613445378, 0.03361344537815126, 0.04201680672268908, 0.025210084033613446, 0.025210084033613446, 0.03361344537815126, 0.01680672268907563, 0.0, 0.0, 0.0, 0.0, 0.0, 0.0, 0.0, 0.0, 0.0, 0.0, 0.0, 0.0], [0.0005677517032551098, 0.0003785011355034065, 0.0009462528387585163, 0.000757002271006813, 0.0017032551097653293, 0.0032172596517789556, 0.004163512490537472, 0.011544284632853898, 0.02043906131718395, 0.050719152157456475, 0.07380772142316427, 0.0987887963663891, 0.11411809235427706, 0.12982588947766843, 0.134557153671461, 0.09670704012112036, 0.0813777441332324, 0.04882664647993944, 0.04977289931869796, 0.025170325510976532, 0.01797880393641181, 0.015897047691143074, 0.01097653292959879, 0.0032172596517789556, 0.003785011355034065, 0.0005677517032551098, 0.00018925056775170325, 0.0, 0.0, 0.0, 0.0, 0.0], [0.0, 0.0, 0.00048828125, 0.0, 0.00146484375, 0.00146484375, 0.0048828125, 0.0048828125, 0.0166015625, 0.02392578125, 0.0341796875, 0.04833984375, 0.07958984375, 0.103515625, 0.1220703125, 0.13037109375, 0.16162109375, 0.07861328125, 0.1005859375, 0.03466796875, 0.0146484375, 0.02001953125, 0.00830078125, 0.00634765625, 0.0029296875, 0.00048828125, 0.0, 0.0, 0.0, 0.0, 0.0, 0.0], [0.0, 0.0, 0.0008361204013377926, 0.0011148272017837235, 0.0019509476031215162, 0.002787068004459309, 0.007246376811594203, 0.010590858416945374, 0.019230769230769232, 0.03985507246376811, 0.07803790412486064, 0.08305462653288741, 0.10897435897435898, 0.11538461538461539, 0.14464882943143811, 0.11315496098104794, 0.09336677814938685, 0.05546265328874025, 0.051839464882943144, 0.027313266443701228, 0.01560758082497213, 0.015328874024526198, 0.006688963210702341, 0.002787068004459309, 0.0033444816053511705, 0.0013935340022296545, 0.0, 0.0, 0.0, 0.0, 0.0, 0.0], [0.0, 0.0, 0.0, 0.0, 0.00026616981634282674, 0.001064679265371307, 0.002927867979771094, 0.007186585041256322, 0.010912962470055895, 0.01703486824594091, 0.03646526483896726, 0.051370774554165555, 0.07080117114719191, 0.0926270960873037, 0.13707745541655575, 0.1184455682725579, 0.1543784934788395, 0.09129624700558957, 0.10380622837370242, 0.04099015171679531, 0.02262443438914027, 0.02022890604205483, 0.008783603939313283, 0.006388075592227841, 0.004524886877828055, 0.0007985094490284802, 0.0, 0.0, 0.0, 0.0, 0.0, 0.0], [0.00024224806201550387, 0.0, 0.0, 0.00048449612403100775, 0.00048449612403100775, 0.0012112403100775194, 0.0026647286821705426, 0.006540697674418605, 0.013808139534883721, 0.03391472868217054, 0.054748062015503876, 0.06443798449612403, 0.08624031007751938, 0.11652131782945736, 0.14098837209302326, 0.125484496124031, 0.13614341085271317, 0.07097868217054264, 0.07267441860465117, 0.028585271317829456, 0.015988372093023256, 0.01308139534883721, 0.005813953488372093, 0.003633720930232558, 0.003633720930232558, 0.001695736434108527, 0.0, 0.0, 0.0, 0.0, 0.0, 0.0], [0.0, 0.0, 0.0, 0.0003971405877680699, 0.0, 0.0003971405877680699, 0.0, 0.0007942811755361397, 0.004765687053216839, 0.007545671167593328, 0.018268467037331215, 0.026211278792692614, 0.055202541699761715, 0.07704527402700556, 0.10802223987291501, 0.12509928514694202, 0.17077045274027006, 0.11437648927720413, 0.1266878474980143, 0.061953931691818905, 0.03733121525019857, 0.03256552819698173, 0.014297061159650517, 0.009134233518665607, 0.005162827640984908, 0.003177124702144559, 0.0007942811755361397, 0.0, 0.0, 0.0, 0.0, 0.0], [0.0, 0.0, 0.0012690355329949238, 0.0012690355329949238, 0.0012690355329949238, 0.0, 0.0, 0.008883248730964468, 0.012690355329949238, 0.030456852791878174, 0.04314720812182741, 0.06852791878172589, 0.08248730964467005, 0.11802030456852793, 0.1065989847715736, 0.12055837563451777, 0.11040609137055837, 0.08375634517766498, 0.0850253807106599, 0.03934010152284264, 0.031725888324873094, 0.017766497461928935, 0.006345177664974619, 0.008883248730964468, 0.008883248730964468, 0.0025380710659898475, 0.01015228426395939, 0.0, 0.0, 0.0, 0.0, 0.0], [0.0003429355281207133, 0.0, 0.0006858710562414266, 0.0003429355281207133, 0.00102880658436214, 0.0017146776406035665, 0.0027434842249657062, 0.0051440329218107, 0.01131687242798354, 0.01748971193415638, 0.033607681755829906, 0.051440329218107, 0.08676268861454046, 0.09945130315500686, 0.1361454046639232, 0.13305898491083676, 0.13305898491083676, 0.08161865569272976, 0.09636488340192044, 0.03943758573388203, 0.021604938271604937, 0.024691358024691357, 0.009945130315500686, 0.0037722908093278463, 0.003429355281207133, 0.003429355281207133, 0.0013717421124828531, 0.0, 0.0, 0.0, 0.0, 0.0], [0.0, 0.0, 0.0, 0.0006635700066357001, 0.0009953550099535502, 0.00033178500331785003, 0.0029860650298606504, 0.006967485069674851, 0.011944260119442602, 0.019575315195753153, 0.041473125414731256, 0.05607166556071665, 0.08062375580623755, 0.10683477106834771, 0.12840079628400797, 0.12242866622428666, 0.13370935633709358, 0.0856005308560053, 0.10517584605175846, 0.030192435301924354, 0.01692103516921035, 0.02488387524883875, 0.006967485069674851, 0.004976775049767751, 0.007962840079628402, 0.0019907100199071004, 0.00232249502322495, 0.0, 0.0, 0.0, 0.0, 0.0], [0.0, 0.0, 0.0, 0.0, 0.0, 0.0, 0.0, 0.0, 0.03225806451612903, 0.12903225806451613, 0.0967741935483871, 0.06451612903225806, 0.06451612903225806, 0.12903225806451613, 0.0967741935483871, 0.06451612903225806, 0.0967741935483871, 0.06451612903225806, 0.03225806451612903, 0.03225806451612903, 0.06451612903225806, 0.03225806451612903, 0.0, 0.0, 0.0, 0.0, 0.0, 0.0, 0.0, 0.0, 0.0, 0.0], [0.0001775568181818182, 0.0001775568181818182, 0.0001775568181818182, 0.0001775568181818182, 0.0001775568181818182, 0.0001775568181818182, 0.0007102272727272727, 0.0015980113636363637, 0.005326704545454545, 0.009765625, 0.021129261363636364, 0.027698863636363636, 0.05735085227272727, 0.08700284090909091, 0.12002840909090909, 0.1299715909090909, 0.1475497159090909, 0.107421875, 0.10582386363636363, 0.06427556818181818, 0.036576704545454544, 0.046697443181818184, 0.015269886363636364, 0.007634943181818182, 0.005326704545454545, 0.0017755681818181818, 0.0, 0.0, 0.0, 0.0, 0.0, 0.0], [0.0, 0.0, 0.0, 0.000351493848857645, 0.0, 0.000351493848857645, 0.003163444639718805, 0.001054481546572935, 0.005272407732864675, 0.007381370826010545, 0.017223198594024606, 0.027065026362038665, 0.04499121265377856, 0.05799648506151142, 0.0945518453427065, 0.11458699472759226, 0.14762741652021089, 0.11810193321616871, 0.13848857644991214, 0.06432337434094904, 0.043233743409490336, 0.047100175746924426, 0.023198594024604568, 0.013708260105448155, 0.017926186291739893, 0.006678383128295255, 0.005272407732864675, 0.000351493848857645, 0.0, 0.0, 0.0, 0.0], [0.0001807337791433219, 0.0, 0.0, 0.0003614675582866438, 0.0007229351165732876, 0.0012651364540032532, 0.0012651364540032532, 0.004518344478583047, 0.007410084944876197, 0.014639436110609073, 0.030724742454364722, 0.04030363274896078, 0.05349719862642328, 0.08133020061449485, 0.11332007952286283, 0.12018796313030905, 0.13808060726549792, 0.09741550695825049, 0.12579071028375202, 0.059099945779866256, 0.03524308693294777, 0.03578528827037773, 0.015543105006325683, 0.009217422736309416, 0.011928429423459244, 0.0021688053497198627, 0.0, 0.0, 0.0, 0.0, 0.0, 0.0], [0.0, 0.0, 0.0, 0.0, 0.0, 0.0029154518950437317, 0.0, 0.0058309037900874635, 0.008746355685131196, 0.0058309037900874635, 0.01749271137026239, 0.04081632653061224, 0.0641399416909621, 0.13411078717201166, 0.15451895043731778, 0.15451895043731778, 0.1749271137026239, 0.11370262390670553, 0.07871720116618076, 0.03206997084548105, 0.011661807580174927, 0.0, 0.0, 0.0, 0.0, 0.0, 0.0, 0.0, 0.0, 0.0, 0.0, 0.0], [0.0, 0.0, 0.0, 0.00013101008777675882, 0.0, 0.00026202017555351765, 0.00026202017555351765, 0.001441110965544347, 0.0037992925455260056, 0.010611817109917463, 0.01676929123542513, 0.02751211843311935, 0.050045853530721864, 0.06550504388837941, 0.10441503995807677, 0.1307480676012053, 0.17162321498755403, 0.10375998951919298, 0.1555089741910127, 0.05974060002620202, 0.03222848159308267, 0.03864797589414385, 0.012314948251015327, 0.004454342984409799, 0.007205554827721734, 0.002096161404428141, 0.0009170706144373117, 0.0, 0.0, 0.0, 0.0, 0.0], [0.00011153245594467991, 0.00011153245594467991, 0.00022306491188935982, 0.0, 0.0006691947356680794, 0.001003792103502119, 0.0005576622797233995, 0.0018960517510595582, 0.002230649118893598, 0.00970332366718715, 0.015056881552531787, 0.03468659379879545, 0.06814633058219942, 0.10294445683693955, 0.143207673432969, 0.1720945795226411, 0.17555208565692618, 0.09536024983270132, 0.0965871068480928, 0.03948248940441668, 0.019964309614097703, 0.01282623243363819, 0.004461298237787196, 0.0017845192951148785, 0.001115324559446799, 0.00022306491188935982, 0.0, 0.0, 0.0, 0.0, 0.0, 0.0], [0.0, 0.0002656042496679947, 0.0, 0.0002656042496679947, 0.0010624169986719787, 0.0018592297476759628, 0.0018592297476759628, 0.00398406374501992, 0.008764940239043825, 0.016201859229747675, 0.026826029216467463, 0.049933598937583, 0.07649402390438247, 0.09853917662682603, 0.12881806108897742, 0.12138114209827357, 0.14794156706507305, 0.09428950863213811, 0.10092961487383798, 0.048871181938911025, 0.027357237715803454, 0.023373173970783534, 0.010889774236387782, 0.006640106241699867, 0.0029216467463479417, 0.0005312084993359894, 0.0, 0.0, 0.0, 0.0, 0.0, 0.0], [0.0, 0.0, 0.0, 0.0, 0.0004346881112801565, 0.0, 0.0006520321669202348, 0.0013040643338404696, 0.0039121930015214084, 0.005433601391001956, 0.01586611606172571, 0.02477722234296892, 0.0449902195174962, 0.07411432297326669, 0.10758530754183873, 0.12714627254944577, 0.1506194305585742, 0.08824168658987176, 0.152792871114975, 0.06150836774614214, 0.03564442512497283, 0.04955444468593784, 0.019560965007607043, 0.010867202782003912, 0.01477939578352532, 0.006302977613562269, 0.00369484894588133, 0.00021734405564007825, 0.0, 0.0, 0.0, 0.0], [0.0, 0.0007955449482895784, 0.0007955449482895784, 0.0015910898965791568, 0.0015910898965791568, 0.0031821797931583136, 0.006364359586316627, 0.011933174224343675, 0.02784407319013524, 0.053301511535401754, 0.060461416070007955, 0.09069212410501193, 0.08989657915672236, 0.13126491646778043, 0.14081145584725538, 0.10182975338106603, 0.09864757358790771, 0.05489260143198091, 0.06682577565632458, 0.023070803500397773, 0.007159904534606206, 0.023070803500397773, 0.0015910898965791568, 0.0, 0.002386634844868735, 0.0, 0.0, 0.0, 0.0, 0.0, 0.0, 0.0], [0.0, 0.0, 0.0, 0.0, 0.005128205128205128, 0.0, 0.005128205128205128, 0.028205128205128206, 0.046153846153846156, 0.04871794871794872, 0.09743589743589744, 0.09487179487179487, 0.08974358974358974, 0.08974358974358974, 0.11794871794871795, 0.09487179487179487, 0.12307692307692308, 0.05641025641025641, 0.06153846153846154, 0.023076923076923078, 0.005128205128205128, 0.0, 0.002564102564102564, 0.002564102564102564, 0.007692307692307693, 0.0, 0.0, 0.0, 0.0, 0.0, 0.0, 0.0], [0.00047382136934375743, 0.0, 0.0, 0.0, 0.0007107320540156361, 0.0014214641080312722, 0.0040274816394219376, 0.008528784648187633, 0.015873015873015872, 0.02771855010660981, 0.04738213693437574, 0.06657190239279792, 0.09950248756218906, 0.1134802179578299, 0.14877990997393983, 0.13053778725420517, 0.11892916370528311, 0.06609808102345416, 0.06941483060886046, 0.02771855010660981, 0.017531390665719022, 0.01824212271973466, 0.00923951670220327, 0.0035536602700781805, 0.002369106846718787, 0.0011845534233593934, 0.0007107320540156361, 0.0, 0.0, 0.0, 0.0, 0.0], [0.0, 0.0, 0.0, 0.00046511627906976747, 0.00046511627906976747, 0.0, 0.0027906976744186047, 0.0018604651162790699, 0.0051162790697674414, 0.017209302325581394, 0.029767441860465118, 0.036744186046511626, 0.05813953488372093, 0.07953488372093023, 0.11488372093023255, 0.12744186046511627, 0.14232558139534884, 0.09209302325581395, 0.11395348837209303, 0.05162790697674419, 0.03209302325581395, 0.03488372093023256, 0.018604651162790697, 0.013023255813953489, 0.021395348837209303, 0.004651162790697674, 0.0009302325581395349, 0.0, 0.0, 0.0, 0.0, 0.0], [0.0, 0.0, 0.0, 0.0, 0.0003315649867374005, 0.0, 0.001326259946949602, 0.001989389920424403, 0.005305039787798408, 0.013594164456233421, 0.020888594164456233, 0.038129973474801064, 0.0649867374005305, 0.10112732095490716, 0.126657824933687, 0.14323607427055704, 0.14953580901856764, 0.07924403183023873, 0.11505305039787798, 0.05338196286472149, 0.029509283819628647, 0.03017241379310345, 0.011273209549071617, 0.006631299734748011, 0.004641909814323607, 0.002652519893899204, 0.0003315649867374005, 0.0, 0.0, 0.0, 0.0, 0.0], [0.00019252984212552945, 0.00019252984212552945, 0.00019252984212552945, 0.0003850596842510589, 0.0003850596842510589, 0.0019252984212552945, 0.002887947631882942, 0.004813246053138236, 0.007508663842895649, 0.016942626107046593, 0.040623796688486716, 0.061224489795918366, 0.08721601848286484, 0.11551790527531768, 0.1359260685406238, 0.1320754716981132, 0.13765883711975357, 0.08644589911436272, 0.07739699653446284, 0.03735078937235271, 0.018675394686176357, 0.019060454370427415, 0.009819021948402002, 0.0030804774740084712, 0.0023103581055063534, 0.00019252984212552945, 0.0, 0.0, 0.0, 0.0, 0.0, 0.0], [0.0, 0.0, 0.0, 0.0, 0.000493339911198816, 0.000493339911198816, 0.0, 0.003453379378391712, 0.005426739023186976, 0.011346817957572768, 0.02960039467192896, 0.043907252096694625, 0.07301430685742477, 0.10754810064134189, 0.13813517513566848, 0.14849531327084362, 0.12432165762210162, 0.08880118401578688, 0.09274790330537741, 0.04242723236309817, 0.030587074494326592, 0.02713369511593488, 0.014306857424765663, 0.004440059200789344, 0.011346817957572768, 0.001973359644795264, 0.0, 0.0, 0.0, 0.0, 0.0, 0.0], [0.0, 0.0, 0.0, 0.0, 0.0, 0.0007150518412584912, 0.0007150518412584912, 0.0032177332856632105, 0.004290311047550947, 0.005362888809438684, 0.01144082946013586, 0.02538434036467644, 0.037182695745441544, 0.06256703611011798, 0.09438684304612084, 0.12012870933142653, 0.15159099034680015, 0.09903468001430103, 0.14372542009295675, 0.07400786557025385, 0.041830532713621735, 0.0650697175545227, 0.02288165892027172, 0.015373614587057561, 0.013943510904540579, 0.006435466571326421, 0.0007150518412584912, 0.0, 0.0, 0.0, 0.0, 0.0], [0.0, 0.0, 0.0, 0.0, 0.00020777062123415748, 0.00020777062123415748, 0.0010388531061707874, 0.0022854768335757326, 0.004363183045917307, 0.00914190733430293, 0.018907126532308333, 0.04134635362559734, 0.07168086432578434, 0.11261167670891337, 0.14356949927280283, 0.1207147309370455, 0.13816746312071473, 0.08560149594847288, 0.10575524620818616, 0.046332848535217123, 0.028464575109079578, 0.032619987533762725, 0.018076044047371703, 0.00498649490961978, 0.009557448576771245, 0.003739871182214835, 0.0006233118637024725, 0.0, 0.0, 0.0, 0.0, 0.0], [0.0, 0.0, 0.00014596409283316303, 0.00014596409283316303, 0.0, 0.00014596409283316303, 0.00043789227849948915, 0.0016056050211647934, 0.00335717413516275, 0.010217486498321413, 0.019997080718143337, 0.037366807765289736, 0.07123047730258357, 0.10596993139687637, 0.1516566924536564, 0.14683987739016202, 0.14683987739016202, 0.09064370164939425, 0.10845132097504014, 0.039994161436286674, 0.02160268573930813, 0.025105823967304042, 0.007882061012990804, 0.004524886877828055, 0.003941030506495402, 0.0008757845569989783, 0.0010217486498321413, 0.0, 0.0, 0.0, 0.0, 0.0], [0.0, 0.0, 0.0, 0.0, 0.0, 0.00017027073046143367, 0.0008513536523071684, 0.0011918951132300357, 0.003575685339690107, 0.008854077983994551, 0.014473012089221863, 0.03013791929167376, 0.05618934105227311, 0.09620296271071004, 0.14064362336114422, 0.1643112548952835, 0.17095181338327942, 0.1006300017027073, 0.12038140643623362, 0.03780010216243828, 0.01907032181168057, 0.022305465690447814, 0.0059594755661501785, 0.0022135194959986377, 0.003064873148305806, 0.0008513536523071684, 0.00017027073046143367, 0.0, 0.0, 0.0, 0.0, 0.0], [0.0, 0.01, 0.0, 0.0, 0.01, 0.03, 0.04, 0.03, 0.15, 0.09, 0.08, 0.03, 0.06, 0.11, 0.07, 0.08, 0.07, 0.04, 0.03, 0.03, 0.03, 0.01, 0.0, 0.0, 0.0, 0.0, 0.0, 0.0, 0.0, 0.0, 0.0, 0.0]]}, "ranks": {"labels": ["Unranked", "Combatatent I", "Combatatent II", "Challenger I", "Challenger II", "Rival I", "Rival II", "Duelist", "Elite"], "data": [[0.1984732824427481, 0.16793893129770993, 0.2748091603053435, 0.16793893129770993, 0.0916030534351145, 0.08396946564885496, 0.015267175572519083, 0.0, 0.0], [0.07440719542109567, 0.1259198691741619, 0.19705641864268192, 0.2878168438266558, 0.18315617334423548, 0.0866721177432543, 0.019623875715453803, 0.022076860179885527, 0.003270645952575634], [0.023447565060551404, 0.041741819118783816, 0.10564287554753929, 0.1780468951301211, 0.24400927595980418, 0.2128317443957743, 0.07060036073177016, 0.09507858799278536, 0.028600876062870394], [0.04435397471609171, 0.0700664238268695, 0.15963145489607886, 0.251339190057853, 0.2504821084208271, 0.13884722519820014, 0.04456824512534819, 0.035568887936575956, 0.005142489822155561], [0.2391304347826087, 0.13043478260869565, 0.2391304347826087, 0.0, 0.13043478260869565, 0.15217391304347827, 0.06521739130434782, 0.043478260869565216, 0.0], [0.018039358600583092, 0.04828717201166181, 0.14978134110787172, 0.23815597667638483, 0.2489067055393586, 0.14996355685131196, 0.05830903790087463, 0.0674198250728863, 0.021137026239067054], [0.080370942812983, 0.1226172076249356, 0.2328696548171046, 0.23390005151983514, 0.16950025759917567, 0.07985574446161772, 0.02833590932509016, 0.03400309119010819, 0.01854714064914992], [0.3697478991596639, 0.25210084033613445, 0.20168067226890757, 0.07563025210084033, 0.05042016806722689, 0.05042016806722689, 0.0, 0.0, 0.0], [0.09443603330809992, 0.17259651778955337, 0.2439439818319455, 0.23126419379258137, 0.13020439061317185, 0.06377744133232399, 0.0291445874337623, 0.03009084027252082, 0.004542013626040878], [0.0537109375, 0.08251953125, 0.18310546875, 0.25244140625, 0.240234375, 0.11962890625, 0.0302734375, 0.03466796875, 0.00341796875], [0.08361204013377926, 0.16109253065774806, 0.22435897435897437, 0.2578037904124861, 0.1488294314381271, 0.06661092530657749, 0.02814938684503902, 0.024804905239687848, 0.004738015607580825], [0.03939313281873835, 0.08783603939313282, 0.1634282672344956, 0.25552302368911367, 0.24567474048442905, 0.12483364386478574, 0.042587170614852274, 0.035400585573595954, 0.005323396326856534], [0.05935077519379845, 0.11918604651162791, 0.20276162790697674, 0.26647286821705424, 0.20712209302325582, 0.08551356589147287, 0.03173449612403101, 0.02252906976744186, 0.005329457364341085], [0.013899920571882446, 0.04447974583002383, 0.13224781572676728, 0.23312152501985703, 0.2851469420174742, 0.16401906274821287, 0.061953931691818905, 0.05599682287529786, 0.009134233518665607], [0.05583756345177665, 0.1116751269035533, 0.20050761421319796, 0.22715736040609136, 0.19416243654822335, 0.10406091370558376, 0.05203045685279188, 0.03299492385786802, 0.021573604060913704], [0.04080932784636488, 0.0850480109739369, 0.18621399176954734, 0.26920438957475995, 0.21467764060356653, 0.12002743484224966, 0.03737997256515775, 0.038408779149519894, 0.00823045267489712], [0.04346383543463835, 0.09754479097544791, 0.18745852687458528, 0.25082946250829463, 0.21930988719309888, 0.12143331121433311, 0.03085600530856005, 0.036828135368281355, 0.01227604512276045], [0.16129032258064516, 0.16129032258064516, 0.1935483870967742, 0.16129032258064516, 0.16129032258064516, 0.06451612903225806, 0.06451612903225806, 0.03225806451612903, 0.0], [0.018465909090909092, 0.048828125, 0.14435369318181818, 0.25, 0.2549715909090909, 0.14399857954545456, 0.06267755681818182, 0.06960227272727272, 0.007102272727272727], [0.01757469244288225, 0.04428822495606327, 0.10298769771528998, 0.20913884007029876, 0.2657293497363796, 0.17258347978910368, 0.0734622144112478, 0.08400702987697715, 0.03022847100175747], [0.030363274896078075, 0.0710283752033255, 0.13482739924091813, 0.23350804265317188, 0.23549611422374842, 0.15796132297126333, 0.06217242002530273, 0.06054581601301283, 0.014097234773179108], [0.023323615160349854, 0.05830903790087463, 0.19825072886297376, 0.30903790087463556, 0.2886297376093295, 0.10204081632653061, 0.02040816326530612, 0.0, 0.0], [0.01650727105987161, 0.04428140966854448, 0.11555089741910127, 0.23516310755928208, 0.275383204506747, 0.18852351631075592, 0.058954539499541464, 0.05541726712956898, 0.010218786846587188], [0.016506803479812624, 0.04974347535132723, 0.17109078741913897, 0.3153022529556101, 0.2709123354896275, 0.11900513049297345, 0.03702877537363373, 0.01907204996654026, 0.0013383894713361588], [0.034262948207171316, 0.07675962815405046, 0.1750332005312085, 0.250199203187251, 0.24223107569721117, 0.12802124833997344, 0.049136786188579015, 0.040903054448871184, 0.003452855245683931], [0.011736579004564224, 0.04064333840469463, 0.11910454249076288, 0.2347315800912845, 0.238861117148446, 0.18604651162790697, 0.063899152358183, 0.07998261247554879, 0.024994566398609], [0.10739856801909307, 0.1511535401750199, 0.2211614956245028, 0.24264120922832141, 0.15354017501988862, 0.07796340493237867, 0.01909307875894988, 0.024661893396976928, 0.002386634844868735], [0.13333333333333333, 0.19230769230769232, 0.1794871794871795, 0.2128205128205128, 0.1794871794871795, 0.07948717948717948, 0.010256410256410256, 0.005128205128205128, 0.007692307692307693], [0.05875384979862592, 0.11395403932717366, 0.21298270552001897, 0.279317697228145, 0.18502724472873727, 0.08315565031982942, 0.03150912106135987, 0.03103529969201611, 0.0042643923240938165], [0.027906976744186046, 0.06651162790697675, 0.13767441860465116, 0.24232558139534885, 0.2344186046511628, 0.13906976744186048, 0.0586046511627907, 0.06651162790697675, 0.026976744186046512], [0.022546419098143235, 0.059018567639257294, 0.16611405835543766, 0.26989389920424406, 0.22877984084880637, 0.14655172413793102, 0.05139257294429708, 0.04807692307692308, 0.007625994694960212], [0.03542549095109742, 0.10184828648440508, 0.20273392375818253, 0.268001540238737, 0.22410473623411628, 0.09992298806314978, 0.03350019252984213, 0.03195995379283789, 0.0025028879476318828], [0.021213616181549086, 0.07350764676862358, 0.18056240749876665, 0.28663048840651206, 0.2131228416378885, 0.11790823877651702, 0.04785397138628515, 0.045880611741489885, 0.013320177602368031], [0.014301036825169824, 0.0368251698248123, 0.09974973185555953, 0.21451555237754738, 0.25062567036110117, 0.18948873793350018, 0.07007508044333215, 0.10332499106185199, 0.021094029317125493], [0.01724496156243507, 0.06025348015790567, 0.1842925410346977, 0.2642842302098483, 0.22376895906918762, 0.13214211510492416, 0.0484105547475587, 0.055682526490754204, 0.013920631622688551], [0.016056050211647934, 0.05736388848343307, 0.17720040869945994, 0.2984965698438184, 0.23748357903955628, 0.12947015034301562, 0.040578017807619327, 0.0375127718581229, 0.005838563713326522], [0.014643282819683296, 0.04461093138089563, 0.15239230376298316, 0.3049548782564277, 0.2715818150859867, 0.14166524774391281, 0.03558658266643964, 0.03047846075259663, 0.004086497531074408], [0.36, 0.11, 0.17, 0.15, 0.11, 0.04, 0.05, 0.01, 0.0]]}, "ranksDetailed": {"labels": ["Unranked", "Combatatant", "Challenger", "Rival", "Duelist", "Elite"], "data": [[0.1984732824427481, 0.44274809160305345, 0.2595419847328244, 0.09923664122137404, 0.0, 0.0], [0.07440719542109567, 0.32297628781684384, 0.47097301717089124, 0.10629599345870809, 0.022076860179885527, 0.003270645952575634], [0.023447565060551404, 0.14738469466632312, 0.42205617108992527, 0.28343210512754446, 0.09507858799278536, 0.028600876062870394], [0.04435397471609171, 0.22969787872294836, 0.5018212984786801, 0.18341547032354832, 0.035568887936575956, 0.005142489822155561], [0.2391304347826087, 0.3695652173913043, 0.13043478260869565, 0.21739130434782608, 0.043478260869565216, 0.0], [0.018039358600583092, 0.19806851311953352, 0.48706268221574345, 0.2082725947521866, 0.0674198250728863, 0.021137026239067054], [0.080370942812983, 0.3554868624420402, 0.4034003091190108, 0.10819165378670788, 0.03400309119010819, 0.01854714064914992], [0.3697478991596639, 0.453781512605042, 0.12605042016806722, 0.05042016806722689, 0.0, 0.0], [0.09443603330809992, 0.41654049962149886, 0.3614685844057532, 0.0929220287660863, 0.03009084027252082, 0.004542013626040878], [0.0537109375, 0.265625, 0.49267578125, 0.14990234375, 0.03466796875, 0.00341796875], [0.08361204013377926, 0.38545150501672243, 0.4066332218506132, 0.0947603121516165, 0.024804905239687848, 0.004738015607580825], [0.03939313281873835, 0.25126430662762844, 0.5011977641735427, 0.167420814479638, 0.035400585573595954, 0.005323396326856534], [0.05935077519379845, 0.32194767441860467, 0.4735949612403101, 0.11724806201550388, 0.02252906976744186, 0.005329457364341085], [0.013899920571882446, 0.1767275615567911, 0.5182684670373312, 0.22597299444003177, 0.05599682287529786, 0.009134233518665607], [0.05583756345177665, 0.31218274111675126, 0.4213197969543147, 0.15609137055837563, 0.03299492385786802, 0.021573604060913704], [0.04080932784636488, 0.2712620027434842, 0.4838820301783265, 0.1574074074074074, 0.038408779149519894, 0.00823045267489712], [0.04346383543463835, 0.2850033178500332, 0.4701393497013935, 0.15228931652289315, 0.036828135368281355, 0.01227604512276045], [0.16129032258064516, 0.3548387096774194, 0.3225806451612903, 0.12903225806451613, 0.03225806451612903, 0.0], [0.018465909090909092, 0.19318181818181818, 0.5049715909090909, 0.20667613636363635, 0.06960227272727272, 0.007102272727272727], [0.01757469244288225, 0.14727592267135325, 0.4748681898066784, 0.2460456942003515, 0.08400702987697715, 0.03022847100175747], [0.030363274896078075, 0.20585577444424363, 0.4690041568769203, 0.22013374299656605, 0.06054581601301283, 0.014097234773179108], [0.023323615160349854, 0.2565597667638484, 0.597667638483965, 0.12244897959183673, 0.0, 0.0], [0.01650727105987161, 0.15983230708764576, 0.5105463120660291, 0.2474780558102974, 0.05541726712956898, 0.010218786846587188], [0.016506803479812624, 0.2208342627704662, 0.5862145884452375, 0.15603390586660718, 0.01907204996654026, 0.0013383894713361588], [0.034262948207171316, 0.251792828685259, 0.49243027888446217, 0.17715803452855244, 0.040903054448871184, 0.003452855245683931], [0.011736579004564224, 0.15974788089545752, 0.4735926972397305, 0.24994566398608997, 0.07998261247554879, 0.024994566398609], [0.10739856801909307, 0.3723150357995227, 0.39618138424821003, 0.09705648369132856, 0.024661893396976928, 0.002386634844868735], [0.13333333333333333, 0.3717948717948718, 0.3923076923076923, 0.08974358974358974, 0.005128205128205128, 0.007692307692307693], [0.05875384979862592, 0.3269367448471926, 0.46434494195688225, 0.11466477138118929, 0.03103529969201611, 0.0042643923240938165], [0.027906976744186046, 0.20418604651162792, 0.47674418604651164, 0.19767441860465115, 0.06651162790697675, 0.026976744186046512], [0.022546419098143235, 0.22513262599469497, 0.4986737400530504, 0.1979442970822281, 0.04807692307692308, 0.007625994694960212], [0.03542549095109742, 0.3045822102425876, 0.49210627647285327, 0.1334231805929919, 0.03195995379283789, 0.0025028879476318828], [0.021213616181549086, 0.2540700542673902, 0.4997533300444006, 0.16576221016280218, 0.045880611741489885, 0.013320177602368031], [0.014301036825169824, 0.13657490168037184, 0.46514122273864855, 0.25956381837683234, 0.10332499106185199, 0.021094029317125493], [0.01724496156243507, 0.24454602119260335, 0.48805318927903596, 0.18055266985248286, 0.055682526490754204, 0.013920631622688551], [0.016056050211647934, 0.234564297182893, 0.5359801488833746, 0.17004816815063495, 0.0375127718581229, 0.005838563713326522], [0.014643282819683296, 0.19700323514387877, 0.5765366933424144, 0.17725183041035247, 0.03047846075259663, 0.004086497531074408], [0.36, 0.28, 0.26, 0.09, 0.01, 0.0]]}}}, "eu": {"histType": {"histogram": {"labels": ["0", "100", "200", "300", "400", "500", "600", "700", "800", "900", "1000", "1100", "1200", "1300", "1400", "1500", "1600", "1700", "1800", "1900", "2000", "2100", "2200", "2300", "2400", "2500", "2600", "2700", "2800", "2900", "3000", "3100"], "data": [[0.0, 0.0, 0.0, 0.0, 0.0, 0.011904761904761904, 0.023809523809523808, 0.03571428571428571, 0.08333333333333333, 0.08333333333333333, 0.10714285714285714, 0.09523809523809523, 0.10714285714285714, 0.08333333333333333, 0.047619047619047616, 0.11904761904761904, 0.05952380952380952, 0.05952380952380952, 0.03571428571428571, 0.0, 0.011904761904761904, 0.023809523809523808, 0.011904761904761904, 0.0, 0.0, 0.0, 0.0, 0.0, 0.0, 0.0, 0.0, 0.0], [0.0, 0.0, 0.0, 0.0008984725965858042, 0.0017969451931716084, 0.004492362982929021, 0.008984725965858042, 0.0071877807726864335, 0.028751123090745734, 0.03773584905660377, 0.050314465408805034, 0.09074573225516622, 0.09973045822102426, 0.12668463611859837, 0.14375561545372867, 0.12129380053908356, 0.10422282120395328, 0.05660377358490566, 0.06019766397124888, 0.02425876010781671, 0.008086253369272238, 0.016172506738544475, 0.0026954177897574125, 0.004492362982929021, 0.0008984725965858042, 0.0, 0.0, 0.0, 0.0, 0.0, 0.0, 0.0], [0.0, 0.0, 0.0, 0.0002949852507374631, 0.0002949852507374631, 0.0008849557522123894, 0.0008849557522123894, 0.0029498525073746312, 0.007964601769911504, 0.010914454277286136, 0.020058997050147492, 0.03008849557522124, 0.04601769911504425, 0.0607669616519174, 0.09144542772861357, 0.09911504424778761, 0.13805309734513274, 0.0943952802359882, 0.16755162241887905, 0.06666666666666667, 0.04424778761061947, 0.05486725663716814, 0.02566371681415929, 0.00943952802359882, 0.017404129793510324, 0.005309734513274336, 0.0035398230088495575, 0.0011799410029498525, 0.0, 0.0, 0.0, 0.0], [0.0, 0.00019398642095053346, 0.0, 0.00019398642095053346, 0.00019398642095053346, 0.0005819592628516004, 0.0013579049466537342, 0.0052376333656644035, 0.00834141610087294, 0.015518913676042677, 0.032395732298739086, 0.05024248302618817, 0.06537342386032978, 0.08962172647914646, 0.11813773035887488, 0.13074684772065956, 0.15383123181377303, 0.10184287099903007, 0.11677982541222115, 0.0475266731328807, 0.019980601357904946, 0.023472356935014548, 0.008535402521823473, 0.0036857419980601356, 0.003297769156159069, 0.0019398642095053346, 0.0009699321047526673, 0.0, 0.0, 0.0, 0.0, 0.0], [0.0, 0.0, 0.0, 0.0, 0.0, 0.0, 0.0425531914893617, 0.06382978723404255, 0.0851063829787234, 0.0425531914893617, 0.10638297872340426, 0.1276595744680851, 0.06382978723404255, 0.06382978723404255, 0.1276595744680851, 0.06382978723404255, 0.0851063829787234, 0.02127659574468085, 0.0, 0.06382978723404255, 0.0, 0.02127659574468085, 0.0, 0.02127659574468085, 0.0, 0.0, 0.0, 0.0, 0.0, 0.0, 0.0, 0.0], [0.0, 0.00017898693395382138, 0.00035797386790764276, 0.00035797386790764276, 0.0005369608018614641, 0.00017898693395382138, 0.00035797386790764276, 0.0030427778772149634, 0.004474673348845534, 0.009307320565598711, 0.017182745659566852, 0.02756398782888849, 0.05548594952568463, 0.08519778056201897, 0.10989797744764632, 0.12153212815464472, 0.13441918739931985, 0.10184356541972436, 0.12761768390907463, 0.06085555754429926, 0.036334347592625736, 0.05101127617683909, 0.01968856273492035, 0.0076964381600143185, 0.014855915518167173, 0.005548594952568463, 0.0032217648111687847, 0.0012529085376767495, 0.0, 0.0, 0.0, 0.0], [0.0, 0.0004730368968779565, 0.0004730368968779565, 0.0014191106906338694, 0.000946073793755913, 0.003784295175023652, 0.005676442762535478, 0.01466414380321665, 0.028855250709555344, 0.03642384105960265, 0.05723746452223273, 0.07663197729422895, 0.09318826868495743, 0.11352885525070956, 0.11494796594134342, 0.1021759697256386, 0.10927152317880795, 0.05912961210974456, 0.05912961210974456, 0.029801324503311258, 0.02270577105014191, 0.025070955534531692, 0.01229895931882687, 0.008987701040681173, 0.012771996215704825, 0.004257332071901609, 0.005676442762535478, 0.0004730368968779565, 0.0, 0.0, 0.0, 0.0], [0.0, 0.0, 0.0, 0.0, 0.0, 0.025974025974025976, 0.0, 0.1038961038961039, 0.03896103896103896, 0.09090909090909091, 0.11688311688311688, 0.1038961038961039, 0.1038961038961039, 0.05194805194805195, 0.09090909090909091, 0.14285714285714285, 0.09090909090909091, 0.03896103896103896, 0.0, 0.0, 0.0, 0.0, 0.0, 0.0, 0.0, 0.0, 0.0, 0.0, 0.0, 0.0, 0.0, 0.0], [0.0007530120481927711, 0.00018825301204819278, 0.0007530120481927711, 0.0007530120481927711, 0.0009412650602409639, 0.0018825301204819277, 0.005647590361445783, 0.011671686746987951, 0.029367469879518073, 0.04725150602409638, 0.07379518072289157, 0.09676204819277108, 0.12349397590361445, 0.1278237951807229, 0.109375, 0.09695030120481928, 0.08452560240963855, 0.052522590361445784, 0.05176957831325301, 0.030120481927710843, 0.01882530120481928, 0.017131024096385544, 0.007530120481927711, 0.00470632530120482, 0.004518072289156626, 0.0009412650602409639, 0.0, 0.0, 0.0, 0.0, 0.0, 0.0], [0.0, 0.0, 0.0, 0.0, 0.0, 0.0006246096189881324, 0.0012492192379762648, 0.007495315427857589, 0.01561524047470331, 0.019987507807620236, 0.0462211118051218, 0.04996876951905059, 0.07432854465958776, 0.1061836352279825, 0.12429731417863835, 0.1267957526545909, 0.14490943160524672, 0.07807620237351655, 0.10118675827607745, 0.02873204247345409, 0.03185509056839475, 0.024359775140537165, 0.009993753903810118, 0.0024984384759525295, 0.003123048094940662, 0.0024984384759525295, 0.0, 0.0, 0.0, 0.0, 0.0, 0.0], [0.00034376074252320387, 0.0, 0.0, 0.0006875214850464077, 0.0013750429700928155, 0.0024063251976624267, 0.0034376074252320385, 0.012719147473358542, 0.023375730491577863, 0.037813681677552426, 0.0635957373667927, 0.08628394637332416, 0.11172224132004126, 0.12341010656583018, 0.12925403918872463, 0.10587830869714679, 0.09040907528360262, 0.057064283258851836, 0.06325197662426951, 0.027500859401856308, 0.022000687521485048, 0.019250601581299414, 0.007218975592987281, 0.005500171880371262, 0.0034376074252320385, 0.002062564455139223, 0.0, 0.0, 0.0, 0.0, 0.0, 0.0], [0.0, 0.0, 0.0, 0.0005699629524080935, 0.0008549444286121402, 0.001139925904816187, 0.0017098888572242804, 0.004844685095468795, 0.012539184952978056, 0.02707324023938444, 0.03761755485893417, 0.04987175833570818, 0.0823596466229695, 0.0877742946708464, 0.12140210886292391, 0.11798233114847535, 0.14106583072100312, 0.09062410943288686, 0.10202336848104873, 0.04673696209746366, 0.0262182958107723, 0.024793388429752067, 0.011684240524365916, 0.003134796238244514, 0.005414648047876888, 0.001139925904816187, 0.0005699629524080935, 0.0005699629524080935, 0.0, 0.0, 0.00028498147620404675, 0.0], [0.00029291154071470416, 0.0, 0.00029291154071470416, 0.0008787346221441124, 0.0, 0.0017574692442882249, 0.003222026947861746, 0.010837727006444054, 0.015817223198594025, 0.02606912712360867, 0.04715875805506737, 0.06531927357937903, 0.10017574692442882, 0.10720562390158173, 0.14762741652021089, 0.12243702401874634, 0.11364967779730521, 0.07147041593438781, 0.07996485061511424, 0.03046280023432923, 0.020796719390743994, 0.015817223198594025, 0.007029876977152899, 0.00497949619214997, 0.003222026947861746, 0.002050380785002929, 0.0014645577035735209, 0.0, 0.0, 0.0, 0.0, 0.0], [0.0, 0.0, 0.0, 0.00036310820624546115, 0.00036310820624546115, 0.0, 0.0010893246187363835, 0.0010893246187363835, 0.004720406681190995, 0.007262164124909223, 0.013071895424836602, 0.02832244008714597, 0.053013798111837325, 0.08206245461147423, 0.11365286855482934, 0.135439360929557, 0.16303558460421205, 0.11474219317356572, 0.11728395061728394, 0.06318082788671024, 0.033042846768336964, 0.032679738562091505, 0.018518518518518517, 0.006172839506172839, 0.006899055918663762, 0.0018155410312273058, 0.0018155410312273058, 0.00036310820624546115, 0.0, 0.0, 0.0, 0.0], [0.0, 0.0, 0.0015060240963855422, 0.0015060240963855422, 0.0, 0.0015060240963855422, 0.012048192771084338, 0.01355421686746988, 0.0286144578313253, 0.03614457831325301, 0.043674698795180725, 0.060240963855421686, 0.08433734939759036, 0.097891566