{"region": {"us": {"histType": {"histogram": {"labels": ["0", "100", "200", "300", "400", "500", "600", "700", "800", "900", "1000", "1100", "1200", "1300", "1400", "1500", "1600", "1700", "1800", "1900", "2000", "2100", "2200", "2300", "2400", "2500", "2600", "2700", "2800", "2900", "3000", "3100", "3200"], "data": [[0.0, 0.0, 0.003215434083601286, 0.003215434083601286, 0.006430868167202572, 0.006430868167202572, 0.022508038585209004, 0.012861736334405145, 0.03215434083601286, 0.028938906752411574, 0.0707395498392283, 0.07395498392282958, 0.08360128617363344, 0.1189710610932476, 0.10610932475884244, 0.11254019292604502, 0.09967845659163987, 0.05466237942122187, 0.05466237942122187, 0.04823151125401929, 0.028938906752411574, 0.00964630225080386, 0.00964630225080386, 0.0, 0.012861736334405145, 0.0, 0.0, 0.0, 0.0, 0.0, 0.0, 0.0, 0.0], [0.0, 0.0008240626287597857, 0.0, 0.00041203131437989287, 0.0008240626287597857, 0.0016481252575195715, 0.004944375772558714, 0.010712814173877214, 0.011124845488257108, 0.019777503090234856, 0.034610630407911, 0.042439225381128966, 0.0638648537288834, 0.07457766790276062, 0.10094767202307375, 0.1211372064276885, 0.14709517923362175, 0.08941079522043675, 0.15203955500618047, 0.05562422744128554, 0.024309847548413678, 0.016481252575195716, 0.009888751545117428, 0.004944375772558714, 0.004944375772558714, 0.0016481252575195715, 0.003296250515039143, 0.0020601565718994645, 0.00041203131437989287, 0.0, 0.0, 0.0, 0.0], [0.0001394700139470014, 0.0, 0.0, 0.0002789400278940028, 0.0002789400278940028, 0.0002789400278940028, 0.0002789400278940028, 0.000697350069735007, 0.003486750348675035, 0.004463040446304045, 0.007810320781032078, 0.011297071129707114, 0.017433751743375175, 0.02789400278940028, 0.04086471408647141, 0.061227336122733615, 0.09804741980474198, 0.10585774058577406, 0.2813110181311018, 0.08661087866108787, 0.06206415620641562, 0.09177126917712691, 0.02705718270571827, 0.014504881450488146, 0.033193863319386334, 0.010181311018131101, 0.0048814504881450485, 0.004044630404463041, 0.001394700139470014, 0.002510460251046025, 0.0001394700139470014, 0.0, 0.0], [0.0, 0.0, 0.0, 0.0, 0.00013015749056358194, 0.00013015749056358194, 0.0009111024339450736, 0.0023428348301444747, 0.0061174020564883505, 0.010412599245086555, 0.015749056358193413, 0.018612521150592216, 0.034752049980476374, 0.045424964206690094, 0.06468827281010023, 0.08616425875309124, 0.15163347650657294, 0.11805284394116881, 0.20512820512820512, 0.08577378628140049, 0.053494728621632175, 0.058050240791357545, 0.017310946244956396, 0.007549134452687752, 0.011844331641285956, 0.0024729923207080567, 0.0011714174150722373, 0.0015618898867629833, 0.0002603149811271639, 0.0, 0.0002603149811271639, 0.0, 0.0], [0.0, 0.0, 0.0, 0.0, 0.008771929824561403, 0.0, 0.008771929824561403, 0.03508771929824561, 0.03508771929824561, 0.05263157894736842, 0.043859649122807015, 0.07894736842105263, 0.07017543859649122, 0.10526315789473684, 0.07894736842105263, 0.10526315789473684, 0.06140350877192982, 0.03508771929824561, 0.08771929824561403, 0.08771929824561403, 0.02631578947368421, 0.043859649122807015, 0.017543859649122806, 0.017543859649122806, 0.0, 0.0, 0.0, 0.0, 0.0, 0.0, 0.0, 0.0, 0.0], [0.0, 0.0, 0.0, 0.0, 0.0, 0.00013126804935678657, 0.0, 0.0018377526909950119, 0.0018377526909950119, 0.006694670517196115, 0.010632711997899712, 0.017064846416382253, 0.031373063796271985, 0.05355736413756892, 0.07639800472564978, 0.1055395116828564, 0.15896560777106852, 0.11197164610133893, 0.17419270149645577, 0.07390391178787083, 0.04318718823838278, 0.06169598319768968, 0.020477815699658702, 0.010370175899186138, 0.021002887897085848, 0.008269887109477554, 0.003281701233919664, 0.003281701233919664, 0.002100288789708585, 0.0007876082961407193, 0.001443948542924652, 0.0, 0.0], [0.0, 0.0, 0.0002642007926023778, 0.001585204755614267, 0.001585204755614267, 0.003170409511228534, 0.005812417437252312, 0.008982826948480845, 0.017437252311756937, 0.024570673712021138, 0.03883751651254954, 0.04702774108322325, 0.07001321003963012, 0.08348745046235138, 0.10911492734478204, 0.12338177014531043, 0.12523117569352707, 0.08190224570673713, 0.11043593130779393, 0.03883751651254954, 0.028005284015852047, 0.02906208718626156, 0.011096433289299868, 0.007133421400264201, 0.012681638044914135, 0.006340819022457068, 0.006869220607661823, 0.0023778071334214002, 0.0018494055482166448, 0.0007926023778071334, 0.0021136063408190224, 0.0, 0.0], [0.0033333333333333335, 0.0, 0.0033333333333333335, 0.01, 0.016666666666666666, 0.013333333333333334, 0.016666666666666666, 0.05, 0.05, 0.1, 0.08666666666666667, 0.10333333333333333, 0.09, 0.10333333333333333, 0.07666666666666666, 0.06666666666666667, 0.06666666666666667, 0.03333333333333333, 0.02666666666666667, 0.03666666666666667, 0.006666666666666667, 0.013333333333333334, 0.02, 0.006666666666666667, 0.0, 0.0, 0.0, 0.0, 0.0, 0.0, 0.0, 0.0, 0.0], [0.00032376429958989856, 0.00032376429958989856, 0.0005396071659831643, 0.0005396071659831643, 0.0005396071659831643, 0.0017267429311461256, 0.0017267429311461256, 0.0052881502266350095, 0.009173321821713792, 0.020720915173753508, 0.03345564429095618, 0.0456507662421757, 0.05892510252536154, 0.06615583854953594, 0.08547377509173322, 0.09054608245197496, 0.13921864882365637, 0.0991797971077056, 0.11752644075113318, 0.06205482408806389, 0.043708180444636306, 0.044895316209799266, 0.01974962227498381, 0.012626807684006043, 0.021044679473343406, 0.008957478955320527, 0.005719835959421541, 0.0017267429311461256, 0.0022663500971292897, 0.0002158428663932657, 0.0, 0.0, 0.0], [0.0, 0.0, 0.0, 0.0, 0.00036927621861152144, 0.00036927621861152144, 0.00036927621861152144, 0.00036927621861152144, 0.0007385524372230429, 0.005539143279172821, 0.007016248153618907, 0.005908419497784343, 0.012186115214180207, 0.021048744460856722, 0.04025110782865583, 0.06351550960118169, 0.07791728212703102, 0.08124076809453472, 0.18759231905465287, 0.08087149187592318, 0.08530280649926145, 0.12149187592319055, 0.050221565731166914, 0.025480059084194977, 0.06868537666174299, 0.022895125553914326, 0.013663220088626292, 0.014771048744460856, 0.0066469719350073855, 0.004062038404726735, 0.0014771048744460858, 0.0, 0.0], [0.0, 0.0, 0.0003244646333549643, 0.0, 0.0016223231667748216, 0.0016223231667748216, 0.0035691109669046075, 0.003893575600259572, 0.012005191434133679, 0.018170019467878003, 0.030499675535366644, 0.03439325113562622, 0.05970149253731343, 0.07235561323815703, 0.09214795587280987, 0.11194029850746269, 0.14049318624269955, 0.09117456197274497, 0.15120051914341337, 0.054510058403634, 0.036340038935756006, 0.04023361453601557, 0.012654120700843608, 0.008436080467229072, 0.01135626216742375, 0.004218040233614536, 0.001946787800129786, 0.0016223231667748216, 0.001946787800129786, 0.0016223231667748216, 0.0, 0.0, 0.0], [0.00018389113644722325, 0.0, 0.0005516734093416697, 0.0005516734093416697, 0.0009194556822361162, 0.002022802500919456, 0.004597278411180581, 0.008275101140125045, 0.013791835233541744, 0.022986392055902905, 0.04836336888561971, 0.06399411548363369, 0.08973887458624494, 0.0972784111805811, 0.1344244207429202, 0.1312982714233174, 0.1289076866495035, 0.07429201912467819, 0.08036042662743656, 0.03751379183523354, 0.01930856932695844, 0.018389113644722323, 0.008091210003677823, 0.005332842956969474, 0.004045605001838912, 0.001471129091577786, 0.0018389113644722325, 0.0009194556822361162, 0.0005516734093416697, 0.0, 0.0, 0.0, 0.0], [0.0, 0.0, 0.0, 0.0, 0.0003469210754553339, 0.0006938421509106678, 0.0027753686036426713, 0.003122289679098005, 0.007111882046834345, 0.009366869037294015, 0.023243712055507373, 0.035039028620988726, 0.04787510841283608, 0.06747614917606244, 0.10598438855160451, 0.11257588898525585, 0.14518647007805724, 0.10355594102341717, 0.15819601040763226, 0.06001734605377277, 0.03712055507372073, 0.03607979184735473, 0.013529921942758023, 0.00849956634865568, 0.012836079791847355, 0.005030355594102341, 0.0015611448395490026, 0.0010407632263660018, 0.0017346053772766695, 0.0, 0.0, 0.0, 0.0], [0.0002387774594078319, 0.0, 0.0, 0.00011938872970391595, 0.0002387774594078319, 0.00035816618911174784, 0.0015520534861509074, 0.002268385864374403, 0.00501432664756447, 0.013371537726838587, 0.021967526265520534, 0.026026743075453676, 0.03605539637058262, 0.04811365807067813, 0.06876790830945559, 0.09252626552053486, 0.13443170964660936, 0.11318051575931232, 0.1759789875835721, 0.08369149952244508, 0.05396370582617001, 0.05826170009551098, 0.02029608404966571, 0.010148042024832856, 0.017311365807067814, 0.0052531041069723014, 0.003939828080229226, 0.0026265520534861507, 0.0015520534861509074, 0.002387774594078319, 0.00035816618911174784, 0.0, 0.0], [0.0, 0.0, 0.0, 0.0, 0.00046849379245724994, 0.00023424689622862497, 0.0007027406886858749, 0.0007027406886858749, 0.004216444132115249, 0.004216444132115249, 0.013117826188802998, 0.01803701100960412, 0.03630826891543687, 0.05176856406652612, 0.07402201920824548, 0.10072616537830874, 0.14944951979386273, 0.11595221363316936, 0.17146872803935348, 0.07964394471773249, 0.058093230264698995, 0.05692199578355587, 0.022721948934176624, 0.010306863434059498, 0.016631529632232373, 0.007730147575544624, 0.0018739751698289998, 0.0018739751698289998, 0.0009369875849144999, 0.0018739751698289998, 0.0, 0.0, 0.0], [0.0, 0.00041152263374485596, 0.0, 0.0, 0.0012345679012345679, 0.0012345679012345679, 0.0008230452674897119, 0.0049382716049382715, 0.009876543209876543, 0.013991769547325103, 0.019753086419753086, 0.031275720164609055, 0.047736625514403296, 0.05720164609053498, 0.08065843621399177, 0.10411522633744856, 0.13580246913580246, 0.10246913580246914, 0.13580246913580246, 0.06460905349794238, 0.05308641975308642, 0.046502057613168724, 0.027983539094650206, 0.01440329218106996, 0.017695473251028805, 0.009876543209876543, 0.004526748971193415, 0.006172839506172839, 0.00411522633744856, 0.0024691358024691358, 0.0012345679012345679, 0.0, 0.0], [0.00022123893805309734, 0.0, 0.0004424778761061947, 0.0004424778761061947, 0.0004424778761061947, 0.0008849557522123894, 0.0015486725663716814, 0.003761061946902655, 0.00752212389380531, 0.012168141592920354, 0.022345132743362833, 0.03960176991150442, 0.06769911504424779, 0.07898230088495575, 0.10641592920353982, 0.12477876106194691, 0.13650442477876107, 0.09292035398230089, 0.12853982300884956, 0.05066371681415929, 0.034292035398230086, 0.04026548672566372, 0.014823008849557522, 0.007743362831858407, 0.013053097345132743, 0.005309734513274336, 0.0035398230088495575, 0.001991150442477876, 0.0015486725663716814, 0.0015486725663716814, 0.0, 0.0, 0.0], [0.0, 0.0, 0.0001677008217340265, 0.000335401643468053, 0.0005031024652020795, 0.000335401643468053, 0.0011739057521381855, 0.0028509139694784503, 0.004024819721616636, 0.009894348482307563, 0.020459500251551233, 0.026161328190508135, 0.04712393090726145, 0.05835988596344122, 0.09860808317960758, 0.12107999329196713, 0.14573201408686903, 0.09827268153613952, 0.18195539158141874, 0.060204595002515515, 0.03488177092067751, 0.04024819721616636, 0.015260774777796412, 0.007881938621499246, 0.012074459164849907, 0.004192520543350662, 0.00335401643468053, 0.001677008217340265, 0.0005031024652020795, 0.002683213147744424, 0.0, 0.0, 0.0], [0.0, 0.0, 0.0, 0.009009009009009009, 0.009009009009009009, 0.009009009009009009, 0.0, 0.009009009009009009, 0.009009009009009009, 0.05405405405405406, 0.02702702702702703, 0.04504504504504504, 0.04504504504504504, 0.06306306306306306, 0.05405405405405406, 0.11711711711711711, 0.12612612612612611, 0.08108108108108109, 0.07207207207207207, 0.02702702702702703, 0.08108108108108109, 0.036036036036036036, 0.036036036036036036, 0.0, 0.018018018018018018, 0.02702702702702703, 0.009009009009009009, 0.036036036036036036, 0.0, 0.0, 0.0, 0.0, 0.0], [0.00025003125390673836, 0.00012501562695336918, 0.0, 0.00012501562695336918, 0.00025003125390673836, 0.00025003125390673836, 0.00037504688086010754, 0.0015001875234404302, 0.0031253906738342293, 0.006500812601575197, 0.011376422052756595, 0.016127015876984622, 0.030878859857482184, 0.046130766345793224, 0.0766345793224153, 0.11288911113889236, 0.16364545568196023, 0.13764220527565946, 0.1512689086135767, 0.08013501687710964, 0.052506563320415055, 0.05338167270908863, 0.02125265658207276, 0.009751218902362795, 0.012751593949243656, 0.005125640705088136, 0.002250281285160645, 0.0011251406425803225, 0.0026253281660207524, 0.0, 0.0, 0.0, 0.0], [0.0, 0.0, 0.0, 0.0001575299306868305, 0.0, 0.000315059861373661, 0.0014177693761814746, 0.0007876496534341525, 0.0020478890989287964, 0.0033081285444234404, 0.007088846880907372, 0.011027095148078135, 0.01874606175173283, 0.026622558286074353, 0.045368620037807186, 0.07136105860113422, 0.1239760554505356, 0.11767485822306238, 0.20053560176433521, 0.0997164461247637, 0.07214870825456837, 0.09530560806553245, 0.029458097038437304, 0.01638311279143037, 0.02819785759294266, 0.013390044108380593, 0.0059861373660995585, 0.004253308128544423, 0.0020478890989287964, 0.000945179584120983, 0.0017328292375551355, 0.0, 0.0], [0.0003237293622531564, 0.00010790978741771878, 0.0, 0.00021581957483543757, 0.00021581957483543757, 0.0007553685119240316, 0.0008632782993417503, 0.0022661055357720947, 0.0038847523470378763, 0.00712204596956944, 0.013488723427214848, 0.018128844286176757, 0.023416423869644976, 0.037013057084277545, 0.05147296859825186, 0.07758713715333981, 0.1108233516779972, 0.11805330743498435, 0.20707888205460234, 0.10413294485809862, 0.06733570734865653, 0.07909787417718787, 0.02762490557893601, 0.0143520017265566, 0.02028704003453113, 0.0070141361821517215, 0.00356102298478472, 0.0012949174490126255, 0.002481925110607532, 0.0, 0.0, 0.0, 0.0], [0.0, 0.0, 0.0, 0.001692047377326565, 0.001692047377326565, 0.0, 0.0, 0.005076142131979695, 0.008460236886632826, 0.005076142131979695, 0.01692047377326565, 0.025380710659898477, 0.043993231810490696, 0.08460236886632826, 0.09475465313028765, 0.1353637901861252, 0.16243654822335024, 0.12521150592216582, 0.16412859560067683, 0.06091370558375635, 0.02707275803722504, 0.025380710659898477, 0.00676818950930626, 0.001692047377326565, 0.00338409475465313, 0.0, 0.0, 0.0, 0.0, 0.0, 0.0, 0.0, 0.0], [0.0, 0.0, 0.0, 0.00027770063871146905, 0.0, 0.00018513375914097936, 0.00027770063871146905, 0.0008331019161344071, 0.0022216051096917524, 0.00573914653337036, 0.00851615292048505, 0.016384337683976673, 0.026474127557160047, 0.03397204480236971, 0.05155975192076275, 0.06479681569934277, 0.10219383504582061, 0.07757104508007034, 0.20762751087660836, 0.10969175229103027, 0.07294270110154587, 0.12357678422660372, 0.03665648430991391, 0.012311394982875127, 0.026474127557160047, 0.00842358604091456, 0.005091178376376932, 0.002591872627973711, 0.0018513375914097935, 0.0017587707118393039, 0.0, 0.0, 0.0], [0.00019890601690701143, 9.945300845350572e-05, 9.945300845350572e-05, 0.0, 0.0005967180507210343, 0.0005967180507210343, 0.0004972650422675286, 0.0011934361014420687, 0.00139234211834908, 0.006663351566384883, 0.011437095972153158, 0.023868722028841372, 0.043063152660367976, 0.06016907011437096, 0.08950770760815514, 0.11775236200895077, 0.16499254102436597, 0.14818498259572352, 0.17662854301342615, 0.0626553953257086, 0.035206364992541025, 0.030333167578319244, 0.011536548980606664, 0.0036797613127797116, 0.0051715564395822975, 0.0017901541521631028, 0.0018896071606166087, 0.0007956240676280457, 0.0, 0.0, 0.0, 0.0, 0.0], [0.0, 0.00012382367508667657, 0.0, 0.00012382367508667657, 0.0003714710252600297, 0.000866765725606736, 0.000866765725606736, 0.002228826151560178, 0.0033432392273402673, 0.005943536404160475, 0.011763249133234274, 0.02092620108964834, 0.03107974244675582, 0.04172857850421, 0.07107478949975235, 0.1109460128776622, 0.16258048538880635, 0.1253095591877167, 0.17137196631996038, 0.08506686478454681, 0.04977711738484398, 0.05163447251114413, 0.024145616641901933, 0.01015354135710748, 0.011391778107974244, 0.002847944526993561, 0.002228826151560178, 0.0021050024764735016, 0.0, 0.0, 0.0, 0.0, 0.0], [0.0, 0.0, 0.0, 0.0, 0.0002915451895043732, 0.0, 0.0008746355685131195, 0.0008746355685131195, 0.0016034985422740526, 0.003498542274052478, 0.009329446064139942, 0.015014577259475219, 0.027113702623906704, 0.044752186588921286, 0.07696793002915452, 0.10787172011661808, 0.14970845481049563, 0.09795918367346938, 0.19825072886297376, 0.07434402332361516, 0.04577259475218659, 0.059329446064139944, 0.026822157434402333, 0.012973760932944606, 0.021137026239067054, 0.009183673469387756, 0.00597667638483965, 0.003206997084548105, 0.003061224489795918, 0.0020408163265306124, 0.0020408163265306124, 0.0, 0.0], [0.0003624501631025734, 0.0003624501631025734, 0.0003624501631025734, 0.0007249003262051468, 0.0025371511417180137, 0.0025371511417180137, 0.005436752446538601, 0.008336353751359188, 0.014498006524102935, 0.028633562885103298, 0.038057267125770206, 0.054005074302283435, 0.06016672707502718, 0.08227618702428416, 0.11380935121420804, 0.1116346502355926, 0.11888365349764407, 0.07720188474084813, 0.14932946719826024, 0.04421891989851395, 0.021022109459949256, 0.03225806451612903, 0.009423704240666908, 0.005074302283436027, 0.010511054729974628, 0.0032620514679231605, 0.001812250815512867, 0.0010873504893077202, 0.001812250815512867, 0.0003624501631025734, 0.0, 0.0, 0.0], [0.0, 0.0, 0.0, 0.0019317450096587251, 0.0025756600128783, 0.0025756600128783, 0.0038634900193174502, 0.010946555054732776, 0.0103026400515132, 0.014810045074050225, 0.023824855119124275, 0.0360592401802962, 0.050225370251126854, 0.056664520283322604, 0.0824211204121056, 0.10946555054732775, 0.14552479072762395, 0.10367031551835158, 0.17128139085640695, 0.061171925305859624, 0.028976175144880875, 0.032839665164198326, 0.021249195106245976, 0.005795235028976175, 0.014810045074050225, 0.004507405022537025, 0.00128783000643915, 0.0025756600128783, 0.000643915003219575, 0.0, 0.0, 0.0, 0.0], [0.0002911208151382824, 0.0, 0.0, 0.0, 0.0005822416302765648, 0.000727802037845706, 0.002911208151382824, 0.004949053857350801, 0.0069868995633187774, 0.013973799126637555, 0.026928675400291122, 0.04119359534206696, 0.05458515283842795, 0.07743813682678312, 0.12896652110625909, 0.14046579330422126, 0.14614264919941775, 0.08981077147016012, 0.12707423580786026, 0.042066957787481804, 0.027074235807860263, 0.030858806404657935, 0.013100436681222707, 0.006550218340611353, 0.010771470160116448, 0.0026200873362445414, 0.0013100436681222707, 0.0010189228529839884, 0.0001455604075691412, 0.0011644832605531296, 0.0002911208151382824, 0.0, 0.0], [0.0, 0.0, 0.0, 0.000653452406883032, 0.00043563493792202136, 0.00021781746896101068, 0.0021781746896101066, 0.000653452406883032, 0.003920714441298192, 0.00980178610324548, 0.016771945109997823, 0.021999564365062077, 0.03397952515791766, 0.04857329557830538, 0.0712263123502505, 0.1062949248529732, 0.11892833805271183, 0.09888913090829884, 0.16641254628621216, 0.07362230450882161, 0.05336527989544761, 0.06229579612284905, 0.028751905902853408, 0.015029405358309737, 0.03180135046830756, 0.01306904813766064, 0.00936615116532346, 0.004791984317142235, 0.0030494445654541493, 0.0023959921585711176, 0.0015247222827270747, 0.0, 0.0], [0.0, 0.0, 0.0, 0.00020255215718047398, 0.00020255215718047398, 0.0, 0.0008102086287218959, 0.0010127607859023698, 0.0026331780433461616, 0.009317399230301802, 0.015393963945716021, 0.028154749848085883, 0.04395381810816285, 0.06481669029775167, 0.09519951387482277, 0.11768280332185538, 0.1470528661130241, 0.10411180879076362, 0.16508000810208628, 0.06886773344136116, 0.041725744379177636, 0.04537168320842617, 0.016406724731618392, 0.007696981972858011, 0.010532712173384647, 0.0028357302005266355, 0.004051043143609479, 0.002228073728985214, 0.0032408345148875837, 0.0014178651002633178, 0.0, 0.0, 0.0], [0.00013313806417254693, 0.00013313806417254693, 0.00013313806417254693, 0.00013313806417254693, 0.00013313806417254693, 0.0011982425775529223, 0.0013313806417254693, 0.0030621754759685795, 0.004659832246039142, 0.007988283850352816, 0.020636399946744776, 0.031154307016375983, 0.05019305019305019, 0.06856610304886167, 0.09798961523099455, 0.14152576221541738, 0.173079483424311, 0.11622953002263348, 0.12248701903874318, 0.06417254693116763, 0.03661296764745041, 0.029290374117960326, 0.01344694448142724, 0.005059246438556784, 0.005059246438556784, 0.00173079483424311, 0.0009319664492078285, 0.0027958993476234857, 0.00013313806417254693, 0.0, 0.0, 0.0, 0.0], [0.0, 0.0, 0.0, 0.0002105706464518846, 0.0002105706464518846, 0.0008422825858075384, 0.0010528532322594231, 0.002526847757422615, 0.004843124868393346, 0.007159401979364077, 0.016635081069698885, 0.024847336281322383, 0.042114129290376924, 0.057906927774268264, 0.09222994314592546, 0.1284480943356496, 0.1572962728995578, 0.11539271425563276, 0.1436091808801853, 0.06759317751105495, 0.04253527058328069, 0.04148241735102127, 0.01831964624131396, 0.006317119393556538, 0.016213939776795114, 0.004843124868393346, 0.0033691303432301536, 0.0014739945251631922, 0.0012634238787113076, 0.0006317119393556538, 0.0006317119393556538, 0.0, 0.0], [0.0, 0.0, 0.0, 0.0002588661661920787, 0.0, 0.0010354646647683149, 0.0020709293295366298, 0.0028475278281128655, 0.005695055656225731, 0.005695055656225731, 0.01190784364483562, 0.021227025627750452, 0.03132280610924152, 0.04607817758219001, 0.07714211752523945, 0.10768832513590473, 0.13901113124514625, 0.09914574165156614, 0.18301837949779964, 0.07688325135904737, 0.05125550090603158, 0.06161014755371473, 0.02562775045301579, 0.015531969971524721, 0.019414962464405904, 0.009319181982914834, 0.003106393994304944, 0.0012943308309603934, 0.0010354646647683149, 0.000776598498576236, 0.0, 0.0, 0.0], [0.0, 0.0, 0.00014322543683758235, 0.0, 0.0002864508736751647, 0.00042967631051274706, 0.0005729017473503294, 0.0018619306788885707, 0.0018619306788885707, 0.005299341162990547, 0.010598682325981094, 0.024061873388713836, 0.040676024061873386, 0.06860498424520195, 0.09409911200229161, 0.11429389859639072, 0.14437124033228302, 0.1006874820968204, 0.16614150673159553, 0.06001145803494701, 0.042251503867086794, 0.04769407046691492, 0.023918647951876253, 0.010741907762818676, 0.02205671727298768, 0.006588370094528788, 0.005729017473503294, 0.0034374104841019765, 0.0014322543683758235, 0.0012890289315382413, 0.0008593526210254941, 0.0, 0.0], [0.0, 0.0, 9.595087315294569e-05, 0.0, 9.595087315294569e-05, 9.595087315294569e-05, 0.0002878526194588371, 0.0009595087315294569, 0.002110919209364805, 0.00556515064287085, 0.010554596046824027, 0.02024563423527154, 0.033486854730378046, 0.04701592784494339, 0.06841297255805028, 0.08175014392630973, 0.1026674342736519, 0.07541738629821532, 0.23056994818652848, 0.09834964498176933, 0.06457493763193245, 0.08443676837459221, 0.025235079639224715, 0.009403185568988677, 0.023987718288236422, 0.006620610247553253, 0.0029744770677413166, 0.0017271157167530224, 0.0017271157167530224, 0.0016311648436000768, 0.0, 0.0, 0.0], [0.0, 0.0, 0.0, 0.0, 0.0, 0.00011873664212776063, 0.0007124198527665638, 0.0005936832106388032, 0.002255996200427452, 0.004868202327238186, 0.008074091664687722, 0.018166706245547375, 0.03087152695321776, 0.05355022559962004, 0.08287817620517691, 0.11826169555924959, 0.17169318451674187, 0.12538589408691522, 0.20398955117549275, 0.069935882213251, 0.03728330562811684, 0.045713607219187845, 0.011042507717881738, 0.004037045832343861, 0.005936832106388032, 0.0011873664212776064, 0.0011873664212776064, 0.0015435763476608882, 0.0007124198527665638, 0.0, 0.0, 0.0, 0.0], [0.0, 0.00392156862745098, 0.0, 0.00392156862745098, 0.00392156862745098, 0.0196078431372549, 0.027450980392156862, 0.0196078431372549, 0.06666666666666667, 0.03529411764705882, 0.054901960784313725, 0.06666666666666667, 0.06666666666666667, 0.11372549019607843, 0.11372549019607843, 0.12549019607843137, 0.09019607843137255, 0.06666666666666667, 0.043137254901960784, 0.01568627450980392, 0.011764705882352941, 0.023529411764705882, 0.011764705882352941, 0.01568627450980392, 0.0, 0.0, 0.0, 0.0, 0.0, 0.0, 0.0, 0.0, 0.0]]}, "ranks": {"labels": ["Unranked", "Combatatent I", "Combatatent II", "Challenger I", "Challenger II", "Rival I", "Rival II", "Duelist", "Elite"], "data": [[0.1157556270096463, 0.14469453376205788, 0.20257234726688103, 0.21864951768488747, 0.15434083601286175, 0.08360128617363344, 0.04823151125401929, 0.01929260450160772, 0.012861736334405145], [0.05026782035434693, 0.07704985578903997, 0.138442521631644, 0.22208487845076225, 0.23650597445405852, 0.18541409147095178, 0.0465595385249279, 0.031314379892871856, 0.012360939431396786], [0.0099023709902371, 0.01910739191073919, 0.045327754532775454, 0.10209205020920502, 0.20390516039051604, 0.32817294281729426, 0.10181311018131102, 0.13333333333333333, 0.05634588563458856], [0.020044253546791617, 0.03436157750878563, 0.08017701418716647, 0.15085253156319145, 0.26968632044774177, 0.25055316933489524, 0.09384355069634258, 0.0829103214890017, 0.017571261226083563], [0.14035087719298245, 0.12280701754385964, 0.17543859649122806, 0.18421052631578946, 0.09649122807017543, 0.14912280701754385, 0.05263157894736842, 0.07894736842105263, 0.0], [0.010501443948542924, 0.027697558414281963, 0.0849304279338409, 0.18193751640850617, 0.27093725387240747, 0.21344184825413495, 0.07784195326857443, 0.09254397479653452, 0.04016802310317669], [0.06340819022457067, 0.08586525759577279, 0.1535006605019815, 0.23249669749009247, 0.2071334214002642, 0.13421400264200792, 0.043064729194187586, 0.047291941875825624, 0.03302509907529723], [0.2633333333333333, 0.19, 0.19333333333333333, 0.14333333333333334, 0.1, 0.04, 0.03, 0.04, 0.0], [0.04090222318152385, 0.07910641053313187, 0.12508094107489748, 0.1760198575437082, 0.23839844593136197, 0.15087416360889272, 0.07241528167494064, 0.07727174616878912, 0.03993093028275416], [0.00775480059084195, 0.01292466765140325, 0.03323485967503693, 0.10376661742983752, 0.15915805022156573, 0.22710487444608568, 0.12666174298375185, 0.19719350073855244, 0.13220088626292467], [0.04120700843608047, 0.06489292667099286, 0.13205710577547047, 0.20408825438027256, 0.23166774821544453, 0.17975340687865024, 0.06229720960415315, 0.06132381570408826, 0.0227125243348475], [0.053880102979036414, 0.1123574843692534, 0.18701728576682605, 0.26572269216623756, 0.20319970577418167, 0.09838175799926444, 0.0388010297903641, 0.03181316660536962, 0.008826774549466716], [0.023417172593235037, 0.058282740676496095, 0.11535125758889853, 0.21856027753686036, 0.2487424111014744, 0.18889852558542933, 0.06643538594969645, 0.058109280138768434, 0.02220294882914137], [0.023161413562559695, 0.04799426934097421, 0.08416905444126074, 0.16129417382999045, 0.24761222540592168, 0.22098853868194843, 0.09264565425023878, 0.08870582617000955, 0.033428844317096466], [0.010541110330288124, 0.031154837198407122, 0.08807683298196299, 0.17474818458655422, 0.2654017334270321, 0.21902084797376434, 0.09018505504802062, 0.08995080815179199, 0.030920590302178495], [0.03251028806584362, 0.05102880658436214, 0.10493827160493827, 0.18477366255144034, 0.2382716049382716, 0.1699588477366255, 0.08353909465020576, 0.08888888888888889, 0.04609053497942387], [0.02743362831858407, 0.061946902654867256, 0.14668141592920353, 0.23119469026548672, 0.22942477876106196, 0.1579646017699115, 0.05553097345132743, 0.06283185840707965, 0.026991150442477876], [0.01928559449941305, 0.046620828442059364, 0.10548381687070267, 0.2196880764715747, 0.24400469562300856, 0.21499245346302198, 0.0620493040415898, 0.06339091061546201, 0.02448431997316787], [0.0990990990990991, 0.07207207207207207, 0.10810810810810811, 0.17117117117117117, 0.2072072072072072, 0.08108108108108109, 0.0990990990990991, 0.07207207207207207, 0.09009009009009009], [0.012501562695336917, 0.027503437929741217, 0.07700962620327541, 0.18952369046130765, 0.3012876609576197, 0.19652456557069634, 0.08738592324040505, 0.08438554819352419, 0.023877984748093512], [0.008034026465028356, 0.018115942028985508, 0.045368620037807186, 0.1167296786389414, 0.24165091367359798, 0.2526780088216761, 0.11972274732199117, 0.14114681789540012, 0.05655324511657215], [0.015754828962986942, 0.0316175677133916, 0.06042948095392252, 0.12906010575159166, 0.22887665911298155, 0.26168123448796804, 0.11686629977338944, 0.12107478148268049, 0.03463904176108773], [0.021996615905245348, 0.04230118443316413, 0.12859560067681894, 0.23011844331641285, 0.2876480541455161, 0.20135363790186125, 0.050761421319796954, 0.0338409475465313, 0.00338409475465313], [0.009534388595760437, 0.024900490604461725, 0.06044617235952976, 0.11635656762010553, 0.17976488012589095, 0.2675182819587152, 0.12274368231046931, 0.17254466351939277, 0.04619087290567435], [0.011337642963699652, 0.035305818000994534, 0.10323222277473894, 0.2072600696171059, 0.3131775236200895, 0.2107409249129786, 0.06374937841869717, 0.04554947787170562, 0.009646941819990054], [0.013868251609707775, 0.03268945022288262, 0.07280832095096583, 0.18202080237741455, 0.287890044576523, 0.21693907875185736, 0.08927686973749381, 0.08593363051015354, 0.018573551263001486], [0.007142857142857143, 0.024344023323615162, 0.071865889212828, 0.18483965014577258, 0.247667638483965, 0.23892128279883382, 0.0794460641399417, 0.09912536443148688, 0.04664723032069971], [0.06379122870605292, 0.09206234142805364, 0.14244291409931134, 0.22544400144980065, 0.1960855382384922, 0.16998912649510692, 0.044581370061616526, 0.04675607104023197, 0.018847408481333816], [0.04700579523502898, 0.05988409529942048, 0.10688989053444946, 0.19188667095943335, 0.24919510624597555, 0.20540888602704443, 0.056020605280103025, 0.05988409529942048, 0.023824855119124275], [0.030422125181950508, 0.06812227074235808, 0.13202328966521107, 0.2694323144104803, 0.23595342066957786, 0.14963609898107716, 0.046579330422125184, 0.05050946142649199, 0.0173216885007278], [0.017861032454802875, 0.0387715094750599, 0.08255282073622304, 0.1775212372032237, 0.21781746896101067, 0.2060553256371161, 0.08734480505336528, 0.1060771073840122, 0.06599869309518623], [0.014178651002633179, 0.0435487137938019, 0.10877050840591453, 0.21288231719667813, 0.25116467490378774, 0.20457767875227872, 0.07109580717034636, 0.06947538991290257, 0.024306258861656875], [0.018905605112501663, 0.051790706963120756, 0.11875915324191186, 0.23951537744641194, 0.2893090134469445, 0.15856743442950338, 0.06470509918785781, 0.04779656503794435, 0.010651045133803754], [0.01684565171615077, 0.04148241735102127, 0.10002105706464519, 0.22067803748157508, 0.2726889871551906, 0.18024847336281322, 0.07348915561170773, 0.06611918298589177, 0.028427037271004423], [0.01760289930106135, 0.033134869272586076, 0.07740098369143153, 0.18483044266114418, 0.2381568728967124, 0.22780222624902924, 0.08335490551384934, 0.10276986797825524, 0.034946932435930625], [0.010455456889143512, 0.03466055571469493, 0.10928100830707534, 0.20839301059868232, 0.2450587224291034, 0.19879690633056432, 0.06960756230306503, 0.08235462618160985, 0.0413921512460613], [0.009211283822682787, 0.030800230282095567, 0.08050278257532144, 0.15016311648436, 0.1780848205718672, 0.2825753214354251, 0.11091920936480522, 0.1190750335828056, 0.03866820188063711], [0.008549038233198766, 0.0262407979102351, 0.0844217525528378, 0.2011398717644265, 0.29707907860365707, 0.24210401329850392, 0.06910472571835669, 0.06079316076941344, 0.010567561149370696], [0.1803921568627451, 0.12156862745098039, 0.1803921568627451, 0.23921568627450981, 0.1568627450980392, 0.047058823529411764, 0.023529411764705882, 0.050980392156862744, 0.0]]}, "ranksDetailed": {"labels": ["Unranked", "Combatatant", "Challenger", "Rival", "Duelist", "Elite"], "data": [[0.1157556270096463, 0.34726688102893893, 0.3729903536977492, 0.13183279742765272, 0.01929260450160772, 0.012861736334405145], [0.05026782035434693, 0.21549237742068397, 0.45859085290482077, 0.2319736299958797, 0.031314379892871856, 0.012360939431396786], [0.0099023709902371, 0.06443514644351464, 0.30599721059972107, 0.4299860529986053, 0.13333333333333333, 0.05634588563458856], [0.020044253546791617, 0.1145385916959521, 0.4205388520109332, 0.3443967200312378, 0.0829103214890017, 0.017571261226083563], [0.14035087719298245, 0.2982456140350877, 0.2807017543859649, 0.20175438596491227, 0.07894736842105263, 0.0], [0.010501443948542924, 0.11262798634812286, 0.4528747702809136, 0.2912838015227094, 0.09254397479653452, 0.04016802310317669], [0.06340819022457067, 0.2393659180977543, 0.4396301188903567, 0.1772787318361955, 0.047291941875825624, 0.03302509907529723], [0.2633333333333333, 0.38333333333333336, 0.24333333333333335, 0.07, 0.04, 0.0], [0.04090222318152385, 0.20418735160802937, 0.41441830347507014, 0.22328944528383338, 0.07727174616878912, 0.03993093028275416], [0.00775480059084195, 0.04615952732644018, 0.26292466765140327, 0.3537666174298375, 0.19719350073855244, 0.13220088626292467], [0.04120700843608047, 0.19695003244646334, 0.43575600259571706, 0.24205061648280338, 0.06132381570408826, 0.0227125243348475], [0.053880102979036414, 0.29937477013607944, 0.4689223979404193, 0.13718278778962853, 0.03181316660536962, 0.008826774549466716], [0.023417172593235037, 0.17363399826539463, 0.4673026886383348, 0.25533391153512575, 0.058109280138768434, 0.02220294882914137], [0.023161413562559695, 0.13216332378223497, 0.40890639923591215, 0.3136341929321872, 0.08870582617000955, 0.033428844317096466], [0.010541110330288124, 0.1192316701803701, 0.4401499180135863, 0.30920590302178497, 0.08995080815179199, 0.030920590302178495], [0.03251028806584362, 0.15596707818930042, 0.42304526748971194, 0.25349794238683127, 0.08888888888888889, 0.04609053497942387], [0.02743362831858407, 0.2086283185840708, 0.46061946902654866, 0.21349557522123894, 0.06283185840707965, 0.026991150442477876], [0.01928559449941305, 0.15210464531276202, 0.46369277209458326, 0.2770417575046118, 0.06339091061546201, 0.02448431997316787], [0.0990990990990991, 0.18018018018018017, 0.3783783783783784, 0.18018018018018017, 0.07207207207207207, 0.09009009009009009], [0.012501562695336917, 0.10451306413301663, 0.49081135141892734, 0.28391048881110137, 0.08438554819352419, 0.023877984748093512], [0.008034026465028356, 0.06348456206679269, 0.3583805923125394, 0.3724007561436673, 0.14114681789540012, 0.05655324511657215], [0.015754828962986942, 0.09204704866731413, 0.3579367648645732, 0.3785475342613575, 0.12107478148268049, 0.03463904176108773], [0.021996615905245348, 0.17089678510998307, 0.5177664974619289, 0.2521150592216582, 0.0338409475465313, 0.00338409475465313], [0.009534388595760437, 0.08534666296399149, 0.29612144774599647, 0.39026196426918447, 0.17254466351939277, 0.04619087290567435], [0.011337642963699652, 0.13853804077573348, 0.5204375932371954, 0.2744903033316758, 0.04554947787170562, 0.009646941819990054], [0.013868251609707775, 0.10549777117384844, 0.4699108469539376, 0.3062159484893512, 0.08593363051015354, 0.018573551263001486], [0.007142857142857143, 0.09620991253644315, 0.4325072886297376, 0.3183673469387755, 0.09912536443148688, 0.04664723032069971], [0.06379122870605292, 0.23450525552736498, 0.4215295396882929, 0.21457049655672344, 0.04675607104023197, 0.018847408481333816], [0.04700579523502898, 0.16677398583386993, 0.44108177720540886, 0.26142949130714743, 0.05988409529942048, 0.023824855119124275], [0.030422125181950508, 0.20014556040756915, 0.5053857350800582, 0.19621542940320233, 0.05050946142649199, 0.0173216885007278], [0.017861032454802875, 0.12132433021128294, 0.3953387061642344, 0.2934001306904814, 0.1060771073840122, 0.06599869309518623], [0.014178651002633179, 0.15231922219971641, 0.46404699210046585, 0.2756734859226251, 0.06947538991290257, 0.024306258861656875], [0.018905605112501663, 0.17054986020503263, 0.5288243908933564, 0.2232725336173612, 0.04779656503794435, 0.010651045133803754], [0.01684565171615077, 0.14150347441566646, 0.4933670246367656, 0.25373762897452096, 0.06611918298589177, 0.028427037271004423], [0.01760289930106135, 0.1105358529640176, 0.42298731555785657, 0.31115713176287857, 0.10276986797825524, 0.034946932435930625], [0.010455456889143512, 0.14394156402177027, 0.45345173302778574, 0.2684044686336293, 0.08235462618160985, 0.0413921512460613], [0.009211283822682787, 0.111303012857417, 0.32824793705622723, 0.3934945308002303, 0.1190750335828056, 0.03866820188063711], [0.008549038233198766, 0.1106625504630729, 0.4982189503680836, 0.3112087390168606, 0.06079316076941344, 0.010567561149370696], [0.1803921568627451, 0.30196078431372547, 0.396078431372549, 0.07058823529411765, 0.050980392156862744, 0.0]]}}}, "eu": {"histType": {"histogram": {"labels": ["0", "100", "200", "300", "400", "500", "600", "700", "800", "900", "1000", "1100", "1200", "1300", "1400", "1500", "1600", "1700", "1800", "1900", "2000", "2100", "2200", "2300", "2400", "2500", "2600", "2700", "2800", "2900", "3000", "3100", "3200"], "data": [[0.0, 0.0, 0.004098360655737705, 0.0, 0.0, 0.00819672131147541, 0.01639344262295082, 0.01639344262295082, 0.040983606557377046, 0.045081967213114756, 0.06557377049180328, 0.06557377049180328, 0.06147540983606557, 0.11885245901639344, 0.14344262295081966, 0.11065573770491803, 0.0942622950819672, 0.0778688524590164, 0.040983606557377046, 0.028688524590163935, 0.012295081967213115, 0.020491803278688523, 0.004098360655737705, 0.004098360655737705, 0.01639344262295082, 0.004098360655737705, 0.0, 0.0, 0.0, 0.0, 0.0, 0.0, 0.0], [0.0, 0.0, 0.00044365572315882877, 0.0013309671694764862, 0.0008873114463176575, 0.003105590062111801, 0.0048802129547471165, 0.00709849157054126, 0.01730257320319432, 0.022182786157941437, 0.03194321206743567, 0.048802129547471165, 0.06388642413487133, 0.07630878438331855, 0.12067435669920142, 0.1126885536823425, 0.1512866015971606, 0.08606921029281278, 0.145075421472937, 0.04259094942324756, 0.02085181898846495, 0.021739130434782608, 0.005767524401064774, 0.0044365572315882874, 0.006654835847382431, 0.0013309671694764862, 0.0008873114463176575, 0.001774622892635315, 0.0, 0.0, 0.0, 0.0, 0.0], [0.0, 0.0, 0.0, 0.0001448855404230658, 0.0001448855404230658, 0.0001448855404230658, 0.0001448855404230658, 0.001303969863807592, 0.0024630541871921183, 0.003911909591422776, 0.008548246884960881, 0.014198782961460446, 0.019124891335844683, 0.02506519849319038, 0.0427412344248044, 0.057084902926687914, 0.11460446247464504, 0.10301361924079977, 0.2673138220805564, 0.08997392060272384, 0.0651984931903796, 0.08490292668791655, 0.030281077948420748, 0.014778325123152709, 0.030715734569689946, 0.010721529991306867, 0.0055056505360765, 0.0028977108084613156, 0.0017386264850767893, 0.0017386264850767893, 0.0015937409446537235, 0.0, 0.0], [0.0, 0.0, 0.0, 0.00012422360248447205, 0.00012422360248447205, 0.0002484472049689441, 0.0008695652173913044, 0.0026086956521739132, 0.0033540372670807454, 0.008074534161490683, 0.015527950310559006, 0.023850931677018634, 0.031055900621118012, 0.041863354037267084, 0.06670807453416149, 0.08695652173913043, 0.14360248447204968, 0.12124223602484473, 0.21167701863354038, 0.08596273291925466, 0.05515527950310559, 0.06037267080745341, 0.01565217391304348, 0.007080745341614907, 0.010807453416149068, 0.0034782608695652175, 0.0011180124223602484, 0.00037267080745341616, 0.0011180124223602484, 0.0008695652173913044, 0.00012422360248447205, 0.0, 0.0], [0.0, 0.0, 0.0, 0.0, 0.0, 0.018018018018018018, 0.02702702702702703, 0.04504504504504504, 0.04504504504504504, 0.02702702702702703, 0.07207207207207207, 0.09009009009009009, 0.036036036036036036, 0.02702702702702703, 0.08108108108108109, 0.14414414414414414, 0.06306306306306306, 0.0990990990990991, 0.06306306306306306, 0.05405405405405406, 0.04504504504504504, 0.0, 0.018018018018018018, 0.009009009009009009, 0.02702702702702703, 0.009009009009009009, 0.0, 0.0, 0.0, 0.0, 0.0, 0.0, 0.0], [0.0, 0.0001321003963011889, 0.0001321003963011889, 0.0002642007926023778, 0.0003963011889035667, 0.0001321003963011889, 0.0003963011889035667, 0.001585204755614267, 0.003038309114927345, 0.0056803170409511225, 0.