{"region": {"us": {"histType": {"histogram": {"labels": ["0", "100", "200", "300", "400", "500", "600", "700", "800", "900", "1000", "1100", "1200", "1300", "1400", "1500", "1600", "1700", "1800", "1900", "2000", "2100", "2200", "2300", "2400", "2500", "2600", "2700", "2800", "2900", "3000", "3100", "3200"], "data": [[0.0, 0.0, 0.0027816411682892906, 0.005563282336578581, 0.004172461752433936, 0.006954102920723227, 0.012517385257301807, 0.013908205841446454, 0.03616133518776078, 0.048678720445062586, 0.08205841446453407, 0.10152990264255911, 0.11821974965229486, 0.13212795549374132, 0.13212795549374132, 0.09874826147426982, 0.06675938803894298, 0.043115438108484005, 0.04450625869262865, 0.01808066759388039, 0.013908205841446454, 0.008344923504867872, 0.004172461752433936, 0.005563282336578581, 0.0, 0.0, 0.0, 0.0, 0.0, 0.0, 0.0, 0.0, 0.0], [0.0, 0.00025316455696202533, 0.00025316455696202533, 0.00025316455696202533, 0.0010126582278481013, 0.0020253164556962027, 0.004810126582278481, 0.009367088607594937, 0.01569620253164557, 0.028860759493670885, 0.03848101265822785, 0.05468354430379747, 0.08278481012658227, 0.09417721518987342, 0.130126582278481, 0.13594936708860758, 0.14354430379746835, 0.08329113924050632, 0.10455696202531646, 0.03367088607594937, 0.016962025316455697, 0.006835443037974683, 0.004050632911392405, 0.0027848101265822785, 0.0017721518987341772, 0.0017721518987341772, 0.0010126582278481013, 0.0010126582278481013, 0.0, 0.0, 0.0, 0.0, 0.0], [0.00011984659635666346, 0.0, 0.0, 0.00023969319271332693, 0.00023969319271332693, 0.00023969319271332693, 0.00023969319271332693, 0.0005992329817833174, 0.0025167785234899327, 0.0034755512943432407, 0.0052732502396931925, 0.006951102588686481, 0.011984659635666348, 0.019175455417066157, 0.025167785234899327, 0.03823106423777565, 0.08832694151486098, 0.16191275167785235, 0.36864813039309685, 0.08736816874400767, 0.052372962607861936, 0.060642377756471716, 0.023729626078619368, 0.009707574304889742, 0.019415148609779484, 0.006351869606903164, 0.0023969319271332696, 0.004074784276126558, 0.00011984659635666346, 0.00047938638542665386, 0.0, 0.0, 0.0], [0.0, 0.0, 0.0, 0.0, 0.000116795141322121, 0.0, 0.000817565989254847, 0.001751927119831815, 0.004788600794206961, 0.007942069609904227, 0.011562718990889979, 0.01296426068675543, 0.02569493109086662, 0.02814762905863116, 0.04216304601728568, 0.05080588647512264, 0.07054426535856108, 0.042747021723896286, 0.26734407848633496, 0.1546367671104882, 0.08981546367671105, 0.09775753328661528, 0.03246904928754964, 0.013665031534688158, 0.02803083391730904, 0.006774118196683018, 0.00467180565288484, 0.001985517402476057, 0.002803083391730904, 0.0, 0.0, 0.0, 0.0], [0.0, 0.0, 0.0, 0.0, 0.010309278350515464, 0.005154639175257732, 0.030927835051546393, 0.02577319587628866, 0.05670103092783505, 0.05154639175257732, 0.07216494845360824, 0.09278350515463918, 0.10309278350515463, 0.1134020618556701, 0.09278350515463918, 0.10309278350515463, 0.07731958762886598, 0.030927835051546393, 0.061855670103092786, 0.030927835051546393, 0.03608247422680412, 0.005154639175257732, 0.0, 0.0, 0.0, 0.0, 0.0, 0.0, 0.0, 0.0, 0.0, 0.0, 0.0], [0.0, 0.0, 0.0, 0.0, 0.0, 0.0, 0.0, 0.0013955984970477724, 0.0012882447665056361, 0.0047235641438539986, 0.007192699946323135, 0.011272141706924315, 0.02136339237788513, 0.06827697262479872, 0.1225979602791197, 0.14932903918411164, 0.17713365539452497, 0.11057434245840043, 0.14954374664519593, 0.05625335480407944, 0.03285024154589372, 0.03972088030059045, 0.01524422973698336, 0.008051529790660225, 0.012238325281803542, 0.0047235641438539986, 0.002898550724637681, 0.0013955984970477724, 0.0012882447665056361, 0.0006441223832528181, 0.0, 0.0, 0.0], [0.0, 0.0, 0.0004057618178129438, 0.0022316899979711907, 0.0016230472712517752, 0.003448975451410022, 0.007100831811726517, 0.01278149726110773, 0.01907080543720836, 0.03570703996753905, 0.050314465408805034, 0.06897950902820045, 0.09352809900588355, 0.11300466626090484, 0.12152566443497667, 0.1199026171637249, 0.11969973625481842, 0.06695069993913573, 0.07263136538851694, 0.028606208155812538, 0.017650639074863056, 0.016230472712517752, 0.008318117265165348, 0.005072022722661797, 0.006289308176100629, 0.0036518563603164943, 0.002434570906877663, 0.0014201663623453033, 0.0010144045445323595, 0.0002028809089064719, 0.0002028809089064719, 0.0, 0.0], [0.0026954177897574125, 0.0026954177897574125, 0.0, 0.008086253369272238, 0.005390835579514825, 0.018867924528301886, 0.013477088948787063, 0.03504043126684636, 0.05660377358490566, 0.12398921832884097, 0.11590296495956873, 0.1293800539083558, 0.09973045822102426, 0.1105121293800539, 0.07008086253369272, 0.07008086253369272, 0.05121293800539083, 0.013477088948787063, 0.02425876010781671, 0.03234501347708895, 0.01078167115902965, 0.0026954177897574125, 0.0026954177897574125, 0.0, 0.0, 0.0, 0.0, 0.0, 0.0, 0.0, 0.0, 0.0, 0.0], [0.0002126528442317916, 0.0002126528442317916, 0.0004253056884635832, 0.0003189792663476874, 0.000531632110579479, 0.0012759170653907496, 0.001594896331738437, 0.004359383306751728, 0.0075491759702286014, 0.01616161616161616, 0.025730994152046785, 0.03423710792131845, 0.041360978203083466, 0.045933014354066985, 0.05720361509835194, 0.06656034024455076, 0.20318979266347686, 0.13312068048910153, 0.14566719829877725, 0.06475279106858055, 0.0430622009569378, 0.042636895268474216, 0.021796916533758637, 0.01318447634237108, 0.018075491759702286, 0.005103668261562998, 0.0023391812865497076, 0.0029771398192450825, 0.0004253056884635832, 0.0, 0.0, 0.0, 0.0], [0.0, 0.0, 0.0, 0.0, 0.0003924646781789639, 0.0007849293563579278, 0.0011773940345368916, 0.0015698587127158557, 0.002354788069073783, 0.009419152276295133, 0.012951334379905808, 0.015698587127158554, 0.022370486656200943, 0.03767660910518053, 0.06200941915227629, 0.07849293563579278, 0.1043956043956044, 0.08830455259026687, 0.17739403453689168, 0.0694662480376766, 0.07378335949764521, 0.09654631083202511, 0.04317111459968603, 0.016875981161695447, 0.04748822605965463, 0.013736263736263736, 0.01216640502354788, 0.008241758241758242, 0.0027472527472527475, 0.0007849293563579278, 0.0, 0.0, 0.0], [0.0, 0.0, 0.00017812611328820805, 0.0, 0.0008906305664410402, 0.0005343783398646241, 0.0012468827930174563, 0.004453152832205202, 0.008550053437833986, 0.01460634128963306, 0.021375133594584966, 0.029925187032418952, 0.05361596009975062, 0.06341289633060207, 0.10135375846099039, 0.12540078375489846, 0.15318845742785892, 0.09636622728892055, 0.1439258995368721, 0.061809761311008196, 0.0375846099038119, 0.03722835767723548, 0.01282508015675098, 0.008371927324545779, 0.013537584609903812, 0.003384396152475953, 0.0028500178126113287, 0.0014250089063056644, 0.0019593872461702885, 0.0, 0.0, 0.0, 0.0], [0.0, 0.0, 0.0004306632213608958, 0.0004306632213608958, 0.0004306632213608958, 0.0033017513637668677, 0.006316393913293138, 0.012632787826586276, 0.021102497846683894, 0.03617571059431524, 0.05928797014068332, 0.07436118288831467, 0.09819121447028424, 0.11915015790984783, 0.13867355727820843, 0.12144702842377261, 0.1032156187194947, 0.059862187769164514, 0.06201550387596899, 0.026844674131495837, 0.01823140970427792, 0.01536032156187195, 0.008039046798736722, 0.004163077806488659, 0.003875968992248062, 0.003588860178007465, 0.001435544071202986, 0.0002871088142405972, 0.0011484352569623888, 0.0, 0.0, 0.0, 0.0], [0.0, 0.0, 0.0, 0.0, 0.00012768130745658836, 0.0005107252298263534, 0.0016598569969356485, 0.0020429009193054137, 0.004341164453524004, 0.005234933605720122, 0.013406537282941777, 0.01940755873340143, 0.027834525025536263, 0.033707865168539325, 0.047880490296220636, 0.044560776302349336, 0.22459141981613892, 0.15436670071501532, 0.21450459652706844, 0.07533197139938713, 0.039964249233912154, 0.04175178753830439, 0.01621552604698672, 0.010597548518896834, 0.013534218590398366, 0.0037027579162410623, 0.001787538304392237, 0.0010214504596527069, 0.0019152196118488254, 0.0, 0.0, 0.0, 0.0], [0.0002081382037673015, 0.0, 0.0, 0.00010406910188365075, 0.00010406910188365075, 0.00031220730565095225, 0.001248829222603809, 0.0015610365282547611, 0.004266833177229681, 0.009990633780830472, 0.016130710791965864, 0.018940576542824435, 0.024976584452076178, 0.0633780830471433, 0.14132584035799772, 0.14892288479550422, 0.17015298157976896, 0.11020917889478614, 0.13581017795816422, 0.054115932979498384, 0.03049224685190967, 0.03236549068581538, 0.012072015818503486, 0.00561973150171714, 0.009366219169528567, 0.0030180039546258714, 0.0018732438339057135, 0.0021854511395566654, 0.0005203455094182537, 0.0006244146113019045, 0.00010406910188365075, 0.0, 0.0], [0.0, 0.0, 0.0, 0.0001808972503617945, 0.0005426917510853835, 0.0001808972503617945, 0.0012662807525325615, 0.001808972503617945, 0.003979739507959479, 0.006874095513748191, 0.01447178002894356, 0.02532561505065123, 0.04413892908827786, 0.06530390738060782, 0.09623733719247468, 0.1183068017366136, 0.15900868306801735, 0.11740231548480463, 0.15249638205499277, 0.07018813314037627, 0.04341534008683068, 0.03690303907380608, 0.015376266280752532, 0.006150506512301013, 0.010311143270622287, 0.004522431259044862, 0.002894356005788712, 0.0009044862518089725, 0.0009044862518089725, 0.0009044862518089725, 0.0, 0.0, 0.0], [0.0, 0.0, 0.00024894199651481205, 0.00024894199651481205, 0.0017425939756036844, 0.003236245954692557, 0.0014936519790888724, 0.005476723923325865, 0.011202389843166542, 0.017674881752551656, 0.030619865571321882, 0.04705003734129948, 0.06621857107294, 0.09235748070699527, 0.11451331839681354, 0.12895195419467265, 0.13069454817027631, 0.09584266865820264, 0.10206621857107294, 0.04555638536221061, 0.029624097585262636, 0.031117749564351507, 0.014189693801344288, 0.006472491909385114, 0.012447099825740602, 0.005476723923325865, 0.0022404779686333084, 0.0027383619616629324, 0.00024894199651481205, 0.00024894199651481205, 0.0, 0.0, 0.0], [0.0001856665428889714, 0.0, 0.0005569996286669142, 0.0012996658002228, 0.0005569996286669142, 0.0012996658002228, 0.003527664314890457, 0.007055328629780914, 0.01188265874489417, 0.01986632008911994, 0.032120311919792054, 0.05272929818046788, 0.07445228369847753, 0.10211659858893428, 0.12458225027849981, 0.12810991459339027, 0.13627924248050502, 0.07927961381359079, 0.11325659116227256, 0.03973264017823988, 0.02283698477534348, 0.023022651318232456, 0.010025993316004456, 0.004641663572224285, 0.0051986632008912, 0.001856665428889714, 0.0005569996286669142, 0.0012996658002228, 0.0012996658002228, 0.0003713330857779428, 0.0, 0.0, 0.0], [0.0, 0.0, 0.0001260716086737267, 0.0002521432173474534, 0.00037821482602118004, 0.0002521432173474534, 0.0008825012607160867, 0.0016389309127584468, 0.002773575390821987, 0.006303580433686334, 0.012481089258698942, 0.014120020171457387, 0.02760968229954614, 0.033913262733232474, 0.14586485123550177, 0.15758951084215836, 0.17410489157841655, 0.11232980332829047, 0.17473524962178516, 0.047655068078668684, 0.025088250126071607, 0.028996469994957134, 0.010337871911245588, 0.006303580433686334, 0.008446797781139687, 0.003151790216843167, 0.0012607160867372667, 0.0010085728693898135, 0.0018910741301059002, 0.0005042864346949068, 0.0, 0.0, 0.0], [0.0, 0.0, 0.0, 0.006211180124223602, 0.006211180124223602, 0.006211180124223602, 0.0, 0.018633540372670808, 0.049689440993788817, 0.09316770186335403, 0.062111801242236024, 0.08074534161490683, 0.07453416149068323, 0.062111801242236024, 0.043478260869565216, 0.12422360248447205, 0.08695652173913043, 0.08695652173913043, 0.037267080745341616, 0.043478260869565216, 0.049689440993788817, 0.012422360248447204, 0.031055900621118012, 0.0, 0.006211180124223602, 0.006211180124223602, 0.0, 0.012422360248447204, 0.0, 0.0, 0.0, 0.0, 0.0], [0.0002232890476722117, 0.00011164452383610584, 0.0, 0.0, 0.0, 0.00011164452383610584, 0.0002232890476722117, 0.0010048007145249526, 0.0023445350005582228, 0.00457742547728034, 0.007480183097019091, 0.00993636262141342, 0.021547393100368427, 0.02980908786424026, 0.05180305905995311, 0.1587585128949425, 0.22741989505414759, 0.1492687283688735, 0.15451602098917047, 0.06542369096795803, 0.03773584905660377, 0.037624204532767665, 0.013508987384168806, 0.006921960477838562, 0.010941163335938373, 0.00401920285809981, 0.0018979569052137992, 0.0022328904767221166, 0.0005582226191805292, 0.0, 0.0, 0.0, 0.0], [0.0, 0.0, 0.0, 0.00012093360744951022, 0.0, 0.00012093360744951022, 0.0009674688595960818, 0.00036280082234853067, 0.0012093360744951022, 0.0022977385415406944, 0.004474543475631878, 0.0067722820171725725, 0.011367759100253961, 0.01596323618333535, 0.02769379610593784, 0.10327730076188173, 0.18901922844358446, 0.1516507437416858, 0.21308501632603702, 0.09166767444672874, 0.058048131575764904, 0.05756439714596687, 0.020195912444068206, 0.010884024670455919, 0.019470310799371147, 0.007256016446970613, 0.0033861410085862863, 0.0008465352521465716, 0.0015721368968436328, 0.00024186721489902045, 0.0004837344297980409, 0.0, 0.0], [0.000198000198000198, 9.9000099000099e-05, 0.0, 0.000198000198000198, 0.000198000198000198, 0.000594000594000594, 0.000792000792000792, 0.001881001881001881, 0.00297000297000297, 0.005445005445005445, 0.00999900999901, 0.013266013266013265, 0.017523017523017523, 0.02475002475002475, 0.033561033561033564, 0.14117414117414118, 0.1684981684981685, 0.1392931392931393, 0.1900801900801901, 0.08543708543708543, 0.051183051183051186, 0.057123057123057125, 0.021483021483021482, 0.011187011187011186, 0.014355014355014356, 0.004455004455004455, 0.002376002376002376, 0.001485001485001485, 0.000396000396000396, 0.0, 0.0, 0.0, 0.0], [0.0, 0.0, 0.0, 0.001445086705202312, 0.001445086705202312, 0.0, 0.0, 0.0072254335260115606, 0.0072254335260115606, 0.005780346820809248, 0.01300578034682081, 0.02601156069364162, 0.04335260115606936, 0.08670520231213873, 0.12283236994219653, 0.17341040462427745, 0.17196531791907516, 0.12427745664739884, 0.12138728323699421, 0.049132947976878616, 0.023121387283236993, 0.01300578034682081, 0.001445086705202312, 0.0072254335260115606, 0.0, 0.0, 0.0, 0.0, 0.0, 0.0, 0.0, 0.0, 0.0], [0.0, 0.0, 0.0, 9.254974548819991e-05, 0.0, 9.254974548819991e-05, 0.00027764923646459973, 0.0007403979639055993, 0.0016658954187875983, 0.004905136510874595, 0.007218880148079592, 0.012309116149930587, 0.02147154095326238, 0.027764923646459973, 0.04053678852383156, 0.048218417399352155, 0.08736695974086071, 0.16788523831559463, 0.2846830171217029, 0.09717723276260991, 0.05904673762147154, 0.07570569180934753, 0.02017584451642758, 0.01018047200370199, 0.02008329477093938, 0.005090236001850995, 0.0024988431281813975, 0.0023137436372049976, 0.0023137436372049976, 0.00018509949097639982, 0.0, 0.0, 0.0], [0.00010012014417300761, 0.00010012014417300761, 0.00010012014417300761, 0.0, 0.0003003604325190228, 0.00040048057669203043, 0.0003003604325190228, 0.0009010812975570685, 0.0011013215859030838, 0.005206247496996396, 0.009511413696435723, 0.019022827392871446, 0.032138566279535444, 0.0447537044453344, 0.06417701241489787, 0.07609130957148579, 0.09521425710853024, 0.20885062074489388, 0.23107729275130157, 0.09160993191830197, 0.046155386463756505, 0.04175010012014417, 0.014917901481778134, 0.006407689227072487, 0.00420504605526632, 0.001802162595114137, 0.003404084901882259, 0.00040048057669203043, 0.0, 0.0, 0.0, 0.0, 0.0], [0.0, 0.00010829542993285683, 0.0, 0.00010829542993285683, 0.00010829542993285683, 0.0003248862897985705, 0.0007580680095299979, 0.0017327268789257093, 0.0023824994585228505, 0.004656703487112844, 0.00855533896469569, 0.01397011046133853, 0.05057396577864414, 0.08425384448776262, 0.11306042884990253, 0.14045917262291532, 0.15821962313190382, 0.11609270088802252, 0.13829326402425818, 0.062486463071258394, 0.03866146848602989, 0.03389646956898419, 0.014186701321204245, 0.006064544076239983, 0.005847953216374269, 0.002599090318388564, 0.001299545159194282, 0.001299545159194282, 0.0, 0.0, 0.0, 0.0, 0.0], [0.0, 0.0, 0.0, 0.0, 0.0002399520095980804, 0.0, 0.0008398320335932814, 0.0023995200959808036, 0.004919016196760648, 0.007918416316736652, 0.016676664667066587, 0.02543491301739652, 0.042231553689262145, 0.06742651469706058, 0.10353929214157169, 0.1256148770245951, 0.15332933413317337, 0.09790041991601679, 0.16664667066586683, 0.059268146370725854, 0.0373125374925015, 0.03827234553089382, 0.016076784643071385, 0.0065986802639472104, 0.01259748050389922, 0.005038992201559688, 0.003959208158368326, 0.0023995200959808036, 0.002039592081583683, 0.0004799040191961608, 0.0008398320335932814, 0.0, 0.0], [0.0, 0.00017325017325017325, 0.00017325017325017325, 0.0003465003465003465, 0.0010395010395010396, 0.0010395010395010396, 0.0017325017325017325, 0.002598752598752599, 0.005544005544005544, 0.017844767844767843, 0.04227304227304227, 0.059944559944559946, 0.079002079002079, 0.10481635481635482, 0.1257796257796258, 0.11832986832986833, 0.14674289674289676, 0.07744282744282745, 0.11434511434511435, 0.0297990297990298, 0.02390852390852391, 0.02079002079002079, 0.00848925848925849, 0.0045045045045045045, 0.007103257103257103, 0.002079002079002079, 0.002079002079002079, 0.00017325017325017325, 0.0010395010395010396, 0.0008662508662508662, 0.0, 0.0, 0.0], [0.0, 0.0, 0.0, 0.000726920281075842, 0.000969227041434456, 0.002180760843227526, 0.003876908165737824, 0.006784589290041192, 0.013569178580082384, 0.015265325902592683, 0.026411436879088927, 0.04288829658347468, 0.05379210079961231, 0.08214199176157015, 0.12357644778289315, 0.1313302641143688, 0.14926096438090622, 0.09619578386236977, 0.11024957596316937, 0.04797673855100557, 0.02786527744124061, 0.022534528713351102, 0.012357644778289314, 0.00969227041434456, 0.008723043372910104, 0.003149987884661982, 0.002665374363944754, 0.003392294645020596, 0.001453840562151684, 0.000969227041434456, 0.0, 0.0, 0.0], [0.00022461814914645105, 0.0, 0.0, 0.0, 0.0004492362982929021, 0.0004492362982929021, 0.0016846361185983828, 0.0033692722371967657, 0.004941599281221923, 0.009546271338724169, 0.017407906558849957, 0.04121743036837376, 0.08445642407906559, 0.11983378256963162, 0.14678796046720574, 0.15116801437556154, 0.13802785265049416, 0.0805256064690027, 0.09579964061096137, 0.034141958670260555, 0.020777178796046722, 0.02437106918238994, 0.009209344115004492, 0.004380053908355795, 0.0071877807726864335, 0.0022461814914645105, 0.0005615453728661276, 0.0008984725965858042, 0.00011230907457322552, 0.00022461814914645105, 0.0, 0.0, 0.0], [0.0, 0.0, 0.0, 0.0002834467120181406, 0.0001417233560090703, 0.0001417233560090703, 0.001417233560090703, 0.00042517006802721087, 0.0021258503401360546, 0.0045351473922902496, 0.007653061224489796, 0.00935374149659864, 0.01459750566893424, 0.06164965986394558, 0.11408730158730158, 0.13903061224489796, 0.17332766439909297, 0.11096938775510204, 0.16638321995464853, 0.05924036281179138, 0.03713151927437642, 0.04109977324263039, 0.01899092970521542, 0.008078231292517007, 0.01445578231292517, 0.00481859410430839, 0.00510204081632653, 0.0022675736961451248, 0.0018424036281179139, 0.0005668934240362812, 0.0002834467120181406, 0.0, 0.0], [0.0, 0.0, 0.00017283097131005876, 0.0003456619426201175, 0.0010369858278603526, 0.00138264777048047, 0.002246802627030764, 0.004666436225371586, 0.0076045627376425855, 0.018320082958866227, 0.030418250950570342, 0.041652264085724165, 0.0679225717248531, 0.09125475285171103, 0.11717939854821983, 0.1320428620808849, 0.14517801590044935, 0.08987210508123056, 0.1240926374006222, 0.04493605254061528, 0.027307293466989284, 0.021949533356377463, 0.010369858278603527, 0.004493605254061528, 0.00553059108192188, 0.0012098167991704113, 0.002246802627030764, 0.0038022813688212928, 0.0025924645696508816, 0.00017283097131005876, 0.0, 0.0, 0.0], [0.00011828720132481665, 0.0, 0.0, 0.0, 0.00011828720132481665, 0.0010645848119233499, 0.0007097232079489, 0.0023657440264963333, 0.0028388928317956, 0.005796072864916016, 0.013721315353678732, 0.021646557842441447, 0.03501301159214573, 0.04246510527560918, 0.05819730305180979, 0.11674946770759403, 0.20925005914360068, 0.1498698840785427, 0.16098888100307546, 0.07203690560681335, 0.044949136503430326, 0.03312041637094866, 0.013248166548379466, 0.005441211260941566, 0.005559498462266383, 0.0020108824225218832, 0.0022474568251715163, 0.00035486160397445, 0.00011828720132481665, 0.0, 0.0, 0.0, 0.0], [0.0, 0.0, 0.0, 0.00014979029358897544, 0.00014979029358897544, 0.0004493708807669263, 0.0005991611743559018, 0.0016476932294787298, 0.0026962252846015576, 0.005692031156381066, 0.023816656680647093, 0.0329538645895746, 0.06815458358298382, 0.09661473936488915, 0.13271420011983223, 0.1457459556620731, 0.1560814859197124, 0.10365488316357101, 0.11084481725584182, 0.04254044337926902, 0.025913720790892752, 0.020071899340922707, 0.009886159376872379, 0.004493708807669263, 0.007489514679448772, 0.0025464349910125825, 0.0026962252846015576, 0.0011983223487118035, 0.0011983223487118035, 0.0, 0.0, 0.0, 0.0], [0.0, 0.0, 0.0, 0.00015511090429657206, 0.0, 0.00046533271288971617, 0.0009306654257794323, 0.0009306654257794323, 0.002326663564448581, 0.0018613308515588647, 0.00527377074608345, 0.011012874205056615, 0.04001861330851559, 0.06421591437878083, 0.0921358771521638, 0.11788428726539475, 0.15557623700946177, 0.10981852024197301, 0.17961842717543045, 0.07011012874205057, 0.041569722351481306, 0.04622304948037847, 0.020319528462850938, 0.011167985109353188, 0.01582131223825035, 0.006359547076159454, 0.002791996277338297, 0.0007755545214828603, 0.002326663564448581, 0.0003102218085931441, 0.0, 0.0, 0.0], [0.0, 0.0, 0.00011663167716351762, 0.0, 0.00023326335432703523, 0.0003498950314905528, 0.0003498950314905528, 0.0012829484487986936, 0.0010496850944716584, 0.0034989503149055285, 0.0067646372754840214, 0.01621180312572895, 0.026825285747609052, 0.04466993235362725, 0.05540004665267086, 0.15803592255656637, 0.1815955213435969, 0.11010030324236063, 0.18182878469792396, 0.06438068579426172, 0.04432003732213669, 0.03988803358992302, 0.02344296710986704, 0.01212969442500583, 0.016328434802892467, 0.0043153720550501515, 0.0029157919290879403, 0.002099370188943317, 0.0010496850944716584, 0.0008164217401446233, 0.0, 0.0, 0.0], [0.0, 0.0, 0.0, 0.0, 9.524716639679969e-05, 9.524716639679969e-05, 9.524716639679969e-05, 0.0008572244975711972, 0.0018096961615391943, 0.004857605486236784, 0.00914372797409277, 0.016668254119439948, 0.02790741975426231, 0.036384417563577486, 0.05438613201257263, 0.058100771502047815, 0.07153062196399657, 0.07724545194780455, 0.32926945423373655, 0.11467758834174684, 0.06495856748261739, 0.07229259929517097, 0.01828745594818554, 0.00904848080769597, 0.01962091627774074, 0.004952852652633584, 0.0029526621583007904, 0.002476426326316792, 0.0018096961615391943, 0.0004762358319839985, 0.0, 0.0, 0.0], [0.0, 0.0, 0.0, 0.0, 0.0, 0.00010136847440446021, 0.0006082108464267612, 0.0030410542321338066, 0.005372529143436391, 0.009832742017232641, 0.01824632539280284, 0.03375570197668525, 0.050785605676634565, 0.07704004054738976, 0.11485048150025343, 0.1368474404460213, 0.17404967055245818, 0.10917384693360364, 0.15499239736441967, 0.04744044602128738, 0.02402432843385707, 0.02513938165230613, 0.006588950836289914, 0.003345159655347187, 0.002432843385707045, 0.0008109477952356817, 0.0006082108464267612, 0.0006082108464267612, 0.0003041054232133806, 0.0, 0.0, 0.0, 0.0], [0.0, 0.0029940119760479044, 0.0, 0.0029940119760479044, 0.005988023952095809, 0.020958083832335328, 0.020958083832335328, 0.038922155688622756, 0.08383233532934131, 0.059880239520958084, 0.05089820359281437, 0.07784431137724551, 0.08083832335329341, 0.11976047904191617, 0.12275449101796407, 0.10479041916167664, 0.07784431137724551, 0.04790419161676647, 0.038922155688622756, 0.014970059880239521, 0.011976047904191617, 0.008982035928143712, 0.0, 0.005988023952095809, 0.0, 0.0, 0.0, 0.0, 0.0, 0.0, 0.0, 0.0, 0.0]]}, "ranks": {"labels": ["Unranked", "Combatatent I", "Combatatent II", "Challenger I", "Challenger II", "Rival I", "Rival II", "Duelist", "Elite"], "data": [[0.13073713490959665, 0.1835883171070932, 0.25034770514603616, 0.23087621696801114, 0.10987482614742698, 0.05702364394993046, 0.019471488178025034, 0.01808066759388039, 0.0], [0.06253164556962025, 0.09316455696202532, 0.1769620253164557, 0.2660759493670886, 0.22683544303797468, 0.1240506329113924, 0.031139240506329113, 0.013670886075949367, 0.005569620253164557], [0.007670182166826462, 0.012224352828379675, 0.0311601150527325, 0.06339884947267498, 0.25023969319271333, 0.4161073825503356, 0.09228187919463088, 0.09407957813998083, 0.032837967401725794], [0.015416958654519973, 0.02452697967764541, 0.05384256014949778, 0.09296893249240831, 0.11329128708245736, 0.35085260453165146, 0.16094370474188274, 0.14389161410885307, 0.04426535856108386], [0.18041237113402062, 0.16494845360824742, 0.21649484536082475, 0.1958762886597938, 0.10824742268041238, 0.09278350515463918, 0.03608247422680412, 0.005154639175257732, 0.0], [0.007407407407407408, 0.018464841653247452, 0.08964036500268384, 0.27192699946323134, 0.2877079978529254, 0.18153515834675255, 0.05711218464841653, 0.06301663982823404, 0.02318840579710145], [0.08236964901602759, 0.11929397443700548, 0.2065327652667884, 0.24142828159870156, 0.18665043619395416, 0.09068776628119293, 0.028200446337999594, 0.029620612700344898, 0.015216068167985392], [0.2668463611859838, 0.24528301886792453, 0.21024258760107817, 0.14016172506738545, 0.0646900269541779, 0.04043126684636118, 0.026954177897574125, 0.005390835579514825, 0.0], [0.03264221158958001, 0.05996810207336523, 0.08729399255715045, 0.12376395534290272, 0.3363104731525784, 0.18213716108452951, 0.07134502923976609, 0.07761828814460393, 0.028920786815523656], [0.015698587127158554, 0.028649921507064365, 0.060047095761381473, 0.14050235478806908, 0.19270015698587128, 0.2119309262166405, 0.108712715855573, 0.1565934065934066, 0.08516483516483517], [0.030459565372283576, 0.05130032062700392, 0.11702885643035268, 0.22675454221588884, 0.24955468471677947, 0.18079800498753118, 0.06252226576416102, 0.05842536515853224, 0.023156394727467045], [0.08082113120872811, 0.133649153028998, 0.21734137238013207, 0.26012058570198104, 0.1630778064886592, 0.07608383577375825, 0.031007751937984496, 0.02756244616709733, 0.0103359173126615], [0.013917262512768131, 0.032814096016343205, 0.061542390194075584, 0.09244126659856997, 0.37895812053115424, 0.2577885597548519, 0.07201225740551584, 0.06856486210418794, 0.021961184882533197], [0.017795816422104278, 0.0350712873347903, 0.08835466749921948, 0.2902487251535019, 0.2803621604745551, 0.16661463211572483, 0.05380372567384743, 0.05005723800603601, 0.017691747320220625], [0.014833574529667149, 0.03979739507959479, 0.10944283646888567, 0.21454413892908827, 0.276410998552822, 0.191027496382055, 0.07507235890014471, 0.058429811866859624, 0.020441389290882777], [0.0413243714214588, 0.07766990291262135, 0.15857605177993528, 0.24346527259148618, 0.22653721682847897, 0.12696041822255413, 0.05028628329599203, 0.05177993527508091, 0.023400547672392333], [0.04623096917935388, 0.08484961010025993, 0.1765688822874118, 0.2526921648718901, 0.2155588562940958, 0.1375789082807278, 0.03824730783512811, 0.037690308206461194, 0.01058299294467137], [0.012607160867372668, 0.02660110943015633, 0.061522945032778616, 0.30345436207766013, 0.28643469490670703, 0.20196671709531014, 0.04551185073121533, 0.04563792233988906, 0.01626323751891074], [0.18012422360248448, 0.14285714285714285, 0.13664596273291926, 0.16770186335403728, 0.17391304347826086, 0.055900621118012424, 0.07453416149068323, 0.043478260869565216, 0.024844720496894408], [0.00859662833538015, 0.01741654571843251, 0.05135648096460869, 0.2105615719548956, 0.3766886234230211, 0.19347995980797142, 0.06419560120576086, 0.05805515239477504, 0.019649436195154628], [0.005079211512879429, 0.01124682549280445, 0.02733099528358931, 0.13097109686781958, 0.3406699721852703, 0.2639980650622808, 0.09880275728624985, 0.088644334260491, 0.03325674204861531], [0.012375012375012375, 0.023265023265023266, 0.04227304227304227, 0.17473517473517475, 0.3077913077913078, 0.2371052371052371, 0.08959508959508959, 0.0897930897930898, 0.023067023067023067], [0.023121387283236993, 0.03901734104046243, 0.13005780346820808, 0.29624277456647397, 0.29624277456647397, 0.15028901734104047, 0.04335260115606936, 0.02167630057803468, 0.0], [0.007774178621008793, 0.01952799629801018, 0.04923646459972235, 0.08875520592318371, 0.2552521980564553, 0.3414160111059695, 0.0994909763998149, 0.1060620083294771, 0.03248496066635817], [0.008510212254705647, 0.028534241089307168, 0.07689227072486984, 0.14026832198638367, 0.3040648778534241, 0.28243892671205445, 0.08640368442130557, 0.0630756908289948, 0.009811774128954745], [0.010179770413688543, 0.02252544942603422, 0.13482781026640675, 0.2535196014728178, 0.27431232401992633, 0.17370586961230236, 0.0657353259692441, 0.054147714966428416, 0.011046133853151396], [0.016316736652669465, 0.04211157768446311, 0.10965806838632274, 0.22915416916616677, 0.2512297540491902, 0.19772045590881823, 0.06550689862027595, 0.06094781043791242, 0.027354529094181165], [0.030492030492030493, 0.10221760221760222, 0.18381843381843382, 0.24410949410949412, 0.2241857241857242, 0.13063063063063063, 0.037422037422037424, 0.033783783783783786, 0.01334026334026334], [0.043372910104191906, 0.0692997334625636, 0.13593409256118247, 0.25490671189726194, 0.24545674824327599, 0.13738793312333414, 0.048703658832081415, 0.044584443905984976, 0.020353767870123576], [0.020664869721473494, 0.05862533692722372, 0.2042902066486972, 0.2979559748427673, 0.21855345911949686, 0.11433063791554357, 0.03638814016172507, 0.03796046720575023, 0.011230907457322551], [0.009070294784580499, 0.017006802721088437, 0.07624716553287982, 0.25311791383219956, 0.284297052154195, 0.19827097505668934, 0.06448412698412699, 0.06816893424036281, 0.029336734693877552], [0.03577601106118217, 0.07207051503629451, 0.1591773245765641, 0.24922226062910474, 0.2350501209816799, 0.15036294503975112, 0.04597303836847563, 0.036812996889042514, 0.015554787417905289], [0.013011592145729832, 0.03536787319612018, 0.07747811686775491, 0.17494677075940382, 0.35911994322214336, 0.20049680624556424, 0.07747811686775491, 0.051809794180269694, 0.01029098651525905], [0.011384062312762133, 0.05677052127022169, 0.16476932294787297, 0.2784601557819053, 0.2597363690832834, 0.13421210305572198, 0.04508687837028161, 0.03445176752546435, 0.01512881965248652], [0.006669768884752598, 0.016286644951140065, 0.10423452768729642, 0.21002016441755855, 0.2653947572514348, 0.21746548782379402, 0.0738327904451683, 0.0777105630525826, 0.028385295486272687], [0.006881268952647539, 0.02297644040121297, 0.0714952181012363, 0.21343596920923724, 0.29169582458595755, 0.2165850244926522, 0.07394448332167017, 0.07546069512479589, 0.027525075810590157], [0.007810267644537575, 0.025811982093532717, 0.0642918373178398, 0.11248690351462044, 0.14877607391180112, 0.3926088198876083, 0.11629679017049242, 0.09962853605105249, 0.032288789408515095], [0.01895590471363406, 0.05200202736948809, 0.12782564622402434, 0.2516979219462747, 0.28322351748606184, 0.18236188545362392, 0.04409528636594019, 0.03507349214394324, 0.00476431829700963], [0.23652694610778444, 0.12874251497005987, 0.20059880239520958, 0.2275449101796407, 0.12574850299401197, 0.041916167664670656, 0.023952095808383235, 0.014970059880239521, 0.0]]}, "ranksDetailed": {"labels": ["Unranked", "Combatatant", "Challenger", "Rival", "Duelist", "Elite"], "data": [[0.13073713490959665, 0.4339360222531293, 0.34075104311543813, 0.07649513212795549, 0.01808066759388039, 0.0], [0.06253164556962025, 0.270126582278481, 0.49291139240506326, 0.15518987341772153, 0.013670886075949367, 0.005569620253164557], [0.007670182166826462, 0.04338446788111218, 0.3136385426653883, 0.5083892617449665, 0.09407957813998083, 0.032837967401725794], [0.015416958654519973, 0.07836953982714319, 0.20626021957486568, 0.5117963092735343, 0.14389161410885307, 0.04426535856108386], [0.18041237113402062, 0.38144329896907214, 0.30412371134020616, 0.12886597938144329, 0.005154639175257732, 0.0], [0.007407407407407408, 0.10810520665593129, 0.5596349973161567, 0.23864734299516907, 0.06301663982823404, 0.02318840579710145], [0.08236964901602759, 0.3258267397037939, 0.4280787177926557, 0.11888821261919254, 0.029620612700344898, 0.015216068167985392], [0.2668463611859838, 0.4555256064690027, 0.20485175202156333, 0.0673854447439353, 0.005390835579514825, 0.0], [0.03264221158958001, 0.14726209463051568, 0.46007442849548114, 0.2534821903242956, 0.07761828814460393, 0.028920786815523656], [0.015698587127158554, 0.08869701726844584, 0.33320251177394034, 0.3206436420722135, 0.1565934065934066, 0.08516483516483517], [0.030459565372283576, 0.16832917705735662, 0.4763092269326683, 0.24332027075169219, 0.05842536515853224, 0.023156394727467045], [0.08082113120872811, 0.35099052540913006, 0.42319839219064026, 0.10709158771174275, 0.02756244616709733, 0.0103359173126615], [0.013917262512768131, 0.0943564862104188, 0.47139938712972423, 0.32980081716036774, 0.06856486210418794, 0.021961184882533197], [0.017795816422104278, 0.12342595483400978, 0.5706108856280571, 0.22041835778957228, 0.05005723800603601, 0.017691747320220625], [0.014833574529667149, 0.14924023154848046, 0.4909551374819103, 0.2660998552821997, 0.058429811866859624, 0.020441389290882777], [0.0413243714214588, 0.23624595469255663, 0.47000248941996514, 0.17724670151854618, 0.05177993527508091, 0.023400547672392333], [0.04623096917935388, 0.26141849238767173, 0.4682510211659859, 0.17582621611585592, 0.037690308206461194, 0.01058299294467137], [0.012607160867372668, 0.08812405446293495, 0.5898890569843671, 0.24747856782652547, 0.04563792233988906, 0.01626323751891074], [0.18012422360248448, 0.2795031055900621, 0.3416149068322981, 0.13043478260869565, 0.043478260869565216, 0.024844720496894408], [0.00859662833538015, 0.0687730266830412, 0.5872501953779167, 0.2576755610137323, 0.05805515239477504, 0.019649436195154628], [0.005079211512879429, 0.03857782077639376, 0.47164106905308983, 0.36280082234853067, 0.088644334260491, 0.03325674204861531], [0.012375012375012375, 0.06553806553806554, 0.4825264825264825, 0.3267003267003267, 0.0897930897930898, 0.023067023067023067], [0.023121387283236993, 0.16907514450867053, 0.5924855491329479, 0.1936416184971098, 0.02167630057803468, 0.0], [0.007774178621008793, 0.06876446089773253, 0.3440074039796391, 0.4409069875057844, 0.1060620083294771, 0.03248496066635817], [0.008510212254705647, 0.10542651181417702, 0.4443331998398078, 0.36884261113336003, 0.0630756908289948, 0.009811774128954745], [0.010179770413688543, 0.157353259692441, 0.5278319254927442, 0.23944119558154645, 0.054147714966428416, 0.011046133853151396], [0.016316736652669465, 0.15176964607078583, 0.48038392321535694, 0.2632273545290942, 0.06094781043791242, 0.027354529094181165], [0.030492030492030493, 0.28603603603603606, 0.4682952182952183, 0.16805266805266805, 0.033783783783783786, 0.01334026334026334], [0.043372910104191906, 0.20523382602374607, 0.5003634601405379, 0.18609159195541555, 0.044584443905984976, 0.020353767870123576], [0.020664869721473494, 0.26291554357592095, 0.5165094339622641, 0.15071877807726863, 0.03796046720575023, 0.011230907457322551], [0.009070294784580499, 0.09325396825396826, 0.5374149659863946, 0.2627551020408163, 0.06816893424036281, 0.029336734693877552], [0.03577601106118217, 0.23124783961285864, 0.4842723816107847, 0.19633598340822675, 0.036812996889042514, 0.015554787417905289], [0.013011592145729832, 0.11284599006387509, 0.5340667139815471, 0.2779749231133191, 0.051809794180269694, 0.01029098651525905], [0.011384062312762133, 0.22153984421809467, 0.5381965248651888, 0.1792989814260036, 0.03445176752546435, 0.01512881965248652], [0.006669768884752598, 0.12052117263843648, 0.47541492166899335, 0.2912982782689623, 0.0777105630525826, 0.028385295486272687], [0.006881268952647539, 0.09447165850244926, 0.5051317937951948, 0.29052950781432235, 0.07546069512479589, 0.027525075810590157], [0.007810267644537575, 0.09010381941137251, 0.26126297742642157, 0.5089056100581008, 0.09962853605105249, 0.032288789408515095], [0.01895590471363406, 0.17982767359351243, 0.5349214394323365, 0.22645717181956412, 0.03507349214394324, 0.00476431829700963], [0.23652694610778444, 0.32934131736526945, 0.3532934131736527, 0.0658682634730539, 0.014970059880239521, 0.0]]}}}, "eu": {"histType": {"histogram": {"labels": ["0", "100", "200", "300", "400", "500", "600", "700", "800", "900", "1000", "1100", "1200", "1300", "1400", "1500", "1600", "1700", "1800", "1900", "2000", "2100", "2200", "2300", "2400", "2500", "2600", "2700", "2800", "2900", "3000", "3100", "3200"], "data": [[0.0, 0.0, 0.0018656716417910447, 0.0, 0.0018656716417910447, 0.007462686567164179, 0.013059701492537313, 0.026119402985074626, 0.048507462686567165, 0.07835820895522388, 0.07835820895522388, 0.10820895522388059, 0.10261194029850747, 0.11940298507462686, 0.1417910447761194, 0.09328358208955224, 0.06343283582089553, 0.033582089552238806, 0.03544776119402985, 0.016791044776119403, 0.013059701492537313, 0.005597014925373134, 0.0037313432835820895, 0.007462686567164179, 0.0, 0.0, 0.0, 0.0, 0.0, 0.0, 0.0, 0.0, 0.0], [0.0, 0.0002788622420524261, 0.0008365867261572784, 0.0011154489682097045, 0.0016731734523145567, 0.0039040713887339654, 0.006971556051310652, 0.010875627440044618, 0.019520356943669825, 0.034300055772448414, 0.04517568321249303, 0.06218627997769102, 0.08170663692136085, 0.10429447852760736, 0.13524818739542666, 0.130228667038483, 0.14166201896263245, 0.06860011154489683, 0.09481316229782487, 0.02426101505856107, 0.012269938650306749, 0.009202453987730062, 0.004182933630786392, 0.002788622420524261, 0.002230897936419409, 0.0011154489682097045, 0.0005577244841048522, 0.0, 0.0, 0.0, 0.0, 0.0, 0.0], [0.0, 0.0, 0.0, 0.00012062726176115802, 0.00012062726176115802, 0.00012062726176115802, 0.0, 0.0007237635705669482, 0.0019300361881785283, 0.0026537997587454767, 0.005910735826296743, 0.009529553679131483, 0.011942098914354644, 0.015199034981905911, 0.025211097708082025, 0.03510253317249699, 0.18057901085645356, 0.1540410132689988, 0.32593486127864896, 0.07985524728588661, 0.05186972255729795, 0.05186972255729795, 0.018094089264173704, 0.007840772014475271, 0.011821471652593486, 0.005186972255729795, 0.0018094089264173703, 0.0021712907117008443, 0.00012062726176115802, 0.00024125452352231604, 0.0, 0.0, 0.0], [0.0, 0.0, 0.0, 0.0001121201928467317, 0.0001121201928467317, 0.0002242403856934634, 0.0007848413499271219, 0.0020181634712411706, 0.0024666442426280973, 0.005718129835183316, 0.011212019284673169, 0.016930149119856488, 0.02063011548379863, 0.026011884740441752, 0.04249355308891131, 0.05336921179504429, 0.07523264940015696, 0.05067832716672273, 0.27615203498150015, 0.14811077475053258, 0.09283551967709384, 0.08857495234891805, 0.03094517322569795, 0.013454423141607804, 0.024330081847740777, 0.00796053369211795, 0.004372687521022536, 0.0015696826998542438, 0.0034757259782486824, 0.0002242403856934634, 0.0, 0.0, 0.0], [0.0, 0.0, 0.0, 0.0, 0.0, 0.021739130434782608, 0.02717391304347826, 0.04891304347826087, 0.06521739130434782, 0.04891304347826087, 0.07608695652173914, 0.08152173913043478, 0.06521739130434782, 0.11956521739130435, 0.09239130434782608, 0.14673913043478262, 0.03260869565217391, 0.06521739130434782, 0.03260869565217391, 0.04891304347826087, 0.005434782608695652, 0.005434782608695652, 0.0, 0.005434782608695652, 0.010869565217391304, 0.0, 0.0, 0.0, 0.0, 0.0, 0.0, 0.0, 0.0], [0.0, 0.0, 0.00010650761529449355, 0.0002130152305889871, 0.00031952284588348065, 0.00010650761529449355, 0.0002130152305889871, 0.001171583768239429, 0.001917137075300884, 0.003940781765896261, 0.007881563531792523, 0.012035360528277772, 0.018425817445947384, 0.090850995846203, 0.12908722973692618, 0.13750133134519119, 0.16338268186175312, 0.11119395036745128, 0.14996272233464691, 0.05602300564490361, 0.035999573969538824, 0.039301310043668124,