{"region": {"us": {"histType": {"histogram": {"labels": ["0", "100", "200", "300", "400", "500", "600", "700", "800", "900", "1000", "1100", "1200", "1300", "1400", "1500", "1600", "1700", "1800", "1900", "2000", "2100", "2200", "2300", "2400", "2500", "2600", "2700", "2800", "2900", "3000", "3100"], "data": [[0.0, 0.0, 0.0, 0.007518796992481203, 0.007518796992481203, 0.007518796992481203, 0.022556390977443608, 0.03007518796992481, 0.07518796992481203, 0.05263157894736842, 0.05263157894736842, 0.11278195488721804, 0.09022556390977443, 0.16541353383458646, 0.09774436090225563, 0.08270676691729323, 0.045112781954887216, 0.05263157894736842, 0.03759398496240601, 0.05263157894736842, 0.007518796992481203, 0.0, 0.0, 0.0, 0.0, 0.0, 0.0, 0.0, 0.0, 0.0, 0.0, 0.0], [0.0, 0.0016129032258064516, 0.0, 0.0008064516129032258, 0.0016129032258064516, 0.0016129032258064516, 0.0032258064516129032, 0.012903225806451613, 0.016129032258064516, 0.036290322580645164, 0.056451612903225805, 0.06935483870967742, 0.10241935483870968, 0.09919354838709678, 0.15725806451612903, 0.1282258064516129, 0.1153225806451613, 0.06774193548387097, 0.07016129032258064, 0.02258064516129032, 0.012096774193548387, 0.012903225806451613, 0.007258064516129033, 0.0016129032258064516, 0.0032258064516129032, 0.0, 0.0, 0.0, 0.0, 0.0, 0.0, 0.0], [0.0, 0.0002523977788995457, 0.0002523977788995457, 0.0002523977788995457, 0.0005047955577990914, 0.0012619888944977284, 0.0012619888944977284, 0.002271580010095911, 0.007319535588086825, 0.009843513377082282, 0.015396264512872286, 0.025996971226653204, 0.044169611307420496, 0.06057546693589096, 0.07698132256436144, 0.09994952044422009, 0.1453811206461383, 0.09818273599192327, 0.17768803634528016, 0.06511862695608278, 0.043917213528520946, 0.05956587582029278, 0.024734982332155476, 0.01060070671378092, 0.01867743563856638, 0.00530035335689046, 0.004543160020191822, 0.0, 0.0, 0.0, 0.0, 0.0], [0.0, 0.00021123785382340515, 0.0, 0.0, 0.00021123785382340515, 0.0008449514152936206, 0.002746092099704267, 0.004224757076468103, 0.010984368398817067, 0.024714828897338403, 0.032953105196451206, 0.037177862272919304, 0.06844106463878327, 0.09167722855935784, 0.1185044359949303, 0.1311787072243346, 0.15758343895226024, 0.09167722855935784, 0.11765948457963667, 0.04393747359526827, 0.024926066751161807, 0.022391212505280946, 0.008027038445289396, 0.004435994930291508, 0.0038022813688212928, 0.0008449514152936206, 0.0008449514152936206, 0.0, 0.0, 0.0, 0.0, 0.0], [0.0, 0.0, 0.0, 0.0, 0.0, 0.0, 0.0, 0.0851063829787234, 0.0851063829787234, 0.0851063829787234, 0.0425531914893617, 0.0851063829787234, 0.0851063829787234, 0.14893617021276595, 0.0, 0.0, 0.06382978723404255, 0.06382978723404255, 0.06382978723404255, 0.10638297872340426, 0.0425531914893617, 0.02127659574468085, 0.0, 0.02127659574468085, 0.0, 0.0, 0.0, 0.0, 0.0, 0.0, 0.0, 0.0], [0.0, 0.0, 0.0, 0.0, 0.0, 0.0, 0.00036153289949385393, 0.0032537960954446853, 0.0030730296456977584, 0.011207519884309472, 0.018076644974692697, 0.02964569775849602, 0.056941431670282, 0.0918293564714389, 0.1173174258857556, 0.12436731742588576, 0.14931308749096167, 0.0992407809110629, 0.11767895878524946, 0.05639913232104121, 0.03253796095444685, 0.044468546637744036, 0.016630513376717282, 0.0070498915401301515, 0.011749819233550254, 0.005242227042660882, 0.0032537960954446853, 0.00036153289949385393, 0.0, 0.0, 0.0, 0.0], [0.0, 0.0005081300813008131, 0.0, 0.001524390243902439, 0.0020325203252032522, 0.0020325203252032522, 0.003556910569105691, 0.011686991869918699, 0.022357723577235773, 0.037601626016260166, 0.05589430894308943, 0.06504065040650407, 0.10315040650406504, 0.12449186991869919, 0.13617886178861788, 0.10365853658536585, 0.11178861788617886, 0.057926829268292686, 0.06046747967479675, 0.030995934959349592, 0.016260162601626018, 0.017784552845528455, 0.009654471544715448, 0.007621951219512195, 0.012195121951219513, 0.003556910569105691, 0.0020325203252032522, 0.0, 0.0, 0.0, 0.0, 0.0], [0.0, 0.0, 0.008264462809917356, 0.01652892561983471, 0.01652892561983471, 0.008264462809917356, 0.04132231404958678, 0.08264462809917356, 0.09090909090909091, 0.12396694214876033, 0.10743801652892562, 0.1322314049586777, 0.09917355371900827, 0.09090909090909091, 0.04132231404958678, 0.04132231404958678, 0.024793388429752067, 0.024793388429752067, 0.024793388429752067, 0.024793388429752067, 0.0, 0.0, 0.0, 0.0, 0.0, 0.0, 0.0, 0.0, 0.0, 0.0, 0.0, 0.0], [0.0005630630630630631, 0.00037537537537537537, 0.0009384384384384384, 0.0007507507507507507, 0.0015015015015015015, 0.0031906906906906908, 0.004316816816816817, 0.010885885885885885, 0.020645645645645645, 0.048798798798798795, 0.0746996996996997, 0.0990990990990991, 0.11411411411411411, 0.12762762762762764, 0.13475975975975976, 0.09834834834834835, 0.08126876876876876, 0.0503003003003003, 0.05067567567567568, 0.02515015015015015, 0.017454954954954954, 0.015953453453453455, 0.010885885885885885, 0.002815315315315315, 0.004129129129129129, 0.0005630630630630631, 0.00018768768768768769, 0.0, 0.0, 0.0, 0.0, 0.0], [0.0, 0.0, 0.0004854368932038835, 0.0, 0.001941747572815534, 0.0014563106796116505, 0.0048543689320388345, 0.0048543689320388345, 0.016019417475728156, 0.02378640776699029, 0.03495145631067961, 0.0470873786407767, 0.07961165048543689, 0.1029126213592233, 0.12330097087378641, 0.12864077669902912, 0.1616504854368932, 0.07961165048543689, 0.10097087378640776, 0.03398058252427184, 0.01407766990291262, 0.021359223300970873, 0.008737864077669903, 0.006310679611650485, 0.002912621359223301, 0.0004854368932038835, 0.0, 0.0, 0.0, 0.0, 0.0, 0.0], [0.0, 0.0, 0.0008285004142502071, 0.0011046672190002762, 0.0016570008285004142, 0.0027616680475006906, 0.007456503728251864, 0.010494338580502624, 0.018779342723004695, 0.03866335266500966, 0.0767743717205192, 0.08423087544877106, 0.10687655343827672, 0.11792322562827948, 0.14498757249378624, 0.11378072355702845, 0.09444904722452362, 0.05495719414526374, 0.05191935929301298, 0.028445180889257113, 0.01436067384700359, 0.01463684065175366, 0.007180336923501795, 0.0030378348522507597, 0.0033140016570008283, 0.0013808340237503453, 0.0, 0.0, 0.0, 0.0, 0.0, 0.0], [0.0, 0.0, 0.0, 0.0, 0.0002635740643120717, 0.0010542962572482868, 0.0028993147074327886, 0.006589351607801793, 0.01107011070110701, 0.016605166051660517, 0.03610964681075382, 0.05271481286241434, 0.07090142329994728, 0.09146020031628888, 0.13626779124934107, 0.11781760674749604, 0.15313653136531366, 0.09146020031628888, 0.10595677385345283, 0.04032683183974697, 0.023985239852398525, 0.021085925144965736, 0.008170795993674223, 0.0063257775434897206, 0.004744333157617291, 0.0010542962572482868, 0.0, 0.0, 0.0, 0.0, 0.0, 0.0], [0.00023889154323936931, 0.0, 0.0, 0.00047778308647873863, 0.00047778308647873863, 0.0011944577161968467, 0.002866698518872432, 0.006211180124223602, 0.013616817964644052, 0.03392259913999045, 0.054706163401815576, 0.0630673674151935, 0.08528428093645485, 0.11395126612517917, 0.14452938365981843, 0.12135690396559962, 0.1402293358815098, 0.07262302914476827, 0.07095078834209269, 0.02866698518872432, 0.016961299569995224, 0.013139034878165312, 0.005733397037744864, 0.004300047778308648, 0.003822264691829909, 0.0016722408026755853, 0.0, 0.0, 0.0, 0.0, 0.0, 0.0], [0.0, 0.0, 0.0, 0.00039308176100628933, 0.0, 0.00039308176100628933, 0.0, 0.0007861635220125787, 0.003930817610062893, 0.008254716981132075, 0.018474842767295597, 0.027122641509433963, 0.05345911949685535, 0.07429245283018868, 0.1065251572327044, 0.12657232704402516, 0.17059748427672955, 0.11517295597484277, 0.12853773584905662, 0.060141509433962265, 0.040880503144654086, 0.031839622641509434, 0.013757861635220126, 0.008254716981132075, 0.007075471698113208, 0.0023584905660377358, 0.0011792452830188679, 0.0, 0.0, 0.0, 0.0, 0.0], [0.0, 0.0, 0.0, 0.0012285012285012285, 0.0012285012285012285, 0.0012285012285012285, 0.0, 0.0085995085995086, 0.012285012285012284, 0.033169533169533166, 0.036855036855036855, 0.06633906633906633, 0.08108108108108109, 0.12162162162162163, 0.10073710073710074, 0.11793611793611794, 0.12162162162162163, 0.07862407862407862, 0.08845208845208845, 0.03931203931203931, 0.033169533169533166, 0.019656019656019656, 0.007371007371007371, 0.006142506142506142, 0.011056511056511056, 0.002457002457002457, 0.009828009828009828, 0.0, 0.0, 0.0, 0.0, 0.0], [0.0003405994550408719, 0.0, 0.0006811989100817438, 0.0003405994550408719, 0.0006811989100817438, 0.0013623978201634877, 0.003746594005449591, 0.004768392370572207, 0.011580381471389645, 0.0170299727520436, 0.03440054495912807, 0.04904632152588556, 0.08549046321525886, 0.10183923705722071, 0.13419618528610355, 0.13249318801089918, 0.13249318801089918, 0.0837874659400545, 0.09741144414168937, 0.039168937329700275, 0.022479564032697547, 0.02486376021798365, 0.009196185286103543, 0.003746594005449591, 0.004087193460490463, 0.0034059945504087193, 0.0013623978201634877, 0.0, 0.0, 0.0, 0.0, 0.0], [0.0, 0.0, 0.0, 0.0006514657980456026, 0.000977198697068404, 0.0003257328990228013, 0.0029315960912052116, 0.006188925081433224, 0.011400651465798045, 0.020195439739413682, 0.04169381107491857, 0.05472312703583062, 0.08078175895765473, 0.10618892508143322, 0.1250814332247557, 0.1267100977198697, 0.13550488599348534, 0.08241042345276874, 0.10749185667752444, 0.030944625407166124, 0.01530944625407166, 0.025732899022801303, 0.0071661237785016286, 0.004234527687296417, 0.008794788273615635, 0.002280130293159609, 0.002280130293159609, 0.0, 0.0, 0.0, 0.0, 0.0], [0.0, 0.0, 0.0, 0.0, 0.0, 0.0, 0.0, 0.0, 0.03225806451612903, 0.12903225806451613, 0.0967741935483871, 0.06451612903225806, 0.06451612903225806, 0.12903225806451613, 0.0967741935483871, 0.06451612903225806, 0.0967741935483871, 0.06451612903225806, 0.03225806451612903, 0.06451612903225806, 0.03225806451612903, 0.03225806451612903, 0.0, 0.0, 0.0, 0.0, 0.0, 0.0, 0.0, 0.0, 0.0, 0.0], [0.00017587055926837847, 0.00017587055926837847, 0.00017587055926837847, 0.00017587055926837847, 0.00017587055926837847, 0.00017587055926837847, 0.0007034822370735139, 0.0015828350334154062, 0.005276116778051354, 0.009672880759760817, 0.020928596552937037, 0.02743580724586704, 0.05610270840661273, 0.08705592683784734, 0.12205416813225466, 0.12891311994372143, 0.14614843475202252, 0.11255715793176223, 0.10218079493492789, 0.06489623637003165, 0.0367569468870911, 0.04537460429124165, 0.015828350334154064, 0.00809004572634541, 0.005627857896588111, 0.0017587055926837848, 0.0, 0.0, 0.0, 0.0, 0.0, 0.0], [0.0, 0.0, 0.0, 0.000341180484476288, 0.0, 0.000341180484476288, 0.0030706243602865915, 0.001364721937905152, 0.00511770726714432, 0.006141248720573183, 0.019106107130672127, 0.02661207778915046, 0.04367110201296486, 0.05868304332992153, 0.09143636983964518, 0.10815421357898328, 0.15114295462299557, 0.11463664278403275, 0.14500170590242237, 0.06345957011258956, 0.04571818491982259, 0.04912998976458546, 0.02524735585124531, 0.010576595018764927, 0.017059024223814397, 0.008188331627430911, 0.005458887751620608, 0.000341180484476288, 0.0, 0.0, 0.0, 0.0], [0.0001763668430335097, 0.0, 0.0, 0.0003527336860670194, 0.0005291005291005291, 0.0014109347442680777, 0.0015873015873015873, 0.004585537918871252, 0.007054673721340388, 0.014109347442680775, 0.02962962962962963, 0.038447971781305115, 0.05238095238095238, 0.08095238095238096, 0.1128747795414462, 0.11816578483245149, 0.1384479717813051, 0.09982363315696649, 0.1259259259259259, 0.06049382716049383, 0.03721340388007054, 0.03668430335097002, 0.016578483245149912, 0.008641975308641974, 0.01181657848324515, 0.0019400352733686067, 0.0001763668430335097, 0.0, 0.0, 0.0, 0.0, 0.0], [0.0, 0.0, 0.0, 0.0, 0.0, 0.002857142857142857, 0.0, 0.005714285714285714, 0.008571428571428572, 0.005714285714285714, 0.017142857142857144, 0.037142857142857144, 0.06285714285714286, 0.13428571428571429, 0.15428571428571428, 0.15714285714285714, 0.17142857142857143, 0.12, 0.07714285714285714, 0.03428571428571429, 0.011428571428571429, 0.0, 0.0, 0.0, 0.0, 0.0, 0.0, 0.0, 0.0, 0.0, 0.0, 0.0], [0.0, 0.0, 0.0, 0.00013000520020800833, 0.0, 0.00026001040041601667, 0.00026001040041601667, 0.0014300572022880914, 0.0039001560062402497, 0.010530421216848674, 0.01625065002600104, 0.026781071242849713, 0.0500520020800832, 0.06474258970358815, 0.10335413416536661, 0.13039521580863234, 0.16913676547061882, 0.10777431097243889, 0.1578263130525221, 0.057982319292771714, 0.033021320852834116, 0.039781591263650544, 0.011960478419136765, 0.004290171606864275, 0.0070202808112324495, 0.0022100884035361414, 0.0009100364014560582, 0.0, 0.0, 0.0, 0.0, 0.0], [0.00011116051578479324, 0.00011116051578479324, 0.00022232103156958648, 0.0, 0.0006669630947087594, 0.0010004446420631393, 0.0006669630947087594, 0.001889728768341485, 0.001889728768341485, 0.009448643841707426, 0.014673188083592708, 0.03523788350377946, 0.06714095153401511, 0.10115606936416185, 0.144619831036016, 0.1708537127612272, 0.17696754112939084, 0.09693196976433971, 0.09726545131169409, 0.0394619831036016, 0.019230769230769232, 0.012894619831036016, 0.004335260115606936, 0.0017785682525566918, 0.0011116051578479323, 0.0003334815473543797, 0.0, 0.0, 0.0, 0.0, 0.0, 0.0], [0.0, 0.00026123301985370953, 0.0, 0.00026123301985370953, 0.0010449320794148381, 0.0018286311389759666, 0.0018286311389759666, 0.0033960292580982234, 0.008881922675026124, 0.01541274817136886, 0.02690700104493208, 0.04911180773249739, 0.07732497387669801, 0.09822361546499478, 0.12539184952978055, 0.1235632183908046, 0.14733542319749215, 0.09404388714733543, 0.10214211076280041, 0.04911180773249739, 0.029780564263322883, 0.02246603970741902, 0.01123301985370951, 0.007053291536050157, 0.0028735632183908046, 0.0005224660397074191, 0.0, 0.0, 0.0, 0.0, 0.0, 0.0], [0.0, 0.0, 0.0, 0.0, 0.00043010752688172043, 0.0, 0.0006451612903225806, 0.0012903225806451613, 0.0040860215053763445, 0.005161290322580645, 0.015698924731182794, 0.024946236559139787, 0.04537634408602151, 0.07225806451612904, 0.10731182795698925, 0.12989247311827956, 0.15096774193548387, 0.08946236559139785, 0.15247311827956989, 0.05870967741935484, 0.03763440860215054, 0.04924731182795699, 0.01827956989247312, 0.011612903225806452, 0.014623655913978495, 0.006021505376344086, 0.0036559139784946237, 0.00021505376344086021, 0.0, 0.0, 0.0, 0.0], [0.0, 0.0007874015748031496, 0.0007874015748031496, 0.002362204724409449, 0.0015748031496062992, 0.0031496062992125984, 0.005511811023622047, 0.012598425196850394, 0.027559055118110236, 0.050393700787401574, 0.06299212598425197, 0.08976377952755905, 0.09448818897637795, 0.13307086614173227, 0.13700787401574804, 0.1015748031496063, 0.09527559055118111, 0.05826771653543307, 0.06614173228346457, 0.02283464566929134, 0.006299212598425197, 0.023622047244094488, 0.0007874015748031496, 0.0, 0.0031496062992125984, 0.0, 0.0, 0.0, 0.0, 0.0, 0.0, 0.0], [0.0, 0.0, 0.0, 0.0, 0.0025380710659898475, 0.0, 0.005076142131979695, 0.03299492385786802, 0.04568527918781726, 0.04568527918781726, 0.08883248730964467, 0.10152284263959391, 0.09137055837563451, 0.08883248730964467, 0.1218274111675127, 0.09137055837563451, 0.12690355329949238, 0.05583756345177665, 0.0583756345177665, 0.025380710659898477, 0.005076142131979695, 0.0, 0.0025380710659898475, 0.0025380710659898475, 0.007614213197969543, 0.0, 0.0, 0.0, 0.0, 0.0, 0.0, 0.0], [0.00046904315196998124, 0.0, 0.0, 0.0, 0.0007035647279549719, 0.0014071294559099437, 0.00398686679174484, 0.009146341463414634, 0.01547842401500938, 0.027673545966228893, 0.0476078799249531, 0.06683864915572232, 0.09779549718574108, 0.11374296435272045, 0.14610694183864917, 0.1327392120075047, 0.11843339587242026, 0.06801125703564728, 0.06941838649155722, 0.027908067542213883, 0.016651031894934335, 0.01876172607879925, 0.008911819887429643, 0.00398686679174484, 0.0023452157598499064, 0.0011726078799249532, 0.0007035647279549719, 0.0, 0.0, 0.0, 0.0, 0.0], [0.0, 0.0, 0.0, 0.0004616805170821791, 0.0004616805170821791, 0.0, 0.002770083102493075, 0.0018467220683287165, 0.0050784856879039705, 0.017082179132040628, 0.029085872576177285, 0.03831948291782087, 0.05447830101569714, 0.07894736842105263, 0.11680517082179132, 0.12419205909510618, 0.14727608494921515, 0.0904893813481071, 0.11588180978762697, 0.05170821791320406, 0.030932594644506, 0.035549399815327794, 0.018467220683287166, 0.012927054478301015, 0.02169898430286242, 0.0046168051708217915, 0.0009233610341643582, 0.0, 0.0, 0.0, 0.0, 0.0], [0.0, 0.0, 0.0, 0.0, 0.00032754667540124465, 0.0, 0.000982640026203734, 0.002947920078611202, 0.0052407468064199145, 0.013101867016049788, 0.019980347199475924, 0.037340320995741895, 0.06681952178185391, 0.09695381591876842, 0.12741565673108418, 0.1451031772027514, 0.15001637733377007, 0.07926629544710122, 0.11529642974123813, 0.053390108090402885, 0.029806747461513267, 0.029806747461513267, 0.012119226989846053, 0.006550933508024894, 0.0036030134294136916, 0.0036030134294136916, 0.00032754667540124465, 0.0, 0.0, 0.0, 0.0, 0.0], [0.00019033117624666921, 0.00019033117624666921, 0.00019033117624666921, 0.00019033117624666921, 0.0005709935287400076, 0.001903311762466692, 0.0026646364674533687, 0.00475827940616673, 0.007803578226113437, 0.01712980586220023, 0.04054054054054054, 0.058622002283974115, 0.08736200989722116, 0.1149600304529882, 0.13456414160639513, 0.1317091739626951, 0.14084507042253522, 0.08736200989722116, 0.07746478873239436, 0.03863722877807385, 0.017700799390940235, 0.019604111153406927, 0.009135896459840122, 0.0032356299961933763, 0.0024743052912067, 0.00019033117624666921, 0.0, 0.0, 0.0, 0.0, 0.0, 0.0], [0.0, 0.0, 0.0, 0.0, 0.0004847309743092584, 0.0004847309743092584, 0.0, 0.004362578768783325, 0.0067862336403296175, 0.009694619486185167, 0.031507513330101794, 0.04507998061076103, 0.07367910809500727, 0.10324769752787204, 0.13717886572952012, 0.15026660203587008, 0.12651478429471644, 0.08773630634997576, 0.09161415414444983, 0.04168686379059622, 0.03247697527872031, 0.025206010664081433, 0.014057198254968492, 0.003877847794474067, 0.012118274357731459, 0.0019389238972370335, 0.0, 0.0, 0.0, 0.0, 0.0, 0.0], [0.0, 0.0, 0.0, 0.0, 0.0, 0.0007107320540156361, 0.0007107320540156361, 0.0024875621890547263, 0.004619758351101635, 0.004975124378109453, 0.012437810945273632, 0.0255863539445629, 0.037668798862828715, 0.059346126510305616, 0.09630419331911869, 0.11727078891257996, 0.15245202558635396, 0.10199004975124377, 0.14285714285714285, 0.07391613361762615, 0.04193319118692253, 0.06574271499644634, 0.022743425728500355, 0.015636105188343994, 0.013859275053304905, 0.005685856432125089, 0.0010660980810234541, 0.0, 0.0, 0.0, 0.0, 0.0], [0.0, 0.0, 0.0, 0.0, 0.00020652622883106156, 0.00020652622883106156, 0.0010326311441553077, 0.002271788517141677, 0.004130524576621231, 0.00929368029739777, 0.0187938868236266, 0.04151177199504337, 0.07207765386204049, 0.11193721602643536, 0.14312267657992564, 0.1187525815778604, 0.13899215200330442, 0.08612143742255267, 0.10698058653448989, 0.0456422965716646, 0.028707145807517556, 0.03283767038413878, 0.017761255679471292, 0.005989260636100785, 0.008880627839735646, 0.003510945890128046, 0.0012391573729863693, 0.0, 0.0, 0.0, 0.0, 0.0], [0.0, 0.0, 0.00014450867052023122, 0.0, 0.0, 0.00028901734104046245, 0.00043352601156069364, 0.0015895953757225434, 0.003468208092485549, 0.009971098265895954, 0.02023121387283237, 0.035982658959537575, 0.07138728323699423, 0.10390173410404624, 0.15043352601156068, 0.15115606936416184, 0.14479768786127167, 0.08815028901734104, 0.11141618497109827, 0.04046242774566474, 0.022254335260115606, 0.025, 0.00852601156069364, 0.004624277456647399, 0.0039017341040462426, 0.0008670520231213873, 0.0010115606936416184, 0.0, 0.0, 0.0, 0.0, 0.0], [0.0, 0.0, 0.0, 0.0, 0.0, 0.00016877637130801687, 0.0008438818565400844, 0.001181434599156118, 0.0033755274261603376, 0.008945147679324894, 0.014008438818565401, 0.030548523206751055, 0.05468354430379747, 0.09518987341772152, 0.1421097046413502, 0.1620253164556962, 0.17265822784810125, 0.10059071729957805, 0.12135021097046414, 0.03780590717299578, 0.019578059071729957, 0.02278481012658228, 0.00590717299578059, 0.0021940928270042194, 0.0030379746835443038, 0.0008438818565400844, 0.00016877637130801687, 0.0, 0.0, 0.0, 0.0, 0.0], [0.0, 0.009708737864077669, 0.0, 0.0, 0.009708737864077669, 0.02912621359223301, 0.04854368932038835, 0.02912621359223301, 0.14563106796116504, 0.10679611650485436, 0.06796116504854369, 0.02912621359223301, 0.06796116504854369, 0.11650485436893204, 0.05825242718446602, 0.08737864077669903, 0.05825242718446602, 0.038834951456310676, 0.02912621359223301, 0.02912621359223301, 0.019417475728155338, 0.009708737864077669, 0.009708737864077669, 0.0, 0.0, 0.0, 0.0, 0.0, 0.0, 0.0, 0.0, 0.0]]}, "ranks": {"labels": ["Unranked", "Combatatent I", "Combatatent II", "Challenger I", "Challenger II", "Rival I", "Rival II", "Duelist", "Elite"], "data": [[0.20300751879699247, 0.16541353383458646, 0.2556390977443609, 0.18045112781954886, 0.09774436090225563, 0.08270676691729323, 0.015037593984962405, 0.0, 0.0], [0.07419354838709677, 0.12580645161290321, 0.20161290322580644, 0.2854838709677419, 0.18306451612903227, 0.0846774193548387, 0.020161290322580645, 0.021774193548387097, 0.0032258064516129032], [0.023220595658758204, 0.04139323573952549, 0.10474507824331146, 0.17693084300858153, 0.2435638566380616, 0.21226653205451793, 0.07445734477536597, 0.09490156486622918, 0.028520949015648663], [0.04393747359526827, 0.07013096746937052, 0.1601182931981411, 0.24968314321926488, 0.24926066751161807, 0.14110688635403465, 0.04541613857203211, 0.03485424588086185, 0.005492184199408534], [0.2553191489361702, 0.1276595744680851, 0.23404255319148937, 0.0, 0.1276595744680851, 0.14893617021276595, 0.06382978723404255, 0.0425531914893617, 0.0], [0.01789587852494577, 0.04772234273318872, 0.1487707881417209, 0.24168474331164136, 0.2485538684020246, 0.14768618944323933, 0.05892986261749819, 0.06814895155459147, 0.020607375271149676], [0.08130081300813008, 0.1209349593495935, 0.22764227642276422, 0.23983739837398374, 0.16971544715447154, 0.07926829268292683, 0.028455284552845527, 0.0350609756097561, 0.017784552845528455], [0.3884297520661157, 0.2396694214876033, 0.19008264462809918, 0.08264462809917356, 0.049586776859504134, 0.049586776859504134, 0.0, 0.0, 0.0], [0.09196696696696696, 0.1737987987987988, 0.24174174174174173, 0.23310810810810811, 0.13156906906906907, 0.06493993993993993, 0.02834084084084084, 0.029654654654654656, 0.00487987987987988], [0.05339805825242718, 0.08203883495145631, 0.1825242718446602, 0.2519417475728155, 0.2412621359223301, 0.12135922330097088, 0.02766990291262136, 0.03640776699029126, 0.0033980582524271844], [0.08174537420602043, 0.16100524716929024, 0.2247997790665562, 0.2587682960508147, 0.14940624136978736, 0.0660038663352665, 0.02872134769400718, 0.024855012427506214, 0.004694835680751174], [0.03848181338956247, 0.08882445967316815, 0.16236162361623616, 0.2540853979968371, 0.24459673168160254, 0.1275698471270427, 0.042698998418555616, 0.035582498682129676, 0.005798629414865577], [0.059006211180124224, 0.11777353081700907, 0.19923554706163402, 0.26588628762541805, 0.21285236502627808, 0.08432871476349738, 0.032250358337314856, 0.023172479694218824, 0.005494505494505495], [0.013757861635220126, 0.04559748427672956, 0.12775157232704404, 0.23309748427672955, 0.28577044025157233, 0.16470125786163523, 0.06485849056603774, 0.05385220125786164, 0.01061320754716981], [0.05773955773955774, 0.10319410319410319, 0.20270270270270271, 0.21867321867321868, 0.20024570024570024, 0.11056511056511056, 0.05036855036855037, 0.033169533169533166, 0.02334152334152334], [0.04053133514986376, 0.08344686648501362, 0.18732970027247955, 0.2666893732970027, 0.21628065395095367, 0.12057220708446867, 0.03848773841961853, 0.03780653950953679, 0.008855585831062671], [0.04267100977198697, 0.09641693811074918, 0.18697068403908795, 0.2517915309446254, 0.21791530944625406, 0.1250814332247557, 0.028664495114006514, 0.03713355048859935, 0.013355048859934854], [0.16129032258064516, 0.16129032258064516, 0.1935483870967742, 0.16129032258064516, 0.16129032258064516, 0.06451612903225806, 0.06451612903225806, 0.03225806451612903, 0.0], [0.018290538163911362, 0.04836440379880408, 0.14315863524446007, 0.25096728807597607, 0.25870559268378474, 0.13964122405909252, 0.06419275413295815, 0.06929300035174112, 0.007386563489271896], [0.016376663254861822, 0.04571818491982259, 0.1023541453428864, 0.19959058341862845, 0.26577959740702833, 0.18184919822586149, 0.07233026270897305, 0.0849539406345957, 0.031047424087342203], [0.02980599647266314, 0.06807760141093475, 0.13333333333333333, 0.2310405643738977, 0.2382716049382716, 0.15961199294532627, 0.06402116402116402, 0.06190476190476191, 0.013932980599647267], [0.022857142857142857, 0.054285714285714284, 0.19714285714285715, 0.31142857142857144, 0.2914285714285714, 0.1, 0.022857142857142857, 0.0, 0.0], [0.016510660426417058, 0.043031721268850756, 0.11479459178367135, 0.23374934997399896, 0.27691107644305774, 0.19032761310452417, 0.05850234009360374, 0.056032241289651584, 0.01014040561622465], [0.01600711427301023, 0.049911071587372166, 0.16829702089817697, 0.31547354379724324, 0.27389951089373055, 0.11949755446865273, 0.03646064917741218, 0.019008448199199644, 0.001445086705202312], [0.032915360501567396, 0.07601880877742946, 0.1755485893416928, 0.24895506792058517, 0.2413793103448276, 0.13061650992685475, 0.05041797283176593, 0.04075235109717868, 0.0033960292580982234], [0.011612903225806452, 0.04064516129032258, 0.11763440860215053, 0.23720430107526883, 0.2404301075268817, 0.1843010752688172, 0.06451612903225806, 0.07913978494623657, 0.024516129032258065], [0.1047244094488189, 0.15275590551181104, 0.22755905511811023, 0.23858267716535433, 0.15354330708661418, 0.07795275590551182, 0.01732283464566929, 0.024409448818897637, 0.0031496062992125984], [0.1319796954314721, 0.19035532994923857, 0.1802030456852792, 0.2131979695431472, 0.18274111675126903, 0.07614213197969544, 0.012690355329949238, 0.005076142131979695, 0.007614213197969543], [0.05886491557223265, 0.11444652908067542, 0.21153846153846154, 0.27884615384615385, 0.18644465290806755, 0.08395872420262664, 0.0300187617260788, 0.03166041275797373, 0.004221388367729831], [0.027700831024930747, 0.06740535549399815, 0.13342566943674977, 0.2409972299168975, 0.23776546629732226, 0.13988919667590027, 0.05863342566943675, 0.06694367497691597, 0.02723915050784857], [0.02260072060268588, 0.05732066819521782, 0.16377333770062233, 0.2725188339338356, 0.22928267278087128, 0.14608581722895514, 0.05240746806419915, 0.04847690795938421, 0.0075335735342286275], [0.03559192995812714, 0.09916254282451466, 0.20232204035020937, 0.26627331556909023, 0.22820708031975637, 0.10087552341073468, 0.032927293490673776, 0.03197563760944042, 0.0026646364674533687], [0.021812893843916627, 0.07658749394086282, 0.1769268056228793, 0.2874454677653902, 0.2142510906446922, 0.11488124091129423, 0.05089675230247213, 0.043141056713523994, 0.014057198254968492], [0.013503909026297086, 0.03802416488983653, 0.09701492537313433, 0.21357498223169866, 0.2544420753375977, 0.18621179815209665, 0.07249466950959488, 0.1041222459132907, 0.02061122956645345], [0.017141676992978108, 0.06030565881866997, 0.18401486988847585, 0.26187525815778606, 0.22511358942585707, 0.13300289136720364, 0.048327137546468404, 0.056588186699710864, 0.013630731102850062], [0.015895953757225433, 0.05621387283236994, 0.17528901734104047, 0.30158959537572255, 0.2329479768786127, 0.13367052023121387, 0.04046242774566474, 0.03815028901734104, 0.005780346820809248], [0.014514767932489452, 0.044556962025316456, 0.149873417721519, 0.30413502109704643, 0.27324894514767933, 0.1429535864978903, 0.035780590717299575, 0.030886075949367087, 0.004050632911392405], [0.3786407766990291, 0.0970873786407767, 0.18446601941747573, 0.14563106796116504, 0.0970873786407767, 0.04854368932038835, 0.02912621359223301, 0.019417475728155338, 0.0]]}, "ranksDetailed": {"labels": ["Unranked", "Combatatant", "Challenger", "Rival", "Duelist", "Elite"], "data": [[0.20300751879699247, 0.42105263157894735, 0.2781954887218045, 0.09774436090225563, 0.0, 0.0], [0.07419354838709677, 0.32741935483870965, 0.4685483870967742, 0.10483870967741936, 0.021774193548387097, 0.0032258064516129032], [0.023220595658758204, 0.14613831398283694, 0.4204946996466431, 0.2867238768298839, 0.09490156486622918, 0.028520949015648663], [0.04393747359526827, 0.2302492606675116, 0.49894381073088295, 0.18652302492606676, 0.03485424588086185, 0.005492184199408534], [0.2553191489361702, 0.3617021276595745, 0.1276595744680851, 0.2127659574468085, 0.0425531914893617, 0.0], [0.01789587852494577, 0.1964931308749096, 0.49023861171366595, 0.20661605206073752, 0.06814895155459147, 0.020607375271149676], [0.08130081300813008, 0.3485772357723577, 0.4095528455284553, 0.10772357723577236, 0.0350609756097561, 0.017784552845528455], [0.3884297520661157, 0.4297520661157025, 0.1322314049586777, 0.049586776859504134, 0.0, 0.0], [0.09196696696696696, 0.4155405405405405, 0.3646771771771772, 0.09328078078078078, 0.029654654654654656, 0.00487987987987988], [0.05339805825242718, 0.2645631067961165, 0.49320388349514566, 0.14902912621359224, 0.03640776699029126, 0.0033980582524271844], [0.08174537420602043, 0.38580502623584645, 0.40817453742060206, 0.09472521402927368, 0.024855012427506214, 0.004694835680751174], [0.03848181338956247, 0.25118608328940434, 0.49868212967843967, 0.17026884554559832, 0.035582498682129676, 0.005798629414865577], [0.059006211180124224, 0.3170090778786431, 0.47873865265169613, 0.11657907310081222, 0.023172479694218824, 0.005494505494505495], [0.013757861635220126, 0.1733490566037736, 0.5188679245283019, 0.22955974842767296, 0.05385220125786164, 0.01061320754716981], [0.05773955773955774, 0.3058968058968059, 0.4189189189189189, 0.16093366093366093, 0.033169533169533166, 0.02334152334152334], [0.04053133514986376, 0.2707765667574932, 0.4829700272479564, 0.1590599455040872, 0.03780653950953679, 0.008855585831062671], [0.04267100977198697, 0.28338762214983715, 0.46970684039087945, 0.15374592833876222, 0.03713355048859935, 0.013355048859934854], [0.16129032258064516, 0.3548387096774194, 0.3225806451612903, 0.12903225806451613, 0.03225806451612903, 0.0], [0.018290538163911362, 0.19152303904326415, 0.5096728807597608, 0.20383397819205065, 0.06929300035174112, 0.007386563489271896], [0.016376663254861822, 0.14807233026270897, 0.4653701808256568, 0.2541794609348345, 0.0849539406345957, 0.031047424087342203], [0.02980599647266314, 0.20141093474426808, 0.4693121693121693, 0.2236331569664903, 0.06190476190476191, 0.013932980599647267], [0.022857142857142857, 0.25142857142857145, 0.6028571428571429, 0.12285714285714286, 0.0, 0.0], [0.016510660426417058, 0.1578263130525221, 0.5106604264170567, 0.24882995319812792, 0.056032241289651584, 0.01014040561622465], [0.01600711427301023, 0.21820809248554912, 0.5893730546909738, 0.1559582036460649, 0.019008448199199644, 0.001445086705202312], [0.032915360501567396, 0.25156739811912227, 0.49033437826541276, 0.1810344827586207, 0.04075235109717868, 0.0033960292580982234], [0.011612903225806452, 0.15827956989247313, 0.47763440860215056, 0.24881720430107526, 0.07913978494623657, 0.024516129032258065], [0.1047244094488189, 0.38031496062992126, 0.3921259842519685, 0.09527559055118111, 0.024409448818897637, 0.0031496062992125984], [0.1319796954314721, 0.37055837563451777, 0.39593908629441626, 0.08883248730964467, 0.005076142131979695, 0.007614213197969543], [0.05886491557223265, 0.32598499061913694, 0.4652908067542214, 0.11397748592870544, 0.03166041275797373, 0.004221388367729831], [0.027700831024930747, 0.20083102493074792, 0.47876269621421974, 0.19852262234533702, 0.06694367497691597, 0.02723915050784857], [0.02260072060268588, 0.22109400589584016, 0.5018015067147068, 0.19849328529315427, 0.04847690795938421, 0.0075335735342286275], [0.03559192995812714, 0.30148458317472404, 0.49448039588884657, 0.13380281690140844, 0.03197563760944042, 0.0026646364674533687], [0.021812893843916627, 0.2535142995637421, 0.5016965584100824, 0.16577799321376635, 0.043141056713523994, 0.014057198254968492], [0.013503909026297086, 0.13503909026297087, 0.4680170575692964, 0.25870646766169153, 0.1041222459132907, 0.02061122956645345], [0.017141676992978108, 0.2443205287071458, 0.48698884758364314, 0.18133002891367203, 0.056588186699710864, 0.013630731102850062], [0.015895953757225433, 0.2315028901734104, 0.5345375722543353, 0.17413294797687862, 0.03815028901734104, 0.005780346820809248], [0.014514767932489452, 0.19443037974683544, 0.5773839662447258, 0.17873417721518986, 0.030886075949367087, 0.004050632911392405], [0.3786407766990291, 0.2815533980582524, 0.24271844660194175, 0.07766990291262135, 0.019417475728155338, 0.0]]}}}, "eu": {"histType": {"histogram": {"labels": ["0", "100", "200", "300", "400", "500", "600", "700", "800", "900", "1000", "1100", "1200", "1300", "1400", "1500", "1600", "1700", "1800", "1900", "2000", "2100", "2200", "2300", "2400", "2500", "2600", "2700", "2800", "2900", "3000", "3100"], "data": [[0.0, 0.0, 0.0, 0.0, 0.0, 0.011764705882352941, 0.023529411764705882, 0.03529411764705882, 0.09411764705882353, 0.08235294117647059, 0.10588235294117647, 0.09411764705882353, 0.10588235294117647, 0.058823529411764705, 0.07058823529411765, 0.10588235294117647, 0.07058823529411765, 0.058823529411764705, 0.03529411764705882, 0.011764705882352941, 0.0, 0.023529411764705882, 0.011764705882352941, 0.0, 0.0, 0.0, 0.0, 0.0, 0.0, 0.0, 0.0, 0.0], [0.0, 0.0, 0.0, 0.00089126559714795, 0.0017825311942959, 0.004456327985739751, 0.008912655971479501, 0.008021390374331552, 0.0285204991087344, 0.0374331550802139, 0.05258467023172905, 0.08912655971479501, 0.10071301247771836, 0.1265597147950089, 0.13903743315508021, 0.11942959001782531, 0.10695187165775401, 0.059714795008912656, 0.059714795008912656, 0.02406417112299465, 0.0071301247771836, 0.016042780748663103, 0.00267379679144385, 0.0053475935828877, 0.00089126559714795, 0.0, 0.0, 0.0, 0.0, 0.0, 0.0, 0.0], [0.0, 0.0, 0.0, 0.0002889338341519792, 0.0002889338341519792, 0.0008668015024559376, 0.0011557353366079169, 0.002889338341519792, 0.007801213522103438, 0.009823750361167293, 0.019358566888182605, 0.030049118751805836, 0.04478474429355678, 0.060387171337763654, 0.09188095926032938, 0.0959260329384571, 0.1418665125686218, 0.0915920254261774, 0.1681594914764519, 0.06876625252817105, 0.04362900895694886, 0.056342097659635944, 0.027159780410286046, 0.008379081190407396, 0.019069633054030626, 0.004622941346431667, 0.0034672060098237503, 0.001444669170759896, 0.0, 0.0, 0.0, 0.0], [0.0, 0.00019256691700365877, 0.0, 0.00019256691700365877, 0.00019256691700365877, 0.0005777007510109763, 0.0013479684190256115, 0.005199306759098787, 0.008280377431157327, 0.015405353360292702, 0.03273637589062199, 0.049104563835932986, 0.06605045253225496, 0.08896591565569036, 0.11708068553822454, 0.1326786058155209, 0.1536683997689197, 0.10013479684190256, 0.11765838628923551, 0.04852686308492201, 0.02041209320238783, 0.022915463123435394, 0.008472944348160986, 0.0038513383400731755, 0.0034662045060658577, 0.0019256691700365878, 0.0009628345850182939, 0.0, 0.0, 0.0, 0.0, 0.0], [0.0, 0.0, 0.0, 0.0, 0.0, 0.0, 0.0425531914893617, 0.06382978723404255, 0.10638297872340426, 0.02127659574468085, 0.10638297872340426, 0.1276595744680851, 0.06382978723404255, 0.06382978723404255, 0.1276595744680851, 0.06382978723404255, 0.0851063829787234, 0.02127659574468085, 0.0, 0.06382978723404255, 0.0, 0.02127659574468085, 0.0, 0.02127659574468085, 0.0, 0.0, 0.0, 0.0, 0.0, 0.0, 0.0, 0.0], [0.0, 0.00017815784785319794, 0.0003563156957063959, 0.0003563156957063959, 0.0005344735435595938, 0.00017815784785319794, 0.0003563156957063959, 0.002850525565651167, 0.0046321040441831465, 0.009264208088366293, 0.0172813112417602, 0.027079992873686086, 0.05487261713878496, 0.08462497773026902, 0.10956707642971673, 0.12257259932300017, 0.136825227151256, 0.10101549973276323, 0.1277391769107429, 0.0605736682700873, 0.035631569570639586, 0.05130946018172101, 0.019419205415998574, 0.008195261001247105, 0.01460894352396223, 0.005701051131302334, 0.003206841261357563, 0.0010689470871191875, 0.0, 0.0, 0.0, 0.0], [0.0, 0.000468384074941452, 0.000468384074941452, 0.001405152224824356, 0.001405152224824356, 0.003278688524590164, 0.005620608899297424, 0.01405152224824356, 0.02810304449648712, 0.03700234192037471, 0.054332552693208434, 0.07822014051522248, 0.09227166276346604, 0.11428571428571428, 0.11381733021077284, 0.10444964871194379, 0.10913348946135831, 0.06088992974238876, 0.05807962529274005, 0.03138173302107728, 0.022014051522248244, 0.02529274004683841, 0.0117096018735363, 0.008899297423887589, 0.0117096018735363, 0.00468384074941452, 0.006557377049180328, 0.000468384074941452, 0.0, 0.0, 0.0, 0.0], [0.0, 0.0, 0.0, 0.0, 0.0, 0.02564102564102564, 0.0, 0.10256410256410256, 0.038461538461538464, 0.10256410256410256, 0.08974358974358974, 0.11538461538461539, 0.11538461538461539, 0.038461538461538464, 0.11538461538461539, 0.1282051282051282, 0.08974358974358974, 0.038461538461538464, 0.0, 0.0, 0.0, 0.0, 0.0, 0.0, 0.0, 0.0, 0.0, 0.0, 0.0, 0.0, 0.0, 0.0], [0.0007472445357743321, 0.00018681113394358303, 0.0007472445357743321, 0.0007472445357743321, 0.0009340556697179152, 0.0020549224733794136, 0.005417522884363908, 0.011582290304502148, 0.03007659256491687, 0.045021483280403514, 0.07341677563982814, 0.09676816738277601, 0.1234821595367084, 0.1277788156174108, 0.11040538016065758, 0.09770222305249393, 0.08387819914066878, 0.05380160657575191, 0.05118625070054175, 0.030450214832804034, 0.018867924528301886, 0.016999813188866057, 0.007472445357743321, 0.0044834672146459925, 0.004857089482533159, 0.0009340556697179152, 0.0, 0.0, 0.0, 0.0, 0.0, 0.0], [0.0, 0.0, 0.0, 0.0, 0.0, 0.0006207324643078833, 0.0012414649286157666, 0.0074487895716946, 0.015518311607697082, 0.0223463687150838, 0.04717566728739913, 0.04717566728739913, 0.07324643078833024, 0.10614525139664804, 0.122284295468653, 0.1266294227188082, 0.1440099317194289, 0.08007448789571694, 0.10490378646803228, 0.027312228429546864, 0.03041589075108628, 0.025450031036623216, 0.009931719428926133, 0.002482929857231533, 0.0037243947858473, 0.00186219739292365, 0.0, 0.0, 0.0, 0.0, 0.0, 0.0], [0.00034071550255536625, 0.0, 0.0, 0.0010221465076660989, 0.001362862010221465, 0.0020442930153321977, 0.0030664395229982964, 0.012606473594548553, 0.02282793867120954, 0.03713798977853492, 0.06473594548551959, 0.0858603066439523, 0.11039182282793868, 0.12367972742759796, 0.13151618398637138, 0.10494037478705281, 0.09233390119250426, 0.0575809199318569, 0.06030664395229983, 0.0293015332197615, 0.020783645655877342, 0.02010221465076661, 0.006473594548551959, 0.005792163543441226, 0.0034071550255536627, 0.002385008517887564, 0.0, 0.0, 0.0, 0.0, 0.0, 0.0], [0.0, 0.0, 0.0, 0.0002824060999717594, 0.0008472182999152782, 0.0011296243998870376, 0.0016944365998305564, 0.005083309799491669, 0.011861056198813894, 0.025981361197401864, 0.038407229596159276, 0.04885625529511437, 0.08105055069189494, 0.0875458909912454, 0.12171702908782829, 0.12002259248799774, 0.14205026828579498, 0.08867551539113244, 0.10279582038972042, 0.0465970064953403, 0.027110985597288903, 0.025134142897486587, 0.011578650098842135, 0.0031064670996893535, 0.005648121999435188, 0.0011296243998870376, 0.0008472182999152782, 0.0005648121999435188, 0.0, 0.0, 0.0002824060999717594, 0.0], [0.00028885037550548814, 0.0, 0.00028885037550548814, 0.0008665511265164644, 0.0, 0.002021952628538417, 0.0034662045060658577, 0.011265164644714038, 0.016464471403812825, 0.023108030040439053, 0.04737146158290006, 0.06470248411322935, 0.10138648180242635, 0.10600808781051416, 0.14529173887926056, 0.12305025996533796, 0.11525129982668977, 0.07336799537839399, 0.07885615251299827, 0.0317735413056037, 0.019352975158867705, 0.016464471403812825, 0.008087810514153668, 0.004332755632582322, 0.003755054881571346, 0.0017331022530329288, 0.0014442518775274408, 0.0, 0.0, 0.0, 0.0, 0.0],