{"region": {"us": {"histType": {"histogram": {"labels": ["0", "100", "200", "300", "400", "500", "600", "700", "800", "900", "1000", "1100", "1200", "1300", "1400", "1500", "1600", "1700", "1800", "1900", "2000", "2100", "2200", "2300", "2400", "2500", "2600", "2700", "2800", "2900", "3000", "3100"], "data": [[0.0, 0.0, 0.003289473684210526, 0.003289473684210526, 0.006578947368421052, 0.006578947368421052, 0.023026315789473683, 0.01644736842105263, 0.03289473684210526, 0.029605263157894735, 0.07236842105263158, 0.08223684210526316, 0.08223684210526316, 0.1118421052631579, 0.10855263157894737, 0.1118421052631579, 0.08881578947368421, 0.05592105263157895, 0.05921052631578947, 0.046052631578947366, 0.023026315789473683, 0.009868421052631578, 0.013157894736842105, 0.013157894736842105, 0.0, 0.0, 0.0, 0.0, 0.0, 0.0, 0.0, 0.0], [0.0, 0.0008442380751371887, 0.0, 0.00042211903756859433, 0.0008442380751371887, 0.0016884761502743773, 0.005065428450823132, 0.010552975939214858, 0.010552975939214858, 0.019839594765723934, 0.03503588011819333, 0.04432249894470241, 0.06458421274799493, 0.07640354579991558, 0.10299704516673702, 0.1190375685943436, 0.14985225833685098, 0.09117771211481637, 0.14520894892359645, 0.054453355846348674, 0.02321654706627269, 0.017306880540312368, 0.008864499788940482, 0.005487547488391726, 0.003799071338117349, 0.002110595187842972, 0.005065428450823132, 0.001266357112705783, 0.0, 0.0, 0.0, 0.0], [0.00013548299688389108, 0.0, 0.0, 0.00027096599376778217, 0.00027096599376778217, 0.00027096599376778217, 0.00027096599376778217, 0.0006774149844194553, 0.003658040915865059, 0.004606421894052296, 0.008399945806801246, 0.011787020728898524, 0.019645034548164204, 0.030619157295759383, 0.046199701937406856, 0.06950277740143612, 0.11692182631079799, 0.10554125457255115, 0.26161766698279365, 0.08521880503996748, 0.05961251862891207, 0.08223817910852188, 0.02641918439235876, 0.014496680666576344, 0.029941742311339926, 0.009483809781872375, 0.004741904890936188, 0.003658040915865059, 0.0021677279501422573, 0.001625795962606693, 0.0, 0.0], [0.0, 0.0, 0.0, 0.0, 0.00012419274714356682, 0.00024838549428713363, 0.0009935419771485345, 0.0023596621957277697, 0.006209637357178341, 0.01130153999006458, 0.016641828117237953, 0.019746646795827123, 0.03676105315449578, 0.05104321907600596, 0.07526080476900149, 0.10320417287630403, 0.15809736711376055, 0.1111525086934923, 0.18802781917536016, 0.07873820168902136, 0.04930452061599602, 0.05191256830601093, 0.016641828117237953, 0.006209637357178341, 0.01130153999006458, 0.002111276701440636, 0.0011177347242921013, 0.0011177347242921013, 0.00012419274714356682, 0.00012419274714356682, 0.00012419274714356682, 0.0], [0.0, 0.0, 0.0, 0.0, 0.008928571428571428, 0.0, 0.008928571428571428, 0.03571428571428571, 0.026785714285714284, 0.05357142857142857, 0.044642857142857144, 0.08035714285714286, 0.07142857142857142, 0.10714285714285714, 0.08928571428571429, 0.08928571428571429, 0.05357142857142857, 0.03571428571428571, 0.10714285714285714, 0.08928571428571429, 0.026785714285714284, 0.03571428571428571, 0.017857142857142856, 0.017857142857142856, 0.0, 0.0, 0.0, 0.0, 0.0, 0.0, 0.0, 0.0], [0.0, 0.0, 0.0, 0.0001287001287001287, 0.0, 0.0001287001287001287, 0.0, 0.0018018018018018018, 0.0018018018018018018, 0.007207207207207207, 0.011068211068211068, 0.018532818532818532, 0.032561132561132564, 0.0583011583011583, 0.08622908622908623, 0.1175032175032175, 0.15495495495495495, 0.10592020592020591, 0.16525096525096525, 0.07014157014157014, 0.04208494208494209, 0.05868725868725869, 0.01981981981981982, 0.010424710424710425, 0.019562419562419563, 0.007850707850707852, 0.0032175032175032173, 0.003088803088803089, 0.002187902187902188, 0.0014157014157014157, 0.0001287001287001287, 0.0], [0.0, 0.0, 0.00026961445133459155, 0.0016176867080075492, 0.0018873011593421407, 0.0032353734160150984, 0.004853060124022647, 0.009706120248045295, 0.01752493933674845, 0.02615260177945538, 0.03882448099218118, 0.04826098678889188, 0.06902129954165544, 0.08223240765705042, 0.10973308169317876, 0.12537071987058507, 0.12806686438393097, 0.08465893771906174, 0.101644648153141, 0.040711782151523324, 0.028848746292801295, 0.02642221623078997, 0.011863035858722027, 0.007549204637368563, 0.01213265031005662, 0.005931517929361013, 0.007279590186033971, 0.0013480722566729577, 0.0029657589646805067, 0.0018873011593421407, 0.0, 0.0], [0.0033783783783783786, 0.0, 0.0033783783783783786, 0.010135135135135136, 0.016891891891891893, 0.013513513513513514, 0.016891891891891893, 0.0472972972972973, 0.05067567567567568, 0.10135135135135136, 0.08445945945945946, 0.10135135135135136, 0.09121621621621621, 0.10472972972972973, 0.07094594594594594, 0.07432432432432433, 0.06756756756756757, 0.030405405405405407, 0.030405405405405407, 0.04054054054054054, 0.010135135135135136, 0.030405405405405407, 0.0, 0.0, 0.0, 0.0, 0.0, 0.0, 0.0, 0.0, 0.0, 0.0], [0.00040695899888086275, 0.00030521924916064705, 0.0005086987486010784, 0.0006104384983212941, 0.0005086987486010784, 0.0017295757452436666, 0.001627835995523451, 0.005392206735171432, 0.009868755722860922, 0.020246210194322923, 0.03459151490487333, 0.04873334011598331, 0.06460474107233696, 0.07213348255163292, 0.0947197069895208, 0.11120154644419575, 0.1369417031234103, 0.09166751449791434, 0.10296062671685828, 0.05758469834164208, 0.03896632414284261, 0.0401872011394852, 0.016888798453555804, 0.011903550717265236, 0.01912707294740055, 0.007833960728456608, 0.004374809237969275, 0.003052192491606471, 0.001322616746362804, 0.0, 0.0, 0.0], [0.0, 0.0, 0.0, 0.0, 0.0, 0.00037993920972644377, 0.00037993920972644377, 0.00037993920972644377, 0.00037993920972644377, 0.005319148936170213, 0.007218844984802432, 0.0060790273556231, 0.012537993920972644, 0.022036474164133738, 0.03951367781155015, 0.06382978723404255, 0.08320668693009119, 0.08320668693009119, 0.18465045592705168, 0.08548632218844984, 0.08662613981762918, 0.11474164133738601, 0.05167173252279635, 0.025455927051671733, 0.06534954407294832, 0.023936170212765957, 0.014437689969604863, 0.012537993920972644, 0.0060790273556231, 0.003799392097264438, 0.0007598784194528875, 0.0], [0.0, 0.0, 0.00032829940906106366, 0.0, 0.0016414970453053185, 0.0013131976362442547, 0.0036112934996717005, 0.0036112934996717005, 0.012147078135259356, 0.01772816808929744, 0.030860144451739988, 0.03644123440577807, 0.060407091267235716, 0.07222586999343401, 0.09356533158240316, 0.11359159553512804, 0.13952724885095208, 0.09652002626395273, 0.14806303348653974, 0.04990151017728168, 0.03775443204202233, 0.03906762967826658, 0.01247537754432042, 0.008535784635587657, 0.00984898227183191, 0.003939592908732764, 0.003282994090610637, 0.001969796454366382, 0.0016414970453053185, 0.0, 0.0, 0.0], [0.00018511662347278786, 0.0, 0.0005553498704183636, 0.0005553498704183636, 0.0009255831173639393, 0.0020362828582006663, 0.004627915586819697, 0.008330248056275453, 0.014439096630877453, 0.023694927804516847, 0.051647537948907814, 0.06460570159200296, 0.08941132913735654, 0.09792669381710478, 0.13457978526471678, 0.1312476860422066, 0.12699000370233246, 0.07256571640133284, 0.08034061458718993, 0.035357275083302483, 0.02054794520547945, 0.01795631247686042, 0.007960014809329877, 0.00518326545723806, 0.0037023324694557573, 0.0020362828582006663, 0.0018511662347278786, 0.0007404664938911515, 0.0, 0.0, 0.0, 0.0], [0.0, 0.0, 0.0, 0.0, 0.0003479471120389701, 0.0006958942240779402, 0.0027835768963117608, 0.0033054975643702156, 0.007654836464857342, 0.010090466249130133, 0.025400139178844816, 0.03688239387613083, 0.05167014613778706, 0.06802366040361865, 0.10751565762004175, 0.11256089074460682, 0.14561586638830898, 0.10125260960334029, 0.15222686151704942, 0.061412665274878216, 0.03496868475991649, 0.03409881697981907, 0.013395963813500347, 0.009394572025052192, 0.012004175365344467, 0.004523312456506611, 0.0017397355601948504, 0.0015657620041753654, 0.0008698677800974252, 0.0, 0.0, 0.0], [0.00023076035537094726, 0.0, 0.0, 0.00011538017768547363, 0.00023076035537094726, 0.00034614053305642093, 0.0014999423099111573, 0.002307603553709473, 0.004845967462789893, 0.01396100149994231, 0.021806853582554516, 0.027575862466828197, 0.03784469828083535, 0.05203646013614861, 0.07753547940463829, 0.1063805238260067, 0.14434060228452752, 0.10799584631360332, 0.16268605053651783, 0.07580477673935618, 0.050305757470866505, 0.05330564209068882, 0.02065305180569978, 0.00888427368178147, 0.014422522210684205, 0.005884389061959155, 0.0024229837313949464, 0.00253836390908042, 0.001846082842967578, 0.002192223376023999, 0.0, 0.0], [0.0, 0.0, 0.00023752969121140142, 0.0, 0.00047505938242280285, 0.00023752969121140142, 0.0009501187648456057, 0.0009501187648456057, 0.003800475059382423, 0.0040380047505938245, 0.013064133016627079, 0.017814726840855107, 0.03634204275534442, 0.05178147268408551, 0.07529691211401425, 0.10332541567695962, 0.1524940617577197, 0.1159144893111639, 0.16864608076009502, 0.08099762470308788, 0.056294536817102135, 0.052494061757719715, 0.02494061757719715, 0.012114014251781473, 0.014489311163895487, 0.006888361045130641, 0.0026128266033254156, 0.0011876484560570072, 0.00166270783847981, 0.0009501187648456057, 0.0, 0.0], [0.0, 0.00041981528127623844, 0.0, 0.0, 0.0016792611251049538, 0.0012594458438287153, 0.0008396305625524769, 0.0054575986565911, 0.010495382031905962, 0.015113350125944584, 0.019311502938706968, 0.030646515533165407, 0.04743912678421495, 0.05919395465994962, 0.08060453400503778, 0.10537363560033586, 0.1351805205709488, 0.10453400503778337, 0.13182199832073888, 0.06591099916036944, 0.0491183879093199, 0.04785894206549118, 0.027707808564231738, 0.015533165407220823, 0.0163727959697733, 0.0109151973131822, 0.004617968094038623, 0.004617968094038623, 0.004617968094038623, 0.0033585222502099076, 0.0, 0.0], [0.00022401433691756272, 0.0, 0.00044802867383512545, 0.0006720430107526882, 0.0006720430107526882, 0.0008960573476702509, 0.002240143369175627, 0.0038082437275985663, 0.0076164874551971325, 0.01232078853046595, 0.0228494623655914, 0.04099462365591398, 0.06899641577060932, 0.07885304659498207, 0.10864695340501793, 0.12455197132616487, 0.13664874551971326, 0.09386200716845879, 0.12724014336917563, 0.051075268817204304, 0.03270609318996416, 0.03651433691756272, 0.01478494623655914, 0.00739247311827957, 0.0132168458781362, 0.004704301075268817, 0.003360215053763441, 0.002240143369175627, 0.0020161290322580645, 0.00044802867383512545, 0.0, 0.0], [0.0, 0.0, 0.00016914749661705008, 0.00033829499323410016, 0.0005074424898511502, 0.00033829499323410016, 0.0011840324763193505, 0.0032138024357239513, 0.004228687415426252, 0.011332882273342355, 0.02097428958051421, 0.02689445196211096, 0.05040595399188092, 0.06343031123139378, 0.09793640054127199, 0.12110960757780785, 0.14631258457374832, 0.09624492557510149, 0.17878890392422192, 0.05784844384303112, 0.03399864682002706, 0.037889039242219216, 0.016069012178619755, 0.007949932341001354, 0.010994587280108254, 0.0037212449255751017, 0.002875507442489851, 0.002368064952638701, 0.0011840324763193505, 0.0016914749661705007, 0.0, 0.0], [0.0, 0.0, 0.0, 0.009345794392523364, 0.009345794392523364, 0.009345794392523364, 0.0, 0.009345794392523364, 0.009345794392523364, 0.06542056074766354, 0.018691588785046728, 0.04672897196261682, 0.056074766355140186, 0.037383177570093455, 0.056074766355140186, 0.11214953271028037, 0.1308411214953271, 0.09345794392523364, 0.07476635514018691, 0.028037383177570093, 0.07476635514018691, 0.037383177570093455, 0.028037383177570093, 0.0, 0.009345794392523364, 0.06542056074766354, 0.018691588785046728, 0.0, 0.0, 0.0, 0.0, 0.0], [0.00024076080414108582, 0.00012038040207054291, 0.0, 0.00012038040207054291, 0.00024076080414108582, 0.00024076080414108582, 0.00048152160828217165, 0.001564945226917058, 0.003009510051763573, 0.006861682918020947, 0.011676899000842662, 0.01685325628987601, 0.033345371373540385, 0.04959672565306368, 0.08474780305766222, 0.12868664981341038, 0.16841218249668954, 0.129047791019622, 0.14072469002046467, 0.07511737089201878, 0.047791019622005534, 0.05055976886962803, 0.02010352714578067, 0.008306247742867461, 0.012038040207054292, 0.0039725532683279165, 0.0027687492476224872, 0.003129890453834116, 0.00024076080414108582, 0.0, 0.0, 0.0], [0.0, 0.0, 0.0, 0.0001574555188159345, 0.0, 0.000314911037631869, 0.0014170996693434106, 0.0007872775940796725, 0.002204377263423083, 0.0033065658951346244, 0.007872775940796726, 0.011651708392379154, 0.01999685088962368, 0.02912927098094788, 0.04991339946465124, 0.0776255707762557, 0.12376003778932451, 0.11824909463076681, 0.19508738781294285, 0.09840969925995906, 0.07179971658006613, 0.08943473468745079, 0.029286726499763816, 0.01653282947567312, 0.026452527161076995, 0.011966619430011021, 0.006613131790269249, 0.0045662100456621, 0.0014170996693434106, 0.0014170996693434106, 0.000629822075263738, 0.0], [0.0003132832080200501, 0.00010442773600668337, 0.0, 0.00020885547201336674, 0.00020885547201336674, 0.0007309941520467836, 0.000835421888053467, 0.002506265664160401, 0.0037593984962406013, 0.007101086048454469, 0.013888888888888888, 0.019110275689223057, 0.024018379281537175, 0.037698412698412696, 0.05639097744360902, 0.08395989974937343, 0.1212406015037594, 0.12667084377610693, 0.19423558897243107, 0.09993734335839599, 0.06370091896407686, 0.07142857142857142, 0.02662907268170426, 0.013888888888888888, 0.018065998329156223, 0.005847953216374269, 0.0037593984962406013, 0.003341687552213868, 0.0004177109440267335, 0.0, 0.0, 0.0], [0.0, 0.0, 0.0, 0.001736111111111111, 0.001736111111111111, 0.0, 0.0, 0.005208333333333333, 0.008680555555555556, 0.005208333333333333, 0.015625, 0.026041666666666668, 0.046875, 0.08680555555555555, 0.0954861111111111, 0.1388888888888889, 0.1684027777777778, 0.125, 0.1579861111111111, 0.057291666666666664, 0.024305555555555556, 0.022569444444444444, 0.006944444444444444, 0.001736111111111111, 0.003472222222222222, 0.0, 0.0, 0.0, 0.0, 0.0, 0.0, 0.0], [0.0, 0.0, 0.0, 0.00025978524419812955, 0.0, 0.00017319016279875303, 0.00025978524419812955, 0.0007793557325943886, 0.00199168687218566, 0.005801870453758227, 0.008572913058538275, 0.01619328022168341, 0.027190855559404224, 0.034378247315552474, 0.05386214063041219, 0.06901627987530308, 0.11240041565639072, 0.08910633875995844, 0.21951853134741947, 0.10036369934187739, 0.06763075857291306, 0.10893661240041566, 0.03204018011776931, 0.012036716314513335, 0.022428126082438517, 0.007620367163145133, 0.004156563907170073, 0.0025112573605819187, 0.0025978524419812956, 0.00017319016279875303, 0.0, 0.0], [0.0001789228842368939, 8.946144211844694e-05, 8.946144211844694e-05, 0.0001789228842368939, 0.0005367686527106817, 0.0005367686527106817, 0.0005367686527106817, 0.0012524601896582574, 0.001610305958132045, 0.006530685274646627, 0.011451064591161209, 0.024691358024691357, 0.044999105385578816, 0.06512792986222937, 0.09912327786723922, 0.14108069422079084, 0.18912148863839684, 0.13007693684022187, 0.1499373769905171, 0.05483986401860798, 0.031490427625693325, 0.025138665235283592, 0.010019681517266059, 0.003936303453211666, 0.003578457684737878, 0.001610305958132045, 0.001699767400250492, 0.0005367686527106817, 0.0, 0.0, 0.0, 0.0], [0.0, 0.00012172854534388314, 0.0, 0.00012172854534388314, 0.0003651856360316494, 0.000852099817407182, 0.0009738283627510651, 0.0023128423615337798, 0.003408399269628728, 0.0058429701765063905, 0.01241631162507608, 0.021667681071211198, 0.03225806451612903, 0.04576993304930006, 0.07474132684114425, 0.12306755934266586, 0.1654290931223372, 0.12221545952525867, 0.16141205112598905, 0.08167985392574559, 0.048934875228241026, 0.04844796104686549, 0.021424223980523432, 0.010103469263542301, 0.010103469263542301, 0.0031649421789409615, 0.0021911138161898967, 0.0009738283627510651, 0.0, 0.0, 0.0, 0.0], [0.0, 0.0, 0.0, 0.0, 0.0002925687536571094, 0.0, 0.0008777062609713282, 0.0008777062609713282, 0.0016091281451141018, 0.003510825043885313, 0.00965476887068461, 0.015652428320655352, 0.027501462843768285, 0.046372147454651846, 0.08221181977764774, 0.11190754827384436, 0.1515506143943827, 0.09801053247513165, 0.192510239906378, 0.07094792276184904, 0.04534815681685196, 0.05719719133996489, 0.025746050321825628, 0.014189584552369808, 0.018139262726740785, 0.00965476887068461, 0.0052662375658279695, 0.003510825043885313, 0.004681100058513751, 0.0026331187829139848, 0.0001462843768285547, 0.0], [0.0003727171077152441, 0.0003727171077152441, 0.0003727171077152441, 0.0007454342154304882, 0.0022363026462914647, 0.002609019754006709, 0.004472605292582929, 0.008945210585165859, 0.015654118524040254, 0.03056280283265002, 0.038389862094670144, 0.05478941483414089, 0.06000745434215431, 0.08497950055907566, 0.11367871785314947, 0.11144241520685799, 0.12113306000745434, 0.07640700708162505, 0.143496086470369, 0.0413715989563921, 0.023853894893775623, 0.030190085724934774, 0.01006336190831159, 0.005963473723443906, 0.008572493477450614, 0.004099888184867686, 0.002609019754006709, 0.0011181513231457323, 0.0014908684308609765, 0.0, 0.0, 0.0], [0.0, 0.0, 0.0, 0.001965923984272608, 0.002621231979030144, 0.002621231979030144, 0.0045871559633027525, 0.011140235910878113, 0.011140235910878113, 0.014416775884665793, 0.02490170380078637, 0.035386631716906945, 0.04980340760157274, 0.05439056356487549, 0.08453473132372215, 0.11140235910878113, 0.1435124508519004, 0.10747051114023591, 0.17038007863695936, 0.05701179554390563, 0.03211009174311927, 0.03145478374836173, 0.020314547837483616, 0.00655307994757536, 0.01310615989515072, 0.0045871559633027525, 0.001965923984272608, 0.001965923984272608, 0.000655307994757536, 0.0, 0.0, 0.0], [0.0002909090909090909, 0.0, 0.0, 0.0, 0.0007272727272727272, 0.0008727272727272727, 0.0030545454545454548, 0.005236363636363636, 0.0075636363636363635, 0.014836363636363637, 0.028654545454545453, 0.043927272727272725, 0.05861818181818182, 0.08494545454545455, 0.12814545454545453, 0.13949090909090908, 0.14327272727272727, 0.09061818181818182, 0.11883636363636364, 0.03927272727272727, 0.025745454545454547, 0.03010909090909091, 0.0128, 0.0064, 0.010327272727272727, 0.0023272727272727273, 0.0018909090909090909, 0.0010181818181818183, 0.00014545454545454546, 0.0008727272727272727, 0.0, 0.0], [0.0, 0.0, 0.0, 0.0004445432318292954, 0.0004445432318292954, 0.0002222716159146477, 0.002222716159146477, 0.0008890864636585908, 0.0046677039342076015, 0.009557679484329852, 0.01733718604134252, 0.02222716159146477, 0.03600800177817293, 0.04934429873305179, 0.0731273616359191, 0.1058012891753723, 0.11958212936208046, 0.10002222716159147, 0.1631473660813514, 0.07512780617915092, 0.055345632362747275, 0.057790620137808404, 0.02822849522116026, 0.015781284729939987, 0.03000666814847744, 0.011780395643476329, 0.008890864636585907, 0.004889975550122249, 0.00288953100689042, 0.0033340742387197157, 0.0008890864636585908, 0.0], [0.0, 0.0, 0.0, 0.00020512820512820512, 0.00020512820512820512, 0.0, 0.0010256410256410256, 0.0010256410256410256, 0.002871794871794872, 0.010051282051282051, 0.015794871794871795, 0.028102564102564103, 0.044717948717948715, 0.06523076923076923, 0.09764102564102564, 0.11835897435897436, 0.1474871794871795, 0.10235897435897436, 0.16307692307692306, 0.06728205128205128, 0.04287179487179487, 0.0441025641025641, 0.01641025641025641, 0.008205128205128205, 0.009846153846153846, 0.002871794871794872, 0.0038974358974358976, 0.002871794871794872, 0.003076923076923077, 0.00041025641025641023, 0.0, 0.0], [0.00013034410844629823, 0.00013034410844629823, 0.00013034410844629823, 0.00013034410844629823, 0.0005213764337851929, 0.0013034410844629822, 0.0013034410844629822, 0.0031282586027111575, 0.005083420229405631, 0.008472367049009385, 0.0220281543274244, 0.03362877997914494, 0.05604796663190824, 0.0744264859228363, 0.1105318039624609, 0.139859228362878, 0.16540667361835246, 0.11144421272158499, 0.11587591240875912, 0.06061001042752868, 0.035453597497393116, 0.026590198123044837, 0.012773722627737226, 0.0044316996871741395, 0.005604796663190824, 0.0014337851929092805, 0.0019551616266944736, 0.0014337851929092805, 0.00013034410844629823, 0.0, 0.0, 0.0], [0.0, 0.0, 0.0, 0.00021486892995272884, 0.00021486892995272884, 0.0010743446497636442, 0.0010743446497636442, 0.002793296089385475, 0.0053717232488182205, 0.007520412548345509, 0.017189514396218308, 0.024280189084658357, 0.04146970348087667, 0.06102277610657499, 0.09325311559948432, 0.13171465406102278, 0.1549204984959175, 0.11667382896433176, 0.13902019767941556, 0.06596476149548776, 0.04340352385045122, 0.04039535883111302, 0.017619252256123763, 0.006231198968629136, 0.016974645466265578, 0.004727116458960034, 0.002793296089385475, 0.0008594757198109154, 0.002578427159432746, 0.0004297378599054577, 0.00021486892995272884, 0.0], [0.0, 0.0, 0.0, 0.00026116479498563595, 0.0, 0.0010446591799425438, 0.0023504831548707234, 0.0026116479498563593, 0.00574562548968399, 0.00574562548968399, 0.01227474536432489, 0.021154348393836512, 0.03081744580830504, 0.04622616871245756, 0.07965526247061896, 0.10812222512405328, 0.13815617654740142, 0.10289892922434056, 0.18046487333507444, 0.07599895534082006, 0.04936014625228519, 0.061896056411595714, 0.024810655523635414, 0.01619221728910943, 0.01854270044398015, 0.009924262209454165, 0.0031339775398276314, 0.0013058239749281796, 0.0010446591799425438, 0.00026116479498563595, 0.0, 0.0], [0.0, 0.0, 0.0002841312686461145, 0.0, 0.0002841312686461145, 0.00042619690296917176, 0.000568262537292229, 0.0019889188805228015, 0.0018468532461997443, 0.005114362835630061, 0.011649382014490695, 0.02585594544679642, 0.04304588719988635, 0.07174314533314391, 0.10257138798124733, 0.1163517545105839, 0.143912487569257, 0.09859355022020173, 0.15911351044182412, 0.05739451626651513, 0.04176729649097883, 0.04347208410285552, 0.02528768290950419, 0.009518397499644836, 0.020883648245489415, 0.006392953544537576, 0.005256428469953119, 0.0031254439551072597, 0.0012785907089075152, 0.002273050149168916, 0.0, 0.0], [0.0, 0.0, 8.94534394847482e-05, 0.0, 8.94534394847482e-05, 0.00026836031845424457, 0.0003578137579389928, 0.0010734412738169783, 0.00196797566866446, 0.005635566687539136, 0.010644959298685034, 0.02021647732355309, 0.03488684139905179, 0.04839431076124877, 0.07156275158779855, 0.0892745326057787, 0.11628947133017264, 0.09437337865640934, 0.22193398336166026, 0.08811163789247696, 0.057160747830754095, 0.07245728598264603, 0.022363359871187045, 0.009660971464352804, 0.019411396368190358, 0.005814473566508632, 0.003309777260935683, 0.002325789426603453, 0.001878522229179712, 0.00044726719742374093, 0.0, 0.0], [0.0, 0.0, 0.0, 0.0, 0.0, 0.00011775788977861517, 0.000706547338671691, 0.0005887894488930759, 0.002237399905793688, 0.005063589260480453, 0.00800753650494583, 0.018605746585021198, 0.03179463024022609, 0.05628827131417805, 0.08596325953838907, 0.1258831841733396, 0.17369288742345737, 0.1234102684879887, 0.1980687706076307, 0.06653320772491757, 0.035445124823363164, 0.043452661328308995, 0.010598210080075365, 0.003297220913801225, 0.0054168629298162975, 0.0012953367875647669, 0.0010598210080075365, 0.002237399905793688, 0.00023551577955723034, 0.0, 0.0, 0.0], [0.0, 0.003968253968253968, 0.0, 0.003968253968253968, 0.003968253968253968, 0.01984126984126984, 0.027777777777777776, 0.023809523809523808, 0.06746031746031746, 0.04365079365079365, 0.03968253968253968, 0.07142857142857142, 0.07539682539682539, 0.11507936507936507, 0.10714285714285714, 0.11904761904761904, 0.0873015873015873, 0.06746031746031746, 0.047619047619047616, 0.015873015873015872, 0.023809523809523808, 0.011904761904761904, 0.003968253968253968, 0.01984126984126984, 0.0, 0.0, 0.0, 0.0, 0.0, 0.0, 0.0, 0.0]]}, "ranks": {"labels": ["Unranked", "Combatatent I", "Combatatent II", "Challenger I", "Challenger II", "Rival I", "Rival II", "Duelist", "Elite"], "data": [[0.12171052631578948, 0.15460526315789475, 0.19407894736842105, 0.22039473684210525, 0.14473684210526316, 0.08881578947368421, 0.039473684210526314, 0.03618421052631579, 0.0], [0.049810046433094134, 0.07935837906289574, 0.1409877585479105, 0.22203461376108063, 0.24102997045166738, 0.17644575770367243, 0.04643309413254538, 0.031658927817644573, 0.012241452089489235], [0.01016122476629183, 0.02018696653569977, 0.05026419184392359, 0.11570247933884298, 0.22246308088334915, 0.30754640292643276, 0.09890258772524048, 0.12315404416745698, 0.0516190218127625], [0.021236959761549927, 0.03638847491306508, 0.08780427223050175, 0.1784649776453055, 0.26924987580725285, 0.23037754595131643, 0.08569299552906111, 0.07476403378042722, 0.01602086438152012], [0.13392857142857142, 0.125, 0.17857142857142858, 0.17857142857142858, 0.08928571428571429, 0.17857142857142858, 0.044642857142857144, 0.07142857142857142, 0.0], [0.011068211068211068, 0.029601029601029602, 0.09086229086229086, 0.20373230373230372, 0.2608751608751609, 0.20334620334620335, 0.07413127413127413, 0.08893178893178894, 0.03745173745173745], [0.06524669722297115, 0.08708546778107307, 0.15125370719870584, 0.23510380156376381, 0.21272580210299272, 0.12537071987058507, 0.04583445672688056, 0.04583445672688056, 0.03154489080614721], [0.2635135135135135, 0.1858108108108108, 0.19594594594594594, 0.14527027027027026, 0.09797297297297297, 0.0472972972972973, 0.033783783783783786, 0.030405405405405407, 0.0], [0.04120459863668735, 0.08332485502085665, 0.1367382236239699, 0.20592125343371656, 0.22860921762132466, 0.13399125038152407, 0.0655203988198189, 0.06897955031030624, 0.0357106521517957], [0.006838905775075988, 0.013297872340425532, 0.034574468085106384, 0.1033434650455927, 0.16641337386018237, 0.22644376899696048, 0.13031914893617022, 0.1918693009118541, 0.12689969604863222], [0.040380827314510835, 0.06730137885751805, 0.13263296126066973, 0.2071569271175312, 0.23604727511490478, 0.17465528562048588, 0.06106369008535785, 0.060078791858174656, 0.02068286277084701], [0.05534987041836357, 0.11625323954091077, 0.1873380229544613, 0.26582747130692336, 0.19955572010366532, 0.09866716031099593, 0.037578674564975934, 0.03109959274342836, 0.008330248056275453], [0.02487821851078636, 0.06228253305497564, 0.11969380654140571, 0.22007654836464857, 0.24686847599164927, 0.18354210160055673, 0.0650661099512874, 0.05688935281837161, 0.02070285316631872], [0.02353755624783662, 0.04938271604938271, 0.08988115841698396, 0.18391600323064497, 0.2523364485981308, 0.20422291450328833, 0.08457367024345218, 0.08284296757817007, 0.029306565132110305], [0.010688836104513063, 0.030878859857482184, 0.08812351543942992, 0.17862232779097387, 0.2684085510688836, 0.21472684085510688, 0.09121140142517815, 0.08954869358669834, 0.027790973871733966], [0.03526448362720403, 0.049958018471872374, 0.10663308144416457, 0.18597816960537364, 0.23971452560873216, 0.16456759026028547, 0.08228379513014274, 0.09109991603694374, 0.04450041981528128], [0.02889784946236559, 0.06384408602150538, 0.1478494623655914, 0.23319892473118278, 0.23051075268817203, 0.15456989247311828, 0.056451612903225805, 0.05869175627240143, 0.025985663082437275], [0.02131258457374831, 0.047868741542625166, 0.1138362652232747, 0.21904600811907984, 0.2425575101488498, 0.2104194857916103, 0.060216508795669824, 0.06190798376184033, 0.02283491204330176], [0.11214953271028037, 0.06542056074766354, 0.09345794392523364, 0.16822429906542055, 0.22429906542056074, 0.08411214953271028, 0.09345794392523364, 0.06542056074766354, 0.09345794392523364], [0.012880703021548092, 0.02853015529071867, 0.08294209702660407, 0.2134344528710726, 0.29745997351631154, 0.18297821114722523, 0.08065486938726375, 0.07896954375827615, 0.022149993980979898], [0.008187686978428595, 0.019524484333175877, 0.04912612187057156, 0.12753897024090693, 0.2420091324200913, 0.24563060935285783, 0.11966619430011022, 0.13525429066288774, 0.053062509840969926], [0.01576858813700919, 0.032999164578111945, 0.06171679197994987, 0.14035087719298245, 0.24791144527986633, 0.24655388471177944, 0.11131996658312447, 0.11194653299916457, 0.031432748538011694], [0.022569444444444444, 0.041666666666666664, 0.13368055555555555, 0.234375, 0.2934027777777778, 0.19791666666666666, 0.041666666666666664, 0.03125, 0.003472222222222222], [0.009265673709733286, 0.024766193280221685, 0.061569102874956705, 0.12287842050571528, 0.20150675441634916, 0.27190855559404226, 0.11560443366816765, 0.1530135088326983, 0.03948735711811569], [0.011540526033279656, 0.03614242261585257, 0.11012703524780819, 0.24020397208803007, 0.3191984254786187, 0.1802648058686706, 0.05600286276614779, 0.03909465020576132, 0.0074252996958310965], [0.01399878271454656, 0.03408399269628728, 0.0780279975654291, 0.1978088861838101, 0.28764455264759586, 0.2055995130858186, 0.08642726719415703, 0.07997565429093122, 0.016433353621424222], [0.007167934464599181, 0.025307197191339965, 0.07387361029842013, 0.1941193680514921, 0.24956114686951433, 0.23215330602691633, 0.07665301345816267, 0.09713282621416033, 0.04403159742539497], [0.06634364517331345, 0.09317927692881103, 0.14498695490122995, 0.22512113306000744, 0.1975400670890794, 0.16511367871785315, 0.04360790160268356, 0.04621692135669027, 0.017890421170331718], [0.04849279161205767, 0.06028833551769332, 0.10419397116644823, 0.19593709043250326, 0.2509829619921363, 0.20314547837483618, 0.0563564875491481, 0.05832241153342071, 0.022280471821756225], [0.032581818181818184, 0.07258181818181818, 0.14356363636363637, 0.2676363636363636, 0.2338909090909091, 0.14152727272727272, 0.04232727272727273, 0.04930909090909091, 0.01658181818181818], [0.01844854412091576, 0.03956434763280729, 0.08535230051122472, 0.1789286508112914, 0.21960435652367194, 0.203156256945988, 0.09046454767726161, 0.10180040008890864, 0.06268059568793065], [0.015384615384615385, 0.043897435897435895, 0.10994871794871795, 0.216, 0.24984615384615386, 0.20205128205128206, 0.07117948717948717, 0.06871794871794872, 0.022974358974358976], [0.020333680917622523, 0.055656934306569344, 0.13047445255474452, 0.2503910323253389, 0.27685088633993743, 0.15015641293013557, 0.06178310740354536, 0.043795620437956206, 0.010557872784150156], [0.01826385904598195, 0.04146970348087667, 0.10249247958745165, 0.22496776966050708, 0.27159432746024925, 0.17318435754189945, 0.07520412548345509, 0.06424581005586592, 0.028577567683712935], [0.017759206059023244, 0.0334290937581614, 0.0770436145207626, 0.18777748759467225, 0.24105510577174197, 0.22329589971271874, 0.08252807521546096, 0.10289892922434056, 0.03421258814311831], [0.010512856939906237, 0.03750532746128712, 0.11478903253303026, 0.21892314249183123, 0.24250603778945873, 0.1900838187242506, 0.06819150447506749, 0.07827816451200455, 0.039210115073163805], [0.009482064585383308, 0.030861436622238125, 0.08328115216030056, 0.16083728419357723, 0.210662849986582, 0.2667501565435191, 0.10045621254137221, 0.10448161731818588, 0.03318722604884158], [0.008714083843617522, 0.02661328308996703, 0.08808290155440414, 0.2118464437117287, 0.2971031559114461, 0.23339613754121527, 0.06665096561469619, 0.05734809232218559, 0.01024493641073952], [0.19444444444444445, 0.1111111111111111, 0.19047619047619047, 0.2261904761904762, 0.15476190476190477, 0.05555555555555555, 0.031746031746031744, 0.03571428571428571, 0.0]]}, "ranksDetailed": {"labels": ["Unranked", "Combatatant", "Challenger", "Rival", "Duelist", "Elite"], "data": [[0.12171052631578948, 0.34868421052631576, 0.3651315789473684, 0.12828947368421054, 0.03618421052631579, 0.0], [0.049810046433094134, 0.22034613761080624, 0.463064584212748, 0.2228788518362178, 0.031658927817644573, 0.012241452089489235], [0.01016122476629183, 0.07045115837962336, 0.33816556022219213, 0.4064489906516732, 0.12315404416745698, 0.0516190218127625], [0.021236959761549927, 0.12419274714356682, 0.44771485345255835, 0.31607054148037755, 0.07476403378042722, 0.01602086438152012], [0.13392857142857142, 0.30357142857142855, 0.26785714285714285, 0.22321428571428573, 0.07142857142857142, 0.0], [0.011068211068211068, 0.12046332046332046, 0.4646074646074646, 0.2774774774774775, 0.08893178893178894, 0.03745173745173745], [0.06524669722297115, 0.2383391749797789, 0.44782960366675656, 0.17120517659746562, 0.04583445672688056, 0.03154489080614721], [0.2635135135135135, 0.38175675675675674, 0.24324324324324326, 0.08108108108108109, 0.030405405405405407, 0.0], [0.04120459863668735, 0.22006307864482652, 0.4345304710550412, 0.19951164920134296, 0.06897955031030624, 0.0357106521517957], [0.006838905775075988, 0.047872340425531915, 0.26975683890577506, 0.3567629179331307, 0.1918693009118541, 0.12689969604863222], [0.040380827314510835, 0.19993434011818778, 0.443204202232436, 0.23571897570584374, 0.060078791858174656, 0.02068286277084701], [0.05534987041836357, 0.3035912624953721, 0.46538319141058865, 0.13624583487597186, 0.03109959274342836, 0.008330248056275453], [0.02487821851078636, 0.18197633959638135, 0.46694502435629787, 0.24860821155184412, 0.05688935281837161, 0.02070285316631872], [0.02353755624783662, 0.13926387446636668, 0.4362524518287758, 0.2887965847467405, 0.08284296757817007, 0.029306565132110305], [0.010688836104513063, 0.11900237529691211, 0.4470308788598575, 0.30593824228028504, 0.08954869358669834, 0.027790973871733966], [0.03526448362720403, 0.15659109991603695, 0.4256926952141058, 0.24685138539042822, 0.09109991603694374, 0.04450041981528128], [0.02889784946236559, 0.21169354838709678, 0.4637096774193548, 0.2110215053763441, 0.05869175627240143, 0.025985663082437275], [0.02131258457374831, 0.16170500676589986, 0.4616035182679296, 0.2706359945872801, 0.06190798376184033, 0.02283491204330176], [0.11214953271028037, 0.1588785046728972, 0.3925233644859813, 0.17757009345794392, 0.06542056074766354, 0.09345794392523364], [0.012880703021548092, 0.11147225231732275, 0.5108944263873841, 0.263633080534489, 0.07896954375827615, 0.022149993980979898], [0.008187686978428595, 0.06865060620374744, 0.36954810266099825, 0.365296803652968, 0.13525429066288774, 0.053062509840969926], [0.01576858813700919, 0.09471595655806182, 0.3882623224728488, 0.3578738512949039, 0.11194653299916457, 0.031432748538011694], [0.022569444444444444, 0.1753472222222222, 0.5277777777777778, 0.23958333333333334, 0.03125, 0.003472222222222222], [0.009265673709733286, 0.08633529615517839, 0.3243851749220644, 0.3875129892622099, 0.1530135088326983, 0.03948735711811569], [0.011540526033279656, 0.14626945786366077, 0.5594023975666488, 0.2362676686348184, 0.03909465020576132, 0.0074252996958310965], [0.01399878271454656, 0.11211199026171638, 0.48545343883140596, 0.29202678027997564, 0.07997565429093122, 0.016433353621424222], [0.007167934464599181, 0.09918080748976009, 0.44368051492100646, 0.308806319485079, 0.09713282621416033, 0.04403159742539497], [0.06634364517331345, 0.238166231830041, 0.42266120014908687, 0.20872158032053673, 0.04621692135669027, 0.017890421170331718], [0.04849279161205767, 0.16448230668414154, 0.44692005242463956, 0.2595019659239843, 0.05832241153342071, 0.022280471821756225], [0.032581818181818184, 0.21614545454545456, 0.5015272727272727, 0.18385454545454546, 0.04930909090909091, 0.01658181818181818], [0.01844854412091576, 0.12491664814403201, 0.39853300733496333, 0.29362080462324963, 0.10180040008890864, 0.06268059568793065], [0.015384615384615385, 0.15384615384615385, 0.46584615384615385, 0.2732307692307692, 0.06871794871794872, 0.022974358974358976], [0.020333680917622523, 0.18613138686131386, 0.5272419186652764, 0.2119395203336809, 0.043795620437956206, 0.010557872784150156], [0.01826385904598195, 0.1439621830683283, 0.49656209712075633, 0.24838848302535455, 0.06424581005586592, 0.028577567683712935], [0.017759206059023244, 0.110472708278924, 0.4288325933664142, 0.3058239749281797, 0.10289892922434056, 0.03421258814311831], [0.010512856939906237, 0.15229435999431737, 0.46142918028128993, 0.25827532319931806, 0.07827816451200455, 0.039210115073163805], [0.009482064585383308, 0.11414258878253869, 0.3715001341801592, 0.3672063690848913, 0.10448161731818588, 0.03318722604884158], [0.008714083843617522, 0.11469618464437117, 0.5089495996231748, 0.30004710315591143, 0.05734809232218559, 0.01024493641073952], [0.19444444444444445, 0.30158730158730157, 0.38095238095238093, 0.0873015873015873, 0.03571428571428571, 0.0]]}}}, "eu": {"histType": {"histogram": {"labels": ["0", "100", "200", "300", "400", "500", "600", "700", "800", "900", "1000", "1100", "1200", "1300", "1400", "1500", "1600", "1700", "1800", "1900", "2000", "2100", "2200", "2300", "2400", "2500", "2600", "2700", "2800", "2900", "3000", "3100"], "data": [[0.0, 0.0, 0.004201680672268907, 0.0, 0.0, 0.008403361344537815, 0.01680672268907563, 0.01680672268907563, 0.046218487394957986, 0.04201680672268908, 0.06302521008403361, 0.058823529411764705, 0.06302521008403361, 0.11764705882352941, 0.13865546218487396, 0.11764705882352941, 0.09243697478991597, 0.07563025210084033, 0.04201680672268908, 0.04201680672268908, 0.012605042016806723, 0.01680672268907563, 0.004201680672268907, 0.004201680672268907, 0.01680672268907563, 0.0, 0.0, 0.0, 0.0, 0.0, 0.0, 0.0], [0.0, 0.0, 0.00045351473922902497, 0.0009070294784580499, 0.0009070294784580499, 0.0031746031746031746, 0.004988662131519274, 0.0072562358276643995, 0.0163265306122449, 0.023582766439909298, 0.03537414965986395, 0.050340136054421766, 0.06303854875283446, 0.07845804988662132, 0.12018140589569161, 0.11564625850340136, 0.1492063492063492, 0.08344671201814059, 0.1414965986394558, 0.04126984126984127, 0.019501133786848073, 0.02312925170068027, 0.0058956916099773245, 0.004988662131519274, 0.0058956916099773245, 0.0027210884353741495, 0.00045351473922902497, 0.0013605442176870747, 0.0, 0.0, 0.0, 0.0], [0.0, 0.0, 0.0, 0.00014289797084881395, 0.00014289797084881395, 0.00014289797084881395, 0.00014289797084881395, 0.0014289797084881394, 0.0027150614461274648, 0.004144041154615604, 0.008859674192626465, 0.014004001143183767, 0.02029151186053158, 0.027722206344669906, 0.0461560445841669, 0.06673335238639612, 0.13075164332666475, 0.10331523292369249, 0.24864246927693626, 0.08773935410117176, 0.06330380108602458, 0.08073735352957988, 0.028722492140611604, 0.014289797084881395, 0.02743641040297228, 0.010002857959416977, 0.00471563303801086, 0.003143755358673907, 0.0017147756501857674, 0.0027150614461274648, 0.00014289797084881395, 0.0], [0.0, 0.0, 0.0, 0.00011913271384322135, 0.00011913271384322135, 0.0002382654276864427, 0.0008339289969025494, 0.0026209197045508697, 0.003812246842983083, 0.008339289969025495, 0.016082916368834882, 0.025494400762449368, 0.0334762925899452, 0.04515129854658089, 0.07445794615201334, 0.10078627591136526, 0.15689778413152253, 0.11615439599714081, 0.19216106742911604, 0.08291636883488206, 0.050988801524898736, 0.051703597807958065, 0.01489158923040267, 0.007147962830593281, 0.009530617107457708, 0.0026209197045508697, 0.0009530617107457708, 0.0008339289969025494, 0.0007147962830593281, 0.0009530617107457708, 0.0, 0.0], [0.0, 0.0, 0.0, 0.0, 0.0, 0.018518518518518517, 0.027777777777777776, 0.046296296296296294, 0.046296296296296294, 0.027777777777777776, 0.07407407407407407, 0.09259259259259259, 0.037037037037037035, 0.027777777777777776, 0.08333333333333333, 0.1388888888888889, 0.05555555555555555, 0.09259259259259259, 0.05555555555555555, 0.05555555555555555, 0.05555555555555555, 0.009259259259259259, 0.009259259259259259, 0.009259259259259259, 0.027777777777777776, 0.009259259259259259, 0.0, 0.0, 0.0, 0.0, 0.0, 0.0], [0.0, 0.00013008976193573565, 0.00013008976193573565, 0.0002601795238714713, 0.00039026928580720695, 0.00013008976193573565, 0.00039026928580720695, 0.0018212566671002993, 0.0029920645245219203, 0.0059841290490438405, 0.011057629764537532, 0.019643554052296085, 0.030571094054897878, 0.053596981917523094, 0.08520879406790685, 0.10524261740601015, 0.15012358527383896, 0.10732405359698191, 0.16495381813451282, 0.07558215168466241, 0.04813321191622219, 0.06309353453883179, 0.022375439052946533, 0.011447899050344738, 0.020814361909717704, 0.009236373097437231, 0.003382333810329127, 0.00273188500