{"region": {"us": {"histType": {"histogram": {"labels": ["0", "100", "200", "300", "400", "500", "600", "700", "800", "900", "1000", "1100", "1200", "1300", "1400", "1500", "1600", "1700", "1800", "1900", "2000", "2100", "2200", "2300", "2400", "2500", "2600", "2700", "2800", "2900", "3000", "3100", "3200"], "data": [[0.0, 0.0, 0.003395585738539898, 0.0050933786078098476, 0.0050933786078098476, 0.003395585738539898, 0.015280135823429542, 0.01867572156196944, 0.03735144312393888, 0.044142614601018676, 0.0831918505942275, 0.1035653650254669, 0.11714770797962648, 0.11205432937181664, 0.12903225806451613, 0.10186757215619695, 0.07640067911714771, 0.050933786078098474, 0.04584040747028863, 0.01867572156196944, 0.011884550084889643, 0.010186757215619695, 0.001697792869269949, 0.001697792869269949, 0.003395585738539898, 0.0, 0.0, 0.0, 0.0, 0.0, 0.0, 0.0, 0.0], [0.0, 0.000282326369282891, 0.0, 0.000282326369282891, 0.0008469791078486731, 0.001976284584980237, 0.005081874647092038, 0.009599096555618294, 0.015527950310559006, 0.026538678712591756, 0.037267080745341616, 0.05618294748729531, 0.08328627893845285, 0.09147374364765669, 0.12478825522303783, 0.13297571993224166, 0.1513269339356296, 0.0815923207227555, 0.1067193675889328, 0.036420101637492944, 0.015810276679841896, 0.00846979107848673, 0.00564652738565782, 0.002258610954263128, 0.002540937323546019, 0.000564652738565782, 0.001411631846414455, 0.001129305477131564, 0.0, 0.0, 0.0, 0.0, 0.0], [0.00011494252873563218, 0.0, 0.0, 0.00022988505747126436, 0.00022988505747126436, 0.00022988505747126436, 0.00022988505747126436, 0.0005747126436781609, 0.0026436781609195403, 0.0033333333333333335, 0.005172413793103448, 0.007471264367816092, 0.01206896551724138, 0.019310344827586208, 0.02528735632183908, 0.039425287356321836, 0.1567816091954023, 0.14770114942528736, 0.3254022988505747, 0.08482758620689655, 0.049195402298850575, 0.05862068965517241, 0.021954022988505746, 0.008275862068965517, 0.01954022988505747, 0.006206896551724138, 0.003103448275862069, 0.0016091954022988506, 0.0, 0.0004597701149425287, 0.0, 0.0, 0.0], [0.0, 0.0, 0.0, 0.0, 0.00011168192986374804, 0.00011168192986374804, 0.0007817735090462363, 0.0017869108778199687, 0.004690641054277418, 0.007929417020326112, 0.011614920705829796, 0.013401831583649765, 0.02568684386866205, 0.029595711413893232, 0.043779316506589235, 0.052713870895689074, 0.0743801652892562, 0.05025686843868662, 0.32644628099173556, 0.12631226267589904, 0.07895912441366987, 0.07951753406298862, 0.027697118606209516, 0.011168192986374805, 0.019879383515747154, 0.006030824212642395, 0.004690641054277418, 0.002457002457002457, 0.0, 0.0, 0.0, 0.0, 0.0], [0.0, 0.0, 0.0, 0.0, 0.011627906976744186, 0.005813953488372093, 0.029069767441860465, 0.029069767441860465, 0.05232558139534884, 0.05232558139534884, 0.06395348837209303, 0.09883720930232558, 0.09302325581395349, 0.12209302325581395, 0.09302325581395349, 0.10465116279069768, 0.06976744186046512, 0.040697674418604654, 0.06395348837209303, 0.029069767441860465, 0.023255813953488372, 0.011627906976744186, 0.005813953488372093, 0.0, 0.0, 0.0, 0.0, 0.0, 0.0, 0.0, 0.0, 0.0, 0.0], [0.0, 0.0, 0.0, 0.0, 0.0, 0.0, 0.0, 0.0013524760715771952, 0.0013524760715771952, 0.00478568456096546, 0.007282563462338743, 0.03277153558052434, 0.0538909696213067, 0.08822305451518934, 0.11298377028714107, 0.1363920099875156, 0.1647940074906367, 0.09997919267582189, 0.13535164377861006, 0.05326674989596338, 0.03089887640449438, 0.03610070744902206, 0.01529338327091136, 0.00686641697877653, 0.009675405742821473, 0.004577611319184353, 0.002913025384935497, 0.0007282563462338743, 0.0004161464835622139, 0.0, 0.00010403662089055348, 0.0, 0.0], [0.0, 0.0004385964912280702, 0.0004385964912280702, 0.0021929824561403508, 0.0017543859649122807, 0.003947368421052632, 0.006578947368421052, 0.013596491228070176, 0.021271929824561404, 0.03684210526315789, 0.047149122807017545, 0.06951754385964912, 0.09671052631578947, 0.11206140350877193, 0.11798245614035088, 0.12214912280701755, 0.11557017543859649, 0.06907894736842106, 0.07258771929824562, 0.027192982456140352, 0.016885964912280702, 0.017105263157894738, 0.009429824561403509, 0.0043859649122807015, 0.007017543859649123, 0.0030701754385964912, 0.0035087719298245615, 0.0008771929824561404, 0.0002192982456140351, 0.0, 0.0004385964912280702, 0.0, 0.0], [0.0029498525073746312, 0.0, 0.0, 0.008849557522123894, 0.008849557522123894, 0.02359882005899705, 0.011799410029498525, 0.04424778761061947, 0.05604719764011799, 0.10619469026548672, 0.11209439528023599, 0.13274336283185842, 0.11504424778761062, 0.0943952802359882, 0.07374631268436578, 0.06784660766961652, 0.04424778761061947, 0.02064896755162242, 0.032448377581120944, 0.035398230088495575, 0.0029498525073746312, 0.0, 0.0029498525073746312, 0.0029498525073746312, 0.0, 0.0, 0.0, 0.0, 0.0, 0.0, 0.0, 0.0, 0.0], [0.00030521924916064705, 0.00020347949944043138, 0.0005086987486010784, 0.00030521924916064705, 0.0005086987486010784, 0.0012208769966425882, 0.0015260962458032354, 0.004374809237969275, 0.007630481229016176, 0.01607488045579408, 0.025943636178655, 0.03459151490487333, 0.04201851663444908, 0.04852986061654288, 0.0609421100824092, 0.14416522535354562, 0.17621324651541356, 0.1212737816664971, 0.12809034489775156, 0.05819513683996337, 0.03744022789703937, 0.035914131651236136, 0.01841489469935904, 0.012208769966425883, 0.014955743208871707, 0.004680028487129922, 0.0027469732424458236, 0.0006104384983212941, 0.00040695899888086275, 0.0, 0.0, 0.0, 0.0], [0.0, 0.0, 0.0, 0.0, 0.0007908264136022143, 0.00039541320680110717, 0.0011862396204033216, 0.0011862396204033216, 0.002372479240806643, 0.00830367734282325, 0.013444049031237644, 0.0166073546856465, 0.022143139580862, 0.03558718861209965, 0.060498220640569395, 0.07394226967180703, 0.10201660735468565, 0.08936338473705022, 0.17872676947410043, 0.06880189798339265, 0.07671016211941478, 0.09766706207987347, 0.04310003954132068, 0.018584420719652037, 0.0498220640569395, 0.014630288651640965, 0.010676156583629894, 0.009489916963226572, 0.00276789244760775, 0.0011862396204033216, 0.0, 0.0, 0.0], [0.0, 0.0, 0.00020222446916076846, 0.0, 0.0012133468149646107, 0.0006066734074823053, 0.0026289180990899897, 0.0032355915065722953, 0.008493427704752275, 0.015975733063700707, 0.024266936299292215, 0.03296258847320526, 0.05682507583417593, 0.06916076845298282, 0.10798786653185036, 0.12800808897876642, 0.14964610717896865, 0.0968655207280081, 0.13690596562184024, 0.059049544994944386, 0.03599595551061679, 0.03174924165824065, 0.013549039433771486, 0.00788675429726997, 0.008897876643073812, 0.004044489383215369, 0.0028311425682507585, 0.0006066734074823053, 0.0004044489383215369, 0.0, 0.0, 0.0, 0.0], [0.0, 0.00030892801977139327, 0.001235712079085573, 0.0015446400988569664, 0.001235712079085573, 0.0027803521779425394, 0.0066419524250849555, 0.012202656780970034, 0.020698177324683348, 0.037225826382452885, 0.06286685202347853, 0.07676861291319123, 0.10117392647513129, 0.12202656780970034, 0.13608279270929874, 0.12079085573061477, 0.10858819894964473, 0.05915971578622181, 0.05915971578622181, 0.024559777571825765, 0.015909793018226752, 0.012202656780970034, 0.007723200494284831, 0.0038616002471424157, 0.0027803521779425394, 0.0015446400988569664, 0.0009267840593141798, 0.0, 0.0, 0.0, 0.0, 0.0, 0.0], [0.0, 0.0, 0.0, 0.0, 0.00012417732522041475, 0.000496709300881659, 0.0018626598783062214, 0.001986837203526636, 0.004470383707934931, 0.005463802309698249, 0.013411151123804792, 0.01986837203526636, 0.028064075499813733, 0.033900409785173224, 0.049795107413386316, 0.14441822923134234, 0.2052651185893456, 0.13572581646591333, 0.17856699366695641, 0.06457220911461567, 0.03526636036259779, 0.03514218303737737, 0.015397988327331429, 0.008940767415869862, 0.010430895318514839, 0.0037253197566124428, 0.0022351918539674654, 0.00037253197566124423, 0.000496709300881659, 0.0, 0.0, 0.0, 0.0], [0.0002013693113169553, 0.0, 0.0, 0.00010068465565847765, 0.00010068465565847765, 0.00030205396697543293, 0.0013089005235602095, 0.0018123238018525976, 0.004128070881997584, 0.00986709625453081, 0.01631091421667338, 0.04581151832460733, 0.07178815948449456, 0.09766411598872332, 0.12233185662505035, 0.12786951268626662, 0.14780507450664518, 0.09635521546516311, 0.11880789367700363, 0.049134111961337094, 0.02788964961739831, 0.029399919452275474, 0.011578735400724929, 0.005235602094240838, 0.006947241240434957, 0.0030205396697543293, 0.0022150624244865083, 0.0006041079339508659, 0.0007047925896093435, 0.0006041079339508659, 0.00010068465565847765, 0.0, 0.0], [0.0, 0.0, 0.0, 0.00040666937779585197, 0.00040666937779585197, 0.00020333468889792598, 0.0008133387555917039, 0.0020333468889792597, 0.004270028466856445, 0.0071167141114274095, 0.016266775111834077, 0.026636844245628306, 0.04778365189101261, 0.0681171207808052, 0.09882065880439203, 0.12078080520536803, 0.16063440422936154, 0.11976413176087841, 0.14843432289548597, 0.06608377389182594, 0.04046360309068727, 0.03538023586823912, 0.013216754778365189, 0.0069133794225294835, 0.009353395689304595, 0.0034566897112647418, 0.0014233428222854819, 0.00040666937779585197, 0.0, 0.0008133387555917039, 0.0, 0.0, 0.0], [0.0, 0.0, 0.0002751031636863824, 0.0002751031636863824, 0.001375515818431912, 0.0024759284731774417, 0.002200825309491059, 0.004401650618982118, 0.011554332874828061, 0.019807427785419534, 0.029986244841815682, 0.047867950481430534, 0.06850068775790921, 0.09023383768913343, 0.10591471801925723, 0.12077028885832188, 0.13507565337001376, 0.10068775790921596, 0.10096286107290234, 0.04649243466299863, 0.029436038514442917, 0.03328748280605227, 0.01595598349381018, 0.008253094910591471, 0.014030261348005502, 0.0049518569463548835, 0.002200825309491059, 0.002200825309491059, 0.0005502063273727648, 0.0002751031636863824, 0.0, 0.0, 0.0], [0.0002, 0.0002, 0.0008, 0.001, 0.0004, 0.0016, 0.0028, 0.007, 0.0122, 0.0198, 0.0336, 0.0536, 0.0762, 0.101, 0.1236, 0.1254, 0.1334, 0.0842, 0.1092, 0.041, 0.0226, 0.0236, 0.0096, 0.005, 0.006, 0.002, 0.0016, 0.0014, 0.0004, 0.0006, 0.0, 0.0, 0.0], [0.0, 0.0, 0.00012242899118511264, 0.0002448579823702253, 0.0003672869735553379, 0.00012242899118511264, 0.0008570029382957884, 0.0019588638589618022, 0.002938295788442703, 0.006366307541625857, 0.01248775710088149, 0.03207639569049951, 0.07627326150832517, 0.10088148873653281, 0.1269588638589618, 0.13442703232125366, 0.15438295788442702, 0.09573947110675808, 0.144588638589618, 0.03905484818805093, 0.021180215475024487, 0.0232615083251714, 0.009427032321253673, 0.00465230166503428, 0.007223310479921645, 0.0014691478942213516, 0.0019588638589618022, 0.0003672869735553379, 0.00012242899118511264, 0.0004897159647404506, 0.0, 0.0, 0.0], [0.0, 0.0, 0.0, 0.007407407407407408, 0.014814814814814815, 0.014814814814814815, 0.0, 0.02962962962962963, 0.022222222222222223, 0.08148148148148149, 0.05185185185185185, 0.08888888888888889, 0.08148148148148149, 0.06666666666666667, 0.05925925925925926, 0.0962962962962963, 0.1037037037037037, 0.1037037037037037, 0.037037037037037035, 0.022222222222222223, 0.022222222222222223, 0.037037037037037035, 0.022222222222222223, 0.0, 0.007407407407407408, 0.014814814814814815, 0.0, 0.014814814814814815, 0.0, 0.0, 0.0, 0.0, 0.0], [0.00021263023601956197, 0.00010631511800978098, 0.0, 0.0, 0.0, 0.00010631511800978098, 0.00021263023601956197, 0.0009568360620880289, 0.002338932596215182, 0.004677865192430364, 0.007761003614714012, 0.0106315118009781, 0.02243248990006379, 0.03083138422283649, 0.12449500318945354, 0.1773336168403147, 0.19997873697639804, 0.13002338932596216, 0.1314054858600893, 0.06091856261960451, 0.030725069104826707, 0.033808207527110355, 0.013183074633212843, 0.004677865192430364, 0.007654688496704231, 0.002338932596215182, 0.0022326174782054007, 0.00031894535402934295, 0.0006378907080586859, 0.0, 0.0, 0.0, 0.0], [0.0, 0.0, 0.0, 0.000117000117000117, 0.0, 0.000117000117000117, 0.001053001053001053, 0.000351000351000351, 0.001287001287001287, 0.002223002223002223, 0.004563004563004563, 0.00702000702000702, 0.014391014391014392, 0.052533052533052536, 0.08014508014508015, 0.11524511524511524, 0.16567216567216567, 0.13536913536913536, 0.18041418041418042, 0.07920907920907921, 0.05206505206505207, 0.05194805194805195, 0.018837018837018837, 0.010179010179010179, 0.01602901602901603, 0.00585000585000585, 0.002808002808002808, 0.00117000117000117, 0.000585000585000585, 0.000234000234000234, 0.000585000585000585, 0.0, 0.0], [0.000188040616773223, 9.40203083866115e-05, 0.0, 0.000188040616773223, 0.000188040616773223, 0.0005641218503196691, 0.000752162467092892, 0.0017863858593456187, 0.003008649868371568, 0.005641218503196691, 0.010436254230913877, 0.013538924407672057, 0.017581797668296352, 0.035727717186912374, 0.10849943587814968, 0.12316660398646108, 0.15024445280180518, 0.12570515231289958, 0.17271530650620534, 0.07822489657766077, 0.04926664159458443, 0.052181271154569386, 0.01927416321925536, 0.010342233922527266, 0.014479127491538173, 0.0035727717186912374, 0.0017863858593456187, 0.000376081233546446, 0.0004701015419330575, 0.0, 0.0, 0.0, 0.0], [0.0, 0.0, 0.0, 0.0015384615384615385, 0.0015384615384615385, 0.0, 0.0015384615384615385, 0.007692307692307693, 0.007692307692307693, 0.007692307692307693, 0.016923076923076923, 0.026153846153846153, 0.046153846153846156, 0.09230769230769231, 0.12153846153846154, 0.16615384615384615, 0.1676923076923077, 0.11538461538461539, 0.1276923076923077, 0.05384615384615385, 0.02, 0.015384615384615385, 0.003076923076923077, 0.0, 0.0, 0.0, 0.0, 0.0, 0.0, 0.0, 0.0, 0.0, 0.0], [0.0, 0.0, 0.0, 8.676036786395974e-05, 0.0, 8.676036786395974e-05, 0.0002602811035918792, 0.0007808433107756377, 0.001648446989415235, 0.004685059864653826, 0.007461391636300538, 0.013014055179593961, 0.021429810862398056, 0.02741627624501128, 0.04069061252819712, 0.048932847475273294, 0.2011105327086587, 0.1414193996182544, 0.2368558042686101, 0.08485163977095263, 0.05023425299323269, 0.06741280583029673, 0.0204754468158945, 0.007981953843484296, 0.013794898490369599, 0.004424778761061947, 0.0031233732431025507, 0.0013014055179593961, 0.0002602811035918792, 0.0002602811035918792, 0.0, 0.0, 0.0], [9.596928982725528e-05, 9.596928982725528e-05, 9.596928982725528e-05, 0.0, 0.00038387715930902113, 0.00038387715930902113, 0.00028790786948176584, 0.0009596928982725527, 0.001055662188099808, 0.005182341650671785, 0.009596928982725527, 0.019193857965451054, 0.033685220729366604, 0.04472168905950096, 0.06669865642994242, 0.07840690978886757, 0.1616122840690979, 0.1871401151631478, 0.20249520153550865, 0.0845489443378119, 0.0418426103646833, 0.0354126679462572, 0.013051823416506719, 0.0047984644913627635, 0.005470249520153551, 0.0019193857965451055, 0.0004798464491362764, 0.00038387715930902113, 0.0, 0.0, 0.0, 0.0, 0.0], [0.0, 0.00011125945705384957, 0.0, 0.00011125945705384957, 0.00022251891410769915, 0.0011125945705384957, 0.0013351134846461949, 0.003894080996884735, 0.006230529595015576, 0.012016021361815754, 0.021361815754339118, 0.03727191811303961, 0.05562972852692479, 0.07587894971072541, 0.10046728971962617, 0.1315086782376502, 0.15398308856252782, 0.11003560302625723, 0.13540275923453493, 0.06074766355140187, 0.03471295060080107, 0.030707610146862484, 0.0132398753894081, 0.006341789052069426, 0.005006675567423231, 0.0017801513128615932, 0.0005562972852692479, 0.0003337783711615487, 0.0, 0.0, 0.0, 0.0, 0.0], [0.0, 0.0, 0.0, 0.0, 0.0005128205128205128, 0.0003846153846153846, 0.001153846153846154, 0.0015384615384615385, 0.004615384615384616, 0.008076923076923077, 0.01717948717948718, 0.025897435897435896, 0.04064102564102564, 0.0658974358974359, 0.09782051282051282, 0.12756410256410255, 0.1535897435897436, 0.09769230769230769, 0.17102564102564102, 0.05935897435897436, 0.03564102564102564, 0.041025641025641026, 0.017435897435897435, 0.007307692307692308, 0.012307692307692308, 0.004487179487179487, 0.0038461538461538464, 0.0020512820512820513, 0.001153846153846154, 0.0007692307692307692, 0.0010256410256410256, 0.0, 0.0], [0.0, 0.00019256691700365877, 0.00019256691700365877, 0.00038513383400731754, 0.0011554015020219526, 0.0011554015020219526, 0.004043905257076834, 0.009628345850182938, 0.016753321779318313, 0.02638166762950125, 0.043327556325823226, 0.06142884652416715, 0.08107067205854035, 0.10167533217793183, 0.12901983439245138, 0.11592528403620259, 0.1448103215867514, 0.07413826304640862, 0.10263816676295012, 0.02772963604852686, 0.02041209320238783, 0.019641825534373193, 0.007702676680146351, 0.0028885037550548816, 0.004814172925091469, 0.0007702676680146351, 0.0015405353360292702, 0.00038513383400731754, 0.00019256691700365877, 0.0, 0.0, 0.0, 0.0], [0.0, 0.0, 0.0002965599051008304, 0.0008896797153024911, 0.0029655990510083037, 0.0014827995255041518, 0.0035587188612099642, 0.00771055753262159, 0.011565836298932384, 0.01482799525504152, 0.028766310794780547, 0.04181494661921708, 0.05931198102016608, 0.0800711743772242, 0.11803084223013048, 0.1269276393831554, 0.1553973902728351, 0.10112692763938315, 0.1103202846975089, 0.04655990510083037, 0.02402135231316726, 0.022835112692763938, 0.013345195729537367, 0.00771055753262159, 0.010379596678529062, 0.0029655990510083037, 0.0035587188612099642, 0.0035587188612099642, 0.0, 0.0, 0.0, 0.0, 0.0], [0.0002241398632746834, 0.0, 0.0, 0.0, 0.0004482797265493668, 0.0004482797265493668, 0.0017931189061974671, 0.0035862378123949342, 0.004931076992043035, 0.014344951249579737, 0.03888826627815757, 0.055810825955396166, 0.07867309200941387, 0.11352684074862715, 0.1418805334528746, 0.14277709290597332, 0.13336321864843662, 0.07587134371848034, 0.09167320407934551, 0.03350890955956517, 0.020845007284545556, 0.02252605625910568, 0.009301804325899362, 0.004819007060405693, 0.00661212596660316, 0.0017931189061974671, 0.0012327692480107587, 0.000784489521461392, 0.0, 0.0003362097949120251, 0.0, 0.0, 0.0], [0.0, 0.0, 0.0, 0.00028914269191846175, 0.00014457134595923088, 0.00014457134595923088, 0.0014457134595923088, 0.00043371403787769266, 0.002313141535347694, 0.008095995373716929, 0.023565129391354633, 0.03093826803527541, 0.054792540118548505, 0.08298395258059853, 0.10148908486338008, 0.12939135463351165, 0.14457134595923088, 0.10091079947954315, 0.14124620500216856, 0.057973109729651584, 0.03166112476507156, 0.0374439786034408, 0.01662570478531155, 0.007083995952002313, 0.012722278444412318, 0.004770854416654619, 0.004481711724736158, 0.0027468555732253867, 0.0008674280757553853, 0.0005782853838369235, 0.00028914269191846175, 0.0, 0.0], [0.0, 0.0, 0.0, 0.0, 0.0007262164124909223, 0.001270878721859114, 0.0018155410312273058, 0.004538852578068265, 0.006717501815541031, 0.01870007262164125, 0.02886710239651416, 0.04048656499636892, 0.06935366739288308, 0.0896877269426289, 0.11528685548293391, 0.13162672476397966, 0.1430646332607117, 0.09259259259259259, 0.12581699346405228, 0.04738562091503268, 0.02814088598402324, 0.024328249818445898, 0.010348583877995643, 0.004357298474945534, 0.0054466230936819175, 0.0010893246187363835, 0.004538852578068265, 0.0027233115468409588, 0.0007262164124909223, 0.00036310820624546115, 0.0, 0.0, 0.0], [0.00011272686281140796, 0.00011272686281140796, 0.0, 0.0, 0.00011272686281140796, 0.0010145417653026716, 0.0006763611768684477, 0.0023672641190395673, 0.002818171570285199, 0.0057490700033818055, 0.014203584714237404, 0.021869011385413143, 0.036185322962461956, 0.0438507496336377, 0.11982865516852666, 0.1773193552023447, 0.1855484161875775, 0.11982865516852666, 0.1314395220381017, 0.05749070003381806, 0.03359260511779957, 0.02378536805320708, 0.011272686281140795, 0.0039454401983992785, 0.0039454401983992785, 0.0018036298049825274, 0.0006763611768684477, 0.00033818058843422386, 0.00011272686281140796, 0.0, 0.0, 0.0, 0.0], [0.0, 0.0, 0.0, 0.00016223231667748214, 0.00016223231667748214, 0.0008111615833874108, 0.0017845554834523037, 0.0024334847501622323, 0.006002595717066839, 0.009247242050616482, 0.024334847501622323, 0.03439325113562622, 0.06748864373783257, 0.09879948085658663, 0.12508111615833875, 0.14519792342634652, 0.15704088254380272, 0.10366645035691109, 0.1072355613238157, 0.04072031148604802, 0.025957170668397145, 0.020116807268007787, 0.010058403634003893, 0.004542504866969501, 0.008436080467229072, 0.0024334847501622323, 0.0022712524334847503, 0.0006489292667099286, 0.0008111615833874108, 0.0, 0.00016223231667748214, 0.0, 0.0], [0.0, 0.0, 0.0, 0.00016597510373443983, 0.0, 0.0006639004149377593, 0.000995850622406639, 0.000995850622406639, 0.004315352697095436, 0.005975103734439834, 0.013112033195020746, 0.02091286307053942, 0.04, 0.06074688796680498, 0.09294605809128631, 0.11900414937759336, 0.1541908713692946, 0.10937759336099585, 0.17360995850622407, 0.06639004149377593, 0.04215767634854772, 0.043817427385892116, 0.018755186721991703, 0.008132780082987552, 0.012448132780082987, 0.006307053941908713, 0.0034854771784232365, 0.001161825726141079, 0.00016597510373443983, 0.00016597510373443983, 0.0, 0.0, 0.0], [0.0, 0.0, 0.00011318619128466328, 0.0, 0.00022637238256932655, 0.00033955857385398983, 0.00033955857385398983, 0.001245048104131296, 0.0011318619128466328, 0.003848330503678551, 0.007017543859649123, 0.016185625353706847, 0.02795698924731183, 0.08149405772495756, 0.12495755517826825, 0.14001131861912847, 0.1572156196943973, 0.09575551782682512, 0.1599320882852292, 0.055461233729485006, 0.03904923599320883, 0.03463497453310696, 0.019581211092246746, 0.009507640067911714, 0.0144878324844369, 0.003395585738539898, 0.004187889077532541, 0.0015846066779852859, 0.00022637238256932655, 0.00011318619128466328, 0.0, 0.0, 0.0], [0.0, 0.0, 8.962179602079225e-05, 0.0, 8.962179602079225e-05, 8.962179602079225e-05, 8.962179602079225e-05, 0.0008065961641871303, 0.001792435920415845, 0.004570711597060405, 0.008872557806058433, 0.015863057895680228, 0.027872378562466393, 0.03593834020433769, 0.054579673776662486, 0.059508872557806056, 0.0995698153791002, 0.16642767521061122, 0.2650116508334827, 0.09759813586664277, 0.0567305968811615, 0.05968811614984764, 0.015146083527513891, 0.007080121885642588, 0.012278186054848539, 0.00555655135328912, 0.0025990320846029755, 0.0008065961641871303, 0.000716974368166338, 0.0006273525721455458, 0.0, 0.0, 0.0], [0.0, 0.0, 0.0, 0.0, 0.00042211903756859433, 0.0006331785563528915, 0.0013718868720979315, 0.002321654706627269, 0.004748839172646686, 0.009708737864077669, 0.017623469818488814, 0.03197551709582102, 0.05128746306458421, 0.07587589700295483, 0.11175601519628535, 0.13666103841283242, 0.1730688054031237, 0.11122836639932461, 0.15301815111861544, 0.048649219079780495, 0.02469396369776277, 0.028176445757703672, 0.008020261713803293, 0.0034824820599409032, 0.002743773744195863, 0.0008442380751371887, 0.0009497678345293373, 0.0006331785563528915, 0.00010552975939214858, 0.0, 0.0, 0.0, 0.0], [0.0, 0.0033003300330033004, 0.0, 0.0033003300330033004, 0.006600660066006601, 0.0165016501650165, 0.026402640264026403, 0.039603960396039604, 0.0891089108910891, 0.04950495049504951, 0.052805280528052806, 0.06930693069306931, 0.07590759075907591, 0.1188118811881188, 0.12871287128712872, 0.10231023102310231, 0.08250825082508251, 0.0462046204620462, 0.036303630363036306, 0.0165016501650165, 0.009900990099009901, 0.009900990099009901, 0.0033003300330033004, 0.013201320132013201, 0.0, 0.0, 0.0, 0.0, 0.0, 0.0, 0.0, 0.0, 0.0]]}, "ranks": {"labels": ["Unranked", "Combatatent I", "Combatatent II", "Challenger I", "Challenger II", "Rival I", "Rival II", "Duelist", "Elite"], "data": [[0.13242784380305603, 0.1867572156196944, 0.22920203735144312, 0.23089983022071306, 0.1273344651952462, 0.059422750424448216, 0.01697792869269949, 0.013582342954159592, 0.003395585738539898], [0.060135516657255784, 0.09345002823263693, 0.17476002258610954, 0.2577639751552795, 0.2329192546583851, 0.12958780350084698, 0.029361942405420668, 0.01637492941840768, 0.00564652738565782], [0.007586206896551724, 0.01264367816091954, 0.031379310344827584, 0.06471264367816092, 0.30448275862068963, 0.3719540229885058, 0.08747126436781609, 0.08885057471264368, 0.030919540229885058], [0.01541210632119723, 0.02501675228947956, 0.05528255528255528, 0.09649318740227832, 0.12463703372794283, 0.3950189859280768, 0.1366986821532276, 0.11838284565557293, 0.03305785123966942], [0.18023255813953487, 0.16279069767441862, 0.21511627906976744, 0.19767441860465115, 0.11046511627906977, 0.0872093023255814, 0.029069767441860465, 0.01744186046511628, 0.0], [0.00749063670411985, 0.04005409904286309, 0.14211402413649604, 0.24937578027465668, 0.2647732001664586, 0.16541822721598, 0.05409904286308781, 0.05826050769870995, 0.018414481897627965], [0.08706140350877192, 0.11666666666666667, 0.20877192982456141, 0.24013157894736842, 0.18464912280701753, 0.08859649122807017, 0.028070175438596492, 0.030921052631578946, 0.015131578947368421], [0.26253687315634217, 0.2448377581120944, 0.20943952802359883, 0.1415929203539823, 0.06489675516224189, 0.05604719764011799, 0.014749262536873156, 0.0058997050147492625, 0.0], [0.03265845966018924, 0.06053515108352833, 0.09054837725099196, 0.20510733543595483, 0.2974870281819107, 0.16247838030318446, 0.061247329331569844, 0.06653779631702106, 0.02340014243564961], [0.014234875444839857, 0.030051403716884143, 0.057730328192961644, 0.13444049031237643, 0.19137999209173587, 0.21312771846579676, 0.1111111111111111, 0.15935152234084618, 0.088572558323448], [0.032355915065722954, 0.05722952477249747, 0.12598584428715875, 0.23599595551061678, 0.24651162790697675, 0.1718907987866532, 0.06006066734074823, 0.053185035389282105, 0.01678463094034378], [0.08387395736793327, 0.13963546493666976, 0.22320049428483163, 0.2568736484399135, 0.16774791473586653, 0.07120790855730615, 0.02842137781896818, 0.023787457522397283, 0.005251776336113685], [0.014404569725568112, 0.03327952315907115, 0.061964485284986964, 0.19421333664472867, 0.3409909350552589, 0.21582019123308083, 0.06258537191108904, 0.05948093878057867, 0.01726064820563765], [0.017821184051550545, 0.062122432541280706, 0.1694522754732179, 0.250201369311317, 0.2441602899718083, 0.14669754329440193, 0.049134111961337094, 0.04621425694724124, 0.014196536447845349], [0.015250101667344449, 0.04290361935746238, 0.11590077267181781, 0.21960146400976008, 0.28039853599023995, 0.18666124440829607, 0.06832045546970313, 0.05551037006913379, 0.015453436356242375], [0.04236588720770289, 0.07785419532324622, 0.15873452544704264, 0.2266850068775791, 0.2357634112792297, 0.1248968363136176, 0.051994497936726274, 0.05749656121045392, 0.02420907840440165], [0.046, 0.0872, 0.1772, 0.249, 0.2176, 0.1334, 0.0394, 0.0382, 0.012], [0.01297747306562194, 0.044564152791381, 0.177154750244858, 0.26138589618021546, 0.2501224289911851, 0.16674828599412342, 0.03807541625857003, 0.03734084231145935, 0.0116307541625857], [0.17037037037037037, 0.14074074074074075, 0.14814814814814814, 0.15555555555555556, 0.2074074074074074, 0.044444444444444446, 0.037037037037037035, 0.05925925925925926, 0.037037037037037035], [0.00861152455879226, 0.01839251541569211, 0.053263874122900276, 0.30182862002976824, 0.3300021263023602, 0.16659578992132681, 0.056453327663193706, 0.05166914735275356, 0.013183074633212843], [0.005148005148005148, 0.011583011583011582, 0.06692406692406692, 0.1953901953901954, 0.30104130104130106, 0.22499122499122498, 0.0866970866970867, 0.08096408096408096, 0.027261027261027262], [0.01241068070703272, 0.023975178638585934, 0.053309514855208726, 0.23166603986461076, 0.2759496051147048, 0.21615268898081985, 0.0840541556976307, 0.08179766829635202, 0.02068446784505453], [0.027692307692307693, 0.043076923076923075, 0.13846153846153847, 0.2876923076923077, 0.28307692307692306, 0.15846153846153846, 0.043076923076923075, 0.018461538461538463, 0.0], [0.0075481520041644976, 0.0204754468158945, 0.048846087107409335, 0.08962346000347042, 0.3425299323269131, 0.28743709873329865, 0.08450459829949679, 0.09587020648967552, 0.02316501821967725], [0.00854126679462572, 0.028790786948176585, 0.07840690978886757, 0.14510556621881, 0.34875239923224566, 0.2519193857965451, 0.07696737044145874, 0.05326295585412668, 0.008253358925143953], [0.025033377837116153, 0.058633733867378725, 0.1315086782376502, 0.23197596795727637, 0.26401869158878505, 0.16889185580774366, 0.06197151757899422, 0.05028927458834001, 0.007676902536715621], [0.01628205128205128, 0.043076923076923075, 0.10653846153846154, 0.22538461538461538, 0.2512820512820513, 0.2037179487179487, 0.06230769230769231, 0.06576923076923077, 0.02564102564102564], [0.05988831118813788, 0.10475640284999037, 0.18274600423647216, 0.24494511842865396, 0.21894858463316003, 0.11881378779125747, 0.031966108222607356, 0.030233005969574428, 0.007702676680146351], [0.04329774614472123, 0.07058125741399762, 0.13938315539739027, 0.24495848161328587, 0.25652431791221825, 0.13730723606168446, 0.04359430604982206, 0.04389086595492289, 0.020462633451957295], [0.02577608427658859, 0.09469909223355374, 0.192199932758041, 0.28465762635884795, 0.20923456236691695, 0.1112854421158803, 0.03474167880757593, 0.03664686764541074, 0.010758713437184804], [0.012866849790371549, 0.05450339742663004, 0.13777649269914702, 0.23088043949689172, 0.24548214543877403, 0.17247361572936243, 0.05840682376752927, 0.06115367934075466, 0.02645655631053925], [0.03376906318082789, 0.06935366739288308, 0.15904139433551198, 0.24691358024691357, 0.2356572258533043, 0.1539578794480755, 0.04738562091503268, 0.03903413217138707, 0.014887436456063908], [0.012963589223311915, 0.03607259609965055, 0.08003607259609966, 0.29714801037087135, 0.30537707135610415, 0.1625521361740503, 0.059970691015669035, 0.03900349453274715, 0.006876338631495885], [0.020603504218040233, 0.05872809863724854, 0.16628812459441922, 0.27027903958468524, 0.2607073329007138, 0.12946138870863075, 0.04445165476963011, 0.03471771576898118, 0.014763140817650877], [0.013112033195020746, 0.03402489626556016, 0.10074688796680498, 0.21195020746887966, 0.26356846473029044, 0.2091286307053942, 0.07302904564315353, 0.07070539419087137, 0.023734439834024897], [0.00724391624221845, 0.02320316921335597, 0.10945104697226939, 0.2649688737973967, 0.2529711375212224, 0.19094510469722695, 0.06349745331069609, 0.06372382569326542, 0.023995472552348615], [0.0075282308657465494, 0.024735615701738663, 0.06381071876680408, 0.11408854633446855, 0.2659974905897114, 0.3191432156300412, 0.10019716795124574, 0.08191432156300413, 0.02258469259723965], [0.019206416209371042, 0.049598986914309834, 0.12716336006753903, 0.24841705360911778, 0.2842971718024483, 0.18098353735753483, 0.045377796538623894, 0.03967918953144787, 0.005276487969607429], [0.23432343234323433, 0.12211221122112212, 0.19471947194719472, 0.23102310231023102, 0.12871287128712872, 0.0429042904290429, 0.019801980198019802, 0.026402640264026403, 0.0]]}, "ranksDetailed": {"labels": ["Unranked", "Combatatant", "Challenger", "Rival", "Duelist", "Elite"], "data": [[0.13242784380305603, 0.4159592529711375, 0.35823429541595925, 0.07640067911714771, 0.013582342954159592, 0.003395585738539898], [0.060135516657255784, 0.2682100508187465, 0.4906832298136646, 0.15894974590626765, 0.01637492941840768, 0.00564652738565782], [0.007586206896551724, 0.044022988505747124, 0.36919540229885056, 0.4594252873563218, 0.08885057471264368, 0.030919540229885058], [0.01541210632119723, 0.08029930757203485, 0.22113022113022113, 0.5317176680813045, 0.11838284565557293, 0.03305785123966942], [0.18023255813953487, 0.37790697674418605, 0.3081395348837209, 0.11627906976744186, 0.01744186046511628, 0.0], [0.00749063670411985, 0.18216812317935913, 0.5141489804411152, 0.21951727007906782, 0.05826050769870995, 0.018414481897627965], [0.08706140350877192, 0.3254385964912281, 0.424780701754386, 0.11666666666666667, 0.030921052631578946, 0.015131578947368421], [0.26253687315634217, 0.45427728613569324, 0.20648967551622419, 0.07079646017699115, 0.0058997050147492625, 0.0], [0.03265845966018924, 0.1510835283345203, 0.5025943636178655, 0.2237257096347543, 0.06653779631702106, 0.02340014243564961], [0.014234875444839857, 0.08778173190984578, 0.3258204824041123, 0.32423882957690786, 0.15935152234084618, 0.088572558323448], [0.032355915065722954, 0.1832153690596562, 0.48250758341759353, 0.23195146612740142, 0.053185035389282105, 0.01678463094034378], [0.08387395736793327, 0.3628359592215014, 0.42462156317578004, 0.09962928637627433, 0.023787457522397283, 0.005251776336113685], [0.014404569725568112, 0.09524400844405811, 0.5352042716999876, 0.27840556314416987, 0.05948093878057867, 0.01726064820563765], [0.017821184051550545, 0.2315747080144986, 0.49436165928312525, 0.19583165525573903, 0.04621425694724124, 0.014196536447845349], [0.015250101667344449, 0.1588043920292802, 0.5, 0.2549816998779992, 0.05551037006913379, 0.015453436356242375], [0.04236588720770289, 0.23658872077028886, 0.4624484181568088, 0.17689133425034387, 0.05749656121045392, 0.02420907840440165], [0.046, 0.2644, 0.4666, 0.1728, 0.0382, 0.012], [0.01297747306562194, 0.22171890303623898, 0.5115083251714005, 0.20482370225269345, 0.03734084231145935, 0.0116307541625857], [0.17037037037037037, 0.28888888888888886, 0.362962962962963, 0.08148148148148149, 0.05925925925925926, 0.037037037037037035], [0.00861152455879226, 0.0716563895385924, 0.6318307463321284, 0.2230491175845205, 0.05166914735275356, 0.013183074633212843], [0.005148005148005148, 0.07850707850707851, 0.4964314964314964, 0.3116883116883117, 0.08096408096408096, 0.027261027261027262], [0.01241068070703272, 0.07728469349379466, 0.5076156449793156, 0.30020684467845055, 0.08179766829635202, 0.02068446784505453], [0.027692307692307693, 0.18153846153846154, 0.5707692307692308, 0.20153846153846153, 0.018461538461538463, 0.0], [0.0075481520041644976, 0.06932153392330384, 0.43215339233038347, 0.3719416970327954, 0.09587020648967552, 0.02316501821967725], [0.00854126679462572, 0.10719769673704414, 0.49385796545105565, 0.32888675623800384, 0.05326295585412668, 0.008253358925143953], [0.025033377837116153, 0.19014241210502894, 0.4959946595460614, 0.23086337338673787, 0.05028927458834001, 0.007676902536715621], [0.01628205128205128, 0.14961538461538462, 0.4766666666666667, 0.266025641025641, 0.06576923076923077, 0.02564102564102564], [0.05988831118813788, 0.2875024070864625, 0.463893703061814, 0.15077989601386482, 0.030233005969574428, 0.007702676680146351], [0.04329774614472123, 0.2099644128113879, 0.5014827995255041, 0.18090154211150652, 0.04389086595492289, 0.020462633451957295], [0.02577608427658859, 0.28689902499159475, 0.4938921887257649, 0.14602712092345624, 0.03664686764541074, 0.010758713437184804], [0.012866849790371549, 0.19227989012577706, 0.47636258493566574, 0.23088043949689172, 0.06115367934075466, 0.02645655631053925], [0.03376906318082789, 0.22839506172839505, 0.48257080610021785, 0.20134350036310822, 0.03903413217138707, 0.014887436456063908], [0.012963589223311915, 0.11610866869575019, 0.6025250817269755, 0.2225228271897193, 0.03900349453274715, 0.006876338631495885], [0.020603504218040233, 0.22501622323166776, 0.530986372485399, 0.17391304347826086, 0.03471771576898118, 0.014763140817650877], [0.013112033195020746, 0.13477178423236513, 0.4755186721991701, 0.2821576763485477, 0.07070539419087137, 0.023734439834024897], [0.00724391624221845, 0.13265421618562534, 0.5179400113186191, 0.25444255800792304, 0.06372382569326542, 0.023995472552348615], [0.0075282308657465494, 0.08854633446854275, 0.38008603692417997, 0.41934038358128695, 0.08191432156300413, 0.02258469259723965], [0.019206416209371042, 0.1767623469818489, 0.5327142254115661, 0.22636133389615873, 0.03967918953144787, 0.005276487969607429], [0.23432343234323433, 0.31683168316831684, 0.35973597359735976, 0.0627062706270627, 0.026402640264026403, 0.0]]}}}, "eu": {"histType": {"histogram": {"labels": ["0", "100", "200", "300", "400", "500", "600", "700", "800", "900", "1000", "1100", "1200", "1300", "1400", "1500", "1600", "1700", "1800", "1900", "2000", "2100", "2200", "2300", "2400", "2500", "2600", "2700", "2800", "2900", "3000", "3100", "3200"], "data": [[0.0, 0.0, 0.002232142857142857, 0.0, 0.0, 0.004464285714285714, 0.011160714285714286, 0.029017857142857144, 0.05803571428571429, 0.078125, 0.07142857142857142, 0.10044642857142858, 0.08482142857142858, 0.13169642857142858, 0.13392857142857142, 0.10267857142857142, 0.06473214285714286, 0.046875, 0.03794642857142857, 0.015625, 0.013392857142857142, 0.011160714285714286, 0.002232142857142857, 0.0, 0.0, 0.0, 0.0, 0.0, 0.0, 0.0, 0.0, 0.0, 0.0], [0.000310077519379845, 0.000310077519379845, 0.0009302325581395349, 0.0009302325581395349, 0.0015503875968992248, 0.0037209302325581397, 0.005581395348837209, 0.009612403100775194, 0.021705426356589147, 0.032868217054263564, 0.04496124031007752, 0.0641860465116279, 0.08062015503875969, 0.1048062015503876, 0.13178294573643412, 0.12930232558139534, 0.14108527131782947, 0.06790697674418604, 0.09426356589147286, 0.02666666666666667, 0.013333333333333334, 0.012093023255813953, 0.004651162790697674, 0.0027906976744186047, 0.0027906976744186047, 0.00062015503875969, 0.00062015503875969, 0.0, 0.0, 0.0, 0.0, 0.0, 0.0], [0.0, 0.0, 0.0, 0.00011574074074074075, 0.00011574074074074075, 0.00011574074074074075, 0.0, 0.0008101851851851852, 0.0019675925925925924, 0.0025462962962962965, 0.005671296296296297, 0.009375, 0.012268518518518519, 0.01574074074074074, 0.025810185185185186, 0.052314814814814814, 0.2255787037037037, 0.14074074074074075, 0.28506944444444443, 0.07592592592592592, 0.049652777777777775, 0.050694444444444445, 0.016898148148148148, 0.007060185185185185, 0.011574074074074073, 0.004976851851851852, 0.0030092592592592593, 0.0015046296296296296, 0.0002314814814814815, 0.0002314814814814815, 0.0, 0.0, 0.0], [0.0, 0.0, 0.0, 0.00010704345964461572, 0.00010704345964461572, 0.00021408691928923143, 0.00074930421751231, 0.0020338257332476986, 0.002354956112181546, 0.005887390280453864, 0.011667737101263113, 0.017448083922072363, 0.021408691928923144, 0.027081995290087774, 0.04345964461571398, 0.05502033825733248, 0.08028259473346179, 0.09569685292228645, 0.298330122029544, 0.12277884821237423, 0.07450224791265253, 0.07257546563904946, 0.024512952258616997, 0.011346606722329266, 0.01969599657460929, 0.0061014771997430954, 0.003639477627916934, 0.002354956112181546, 0.00042817383857846286, 0.00021408691928923143, 0.0, 0.0, 0.0], [0.0, 0.0, 0.0, 0.0, 0.0, 0.019736842105263157, 0.03289473684210526, 0.05921052631578947, 0.05921052631578947, 0.06578947368421052, 0.05921052631578947, 0.09868421052631579, 0.07894736842105263, 0.07894736842105263, 0.05921052631578947, 0.15789473684210525, 0.013157894736842105, 0.06578947368421052, 0.05921052631578947, 0.03289473684210526, 0.03289473684210526, 0.0, 0.006578947368421052, 0.006578947368421052, 0.013157894736842105, 0.0, 0.0, 0.0, 0.0, 0.0, 0.0, 0.0, 0.0], [0.0, 0.00010406910188365075, 0.00010406910188365075, 0.0002081382037673015, 0.00031220730565095225, 0.00010406910188365075, 0.0002081382037673015, 0.0011447601207201581, 0.001977312935789364, 0.005203455094182537, 0.02674575918409824, 0.03902591320636903, 0.05494848579456759, 0.07753148090331981, 0.11426787386824852, 0.12831720262254137, 0.1493391612030388, 0.10490165469871995, 0.1356020397543969, 0.05224268914559267, 0.03101259236132792, 0.038297429493183474, 0.015194088875013008, 0.004891247788531585, 0.00978249557706317, 0.004683109584764283, 0.0022895202414403163, 0.0006244146113019045, 0.0002081382037673015, 0.0005203455094182537, 0.0002081382037673015, 0.0, 0.0], [0.00020601565718994644, 0.00041203131437989287, 0.00041203131437989287, 0.0010300782859497322, 0.0030902348578491965, 0.003914297486608982, 0.007622579316028018, 0.012566955088586733, 0.024721878862793572, 0.039761021837659664, 0.057890399670374945, 0.07643180881747012, 0.09373712402142563, 0.10939431396786156, 0.10527400082406263, 0.10795220436753193, 0.1096003296250515, 0.06674907292954264, 0.07437165224557066, 0.029872270292542233, 0.019983518747424805, 0.018953440461475072, 0.00