{"region": {"us": {"histType": {"histogram": {"labels": ["0", "100", "200", "300", "400", "500", "600", "700", "800", "900", "1000", "1100", "1200", "1300", "1400", "1500", "1600", "1700", "1800", "1900", "2000", "2100", "2200", "2300", "2400", "2500", "2600", "2700", "2800", "2900", "3000", "3100"], "data": [[0.0, 0.0, 0.0, 0.0, 0.0, 0.011976047904191617, 0.023952095808383235, 0.017964071856287425, 0.059880239520958084, 0.05389221556886228, 0.0658682634730539, 0.09580838323353294, 0.07784431137724551, 0.15568862275449102, 0.1317365269461078, 0.07784431137724551, 0.05389221556886228, 0.04790419161676647, 0.059880239520958084, 0.04790419161676647, 0.017964071856287425, 0.0, 0.0, 0.0, 0.0, 0.0, 0.0, 0.0, 0.0, 0.0, 0.0, 0.0], [0.0, 0.0019815059445178335, 0.0, 0.0006605019815059445, 0.0019815059445178335, 0.001321003963011889, 0.005284015852047556, 0.013210039630118891, 0.013870541611624834, 0.026420079260237782, 0.05085865257595773, 0.0607661822985469, 0.08652575957727873, 0.08718626155878467, 0.13606340819022458, 0.13210039630118892, 0.1571994715984148, 0.06274768824306473, 0.08388375165125496, 0.029722589167767502, 0.02047556142668428, 0.013210039630118891, 0.0059445178335535, 0.0019815059445178335, 0.0019815059445178335, 0.0033025099075297227, 0.001321003963011889, 0.0, 0.0, 0.0, 0.0, 0.0], [0.0001918649270913277, 0.0, 0.0001918649270913277, 0.0003837298541826554, 0.0003837298541826554, 0.0003837298541826554, 0.0005755947812739831, 0.0009593246354566385, 0.005372217958557176, 0.008633921719109747, 0.012279355333844973, 0.018035303146584806, 0.03127398311588642, 0.049501151189562546, 0.07290867229470453, 0.09919416730621643, 0.14447429009976975, 0.10974673829623945, 0.20049884881043745, 0.06792018419033001, 0.04412893323100537, 0.0658096699923254, 0.023983115886415964, 0.011320030698388335, 0.021872601688411358, 0.0049884881043745204, 0.003837298541826554, 0.0011511895625479663, 0.0, 0.0, 0.0, 0.0], [0.0, 0.0001755001755001755, 0.0, 0.0001755001755001755, 0.0001755001755001755, 0.000351000351000351, 0.002106002106002106, 0.00351000351000351, 0.009652509652509652, 0.016497016497016497, 0.027553527553527555, 0.03159003159003159, 0.05896805896805897, 0.07827307827307828, 0.11056511056511056, 0.12987012987012986, 0.16497016497016498, 0.10775710775710776, 0.13232713232713234, 0.053703053703053706, 0.02737802737802738, 0.024394524394524393, 0.007897507897507898, 0.0043875043875043875, 0.005791505791505791, 0.001053001053001053, 0.000702000702000702, 0.0001755001755001755, 0.0, 0.0, 0.0, 0.0], [0.0, 0.0, 0.0, 0.0, 0.0, 0.0, 0.0, 0.08333333333333333, 0.05, 0.1, 0.03333333333333333, 0.06666666666666667, 0.11666666666666667, 0.18333333333333332, 0.0, 0.016666666666666666, 0.08333333333333333, 0.03333333333333333, 0.1, 0.06666666666666667, 0.03333333333333333, 0.016666666666666666, 0.0, 0.016666666666666666, 0.0, 0.0, 0.0, 0.0, 0.0, 0.0, 0.0, 0.0], [0.0, 0.0, 0.0, 0.0, 0.0, 0.0, 0.00016066838046272492, 0.002410025706940874, 0.002731362467866324, 0.009479434447300771, 0.01590616966580977, 0.02538560411311054, 0.048361182519280205, 0.07503213367609254, 0.11198586118251928, 0.13383676092544988, 0.15890102827763497, 0.09881105398457583, 0.13174807197943444, 0.057519280205655526, 0.03374035989717224, 0.04338046272493573, 0.017191516709511568, 0.007230077120822622, 0.015102827763496144, 0.006587403598971722, 0.0035347043701799484, 0.0009640102827763496, 0.0, 0.0, 0.0, 0.0], [0.0, 0.0, 0.00041135335252982314, 0.0020567667626491155, 0.0016454134101192926, 0.0020567667626491155, 0.003702180172768408, 0.009461127108185932, 0.023447141094199916, 0.03167420814479638, 0.04853969559851913, 0.06293706293706294, 0.08967503085150144, 0.10695187165775401, 0.13122171945701358, 0.12793089263677498, 0.11682435211846977, 0.07322089675030852, 0.06499382969971206, 0.028794734677087618, 0.01727684080625257, 0.020567667626491155, 0.008638420403126285, 0.005758946935417524, 0.012751953928424516, 0.004524886877828055, 0.0049362402303578775, 0.0, 0.0, 0.0, 0.0, 0.0], [0.0, 0.0, 0.006289308176100629, 0.012578616352201259, 0.006289308176100629, 0.012578616352201259, 0.018867924528301886, 0.050314465408805034, 0.0880503144654088, 0.11949685534591195, 0.10062893081761007, 0.11949685534591195, 0.11949685534591195, 0.1069182389937107, 0.0880503144654088, 0.031446540880503145, 0.03773584905660377, 0.025157232704402517, 0.012578616352201259, 0.0440251572327044, 0.0, 0.0, 0.0, 0.0, 0.0, 0.0, 0.0, 0.0, 0.0, 0.0, 0.0, 0.0], [0.0006430868167202572, 0.0006430868167202572, 0.0008038585209003215, 0.0004823151125401929, 0.0009646302250803858, 0.002572347266881029, 0.0033762057877813503, 0.008360128617363344, 0.016881028938906754, 0.03890675241157556, 0.06157556270096463, 0.09035369774919615, 0.11655948553054662, 0.12041800643086817, 0.14212218649517686, 0.11446945337620579, 0.09260450160771704, 0.058681672025723476, 0.053536977491961416, 0.02347266881028939, 0.018810289389067526, 0.014630225080385853, 0.009807073954983923, 0.0038585209003215433, 0.0040192926045016075, 0.0012861736334405145, 0.0001607717041800643, 0.0, 0.0, 0.0, 0.0, 0.0], [0.0, 0.0, 0.0008726003490401396, 0.0, 0.0017452006980802793, 0.0017452006980802793, 0.004363001745200698, 0.005235602094240838, 0.013525305410122163, 0.02530541012216405, 0.03577661431064572, 0.04668411867364747, 0.0737347294938918, 0.09075043630017451, 0.11605584642233857, 0.12958115183246074, 0.16012216404886562, 0.0868237347294939, 0.10776614310645724, 0.03795811518324607, 0.017452006980802792, 0.02268760907504363, 0.007853403141361256, 0.007417102966841187, 0.004799301919720768, 0.0017452006980802793, 0.0, 0.0, 0.0, 0.0, 0.0, 0.0], [0.0, 0.0, 0.0007129277566539924, 0.0009505703422053232, 0.0014258555133079848, 0.0026140684410646386, 0.006653992395437262, 0.01164448669201521, 0.018298479087452472, 0.03517110266159696, 0.06416349809885931, 0.07557034220532319, 0.10171102661596958, 0.10741444866920152, 0.14472433460076045, 0.1288022813688213, 0.1033745247148289, 0.06297528517110267, 0.06131178707224334, 0.028041825095057035, 0.015446768060836502, 0.013783269961977186, 0.006891634980988593, 0.0028517110266159697, 0.003564638783269962, 0.0019011406844106464, 0.0, 0.0, 0.0, 0.0, 0.0, 0.0], [0.0, 0.0, 0.0, 0.0, 0.00022351363433169424, 0.000894054537326777, 0.002905677246312025, 0.005140813589628967, 0.010728654447921324, 0.014528386231560126, 0.03352704514975414, 0.04514975413500223, 0.06414841305319624, 0.07778274474742959, 0.12673223066607062, 0.12203844434510505, 0.15668305766651766, 0.09722843093428699, 0.12047384890478319, 0.043585158694680375, 0.024362986142154673, 0.02793920429146178, 0.009834599910594547, 0.005364327223960662, 0.005364327223960662, 0.004023245417970496, 0.0013410818059901655, 0.0, 0.0, 0.0, 0.0, 0.0], [0.00019004180919802356, 0.0, 0.0, 0.0003800836183960471, 0.00019004180919802356, 0.0011402508551881414, 0.0019004180919802356, 0.004180919802356519, 0.008931965032307108, 0.02565564424173318, 0.04561003420752566, 0.05777270999619916, 0.07069555302166476, 0.09578107183580388, 0.13131889015583428, 0.1345496009122007, 0.153173698213607, 0.0862789813759027, 0.08988977575066515, 0.035727860129228434, 0.020334473584188523, 0.01805397187381224, 0.00589129608513873, 0.0034207525655644243, 0.004561003420752566, 0.0032307107563664004, 0.0011402508551881414, 0.0, 0.0, 0.0, 0.0, 0.0], [0.0, 0.0, 0.0003243593902043464, 0.0, 0.0003243593902043464, 0.0003243593902043464, 0.0003243593902043464, 0.0006487187804086928, 0.0022705157314304248, 0.007784625364904314, 0.017839766461239054, 0.02335387609471294, 0.04249108011676938, 0.06519623743107363, 0.0999026921829387, 0.13168991242296466, 0.16996432046707752, 0.12098605254622122, 0.1385014596172559, 0.06584495621148233, 0.03762568926370419, 0.03503081414206941, 0.015893610120012974, 0.010055141096334739, 0.007784625364904314, 0.0029192345118391177, 0.0029192345118391177, 0.0, 0.0, 0.0, 0.0, 0.0], [0.0, 0.0, 0.0, 0.0, 0.0007288629737609329, 0.0007288629737609329, 0.0029154518950437317, 0.00510204081632653, 0.01239067055393586, 0.018221574344023325, 0.026239067055393587, 0.05903790087463557, 0.053206997084548104, 0.08527696793002916, 0.10058309037900874, 0.1217201166180758, 0.13556851311953352, 0.09693877551020408, 0.10058309037900874, 0.04591836734693878, 0.048833819241982504, 0.03206997084548105, 0.013848396501457727, 0.007288629737609329, 0.016034985422740525, 0.006559766763848397, 0.0036443148688046646, 0.006559766763848397, 0.0, 0.0, 0.0, 0.0], [0.000297441998810232, 0.0, 0.000594883997620464, 0.000297441998810232, 0.000594883997620464, 0.00148720999405116, 0.002379535990481856, 0.004164187983343248, 0.00892325996430696, 0.0148720999405116, 0.030041641879833433, 0.0455086258179655, 0.08060678167757288, 0.0966686496133254, 0.12671029149315882, 0.13950029744199882, 0.13444378346222485, 0.08596073765615705, 0.09845330160618679, 0.04312908982748364, 0.02558001189767995, 0.02825698988697204, 0.012790005948839975, 0.004164187983343248, 0.008328375966686495, 0.002676977989292088, 0.003271861986912552, 0.000297441998810232, 0.0, 0.0, 0.0, 0.0], [0.0, 0.0, 0.0, 0.0007381889763779527, 0.000984251968503937, 0.00024606299212598425, 0.0022145669291338582, 0.0054133858267716535, 0.0073818897637795275, 0.01796259842519685, 0.03321850393700788, 0.041830708661417325, 0.07111220472440945, 0.08267716535433071, 0.11614173228346457, 0.13730314960629922, 0.14566929133858267, 0.09571850393700787, 0.1235236220472441, 0.038385826771653545, 0.022883858267716536, 0.02485236220472441, 0.010088582677165354, 0.0063976377952755905, 0.008858267716535433, 0.0031988188976377952, 0.0022145669291338582, 0.000984251968503937, 0.0, 0.0, 0.0, 0.0], [0.0, 0.0, 0.0, 0.0, 0.0, 0.0, 0.0, 0.0, 0.041666666666666664, 0.08333333333333333, 0.0625, 0.0625, 0.0625, 0.0625, 0.08333333333333333, 0.125, 0.16666666666666666, 0.041666666666666664, 0.041666666666666664, 0.020833333333333332, 0.08333333333333333, 0.0625, 0.0, 0.0, 0.0, 0.0, 0.0, 0.0, 0.0, 0.0, 0.0, 0.0], [0.00015396458814472672, 0.0, 0.0, 0.00015396458814472672, 0.00015396458814472672, 0.00046189376443418013, 0.00046189376443418013, 0.0013856812933025404, 0.004311008468052348, 0.008160123171670516, 0.017859892224788298, 0.024172440338722095, 0.04695919938414165, 0.06866820631254811, 0.11901462663587375, 0.147036181678214, 0.1601231716705158, 0.11224018475750577, 0.11208622016936105, 0.06266358737490377, 0.03710546574287914, 0.04157043879907621, 0.016166281755196306, 0.007236335642802155, 0.008468052347959968, 0.0033872209391839878, 0.0, 0.0, 0.0, 0.0, 0.0, 0.0], [0.0, 0.0, 0.0, 0.00022941041523285156, 0.0, 0.00022941041523285156, 0.0022941041523285156, 0.0009176416609314062, 0.0034411562284927736, 0.005964670796054141, 0.013764624913971095, 0.016288139481532463, 0.030052764395503556, 0.0445056205551732, 0.07731130993347098, 0.09956412021105758, 0.14384033035099794, 0.1259463179628355, 0.16586373021335168, 0.08304657031429227, 0.053682037164487266, 0.06400550584996559, 0.021335168616655197, 0.01307639366827254, 0.017664601972929572, 0.009635237439779766, 0.0055058499655884375, 0.0018352833218628125, 0.0, 0.0, 0.0, 0.0], [0.0002702702702702703, 0.00013513513513513514, 0.0, 0.0002702702702702703, 0.0002702702702702703, 0.0012162162162162162, 0.001081081081081081, 0.003108108108108108, 0.005, 0.00972972972972973, 0.02108108108108108, 0.027162162162162162, 0.03405405405405405, 0.05459459459459459, 0.08689189189189189, 0.12162162162162163, 0.14527027027027026, 0.1127027027027027, 0.15175675675675676, 0.0781081081081081, 0.044864864864864865, 0.05081081081081081, 0.02, 0.010945945945945945, 0.013648648648648648, 0.0045945945945945945, 0.0008108108108108108, 0.0, 0.0, 0.0, 0.0, 0.0], [0.0, 0.0, 0.0, 0.0, 0.0, 0.002457002457002457, 0.0, 0.004914004914004914, 0.007371007371007371, 0.009828009828009828, 0.012285012285012284, 0.03194103194103194, 0.056511056511056514, 0.11302211302211303, 0.14496314496314497, 0.15724815724815724, 0.15724815724815724, 0.14004914004914004, 0.10565110565110565, 0.036855036855036855, 0.019656019656019656, 0.0, 0.0, 0.0, 0.0, 0.0, 0.0, 0.0, 0.0, 0.0, 0.0, 0.0], [0.0, 0.0, 0.0, 0.00011348161597821153, 0.00011348161597821153, 0.00022696323195642307, 0.0003404448479346346, 0.0011348161597821154, 0.003064003631411711, 0.007830231502496596, 0.012936904221516114, 0.022809804811620517, 0.03949160236041761, 0.05197458011802088, 0.08420335905583295, 0.11234679981842942, 0.16556967771221062, 0.11631865637766682, 0.18531547889241942, 0.07001815705855652, 0.04062641852019973, 0.049477984566500224, 0.015093054925102134, 0.005560599182932365, 0.009532455742169769, 0.004312301407172038, 0.0015887426236949613, 0.0, 0.0, 0.0, 0.0, 0.0], [0.00010412328196584757, 0.0, 0.00020824656393169514, 0.00010412328196584757, 0.0007288629737609329, 0.0008329862557267805, 0.0006247396917950854, 0.001874219075385256, 0.001874219075385256, 0.008850478967097043, 0.014056643065389422, 0.03123698458975427, 0.05820491461890879, 0.08631820074968763, 0.1340066638900458, 0.17326114119117034, 0.18336109954185756, 0.11141191170345689, 0.10745522698875469, 0.0405039566847147, 0.019991670137442734, 0.015514369012911287, 0.004164931278633903, 0.001874219075385256, 0.002811328613077884, 0.0005206164098292378, 0.00010412328196584757, 0.0, 0.0, 0.0, 0.0, 0.0], [0.0, 0.0001853911753800519, 0.0, 0.0003707823507601038, 0.0001853911753800519, 0.0011123470522803114, 0.0016685205784204673, 0.0025954764553207266, 0.006303299962921765, 0.010567296996662959, 0.02261772339636633, 0.03578049684835002, 0.06358917315535781, 0.07452725250278086, 0.12625139043381536, 0.1453466814979607, 0.1553578049684835, 0.10641453466814979, 0.11067853170189099, 0.05635891731553578, 0.03096032628846867, 0.023730070448646643, 0.013348164627363738, 0.006674082313681869, 0.004263997033741194, 0.0011123470522803114, 0.0, 0.0, 0.0, 0.0, 0.0, 0.0], [0.0, 0.0, 0.0, 0.0, 0.0003728560775540641, 0.0, 0.0009321401938851603, 0.0013049962714392245, 0.002609992542878449, 0.0044742729306487695, 0.013795674869500374, 0.020320656226696494, 0.041200596569724086, 0.06450410141685309, 0.1017897091722595, 0.13329604772557793, 0.1575316927665921, 0.09433258762117823, 0.16088739746457867, 0.05947054436987323, 0.03933631618195377, 0.045115585384041756, 0.018829231916480237, 0.013609246830723341, 0.015100671140939598, 0.005965697240865026, 0.004287844891871738, 0.0009321401938851603, 0.0, 0.0, 0.0, 0.0], [0.0, 0.00132890365448505, 0.000664451827242525, 0.000664451827242525, 0.0019933554817275745, 0.003986710963455149, 0.005980066445182724, 0.0106312292358804, 0.02724252491694352, 0.04717607973421927, 0.053820598006644516, 0.0850498338870432, 0.08637873754152824, 0.11295681063122924, 0.13687707641196012, 0.12093023255813953, 0.10564784053156147, 0.05514950166112957, 0.07840531561461794, 0.02458471760797342, 0.015282392026578074, 0.01727574750830565, 0.004651162790697674, 0.0, 0.0033222591362126247, 0.0, 0.0, 0.0, 0.0, 0.0, 0.0, 0.0], [0.0, 0.0, 0.0, 0.0026954177897574125, 0.0, 0.004043126684636119, 0.004043126684636119, 0.01752021563342318, 0.02425876010781671, 0.026954177897574125, 0.0444743935309973, 0.05256064690026954, 0.07547169811320754, 0.05929919137466307, 0.12129380053908356, 0.11320754716981132, 0.14824797843665768, 0.09433962264150944, 0.10107816711590296, 0.0431266846361186, 0.018867924528301886, 0.014824797843665768, 0.01078167115902965, 0.01078167115902965, 0.004043126684636119, 0.004043126684636119, 0.004043126684636119, 0.0, 0.0, 0.0, 0.0, 0.0], [0.00039674667724657806, 0.0, 0.0, 0.0, 0.0007934933544931561, 0.0011902400317397343, 0.0035707200952192026, 0.0077365602063082725, 0.012497520333267209, 0.02241618726443166, 0.04324538781987701, 0.062090854989089464, 0.0868875223170006, 0.10771672287244595, 0.14481253719500098, 0.14322555048601468, 0.12378496330093236, 0.07696885538583614, 0.07637373536996628, 0.027970640745883752, 0.020630827216822058, 0.019638960523705614, 0.0077365602063082725, 0.0035707200952192026, 0.004760960126958937, 0.0009918666931164452, 0.0009918666931164452, 0.0, 0.0, 0.0, 0.0, 0.0], [0.0, 0.0, 0.0, 0.0007719027402547279, 0.00038595137012736397, 0.0, 0.0019297568506368198, 0.0019297568506368198, 0.005017367811655731, 0.015438054805094558, 0.028560401389424932, 0.0331918178309533, 0.04631416441528367, 0.07371671169432652, 0.10729448089540718, 0.12041682747973756, 0.1485912774990351, 0.09918950212273253, 0.12041682747973756, 0.05866460825935932, 0.03936703975299112, 0.03434967194133539, 0.018911617136240833, 0.011192589733693555, 0.02277113083751447, 0.007719027402547279, 0.0030876109610189118, 0.0007719027402547279, 0.0, 0.0, 0.0, 0.0], [0.0, 0.0, 0.0, 0.0, 0.0005505092210294523, 0.0, 0.0011010184420589045, 0.0013762730525736307, 0.00495458298926507, 0.014037985136251032, 0.018717313515001378, 0.03275529865125241, 0.05394990366088632, 0.0823011285439031, 0.11450591797412607, 0.1453344343517754, 0.15634461877236444, 0.09661436829066887, 0.1285439031103771, 0.05670244976603358, 0.03358106248279659, 0.028626479493531518, 0.011010184420589045, 0.007707129094412331, 0.006606110652353427, 0.0038535645472061657, 0.0008257638315441783, 0.0, 0.0, 0.0, 0.0, 0.0], [0.0003315100281783524, 0.0001657550140891762, 0.0001657550140891762, 0.0001657550140891762, 0.0004972650422675286, 0.0014917951268025858, 0.0018233051549809381, 0.003978120338140228, 0.007458975634012929, 0.013260401127134096, 0.03248798276147853, 0.046577158959058514, 0.07906514172053705, 0.10575169898889442, 0.13459307144041108, 0.14288082214486988, 0.14818498259572352, 0.09298856290402785, 0.08834742250953091, 0.04259903862091828, 0.0208851317752362, 0.019061826620255264, 0.009779545831261395, 0.0034808552958727, 0.0029835902536051715, 0.000994530084535057, 0.0, 0.0, 0.0, 0.0, 0.0, 0.0], [0.0, 0.0, 0.0, 0.0007482229704451926, 0.001122334455667789, 0.001122334455667789, 0.001122334455667789, 0.0037411148522259632, 0.005611672278338945, 0.010475121586232696, 0.025813692480359147, 0.03890759446315002, 0.06584362139917696, 0.08903853348297792, 0.12383090160867939, 0.1638608305274972, 0.1440329218106996, 0.09801720912832024, 0.08754208754208755, 0.04489337822671156, 0.035166479610924055, 0.025065469509913955, 0.015712682379349047, 0.004863449307893753, 0.008604564160119716, 0.0029928918817807705, 0.0018705574261129816, 0.0, 0.0, 0.0, 0.0, 0.0], [0.0, 0.0, 0.0, 0.0, 0.0, 0.0006295247088448222, 0.0009442870632672333, 0.0031476235442241107, 0.003462385898646522, 0.004406672961913755, 0.012590494176896443, 0.02612527541706012, 0.03525338369531004, 0.04973245199874095, 0.09631728045325778, 0.12401636764242996, 0.15265974189486936, 0.10953729933899906, 0.14510544538873152, 0.07050676739062008, 0.04060434372049103, 0.06169342146679257, 0.023921938936103244, 0.015738117721120555, 0.013849543594586088, 0.008183821214982689, 0.0015738117721120553, 0.0, 0.0, 0.0, 0.0, 0.0], [0.0, 0.0, 0.00018608113137327876, 0.0, 0.00018608113137327876, 0.0003721622627465575, 0.0009304056568663938, 0.002232973576479345, 0.003907703758838854, 0.008373650911797544, 0.016933382954968365, 0.036471901749162636, 0.06103461109043543, 0.10178637886118348, 0.13416449572013397, 0.1285820617789356, 0.1427242277633048, 0.08987718645329364, 0.11555638258280611, 0.04968366207666543, 0.02828433196873837, 0.03368068477856345, 0.01786378861183476, 0.006885001860811314, 0.012281354670636397, 0.00446594715295869, 0.0027912169705991813, 0.000744324525493115, 0.0, 0.0, 0.0, 0.0], [0.0, 0.0, 0.00012637432073802604, 0.0, 0.0, 0.0002527486414760521, 0.0003791229622140781, 0.0013901175281182863, 0.0029066093769745988, 0.008719828130923797, 0.016555036016681412, 0.031467205863768485, 0.05509920384177935, 0.08264880576266903, 0.12397320864400353, 0.1508909389612031, 0.16580310880829016, 0.10034121066599266, 0.13673701503854416, 0.044357386579047135, 0.0271704789586756, 0.029192468090484015, 0.009098951093137875, 0.0035384809806647288, 0.006571464678377353, 0.0017692404903323644, 0.0010109945659042083, 0.0, 0.0, 0.0, 0.0, 0.0], [0.0, 0.0, 0.0, 0.0, 0.0, 0.0001414027149321267, 0.0007070135746606335, 0.0008484162895927602, 0.002828054298642534, 0.007211538461538462, 0.010746606334841629, 0.02389705882352941, 0.04383484162895927, 0.07140837104072398, 0.11623303167420815, 0.16105769230769232, 0.18834841628959276, 0.11213235294117647, 0.14522058823529413, 0.04496606334841629, 0.02474547511312217, 0.030118778280542987, 0.007070135746606335, 0.0019796380090497737, 0.0035350678733031674, 0.0022624434389140274, 0.0007070135746606335, 0.0, 0.0, 0.0, 0.0, 0.0], [0.0, 0.00684931506849315, 0.0, 0.00684931506849315, 0.00684931506849315, 0.02054794520547945, 0.04794520547945205, 0.02054794520547945, 0.0821917808219178, 0.1095890410958904, 0.03424657534246575, 0.03424657534246575, 0.0821917808219178, 0.1232876712328767, 0.07534246575342465, 0.11643835616438356, 0.06164383561643835, 0.04794520547945205, 0.0547945205479452, 0.0136986301369863, 0.0136986301369863, 0.02054794520547945, 0.0136986301369863, 0.00684931506849315, 0.0, 0.0, 0.0, 0.0, 0.0, 0.0, 0.0, 0.0]]}, "ranks": {"labels": ["Unranked", "Combatatent I", "Combatatent II", "Challenger I", "Challenger II", "Rival I", "Rival II", "Duelist", "Elite"], "data": [[0.16766467065868262, 0.16167664670658682, 0.23353293413173654, 0.20958083832335328, 0.10179640718562874, 0.09580838323353294, 0.029940119760479042, 0.0, 0.0], [0.06472919418758256, 0.11162483487450463, 0.1737120211360634, 0.26816380449141347, 0.21994715984147953, 0.1010568031704095, 0.03302509907529723, 0.021136063408190225, 0.0066050198150594455], [0.017075978511128166, 0.030314658480429777, 0.08077513430544897, 0.17210283960092096, 0.2542210283960092, 0.23963929393706832, 0.07290867229470453, 0.1011128165771297, 0.0318495778971604], [0.03264303264303264, 0.05914355914355914, 0.13724113724113723, 0.24043524043524042, 0.2727272727272727, 0.16216216216216217, 0.05124605124605124, 0.03667953667953668, 0.007722007722007722], [0.23333333333333334, 0.1, 0.3, 0.016666666666666666, 0.11666666666666667, 0.15, 0.05, 0.03333333333333333, 0.0], [0.014781491002570694, 0.04129177377892031, 0.12339331619537275, 0.24582262210796915, 0.2577120822622108, 0.16131105398457585, 0.061696658097686374, 0.06780205655526993, 0.026188946015424163], [0.07445495680789799, 0.11147675853558206, 0.19662690250925546, 0.25915261209378854, 0.19004524886877827, 0.08103661044837515, 0.030028794734677088, 0.03496503496503497, 0.02221308103661045], [0.31446540880503143, 0.22012578616352202, 0.22641509433962265, 0.11949685534591195, 0.06289308176100629, 0.050314465408805034, 0.006289308176100629, 0.0, 0.0], [0.07363344051446945, 0.15192926045016078, 0.2369774919614148, 0.2565916398713826, 0.15128617363344052, 0.06655948553054662, 0.029260450160771705, 0.02829581993569132, 0.005466237942122186], [0.05279232111692845, 0.0824607329842932, 0.16448516579406633, 0.2456369982547993, 0.2469458987783595, 0.12783595113438045, 0.03534031413612566, 0.03795811518324607, 0.006544502617801047], [0.07747148288973384, 0.1397338403041825, 0.20912547528517111, 0.2735266159695818, 0.16634980988593157, 0.07533269961977186, 0.029467680608365018, 0.02352661596958175, 0.005465779467680608], [0.03442109968708091, 0.07867679928475638, 0.14193115780062585, 0.24877067501117567, 0.25391148860080465, 0.1430487259722843, 0.04537326776933393, 0.04313813142601699, 0.010728654447921324], [0.042569365260357275, 0.10338274420372481, 0.16647662485746864, 0.26586849106803495, 0.2394526795895097, 0.10908399847966553, 0.03686811098441657, 0.027366020524515394, 0.008931965032307108], [0.012001297437560817, 0.041193642555951995, 0.10768731754784301, 0.23159260460590333, 0.29095037301329874, 0.17807330522218617, 0.06389879987025625, 0.06097956535841713, 0.013623094388582549], [0.04008746355685131, 0.08527696793002916, 0.13848396501457727, 0.22230320699708456, 0.2325072886297376, 0.12536443148688048, 0.06997084548104957, 0.053206997084548104, 0.03279883381924198], [0.03361094586555621, 0.07555026769779893, 0.17727543129089826, 0.26621058893515764, 0.2204045211183819, 0.12314098750743604, 0.044021415823914334, 0.045211183819155266, 0.014574657941701367], [0.034940944881889764, 0.0750492125984252, 0.15378937007874016, 0.2534448818897638, 0.24138779527559054, 0.14247047244094488, 0.04232283464566929, 0.04133858267716536, 0.015255905511811024], [0.125, 0.125, 0.125, 0.20833333333333334, 0.20833333333333334, 0.0625, 0.08333333333333333, 0.0625, 0.0], [0.015242494226327945, 0.04203233256351039, 0.11562740569668976, 0.2660508083140878, 0.27236335642802156, 0.14580446497305619, 0.06605080831408776, 0.06497305619707468, 0.011855273287143957], [0.01307639366827254, 0.030052764395503556, 0.07455838495067676, 0.17687543014452856, 0.2697866483138334, 0.2112869924294563, 0.09130534526267492, 0.09841706813489333, 0.03464097270016059], [0.02108108108108108, 0.04824324324324324, 0.08864864864864865, 0.20851351351351352, 0.25797297297297295, 0.1954054054054054, 0.07932432432432432, 0.08175675675675675, 0.019054054054054054], [0.02457002457002457, 0.044226044226044224, 0.16953316953316952, 0.3022113022113022, 0.2972972972972973, 0.13267813267813267, 0.029484029484029485, 0.0, 0.0], [0.012823422605537902, 0.035746709033136634, 0.09146618247843849, 0.19655015887426236, 0.28188833408987746, 0.2223104857013164, 0.07364956876985929, 0.07013163867453473, 0.015433499773036768], [0.015201999167013744, 0.04529362765514369, 0.1445231153685964, 0.30726780508121615, 0.29477301124531446, 0.13140358184089962, 0.03654727197001249, 0.021553519366930445, 0.0034360683048729698], [0.022988505747126436, 0.05839822024471635, 0.13811642565813867, 0.27159807193177604, 0.2617723396366333, 0.14441972562106042, 0.053578049684835004, 0.04375231738969225, 0.005376344086021506], [0.009694258016405667, 0.03411633109619687, 0.10570469798657718, 0.23508575689783742, 0.2518642803877703, 0.1929530201342282, 0.06674123788217748, 0.07755406413124534, 0.026286353467561523], [0.09966777408637874, 0.1388704318936877, 0.19933554817275748, 0.2578073089700997, 0.16079734219269104, 0.09036544850498339, 0.027906976744186046, 0.021926910299003323, 0.0033222591362126247], [0.07951482479784366, 0.09703504043126684, 0.1347708894878706, 0.23450134770889489, 0.24258760107816713, 0.12668463611859837, 0.03638814016172507, 0.03638814016172507, 0.012129380053908356], [0.04860146796270581, 0.10533624280896647, 0.19460424518944655, 0.2880380876810157, 0.2007538186867685, 0.09164848244395953, 0.03332672088871256, 0.03094624082523309, 0.006744693513191827], [0.02547279042840602, 0.061752219220378234, 0.12003087610961019, 0.22771130837514472, 0.24778077962176764, 0.14974913160941722, 0.06869934388267078, 0.06445387881126978, 0.03434967194133539], [0.02202036884117809, 0.05147261216625378, 0.13625103220478943, 0.25984035232590147, 0.2529589870630333, 0.16157445637214424, 0.057252958987063035, 0.04734379300853289, 0.01128543903110377], [0.029338637493784188, 0.07906514172053705, 0.18481684070943147, 0.27747389358528096, 0.24117354549975137, 0.11437095972153158, 0.03746063318415382, 0.03232222774738936, 0.003978120338140228], [0.023943135054246164, 0.06472128694350916, 0.15488215488215487, 0.2876917321361766, 0.24205013093901984, 0.1111111111111111, 0.056490834268612046, 0.04564160119715675, 0.013468013468013467], [0.012590494176896443, 0.03871576959395656, 0.08498583569405099, 0.22033364809568776, 0.26219704123386844, 0.18570978910922253, 0.07050676739062008, 0.10135347812401636, 0.023607176581680833], [0.01618905842947525, 0.053405284704131, 0.1628209899516189, 0.2627465574990696, 0.23260141421659844, 0.14328247115742462, 0.05024190547078526, 0.05842947525120953, 0.020282843319687383], [0.013774800960444837, 0.048022241880449894, 0.13774800960444838, 0.2748641476052066, 0.26614431947428285, 0.1636547453557437, 0.04461013522052319, 0.041829900164286615, 0.009351699734613927], [0.011736425339366516, 0.03464366515837104, 0.11524321266968326, 0.27729072398190047, 0.3004807692307692, 0.16798642533936653, 0.04694570135746606, 0.039168552036199095, 0.006504524886877828], [0.3013698630136986, 0.0684931506849315, 0.2054794520547945, 0.1917808219178082, 0.1095890410958904, 0.0684931506849315, 0.0136986301369863, 0.0410958904109589, 0.0]]}, "ranksDetailed": {"labels": ["Unranked", "Combatatant", "Challenger", "Rival", "Duelist", "Elite"], "data": [[0.16766467065868262, 0.39520958083832336, 0.31137724550898205, 0.12574850299401197, 0.0, 0.0], [0.06472919418758256, 0.285336856010568, 0.48811096433289297, 0.13408190224570674, 0.021136063408190225, 0.0066050198150594455], [0.017075978511128166, 0.11108979278587874, 0.4263238679969302, 0.31254796623177283, 0.1011128165771297, 0.0318495778971604], [0.03264303264303264, 0.19638469638469638, 0.5131625131625132, 0.21340821340821342, 0.03667953667953668, 0.007722007722007722], [0.23333333333333334, 0.4, 0.13333333333333333, 0.2, 0.03333333333333333, 0.0], [0.014781491002570694, 0.16468508997429307, 0.50353470437018, 0.22300771208226222, 0.06780205655526993, 0.026188946015424163], [0.07445495680789799, 0.3081036610448375, 0.44919786096256686, 0.11106540518305225, 0.03496503496503497, 0.02221308103661045], [0.31446540880503143, 0.44654088050314467, 0.18238993710691823, 0.05660377358490566, 0.0, 0.0], [0.07363344051446945, 0.3889067524115756, 0.40787781350482316, 0.09581993569131833, 0.02829581993569132, 0.005466237942122186], [0.05279232111692845, 0.2469458987783595, 0.49258289703315883, 0.1631762652705061, 0.03795811518324607, 0.006544502617801047], [0.07747148288973384, 0.3488593155893536, 0.4398764258555133, 0.10480038022813688, 0.02352661596958175, 0.005465779467680608], [0.03442109968708091, 0.2206079570853822, 0.5026821636119804, 0.18842199374161825, 0.04313813142601699, 0.010728654447921324], [0.042569365260357275, 0.26985936906119345, 0.5053211706575447, 0.1459521094640821, 0.027366020524515394, 0.008931965032307108], [0.012001297437560817, 0.148880960103795, 0.5225429776192021, 0.24197210509244244, 0.06097956535841713, 0.013623094388582549], [0.04008746355685131, 0.22376093294460642, 0.45481049562682213, 0.19533527696793002, 0.053206997084548104, 0.03279883381924198], [0.03361094586555621, 0.2528256989886972, 0.4866151100535396, 0.16716240333135038, 0.045211183819155266, 0.014574657941701367], [0.034940944881889764, 0.22883858267716536, 0.49483267716535434, 0.18479330708661418, 0.04133858267716536, 0.015255905511811024], [0.125, 0.25, 0.4166666666666667, 0.14583333333333334, 0.0625, 0.0], [0.015242494226327945, 0.15765973826020016, 0.5384141647421093, 0.21185527328714396, 0.06497305619707468, 0.011855273287143957], [0.01307639366827254, 0.10461114934618032, 0.44666207845836203, 0.30259233769213123, 0.09841706813489333, 0.03464097270016059], [0.02108108108108108, 0.13689189189189188, 0.4664864864864865, 0.27472972972972975, 0.08175675675675675, 0.019054054054054054], [0.02457002457002457, 0.21375921375921375, 0.5995085995085995, 0.16216216216216217, 0.0, 0.0], [0.012823422605537902, 0.12721289151157514, 0.4784384929641398, 0.2959600544711757, 0.07013163867453473, 0.015433499773036768], [0.015201999167013744, 0.1898167430237401, 0.6020408163265306, 0.16795085381091213, 0.021553519366930445, 0.0034360683048729698], [0.022988505747126436, 0.19651464590285503, 0.5333704115684094, 0.19799777530589543, 0.04375231738969225, 0.005376344086021506], [0.009694258016405667, 0.13982102908277405, 0.48695003728560776, 0.25969425801640567, 0.07755406413124534, 0.026286353467561523], [0.09966777408637874, 0.3382059800664452, 0.4186046511627907, 0.11827242524916944, 0.021926910299003323, 0.0033222591362126247], [0.07951482479784366, 0.23180592991913745, 0.477088948787062, 0.16307277628032346, 0.03638814016172507, 0.012129380053908356], [0.04860146796270581, 0.299940487998413, 0.4887919063677842, 0.12497520333267209, 0.03094624082523309, 0.006744693513191827], [0.02547279042840602, 0.18178309532998843, 0.4754920879969124, 0.21844847549208798, 0.06445387881126978, 0.03434967194133539], [0.02202036884117809, 0.18772364437104322, 0.5127993393889347, 0.21882741535920727, 0.04734379300853289, 0.01128543903110377], [0.029338637493784188, 0.2638819824299685, 0.5186474390850323, 0.1518315929056854, 0.03232222774738936, 0.003978120338140228], [0.023943135054246164, 0.21960344182566405, 0.5297418630751964, 0.16760194537972314, 0.04564160119715675, 0.013468013468013467], [0.012590494176896443, 0.12370160528800755, 0.4825306893295562, 0.2562165564998426, 0.10135347812401636, 0.023607176581680833], [0.01618905842947525, 0.2162262746557499, 0.495347971715668, 0.1935243766282099, 0.05842947525120953, 0.020282843319687383], [0.013774800960444837, 0.18577025148489826, 0.5410084670794895, 0.2082648805762669, 0.041829900164286615, 0.009351699734613927], [0.011736425339366516, 0.1498868778280543, 0.5777714932126696, 0.2149321266968326, 0.039168552036199095, 0.006504524886877828], [0.3013698630136986, 0.273972602739726, 0.3013698630136986, 0.0821917808219178, 0.0410958904109589, 0.0]]}}}, "eu": {"histType": {"histogram": {"labels": ["0", "100", "200", "300", "400", "500", "600", "700", "800", "900", "1000", "1100", "1200", "1300", "1400", "1500", "1600", "1700", "1800", "1900", "2000", "2100", "2200", "2300", "2400", "2500", "2600", "2700", "2800", "2900", "3000", "3100"], "data": [[0.0, 0.0, 0.0, 0.0, 0.0, 0.007352941176470588, 0.014705882352941176, 0.022058823529411766, 0.0661764705882353, 0.08088235294117647, 0.08823529411764706, 0.051470588235294115, 0.09558823529411764, 0.11029411764705882, 0.13970588235294118, 0.07352941176470588, 0.09558823529411764, 0.051470588235294115, 0.058823529411764705, 0.0, 0.014705882352941176, 0.022058823529411766, 0.007352941176470588, 0.0, 0.0, 0.0, 0.0, 0.0, 0.0, 0.0, 0.0, 0.0], [0.0, 0.0, 0.0007199424046076314, 0.0007199424046076314, 0.0007199424046076314, 0.003599712023038157, 0.007199424046076314, 0.008639308855291577, 0.0251979841612671, 0.03311735061195104, 0.04103671706263499, 0.07127429805615551, 0.08567314614830814, 0.11231101511879049, 0.1353491720662347, 0.1331893448524118, 0.1331893448524118, 0.07055435565154787, 0.07847372210223182, 0.022318214542836574, 0.010079193664506839, 0.013678905687544997, 0.004319654427645789, 0.005039596832253419, 0.0028797696184305254, 0.0007199424046076314, 0.0, 0.0, 0.0, 0.0, 0.0, 0.0], [0.0, 0.00020652622883106156, 0.0, 0.00020652622883106156, 0.00020652622883106156, 0.00020652622883106156, 0.0008261049153242462, 0.002271788517141677, 0.004750103263114415, 0.007434944237918215, 0.016522098306484923, 0.022304832713754646, 0.03345724907063197, 0.046055349029326724, 0.07434944237918216, 0.08921933085501858, 0.15220983064849236, 0.10429574555968608, 0.19558033870301528, 0.07063197026022305, 0.05204460966542751, 0.060512185047501034, 0.02271788517141677, 0.014250309789343246, 0.01858736059479554, 0.0053696819496076, 0.0028913672036348617, 0.0028913672036348617, 0.0, 0.0, 0.0, 0.0], [0.0, 0.00016181229773462783, 0.0, 0.00016181229773462783, 0.00016181229773462783, 0.0004854368932038835, 0.0011326860841423948, 0.00372168284789644, 0.006310679611650485, 0.01262135922330097, 0.02411003236245955, 0.03770226537216829, 0.053559870550161814, 0.06957928802588997, 0.11731391585760517, 0.134789644012945, 0.1673139158576052, 0.11067961165048544, 0.13705501618122978, 0.055825242718446605, 0.023624595469255664, 0.023462783171521034, 0.008090614886731391, 0.0040453074433656954, 0.005339805825242718, 0.0016181229773462784, 0.0008090614886731392, 0.00032362459546925567, 0.0, 0.0, 0.0, 0.0], [0.0, 0.0, 0.0, 0.0, 0.0, 0.0, 0.03508771929824561, 0.08771929824561403, 0.07017543859649122, 0.05263157894736842, 0.10526315789473684, 0.10526315789473684, 0.07017543859649122, 0.05263157894736842, 0.10526315789473684, 0.07017543859649122, 0.05263157894736842, 0.03508771929824561, 0.03508771929824561, 0.08771929824561403, 0.0, 0.017543859649122806, 0.0, 0.017543859649122806, 0.0, 0.0, 0.0, 0.0, 0.0, 0.0, 0.0, 0.0], [0.0, 0.0001595150741745095, 0.0001595150741745095, 0.000319030148349019, 0.0004785452225235285, 0.0001595150741745095, 0.000319030148349019, 0.002552241186792152, 0.003828361780188228, 0.007497208486201946, 0.01595150741745095, 0.024086776200350934, 0.04578082628808423, 0.07162226830435477, 0.10815122029031743, 0.12665496889456054, 0.1478704737597703, 0.10065401180411548, 0.1359068431966821, 0.06508215026319987, 0.036847982134311695, 0.05311851970011166, 0.020417929494337215, 0.007337693412027437, 0.013080236082309779, 0.006699633115329399, 0.0035093316318392086, 0.0017546658159196043, 0.0, 0.0, 0.0, 0.0], [0.0, 0.0, 0.0007630675314765357, 0.0011446012972148034, 0.0015261350629530714, 0.002289202594429607, 0.004578405188859214, 0.01259061426936284, 0.02518122853872568, 0.033956505150705835, 0.04959938954597482, 0.06791301030141167, 0.08508202975963373, 0.10606638687523846, 0.11140785959557421, 0.12247233880198398, 0.11522319725295689, 0.06791301030141167, 0.06676840900419687, 0.033956505150705835, 0.017932086989698587, 0.025562762304463946, 0.01030141167493323, 0.009156810377718427, 0.01259061426936284, 0.007249141549027089, 0.0049599389545974815, 0.0038153376573826785, 0.0, 0.0, 0.0, 0.0], [0.0, 0.0, 0.0, 0.0, 0.0, 0.017699115044247787, 0.008849557522123894, 0.061946902654867256, 0.035398230088495575, 0.07079646017699115, 0.07964601769911504, 0.09734513274336283, 0.07079646017699115, 0.07079646017699115, 0.13274336283185842, 0.17699115044247787, 0.08849557522123894, 0.02654867256637168, 0.035398230088495575, 0.008849557522123894, 0.017699115044247787, 0.0, 0.0, 0.0, 0.0, 0.0, 0.0, 0.0, 0.0, 0.0, 0.0, 0.0], [0.0004832474226804124, 0.00032216494845360824, 0.0006443298969072165, 0.0006443298969072165, 0.0006443298969072165, 0.0016108247422680412, 0.0043492268041237115, 0.010309278350515464, 0.023356958762886598, 0.04059278350515464, 0.06475515463917526, 0.08778994845360824, 0.12322809278350516, 0.11775128865979381, 0.12918814432989692, 0.1130798969072165, 0.09133376288659793, 0.05267396907216495, 0.05573453608247423, 0.02931701030927835, 0.017396907216494846, 0.017719072164948453, 0.007409793814432989, 0.0043492268041237115, 0.004188144329896907, 0.0009664948453608248, 0.00016108247422680412, 0.0, 0.0, 0.0, 0.0, 0.0], [0.0, 0.0, 0.0005652911249293386, 0.0, 0.0011305822498586771, 0.0011305822498586771, 0.0011305822498586771, 0.008479366873940079, 0.013001695873374788, 0.018089315997738834, 0.04409270774448841, 0.048049745618993785, 0.07009609949123799, 0.09496890898812889, 0.11362351611079706, 0.12323346523459582, 0.1492368569813454, 0.0847936687394008, 0.11249293386093838, 0.027699265121537593, 0.035613340870548335, 0.02882984737139627, 0.011871113623516111, 0.006218202374222725, 0.002826455624646693, 0.0022611644997173543, 0.0005652911249293386, 0.0, 0.0, 0.0, 0.0, 0.0], [0.00028968713789107763, 0.0005793742757821553, 0.00028968713789107763, 0.0011587485515643105, 0.0017381228273464658, 0.002317497103128621, 0.0034762456546929316, 0.011587485515643106, 0.021436848203939745, 0.03679026651216686, 0.05938586326767092, 0.08371958285052143, 0.10283893395133256, 0.10950173812282735, 0.14194669756662803, 0.11761297798377753, 0.097045191193511, 0.05996523754345307, 0.060834298957126304, 0.03157589803012746, 0.01853997682502897, 0.01825028968713789, 0.006373117033603708, 0.005504055619930475, 0.004055619930475087, 0.003186558516801854, 0.0, 0.0, 0.0, 0.0, 0.0, 0.0], [0.0, 0.0, 0.0, 0.0, 0.0009610764055742432, 0.0007208073041806823, 0.0019221528111484864, 0.005045651129264777, 0.011292647765497358, 0.01874098990869774, 0.032436328688130706, 0.04324843825084094, 0.06823642479577126, 0.0802498798654493, 0.12013455069678039, 0.12445939452186448, 0.14416146083613648, 0.09154252763094665, 0.11556943777030274, 0.04997597308986065, 0.029553099471407978, 0.03171552138395002, 0.012974531475252283, 0.004565112926477655, 0.00913022585295531, 0.0014416146083613647, 0.0009610764055742432, 0.0007208073041806823, 0.0, 0.0, 0.0002402691013935608, 0.0], [0.0, 0.0, 0.00022306491188935982, 0.00022306491188935982, 0.00022306491188935982, 0.0013383894713361588, 0.002230649118893598, 0.006915012268570154, 0.013606959625250948, 0.021637296453267903, 0.041267008699531565, 0.05242