{"region": {"us": {"histType": {"histogram": {"labels": ["0", "100", "200", "300", "400", "500", "600", "700", "800", "900", "1000", "1100", "1200", "1300", "1400", "1500", "1600", "1700", "1800", "1900", "2000", "2100", "2200", "2300", "2400", "2500", "2600", "2700", "2800", "2900", "3000", "3100", "3200"], "data": [[0.0, 0.0, 0.004842615012106538, 0.004842615012106538, 0.004842615012106538, 0.007263922518159807, 0.01937046004842615, 0.01937046004842615, 0.04116222760290557, 0.04116222760290557, 0.0847457627118644, 0.1162227602905569, 0.10653753026634383, 0.13559322033898305, 0.1089588377723971, 0.08958837772397095, 0.06779661016949153, 0.048426150121065374, 0.031476997578692496, 0.03389830508474576, 0.012106537530266344, 0.007263922518159807, 0.007263922518159807, 0.0, 0.007263922518159807, 0.0, 0.0, 0.0, 0.0, 0.0, 0.0, 0.0, 0.0], [0.0, 0.00032206119162640903, 0.0, 0.00032206119162640903, 0.0006441223832528181, 0.001610305958132045, 0.0045088566827697265, 0.008051529790660225, 0.012238325281803542, 0.02608695652173913, 0.037037037037037035, 0.05281803542673108, 0.08148148148148149, 0.09082125603864734, 0.1214170692431562, 0.13301127214170694, 0.15136876006441224, 0.08663446054750402, 0.11175523349436393, 0.040257648953301126, 0.01610305958132045, 0.00933977455716586, 0.005475040257648953, 0.001610305958132045, 0.0025764895330112722, 0.0012882447665056361, 0.001610305958132045, 0.0012882447665056361, 0.00032206119162640903, 0.0, 0.0, 0.0, 0.0], [0.00011111111111111112, 0.0, 0.0, 0.00022222222222222223, 0.00022222222222222223, 0.00022222222222222223, 0.00022222222222222223, 0.0005555555555555556, 0.0026666666666666666, 0.0032222222222222222, 0.0054444444444444445, 0.00788888888888889, 0.012222222222222223, 0.019444444444444445, 0.025777777777777778, 0.07, 0.19966666666666666, 0.12844444444444444, 0.2878888888888889, 0.07677777777777778, 0.04666666666666667, 0.05622222222222222, 0.019666666666666666, 0.009555555555555555, 0.017444444444444443, 0.005, 0.0026666666666666666, 0.0012222222222222222, 0.00011111111111111112, 0.00044444444444444447, 0.0, 0.0, 0.0], [0.0, 0.0, 0.0, 0.0, 0.00010612331529236973, 0.00010612331529236973, 0.0007428632070465882, 0.0018040963599702854, 0.004669425872864268, 0.007640878701050621, 0.011249071420991191, 0.013689907672715695, 0.025151225724291626, 0.031200254695956702, 0.044465669107502916, 0.05603311047437122, 0.1721320174042237, 0.14231136580706782, 0.24854080441472992, 0.09179666772789982, 0.053273904276769604, 0.053698397537939084, 0.018253210230287593, 0.0068980154940040325, 0.010930701475114083, 0.0029714528281863527, 0.0019102196752626551, 0.0004244932611694789, 0.0, 0.0, 0.0, 0.0, 0.0], [0.0, 0.0, 0.0, 0.0, 0.0070921985815602835, 0.0070921985815602835, 0.02127659574468085, 0.03546099290780142, 0.0425531914893617, 0.06382978723404255, 0.06382978723404255, 0.0851063829787234, 0.11347517730496454, 0.12056737588652482, 0.09219858156028368, 0.09219858156028368, 0.04964539007092199, 0.028368794326241134, 0.09219858156028368, 0.0425531914893617, 0.014184397163120567, 0.02127659574468085, 0.0070921985815602835, 0.0, 0.0, 0.0, 0.0, 0.0, 0.0, 0.0, 0.0, 0.0, 0.0], [0.0, 0.0, 0.0, 0.0, 0.0, 0.0, 0.0007703312424342467, 0.004071750852866733, 0.005282271376691978, 0.011334873995818201, 0.020028612303290415, 0.03048310773632662, 0.05271266644657203, 0.08308572686255089, 0.10784637394079453, 0.13051612193243095, 0.16165951359084407, 0.0955210740618466, 0.13359744690216793, 0.055133707494222514, 0.03059315505667437, 0.03895675140310333, 0.01430615164520744, 0.006932981181908221, 0.010784637394079455, 0.0031913722900847362, 0.001650709805216243, 0.0008803785627819963, 0.00044018928139099813, 0.00011004732034774953, 0.00011004732034774953, 0.0, 0.0], [0.0, 0.00024015369836695484, 0.00024015369836695484, 0.0019212295869356388, 0.001440922190201729, 0.0036023054755043226, 0.006484149855907781, 0.013448607108549471, 0.021853986551392892, 0.03386167146974063, 0.051152737752161385, 0.0670028818443804, 0.09534101825168108, 0.11071085494716619, 0.11311239193083573, 0.12247838616714697, 0.12175792507204611, 0.0670028818443804, 0.07660902977905859, 0.03025936599423631, 0.01681075888568684, 0.01681075888568684, 0.009365994236311239, 0.005043227665706052, 0.005523535062439962, 0.002881844380403458, 0.002881844380403458, 0.0009606147934678194, 0.0004803073967339097, 0.00024015369836695484, 0.0004803073967339097, 0.0, 0.0], [0.003134796238244514, 0.0, 0.0, 0.006269592476489028, 0.009404388714733543, 0.0219435736677116, 0.012539184952978056, 0.034482758620689655, 0.05956112852664577, 0.09404388714733543, 0.11912225705329153, 0.12852664576802508, 0.109717868338558, 0.10344827586206896, 0.07210031347962383, 0.06896551724137931, 0.050156739811912224, 0.025078369905956112, 0.03761755485893417, 0.025078369905956112, 0.003134796238244514, 0.003134796238244514, 0.006269592476489028, 0.006269592476489028, 0.0, 0.0, 0.0, 0.0, 0.0, 0.0, 0.0, 0.0, 0.0], [0.00029024767801857584, 0.0001934984520123839, 0.00048374613003095975, 0.00029024767801857584, 0.00048374613003095975, 0.0012577399380804953, 0.0014512383900928793, 0.004160216718266254, 0.007836687306501548, 0.016060371517027865, 0.026025541795665633, 0.03473297213622291, 0.043343653250773995, 0.04972910216718266, 0.15238003095975233, 0.14705882352941177, 0.15344427244582043, 0.09878095975232198, 0.10835913312693499, 0.04895510835913313, 0.032507739938080496, 0.02970201238390093, 0.016640866873065017, 0.008997678018575851, 0.010545665634674923, 0.003676470588235294, 0.001644736842105263, 0.0003869969040247678, 0.0005804953560371517, 0.0, 0.0, 0.0, 0.0], [0.0, 0.0, 0.0, 0.0, 0.0007920792079207921, 0.00039603960396039607, 0.001188118811881188, 0.0015841584158415843, 0.0015841584158415843, 0.008316831683168317, 0.011881188118811881, 0.013465346534653465, 0.022574257425742573, 0.031683168316831684, 0.056633663366336635, 0.07485148514851485, 0.09742574257425743, 0.0891089108910891, 0.1794059405940594, 0.07128712871287128, 0.07920792079207921, 0.1005940594059406, 0.046336633663366336, 0.01900990099009901, 0.05188118811881188, 0.015841584158415842, 0.011089108910891089, 0.009504950495049505, 0.002772277227722772, 0.0015841584158415843, 0.0, 0.0, 0.0], [0.0, 0.0, 0.00025581990278843696, 0.0, 0.0012790995139421847, 0.0007674597083653108, 0.0023023791250959325, 0.003581478639038117, 0.010488616014325915, 0.020465592223074956, 0.02532617037605526, 0.039140445126630855, 0.06395497569710923, 0.07700179073931952, 0.09951394218470197, 0.1233051931440266, 0.14863136352008186, 0.09542082374008698, 0.14172422614479407, 0.04860578152980302, 0.034791506779227425, 0.03351240726528524, 0.008697876694806856, 0.006907137375287797, 0.009721156305960604, 0.0017907393195190585, 0.0020465592223074956, 0.00025581990278843696, 0.0005116398055768739, 0.0, 0.0, 0.0, 0.0], [0.0, 0.0, 0.0010303967027305513, 0.000858663918942126, 0.0015455950540958269, 0.003262922891980079, 0.006869311351537008, 0.011334363730036065, 0.020951399622187877, 0.03692254851451142, 0.062339000515198355, 0.07642108878584922, 0.10836338657049631, 0.11488923235445647, 0.13532543362527907, 0.12021294865189765, 0.11557616348961017, 0.05941954319079512, 0.0599347415421604, 0.02610338313584063, 0.014425553838227717, 0.010647432594882362, 0.006525845783960158, 0.0037781212433453545, 0.002404258973037953, 0.000858663918942126, 0.0, 0.0, 0.0, 0.0, 0.0, 0.0, 0.0], [0.0, 0.0, 0.0, 0.0, 0.00012189176011701609, 0.00048756704046806434, 0.0019502681618722574, 0.0019502681618722574, 0.004631886884446611, 0.005972696245733789, 0.01401755241345685, 0.021331058020477817, 0.049000487567040465, 0.08434909800097513, 0.12749878108239884, 0.13371526084836666, 0.17137981472452463, 0.10665529010238908, 0.14492930277913213, 0.04558751828376402, 0.028522671867381767, 0.028278888347147733, 0.011457825450999512, 0.006582155046318869, 0.006947830326669917, 0.0030472940029254024, 0.0009751340809361287, 0.00012189176011701609, 0.00048756704046806434, 0.0, 0.0, 0.0, 0.0], [0.0002125624402168137, 0.0, 0.0, 0.00010628122010840685, 0.00010628122010840685, 0.0003188436603252205, 0.0024444680624933573, 0.0049952173450951215, 0.009990434690190243, 0.021149962801572962, 0.03358486555425656, 0.04527579976618132, 0.07035816771176533, 0.09065788075247104, 0.1087256881709002, 0.11690934211924753, 0.13890955468168775, 0.09342119247528961, 0.11680306089913912, 0.05229036029333617, 0.029439897970028696, 0.03273461579338931, 0.011053246891274312, 0.005101498565203528, 0.007652247847805293, 0.0029758741630353915, 0.002231905622276544, 0.0008502497608672548, 0.0008502497608672548, 0.0007439685407588479, 0.00010628122010840685, 0.0, 0.0], [0.0, 0.0, 0.0, 0.0, 0.00044802867383512545, 0.00022401433691756272, 0.0011200716845878136, 0.0011200716845878136, 0.005152329749103943, 0.006496415770609319, 0.014560931899641577, 0.02800179211469534, 0.05040322580645161, 0.06854838709677419, 0.0985663082437276, 0.11715949820788531, 0.1617383512544803, 0.11827956989247312, 0.1460573476702509, 0.06899641577060932, 0.03942652329749104, 0.03651433691756272, 0.017025089605734768, 0.005152329749103943, 0.009408602150537635, 0.0029121863799283156, 0.0011200716845878136, 0.0006720430107526882, 0.0, 0.0008960573476702509, 0.0, 0.0, 0.0], [0.0, 0.0, 0.0, 0.00034002040122407346, 0.0013600816048962938, 0.0017001020061203672, 0.0023801428085685142, 0.004080244814688882, 0.011900714042842571, 0.01870112206732404, 0.033662019721183274, 0.047602856171370285, 0.07004420265215913, 0.08500510030601836, 0.09962597755865352, 0.11152669160149609, 0.13362801768106086, 0.09690581434886093, 0.11288677320639239, 0.05236314178850731, 0.03468208092485549, 0.033321999319959196, 0.015980958857531452, 0.009520571234274057, 0.01292077524651479, 0.0047602856171370285, 0.0006800408024481469, 0.003060183611016661, 0.0010200612036722204, 0.00034002040122407346, 0.0, 0.0, 0.0], [0.0002108370229812355, 0.0, 0.000843348091924942, 0.000421674045962471, 0.0006325110689437065, 0.001265022137887413, 0.002530044275774826, 0.00611427366645583, 0.010541851149061775, 0.02024035420619861, 0.032679738562091505, 0.05081172253847776, 0.07864220957200084, 0.10078009698503057, 0.11827956989247312, 0.12418300653594772, 0.1366223908918406, 0.08496732026143791, 0.11490617752477335, 0.04364326375711575, 0.02340290955091714, 0.024246257642842082, 0.008644317942230655, 0.004849251528568416, 0.004849251528568416, 0.0018975332068311196, 0.0010541851149061775, 0.0014758591608686486, 0.000421674045962471, 0.000843348091924942, 0.0, 0.0, 0.0], [0.0, 0.0, 0.00013583265417006248, 0.00027166530834012495, 0.00040749796251018743, 0.0006791632708503124, 0.0016299918500407497, 0.003939146970931812, 0.007470795979353437, 0.01426242868785656, 0.02675903287150231, 0.04550393914697093, 0.07171964140179299, 0.09127954360228199, 0.11953273566965499, 0.12985601738657973, 0.15417006248302093, 0.08842705786471068, 0.13637598478674273, 0.039527302363488184, 0.022819885900570498, 0.022140722629720184, 0.007606628633523499, 0.005025808204292312, 0.005840804129312687, 0.0021733224667209996, 0.0013583265417006249, 0.00027166530834012495, 0.00013583265417006248, 0.0006791632708503124, 0.0, 0.0, 0.0], [0.0, 0.0, 0.0, 0.008130081300813009, 0.008130081300813009, 0.016260162601626018, 0.008130081300813009, 0.016260162601626018, 0.008130081300813009, 0.08130081300813008, 0.04065040650406504, 0.07317073170731707, 0.07317073170731707, 0.07317073170731707, 0.04878048780487805, 0.0975609756097561, 0.14634146341463414, 0.0975609756097561, 0.04065040650406504, 0.032520325203252036, 0.032520325203252036, 0.016260162601626018, 0.024390243902439025, 0.0, 0.008130081300813009, 0.016260162601626018, 0.008130081300813009, 0.024390243902439025, 0.0, 0.0, 0.0, 0.0, 0.0], [0.00020565552699228792, 0.00010282776349614396, 0.0, 0.0, 0.00010282776349614396, 0.00010282776349614396, 0.00020565552699228792, 0.0011311053984575836, 0.002365038560411311, 0.00493573264781491, 0.007917737789203084, 0.011002570694087404, 0.05223650385604113, 0.1003598971722365, 0.12730077120822622, 0.14529562982005143, 0.1756298200514139, 0.11465295629820052, 0.11876606683804627, 0.05275064267352185, 0.027660668380462727, 0.030437017994858612, 0.010796915167095116, 0.004113110539845758, 0.006992287917737789, 0.0022622107969151673, 0.0013367609254498715, 0.00041131105398457585, 0.0009254498714652956, 0.0, 0.0, 0.0, 0.0], [0.0, 0.0, 0.0, 0.00013217023526301876, 0.0, 0.0002643404705260375, 0.0013217023526301878, 0.0007930214115781126, 0.0037007665873645254, 0.004625958234205657, 0.009780597409463389, 0.01823949246629659, 0.029870473169442243, 0.044673539518900345, 0.0753370340999207, 0.10124240021147238, 0.154903515728258, 0.12648691514670896, 0.1796193497224425, 0.07850911974623315, 0.054982817869415807, 0.05604017975151996, 0.021147237642083004, 0.01070578905630452, 0.01612476870208829, 0.005418979645783769, 0.003304255881575469, 0.0011895321173671688, 0.0006608511763150939, 0.0002643404705260375, 0.0006608511763150939, 0.0, 0.0], [0.00018414510634379893, 9.207255317189946e-05, 0.0, 0.00018414510634379893, 0.00018414510634379893, 0.0005524353190313968, 0.0007365804253751957, 0.0017493785102660896, 0.004787772764938772, 0.014731608507503912, 0.02725347573888224, 0.0332381916950557, 0.05008746892551331, 0.0667526010496271, 0.08323358806739711, 0.1015560261486051, 0.13046680784458153, 0.11113157167848264, 0.15882515422152657, 0.07209280913359728, 0.046404566798637324, 0.049995396372341405, 0.018874873400239387, 0.009851763189393242, 0.01169321425283123, 0.002762176595156984, 0.0015652334039222909, 0.00036829021268759785, 0.0006445078722032962, 0.0, 0.0, 0.0, 0.0], [0.0, 0.0, 0.0, 0.0016286644951140066, 0.003257328990228013, 0.0, 0.0016286644951140066, 0.006514657980456026, 0.008143322475570033, 0.008143322475570033, 0.016286644951140065, 0.02768729641693811, 0.048859934853420196, 0.09609120521172639, 0.11400651465798045, 0.16775244299674266, 0.16449511400651465, 0.11726384364820847, 0.1237785016286645, 0.06026058631921824, 0.019543973941368076, 0.009771986970684038, 0.003257328990228013, 0.0, 0.0016286644951140066, 0.0, 0.0, 0.0, 0.0, 0.0, 0.0, 0.0, 0.0], [0.0, 0.0, 0.0, 8.177952240758914e-05, 0.0, 8.177952240758914e-05, 0.0002453385672227674, 0.0007360157016683023, 0.001799149492966961, 0.004579653254824992, 0.007114818449460255, 0.01324828263002944, 0.02101733725875041, 0.02960418711154727, 0.10598626104023552, 0.1159633627739614, 0.16445861956166177, 0.10827608766764803, 0.20175008177952242, 0.07319267255479228, 0.04546941445861956, 0.06166175989532221, 0.018891069676153092, 0.006460582270199542, 0.011939810271508014, 0.0038436375531566897, 0.0014720314033366045, 0.0013084723585214263, 0.0004088976120379457, 0.0004088976120379457, 0.0, 0.0, 0.0], [0.00018291567587342235, 9.145783793671118e-05, 9.145783793671118e-05, 0.0, 0.00045728918968355586, 0.00045728918968355586, 0.0002743735138101335, 0.0009145783793671117, 0.001097494055240534, 0.0053045546003292485, 0.009511615145417962, 0.01938906164258277, 0.0343881470642034, 0.045546003292482165, 0.0678617157490397, 0.08112310224986281, 0.25141759648801904, 0.15813060179257363, 0.1768794585695994, 0.0670385952076093, 0.032924821657216025, 0.02890067678800073, 0.009237241631607829, 0.0032924821657216025, 0.004115602707152003, 0.0006402048655569782, 0.0003658313517468447, 0.0003658313517468447, 0.0, 0.0, 0.0, 0.0, 0.0], [0.0001211827435773146, 0.0001211827435773146, 0.0002423654871546292, 0.0002423654871546292, 0.0004847309743092584, 0.0009694619486185168, 0.0021812893843916625, 0.003877847794474067, 0.005937954435288415, 0.010664081434803683, 0.02144934561318468, 0.03514299563742123, 0.05356277266117305, 0.06798351914687349, 0.09282598158022298, 0.12833252544837614, 0.159476490547746, 0.11027629665535628, 0.14069316529326223, 0.0631362094037809, 0.035021812893843915, 0.036354823073194376, 0.015026660203587009, 0.006301502666020358, 0.0060591371788657295, 0.001817741153659719, 0.0009694619486185168, 0.0007270964614638875, 0.0, 0.0, 0.0, 0.0, 0.0], [0.0, 0.0, 0.0, 0.0, 0.00028401022436807724, 0.00014200511218403862, 0.001136040897472309, 0.0014200511218403862, 0.004544163589889236, 0.006816245384833854, 0.015620562340244249, 0.024140869071286566, 0.039761431411530816, 0.06390230048281738, 0.09585345072422607, 0.12127236580516898, 0.15450156205623403, 0.09457540471456972, 0.180204487361545, 0.06063618290258449, 0.03777335984095427, 0.045299630786708324, 0.018176654359556944, 0.007810281170122124, 0.011502414086907128, 0.004686168702073275, 0.00411814825333712, 0.001846066458392502, 0.0015620562340244249, 0.001136040897472309, 0.0012780460096563477, 0.0, 0.0], [0.0, 0.00022406453058480843, 0.00022406453058480843, 0.00044812906116961686, 0.001568451714093659, 0.001568451714093659, 0.003809097019941743, 0.009410710284561953, 0.016804839793860632, 0.024647098364328927, 0.044364777055792066, 0.06184181044140712, 0.08043916647994623, 0.10441407125252072, 0.12570020165807752, 0.11628949137351557, 0.14765852565538876, 0.07438942415415639, 0.10732691015012323, 0.024871162894913736, 0.019493614160878334, 0.019717678691463143, 0.004929419672865786, 0.002464709836432893, 0.004929419672865786, 0.0013443871835088505, 0.00044812906116961686, 0.00044812906116961686, 0.00022406453058480843, 0.0, 0.0, 0.0, 0.0], [0.0, 0.0, 0.00047778308647873863, 0.001433349259436216, 0.0023889154323936935, 0.0019111323459149545, 0.003822264691829909, 0.011944577161968466, 0.013377926421404682, 0.014811275680840898, 0.034400382226469184, 0.04491161012900143, 0.06258958432871477, 0.08456760630673674, 0.11036789297658862, 0.10941232680363115, 0.15289058767319638, 0.09507883420926899, 0.12565695174390826, 0.042044911610129, 0.026278069756330624, 0.026755852842809364, 0.015289058767319636, 0.007644529383659818, 0.00716674629718108, 0.002866698518872432, 0.0009555661729574773, 0.0009555661729574773, 0.0, 0.0, 0.0, 0.0, 0.0], [0.00024277737314882253, 0.0, 0.0, 0.0, 0.00048555474629764507, 0.001335275552318524, 0.0033988832240835153, 0.0066763777615926195, 0.011774702597717892, 0.021364408837096383, 0.03326050012138869, 0.0528040786598689, 0.07696042728817674, 0.10427288176741928, 0.13874726875455207, 0.13741199320223355, 0.1326778344258315, 0.0818159747511532, 0.09274095654285021, 0.03641660597232338, 0.020636076717649915, 0.022578295702840496, 0.009104151493080845, 0.004491381403253216, 0.0066763777615926195, 0.001820830298616169, 0.0008497208060208788, 0.0009711094925952901, 0.0, 0.0003641660597232338, 0.00012138868657441127, 0.0, 0.0], [0.0, 0.0, 0.0, 0.0003278688524590164, 0.0003278688524590164, 0.000819672131147541, 0.0021311475409836068, 0.003114754098360656, 0.007704918032786885, 0.011147540983606558, 0.023442622950819673, 0.03, 0.058360655737704915, 0.08114754098360656, 0.10098360655737705, 0.11754098360655738, 0.149672131147541, 0.09475409836065574, 0.13557377049180327, 0.05622950819672131, 0.033278688524590164, 0.03983606557377049, 0.016065573770491802, 0.007868852459016393, 0.012786885245901639, 0.0060655737704918035, 0.005409836065573771, 0.0022950819672131148, 0.0013114754098360656, 0.0011475409836065574, 0.0006557377049180328, 0.0, 0.0], [0.0, 0.0001920860545524395, 0.0, 0.0, 0.000384172109104879, 0.0009604302727621974, 0.001536688436419516, 0.003073376872839032, 0.006338839800230503, 0.016711486746062237, 0.02689204763734153, 0.040530157510564734, 0.06492508643872455, 0.08624663849404533, 0.11198616980407222, 0.12658470995005763, 0.14656165962351134, 0.09431425278524778, 0.13503649635036497, 0.051094890510948905, 0.03092585478294276, 0.025739531310026893, 0.010372646945831733, 0.004033807145601229, 0.006338839800230503, 0.0024971187091817133, 0.0032654629273914716, 0.0013446023818670765, 0.001536688436419516, 0.0005762581636573184, 0.0, 0.0, 0.0], [0.00010829542993285683, 0.00010829542993285683, 0.00010829542993285683, 0.0, 0.00010829542993285683, 0.0009746588693957114, 0.0007580680095299979, 0.0023824994585228505, 0.003140567468052848, 0.005847953216374269, 0.014836473900801386, 0.0444011262724713, 0.0800303227203812, 0.10959497509205111, 0.13786008230452676, 0.14609053497942387, 0.15648689625297812, 0.09519168291098115, 0.10482997617500542, 0.044509421702404156, 0.021767381416504222, 0.01646090534979424, 0.007688975525232835, 0.0023824994585228505, 0.0029239766081871343, 0.0007580680095299979, 0.00021659085986571366, 0.0003248862897985705, 0.00010829542993285683, 0.0, 0.0, 0.0, 0.0], [0.0, 0.0, 0.0, 0.00018412815319462345, 0.00018412815319462345, 0.0011047689191677407, 0.0012888970723623642, 0.002761922297919352, 0.00589210090222795, 0.010679432885288161, 0.02393665991530105, 0.03719388694531394, 0.06867980114159455, 0.09408948628245259, 0.12760081016387406, 0.13938501196832995, 0.16019149327932242, 0.10292763763579452, 0.10384827840176764, 0.04216534708156877, 0.02614619775363653, 0.021727122076965567, 0.0117842018044559, 0.0038666912170870925, 0.007733382434174185, 0.0031301786043085988, 0.0016571533787516112, 0.0003682563063892469, 0.0011047689191677407, 0.00018412815319462345, 0.00018412815319462345, 0.0, 0.0], [0.0, 0.0, 0.0, 0.00019245573518090838, 0.00019245573518090838, 0.0013471901462663587, 0.0011547344110854503, 0.0023094688221709007, 0.004618937644341801, 0.00596612779060816, 0.014049268668206313, 0.021362586605080832, 0.0390685142417244, 0.061200923787528866, 0.09757505773672055, 0.12009237875288684, 0.15916089299461125, 0.11104695919938413, 0.17340261739799845, 0.06678214010777521, 0.036374133949191687, 0.041185527328714396, 0.016551193225558123, 0.007890685142417244, 0.010200153964588145, 0.00596612779060816, 0.001539645881447267, 0.00038491147036181676, 0.00019245573518090838, 0.00019245573518090838, 0.0, 0.0, 0.0], [0.0, 0.0, 0.00012116806009935781, 0.0, 0.00024233612019871562, 0.0003635041802980734, 0.00048467224039743125, 0.0029080334423845873, 0.0033927056827820186, 0.009451108687749909, 0.019629225736095966, 0.03586574578940991, 0.05876650914818854, 0.09499575911789652, 0.11559432933478735, 0.1266206228038289, 0.14297831091724222, 0.09172422149521386, 0.14237247061674543, 0.047619047619047616, 0.030655519205137524, 0.03198836786623046, 0.018054040954804312, 0.00666424330546468, 0.012964982430631286, 0.0026656973221858716, 0.0021810250817884407, 0.0014540167211922936, 0.00012116806009935781, 0.00012116806009935781, 0.0, 0.0, 0.0], [0.0, 0.0, 8.550662676357418e-05, 0.0, 8.550662676357418e-05, 8.550662676357418e-05, 0.0002565198802907225, 0.0008550662676357417, 0.0017956391620350578, 0.00470286447199658, 0.008721675929884567, 0.016502778965369815, 0.02787516032492518, 0.036083796494228305, 0.0546387345019239, 0.06147926464300983, 0.2069260367678495, 0.13185121846943137, 0.22830269345874304, 0.08422402736212056, 0.04685763146643865, 0.05147498931167165, 0.013766566908935442, 0.006070970500213766, 0.009918768704574605, 0.0035912783240701156, 0.0017101325352714834, 0.0007695596408721676, 0.0007695596408721676, 0.0005985463873450193, 0.0, 0.0, 0.0], [0.0, 0.0, 0.0, 0.00011263798152737103, 0.0004505519261094841, 0.0005631899076368552, 0.0009011038522189682, 0.0024780355936021626, 0.005406623113313809, 0.009686866411353908, 0.015994593376886686, 0.02939851317864384, 0.04933543590898851, 0.07287677404820905, 0.10835773822933092, 0.13201171435007886, 0.17278666366298717, 0.1127506195088984, 0.1609596756026132, 0.05192610948411804, 0.02613201171435008, 0.031088082901554404, 0.007884658706915973, 0.00326650146429376, 0.0028159495381842757, 0.0009011038522189682, 0.0007884658706915972, 0.0007884658706915972, 0.00033791394458211306, 0.0, 0.0, 0.0, 0.0], [0.0, 0.0036900369003690036, 0.0, 0.0036900369003690036, 0.0036900369003690036, 0.01845018450184502, 0.025830258302583026, 0.04428044280442804, 0.07380073800738007, 0.04428044280442804, 0.03690036900369004, 0.07749077490774908, 0.07011070110701106, 0.12546125461254612, 0.11439114391143912, 0.11808118081180811, 0.08118081180811808, 0.05166051660516605, 0.04428044280442804, 0.014760147601476014, 0.01107011070110701, 0.01845018450184502, 0.0036900369003690036, 0.014760147601476014, 0.0, 0.0, 0.0, 0.0, 0.0, 0.0, 0.0, 0.0, 0.0]]}, "ranks": {"labels": ["Unranked", "Combatatent I", "Combatatent II", "Challenger I", "Challenger II", "Rival I", "Rival II", "Duelist", "Elite"], "data": [[0.14285714285714285, 0.2009685230024213, 0.24213075060532688, 0.19854721549636803, 0.1162227602905569, 0.05811138014527845, 0.01937046004842615, 0.014527845036319613, 0.007263922518159807], [0.0537842190016103, 0.08985507246376812, 0.1723027375201288, 0.25442834138486314, 0.23800322061191626, 0.13655394524959744, 0.031561996779388084, 0.01642512077294686, 0.007085346215780998], [0.0074444444444444445, 0.013333333333333334, 0.03166666666666667, 0.09577777777777778, 0.32811111111111113, 0.32911111111111113, 0.08222222222222222, 0.08544444444444445, 0.02688888888888889], [0.015069510771516503, 0.024938979093706886, 0.05635148042024833, 0.10049877958187414, 0.3144433832112915, 0.3010718454844529, 0.0925395309349464, 0.07884962326223072, 0.01623686723973257], [0.1773049645390071, 0.14893617021276595, 0.23404255319148937, 0.18439716312056736, 0.07801418439716312, 0.1276595744680851, 0.02127659574468085, 0.028368794326241134, 0.0], [0.02145922746781116, 0.050511720039617035, 0.1357983933091229, 0.2383624958732255, 0.25718058765269064, 0.16474083856058105, 0.05458347089248377, 0.060195884230218995, 0.017167381974248927], [0.08309317963496637, 0.11815561959654179, 0.20605187319884727, 0.2355907780979827, 0.18876080691642652, 0.09462055715658022, 0.029058597502401536, 0.03121998078770413, 0.013448607108549471], [0.2413793103448276, 0.2476489028213166, 0.21316614420062696, 0.14106583072100312, 0.07523510971786834, 0.047021943573667714, 0.018808777429467086, 0.01567398119122257, 0.0], [0.032507739938080496, 0.060758513931888546, 0.09307275541795666, 0.2994388544891641, 0.2522252321981424, 0.13670665634674922, 0.05311532507739938, 0.055340557275541796, 0.0168343653250774], [0.013861386138613862, 0.025346534653465348, 0.05425742574257426, 0.1314851485148515, 0.18653465346534653, 0.21386138613861386, 0.11603960396039605, 0.16594059405940595, 0.09267326732673267], [0.039140445126630855, 0.0644666155026861, 0.14095676643642877, 0.22281913532872857, 0.24405218726016883, 0.1690969557431568, 0.056024558710667687, 0.04911742133537989, 0.014325914556152468], [0.08277520178602095, 0.13876008930104758, 0.22325261892495277, 0.25553838227717673, 0.1749957066804053, 0.07332989867765756, 0.027133779838571185, 0.020951399622187877, 0.003262922891980079], [0.015114578254509995, 0.03534861043393467, 0.1333495855680156, 0.2612140419307655, 0.2780351048269137, 0.17003900536323743, 0.049000487567040465, 0.046318868844466114, 0.011579717211116529], [0.03932405144011053, 0.07886066532043788, 0.16101604846423637, 0.22563503029014773, 0.23233074715697735, 0.1461366776490594, 0.05239664151344457, 0.04888936124986715, 0.015410776915718993], [0.014560931899641577, 0.04256272401433692, 0.11895161290322581, 0.2157258064516129, 0.2800179211469534, 0.18615591397849462, 0.06832437275985663, 0.05869175627240143, 0.015008960573476702], [0.04046242774566474, 0.08126487589255356, 0.15504930295817748, 0.2111526691601496, 0.2305338320299218, 0.143488609316559, 0.05644338660319619, 0.058823529411764705, 0.022781366882012922], [0.042799915665190806, 0.08349146110056926, 0.17942230655703142, 0.24246257642842084, 0.22158971115327852, 0.14168247944339027, 0.040269871389415984, 0.037739827113641156, 0.010541851149061775], [0.028796522684053246, 0.07226297201847325, 0.16299918500407498, 0.24938875305623473, 0.2425971203477316, 0.1593317033414833, 0.039391469709318123, 0.034773159467535994, 0.010459114371094811], [0.14634146341463414, 0.11382113821138211, 0.14634146341463414, 0.14634146341463414, 0.24390243902439024, 0.056910569105691054, 0.04878048780487805, 0.04065040650406504, 0.056910569105691054], [0.009151670951156812, 0.018920308483290488, 0.15259640102827762, 0.27259640102827765, 0.2902827763496144, 0.14889460154241646, 0.050282776349614394, 0.04534704370179948, 0.0119280205655527], [0.010837959291567539, 0.02802008987575998, 0.07454401268834258, 0.17657943431139309, 0.28139043087496696, 0.22376420830029078, 0.08934707903780069, 0.08789320644990749, 0.02762357916997092], [0.023202283399318662, 0.06049166743393794, 0.1168400699751404, 0.1847896142160022, 0.24159837952306418, 0.19786391676641193, 0.07945861338734923, 0.07872203296197404, 0.0170334223368014], [0.029315960912052116, 0.043973941368078175, 0.1449511400651466, 0.28175895765472314, 0.28175895765472314, 0.15960912052117263, 0.043973941368078175, 0.013029315960912053, 0.0016286644951140066], [0.007523716061498201, 0.020363101079489694, 0.050621524370297676, 0.22194962381419692, 0.27273470722930976, 0.24411187438665358, 0.07630029440628067, 0.08701341184167484, 0.019381746810598625], [0.008871410279860985, 0.02890067678800073, 0.07993415035668557, 0.1489848179989025, 0.40954819828059263, 0.2134625937442839, 0.06338028169014084, 0.041430400585330165, 0.0054874702762026705], [0.02484246243334949, 0.056592341250605915, 0.12154629180804653, 0.22115850702859913, 0.26975278720310225, 0.17656325739214737, 0.0622879301987397, 0.057682985942801746, 0.009573436742607853], [0.0143425163305879, 0.039761431411530816, 0.1036637318943482, 0.21712581652939505, 0.24907696677080374, 0.21371769383697814, 0.06489633626810565, 0.07128656631638738, 0.026128940641863108], [0.05870490701321981, 0.10620658749719919, 0.18485323773246695, 0.2419896930315931, 0.22204794980954515, 0.12144297557696616, 0.030248711628949137, 0.027111808200761818, 0.007394129509298678], [0.05016722408026756, 0.07931199235547062, 0.14715719063545152, 0.21978021978021978, 0.24796942188246537, 0.15241280458671763, 0.041567128523650264, 0.049689440993788817, 0.011944577161968466], [0.0452779800922554, 0.08606457878125759, 0.181233309055596, 0.27615926195678564, 0.2144938091769847, 0.11410536537994659, 0.035688273852876914, 0.036173828599174555, 0.010803593105122602], [0.025573770491803278, 0.053442622950819675, 0.13950819672131148, 0.2185245901639344, 0.24442622950819673, 0.1659016393442623, 0.05918032786885246, 0.06377049180327869, 0.029672131147540984], [0.029197080291970802, 0.06742220514790626, 0.15117172493276987, 0.23857087975412986, 0.24087591240875914, 0.16557817902420285, 0.051479062620053785, 0.040145985401459854, 0.0155589704187476], [0.013536928741607104, 0.05923760017327269, 0.18962529781243231, 0.2839506172839506, 0.2516785791639593, 0.12941303876976393, 0.04169374052414988, 0.026532380333549925, 0.004331817197314273], [0.022095378383354815, 0.06113054686061499, 0.16276928742404714, 0.266985822132204, 0.2631191309151169, 0.12575952863192782, 0.04640029460504511, 0.03737801509850856, 0.014361995949180629], [0.01578137028483449, 0.03541185527328714, 0.10026943802925327, 0.2176674364896074, 0.2702078521939954, 0.20919938414164743, 0.06735950731331794, 0.06562740569668976, 0.018475750577367205], [0.016963528413910092, 0.05549497152550588, 0.15376226826608505, 0.24221495213861627, 0.2347025324124561, 0.16902944383860413, 0.05161759360232643, 0.05670665212649945, 0.019508057675996608], [0.007866609662248824, 0.02522445489525438, 0.06395895681915348, 0.11611799914493373, 0.3387772552372809, 0.2739632321504917, 0.08542112013681061, 0.07131252672082086, 0.01735784523300556], [0.01959900878576256, 0.04539310655553053, 0.12221220995719757, 0.24036945257940978, 0.28553728317188554, 0.19024555079972966, 0.04877224600135165, 0.04223924307276414, 0.005631899076368551], [0.2177121771217712, 0.11439114391143912, 0.19557195571955718, 0.23247232472324722, 0.13284132841328414, 0.04797047970479705, 0.02214022140221402, 0.03690036900369004, 0.0]]}, "ranksDetailed": {"labels": ["Unranked", "Combatatant", "Challenger", "Rival", "Duelist", "Elite"], "data": [[0.14285714285714285, 0.4430992736077482, 0.31476997578692495, 0.0774818401937046, 0.014527845036319613, 0.007263922518159807], [0.0537842190016103, 0.26215780998389693, 0.4924315619967794, 0.1681159420289855, 0.01642512077294686, 0.007085346215780998], [0.0074444444444444445, 0.045, 0.42388888888888887, 0.41133333333333333, 0.08544444444444445, 0.02688888888888889], [0.015069510771516503, 0.08129045951395522, 0.41494216279316565, 0.39361137641939936, 0.07884962326223072, 0.01623686723973257], [0.1773049645390071, 0.3829787234042553, 0.2624113475177305, 0.14893617021276595, 0.028368794326241134, 0.0], [0.02145922746781116, 0.18631011334873995, 0.49554308352591614, 0.21932430945306483, 0.060195884230218995, 0.017167381974248927], [0.08309317963496637, 0.3242074927953891, 0.4243515850144092, 0.12367915465898174, 0.03121998078770413, 0.013448607108549471], [0.2413793103448276, 0.4608150470219436, 0.21630094043887146, 0.06583072100313479, 0.01567398119122257, 0.0], [0.032507739938080496, 0.1538312693498452, 0.5516640866873065, 0.1898219814241486, 0.055340557275541796, 0.0168343653250774], [0.013861386138613862, 0.0796039603960396, 0.318019801980198, 0.3299009900990099, 0.16594059405940595, 0.09267326732673267], [0.039140445126630855, 0.20542338193911486, 0.4668713225888974, 0.2251215144538245, 0.04911742133537989, 0.014325914556152468], [0.08277520178602095, 0.36201270822600035, 0.430534088957582, 0.10046367851622875, 0.020951399622187877, 0.003262922891980079], [0.015114578254509995, 0.16869819600195027, 0.5392491467576792, 0.2190394929302779, 0.046318868844466114, 0.011579717211116529], [0.03932405144011053, 0.23987671378467426, 0.4579657774471251, 0.198533319162504, 0.04888936124986715, 0.015410776915718993], [0.014560931899641577, 0.16151433691756273, 0.49574372759856633, 0.25448028673835127, 0.05869175627240143, 0.015008960573476702], [0.04046242774566474, 0.23631417885073105, 0.4416865011900714, 0.1999319959197552, 0.058823529411764705, 0.022781366882012922], [0.042799915665190806, 0.26291376765760066, 0.46405228758169936, 0.18195235083280625, 0.037739827113641156, 0.010541851149061775], [0.028796522684053246, 0.2352621570225482, 0.4919858734039663, 0.19872317305080142, 0.034773159467535994, 0.010459114371094811], [0.14634146341463414, 0.2601626016260163, 0.3902439024390244, 0.10569105691056911, 0.04065040650406504, 0.056910569105691054], [0.009151670951156812, 0.1715167095115681, 0.5628791773778921, 0.19917737789203085, 0.04534704370179948, 0.0119280205655527], [0.010837959291567539, 0.10256410256410256, 0.45796986518636, 0.31311128733809146, 0.08789320644990749, 0.02762357916997092], [0.023202283399318662, 0.17733173740907834, 0.4263879937390664, 0.2773225301537612, 0.07872203296197404, 0.0170334223368014], [0.029315960912052116, 0.18892508143322476, 0.5635179153094463, 0.20358306188925082, 0.013029315960912053, 0.0016286644951140066], [0.007523716061498201, 0.07098462544978737, 0.49468433104350673, 0.32041216879293427, 0.08701341184167484, 0.019381746810598625], [0.008871410279860985, 0.1088348271446863, 0.5585330162794951, 0.2768428754344247, 0.041430400585330165, 0.0054874702762026705], [0.02484246243334949, 0.17813863305865243, 0.4909112942317014, 0.23885118759088705, 0.057682985942801746, 0.009573436742607853], [0.0143425163305879, 0.143425163305879, 0.4662027833001988, 0.2786140301050838, 0.07128656631638738, 0.026128940641863108], [0.05870490701321981, 0.29105982522966617, 0.46403764284113824, 0.1516916872059153, 0.027111808200761818, 0.007394129509298678], [0.05016722408026756, 0.2264691829909221, 0.4677496416626851, 0.1939799331103679, 0.049689440993788817, 0.011944577161968466], [0.0452779800922554, 0.2672978878368536, 0.4906530711337703, 0.1497936392328235, 0.036173828599174555, 0.010803593105122602], [0.025573770491803278, 0.19295081967213115, 0.46295081967213114, 0.22508196721311474, 0.06377049180327869, 0.029672131147540984], [0.029197080291970802, 0.21859393008067615, 0.479446792162889, 0.21705724164425663, 0.040145985401459854, 0.0155589704187476], [0.013536928741607104, 0.248862897985705, 0.5356291964479098, 0.1711067792939138, 0.026532380333549925, 0.004331817197314273], [0.022095378383354815, 0.22389983428466212, 0.530104953047321, 0.17215982323697293, 0.03737801509850856, 0.014361995949180629], [0.01578137028483449, 0.13568129330254042, 0.48787528868360275, 0.27655889145496537, 0.06562740569668976, 0.018475750577367205], [0.016963528413910092, 0.20925723979159094, 0.47691748455107236, 0.22064703744093056, 0.05670665212649945, 0.019508057675996608], [0.007866609662248824, 0.08918341171440787, 0.4548952543822146, 0.35938435228730226, 0.07131252672082086, 0.01735784523300556], [0.01959900878576256, 0.1676053165127281, 0.5259067357512953, 0.23901779680108132, 0.04223924307276414, 0.005631899076368551], [0.2177121771217712, 0.30996309963099633, 0.36531365313653136, 0.07011070110701106, 0.03690036900369004, 0.0]]}}}, "eu": {"histType": {"histogram": {"labels": ["0", "100", "200", "300", "400", "500", "600", "700", "800", "900", "1000", "1100", "1200", "1300", "1400", "1500", "1600", "1700", "1800", "1900", "2000", "2100", "2200", "2300", "2400", "2500", "2600", "2700", "2800", "2900", "3000", "3100", "3200"], "data": [[0.0, 0.0, 0.003048780487804878, 0.0, 0.0, 0.006097560975609756, 0.01524390243902439, 0.021341463414634148, 0.057926829268292686, 0.08231707317073171, 0.07317073170731707, 0.09451219512195122, 0.07317073170731707, 0.13719512195121952, 0.12195121951219512, 0.10670731707317073, 0.07926829268292683, 0.04573170731707317, 0.03048780487804878, 0.03048780487804878, 0.009146341463414634, 0.009146341463414634, 0.003048780487804878, 0.0, 0.0, 0.0, 0.0, 0.0, 0.0, 0.0, 0.0, 0.0, 0.0], [0.0003486750348675035, 0.0, 0.0010460251046025104, 0.000697350069735007, 0.0010460251046025104, 0.0041841004184100415, 0.005578800557880056, 0.010111576011157601, 0.021617852161785217, 0.0299860529986053, 0.04149232914923291, 0.061366806136680614, 0.07740585774058577, 0.10320781032078104, 0.13110181311018132, 0.1314504881450488, 0.14365411436541142, 0.07182705718270571, 0.09762900976290098, 0.02684797768479777, 0.015690376569037656, 0.011506276150627616, 0.005230125523012552, 0.002789400278940028, 0.002789400278940028, 0.000697350069735007, 0.000697350069735007, 0.0, 0.0, 0.0, 0.0, 0.0, 0.0], [0.0, 0.0, 0.0, 0.00011163206072784104, 0.00011163206072784104, 0.00011163206072784104, 0.00011163206072784104, 0.0010046885465505692, 0.0017861129716454567, 0.0025675373967403436, 0.005804867157847734, 0.009488725161866489, 0.01294931904442956, 0.015963384684081268, 0.049341370841705735, 0.12982808662647913, 0.19089082384460818, 0.12089752176825184, 0.251395400759098, 0.0709979906229069, 0.04375976780531369, 0.04710872962714892, 0.017972761777182406, 0.008260772493860237, 0.011274838133511945, 0.004018754186202277, 0.002344273275284662, 0.0012279526680062515, 0.0003348961821835231, 0.0003348961821835231, 0.0, 0.0, 0.0], [0.0, 0.0, 0.0, 0.0001013890297069857, 0.0001013890297069857, 0.0002027780594139714, 0.0007097232079489, 0.0019263915644327284, 0.002433336712967657, 0.005779174693298185, 0.011456960356889385, 0.017743080198722498, 0.021798641387001928, 0.028287539288249012, 0.04481395113048768, 0.05809591402210281, 0.20835445604785563, 0.14944742978809694, 0.22386697759302443, 0.08942512420156139, 0.046537564635506436, 0.049883402615836965, 0.015512521545168812, 0.006184730812126128, 0.011761127446010341, 0.003447227010037514, 0.0009125012673628713, 0.0006083341782419143, 0.00030416708912095713, 0.00030416708912095713, 0.0, 0.0, 0.0], [0.0, 0.0, 0.0, 0.0, 0.0, 0.022727272727272728, 0.022727272727272728, 0.05303030303030303, 0.07575757575757576, 0.06060606060606061, 0.05303030303030303, 0.10606060606060606, 0.07575757575757576, 0.045454545454545456, 0.06060606060606061, 0.15151515151515152, 0.015151515151515152, 0.09848484848484848, 0.030303030303030304, 0.045454545454545456, 0.045454545454545456, 0.0, 0.007575757575757576, 0.007575757575757576, 0.022727272727272728, 0.0, 0.0, 0.0, 0.0, 0.0, 0.0, 0.0, 0.0], [0.0, 0.00011057054400707652, 0.00011057054400707652, 0.00022114108801415304, 0.00033171163202122956, 0.00011057054400707652, 0.0017691287041132243, 0.004422821760283061, 0.005528527200353826, 0.01