{"region": {"us": {"histType": {"histogram": {"labels": ["0", "100", "200", "300", "400", "500", "600", "700", "800", "900", "1000", "1100", "1200", "1300", "1400", "1500", "1600", "1700", "1800", "1900", "2000", "2100", "2200", "2300", "2400", "2500", "2600", "2700", "2800", "2900", "3000", "3100", "3200"], "data": [[0.0, 0.0, 0.003389830508474576, 0.005084745762711864, 0.005084745762711864, 0.003389830508474576, 0.015254237288135594, 0.01864406779661017, 0.03728813559322034, 0.0423728813559322, 0.0847457627118644, 0.10338983050847457, 0.1135593220338983, 0.1152542372881356, 0.13050847457627118, 0.10338983050847457, 0.07457627118644068, 0.05254237288135593, 0.04406779661016949, 0.01864406779661017, 0.011864406779661017, 0.00847457627118644, 0.003389830508474576, 0.001694915254237288, 0.003389830508474576, 0.0, 0.0, 0.0, 0.0, 0.0, 0.0, 0.0, 0.0], [0.0, 0.000281610813855252, 0.0, 0.000281610813855252, 0.0008448324415657561, 0.0019712756969867645, 0.005068994649394537, 0.009856378484933821, 0.015488594762038862, 0.026753027316248942, 0.03801745987045903, 0.05547733032948465, 0.0822303576457336, 0.09236834694452267, 0.12447197972402141, 0.13432835820895522, 0.15066178541255984, 0.08138552520416784, 0.10673049845114052, 0.035482962545761755, 0.016333427203604617, 0.00844832441565756, 0.005632216277105041, 0.002252886510842016, 0.0025344973246972683, 0.000563221627710504, 0.0014080540692762602, 0.001126443255421008, 0.0, 0.0, 0.0, 0.0, 0.0], [0.00011506155793349442, 0.0, 0.0, 0.00023012311586698885, 0.00023012311586698885, 0.00023012311586698885, 0.00023012311586698885, 0.0005753077896674721, 0.0026464158324703718, 0.003336785180071338, 0.0051777701070072485, 0.007479001265677137, 0.012081463583016915, 0.019330341732827064, 0.02531354274536877, 0.03946611437118858, 0.15429754918881602, 0.14923484063974227, 0.3253940858359222, 0.08526061442871936, 0.0494764699114026, 0.05845127143021517, 0.02186169600736394, 0.008399493729145092, 0.019905649522494535, 0.0059832010125417095, 0.0032217236221378435, 0.0016108618110689218, 0.0, 0.0004602462317339777, 0.0, 0.0, 0.0], [0.0, 0.0, 0.0, 0.0, 0.00011166945840312674, 0.00011166945840312674, 0.0007816862088218872, 0.0017867113344500279, 0.004690117252931323, 0.007928531546621998, 0.011613623673925181, 0.013288665549972083, 0.02568397543271915, 0.02959240647682859, 0.04377442769402568, 0.0525963149078727, 0.07426018983807929, 0.04600781686208822, 0.32864321608040203, 0.12752652149637075, 0.07883863763260748, 0.07917364600781686, 0.029369067560022333, 0.010273590173087661, 0.02021217197096594, 0.006588498045784478, 0.00446677833612507, 0.002680067001675042, 0.0, 0.0, 0.0, 0.0, 0.0], [0.0, 0.0, 0.0, 0.0, 0.011627906976744186, 0.005813953488372093, 0.029069767441860465, 0.029069767441860465, 0.05232558139534884, 0.05813953488372093, 0.05813953488372093, 0.09302325581395349, 0.09883720930232558, 0.12209302325581395, 0.09883720930232558, 0.09883720930232558, 0.06976744186046512, 0.040697674418604654, 0.06395348837209303, 0.029069767441860465, 0.023255813953488372, 0.011627906976744186, 0.005813953488372093, 0.0, 0.0, 0.0, 0.0, 0.0, 0.0, 0.0, 0.0, 0.0, 0.0], [0.0, 0.0, 0.0, 0.0, 0.0, 0.0, 0.0, 0.001352757544224766, 0.001352757544224766, 0.004786680541103018, 0.007284079084287201, 0.03048907388137357, 0.05421436004162331, 0.08834547346514048, 0.11352757544224766, 0.13808532778355878, 0.16409989594172736, 0.09989594172736732, 0.1348595213319459, 0.054110301768990635, 0.03048907388137357, 0.036420395421436005, 0.015296566077003122, 0.006971904266389178, 0.00967741935483871, 0.004578563995837669, 0.0029136316337148803, 0.0007284079084287201, 0.0004162330905306972, 0.0, 0.0001040582726326743, 0.0, 0.0], [0.0, 0.0004381161007667032, 0.0004381161007667032, 0.002190580503833516, 0.0017524644030668128, 0.0035049288061336256, 0.0065717415115005475, 0.013362541073384446, 0.021248630887185104, 0.03723986856516977, 0.0475355969331873, 0.06987951807228916, 0.0963855421686747, 0.11237677984665936, 0.11653888280394305, 0.12267250821467689, 0.11588170865279299, 0.06790799561883899, 0.07382256297918949, 0.026944140197152244, 0.017305585980284775, 0.017086527929901424, 0.009419496166484118, 0.004381161007667032, 0.007009857612267251, 0.0030668127053669223, 0.0035049288061336256, 0.0008762322015334064, 0.0002190580503833516, 0.0, 0.0004381161007667032, 0.0, 0.0], [0.0029239766081871343, 0.0, 0.0, 0.008771929824561403, 0.008771929824561403, 0.023391812865497075, 0.011695906432748537, 0.043859649122807015, 0.05847953216374269, 0.10526315789473684, 0.1111111111111111, 0.13157894736842105, 0.11695906432748537, 0.0935672514619883, 0.07309941520467836, 0.07017543859649122, 0.043859649122807015, 0.023391812865497075, 0.03216374269005848, 0.03216374269005848, 0.0029239766081871343, 0.0, 0.0029239766081871343, 0.0029239766081871343, 0.0, 0.0, 0.0, 0.0, 0.0, 0.0, 0.0, 0.0, 0.0], [0.00030521924916064705, 0.00020347949944043138, 0.0005086987486010784, 0.00030521924916064705, 0.0005086987486010784, 0.0012208769966425882, 0.0015260962458032354, 0.004374809237969275, 0.007630481229016176, 0.015973140706073863, 0.025943636178655, 0.03459151490487333, 0.04201851663444908, 0.04852986061654288, 0.06084037033268898, 0.1433513073557839, 0.176416726014854, 0.12107030216705666, 0.12859904364635263, 0.058500356089124024, 0.03713500864787873, 0.03560891240207549, 0.019228812697120765, 0.01200529046698545, 0.015159222708312138, 0.004680028487129922, 0.0027469732424458236, 0.0006104384983212941, 0.00040695899888086275, 0.0, 0.0, 0.0, 0.0], [0.0, 0.0, 0.0, 0.0, 0.0007911392405063291, 0.00039556962025316455, 0.0011867088607594937, 0.0011867088607594937, 0.0023734177215189874, 0.007911392405063292, 0.012658227848101266, 0.017009493670886076, 0.022151898734177215, 0.03639240506329114, 0.06052215189873418, 0.07397151898734178, 0.10205696202531646, 0.08900316455696203, 0.17919303797468356, 0.06882911392405064, 0.07674050632911393, 0.09731012658227849, 0.04311708860759494, 0.018591772151898733, 0.049841772151898736, 0.014636075949367089, 0.010680379746835443, 0.00949367088607595, 0.002768987341772152, 0.0011867088607594937, 0.0, 0.0, 0.0], [0.0, 0.0, 0.0002014098690835851, 0.0, 0.0012084592145015106, 0.0006042296072507553, 0.0028197381671701913, 0.0032225579053373615, 0.008862034239677744, 0.016112789526686808, 0.023564954682779457, 0.033434038267875124, 0.05639476334340383, 0.06908358509566968, 0.10755287009063444, 0.1284994964753273, 0.14984894259818732, 0.09627391742195368, 0.13856998992950656, 0.05861027190332326, 0.03585095669687815, 0.031017119838872106, 0.013897280966767372, 0.0072507552870090634, 0.0094662638469285, 0.0036253776435045317, 0.0030211480362537764, 0.0006042296072507553, 0.0004028197381671702, 0.0, 0.0, 0.0, 0.0], [0.0, 0.0003086896125945362, 0.0012347584503781448, 0.001389103256675413, 0.001389103256675413, 0.002932551319648094, 0.00648248186448526, 0.012347584503781447, 0.020527859237536656, 0.03766013273653342, 0.06328137058187992, 0.07655502392344497, 0.10140453773730514, 0.12177805216854452, 0.13582342954159593, 0.12131501774965273, 0.108813088439574, 0.05865102639296188, 0.05895971600555641, 0.02438647939496836, 0.015897515048618614, 0.01219323969748418, 0.007562895508566137, 0.0037042753511344344, 0.002932551319648094, 0.001697792869269949, 0.0007717240314863404, 0.0, 0.0, 0.0, 0.0, 0.0, 0.0], [0.0, 0.0, 0.0, 0.0, 0.00012410027302060066, 0.0004964010920824026, 0.0018615040953090098, 0.0019856043683296105, 0.004467609828741623, 0.005460412012906428, 0.01340282948622487, 0.019731943410275503, 0.028046661702655747, 0.033879374534623974, 0.04976420948126086, 0.14333581533879375, 0.20600645321419708, 0.1353933978654753, 0.17895259369570612, 0.06540084388185655, 0.03449987589972698, 0.03561677835691238, 0.01551253412757508, 0.008438818565400843, 0.011044924298833457, 0.0033507073715562173, 0.0023579051873914123, 0.00037230081906180194, 0.0004964010920824026, 0.0, 0.0, 0.0, 0.0], [0.00020149103364900262, 0.0, 0.0, 0.00010074551682450131, 0.00010074551682450131, 0.0003022365504735039, 0.001309691718718517, 0.0018134193028410237, 0.004130566189804554, 0.009873060648801129, 0.016320773725569213, 0.04432802740278058, 0.07142857142857142, 0.09782389683659078, 0.1236147491436631, 0.12834978843441466, 0.1466854724964739, 0.09681644166834576, 0.11978641950433205, 0.04866008462623413, 0.028107999194035865, 0.02931694539592988, 0.011686479951642152, 0.005138021358049567, 0.006850695144066089, 0.0031231110215595406, 0.002216401370139029, 0.0005037275841225066, 0.0007052186177715092, 0.0006044731009470078, 0.00010074551682450131, 0.0, 0.0], [0.0, 0.0, 0.0, 0.00040535062829347385, 0.00040535062829347385, 0.00020267531414673692, 0.0008107012565869477, 0.002026753141467369, 0.0044588569112282124, 0.007093635995135792, 0.01580867450344548, 0.027361167409809484, 0.04803404945277665, 0.06749087961086339, 0.09870287798946088, 0.12079448723145521, 0.16051884880421566, 0.11978111066072153, 0.14835832995541143, 0.0658694770976895, 0.04154843940008107, 0.034657478719092014, 0.0131738954195379, 0.007296311309282529, 0.009323064450749898, 0.003445480340494528, 0.0012160518848804217, 0.00040535062829347385, 0.0, 0.0008107012565869477, 0.0, 0.0, 0.0], [0.0, 0.0, 0.0002747252747252747, 0.0002747252747252747, 0.0013736263736263737, 0.0024725274725274724, 0.0019230769230769232, 0.004395604395604396, 0.011538461538461539, 0.018956043956043955, 0.029945054945054946, 0.047527472527472525, 0.07005494505494506, 0.08983516483516484, 0.10604395604395604, 0.1217032967032967, 0.1337912087912088, 0.10054945054945055, 0.10192307692307692, 0.04725274725274725, 0.029945054945054946, 0.032692307692307694, 0.01565934065934066, 0.007692307692307693, 0.013736263736263736, 0.0052197802197802195, 0.002197802197802198, 0.002197802197802198, 0.0005494505494505495, 0.0002747252747252747, 0.0, 0.0, 0.0], [0.00019968051118210862, 0.00019968051118210862, 0.0007987220447284345, 0.000998402555910543, 0.00039936102236421724, 0.0013977635782747603, 0.0027955271565495207, 0.006988817891373802, 0.012180511182108627, 0.019169329073482427, 0.03394568690095846, 0.05411341853035144, 0.0764776357827476, 0.10083865814696485, 0.12340255591054312, 0.1251996805111821, 0.13358626198083068, 0.08406549520766773, 0.10982428115015974, 0.04073482428115016, 0.022563897763578276, 0.023961661341853034, 0.009384984025559106, 0.004792332268370607, 0.00579073482428115, 0.002196485623003195, 0.001597444089456869, 0.0013977635782747603, 0.00039936102236421724, 0.0005990415335463259, 0.0, 0.0, 0.0], [0.0, 0.0, 0.00012229423994129877, 0.00024458847988259754, 0.0003668827198238963, 0.00012229423994129877, 0.0008560596795890913, 0.0019567078390607803, 0.0029350617585911704, 0.006359300476947536, 0.012474012474012475, 0.030084383025559495, 0.0782683135624312, 0.1000366882719824, 0.12730830377889202, 0.13427907545554604, 0.15482450776568424, 0.09538950715421304, 0.14516326281032163, 0.039011862541274304, 0.021279197749785986, 0.023113611348905466, 0.009172067995597407, 0.00489176959765195, 0.007093065916595328, 0.0017121193591781826, 0.0019567078390607803, 0.0003668827198238963, 0.00012229423994129877, 0.0004891769597651951, 0.0, 0.0, 0.0], [0.0, 0.0, 0.0, 0.007407407407407408, 0.014814814814814815, 0.014814814814814815, 0.0, 0.02962962962962963, 0.022222222222222223, 0.08148148148148149, 0.05185185185185185, 0.08888888888888889, 0.08148148148148149, 0.06666666666666667, 0.05925925925925926, 0.0962962962962963, 0.1037037037037037, 0.0962962962962963, 0.044444444444444446, 0.022222222222222223, 0.022222222222222223, 0.037037037037037035, 0.022222222222222223, 0.0, 0.007407407407407408, 0.014814814814814815, 0.0, 0.014814814814814815, 0.0, 0.0, 0.0, 0.0, 0.0], [0.00021290185224611454, 0.00010645092612305727, 0.0, 0.0, 0.0, 0.00010645092612305727, 0.00021290185224611454, 0.0009580583351075154, 0.00234192037470726, 0.00468384074941452, 0.007770917606983181, 0.010645092612305727, 0.022461145411965085, 0.03087076857568661, 0.12124760485416224, 0.1780923994038748, 0.2015116031509474, 0.12997658079625293, 0.13157334468809878, 0.06142218437300404, 0.030551415797317436, 0.03395784543325527, 0.01330636576538216, 0.00468384074941452, 0.0076644666808601235, 0.0024483713008303172, 0.0022354694485842027, 0.0003193527783691718, 0.0006387055567383436, 0.0, 0.0, 0.0, 0.0], [0.0, 0.0, 0.0, 0.0001169864295741694, 0.0, 0.0001169864295741694, 0.0010528778661675247, 0.00035095928872250817, 0.0012868507253158633, 0.0022227421619092184, 0.004562470753392607, 0.0070191857744501636, 0.011932615816565278, 0.05252690687880206, 0.08036967711745438, 0.11569957884885353, 0.16647168928404305, 0.13593823116518483, 0.17992512868507254, 0.0799017313991577, 0.05240992044922789, 0.05147402901263454, 0.01918577445016378, 0.010411792232101076, 0.015910154422087038, 0.005732335049134301, 0.0028076743097800653, 0.001169864295741694, 0.000584932147870847, 0.0002339728591483388, 0.000584932147870847, 0.0, 0.0], [0.00018811136192626034, 9.405568096313017e-05, 0.0, 0.00018811136192626034, 0.00018811136192626034, 0.000564334085778781, 0.0007524454477050414, 0.0017870579382994734, 0.0030097817908201654, 0.0056433408577878106, 0.01044018058690745, 0.013544018058690745, 0.017494356659142212, 0.033954100827689994, 0.10882242287434161, 0.12330699774266365, 0.15011286681715574, 0.12725733634311512, 0.17231000752445447, 0.07863054928517682, 0.049755455229495864, 0.05163656884875847, 0.019281414597441687, 0.010158013544018058, 0.014578630549285177, 0.003668171557562077, 0.0017870579382994734, 0.0003762227238525207, 0.00047027840481565086, 0.0, 0.0, 0.0, 0.0], [0.0, 0.0, 0.0, 0.0015337423312883436, 0.0015337423312883436, 0.0, 0.0015337423312883436, 0.007668711656441718, 0.007668711656441718, 0.007668711656441718, 0.01687116564417178, 0.02607361963190184, 0.046012269938650305, 0.09202453987730061, 0.12116564417177914, 0.16717791411042945, 0.16717791411042945, 0.11503067484662577, 0.1273006134969325, 0.05214723926380368, 0.023006134969325152, 0.015337423312883436, 0.003067484662576687, 0.0, 0.0, 0.0, 0.0, 0.0, 0.0, 0.0, 0.0, 0.0, 0.0], [0.0, 0.0, 0.0, 8.673779165582444e-05, 0.0, 8.673779165582444e-05, 0.00026021337496747333, 0.00078064012490242, 0.0016480180414606643, 0.00468384074941452, 0.007459450082400902, 0.013010668748373666, 0.021337496747332815, 0.0273224043715847, 0.04068002428658166, 0.04892011449388499, 0.1997571341833637, 0.14103564923237055, 0.23809523809523808, 0.08543672478098707, 0.04987423020209905, 0.06800242865816636, 0.020383381039118745, 0.0078064012490242, 0.013964784456587736, 0.004336889582791222, 0.0032092982912655045, 0.0013010668748373666, 0.00026021337496747333, 0.00026021337496747333, 0.0, 0.0, 0.0], [9.587727708533077e-05, 9.587727708533077e-05, 9.587727708533077e-05, 0.0, 0.0003835091083413231, 0.0003835091083413231, 0.0002876318312559923, 0.0009587727708533077, 0.0010546500479386386, 0.005177372962607862, 0.009587727708533078, 0.019175455417066157, 0.0336529242569511, 0.04458293384467881, 0.06653883029721956, 0.07823585810162992, 0.16174496644295303, 0.1865771812080537, 0.20421860019175456, 0.08360498561840844, 0.04180249280920422, 0.03557046979865772, 0.012847555129434324, 0.0052732502396931925, 0.0052732502396931925, 0.0019175455417066154, 0.00047938638542665386, 0.0003835091083413231, 0.0, 0.0, 0.0, 0.0, 0.0], [0.0, 0.00011090163025396473, 0.0, 0.00011090163025396473, 0.00022180326050792945, 0.0008872130420317178, 0.0013308195630475769, 0.0037706554286348008, 0.00609958966396806, 0.012088277697682157, 0.02173671952977709, 0.036708439614062324, 0.05556171675723633, 0.07630032161472773, 0.10069868027059997, 0.1307530220694244, 0.15459687257402685, 0.10968171232117112, 0.1348563823888211, 0.061772208051458354, 0.03449040700898303, 0.03116335810136409, 0.012864589109459909, 0.00609958966396806, 0.0053232782521903076, 0.0018853277143174004, 0.0005545081512698237, 0.0003327048907618942, 0.0, 0.0, 0.0, 0.0, 0.0], [0.0, 0.0, 0.0, 0.0, 0.0005111821086261981, 0.00038338658146964857, 0.0012779552715654952, 0.0012779552715654952, 0.0048562300319488815, 0.008434504792332268, 0.016613418530351438, 0.026325878594249202, 0.0407667731629393, 0.0663258785942492, 0.09789137380191694, 0.12805111821086262, 0.15271565495207667, 0.09827476038338658, 0.16971246006389776, 0.05942492012779553, 0.035527156549520766, 0.041405750798722045, 0.017252396166134186, 0.007412140575079872, 0.012268370607028754, 0.0044728434504792336, 0.0038338658146964857, 0.0020447284345047924, 0.0011501597444089457, 0.0007667731629392971, 0.0010223642172523962, 0.0, 0.0], [0.0, 0.00019219680953296174, 0.00019219680953296174, 0.0003843936190659235, 0.0011531808571977706, 0.0011531808571977706, 0.004036133000192197, 0.009802037286181049, 0.016913319238900635, 0.026330962906015762, 0.04382087257351528, 0.06015760138381703, 0.08014606957524505, 0.10224870267153566, 0.12934845281568325, 0.11570247933884298, 0.14433980395925428, 0.07495675571785508, 0.10244089948106862, 0.02729194695368057, 0.021333845858158753, 0.019027484143763214, 0.008072266000384394, 0.003075148952527388, 0.004997117047857005, 0.000768787238131847, 0.001537574476263694, 0.0003843936190659235, 0.00019219680953296174, 0.0, 0.0, 0.0, 0.0], [0.0, 0.0, 0.0002948982601002654, 0.0008846947803007962, 0.0026540843409023885, 0.001474491300501327, 0.003538779121203185, 0.008257151282807431, 0.012090828664110882, 0.014450014744913005, 0.028605131229725744, 0.04158065467413742, 0.05956944854025361, 0.08139191978767325, 0.11471542317900324, 0.12828074314361546, 0.15718077263344146, 0.09938071365378945, 0.11117664405780006, 0.04570923031554114, 0.0238867590681215, 0.022707166027720438, 0.013860218224712475, 0.007667354762606901, 0.01032143910350929, 0.003538779121203185, 0.003538779121203185, 0.0032438808611029196, 0.0, 0.0, 0.0, 0.0, 0.0], [0.0002241901132160072, 0.0, 0.0, 0.0, 0.0004483802264320144, 0.0004483802264320144, 0.0017935209057280575, 0.003587041811456115, 0.004932182490752158, 0.012778836453312408, 0.03912117475619325, 0.05559914807756978, 0.07936330007846654, 0.11377648245712364, 0.14236072189216456, 0.14269700706198857, 0.13294473713709226, 0.07622463849344244, 0.09158166124873893, 0.033628516982401074, 0.020737585472480665, 0.02286739154803273, 0.009303889698464298, 0.0048200874341441545, 0.006613608339872212, 0.0017935209057280575, 0.0012330456226880395, 0.0007846653962560251, 0.0, 0.0003362851698240108, 0.0, 0.0, 0.0], [0.0, 0.0, 0.0, 0.00028830906732016723, 0.00014415453366008361, 0.00014415453366008361, 0.0014415453366008362, 0.0004324636009802508, 0.002306472538561338, 0.0067752630820239294, 0.02306472538561338, 0.03128153380423814, 0.054490413723511606, 0.08245639325356782, 0.1029263370332997, 0.12945077122675508, 0.1458843880640046, 0.10061986449473836, 0.14184806112152226, 0.05708519532939311, 0.03128153380423814, 0.03748017875162174, 0.0167219259045697, 0.00720772668300418, 0.013118062563067608, 0.004468790543462592, 0.004468790543462592, 0.0028830906732016724, 0.0008649272019605016, 0.0005766181346403345, 0.00028830906732016723, 0.0, 0.0], [0.0, 0.0, 0.0, 0.0, 0.0009069472156720479, 0.0014511155450752766, 0.0019952838744785053, 0.0045347360783602395, 0.007074188282241973, 0.018501723199709778, 0.029022310901505532, 0.040087066932704515, 0.06983493560674768, 0.08815526936332306, 0.11590785416288772, 0.1325956829312534, 0.14239071286051153, 0.09250861599854888, 0.12552149464901144, 0.04752403410121531, 0.028296753128967893, 0.024306185380010885, 0.010157808815526937, 0.0045347360783602395, 0.005441683294032287, 0.0010883366588064574, 0.0043533466352258295, 0.0027208416470161437, 0.0007255577725376383, 0.00036277888626881915, 0.0, 0.0, 0.0], [0.00011275228323373548, 0.00011275228323373548, 0.0, 0.0, 0.00011275228323373548, 0.0010147705491036193, 0.0006765136994024129, 0.0023677979479084454, 0.002818807080843387, 0.00575036644492051, 0.014094035404216936, 0.021873942947344682, 0.03619348291802909, 0.043747885894689365, 0.11523283346487766, 0.17837411207576953, 0.18615401961889727, 0.12087044762656443, 0.13304769421580787, 0.05693990303303642, 0.03472770323599053, 0.023790731762318187, 0.010711466907204871, 0.004397339046115683, 0.0038335776299470064, 0.0019167888149735032, 0.0006765136994024129, 0.00033825684970120647, 0.00011275228323373548, 0.0, 0.0, 0.0, 0.0], [0.0, 0.0, 0.0, 0.00016168148746968473, 0.00016168148746968473, 0.0006467259498787389, 0.0017784963621665319, 0.0022635408245755863, 0.005982215036378334, 0.009054163298302345, 0.024413904607922393, 0.03459983831851253, 0.06725949878738885, 0.09911075181891674, 0.12514147130153597, 0.14535165723524657, 0.15699272433306385, 0.1036378334680679, 0.1068714632174616, 0.041228779304769606, 0.025869037995149554, 0.019725141471301538, 0.010185933710590138, 0.004688763136620857, 0.008407437348423606, 0.0025869037995149557, 0.0022635408245755863, 0.0006467259498787389, 0.0008084074373484236, 0.0, 0.00016168148746968473, 0.0, 0.0], [0.0, 0.0, 0.0, 0.0001657550140891762, 0.0, 0.0006630200563567048, 0.000994530084535057, 0.000994530084535057, 0.0036466103099618763, 0.005967180507210343, 0.012763136084866566, 0.021216641803414555, 0.03944969335322394, 0.06132935521299519, 0.09232554284767114, 0.11934361014420686, 0.1539864080888447, 0.110061329355213, 0.17371125476545665, 0.06646776064975965, 0.04259903862091828, 0.04359356870545334, 0.01873031659207691, 0.008619260732637163, 0.012431626056688214, 0.005967180507210343, 0.0034808552958727, 0.0011602850986242334, 0.0001657550140891762, 0.0001657550140891762, 0.0, 0.0, 0.0], [0.0, 0.0, 0.00011308379509216329, 0.0, 0.00022616759018432659, 0.0003392513852764899, 0.0003392513852764899, 0.0012439217460137961, 0.0011308379509216329, 0.003844849033133552, 0.006898111500621961, 0.01617098269817935, 0.027931697387764333, 0.07983715933506728, 0.12507067737193261, 0.1411285762750198, 0.15696030758792265, 0.09589505823815447, 0.16023973764559538, 0.05563722718534434, 0.03901390930679634, 0.03460364129820197, 0.019563496550944248, 0.009951373968110369, 0.014248558181612575, 0.003505597647857062, 0.003957932828225715, 0.0018093407214746127, 0.00022616759018432659, 0.00011308379509216329, 0.0, 0.0, 0.0], [0.0, 0.0, 8.976660682226212e-05, 0.0, 8.976660682226212e-05, 8.976660682226212e-05, 8.976660682226212e-05, 0.000807899461400359, 0.0017953321364452424, 0.0045780969479353685, 0.008797127468581687, 0.015888689407540395, 0.02791741472172352, 0.03599640933572711, 0.05466786355475763, 0.05960502692998205, 0.09775583482944344, 0.16615798922800717, 0.2666068222621185, 0.09721723518850987, 0.05673249551166966, 0.059694793536804305, 0.015798922800718134, 0.006822262118491921, 0.012477558348294435, 0.005565529622980251, 0.0026032315978456013, 0.000807899461400359, 0.000718132854578097, 0.0006283662477558348, 0.0, 0.0, 0.0], [0.0, 0.0, 0.0, 0.0, 0.00042149631190727084, 0.0006322444678609062, 0.0013698630136986301, 0.0025289778714436247, 0.004531085353003161, 0.00969441517386723, 0.018124341412012645, 0.031506849315068496, 0.05131717597471022, 0.07523709167544784, 0.1119072708113804, 0.136986301369863, 0.17376185458377238, 0.11095890410958904, 0.15268703898840885, 0.049209694415173866, 0.024552160168598524, 0.027818756585879872, 0.008008429926238146, 0.003477344573234984, 0.0026343519494204425, 0.0009483667017913594, 0.0009483667017913594, 0.0006322444678609062, 0.00010537407797681771, 0.0, 0.0, 0.0, 0.0], [0.0, 0.003289473684210526, 0.0, 0.003289473684210526, 0.006578947368421052, 0.01644736842105263, 0.02631578947368421, 0.03618421052631579, 0.09210526315789473, 0.05263157894736842, 0.05263157894736842, 0.06907894736842106, 0.07236842105263158, 0.12171052631578948, 0.13157894736842105, 0.10197368421052631, 0.07894736842105263, 0.046052631578947366, 0.03618421052631579, 0.01644736842105263, 0.009868421052631578, 0.009868421052631578, 0.003289473684210526, 0.013157894736842105, 0.0, 0.0, 0.0, 0.0, 0.0, 0.0, 0.0, 0.0, 0.0]]}, "ranks": {"labels": ["Unranked", "Combatatent I", "Combatatent II", "Challenger I", "Challenger II", "Rival I", "Rival II", "Duelist", "Elite"], "data": [[0.13050847457627118, 0.188135593220339, 0.2288135593220339, 0.23389830508474577, 0.1271186440677966, 0.0576271186440678, 0.01694915254237288, 0.013559322033898305, 0.003389830508474576], [0.06054632497887919, 0.09349479019994368, 0.17459870459025625, 0.25880033793297663, 0.23204731061672768, 0.12841453111799492, 0.030132357082511968, 0.016333427203604617, 0.005632216277105041], [0.0075940628236106315, 0.012656771372684386, 0.03141180531584398, 0.06477965711655735, 0.3035323898285583, 0.37233920147278793, 0.08779196870325624, 0.0887124611667242, 0.03118168219997699], [0.01541038525963149, 0.024902289223897263, 0.05527638190954774, 0.09637074260189839, 0.1202680067001675, 0.39865996649916247, 0.13634840871021775, 0.11881630374092686, 0.03394751535455053], [0.18604651162790697, 0.1511627906976744, 0.22093023255813954, 0.19767441860465115, 0.11046511627906977, 0.0872093023255814, 0.029069767441860465, 0.01744186046511628, 0.0], [0.007492195629552549, 0.03777315296566077, 0.1425598335067638, 0.25161290322580643, 0.2639958376690947, 0.16524453694068678, 0.05421436004162331, 0.058688865764828305, 0.01841831425598335], [0.08674698795180723, 0.11741511500547645, 0.20876232201533407, 0.23921139101861993, 0.183789704271632, 0.0900328587075575, 0.028039430449069005, 0.030887185104052573, 0.01511500547645126], [0.2631578947368421, 0.24269005847953215, 0.21052631578947367, 0.14327485380116958, 0.06725146198830409, 0.05263157894736842, 0.014619883040935672, 0.005847953216374269, 0.0], [0.03255671991046902, 0.06053515108352833, 0.09054837725099196, 0.20419167768847288, 0.2974870281819107, 0.16308881880150575, 0.06114558958184963, 0.0668430155661817, 0.02360362193509004], [0.013844936708860759, 0.02966772151898734, 0.058544303797468354, 0.13449367088607594, 0.19106012658227847, 0.21400316455696203, 0.11075949367088607, 0.15901898734177214, 0.08860759493670886], [0.03303121852970796, 0.05699899295065458, 0.12547834843907352, 0.23605236656596174, 0.246122860020141, 0.17260825780463243, 0.06042296072507553, 0.05216515609264854, 0.017119838872104734], [0.08427226423830839, 0.1398363945053249, 0.22318258990584966, 0.25713844729124863, 0.1674641148325359, 0.07038123167155426, 0.028862478777589132, 0.02346041055718475, 0.005402068220404383], [0.014395631670389675, 0.033134772896500374, 0.06192603623727972, 0.19310002482005462, 0.34139985107967236, 0.21705137751303052, 0.06180193596425912, 0.05956813104988831, 0.017622238768925293], [0.01783195647793673, 0.06064880112834979, 0.1692524682651622, 0.2519645375780778, 0.24350191416481967, 0.1473906911142454, 0.049163812210356636, 0.0461414467056216, 0.014104372355430184], [0.015403323875152006, 0.043169841913254965, 0.11552492906364005, 0.2194973652209161, 0.2802999594649372, 0.18727199027158492, 0.06850425618159708, 0.055127685447912446, 0.015200648561005269], [0.04120879120879121, 0.07747252747252747, 0.15989010989010988, 0.22774725274725274, 0.23434065934065934, 0.12582417582417582, 0.053296703296703295, 0.056043956043956046, 0.024175824175824177], [0.04512779552715655, 0.0880591054313099, 0.17731629392971246, 0.24860223642172524, 0.2176517571884984, 0.1339856230031949, 0.03913738019169329, 0.03813897763578275, 0.011980830670926517], [0.012963189433777668, 0.04255839549957197, 0.1783050018344136, 0.26158737923443803, 0.25021401491989725, 0.167420814479638, 0.038033508621743914, 0.03717744894215482, 0.011740247034364682], [0.17037037037037037, 0.14074074074074075, 0.14814814814814814, 0.15555555555555556, 0.2, 0.05185185185185185, 0.037037037037037035, 0.05925925925925926, 0.037037037037037035], [0.00862252501596764, 0.018416010219288906, 0.05333191398765169, 0.29934000425803703, 0.33148818394720037, 0.16702150308707686, 0.05652544177134341, 0.05194805194805195, 0.01330636576538216], [0.005147402901263453, 0.01158165652784277, 0.06445952269536734, 0.19606925596630792, 0.3024099204492279, 0.22484791764155357, 0.08738886289190453, 0.0810715956948994, 0.02702386523163313], [0.012415349887133182, 0.023984198645598195, 0.0514484574868322, 0.23212942061700526, 0.2773702031602709, 0.21623401053423627, 0.0844620015048909, 0.08107599699021821, 0.0208803611738149], [0.027607361963190184, 0.04294478527607362, 0.13803680981595093, 0.2883435582822086, 0.2822085889570552, 0.1579754601226994, 0.04447852760736196, 0.018404907975460124, 0.0], [0.0075461878740567265, 0.02047011883077457, 0.04865990111891751, 0.08960013878046665, 0.3407927834157342, 0.28848989504727207, 0.08491629803105213, 0.09619221094630931, 0.023332465955416774], [0.008533077660594439, 0.028763183125599234, 0.07823585810162992, 0.14477468839884947, 0.3483221476510067, 0.25311601150527324, 0.07651006711409396, 0.053691275167785234, 0.008053691275167786], [0.02462016191638017, 0.058445159143839416, 0.13186203837196406, 0.2314517023400244, 0.26427858489519795, 0.16879228124653434, 0.06232671620272818, 0.05012753687479206, 0.008095819008539425], [0.01674121405750799, 0.04293929712460064, 0.1070926517571885, 0.22594249201277955, 0.25099041533546324, 0.2028115015974441, 0.06185303514376997, 0.0660702875399361, 0.025559105431309903], [0.06015760138381703, 0.10397847395733231, 0.1823947722467807, 0.24505093215452622, 0.21929655967710937, 0.11916202191043629, 0.03190467038247165, 0.030174899096674996, 0.007880069190851432], [0.04364494249483928, 0.07018578590386317, 0.14096136832792686, 0.2429961663226187, 0.2565614862872309, 0.13683279268652315, 0.04393984075493955, 0.04423473901503981, 0.02064287820701858], [0.024212532227328776, 0.09472032283376303, 0.1931397825355902, 0.2850577289541531, 0.2091693756305347, 0.11142248626835556, 0.0345252774352651, 0.036991368680641186, 0.010761125434368345], [0.01153236269280669, 0.05434625918985152, 0.13694680697707942, 0.23237710826005478, 0.24650425255874298, 0.17197635865647976, 0.05823843159867378, 0.06140983133919562, 0.02666858872711547], [0.03446399419553782, 0.06910937783421005, 0.15799020497007074, 0.2485035370941411, 0.2348993288590604, 0.1538182477779793, 0.04752403410121531, 0.03899873027389806, 0.014692544893887176], [0.012966512571879581, 0.03596797835156162, 0.07994136881271846, 0.2936069455406472, 0.30702446724546173, 0.16394181982185138, 0.06077348066298342, 0.03889953771563874, 0.006877889277257864], [0.020048504446240907, 0.05901374292643492, 0.1663702506063056, 0.27049312853678253, 0.26063055780113176, 0.1293451899757478, 0.04462409054163298, 0.03459983831851253, 0.014874696847210994], [0.012431626056688214, 0.03397977788828112, 0.10077904856621912, 0.211669152991878, 0.2640477374440577, 0.20901707276645118, 0.0737609812696834, 0.07094314603016741, 0.023371456986573842], [0.007237362885898451, 0.02306909419880131, 0.10776885672283162, 0.2661992536469524, 0.25285536582607715, 0.19111161370575597, 0.0637792604319801, 0.06411851181725658, 0.023860680764446456], [0.0075403949730700175, 0.024685816876122084, 0.06391382405745062, 0.11427289048473968, 0.2639138240574506, 0.32073608617594257, 0.09982046678635548, 0.08231597845601436, 0.02280071813285458], [0.019178082191780823, 0.04963119072708114, 0.12655426765015806, 0.24889357218124342, 0.28472075869336144, 0.1810326659641728, 0.04541622760800843, 0.039304531085353006, 0.005268703898840885], [0.23684210526315788, 0.12171052631578948, 0.19407894736842105, 0.23355263157894737, 0.125, 0.04276315789473684, 0.019736842105263157, 0.02631578947368421, 0.0]]}, "ranksDetailed": {"labels": ["Unranked", "Combatatant", "Challenger", "Rival", "Duelist", "Elite"], "data": [[0.13050847457627118, 0.41694915254237286, 0.3610169491525424, 0.07457627118644068, 0.013559322033898305, 0.003389830508474576], [0.06054632497887919, 0.26809349479019995, 0.4908476485497043, 0.15854688820050689, 0.016333427203604617, 0.005632216277105041], [0.0075940628236106315, 0.044068576688528364, 0.36831204694511566, 0.46013117017604416, 0.0887124611667242, 0.03118168219997699], [0.01541038525963149, 0.080178671133445, 0.2166387493020659, 0.5350083752093803, 0.11881630374092686, 0.03394751535455053], [0.18604651162790697, 0.37209302325581395, 0.3081395348837209, 0.11627906976744186, 0.01744186046511628, 0.0], [0.007492195629552549, 0.18033298647242454, 0.5156087408949012, 0.21945889698231008, 0.058688865764828305, 0.01841831425598335], [0.08674698795180723, 0.32617743702081053, 0.4230010952902519, 0.1180722891566265, 0.030887185104052573, 0.01511500547645126], [0.2631578947368421, 0.45321637426900585, 0.21052631578947367, 0.06725146198830409, 0.005847953216374269, 0.0], [0.03255671991046902, 0.1510835283345203, 0.5016787058703835, 0.22423440838335537, 0.0668430155661817, 0.02360362193509004], [0.013844936708860759, 0.0882120253164557, 0.32555379746835444, 0.3247626582278481, 0.15901898734177214, 0.08860759493670886], [0.03303121852970796, 0.1824773413897281, 0.48217522658610273, 0.23303121852970796, 0.05216515609264854, 0.017119838872104734], [0.08427226423830839, 0.3630189844111746, 0.42460256212378455, 0.09924371044914339, 0.02346041055718475, 0.005402068220404383], [0.014395631670389675, 0.0950608091337801, 0.534499875899727, 0.27885331347728964, 0.05956813104988831, 0.017622238768925293], [0.01783195647793673, 0.229901269393512, 0.49546645174289744, 0.19655450332460206, 0.0461414467056216, 0.014104372355430184], [0.015403323875152006, 0.15869477097689502, 0.49979732468585325, 0.255776246453182, 0.055127685447912446, 0.015200648561005269], [0.04120879120879121, 0.23736263736263735, 0.4620879120879121, 0.17912087912087912, 0.056043956043956046, 0.024175824175824177], [0.04512779552715655, 0.2653753993610224, 0.4662539936102236, 0.1731230031948882, 0.03813897763578275, 0.011980830670926517], [0.012963189433777668, 0.22086339733398558, 0.5118013941543353, 0.20545432310138192, 0.03717744894215482, 0.011740247034364682], [0.17037037037037037, 0.28888888888888886, 0.35555555555555557, 0.08888888888888889, 0.05925925925925926, 0.037037037037037035], [0.00862252501596764, 0.0717479242069406, 0.6308281882052373, 0.22354694485842028, 0.05194805194805195, 0.01330636576538216], [0.005147402901263453, 0.0760411792232101, 0.4984791764155358, 0.3122367805334581, 0.0810715956948994, 0.02702386523163313], [0.012415349887133182, 0.0754326561324304, 0.5094996237772762, 0.30069601203912716, 0.08107599699021821, 0.0208803611738149], [0.027607361963190184, 0.18098159509202455, 0.5705521472392638, 0.20245398773006135, 0.018404907975460124, 0.0], [0.0075461878740567265, 0.06913001994969208, 0.4303929221962009, 0.37340619307832423, 0.09619221094630931, 0.023332465955416774], [0.008533077660594439, 0.10699904122722914, 0.49309683604985616, 0.3296260786193672, 0.053691275167785234, 0.008053691275167786], [0.02462016191638017, 0.1903071975158035, 0.49573028723522233, 0.2311189974492625, 0.05012753687479206, 0.008095819008539425], [0.01674121405750799, 0.15003194888178914, 0.4769329073482428, 0.26466453674121404, 0.0660702875399361, 0.025559105431309903], [0.06015760138381703, 0.28637324620411303, 0.4643474918316356, 0.15106669229290795, 0.030174899096674996, 0.007880069190851432], [0.04364494249483928, 0.21114715423179004, 0.4995576526098496, 0.1807726334414627, 0.04423473901503981, 0.02064287820701858], [0.024212532227328776, 0.2878601053693532, 0.4942271045846878, 0.14594776370362067, 0.036991368680641186, 0.010761125434368345], [0.01153236269280669, 0.19129306616693095, 0.47888136081879773, 0.2302147902551535, 0.06140983133919562, 0.02666858872711547], [0.03446399419553782, 0.2270995828042808, 0.48340286595320153, 0.20134228187919462, 0.03899873027389806, 0.014692544893887176], [0.012966512571879581, 0.11590934716428007, 0.6006314127861089, 0.22471530048483482, 0.03889953771563874, 0.006877889277257864], [0.020048504446240907, 0.2253839935327405, 0.5311236863379143, 0.17396928051738075, 0.03459983831851253, 0.014874696847210994], [0.012431626056688214, 0.13475882645450024, 0.4757168904359357, 0.2827780540361346, 0.07094314603016741, 0.023371456986573842], [0.007237362885898451, 0.13083795092163292, 0.5190546194730296, 0.2548908741377361, 0.06411851181725658, 0.023860680764446456], [0.0075403949730700175, 0.08859964093357271, 0.3781867145421903, 0.42055655296229805, 0.08231597845601436, 0.02280071813285458], [0.019178082191780823, 0.1761854583772392, 0.5336143308746049, 0.22644889357218123, 0.039304531085353006, 0.005268703898840885], [0.23684210526315788, 0.3157894736842105, 0.35855263157894735, 0.0625, 0.02631578947368421, 0.0]]}}}, "eu": {"histType": {"histogram": {"labels": ["0", "100", "200", "300", "400", "500", "600", "700", "800", "900", "1000", "1100", "1200", "1300", "1400", "1500", "1600", "1700", "1800", "1900", "2000", "2100", "2200", "2300", "2400", "2500", "2600", "2700", "2800", "2900", "3000", "3100", "3200"], "data": [[0.0, 0.0, 0.002232142857142857, 0.0, 0.0, 0.004464285714285714, 0.011160714285714286, 0.029017857142857144, 0.05803571428571429, 0.078125, 0.07142857142857142, 0.10044642857142858, 0.08482142857142858, 0.13169642857142858, 0.13392857142857142, 0.10267857142857142, 0.06473214285714286, 0.046875, 0.03794642857142857, 0.015625, 0.013392857142857142, 0.011160714285714286, 0.002232142857142857, 0.0, 0.0, 0.0, 0.0, 0.0, 0.0, 0.0, 0.0, 0.0, 0.0], [0.000310077519379845, 0.000310077519379845, 0.0009302325581395349, 0.0009302325581395349, 0.0015503875968992248, 0.0037209302325581397, 0.005581395348837209, 0.009612403100775194, 0.021705426356589147, 0.032868217054263564, 0.04496124031007752, 0.0641860465116279, 0.08062015503875969, 0.1048062015503876, 0.13178294573643412, 0.12930232558139534, 0.14108527131782947, 0.06790697674418604, 0.09426356589147286, 0.02666666666666667, 0.013333333333333334, 0.012093023255813953, 0.004651162790697674, 0.0027906976744186047, 0.0027906976744186047, 0.00062015503875969, 0.00062015503875969, 0.0, 0.0, 0.0, 0.0, 0.0, 0.0], [0.0, 0.0, 0.0, 0.00011574074074074075, 0.00011574074074074075, 0.00011574074074074075, 0.0, 0.0008101851851851852, 0.0019675925925925924, 0.0025462962962962965, 0.005671296296296297, 0.009375, 0.012268518518518519, 0.01574074074074074, 0.025810185185185186, 0.052314814814814814, 0.2255787037037037, 0.14074074074074075, 0.28506944444444443, 0.07592592592592592, 0.049652777777777775, 0.050694444444444445, 0.016898148148148148, 0.007060185185185185, 0.011574074074074073, 0.004976851851851852, 0.0030092592592592593, 0.0015046296296296296, 0.0002314814814814815, 0.0002314814814814815, 0.0, 0.0, 0.0], [0.0, 0.0, 0.0, 0.00010704345964461572, 0.00010704345964461572, 0.00021408691928923143, 0.00074930421751231, 0.0020338257332476986, 0.002354956112181546, 0.005887390280453864, 0.011667737101263113, 0.017448083922072363, 0.021408691928923144, 0.027081995290087774, 0.04345964461571398, 0.05502033825733248, 0.08028259473346179, 0.09569685292228645, 0.298330122029544, 0.12277884821237423, 0.07450224791265253, 0.07257546563904946, 0.024512952258616997, 0.011346606722329266, 0.01969599657460929, 0.0061014771997430954, 0.003639477627916934, 0.002354956112181546, 0.00042817383857846286, 0.00021408691928923143, 0.0, 0.0, 0.0], [0.0, 0.0, 0.0, 0.0, 0.0, 0.019736842105263157, 0.03289473684210526, 0.05921052631578947, 0.05921052631578947, 0.06578947368421052, 0.05921052631578947, 0.09868421052631579, 0.07894736842105263, 0.07894736842105263, 0.05921052631578947, 0.15789473684210525, 0.013157894736842105, 0.06578947368421052, 0.05921052631578947, 0.03289473684210526, 0.03289473684210526, 0.0, 0.006578947368421052, 0.006578947368421052, 0.013157894736842105, 0.0, 0.0, 0.0, 0.0, 0.0, 0.0, 0.0, 0.0], [0.0, 0.00010406910188365075, 0.00010406910188365075, 0.0002081382037673015, 0.00031220730565095225, 0.00010406910188365075, 0.0002081382037673015, 0.0011447601207201581, 0.001977312935789364, 0.005203455094182537, 0.02674575918409824, 0.03902591320636903, 0.05494848579456759, 0.07753148090331981, 0.11426787386824852, 0.12831720262254137, 0.1493391612030388, 0.10490165469871995, 0.1356020397543969, 0.05224268914559267, 0.03101259236132792, 0.038297429493183474, 0.015194088875013008, 0.004891247788531585, 0.00978249557706