{"region": {"us": {"histType": {"histogram": {"labels": ["0", "100", "200", "300", "400", "500", "600", "700", "800", "900", "1000", "1100", "1200", "1300", "1400", "1500", "1600", "1700", "1800", "1900", "2000", "2100", "2200", "2300", "2400", "2500", "2600", "2700", "2800", "2900", "3000", "3100"], "data": [[0.0, 0.0, 0.0, 0.005649717514124294, 0.0, 0.01694915254237288, 0.022598870056497175, 0.01694915254237288, 0.05084745762711865, 0.05649717514124294, 0.062146892655367235, 0.10734463276836158, 0.0847457627118644, 0.12429378531073447, 0.14124293785310735, 0.07344632768361582, 0.062146892655367235, 0.04519774011299435, 0.05649717514124294, 0.05649717514124294, 0.011299435028248588, 0.005649717514124294, 0.0, 0.0, 0.0, 0.0, 0.0, 0.0, 0.0, 0.0, 0.0, 0.0], [0.0, 0.0018856065367693275, 0.0, 0.0006285355122564425, 0.0018856065367693275, 0.0018856065367693275, 0.00502828409805154, 0.013199245757385292, 0.013827781269641735, 0.02451288497800126, 0.046511627906976744, 0.059710873664362035, 0.08359522313010685, 0.0842237586423633, 0.1345065996228787, 0.13073538654934003, 0.15461973601508486, 0.07039597737272156, 0.08736643620364551, 0.03205531112507857, 0.020741671904462602, 0.014456316781898177, 0.00754242614707731, 0.003771213073538655, 0.0018856065367693275, 0.0031426775612822125, 0.0018856065367693275, 0.0, 0.0, 0.0, 0.0, 0.0], [0.00018443378827001107, 0.0, 0.00018443378827001107, 0.00036886757654002215, 0.00036886757654002215, 0.00018443378827001107, 0.00036886757654002215, 0.0009221689413500553, 0.005164146071560309, 0.007561785319070454, 0.01235706381409074, 0.01733677609738104, 0.02932497233493176, 0.04684618222058281, 0.07322021394319439, 0.09719660641829583, 0.14551825894503873, 0.10641829583179639, 0.20748801180376245, 0.0682405016599041, 0.04684618222058281, 0.06750276650682405, 0.02250092216894135, 0.01217263002582073, 0.021209885651051273, 0.004795278495020288, 0.004426410918480265, 0.0012910365178900774, 0.0, 0.0, 0.0, 0.0], [0.0, 0.00016725204883759825, 0.0, 0.00016725204883759825, 0.00016725204883759825, 0.00016725204883759825, 0.0021742766348887776, 0.0035122930255895636, 0.009031610637230306, 0.015888944639571835, 0.02592406756982773, 0.029938116741930088, 0.05536042816524502, 0.07576517812343202, 0.10653955510955009, 0.12644254892122428, 0.16624853654457267, 0.10921558789095166, 0.14032446897474493, 0.05368790767686904, 0.03194514132798127, 0.025589563472152535, 0.008362602441879913, 0.005184813513965546, 0.005352065562803144, 0.0018397725372135808, 0.0008362602441879914, 0.00016725204883759825, 0.0, 0.0, 0.0, 0.0], [0.0, 0.0, 0.0, 0.0, 0.0, 0.0, 0.0, 0.06349206349206349, 0.047619047619047616, 0.09523809523809523, 0.031746031746031744, 0.09523809523809523, 0.1111111111111111, 0.12698412698412698, 0.031746031746031744, 0.015873015873015872, 0.09523809523809523, 0.047619047619047616, 0.07936507936507936, 0.07936507936507936, 0.047619047619047616, 0.015873015873015872, 0.0, 0.015873015873015872, 0.0, 0.0, 0.0, 0.0, 0.0, 0.0, 0.0, 0.0], [0.0, 0.0, 0.0, 0.0, 0.0, 0.0, 0.00015686274509803922, 0.002352941176470588, 0.0025098039215686275, 0.00831372549019608, 0.01584313725490196, 0.025254901960784313, 0.04549019607843137, 0.07498039215686275, 0.10964705882352942, 0.1347450980392157, 0.15623529411764706, 0.10101960784313725, 0.13631372549019607, 0.054431372549019606, 0.03670588235294118, 0.04392156862745098, 0.018980392156862744, 0.006745098039215686, 0.01427450980392157, 0.0069019607843137255, 0.00407843137254902, 0.0010980392156862745, 0.0, 0.0, 0.0, 0.0], [0.0, 0.0003946329913180742, 0.0007892659826361484, 0.0023677979479084454, 0.0015785319652722968, 0.001973164956590371, 0.003946329913180742, 0.009471191791633781, 0.021310181531176007, 0.03157063930544594, 0.049723756906077346, 0.06471981057616416, 0.08484609313338595, 0.1053670086819258, 0.1314127861089187, 0.12312549329123915, 0.12036306235201263, 0.07300710339384373, 0.06708760852407261, 0.028018942383583267, 0.018153117600631413, 0.023283346487766376, 0.008287292817679558, 0.006708760852407261, 0.011049723756906077, 0.005130228887134964, 0.0055248618784530384, 0.0007892659826361484, 0.0, 0.0, 0.0, 0.0], [0.0, 0.0, 0.005988023952095809, 0.011976047904191617, 0.005988023952095809, 0.017964071856287425, 0.017964071856287425, 0.04790419161676647, 0.08383233532934131, 0.11976047904191617, 0.09580838323353294, 0.1317365269461078, 0.11976047904191617, 0.11976047904191617, 0.0658682634730539, 0.041916167664670656, 0.03592814371257485, 0.029940119760479042, 0.0, 0.04790419161676647, 0.0, 0.0, 0.0, 0.0, 0.0, 0.0, 0.0, 0.0, 0.0, 0.0, 0.0, 0.0], [0.0006247071685147587, 0.0006247071685147587, 0.0007808839606434484, 0.00046853037638606906, 0.0009370607527721381, 0.002811182258316414, 0.002967359050445104, 0.007808839606434484, 0.015930032797126348, 0.03748243011088552, 0.05872247384038732, 0.08496017491800718, 0.1149461190067156, 0.12166172106824925, 0.14618147743245355, 0.11775730126503202, 0.09401842886147119, 0.05653599875058566, 0.05653599875058566, 0.024988286740590348, 0.017960331094799314, 0.015930032797126348, 0.008589723567077932, 0.004529126971732001, 0.00484148055598938, 0.0012494143370295175, 0.00015617679212868969, 0.0, 0.0, 0.0, 0.0, 0.0], [0.0, 0.0, 0.0008539709649871904, 0.0, 0.0017079419299743809, 0.0017079419299743809, 0.004269854824935952, 0.003842869342442357, 0.015371477369769428, 0.02305721605465414, 0.036293766011955594, 0.04526046114432109, 0.0721605465414176, 0.09094790777113577, 0.1165670367207515, 0.12894961571306576, 0.15798462852263023, 0.08753202391118702, 0.10845431255337319, 0.03842869342442357, 0.020922288642186166, 0.02305721605465414, 0.0064047822374039285, 0.005977796754910333, 0.006831767719897523, 0.0034158838599487617, 0.0, 0.0, 0.0, 0.0, 0.0, 0.0], [0.0, 0.0, 0.0006934812760055479, 0.0009246417013407304, 0.0013869625520110957, 0.002542764678687009, 0.0062413314840499305, 0.011789181692094313, 0.017337031900138695, 0.03374942209893666, 0.06449375866851595, 0.0744336569579288, 0.09847434119278779, 0.10355987055016182, 0.14817383263985207, 0.12968099861303745, 0.10448451225150254, 0.061950993989828944, 0.0638002773925104, 0.032362459546925564, 0.013638465094775775, 0.013869625520110958, 0.006703652334720296, 0.003929727230698105, 0.003236245954692557, 0.002311604253351826, 0.0002311604253351826, 0.0, 0.0, 0.0, 0.0, 0.0], [0.0, 0.0, 0.0, 0.0, 0.0002158428663932657, 0.0010792143319663286, 0.002805957263112454, 0.004316857327865314, 0.009497086121303691, 0.013382257716382474, 0.033887330023742716, 0.04446363047701273, 0.06302611698683358, 0.07576084610403626, 0.12669976257284696, 0.12044031944744227, 0.1536801208720052, 0.10166199007122814, 0.12238290524498166, 0.044895316209799266, 0.025037772501618823, 0.028059572631124543, 0.010792143319663286, 0.004964385927045111, 0.006475285991797971, 0.004316857327865314, 0.002158428663932657, 0.0, 0.0, 0.0, 0.0, 0.0], [0.00017787264318747776, 0.0, 0.0, 0.0003557452863749555, 0.00017787264318747776, 0.0010672358591248667, 0.0021344717182497333, 0.0035574528637495554, 0.008360014229811455, 0.023657061543934543, 0.04108858057630736, 0.05158306652436855, 0.07186054784774101, 0.09000355745286374, 0.12540021344717184, 0.13500533617929564, 0.15225898256848097, 0.09071504802561366, 0.09320526503023835, 0.040910707933119884, 0.024724297403059408, 0.022056207755247245, 0.007292778370686589, 0.003913198150124511, 0.005158306652436855, 0.002845962290999644, 0.0021344717182497333, 0.0003557452863749555, 0.0, 0.0, 0.0, 0.0], [0.0, 0.0, 0.00031279324366593683, 0.0, 0.00031279324366593683, 0.00031279324366593683, 0.00031279324366593683, 0.0006255864873318737, 0.0031279324366593683, 0.00688145136065061, 0.017203628401626526, 0.02283390678761339, 0.041601501407569595, 0.06162026900218955, 0.10040663121676571, 0.13106036909602753, 0.17015952455426964, 0.11854863934939006, 0.13981857991867375, 0.06787613387550828, 0.03878636221457617, 0.036596809508914606, 0.014075695964967157, 0.012511729746637473, 0.009071004066312168, 0.0028151391929934315, 0.0031279324366593683, 0.0, 0.0, 0.0, 0.0, 0.0], [0.0, 0.0, 0.0, 0.0, 0.0006752194463200541, 0.0013504388926401081, 0.0006752194463200541, 0.004726536124240378, 0.010803511141120865, 0.018906144496961513, 0.027683997299122215, 0.05671843349088454, 0.05671843349088454, 0.07900067521944631, 0.10533423362592843, 0.11681296421336934, 0.13841998649561107, 0.0925050641458474, 0.10600945307224847, 0.05064145847400405, 0.04186360567184335, 0.03308575286968265, 0.01688048615800135, 0.004726536124240378, 0.01823092505064146, 0.007427413909520594, 0.004726536124240378, 0.006076975016880486, 0.0, 0.0, 0.0, 0.0], [0.0002904443799012489, 0.0, 0.0005808887598024978, 0.0002904443799012489, 0.0005808887598024978, 0.0011617775196049957, 0.00261399941911124, 0.0034853325588149867, 0.009294220156839965, 0.015103107754864944, 0.02904443799012489, 0.04472843450479233, 0.07900087133313971, 0.09817020040662214, 0.1257624164972408, 0.137670636073192, 0.1347661922741795, 0.08539064769096719, 0.09962242230612837, 0.04472843450479233, 0.025268661051408656, 0.02875399361022364, 0.01336044147545745, 0.004356665698518733, 0.008422887017136218, 0.003194888178913738, 0.0034853325588149867, 0.0008713331397037467, 0.0, 0.0, 0.0, 0.0], [0.0, 0.0, 0.0, 0.0007042253521126761, 0.0009389671361502347, 0.00046948356807511736, 0.0018779342723004694, 0.00539906103286385, 0.007981220657276996, 0.016901408450704224, 0.031220657276995304, 0.04061032863849765, 0.06830985915492958, 0.07863849765258216, 0.126056338028169, 0.12746478873239436, 0.1467136150234742, 0.0903755868544601, 0.13450704225352111, 0.03943661971830986, 0.021830985915492956, 0.027230046948356807, 0.011971830985915493, 0.005633802816901409, 0.00868544600938967, 0.0028169014084507044, 0.002347417840375587, 0.0018779342723004694, 0.0, 0.0, 0.0, 0.0], [0.0, 0.0, 0.0, 0.04, 0.0, 0.0, 0.0, 0.0, 0.02, 0.06, 0.04, 0.1, 0.04, 0.08, 0.12, 0.12, 0.12, 0.02, 0.08, 0.04, 0.0, 0.12, 0.0, 0.0, 0.0, 0.0, 0.0, 0.0, 0.0, 0.0, 0.0, 0.0], [0.00014912019087384433, 0.0, 0.0, 0.00014912019087384433, 0.00014912019087384433, 0.000447360572621533, 0.0005964807634953773, 0.0013420817178645989, 0.004026245153593797, 0.008052490307187594, 0.016403220996122875, 0.023262749776319713, 0.04488517745302714, 0.06576200417536535, 0.1140769460184909, 0.1497166716373397, 0.1622427676707426, 0.11169102296450939, 0.11735759021771548, 0.06263048016701461, 0.03817476886370415, 0.04175365344467641, 0.015806740232627497, 0.00864897107068297, 0.00864897107068297, 0.0038771249627199524, 0.00014912019087384433, 0.0, 0.0, 0.0, 0.0, 0.0], [0.0, 0.0, 0.0, 0.00021537798836958864, 0.0, 0.0004307559767391773, 0.0015076459185871204, 0.001076889941847943, 0.0030152918371742408, 0.004522937755761361, 0.01249192332543614, 0.017876373034675857, 0.02821451647641611, 0.0415679517553306, 0.07236700409218177, 0.09993538660348912, 0.13956493646349344, 0.12405772130088305, 0.1742407925909972, 0.08399741546413957, 0.05815205685978893, 0.06332112858065905, 0.024553090674133103, 0.012276545337066552, 0.02046090889511092, 0.008830497523153133, 0.004953693732500539, 0.0023691578720654747, 0.0, 0.0, 0.0, 0.0], [0.00025974025974025974, 0.00012987012987012987, 0.0, 0.00025974025974025974, 0.00025974025974025974, 0.0011688311688311688, 0.0009090909090909091, 0.002857142857142857, 0.004545454545454545, 0.00961038961038961, 0.01935064935064935, 0.026493506493506493, 0.03142857142857143, 0.05376623376623377, 0.0822077922077922, 0.11441558441558441, 0.14935064935064934, 0.12025974025974026, 0.15363636363636363, 0.07714285714285714, 0.04688311688311688, 0.05194805194805195, 0.021688311688311687, 0.011558441558441558, 0.013896103896103896, 0.004805194805194805, 0.0011688311688311688, 0.0, 0.0, 0.0, 0.0, 0.0], [0.0, 0.0, 0.0, 0.0, 0.0, 0.002364066193853428, 0.0, 0.004728132387706856, 0.0070921985815602835, 0.01182033096926714, 0.01182033096926714, 0.03309692671394799, 0.05200945626477541, 0.10638297872340426, 0.14184397163120568, 0.16312056737588654, 0.15839243498817968, 0.14184397163120568, 0.10638297872340426, 0.037825059101654845, 0.02127659574468085, 0.0, 0.0, 0.0, 0.0, 0.0, 0.0, 0.0, 0.0, 0.0, 0.0, 0.0], [0.0, 0.0, 0.0, 0.00011112345816201801, 0.00011112345816201801, 0.00044449383264807203, 0.000333370374486054, 0.00111123458162018, 0.003000333370374486, 0.007334148238693188, 0.012668074230470052, 0.022113568174241583, 0.03878208689854428, 0.049894432714746084, 0.08178686520724525, 0.10612290254472719, 0.1629069896655184, 0.11834648294254917, 0.18613179242138014, 0.07389709967774197, 0.04222691410156684, 0.054339371041226804, 0.01611290143349261, 0.006222913657073008, 0.009667740860095567, 0.004000444493832648, 0.00222246916324036, 0.00011112345816201801, 0.0, 0.0, 0.0, 0.0], [0.00010249051962693452, 0.0, 0.00020498103925386903, 0.00020498103925386903, 0.0009224146766424106, 0.0009224146766424106, 0.0005124525981346726, 0.0015373577944040177, 0.0017423388336578866, 0.008404222609408629, 0.01363123911038229, 0.030542174848826483, 0.05647227631444091, 0.08311981141744389, 0.12903556421031054, 0.17105667725735368, 0.18448293532848212, 0.1134570052270165, 0.11191964743261248, 0.04345598032182023, 0.02131802808240238, 0.016193502101055652, 0.0049195449420928565, 0.0021523009121656245, 0.002562262990673363, 0.0010249051962693452, 0.00010249051962693452, 0.0, 0.0, 0.0, 0.0, 0.0], [0.0, 0.00017452006980802793, 0.0, 0.00034904013961605586, 0.00017452006980802793, 0.0010471204188481676, 0.0015706806282722514, 0.002443280977312391, 0.005584642233856894, 0.010471204188481676, 0.019895287958115182, 0.03455497382198953, 0.057242582897033156, 0.07207678883071553, 0.12460732984293194, 0.14677137870855148, 0.1549738219895288, 0.10471204188481675, 0.11902268760907504, 0.059336823734729496, 0.03019197207678883, 0.02844677137870855, 0.012565445026178011, 0.0071553228621291445, 0.00506108202443281, 0.0013961605584642235, 0.00017452006980802793, 0.0, 0.0, 0.0, 0.0, 0.0], [0.0, 0.0, 0.0, 0.0, 0.0003630422944273008, 0.0, 0.0007260845888546016, 0.0010891268832819024, 0.0029043383554184063, 0.00471954982755491, 0.013251043746596478, 0.01996732619350154, 0.038482483209293886, 0.06353240152477764, 0.10510074423670357, 0.13123978943546924, 0.1566527500453803, 0.09566164458159375, 0.16046469413686695, 0.06080958431657288, 0.04120530041749864, 0.044472681067344345, 0.019604283899074242, 0.013614086041023779, 0.014884734071519332, 0.005264113269195862, 0.00471954982755491, 0.0012706480304955528, 0.0, 0.0, 0.0, 0.0], [0.0, 0.0012345679012345679, 0.0006172839506172839, 0.0006172839506172839, 0.001851851851851852, 0.003703703703703704, 0.0049382716049382715, 0.009259259259259259, 0.027160493827160494, 0.04135802469135803, 0.05493827160493827, 0.08271604938271605, 0.07901234567901234, 0.1111111111111111, 0.12962962962962962, 0.12037037037037036, 0.11358024691358025, 0.06604938271604938, 0.07654320987654321, 0.02654320987654321, 0.016666666666666666, 0.020987654320987655, 0.006790123456790123, 0.0006172839506172839, 0.003703703703703704, 0.0, 0.0, 0.0, 0.0, 0.0, 0.0, 0.0], [0.0, 0.0, 0.0, 0.0023446658851113715, 0.0, 0.0023446658851113715, 0.0035169988276670576, 0.016412661195779603, 0.023446658851113716, 0.023446658851113716, 0.04220398593200469, 0.04806565064478312, 0.06447831184056271, 0.059788980070339975, 0.11957796014067995, 0.11488862837045721, 0.13599062133645956, 0.09964830011723329, 0.11488862837045721, 0.05744431418522861, 0.023446658851113716, 0.016412661195779603, 0.009378663540445486, 0.008206330597889801, 0.007033997655334115, 0.0011723329425556857, 0.005861664712778429, 0.0, 0.0, 0.0, 0.0, 0.0], [0.0003852080123266564, 0.0, 0.0, 0.0, 0.0007704160246533128, 0.0011556240369799693, 0.0036594761171032356, 0.007318952234206471, 0.011556240369799691, 0.021764252696456085, 0.04063944530046225, 0.06221109399075501, 0.08436055469953775, 0.1086286594761171, 0.14426040061633283, 0.14021571648690292, 0.1290446841294299, 0.07550077041602465, 0.08147149460708783, 0.027349768875192602, 0.020416024653312787, 0.0211864406779661, 0.007896764252696456, 0.0036594761171032356, 0.004622496147919877, 0.000963020030816641, 0.000963020030816641, 0.0, 0.0, 0.0, 0.0, 0.0], [0.0, 0.0, 0.0, 0.000722543352601156, 0.000361271676300578, 0.0, 0.002167630057803468, 0.001445086705202312, 0.004696531791907515, 0.014089595375722543, 0.024927745664739886, 0.033236994219653176, 0.046242774566473986, 0.07225433526011561, 0.101878612716763, 0.12861271676300579, 0.1495664739884393, 0.09104046242774566, 0.12319364161849711, 0.06683526011560693, 0.03504335260115607, 0.04154624277456647, 0.01625722543352601, 0.012283236994219654, 0.020953757225433526, 0.008309248554913294, 0.0036127167630057803, 0.000722543352601156, 0.0, 0.0, 0.0, 0.0], [0.0, 0.0, 0.0, 0.0, 0.00026737967914438503, 0.0, 0.001336898395721925, 0.0016042780748663102, 0.004545454545454545, 0.013636363636363636, 0.019251336898395723, 0.03208556149732621, 0.051871657754010696, 0.08128342245989305, 0.11363636363636363, 0.1411764705882353, 0.15855614973262033, 0.09545454545454546, 0.13074866310160427, 0.058823529411764705, 0.034224598930481284, 0.030213903743315507, 0.01229946524064171, 0.005614973262032086, 0.008288770053475936, 0.004010695187165776, 0.0010695187165775401, 0.0, 0.0, 0.0, 0.0, 0.0], [0.00032268473701193933, 0.00016134236850596966, 0.00016134236850596966, 0.00016134236850596966, 0.00032268473701193933, 0.001452081316553727, 0.0017747660535656663, 0.003872216844143272, 0.006776379477250726, 0.012907389480477573, 0.031945788964181994, 0.044530493707647625, 0.0755082284607938, 0.10132300742174895, 0.1373023555985802, 0.14375605033881897, 0.14811229428848016, 0.09567602452404002, 0.09115843820587287, 0.04259438528557599, 0.021135850274282025, 0.020490480800258146, 0.010003226847370119, 0.003872216844143272, 0.003065505001613424, 0.0016134236850596966, 0.0, 0.0, 0.0, 0.0, 0.0, 0.0], [0.0, 0.0, 0.0, 0.0006729475100942127, 0.001009421265141319, 0.0016823687752355316, 0.0013458950201884253, 0.0037012113055181696, 0.005383580080753701, 0.008411843876177659, 0.02388963660834455, 0.0370121130551817, 0.059892328398384924, 0.08344549125168237, 0.11843876177658143, 0.15646029609690443, 0.1594885598923284, 0.09858681022880215, 0.09959623149394348, 0.04744279946164199, 0.03331090174966353, 0.02288021534320323, 0.01547779273216689, 0.0070659488559892325, 0.010094212651413189, 0.0026917900403768506, 0.002018842530282638, 0.0, 0.0, 0.0, 0.0, 0.0], [0.0, 0.0, 0.0, 0.0, 0.0, 0.000925925925925926, 0.000925925925925926, 0.002777777777777778, 0.003703703703703704, 0.004012345679012346, 0.012962962962962963, 0.024382716049382715, 0.0345679012345679, 0.050617283950617285, 0.09506172839506173, 0.1271604938271605, 0.14907407407407408, 0.10864197530864197, 0.1478395061728395, 0.07191358024691358, 0.04135802469135803, 0.06018518518518518, 0.021604938271604937, 0.01728395061728395, 0.014814814814814815, 0.008641975308641974, 0.0015432098765432098, 0.0, 0.0, 0.0, 0.0, 0.0], [0.0, 0.0, 0.0001808972503617945, 0.0, 0.0001808972503617945, 0.0005426917510853835, 0.000723589001447178, 0.0023516642547033286, 0.0037988422575976847, 0.007778581765557163, 0.017366136034732273, 0.034370477568740954, 0.05987698986975398, 0.09840810419681621, 0.13187409551374818, 0.13042691751085383, 0.1383863965267728, 0.09370477568740955, 0.11704052098408105, 0.05227930535455861, 0.03020984081041968, 0.032380607814761216, 0.01881331403762663, 0.006331403762662807, 0.013386396526772794, 0.004884225759768451, 0.0041606367583212735, 0.0005426917510853835, 0.0, 0.0, 0.0, 0.0], [0.0, 0.0, 0.00012093360744951022, 0.0, 0.00024186721489902045, 0.00024186721489902045, 0.00036280082234853067, 0.0014512032893941227, 0.0027814729713387353, 0.008344418914016206, 0.015842302575885838, 0.029144999395331963, 0.05224331841818841, 0.07727657516023703, 0.11416132543233765, 0.14137138710847744, 0.16398597170153587, 0.10134236304268956, 0.14632966501390737, 0.051880517595839885, 0.031200870721973636, 0.03374047647841335, 0.011609626315152981, 0.004958277905429919, 0.007618817269319144, 0.0024186721489902045, 0.001088402467045592, 0.00024186721489902045, 0.0, 0.0, 0.0, 0.0], [0.0, 0.0, 0.0, 0.0, 0.0, 0.00013785497656465398, 0.0008271298593879239, 0.0008271298593879239, 0.0024813895781637717, 0.007030603804797354, 0.010476978218913703, 0.022746071133167907, 0.042045767852219466, 0.06865177832919768, 0.11455748552522746, 0.15770609318996415, 0.18431210366694237, 0.11745244003308519, 0.1527433140336366, 0.047422111938240974, 0.023021781086297214, 0.030879514750482492, 0.008133443617314585, 0.0023435346015991177, 0.0030328094844223876, 0.0023435346015991177, 0.0008271298593879239, 0.0, 0.0, 0.0, 0.0, 0.0], [0.0, 0.006329113924050633, 0.0, 0.006329113924050633, 0.006329113924050633, 0.0189873417721519, 0.04430379746835443, 0.0189873417721519, 0.08227848101265822, 0.08227848101265822, 0.06329113924050633, 0.0379746835443038, 0.08227848101265822, 0.11392405063291139, 0.0949367088607595, 0.10759493670886076, 0.056962025316455694, 0.056962025316455694, 0.06329113924050633, 0.012658227848101266, 0.0189873417721519, 0.006329113924050633, 0.012658227848101266, 0.006329113924050633, 0.0, 0.0, 0.0, 0.0, 0.0, 0.0, 0.0, 0.0]]}, "ranks": {"labels": ["Unranked", "Combatatent I", "Combatatent II", "Challenger I", "Challenger II", "Rival I", "Rival II", "Duelist", "Elite"], "data": [[0.1694915254237288, 0.1694915254237288, 0.20903954802259886, 0.21468926553672316, 0.10734463276836158, 0.096045197740113, 0.02824858757062147, 0.005649717514124294, 0.0], [0.06285355122564425, 0.10622250157133878, 0.16781898177247015, 0.2652419861722187, 0.2250157133878064, 0.10747957259585167, 0.03268384663733501, 0.025769956002514142, 0.0069138906348208675], [0.015308004426410919, 0.029693839911471783, 0.07617115455551457, 0.17041682036149022, 0.25193655477683513, 0.24603467355219477, 0.07654002213205459, 0.10217631870158612, 0.031722611582441905], [0.031276133132630876, 0.055862184311757816, 0.13112560628867703, 0.23298210403077438, 0.2754641244355243, 0.17009533366783744, 0.055862184311757816, 0.039136979427997994, 0.008195350393042315], [0.20634920634920634, 0.12698412698412698, 0.23809523809523808, 0.047619047619047616, 0.14285714285714285, 0.14285714285714285, 0.06349206349206349, 0.031746031746031744, 0.0], [0.013333333333333334, 0.04109803921568628, 0.12047058823529412, 0.2443921568627451, 0.2572549019607843, 0.16533333333333333, 0.06211764705882353, 0.06964705882352941, 0.02635294117647059], [0.0734017363851618, 0.11444356748224152, 0.19021310181531176, 0.25453827940015783, 0.19337016574585636, 0.0824782951854775, 0.030781373322809787, 0.038279400157853194, 0.02249408050513023], [0.31137724550898205, 0.2275449101796407, 0.23952095808383234, 0.10778443113772455, 0.0658682634730539, 0.03592814371257485, 0.011976047904191617, 0.0, 0.0], [0.07043573325003905, 0.1436826487583945, 0.23660784007496485, 0.26393877869748555, 0.15055442761205684, 0.06996720287365298, 0.02951741371232235, 0.02904888333593628, 0.006247071685147587], [0.05081127241673783, 0.08155422715627669, 0.16310845431255339, 0.24551665243381726, 0.24551665243381726, 0.13108454312553372, 0.036720751494449186, 0.035439795046968404, 0.010247651579846286], [0.07466481738326398, 0.13892741562644476, 0.2020342117429496, 0.2778548312528895, 0.1664355062413315, 0.07928802588996764, 0.030513176144244106, 0.024503005085529356, 0.005779010633379565], [0.03129721562702353, 0.07835096050075545, 0.13878696309086985, 0.24714008202028923, 0.25534211094323334, 0.14461472048348803, 0.04770127347291172, 0.043816101877832934, 0.012950571983595942], [0.03948772678762007, 0.09267164710067592, 0.16186410530060477, 0.26040554962646745, 0.24297403059409464, 0.11704019921736036, 0.041800071149057275, 0.03326218427605834, 0.010494485948061188], [0.0118861432593056, 0.040037535189239915, 0.10322177040975915, 0.23146700031279324, 0.28870816390365966, 0.18110728808257742, 0.0653737879261808, 0.06318423522051923, 0.015014075695964968], [0.03713706954760297, 0.08440243079000675, 0.13571910871033085, 0.22214719783929776, 0.23092505064145846, 0.13436866981769074, 0.06414584740040513, 0.054692775151924375, 0.03646185010128292], [0.03340110368864362, 0.07377287249491722, 0.17717107173976185, 0.26343305257043276, 0.22015683996514668, 0.1251815277374383, 0.04443799012489108, 0.046471100784199824, 0.01597444089456869], [0.03427230046948357, 0.07183098591549296, 0.14694835680751173, 0.2535211267605634, 0.23708920187793428, 0.15539906103286386, 0.04037558685446009, 0.04483568075117371, 0.01572769953051643], [0.12, 0.14, 0.12, 0.24, 0.14, 0.12, 0.0, 0.12, 0.0], [0.014912019087384432, 0.03966597077244259, 0.11064718162839249, 0.2637936176558306, 0.27393379063525203, 0.151356993736952, 0.06680584551148225, 0.06620936474798687, 0.012675216224276767], [0.010768899418479432, 0.030368296360111995, 0.06978246823174672, 0.1723023906956709, 0.2636226577643765, 0.2192547921602412, 0.09713547275468447, 0.10015076459185872, 0.03661425802283007], [0.02, 0.04584415584415585, 0.0851948051948052, 0.19662337662337662, 0.26961038961038963, 0.19623376623376623, 0.08142857142857143, 0.0851948051948052, 0.01987012987012987], [0.026004728132387706, 0.04491725768321513, 0.15839243498817968, 0.3049645390070922, 0.30023640661938533, 0.13238770685579196, 0.03309692671394799, 0.0, 0.0], [0.012445827314146016, 0.034781642404711634, 0.08867651961329037, 0.18790976775197243, 0.28125347260806755, 0.22858095343927104, 0.07367485276141794, 0.07667518613179242, 0.016001777975330592], [0.0145536537870247, 0.04417341395920878, 0.1395920877318848, 0.3000922414676642, 0.2979399405554986, 0.13610741006456903, 0.040586245772266064, 0.023265347955314132, 0.0036896587065696424], [0.02181500872600349, 0.05445026178010471, 0.12931937172774868, 0.27137870855148344, 0.25968586387434556, 0.15549738219895287, 0.05305410122164049, 0.048167539267015703, 0.006631762652705061], [0.009802141949537121, 0.033218369940098025, 0.10201488473407153, 0.2363405336721728, 0.252314394626974, 0.19477219096024687, 0.0677073879106916, 0.07769105100744236, 0.026139045198765656], [0.09074074074074075, 0.13765432098765432, 0.19012345679012346, 0.25, 0.17962962962962964, 0.0882716049382716, 0.03148148148148148, 0.028395061728395062, 0.003703703703703704], [0.07151230949589683, 0.09026963657678781, 0.1242672919109027, 0.23446658851113716, 0.23563892145369286, 0.1477139507620164, 0.04806565064478312, 0.03399765533411489, 0.01406799531066823], [0.046610169491525424, 0.10285053929121726, 0.19298921417565484, 0.2844761171032357, 0.20454545454545456, 0.09610939907550077, 0.03312788906009245, 0.032742681047765794, 0.0065485362095531584], [0.02348265895953757, 0.058164739884393066, 0.11849710982658959, 0.23049132947976878, 0.24060693641618497, 0.15606936416184972, 0.06900289017341041, 0.07008670520231214, 0.03359826589595376], [0.0213903743315508, 0.051336898395721926, 0.13315508021390374, 0.25481283422459894, 0.2540106951871658, 0.16524064171122996, 0.05855614973262032, 0.0481283422459893, 0.013368983957219251], [0.027912229751532753, 0.07647628267182963, 0.17683123588254276, 0.28105840593739917, 0.24378831881252017, 0.11697321716682801, 0.03791545659890287, 0.03436592449177154, 0.00467892868667312], [0.02220726783310902, 0.060901749663526246, 0.14333781965006728, 0.27489905787348584, 0.2580753701211306, 0.12449528936742935, 0.05585464333781965, 0.04542395693135935, 0.014804845222072678], [0.012345679012345678, 0.03734567901234568, 0.08518518518518518, 0.2222222222222222, 0.25771604938271603, 0.18950617283950616, 0.07160493827160494, 0.09907407407407408, 0.025], [0.015557163531114327, 0.05173661360347323, 0.15828509406657018, 0.262301013024602, 0.23209117221418235, 0.1474312590448625, 0.05209840810419682, 0.05752532561505065, 0.0229739507959479], [0.013544564034345145, 0.0449873019712178, 0.12951989357842544, 0.2555327125408151, 0.2653283347442254, 0.17607933244648688, 0.053331720885234, 0.05030838069899625, 0.011367759100253961], [0.011304108078301628, 0.03322304935208161, 0.11069754618141715, 0.27226357871519163, 0.3017645437000276, 0.17893575958092087, 0.04425144747725393, 0.0413564929693962, 0.00620347394540943], [0.26582278481012656, 0.10126582278481013, 0.1962025316455696, 0.20253164556962025, 0.11392405063291139, 0.0759493670886076, 0.0189873417721519, 0.02531645569620253, 0.0]]}, "ranksDetailed": {"labels": ["Unranked", "Combatatant", "Challenger", "Rival", "Duelist", "Elite"], "data": [[0.1694915254237288, 0.3785310734463277, 0.3220338983050847, 0.12429378531073447, 0.005649717514124294, 0.0], [0.06285355122564425, 0.2740414833438089, 0.49025769956002513, 0.14016341923318668, 0.025769956002514142, 0.0069138906348208675], [0.015308004426410919, 0.10586499446698636, 0.4223533751383253, 0.32257469568424935, 0.10217631870158612, 0.031722611582441905], [0.031276133132630876, 0.18698779060043486, 0.5084462284662987, 0.22595751797959526, 0.039136979427997994, 0.008195350393042315], [0.20634920634920634, 0.36507936507936506, 0.19047619047619047, 0.20634920634920634, 0.031746031746031744, 0.0], [0.013333333333333334, 0.16156862745098038, 0.5016470588235294, 0.22745098039215686, 0.06964705882352941, 0.02635294117647059], [0.0734017363851618, 0.30465666929755325, 0.4479084451460142, 0.1132596685082873, 0.038279400157853194, 0.02249408050513023], [0.31137724550898205, 0.46706586826347307, 0.17365269461077845, 0.04790419161676647, 0.0, 0.0], [0.07043573325003905, 0.38029048883335936, 0.4144932063095424, 0.09948461658597532, 0.02904888333593628, 0.006247071685147587], [0.05081127241673783, 0.24466268146883005, 0.4910333048676345, 0.16780529461998292, 0.035439795046968404, 0.010247651579846286], [0.07466481738326398, 0.34096162736939434, 0.444290337494221, 0.10980120203421175, 0.024503005085529356, 0.005779010633379565], [0.03129721562702353, 0.2171379235916253, 0.5024821929635226, 0.19231599395639973, 0.043816101877832934, 0.012950571983595942], [0.03948772678762007, 0.2545357524012807, 0.5033795802205621, 0.15884027036641765, 0.03326218427605834, 0.010494485948061188], [0.0118861432593056, 0.14325930559899905, 0.5201751642164529, 0.2464810760087582, 0.06318423522051923, 0.015014075695964968], [0.03713706954760297, 0.2201215395003376, 0.4530722484807562, 0.19851451721809588, 0.054692775151924375, 0.03646185010128292], [0.03340110368864362, 0.2509439442346791, 0.48358989253557944, 0.16961951786232937, 0.046471100784199824, 0.01597444089456869], [0.03427230046948357, 0.2187793427230047, 0.49061032863849763, 0.19577464788732393, 0.04483568075117371, 0.01572769953051643], [0.12, 0.26, 0.38, 0.12, 0.12, 0.0], [0.014912019087384432, 0.15031315240083507, 0.5377274082910826, 0.21816283924843424, 0.06620936474798687, 0.012675216224276767], [0.010768899418479432, 0.10015076459185872, 0.43592504846004737, 0.31639026491492567, 0.10015076459185872, 0.03661425802283007], [0.02, 0.13103896103896104, 0.4662337662337662, 0.27766233766233767, 0.0851948051948052, 0.01987012987012987], [0.026004728132387706, 0.2033096926713948, 0.6052009456264775, 0.16548463356973994, 0.0, 0.0], [0.012445827314146016, 0.123458162018002, 0.46916324036004, 0.302255806200689, 0.07667518613179242, 0.016001777975330592], [0.0145536537870247, 0.18376550169109357, 0.5980321820231629, 0.1766936558368351, 0.023265347955314132, 0.0036896587065696424], [0.02181500872600349, 0.1837696335078534, 0.5310645724258289, 0.20855148342059338, 0.048167539267015703, 0.006631762652705061], [0.009802141949537121, 0.13523325467416955, 0.48865492829914686, 0.2624795788709385, 0.07769105100744236, 0.026139045198765656], [0.09074074074074075, 0.3277777777777778, 0.42962962962962964, 0.11975308641975309, 0.028395061728395062, 0.003703703703703704], [0.07151230949589683, 0.21453692848769051, 0.47010550996483, 0.19577960140679954, 0.03399765533411489, 0.01406799531066823], [0.046610169491525424, 0.29583975346687214, 0.4890215716486903, 0.1292372881355932, 0.032742681047765794, 0.0065485362095531584], [0.02348265895953757, 0.17666184971098267, 0.47109826589595377, 0.22507225433526012, 0.07008670520231214, 0.03359826589595376], [0.0213903743315508, 0.18449197860962566, 0.5088235294117647, 0.22379679144385026, 0.0481283422459893, 0.013368983957219251], [0.027912229751532753, 0.2533075185543724, 0.5248467247499193, 0.15488867376573087, 0.03436592449177154, 0.00467892868667312], [0.02220726783310902, 0.20423956931359355, 0.5329744279946165, 0.180349932705249, 0.04542395693135935, 0.014804845222072678], [0.012345679012345678, 0.12253086419753087, 0.4799382716049383, 0.2611111111111111, 0.09907407407407408, 0.025], [0.015557163531114327, 0.2100217076700434, 0.49439218523878437, 0.19952966714905934, 0.05752532561505065, 0.0229739507959479], [0.013544564034345145, 0.17450719554964325, 0.5208610472850406, 0.22941105333172088, 0.05030838069899625, 0.011367759100253961], [0.011304108078301628, 0.14392059553349876, 0.5740281224152192, 0.2231872070581748, 0.0413564929693962, 0.00620347394540943], [0.26582278481012656, 0.2974683544303797, 0.31645569620253167, 0.0949367088607595, 0.02531645569620253, 0.0]]}}}, "eu": {"histType": {"histogram": {"labels": ["0", "100", "200", "300", "400", "500", "600", "700", "800", "900", "1000", "1100", "1200", "1300", "1400", "1500", "1600", "1700", "1800", "1900", "2000", "2100", "2200", "2300", "2400", "2500", "2600", "2700", "2800", "2900", "3000", "3100"], "data": [[0.0, 0.0, 0.0, 0.0, 0.0, 0.013605442176870748, 0.013605442176870748, 0.02040816326530612, 0.047619047619047616, 0.08163265306122448, 0.10204081632653061, 0.04081632653061224, 0.08843537414965986, 0.09523809523809523, 0.1292517006802721, 0.09523809523809523, 0.10884353741496598, 0.05442176870748299, 0.04081632653061224, 0.006802721088435374, 0.013605442176870748, 0.027210884353741496, 0.02040816326530612, 0.0, 0.0, 0.0, 0.0, 0.0, 0.0, 0.0, 0.0, 0.0], [0.0, 0.0, 0.0006807351940095302, 0.0006807351940095302, 0.0006807351940095302, 0.0034036759700476512, 0.008168822328114363, 0.008168822328114363, 0.0224642614023145, 0.033356024506466984, 0.03880190605854323, 0.07079646017699115, 0.08441116405718176, 0.10687542545949626, 0.134785568413887, 0.12253233492171545, 0.14023144996596323, 0.07692307692307693, 0.07828454731109598, 0.029271613342409804, 0.009530292716133424, 0.016337644656228726, 0.005445881552076242, 0.0040844111640571815, 0.0013614703880190605, 0.002722940776038121, 0.0, 0.0, 0.0, 0.0, 0.0, 0.0], [0.0, 0.00019774569903104609, 0.0, 0.00019774569903104609, 0.00019774569903104609, 0.00019774569903104609, 0.0005932370970931383, 0.0019774569903104606, 0.004745896776745106, 0.0065256080680245205, 0.014830927427328456, 0.02254300968953925, 0.03223254894206051, 0.04231757959264386, 0.07356140003954914, 0.08918331026300177, 0.15463713664227802, 0.1059916946806407, 0.19477951354558037, 0.07158394304923868, 0.05260035594225826, 0.06327862368993474, 0.02372948388372553, 0.013842198932173226, 0.018192604310856238, 0.006723353767055566, 0.002175202689341507, 0.0031639311844967374, 0.0, 0.0, 0.0, 0.0], [0.0, 0.00015491866769945777, 0.0, 0.00015491866769945777, 0.00015491866769945777, 0.00046475600309837337, 0.0010844306738962044, 0.003563129357087529, 0.0057319907048799384, 0.011154144074360961, 0.022618125484120837, 0.03563129357087529, 0.04972889233152595, 0.06661502711076685, 0.11076684740511232, 0.1310611928737413, 0.1710302091402014, 0.11030209140201394, 0.1412858249419055, 0.06134779240898528, 0.02865995352439969, 0.027420604182804027, 0.00836560805577072, 0.004027885360185902, 0.005267234701781564, 0.002168861347792409, 0.0006196746707978311, 0.0006196746707978311, 0.0, 0.0, 0.0, 0.0], [0.0, 0.0, 0.0, 0.0, 0.0, 0.0, 0.034482758620689655, 0.08620689655172414, 0.06896551724137931, 0.05172413793103448, 0.10344827586206896, 0.10344827586206896, 0.06896551724137931, 0.05172413793103448, 0.10344827586206896, 0.08620689655172414, 0.05172413793103448, 0.034482758620689655, 0.034482758620689655, 0.08620689655172414, 0.0, 0.017241379310344827, 0.0, 0.017241379310344827, 0.0, 0.0, 0.0, 0.0, 0.0, 0.0, 0.0, 0.0], [0.0, 0.00015661707126076742, 0.00015661707126076742, 0.00031323414252153485, 0.00046985121378230227, 0.00015661707126076742, 0.00031323414252153485, 0.0025058731401722788, 0.003602192638997651, 0.007204385277995302, 0.015348472983555208, 0.02427564604541895, 0.04447924823805795, 0.06906812842599844, 0.10712607674236492, 0.12372748629600626, 0.1486296006264683, 0.10289741581832419, 0.1384494909945184, 0.06703210649960846, 0.03555207517619421, 0.05465935787000783, 0.02051683633516053, 0.007047768206734534, 0.01331245105716523, 0.007204385277995302, 0.0040720438527799534, 0.0017227877838684417, 0.0, 0.0, 0.0, 0.0], [0.0, 0.0, 0.000735023888276369, 0.001470047776552738, 0.002205071664829107, 0.002205071664829107, 0.00404263138552003, 0.012495406100698273, 0.024255788313120176, 0.03197353914002205, 0.04998162440279309, 0.07092980521866961, 0.08489525909592062, 0.09775817714075707, 0.11760382212421903, 0.11944138184490996, 0.11980889378904815, 0.06615214994487321, 0.06541712605659684, 0.03381109886071297, 0.018743109151047408, 0.026460859977949284, 0.012495406100698273, 0.007717750826901874, 0.011760382212421904, 0.008820286659316428, 0.005145167217934583, 0.003675119441381845, 0.0, 0.0, 0.0, 0.0], [0.0, 0.0, 0.0, 0.0, 0.0, 0.024390243902439025, 0.008130081300813009, 0.056910569105691054, 0.032520325203252036, 0.056910569105691054, 0.07317073170731707, 0.10569105691056911, 0.08943089430894309, 0.056910569105691054, 0.13821138211382114, 0.16260162601626016, 0.10569105691056911, 0.04065040650406504, 0.024390243902439025, 0.008130081300813009, 0.016260162601626018, 0.0, 0.0, 0.0, 0.0, 0.0, 0.0, 0.0, 0.0, 0.0, 0.0, 0.0], [0.00046801872074883, 0.00015600624024960998, 0.0006240249609984399, 0.0006240249609984399, 0.0006240249609984399, 0.0020280811232449296, 0.0042121684867394696, 0.009984399375975039, 0.022308892355694228, 0.03853354134165367, 0.06287051482059282, 0.08315132605304212, 0.12355694227769111, 0.11840873634945398, 0.13026521060842433, 0.11622464898595944, 0.09329173166926677, 0.051950078003120126, 0.058190327613104526, 0.028549141965678627, 0.017628705148205928, 0.017784711388455537, 0.008268330733229329, 0.004836193447737909, 0.0039001560062402497, 0.0014040561622464898, 0.00015600624024960998, 0.0, 0.0, 0.0, 0.0, 0.0], [0.0, 0.0, 0.0011043622308117063, 0.0005521811154058532, 0.0011043622308117063, 0.0011043622308117063, 0.0011043622308117063, 0.007730535615681944, 0.011595803423522915, 0.018221976808393152, 0.04417448923246825, 0.046935394809497516, 0.0706791827719492, 0.09110988404196577, 0.11485367200441744, 0.12258420762009939, 0.1496410822749862, 0.08227498619547212, 0.11430149088901159, 0.03368304803975704, 0.03368304803975704, 0.02816123688569851, 0.012147984538928768, 0.006073992269464384, 0.003865267807840972, 0.0027609055770292656, 0.0005521811154058532, 0.0, 0.0, 0.0, 0.0, 0.0], [0.0002799552071668533, 0.0005599104143337066, 0.0005599104143337066, 0.0008398656215005599, 0.001959686450167973, 0.0022396416573348264, 0.003639417693169093, 0.011198208286674132, 0.021556550951847706, 0.03723404255319149, 0.05683090705487122, 0.08118701007838745, 0.1013437849944009, 0.10778275475923853, 0.14361702127659576, 0.11898096304591266, 0.09994400895856663, 0.05711086226203808, 0.06522956326987682, 0.031914893617021274, 0.01791713325867861, 0.01707726763717805, 0.006998880179171333, 0.006438969764837626, 0.004479283314669653, 0.003079507278835386, 0.0, 0.0, 0.0, 0.0, 0.0, 0.0], [0.0, 0.0, 0.0, 0.0, 0.0009269988412514484, 0.0006952491309385864, 0.0016222479721900347, 0.0050984936268829665, 0.01089223638470452, 0.019003476245654693, 0.03453070683661645, 0.04055619930475087, 0.06512166859791425, 0.08018539976825029, 0.12282734646581692, 0.12282734646581692, 0.14090382387022016, 0.0917728852838934, 0.12004634994206258, 0.05121668597914253, 0.028273464658169177, 0.03174971031286211, 0.013673232908458864, 0.005561993047508691, 0.008574739281575898, 0.002085747392815759, 0.0009269988412514484, 0.0006952491309385864, 0.0, 0.0, 0.0002317497103128621, 0.0], [0.0, 0.0, 0.0002069108214359611, 0.00