{"region": {"us": {"histType": {"histogram": {"labels": ["0", "100", "200", "300", "400", "500", "600", "700", "800", "900", "1000", "1100", "1200", "1300", "1400", "1500", "1600", "1700", "1800", "1900", "2000", "2100", "2200", "2300", "2400", "2500", "2600", "2700", "2800", "2900", "3000", "3100", "3200"], "data": [[0.0, 0.0, 0.005509641873278237, 0.0027548209366391185, 0.005509641873278237, 0.008264462809917356, 0.02203856749311295, 0.01652892561983471, 0.0440771349862259, 0.046831955922865015, 0.07162534435261708, 0.10743801652892562, 0.09917355371900827, 0.1322314049586777, 0.11019283746556474, 0.09366391184573003, 0.07988980716253444, 0.04132231404958678, 0.04132231404958678, 0.03305785123966942, 0.013774104683195593, 0.008264462809917356, 0.008264462809917356, 0.0, 0.008264462809917356, 0.0, 0.0, 0.0, 0.0, 0.0, 0.0, 0.0, 0.0], [0.0, 0.0003570153516601214, 0.0, 0.0003570153516601214, 0.0007140307033202428, 0.001785076758300607, 0.0046411995715815784, 0.008925383791503035, 0.011424491253123885, 0.03034630489111032, 0.039628704034273474, 0.05390931810067833, 0.0849696536951089, 0.0885398072117101, 0.1270974651910032, 0.13066761870760443, 0.1435201713673688, 0.0849696536951089, 0.1103177436629775, 0.039985719385933594, 0.01285255265976437, 0.010710460549803642, 0.0046411995715815784, 0.0024991074616208496, 0.002856122813280971, 0.0003570153516601214, 0.0021420921099607284, 0.0014280614066404856, 0.0003570153516601214, 0.0, 0.0, 0.0, 0.0], [0.00010890873448050534, 0.0, 0.0, 0.00021781746896101068, 0.00021781746896101068, 0.00021781746896101068, 0.00021781746896101068, 0.0005445436724025267, 0.002613809627532128, 0.0033761707688956654, 0.005554345458505772, 0.00795033761707689, 0.01263341319973862, 0.042583315181877586, 0.08091918971901546, 0.10923546068394685, 0.17545197124809409, 0.11315617512524505, 0.24482683511217598, 0.0691570463951209, 0.03811805706817687, 0.048464386843824876, 0.01688085384447833, 0.00795033761707689, 0.013395774341102156, 0.0029405358309736443, 0.001306904813766064, 0.0011979960792855588, 0.000326726203441516, 0.00043563493792202136, 0.0, 0.0, 0.0], [0.0, 0.0, 0.0, 0.0, 0.00010407993338884263, 0.00010407993338884263, 0.0007285595337218984, 0.0018734388009991674, 0.004787676935886761, 0.007597835137385512, 0.011552872606161533, 0.013738551207327226, 0.02560366361365529, 0.03236885928393006, 0.04600333055786844, 0.13093255620316402, 0.19879267277268942, 0.12135720233139051, 0.2119067443796836, 0.07691507077435471, 0.04204829308909242, 0.04142381348875937, 0.016028309741881765, 0.0053080766028309745, 0.008118234804329725, 0.0016652789342214821, 0.0005203996669442131, 0.0005203996669442131, 0.0, 0.0, 0.0, 0.0, 0.0], [0.0, 0.0, 0.0, 0.0, 0.007874015748031496, 0.0, 0.015748031496062992, 0.03937007874015748, 0.03937007874015748, 0.05511811023622047, 0.06299212598425197, 0.10236220472440945, 0.10236220472440945, 0.11023622047244094, 0.08661417322834646, 0.10236220472440945, 0.05511811023622047, 0.023622047244094488, 0.07874015748031496, 0.05511811023622047, 0.015748031496062992, 0.03937007874015748, 0.007874015748031496, 0.0, 0.0, 0.0, 0.0, 0.0, 0.0, 0.0, 0.0, 0.0, 0.0], [0.0, 0.0, 0.0, 0.00023285597857724996, 0.00034928396786587494, 0.00034928396786587494, 0.0005821399464431249, 0.002677843753638375, 0.004889975550122249, 0.011875654907439748, 0.021306322039818373, 0.030736989172196996, 0.05600186284782862, 0.08196530445919199, 0.10303877052043312, 0.12876935615321924, 0.16055419722901385, 0.09500523925951798, 0.13761788333915473, 0.05437187099778787, 0.03062056118290837, 0.04133193619746187, 0.014902782628943997, 0.0057049714751426246, 0.009779951100244499, 0.0036092676679473747, 0.0016299918500407497, 0.0011642798928862498, 0.0004657119571544999, 0.00034928396786587494, 0.00011642798928862498, 0.0, 0.0], [0.0, 0.0002531004808909137, 0.0002531004808909137, 0.001771703366236396, 0.0012655024044545685, 0.0037965072133637054, 0.00683371298405467, 0.01366742596810934, 0.020754239433054922, 0.03644646924829157, 0.051885598582637305, 0.06580612503163756, 0.0959250822576563, 0.10832700582131106, 0.11212351303467477, 0.12351303467476588, 0.11870412553783852, 0.06859023032143761, 0.0774487471526196, 0.030372057706909643, 0.018223234624145785, 0.015945330296127564, 0.008605416350291066, 0.005315110098709187, 0.005568210579600101, 0.003543406732472792, 0.002531004808909137, 0.0010124019235636548, 0.0005062009617818274, 0.0002531004808909137, 0.0007593014426727411, 0.0, 0.0], [0.0033333333333333335, 0.0, 0.0, 0.006666666666666667, 0.006666666666666667, 0.023333333333333334, 0.013333333333333334, 0.043333333333333335, 0.05, 0.10666666666666667, 0.10333333333333333, 0.11666666666666667, 0.11666666666666667, 0.10333333333333333, 0.07666666666666666, 0.06, 0.06, 0.02666666666666667, 0.03333333333333333, 0.03, 0.0033333333333333335, 0.0033333333333333335, 0.006666666666666667, 0.006666666666666667, 0.0, 0.0, 0.0, 0.0, 0.0, 0.0, 0.0, 0.0, 0.0], [0.00028251247763442887, 0.0001883416517562859, 0.00047085412939071476, 0.0003766833035125718, 0.00047085412939071476, 0.0012242207364158585, 0.0014125623881721442, 0.004049345512760147, 0.007722007722007722, 0.016197382051040588, 0.02646200207175817, 0.035596572181938034, 0.06733214050287221, 0.1293907147565684, 0.13664186834918543, 0.1276014690648837, 0.1407853846878237, 0.08663715980789151, 0.09096901779828609, 0.04463697146623976, 0.02617948959412374, 0.026367831245880026, 0.010452961672473868, 0.005932762030323006, 0.007816178547885865, 0.002165928995197288, 0.0015067332140502872, 0.0005650249552688577, 0.0005650249552688577, 0.0, 0.0, 0.0, 0.0], [0.0, 0.0, 0.0, 0.0, 0.0003992015968063872, 0.0003992015968063872, 0.0015968063872255488, 0.0003992015968063872, 0.001996007984031936, 0.007984031936127744, 0.011177644710578843, 0.01157684630738523, 0.020758483033932136, 0.029940119760479042, 0.055089820359281436, 0.07145708582834331, 0.09780439121756487, 0.08942115768463074, 0.18323353293413175, 0.07305389221556886, 0.081437125748503, 0.1029940119760479, 0.04590818363273453, 0.01996007984031936, 0.05109780439121756, 0.016367265469061875, 0.011177644710578843, 0.00998003992015968, 0.0031936127744510976, 0.0015968063872255488, 0.0, 0.0, 0.0], [0.0, 0.0, 0.0002941176470588235, 0.0, 0.0014705882352941176, 0.0014705882352941176, 0.0029411764705882353, 0.004705882352941176, 0.012941176470588235, 0.02235294117647059, 0.03147058823529412, 0.03852941176470588, 0.06794117647058824, 0.0838235294117647, 0.10470588235294118, 0.12411764705882353, 0.15294117647058825, 0.09029411764705883, 0.13411764705882354, 0.045, 0.02823529411764706, 0.026470588235294117, 0.007352941176470588, 0.006470588235294118, 0.007058823529411765, 0.0026470588235294116, 0.0014705882352941176, 0.0002941176470588235, 0.000588235294117647, 0.0002941176470588235, 0.0, 0.0, 0.0], [0.00018211619012930248, 0.0, 0.001092697140775815, 0.0005463485703879075, 0.001092697140775815, 0.003278091422327445, 0.00655618284465489, 0.011655436168275359, 0.019486432343835368, 0.03879074849754143, 0.0655618284465489, 0.07357494081223821, 0.10835913312693499, 0.10908759788745219, 0.13349116736477873, 0.11892187215443453, 0.11873975596430522, 0.06392278273538518, 0.06210162083409215, 0.026588963758878165, 0.01311236568930978, 0.011837552358404663, 0.006191950464396285, 0.00364232380258605, 0.001821161901293025, 0.00018211619012930248, 0.00018211619012930248, 0.0, 0.0, 0.0, 0.0, 0.0, 0.0], [0.0, 0.0, 0.0, 0.0, 0.000129886998311469, 0.000519547993245876, 0.002078191972983504, 0.0029874009611637873, 0.00805299389531108, 0.013897908819327185, 0.027016495648785558, 0.04494090141576828, 0.06377451617093129, 0.0850759838940122, 0.11884660345499415, 0.12430185738407586, 0.16209897389271333, 0.09663592674373295, 0.13443304325237043, 0.041693726457981556, 0.027146382647097025, 0.02519807767242499, 0.00805299389531108, 0.0050655929341472915, 0.004805818937524354, 0.0016885309780490974, 0.0006494349915573451, 0.000129886998311469, 0.0007793219898688141, 0.0, 0.0, 0.0, 0.0], [0.00022642363862787276, 0.0, 0.0, 0.00011321181931393638, 0.00022642363862787276, 0.0007924827351975546, 0.0028302954828484093, 0.004528472772557455, 0.010189063738254274, 0.02151024566964791, 0.036001358541831764, 0.045511151364202425, 0.07019132797464055, 0.08524849994339409, 0.10540020378127476, 0.11207970112079702, 0.13913732593682782, 0.09068266727046304, 0.1213630703045398, 0.05377561417411978, 0.031699309407902186, 0.034869240348692404, 0.011774029208649383, 0.004868108230499264, 0.008490886448545228, 0.0032831427601041547, 0.0019246009283369185, 0.0013585418317672365, 0.0010189063738254274, 0.0007924827351975546, 0.00011321181931393638, 0.0, 0.0], [0.0, 0.0, 0.0, 0.0, 0.0004704775346977182, 0.0002352387673488591, 0.0007057163020465773, 0.0018819101387908728, 0.004234297812279464, 0.005880969183721477, 0.014820042342978124, 0.029404845918607387, 0.051517290049400144, 0.07174782404140202, 0.09574217831098565, 0.11644318983768526, 0.16302046577275936, 0.11808986120912726, 0.14725946836038578, 0.06539637732298283, 0.039284874147259466, 0.03834391907786403, 0.014114326040931546, 0.0051752528816749, 0.009644789461303222, 0.0028228652081863093, 0.0014114326040931546, 0.0009409550693954364, 0.0004704775346977182, 0.0009409550693954364, 0.0, 0.0, 0.0], [0.0, 0.0, 0.0, 0.0, 0.0011380880121396055, 0.0018968133535660092, 0.002276176024279211, 0.004931714719271623, 0.01251896813353566, 0.021244309559939303, 0.03186646433990895, 0.04742033383915023, 0.06828528072837632, 0.0815629742033384, 0.09825493171471927, 0.11494688922610015, 0.13467374810318664, 0.09294385432473444, 0.11532625189681335, 0.05424886191198786, 0.03528072837632777, 0.028831562974203338, 0.019726858877086494, 0.009484066767830045, 0.010622154779969651, 0.004931714719271623, 0.0015174506828528073, 0.0034142640364188165, 0.002276176024279211, 0.00037936267071320183, 0.0, 0.0, 0.0], [0.00021829294913774285, 0.0, 0.0004365858982754857, 0.0004365858982754857, 0.0004365858982754857, 0.0010914647456887142, 0.0028378083387906572, 0.006548788474132285, 0.011351233355162629, 0.01920977952412137, 0.03296223531979917, 0.05064396419995634, 0.07924034053700066, 0.099323291857673, 0.11220257585679982, 0.12442698100851342, 0.14079895219384414, 0.08491595721458196, 0.11656843483955469, 0.042348832132722114, 0.024448810303427198, 0.02379393145601397, 0.009386596812922943, 0.0045841519318926, 0.0056756166775813145, 0.0017463435931019428, 0.0015280506439641999, 0.0015280506439641999, 0.0004365858982754857, 0.0008731717965509714, 0.0, 0.0, 0.0], [0.0, 0.0, 0.00014940983116689077, 0.00029881966233378154, 0.00044822949350067237, 0.0005976393246675631, 0.0016435081428357986, 0.0032870162856715973, 0.008068130883012102, 0.016584491259524877, 0.02704317944120723, 0.04153593306439564, 0.07575078440161363, 0.08949648886896758, 0.11758553712834305, 0.1296877334528612, 0.15194979829672792, 0.08665770207679666, 0.14014642163454355, 0.04004183475272673, 0.022411474675033616, 0.02450321231137009, 0.007470491558344539, 0.0044822949350067235, 0.006574032571343195, 0.001344688480502017, 0.0008964589870013447, 0.00044822949350067237, 0.00014940983116689077, 0.0007470491558344539, 0.0, 0.0, 0.0], [0.0, 0.0, 0.0, 0.008547008547008548, 0.008547008547008548, 0.008547008547008548, 0.008547008547008548, 0.017094017094017096, 0.008547008547008548, 0.08547008547008547, 0.05982905982905983, 0.06837606837606838, 0.05982905982905983, 0.05982905982905983, 0.08547008547008547, 0.1282051282051282, 0.11965811965811966, 0.07692307692307693, 0.03418803418803419, 0.02564102564102564, 0.03418803418803419, 0.008547008547008548, 0.02564102564102564, 0.0, 0.008547008547008548, 0.02564102564102564, 0.008547008547008548, 0.02564102564102564, 0.0, 0.0, 0.0, 0.0, 0.0], [0.00020905194940942825, 0.00010452597470471412, 0.0, 0.00010452597470471412, 0.00010452597470471412, 0.00010452597470471412, 0.00031357792411414236, 0.0011497857217518553, 0.004181038988188565, 0.012229539040451553, 0.022264032612104107, 0.03543430542489809, 0.06564231211456047, 0.08780181875195986, 0.11497857217518553, 0.13368872164732937, 0.16849587122399917, 0.10912511759172154, 0.11184279293404412, 0.05048604578237692, 0.0273858053726351, 0.02989442876554824, 0.009720915647538414, 0.00355388313996028, 0.006480610431692275, 0.0018814675446848542, 0.0013588376711612836, 0.0004181038988188565, 0.0010452597470471411, 0.0, 0.0, 0.0, 0.0], [0.0, 0.00014898688915375446, 0.0, 0.00014898688915375446, 0.0, 0.0002979737783075089, 0.0016388557806912992, 0.0010429082240762813, 0.0032777115613825984, 0.00566150178784267, 0.011471990464839094, 0.017878426698450536, 0.030095351609058404, 0.04633492252681764, 0.07181168057210965, 0.09579856972586412, 0.15628724672228844, 0.12276519666269368, 0.1796781883194279, 0.07941001191895113, 0.05706197854588796, 0.06033969010727056, 0.020858164481525627, 0.010131108462455305, 0.014600715137067939, 0.0068533969010727055, 0.003128724672228844, 0.0013408820023837903, 0.0007449344457687723, 0.0004469606674612634, 0.0007449344457687723, 0.0, 0.0], [0.0002932264685758968, 9.77421561919656e-05, 0.0, 0.0003909686247678624, 0.000488710780959828, 0.0011729058743035871, 0.001954843123839312, 0.003909686247678624, 0.0069396930896295575, 0.015247776365946633, 0.02531521845371909, 0.03225491154334865, 0.05033721043886228, 0.06372788583716157, 0.08151695826409931, 0.09637376600527808, 0.1300948098915062, 0.11328315902648813, 0.16098133124816733, 0.07467500733066171, 0.04906656240836673, 0.04906656240836673, 0.016713908708826115, 0.00996969993158049, 0.010360668556348353, 0.0030300068419509335, 0.0013683901866875182, 0.000488710780959828, 0.0008796794057276903, 0.0, 0.0, 0.0, 0.0], [0.0, 0.0, 0.0, 0.0017543859649122807, 0.0017543859649122807, 0.0, 0.0, 0.005263157894736842, 0.008771929824561403, 0.007017543859649123, 0.015789473684210527, 0.031578947368421054, 0.04912280701754386, 0.09649122807017543, 0.11228070175438597, 0.15789473684210525, 0.16666666666666666, 0.11403508771929824, 0.14210526315789473, 0.05964912280701754, 0.015789473684210527, 0.008771929824561403, 0.0035087719298245615, 0.0, 0.0017543859649122807, 0.0, 0.0, 0.0, 0.0, 0.0, 0.0, 0.0, 0.0], [0.0, 0.0, 0.0, 0.0001608234158893535, 0.0, 0.0001608234158893535, 0.00024123512383403023, 0.0007237053715020908, 0.0017690575747828885, 0.004583467352846575, 0.007156642007076231, 0.022113219684786106, 0.05130266966870376, 0.07373753618526857, 0.09351881633965906, 0.10228369250562883, 0.14642972016725636, 0.09697651978128015, 0.186313927307816, 0.0688324220006433, 0.04205532325506594, 0.06055001608234159, 0.01752975233193953, 0.005467996140238018, 0.011257639112254744, 0.0029752331939530397, 0.0014474107430041815, 0.0013669990350595046, 0.00048247024766806047, 0.0005628819556127373, 0.0, 0.0, 0.0], [0.00017761989342806393, 8.880994671403197e-05, 8.880994671403197e-05, 0.0, 0.0005328596802841918, 0.0005328596802841918, 0.0002664298401420959, 0.0008880994671403197, 0.0011545293072824157, 0.005239786856127886, 0.009413854351687389, 0.01980461811722913, 0.034458259325044406, 0.04733570159857904, 0.0691829484902309, 0.17593250444049732, 0.22895204262877442, 0.1341918294849023, 0.15408525754884547, 0.054795737122557725, 0.027264653641207816, 0.023090586145648313, 0.005683836589698046, 0.003019538188277087, 0.002486678507992895, 0.0006216696269982238, 0.00035523978685612787, 0.00035523978685612787, 0.0, 0.0, 0.0, 0.0, 0.0], [0.00012545477355413375, 0.00012545477355413375, 0.00012545477355413375, 0.0002509095471082675, 0.0007527286413248024, 0.0007527286413248024, 0.00200727637686614, 0.003387278885961611, 0.006272738677706687, 0.011165474846317903, 0.021076401957094468, 0.03312006021829131, 0.055451009910927114, 0.06009283653243006, 0.09020198218542215, 0.12796386902521642, 0.16171120311127837, 0.10989838163342115, 0.14214025843683353, 0.06586375611592021, 0.036883703424915315, 0.038765525028227325, 0.014678208505833647, 0.006523648224814954, 0.006774557771923222, 0.001881821603312006, 0.0011290929619872036, 0.0008781834148789362, 0.0, 0.0, 0.0, 0.0, 0.0], [0.0, 0.0, 0.0, 0.0, 0.0002945074363127669, 0.00014725371815638345, 0.001030776027094684, 0.0016197908997202179, 0.00427035782653512, 0.006037402444411722, 0.015461640406420262, 0.02341334118686497, 0.039169489029598, 0.0614048004712119, 0.09556766308349286, 0.12089530260639081, 0.15535267265498454, 0.09453688705639818, 0.18112207333235164, 0.06243557649830658, 0.038580474156972466, 0.04505963775585334, 0.017964953615078782, 0.00809895449860109, 0.011191282579885142, 0.006037402444411722, 0.00427035782653512, 0.001914298336032985, 0.0016197908997202179, 0.0011780297452510676, 0.001325283463407451, 0.0, 0.0], [0.0, 0.00024906600249066, 0.00024906600249066, 0.00049813200498132, 0.0014943960149439602, 0.0017434620174346202, 0.004732254047322541, 0.00821917808219178, 0.015193026151930262, 0.027646326276463264, 0.04508094645080946, 0.06002490660024907, 0.08368617683686176, 0.10560398505603985, 0.1290161892901619, 0.11058530510585306, 0.14645080946450809, 0.07098381070983811, 0.11183063511830635, 0.024159402241594023, 0.019427148194271483, 0.02042341220423412, 0.0027397260273972603, 0.00224159402241594, 0.00448318804483188, 0.0014943960149439602, 0.00049813200498132, 0.0007471980074719801, 0.00049813200498132, 0.0, 0.0, 0.0, 0.0], [0.0, 0.0, 0.0, 0.0015864621893178213, 0.0026441036488630354, 0.0015864621893178213, 0.0037017451084082496, 0.011634056054997356, 0.015335801163405606, 0.013220518244315178, 0.03278688524590164, 0.048122686409307246, 0.06345848757271286, 0.08090957165520889, 0.10893707033315705, 0.1121099947117927, 0.16181914331041777, 0.08831306187202538, 0.13167636171337915, 0.04177683765203596, 0.022739291380222106, 0.028027498677948175, 0.014806980433632998, 0.004230565838180857, 0.005288207297726071, 0.0031729243786356425, 0.0005288207297726071, 0.0015864621893178213, 0.0, 0.0, 0.0, 0.0, 0.0], [0.00026486558071778574, 0.0, 0.0, 0.0, 0.0007945967421533572, 0.0011918951132300357, 0.003708118130049, 0.006754072308303536, 0.011654085551582571, 0.020659515295987287, 0.03535955502582439, 0.05323798172427493, 0.07906237584425904, 0.10448947159316647, 0.137200370811813, 0.1377301019732486, 0.1354787445371474, 0.0795921070056946, 0.09415971394517282, 0.03496225665474772, 0.018408157859886108, 0.02317573831280625, 0.008078400211892465, 0.003840550920407893, 0.006754072308303536, 0.0015891934843067143, 0.0005297311614355715, 0.0006621639517944643, 0.0, 0.0003972983710766786, 0.00026486558071778574, 0.0, 0.0], [0.0, 0.0, 0.0, 0.0005446623093681918, 0.00018155410312273057, 0.001270878721859114, 0.0018155410312273058, 0.002178649237472767, 0.007806826434277415, 0.01289034132171387, 0.023238925199709513, 0.033042846768336964, 0.06281771968046478, 0.08224400871459694, 0.10076252723311546, 0.11419753086419752, 0.14596949891067537, 0.0896877269426289, 0.13271604938271606, 0.05737109658678286, 0.036129266521423384, 0.03903413217138707, 0.015432098765432098, 0.008169934640522876, 0.015432098765432098, 0.005628177196804648, 0.0054466230936819175, 0.002541757443718228, 0.0014524328249818446, 0.001270878721859114, 0.0007262164124909223, 0.0, 0.0], [0.00019912385503783353, 0.0, 0.0, 0.0, 0.00039824771007566706, 0.0011947431302270011, 0.0017921146953405018, 0.002190362405416169, 0.006172839506172839, 0.015133412982875348, 0.026284348864994027, 0.04042214257268021, 0.0629231381919554, 0.08582238152130625, 0.11230585424133811, 0.12445240939864596, 0.14914376742333732, 0.09518120270808443, 0.1354042214257268, 0.05137395459976105, 0.0332536837913182, 0.026881720430107527, 0.010752688172043012, 0.004579848665870172, 0.006571087216248507, 0.0011947431302270011, 0.0023894862604540022, 0.0013938669852648347, 0.0017921146953405018, 0.0007964954201513341, 0.0, 0.0, 0.0], [0.00011465260261407934, 0.00011465260261407934, 0.00011465260261407934, 0.0, 0.00011465260261407934, 0.0011465260261407934, 0.00171978903921119, 0.004586104104563174, 0.007796376977757395, 0.016509974776427426, 0.03130016051364366, 0.05079110295803715, 0.08610410456317358, 0.10502178399449667, 0.131506535198349, 0.13918825957349232, 0.15455170832377896, 0.08782389360238478, 0.09562027058014216, 0.042650768172437514, 0.018459069020866775, 0.01375831231368952, 0.005732630130703967, 0.0019490942444393487, 0.0018344416418252694, 0.0005732630130703967, 0.000343957807842238, 0.00045861041045631735, 0.00011465260261407934, 0.0, 0.0, 0.0, 0.0], [0.0, 0.0, 0.0, 0.00020064205457463884, 0.00020064205457463884, 0.001203852327447833, 0.0014044943820224719, 0.0032102728731942215, 0.005417335473515248, 0.01043338683788122, 0.026484751203852328, 0.037921348314606744, 0.07002407704654896, 0.09129213483146068, 0.12720706260032102, 0.13543338683788123, 0.15971107544141253, 0.10132423756019261, 0.10593900481540931, 0.04534510433386838, 0.024678972712680578, 0.022873194221508828, 0.011035313001605136, 0.004213483146067416, 0.008426966292134831, 0.0020064205457463883, 0.0018057784911717496, 0.0006019261637239165, 0.001203852327447833, 0.00020064205457463884, 0.00020064205457463884, 0.0, 0.0], [0.0, 0.0, 0.0, 0.00020781379883624273, 0.0, 0.0012468827930174563, 0.0012468827930174563, 0.0024937655860349127, 0.004779717373233583, 0.006234413965087282, 0.012261014131338321, 0.021612635078969242, 0.040939318370739816, 0.06255195344970906, 0.10078969243557773, 0.12177888611803823, 0.16167913549459684, 0.11221945137157108, 0.1701995012468828, 0.06525353283458021, 0.032418952618453865, 0.040939318370739816, 0.017248545303408146, 0.007481296758104738, 0.009767248545303408, 0.004779717373233583, 0.0008312551953449709, 0.00041562759767248546, 0.00020781379883624273, 0.00041562759767248546, 0.0, 0.0, 0.0], [0.0, 0.0, 0.0001320306311064167, 0.0, 0.0002640612622128334, 0.0005281225244256667, 0.0007921837866385001, 0.0031687351465540005, 0.0046210720887245845, 0.008714021653023502, 0.01914444151043042, 0.037760760496435175, 0.06020596778452601, 0.09400580934776868, 0.11539477158700819, 0.1242408238711381, 0.1478743068391867, 0.09162925798785318, 0.1408766833905466, 0.049247425402693425, 0.030367045154475837, 0.029970953261156588, 0.015843675732770002, 0.006997623448640085, 0.011222603644045419, 0.002904673884341167, 0.002112490097702667, 0.0015843675732770002, 0.0001320306311064167, 0.0002640612622128334, 0.0, 0.0, 0.0], [0.0, 0.0, 8.288437629506838e-05, 0.0, 8.288437629506838e-05, 8.288437629506838e-05, 0.0002486531288852051, 0.0008288437629506838, 0.001740571902196436, 0.004724409448818898, 0.008454206382096974, 0.016576875259013676, 0.027766266058847907, 0.036883547451305426, 0.07915457936179031, 0.14264401160381268, 0.18002486531288853, 0.11330294239535847, 0.2015748031496063, 0.07285536676336511, 0.038541234977206795, 0.04484044757563199, 0.01118939079983423, 0.0046415250725238295, 0.007956900124326564, 0.002403646912556983, 0.001326150020721094, 0.0007459593866556154, 0.0007459593866556154, 0.0005801906340654787, 0.0, 0.0, 0.0], [0.0, 0.0, 0.0, 0.0, 0.0002328830926874709, 0.0006986492780624127, 0.0008150908244061481, 0.0022123893805309734, 0.005123428039124359, 0.010013972985561248, 0.016534699580810434, 0.028761061946902654, 0.04576152771308803, 0.07102934326967862, 0.10374941779226828, 0.132044713553796, 0.17547741034000933, 0.1120167675826735, 0.16534699580810433, 0.05472752678155566, 0.02631578947368421, 0.03190498369818351, 0.008034466697717745, 0.0033768048439683277, 0.0030274802049371215, 0.0006986492780624127, 0.0008150908244061481, 0.0008150908244061481, 0.0004657661853749418, 0.0, 0.0, 0.0, 0.0], [0.0, 0.00398406374501992, 0.0, 0.00398406374501992, 0.00398406374501992, 0.0199203187250996, 0.027888446215139442, 0.03187250996015936, 0.08366533864541832, 0.04780876494023904, 0.043824701195219126, 0.07171314741035857, 0.05976095617529881, 0.12350597609561753, 0.12350597609561753, 0.10358565737051793, 0.09163346613545817, 0.055776892430278883, 0.035856573705179286, 0.01593625498007968, 0.01195219123505976, 0.0199203187250996, 0.00398406374501992, 0.01593625498007968, 0.0, 0.0, 0.0, 0.0, 0.0, 0.0, 0.0, 0.0, 0.0]]}, "ranks": {"labels": ["Unranked", "Combatatent I", "Combatatent II", "Challenger I", "Challenger II", "Rival I", "Rival II", "Duelist", "Elite"], "data": [[0.15151515151515152, 0.1790633608815427, 0.23140495867768596, 0.20385674931129477, 0.12121212121212122, 0.06611570247933884, 0.02203856749311295, 0.01652892561983471, 0.008264462809917356], [0.058550517672259904, 0.0935380221349518, 0.17350946090681899, 0.25776508389860764, 0.2284898250624777, 0.135308818279186, 0.02784719742948947, 0.01785076758300607, 0.007140307033202428], [0.0075147026791548685, 0.013504683075582662, 0.055216728381616204, 0.1901546504029623, 0.28860814637333915, 0.2821825310389893, 0.06991940753648443, 0.0732955783053801, 0.01960357220649096], [0.015195670274771023, 0.02529142381348876, 0.057972522897585345, 0.17693588676103247, 0.32014987510407994, 0.25520399666944216, 0.07566611157368859, 0.06276019983347211, 0.010824313072439634], [0.15748031496062992, 0.16535433070866143, 0.2125984251968504, 0.1889763779527559, 0.07874015748031496, 0.12598425196850394, 0.023622047244094488, 0.047244094488188976, 0.0], [0.020957038071952497, 0.052043311212015365, 0.1379671673070206, 0.23180812667365236, 0.25555943648853185, 0.16765630457561997, 0.054954010944230997, 0.06193969030154849, 0.017114914425427872], [0.085041761579347, 0.11769172361427487, 0.20425208807896736, 0.23563654770944065, 0.18729435585927615, 0.09693748418121995, 0.029106555302455074, 0.029865856745127817, 0.014173626929891167], [0.25333333333333335, 0.22, 0.22, 0.13666666666666666, 0.08666666666666667, 0.043333333333333335, 0.023333333333333334, 0.016666666666666666, 0.0], [0.032394764102081176, 0.06205857425369621, 0.19672285525944064, 0.26424333741406913, 0.22742254449571522, 0.1175251906959224, 0.04426028816272719, 0.0427535549486769, 0.012618890667671155], [0.01277445109780439, 0.022754491017964073, 0.05069860279441118, 0.12654690618762476, 0.18722554890219562, 0.21956087824351297, 0.11816367265469062, 0.1688622754491018, 0.09341317365269461], [0.04617647058823529, 0.07, 0.15176470588235294, 0.2288235294117647, 0.24323529411764705, 0.15941176470588236, 0.04794117647058824, 0.04029411764705882, 0.012352941176470587], [0.08268075031870334, 0.1391367692587871, 0.2174467310143872, 0.25241303951921323, 0.1826625386996904, 0.07521398652340193, 0.026588963758878165, 0.021671826625386997, 0.00218539428155163], [0.027665930640342902, 0.07195739706455384, 0.1488505000649435, 0.24314846083907002, 0.2587349006364463, 0.15742304195350046, 0.04585011040394856, 0.03831666450188336, 0.00805299389531108], [0.04041661949507529, 0.08151250990603419, 0.15543982791803465, 0.21747990490207178, 0.22981999320729085, 0.1515906260613608, 0.05524736782520095, 0.05151137778784105, 0.016981772897090457], [0.013408609738884969, 0.04422488826158551, 0.12326511409080217, 0.2121853681486709, 0.2811103269818866, 0.1863091037402964, 0.06563161609033169, 0.057633498000470476, 0.016231474947071278], [0.04400606980273141, 0.07928679817905918, 0.14984825493171472, 0.21320182094081944, 0.2276176024279211, 0.1437784522003035, 0.061077389984825495, 0.05804248861911988, 0.02314112291350531], [0.042567125081859856, 0.08360619951975551, 0.17856363239467365, 0.23662955686531326, 0.22571490940842612, 0.14254529578694608, 0.040820781488757917, 0.037764680200829515, 0.011787819253438114], [0.03107724488271328, 0.06857911250560286, 0.1652472732705812, 0.24727327058120424, 0.23860750037352457, 0.16435081428357987, 0.03824891677872404, 0.03645599880472135, 0.010159868519348574], [0.1452991452991453, 0.1282051282051282, 0.11965811965811966, 0.21367521367521367, 0.19658119658119658, 0.042735042735042736, 0.05128205128205128, 0.03418803418803419, 0.06837606837606838], [0.0185010975227344, 0.057698338037002195, 0.15344413086652034, 0.2486672938225149, 0.2776209888157207, 0.14058743597784049, 0.04912720811121564, 0.04316922755304693, 0.01118427929340441], [0.012216924910607866, 0.029350417163289632, 0.07643027413587604, 0.16761025029797377, 0.27905244338498214, 0.22422526817640048, 0.0919249106078665, 0.09132896305125149, 0.027860548271752085], [0.030495552731893267, 0.05757012999706774, 0.11406509627602385, 0.17789072426937738, 0.24337796891799432, 0.20076238881829733, 0.08396051216889845, 0.07575017104877334, 0.016127455771674324], [0.02456140350877193, 0.04736842105263158, 0.1456140350877193, 0.27017543859649124, 0.2807017543859649, 0.17894736842105263, 0.03859649122807018, 0.012280701754385965, 0.0017543859649122807], [0.007639112254744291, 0.029269861691862336, 0.12504020585397232, 0.19580250884528788, 0.2434062399485365, 0.22611772274043102, 0.07108394982309424, 0.08354776455451914, 0.018092634287552267], [0.008969804618117229, 0.02921847246891652, 0.08179396092362344, 0.24511545293072823, 0.3631438721136767, 0.18561278863232683, 0.05053285968028419, 0.031793960923623445, 0.003818827708703375], [0.024965499937272612, 0.054196462175385776, 0.11554384644335718, 0.21816585121063856, 0.27160958474469954, 0.1781457784468699, 0.06674193953079914, 0.05996738175887593, 0.010663655752101367], [0.013400088352230893, 0.03887498159328523, 0.10057428950080989, 0.21646296568988366, 0.2498895597113827, 0.21499042850831984, 0.06714769547931085, 0.0711235458695332, 0.027536445295243704], [0.06002490660024907, 0.10510585305105853, 0.18929016189290163, 0.23960149439601494, 0.2174346201743462, 0.12453300124533001, 0.030884184308841843, 0.025404732254047324, 0.007721046077210461], [0.04970914859862507, 0.08090957165520889, 0.14436805922792173, 0.22104706504494975, 0.25013220518244317, 0.1581173982020095, 0.03807509254362771, 0.04706504494976203, 0.010576414595452142], [0.045027148722023576, 0.08859753675009932, 0.1835518474374255, 0.2749304727850616, 0.215070851542842, 0.11481922924116011, 0.03271089921864654, 0.03509468944510661, 0.01019732485763475], [0.026688453159041396, 0.05628177196804648, 0.14506172839506173, 0.214960058097313, 0.2356572258533043, 0.1644880174291939, 0.06172839506172839, 0.06263616557734204, 0.03249818445896877], [0.027080844285145362, 0.06670649143767424, 0.14874551971326164, 0.23675826363998406, 0.24432497013142174, 0.166268418956591, 0.053763440860215055, 0.04221425726802071, 0.014137793707686181], [0.032217381334556296, 0.0820912634716808, 0.19112588855767026, 0.27069479477184133, 0.24237560192616373, 0.12015592753955515, 0.03657418023389131, 0.021440036688832837, 0.003324925475808301], [0.022070626003210272, 0.06440609951845908, 0.16131621187800962, 0.26264044943820225, 0.26103531300160515, 0.13041733547351525, 0.04554574638844302, 0.03812199036918138, 0.014446227929373997], [0.016209476309226933, 0.03387364921030756, 0.10349127182044887, 0.22256857855361595, 0.2738985868661679, 0.2082294264339152, 0.05964256026600166, 0.0656691604322527, 0.016417290108063174], [0.018220227092685504, 0.05690520200686559, 0.1542117771322947, 0.23963559545814628, 0.23950356482703988, 0.16833905466068128, 0.05215209928703459, 0.052812252442566675, 0.018220227092685504], [0.007791131371736428, 0.02503108164111065, 0.06464981351015334, 0.22179859096560298, 0.293327807708247, 0.24044757563199337, 0.07252382925818483, 0.060671363447990054, 0.01375880646498135], [0.019096413600372612, 0.045295761527713085, 0.11679087098276665, 0.23579413134606428, 0.28749417792268284, 0.1955053563111318, 0.05088495575221239, 0.04331625523986959, 0.005822077317186773], [0.22310756972111553, 0.11553784860557768, 0.18326693227091634, 0.22709163346613545, 0.14741035856573706, 0.0398406374501992, 0.02390438247011952, 0.0398406374501992, 0.0]]}, "ranksDetailed": {"labels": ["Unranked", "Combatatant", "Challenger", "Rival", "Duelist", "Elite"], "data": [[0.15151515151515152, 0.41046831955922863, 0.325068870523416, 0.0881542699724518, 0.01652892561983471, 0.008264462809917356], [0.058550517672259904, 0.2670474830417708, 0.4862549089610853, 0.16315601570867547, 0.01785076758300607, 0.007140307033202428], [0.0075147026791548685, 0.06872141145719887, 0.47876279677630146, 0.3521019385754737, 0.0732955783053801, 0.01960357220649096], [0.015195670274771023, 0.08326394671107411, 0.4970857618651124, 0.33087010824313073, 0.06276019983347211, 0.010824313072439634], [0.15748031496062992, 0.3779527559055118, 0.2677165354330709, 0.14960629921259844, 0.047244094488188976, 0.0], [0.020957038071952497, 0.19001047851903596, 0.4873675631621842, 0.22261031551985097, 0.06193969030154849, 0.017114914425427872], [0.085041761579347, 0.3219438116932422, 0.42293090356871677, 0.126044039483675, 0.029865856745127817, 0.014173626929891167], [0.25333333333333335, 0.44, 0.22333333333333333, 0.06666666666666667, 0.016666666666666666, 0.0], [0.032394764102081176, 0.2587814295131368, 0.49166588190978433, 0.16178547885864958, 0.0427535549486769, 0.012618890667671155], [0.01277445109780439, 0.07345309381237525, 0.3137724550898204, 0.3377245508982036, 0.1688622754491018, 0.09341317365269461], [0.04617647058823529, 0.22176470588235295, 0.47205882352941175, 0.2073529411764706, 0.04029411764705882, 0.012352941176470587], [0.08268075031870334, 0.35658350027317426, 0.43507557821890364, 0.10180295028228009, 0.021671826625386997, 0.00218539428155163], [0.027665930640342902, 0.22080789712949733, 0.5018833614755163, 0.20327315235744903, 0.03831666450188336, 0.00805299389531108], [0.04041661949507529, 0.23695233782406883, 0.4472998981093626, 0.20683799388656177, 0.05151137778784105, 0.016981772897090457], [0.013408609738884969, 0.16749000235238767, 0.49329569513055754, 0.2519407198306281, 0.057633498000470476, 0.016231474947071278], [0.04400606980273141, 0.2291350531107739, 0.4408194233687405, 0.20485584218512898, 0.05804248861911988, 0.02314112291350531], [0.042567125081859856, 0.26216983191442916, 0.4623444662737394, 0.183366077275704, 0.037764680200829515, 0.011787819253438114], [0.03107724488271328, 0.23382638577618406, 0.4858807709547288, 0.2025997310623039, 0.03645599880472135, 0.010159868519348574], [0.1452991452991453, 0.24786324786324787, 0.41025641025641024, 0.09401709401709402, 0.03418803418803419, 0.06837606837606838], [0.0185010975227344, 0.21114246890352253, 0.5262882826382356, 0.18971464408905614, 0.04316922755304693, 0.01118427929340441], [0.012216924910607866, 0.10578069129916567, 0.4466626936829559, 0.316150178784267, 0.09132896305125149, 0.027860548271752085], [0.030495552731893267, 0.17163522627309158, 0.4212686931873717, 0.28472290098719577, 0.07575017104877334, 0.016127455771674324], [0.02456140350877193, 0.19298245614035087, 0.5508771929824562, 0.21754385964912282, 0.012280701754385965, 0.0017543859649122807], [0.007639112254744291, 0.15431006754583468, 0.4392087487938244, 0.29720167256352525, 0.08354776455451914, 0.018092634287552267], [0.008969804618117229, 0.11101243339253997, 0.6082593250444049, 0.236145648312611, 0.031793960923623445, 0.003818827708703375], [0.024965499937272612, 0.16974030861874295, 0.4897754359553381, 0.24488771797766906, 0.05996738175887593, 0.010663655752101367], [0.013400088352230893, 0.13944927109409513, 0.46635252540126637, 0.28213812398763066, 0.0711235458695332, 0.027536445295243704], [0.06002490660024907, 0.29439601494396017, 0.45703611457036114, 0.15541718555417186, 0.025404732254047324, 0.007721046077210461], [0.04970914859862507, 0.22527763088313063, 0.4711792702273929, 0.19619249074563722, 0.04706504494976203, 0.010576414595452142], [0.045027148722023576, 0.2721493841875248, 0.4900013243279036, 0.14753012845980665, 0.03509468944510661, 0.01019732485763475], [0.026688453159041396, 0.20134350036310822, 0.4506172839506173, 0.2262164124909223, 0.06263616557734204, 0.03249818445896877], [0.027080844285145362, 0.21545201115093587, 0.4810832337714058, 0.22003185981680606, 0.04221425726802071, 0.014137793707686181], [0.032217381334556296, 0.27321715202935104, 0.513070396698005, 0.15673010777344645, 0.021440036688832837, 0.003324925475808301], [0.022070626003210272, 0.2257223113964687, 0.5236757624398074, 0.17596308186195828, 0.03812199036918138, 0.014446227929373997], [0.016209476309226933, 0.13736492103075645, 0.49646716541978386, 0.26787198669991685, 0.0656691604322527, 0.016417290108063174], [0.018220227092685504, 0.21111697913916028, 0.47913916028518616, 0.22049115394771587, 0.052812252442566675, 0.018220227092685504], [0.007791131371736428, 0.08968089515126398, 0.51512639867385, 0.3129714048901782, 0.060671363447990054, 0.01375880646498135], [0.019096413600372612, 0.16208663251047975, 0.5232883092687471, 0.2463903120633442, 0.04331625523986959, 0.005822077317186773], [0.22310756972111553, 0.29880478087649404, 0.3745019920318725, 0.06374501992031872, 0.0398406374501992, 0.0]]}}}, "eu": {"histType": {"histogram": {"labels": ["0", "100", "200", "300", "400", "500", "600", "700", "800", "900", "1000", "1100", "1200", "1300", "1400", "1500", "1600", "1700", "1800", "1900", "2000", "2100", "2200", "2300", "2400", "2500", "2600", "2700", "2800", "2900", "3000", "3100", "3200"], "data": [[0.0, 0.0, 0.0034602076124567475, 0.0, 0.0, 0.006920415224913495, 0.01730103806228374, 0.031141868512110725, 0.04844290657439446, 0.08304498269896193, 0.0726643598615917, 0.07612456747404844, 0.0657439446366782, 0.14186851211072665, 0.1314878892733564, 0.09342560553633218, 0.08650519031141868, 0.05536332179930796, 0.02768166089965398, 0.031141868512110725, 0.006920415224913495, 0.010380622837370242, 0.006920415224913495, 0.0, 0.0034602076124567475, 0.0, 0.0, 0.0, 0.0, 0.0, 0.0, 0.0, 0.0], [0.0, 0.0, 0.0007719027402547279, 0.0007719027402547279, 0.0011578541103820917, 0.0042454650714010035, 0.005789270551910459, 0.010034735623311463, 0.024700887688151294, 0.03010420686993439, 0.04515631030490158, 0.06445387881126978, 0.08066383635661907, 0.10073330760324199, 0.12582014666152064, 0.130451563103049, 0.13739868776534156, 0.06908529525279815, 0.10266306445387881, 0.027788498649170205, 0.01466615206483983, 0.01273639521420301, 0.0034735623311462757, 0.002701659590891548, 0.0030876109610189118, 0.0007719027402547279, 0.0007719027402547279, 0.0, 0.0, 0.0, 0.0, 0.0, 0.0], [0.0, 0.0, 0.0, 0.00010993843447669306, 0.00010993843447669306, 0.00010993843447669306, 0.00010993843447669306, 0.0009894459102902375, 0.001759014951627089, 0.002638522427440633, 0.006046613896218118, 0.009894459102902375, 0.035839929639401934, 0.05595866314863676, 0.09047933157431838, 0.11048812664907652, 0.17326297273526825, 0.10543095866314864, 0.224934036939314, 0.06310466138962181, 0.038588390501319264, 0.04199648197009675, 0.016160949868073878, 0.006266490765171504, 0.009564643799472295, 0.0028583992963940193, 0.0010993843447669306, 0.0013192612137203166, 0.00043975373790677223, 0.00032981530343007914, 0.00010993843447669306, 0.0, 0.0], [0.0, 0.0, 0.0, 9.882399446585631e-05, 9.882399446585631e-05, 0.00019764798893171263, 0.0006917679612609941, 0.0020753038837829827, 0.002470599861646408, 0.005731791679019666, 0.011167111374641762, 0.01788714299831999, 0.021938926771420102, 0.02865895839509833, 0.07036268405968969, 0.13617946437394998, 0.19438679711433937, 0.1300523767170669, 0.19260796521395396, 0.07490858780511908, 0.03893665381954738, 0.04249431762031821, 0.012254175313766182, 0.0045459037454293905, 0.008696511512995355, 0.0023717758671805513, 0.00039529597786342526, 0.00019764798893171263, 0.0002964719833975689, 0.0002964719833975689, 0.0, 0.0, 0.0], [0.0, 0.0, 0.0, 0.0, 0.0, 0.03278688524590164, 0.02459016393442623, 0.04918032786885246, 0.07377049180327869, 0.040983606557377046, 0.06557377049180328, 0.12295081967213115, 0.05737704918032787, 0.05737704918032787, 0.05737704918032787, 0.13114754098360656, 0.03278688524590164, 0.08196721311475409, 0.03278688524590164, 0.04918032786885246, 0.04918032786885246, 0.0, 0.00819672131147541, 0.00819672131147541, 0.02459016393442623, 0.0, 0.0, 0.0, 0.0, 0.0, 0.0, 0.0, 0.0], [0.0, 0.00011691804045364199, 0.00011691804045364199, 0.00035075412136092597, 0.00035075412136092597, 0.00035075412136092597, 0.001052262364082778, 0.003858295334970186, 0.006313574184496668, 0.012042558166725125, 0.022915935928913833, 0.03343855956974161, 0.0526131182041389, 