{"region": {"us": {"histType": {"histogram": {"labels": ["0", "100", "200", "300", "400", "500", "600", "700", "800", "900", "1000", "1100", "1200", "1300", "1400", "1500", "1600", "1700", "1800", "1900", "2000", "2100", "2200", "2300", "2400", "2500", "2600", "2700", "2800", "2900", "3000", "3100", "3200"], "data": [[0.0, 0.0, 0.0027816411682892906, 0.005563282336578581, 0.004172461752433936, 0.006954102920723227, 0.012517385257301807, 0.013908205841446454, 0.03616133518776078, 0.048678720445062586, 0.08205841446453407, 0.10152990264255911, 0.11821974965229486, 0.13212795549374132, 0.13212795549374132, 0.09874826147426982, 0.06675938803894298, 0.043115438108484005, 0.04450625869262865, 0.01808066759388039, 0.013908205841446454, 0.008344923504867872, 0.004172461752433936, 0.005563282336578581, 0.0, 0.0, 0.0, 0.0, 0.0, 0.0, 0.0, 0.0, 0.0], [0.0, 0.0002521432173474534, 0.0002521432173474534, 0.0002521432173474534, 0.0010085728693898135, 0.002017145738779627, 0.004790721129601614, 0.009329299041855773, 0.015632879475542108, 0.028744326777609682, 0.03832576903681291, 0.054967221381744834, 0.08245083207261725, 0.0940494200706001, 0.13010590015128592, 0.1361573373676248, 0.1442259203227433, 0.0832072617246596, 0.1043872919818457, 0.0335350479072113, 0.01714573877962683, 0.00680786686838124, 0.004034291477559254, 0.002773575390821987, 0.0017650025214321734, 0.0017650025214321734, 0.0010085728693898135, 0.0010085728693898135, 0.0, 0.0, 0.0, 0.0, 0.0], [0.00011911852293031566, 0.0, 0.0, 0.00023823704586063132, 0.00023823704586063132, 0.00023823704586063132, 0.00023823704586063132, 0.0005955926146515784, 0.002501488981536629, 0.0034544371649791543, 0.005241215008933889, 0.007027992852888625, 0.012030970815961882, 0.019297200714711138, 0.02501488981536629, 0.038832638475282906, 0.08814770696843359, 0.1612864800476474, 0.368671828469327, 0.08731387730792138, 0.052412150089338895, 0.06075044669446099, 0.023823704586063133, 0.009767718880285884, 0.019297200714711138, 0.00631328171530673, 0.0023823704586063135, 0.004169148302561048, 0.00011911852293031566, 0.00047647409172126264, 0.0, 0.0, 0.0], [0.0, 0.0, 0.0, 0.0, 0.00011617100371747211, 0.0, 0.0008131970260223048, 0.0017425650557620818, 0.004763011152416357, 0.007899628252788104, 0.01150092936802974, 0.013011152416356878, 0.026138475836431228, 0.02857806691449814, 0.042402416356877325, 0.050766728624535316, 0.07109665427509294, 0.043447955390334574, 0.266728624535316, 0.15427509293680297, 0.08945167286245354, 0.09723513011152417, 0.03241171003717472, 0.013592007434944238, 0.027881040892193308, 0.006737918215613383, 0.004646840148698885, 0.001974907063197026, 0.0027881040892193307, 0.0, 0.0, 0.0, 0.0], [0.0, 0.0, 0.0, 0.0, 0.010256410256410256, 0.005128205128205128, 0.03076923076923077, 0.02564102564102564, 0.05641025641025641, 0.05128205128205128, 0.07179487179487179, 0.09230769230769231, 0.10256410256410256, 0.11794871794871795, 0.09230769230769231, 0.10256410256410256, 0.07692307692307693, 0.03076923076923077, 0.06153846153846154, 0.03076923076923077, 0.035897435897435895, 0.005128205128205128, 0.0, 0.0, 0.0, 0.0, 0.0, 0.0, 0.0, 0.0, 0.0, 0.0, 0.0], [0.0, 0.0, 0.0, 0.0, 0.0, 0.0, 0.0, 0.0013818027210884354, 0.0012755102040816326, 0.00467687074829932, 0.007227891156462585, 0.011479591836734694, 0.021577380952380952, 0.06792091836734694, 0.12213010204081633, 0.14912840136054423, 0.17750850340136054, 0.11054421768707483, 0.14955357142857142, 0.05590986394557823, 0.03316326530612245, 0.03985969387755102, 0.015306122448979591, 0.008078231292517007, 0.012223639455782313, 0.0047831632653061226, 0.0028698979591836736, 0.0013818027210884354, 0.0013818027210884354, 0.0006377551020408163, 0.0, 0.0, 0.0], [0.0, 0.0, 0.00040494027130998176, 0.0022271714922048997, 0.001619761085239927, 0.003441992306134845, 0.007086454747924681, 0.012755618546264426, 0.019032192751569144, 0.035634743875278395, 0.05001012350678275, 0.0688398461226969, 0.09374367280826078, 0.1131808058311399, 0.12148208139299453, 0.12006479044340959, 0.12006479044340959, 0.06701761490180198, 0.07248430856448673, 0.028750759263008706, 0.017614901801984207, 0.01579267058108929, 0.008301275561854626, 0.005061753391374772, 0.006479044340959708, 0.003644462441789836, 0.0024296416278598906, 0.0014172909495849362, 0.0010123506782749544, 0.00020247013565499088, 0.00020247013565499088, 0.0, 0.0], [0.002688172043010753, 0.002688172043010753, 0.0, 0.008064516129032258, 0.005376344086021506, 0.01881720430107527, 0.013440860215053764, 0.03763440860215054, 0.056451612903225805, 0.12365591397849462, 0.11559139784946236, 0.12903225806451613, 0.09946236559139784, 0.11021505376344086, 0.06989247311827956, 0.06989247311827956, 0.051075268817204304, 0.013440860215053764, 0.024193548387096774, 0.03225806451612903, 0.010752688172043012, 0.002688172043010753, 0.002688172043010753, 0.0, 0.0, 0.0, 0.0, 0.0, 0.0, 0.0, 0.0, 0.0, 0.0], [0.00021148355715343132, 0.00021148355715343132, 0.0005287088928835783, 0.000317225335730147, 0.0005287088928835783, 0.001268901342920588, 0.001586126678650735, 0.004335412921645342, 0.0077191498361002435, 0.01628423390081421, 0.025695252194141906, 0.0344718198160093, 0.04145077720207254, 0.04610341545944803, 0.0580522364386169, 0.06661732050333087, 0.20291847308871735, 0.13281167389235488, 0.1451834619858306, 0.06471396848894999, 0.04282542032356984, 0.0425081949878397, 0.02167706460822671, 0.012900496986359311, 0.018187585915195092, 0.005075605371682352, 0.0024320609072644604, 0.0029607698001480384, 0.00042296711430686265, 0.0, 0.0, 0.0, 0.0], [0.0, 0.0, 0.0, 0.0, 0.0003912363067292645, 0.000782472613458529, 0.0011737089201877935, 0.001564945226917058, 0.002347417840375587, 0.009389671361502348, 0.012910798122065728, 0.016040688575899843, 0.022300469483568074, 0.03755868544600939, 0.061815336463223784, 0.0782472613458529, 0.10367762128325508, 0.08841940532081377, 0.1772300469483568, 0.06964006259780908, 0.07394366197183098, 0.09702660406885759, 0.04303599374021909, 0.016823161189358372, 0.047339593114241005, 0.013693270735524257, 0.012128325508607199, 0.008607198748043818, 0.0027386541471048514, 0.0011737089201877935, 0.0, 0.0, 0.0], [0.0, 0.0, 0.0001772735330615139, 0.0, 0.0008863676653075696, 0.0005318205991845417, 0.0012409147314305974, 0.0044318383265378476, 0.008509129586952668, 0.014713703244105656, 0.021450097500443185, 0.029959227087395852, 0.053536606984577205, 0.06381847190214501, 0.10122318737812444, 0.12533238787449033, 0.1529870590320865, 0.09643680198546357, 0.1439461088459493, 0.06186846303846836, 0.037404715475979435, 0.037404715475979435, 0.012763694380429002, 0.008331856053891154, 0.013472788512675058, 0.0033681971281687645, 0.0028363765289842226, 0.0014181882644921113, 0.001950008863676653, 0.0, 0.0, 0.0, 0.0], [0.0, 0.0, 0.0004266211604095563, 0.0004266211604095563, 0.0004266211604095563, 0.003270762229806598, 0.006257110352673493, 0.012514220705346985, 0.021188850967007962, 0.036262798634812285, 0.05915813424345848, 0.07437428896473265, 0.09769624573378839, 0.11931171786120591, 0.1383674630261661, 0.1217292377701934, 0.10338452787258248, 0.06001137656427759, 0.06228668941979522, 0.0270193401592719, 0.01820250284414107, 0.015358361774744027, 0.007963594994311717, 0.004124004550625711, 0.0038395904436860067, 0.0035551763367463025, 0.001422070534698521, 0.0002844141069397042, 0.0011376564277588168, 0.0, 0.0, 0.0, 0.0], [0.0, 0.0, 0.0, 0.0, 0.00012714558169103624, 0.000508582326764145, 0.001652892561983471, 0.00203432930705658, 0.004322949777495232, 0.0053401144310235215, 0.01347743165924984, 0.019580419580419582, 0.027844882390336934, 0.033693579148124604, 0.04831532104259377, 0.04488239033693579, 0.22441195168467895, 0.15422759059122695, 0.213986013986014, 0.07514303877940241, 0.03979656706929434, 0.04183089637635092, 0.0161474888747616, 0.010553083280356007, 0.01347743165924984, 0.003814367450731087, 0.0017800381436745073, 0.00101716465352829, 0.00203432930705658, 0.0, 0.0, 0.0, 0.0], [0.0002061855670103093, 0.0, 0.0, 0.00010309278350515464, 0.00010309278350515464, 0.0003092783505154639, 0.0012371134020618556, 0.0015463917525773195, 0.0042268041237113405, 0.009896907216494845, 0.016082474226804123, 0.019175257731958762, 0.025257731958762887, 0.06350515463917526, 0.14051546391752578, 0.14762886597938144, 0.1704123711340206, 0.10989690721649485, 0.1361855670103093, 0.054742268041237115, 0.03061855670103093, 0.03237113402061856, 0.012371134020618556, 0.00577319587628866, 0.009278350515463918, 0.003195876288659794, 0.001958762886597938, 0.0021649484536082476, 0.0005154639175257732, 0.0006185567010309278, 0.00010309278350515464, 0.0, 0.0], [0.0, 0.0, 0.0, 0.0001799208348326736, 0.0005397625044980209, 0.0001799208348326736, 0.0012594458438287153, 0.0017992083483267362, 0.00395825836631882, 0.006836991723641598, 0.01439366678661389, 0.02518891687657431, 0.04390068369917236, 0.0654911838790932, 0.09571788413098237, 0.11820798848506657, 0.15869017632241814, 0.11730838431090321, 0.15239294710327456, 0.07052896725440806, 0.04390068369917236, 0.036883771140698095, 0.015653112630442605, 0.006477150053976251, 0.01043540842029507, 0.004498020870816841, 0.0028787333573227778, 0.0008996041741633681, 0.0008996041741633681, 0.0008996041741633681, 0.0, 0.0, 0.0], [0.0, 0.0, 0.0002482005460412013, 0.0002482005460412013, 0.001737403822288409, 0.003226607098535617, 0.0014892032762472078, 0.005460412012906428, 0.011417225117895259, 0.017622238768925293, 0.03077686770910896, 0.047158103747828244, 0.06602134524695955, 0.09257880367336808, 0.114668652271035, 0.12881608339538347, 0.1303052866716307, 0.0955572102258625, 0.10225862496897493, 0.045420699925539834, 0.029535864978902954, 0.03127326880119136, 0.014147431124348473, 0.006453214197071234, 0.012410027302060065, 0.005460412012906428, 0.0022338049143708115, 0.002730206006453214, 0.0004964010920824026, 0.0002482005460412013, 0.0, 0.0, 0.0], [0.00018487705675725643, 0.0, 0.0005546311702717693, 0.001294139397300795, 0.0005546311702717693, 0.0014790164540580515, 0.003512664078387872, 0.007025328156775744, 0.011832131632464412, 0.01978184507302644, 0.03198373081900536, 0.052505084119060824, 0.07469033092993159, 0.10205213533000555, 0.12423738214087632, 0.12793492327602143, 0.13643926788685523, 0.079312257348863, 0.11295988167868368, 0.03993344425956739, 0.02329450915141431, 0.022924755037899796, 0.009983361064891847, 0.004806803475688667, 0.00517655758920318, 0.0018487705675725643, 0.0007395082270290257, 0.001294139397300795, 0.001294139397300795, 0.00036975411351451286, 0.0, 0.0, 0.0], [0.0, 0.0, 0.0001252661906551422, 0.0002505323813102844, 0.0003757985719654265, 0.0002505323813102844, 0.0008768633345859953, 0.0016284604785168483, 0.002755856194413128, 0.006263309532757109, 0.012401352874859075, 0.014530878115996492, 0.027433295753476136, 0.03394713766754353, 0.14543404735062007, 0.15745960165351372, 0.17399473881999247, 0.11236377301766254, 0.17512213453588876, 0.04760115244895403, 0.02530377051233872, 0.028811223850682702, 0.01027182763372166, 0.006388575723412251, 0.00864336715520481, 0.0031316547663785546, 0.0012526619065514218, 0.0010021295252411375, 0.0018789928598271326, 0.0005010647626205688, 0.0, 0.0, 0.0], [0.0, 0.0, 0.0, 0.006211180124223602, 0.006211180124223602, 0.006211180124223602, 0.0, 0.018633540372670808, 0.049689440993788817, 0.09316770186335403, 0.062111801242236024, 0.08074534161490683, 0.07453416149068323, 0.062111801242236024, 0.043478260869565216, 0.12422360248447205, 0.08695652173913043, 0.08695652173913043, 0.037267080745341616, 0.043478260869565216, 0.049689440993788817, 0.012422360248447204, 0.031055900621118012, 0.0, 0.006211180124223602, 0.006211180124223602, 0.0, 0.012422360248447204, 0.0, 0.0, 0.0, 0.0, 0.0], [0.00022197558268590456, 0.00011098779134295228, 0.0, 0.0, 0.0, 0.00011098779134295228, 0.00022197558268590456, 0.0009988901220865706, 0.002330743618201998, 0.004550499445061043, 0.007547169811320755, 0.009877913429522753, 0.0218645948945616, 0.02974472807991121, 0.05160932297447281, 0.15937846836847946, 0.22663706992230856, 0.14950055493895673, 0.15471698113207547, 0.06526082130965594, 0.03762486126526082, 0.037513873473917866, 0.01365149833518313, 0.006881243063263041, 0.010987791342952274, 0.003995560488346282, 0.0018867924528301887, 0.0022197558268590455, 0.0005549389567147614, 0.0, 0.0, 0.0, 0.0], [0.0, 0.0, 0.0, 0.00012014898474107894, 0.0, 0.00012014898474107894, 0.0009611918779286315, 0.00036044695422323683, 0.0012014898474107894, 0.0022828307100804996, 0.004445512435419921, 0.00672834314550042, 0.0114141535504025, 0.016099963955304577, 0.027874564459930314, 0.10332812687732788, 0.18851375705875284, 0.15150786975850053, 0.21230325603748648, 0.0917938243421843, 0.05827225759942328, 0.057791661660458966, 0.02042532740598342, 0.010933557611438183, 0.019584284512795865, 0.007329088069205815, 0.00336417157275021, 0.0009611918779286315, 0.0015619368016340262, 0.00024029796948215788, 0.00048059593896431575, 0.0, 0.0], [0.00019696671262556627, 9.848335631278314e-05, 0.0, 0.00019696671262556627, 0.00019696671262556627, 0.0005909001378766989, 0.0007878668505022651, 0.0018711837699428796, 0.0029545006893834944, 0.005613551309828639, 0.01004530234390388, 0.013295253102225724, 0.017431554067362617, 0.024620839078195785, 0.0338782745715974, 0.14102816623990547, 0.1682095725822336, 0.1395509158952137, 0.19007287768367145, 0.0852865865668702, 0.05101437857002167, 0.05731731337403979, 0.02137088831987394, 0.011227102619657278, 0.014378570021666339, 0.004530234390388024, 0.0023636005515067955, 0.0014772503446917472, 0.00039393342525113255, 0.0, 0.0, 0.0, 0.0], [0.0, 0.0, 0.0, 0.0014388489208633094, 0.0014388489208633094, 0.0, 0.0, 0.007194244604316547, 0.007194244604316547, 0.0057553956834532375, 0.012949640287769784, 0.025899280575539568, 0.04316546762589928, 0.08633093525179857, 0.1223021582733813, 0.17410071942446043, 0.17410071942446043, 0.1237410071942446, 0.12086330935251799, 0.04892086330935252, 0.02302158273381295, 0.012949640287769784, 0.0014388489208633094, 0.007194244604316547, 0.0, 0.0, 0.0, 0.0, 0.0, 0.0, 0.0, 0.0, 0.0], [0.0, 0.0, 0.0, 9.178522257916475e-05, 0.0, 9.178522257916475e-05, 0.0002753556677374943, 0.000734281780633318, 0.0016521340064249656, 0.004864616796695732, 0.0073428178063331805, 0.012391005048187242, 0.021477742083524553, 0.02762735199632859, 0.04075263882514915, 0.048554382744378156, 0.0877466727856815, 0.16732446076181734, 0.2843506195502524, 0.09674162459843966, 0.058834327673244605, 0.07599816429554841, 0.02010096374483708, 0.010279944928866452, 0.020192748967416244, 0.005231757687012391, 0.0024782010096374486, 0.002386415787058284, 0.002294630564479119, 0.0001835704451583295, 0.0, 0.0, 0.0], [9.943323058566172e-05, 9.943323058566172e-05, 9.943323058566172e-05, 0.0, 0.0003977329223426469, 0.0003977329223426469, 0.00029829969175698516, 0.0009943323058566173, 0.001093765536442279, 0.00517052799045441, 0.009545590136223525, 0.019190613503032715, 0.032514666401511384, 0.04474495376354778, 0.06502933280302277, 0.07656358755095953, 0.09595306751516357, 0.20791488515461867, 0.2301879288058069, 0.09137913890822313, 0.045838719299990054, 0.0415630903848066, 0.014815551357263597, 0.00636372675748235, 0.004176195684597792, 0.0017897981505419112, 0.0033807298399124988, 0.0003977329223426469, 0.0, 0.0, 0.0, 0.0, 0.0], [0.0, 0.0001067463706233988, 0.0, 0.0001067463706233988, 0.0001067463706233988, 0.000533731853116994, 0.0007472245943637916, 0.0017079419299743809, 0.0023484201537147735, 0.004590093936806148, 0.008432963279248506, 0.013877028181041844, 0.050170794192997435, 0.08326216908625107, 0.11176345004269855, 0.14037147736976943, 0.15851836037574724, 0.1161400512382579, 0.13812980358667806, 0.06394107600341588, 0.03906917164816396, 0.03405209222886422, 0.014624252775405636, 0.00629803586678053, 0.005871050384286934, 0.0025619128949615714, 0.0012809564474807857, 0.0013877028181041844, 0.0, 0.0, 0.0, 0.0, 0.0], [0.0, 0.0, 0.0, 0.0, 0.00023818030248898416, 0.0, 0.0008336310587114446, 0.0023818030248898415, 0.004882696201024175, 0.007859949982136478, 0.0165535310229844, 0.02536620221507681, 0.0420388233893057, 0.06716684530189353, 0.10337025128021912, 0.12587828986542812, 0.15303084434917233, 0.09801119447421698, 0.16660712159104443, 0.059783255924735025, 0.037156127188281526, 0.03858520900321544, 0.01607717041800643, 0.006669048469691557, 0.01262355603191616, 0.00512087650351316, 0.00404906514231273, 0.0023818030248898415, 0.002024532571156365, 0.00047636060497796833, 0.0008336310587114446, 0.0, 0.0], [0.0, 0.00017247326664367022, 0.00017247326664367022, 0.00034494653328734045, 0.0010348395998620215, 0.0010348395998620215, 0.0017247326664367024, 0.0025870989996550535, 0.005691617799241117, 0.017937219730941704, 0.04242842359434288, 0.0596757502587099, 0.07899275612280096, 0.10451879958606416, 0.12607795791652293, 0.11831666091755778, 0.14625733011383235, 0.07744049672300793, 0.1146947223180407, 0.02983787512935495, 0.023801310796826493, 0.020869265263884097, 0.008451190065539842, 0.004484304932735426, 0.0070714039323904795, 0.002069679199724043, 0.002069679199724043, 0.00034494653328734045, 0.0010348395998620215, 0.0008623663332183512, 0.0, 0.0, 0.0], [0.0, 0.0, 0.0, 0.0007260406582768635, 0.000968054211035818, 0.0021781219748305907, 0.003872216844143272, 0.006776379477250726, 0.013552758954501452, 0.015246853823814134, 0.02637947725072604, 0.04283639883833495, 0.05421103581800581, 0.08204259438528558, 0.1234269119070668, 0.13165537270087124, 0.14908034849951599, 0.09607938044530494, 0.11035818005808325, 0.047918683446272994, 0.027831558567279768, 0.02250726040658277, 0.012342691190706679, 0.00968054211035818, 0.008712487899322363, 0.0031461761858664087, 0.0026621490803484995, 0.003388189738625363, 0.001452081316553727, 0.000968054211035818, 0.0, 0.0, 0.0], [0.0002242403856934634, 0.0, 0.0, 0.0, 0.0004484807713869268, 0.0004484807713869268, 0.0016818028927009755, 0.003363605785401951, 0.004933288485256195, 0.009530216391972194, 0.017490750084090144, 0.04126023096759726, 0.08431438502074223, 0.11974436596030945, 0.14698957282206526, 0.15113801995739432, 0.1380199573943267, 0.0806144186568001, 0.09563852449826214, 0.034196658818253164, 0.020742235676645362, 0.024330081847740777, 0.009193855813432, 0.004484807713869268, 0.007175692342190829, 0.002242403856934634, 0.0005606009642336585, 0.0008969615427738536, 0.0001121201928467317, 0.0002242403856934634, 0.0, 0.0, 0.0], [0.0, 0.0, 0.0, 0.0002826855123674912, 0.0001413427561837456, 0.0001413427561837456, 0.0014134275618374558, 0.00042402826855123676, 0.0021201413427561835, 0.004664310954063605, 0.0077738515901060075, 0.00932862190812721, 0.01469964664310954, 0.06162544169611307, 0.11406360424028268, 0.13879858657243815, 0.1732862190812721, 0.11095406360424029, 0.1665017667844523, 0.05908127208480565, 0.03717314487632509, 0.04113074204946997, 0.018798586572438162, 0.007915194346289752, 0.01469964664310954, 0.0049469964664310955, 0.005088339222614841, 0.0022614840989399294, 0.0018374558303886925, 0.0005653710247349824, 0.0002826855123674912, 0.0, 0.0], [0.0, 0.0, 0.00017238407171177384, 0.0003447681434235477, 0.001034304430270643, 0.0013790725736941907, 0.0022409929322530597, 0.004654369936217893, 0.007584899155318048, 0.018272711601448027, 0.030339596621272193, 0.04171694535424927, 0.06809170832615066, 0.09101878986381658, 0.11687640062058266, 0.13187381485950697, 0.1456645405964489, 0.08963971729012239, 0.12377176348905361, 0.04499224271677297, 0.027581451473883814, 0.021892777107395275, 0.01034304430270643, 0.004654369936217893, 0.005516290294776763, 0.0012066885019824168, 0.0024133770039648336, 0.0039648336493707985, 0.0025857610756766076, 0.00017238407171177384, 0.0, 0.0, 0.0], [0.00011768859597505002, 0.0, 0.0, 0.0, 0.00011768859597505002, 0.00105919736377545, 0.0007061315758503001, 0.0023537719195010002, 0.0028245263034012004, 0.005766741202777451, 0.014004942921030952, 0.021890078851359303, 0.03507120160056491, 0.042367894551018005, 0.05849123219959986, 0.11651171001529952, 0.209368012239614, 0.14969989408026363, 0.16076262210191833, 0.07202542073673061, 0.044721666470519006, 0.033070495468989054, 0.013298811345180652, 0.005531364010827351, 0.005531364010827351, 0.00200070613157585, 0.00223608332352595, 0.00035306578792515005, 0.00011768859597505002, 0.0, 0.0, 0.0, 0.0], [0.0, 0.0, 0.0, 0.00014869888475836432, 0.00014869888475836432, 0.0004460966542750929, 0.0005947955390334573, 0.0016356877323420074, 0.0026765799256505576, 0.005650557620817844, 0.023643122676579927, 0.033011152416356875, 0.06780669144981413, 0.09635687732342008, 0.1329368029739777, 0.14572490706319702, 0.15613382899628253, 0.1033457249070632, 0.11107806691449815, 0.042527881040892196, 0.02587360594795539, 0.020520446096654276, 0.009814126394052044, 0.0044609665427509295, 0.007732342007434944, 0.0025278810408921933, 0.0026765799256505576, 0.0011895910780669145, 0.0013382899628252788, 0.0, 0.0, 0.0, 0.0], [0.0, 0.0, 0.0, 0.0001548467017652524, 0.0, 0.0004645401052957572, 0.0009290802105915144, 0.0009290802105915144, 0.002322700526478786, 0.0018581604211830288, 0.0052647878600185815, 0.01099411582533292, 0.03995044905543512, 0.0641065345308145, 0.09213378755032518, 0.11768349334159182, 0.1557757819758439, 0.1099411582533292, 0.1796221740476928, 0.07030040260142459, 0.041653762774852894, 0.04614431712604521, 0.020284917931248064, 0.011148962527098173, 0.015794363580055745, 0.006348714772375349, 0.002787240631774543, 0.000774233508826262, 0.002322700526478786, 0.0003096934035305048, 0.0, 0.0, 0.0], [0.0, 0.0, 0.00011613053071652537, 0.0, 0.00023226106143305075, 0.00034839159214957615, 0.00034839159214957615, 0.001277435837881779, 0.0010451747764487283, 0.0038323075136453373, 0.006735570781558471, 0.016142143769597026, 0.02682615259551736, 0.04459412379514575, 0.05551039368249913, 0.1582859133666241, 0.18139588897921263, 0.10985948205783301, 0.18151201950992915, 0.06433631401695505, 0.04412960167227964, 0.040065033097201254, 0.023690628266171177, 0.01207757519451864, 0.01625827430031355, 0.00452909069794449, 0.0029032632679131345, 0.0020903495528974566, 0.0010451747764487283, 0.0008129137150156776, 0.0, 0.0, 0.0], [0.0, 0.0, 0.0, 0.0, 9.46611132146914e-05, 9.46611132146914e-05, 9.46611132146914e-05, 0.0008519500189322226, 0.0017985611510791368, 0.004827716773949262, 0.009087466868610375, 0.016660355925785686, 0.028492995077622114, 0.03606588413479742, 0.05461946232487694, 0.05859522907989398, 0.0716584627035214, 0.0769594850435441, 0.32847406285497915, 0.1145399469897766, 0.06531616811813706, 0.07222642938280954, 0.01836425596365013, 0.008992805755395683, 0.01959485043544112, 0.004922377887163953, 0.0029344945096554335, 0.0024611889435819764, 0.0017985611510791368, 0.000473305566073457, 0.0, 0.0, 0.0], [0.0, 0.0, 0.0, 0.0, 0.0, 0.00010060362173038229, 0.0006036217303822937, 0.0030181086519114686, 0.005331991951710261, 0.009859154929577466, 0.018108651911468814, 0.03370221327967807, 0.05050301810865191, 0.07716297786720322, 0.11448692152917506, 0.13621730382293762, 0.17364185110663985, 0.10925553319919518, 0.15523138832997987, 0.04768611670020121, 0.024446680080482897, 0.025653923541247486, 0.006941649899396378, 0.0033199195171026157, 0.002414486921529175, 0.0008048289738430583, 0.0006036217303822937, 0.0006036217303822937, 0.0003018108651911469, 0.0, 0.0, 0.0, 0.0], [0.0, 0.002976190476190476, 0.0, 0.002976190476190476, 0.005952380952380952, 0.020833333333333332, 0.020833333333333332, 0.03869047619047619, 0.08333333333333333, 0.05952380952380952, 0.050595238095238096, 0.07738095238095238, 0.08035714285714286, 0.11904761904761904, 0.125, 0.10714285714285714, 0.07738095238095238, 0.047619047619047616, 0.03869047619047619, 0.01488095238095238, 0.011904761904761904, 0.008928571428571428, 0.0, 0.005952380952380952, 0.0, 0.0, 0.0, 0.0, 0.0, 0.0, 0.0, 0.0, 0.0]]}, "ranks": {"labels": ["Unranked", "Combatatent I", "Combatatent II", "Challenger I", "Challenger II", "Rival I", "Rival II", "Duelist", "Elite"], "data": [[0.13073713490959665, 0.1835883171070932, 0.25034770514603616, 0.23087621696801114, 0.10987482614742698, 0.05702364394993046, 0.019471488178025034, 0.01808066759388039, 0.0], [0.062279374684820976, 0.09329299041855774, 0.17650025214321735, 0.26626323751891073, 0.22743318204740293, 0.1238023197175996, 0.031265758951084216, 0.01361573373676248, 0.005547150781643974], [0.007623585467540202, 0.012269207861822513, 0.03132817153067302, 0.0638475282906492, 0.249434187016081, 0.4160810005955926, 0.09231685527099463, 0.09434187016081001, 0.03275759380583681], [0.01533457249070632, 0.024512081784386616, 0.05471654275092937, 0.09316914498141264, 0.11454460966542751, 0.3500232342007435, 0.160432156133829, 0.14323884758364314, 0.04402881040892193], [0.1794871794871795, 0.1641025641025641, 0.2205128205128205, 0.19487179487179487, 0.1076923076923077, 0.09230769230769231, 0.035897435897435895, 0.005128205128205128, 0.0], [0.007334183673469388, 0.01870748299319728, 0.08949829931972789, 0.27125850340136054, 0.2880527210884354, 0.18133503401360543, 0.057291666666666664, 0.06324404761904762, 0.023278061224489797], [0.0822028750759263, 0.11884996962947965, 0.2069244786394007, 0.24154687183640414, 0.1870824053452116, 0.09050415063778093, 0.028345818991698725, 0.029155699534318687, 0.015387730309779307], [0.26881720430107525, 0.2446236559139785, 0.20967741935483872, 0.13978494623655913, 0.06451612903225806, 0.04032258064516129, 0.026881720430107527, 0.005376344086021506, 0.0], [0.032991434915935286, 0.06016707201015121, 0.08755419266152056, 0.12466955694194776, 0.33573014698107223, 0.18177011737337423, 0.07095273342497621, 0.07708575658242571, 0.029078989108596808], [0.01564945226917058, 0.028951486697965573, 0.05985915492957746, 0.14006259780907668, 0.19209702660406885, 0.21165884194053208, 0.10915492957746478, 0.15688575899843504, 0.08568075117370892], [0.030491047686580394, 0.051409324587839034, 0.11735507888672221, 0.22655557525261477, 0.24942386101755007, 0.1806417301896827, 0.0625775571707144, 0.058500265910299595, 0.023045559297996808], [0.080773606370876, 0.13353242320819111, 0.2170079635949943, 0.2600967007963595, 0.16339590443686006, 0.07636518771331058, 0.03114334470989761, 0.027445961319681456, 0.010238907849829351], [0.013986013986013986, 0.03305785123966942, 0.06153846153846154, 0.09319771137952956, 0.3786395422759059, 0.2572155117609663, 0.07171010807374444, 0.06853146853146853, 0.022123331214240306], [0.017628865979381445, 0.03525773195876289, 0.08876288659793814, 0.2881443298969072, 0.28030927835051545, 0.1670103092783505, 0.0545360824742268, 0.050515463917525774, 0.017835051546391752], [0.014753508456279237, 0.039582583663188196, 0.10939186757826556, 0.21392587261604895, 0.27599856063332134, 0.19107592659229938, 0.07574667146455559, 0.05901403382511695, 0.020510975170924792], [0.04144949118888062, 0.0779349714569372, 0.15860014892032762, 0.24348473566641846, 0.2258624968974932, 0.12707867957309507, 0.05013651030032266, 0.05187391412261107, 0.023579051873914122], [0.04621926418931411, 0.08448881493806619, 0.17674246625993714, 0.2521723054168978, 0.21575152523571825, 0.13717877611388427, 0.03900905897578111, 0.03771491957848031, 0.010722869291920872], [0.012526619065514218, 0.02693223099085557, 0.06138043342101967, 0.3028936490041338, 0.28635851183765504, 0.20230489790805462, 0.04572215958912689, 0.04547162720781661, 0.016409870975823627], [0.18012422360248448, 0.14285714285714285, 0.13664596273291926, 0.16770186335403728, 0.17391304347826086, 0.055900621118012424, 0.07453416149068323, 0.043478260869565216, 0.024844720496894408], [0.008546059933407325, 0.017425083240843506, 0.05160932297447281, 0.21098779134295229, 0.3761376248612653, 0.19345172031076582, 0.06415094339622641, 0.05804661487236404, 0.019644839067702553], [0.005046257359125316, 0.011173855580920341, 0.027514117505707078, 0.1312026913372582, 0.3400216268172534, 0.2631262765829629, 0.0992430613961312, 0.08915054667788057, 0.03352156674276102], [0.012507386251723459, 0.023340555446129604, 0.0420523931455584, 0.17490644081150286, 0.3077604884774473, 0.23695095528855623, 0.0894228875320071, 0.089915304313571, 0.02314358873350404], [0.02302158273381295, 0.03884892086330935, 0.12949640287769784, 0.29640287769784174, 0.29784172661870506, 0.14964028776978416, 0.04316546762589928, 0.02158273381294964, 0.0], [0.00770995869664984, 0.01973382285452042, 0.04910509407985315, 0.0893070215695273, 0.25507113354749883, 0.3408903166590179, 0.09903625516291877, 0.10637907296925195, 0.03276732446076182], [0.00865069106095257, 0.02873620363925624, 0.07725962016505916, 0.1415929203539823, 0.3038679526697822, 0.2814954757880084, 0.08591031122601173, 0.06274236849955254, 0.00974445659739485], [0.010247651579846286, 0.02230999146029035, 0.1334329632792485, 0.25213492741246796, 0.2746584116140051, 0.17431682322801026, 0.06682322801024765, 0.05497438087105038, 0.011101622544833475], [0.01619626056925092, 0.04191973323806121, 0.10920566869119924, 0.22924854114564724, 0.2510420388233893, 0.19792783136834582, 0.06561867333571514, 0.06133142789091342, 0.02750982493747767], [0.030700241462573302, 0.10210417385305277, 0.18351155570886513, 0.24439461883408073, 0.22369782683684028, 0.13090720938254571, 0.03742669886167644, 0.03380476026215937, 0.013452914798206279], [0.04332042594385285, 0.06921587608906099, 0.1362536302032914, 0.255082284607938, 0.2451597289448209, 0.13746369796708616, 0.048644724104549855, 0.044530493707647625, 0.02032913843175218], [0.02063011548379863, 0.05875098105168741, 0.2040587509810517, 0.2981275927794596, 0.21863437605112682, 0.1142504765108196, 0.03632694248234107, 0.03800874537504204, 0.011212019284673169], [0.009187279151943463, 0.017102473498233215, 0.07632508833922262, 0.2528621908127208, 0.2842402826855124, 0.19830388692579506, 0.06445229681978798, 0.06784452296819787, 0.029681978798586573], [0.03568350284433718, 0.07205654197552146, 0.15911049818996725, 0.24875021548008963, 0.23530425788657128, 0.150146526460955, 0.04619893121875539, 0.0368901913463196, 0.015859334597483194], [0.012945745557255502, 0.035895021772390255, 0.07743909615158291, 0.17500294221489937, 0.3590679063198776, 0.2001883017535601, 0.07732140755560786, 0.05190067082499706, 0.010238907849829351], [0.011301115241635688, 0.0566542750929368, 0.1641635687732342, 0.2786617100371747, 0.2594795539033457, 0.13457249070631971, 0.044907063197026025, 0.03479553903345725, 0.015464684014869888], [0.0066584081759058535, 0.016258903685351503, 0.10405698358624961, 0.209817280891917, 0.26571694022917314, 0.2177144626819449, 0.07386187674202539, 0.07757819758439145, 0.02833694642304119], [0.007200092904424573, 0.0228777145511555, 0.0714202763906631, 0.21379630704912322, 0.29125537103704563, 0.21623504819417025, 0.07374288700499361, 0.07583323655789106, 0.02763906631053304], [0.007762211283604695, 0.025747822794396063, 0.06455887921241954, 0.11321469140477092, 0.1486179477470655, 0.39161302536917836, 0.1167171525937145, 0.09958349110185535, 0.03218477849299508], [0.018913480885311872, 0.05181086519114688, 0.12766599597585512, 0.2507042253521127, 0.282897384305835, 0.18269617706237423, 0.044668008048289735, 0.03591549295774648, 0.004728370221327968], [0.23511904761904762, 0.12797619047619047, 0.19940476190476192, 0.23214285714285715, 0.125, 0.041666666666666664, 0.023809523809523808, 0.01488095238095238, 0.0]]}, "ranksDetailed": {"labels": ["Unranked", "Combatatant", "Challenger", "Rival", "Duelist", "Elite"], "data": [[0.13073713490959665, 0.4339360222531293, 0.34075104311543813, 0.07649513212795549, 0.01808066759388039, 0.0], [0.062279374684820976, 0.2697932425617751, 0.49369641956631366, 0.1550680786686838, 0.01361573373676248, 0.005547150781643974], [0.007623585467540202, 0.043597379392495535, 0.3132817153067302, 0.5083978558665873, 0.09434187016081001, 0.03275759380583681], [0.01533457249070632, 0.07922862453531598, 0.20771375464684014, 0.5104553903345725, 0.14323884758364314, 0.04402881040892193], [0.1794871794871795, 0.38461538461538464, 0.30256410256410254, 0.1282051282051282, 0.005128205128205128, 0.0], [0.007334183673469388, 0.10820578231292517, 0.5593112244897959, 0.2386267006802721, 0.06324404761904762, 0.023278061224489797], [0.0822028750759263, 0.32577444826888036, 0.4286292771816157, 0.11884996962947965, 0.029155699534318687, 0.015387730309779307], [0.26881720430107525, 0.4543010752688172, 0.20430107526881722, 0.06720430107526881, 0.005376344086021506, 0.0], [0.032991434915935286, 0.14772126467167176, 0.46039970392302, 0.25272285079835044, 0.07708575658242571, 0.029078989108596808], [0.01564945226917058, 0.08881064162754304, 0.33215962441314556, 0.3208137715179969, 0.15688575899843504, 0.08568075117370892], [0.030491047686580394, 0.16876440347456126, 0.47597943627016487, 0.24321928736039708, 0.058500265910299595, 0.023045559297996808], [0.080773606370876, 0.35054038680318544, 0.4234926052332196, 0.1075085324232082, 0.027445961319681456, 0.010238907849829351], [0.013986013986013986, 0.09459631277813096, 0.4718372536554355, 0.32892561983471075, 0.06853146853146853, 0.022123331214240306], [0.017628865979381445, 0.12402061855670103, 0.5684536082474226, 0.22154639175257732, 0.050515463917525774, 0.017835051546391752], [0.014753508456279237, 0.14897445124145375, 0.4899244332493703, 0.266822598056855, 0.05901403382511695, 0.020510975170924792], [0.04144949118888062, 0.23653512037726482, 0.46934723256391164, 0.17721518987341772, 0.05187391412261107, 0.023579051873914122], [0.04621926418931411, 0.2612312811980033, 0.467923830652616, 0.17618783508966537, 0.03771491957848031, 0.010722869291920872], [0.012526619065514218, 0.08831266441187524, 0.5892521608417888, 0.2480270574971815, 0.04547162720781661, 0.016409870975823627], [0.18012422360248448, 0.2795031055900621, 0.3416149068322981, 0.13043478260869565, 0.043478260869565216, 0.024844720496894408], [0.008546059933407325, 0.06903440621531631, 0.5871254162042175, 0.25760266370699225, 0.05804661487236404, 0.019644839067702553], [0.005046257359125316, 0.03868797308662742, 0.4712243181545116, 0.3623693379790941, 0.08915054667788057, 0.03352156674276102], [0.012507386251723459, 0.06539294859168801, 0.48266692928895016, 0.3263738428205633, 0.089915304313571, 0.02314358873350404], [0.02302158273381295, 0.1683453237410072, 0.5942446043165468, 0.19280575539568345, 0.02158273381294964, 0.0], [0.00770995869664984, 0.06883891693437356, 0.3443781551170262, 0.4399265718219367, 0.10637907296925195, 0.03276732446076182], [0.00865069106095257, 0.10599582380431541, 0.4454608730237645, 0.3674057870140201, 0.06274236849955254, 0.00974445659739485], [0.010247651579846286, 0.15574295473953886, 0.5267933390264731, 0.2411400512382579, 0.05497438087105038, 0.011101622544833475], [0.01619626056925092, 0.15112540192926044, 0.48029057996903657, 0.263546504704061, 0.06133142789091342, 0.02750982493747767], [0.030700241462573302, 0.2856157295619179, 0.468092445670921, 0.16833390824422215, 0.03380476026215937, 0.013452914798206279], [0.04332042594385285, 0.20546950629235236, 0.500242013552759, 0.186108422071636, 0.044530493707647625, 0.02032913843175218], [0.02063011548379863, 0.2628097320327391, 0.5167619688305863, 0.15057741899316066, 0.03800874537504204, 0.011212019284673169], [0.009187279151943463, 0.09342756183745583, 0.5371024734982333, 0.262756183745583, 0.06784452296819787, 0.029681978798586573], [0.03568350284433718, 0.2311670401654887, 0.4840544733666609, 0.1963454576797104, 0.0368901913463196, 0.015859334597483194], [0.012945745557255502, 0.11333411792397317, 0.5340708485347769, 0.27750970930916796, 0.05190067082499706, 0.010238907849829351], [0.011301115241635688, 0.220817843866171, 0.5381412639405204, 0.17947955390334572, 0.03479553903345725, 0.015464684014869888], [0.0066584081759058535, 0.12031588727160111, 0.4755342211210901, 0.29157633942397027, 0.07757819758439145, 0.02833694642304119], [0.007200092904424573, 0.09429799094181861, 0.5050516780861689, 0.28997793519916387, 0.07583323655789106, 0.02763906631053304], [0.007762211283604695, 0.0903067020068156, 0.2618326391518364, 0.5083301779628928, 0.09958349110185535, 0.03218477849299508], [0.018913480885311872, 0.179476861167002, 0.5336016096579477, 0.22736418511066397, 0.03591549295774648, 0.004728370221327968], [0.23511904761904762, 0.3273809523809524, 0.35714285714285715, 0.06547619047619048, 0.01488095238095238, 0.0]]}}}, "eu": {"histType": {"histogram": {"labels": ["0", "100", "200", "300", "400", "500", "600", "700", "800", "900", "1000", "1100", "1200", "1300", "1400", "1500", "1600", "1700", "1800", "1900", "2000", "2100", "2200", "2300", "2400", "2500", "2600", "2700", "2800", "2900", "3000", "3100", "3200"], "data": [[0.0, 0.0, 0.001851851851851852, 0.0, 0.001851851851851852, 0.007407407407407408, 0.012962962962962963, 0.025925925925925925, 0.05, 0.07777777777777778, 0.07777777777777778, 0.10740740740740741, 0.10185185185185185, 0.11851851851851852, 0.14074074074074075, 0.09259259259259259, 0.06481481481481481, 0.037037037037037035, 0.03518518518518519, 0.016666666666666666, 0.012962962962962963, 0.005555555555555556, 0.003703703703703704, 0.007407407407407408, 0.0, 0.0, 0.0, 0.0, 0.0, 0.0, 0.0, 0.0, 0.0], [0.0, 0.0002781641168289291, 0.0008344923504867872, 0.0011126564673157164, 0.0016689847009735744, 0.003894297635605007, 0.006954102920723227, 0.010848400556328233, 0.019471488178025034, 0.03421418636995827, 0.04506258692628651, 0.06203059805285118, 0.08150208623087622, 0.1043115438108484, 0.13546592489568846, 0.13073713490959665, 0.1415855354659249, 0.06842837273991655, 0.09513212795549374, 0.02420027816411683, 0.01223922114047288, 0.009179415855354658, 0.004172461752433936, 0.0027816411682892906, 0.0022253129346314327, 0.0011126564673157164, 0.0005563282336578582, 0.0, 0.0, 0.0, 0.0, 0.0, 0.0], [0.0, 0.0, 0.0, 0.00012027904738994468, 0.00012027904738994468, 0.00012027904738994468, 0.0, 0.0007216742843396681, 0.0019244647582391148, 0.002646139042578783, 0.005893673322107289, 0.00950204474380563, 0.012027904738994467, 0.015155159971133028, 0.025018041857108493, 0.0350012027904739, 0.18029829203752706, 0.15383690161173924, 0.32607649747414, 0.07998556651431321, 0.0519605484724561, 0.052080827519846044, 0.01828241520327159, 0.007818138080346404, 0.011787346644214578, 0.005171999037767621, 0.0019244647582391148, 0.002165022853019004, 0.00012027904738994468, 0.00024055809477988935, 0.0, 0.0, 0.0], [0.0, 0.0, 0.0, 0.00011161960040183056, 0.00011161960040183056, 0.00022323920080366113, 0.000781337202812814, 0.0021207724076347805, 0.0024556312088402726, 0.0056925996204933585, 0.011273579640584886, 0.016966179261078244, 0.020761245674740483, 0.02611898649402835, 0.042973546154704764, 0.0536890277932805, 0.07545484987163746, 0.05134501618484206, 0.27592365219332515, 0.14767273133162184, 0.0924210291327157, 0.08817948431744614, 0.030807009710905234, 0.013394352048219668, 0.02399821408639357, 0.00792499162852997, 0.004353164415671392, 0.001562674405625628, 0.0034602076124567475, 0.00022323920080366113, 0.0, 0.0, 0.0], [0.0, 0.0, 0.0, 0.0, 0.0, 0.021621621621621623, 0.02702702702702703, 0.05405405405405406, 0.06486486486486487, 0.04864864864864865, 0.07567567567567568, 0.08108108108108109, 0.06486486486486487, 0.11891891891891893, 0.0918918918918919, 0.14594594594594595, 0.032432432432432434, 0.06486486486486487, 0.032432432432432434, 0.04864864864864865, 0.005405405405405406, 0.005405405405405406, 0.0, 0.005405405405405406, 0.010810810810810811, 0.0, 0.0, 0.0, 0.0, 0.0, 0.0, 0.0, 0.0], [0.0, 0.0, 0.00010589854918987609, 0.00021179709837975219, 0.0003176956475696283, 0.00010589854918987609, 0.00021179709837975219, 0.001164884041088637, 0.0019061738854177699, 0.003918246320025415, 0.007942391189240708, 0.011966536058455999, 0.01842634755903844, 0.0904373610081542, 0.12866673726569947, 0.13756221539764904, 0.16308376575240918, 0.11108757810018002, 0.14995234565286455, 0.05612623107063433, 0.03621730382293763, 0.039500158847823784, 0.014613999788202901, 0.0054008260086836814, 0.011013449115747115, 0.004447739065974796, 0.0027