{"region": {"us": {"histType": {"histogram": {"labels": ["0", "100", "200", "300", "400", "500", "600", "700", "800", "900", "1000", "1100", "1200", "1300", "1400", "1500", "1600", "1700", "1800", "1900", "2000", "2100", "2200", "2300", "2400", "2500", "2600", "2700", "2800", "2900", "3000", "3100", "3200"], "data": [[0.0, 0.0, 0.003215434083601286, 0.003215434083601286, 0.006430868167202572, 0.006430868167202572, 0.022508038585209004, 0.012861736334405145, 0.03215434083601286, 0.028938906752411574, 0.0707395498392283, 0.07395498392282958, 0.08360128617363344, 0.1189710610932476, 0.10610932475884244, 0.11254019292604502, 0.09967845659163987, 0.05466237942122187, 0.05466237942122187, 0.04823151125401929, 0.028938906752411574, 0.00964630225080386, 0.00964630225080386, 0.0, 0.012861736334405145, 0.0, 0.0, 0.0, 0.0, 0.0, 0.0, 0.0, 0.0], [0.0, 0.0008237232289950577, 0.0, 0.00041186161449752884, 0.0008237232289950577, 0.0016474464579901153, 0.004942339373970346, 0.01070840197693575, 0.011120263591433279, 0.019769357495881382, 0.03459637561779242, 0.04242174629324547, 0.06383855024711697, 0.07454695222405272, 0.10090609555189456, 0.12108731466227347, 0.1470345963756178, 0.08937397034596375, 0.15197693574958815, 0.05560131795716639, 0.02471169686985173, 0.016474464579901153, 0.009884678747940691, 0.004942339373970346, 0.004942339373970346, 0.0016474464579901153, 0.0032948929159802307, 0.002059308072487644, 0.00041186161449752884, 0.0, 0.0, 0.0, 0.0], [0.00013721185510428101, 0.0, 0.0, 0.00027442371020856203, 0.00027442371020856203, 0.00027442371020856203, 0.00027442371020856203, 0.0006860592755214051, 0.0034302963776070253, 0.0043907793633369925, 0.007821075740944018, 0.011525795828759604, 0.01770032930845225, 0.028402854006586167, 0.0426728869374314, 0.06531284302963776, 0.10236004390779363, 0.10482985729967069, 0.27675631174533477, 0.0852085620197585, 0.06105927552140505, 0.0902854006586169, 0.026619099890230515, 0.014270032930845226, 0.03265642151481888, 0.010016465422612513, 0.0048024149286498355, 0.0039791437980241495, 0.0013721185510428102, 0.002469813391877058, 0.00013721185510428101, 0.0, 0.0], [0.0, 0.0, 0.0, 0.0, 0.00012675877804537965, 0.00012675877804537965, 0.0010140702243630372, 0.0022816580048168338, 0.006084421346178223, 0.010394219799721131, 0.016098364811763216, 0.019140575484852325, 0.035365699074660924, 0.04677398909874509, 0.06819622258841425, 0.09202687286094562, 0.15337812143490936, 0.11535048802129548, 0.19977183419951833, 0.08391431106604132, 0.05209785777665103, 0.056534415008239323, 0.01685891748003549, 0.00735200912663202, 0.011535048802129548, 0.002408416782862213, 0.0011408290024084169, 0.0015211053365445557, 0.0002535175560907593, 0.0, 0.0002535175560907593, 0.0, 0.0], [0.0, 0.0, 0.0, 0.0, 0.008771929824561403, 0.0, 0.008771929824561403, 0.03508771929824561, 0.03508771929824561, 0.05263157894736842, 0.043859649122807015, 0.07894736842105263, 0.07017543859649122, 0.10526315789473684, 0.07894736842105263, 0.10526315789473684, 0.06140350877192982, 0.03508771929824561, 0.08771929824561403, 0.08771929824561403, 0.02631578947368421, 0.043859649122807015, 0.017543859649122806, 0.017543859649122806, 0.0, 0.0, 0.0, 0.0, 0.0, 0.0, 0.0, 0.0, 0.0], [0.0, 0.0, 0.0, 0.00012955045990413266, 0.0, 0.00012955045990413266, 0.0, 0.0018137064386578572, 0.00194325689856199, 0.006736623915014899, 0.010752688172043012, 0.017230211167249643, 0.03148076175670424, 0.054670294079543984, 0.07928488146132918, 0.10934058815908797, 0.15753335924342532, 0.11050654229822515, 0.17191346029278404, 0.07293690892602668, 0.04262210130845964, 0.06088871615494235, 0.020209871745044693, 0.01023448633242648, 0.020728073584661225, 0.008161678973960357, 0.0032387614976033163, 0.0032387614976033163, 0.0020728073584661225, 0.000777302759424796, 0.0014250550589454593, 0.0, 0.0], [0.0, 0.0, 0.0002642007926023778, 0.001585204755614267, 0.001585204755614267, 0.003170409511228534, 0.005812417437252312, 0.008982826948480845, 0.017437252311756937, 0.024570673712021138, 0.03883751651254954, 0.04702774108322325, 0.07001321003963012, 0.08348745046235138, 0.10911492734478204, 0.12338177014531043, 0.12523117569352707, 0.08190224570673713, 0.11043593130779393, 0.03883751651254954, 0.028005284015852047, 0.02906208718626156, 0.011096433289299868, 0.007133421400264201, 0.012681638044914135, 0.006340819022457068, 0.006869220607661823, 0.0023778071334214002, 0.0018494055482166448, 0.0007926023778071334, 0.0021136063408190224, 0.0, 0.0], [0.0033333333333333335, 0.0, 0.0033333333333333335, 0.01, 0.016666666666666666, 0.013333333333333334, 0.016666666666666666, 0.05, 0.05, 0.1, 0.08666666666666667, 0.10333333333333333, 0.09, 0.10333333333333333, 0.07666666666666666, 0.06666666666666667, 0.06666666666666667, 0.03333333333333333, 0.02666666666666667, 0.03666666666666667, 0.006666666666666667, 0.013333333333333334, 0.02, 0.006666666666666667, 0.0, 0.0, 0.0, 0.0, 0.0, 0.0, 0.0, 0.0, 0.0], [0.00041841004184100416, 0.00031380753138075313, 0.0005230125523012552, 0.0005230125523012552, 0.0005230125523012552, 0.0016736401673640166, 0.0017782426778242678, 0.005334728033472803, 0.009205020920502092, 0.020188284518828453, 0.03347280334728033, 0.04748953974895397, 0.05993723849372385, 0.06788702928870292, 0.08797071129707112, 0.09748953974895397, 0.13838912133891212, 0.09654811715481172, 0.11422594142259414, 0.0602510460251046, 0.04236401673640167, 0.04351464435146443, 0.01914225941422594, 0.012238493723849372, 0.020292887029288702, 0.008682008368200838, 0.005543933054393306, 0.0016736401673640166, 0.002196652719665272, 0.00020920502092050208, 0.0, 0.0, 0.0], [0.0, 0.0, 0.0, 0.0, 0.00036913990402362494, 0.00036913990402362494, 0.00036913990402362494, 0.00036913990402362494, 0.0007382798080472499, 0.005537098560354375, 0.0070136581764488745, 0.005906238464377999, 0.012181616832779624, 0.021040974529346623, 0.04023624953857512, 0.06349206349206349, 0.07788851974898486, 0.0812107788851975, 0.18752307124400147, 0.08084163898117387, 0.08527131782945736, 0.12144702842377261, 0.05057216685123662, 0.02547065337763012, 0.06866002214839424, 0.022886674049464747, 0.013658176448874123, 0.014765596160944998, 0.006644518272425249, 0.004060538944259874, 0.0014765596160944998, 0.0, 0.0], [0.0, 0.0, 0.0003244646333549643, 0.0, 0.0016223231667748216, 0.0016223231667748216, 0.0035691109669046075, 0.003893575600259572, 0.012005191434133679, 0.018170019467878003, 0.030499675535366644, 0.03439325113562622, 0.05970149253731343, 0.07235561323815703, 0.09214795587280987, 0.11194029850746269, 0.14049318624269955, 0.09117456197274497, 0.15120051914341337, 0.054510058403634, 0.036340038935756006, 0.04023361453601557, 0.012654120700843608, 0.008436080467229072, 0.01135626216742375, 0.004218040233614536, 0.001946787800129786, 0.0016223231667748216, 0.001946787800129786, 0.0016223231667748216, 0.0, 0.0, 0.0], [0.00018365472910927456, 0.0, 0.0005509641873278236, 0.0005509641873278236, 0.0009182736455463728, 0.00202020202020202, 0.004591368227731864, 0.008264462809917356, 0.013957759412304867, 0.02295684113865932, 0.049219467401285584, 0.06391184573002755, 0.08962350780532599, 0.09733700642791551, 0.1342516069788797, 0.13112947658402205, 0.12874196510560146, 0.07419651056014692, 0.08025711662075298, 0.03746556473829201, 0.01928374655647383, 0.018365472910927456, 0.00808080808080808, 0.005325987144168962, 0.00404040404040404, 0.0014692378328741965, 0.0018365472910927456, 0.0009182736455463728, 0.0005509641873278236, 0.0, 0.0, 0.0, 0.0], [0.0, 0.0, 0.0, 0.0, 0.00034572169403630077, 0.0006914433880726015, 0.002765773552290406, 0.003111495246326707, 0.007260155574762317, 0.00950734658599827, 0.023509075194468453, 0.035955056179775284, 0.04891961970613656, 0.06741573033707865, 0.10613656006914433, 0.1121866897147796, 0.14468452895419187, 0.10319792566983578, 0.15764909248055314, 0.05980985306828004, 0.03699222126188419, 0.035955056179775284, 0.01348314606741573, 0.00829732065687122, 0.012791702679343129, 0.005012964563526361, 0.0015557476231633535, 0.0010371650821089024, 0.001728608470181504, 0.0, 0.0, 0.0, 0.0], [0.00023441162681669012, 0.0, 0.0, 0.00011720581340834506, 0.00023441162681669012, 0.00035161744022503517, 0.0015236755743084857, 0.0023441162681669013, 0.004922644163150493, 0.013361462728551337, 0.02180028129395218, 0.02707454289732771, 0.036685419596812, 0.048992030004688235, 0.07067510548523206, 0.09563994374120956, 0.13654477262072198, 0.11146272855133614, 0.17287857477730895, 0.08216127519924989, 0.05297702766057196, 0.05731364275668073, 0.01992498827941866, 0.00996249413970933, 0.016994842944210033, 0.005157055789967183, 0.003867791842475387, 0.0025785278949835913, 0.0015236755743084857, 0.0023441162681669013, 0.00035161744022503517, 0.0, 0.0], [0.0, 0.0, 0.0, 0.0, 0.00046816479400749064, 0.00023408239700374532, 0.0007022471910112359, 0.0007022471910112359, 0.004213483146067416, 0.004213483146067416, 0.013108614232209739, 0.01802434456928839, 0.03628277153558052, 0.05173220973782772, 0.07420411985018727, 0.10088951310861423, 0.14934456928838952, 0.11587078651685394, 0.17134831460674158, 0.07958801498127341, 0.05805243445692884, 0.05688202247191011, 0.022705992509363296, 0.010299625468164793, 0.016619850187265917, 0.007724719101123595, 0.002106741573033708, 0.0018726591760299626, 0.0009363295880149813, 0.0018726591760299626, 0.0, 0.0, 0.0], [0.0, 0.00041152263374485596, 0.0, 0.0, 0.0012345679012345679, 0.0012345679012345679, 0.0008230452674897119, 0.0049382716049382715, 0.009876543209876543, 0.013991769547325103, 0.019753086419753086, 0.031275720164609055, 0.047736625514403296, 0.05720164609053498, 0.08065843621399177, 0.10411522633744856, 0.13580246913580246, 0.10246913580246914, 0.13580246913580246, 0.06460905349794238, 0.05308641975308642, 0.046502057613168724, 0.027983539094650206, 0.01440329218106996, 0.017695473251028805, 0.009876543209876543, 0.004526748971193415, 0.006172839506172839, 0.00411522633744856, 0.0024691358024691358, 0.0012345679012345679, 0.0, 0.0], [0.00022114108801415304, 0.0, 0.0004422821760283061, 0.0006634232640424591, 0.0004422821760283061, 0.0008845643520566122, 0.0015479876160990713, 0.0037593984962406013, 0.007518796992481203, 0.012162759840778416, 0.022335249889429455, 0.03958425475453339, 0.06766917293233082, 0.07894736842105263, 0.1063688633348076, 0.12472357363998231, 0.13666519239274658, 0.09287925696594428, 0.12848297213622292, 0.050641309155241045, 0.03427686864219372, 0.04024767801857585, 0.014816452896948253, 0.007739938080495356, 0.013047324192835028, 0.005307386112339673, 0.0035382574082264487, 0.0019902697921273774, 0.0015479876160990713, 0.0015479876160990713, 0.0, 0.0, 0.0], [0.0, 0.0, 0.0001670843776106934, 0.0003341687552213868, 0.0005012531328320802, 0.0003341687552213868, 0.0011695906432748538, 0.0028404344193817877, 0.0040100250626566416, 0.010192147034252298, 0.020718462823725983, 0.02606516290726817, 0.04862155388471178, 0.05948203842940685, 0.09824561403508772, 0.12063492063492064, 0.14519632414369257, 0.09791144527986634, 0.18128654970760233, 0.05998329156223893, 0.034753550543024224, 0.040100250626566414, 0.0152046783625731, 0.007852965747702589, 0.012030075187969926, 0.004177109440267335, 0.003341687552213868, 0.001670843776106934, 0.0005012531328320802, 0.0026733500417710945, 0.0, 0.0, 0.0], [0.0, 0.0, 0.0, 0.009009009009009009, 0.009009009009009009, 0.009009009009009009, 0.0, 0.009009009009009009, 0.009009009009009009, 0.05405405405405406, 0.02702702702702703, 0.04504504504504504, 0.04504504504504504, 0.06306306306306306, 0.05405405405405406, 0.11711711711711711, 0.12612612612612611, 0.08108108108108109, 0.07207207207207207, 0.02702702702702703, 0.08108108108108109, 0.036036036036036036, 0.036036036036036036, 0.0, 0.018018018018018018, 0.02702702702702703, 0.009009009009009009, 0.036036036036036036, 0.0, 0.0, 0.0, 0.0, 0.0], [0.0002448579823702253, 0.00012242899118511264, 0.0, 0.00012242899118511264, 0.0002448579823702253, 0.0002448579823702253, 0.0003672869735553379, 0.0017140058765915769, 0.0030607247796278158, 0.006611165523996082, 0.011385896180215476, 0.016527913809990205, 0.0319539666993144, 0.046645445641527915, 0.07847698334965719, 0.1182664054848188, 0.1649118511263467, 0.13491674828599412, 0.1482615083251714, 0.07847698334965719, 0.051420176297747304, 0.052277179236043095, 0.02081292850146915, 0.009549461312438785, 0.01248775710088149, 0.005019588638589618, 0.0022037218413320275, 0.0011018609206660138, 0.002571008814887365, 0.0, 0.0, 0.0, 0.0], [0.0, 0.0, 0.0, 0.00015647003598810827, 0.0, 0.00031294007197621654, 0.0014082303238929744, 0.0007823501799405414, 0.002034110467845408, 0.0032858707557502738, 0.007510561727429197, 0.01095290251916758, 0.01924581442653732, 0.027069316225942733, 0.047097480832420595, 0.07322797684243468, 0.12345485839461744, 0.11688311688311688, 0.19918635581286184, 0.09904553278047254, 0.07166327648255359, 0.09482084180879362, 0.029259896729776247, 0.01642935377875137, 0.028008136441871383, 0.013299953058989204, 0.0059458613675481145, 0.004224690971678924, 0.002034110467845408, 0.0009388202159286497, 0.0017211703958691911, 0.0, 0.0], [0.0003178639542275906, 0.00010595465140919687, 0.0, 0.00021190930281839374, 0.00021190930281839374, 0.0007416825598643781, 0.000847637211273575, 0.002331002331002331, 0.003814367450731087, 0.00709896164441619, 0.0135621953803772, 0.018436109345200253, 0.023521932612841703, 0.0371900826446281, 0.052765416401780035, 0.07999576181394363, 0.11379529561347743, 0.12015257469802924, 0.20364484000847638, 0.10224623860987497, 0.06611570247933884, 0.0776647594829413, 0.0271243907607544, 0.014091968637423184, 0.01991947446492901, 0.006887052341597796, 0.0034965034965034965, 0.0012714558169103624, 0.0024369569824115277, 0.0, 0.0, 0.0, 0.0], [0.0, 0.0, 0.0, 0.001692047377326565, 0.001692047377326565, 0.0, 0.0, 0.005076142131979695, 0.008460236886632826, 0.005076142131979695, 0.01692047377326565, 0.025380710659898477, 0.043993231810490696, 0.08460236886632826, 0.09475465313028765, 0.1353637901861252, 0.16243654822335024, 0.12521150592216582, 0.16412859560067683, 0.06091370558375635, 0.02707275803722504, 0.025380710659898477, 0.00676818950930626, 0.001692047377326565, 0.00338409475465313, 0.0, 0.0, 0.0, 0.0, 0.0, 0.0, 0.0, 0.0], [0.0, 0.0, 0.0, 0.00027022158169699153, 0.0, 0.0001801477211313277, 0.00027022158169699153, 0.0008106647450909746, 0.0021617726535759323, 0.005674653215636823, 0.008376869032606737, 0.016123221041253827, 0.02648171500630517, 0.03359754999099261, 0.05251306070978202, 0.0670149522608539, 0.1041253828139074, 0.08061610520626913, 0.21095298144478472, 0.10691767249144299, 0.07097820212574311, 0.12024860385516123, 0.035669248784002884, 0.01197982345523329, 0.02576112412177986, 0.008286795172041074, 0.004954062331111512, 0.0025220680958385876, 0.0018014772113132769, 0.001711403350747613, 0.0, 0.0, 0.0], [0.00019038553069966683, 9.519276534983341e-05, 9.519276534983341e-05, 0.0, 0.0006663493574488339, 0.0005711565920990004, 0.00047596382674916705, 0.0012375059495478343, 0.0014278914802475012, 0.006473108043788672, 0.011613517372679676, 0.023798191337458353, 0.04378867206092337, 0.061399333650642554, 0.09214659685863874, 0.12441694431223227, 0.17229890528319847, 0.1426939552594003, 0.16963350785340314, 0.06016182770109472, 0.03398381722989053, 0.029033793431699192, 0.011042360780580676, 0.003522132317943836, 0.004950023798191337, 0.0017134697762970015, 0.0018086625416468347, 0.0007615421227986673, 0.0, 0.0, 0.0, 0.0, 0.0], [0.0, 0.00012242899118511264, 0.0, 0.00012242899118511264, 0.0003672869735553379, 0.0008570029382957884, 0.0008570029382957884, 0.0022037218413320275, 0.0034280117531831538, 0.0061214495592556315, 0.011753183153770812, 0.02093535749265426, 0.03146425073457395, 0.04272771792360431, 0.07247796278158668, 0.11300195886385896, 0.16356513222331048, 0.12389813907933399, 0.1694417238001959, 0.08410871694417238, 0.04921645445641528, 0.05105288932419197, 0.023873653281096963, 0.010039177277179236, 0.011263467189030362, 0.0028158667972575904, 0.0022037218413320275, 0.002081292850146915, 0.0, 0.0, 0.0, 0.0, 0.0], [0.0, 0.0, 0.0, 0.0, 0.0002901494269548818, 0.0, 0.0008704482808646452, 0.0008704482808646452, 0.0015958218482518497, 0.003481793123458581, 0.009284781662556217, 0.014942695488176411, 0.027419120847236328, 0.045263310604961554, 0.07819527056434064, 0.10909618453503554, 0.14913680545480923, 0.09749020745684027, 0.19744668504279705, 0.07398810387349485, 0.04555346003191644, 0.05904540838531844, 0.026693747279849123, 0.012911649499492238, 0.02103583345422893, 0.009139706949078775, 0.005948063252575076, 0.0031916436965036994, 0.0030465689830262584, 0.0020310459886841723, 0.0020310459886841723, 0.0, 0.0], [0.00036231884057971015, 0.00036231884057971015, 0.00036231884057971015, 0.0007246376811594203, 0.002536231884057971, 0.002536231884057971, 0.005434782608695652, 0.008333333333333333, 0.014492753623188406, 0.0286231884057971, 0.03804347826086957, 0.05398550724637681, 0.060144927536231886, 0.08260869565217391, 0.11376811594202899, 0.11159420289855072, 0.11884057971014493, 0.07717391304347826, 0.1492753623188406, 0.04420289855072464, 0.021014492753623187, 0.0322463768115942, 0.009420289855072464, 0.005072463768115942, 0.010507246376811594, 0.003260869565217391, 0.0018115942028985507, 0.0010869565217391304, 0.0018115942028985507, 0.00036231884057971015, 0.0, 0.0, 0.0], [0.0, 0.0, 0.0, 0.0019317450096587251, 0.0025756600128783, 0.0025756600128783, 0.0038634900193174502, 0.010946555054732776, 0.0103026400515132, 0.014810045074050225, 0.023824855119124275, 0.0360592401802962, 0.050225370251126854, 0.056664520283322604, 0.0824211204121056, 0.10946555054732775, 0.14552479072762395, 0.10367031551835158, 0.17128139085640695, 0.061171925305859624, 0.028976175144880875, 0.032839665164198326, 0.021249195106245976, 0.005795235028976175, 0.014810045074050225, 0.004507405022537025, 0.00128783000643915, 0.0025756600128783, 0.000643915003219575, 0.0, 0.0, 0.0, 0.0], [0.0002895613146083683, 0.0, 0.0, 0.0, 0.0005791226292167366, 0.0007239032865209208, 0.0028956131460836834, 0.005067323005646445, 0.007094252207905024, 0.014043723758505863, 0.027363544230490807, 0.04198639061821341, 0.05530621109019835, 0.07905023888808455, 0.12842044302881134, 0.1398581149558419, 0.1453597799334009, 0.08932966555668163, 0.12639351382655278, 0.04184160996090922, 0.026929202258578255, 0.030693499348487044, 0.013030259157376574, 0.006515129578688287, 0.010713768640509628, 0.002606051831475315, 0.0013030259157376576, 0.001013464601129289, 0.00014478065730418415, 0.0011582452584334732, 0.0002895613146083683, 0.0, 0.0], [0.0, 0.0, 0.0, 0.0006533101045296168, 0.00043554006968641115, 0.00021777003484320557, 0.0021777003484320556, 0.0006533101045296168, 0.004137630662020906, 0.00979965156794425, 0.01676829268292683, 0.021994773519163763, 0.03397212543554007, 0.04856271777003484, 0.07121080139372822, 0.10627177700348432, 0.11890243902439024, 0.09886759581881534, 0.16637630662020905, 0.07360627177700349, 0.053353658536585365, 0.062282229965156796, 0.028745644599303136, 0.015026132404181184, 0.031794425087108016, 0.013066202090592335, 0.009364111498257839, 0.004790940766550522, 0.003048780487804878, 0.002395470383275261, 0.001524390243902439, 0.0, 0.0], [0.0, 0.0, 0.0, 0.0002025111381125962, 0.0002025111381125962, 0.0, 0.0008100445524503848, 0.001012555690562981, 0.0026326447954637504, 0.009518023491292021, 0.01539084649655731, 0.02814904819765087, 0.04394491697043337, 0.06480356419603078, 0.09518023491292021, 0.11765897124341838, 0.14702308626974483, 0.10409072498987444, 0.16504657756176588, 0.0688537869582827, 0.04171729445119481, 0.04536249493722155, 0.016403402187120292, 0.007695423248278655, 0.010530579181855002, 0.0028351559335763467, 0.004050222762251924, 0.0022276225192385582, 0.0032401782098015392, 0.0014175779667881733, 0.0, 0.0, 0.0], [0.00013107877834578582, 0.00013107877834578582, 0.00013107877834578582, 0.00013107877834578582, 0.00026215755669157164, 0.0011797090051120724, 0.0013107877834578582, 0.003014811901953074, 0.0045877572421025034, 0.00812688425743872, 0.021103683313671517, 0.032114300694717525, 0.05243151133831433, 0.07091361908507013, 0.10079958054790929, 0.14130292305675712, 0.17040241184952157, 0.11456285227421681, 0.12059247607812296, 0.06317997116266877, 0.0360466640450911, 0.02883733123607288, 0.013238956612924367, 0.0049809935771398615, 0.0049809935771398615, 0.0017040241184952155, 0.0009175514484205007, 0.0027526543452615023, 0.00013107877834578582, 0.0, 0.0, 0.0, 0.0], [0.0, 0.0, 0.0, 0.00021048200378867606, 0.00021048200378867606, 0.0008419280151547042, 0.0010524100189433804, 0.0027362660492527887, 0.005051568090928225, 0.007156388128814986, 0.016628078299305408, 0.024836876447063776, 0.042096400757735214, 0.057882551041885916, 0.09219111765944012, 0.1283940223110924, 0.15723005683014102, 0.11534413807619448, 0.14354872658387707, 0.06756472321616502, 0.042517364765312565, 0.04146495474636919, 0.018311934329614817, 0.006314460113660282, 0.016207114291728057, 0.00484108608713955, 0.003367712060618817, 0.0014733740265207324, 0.0012628920227320563, 0.0006314460113660282, 0.0006314460113660282, 0.0, 0.0], [0.0, 0.0, 0.0, 0.0002588661661920787, 0.0, 0.0010354646647683149, 0.0020709293295366298, 0.0028475278281128655, 0.005695055656225731, 0.005695055656225731, 0.01190784364483562, 0.021227025627750452, 0.03132280610924152, 0.04607817758219001, 0.07714211752523945, 0.10768832513590473, 0.13901113124514625, 0.09914574165156614, 0.18301837949779964, 0.07688325135904737, 0.05125550090603158, 0.06161014755371473, 0.02562775045301579, 0.015531969971524721, 0.019414962464405904, 0.009319181982914834, 0.003106393994304944, 0.0012943308309603934, 0.0010354646647683149, 0.000776598498576236, 0.0, 0.0, 0.0], [0.0, 0.0, 0.000284050560999858, 0.0, 0.000284050560999858, 0.00042607584149978694, 0.000568101121999716, 0.0018463286464990769, 0.0018463286464990769, 0.005254935378497373, 0.010935946598494532, 0.024570373526487714, 0.04118733134497941, 0.06916631160346541, 0.09629314017895185, 0.11489845192444255, 0.1435875585854282, 0.09984377219145008, 0.16489135066041755, 0.059508592529470244, 0.04189745774747905, 0.04729441840647635, 0.02371822184348814, 0.010651896037494673, 0.021871893196989064, 0.006533162902996733, 0.005681011219997159, 0.0034086067319982955, 0.0014202528049992898, 0.0012782275244993609, 0.0008521516829995739, 0.0, 0.0], [0.0, 0.0, 9.287638153617534e-05, 0.0, 9.287638153617534e-05, 9.287638153617534e-05, 0.00027862914460852607, 0.0009287638153617535, 0.0020432803937958577, 0.0054797065106343456, 0.010495031113587815, 0.019596916504132998, 0.03399275564224018, 0.04736695458344943, 0.06910002786291446, 0.08340299061948546, 0.10643633324045695, 0.0802451936472555, 0.22959041515742545, 0.09547692021918826, 0.06250580477384601, 0.08173121575183431, 0.024519364725550292, 0.009101885390545184, 0.023219095384043837, 0.006408470325996099, 0.002879167827621436, 0.0016717748676511562, 0.0016717748676511562, 0.001578898486114981, 0.0, 0.0, 0.0], [0.0, 0.0, 0.0, 0.0, 0.0, 0.000117813383600377, 0.000706880301602262, 0.000589066918001885, 0.002238454288407163, 0.004830348727615457, 0.008011310084825637, 0.018261074458058437, 0.03110273327049953, 0.05454759660697455, 0.0835296889726673, 0.1204052780395853, 0.17153628652214892, 0.12452874646559849, 0.2024033930254477, 0.06939208294062206, 0.03699340245051838, 0.045358152686145146, 0.01095664467483506, 0.004005655042412818, 0.00589066918001885, 0.00117813383600377, 0.00117813383600377, 0.001531573986804901, 0.000706880301602262, 0.0, 0.0, 0.0, 0.0], [0.0, 0.00392156862745098, 0.0, 0.00392156862745098, 0.00392156862745098, 0.0196078431372549, 0.027450980392156862, 0.0196078431372549, 0.06666666666666667, 0.03529411764705882, 0.054901960784313725, 0.06666666666666667, 0.06666666666666667, 0.11372549019607843, 0.11372549019607843, 0.12549019607843137, 0.09019607843137255, 0.06666666666666667, 0.043137254901960784, 0.01568627450980392, 0.011764705882352941, 0.023529411764705882, 0.011764705882352941, 0.01568627450980392, 0.0, 0.0, 0.0, 0.0, 0.0, 0.0, 0.0, 0.0, 0.0]]}, "ranks": {"labels": ["Unranked", "Combatatent I", "Combatatent II", "Challenger I", "Challenger II", "Rival I", "Rival II", "Duelist", "Elite"], "data": [[0.1157556270096463, 0.14469453376205788, 0.20257234726688103, 0.21864951768488747, 0.15434083601286175, 0.08360128617363344, 0.04823151125401929, 0.01929260450160772, 0.012861736334405145], [0.05024711696869852, 0.07701812191103789, 0.13838550247116968, 0.22199341021416805, 0.23640856672158156, 0.18533772652388797, 0.04695222405271829, 0.03130148270181219, 0.012355848434925865], [0.009742041712403952, 0.019346871569703623, 0.04610318331503842, 0.10798572996706915, 0.20718990120746433, 0.3228594950603732, 0.10016465422612514, 0.13117453347969266, 0.05543358946212953], [0.020027886931169983, 0.03523894029661554, 0.08213968817340601, 0.16022309544935986, 0.26872860945620486, 0.24439092407149196, 0.09139307897071872, 0.08074534161490683, 0.01711243503612625], [0.14035087719298245, 0.12280701754385964, 0.17543859649122806, 0.18421052631578946, 0.09649122807017543, 0.14912280701754385, 0.05263157894736842, 0.07894736842105263, 0.0], [0.010752688172043012, 0.027982899339292655, 0.08615105583624821, 0.18862546962041715, 0.26803990154165047, 0.2106490478041197, 0.07682342272315067, 0.09133307423241352, 0.03964244073066459], [0.06340819022457067, 0.08586525759577279, 0.1535006605019815, 0.23249669749009247, 0.2071334214002642, 0.13421400264200792, 0.043064729194187586, 0.047291941875825624, 0.03302509907529723], [0.2633333333333333, 0.19, 0.19333333333333333, 0.14333333333333334, 0.1, 0.04, 0.03, 0.04, 0.0], [0.04048117154811715, 0.0809623430962343, 0.12782426778242678, 0.1854602510460251, 0.23493723849372386, 0.14654811715481172, 0.07029288702928871, 0.07489539748953974, 0.03859832635983264], [0.007751937984496124, 0.012919896640826873, 0.03322259136212625, 0.1037283130306386, 0.15909929863418235, 0.22702104097452935, 0.12661498708010335, 0.19748984865263935, 0.13215208564045774], [0.04120700843608047, 0.06489292667099286, 0.13205710577547047, 0.20408825438027256, 0.23166774821544453, 0.17975340687865024, 0.06229720960415315, 0.06132381570408826, 0.0227125243348475], [0.05399449035812672, 0.11313131313131314, 0.1869605142332415, 0.26538108356290174, 0.20293847566574838, 0.09825528007346189, 0.03875114784205693, 0.0317722681359045, 0.008815426997245178], [0.023681936041486603, 0.05946413137424374, 0.11633535004321521, 0.21832324978392395, 0.24788245462402766, 0.18824546240276577, 0.0662057044079516, 0.05773552290406223, 0.02212618841832325], [0.023089545241443975, 0.048874824191279885, 0.08567744960150024, 0.16631504922644164, 0.24800750117205814, 0.21706516643225504, 0.09095171120487576, 0.08720112517580872, 0.032817627754336616], [0.010533707865168539, 0.031132958801498127, 0.08801498127340825, 0.1750936329588015, 0.26521535580524347, 0.21886704119850187, 0.09012172284644195, 0.0898876404494382, 0.031132958801498127], [0.03251028806584362, 0.05102880658436214, 0.10493827160493827, 0.18477366255144034, 0.2382716049382716, 0.1699588477366255, 0.08353909465020576, 0.08888888888888889, 0.04609053497942387], [0.027642636001769128, 0.06191950464396285, 0.14661654135338345, 0.23109243697478993, 0.22954444935869084, 0.15789473684210525, 0.05550641309155241, 0.06280406899601947, 0.02697921273772667], [0.019548872180451128, 0.04678362573099415, 0.10810359231411863, 0.21888053467000834, 0.24310776942355888, 0.21420217209690895, 0.061821219715956555, 0.06315789473684211, 0.024394319131161236], [0.0990990990990991, 0.07207207207207207, 0.10810810810810811, 0.17117117117117117, 0.2072072072072072, 0.08108108108108109, 0.0990990990990991, 0.07207207207207207, 0.09009009009009009], [0.012732615083251714, 0.02791380999020568, 0.0785994123408423, 0.196743388834476, 0.29982859941234086, 0.1925808031341822, 0.08557786483839373, 0.08263956904995103, 0.023383937316356514], [0.007979971835393522, 0.018463464246596777, 0.04631513065248005, 0.12032545767485527, 0.24033797527773432, 0.25097793772492566, 0.11891722735096229, 0.14051009231732123, 0.05617274291973087], [0.015681288408561134, 0.03199830472557745, 0.060712015257469804, 0.13276117821572367, 0.23394787031150668, 0.25725789362153, 0.1147488874761602, 0.11888111888111888, 0.03401144310235219], [0.021996615905245348, 0.04230118443316413, 0.12859560067681894, 0.23011844331641285, 0.2876480541455161, 0.20135363790186125, 0.050761421319796954, 0.0338409475465313, 0.00338409475465313], [0.00936768149882904, 0.024500090073860566, 0.060079264997297786, 0.11952801297063592, 0.18474148802017654, 0.2693208430913349, 0.11952801297063592, 0.1678976760943974, 0.04503693028283192], [0.011232746311280342, 0.03541170871013803, 0.10518800571156592, 0.216563541170871, 0.3149928605425988, 0.20247501189909567, 0.06130414088529272, 0.043598286530223705, 0.009233698238933842], [0.014079333986287954, 0.032688540646425075, 0.07419196865817826, 0.18547992164544563, 0.2874632713026445, 0.21449559255631734, 0.08827130264446621, 0.08496571988246816, 0.018364348677766894], [0.007108660960394603, 0.02422747715073263, 0.07268243145219788, 0.18729145509937617, 0.2466270129116495, 0.23792253010300304, 0.07906571884520527, 0.0986508051646598, 0.046423908312781086], [0.06376811594202898, 0.09202898550724638, 0.1427536231884058, 0.22536231884057972, 0.19601449275362318, 0.16992753623188406, 0.04456521739130435, 0.04673913043478261, 0.01884057971014493], [0.04700579523502898, 0.05988409529942048, 0.10688989053444946, 0.19188667095943335, 0.24919510624597555, 0.20540888602704443, 0.056020605280103025, 0.05988409529942048, 0.023824855119124275], [0.030693499348487044, 0.06934993484870422, 0.1343564499782829, 0.2682785579846533, 0.23468944549008253, 0.14883451570870132, 0.046329810337338934, 0.0502388880845519, 0.017228898219197916], [0.018074912891986063, 0.03876306620209059, 0.08253484320557491, 0.17748257839721254, 0.21777003484320556, 0.20601045296167247, 0.08732578397212544, 0.10605400696864112, 0.06598432055749129], [0.01437829080599433, 0.04353989469420818, 0.10874848116646416, 0.2128392061563386, 0.2511138112596193, 0.20453624949372215, 0.07108140947752126, 0.0694613203726205, 0.024301336573511544], [0.019006422860138945, 0.05321798400838904, 0.12334513042338445, 0.2421025036046664, 0.28496526412373835, 0.1561148250098309, 0.0637042862760519, 0.04705728142613711, 0.010486302267662865], [0.01725952431067144, 0.04146495474636919, 0.09997895179962113, 0.22058513997053253, 0.2725741949063355, 0.18017259524310672, 0.07345821932224794, 0.06609134918964428, 0.02841507051147127], [0.01760289930106135, 0.033134869272586076, 0.07740098369143153, 0.18483044266114418, 0.2381568728967124, 0.22780222624902924, 0.08335490551384934, 0.10276986797825524, 0.034946932435930625], [0.010509870756994746, 0.03550632012498225, 0.11035364294844482, 0.21119159210339442, 0.24343133077687829, 0.19727311461440136, 0.06902428632296549, 0.08166453628745916, 0.041045306064479474], [0.009009009009009009, 0.030091947617720813, 0.08135971022568961, 0.15250301848239992, 0.18668152688771245, 0.28020804309464103, 0.1073650970558187, 0.11535246586792978, 0.03742918175907867], [0.008482563619227144, 0.02627238454288407, 0.08565032987747408, 0.20393496701225258, 0.2960650329877474, 0.2402214891611687, 0.06856738925541941, 0.060320452403393024, 0.010485391140433554], [0.1803921568627451, 0.12156862745098039, 0.1803921568627451, 0.23921568627450981, 0.1568627450980392, 0.047058823529411764, 0.023529411764705882, 0.050980392156862744, 0.0]]}, "ranksDetailed": {"labels": ["Unranked", "Combatatant", "Challenger", "Rival", "Duelist", "Elite"], "data": [[0.1157556270096463, 0.34726688102893893, 0.3729903536977492, 0.13183279742765272, 0.01929260450160772, 0.012861736334405145], [0.05024711696869852, 0.2154036243822076, 0.4584019769357496, 0.23228995057660626, 0.03130148270181219, 0.012355848434925865], [0.009742041712403952, 0.06545005488474204, 0.31517563117453345, 0.42302414928649834, 0.13117453347969266, 0.05543358946212953], [0.020027886931169983, 0.11737862847002155, 0.4289517049055647, 0.3357840030422107, 0.08074534161490683, 0.01711243503612625], [0.14035087719298245, 0.2982456140350877, 0.2807017543859649, 0.20175438596491227, 0.07894736842105263, 0.0], [0.010752688172043012, 0.11413395517554087, 0.4566653711620676, 0.2874724705272704, 0.09133307423241352, 0.03964244073066459], [0.06340819022457067, 0.2393659180977543, 0.4396301188903567, 0.1772787318361955, 0.047291941875825624, 0.03302509907529723], [0.2633333333333333, 0.38333333333333336, 0.24333333333333335, 0.07, 0.04, 0.0], [0.04048117154811715, 0.2087866108786611, 0.420397489539749, 0.2168410041841004, 0.07489539748953974, 0.03859832635983264], [0.007751937984496124, 0.04614248800295312, 0.262827611664821, 0.3536360280546327, 0.19748984865263935, 0.13215208564045774], [0.04120700843608047, 0.19695003244646334, 0.43575600259571706, 0.24205061648280338, 0.06132381570408826, 0.0227125243348475], [0.05399449035812672, 0.30009182736455464, 0.46831955922865015, 0.1370064279155188, 0.0317722681359045, 0.008815426997245178], [0.023681936041486603, 0.17579948141745894, 0.4662057044079516, 0.2544511668107174, 0.05773552290406223, 0.02212618841832325], [0.023089545241443975, 0.13455227379278012, 0.41432255039849974, 0.3080168776371308, 0.08720112517580872, 0.032817627754336616], [0.010533707865168539, 0.11914794007490637, 0.44030898876404495, 0.3089887640449438, 0.0898876404494382, 0.031132958801498127], [0.03251028806584362, 0.15596707818930042, 0.42304526748971194, 0.25349794238683127, 0.08888888888888889, 0.04609053497942387], [0.027642636001769128, 0.20853604599734632, 0.46063688633348077, 0.21340114993365766, 0.06280406899601947, 0.02697921273772667], [0.019548872180451128, 0.1548872180451128, 0.4619883040935672, 0.2760233918128655, 0.06315789473684211, 0.024394319131161236], [0.0990990990990991, 0.18018018018018017, 0.3783783783783784, 0.18018018018018017, 0.07207207207207207, 0.09009009009009009], [0.012732615083251714, 0.10651322233104799, 0.49657198824681686, 0.2781586679725759, 0.08263956904995103, 0.023383937316356514], [0.007979971835393522, 0.06477859489907682, 0.36066343295258957, 0.369895165075888, 0.14051009231732123, 0.05617274291973087], [0.015681288408561134, 0.09271031998304725, 0.36670904852723035, 0.3720067810976902, 0.11888111888111888, 0.03401144310235219], [0.021996615905245348, 0.17089678510998307, 0.5177664974619289, 0.2521150592216582, 0.0338409475465313, 0.00338409475465313], [0.00936768149882904, 0.08457935507115835, 0.30426950099081246, 0.38884885606197084, 0.1678976760943974, 0.04503693028283192], [0.011232746311280342, 0.14059971442170396, 0.5315564017134697, 0.2637791527843884, 0.043598286530223705, 0.009233698238933842], [0.014079333986287954, 0.10688050930460333, 0.4729431929480901, 0.30276689520078354, 0.08496571988246816, 0.018364348677766894], [0.007108660960394603, 0.09690990860293051, 0.4339184680110257, 0.3169882489482083, 0.0986508051646598, 0.046423908312781086], [0.06376811594202898, 0.23478260869565218, 0.42137681159420287, 0.2144927536231884, 0.04673913043478261, 0.01884057971014493], [0.04700579523502898, 0.16677398583386993, 0.44108177720540886, 0.26142949130714743, 0.05988409529942048, 0.023824855119124275], [0.030693499348487044, 0.2037063848269871, 0.5029680034747358, 0.19516432604604025, 0.0502388880845519, 0.017228898219197916], [0.018074912891986063, 0.12129790940766551, 0.3952526132404181, 0.2933362369337979, 0.10605400696864112, 0.06598432055749129], [0.01437829080599433, 0.15228837586067234, 0.4639530174159579, 0.2756176589712434, 0.0694613203726205, 0.024301336573511544], [0.019006422860138945, 0.1765631144317735, 0.5270677677284048, 0.21981911128588283, 0.04705728142613711, 0.010486302267662865], [0.01725952431067144, 0.14144390654599032, 0.493159334876868, 0.2536308145653547, 0.06609134918964428, 0.02841507051147127], [0.01760289930106135, 0.1105358529640176, 0.42298731555785657, 0.31115713176287857, 0.10276986797825524, 0.034946932435930625], [0.010509870756994746, 0.14585996307342708, 0.4546229228802727, 0.26629740093736687, 0.08166453628745916, 0.041045306064479474], [0.009009009009009009, 0.11145165784341042, 0.3391845453701124, 0.38757314015045974, 0.11535246586792978, 0.03742918175907867], [0.008482563619227144, 0.11192271442035816, 0.5, 0.30878887841658814, 0.060320452403393024, 0.010485391140433554], [0.1803921568627451, 0.30196078431372547, 0.396078431372549, 0.07058823529411765, 0.050980392156862744, 0.0]]}}}, "eu": {"histType": {"histogram": {"labels": ["0", "100", "200", "300", "400", "500", "600", "700", "800", "900", "1000", "1100", "1200", "1300", "1400", "1500", "1600", "1700", "1800", "1900", "2000", "2100", "2200", "2300", "2400", "2500", "2600", "2700", "2800", "2900", "3000", "3100", "3200"], "data": [[0.0, 0.0, 0.004098360655737705, 0.0, 0.0, 0.00819672131147541, 0.01639344262295082, 0.01639344262295082, 0.040983606557377046, 0.045081967213114756, 0.06557377049180328, 0.06557377049180328, 0.06147540983606557, 0.11885245901639344, 0.14344262295081966, 0.11065573770491803, 0.0942622950819672, 0.0778688524590164, 0.040983606557377046, 0.028688524590163935, 0.012295081967213115, 0.020491803278688523, 0.004098360655737705, 0.004098360655737705, 0.01639344262295082, 0.004098360655737705, 0.0, 0.0, 0.0, 0.0, 0.0, 0.0, 0.0], [0.0, 0.0, 0.00044365572315882877, 0.0013309671694764862, 0.0008873114463176575, 0.003105590062111801, 0.0048802129547471165, 0.00709849157054126, 0.01730257320319432, 0.022182786157941437, 0.03194321206743567, 0.048802129547471165, 0.06388642413487133, 0.07630878438331855, 0.12067435669920142, 0.1126885536823425, 0.1512866015971606, 0.08606921029281278, 0.145075421472937, 0.04259094942324756, 0.02085181898846495, 0.021739130434782608, 0.005767524401064774, 0.0044365572315882874, 0.006654835847382431, 0.0013309671694764862, 0.0008873114463176575, 0.001774622892635315, 0.0, 0.0, 0.0, 0.0, 0.0], [0.0, 0.0, 0.0, 0.00014257199885942402, 0.00014257199885942402, 0.00014257199885942402, 0.00028514399771884804, 0.0012831479897348161, 0.002708867978329056, 0.003849443969204448, 0.008696891930424864, 0.014257199885942401, 0.019674935842600515, 0.026090675791274595, 0.04433989164528087, 0.06045052751639578, 0.11861990305104078, 0.1015112631879099, 0.2630453378956373, 0.08867978329056174, 0.0641573994867408, 0.08354719133162247, 0.02979754776161962, 0.01454234388366125, 0.03022526375819789, 0.010550327915597377, 0.005417735956658112, 0.00285143997718848, 0.001710863986313088, 0.001710863986313088, 0.001568291987453664, 0.0, 0.0], [0.0, 0.0, 0.0, 0.00012088974854932302, 0.00012088974854932302, 0.00024177949709864604, 0.0008462282398452611, 0.002538684719535783, 0.0032640232108317214, 0.007857833655705996, 0.016078336557059963, 0.024177949709864602, 0.031914893617021274, 0.0425531914893617, 0.06926982591876209, 0.09127176015473888, 0.1497823984526112, 0.11847195357833655, 0.20611702127659576, 0.08365570599613152, 0.05367504835589942, 0.058752417794970986, 0.015111218568665378, 0.006890715667311412, 0.010396518375241779, 0.0033849129593810446, 0.0010880077369439071, 0.00036266924564796907, 0.0010880077369439071, 0.0008462282398452611, 0.00012088974854932302, 0.0, 0.0], [0.0, 0.0, 0.0, 0.0, 0.0, 0.018018018018018018, 0.02702702702702703, 0.04504504504504504, 0.04504504504504504, 0.02702702702702703, 0.07207207207207207, 0.09009009009009009, 0.036036036036036036, 0.02702702702702703, 0.08108108108108109, 0.14414414414414414, 0.06306306306306306, 0.0990990990990991, 0.06306306306306306, 0.05405405405405406, 0.04504504504504504, 0.0, 0.018018018018018018, 0.009009009009009009, 0.02702702702702703, 0.009009009009009009, 0.0, 0.0, 0.0, 0.0, 0.0, 0.0, 0.0], [0.0, 0.00013063357282821686, 0.00013063357282821686, 0.0002612671456564337, 0.00039190071848465056, 0.00013063357282821686, 0.00039190071848465056, 0.0015676028739386022, 0.0030045721750489875, 0.005617243631613324,