{"region": {"us": {"histType": {"histogram": {"labels": ["0", "100", "200", "300", "400", "500", "600", "700", "800", "900", "1000", "1100", "1200", "1300", "1400", "1500", "1600", "1700", "1800", "1900", "2000", "2100", "2200", "2300", "2400", "2500", "2600", "2700", "2800", "2900", "3000", "3100", "3200"], "data": [[0.0, 0.0, 0.002797202797202797, 0.005594405594405594, 0.004195804195804196, 0.006993006993006993, 0.012587412587412588, 0.013986013986013986, 0.03636363636363636, 0.04895104895104895, 0.08251748251748252, 0.1020979020979021, 0.11748251748251748, 0.13286713286713286, 0.13286713286713286, 0.0993006993006993, 0.06713286713286713, 0.04195804195804196, 0.043356643356643354, 0.016783216783216783, 0.013986013986013986, 0.008391608391608392, 0.004195804195804196, 0.005594405594405594, 0.0, 0.0, 0.0, 0.0, 0.0, 0.0, 0.0, 0.0, 0.0], [0.0, 0.00025516713447307985, 0.00025516713447307985, 0.00025516713447307985, 0.0010206685378923194, 0.002041337075784639, 0.0048481755549885175, 0.009441183975503956, 0.015820362337330952, 0.028833886195458024, 0.03853023730543506, 0.05511610104618525, 0.0824189844348048, 0.09415667262056647, 0.13013523858127074, 0.1367695840775708, 0.14391426384281705, 0.08343965297269712, 0.10410819086501659, 0.033426894615973465, 0.01709619800969635, 0.006634345496300076, 0.004082674151569278, 0.0028068384792038787, 0.0012758356723653994, 0.0015310028068384791, 0.0010206685378923194, 0.0007655014034192396, 0.0, 0.0, 0.0, 0.0, 0.0], [0.00012084592145015106, 0.0, 0.0, 0.00024169184290030211, 0.00024169184290030211, 0.00024169184290030211, 0.00024169184290030211, 0.0006042296072507553, 0.002416918429003021, 0.0035045317220543807, 0.005075528700906344, 0.007009063444108761, 0.011842900302114804, 0.01909365558912387, 0.02525679758308157, 0.03746223564954683, 0.08773413897280967, 0.16253776435045317, 0.36966767371601206, 0.08785498489425982, 0.05220543806646526, 0.06066465256797583, 0.023444108761329307, 0.009667673716012085, 0.01933534743202417, 0.006404833836858006, 0.002416918429003021, 0.004108761329305136, 0.00012084592145015106, 0.00048338368580060423, 0.0, 0.0, 0.0], [0.0, 0.0, 0.0, 0.0, 0.000117813383600377, 0.0, 0.000824693685202639, 0.001767200754005655, 0.00471253534401508, 0.00789349670122526, 0.011663524976437323, 0.012841658812441094, 0.02556550424128181, 0.02792177191328935, 0.042177191328934965, 0.049835061262959474, 0.07045240339302544, 0.041941564561734215, 0.2674363807728558, 0.15539585296889727, 0.08989161168708765, 0.09849198868991517, 0.032752120640904804, 0.01378416588124411, 0.028157398680490105, 0.006833176248821867, 0.00471253534401508, 0.002002827521206409, 0.002827521206409048, 0.0, 0.0, 0.0, 0.0], [0.0, 0.0, 0.0, 0.0, 0.010362694300518135, 0.0051813471502590676, 0.031088082901554404, 0.025906735751295335, 0.05699481865284974, 0.05181347150259067, 0.07253886010362694, 0.08808290155440414, 0.10362694300518134, 0.11398963730569948, 0.09326424870466321, 0.10362694300518134, 0.07772020725388601, 0.031088082901554404, 0.06217616580310881, 0.031088082901554404, 0.03626943005181347, 0.0051813471502590676, 0.0, 0.0, 0.0, 0.0, 0.0, 0.0, 0.0, 0.0, 0.0, 0.0, 0.0], [0.0, 0.0, 0.0, 0.0, 0.0, 0.0, 0.0, 0.0014092140921409214, 0.0013008130081300813, 0.004769647696476965, 0.007262872628726287, 0.011382113821138212, 0.021463414634146343, 0.06872628726287262, 0.12303523035230353, 0.14948509485094852, 0.17734417344173442, 0.11056910569105691, 0.14883468834688346, 0.05582655826558266, 0.03295392953929539, 0.03956639566395664, 0.014850948509485096, 0.008021680216802168, 0.012140921409214092, 0.004769647696476965, 0.002926829268292683, 0.0014092140921409214, 0.0013008130081300813, 0.0006504065040650406, 0.0, 0.0, 0.0], [0.0, 0.0, 0.0004086636697997548, 0.0022476501838986514, 0.0016346546791990192, 0.003473641193297916, 0.006947282386595832, 0.012872905598692277, 0.019207192480588477, 0.03596240294237842, 0.05026563138536984, 0.06906416019615856, 0.09358398038414385, 0.1129955046996322, 0.12219043727012668, 0.11973845525132816, 0.11994278708622803, 0.06661217817736004, 0.07294646505925623, 0.028402125051082958, 0.017572537801389457, 0.015529219452390683, 0.008377605230894973, 0.004903964037597058, 0.006129955046996322, 0.0036779730281977932, 0.002451982018798529, 0.0014303228442991418, 0.001021659174499387, 0.0002043318348998774, 0.0002043318348998774, 0.0, 0.0], [0.0027100271002710027, 0.0027100271002710027, 0.0, 0.008130081300813009, 0.005420054200542005, 0.018970189701897018, 0.013550135501355014, 0.03523035230352303, 0.056910569105691054, 0.12466124661246612, 0.11653116531165311, 0.13008130081300814, 0.1002710027100271, 0.1111111111111111, 0.06775067750677506, 0.07046070460704607, 0.051490514905149054, 0.013550135501355014, 0.02168021680216802, 0.032520325203252036, 0.01084010840108401, 0.0027100271002710027, 0.0027100271002710027, 0.0, 0.0, 0.0, 0.0, 0.0, 0.0, 0.0, 0.0, 0.0, 0.0], [0.00021461530207103768, 0.00021461530207103768, 0.00042923060414207535, 0.0003219229531065565, 0.0005365382551775941, 0.001287691812426226, 0.0016096147655327824, 0.004399613692456272, 0.0075115355724863185, 0.016096147655327825, 0.025539220946453483, 0.03401652537825947, 0.040991522695568196, 0.045820366992166545, 0.05665843974675394, 0.0666380512930572, 0.20356261401437922, 0.13402725614336303, 0.14604571305934114, 0.06502843652752441, 0.042923060414207535, 0.042601137461100974, 0.021783453160210322, 0.01287691812426226, 0.018134993025002683, 0.005150767249704904, 0.0021461530207103766, 0.0030046142289945274, 0.00042923060414207535, 0.0, 0.0, 0.0, 0.0], [0.0, 0.0, 0.0, 0.0, 0.0003965107057890563, 0.0007930214115781126, 0.0011895321173671688, 0.0015860428231562252, 0.0023790642347343376, 0.009119746233148296, 0.013084853291038858, 0.01586042823156225, 0.022204599524187154, 0.0380650277557494, 0.061459159397303724, 0.0789056304520222, 0.10507533703409992, 0.0880253766851705, 0.17763679619349723, 0.06859635210150675, 0.07375099127676447, 0.0979381443298969, 0.04401268834258525, 0.016653449643140365, 0.04639175257731959, 0.013481363996827915, 0.011895321173671689, 0.007930214115781126, 0.0027755749405233942, 0.0007930214115781126, 0.0, 0.0, 0.0], [0.0, 0.0, 0.00017885888034340904, 0.0, 0.0008942944017170453, 0.0005365766410302271, 0.0012520121624038634, 0.004471472008585226, 0.008585226256483634, 0.014487569307816132, 0.021284206760865676, 0.02986943301734931, 0.05383652298336612, 0.06313718476122339, 0.10141298515471293, 0.1250223573600429, 0.15292434269361474, 0.09658379538544089, 0.14416025755678769, 0.06188517259881953, 0.03791808263280272, 0.03720264711142908, 0.012877839384725451, 0.008406367376140225, 0.013593274906099087, 0.0033983187265247718, 0.0026828832051511357, 0.0014308710427472723, 0.0019674476837774997, 0.0, 0.0, 0.0, 0.0], [0.0, 0.0, 0.00043680838672102506, 0.00043680838672102506, 0.00043680838672102506, 0.0033488642981945255, 0.0064065230052417, 0.0128130460104834, 0.02125800815375655, 0.03669190448456611, 0.05955154338963308, 0.07469423412929528, 0.09769947582993593, 0.11939429237041352, 0.13905066977285963, 0.12070471753057659, 0.10264997087944089, 0.05955154338963308, 0.06173558532323821, 0.026790914385556204, 0.018345952242283053, 0.015288293535235876, 0.008008153756552125, 0.004222481071636575, 0.003931275480489225, 0.0036400698893418754, 0.00145602795573675, 0.00029120559114735004, 0.0011648223645894002, 0.0, 0.0, 0.0, 0.0], [0.0, 0.0, 0.0, 0.0, 0.00012833675564681725, 0.000513347022587269, 0.0016683778234086242, 0.002053388090349076, 0.004363449691991786, 0.005261806981519507, 0.013090349075975359, 0.019250513347022588, 0.027592402464065708, 0.0334958932238193, 0.047741273100616016, 0.044147843942505136, 0.22484599589322382, 0.15438911704312114, 0.2149640657084189, 0.07546201232032854, 0.0401694045174538, 0.041837782340862426, 0.01629876796714579, 0.010651950718685832, 0.013603696098562629, 0.0037217659137577003, 0.0017967145790554414, 0.001026694045174538, 0.0019250513347022586, 0.0, 0.0, 0.0, 0.0], [0.00021119324181626187, 0.0, 0.0, 0.00010559662090813094, 0.00010559662090813094, 0.00031678986272439284, 0.0012671594508975714, 0.0015839493136219642, 0.004329461457233369, 0.01013727560718057, 0.016261879619852166, 0.018690601900739175, 0.0249208025343189, 0.06409714889123548, 0.14213305174234425, 0.14994720168954592, 0.17085533262935587, 0.10960929250263991, 0.13526927138331574, 0.05374868004223865, 0.03009503695881732, 0.03146779303062302, 0.011826821541710665, 0.005491024287222809, 0.009292502639915523, 0.0028511087645195356, 0.0019007391763463568, 0.00221752903907075, 0.0005279831045406547, 0.0006335797254487857, 0.00010559662090813094, 0.0, 0.0], [0.0, 0.0, 0.0, 0.0001820498816675769, 0.0005461496450027307, 0.0001820498816675769, 0.0012743491716730383, 0.0018204988166757691, 0.004005097396686692, 0.006917895503367923, 0.014563990533406153, 0.025304933551793193, 0.04423812124522119, 0.0655379574003277, 0.0963043874021482, 0.11869652284726015, 0.15892954669579465, 0.11687602403058438, 0.1523757509557619, 0.06990715456034953, 0.0433278718368833, 0.03677407609685054, 0.015474239941744038, 0.006007646095030038, 0.010558893136719462, 0.004551247041689423, 0.0029127981066812306, 0.0009102494083378846, 0.0009102494083378846, 0.0009102494083378846, 0.0, 0.0, 0.0], [0.0, 0.0, 0.000250501002004008, 0.000250501002004008, 0.0017535070140280561, 0.003256513026052104, 0.001503006012024048, 0.005511022044088177, 0.011272545090180362, 0.01778557114228457, 0.030561122244488977, 0.04659318637274549, 0.0658817635270541, 0.09243486973947895, 0.11497995991983968, 0.1287575150300601, 0.1310120240480962, 0.09619238476953908, 0.10220440881763528, 0.045591182364729456, 0.02930861723446894, 0.030811623246492986, 0.014028056112224449, 0.006513026052104208, 0.012525050100200401, 0.005511022044088177, 0.0022545090180360722, 0.0027555110220440883, 0.000250501002004008, 0.000250501002004008, 0.0, 0.0, 0.0], [0.00018744142455482662, 0.0, 0.0005623242736644799, 0.0013120899718837863, 0.0005623242736644799, 0.0013120899718837863, 0.003373945641986879, 0.007122774133083412, 0.011808809746954077, 0.020243673851921273, 0.03223992502343018, 0.05304592314901593, 0.07441424554826617, 0.10253045923149016, 0.1246485473289597, 0.12839737582005623, 0.13626991565135896, 0.07947516401124649, 0.11321462043111527, 0.03880037488284911, 0.02286785379568885, 0.02286785379568885, 0.009934395501405811, 0.004498594189315839, 0.005060918462980318, 0.0018744142455482662, 0.0005623242736644799, 0.0013120899718837863, 0.0013120899718837863, 0.00018744142455482662, 0.0, 0.0, 0.0], [0.0, 0.0, 0.00012701638511367967, 0.00025403277022735933, 0.00038104915534103897, 0.00025403277022735933, 0.0007620983106820779, 0.0016512130064778357, 0.002667344087387273, 0.006350819255683983, 0.012447605741140608, 0.014225835132732123, 0.027689571954782166, 0.03378635844023879, 0.14632287565095897, 0.15724628477073543, 0.17439349676108218, 0.11190143528515178, 0.17515559507176426, 0.047250095262288835, 0.025149244252508574, 0.02908675219103264, 0.010288327194208052, 0.006350819255683983, 0.008510097802616537, 0.0031754096278419916, 0.0012701638511367966, 0.0010161310809094373, 0.001905245776705195, 0.00038104915534103897, 0.0, 0.0, 0.0], [0.0, 0.0, 0.0, 0.00625, 0.00625, 0.00625, 0.0, 0.01875, 0.05, 0.09375, 0.0625, 0.08125, 0.075, 0.0625, 0.04375, 0.125, 0.0875, 0.08125, 0.0375, 0.04375, 0.05, 0.0125, 0.03125, 0.0, 0.00625, 0.00625, 0.0, 0.0125, 0.0, 0.0, 0.0, 0.0, 0.0], [0.000225022502250225, 0.0001125112511251125, 0.0, 0.0, 0.0, 0.0001125112511251125, 0.000225022502250225, 0.0010126012601260127, 0.0022502250225022503, 0.004612961296129613, 0.007313231323132313, 0.010013501350135014, 0.021602160216021602, 0.0297029702970297, 0.05130513051305131, 0.15897839783978399, 0.22783528352835283, 0.14885238523852384, 0.15515301530153014, 0.06503150315031503, 0.037803780378037805, 0.03769126912691269, 0.01338883888388839, 0.006975697569756975, 0.011026102610261027, 0.004050405040504051, 0.0019126912691269126, 0.0022502250225022503, 0.0005625562556255626, 0.0, 0.0, 0.0, 0.0], [0.0, 0.0, 0.0, 0.0001221597849987784, 0.0, 0.0001221597849987784, 0.0009772782799902272, 0.0003664793549963352, 0.001221597849987784, 0.002198876129978011, 0.004519912044954801, 0.006840947959931591, 0.011116540434888834, 0.015758612264842414, 0.027363791839726363, 0.10322501832396774, 0.18983630588810163, 0.15147813339848523, 0.21414610310285853, 0.09149767896408502, 0.05802589787441974, 0.05729293916442707, 0.01991204495480088, 0.010750061079892499, 0.019545565599804544, 0.0070852675299291476, 0.0034204739799657954, 0.0008551184949914489, 0.0015880772049841193, 0.0002443195699975568, 0.0004886391399951136, 0.0, 0.0], [0.0001997802417340925, 9.989012086704625e-05, 0.0, 0.0001997802417340925, 0.0001997802417340925, 0.0005993407252022775, 0.00079912096693637, 0.0017980221756068325, 0.0029967036260113876, 0.005493956647687544, 0.009889121965837579, 0.013485166317051244, 0.017480771151733094, 0.024672859854160425, 0.033463190490460495, 0.14194386175207271, 0.16811507341923884, 0.13894715812606134, 0.19019079013085605, 0.08530616322045749, 0.05154330236739586, 0.05713714913595046, 0.021376485865547898, 0.011087803416242133, 0.014284287283987614, 0.004395165318150035, 0.00239736290080911, 0.0014983518130056938, 0.000399560483468185, 0.0, 0.0, 0.0, 0.0], [0.0, 0.0, 0.0, 0.001447178002894356, 0.001447178002894356, 0.0, 0.0, 0.00723589001447178, 0.00723589001447178, 0.005788712011577424, 0.013024602026049204, 0.02604920405209841, 0.04341534008683068, 0.08683068017366136, 0.12301013024602026, 0.1736613603473227, 0.17221418234442837, 0.12445730824891461, 0.12011577424023155, 0.049204052098408106, 0.023154848046309694, 0.013024602026049204, 0.001447178002894356, 0.00723589001447178, 0.0, 0.0, 0.0, 0.0, 0.0, 0.0, 0.0, 0.0, 0.0], [0.0, 0.0, 0.0, 9.381743127873159e-05, 0.0, 9.381743127873159e-05, 0.00028145229383619476, 0.0007505394502298527, 0.0016887137630171687, 0.004878506426494043, 0.007317759639741064, 0.012290083497513838, 0.021484191762829535, 0.02776995965850455, 0.04024767801857585, 0.04775307252087438, 0.08696875879538418, 0.16915282859555306, 0.28492353879350785, 0.09663195421709353, 0.05919879913687963, 0.07561684961065766, 0.019701660568533633, 0.010319917440660475, 0.020358382587484753, 0.005159958720330237, 0.0025330706445257528, 0.002251618350689558, 0.00234543578196829, 0.00018763486255746317, 0.0, 0.0, 0.0], [0.000100999899000101, 0.000100999899000101, 0.000100999899000101, 0.0, 0.000302999697000303, 0.000302999697000303, 0.000302999697000303, 0.000908999091000909, 0.001110998889001111, 0.005251994748005252, 0.009594990405009595, 0.01918998081001919, 0.031915968084031916, 0.04474295525704474, 0.06373093626906373, 0.07514392485607514, 0.09443490556509443, 0.20947379052620949, 0.2318957681042319, 0.0918089081910918, 0.04645995354004646, 0.04181395818604181, 0.014947985052014948, 0.006463993536006464, 0.004241995758004242, 0.001817998182001818, 0.003433996566003434, 0.000403999596000404, 0.0, 0.0, 0.0, 0.0, 0.0], [0.0, 0.00011037527593818985, 0.0, 0.00011037527593818985, 0.00011037527593818985, 0.00033112582781456954, 0.0007726269315673289, 0.0017660044150110375, 0.002317880794701987, 0.004415011037527594, 0.008719646799116998, 0.0141280353200883, 0.05132450331125828, 0.08498896247240618, 0.11390728476821192, 0.14083885209713023, 0.15838852097130243, 0.11445916114790287, 0.13830022075055187, 0.0619205298013245, 0.03818984547461369, 0.03377483443708609, 0.0141280353200883, 0.006181015452538631, 0.005739514348785872, 0.0024282560706401766, 0.0013245033112582781, 0.0013245033112582781, 0.0, 0.0, 0.0, 0.0, 0.0], [0.0, 0.0, 0.0, 0.0, 0.00024257125530624622, 0.0, 0.0008489993935718618, 0.002425712553062462, 0.004972710733778047, 0.008004851425106124, 0.016737416616130988, 0.025469981807155852, 0.042692540933899334, 0.06791995148574893, 0.10382049727107338, 0.12613705275924803, 0.15342631898120074, 0.09812007277137659, 0.16628259551243177, 0.059308671922377196, 0.03650697392359006, 0.03796240145542753, 0.01600970285021225, 0.006306852637962402, 0.012371134020618556, 0.004851425106124924, 0.004002425712553062, 0.002425712553062462, 0.0019405700424499697, 0.00048514251061249243, 0.0007277137659187386, 0.0, 0.0], [0.0, 0.00017412502176562773, 0.00017412502176562773, 0.00017412502176562773, 0.0010447501305937664, 0.0010447501305937664, 0.0017412502176562773, 0.002611875326484416, 0.005572000696500087, 0.017760752220094028, 0.04213825526728191, 0.060073132509141564, 0.07905275988159499, 0.10517151314643915, 0.1257182657147832, 0.11840501480062685, 0.14678739334842417, 0.07765975970746997, 0.11387776423472053, 0.02977537872192234, 0.023855127981891, 0.0207208775901097, 0.00853212606651576, 0.004527250565906321, 0.0071391258923907365, 0.0020895002611875328, 0.0020895002611875328, 0.00017412502176562773, 0.0010447501305937664, 0.0008706251088281386, 0.0, 0.0, 0.0], [0.0, 0.0, 0.0, 0.000727802037845706, 0.0009704027171276079, 0.002183406113537118, 0.0038816108685104317, 0.006792819019893256, 0.013585638039786511, 0.015283842794759825, 0.026443474041727318, 0.04294032023289665, 0.05361475012130034, 0.08199902959728288, 0.12348374575448812, 0.13124696749150896, 0.14944201843765162, 0.09606986899563319, 0.1101407083939835, 0.048520135856380396, 0.02789907811741873, 0.022561863173216887, 0.012372634643377001, 0.009461426491994178, 0.008733624454148471, 0.003153808830664726, 0.002668607472100922, 0.003396409509946628, 0.001455604075691412, 0.0009704027171276079, 0.0, 0.0, 0.0], [0.00022535211267605634, 0.0, 0.0, 0.0, 0.0004507042253521127, 0.0004507042253521127, 0.0016901408450704226, 0.0033802816901408453, 0.0049577464788732395, 0.009577464788732394, 0.017464788732394366, 0.04135211267605634, 0.08450704225352113, 0.11977464788732395, 0.14692957746478874, 0.1508732394366197, 0.13814084507042254, 0.08022535211267606, 0.09588732394366198, 0.03425352112676056, 0.020845070422535212, 0.024450704225352112, 0.009014084507042254, 0.00428169014084507, 0.007211267605633803, 0.0022535211267605635, 0.0005633802816901409, 0.0009014084507042254, 0.00011267605633802817, 0.00022535211267605634, 0.0, 0.0, 0.0], [0.0, 0.0, 0.0, 0.00028534741047224997, 0.00014267370523612499, 0.00014267370523612499, 0.0014267370523612499, 0.00042802111570837496, 0.00199743187330575, 0.0045655585675559995, 0.007419032672278499, 0.009131117135111999, 0.014552717934084749, 0.06206306177771437, 0.11442431159937223, 0.13896418889998574, 0.17391924668283634, 0.11114281637894136, 0.16650021401055787, 0.059209587672991865, 0.03709516336139249, 0.040804679697531744, 0.018832929091168498, 0.00827507490369525, 0.014267370523612499, 0.0047082322727921245, 0.0048509059780282495, 0.0022827792837779998, 0.0017120844628334998, 0.0005706948209444999, 0.00028534741047224997, 0.0, 0.0], [0.0, 0.0, 0.00017364125716270185, 0.0003472825143254037, 0.0010418475429762111, 0.0013891300573016148, 0.002257336343115124, 0.00468831394339295, 0.007640215315158882, 0.01805869074492099, 0.030387220003472826, 0.04184754297621115, 0.06806737280777912, 0.09133530126758117, 0.11686056607049836, 0.13231463795797882, 0.14499044973085606, 0.08994617121027956, 0.12397985761416913, 0.04479944434797708, 0.02708803611738149, 0.022226080916825836, 0.010418475429762111, 0.004514672686230248, 0.005556520229206459, 0.001215488800138913, 0.002257336343115124, 0.003820107657579441, 0.002604618857440528, 0.00017364125716270185, 0.0, 0.0, 0.0], [0.00011956001912960307, 0.0, 0.0, 0.0, 0.00011956001912960307, 0.0010760401721664275, 0.0007173601147776184, 0.0023912003825920613, 0.0028694404591104736, 0.00585844093735055, 0.013749402199904353, 0.021520803443328552, 0.03479196556671449, 0.04232424677187949, 0.05703012912482066, 0.11669057867049258, 0.21030607364897178, 0.14992826398852224, 0.1606886657101865, 0.07233381157340985, 0.04519368723098996, 0.03311812529890005, 0.013390722142515544, 0.005380200860832138, 0.005619320899091344, 0.0020325203252032522, 0.002271640363462458, 0.0003586800573888092, 0.00011956001912960307, 0.0, 0.0, 0.0, 0.0], [0.0, 0.0, 0.0, 0.00015137753557372085, 0.00015137753557372085, 0.00045413260672116256, 0.0006055101422948834, 0.0016651528913109294, 0.0025734181047532547, 0.005752346351801393, 0.023766273085074174, 0.03330305782621859, 0.06857402361489555, 0.09733575537390252, 0.13321223130487436, 0.14638207689978808, 0.15622161671207993, 0.1030881017257039, 0.11005146836209506, 0.04223433242506812, 0.025582803511958824, 0.01983045716015743, 0.009688162276718135, 0.004541326067211626, 0.007114744171964881, 0.0025734181047532547, 0.0027247956403269754, 0.0012110202845897668, 0.0012110202845897668, 0.0, 0.0, 0.0, 0.0], [0.0, 0.0, 0.0, 0.00015610365282547612, 0.0, 0.0004683109584764284, 0.0009366219169528567, 0.0009366219169528567, 0.0023415547923821417, 0.0017171401810802372, 0.005307524196066188, 0.010615048392132375, 0.04011863877614736, 0.06415860131127069, 0.09256946612550734, 0.11817046518888542, 0.15579144551982516, 0.10958476428348424, 0.179675304402123, 0.0699344364658133, 0.04136746799875117, 0.046362784889166404, 0.02013737121448642, 0.011083359350608805, 0.015922572588198562, 0.006400249765844521, 0.00280986575085857, 0.0007805182641273806, 0.0023415547923821417, 0.00031220730565095225, 0.0, 0.0, 0.0], [0.0, 0.0, 0.00011743981209630065, 0.0, 0.0002348796241926013, 0.00035231943628890195, 0.00035231943628890195, 0.001291837933059307, 0.0009395184967704052, 0.0034057545507927187, 0.006694069289489137, 0.016206694069289488, 0.026776277157956548, 0.044744568408690545, 0.055314151497357605, 0.15854374633000587, 0.1819142689371697, 0.11015854374633001, 0.18167938931297709, 0.06459189665296536, 0.04380504991192014, 0.039812096300645916, 0.023253082795067527, 0.012213740458015267, 0.01644157369348209, 0.004345273047563124, 0.002935995302407516, 0.001996476805637111, 0.0010569583088667059, 0.0008220786846741045, 0.0, 0.0, 0.0], [0.0, 0.0, 0.0, 0.0, 9.607993850883935e-05, 9.607993850883935e-05, 9.607993850883935e-05, 0.0008647194465795542, 0.0018255188316679478, 0.004900076863950807, 0.00893543428132206, 0.01671790930053805, 0.02786318216756341, 0.0361260568793236, 0.05409300538047656, 0.05774404304381245, 0.07071483474250577, 0.0766717909300538, 0.3303228285933897, 0.11481552651806302, 0.06533435818601076, 0.07263643351268255, 0.018639508070714836, 0.00893543428132206, 0.019792467332820907, 0.004996156802459646, 0.0030745580322828594, 0.002498078401229823, 0.0018255188316679478, 0.0003843197540353574, 0.0, 0.0, 0.0], [0.0, 0.0, 0.0, 0.0, 0.0, 0.0001029230135858378, 0.0005146150679291889, 0.003087690407575134, 0.005454919720049403, 0.009880609304240428, 0.018423219431864965, 0.03406751749691231, 0.051358583779333056, 0.07770687525730753, 0.11527377521613832, 0.13771099217785096, 0.17435158501440923, 0.10940716344174557, 0.15356113627006998, 0.0468299711815562, 0.02326060107039934, 0.02470152326060107, 0.006484149855907781, 0.0031906134211609717, 0.0023672293124742693, 0.0006175380815150268, 0.0008233841086867024, 0.0005146150679291889, 0.0003087690407575134, 0.0, 0.0, 0.0, 0.0], [0.0, 0.0029940119760479044, 0.0, 0.0029940119760479044, 0.005988023952095809, 0.020958083832335328, 0.020958083832335328, 0.038922155688622756, 0.08383233532934131, 0.059880239520958084, 0.05089820359281437, 0.07784431137724551, 0.08083832335329341, 0.11676646706586827, 0.11976047904191617, 0.10479041916167664, 0.08083832335329341, 0.04790419161676647, 0.041916167664670656, 0.014970059880239521, 0.011976047904191617, 0.008982035928143712, 0.0, 0.005988023952095809, 0.0, 0.0, 0.0, 0.0, 0.0, 0.0, 0.0, 0.0, 0.0]]}, "ranks": {"labels": ["Unranked", "Combatatent I", "Combatatent II", "Challenger I", "Challenger II", "Rival I", "Rival II", "Duelist", "Elite"], "data": [[0.13146853146853146, 0.18461538461538463, 0.25034965034965034, 0.23216783216783216, 0.10909090909090909, 0.055944055944055944, 0.01818181818181818, 0.01818181818181818, 0.0], [0.06277111508037765, 0.09364633835162031, 0.17657565705537126, 0.2669048226588415, 0.22735391681551417, 0.12350089308497066, 0.031130390405715743, 0.013523858127073234, 0.0045930084205154376], [0.007613293051359517, 0.012084592145015106, 0.03093655589123867, 0.0627190332326284, 0.2502719033232628, 0.41740181268882176, 0.09232628398791541, 0.09377643504531723, 0.03287009063444109], [0.015315739868049011, 0.024505183788878417, 0.05348727615457116, 0.09201225259189444, 0.11239396795475966, 0.3514373232799246, 0.16128652214891612, 0.1450282752120641, 0.04453345900094251], [0.18134715025906736, 0.16062176165803108, 0.21761658031088082, 0.19689119170984457, 0.10880829015544041, 0.09326424870466321, 0.03626943005181347, 0.0051813471502590676, 0.0], [0.0074796747967479675, 0.0186449864498645, 0.09018970189701897, 0.27252032520325203, 0.28791327913279136, 0.1805962059620596, 0.057018970189701895, 0.0624390243902439, 0.023197831978319785], [0.08275439313445035, 0.1193297915815284, 0.20657948508377605, 0.24192889252145483, 0.18655496526358806, 0.09092766653044544, 0.027993461381283204, 0.028810788720882715, 0.015120555782590927], [0.2682926829268293, 0.24661246612466126, 0.21138211382113822, 0.13821138211382114, 0.06504065040650407, 0.037940379403794036, 0.02710027100271003, 0.005420054200542005, 0.0], [0.03262152591479772, 0.05955574632471295, 0.08681188968773473, 0.12329649103981113, 0.3375898701577422, 0.18263762206245304, 0.07135958793862002, 0.07726150874557355, 0.028865758128554565], [0.015463917525773196, 0.02894528152260111, 0.06026962727993656, 0.14036478984932593, 0.19310071371927043, 0.21213322759714512, 0.10785091197462332, 0.1586042823156225, 0.08326724821570182], [0.03040600965837954, 0.051153639778214986, 0.11697370774458953, 0.22643534251475586, 0.2495081380790556, 0.18100518690752995, 0.06295832588087999, 0.05848685387229476, 0.023072795564299767], [0.08182877111240536, 0.13424577751892836, 0.21709376820034945, 0.2597553873034362, 0.16220151426907398, 0.07585905649388468, 0.03101339545719278, 0.027518928363424577, 0.010483401281304601], [0.01398870636550308, 0.03234086242299795, 0.061088295687885014, 0.09188911704312115, 0.379235112936345, 0.25834188911704314, 0.07225359342915812, 0.06878850102669405, 0.022073921971252568], [0.018057022175290392, 0.03495248152059134, 0.08901795142555438, 0.2920802534318902, 0.28046462513199577, 0.16578669482576558, 0.05332629355860612, 0.048785638859556495, 0.017529039070749736], [0.014928090296741307, 0.03986892408519935, 0.10977607864554888, 0.21500091024940834, 0.275805570726379, 0.1907882759876206, 0.07482250136537412, 0.05825596213362461, 0.02075368651010377], [0.04158316633266533, 0.07715430861723446, 0.15831663326653306, 0.2437374749498998, 0.22720440881763526, 0.12700400801603207, 0.050100200400801605, 0.051352705410821646, 0.023547094188376753], [0.046485473289597, 0.08528584817244611, 0.17694470477975632, 0.2530459231490159, 0.21574507966260545, 0.13720712277413308, 0.03767572633552015, 0.037300843486410495, 0.010309278350515464], [0.012447605741140608, 0.02667344087387273, 0.06147593039502096, 0.3035691604216944, 0.28629493204623396, 0.20208306871586434, 0.04547186587069732, 0.04572589864092468, 0.016258097294550997], [0.18125, 0.14375, 0.1375, 0.16875, 0.16875, 0.05625, 0.075, 0.04375, 0.025], [0.008550855085508551, 0.017326732673267328, 0.05130513051305131, 0.21028352835283529, 0.3766876687668767, 0.19385688568856885, 0.06413141314131413, 0.058055805580558055, 0.019801980198019802], [0.005008551184949915, 0.011360860004886392, 0.026875152699731248, 0.1305888101636941, 0.34131443928658683, 0.26459809430735404, 0.09907158563400928, 0.08795504519912045, 0.033227461519667725], [0.012386374987513734, 0.023374288282888823, 0.04215363100589352, 0.17540705224253322, 0.30706223154530016, 0.23723903705923485, 0.08980121865947457, 0.08960143841774049, 0.022974727799420638], [0.023154848046309694, 0.03907380607814761, 0.13024602026049203, 0.29667149059334297, 0.29667149059334297, 0.14905933429811866, 0.04341534008683068, 0.02170767004341534, 0.0], [0.0077868467961347216, 0.0196078431372549, 0.04925415142133408, 0.08800075053945022, 0.2561215873909372, 0.3415892672858617, 0.0991650248616193, 0.10563842761985177, 0.032836100947556054], [0.008483991516008484, 0.028784971215028786, 0.07665892334107666, 0.1388748611251389, 0.3039086960913039, 0.2833047166952833, 0.08685991314008686, 0.06322593677406323, 0.009897990102009898], [0.009933774834437087, 0.0228476821192053, 0.13631346578366446, 0.25474613686534214, 0.2728476821192053, 0.17339955849889624, 0.06501103752759382, 0.05408388520971302, 0.010816777041942605], [0.016494845360824743, 0.04220739842328684, 0.11061249241964827, 0.2299575500303214, 0.2515463917525773, 0.19721043056397816, 0.06488781079442087, 0.060278956943602184, 0.026804123711340205], [0.030297753787219224, 0.10221138777642347, 0.18422427302803412, 0.24412328051541007, 0.22444715305589413, 0.13024551628068953, 0.03726275465784433, 0.03378025422253178, 0.013407626675953334], [0.04342552159146046, 0.06938379427462397, 0.1356137797185832, 0.2547307132459971, 0.2455118874332848, 0.13731198447355653, 0.0492479378942261, 0.04439592430858806, 0.020378457059679767], [0.02073239436619718, 0.0588169014084507, 0.20428169014084507, 0.2978028169014085, 0.2183661971830986, 0.11447887323943662, 0.036507042253521124, 0.03774647887323944, 0.011267605633802818], [0.008988443429875873, 0.0165501498073905, 0.07661577971179911, 0.25338850049935796, 0.2850620630617777, 0.1987444713939221, 0.06406049365102012, 0.06791268369239549, 0.028677414752461123], [0.03559645771835388, 0.07223476297968397, 0.1594026740753603, 0.24917520402847718, 0.23493662094113563, 0.1501996874457371, 0.04566765063379059, 0.037159229032818195, 0.015627713144643167], [0.013151602104256336, 0.0352702056432329, 0.07711621233859398, 0.17372070779531323, 0.360234337637494, 0.20050215208034433, 0.07771401243424199, 0.05188904830224773, 0.010401721664275465], [0.011353315168029064, 0.057069330911292765, 0.16590977898879805, 0.2795943082046624, 0.25930971843778383, 0.13336360884044807, 0.04450499545867393, 0.0340599455040872, 0.014834998486224644], [0.006556353418669997, 0.015922572588198562, 0.10427724008741805, 0.21073993131439275, 0.2653762098033094, 0.21729628473306276, 0.07368092413362473, 0.07758351545426163, 0.02856696846706213], [0.006694069289489137, 0.022900763358778626, 0.07152084556664709, 0.21385789782736347, 0.2920728126834997, 0.2164415736934821, 0.0736347621843805, 0.07527891955372872, 0.02759835584263065], [0.007878554957724828, 0.025653343581860107, 0.06398923904688701, 0.11183704842428902, 0.14738662567255956, 0.39363950807071485, 0.11683320522674866, 0.10021137586471944, 0.03257109915449654], [0.019040757513379993, 0.052490736928777273, 0.1290654590366406, 0.2529847673939893, 0.2837587484561548, 0.18042404281597366, 0.043227665706051875, 0.034376286537669824, 0.004631535611362701], [0.23652694610778444, 0.12874251497005987, 0.19760479041916168, 0.2245508982035928, 0.12874251497005987, 0.04491017964071856, 0.023952095808383235, 0.014970059880239521, 0.0]]}, "ranksDetailed": {"labels": ["Unranked", "Combatatant", "Challenger", "Rival", "Duelist", "Elite"], "data": [[0.13146853146853146, 0.43496503496503497, 0.3412587412587413, 0.07412587412587412, 0.01818181818181818, 0.0], [0.06277111508037765, 0.2702219954069916, 0.4942587394743557, 0.1546312834906864, 0.013523858127073234, 0.0045930084205154376], [0.007613293051359517, 0.04302114803625378, 0.3129909365558912, 0.5097280966767371, 0.09377643504531723, 0.03287009063444109], [0.015315739868049011, 0.07799245994344958, 0.2044062205466541, 0.5127238454288408, 0.1450282752120641, 0.04453345900094251], [0.18134715025906736, 0.37823834196891193, 0.30569948186528495, 0.12953367875647667, 0.0051813471502590676, 0.0], [0.0074796747967479675, 0.10883468834688347, 0.5604336043360434, 0.23761517615176153, 0.0624390243902439, 0.023197831978319785], [0.08275439313445035, 0.32590927666530445, 0.4284838577850429, 0.11892112791172865, 0.028810788720882715, 0.015120555782590927], [0.2682926829268293, 0.45799457994579945, 0.2032520325203252, 0.06504065040650407, 0.005420054200542005, 0.0], [0.03262152591479772, 0.14636763601244768, 0.4608863611975534, 0.25399721000107306, 0.07726150874557355, 0.028865758128554565], [0.015463917525773196, 0.08921490880253767, 0.33346550356859633, 0.3199841395717684, 0.1586042823156225, 0.08326724821570182], [0.03040600965837954, 0.1681273475228045, 0.4759434805938115, 0.24396351278840994, 0.05848685387229476, 0.023072795564299767], [0.08182877111240536, 0.35133954571927783, 0.4219569015725102, 0.10687245195107746, 0.027518928363424577, 0.010483401281304601], [0.01398870636550308, 0.09342915811088295, 0.4711242299794661, 0.33059548254620125, 0.06878850102669405, 0.022073921971252568], [0.018057022175290392, 0.12397043294614572, 0.5725448785638859, 0.2191129883843717, 0.048785638859556495, 0.017529039070749736], [0.014928090296741307, 0.14964500273074824, 0.4908064809757874, 0.2656107773529947, 0.05825596213362461, 0.02075368651010377], [0.04158316633266533, 0.23547094188376755, 0.4709418837675351, 0.17710420841683366, 0.051352705410821646, 0.023547094188376753], [0.046485473289597, 0.26223055295220243, 0.4687910028116214, 0.17488284910965324, 0.037300843486410495, 0.010309278350515464], [0.012447605741140608, 0.08814937126889369, 0.5898640924679284, 0.24755493458656166, 0.04572589864092468, 0.016258097294550997], [0.18125, 0.28125, 0.3375, 0.13125, 0.04375, 0.025], [0.008550855085508551, 0.06863186318631863, 0.586971197119712, 0.257988298829883, 0.058055805580558055, 0.019801980198019802], [0.005008551184949915, 0.03823601270461764, 0.47190324945028095, 0.3636696799413633, 0.08795504519912045, 0.033227461519667725], [0.012386374987513734, 0.06552791928878234, 0.4824692837878334, 0.3270402557187094, 0.08960143841774049, 0.022974727799420638], [0.023154848046309694, 0.16931982633863965, 0.5933429811866859, 0.19247467438494936, 0.02170767004341534, 0.0], [0.0077868467961347216, 0.06886199455858899, 0.3441223379303875, 0.440754292147481, 0.10563842761985177, 0.032836100947556054], [0.008483991516008484, 0.10544389455610545, 0.4427835572164428, 0.3701646298353702, 0.06322593677406323, 0.009897990102009898], [0.009933774834437087, 0.15916114790286975, 0.5275938189845475, 0.23841059602649006, 0.05408388520971302, 0.010816777041942605], [0.016494845360824743, 0.15281989084293512, 0.48150394178289874, 0.26209824135839904, 0.060278956943602184, 0.026804123711340205], [0.030297753787219224, 0.2864356608044576, 0.4685704335713042, 0.16750827093853388, 0.03378025422253178, 0.013407626675953334], [0.04342552159146046, 0.20499757399320717, 0.500242600679282, 0.18655992236778263, 0.04439592430858806, 0.020378457059679767], [0.02073239436619718, 0.26309859154929577, 0.516169014084507, 0.15098591549295776, 0.03774647887323944, 0.011267605633802818], [0.008988443429875873, 0.09316592951918962, 0.5384505635611356, 0.2628049650449422, 0.06791268369239549, 0.028677414752461123], [0.03559645771835388, 0.23163743705504428, 0.4841118249696128, 0.1958673380795277, 0.037159229032818195, 0.015627713144643167], [0.013151602104256336, 0.11238641798182687, 0.5339550454328073, 0.2782161645145863, 0.05188904830224773, 0.010401721664275465], [0.011353315168029064, 0.22297910990009082, 0.5389040266424463, 0.17786860429912202, 0.0340599455040872, 0.014834998486224644], [0.006556353418669997, 0.12019981267561661, 0.4761161411177022, 0.2909772088666875, 0.07758351545426163, 0.02856696846706213], [0.006694069289489137, 0.09442160892542573, 0.5059307105108631, 0.2900763358778626, 0.07527891955372872, 0.02759835584263065], [0.007878554957724828, 0.08964258262874712, 0.2592236740968486, 0.5104727132974635, 0.10021137586471944, 0.03257109915449654], [0.019040757513379993, 0.18155619596541786, 0.5367435158501441, 0.22365170852202554, 0.034376286537669824, 0.004631535611362701], [0.23652694610778444, 0.3263473053892216, 0.3532934131736527, 0.0688622754491018, 0.014970059880239521, 0.0]]}}}, "eu": {"histType": {"histogram": {"labels": ["0", "100", "200", "300", "400", "500", "600", "700", "800", "900", "1000", "1100", "1200", "1300", "1400", "1500", "1600", "1700", "1800", "1900", "2000", "2100", "2200", "2300", "2400", "2500", "2600", "2700", "2800", "2900", "3000", "3100", "3200"], "data": [[0.0, 0.0, 0.0018656716417910447, 0.0, 0.0018656716417910447, 0.007462686567164179, 0.013059701492537313, 0.026119402985074626, 0.048507462686567165, 0.07835820895522388, 0.07835820895522388, 0.10820895522388059, 0.10261194029850747, 0.11940298507462686, 0.1417910447761194, 0.09328358208955224, 0.06343283582089553, 0.033582089552238806, 0.03544776119402985, 0.016791044776119403, 0.013059701492537313, 0.005597014925373134, 0.0037313432835820895, 0.007462686567164179, 0.0, 0.0, 0.0, 0.0, 0.0, 0.0, 0.0, 0.0, 0.0], [0.0, 0.00028074115665356543, 0.0008422234699606962, 0.0011229646266142617, 0.0016844469399213925, 0.0039303761931499155, 0.007018528916339135, 0.010948905109489052, 0.019651880965749578, 0.034531162268388545, 0.045480067377877596, 0.06232453677709152, 0.08169567658618754, 0.10443571027512634, 0.13531723750701852, 0.12998315553060077, 0.14149354295339697, 0.06906232453677709, 0.0948905109489051, 0.02386299831555306, 0.011791128579449747, 0.009264458169567658, 0.004211117349803481, 0.002807411566535654, 0.0019651880965749578, 0.0011229646266142617, 0.00028074115665356543, 0.0, 0.0, 0.0, 0.0, 0.0, 0.0], [0.0, 0.0, 0.0, 0.00012159533073929961, 0.00012159533073929961, 0.00012159533073929961, 0.0, 0.0007295719844357977, 0.0019455252918287938, 0.0026750972762645915, 0.005836575875486381, 0.00960603112840467, 0.012037937743190662, 0.015199416342412451, 0.02504863813229572, 0.03489785992217899, 0.18093385214007782, 0.15393968871595332, 0.32575389105058367, 0.08037451361867705, 0.052164396887159535, 0.05143482490272373, 0.018239299610894943, 0.008025291828793774, 0.011551556420233464, 0.005107003891050584, 0.0018239299610894942, 0.0020671206225680934, 0.00012159533073929961, 0.00012159533073929961, 0.0, 0.0, 0.0], [0.0, 0.0, 0.0, 0.00011348161597821153, 0.00011348161597821153, 0.00022696323195642307, 0.0007943713118474807, 0.0020426690876078077, 0.0024965955515206537, 0.005787562414888788, 0.011234679981842941, 0.01690876078075352, 0.020540172492056287, 0.02598729005901044, 0.04176123467998184, 0.05265546981389015, 0.07455742169768498, 0.049477984566500224, 0.2776895142986836, 0.14877439854743532, 0.09305492510213345, 0.08919655015887426, 0.030980481162051748, 0.013617793917385384, 0.024398547435315478, 0.00805719473445302, 0.004312301407172038, 0.0015887426236949613, 0.0035179300953245576, 0.00011348161597821153, 0.0, 0.0, 0.0], [0.0, 0.0, 0.0, 0.0, 0.0, 0.021739130434782608, 0.02717391304347826, 0.04891304347826087, 0.06521739130434782, 0.04891304347826087, 0.07608695652173914, 0.08152173913043478, 0.06521739130434782, 0.11956521739130435, 0.09239130434782608, 0.14673913043478262, 0.03260869565217391, 0.06521739130434782, 0.03260869565217391, 0.04891304347826087, 0.005434782608695652, 0.005434782608695652, 0.0, 0.005434782608695652, 0.010869565217391304, 0.0, 0.0, 0.0, 0.0, 0.0, 0.0, 0.0, 0.0], [0.0, 0.0, 0.00010771219302024989, 0.00021542438604049978, 0.00032313657906074967, 0.00010771219302024989, 0.00021542438604049978, 0.001184834123222749, 0.001938819474364498, 0.003985351141749246, 0.007970702283498492, 0.011956053425247738, 0.01852649719948298, 0.09123222748815166, 0.12936234381732012, 0.13744075829383887, 0.1625376992675571, 0.11094355881085739, 0.1496122361051271, 0.056548901335631195, 0.03629900904782422, 0.03909952606635071, 0.014325721671693235, 0.005385609651012494, 0.010771219302024989, 0.004308487720809996, 0.002692804825506247, 0.0007539853511417492, 0.0017233950883239983, 0.00032313657906074967, 0.00010771219302024989, 0.0, 0.0], [0.0001913143294432753, 0.0001913143294432753, 0.0007652573177731012, 0.0015305146355462024, 0.003061029271092405, 0.004208915247752056, 0.007269944518844462, 0.01262674574325617, 0.02525349148651234, 0.040176009183087814