{"region": {"us": {"histType": {"histogram": {"labels": ["0", "100", "200", "300", "400", "500", "600", "700", "800", "900", "1000", "1100", "1200", "1300", "1400", "1500", "1600", "1700", "1800", "1900", "2000", "2100", "2200", "2300", "2400", "2500", "2600", "2700", "2800", "2900", "3000", "3100", "3200"], "data": [[0.0, 0.0, 0.002797202797202797, 0.005594405594405594, 0.004195804195804196, 0.006993006993006993, 0.012587412587412588, 0.013986013986013986, 0.03636363636363636, 0.04895104895104895, 0.08251748251748252, 0.1020979020979021, 0.11748251748251748, 0.13286713286713286, 0.13286713286713286, 0.0993006993006993, 0.06713286713286713, 0.04195804195804196, 0.043356643356643354, 0.016783216783216783, 0.013986013986013986, 0.008391608391608392, 0.004195804195804196, 0.005594405594405594, 0.0, 0.0, 0.0, 0.0, 0.0, 0.0, 0.0, 0.0, 0.0], [0.0, 0.00025477707006369424, 0.00025477707006369424, 0.00025477707006369424, 0.001019108280254777, 0.002038216560509554, 0.004840764331210191, 0.009426751592356689, 0.015796178343949044, 0.028789808917197453, 0.03872611464968153, 0.055031847133757965, 0.08229299363057326, 0.09426751592356689, 0.13070063694267517, 0.1368152866242038, 0.14369426751592357, 0.08331210191082802, 0.10394904458598726, 0.03337579617834395, 0.017070063694267515, 0.006624203821656051, 0.004076433121019108, 0.002802547770700637, 0.0012738853503184713, 0.0015286624203821656, 0.001019108280254777, 0.0007643312101910828, 0.0, 0.0, 0.0, 0.0, 0.0], [0.00012075836251660427, 0.0, 0.0, 0.00024151672503320854, 0.00024151672503320854, 0.00024151672503320854, 0.00024151672503320854, 0.0006037918125830214, 0.00253592561284869, 0.003501992512981524, 0.00507185122569738, 0.007003985025963048, 0.011834319526627219, 0.019079821277623477, 0.025238497765970293, 0.037435092380147326, 0.08803284627460452, 0.16241999758483275, 0.36952058930080905, 0.0877913295495713, 0.05228837096968965, 0.060620697983335345, 0.02342712232822123, 0.009660669001328342, 0.019321338002656684, 0.0064001932133800265, 0.0024151672503320855, 0.004105784325564545, 0.00012075836251660427, 0.0004830334500664171, 0.0, 0.0, 0.0], [0.0, 0.0, 0.0, 0.0, 0.00011775788977861517, 0.0, 0.0008243052284503062, 0.0017663683466792276, 0.004710315591144607, 0.007889778615167216, 0.011658031088082901, 0.012835609985869053, 0.02555346208195949, 0.02802637776731041, 0.04215732454074423, 0.049811587376354216, 0.07053697597739049, 0.041921808761187, 0.2675459255770137, 0.1553226566179934, 0.08984926990108337, 0.09844559585492228, 0.03273669335845502, 0.013777673104097974, 0.028144135657089026, 0.0068299576071596795, 0.004710315591144607, 0.0020018841262364577, 0.002826189354686764, 0.0, 0.0, 0.0, 0.0], [0.0, 0.0, 0.0, 0.0, 0.010362694300518135, 0.0051813471502590676, 0.031088082901554404, 0.025906735751295335, 0.05699481865284974, 0.05181347150259067, 0.07253886010362694, 0.08808290155440414, 0.10362694300518134, 0.11398963730569948, 0.09326424870466321, 0.10362694300518134, 0.07772020725388601, 0.031088082901554404, 0.06217616580310881, 0.031088082901554404, 0.03626943005181347, 0.0051813471502590676, 0.0, 0.0, 0.0, 0.0, 0.0, 0.0, 0.0, 0.0, 0.0, 0.0, 0.0], [0.0, 0.0, 0.0, 0.0, 0.0, 0.0, 0.0, 0.0014084507042253522, 0.0013001083423618636, 0.004767063921993499, 0.0072589382448537375, 0.011375947995666305, 0.02145178764897075, 0.06858071505958829, 0.12307692307692308, 0.14929577464788732, 0.1772481040086674, 0.11072589382448537, 0.14897074756229686, 0.05579631635969664, 0.032936078006500544, 0.03965330444203684, 0.014842903575297942, 0.008017334777898158, 0.012242686890574214, 0.004767063921993499, 0.0029252437703141928, 0.0014084507042253522, 0.0013001083423618636, 0.0006500541711809318, 0.0, 0.0, 0.0], [0.0, 0.0, 0.0004083299305839118, 0.002245814618211515, 0.0016333197223356473, 0.0034708044099632505, 0.006941608819926501, 0.012862392813393221, 0.019191506737443853, 0.03593303389138424, 0.050428746427113105, 0.0690077582686811, 0.0935075541037158, 0.11290322580645161, 0.12229481420988159, 0.11964066966108616, 0.12004899959167006, 0.06676194365046959, 0.07288689260922826, 0.02837893017558187, 0.017558187015108206, 0.01551653736218865, 0.008370763576970192, 0.004899959167006942, 0.006124948958758677, 0.0036749693752552064, 0.002449979583503471, 0.0014291547570436914, 0.0010208248264597796, 0.0002041649652919559, 0.0002041649652919559, 0.0, 0.0], [0.0027100271002710027, 0.0027100271002710027, 0.0, 0.008130081300813009, 0.005420054200542005, 0.018970189701897018, 0.013550135501355014, 0.03523035230352303, 0.056910569105691054, 0.12466124661246612, 0.11653116531165311, 0.13008130081300814, 0.1002710027100271, 0.1111111111111111, 0.06775067750677506, 0.07046070460704607, 0.051490514905149054, 0.013550135501355014, 0.02168021680216802, 0.032520325203252036, 0.01084010840108401, 0.0027100271002710027, 0.0027100271002710027, 0.0, 0.0, 0.0, 0.0, 0.0, 0.0, 0.0, 0.0, 0.0, 0.0], [0.00021424745581146223, 0.00021424745581146223, 0.00042849491162292447, 0.00032137118371719335, 0.0005356186395286556, 0.0012854847348687734, 0.0016068559185859668, 0.004392072844134976, 0.007498660953401178, 0.0161756829137654, 0.02560257096946974, 0.0340653454740225, 0.04113551151580075, 0.04574183181574719, 0.056775575790037495, 0.06663095875736476, 0.2034279592929834, 0.13379753615425816, 0.14579539367970004, 0.06502410283877878, 0.042956614890198176, 0.04274236743438672, 0.021853240492769148, 0.012961971076593465, 0.01810391001606856, 0.005141938939475094, 0.0021424745581146223, 0.0029994643813604713, 0.00042849491162292447, 0.0, 0.0, 0.0, 0.0], [0.0, 0.0, 0.0, 0.0, 0.0003957261574990107, 0.0007914523149980214, 0.001187178472497032, 0.0015829046299960427, 0.002374356944994064, 0.009101701622477245, 0.013058963197467353, 0.015829046299960427, 0.0221606648199446, 0.037989711119905026, 0.06133755441234666, 0.07914523149980214, 0.10486743173723784, 0.08824693312227938, 0.17768104471705579, 0.06846062524732885, 0.074000791452315, 0.09774436090225563, 0.043925603482390184, 0.01662049861495845, 0.04669568658488326, 0.013454689354966362, 0.01187178472497032, 0.007914523149980214, 0.002770083102493075, 0.0007914523149980214, 0.0, 0.0, 0.0], [0.0, 0.0, 0.00017873100983020553, 0.0, 0.0008936550491510277, 0.0005361930294906167, 0.0012511170688114387, 0.004468275245755138, 0.008579088471849867, 0.014477211796246649, 0.021268990169794458, 0.029848078641644325, 0.05379803395889187, 0.06309204647006256, 0.10134048257372655, 0.12493297587131368, 0.15299374441465594, 0.0966934763181412, 0.14441465594280609, 0.06184092940125112, 0.037890974084003576, 0.03717605004468275, 0.012868632707774798, 0.008400357462019661, 0.013583556747095622, 0.0033958891867739054, 0.002680965147453083, 0.0014298480786416443, 0.001966041108132261, 0.0, 0.0, 0.0, 0.0], [0.0, 0.0, 0.0004359831419851766, 0.0004359831419851766, 0.0004359831419851766, 0.0033425374218863536, 0.00639441941578259, 0.01278883883156518, 0.021217846243278594, 0.03662258392675483, 0.059584362737974135, 0.07455311727946519, 0.09795087923266967, 0.11931405318994333, 0.1392239500072664, 0.12062200261589885, 0.10289202150850167, 0.05943903502397907, 0.061764278447900015, 0.02674029937509083, 0.018311291963377416, 0.015259409969481181, 0.007993024269728238, 0.004214503705856707, 0.003923848277866589, 0.0036331928498764716, 0.0014532771399505887, 0.0002906554279901177, 0.0011626217119604708, 0.0, 0.0, 0.0, 0.0], [0.0, 0.0, 0.0, 0.0, 0.00012827090815802975, 0.000513083632632119, 0.0016675218060543868, 0.002052334530528476, 0.004361210877373012, 0.00525910723447922, 0.013083632632119035, 0.019240636223704463, 0.027578245253976397, 0.0336069779374038, 0.04771677783478707, 0.044125192406362236, 0.22473063109286814, 0.15443817342226782, 0.2151103129810159, 0.07542329399692149, 0.040148794253463314, 0.0418163160595177, 0.01629040533606978, 0.01064648537711647, 0.013596716264751155, 0.003719856336582863, 0.0017957927142124167, 0.001026167265264238, 0.0019240636223704464, 0.0, 0.0, 0.0, 0.0], [0.0002108370229812355, 0.0, 0.0, 0.00010541851149061775, 0.00010541851149061775, 0.00031625553447185326, 0.001265022137887413, 0.0015812776723592662, 0.0043221589711153275, 0.010120177103099304, 0.016234450769555132, 0.01865907653383934, 0.024984187223276406, 0.06398903647480497, 0.1418933164663715, 0.14969428631667722, 0.17067257010331013, 0.1098460889732237, 0.13567362428842505, 0.053763440860215055, 0.030149694286316676, 0.03152013493569471, 0.011912291798439806, 0.005481762597512123, 0.009276829011174362, 0.0028462998102466793, 0.0018975332068311196, 0.002213788741302973, 0.0005270925574530887, 0.0006325110689437065, 0.00010541851149061775, 0.0, 0.0], [0.0, 0.0, 0.0, 0.0001818512456810329, 0.0005455537370430987, 0.0001818512456810329, 0.0012729587197672304, 0.0018185124568103291, 0.004000727404982724, 0.0069103473358792505, 0.014548099654482633, 0.025277323149663574, 0.044189852700491, 0.06546644844517185, 0.09638116021094745, 0.11856701218403345, 0.15875613747954173, 0.11693035097290416, 0.15257319512638662, 0.07001272958719768, 0.04346244771776687, 0.03673395162756865, 0.015457355882887798, 0.006001091107474086, 0.01054737224949991, 0.004546281142025823, 0.0029096199308965265, 0.0009092562284051646, 0.0009092562284051646, 0.0009092562284051646, 0.0, 0.0, 0.0], [0.0, 0.0, 0.0002503755633450175, 0.0002503755633450175, 0.0017526289434151227, 0.003254882323485228, 0.0015022533800701052, 0.005508262393590386, 0.011266900350525789, 0.017776664997496243, 0.030545818728092138, 0.04682023034551828, 0.06584877315973961, 0.09238858287431147, 0.11517275913870806, 0.128693039559339, 0.13094641962944417, 0.09614421632448673, 0.10215322984476716, 0.04556835252879319, 0.029293940911367052, 0.030796194291437155, 0.014021031547320982, 0.006509764646970456, 0.012518778167250876, 0.005508262393590386, 0.002253380070105158, 0.002754131196795193, 0.0002503755633450175, 0.0002503755633450175, 0.0, 0.0, 0.0], [0.00018730099269526128, 0.0, 0.0005619029780857839, 0.001311106948866829, 0.0005619029780857839, 0.001311106948866829, 0.003371417868514703, 0.0071174377224199285, 0.011799962539801461, 0.02004120621839296, 0.03221577074358494, 0.053006180932758946, 0.07454579509271399, 0.10245364300430793, 0.12455516014234876, 0.12848848098894924, 0.13616782168945496, 0.07960292189548604, 0.11331710058063307, 0.03895860648061435, 0.022850721108821876, 0.022850721108821876, 0.009926952612848847, 0.004495223824686271, 0.005057126802772055, 0.0018730099269526129, 0.0005619029780857839, 0.001311106948866829, 0.001311106948866829, 0.00018730099269526128, 0.0, 0.0, 0.0], [0.0, 0.0, 0.0001268874508311128, 0.0002537749016622256, 0.00038066235249333843, 0.0002537749016622256, 0.0007613247049866769, 0.0016495368608044664, 0.0026646364674533687, 0.00634437254155564, 0.012561857632280167, 0.014211394493084634, 0.02766146428118259, 0.03375206192107601, 0.14642811825910418, 0.15721355157974876, 0.17434335744194898, 0.1119147316330415, 0.17523156959776678, 0.047202131709173964, 0.025123715264560333, 0.02905722624032483, 0.010277883517320136, 0.00634437254155564, 0.008501459205684557, 0.00317218627077782, 0.0012688745083111281, 0.0010150996066489023, 0.001903311762466692, 0.00038066235249333843, 0.0, 0.0, 0.0], [0.0, 0.0, 0.0, 0.006211180124223602, 0.006211180124223602, 0.006211180124223602, 0.0, 0.018633540372670808, 0.049689440993788817, 0.09316770186335403, 0.062111801242236024, 0.08074534161490683, 0.07453416149068323, 0.062111801242236024, 0.043478260869565216, 0.12422360248447205, 0.09316770186335403, 0.08074534161490683, 0.037267080745341616, 0.043478260869565216, 0.049689440993788817, 0.012422360248447204, 0.031055900621118012, 0.0, 0.006211180124223602, 0.006211180124223602, 0.0, 0.012422360248447204, 0.0, 0.0, 0.0, 0.0, 0.0], [0.0002247443532981234, 0.0001123721766490617, 0.0, 0.0, 0.0, 0.0001123721766490617, 0.0002247443532981234, 0.0010113495898415553, 0.002247443532981234, 0.00460725924261153, 0.00730419148218901, 0.010001123721766491, 0.021575457916619845, 0.029666254635352288, 0.051466456905270255, 0.15878188560512418, 0.2278907742442971, 0.14900550623665582, 0.1551859759523542, 0.06506349027980672, 0.03775705135408473, 0.037644679177435664, 0.013372289021238342, 0.006967074952241825, 0.011012473311608047, 0.004045398359366221, 0.0019103270030340488, 0.002247443532981234, 0.0005618608832453085, 0.0, 0.0, 0.0, 0.0], [0.0, 0.0, 0.0, 0.00012201073694485115, 0.0, 0.00012201073694485115, 0.0009760858955588092, 0.00036603221083455345, 0.0012201073694485115, 0.0021961932650073207, 0.0045143972669594926, 0.006832601268911664, 0.011102977061981455, 0.0157393850658858, 0.027330405075646658, 0.10346510492923378, 0.1898487066861884, 0.15165934602245, 0.2140068326012689, 0.0913860419716935, 0.05807711078574915, 0.05722303562713519, 0.019887750122010737, 0.01061493411420205, 0.019521717911176184, 0.007198633479746218, 0.003416300634455832, 0.000854075158613958, 0.001586139580283065, 0.0002440214738897023, 0.0004880429477794046, 0.0, 0.0], [0.00019950124688279303, 9.975062344139652e-05, 0.0, 0.00019950124688279303, 0.00019950124688279303, 0.000598503740648379, 0.0007980049875311721, 0.0017955112219451373, 0.0029925187032418953, 0.005486284289276808, 0.009875311720698254, 0.013466334164588529, 0.017556109725685786, 0.024638403990024937, 0.033516209476309226, 0.14174563591022443, 0.16798004987531173, 0.13895261845386533, 0.19042394014962594, 0.08518703241895262, 0.051471321695760595, 0.057256857855361595, 0.02144638403990025, 0.011072319201995013, 0.014364089775561098, 0.0043890274314214465, 0.002394014962593516, 0.0014962593516209476, 0.00039900249376558606, 0.0, 0.0, 0.0, 0.0], [0.0, 0.0, 0.0, 0.001447178002894356, 0.001447178002894356, 0.0, 0.0, 0.00723589001447178, 0.00723589001447178, 0.005788712011577424, 0.013024602026049204, 0.02604920405209841, 0.04341534008683068, 0.08683068017366136, 0.12301013024602026, 0.1736613603473227, 0.17221418234442837, 0.12445730824891461, 0.12011577424023155, 0.049204052098408106, 0.023154848046309694, 0.013024602026049204, 0.001447178002894356, 0.00723589001447178, 0.0, 0.0, 0.0, 0.0, 0.0, 0.0, 0.0, 0.0, 0.0], [0.0, 0.0, 0.0, 9.364172675344133e-05, 0.0, 9.364172675344133e-05, 0.000280925180260324, 0.0007491338140275306, 0.001685551081561944, 0.00486936979117895, 0.007304054686768424, 0.012267066204700815, 0.021443955426538066, 0.027717951119018636, 0.040359584230733214, 0.04785092237100852, 0.08708680588070045, 0.16911695851671504, 0.28485813278396854, 0.09663826200955146, 0.059087929581421485, 0.07556887349002715, 0.01985204607172956, 0.010300589942878547, 0.020320254705496768, 0.005150294971439273, 0.002528326622342916, 0.002247401442082592, 0.0023410431688360334, 0.00018728345350688266, 0.0, 0.0, 0.0], [0.00010090817356205853, 0.00010090817356205853, 0.00010090817356205853, 0.0, 0.0003027245206861756, 0.0003027245206861756, 0.0003027245206861756, 0.0009081735620585267, 0.0011099899091826437, 0.005247225025227043, 0.00958627648839556, 0.01917255297679112, 0.032088799192734614, 0.044803229061553984, 0.06367305751765893, 0.07527749747729566, 0.09445005045408678, 0.20938446014127143, 0.2316851664984864, 0.09182643794147326, 0.04641775983854692, 0.04187689202825429, 0.014934409687184663, 0.006458123107971746, 0.004238143289606458, 0.0018163471241170535, 0.0034308779011099897, 0.0004036326942482341, 0.0, 0.0, 0.0, 0.0, 0.0], [0.0, 0.00011019283746556474, 0.0, 0.00011019283746556474, 0.00011019283746556474, 0.00033057851239669424, 0.0007713498622589532, 0.0017630853994490359, 0.0023140495867768596, 0.004407713498622589, 0.008705234159779614, 0.014104683195592287, 0.0512396694214876, 0.08506887052341598, 0.11382920110192837, 0.14082644628099172, 0.15834710743801653, 0.11460055096418732, 0.1384022038567493, 0.06203856749311295, 0.0381267217630854, 0.03371900826446281, 0.014104683195592287, 0.006170798898071626, 0.005730027548209366, 0.0024242424242424242, 0.001322314049586777, 0.001322314049586777, 0.0, 0.0, 0.0, 0.0, 0.0], [0.0, 0.0, 0.0, 0.0, 0.00024198427102238354, 0.0, 0.0008469449485783424, 0.0024198427102238356, 0.004960677555958862, 0.007985480943738656, 0.016696914700544463, 0.025529340592861462, 0.04258923169993951, 0.0677555958862674, 0.10369026013309135, 0.12595281306715064, 0.15329703569267997, 0.09824561403508772, 0.16660617059891106, 0.05928614640048397, 0.036660617059891105, 0.03799153055051421, 0.015970961887477313, 0.006291591046581972, 0.012462189957652752, 0.004839685420447671, 0.003992740471869328, 0.0024198427102238356, 0.00205686630369026, 0.0004839685420447671, 0.0007259528130671506, 0.0, 0.0], [0.0, 0.00017394329448599757, 0.00017394329448599757, 0.00034788658897199514, 0.0010436597669159853, 0.0010436597669159853, 0.0017394329448599756, 0.0026091494172899633, 0.005566185423551922, 0.017742216037571753, 0.04209427726561141, 0.06001043659766916, 0.0789702556966429, 0.10523569316402853, 0.12576100191337625, 0.11828144025047835, 0.14680814054618194, 0.07775265263524091, 0.11393285788832841, 0.029744303357105584, 0.023830231344581666, 0.02069925204383371, 0.00852322142981388, 0.004522525656635937, 0.0071316750739259, 0.0020873195338319706, 0.0020873195338319706, 0.00017394329448599757, 0.0010436597669159853, 0.0008697164724299878, 0.0, 0.0, 0.0], [0.0, 0.0, 0.0, 0.0007274490785645005, 0.0009699321047526673, 0.0021823472356935015, 0.0038797284190106693, 0.006789524733268671, 0.013579049466537343, 0.015276430649854511, 0.026430649854510185, 0.042919495635305525, 0.053831231813773035, 0.08195926285160039, 0.12366634335596509, 0.13118331716779824, 0.14936954413191075, 0.09626576139670223, 0.11008729388942774, 0.0482541222114452, 0.027885548011639186, 0.022550921435499516, 0.012366634335596509, 0.009456838021338506, 0.008729388942774006, 0.0031522793404461687, 0.002667313288069835, 0.0033947623666343357, 0.001454898157129001, 0.0009699321047526673, 0.0, 0.0, 0.0], [0.00022517451024544022, 0.0, 0.0, 0.0, 0.00045034902049088043, 0.00045034902049088043, 0.0016888088268408015, 0.003377617653681603, 0.004953839225399685, 0.00956991668543121, 0.01745102454402162, 0.04131952263003828, 0.08444044134204008, 0.11990542670569691, 0.146813780680027, 0.1512046836298131, 0.13814456203557757, 0.08016212564737672, 0.09581175410943481, 0.03422652555730691, 0.02082864219770322, 0.024431434361630262, 0.009006980409817608, 0.004278315694663364, 0.007205584327854087, 0.002251745102454402, 0.0005629362756136005, 0.0009006980409817609, 0.00011258725512272011, 0.00022517451024544022, 0.0, 0.0, 0.0], [0.0, 0.0, 0.0, 0.00028518465706544986, 0.00014259232853272493, 0.00014259232853272493, 0.0014259232853272494, 0.00042777698559817484, 0.001996292599458149, 0.004562954513047198, 0.007557393412234422, 0.009268501354627121, 0.014544417510337944, 0.06202766291173535, 0.11435904748324541, 0.13902752031940682, 0.17396264080992443, 0.11122201625552545, 0.16640524739769, 0.059318408669613576, 0.03721659774704121, 0.04092399828889206, 0.018679595037786968, 0.007985170397832596, 0.014259232853272494, 0.004705546841579923, 0.004848139170112648, 0.002138884927990874, 0.0017111079423926994, 0.0005703693141308997, 0.00028518465706544986, 0.0, 0.0], [0.0, 0.0, 0.0001733102253032929, 0.0003466204506065858, 0.0010398613518197574, 0.0013864818024263432, 0.0022530329289428075, 0.004679376083188908, 0.0076256499133448875, 0.018197573656845753, 0.03050259965337955, 0.04176776429809359, 0.06793760831889081, 0.09133448873483535, 0.1169844020797227, 0.13223570190641248, 0.14488734835355285, 0.08994800693240901, 0.12409012131715771, 0.04471403812824957, 0.027209705372616983, 0.02218370883882149, 0.010398613518197574, 0.004506065857885615, 0.005545927209705373, 0.0012131715771230502, 0.0022530329289428075, 0.0038128249566724438, 0.0025996533795493936, 0.0001733102253032929, 0.0, 0.0, 0.0], [0.00011936022917164001, 0.0, 0.0, 0.0, 0.00011936022917164001, 0.0010742420625447602, 0.0007161613750298401, 0.0023872045834328003, 0.0028646455001193603, 0.00584865122941036, 0.013726426354738601, 0.02160420148006684, 0.03485318691811888, 0.04225352112676056, 0.05765099068990213, 0.11661494390069228, 0.21007400334208642, 0.14967772738123658, 0.16077822869419908, 0.07233229887801385, 0.045118166626879924, 0.03306278348054428, 0.013368345667223681, 0.0053712103127238, 0.005609930771067081, 0.00202912389591788, 0.00226784435426116, 0.00035808068751492004, 0.00011936022917164001, 0.0, 0.0, 0.0, 0.0], [0.0, 0.0, 0.0, 0.00015124016938898973, 0.00015124016938898973, 0.00045372050816696913, 0.0006049606775559589, 0.001663641863278887, 0.0027223230490018148, 0.005747126436781609, 0.023744706594071387, 0.03327283726557774, 0.06851179673321234, 0.09724742891712039, 0.13309134906231096, 0.14624924379915305, 0.15623109497882637, 0.10314579552329099, 0.11025408348457351, 0.04219600725952813, 0.025559588626739262, 0.019963702359346643, 0.009679370840895343, 0.004537205081669692, 0.007108287961282517, 0.002571082879612825, 0.0027223230490018148, 0.0012099213551119178, 0.0012099213551119178, 0.0, 0.0, 0.0, 0.0], [0.0, 0.0, 0.0, 0.0001559332605644784, 0.0, 0.0004677997816934352, 0.0009355995633868704, 0.0009355995633868704, 0.002338998908467176, 0.0017152658662092624, 0.005301730859192266, 0.010603461718384532, 0.04007484796507095, 0.0642445033525651, 0.09246842351473569, 0.11804147824731015, 0.1559332605644784, 0.10993294869795728, 0.17947918290971465, 0.06985810073288633, 0.04132231404958678, 0.04631217838765009, 0.020271323873382194, 0.011071261500077966, 0.015905192577576797, 0.006393263683143614, 0.002806798690160611, 0.000779666302822392, 0.002338998908467176, 0.0003118665211289568, 0.0, 0.0, 0.0], [0.0, 0.0, 0.00011737089201877934, 0.0, 0.00023474178403755868, 0.00035211267605633805, 0.00035211267605633805, 0.0012910798122065727, 0.0009389671361502347, 0.003403755868544601, 0.006690140845070422, 0.01619718309859155, 0.02676056338028169, 0.04471830985915493, 0.05528169014084507, 0.15845070422535212, 0.18192488262910797, 0.11009389671361502, 0.18192488262910797, 0.06455399061032864, 0.043896713615023474, 0.0397887323943662, 0.02323943661971831, 0.012206572769953052, 0.01643192488262911, 0.004342723004694835, 0.0029342723004694834, 0.001995305164319249, 0.001056338028169014, 0.0008215962441314554, 0.0, 0.0, 0.0], [0.0, 0.0, 0.0, 0.0, 9.59877135726627e-05, 9.59877135726627e-05, 9.59877135726627e-05, 0.0008638894221539643, 0.0018237665578805912, 0.004895373392205798, 0.008926857362257632, 0.016797849875215973, 0.027836436936072184, 0.0362833557304665, 0.05413707045498176, 0.05778460357074294, 0.07064695718947975, 0.07679017085813016, 0.33019773468995967, 0.11470531771933193, 0.0653676329429833, 0.072566711460933, 0.018621616433096563, 0.008926857362257632, 0.019773468995968515, 0.00499136110577846, 0.0030716068343252063, 0.00249568055288923, 0.0018237665578805912, 0.0003839508542906508, 0.0, 0.0, 0.0], [0.0, 0.0, 0.0, 0.0, 0.0, 0.00010274324463166547, 0.0005137162231583273, 0.003082297338949964, 0.00544539196547827, 0.009863351484639885, 0.018391040789068117, 0.03400801397308127, 0.05126887907120107, 0.07767389294153909, 0.11507243398746532, 0.13767594780643172, 0.17414979965067298, 0.10931881228809205, 0.15390938045823488, 0.04715914928593445, 0.023425459776019727, 0.02465837871159971, 0.006472824411794925, 0.0031850405835816293, 0.002363094626528306, 0.0006164594677899928, 0.0008219459570533238, 0.0005137162231583273, 0.0003082297338949964, 0.0, 0.0, 0.0, 0.0], [0.0, 0.0029940119760479044, 0.0, 0.0029940119760479044, 0.005988023952095809, 0.020958083832335328, 0.020958083832335328, 0.038922155688622756, 0.08383233532934131, 0.059880239520958084, 0.05089820359281437, 0.07784431137724551, 0.08083832335329341, 0.11676646706586827, 0.11976047904191617, 0.10479041916167664, 0.08083832335329341, 0.04790419161676647, 0.041916167664670656, 0.014970059880239521, 0.011976047904191617, 0.008982035928143712, 0.0, 0.005988023952095809, 0.0, 0.0, 0.0, 0.0, 0.0, 0.0, 0.0, 0.0, 0.0]]}, "ranks": {"labels": ["Unranked", "Combatatent I", "Combatatent II", "Challenger I", "Challenger II", "Rival I", "Rival II", "Duelist", "Elite"], "data": [[0.13146853146853146, 0.18461538461538463, 0.25034965034965034, 0.23216783216783216, 0.10909090909090909, 0.055944055944055944, 0.01818181818181818, 0.01818181818181818, 0.0], [0.06267515923566878, 0.0937579617834395, 0.17656050955414013, 0.267515923566879, 0.2270063694267516, 0.12331210191082803, 0.0310828025477707, 0.013503184713375796, 0.0045859872611464965], [0.007728535201062673, 0.012075836251660428, 0.030914140804250693, 0.06267359014611762, 0.2504528438594373, 0.4172201424948678, 0.09238014732520226, 0.09370848931288492, 0.03284627460451636], [0.015308525671219972, 0.024493641073951956, 0.0535798398492699, 0.09196891191709844, 0.11245878473857748, 0.35150730098916627, 0.16121055110692417, 0.14495996231747527, 0.044512482336316536], [0.18134715025906736, 0.16062176165803108, 0.21761658031088082, 0.19689119170984457, 0.10880829015544041, 0.09326424870466321, 0.03626943005181347, 0.0051813471502590676, 0.0], [0.007475622968580715, 0.018634886240520045, 0.09003250270855905, 0.2723726977248104, 0.28797399783315275, 0.18071505958829903, 0.05698808234019501, 0.06251354279523294, 0.023293607800650054], [0.08268681094324214, 0.1194365046957942, 0.2064107799101674, 0.24193548387096775, 0.18681094324213965, 0.09085340955492037, 0.027970600244997958, 0.028787260106165783, 0.015108207431604737], [0.2682926829268293, 0.24661246612466126, 0.21138211382113822, 0.13821138211382114, 0.06504065040650407, 0.037940379403794036, 0.02710027100271003, 0.005420054200542005, 0.0], [0.03267273701124799, 0.05966791644349223, 0.08687734333154794, 0.12340653454740225, 0.33722549544724156, 0.1824317086234601, 0.07134440278521692, 0.07755757900374934, 0.028816282806641672], [0.015433320142461416, 0.02888800949742778, 0.06015037593984962, 0.1404827859121488, 0.19311436485951722, 0.21210922041946972, 0.10803324099722991, 0.15829046299960428, 0.08349821923229125], [0.03038427167113494, 0.051117068811438786, 0.11689008042895442, 0.2262734584450402, 0.24968722073279714, 0.18123324396782842, 0.06291331546023235, 0.05844504021447721, 0.023056300268096516], [0.08167417526522308, 0.13413748001743933, 0.217264932422613, 0.25984595262316523, 0.16233105653248076, 0.07571573899142567, 0.031100130794942595, 0.027466937945066123, 0.010463595407644237], [0.013981528989225243, 0.0323242688558235, 0.06118522319138019, 0.0918419702411493, 0.37916880451513596, 0.25846587993842995, 0.07221652129297075, 0.06875320677270395, 0.022062596203181118], [0.018026565464895637, 0.03489352730339448, 0.08897322369808139, 0.2915876027830487, 0.28051865907653384, 0.16613957410921357, 0.0534471853257432, 0.04891418933164664, 0.017499472907442547], [0.0149118021458447, 0.03982542280414621, 0.10965630114566285, 0.2149481723949809, 0.2756864884524459, 0.19094380796508456, 0.0751045644662666, 0.05819239861793053, 0.020731042007637753], [0.04156234351527291, 0.07736604907361042, 0.15823735603405106, 0.24386579869804706, 0.2270906359539309, 0.1269404106159239, 0.0500751126690035, 0.05132699048572859, 0.023535302954431646], [0.046263345195729534, 0.08522195167634389, 0.17699943809702193, 0.253043641131298, 0.215770743584941, 0.13729162764562652, 0.03783480052444278, 0.037272897546356994, 0.01030155459823937], [0.012434970181449055, 0.026773252125364803, 0.061413526202258595, 0.30364166983885293, 0.2862580890749905, 0.2021317091739627, 0.04542570739753839, 0.04567948229920061, 0.016241593706382437], [0.18012422360248448, 0.14285714285714285, 0.13664596273291926, 0.16770186335403728, 0.17391304347826086, 0.055900621118012424, 0.07453416149068323, 0.043478260869565216, 0.024844720496894408], [0.008540285425328689, 0.0173053152039555, 0.05124171255197213, 0.21024834251039443, 0.3768962804809529, 0.19395437689628048, 0.06405214068996516, 0.057984043150915834, 0.019777503090234856], [0.005002440214738897, 0.011346998535871157, 0.026842362127867253, 0.13079551000488043, 0.3415080527086384, 0.26439726695949245, 0.09907271839921913, 0.08772571986334797, 0.033308931185944364], [0.012369077306733168, 0.023341645885286783, 0.04219451371571072, 0.17526184538653367, 0.30693266832917704, 0.2374064837905237, 0.08967581047381547, 0.08977556109725686, 0.023042394014962594], [0.023154848046309694, 0.03907380607814761, 0.13024602026049203, 0.29667149059334297, 0.29667149059334297, 0.14905933429811866, 0.04341534008683068, 0.02170767004341534, 0.0], [0.007772263320535631, 0.01957112089146924, 0.0491619065455567, 0.08821050660174173, 0.2562037643974155, 0.3414177357430471, 0.09916658863189437, 0.10572150950463527, 0.03277460436370447], [0.008476286579212917, 0.02875882946518668, 0.07689202825428859, 0.1389505549949546, 0.3038345105953582, 0.2831483350151362, 0.08678102926337034, 0.06326942482341069, 0.009889001009081735], [0.009917355371900827, 0.0228099173553719, 0.13630853994490358, 0.2546556473829201, 0.27294765840220386, 0.17355371900826447, 0.06501377410468319, 0.05399449035812672, 0.010798898071625344], [0.01645493042952208, 0.04222625529340593, 0.1103448275862069, 0.229643073200242, 0.2515426497277677, 0.19758015728977615, 0.06497277676950998, 0.0602540834845735, 0.026981246218995766], [0.030440076535049574, 0.10210471386328057, 0.18420594886067143, 0.2440424421638546, 0.22456079318142286, 0.1302835275700122, 0.03722386502000348, 0.033744999130283525, 0.013393633675421813], [0.04340446168768186, 0.06935014548981572, 0.13579049466537343, 0.25484966052376334, 0.24563530552861298, 0.13724539282250242, 0.0489815712900097, 0.04437439379243453, 0.020368574199806012], [0.0207160549425805, 0.0587705471740599, 0.204345868047737, 0.29801846430984014, 0.21830668768295428, 0.11438865120468363, 0.036478270659761315, 0.03771673046611124, 0.01125872551227201], [0.008983316697561671, 0.016825894766861544, 0.0765720804220733, 0.25338656780265223, 0.2851846570654499, 0.19848852131755312, 0.06445173249679167, 0.06758876372451163, 0.02851846570654499], [0.035701906412478335, 0.07227036395147314, 0.15927209705372616, 0.24922010398613517, 0.23483535528596186, 0.15025996533795494, 0.045753899480069325, 0.03708838821490468, 0.01559792027729636], [0.013129625208880401, 0.03533062783480544, 0.07710670804487944, 0.17426593459059442, 0.359751730723323, 0.20064454523752687, 0.07758414896156601, 0.051802339460491766, 0.01038433993793268], [0.011494252873563218, 0.05701754385964912, 0.16575922565033274, 0.279340592861464, 0.2593768905021174, 0.13354506957047793, 0.04446460980036298, 0.034180278281911676, 0.014821536600120993], [0.006549196943708093, 0.015905192577576797, 0.10431935131763605, 0.21050990176204584, 0.2658662092624357, 0.21705909870575393, 0.07360049898643381, 0.07765476376111025, 0.02853578668329955], [0.006690140845070422, 0.022887323943661973, 0.07147887323943662, 0.21373239436619718, 0.292018779342723, 0.21666666666666667, 0.07370892018779343, 0.07523474178403756, 0.027582159624413145], [0.007870992512958341, 0.025724707237473603, 0.06411979266653868, 0.11192167402572471, 0.14743712804760992, 0.39354962564791707, 0.11672105970435784, 0.1001151852562872, 0.03253983490113266], [0.01900750025685811, 0.052399054762149386, 0.12894277201274015, 0.252748381793897, 0.28346861193876505, 0.18103359704099456, 0.04346039247919449, 0.034316243706976265, 0.004623446008424946], [0.23652694610778444, 0.12874251497005987, 0.19760479041916168, 0.2245508982035928, 0.12874251497005987, 0.04491017964071856, 0.023952095808383235, 0.014970059880239521, 0.0]]}, "ranksDetailed": {"labels": ["Unranked", "Combatatant", "Challenger", "Rival", "Duelist", "Elite"], "data": [[0.13146853146853146, 0.43496503496503497, 0.3412587412587413, 0.07412587412587412, 0.01818181818181818, 0.0], [0.06267515923566878, 0.27031847133757964, 0.4945222929936306, 0.15439490445859871, 0.013503184713375796, 0.0045859872611464965], [0.007728535201062673, 0.04298997705591112, 0.3131264340055549, 0.50960028982007, 0.09370848931288492, 0.03284627460451636], [0.015308525671219972, 0.07807348092322186, 0.20442769665567592, 0.5127178520960904, 0.14495996231747527, 0.044512482336316536], [0.18134715025906736, 0.37823834196891193, 0.30569948186528495, 0.12953367875647667, 0.0051813471502590676, 0.0], [0.007475622968580715, 0.1086673889490791, 0.5603466955579631, 0.23770314192849404, 0.06251354279523294, 0.023293607800650054], [0.08268681094324214, 0.32584728460596163, 0.4287464271131074, 0.11882400979991833, 0.028787260106165783, 0.015108207431604737], [0.2682926829268293, 0.45799457994579945, 0.2032520325203252, 0.06504065040650407, 0.005420054200542005, 0.0], [0.03267273701124799, 0.14654525977504018, 0.4606320299946438, 0.253776111408677, 0.07755757900374934, 0.028816282806641672], [0.015433320142461416, 0.0890383854372774, 0.333597150771666, 0.32014246141669966, 0.15829046299960428, 0.08349821923229125], [0.03038427167113494, 0.1680071492403932, 0.47596067917783735, 0.24414655942806077, 0.05844504021447721, 0.023056300268096516], [0.08167417526522308, 0.3514024124400523, 0.422177009155646, 0.10681586978636826, 0.027466937945066123, 0.010463595407644237], [0.013981528989225243, 0.0935094920472037, 0.4710107747562853, 0.3306824012314007, 0.06875320677270395, 0.022062596203181118], [0.018026565464895637, 0.12386675100147586, 0.5721062618595826, 0.21958675943495679, 0.04891418933164664, 0.017499472907442547], [0.0149118021458447, 0.14948172394980905, 0.4906346608474268, 0.26604837243135115, 0.05819239861793053, 0.020731042007637753], [0.04156234351527291, 0.23560340510766148, 0.47095643465197795, 0.1770155232849274, 0.05132699048572859, 0.023535302954431646], [0.046263345195729534, 0.2622213897733658, 0.468814384716239, 0.1751264281700693, 0.037272897546356994, 0.01030155459823937], [0.012434970181449055, 0.0881867783276234, 0.5898997589138434, 0.24755741657150107, 0.04567948229920061, 0.016241593706382437], [0.18012422360248448, 0.2795031055900621, 0.3416149068322981, 0.13043478260869565, 0.043478260869565216, 0.024844720496894408], [0.008540285425328689, 0.06854702775592764, 0.5871446229913473, 0.25800651758624565, 0.057984043150915834, 0.019777503090234856], [0.005002440214738897, 0.03818936066373841, 0.4723035627135188, 0.36346998535871156, 0.08772571986334797, 0.033308931185944364], [0.012369077306733168, 0.06553615960099751, 0.4821945137157107, 0.32708229426433916, 0.08977556109725686, 0.023042394014962594], [0.023154848046309694, 0.16931982633863965, 0.5933429811866859, 0.19247467438494936, 0.02170767004341534, 0.0], [0.007772263320535631, 0.06873302743702595, 0.3444142709991572, 0.4405843243749415, 0.10572150950463527, 0.03277460436370447], [0.008476286579212917, 0.10565085771947527, 0.44278506559031283, 0.36992936427850653, 0.06326942482341069, 0.009889001009081735], [0.009917355371900827, 0.1591184573002755, 0.5276033057851239, 0.23856749311294767, 0.05399449035812672, 0.010798898071625344], [0.01645493042952208, 0.15257108287961282, 0.4811857229280097, 0.26255293405928615, 0.0602540834845735, 0.026981246218995766], [0.030440076535049574, 0.286310662723952, 0.4686032353452774, 0.16750739259001565, 0.033744999130283525, 0.013393633675421813], [0.04340446168768186, 0.20514064015518912, 0.5004849660523764, 0.18622696411251213, 0.04437439379243453, 0.020368574199806012], [0.0207160549425805, 0.2631164152217969, 0.5163251519927944, 0.15086692186444495, 0.03771673046611124, 0.01125872551227201], [0.008983316697561671, 0.09339797518893483, 0.538571224868102, 0.26294025381434477, 0.06758876372451163, 0.02851846570654499], [0.035701906412478335, 0.23154246100519932, 0.48405545927209703, 0.19601386481802427, 0.03708838821490468, 0.01559792027729636], [0.013129625208880401, 0.1124373358796849, 0.5340176653139174, 0.27822869419909285, 0.051802339460491766, 0.01038433993793268], [0.011494252873563218, 0.22277676950998185, 0.5387174833635814, 0.1780096793708409, 0.034180278281911676, 0.014821536600120993], [0.006549196943708093, 0.12022454389521285, 0.4763761110244815, 0.29065959769218774, 0.07765476376111025, 0.02853578668329955], [0.006690140845070422, 0.09436619718309859, 0.5057511737089202, 0.2903755868544601, 0.07523474178403756, 0.027582159624413145], [0.007870992512958341, 0.08984449990401229, 0.2593588020733346, 0.5102706853522749, 0.1001151852562872, 0.03253983490113266], [0.01900750025685811, 0.18134182677488955, 0.5362169937326621, 0.22449398952018904, 0.034316243706976265, 0.004623446008424946], [0.23652694610778444, 0.3263473053892216, 0.3532934131736527, 0.0688622754491018, 0.014970059880239521, 0.0]]}}}, "eu": {"histType": {"histogram": {"labels": ["0", "100", "200", "300", "400", "500", "600", "700", "800", "900", "1000", "1100", "1200", "1300", "1400", "1500", "1600", "1700", "1800", "1900", "2000", "2100", "2200", "2300", "2400", "2500", "2600", "2700", "2800", "2900", "3000", "3100", "3200"], "data": [[0.0, 0.0, 0.0018656716417910447, 0.0, 0.0018656716417910447, 0.007462686567164179, 0.013059701492537313, 0.026119402985074626, 0.048507462686567165, 0.07835820895522388, 0.07835820895522388, 0.10820895522388059, 0.10261194029850747, 0.11940298507462686, 0.1417910447761194, 0.09328358208955224, 0.06343283582089553, 0.033582089552238806, 0.03544776119402985, 0.016791044776119403, 0.013059701492537313, 0.005597014925373134, 0.0037313432835820895, 0.007462686567164179, 0.0, 0.0, 0.0, 0.0, 0.0, 0.0, 0.0, 0.0, 0.0], [0.0, 0.000280662363177098, 0.0008419870895312938, 0.001122649452708392, 0.0016839741790625876, 0.003929273084479371, 0.0070165590794274485, 0.01094583216390682, 0.019646365422396856, 0.034521470670783046, 0.04546730283468987, 0.06258770698849285, 0.0816727476845355, 0.10440639910188043, 0.13499859668818412, 0.13022733651417345, 0.14145383104125736, 0.06904294134156609, 0.09486387875385911, 0.023856300870053325, 0.011787819253438114, 0.009261857984844232, 0.004209935447656469, 0.0028066236317709796, 0.0019646365422396855, 0.001122649452708392, 0.000280662363177098, 0.0, 0.0, 0.0, 0.0, 0.0, 0.0], [0.0, 0.0, 0.0, 0.00012144765606023804, 0.00012144765606023804, 0.00012144765606023804, 0.0, 0.0007286859363614282, 0.0019431624969638087, 0.002671848433325237, 0.005829487490891426, 0.009594364828758806, 0.012023317949963567, 0.015302404663589992, 0.025139664804469275, 0.034976924945348556, 0.1809570075297547, 0.15387418022832158, 0.32560116589749816, 0.08027690065581734, 0.05210104444984212, 0.051493806169540926, 0.018217148409035707, 0.00801554529997571, 0.011537527325722614, 0.005100801554529998, 0.0018217148409035706, 0.0020646101530240467, 0.00012144765606023804, 0.00024289531212047608, 0.0, 0.0, 0.0], [0.0, 0.0, 0.0, 0.00011330160888284614, 0.00011330160888284614, 0.00022660321776569228, 0.0007931112621799229, 0.0020394289598912306, 0.002492635395422615, 0.005778382053025153, 0.011216859279401768, 0.016881939723544074, 0.020620892816677998, 0.02605937004305461, 0.04203489689553592, 0.05268524813052345, 0.07455245864491276, 0.04973940629956945, 0.2774756401540902, 0.14865171085429413, 0.09290731928393384, 0.0891683661907999, 0.030931339225016997, 0.013596193065941536, 0.02435984590981192, 0.008044414230682076, 0.004305461137548153, 0.0015862225243598459, 0.0035123498753682303, 0.00011330160888284614, 0.0, 0.0, 0.0], [0.0, 0.0, 0.0, 0.0, 0.0, 0.021739130434782608, 0.02717391304347826, 0.04891304347826087, 0.06521739130434782, 0.04891304347826087, 0.07608695652173914, 0.08152173913043478, 0.06521739130434782, 0.11956521739130435, 0.09239130434782608, 0.14673913043478262, 0.03260869565217391, 0.06521739130434782, 0.03260869565217391, 0.04891304347826087, 0.005434782608695652, 0.005434782608695652, 0.0, 0.005434782608695652, 0.010869565217391304, 0.0, 0.0, 0.0, 0.0, 0.0, 0.0, 0.0, 0.0], [0.0, 0.0, 0.00010758472296933836, 0.00021516944593867672, 0.00032275416890801504, 0.00010758472296933836, 0.00021516944593867672, 0.001183431952662722, 0.0019365250134480904, 0.003980634749865519, 0.007961269499731038, 0.011941904249596557, 0.0185045723507262, 0.09123184507799892, 0.12942442173211405, 0.13749327595481442, 0.1626681011296396, 0.11102743410435718, 0.1495427649273803, 0.056481979558902634, 0.036256051640667024, 0