{"region": {"us": {"histType": {"histogram": {"labels": ["0", "100", "200", "300", "400", "500", "600", "700", "800", "900", "1000", "1100", "1200", "1300", "1400", "1500", "1600", "1700", "1800", "1900", "2000", "2100", "2200", "2300", "2400", "2500", "2600", "2700", "2800", "2900", "3000", "3100", "3200"], "data": [[0.0, 0.0, 0.0028208744710860366, 0.005641748942172073, 0.004231311706629055, 0.007052186177715092, 0.012693935119887164, 0.014104372355430184, 0.036671368124118475, 0.04936530324400564, 0.08321579689703808, 0.10296191819464035, 0.11706629055007052, 0.1325811001410437, 0.1325811001410437, 0.09873060648801128, 0.06770098730606489, 0.04231311706629055, 0.04231311706629055, 0.015514809590973202, 0.014104372355430184, 0.00846262341325811, 0.004231311706629055, 0.005641748942172073, 0.0, 0.0, 0.0, 0.0, 0.0, 0.0, 0.0, 0.0, 0.0], [0.0, 0.00025608194622279127, 0.00025608194622279127, 0.00025608194622279127, 0.001024327784891165, 0.00204865556978233, 0.0046094750320102434, 0.009475032010243278, 0.01587708066581306, 0.028937259923175414, 0.038668373879641484, 0.05531370038412292, 0.0824583866837388, 0.09449423815620998, 0.13060179257362356, 0.13649167733674775, 0.14366197183098592, 0.08322663252240717, 0.10396927016645327, 0.033034571062740076, 0.017157490396927016, 0.006658130601792573, 0.00409731113956466, 0.0028169014084507044, 0.0012804097311139564, 0.0015364916773367477, 0.001024327784891165, 0.0007682458386683739, 0.0, 0.0, 0.0, 0.0, 0.0], [0.0001222195062331948, 0.0, 0.0, 0.0002444390124663896, 0.0002444390124663896, 0.0002444390124663896, 0.0002444390124663896, 0.0006110975311659741, 0.0024443901246638962, 0.0035443656807626497, 0.005010999755560987, 0.007088731361525299, 0.011855292104619898, 0.018699584453678808, 0.024688340259105355, 0.03715472989489123, 0.08787582498166707, 0.16291860180884868, 0.37166951845514545, 0.08763138596920068, 0.05206550965534099, 0.06037643607919824, 0.0235883647030066, 0.009288682473722807, 0.018944023466145196, 0.006477633830359326, 0.0023221706184307018, 0.004033243705695429, 0.0001222195062331948, 0.0004888780249327792, 0.0, 0.0, 0.0], [0.0, 0.0, 0.0, 0.0, 0.00011873664212776063, 0.0, 0.0008311564948943244, 0.0017810496319164094, 0.004511992400854904, 0.007836618380432201, 0.011754927570648301, 0.012467347423414866, 0.025290904773213014, 0.028021847542151507, 0.04203277131322726, 0.04986938969365946, 0.06957967228686773, 0.04167656138684398, 0.26822607456661124, 0.1556637378294942, 0.09012111137497032, 0.09855141296604132, 0.03300878651151745, 0.013892187128947993, 0.02825932082640703, 0.0068867252434101165, 0.0047494656851104254, 0.0020185229161719304, 0.002849679411066255, 0.0, 0.0, 0.0, 0.0], [0.0, 0.0, 0.0, 0.0, 0.010416666666666666, 0.005208333333333333, 0.03125, 0.026041666666666668, 0.057291666666666664, 0.052083333333333336, 0.07291666666666667, 0.08854166666666667, 0.10416666666666667, 0.11458333333333333, 0.09375, 0.10416666666666667, 0.078125, 0.03125, 0.0625, 0.026041666666666668, 0.036458333333333336, 0.005208333333333333, 0.0, 0.0, 0.0, 0.0, 0.0, 0.0, 0.0, 0.0, 0.0, 0.0, 0.0], [0.0, 0.0, 0.0, 0.0, 0.0, 0.0, 0.0, 0.001203632782580151, 0.001313053944632892, 0.004705109968267863, 0.007331217857533647, 0.011379800853485065, 0.021337126600284494, 0.06904475325527958, 0.12309880730933362, 0.14935988620199148, 0.17813765182186234, 0.11084363715942663, 0.14881278039172777, 0.05602363497100339, 0.032716927453769556, 0.0395010395010395, 0.014881278039172776, 0.00765948134369187, 0.011926906663748769, 0.004486267644162381, 0.002954371375424007, 0.001313053944632892, 0.001313053944632892, 0.000656526972316446, 0.0, 0.0, 0.0], [0.0, 0.0, 0.00041152263374485596, 0.0022633744855967077, 0.0016460905349794238, 0.0034979423868312758, 0.0069958847736625515, 0.012962962962962963, 0.01934156378600823, 0.03621399176954732, 0.050411522633744855, 0.0691358024691358, 0.09362139917695474, 0.11337448559670782, 0.12263374485596708, 0.11893004115226337, 0.12037037037037036, 0.06646090534979424, 0.07263374485596708, 0.027777777777777776, 0.01728395061728395, 0.015432098765432098, 0.008436213991769548, 0.0049382716049382715, 0.006172839506172839, 0.003703703703703704, 0.0024691358024691358, 0.001440329218106996, 0.00102880658436214, 0.00020576131687242798, 0.00020576131687242798, 0.0, 0.0], [0.00273224043715847, 0.00273224043715847, 0.0, 0.00819672131147541, 0.00546448087431694, 0.01912568306010929, 0.01366120218579235, 0.03278688524590164, 0.05737704918032787, 0.12568306010928962, 0.11748633879781421, 0.13114754098360656, 0.10109289617486339, 0.11202185792349727, 0.06830601092896176, 0.07103825136612021, 0.05191256830601093, 0.01092896174863388, 0.02185792349726776, 0.03278688524590164, 0.01092896174863388, 0.00273224043715847, 0.0, 0.0, 0.0, 0.0, 0.0, 0.0, 0.0, 0.0, 0.0, 0.0, 0.0], [0.0002173913043478261, 0.0002173913043478261, 0.0004347826086956522, 0.00032608695652173916, 0.0004347826086956522, 0.0013043478260869566, 0.0016304347826086956, 0.004347826086956522, 0.007173913043478261, 0.01608695652173913, 0.025326086956521738, 0.033478260869565214, 0.04065217391304348, 0.045, 0.05576086956521739, 0.06652173913043478, 0.20434782608695654, 0.1348913043478261, 0.14717391304347827, 0.06489130434782608, 0.043152173913043476, 0.042608695652173914, 0.021847826086956523, 0.012934782608695652, 0.018369565217391304, 0.0052173913043478265, 0.002173913043478261, 0.003043478260869565, 0.0004347826086956522, 0.0, 0.0, 0.0, 0.0], [0.0, 0.0, 0.0, 0.0, 0.0003992015968063872, 0.0007984031936127744, 0.0011976047904191617, 0.0015968063872255488, 0.0023952095808383233, 0.009181636726546906, 0.013173652694610778, 0.015968063872255488, 0.022355289421157686, 0.03832335329341317, 0.06147704590818363, 0.07904191616766468, 0.10538922155688622, 0.08862275449101796, 0.17804391217564872, 0.06826347305389222, 0.07385229540918163, 0.09740518962075849, 0.04311377245508982, 0.016766467065868262, 0.04630738522954092, 0.013572854291417165, 0.011976047904191617, 0.00718562874251497, 0.0027944111776447107, 0.0007984031936127744, 0.0, 0.0, 0.0], [0.0, 0.0, 0.00017998560115190784, 0.0, 0.0008999280057595393, 0.0005399568034557236, 0.0012598992080633548, 0.004319654427645789, 0.008639308855291577, 0.014578833693304536, 0.021058315334773217, 0.03005759539236861, 0.05417566594672426, 0.06317494600431965, 0.10133189344852411, 0.12508999280057595, 0.15262778977681785, 0.09611231101511879, 0.14398848092152627, 0.062095032397408205, 0.037976961843052555, 0.03725701943844492, 0.012958963282937365, 0.008459323254139669, 0.013678905687544997, 0.003419726421886249, 0.0026997840172786176, 0.0014398848092152627, 0.0019798416126709864, 0.0, 0.0, 0.0, 0.0], [0.0, 0.0, 0.0004428697962798937, 0.0004428697962798937, 0.0004428697962798937, 0.0033953351048125187, 0.006495423678771774, 0.012843224092116917, 0.02155299675228816, 0.03690581635665781, 0.05963979923235902, 0.07543548863300856, 0.0983170947741364, 0.11942722173014467, 0.13906111603188662, 0.12016533805727783, 0.10186005314437556, 0.059196929436079126, 0.06126365515205196, 0.026719811042220255, 0.018600531443755536, 0.015057573073516387, 0.007824033067611456, 0.004281074697372306, 0.003985828166519044, 0.003690581635665781, 0.0014762326542663124, 0.0002952465308532625, 0.00118098612341305, 0.0, 0.0, 0.0, 0.0], [0.0, 0.0, 0.0, 0.0, 0.00012896569512509673, 0.0005158627805003869, 0.0016765540366262574, 0.0020634511220015478, 0.004384833634253288, 0.005287593500128965, 0.012767603817384576, 0.01921588857363941, 0.027340727366520507, 0.03353108073252515, 0.0473304101109105, 0.04359040495228269, 0.22594789785916947, 0.1545009027598659, 0.21498581377353623, 0.07544493164818158, 0.04010833118390508, 0.04204281661078153, 0.016378643280887284, 0.010704152695383029, 0.013541397988135155, 0.003740005158627805, 0.0018055197317513542, 0.0010317255610007739, 0.001934485426876451, 0.0, 0.0, 0.0, 0.0], [0.00021429336762027214, 0.0, 0.0, 0.00010714668381013607, 0.00010714668381013607, 0.0003214400514304082, 0.0012857602057216328, 0.0016072002571520412, 0.004178720668595307, 0.009964641594342655, 0.016286295939140685, 0.018750669666773814, 0.024965177327761705, 0.06439515696989179, 0.14304082288653167, 0.15075538412086145, 0.17175613414764812, 0.1096110575377692, 0.13479052823315119, 0.05325190185363763, 0.029143897996357013, 0.031608271723990146, 0.011357548483874423, 0.005250187506696668, 0.009107468123861567, 0.0028929604628736743, 0.0018214936247723133, 0.0021429336762027215, 0.0005357334190506804, 0.0006428801028608164, 0.00010714668381013607, 0.0, 0.0], [0.0, 0.0, 0.0, 0.00018355359765051394, 0.0005506607929515419, 0.00018355359765051394, 0.0012848751835535977, 0.0018355359765051395, 0.004038179148311307, 0.0069750367107195305, 0.014684287812041116, 0.02551395007342144, 0.04497063142437592, 0.06534508076358296, 0.09599853157121879, 0.11912628487518355, 0.15859030837004406, 0.11747430249632893, 0.15161527165932454, 0.06938325991189427, 0.04276798825256975, 0.036894273127753306, 0.015602055800293686, 0.006057268722466961, 0.010646108663729809, 0.004588839941262849, 0.002936857562408223, 0.0009177679882525697, 0.0009177679882525697, 0.0009177679882525697, 0.0, 0.0, 0.0], [0.0, 0.0, 0.00025201612903225806, 0.00025201612903225806, 0.0017641129032258064, 0.003276209677419355, 0.0015120967741935483, 0.005544354838709678, 0.010836693548387098, 0.017893145161290324, 0.03024193548387097, 0.046875, 0.06602822580645161, 0.09299395161290322, 0.11567540322580645, 0.12903225806451613, 0.13180443548387097, 0.09526209677419355, 0.10231854838709678, 0.04586693548387097, 0.028729838709677418, 0.030745967741935484, 0.013860887096774193, 0.006300403225806451, 0.012096774193548387, 0.005292338709677419, 0.0022681451612903227, 0.002772177419354839, 0.00025201612903225806, 0.00025201612903225806, 0.0, 0.0, 0.0], [0.00018975332068311195, 0.0, 0.0005692599620493358, 0.0013282732447817836, 0.0005692599620493358, 0.0013282732447817836, 0.003415559772296015, 0.007210626185958254, 0.011954459203036054, 0.020303605313092978, 0.031878557874762806, 0.05313092979127135, 0.07476280834914611, 0.10227703984819735, 0.12428842504743833, 0.12903225806451613, 0.13605313092979127, 0.07950664136622392, 0.1127134724857685, 0.03851992409867173, 0.02314990512333966, 0.022960151802656547, 0.010056925996204934, 0.004554079696394687, 0.004933586337760911, 0.0018975332068311196, 0.0005692599620493358, 0.0013282732447817836, 0.0013282732447817836, 0.00018975332068311195, 0.0, 0.0, 0.0], [0.0, 0.0, 0.0001279754287176862, 0.0002559508574353724, 0.0003839262861530586, 0.0002559508574353724, 0.0007678525723061172, 0.0016636805733299207, 0.0026874840030714103, 0.006270796007166624, 0.012413616585615562, 0.014205272587663168, 0.027770668031737906, 0.033273611466598414, 0.14691579216790376, 0.1576657281801894, 0.17468646019964168, 0.11172254927054005, 0.17468646019964168, 0.04683900691067315, 0.025339134886101868, 0.029178397747632454, 0.010238034297414897, 0.0063987714358843106, 0.008446378295367289, 0.0031993857179421553, 0.001279754287176862, 0.0010238034297414896, 0.001919631430765293, 0.0003839262861530586, 0.0, 0.0, 0.0], [0.0, 0.0, 0.0, 0.006329113924050633, 0.006329113924050633, 0.006329113924050633, 0.0, 0.0189873417721519, 0.05063291139240506, 0.0949367088607595, 0.06329113924050633, 0.08227848101265822, 0.0759493670886076, 0.06329113924050633, 0.04430379746835443, 0.12658227848101267, 0.08860759493670886, 0.08227848101265822, 0.0379746835443038, 0.0379746835443038, 0.05063291139240506, 0.006329113924050633, 0.03164556962025317, 0.0, 0.006329113924050633, 0.006329113924050633, 0.0, 0.012658227848101266, 0.0, 0.0, 0.0, 0.0, 0.0], [0.00022688598979013047, 0.00011344299489506523, 0.0, 0.0, 0.0, 0.00011344299489506523, 0.00022688598979013047, 0.0010209869540555871, 0.0022688598979013048, 0.004651162790697674, 0.00737379466817924, 0.00998298355076574, 0.02166761202495746, 0.02949517867271696, 0.05082246171298922, 0.15870674985819624, 0.2280204197390811, 0.1497447532614861, 0.15519001701644924, 0.06432217810550199, 0.03800340328984685, 0.03777651730005672, 0.013499716392512762, 0.007033465683494044, 0.011003970504821327, 0.003970504821327283, 0.001928530913216109, 0.0022688598979013048, 0.0005672149744753262, 0.0, 0.0, 0.0, 0.0], [0.0, 0.0, 0.0, 0.00012324377618930243, 0.0, 0.00012324377618930243, 0.0009859502095144195, 0.0003697313285679073, 0.0012324377618930244, 0.002218387971407444, 0.004560019719004191, 0.006901651466600937, 0.010968696080847917, 0.015405472023662804, 0.027113630761646537, 0.10340152822282475, 0.19016514666009365, 0.1518363322652206, 0.21432092679319695, 0.09193985703721962, 0.057924574808972146, 0.05693862459945773, 0.01959576041409909, 0.010968696080847917, 0.019472516637909786, 0.007148139018979541, 0.0032043381809218636, 0.0007394626571358146, 0.0016021690904609318, 0.00024648755237860487, 0.0004929751047572097, 0.0, 0.0], [0.0002022653721682848, 0.0001011326860841424, 0.0, 0.0002022653721682848, 0.0002022653721682848, 0.0005056634304207119, 0.0008090614886731392, 0.0018203883495145632, 0.0029328478964401293, 0.0054611650485436895, 0.009911003236245955, 0.013248381877022654, 0.017495954692556635, 0.024777508090614887, 0.033272653721682845, 0.14249595469255663, 0.1688915857605178, 0.13986650485436894, 0.18952265372168284, 0.08474919093851133, 0.051173139158576054, 0.05734223300970874, 0.021642394822006472, 0.011124595469255663, 0.014158576051779935, 0.004146440129449838, 0.0024271844660194173, 0.0013147249190938511, 0.0002022653721682848, 0.0, 0.0, 0.0, 0.0], [0.0, 0.0, 0.0, 0.001451378809869376, 0.001451378809869376, 0.0, 0.0, 0.00725689404934688, 0.00725689404934688, 0.005805515239477504, 0.013062409288824383, 0.026124818577648767, 0.04354136429608128, 0.08563134978229318, 0.12336719883889695, 0.1741654571843251, 0.17271407837445574, 0.12336719883889695, 0.1204644412191582, 0.04934687953555878, 0.023222060957910014, 0.013062409288824383, 0.001451378809869376, 0.00725689404934688, 0.0, 0.0, 0.0, 0.0, 0.0, 0.0, 0.0, 0.0, 0.0], [0.0, 0.0, 0.0, 9.514747859181732e-05, 0.0, 9.514747859181732e-05, 0.000285442435775452, 0.0007611798287345385, 0.0016175071360608943, 0.004852521408182683, 0.007421503330161751, 0.012369172216936251, 0.021027592768791625, 0.027878211227402475, 0.04024738344433872, 0.047573739295908656, 0.0867745004757374, 0.17002854424357755, 0.2862987630827783, 0.09676498572787821, 0.05889628924833492, 0.07478591817316842, 0.01950523311132255, 0.010180780209324452, 0.020076117982873454, 0.005233111322549952, 0.0024738344433872504, 0.0021883920076117983, 0.002378686964795433, 0.00019029495718363463, 0.0, 0.0, 0.0], [0.00010208248264597796, 0.00010208248264597796, 0.00010208248264597796, 0.0, 0.00030624744793793387, 0.00030624744793793387, 0.00030624744793793387, 0.0009187423438138016, 0.0010208248264597796, 0.005206206614944875, 0.00949367088607595, 0.01888525928950592, 0.03174765210289914, 0.04512045732952225, 0.0629848917925684, 0.07513270722743977, 0.09320130665577787, 0.21039199673336056, 0.23223764801959984, 0.09269089424254798, 0.046549612086565946, 0.04185381788485096, 0.015108207431604737, 0.006329113924050633, 0.004185381788485096, 0.0018374846876276032, 0.0034708044099632505, 0.0004083299305839118, 0.0, 0.0, 0.0, 0.0, 0.0], [0.0, 0.00011222085063404781, 0.0, 0.00011222085063404781, 0.00011222085063404781, 0.0003366625519021434, 0.0007855459544383347, 0.001795533610144765, 0.0021321961620469083, 0.0042643923240938165, 0.00819212209628549, 0.014139827179890024, 0.05195825384356413, 0.08562450903377848, 0.1148019301986309, 0.14128605094826618, 0.1580069576927393, 0.1148019301986309, 0.13814386713051285, 0.06160924699809225, 0.03759398496240601, 0.03321737178767815, 0.014139827179890024, 0.006059925934238581, 0.005723263382336438, 0.002356637863315004, 0.0013466502076085736, 0.0013466502076085736, 0.0, 0.0, 0.0, 0.0, 0.0], [0.0, 0.0, 0.0, 0.0, 0.00024594195769798326, 0.0, 0.0008607968519429415, 0.002459419576979833, 0.005041810132808657, 0.008116084604033447, 0.016969995081160847, 0.025823905558288243, 0.043162813575996065, 0.06837186424003935, 0.10415641908509592, 0.1262911952779144, 0.15346778160354158, 0.09763895720609936, 0.1658878504672897, 0.05890309886866699, 0.036276438760452535, 0.037998032464338416, 0.015617314313821937, 0.006148548942449582, 0.012174126906050173, 0.004918839153959666, 0.004058042302016724, 0.002459419576979833, 0.001967535661583866, 0.0004918839153959665, 0.0004918839153959665, 0.0, 0.0], [0.0, 0.00017546938059308652, 0.00017546938059308652, 0.00017546938059308652, 0.0008773469029654326, 0.001052816283558519, 0.001754693805930865, 0.0022811019477101246, 0.0056150201789787685, 0.01754693805930865, 0.04228812072293385, 0.060185997543428675, 0.07948762940866819, 0.10563256711703807, 0.12581154588524301, 0.11896824004211265, 0.14651693279522723, 0.07755746622214424, 0.11282681172135463, 0.030005264081417793, 0.023863835760659764, 0.020880856290577295, 0.008597999649061239, 0.004562203895420249, 0.006843305843130374, 0.002105632567117038, 0.002105632567117038, 0.00017546938059308652, 0.001052816283558519, 0.0008773469029654326, 0.0, 0.0, 0.0], [0.0, 0.0, 0.0, 0.0007292173067574137, 0.0009722897423432182, 0.0021876519202722413, 0.003889158969372873, 0.006806028196402528, 0.013612056392805057, 0.015313563441905688, 0.026494895478852698, 0.0427807486631016, 0.05371900826446281, 0.08191541079241614, 0.12372386971317452, 0.13125911521633446, 0.1497326203208556, 0.0962566844919786, 0.11011181332036947, 0.04861448711716091, 0.027953330092367525, 0.02236266407389402, 0.012396694214876033, 0.009236752552260573, 0.008264462809917356, 0.0031599416626154593, 0.00267379679144385, 0.003403014098201264, 0.0014584346135148275, 0.0009722897423432182, 0.0, 0.0, 0.0], [0.00022686025408348456, 0.0, 0.0, 0.0, 0.00045372050816696913, 0.00045372050816696913, 0.0017014519056261343, 0.0034029038112522686, 0.004877495462794919, 0.009528130671506351, 0.017127949183303084, 0.041401996370235936, 0.08495916515426498, 0.12023593466424683, 0.14689201451905626, 0.15086206896551724, 0.13815789473684212, 0.08030852994555354, 0.09596188747731398, 0.03425589836660617, 0.020644283121597096, 0.02438747731397459, 0.008734119782214157, 0.004083484573502722, 0.007259528130671506, 0.002268602540834846, 0.0005671506352087115, 0.0009074410163339383, 0.00011343012704174228, 0.00022686025408348456, 0.0, 0.0, 0.0], [0.0, 0.0, 0.0, 0.0002874389192296637, 0.00014371945961483184, 0.00014371945961483184, 0.0014371945961483186, 0.00043115837884449555, 0.002012072434607646, 0.004599022707674619, 0.0074734118999712565, 0.00862316757688991, 0.014515665421098016, 0.06223052601322219, 0.11468812877263582, 0.13912043690715722, 0.17447542397240587, 0.11109514228226502, 0.1664271342339753, 0.05921241736131072, 0.03707962058062662, 0.04038516815176775, 0.018970968669157803, 0.008335728657660248, 0.013940787582638689, 0.004742742167289451, 0.004886461626904283, 0.0022995113538373095, 0.0014371945961483186, 0.0005748778384593274, 0.00043115837884449555, 0.0, 0.0], [0.0, 0.0, 0.0001760253476500616, 0.0003520506953001232, 0.0010561520859003696, 0.0014082027812004929, 0.002288329519450801, 0.004752684386551663, 0.007745115296602711, 0.018306636155606407, 0.03080443583876078, 0.04242210878366485, 0.06847386023587397, 0.09223728216863228, 0.11758493223024115, 0.13237106143284633, 0.14557296250660096, 0.08994895264918149, 0.12216159126914275, 0.04418236226016546, 0.026755852842809364, 0.02165111776095758, 0.010033444816053512, 0.0044006336912515405, 0.005280760429501848, 0.0012321774335504313, 0.002288329519450801, 0.0038725576483013553, 0.0024643548671008627, 0.0001760253476500616, 0.0, 0.0, 0.0], [0.00012087513598452798, 0.0, 0.0, 0.0, 0.00012087513598452798, 0.0010878762238607518, 0.0007252508159071679, 0.0024175027196905595, 0.0029010032636286715, 0.005681131391272815, 0.013658890366251663, 0.021394899069261453, 0.034570288891575006, 0.04206454732261574, 0.056448688504774566, 0.11591925540916234, 0.21008098634110964, 0.1507312945727064, 0.16100568113139127, 0.07288770699867038, 0.04532817599419799, 0.03348241266771425, 0.013538015230267134, 0.005439381119303759, 0.005681131391272815, 0.0020548773117369757, 0.0022966275837060317, 0.00024175027196905597, 0.00012087513598452798, 0.0, 0.0, 0.0, 0.0], [0.0, 0.0, 0.0, 0.00015323322096230462, 0.00015323322096230462, 0.00045969966288691386, 0.0006129328838492185, 0.001685565430585351, 0.002604964756359179, 0.0056696291756052715, 0.024057615691081828, 0.03371130861170702, 0.06895494943303708, 0.09822249463683727, 0.13331290223720502, 0.14572479313515171, 0.15675758504443763, 0.1028194912657064, 0.10956175298804781, 0.04183266932270916, 0.025589947900704874, 0.01946061906221269, 0.009347226478700583, 0.004443763407906834, 0.007048728164266013, 0.002604964756359179, 0.0027581979773214833, 0.001225865767698437, 0.001225865767698437, 0.0, 0.0, 0.0, 0.0], [0.0, 0.0, 0.0, 0.0001570105197048202, 0.0, 0.0004710315591144607, 0.0009420631182289214, 0.0009420631182289214, 0.0023551577955723034, 0.0015701051970482022, 0.0053383576699638875, 0.010362694300518135, 0.040194693044433974, 0.06406029203956665, 0.09263620662584393, 0.1180719108180248, 0.1552834039880672, 0.10959334275396451, 0.18024807662113362, 0.06955566022923536, 0.04160778772177736, 0.046161092793217146, 0.02025435704192181, 0.011147746899042237, 0.0163290940493013, 0.006437431307897629, 0.002826189354686764, 0.0007850525985241011, 0.0023551577955723034, 0.0003140210394096404, 0.0, 0.0, 0.0], [0.0, 0.0, 0.0001183011948420679, 0.0, 0.0002366023896841358, 0.0003549035845262037, 0.0003549035845262037, 0.001301313143262747, 0.0009464095587365432, 0.0033124334555779014, 0.006624866911155803, 0.016207263693363304, 0.026736070034307346, 0.04471785165030167, 0.055010055601561574, 0.15840529989352892, 0.18111912930320595, 0.10978350881343901, 0.18253874364131079, 0.06482905477345322, 0.04400804448124926, 0.04010410505146102, 0.023423636578729444, 0.012303324263575062, 0.01644386608304744, 0.004377144209156513, 0.0028392286762096296, 0.0020111203123151546, 0.0010647107535786111, 0.0008281083638944754, 0.0, 0.0, 0.0], [0.0, 0.0, 0.0, 0.0, 9.717228646390049e-05, 9.717228646390049e-05, 9.717228646390049e-05, 0.0008745505781751045, 0.0018462734428141094, 0.004858614323195024, 0.008939850354678846, 0.016616460985326986, 0.027888446215139442, 0.03634243513749878, 0.053736274414536975, 0.057234476727237395, 0.06996404625400836, 0.0765717617335536, 0.332037702847148, 0.11476047031386649, 0.06539694879020504, 0.07249052570206976, 0.018657079001068895, 0.008842678068214945, 0.0199203187250996, 0.004955786609658925, 0.0030123408803809154, 0.002526479448061413, 0.0018462734428141094, 0.00038868914585560196, 0.0, 0.0, 0.0], [0.0, 0.0, 0.0, 0.0, 0.0, 0.00010447137484329294, 0.0005223568742164647, 0.0031341412452987882, 0.005536982866694525, 0.00992478061011283, 0.018595904722106142, 0.034371082323443373, 0.051817801922273296, 0.07856247388215629, 0.11606769745089845, 0.13842457166736313, 0.17488508148767237, 0.10854575846218137, 0.1525282072712077, 0.046071876305892184, 0.02277475971583786, 0.02423735896364396, 0.006372753865440869, 0.003238612620142081, 0.002089427496865859, 0.0006268282490597576, 0.0007312996239030506, 0.0005223568742164647, 0.0003134141245298788, 0.0, 0.0, 0.0, 0.0], [0.0, 0.0030211480362537764, 0.0, 0.0030211480362537764, 0.006042296072507553, 0.021148036253776436, 0.021148036253776436, 0.03927492447129909, 0.08459214501510574, 0.06042296072507553, 0.0513595166163142, 0.0755287009063444, 0.07854984894259819, 0.1148036253776435, 0.12084592145015106, 0.10574018126888217, 0.08157099697885196, 0.04833836858006042, 0.04229607250755287, 0.015105740181268883, 0.012084592145015106, 0.00906344410876133, 0.0, 0.006042296072507553, 0.0, 0.0, 0.0, 0.0, 0.0, 0.0, 0.0, 0.0, 0.0]]}, "ranks": {"labels": ["Unranked", "Combatatent I", "Combatatent II", "Challenger I", "Challenger II", "Rival I", "Rival II", "Duelist", "Elite"], "data": [[0.1325811001410437, 0.1861777150916784, 0.24964739069111425, 0.231311706629055, 0.11001410437235543, 0.05500705218617771, 0.01692524682651622, 0.018335684062059238, 0.0], [0.06274007682458387, 0.0939820742637644, 0.17695262483994878, 0.2670934699103713, 0.2268886043533931, 0.12291933418693982, 0.031241997439180536, 0.01357234314980794, 0.0046094750320102434], [0.007699828892691274, 0.012099731117086288, 0.030554876558298704, 0.06184307015399658, 0.2507944267905158, 0.4193351258860914, 0.0920312881935957, 0.09325348325592765, 0.032388169151796625], [0.0150795535502256, 0.024222274994063167, 0.053312752315364524, 0.09190216100688672, 0.11125623367371171, 0.35241035383519353, 0.1616005699358822, 0.14545238660650678, 0.044763714082165756], [0.18229166666666666, 0.16145833333333334, 0.21875, 0.19791666666666666, 0.109375, 0.08854166666666667, 0.036458333333333336, 0.005208333333333333, 0.0], [0.007221796695480906, 0.018711018711018712, 0.09038187985556406, 0.27245869351132507, 0.288981288981289, 0.18054491738702266, 0.05700842542947806, 0.062041798883904146, 0.022650180544917388], [0.08333333333333333, 0.11954732510288066, 0.20699588477366254, 0.24156378600823045, 0.1868312757201646, 0.09032921810699589, 0.027366255144032924, 0.02880658436213992, 0.015226337448559672], [0.2677595628415301, 0.24863387978142076, 0.21311475409836064, 0.13934426229508196, 0.06284153005464481, 0.03825136612021858, 0.0273224043715847, 0.00273224043715847, 0.0], [0.03217391304347826, 0.058804347826086956, 0.08565217391304347, 0.12228260869565218, 0.3392391304347826, 0.18369565217391304, 0.07152173913043479, 0.07739130434782608, 0.029239130434782608], [0.015568862275449102, 0.029141716566866267, 0.06067864271457086, 0.1405189620758483, 0.19401197604790418, 0.212375249500998, 0.10778443113772455, 0.15728542914171656, 0.08263473053892216], [0.030417566594672426, 0.051115910727141826, 0.11735061195104392, 0.22642188624910006, 0.24874010079193665, 0.1810655147588193, 0.06299496040316775, 0.05867530597552196, 0.023218142548596114], [0.08252140537348686, 0.13507528786536757, 0.21774431650428108, 0.25922645408916445, 0.16105698258045467, 0.07543548863300856, 0.03114850900501919, 0.02716268083850015, 0.010628875110717449], [0.014057260768635543, 0.031983492391023986, 0.06087180809904565, 0.09092081506319319, 0.38044880061903535, 0.25857621872581893, 0.07196285787980397, 0.06912561258705184, 0.02205313386639154], [0.017786349512482588, 0.035036965605914495, 0.08936033429765348, 0.2937962070073931, 0.28136719168541735, 0.16489874638379942, 0.05228758169934641, 0.048216007714561235, 0.017250616093431908], [0.015051395007342145, 0.040198237885462555, 0.11031571218795888, 0.21512481644640236, 0.27606461086637296, 0.18997797356828194, 0.07378854625550661, 0.05855359765051395, 0.02092511013215859], [0.04133064516129032, 0.07711693548387097, 0.15902217741935484, 0.2447076612903226, 0.22706653225806453, 0.1272681451612903, 0.049647177419354836, 0.05090725806451613, 0.022933467741935484], [0.04686907020872865, 0.08500948766603415, 0.17703984819734345, 0.25332068311195444, 0.21555977229601517, 0.13681214421252372, 0.03757115749525617, 0.03757115749525617, 0.010246679316888045], [0.012413616585615562, 0.02661888917327873, 0.06104427949833632, 0.30458152034809316, 0.2864090094701817, 0.2011773739442027, 0.04568722805221397, 0.04581520348093166, 0.016252879447146148], [0.18354430379746836, 0.14556962025316456, 0.13924050632911392, 0.17088607594936708, 0.17088607594936708, 0.056962025316455694, 0.06962025316455696, 0.0379746835443038, 0.02531645569620253], [0.008621667612024958, 0.01735677821894498, 0.05116279069767442, 0.20952921157118548, 0.3777651730005672, 0.19353374929098127, 0.0639818491208168, 0.05830969937606353, 0.01973908111174135], [0.0050529948237614, 0.011461671185605126, 0.026374168104510723, 0.13051515898447127, 0.3420014789253143, 0.26509736258318956, 0.09908799605619917, 0.08750308109440473, 0.03290608824254375], [0.01223705501618123, 0.023159385113268607, 0.04227346278317152, 0.17576860841423947, 0.30875809061488674, 0.23624595469255663, 0.0891990291262136, 0.09010922330097088, 0.022249190938511326], [0.023222060957910014, 0.03918722786647315, 0.12917271407837447, 0.29753265602322204, 0.2960812772133527, 0.14949201741654572, 0.04354136429608128, 0.02177068214804064, 0.0], [0.007706945765937202, 0.019790675547098003, 0.048905803996194104, 0.08782112274024738, 0.2568030447193149, 0.3429115128449096, 0.09904852521408182, 0.10447193149381541, 0.03254043767840152], [0.008370763576970192, 0.02837893017558187, 0.0768681094324214, 0.13811759902000817, 0.3035933033891384, 0.28399346672111064, 0.0874846876276031, 0.06329113924050633, 0.00990200081665986], [0.00965099315452811, 0.022331949276175513, 0.1375827628773426, 0.25608798114689707, 0.2728088878913702, 0.17315677252833578, 0.06419032656267534, 0.05341712490180676, 0.010773201660868589], [0.016724053123462864, 0.04279390063944909, 0.11153467781603542, 0.23044761436301034, 0.2511067388096409, 0.19663059517953763, 0.06443679291687161, 0.05976389572060994, 0.026561731431382195], [0.02965432532023162, 0.10247411826636252, 0.18512019652570627, 0.24477978592735566, 0.22407439901737147, 0.12932093349710475, 0.037374978066327426, 0.034041059835058785, 0.013160203544481488], [0.04350996596985902, 0.0692756441419543, 0.13563441905687895, 0.254982984929509, 0.24598930481283424, 0.13733592610597958, 0.049343704423918326, 0.043996110841030625, 0.019931939718035974], [0.020644283121597096, 0.05852994555353902, 0.2051950998185118, 0.2977540834845735, 0.21846642468239563, 0.11456442831215971, 0.036297640653357534, 0.03720508166969147, 0.011343012704174229], [0.009054325955734407, 0.01609657947686117, 0.07674619143432021, 0.25380856567979304, 0.28557056625467087, 0.19876401264731244, 0.06395515952860018, 0.0676918654785858, 0.028312733544121876], [0.03608519626826263, 0.07322654462242563, 0.16071114240450624, 0.2499559936630875, 0.23552191515578244, 0.14803731737370182, 0.04506248899841577, 0.03608519626826263, 0.01531420524555536], [0.013054514686329023, 0.035053789435513114, 0.07663483621419075, 0.1723679439139369, 0.360812280913816, 0.20113622627825456, 0.07808533784600508, 0.05245980901728514, 0.010395261694669406], [0.011339258351210543, 0.05776892430278884, 0.16717744406987434, 0.27903769537235673, 0.25957707631014404, 0.1330064357952804, 0.043977934416181426, 0.0332516089488201, 0.014863622433343548], [0.006437431307897629, 0.01570105197048202, 0.10425498508400063, 0.21070811744386875, 0.2648767467420317, 0.21761658031088082, 0.07379494426126551, 0.07756319673418119, 0.02904694614539174], [0.006624866911155803, 0.022832130604519104, 0.07145392168460901, 0.2134153554950905, 0.29090263811664496, 0.2174375961197208, 0.07393824677629245, 0.07583106589376552, 0.02756417839820182], [0.00787095520357594, 0.02555631134000583, 0.06423088135263823, 0.11097075114177436, 0.14653580798756194, 0.39539403362161113, 0.1168010883296084, 0.0999902827713536, 0.03264988825187057], [0.0192227329711659, 0.05296698704554952, 0.1303802758044296, 0.2544922691182616, 0.28343083994985374, 0.17864605098203093, 0.04272879231090681, 0.03384872544922691, 0.00428332636857501], [0.23867069486404835, 0.1268882175226586, 0.1933534743202417, 0.22658610271903323, 0.1299093655589124, 0.045317220543806644, 0.02416918429003021, 0.015105740181268883, 0.0]]}, "ranksDetailed": {"labels": ["Unranked", "Combatatant", "Challenger", "Rival", "Duelist", "Elite"], "data": [[0.1325811001410437, 0.43582510578279265, 0.34132581100141046, 0.07193229901269393, 0.018335684062059238, 0.0], [0.06274007682458387, 0.2709346991037132, 0.4939820742637644, 0.15416133162612036, 0.01357234314980794, 0.0046094750320102434], [0.007699828892691274, 0.04265460767538499, 0.3126374969445123, 0.5113664140796871, 0.09325348325592765, 0.032388169151796625], [0.0150795535502256, 0.07753502730942768, 0.20315839468059843, 0.5140109237710757, 0.14545238660650678, 0.044763714082165756], [0.18229166666666666, 0.3802083333333333, 0.3072916666666667, 0.125, 0.005208333333333333, 0.0], [0.007221796695480906, 0.10909289856658277, 0.5614399824926141, 0.2375533428165007, 0.062041798883904146, 0.022650180544917388], [0.08333333333333333, 0.32654320987654323, 0.4283950617283951, 0.1176954732510288, 0.02880658436213992, 0.015226337448559672], [0.2677595628415301, 0.46174863387978143, 0.20218579234972678, 0.06557377049180328, 0.00273224043715847, 0.0], [0.03217391304347826, 0.14445652173913043, 0.46152173913043476, 0.25521739130434784, 0.07739130434782608, 0.029239130434782608], [0.015568862275449102, 0.08982035928143713, 0.3345309381237525, 0.3201596806387226, 0.15728542914171656, 0.08263473053892216], [0.030417566594672426, 0.16846652267818574, 0.47516198704103674, 0.24406047516198703, 0.05867530597552196, 0.023218142548596114], [0.08252140537348686, 0.35281960436964865, 0.42028343666961915, 0.10658399763802776, 0.02716268083850015, 0.010628875110717449], [0.014057260768635543, 0.09285530049006964, 0.4713696156822285, 0.33053907660562293, 0.06912561258705184, 0.02205313386639154], [0.017786349512482588, 0.12439729990356799, 0.5751633986928104, 0.21718632808314584, 0.048216007714561235, 0.017250616093431908], [0.015051395007342145, 0.15051395007342144, 0.4911894273127753, 0.26376651982378857, 0.05855359765051395, 0.02092511013215859], [0.04133064516129032, 0.2361391129032258, 0.4717741935483871, 0.17691532258064516, 0.05090725806451613, 0.022933467741935484], [0.04686907020872865, 0.2620493358633776, 0.46888045540796963, 0.17438330170777988, 0.03757115749525617, 0.010246679316888045], [0.012413616585615562, 0.08766316867161505, 0.5909905298182749, 0.2468646019964167, 0.04581520348093166, 0.016252879447146148], [0.18354430379746836, 0.2848101265822785, 0.34177215189873417, 0.12658227848101267, 0.0379746835443038, 0.02531645569620253], [0.008621667612024958, 0.0685195689166194, 0.5872943845717526, 0.25751559841179805, 0.05830969937606353, 0.01973908111174135], [0.0050529948237614, 0.03783583929011585, 0.47251663790978554, 0.3641853586393887, 0.08750308109440473, 0.03290608824254375], [0.01223705501618123, 0.06543284789644013, 0.4845266990291262, 0.32544498381877024, 0.09010922330097088, 0.022249190938511326], [0.023222060957910014, 0.1683599419448476, 0.5936139332365747, 0.193033381712627, 0.02177068214804064, 0.0], [0.007706945765937202, 0.0686964795432921, 0.3446241674595623, 0.4419600380589914, 0.10447193149381541, 0.03254043767840152], [0.008370763576970192, 0.10524703960800327, 0.44171090240914657, 0.3714781543487138, 0.06329113924050633, 0.00990200081665986], [0.00965099315452811, 0.15991471215351813, 0.5288968690382673, 0.23734709909101112, 0.05341712490180676, 0.010773201660868589], [0.016724053123462864, 0.1543285784554845, 0.4815543531726513, 0.2610673880964092, 0.05976389572060994, 0.026561731431382195], [0.02965432532023162, 0.28759431479206876, 0.46885418494472714, 0.1666959115634322, 0.034041059835058785, 0.013160203544481488], [0.04350996596985902, 0.20491006319883326, 0.5009722897423432, 0.18667963052989792, 0.043996110841030625, 0.019931939718035974], [0.020644283121597096, 0.2637250453720508, 0.5162205081669692, 0.15086206896551724, 0.03720508166969147, 0.011343012704174229], [0.009054325955734407, 0.09284277091118137, 0.539379131934464, 0.2627191721759126, 0.0676918654785858, 0.028312733544121876], [0.03608519626826263, 0.23393768702693188, 0.48547790881886993, 0.19309980637211757, 0.03608519626826263, 0.01531420524555536], [0.013054514686329023, 0.11168862564970386, 0.533180224827753, 0.27922156412425964, 0.05245980901728514, 0.010395261694669406], [0.011339258351210543, 0.22494636837266319, 0.5386147716825007, 0.17698437021146185, 0.0332516089488201, 0.014863622433343548], [0.006437431307897629, 0.11995603705448266, 0.47558486418590046, 0.2914115245721463, 0.07756319673418119, 0.02904694614539174], [0.006624866911155803, 0.09428605228912812, 0.5043179936117355, 0.29137584289601326, 0.07583106589376552, 0.02756417839820182], [0.00787095520357594, 0.08978719269264406, 0.2575065591293363, 0.5121951219512195, 0.0999902827713536, 0.03264988825187057], [0.0192227329711659, 0.1833472628499791, 0.5379231090681154, 0.22137484329293775, 0.03384872544922691, 0.00428332636857501], [0.23867069486404835, 0.3202416918429003, 0.3564954682779456, 0.06948640483383686, 0.015105740181268883, 0.0]]}}}, "eu": {"histType": {"histogram": {"labels": ["0", "100", "200", "300", "400", "500", "600", "700", "800", "900", "1000", "1100", "1200", "1300", "1400", "1500", "1600", "1700", "1800", "1900", "2000", "2100", "2200", "2300", "2400", "2500", "2600", "2700", "2800", "2900", "3000", "3100", "3200"], "data": [[0.0, 0.0, 0.00186219739292365, 0.0, 0.00186219739292365, 0.0074487895716946, 0.01303538175046555, 0.0260707635009311, 0.048417132216014895, 0.0782122905027933, 0.0782122905027933, 0.10614525139664804, 0.10242085661080075, 0.1191806331471136, 0.14152700186219738, 0.0931098696461825, 0.0633147113594041, 0.0335195530726257, 0.035381750465549346, 0.020484171322160148, 0.01303538175046555, 0.00558659217877095, 0.0037243947858473, 0.0074487895716946, 0.0, 0.0, 0.0, 0.0, 0.0, 0.0, 0.0, 0.0, 0.0], [0.0, 0.0002822466836014677, 0.000846740050804403, 0.0011289867344058708, 0.001693480101608806, 0.003951453570420547, 0.007056167090036692, 0.01100762066045724, 0.019757267852102738, 0.03471634208298052, 0.04515946937623483, 0.06209427039232289, 0.0821337849280271, 0.10499576629974598, 0.13576065481230595, 0.12955122777307368, 0.14027660174992942, 0.06915043748235958, 0.09539937905729608, 0.02342647473892182, 0.011854360711261643, 0.009314140558848433, 0.004233700254022015, 0.002822466836014677, 0.0019757267852102737, 0.0011289867344058708, 0.0002822466836014677, 0.0, 0.0, 0.0, 0.0, 0.0, 0.0], [0.0, 0.0, 0.0, 0.00012289541600098315, 0.00012289541600098315, 0.00012289541600098315, 0.0, 0.000737372496005899, 0.0018434312400147474, 0.0027036991520216296, 0.005776084552046209, 0.009585842448076688, 0.01204375076809635, 0.014993240752119946, 0.024947769448199583, 0.034410716480275286, 0.18139363401745115, 0.1547253287452378, 0.32616443406660933, 0.08037360206464299, 0.05198476096841588, 0.05149317930441195, 0.01818852156814551, 0.007865306624062922, 0.011429273688091435, 0.005038712056040309, 0.0015976404080127811, 0.0020892220720167137, 0.00012289541600098315, 0.00012289541600098315, 0.0, 0.0, 0.0], [0.0, 0.0, 0.0, 0.00011419435879867534, 0.00011419435879867534, 0.00022838871759735068, 0.0007993605115907274, 0.0020554984583761563, 0.0025122758935708575, 0.005823912298732443, 0.011191047162270184, 0.016900765102203952, 0.020440790224962885, 0.025922119447299302, 0.041338357885120476, 0.05252940504739066, 0.07399794450154162, 0.0491035742834304, 0.27806326367477446, 0.148795249514674, 0.09363937421491378, 0.08964257165696014, 0.031060865593239693, 0.013703323055841042, 0.024437592782916524, 0.008107799474705949, 0.004339385634349663, 0.0014845266643827796, 0.003540025122758936, 0.00011419435879867534, 0.0, 0.0, 0.0], [0.0, 0.0, 0.0, 0.0, 0.0, 0.021739130434782608, 0.02717391304347826, 0.04891304347826087, 0.06521739130434782, 0.04891304347826087, 0.07608695652173914, 0.08152173913043478, 0.06521739130434782, 0.11956521739130435, 0.09239130434782608, 0.14673913043478262, 0.03260869565217391, 0.06521739130434782, 0.03260869565217391, 0.04891304347826087, 0.005434782608695652, 0.005434782608695652, 0.0, 0.005434782608695652, 0.010869565217391304, 0.0, 0.0, 0.0, 0.0, 0.0, 0.0, 0.0, 0.0], [0.0, 0.0, 0.00010862480990658266, 0.00010862480990658266, 0.000325874429719748, 0.00010862480990658266, 0.00021724961981316532, 0.0011948729089724093, 0.001955246578318488, 0.003801868346730393, 0.007929611123180535, 0.011948729089724093, 0.018466217684119053, 0.09178796437106235, 0.13002389745817944, 0.13773625896154681, 0.16250271562024765, 0.11144905496415382, 0.14935911362155116, 0.05626765153160982, 0.036172061698892026, 0.03834455789702368, 0.014229850097762328, 0.005431240495329133, 0.010753856180751684, 0.004344992396263307, 0.0024983706278514013, 0.0007603736693460786, 0.0