{"region": {"us": {"histType": {"histogram": {"labels": ["0", "100", "200", "300", "400", "500", "600", "700", "800", "900", "1000", "1100", "1200", "1300", "1400", "1500", "1600", "1700", "1800", "1900", "2000", "2100", "2200", "2300", "2400", "2500", "2600", "2700", "2800", "2900", "3000", "3100", "3200"], "data": [[0.0, 0.0, 0.002789400278940028, 0.005578800557880056, 0.0041841004184100415, 0.00697350069735007, 0.012552301255230125, 0.01394700139470014, 0.03626220362622036, 0.04881450488145049, 0.08228730822873083, 0.10181311018131102, 0.11854951185495119, 0.13249651324965134, 0.13249651324965134, 0.09902370990237098, 0.06694560669456066, 0.04184100418410042, 0.044630404463040445, 0.016736401673640166, 0.01394700139470014, 0.008368200836820083, 0.0041841004184100415, 0.005578800557880056, 0.0, 0.0, 0.0, 0.0, 0.0, 0.0, 0.0, 0.0, 0.0], [0.0, 0.0002544529262086514, 0.0002544529262086514, 0.0002544529262086514, 0.0010178117048346056, 0.002035623409669211, 0.004834605597964376, 0.009414758269720101, 0.015776081424936386, 0.02875318066157761, 0.03867684478371501, 0.0549618320610687, 0.0821882951653944, 0.09414758269720101, 0.13053435114503817, 0.1366412213740458, 0.1435114503816794, 0.083206106870229, 0.10432569974554708, 0.03358778625954199, 0.017048346055979643, 0.006870229007633588, 0.004071246819338422, 0.0027989821882951653, 0.0015267175572519084, 0.0015267175572519084, 0.0010178117048346056, 0.0007633587786259542, 0.0, 0.0, 0.0, 0.0, 0.0], [0.00012038040207054291, 0.0, 0.0, 0.00024076080414108582, 0.00024076080414108582, 0.00024076080414108582, 0.00024076080414108582, 0.0006019020103527145, 0.002527988443481401, 0.0034910316600457445, 0.005296737691103889, 0.006982063320091489, 0.011797279402913205, 0.019140483929216325, 0.025279884434814014, 0.03779944625015048, 0.08799807391356687, 0.16203202118695076, 0.36932707355242567, 0.0875165523052847, 0.05236547490068617, 0.06067172264355363, 0.02359455880582641, 0.009750812567713976, 0.019260864331286865, 0.006380161309738774, 0.002407608041410858, 0.004092933670398459, 0.00012038040207054291, 0.00048152160828217165, 0.0, 0.0, 0.0], [0.0, 0.0, 0.0, 0.0, 0.00011732957878681215, 0.0, 0.0008213070515076851, 0.0017599436818021823, 0.004810512730259299, 0.007861081778716415, 0.011615628299894404, 0.012906253666549338, 0.02557784817552505, 0.028041769330048105, 0.04212131878446557, 0.0502170597207556, 0.07063240642966091, 0.04200398920567875, 0.26762876921271855, 0.15510970315616568, 0.08999178692948492, 0.09808752786577496, 0.03261762290273378, 0.013727560718057022, 0.028041769330048105, 0.006805115569635105, 0.0046931831514724865, 0.0019946028393758065, 0.0028159098908834917, 0.0, 0.0, 0.0, 0.0], [0.0, 0.0, 0.0, 0.0, 0.010362694300518135, 0.0051813471502590676, 0.031088082901554404, 0.025906735751295335, 0.05699481865284974, 0.05181347150259067, 0.07253886010362694, 0.08808290155440414, 0.10362694300518134, 0.11398963730569948, 0.09326424870466321, 0.10362694300518134, 0.07772020725388601, 0.031088082901554404, 0.06217616580310881, 0.031088082901554404, 0.03626943005181347, 0.0051813471502590676, 0.0, 0.0, 0.0, 0.0, 0.0, 0.0, 0.0, 0.0, 0.0, 0.0, 0.0], [0.0, 0.0, 0.0, 0.0, 0.0, 0.0, 0.0, 0.001404949746028315, 0.0012968766886415216, 0.004755214525018913, 0.0072408948449151625, 0.011347671025613315, 0.0215065384199719, 0.06841024532584027, 0.12287906624878418, 0.149140819193775, 0.17723981411434128, 0.11088295687885011, 0.1490327461363882, 0.056197989841132605, 0.03285420944558522, 0.039770885118339996, 0.014806008861990705, 0.007997406246622717, 0.012212255484707663, 0.004755214525018913, 0.002917972549443424, 0.001404949746028315, 0.0012968766886415216, 0.0006484383443207608, 0.0, 0.0, 0.0], [0.0, 0.0, 0.00040766408479412964, 0.002242152466367713, 0.0016306563391765185, 0.003465144720750102, 0.006930289441500204, 0.012841418671015084, 0.019160211985324093, 0.03587443946188341, 0.05034651447207501, 0.06909906237260498, 0.09355890746025275, 0.11271911944557685, 0.12189156135344476, 0.12005707297187118, 0.11985324092947411, 0.06706074194863433, 0.07297187117814921, 0.028536485935589075, 0.017529555646147575, 0.015491235222176927, 0.008357113738279657, 0.004891969017529555, 0.006114961271911945, 0.0036689767631471666, 0.0024459845087647777, 0.0014268242967794538, 0.0010191602119853241, 0.00020383204239706482, 0.00020383204239706482, 0.0, 0.0], [0.0027100271002710027, 0.0027100271002710027, 0.0, 0.008130081300813009, 0.005420054200542005, 0.018970189701897018, 0.013550135501355014, 0.03523035230352303, 0.056910569105691054, 0.12466124661246612, 0.11653116531165311, 0.13008130081300814, 0.1002710027100271, 0.1111111111111111, 0.06775067750677506, 0.07046070460704607, 0.051490514905149054, 0.013550135501355014, 0.02168021680216802, 0.032520325203252036, 0.01084010840108401, 0.0027100271002710027, 0.0027100271002710027, 0.0, 0.0, 0.0, 0.0, 0.0, 0.0, 0.0, 0.0, 0.0, 0.0], [0.0002135155332550443, 0.0002135155332550443, 0.0004270310665100886, 0.00032027329988256647, 0.0005337888331376108, 0.0012810931995302659, 0.0016013664994128324, 0.004377068431728408, 0.00747304366392655, 0.016227180527383367, 0.02572862175723284, 0.03437600085406213, 0.0414220134514786, 0.045799081883207006, 0.057008647379096826, 0.06672360414220134, 0.20316002989217466, 0.13344720828440268, 0.1456175936799402, 0.06490872210953347, 0.04302337995089143, 0.04259634888438134, 0.021778584392014518, 0.013024447528557703, 0.018042062560051243, 0.0051243727981210635, 0.002135155332550443, 0.0029892174655706204, 0.0004270310665100886, 0.0, 0.0, 0.0, 0.0], [0.0, 0.0, 0.0, 0.0, 0.0003940110323089047, 0.0007880220646178094, 0.001182033096926714, 0.0015760441292356187, 0.002364066193853428, 0.009062253743104806, 0.013002364066193853, 0.015760441292356184, 0.02206461780929866, 0.037825059101654845, 0.06107171000788022, 0.07880220646178093, 0.10480693459416864, 0.08825847123719464, 0.1773049645390071, 0.06895193065405832, 0.07368006304176516, 0.09732072498029945, 0.04373522458628842, 0.016548463356973995, 0.04767533490937746, 0.013790386130811664, 0.012214342001576044, 0.008274231678486997, 0.0027580772261623326, 0.0007880220646178094, 0.0, 0.0, 0.0], [0.0, 0.0, 0.00017844396859386153, 0.0, 0.0008922198429693076, 0.0005353319057815846, 0.0012491077801570307, 0.004461099214846539, 0.008565310492505354, 0.014632405424696645, 0.02123483226266952, 0.029800142755174876, 0.05371163454675232, 0.06299072091363311, 0.10135617416131334, 0.12544610992148467, 0.15310492505353318, 0.09653818700927909, 0.1441827266238401, 0.06192005710206995, 0.03783012134189864, 0.037116345467523196, 0.01284796573875803, 0.008386866523911492, 0.013561741613133477, 0.003390435403283369, 0.0026766595289079227, 0.0014275517487508922, 0.0019628836545324767, 0.0, 0.0, 0.0, 0.0], [0.0, 0.0, 0.00043390222736476716, 0.00043390222736476716, 0.00043390222736476716, 0.0033265837431298816, 0.006363899334683252, 0.012727798669366503, 0.021116575065085335, 0.03644778709864044, 0.059444605148973095, 0.0744865490309517, 0.09835117153601389, 0.11932311252531096, 0.13913798090830198, 0.12091408735898178, 0.10297946196123807, 0.059444605148973095, 0.06175875036158519, 0.026612669945039052, 0.01822389354932022, 0.015331212033555105, 0.00809950824414232, 0.004194388197859416, 0.0039051200462829044, 0.003615851894706393, 0.0014463407578825572, 0.0002892681515765114, 0.0011570726063060456, 0.0, 0.0, 0.0, 0.0], [0.0, 0.0, 0.0, 0.0, 0.00012807377049180329, 0.0005122950819672131, 0.0016649590163934425, 0.0020491803278688526, 0.004354508196721311, 0.005251024590163934, 0.013063524590163935, 0.019339139344262294, 0.027663934426229508, 0.03355532786885246, 0.04764344262295082, 0.04444159836065574, 0.22464139344262296, 0.15445696721311475, 0.2150358606557377, 0.07530737704918032, 0.04008709016393443, 0.04188012295081967, 0.016265368852459015, 0.010630122950819672, 0.013575819672131147, 0.003714139344262295, 0.001793032786885246, 0.0010245901639344263, 0.0019211065573770491, 0.0, 0.0, 0.0, 0.0], [0.0002097975453687192, 0.0, 0.0, 0.0001048987726843596, 0.0001048987726843596, 0.00031469631805307877, 0.001258785272212315, 0.001573481590265394, 0.0043008496800587435, 0.01007028217769852, 0.016154410993391377, 0.018881779083184728, 0.025070806671561943, 0.06377845379209063, 0.14161334312388546, 0.14958564984789677, 0.1703556068394, 0.10993391377320885, 0.1355292143081926, 0.05381307038707647, 0.03042064407846428, 0.031889226896045314, 0.011958460086016993, 0.005559634952271059, 0.009335990768908004, 0.002832266862477709, 0.0018881779083184727, 0.0022028742263715513, 0.0005244938634217979, 0.0006293926361061575, 0.0001048987726843596, 0.0, 0.0], [0.0, 0.0, 0.0, 0.00018158707100054475, 0.0005447612130016343, 0.00018158707100054475, 0.0012711094970038134, 0.0018158707100054477, 0.003994915562011985, 0.006900308698020701, 0.014526965680043582, 0.025422189940076268, 0.044125658253132374, 0.06555293263119666, 0.09642273470128927, 0.11839477029235518, 0.15888868712547666, 0.11712366079535137, 0.15198837842745597, 0.07009260940621027, 0.0433993099691302, 0.036862175413110584, 0.015434901035046305, 0.006173960414018522, 0.010532050118031596, 0.004539676775013619, 0.002905393136008716, 0.0009079353550027238, 0.0009079353550027238, 0.0009079353550027238, 0.0, 0.0, 0.0], [0.0, 0.0, 0.000249500998003992, 0.000249500998003992, 0.001746506986027944, 0.003243512974051896, 0.0014970059880239522, 0.0054890219560878245, 0.01122754491017964, 0.017714570858283433, 0.030688622754491017, 0.046906187624750496, 0.0658682634730539, 0.09206586826347306, 0.11477045908183632, 0.12899201596806387, 0.13073852295409183, 0.09605788423153692, 0.10204590818363274, 0.045409181636726546, 0.02944111776447106, 0.03143712574850299, 0.014221556886227544, 0.006487025948103792, 0.0124750499001996, 0.0054890219560878245, 0.002245508982035928, 0.0027445109780439123, 0.000249500998003992, 0.000249500998003992, 0.0, 0.0, 0.0], [0.0001866368047779022, 0.0, 0.0005599104143337066, 0.0013064576334453153, 0.0005599104143337066, 0.0013064576334453153, 0.0033594624860022394, 0.0070921985815602835, 0.011758118701007838, 0.019970138111235537, 0.03228816722657708, 0.052818215752146326, 0.07428144830160507, 0.1022769690182904, 0.12486002239641657, 0.1282194848824188, 0.1362448674878686, 0.07969391564016425, 0.11347517730496454, 0.03900709219858156, 0.02276969018290407, 0.02295632698768197, 0.010078387458006719, 0.004479283314669653, 0.005225830533781261, 0.001866368047779022, 0.0005599104143337066, 0.0013064576334453153, 0.0013064576334453153, 0.0001866368047779022, 0.0, 0.0, 0.0], [0.0, 0.0, 0.00012656625743576763, 0.00025313251487153526, 0.0003796987723073029, 0.00025313251487153526, 0.0007593975446146058, 0.0016453613466649792, 0.002784457663586888, 0.006328312871788381, 0.012530059486140995, 0.014175420832805975, 0.027591444120997344, 0.033793190735349955, 0.1461840273383116, 0.15744842425009492, 0.17440830274648778, 0.11201113783065435, 0.1750411340336666, 0.04746234653841286, 0.02506011897228199, 0.028983672952790786, 0.010251866852297177, 0.006328312871788381, 0.008479939248196431, 0.0031641564358941905, 0.0012656625743576763, 0.001012530059486141, 0.0018984938615365145, 0.0003796987723073029, 0.0, 0.0, 0.0], [0.0, 0.0, 0.0, 0.00625, 0.00625, 0.00625, 0.0, 0.01875, 0.05, 0.09375, 0.0625, 0.08125, 0.075, 0.0625, 0.04375, 0.125, 0.0875, 0.08125, 0.0375, 0.04375, 0.05, 0.0125, 0.03125, 0.0, 0.00625, 0.00625, 0.0, 0.0125, 0.0, 0.0, 0.0, 0.0, 0.0], [0.00022396416573348266, 0.00011198208286674133, 0.0, 0.0, 0.0, 0.00011198208286674133, 0.00022396416573348266, 0.001007838745800672, 0.0022396416573348264, 0.004591265397536394, 0.007278835386338186, 0.009966405375139977, 0.021612541993281074, 0.02967525195968645, 0.05173572228443449, 0.15879059350503918, 0.22743561030235163, 0.14938409854423293, 0.15487122060470324, 0.06550951847704367, 0.03773796192609183, 0.037513997760358346, 0.013325867861142216, 0.0069428891377379615, 0.01097424412094065, 0.004031354983202688, 0.0019036954087346025, 0.0022396416573348264, 0.0005599104143337066, 0.0, 0.0, 0.0, 0.0], [0.0, 0.0, 0.0, 0.00012156576707999027, 0.0, 0.00012156576707999027, 0.0009725261366399222, 0.00036469730123997083, 0.0012156576707999028, 0.002188183807439825, 0.00449793338195964, 0.006807682956479455, 0.011184050571359105, 0.015681983953318747, 0.027473863360077802, 0.10308777048383175, 0.18952103087770483, 0.15183564308290784, 0.2135910527595429, 0.09141745684415269, 0.058108436664235354, 0.05737904206175541, 0.020179917335278387, 0.010940919037199124, 0.019450522732798445, 0.007293946024799417, 0.0034038414782397277, 0.0008509603695599319, 0.0015803549720398735, 0.00024313153415998054, 0.0004862630683199611, 0.0, 0.0], [0.00019878739687903787, 9.939369843951894e-05, 0.0, 0.00019878739687903787, 0.00019878739687903787, 0.0005963621906371136, 0.0007951495875161515, 0.0018884802703508599, 0.002981810953185568, 0.005466653414173541, 0.010038763542391412, 0.013418149289335057, 0.01759268462379485, 0.024749030911440213, 0.0335950700725574, 0.14153662657787497, 0.16807474406122652, 0.13895239041844748, 0.19023953881323924, 0.08518039956266772, 0.05128714839479177, 0.057350163999602424, 0.02146903886293609, 0.011132094225226121, 0.014312692575290727, 0.004373322731338833, 0.0023854487625484546, 0.001490905476592784, 0.00039757479375807575, 0.0, 0.0, 0.0, 0.0], [0.0, 0.0, 0.0, 0.001447178002894356, 0.001447178002894356, 0.0, 0.0, 0.00723589001447178, 0.00723589001447178, 0.005788712011577424, 0.013024602026049204, 0.02604920405209841, 0.04341534008683068, 0.08683068017366136, 0.12301013024602026, 0.1736613603473227, 0.17221418234442837, 0.12445730824891461, 0.12011577424023155, 0.049204052098408106, 0.023154848046309694, 0.013024602026049204, 0.001447178002894356, 0.00723589001447178, 0.0, 0.0, 0.0, 0.0, 0.0, 0.0, 0.0, 0.0, 0.0], [0.0, 0.0, 0.0, 9.321401938851603e-05, 0.0, 9.321401938851603e-05, 0.0002796420581655481, 0.0007457121551081282, 0.0016778523489932886, 0.004847129008202834, 0.00727069351230425, 0.012397464578672633, 0.021439224459358686, 0.027870991797166293, 0.040454884414615956, 0.04800521998508576, 0.08696868008948545, 0.16890380313199105, 0.2849552572706935, 0.09694258016405667, 0.05891126025354213, 0.0755965697240865, 0.019947800149142433, 0.010253542132736763, 0.019947800149142433, 0.0050335570469798654, 0.0025167785234899327, 0.002330350484712901, 0.002330350484712901, 0.00018642803877703205, 0.0, 0.0, 0.0], [0.00010058338362502515, 0.00010058338362502515, 0.00010058338362502515, 0.0, 0.00030175015087507544, 0.0004023335345001006, 0.00030175015087507544, 0.0009052504526252263, 0.0011064172198752766, 0.005230335948501308, 0.009555421444377389, 0.019110842888754778, 0.03198551599275799, 0.04486018909676121, 0.06366928183464092, 0.07543753771876886, 0.09474954737477369, 0.20941460470730236, 0.23164353248843292, 0.09173204586602293, 0.04626835646751157, 0.04184268758801046, 0.014886340776503722, 0.0064373365520016095, 0.004224502112251056, 0.0018105009052504525, 0.003419835043250855, 0.0004023335345001006, 0.0, 0.0, 0.0, 0.0, 0.0], [0.0, 0.00010958904109589041, 0.0, 0.00010958904109589041, 0.00010958904109589041, 0.00032876712328767124, 0.0007671232876712328, 0.0017534246575342466, 0.0023013698630136984, 0.004493150684931507, 0.008657534246575343, 0.014136986301369864, 0.05106849315068493, 0.08482191780821918, 0.11353424657534246, 0.14082191780821918, 0.15813698630136985, 0.11517808219178083, 0.1383013698630137, 0.062356164383561646, 0.038136986301369864, 0.033753424657534246, 0.014136986301369864, 0.006136986301369863, 0.005698630136986301, 0.0025205479452054796, 0.001315068493150685, 0.001315068493150685, 0.0, 0.0, 0.0, 0.0, 0.0], [0.0, 0.0, 0.0, 0.0, 0.0002410509822827528, 0.0, 0.0008436784379896348, 0.002410509822827528, 0.004941545136796432, 0.007954682415330842, 0.01675304326865132, 0.025551404121971797, 0.04242497288176449, 0.06749427503917078, 0.10341087139930095, 0.1255875617693142, 0.1533084247318308, 0.09834880077136314, 0.1664457032662408, 0.05905749065927444, 0.03712185127154393, 0.038206580691816316, 0.01602989032180306, 0.006508376521634326, 0.012534651078703146, 0.005062070627937809, 0.003977341207665421, 0.002410509822827528, 0.0020489333494033988, 0.0004821019645655056, 0.0008436784379896348, 0.0, 0.0], [0.0, 0.00017364125716270185, 0.00017364125716270185, 0.0003472825143254037, 0.0010418475429762111, 0.0010418475429762111, 0.0017364125716270186, 0.002604618857440528, 0.005556520229206459, 0.017885049487758292, 0.04202118423337385, 0.05990623372113214, 0.07900677200902935, 0.10505296058343462, 0.12571627018579615, 0.11842333738496266, 0.14672686230248308, 0.07761764195172773, 0.11390866469873241, 0.02986629623198472, 0.023962493488452856, 0.020836950859524223, 0.00850842160097239, 0.004514672686230248, 0.007119291543670776, 0.0020836950859524223, 0.0020836950859524223, 0.00017364125716270185, 0.0010418475429762111, 0.0008682062858135093, 0.0, 0.0, 0.0], [0.0, 0.0, 0.0, 0.0007274490785645005, 0.0009699321047526673, 0.0021823472356935015, 0.0038797284190106693, 0.006789524733268671, 0.013579049466537343, 0.015276430649854511, 0.026430649854510185, 0.042919495635305525, 0.053831231813773035, 0.08195926285160039, 0.12366634335596509, 0.13118331716779824, 0.14936954413191075, 0.09626576139670223, 0.11008729388942774, 0.0482541222114452, 0.027643064985451018, 0.022550921435499516, 0.012366634335596509, 0.009699321047526674, 0.008729388942774006, 0.0031522793404461687, 0.002667313288069835, 0.0033947623666343357, 0.001454898157129001, 0.0009699321047526673, 0.0, 0.0, 0.0], [0.0002248959856066569, 0.0, 0.0, 0.0, 0.0004497919712133138, 0.0004497919712133138, 0.001686719892049927, 0.003373439784099854, 0.004947711683346452, 0.009558079388282919, 0.01742943888451591, 0.041268413358821546, 0.084560890588103, 0.11986956032834814, 0.1469695265939503, 0.1512425503204768, 0.13819858315529068, 0.08006297087596986, 0.09569324187563252, 0.03407174181940852, 0.020802878668615764, 0.024401214438322275, 0.009108287417069606, 0.00438547171932981, 0.007196671539413021, 0.0022489598560665692, 0.0005622399640166423, 0.0008995839424266276, 0.00011244799280332846, 0.0002248959856066569, 0.0, 0.0, 0.0], [0.0, 0.0, 0.0, 0.00028437366699843596, 0.00014218683349921798, 0.00014218683349921798, 0.0014218683349921798, 0.00042656050049765394, 0.0019906156689890515, 0.004549978671974975, 0.007535902175458553, 0.009242144177449169, 0.014503057016920232, 0.06185127257215982, 0.11417602729987203, 0.1392009099957344, 0.17346793686904594, 0.11104791696288924, 0.16635859519408502, 0.059149722735674676, 0.03725295037679511, 0.04109199488127399, 0.01876866202189677, 0.007962462675956206, 0.014503057016920232, 0.004834352338973411, 0.005118726005971847, 0.0022749893359874877, 0.0018484288354898336, 0.0005687473339968719, 0.00028437366699843596, 0.0, 0.0], [0.0, 0.0, 0.00017313019390581717, 0.00034626038781163435, 0.001038781163434903, 0.0013850415512465374, 0.0022506925207756235, 0.004674515235457063, 0.007617728531855956, 0.018351800554016622, 0.030470914127423823, 0.041724376731301936, 0.06804016620498615, 0.09141274238227147, 0.11686288088642659, 0.1320983379501385, 0.1450831024930748, 0.08985457063711912, 0.12413434903047091, 0.04484072022160665, 0.027008310249307478, 0.0221606648199446, 0.01038781163434903, 0.004501385041551247, 0.00554016620498615, 0.0012119113573407201, 0.0022506925207756235, 0.003808864265927978, 0.0025969529085872575, 0.00017313019390581717, 0.0, 0.0, 0.0], [0.00011876484560570071, 0.0, 0.0, 0.0, 0.00011876484560570071, 0.0010688836104513063, 0.0007125890736342043, 0.0023752969121140144, 0.0028503562945368173, 0.005819477434679335, 0.013657957244655582, 0.02149643705463183, 0.03479809976247031, 0.04251781472684085, 0.057838479809976244, 0.1165083135391924, 0.20973871733966745, 0.1498812351543943, 0.16116389548693585, 0.07209026128266033, 0.04513064133016627, 0.0330166270783848, 0.01330166270783848, 0.005463182897862233, 0.005581947743467933, 0.0020190023752969122, 0.0022565320665083135, 0.00035629453681710216, 0.00011876484560570071, 0.0, 0.0, 0.0, 0.0], [0.0, 0.0, 0.0, 0.0001505797319680771, 0.0001505797319680771, 0.0004517391959042313, 0.0006023189278723084, 0.001656377051648848, 0.002710435175425388, 0.00572202981478693, 0.023791597650956182, 0.03312754103297696, 0.068363198313507, 0.09697334738744165, 0.13326306279174824, 0.14621291974100287, 0.15630176178286403, 0.10314711639813282, 0.11052552326456859, 0.042312904683029666, 0.025598554434573106, 0.019876524619786177, 0.009637102845956935, 0.0045173919590423125, 0.007227827134467701, 0.0025598554434573106, 0.002710435175425388, 0.0012046378557446168, 0.0012046378557446168, 0.0, 0.0, 0.0, 0.0], [0.0, 0.0, 0.0, 0.00015552099533437013, 0.0, 0.00046656298600311044, 0.0009331259720062209, 0.0009331259720062209, 0.0023328149300155523, 0.0017107309486780716, 0.0052877138413685845, 0.01088646967340591, 0.03996889580093312, 0.06423017107309487, 0.09222395023328149, 0.11804043545878694, 0.1558320373250389, 0.10979782270606532, 0.17931570762052876, 0.07013996889580093, 0.0416796267496112, 0.0463452566096423, 0.02021772939346812, 0.01104199066874028, 0.015863141524105753, 0.006376360808709175, 0.0027993779160186624, 0.0007776049766718507, 0.0023328149300155523, 0.00031104199066874026, 0.0, 0.0, 0.0], [0.0, 0.0, 0.00011702750146284377, 0.0, 0.00023405500292568755, 0.0003510825043885313, 0.0003510825043885313, 0.0012873025160912814, 0.001053247513165594, 0.0033937975424224694, 0.006787595084844939, 0.01614979520187244, 0.02679929783499122, 0.04482153306026916, 0.05523698069046226, 0.15798712697483908, 0.18174370977179638, 0.11012287887653599, 0.18197776477472205, 0.06448215330602691, 0.0441193680514921, 0.039672322995904036, 0.0235225277940316, 0.012170860152135752, 0.016383850204798128, 0.004330017554125219, 0.002925687536571094, 0.002106495026331188, 0.001053247513165594, 0.0008191925102399064, 0.0, 0.0, 0.0], [0.0, 0.0, 0.0, 0.0, 9.570293808019906e-05, 9.570293808019906e-05, 9.570293808019906e-05, 0.0008613264427217916, 0.0018183558235237822, 0.004880849842090152, 0.008996076179538712, 0.016748014164034836, 0.02775385204325773, 0.03636711647047564, 0.05426356589147287, 0.05790027753852043, 0.0712029859316681, 0.07704086515456024, 0.329792324624366, 0.11436501100583787, 0.06517370083261556, 0.07263853000287109, 0.01837496411139822, 0.00909177911761891, 0.019619102306440806, 0.0049765527801703515, 0.00306249401856637, 0.0024882763900851757, 0.0018183558235237822, 0.0004785146904009953, 0.0, 0.0, 0.0], [0.0, 0.0, 0.0, 0.0, 0.0, 0.00010230179028132993, 0.0005115089514066496, 0.003069053708439898, 0.005421994884910486, 0.009820971867007672, 0.018312020460358056, 0.033964194373401535, 0.051048593350383635, 0.07754475703324808, 0.11508951406649616, 0.1373913043478261, 0.17421994884910486, 0.10936061381074169, 0.15427109974424552, 0.04726342710997442, 0.02363171355498721, 0.024654731457800512, 0.0063427109974424556, 0.0032736572890025577, 0.002352941176470588, 0.0006138107416879795, 0.0008184143222506394, 0.0006138107416879795, 0.00030690537084398974, 0.0, 0.0, 0.0, 0.0], [0.0, 0.0029940119760479044, 0.0, 0.0029940119760479044, 0.005988023952095809, 0.020958083832335328, 0.020958083832335328, 0.038922155688622756, 0.08383233532934131, 0.059880239520958084, 0.05089820359281437, 0.07784431137724551, 0.08083832335329341, 0.11676646706586827, 0.11976047904191617, 0.10479041916167664, 0.08083832335329341, 0.04790419161676647, 0.041916167664670656, 0.014970059880239521, 0.011976047904191617, 0.008982035928143712, 0.0, 0.005988023952095809, 0.0, 0.0, 0.0, 0.0, 0.0, 0.0, 0.0, 0.0, 0.0]]}, "ranks": {"labels": ["Unranked", "Combatatent I", "Combatatent II", "Challenger I", "Challenger II", "Rival I", "Rival II", "Duelist", "Elite"], "data": [[0.13110181311018132, 0.18410041841004185, 0.2510460251046025, 0.2315202231520223, 0.1087866108786611, 0.05718270571827057, 0.01813110181311018, 0.01813110181311018, 0.0], [0.06259541984732825, 0.09363867684478372, 0.1763358778625954, 0.26717557251908397, 0.2267175572519084, 0.12391857506361323, 0.03104325699745547, 0.013740458015267175, 0.004834605597964376], [0.007704345732514746, 0.012278801011195377, 0.03093776333212953, 0.06307933068496449, 0.25003009510051766, 0.4168773323702901, 0.09233176838810642, 0.09401709401709402, 0.03274346936318767], [0.015370174821072393, 0.02452188196644374, 0.053619617505573154, 0.09233837850522117, 0.11263639563533967, 0.3514020884665024, 0.1613281708318667, 0.14443271148656575, 0.044350580781414996], [0.18134715025906736, 0.16062176165803108, 0.21761658031088082, 0.19689119170984457, 0.10880829015544041, 0.09326424870466321, 0.03626943005181347, 0.0051813471502590676, 0.0], [0.007457040959688749, 0.018588565870528477, 0.08991678374581216, 0.2720198854425592, 0.2881227709931914, 0.18091429806549228, 0.05717064735761375, 0.06257430022695341, 0.023235707338160598], [0.08255197717081125, 0.11944557684467999, 0.2062780269058296, 0.24194863432531594, 0.18691398287810843, 0.09090909090909091, 0.028128821850794947, 0.028740317977986138, 0.015083571137382797], [0.2682926829268293, 0.24661246612466126, 0.21138211382113822, 0.13821138211382114, 0.06504065040650407, 0.037940379403794036, 0.02710027100271003, 0.005420054200542005, 0.0], [0.032667876588021776, 0.06010462261129497, 0.0872210953346856, 0.12373225152129817, 0.33660723817657734, 0.1822355076331803, 0.0713141881071848, 0.07739938080495357, 0.028717839222803458], [0.015366430260047281, 0.02876280535855004, 0.05988967691095351, 0.13987391646966116, 0.19306540583136328, 0.2115839243498818, 0.10835303388494878, 0.15760441292356187, 0.08550039401103231], [0.030513918629550323, 0.051034975017844396, 0.11670235546038545, 0.226802284082798, 0.24964311206281228, 0.18112062812276944, 0.06281227694503926, 0.05835117773019272, 0.023019271948608137], [0.08128435059299971, 0.1339311541799248, 0.21767428406132486, 0.2600520682672838, 0.16242406711021118, 0.07564362163725774, 0.03095169221868672, 0.027625108475556843, 0.01041365345675441], [0.013960040983606557, 0.03240266393442623, 0.06121926229508197, 0.09208504098360656, 0.3790983606557377, 0.2583247950819672, 0.07210553278688525, 0.06877561475409837, 0.022028688524590164], [0.01793769012902549, 0.0350361900765761, 0.08884926046365257, 0.29119899297178226, 0.2802895206126088, 0.16605475715934123, 0.05370817161439211, 0.04940732193433337, 0.01751809503828805], [0.01489013982204467, 0.039949155620119844, 0.10967859088432903, 0.21481750499364446, 0.276012347920828, 0.1903032504085709, 0.07517704739422554, 0.05847103686217541, 0.020700926094062103], [0.04141716566866267, 0.07759481037924151, 0.15793413173652696, 0.2437624750499002, 0.22679640718562874, 0.12674650698602793, 0.050149700598802395, 0.05214570858283433, 0.023453093812375248], [0.04609929078014184, 0.0851063829787234, 0.1765584173198955, 0.2530795072788354, 0.21593878312803286, 0.13755132512131393, 0.03770063456513625, 0.037513997760358346, 0.010451661067562523], [0.012530059486140995, 0.02670548031894697, 0.0613846348563473, 0.3036324515884065, 0.28641944057714214, 0.20225287938235667, 0.04531072016200481, 0.04556385267687634, 0.016200480951778257], [0.18125, 0.14375, 0.1375, 0.16875, 0.16875, 0.05625, 0.075, 0.04375, 0.025], [0.00851063829787234, 0.017245240761478164, 0.05128779395296752, 0.21052631578947367, 0.37681970884658456, 0.1940649496080627, 0.06405375139977604, 0.057782754759238525, 0.019708846584546472], [0.0049841964502796016, 0.011305616338439095, 0.02686603452467785, 0.13056163384390956, 0.3413566739606127, 0.26416241186481887, 0.09895453440311208, 0.08849987843423292, 0.03330902017991733], [0.012424212304939867, 0.02345691283172647, 0.04234171553523507, 0.17513169665043235, 0.307027134479674, 0.2371533644766922, 0.08955372229400656, 0.08995129708776464, 0.022959944339528873], [0.023154848046309694, 0.03907380607814761, 0.13024602026049203, 0.29667149059334297, 0.29667149059334297, 0.14905933429811866, 0.04341534008683068, 0.02170767004341534, 0.0], [0.007736763609246831, 0.019668158090976884, 0.04931021625652498, 0.08846010439970171, 0.2558724832214765, 0.3417225950782998, 0.09908650260999255, 0.1057979120059657, 0.032345264727815064], [0.008549587608127138, 0.028666264333132168, 0.07684570508951921, 0.13910681955340978, 0.30416415208207603, 0.2831422249044458, 0.08650170991752162, 0.0631663649165158, 0.009857171595252465], [0.009972602739726028, 0.022794520547945205, 0.1358904109589041, 0.2543561643835616, 0.2733150684931507, 0.1736986301369863, 0.06509589041095891, 0.054027397260273974, 0.01084931506849315], [0.01639146679522719, 0.04230444739062312, 0.10991924792093528, 0.22899843316861515, 0.2516572255031939, 0.19730022899843316, 0.06532481619862601, 0.06074484753525371, 0.027359286489092444], [0.03056086126063553, 0.101927417954506, 0.18405973259246397, 0.2441396075707588, 0.2243445042542108, 0.13023094287202638, 0.0375065115471436, 0.033860045146726865, 0.013370376801528043], [0.04340446168768186, 0.06935014548981572, 0.13579049466537343, 0.25484966052376334, 0.24563530552861298, 0.13724539282250242, 0.048739088263821534, 0.0446168768186227, 0.020368574199806012], [0.020690430675812437, 0.058697852243337456, 0.20443045091645115, 0.2982120769144271, 0.21826155403126055, 0.11413471269537839, 0.036433149668278424, 0.03789497357472169, 0.011244799280332845], [0.008957770510450732, 0.01677804635290772, 0.07635432958908005, 0.25337693729560645, 0.2845158538319352, 0.19835063273140907, 0.06441063557514574, 0.06782311957912697, 0.02943267453433812], [0.03583795013850415, 0.07219529085872577, 0.1594529085872576, 0.2489612188365651, 0.2349376731301939, 0.15027700831024932, 0.045706371191135735, 0.037049861495844875, 0.015581717451523546], [0.013064133016627079, 0.03515439429928741, 0.07731591448931116, 0.17434679334916864, 0.35961995249406176, 0.2008313539192399, 0.07755344418052257, 0.05178147268408551, 0.010332541567695962], [0.01144405962957386, 0.05691913868393314, 0.16533654570094866, 0.2794759825327511, 0.2594488781809968, 0.13371480198765245, 0.0447221803945189, 0.034031019424785425, 0.014907393464839632], [0.006531881804043546, 0.016174183514774496, 0.104199066874028, 0.21026438569206843, 0.2656298600311042, 0.21710730948678073, 0.07402799377916018, 0.0776049766718507, 0.028460342146189737], [0.006787595084844939, 0.022937390286717377, 0.07162083089526039, 0.21322410766530134, 0.29186658864833237, 0.21673493270918665, 0.07384435342305441, 0.07536571094207138, 0.02761849034523113], [0.007847640922576324, 0.02574409034357355, 0.06412096851373338, 0.1121638434299933, 0.14824385108622834, 0.39295626375729736, 0.11637477270552206, 0.10010527323188823, 0.03244329600918748], [0.018925831202046037, 0.05227621483375959, 0.1285933503836317, 0.25248081841432224, 0.28358056265984655, 0.1815856777493606, 0.04358056265984655, 0.034271099744245526, 0.004705882352941176], [0.23652694610778444, 0.12874251497005987, 0.19760479041916168, 0.2245508982035928, 0.12874251497005987, 0.04491017964071856, 0.023952095808383235, 0.014970059880239521, 0.0]]}, "ranksDetailed": {"labels": ["Unranked", "Combatatant", "Challenger", "Rival", "Duelist", "Elite"], "data": [[0.13110181311018132, 0.4351464435146444, 0.3403068340306834, 0.07531380753138076, 0.01813110181311018, 0.0], [0.06259541984732825, 0.26997455470737913, 0.49389312977099237, 0.1549618320610687, 0.013740458015267175, 0.004834605597964376], [0.007704345732514746, 0.04321656434332491, 0.3131094257854821, 0.5092091007583965, 0.09401709401709402, 0.03274346936318767], [0.015370174821072393, 0.0781414994720169, 0.20497477414056084, 0.5127302592983691, 0.14443271148656575, 0.044350580781414996], [0.18134715025906736, 0.37823834196891193, 0.30569948186528495, 0.12953367875647667, 0.0051813471502590676, 0.0], [0.007457040959688749, 0.10850534961634065, 0.5601426564357506, 0.23808494542310601, 0.06257430022695341, 0.023235707338160598], [0.08255197717081125, 0.32572360375050957, 0.4288626172034244, 0.11903791275988586, 0.028740317977986138, 0.015083571137382797], [0.2682926829268293, 0.45799457994579945, 0.2032520325203252, 0.06504065040650407, 0.005420054200542005, 0.0], [0.032667876588021776, 0.14732571794598057, 0.4603394896978755, 0.2535496957403651, 0.07739938080495357, 0.028717839222803458], [0.015366430260047281, 0.08865248226950355, 0.3329393223010244, 0.3199369582348306, 0.15760441292356187, 0.08550039401103231], [0.030513918629550323, 0.16773733047822983, 0.47644539614561027, 0.2439329050678087, 0.05835117773019272, 0.023019271948608137], [0.08128435059299971, 0.3516054382412496, 0.42247613537749495, 0.10659531385594447, 0.027625108475556843, 0.01041365345675441], [0.013960040983606557, 0.0936219262295082, 0.47118340163934425, 0.33043032786885246, 0.06877561475409837, 0.022028688524590164], [0.01793769012902549, 0.12388545054022868, 0.571488513584391, 0.21976292877373335, 0.04940732193433337, 0.01751809503828805], [0.01489013982204467, 0.14962774650444888, 0.4908298529144725, 0.2654802978027964, 0.05847103686217541, 0.020700926094062103], [0.04141716566866267, 0.23552894211576847, 0.47055888223552894, 0.17689620758483035, 0.05214570858283433, 0.023453093812375248], [0.04609929078014184, 0.2616648002986189, 0.4690182904068682, 0.17525195968645016, 0.037513997760358346, 0.010451661067562523], [0.012530059486140995, 0.08809011517529426, 0.5900518921655487, 0.24756359954436147, 0.04556385267687634, 0.016200480951778257], [0.18125, 0.28125, 0.3375, 0.13125, 0.04375, 0.025], [0.00851063829787234, 0.06853303471444569, 0.5873460246360582, 0.25811870100783874, 0.057782754759238525, 0.019708846584546472], [0.0049841964502796016, 0.03817165086311695, 0.47191830780452226, 0.36311694626793095, 0.08849987843423292, 0.03330902017991733], [0.012424212304939867, 0.06579862836696153, 0.4821588311301063, 0.32670708677069876, 0.08995129708776464, 0.022959944339528873], [0.023154848046309694, 0.16931982633863965, 0.5933429811866859, 0.19247467438494936, 0.02170767004341534, 0.0], [0.007736763609246831, 0.06897837434750187, 0.34433258762117824, 0.4408090976882923, 0.1057979120059657, 0.032345264727815064], [0.008549587608127138, 0.10551196942265138, 0.44327097163548584, 0.3696439348219674, 0.0631663649165158, 0.009857171595252465], [0.009972602739726028, 0.1586849315068493, 0.5276712328767124, 0.2387945205479452, 0.054027397260273974, 0.01084931506849315], [0.01639146679522719, 0.15222369531155838, 0.4806556586718091, 0.2626250451970592, 0.06074484753525371, 0.027359286489092444], [0.03056086126063553, 0.28598715054696994, 0.46848411182496963, 0.16773745441916998, 0.033860045146726865, 0.013370376801528043], [0.04340446168768186, 0.20514064015518912, 0.5004849660523764, 0.18598448108632396, 0.0446168768186227, 0.020368574199806012], [0.020690430675812437, 0.2631283031597886, 0.5164736309456877, 0.1505678623636568, 0.03789497357472169, 0.011244799280332845], [0.008957770510450732, 0.09313237594198777, 0.5378927911275416, 0.26276126830655483, 0.06782311957912697, 0.02943267453433812], [0.03583795013850415, 0.2316481994459834, 0.483898891966759, 0.19598337950138503, 0.037049861495844875, 0.015581717451523546], [0.013064133016627079, 0.11247030878859858, 0.5339667458432305, 0.27838479809976246, 0.05178147268408551, 0.010332541567695962], [0.01144405962957386, 0.2222556843848818, 0.5389248607137479, 0.17843698238217137, 0.034031019424785425, 0.014907393464839632], [0.006531881804043546, 0.12037325038880249, 0.4758942457231726, 0.2911353032659409, 0.0776049766718507, 0.028460342146189737], [0.006787595084844939, 0.09455822118197776, 0.5050906963136337, 0.2905792861322411, 0.07536571094207138, 0.02761849034523113], [0.007847640922576324, 0.08986505885730692, 0.26040769451622164, 0.5093310364628194, 0.10010527323188823, 0.03244329600918748], [0.018925831202046037, 0.1808695652173913, 0.5360613810741688, 0.22516624040920716, 0.034271099744245526, 0.004705882352941176], [0.23652694610778444, 0.3263473053892216, 0.3532934131736527, 0.0688622754491018, 0.014970059880239521, 0.0]]}}}, "eu": {"histType": {"histogram": {"labels": ["0", "100", "200", "300", "400", "500", "600", "700", "800", "900", "1000", "1100", "1200", "1300", "1400", "1500", "1600", "1700", "1800", "1900", "2000", "2100", "2200", "2300", "2400", "2500", "2600", "2700", "2800", "2900", "3000", "3100", "3200"], "data": [[0.0, 0.0, 0.0018656716417910447, 0.0, 0.0018656716417910447, 0.007462686567164179, 0.013059701492537313, 0.026119402985074626, 0.048507462686567165, 0.07835820895522388, 0.07835820895522388, 0.10820895522388059, 0.10261194029850747, 0.11940298507462686, 0.1417910447761194, 0.09328358208955224, 0.06343283582089553, 0.033582089552238806, 0.03544776119402985, 0.016791044776119403, 0.013059701492537313, 0.005597014925373134, 0.0037313432835820895, 0.007462686567164179, 0.0, 0.0, 0.0, 0.0, 0.0, 0.0, 0.0, 0.0, 0.0], [0.0, 0.000280662363177098, 0.0008419870895312938, 0.001122649452708392, 0.0016839741790625876, 0.003929273084479371, 0.0070165590794274485, 0.01094583216390682, 0.019646365422396856, 0.034521470670783046, 0.04546730283468987, 0.06258770698849285, 0.0816727476845355, 0.10440639910188043, 0.13499859668818412, 0.13022733651417345, 0.14145383104125736, 0.06904294134156609, 0.09486387875385911, 0.023856300870053325, 0.011787819253438114, 0.009261857984844232, 0.004209935447656469, 0.0028066236317709796, 0.0019646365422396855, 0.001122649452708392, 0.000280662363177098, 0.0, 0.0, 0.0, 0.0, 0.0, 0.0], [0.0, 0.0, 0.0, 0.00012138868657441127, 0.00012138868657441127, 0.00012138868657441127, 0.0, 0.0007283321194464676, 0.0019422189851905803, 0.002670551104637048, 0.005826656955571741, 0.00958970623937849, 0.012017479970866714, 0.01529497450837582, 0.025127458120903133, 0.03495994173343044, 0.18086914299587278, 0.1539208545763535, 0.3256858460791454, 0.08035931051226025, 0.052075746540422435, 0.05146880310755038, 0.01820830298616169, 0.008011653313911144, 0.01153192522456907, 0.005098324836125273, 0.001820830298616169, 0.0020636076717649916, 0.00012138868657441127, 0.00024277737314882253, 0.0, 0.0, 0.0], [0.0, 0.0, 0.0, 0.00011325028312570782, 0.00011325028312570782, 0.00022650056625141563, 0.0007927519818799547, 0.0020385050962627408, 0.002491506228765572, 0.005775764439411099, 0.011211778029445073, 0.016874292185730465, 0.02061155152887882, 0.026047565118912798, 0.04212910532276331, 0.052774631936579844, 0.07451868629671574, 0.04971687429218573, 0.27757644394110986, 0.14858437146092865, 0.0928652321630804, 0.08912797281993205, 0.030917327293318232, 0.013590033975084938, 0.02434881087202718, 0.008040770101925256, 0.004303510758776897, 0.0015855039637599094, 0.0035107587768969423, 0.00011325028312570782, 0.0, 0.0, 0.0], [0.0, 0.0, 0.0, 0.0, 0.0, 0.021739130434782608, 0.02717391304347826, 0.04891304347826087, 0.06521739130434782, 0.04891304347826087, 0.07608695652173914, 0.08152173913043478, 0.06521739130434782, 0.11956521739130435, 0.09239130434782608, 0.14673913043478262, 0.03260869565217391, 0.06521739130434782, 0.03260869565217391, 0.04891304347826087, 0.005434782608695652, 0.005434782608695652, 0.0, 0.005434782608695652, 0.010869565217391304, 0.0, 0.0, 0.0, 0.0, 0.0, 0.0, 0.0, 0.0], [0.0, 0.0, 0.00010757314974182444, 0.0002151462994836489, 0.00032271944922547335, 0.00010757314974182444, 0.0002151462994836489, 0.0011833046471600688, 0.00193631669535284, 0.0039802065404475045, 0.007960413080895009, 0.011940619621342513, 0.018502581755593803, 0.09122203098106713, 0.1294104991394148, 0.13747848537005164, 0.16265060240963855, 0.11101549053356283, 0.14952667814113596, 0.05647590361445783, 0.03625215146299483, 0.039049053356282275, 0.01430722891566265, 0.005378657487091222, 0.010757314974182444, 0.004410499139414802, 0.002689328743545611, 0.0007530120481927711, 0.0017211703958691911, 0.00032271944922547335, 0.00010757314974182444, 0.0, 0.0], [0.00019091256204658267, 0.00019091256204658267, 0.0007636502481863307, 0.0015273004963726614, 0.0030546009927453228, 0.004200076365024819, 0.007254677357770141, 0.012600229095074456, 0.025200458190148912, 0.04009163802978236,