{"region": {"us": {"histType": {"histogram": {"labels": ["0", "100", "200", "300", "400", "500", "600", "700", "800", "900", "1000", "1100", "1200", "1300", "1400", "1500", "1600", "1700", "1800", "1900", "2000", "2100", "2200", "2300", "2400", "2500", "2600", "2700", "2800", "2900", "3000", "3100"], "data": [[0.0, 0.0, 0.0033112582781456954, 0.0033112582781456954, 0.006622516556291391, 0.006622516556291391, 0.023178807947019868, 0.013245033112582781, 0.033112582781456956, 0.029801324503311258, 0.0728476821192053, 0.08609271523178808, 0.076158940397351, 0.11589403973509933, 0.10927152317880795, 0.10927152317880795, 0.08940397350993377, 0.059602649006622516, 0.052980132450331126, 0.046357615894039736, 0.019867549668874173, 0.023178807947019868, 0.016556291390728478, 0.0033112582781456954, 0.0, 0.0, 0.0, 0.0, 0.0, 0.0, 0.0, 0.0], [0.0, 0.000851063829787234, 0.0, 0.000425531914893617, 0.000851063829787234, 0.001702127659574468, 0.005106382978723404, 0.010638297872340425, 0.010638297872340425, 0.020851063829787235, 0.03446808510638298, 0.0451063829787234, 0.06595744680851064, 0.0774468085106383, 0.10212765957446808, 0.12, 0.14765957446808511, 0.09148936170212765, 0.14382978723404255, 0.05404255319148936, 0.023404255319148935, 0.01702127659574468, 0.00978723404255319, 0.00425531914893617, 0.003829787234042553, 0.0029787234042553193, 0.00425531914893617, 0.001276595744680851, 0.0, 0.0, 0.0, 0.0], [0.00013636983499249966, 0.0, 0.0, 0.0002727396699849993, 0.0002727396699849993, 0.0002727396699849993, 0.0002727396699849993, 0.0006818491749624983, 0.003681985544797491, 0.004500204554752489, 0.008454929769534979, 0.01213691531433247, 0.019500886403927453, 0.030819582708304923, 0.04650211373244238, 0.06982135551615982, 0.1179599072685122, 0.10582299195417974, 0.2595117959907268, 0.08659484522023729, 0.05932087822173735, 0.0818219009954998, 0.026183008318559936, 0.014727942179189964, 0.029728624028364927, 0.009409518614482476, 0.004500204554752489, 0.0034092458748124915, 0.002454657029864994, 0.001227328514932497, 0.0, 0.0], [0.0, 0.0, 0.0, 0.0, 0.00012492192379762648, 0.00024984384759525296, 0.0009993753903810119, 0.0023735165521549034, 0.006371018113678951, 0.01136789506558401, 0.016864459712679577, 0.01986258588382261, 0.03685196752029981, 0.051592754528419736, 0.07582760774515927, 0.10468457214241099, 0.15815115552779513, 0.11280449718925671, 0.1872579637726421, 0.07757651467832605, 0.047345409119300436, 0.051342910680824486, 0.01561524047470331, 0.007245471580262336, 0.010618363522798251, 0.002248594628357277, 0.0012492192379762648, 0.0009993753903810119, 0.00012492192379762648, 0.00024984384759525296, 0.0, 0.0], [0.0, 0.0, 0.0, 0.0, 0.00909090909090909, 0.0, 0.00909090909090909, 0.03636363636363636, 0.02727272727272727, 0.05454545454545454, 0.045454545454545456, 0.08181818181818182, 0.07272727272727272, 0.10909090909090909, 0.09090909090909091, 0.09090909090909091, 0.05454545454545454, 0.03636363636363636, 0.08181818181818182, 0.1, 0.03636363636363636, 0.02727272727272727, 0.01818181818181818, 0.01818181818181818, 0.0, 0.0, 0.0, 0.0, 0.0, 0.0, 0.0, 0.0], [0.0, 0.0, 0.0, 0.00012924906294429367, 0.0, 0.00012924906294429367, 0.0, 0.0018094868812201111, 0.0018094868812201111, 0.007108698461936151, 0.011503166602042135, 0.018611865063978286, 0.03308776011373918, 0.05764508207315497, 0.08698461936150963, 0.1181336435310844, 0.15626211709965102, 0.10688897505493085, 0.16414630993925294, 0.06876050148636423, 0.04187669639395114, 0.05867907457670932, 0.01951660850458834, 0.009693679720822024, 0.02016285381930981, 0.006850200336047564, 0.0032312265736073415, 0.0037482228253845158, 0.0016802378182758176, 0.0015509887553315238, 0.0, 0.0], [0.0, 0.0, 0.00027247956403269756, 0.0016348773841961854, 0.0019073569482288828, 0.0027247956403269754, 0.004904632152588556, 0.008991825613079018, 0.017983651226158037, 0.026430517711171664, 0.03923705722070845, 0.04877384196185286, 0.06839237057220708, 0.08283378746594006, 0.1111716621253406, 0.12806539509536785, 0.12779291553133515, 0.08201634877384197, 0.10163487738419619, 0.03896457765667575, 0.02888283378746594, 0.02534059945504087, 0.01335149863760218, 0.007084468664850136, 0.011989100817438692, 0.006267029972752043, 0.006539509536784741, 0.0019073569482288828, 0.0032697547683923707, 0.0016348773841961854, 0.0, 0.0], [0.003401360544217687, 0.0, 0.003401360544217687, 0.01020408163265306, 0.017006802721088437, 0.013605442176870748, 0.017006802721088437, 0.047619047619047616, 0.05102040816326531, 0.10204081632653061, 0.08843537414965986, 0.09863945578231292, 0.09183673469387756, 0.10884353741496598, 0.07142857142857142, 0.07142857142857142, 0.06802721088435375, 0.03741496598639456, 0.02040816326530612, 0.03741496598639456, 0.013605442176870748, 0.027210884353741496, 0.0, 0.0, 0.0, 0.0, 0.0, 0.0, 0.0, 0.0, 0.0, 0.0], [0.0004100881689563256, 0.00030756612671724423, 0.000512610211195407, 0.0006151322534344885, 0.000512610211195407, 0.0018453967603034652, 0.0016403526758253025, 0.005331146196432233, 0.009739594012712733, 0.02050440844781628, 0.034857494361287676, 0.04972319048595448, 0.06530654090629485, 0.07350830428542136, 0.09565306540906295, 0.11277424646298954, 0.13850727906499896, 0.08683616977650195, 0.10098421160549519, 0.05864260816075456, 0.038343243797416444, 0.03926594217756818, 0.017223703096165676, 0.011790034857494362, 0.018556489645273733, 0.008406807463604674, 0.004305925774041419, 0.003075661267172442, 0.0008201763379126512, 0.0, 0.0, 0.0], [0.0, 0.0, 0.0, 0.0, 0.0, 0.0003850596842510589, 0.0003850596842510589, 0.0003850596842510589, 0.0003850596842510589, 0.0061609549480169425, 0.007316134000770119, 0.005775895263765884, 0.012706969580284944, 0.023103581055063535, 0.041586445899114366, 0.06199460916442048, 0.08394301116673085, 0.08702348864073932, 0.18097805159799768, 0.08663842895648825, 0.08394301116673085, 0.11513284559106661, 0.05275317674239507, 0.02464381979206777, 0.06546014632268002, 0.023488640739314594, 0.013862148633038121, 0.012706969580284944, 0.005775895263765884, 0.0030804774740084712, 0.0003850596842510589, 0.0], [0.0, 0.0, 0.00032927230819888045, 0.0, 0.001975633849193283, 0.0009878169245966415, 0.0036219953901876854, 0.0036219953901876854, 0.011853803095159697, 0.017451432334540665, 0.03161014158709253, 0.037537043134672377, 0.06124464932499177, 0.07211063549555483, 0.09351333552848205, 0.11326967402041488, 0.14027000329272307, 0.09713533091866974, 0.14619690484030293, 0.050049390846229835, 0.037537043134672377, 0.038524860059269014, 0.011853803095159697, 0.008890352321369773, 0.010207441554165295, 0.004280540006585446, 0.001975633849193283, 0.0029634507737899243, 0.0009878169245966415, 0.0, 0.0, 0.0], [0.00018625442354255913, 0.0, 0.0005587632706276774, 0.0005587632706276774, 0.0009312721177127957, 0.0022350530825107095, 0.004656360588563979, 0.008381449059415161, 0.014527845036319613, 0.02384056621344757, 0.05233749301545912, 0.06481653939281058, 0.09014714099459863, 0.09945986217172657, 0.13317191283292978, 0.13186813186813187, 0.12572173589122743, 0.07319798845222573, 0.07804060346433228, 0.03669212143788415, 0.019929223319053828, 0.017694170236543117, 0.007450176941702366, 0.005215123859191656, 0.00428385174147886, 0.0016762898118830322, 0.0018625442354255914, 0.0005587632706276774, 0.0, 0.0, 0.0, 0.0], [0.0, 0.0, 0.0, 0.0, 0.00034940600978336826, 0.0006988120195667365, 0.002795248078266946, 0.0033193570929419985, 0.007686932215234102, 0.010307477288609364, 0.02498252969951083, 0.03756114605171209, 0.0517120894479385, 0.0683088749126485, 0.10831586303284417, 0.11198462613556953, 0.14378057302585603, 0.1035988819007687, 0.15251572327044025, 0.06009783368273934, 0.03476589797344514, 0.03424178895877009, 0.012928022361984625, 0.009608665269042627, 0.01222921034241789, 0.003843466107617051, 0.0019217330538085255, 0.0019217330538085255, 0.0005241090146750524, 0.0, 0.0, 0.0], [0.00023255813953488373, 0.0, 0.0, 0.00011627906976744187, 0.00023255813953488373, 0.00046511627906976747, 0.0015116279069767441, 0.002325581395348837, 0.004883720930232558, 0.01430232558139535, 0.022209302325581395, 0.02802325581395349, 0.03825581395348837, 0.05244186046511628, 0.07883720930232559, 0.10686046511627907, 0.145, 0.10813953488372093, 0.16046511627906976, 0.07488372093023256, 0.050930232558139533, 0.05325581395348837, 0.019767441860465116, 0.008488372093023255, 0.01430232558139535, 0.0047674418604651166, 0.0027906976744186047, 0.002674418604651163, 0.0019767441860465114, 0.0018604651162790699, 0.0, 0.0], [0.0, 0.0, 0.00023872045834328001, 0.0, 0.00047744091668656003, 0.00047744091668656003, 0.0009548818333731201, 0.0009548818333731201, 0.00405824779183576, 0.00405824779183576, 0.013368345667223681, 0.017904034375746003, 0.0370016710432084, 0.05156361900214848, 0.07543566483647648, 0.10575316304607305, 0.15469085700644544, 0.11434709954643113, 0.16758176175698258, 0.08044879446168536, 0.055621866793984245, 0.053234662210551446, 0.023633325375984723, 0.0107424206254476, 0.014800668417283362, 0.00644545237526856, 0.0021484841250895203, 0.0016710432084029601, 0.0014323227500596801, 0.0009548818333731201, 0.0, 0.0], [0.0, 0.0004233700254022015, 0.0, 0.0, 0.001693480101608806, 0.0012701100762066045, 0.000846740050804403, 0.00550381033022862, 0.01100762066045724, 0.015241320914479255, 0.01947502116850127, 0.03132938187976291, 0.04868755292125317, 0.06223539373412362, 0.08001693480101608, 0.10626587637595258, 0.1363251481795089, 0.10287891617273497, 0.12997459779847587, 0.06519898391193904, 0.04657070279424217, 0.04868755292125317, 0.0279424216765453, 0.013547840812870448, 0.017781541066892465, 0.010584250635055038, 0.0046570702794242165, 0.0046570702794242165, 0.004233700254022015, 0.0029635901778154107, 0.0, 0.0], [0.00022593764121102577, 0.0, 0.00045187528242205153, 0.0006778129236330773, 0.0006778129236330773, 0.0009037505648441031, 0.0022593764121102574, 0.0038409399005874378, 0.00745594215996385, 0.012652507907817443, 0.023045639403524627, 0.04157252598282874, 0.06891098056936286, 0.07907817442385902, 0.10912788070492543, 0.12471757794848622, 0.13669227293267058, 0.09353818346136467, 0.12562132851333033, 0.051965657478535925, 0.032083145051965654, 0.03615002259376412, 0.016041572525982827, 0.0070040668775417985, 0.012426570266606417, 0.004970628106642567, 0.0033890646181653863, 0.002033438770899232, 0.0022593764121102574, 0.00022593764121102577, 0.0, 0.0], [0.0, 0.0, 0.00017006802721088434, 0.0003401360544217687, 0.0005102040816326531, 0.0003401360544217687, 0.0011904761904761906, 0.0032312925170068026, 0.004251700680272109, 0.011394557823129252, 0.02193877551020408, 0.026530612244897958, 0.050510204081632655, 0.0641156462585034, 0.0988095238095238, 0.12227891156462585, 0.14642857142857144, 0.0977891156462585, 0.17653061224489797, 0.05646258503401361, 0.03435374149659864, 0.036904761904761905, 0.015816326530612244, 0.006802721088435374, 0.01173469387755102, 0.004081632653061225, 0.002891156462585034, 0.0017006802721088435, 0.0013605442176870747, 0.001530612244897959, 0.0, 0.0], [0.0, 0.0, 0.0, 0.010101010101010102, 0.010101010101010102, 0.010101010101010102, 0.0, 0.010101010101010102, 0.010101010101010102, 0.06060606060606061, 0.020202020202020204, 0.050505050505050504, 0.050505050505050504, 0.04040404040404041, 0.06060606060606061, 0.12121212121212122, 0.12121212121212122, 0.1111111111111111, 0.050505050505050504, 0.020202020202020204, 0.08080808080808081, 0.030303030303030304, 0.030303030303030304, 0.0, 0.050505050505050504, 0.050505050505050504, 0.0, 0.0, 0.0, 0.0, 0.0, 0.0], [0.00024204284158296018, 0.00012102142079148009, 0.0, 0.00012102142079148009, 0.00024204284158296018, 0.00024204284158296018, 0.00048408568316592036, 0.0016942998910807214, 0.0030255355197870023, 0.006656178143531405, 0.01173907781677357, 0.017185041752390173, 0.03340191213844851, 0.050102868207672756, 0.08544112307878494, 0.13058211303400702, 0.16749364637540845, 0.12900883456371778, 0.13953769817257655, 0.07346000242042841, 0.048650611158175, 0.05143410383637904, 0.018758320222679415, 0.008350478034612127, 0.012102142079148009, 0.004114728306910323, 0.0025414498366210818, 0.0031465569405784823, 0.00012102142079148009, 0.0, 0.0, 0.0], [0.0, 0.0, 0.0, 0.00015865460891638903, 0.0, 0.00031730921783277807, 0.0014278914802475012, 0.0007932730445819451, 0.0020625099159130573, 0.0031730921783277802, 0.00809138505473584, 0.012057750277645565, 0.019831826114548628, 0.029509757258448358, 0.05029351102649532, 0.0794859590671109, 0.12470252260828177, 0.11914961129620816, 0.19419324131366017, 0.09947643979057591, 0.07044264635887673, 0.0867840710772648, 0.031413612565445025, 0.014437569411391401, 0.02586070125337141, 0.011581786450896399, 0.006663493574488339, 0.00475963826749167, 0.0011105822624147231, 0.0019038553069966682, 0.00031730921783277807, 0.0], [0.000315059861373661, 0.00010501995379122033, 0.0, 0.00021003990758244065, 0.00021003990758244065, 0.0007351396765385423, 0.0008401596303297626, 0.002520478890989288, 0.003780718336483932, 0.007141356857802983, 0.014282713715605966, 0.01932367149758454, 0.024364629279563118, 0.03801722327242176, 0.05639571518588532, 0.08601134215500945, 0.12213820625918925, 0.12791430371770637, 0.19187145557655955, 0.09798361688720857, 0.0640621718126444, 0.07036336904011763, 0.027305187985717287, 0.013757613946649863, 0.017748372190716236, 0.005461037597143457, 0.0035706784289014915, 0.0033606385213190504, 0.00021003990758244065, 0.0, 0.0, 0.0], [0.0, 0.0, 0.0, 0.0017605633802816902, 0.0017605633802816902, 0.0, 0.0, 0.00528169014084507, 0.008802816901408451, 0.00528169014084507, 0.01584507042253521, 0.02640845070422535, 0.045774647887323945, 0.0880281690140845, 0.09507042253521127, 0.1426056338028169, 0.16901408450704225, 0.11971830985915492, 0.1602112676056338, 0.058098591549295774, 0.022887323943661973, 0.02112676056338028, 0.007042253521126761, 0.0017605633802816902, 0.0035211267605633804, 0.0, 0.0, 0.0, 0.0, 0.0, 0.0, 0.0], [0.0, 0.0, 0.0, 0.000261210274270788, 0.0, 0.000174140182847192, 0.000261210274270788, 0.0007836308228123639, 0.002002612102742708, 0.0058336961253809315, 0.008619939050936004, 0.01610796691336526, 0.02777535916412712, 0.03465389638659121, 0.05450587723117109, 0.0697431432303004, 0.11327818894209839, 0.08950805398345668, 0.2193295602960383, 0.1000435350457118, 0.06861123204179365, 0.10622551153678711, 0.031780583369612536, 0.012015672616456247, 0.02194166303874619, 0.007662168045276448, 0.004005224205485416, 0.002525032651284284, 0.0021767522855899, 0.000174140182847192, 0.0, 0.0], [0.0001796783757074836, 8.98391878537418e-05, 8.98391878537418e-05, 0.0001796783757074836, 0.0005390351271224508, 0.0005390351271224508, 0.0005390351271224508, 0.0012577486299523853, 0.0016171053813673524, 0.006558260713323151, 0.011589255233132692, 0.024615937471925253, 0.04536878986613961, 0.06567244632108525, 0.10017069445692212, 0.14221543437247328, 0.19072859581349386, 0.12847003863085077, 0.14895337346150392, 0.05489174377863624, 0.03027580630671099, 0.02488545503548648, 0.009433114724642888, 0.0038630850777108977, 0.0035935675141496723, 0.0012577486299523853, 0.002156140508489803, 0.0002695175635612254, 0.0, 0.0, 0.0, 0.0], [0.0, 0.0001224589762429586, 0.0, 0.0001224589762429586, 0.0003673769287288758, 0.0008572128337007102, 0.0009796718099436689, 0.002204261572373255, 0.003428851334802841, 0.0060004898359049715, 0.012490815576781777, 0.02204261572373255, 0.03232916972814107, 0.046167034043595394, 0.07629194219936321, 0.1245407788390889, 0.165686994856723, 0.12049963262307127, 0.16115601273573352, 0.08302718589272594, 0.04665686994856723, 0.04812637766348273, 0.020573108008817047, 0.010041636051922606, 0.010164095028165565, 0.003428851334802841, 0.0017144256674014205, 0.0009796718099436689, 0.0, 0.0, 0.0, 0.0], [0.0, 0.0, 0.0, 0.0, 0.00029403116730373417, 0.0, 0.0008820935019112026, 0.0008820935019112026, 0.001617171420170538, 0.0033813584239929433, 0.009703028521023229, 0.01587768303440165, 0.027197882975595413, 0.046750955601293734, 0.08232872684504558, 0.1126139370773302, 0.1524551602469862, 0.09923551896501029, 0.19097324316377537, 0.07189062040576301, 0.04454572184651573, 0.0563069685386651, 0.025286680388121142, 0.013819464863275507, 0.018965010291090857, 0.009556012937371362, 0.004851514260511614, 0.0038224051749485444, 0.004851514260511614, 0.0019112025874742722, 0.0, 0.0], [0.00037593984962406017, 0.00037593984962406017, 0.00037593984962406017, 0.0007518796992481203, 0.002255639097744361, 0.0030075187969924814, 0.004887218045112782, 0.008646616541353383, 0.015789473684210527, 0.031203007518796993, 0.03796992481203008, 0.05451127819548872, 0.06090225563909774, 0.08533834586466166, 0.11428571428571428, 0.11165413533834587, 0.12518796992481204, 0.07631578947368421, 0.13984962406015036, 0.040225563909774435, 0.02406015037593985, 0.02706766917293233, 0.012406015037593985, 0.005263157894736842, 0.008270676691729323, 0.0037593984962406013, 0.002631578947368421, 0.002255639097744361, 0.00037593984962406017, 0.0, 0.0, 0.0], [0.0, 0.0, 0.0, 0.0019815059445178335, 0.002642007926023778, 0.002642007926023778, 0.004623513870541612, 0.011228533685601057, 0.011228533685601057, 0.013870541611624834, 0.02443857331571995, 0.03500660501981506, 0.05085865257595773, 0.05548216644649934, 0.08520475561426684, 0.11228533685601057, 0.13936591809775428, 0.10898282694848084, 0.16974900924702774, 0.0607661822985469, 0.031704095112285335, 0.02906208718626156, 0.01915455746367239, 0.007926023778071334, 0.012549537648612946, 0.004623513870541612, 0.0019815059445178335, 0.0019815059445178335, 0.0006605019815059445, 0.0, 0.0, 0.0], [0.00029291154071470416, 0.0, 0.0, 0.0, 0.0007322788517867604, 0.0008787346221441124, 0.0030755711775043936, 0.005272407732864675, 0.007615700058582308, 0.014938488576449912, 0.02870533099004101, 0.04437609841827768, 0.05975395430579965, 0.08611599297012303, 0.12858816637375511, 0.13986526069127123, 0.1442589338019918, 0.08977738722905683, 0.11716461628588166, 0.038371411833626246, 0.026947861745752782, 0.029437609841827767, 0.011570005858230814, 0.005565319273579379, 0.010398359695371997, 0.0029291154071470417, 0.001611013473930873, 0.0007322788517867604, 0.00014645577035735208, 0.0008787346221441124, 0.0, 0.0], [0.0, 0.0, 0.0, 0.0004488330341113106, 0.0004488330341113106, 0.0002244165170556553, 0.002244165170556553, 0.0011220825852782765, 0.004712746858168761, 0.009874326750448833, 0.018177737881508078, 0.022217235188509873, 0.035682226211849195, 0.04914721723518851, 0.07315978456014363, 0.10659784560143627, 0.12320466786355476, 0.10053859964093358, 0.16090664272890484, 0.07562836624775583, 0.05430879712746858, 0.056104129263913824, 0.027603231597845602, 0.015484739676840215, 0.03007181328545781, 0.011220825852782765, 0.008752244165170557, 0.0062836624775583485, 0.002244165170556553, 0.0029174147217235187, 0.0006732495511669659, 0.0], [0.0, 0.0, 0.0, 0.0002061855670103093, 0.0002061855670103093, 0.0, 0.0010309278350515464, 0.0010309278350515464, 0.00288659793814433, 0.010103092783505154, 0.015876288659793816, 0.02865979381443299, 0.044948453608247424, 0.06577319587628866, 0.09752577319587628, 0.11917525773195876, 0.14742268041237114, 0.10268041237113402, 0.16103092783505155, 0.06783505154639176, 0.043092783505154636, 0.045154639175257735, 0.015876288659793816, 0.007422680412371134, 0.009278350515463918, 0.0018556701030927835, 0.005154639175257732, 0.003711340206185567, 0.0016494845360824743, 0.0004123711340206186, 0.0, 0.0], [0.00013089005235602096, 0.00013089005235602096, 0.00013089005235602096, 0.00013089005235602096, 0.0005235602094240838, 0.0013089005235602095, 0.0013089005235602095, 0.0031413612565445027, 0.005235602094240838, 0.008638743455497382, 0.02212041884816754, 0.034031413612565446, 0.05667539267015707, 0.075, 0.11125654450261781, 0.1417539267015707, 0.16452879581151833, 0.1106020942408377, 0.11413612565445026, 0.060471204188481675, 0.035471204188481674, 0.025785340314136127, 0.012434554973821989, 0.004842931937172775, 0.005366492146596858, 0.0018324607329842932, 0.001963350785340314, 0.0009162303664921466, 0.00013089005235602096, 0.0, 0.0, 0.0], [0.0, 0.0, 0.0, 0.00021696680407897592, 0.00021696680407897592, 0.0010848340203948796, 0.0013018008244738556, 0.0028205684530266868, 0.0058581037101323495, 0.007810804946843133, 0.016706443914081145, 0.023649381644608374, 0.04165762638316338, 0.06140160555435018, 0.09329572575395964, 0.13343458450857018, 0.15448036450423086, 0.11781297461488392, 0.13755695378607072, 0.06639184204816663, 0.042525493599479276, 0.03992189195053157, 0.017140377522239097, 0.00694293773052723, 0.016055543501844217, 0.004556302885658494, 0.0028205684530266868, 0.0013018008244738556, 0.002386634844868735, 0.00043393360815795185, 0.00021696680407897592, 0.0], [0.0, 0.0, 0.0, 0.00026191723415400735, 0.0, 0.0010476689366160294, 0.002357255107386066, 0.0026191723415400735, 0.005762179151388162, 0.005762179151388162, 0.012310110005238345, 0.021215295966474593, 0.031168150864326873, 0.045835515976951284, 0.07988475641697224, 0.10921948664222106, 0.13803038239916188, 0.10319539025667888, 0.18124672603457306, 0.07595599790466212, 0.04793085385018334, 0.061812467260345734, 0.02462022001047669, 0.015976951283394446, 0.018072289156626505, 0.00995285489785228, 0.0034049240440020955, 0.0010476689366160294, 0.0010476689366160294, 0.00026191723415400735, 0.0, 0.0], [0.0, 0.0, 0.00028595939376608524, 0.0, 0.00028595939376608524, 0.00042893909064912783, 0.0005719187875321705, 0.0020017157563625965, 0.0018587360594795538, 0.005147269087789534, 0.011867314841292536, 0.025879325135830713, 0.04275092936802974, 0.07234772662281956, 0.10308836145267372, 0.11838718901915928, 0.14440949385187304, 0.09894195024306549, 0.15727766657134687, 0.05762081784386617, 0.040892193308550186, 0.04332284815556191, 0.023448670288818987, 0.010723477266228196, 0.020446096654275093, 0.006148126965970832, 0.004718329997140406, 0.0037174721189591076, 0.002287675150128682, 0.001143837575064341, 0.0, 0.0], [0.0, 0.0, 9.004141905276428e-05, 0.0, 9.004141905276428e-05, 0.0002701242571582928, 0.0003601656762110571, 0.0010804970286331713, 0.0019809112191608138, 0.0055825679812713845, 0.010804970286331712, 0.02043940212497749, 0.03511615343057806, 0.04916261480280929, 0.07203313524221142, 0.09058166756708086, 0.11786421754006843, 0.09598415271024671, 0.2202413110030614, 0.08788042499549793, 0.05438501710786962, 0.07266342517558076, 0.02278047902034936, 0.00864397622906537, 0.018458490905816676, 0.0061228164955879705, 0.002881325409688457, 0.0024311183144246355, 0.0017107869620025212, 0.0003601656762110571, 0.0, 0.0], [0.0, 0.0, 0.0, 0.0, 0.0, 0.0001181753722524226, 0.0007090522335145356, 0.000590876861262113, 0.0022453320727960292, 0.005081541006854172, 0.008035925313164737, 0.018553533443630348, 0.03226187662491137, 0.05636965256440558, 0.08709524935003546, 0.1271567005436067, 0.17289056960529425, 0.1239659654927913, 0.19735287166154572, 0.06558733160009454, 0.03521626093122193, 0.04277948475537698, 0.010753958874970456, 0.003545261167572678, 0.005199716379106594, 0.0009454029780193808, 0.0012999290947766486, 0.002008981328291184, 0.0002363507445048452, 0.0, 0.0, 0.0], [0.0, 0.003968253968253968, 0.0, 0.003968253968253968, 0.003968253968253968, 0.01984126984126984, 0.031746031746031744, 0.01984126984126984, 0.07142857142857142, 0.04365079365079365, 0.03968253968253968, 0.07142857142857142, 0.07936507936507936, 0.10714285714285714, 0.10714285714285714, 0.11904761904761904, 0.0873015873015873, 0.06746031746031746, 0.047619047619047616, 0.015873015873015872, 0.023809523809523808, 0.011904761904761904, 0.007936507936507936, 0.015873015873015872, 0.0, 0.0, 0.0, 0.0, 0.0, 0.0, 0.0, 0.0]]}, "ranks": {"labels": ["Unranked", "Combatatent I", "Combatatent II", "Challenger I", "Challenger II", "Rival I", "Rival II", "Duelist", "Elite"], "data": [[0.11920529801324503, 0.15894039735099338, 0.19205298013245034, 0.2185430463576159, 0.1490066225165563, 0.08278145695364239, 0.03642384105960265, 0.04304635761589404, 0.0], [0.05106382978723404, 0.07957446808510639, 0.14340425531914894, 0.2221276595744681, 0.23914893617021277, 0.1753191489361702, 0.04595744680851064, 0.031063829787234043, 0.012340425531914894], [0.010091367789444975, 0.02059184508386745, 0.050320469112232376, 0.11632346924860221, 0.22378289922269193, 0.30560480021819175, 0.09982271921450975, 0.1227328514932497, 0.05072957861720987], [0.021486570893191757, 0.03672704559650219, 0.08844472204871955, 0.18051217988757026, 0.27095565271705185, 0.2282323547782636, 0.083947532792005, 0.07420362273579013, 0.015490318550905683], [0.13636363636363635, 0.12727272727272726, 0.18181818181818182, 0.18181818181818182, 0.09090909090909091, 0.15454545454545454, 0.06363636363636363, 0.06363636363636363, 0.0], [0.010986170350264961, 0.03011503166602042, 0.09073284218689415, 0.20511826289259402, 0.2631510921545819, 0.20227478350781958, 0.07250872431174873, 0.08788936280211969, 0.03722373012795657], [0.06485013623978202, 0.0880108991825613, 0.15122615803814715, 0.23923705722070845, 0.2098092643051771, 0.12288828337874659, 0.04659400544959128, 0.04577656675749319, 0.03160762942779292], [0.2653061224489796, 0.1870748299319728, 0.20068027210884354, 0.14285714285714285, 0.1054421768707483, 0.04081632653061224, 0.030612244897959183, 0.027210884353741496, 0.0], [0.04141890506458889, 0.08458068484724215, 0.13881484519171622, 0.2084273118720525, 0.22534344884150093, 0.13266352265737133, 0.06530654090629485, 0.06827968013122822, 0.03516506048800492], [0.007701193685021178, 0.013092029264536002, 0.03581055063534848, 0.10358105506353485, 0.17096649980747017, 0.22371967654986524, 0.12783981517135157, 0.19252984212552945, 0.12475933769734308], [0.03984194929206454, 0.0691471847217649, 0.1333552848205466, 0.20678300954889695, 0.23740533421139282, 0.1738557787290089, 0.05992756009219625, 0.059269015475798485, 0.02041488310833059], [0.05587632706276774, 0.1171540324082697, 0.1896070031663252, 0.26504004470106163, 0.19891972434345315, 0.09722480908921587, 0.03743713913205439, 0.03035947103743714, 0.008381449059415161], [0.025157232704402517, 0.06254367575122292, 0.120020964360587, 0.2203004891684137, 0.24737945492662475, 0.18256464011180992, 0.06481481481481481, 0.056778476589797344, 0.020440251572327043], [0.024069767441860464, 0.05023255813953489, 0.09069767441860466, 0.18569767441860466, 0.25313953488372093, 0.20093023255813955, 0.08534883720930232, 0.08151162790697675, 0.028372093023255815], [0.011219861542134162, 0.031272380042969686, 0.08856529004535689, 0.18118882788254953, 0.2690379565528766, 0.21317736930054906, 0.09047505371210313, 0.08761040821198376, 0.027452852709477202], [0.03598645215918713, 0.05080440304826418, 0.1109229466553768, 0.18628281117696868, 0.23920406435224387, 0.1629974597798476, 0.07874682472480948, 0.09017781541066892, 0.04487722269263336], [0.029145955716222322, 0.06461816538635337, 0.14798915499322188, 0.23384545865341166, 0.23023045639403525, 0.15386353366470853, 0.055806597379123364, 0.05919566199728875, 0.025305015815634886], [0.02142857142857143, 0.04846938775510204, 0.11462585034013606, 0.22108843537414966, 0.24421768707482994, 0.20748299319727892, 0.05986394557823129, 0.05952380952380952, 0.023299319727891156], [0.1111111111111111, 0.0707070707070707, 0.09090909090909091, 0.18181818181818182, 0.23232323232323232, 0.050505050505050504, 0.10101010101010101, 0.06060606060606061, 0.10101010101010101], [0.01282827060389689, 0.028924119569163742, 0.08350478034612126, 0.21602323611279198, 0.29650248093912623, 0.18165315260801163, 0.07999515914316833, 0.07854290209367058, 0.022025898584049377], [0.007932730445819451, 0.020149135332381406, 0.04934158337299699, 0.12977947009360621, 0.24385213390448993, 0.24528002538473742, 0.11883230207837538, 0.13263525305410123, 0.052197366333491986], [0.01585801302247427, 0.03360638521319051, 0.062381852551984876, 0.14240705734089476, 0.2500525099768956, 0.24375131274942238, 0.11016593152699013, 0.11142617097248478, 0.030350766645662677], [0.022887323943661973, 0.04225352112676056, 0.13380281690140844, 0.23767605633802816, 0.2887323943661972, 0.20246478873239437, 0.03873239436619718, 0.02992957746478873, 0.0035211267605633804], [0.009316499782324772, 0.024727905964301262, 0.06242925555071833, 0.12424902046147149, 0.20278624292555508, 0.2703526338702656, 0.1176316935132782, 0.1500217675228559, 0.03848498040922943], [0.011589255233132692, 0.03620519270505795, 0.11104123618722486, 0.2423861288293954, 0.3191986344443446, 0.17994789327104482, 0.054173030275806305, 0.038181654837840265, 0.007276974216153086], [0.01408278226794024, 0.034533431300514325, 0.07849620377173647, 0.20083272103845212, 0.2861866274797943, 0.2062209159931423, 0.0846191525838844, 0.07874112172422239, 0.016287043840313493], [0.007056748015289621, 0.025580711555424875, 0.07394883857688915, 0.19494266392237578, 0.25169067921199645, 0.23022640399882388, 0.07718318141723023, 0.09541311379006175, 0.04395765951190826], [0.06766917293233082, 0.0924812030075188, 0.1462406015037594, 0.22593984962406016, 0.20150375939849624, 0.16052631578947368, 0.04360902255639098, 0.04473684210526316, 0.017293233082706767], [0.04821664464993395, 0.059445178335535004, 0.10634081902245707, 0.1974900924702774, 0.24834874504623514, 0.20343461030383092, 0.058784676354029064, 0.056142668428005284, 0.021796565389696168], [0.032806092560046865, 0.07308142940831869, 0.14586994727592267, 0.26845342706502634, 0.23403632103104863, 0.13898652606912712, 0.043497363796133566, 0.04657293497363796, 0.016695957820738138], [0.0190754039497307, 0.04039497307001795, 0.0848294434470377, 0.1797576301615799, 0.22374326750448834, 0.20197486535008977, 0.08886894075403949, 0.09919210053859964, 0.06216337522441652], [0.015463917525773196, 0.0445360824742268, 0.11072164948453608, 0.21670103092783505, 0.2501030927835052, 0.2, 0.07195876288659794, 0.06845360824742268, 0.022061855670103093], [0.020680628272251308, 0.056151832460732985, 0.13167539267015707, 0.25301047120418846, 0.275130890052356, 0.1486910994764398, 0.06138743455497382, 0.04306282722513089, 0.010209424083769634], [0.019310045563028858, 0.04035582555868952, 0.10305923193751355, 0.22673031026252982, 0.2722933391191148, 0.17335647645910177, 0.07311781297461488, 0.0640052072032979, 0.02777175092210892], [0.0178103719224725, 0.03352540597171294, 0.07700366684127816, 0.1891042430591933, 0.24122577265584075, 0.22367731796752227, 0.08145625982189628, 0.10240963855421686, 0.03378732320586694], [0.010580497569345154, 0.03774663997712325, 0.1150986559908493, 0.221475550471833, 0.24335144409493853, 0.18830426079496712, 0.06748641692879612, 0.0774949957106091, 0.038461538461538464], [0.00945434900054025, 0.0312443724113092, 0.08427876823338736, 0.16261480280929227, 0.21384837025031514, 0.2648118134341797, 0.09769493967224924, 0.1040878804249955, 0.03196470376373132], [0.008744977546679272, 0.026589458756795085, 0.08863152918931695, 0.21425194989364216, 0.29685653509808557, 0.23256913259276768, 0.06558733160009454, 0.05707870479792011, 0.009690380524698653], [0.1984126984126984, 0.1111111111111111, 0.1865079365079365, 0.2261904761904762, 0.15476190476190477, 0.05555555555555555, 0.031746031746031744, 0.03571428571428571, 0.0]]}, "ranksDetailed": {"labels": ["Unranked", "Combatatant", "Challenger", "Rival", "Duelist", "Elite"], "data": [[0.11920529801324503, 0.3509933774834437, 0.3675496688741722, 0.11920529801324503, 0.04304635761589404, 0.0], [0.05106382978723404, 0.2229787234042553, 0.46127659574468083, 0.22127659574468084, 0.031063829787234043, 0.012340425531914894], [0.010091367789444975, 0.07091231419609982, 0.34010636847129416, 0.4054275194327015, 0.1227328514932497, 0.05072957861720987], [0.021486570893191757, 0.12517176764522173, 0.4514678326046221, 0.3121798875702686, 0.07420362273579013, 0.015490318550905683], [0.13636363636363635, 0.3090909090909091, 0.2727272727272727, 0.21818181818181817, 0.06363636363636363, 0.0], [0.010986170350264961, 0.12084787385291457, 0.46826935504717593, 0.2747835078195683, 0.08788936280211969, 0.03722373012795657], [0.06485013623978202, 0.23923705722070845, 0.4490463215258856, 0.16948228882833788, 0.04577656675749319, 0.03160762942779292], [0.2653061224489796, 0.3877551020408163, 0.24829931972789115, 0.07142857142857142, 0.027210884353741496, 0.0], [0.04141890506458889, 0.22339553003895837, 0.4337707607135534, 0.1979700635636662, 0.06827968013122822, 0.03516506048800492], [0.007701193685021178, 0.04890257989988448, 0.274547554871005, 0.3515594917212168, 0.19252984212552945, 0.12475933769734308], [0.03984194929206454, 0.2025024695423115, 0.44418834376028976, 0.23378333882120514, 0.059269015475798485, 0.02041488310833059], [0.05587632706276774, 0.3067610355745949, 0.4639597690445148, 0.13466194822127026, 0.03035947103743714, 0.008381449059415161], [0.025157232704402517, 0.18256464011180992, 0.46767994409503844, 0.24737945492662475, 0.056778476589797344, 0.020440251572327043], [0.024069767441860464, 0.14093023255813952, 0.43883720930232556, 0.2862790697674419, 0.08151162790697675, 0.028372093023255815], [0.011219861542134162, 0.11983767008832658, 0.45022678443542613, 0.30365242301265216, 0.08761040821198376, 0.027452852709477202], [0.03598645215918713, 0.16172734970364097, 0.42548687552921255, 0.24174428450465707, 0.09017781541066892, 0.04487722269263336], [0.029145955716222322, 0.21260732037957525, 0.4640759150474469, 0.2096701310438319, 0.05919566199728875, 0.025305015815634886], [0.02142857142857143, 0.1630952380952381, 0.46530612244897956, 0.2673469387755102, 0.05952380952380952, 0.023299319727891156], [0.1111111111111111, 0.16161616161616163, 0.41414141414141414, 0.15151515151515152, 0.06060606060606061, 0.10101010101010101], [0.01282827060389689, 0.112428899915285, 0.5125257170519182, 0.26164831175118, 0.07854290209367058, 0.022025898584049377], [0.007932730445819451, 0.06949071870537839, 0.37363160399809614, 0.3641123274631128, 0.13263525305410123, 0.052197366333491986], [0.01585801302247427, 0.09598823776517539, 0.39245956731779036, 0.3539172442764125, 0.11142617097248478, 0.030350766645662677], [0.022887323943661973, 0.176056338028169, 0.5264084507042254, 0.24119718309859156, 0.02992957746478873, 0.0035211267605633804], [0.009316499782324772, 0.0871571615150196, 0.32703526338702654, 0.38798432738354377, 0.1500217675228559, 0.03848498040922943], [0.011589255233132692, 0.14724642889228282, 0.56158476327374, 0.23412092354685113, 0.038181654837840265, 0.007276974216153086], [0.01408278226794024, 0.11302963507225079, 0.4870193485182464, 0.2908400685770267, 0.07874112172422239, 0.016287043840313493], [0.007056748015289621, 0.09952955013231403, 0.44663334313437225, 0.3074095854160541, 0.09541311379006175, 0.04395765951190826], [0.06766917293233082, 0.2387218045112782, 0.4274436090225564, 0.20413533834586467, 0.04473684210526316, 0.017293233082706767], [0.04821664464993395, 0.16578599735799207, 0.44583883751651254, 0.26221928665786, 0.056142668428005284, 0.021796565389696168], [0.032806092560046865, 0.21895137668424136, 0.5024897480960749, 0.18248388986526068, 0.04657293497363796, 0.016695957820738138], [0.0190754039497307, 0.12522441651705565, 0.4035008976660682, 0.29084380610412924, 0.09919210053859964, 0.06216337522441652], [0.015463917525773196, 0.15525773195876288, 0.4668041237113402, 0.2719587628865979, 0.06845360824742268, 0.022061855670103093], [0.020680628272251308, 0.18782722513089006, 0.5281413612565445, 0.2100785340314136, 0.04306282722513089, 0.010209424083769634], [0.019310045563028858, 0.1434150574962031, 0.4990236493816446, 0.24647428943371663, 0.0640052072032979, 0.02777175092210892], [0.0178103719224725, 0.1105290728129911, 0.43033001571503404, 0.3051335777894185, 0.10240963855421686, 0.03378732320586694], [0.010580497569345154, 0.15284529596797256, 0.4648269945667715, 0.25579067772376324, 0.0774949957106091, 0.038461538461538464], [0.00945434900054025, 0.11552314064469656, 0.3764631730596074, 0.36250675310642894, 0.1040878804249955, 0.03196470376373132], [0.008744977546679272, 0.11522098794611203, 0.5111084849917277, 0.2981564641928622, 0.05707870479792011, 0.009690380524698653], [0.1984126984126984, 0.2976190476190476, 0.38095238095238093, 0.0873015873015873, 0.03571428571428571, 0.0]]}}}, "eu": {"histType": {"histogram": {"labels": ["0", "100", "200", "300", "400", "500", "600", "700", "800", "900", "1000", "1100", "1200", "1300", "1400", "1500", "1600", "1700", "1800", "1900", "2000", "2100", "2200", "2300", "2400", "2500", "2600", "2700", "2800", "2900", "3000", "3100"], "data": [[0.0, 0.0, 0.004219409282700422, 0.0, 0.0, 0.008438818565400843, 0.016877637130801686, 0.02109704641350211, 0.04219409282700422, 0.05063291139240506, 0.06329113924050633, 0.05907172995780591, 0.06329113924050633, 0.10548523206751055, 0.13924050632911392, 0.11814345991561181, 0.09282700421940929, 0.0759493670886076, 0.04219409282700422, 0.04219409282700422, 0.012658227848101266, 0.012658227848101266, 0.008438818565400843, 0.004219409282700422, 0.016877637130801686, 0.0, 0.0, 0.0, 0.0, 0.0, 0.0, 0.0], [0.0, 0.0, 0.0004576659038901602, 0.0009153318077803204, 0.0009153318077803204, 0.0036613272311212816, 0.005034324942791762, 0.007322654462242563, 0.017848970251716247, 0.02334096109839817, 0.035240274599542334, 0.05080091533180778, 0.06224256292906179, 0.07963386727688787, 0.12036613272311213, 0.11441647597254005, 0.15240274599542333, 0.08054919908466819, 0.14187643020594964, 0.040274599542334096, 0.017391304347826087, 0.02379862700228833, 0.006407322654462242, 0.004576659038901602, 0.005491990846681922, 0.003203661327231121, 0.0004576659038901602, 0.0013729977116704805, 0.0, 0.0, 0.0, 0.0], [0.0, 0.0, 0.0, 0.0001439055979277594, 0.0001439055979277594, 0.0001439055979277594, 0.0001439055979277594, 0.001439055979277594, 0.002878111958555188, 0.0038854511440495035, 0.008922147071521083, 0.01424665419484818, 0.02057850050366959, 0.02806159159591308, 0.047344941718232836, 0.06749172542811915, 0.13095409411426104, 0.10577061447690315, 0.24636638365232408, 0.0864872643545834, 0.06187940710893654, 0.0828896244063894, 0.027629874802129802, 0.014822276586559217, 0.02575910202906893, 0.010073391854943157, 0.0046049791336883, 0.003022017556482947, 0.0017268671751331126, 0.0024463951647719097, 0.0001439055979277594, 0.0], [0.0, 0.0, 0.0, 0.00011976047904191617, 0.00011976047904191617, 0.00023952095808383233, 0.0008383233532934132, 0.0026347305389221557, 0.0038323353293413173, 0.008502994011976048, 0.016167664670658683, 0.025748502994011976, 0.033532934131736525, 0.045508982035928146, 0.07520958083832335, 0.10191616766467065, 0.15808383233532936, 0.1178443113772455, 0.18898203592814372, 0.08263473053892216, 0.05041916167664671, 0.050658682634730536, 0.014131736526946107, 0.007305389221556886, 0.00934131736526946, 0.002874251497005988, 0.0010778443113772455, 0.000718562874251497, 0.0009580838323353293, 0.0005988023952095808, 0.0, 0.0], [0.0, 0.0, 0.0, 0.0, 0.0, 0.018691588785046728, 0.028037383177570093, 0.04672897196261682, 0.04672897196261682, 0.028037383177570093, 0.07476635514018691, 0.09345794392523364, 0.037383177570093455, 0.028037383177570093, 0.08411214953271028, 0.14018691588785046, 0.04672897196261682, 0.08411214953271028, 0.07476635514018691, 0.04672897196261682, 0.056074766355140186, 0.009345794392523364, 0.009345794392523364, 0.028037383177570093, 0.009345794392523364, 0.009345794392523364, 0.0, 0.0, 0.0, 0.0, 0.0, 0.0], [0.0, 0.00013068478829064296, 0.00013068478829064296, 0.00026136957658128593, 0.0003920543648719289, 0.00013068478829064296, 0.0003920543648719289, 0.0018295870360690017, 0.0030057501306847883, 0.0060115002613695765, 0.011108207004704652, 0.01986408782017773, 0.030580240460010455, 0.05397281756403555, 0.0854678515420805, 0.10729221118661787, 0.15120230005227392, 0.10663878724516467, 0.16440146366962885, 0.07527443805541036, 0.04796131730266597, 0.061683220073183484, 0.022216414009409303, 0.011369576581285939, 0.019994772608468374, 0.009278619968635651, 0.003789858860428646, 0.0024830109775222163, 0.001437532671197