{"region": {"us": {"histType": {"histogram": {"labels": ["0", "100", "200", "300", "400", "500", "600", "700", "800", "900", "1000", "1100", "1200", "1300", "1400", "1500", "1600", "1700", "1800", "1900", "2000", "2100", "2200", "2300", "2400", "2500", "2600", "2700", "2800", "2900", "3000", "3100", "3200"], "data": [[0.0, 0.0, 0.0037735849056603774, 0.0037735849056603774, 0.0037735849056603774, 0.007547169811320755, 0.016981132075471698, 0.01509433962264151, 0.03962264150943396, 0.045283018867924525, 0.08679245283018867, 0.10377358490566038, 0.10943396226415095, 0.13018867924528302, 0.11509433962264151, 0.10566037735849057, 0.07547169811320754, 0.04905660377358491, 0.03207547169811321, 0.02830188679245283, 0.009433962264150943, 0.011320754716981131, 0.0018867924528301887, 0.0018867924528301887, 0.0037735849056603774, 0.0, 0.0, 0.0, 0.0, 0.0, 0.0, 0.0, 0.0], [0.0, 0.0002929973630237328, 0.0, 0.0005859947260474656, 0.0005859947260474656, 0.0023439789041898623, 0.0043949604453559915, 0.008203926164664518, 0.014063873425139173, 0.02724875476120715, 0.0375036624670378, 0.05772048051567536, 0.07910928801640785, 0.0920011719894521, 0.12393788455903897, 0.13477878699091708, 0.15177263404629357, 0.08203926164664518, 0.11075300322297099, 0.033987694110753, 0.015528860240257838, 0.009961910342806914, 0.005566949897450923, 0.0020509815411661296, 0.0023439789041898623, 0.0002929973630237328, 0.0017579841781423966, 0.0011719894520949312, 0.0, 0.0, 0.0, 0.0, 0.0], [0.00011359763716914689, 0.0, 0.0, 0.00022719527433829378, 0.00022719527433829378, 0.00022719527433829378, 0.00022719527433829378, 0.0005679881858457344, 0.002726343292059525, 0.0032943314779052594, 0.005225491309780756, 0.007724639327501988, 0.012268544814267862, 0.01931159831875497, 0.0254458707258889, 0.03953197773486312, 0.17789389980688403, 0.1405202771782347, 0.3140974667726911, 0.08474383732818358, 0.04782460524821084, 0.05918436896512552, 0.020333977053277292, 0.008633420424855162, 0.01863001249574009, 0.006475065318641372, 0.002839940929228672, 0.0012495740088606156, 0.0, 0.00045439054867658755, 0.0, 0.0, 0.0], [0.0, 0.0, 0.0, 0.0, 0.00010927767457108513, 0.00010927767457108513, 0.0007649437219975958, 0.001748442793137362, 0.004589662331985576, 0.007758714894547044, 0.011474155829963938, 0.013550431646814555, 0.02513386515134958, 0.02983280515790624, 0.04425745820128948, 0.054638837285542564, 0.075729428477762, 0.14348158671183478, 0.2894765599388045, 0.1073106764288056, 0.06655010381379084, 0.0661129931155065, 0.024150366080209814, 0.00852365861654464, 0.014643208392525408, 0.005026773030269916, 0.003496885586274724, 0.0015298874439951917, 0.0, 0.0, 0.0, 0.0, 0.0], [0.0, 0.0, 0.0, 0.0, 0.006329113924050633, 0.006329113924050633, 0.03164556962025317, 0.02531645569620253, 0.056962025316455694, 0.04430379746835443, 0.056962025316455694, 0.0949367088607595, 0.0949367088607595, 0.13924050632911392, 0.08227848101265822, 0.10126582278481013, 0.056962025316455694, 0.03164556962025317, 0.08860759493670886, 0.0379746835443038, 0.0189873417721519, 0.0189873417721519, 0.006329113924050633, 0.0, 0.0, 0.0, 0.0, 0.0, 0.0, 0.0, 0.0, 0.0, 0.0], [0.0, 0.0, 0.0, 0.0, 0.0, 0.0, 0.0, 0.0013616842987325861, 0.0013616842987325861, 0.00796061590028281, 0.0206347543731015, 0.03278516811563842, 0.05383890227296533, 0.08735728501099822, 0.10820152927621242, 0.13344506127579345, 0.16287839111762858, 0.09688907510212633, 0.13334031632973709, 0.05247721797423274, 0.03142348381690584, 0.03603226144338536, 0.015397507070283858, 0.006913166439719284, 0.010055514821409867, 0.003875563004085053, 0.0023043888132397612, 0.0008379595684508222, 0.0004189797842254111, 0.00010474494605635278, 0.00010474494605635278, 0.0, 0.0], [0.0, 0.00022779043280182233, 0.00045558086560364467, 0.002050113895216401, 0.001366742596810934, 0.0036446469248291574, 0.007061503416856492, 0.01366742596810934, 0.021184510250569475, 0.03553530751708428, 0.04988610478359909, 0.06879271070615034, 0.09658314350797266, 0.110250569476082, 0.1152619589977221, 0.12277904328018223, 0.11708428246013668, 0.06970387243735764, 0.07266514806378133, 0.0275626423690205, 0.017995444191343964, 0.015945330296127564, 0.00979498861047836, 0.004783599088838269, 0.00683371298405467, 0.0036446469248291574, 0.003416856492027335, 0.0009111617312072893, 0.00045558086560364467, 0.0, 0.00045558086560364467, 0.0, 0.0], [0.00303951367781155, 0.0, 0.0, 0.0060790273556231, 0.00911854103343465, 0.02127659574468085, 0.0121580547112462, 0.03951367781155015, 0.057750759878419454, 0.09422492401215805, 0.11550151975683891, 0.13677811550151975, 0.11854103343465046, 0.0972644376899696, 0.0790273556231003, 0.0668693009118541, 0.04559270516717325, 0.02127659574468085, 0.02735562310030395, 0.03951367781155015, 0.00303951367781155, 0.0, 0.00303951367781155, 0.00303951367781155, 0.0, 0.0, 0.0, 0.0, 0.0, 0.0, 0.0, 0.0, 0.0], [0.0003007518796992481, 0.0002005012531328321, 0.0005012531328320802, 0.0003007518796992481, 0.0005012531328320802, 0.0012030075187969924, 0.0015037593984962407, 0.00431077694235589, 0.0077192982456140355, 0.01593984962406015, 0.026165413533834586, 0.034786967418546366, 0.0425062656641604, 0.04902255639097745, 0.06616541353383458, 0.170125313283208, 0.16942355889724312, 0.11328320802005012, 0.12040100250626566, 0.05523809523809524, 0.03548872180451128, 0.03488721804511278, 0.01804511278195489, 0.010526315789473684, 0.013533834586466165, 0.004110275689223058, 0.002807017543859649, 0.0005012531328320802, 0.0005012531328320802, 0.0, 0.0, 0.0, 0.0], [0.0, 0.0, 0.0, 0.0, 0.0007930214115781126, 0.0003965107057890563, 0.0011895321173671688, 0.0015860428231562252, 0.0015860428231562252, 0.007930214115781126, 0.012688342585249802, 0.01506740681998414, 0.02141157811260904, 0.03647898493259318, 0.05828707375099128, 0.07494052339413164, 0.09833465503568596, 0.08961141950832673, 0.1796193497224425, 0.07137192704203013, 0.07731958762886598, 0.09873116574147502, 0.04401268834258525, 0.018636003172085646, 0.05035685963521015, 0.014670896114195083, 0.011102299762093577, 0.00951625693893735, 0.0027755749405233942, 0.0015860428231562252, 0.0, 0.0, 0.0], [0.0, 0.0, 0.00021710811984368216, 0.0, 0.001519756838905775, 0.0006513243595310464, 0.0021710811984368217, 0.004125054277029961, 0.008901432913590968, 0.017585757707338254, 0.02540165002171081, 0.03343465045592705, 0.05796786799826314, 0.07533651758575771, 0.09921841076856275, 0.12483716891011724, 0.15523230568823274, 0.09639600521059488, 0.13634389926183238, 0.05492835432045159, 0.034085974815458095, 0.03321754233608337, 0.013460703430308293, 0.00803300043421624, 0.008901432913590968, 0.0034737299174989146, 0.0034737299174989146, 0.0006513243595310464, 0.0004342162396873643, 0.0, 0.0, 0.0, 0.0], [0.0, 0.0, 0.0009549578226961642, 0.0011141174598121915, 0.001273277096928219, 0.0027057138309724655, 0.00668470475887315, 0.011936972783702053, 0.019576635365271367, 0.0383574725449626, 0.06175393920101862, 0.07528250835588095, 0.10536367977081013, 0.12016552602260067, 0.13560401082285534, 0.11936972783702053, 0.11363998090084354, 0.05888906573293013, 0.06016234282985835, 0.024033105204520133, 0.0151201655260226, 0.01209613242081808, 0.006525545121757122, 0.0041381505650167115, 0.0031831927423205475, 0.001750756008276301, 0.0003183192742320548, 0.0, 0.0, 0.0, 0.0, 0.0, 0.0], [0.0, 0.0, 0.0, 0.0, 0.0001232741617357002, 0.0004930966469428008, 0.0019723865877712033, 0.0019723865877712033, 0.004437869822485207, 0.005547337278106509, 0.013560157790927022, 0.019970414201183433, 0.028476331360946745, 0.03377712031558185, 0.09060650887573965, 0.15261341222879685, 0.1930473372781065, 0.1283284023668639, 0.16592702169625245, 0.05682938856015779, 0.03168145956607495, 0.033900394477317554, 0.013929980276134122, 0.007766272189349112, 0.008505917159763314, 0.004191321499013806, 0.0017258382642998027, 0.0001232741617357002, 0.0004930966469428008, 0.0, 0.0, 0.0, 0.0], [0.00020267531414673692, 0.0, 0.0, 0.00010133765707336846, 0.00010133765707336846, 0.0003040129712201054, 0.00131738954195379, 0.0018240778273206323, 0.004154843940008107, 0.016416700445885692, 0.035873530603972435, 0.047020672882042966, 0.06951763275233076, 0.09566274827725983, 0.11339683826509932, 0.11967977300364815, 0.14633157681394407, 0.09312930685042561, 0.11755168220510742, 0.04935143899473044, 0.02776651803810296, 0.029489258208350223, 0.011349817592217268, 0.005066882853668423, 0.006992298338062424, 0.0030401297122010537, 0.002128090798540738, 0.0007093635995135793, 0.0007093635995135793, 0.0007093635995135793, 0.00010133765707336846, 0.0, 0.0], [0.0, 0.0, 0.0, 0.00042265426880811494, 0.00042265426880811494, 0.00021132713440405747, 0.001267962806424345, 0.0019019442096365174, 0.00422654268808115, 0.0061284868977176665, 0.015426880811496195, 0.027261200338123414, 0.04902789518174133, 0.06804733727810651, 0.09784446322907861, 0.11813186813186813, 0.16166525781910399, 0.12003381234150465, 0.14623837700760778, 0.06868131868131869, 0.04015215553677092, 0.03550295857988166, 0.015215553677092139, 0.006339814032121725, 0.009721048182586645, 0.003592561284868977, 0.001267962806424345, 0.00042265426880811494, 0.0, 0.0008453085376162299, 0.0, 0.0, 0.0], [0.0, 0.0, 0.0, 0.0002994011976047904, 0.0011976047904191617, 0.0023952095808383233, 0.0023952095808383233, 0.005089820359281437, 0.011377245508982036, 0.018562874251497007, 0.029940119760479042, 0.04730538922155689, 0.06766467065868263, 0.09251497005988024, 0.10239520958083832, 0.11826347305389222, 0.1380239520958084, 0.09640718562874251, 0.10269461077844311, 0.04940119760479042, 0.03263473053892216, 0.03323353293413173, 0.01407185628742515, 0.009880239520958085, 0.01347305389221557, 0.005089820359281437, 0.0023952095808383233, 0.0023952095808383233, 0.0005988023952095808, 0.0002994011976047904, 0.0, 0.0, 0.0], [0.00020458265139116204, 0.0, 0.0008183306055646482, 0.0008183306055646482, 0.0006137479541734861, 0.0010229132569558102, 0.0026595744680851063, 0.0075695581014729955, 0.012684124386252046, 0.018617021276595744, 0.03314238952536825, 0.05298690671031096, 0.07815057283142389, 0.10331423895253683, 0.11988543371522095, 0.12254500818330606, 0.13604746317512276, 0.08326513911620295, 0.11108837970540099, 0.04193944353518821, 0.023731587561374796, 0.022504091653027823, 0.010024549918166939, 0.005114566284779051, 0.005523731587561375, 0.0016366612111292963, 0.0016366612111292963, 0.0014320785597381341, 0.0004091653027823241, 0.0006137479541734861, 0.0, 0.0, 0.0], [0.0, 0.0, 0.00012478163214374845, 0.0002495632642874969, 0.0003743448964312453, 0.0002495632642874969, 0.0008734714250062391, 0.001996506114299975, 0.0029947591714499623, 0.010856001996506114, 0.02582979785375593, 0.043798352882455704, 0.07274769153980534, 0.0953331669578238, 0.1244072872473172, 0.1308959321187921, 0.1519840279510856, 0.09233840778637385, 0.13763414025455453, 0.03843274270027452, 0.021961567257299724, 0.023583728475168455, 0.008360369353631145, 0.004492138757174944, 0.0061142999750436735, 0.0017469428500124782, 0.0017469428500124782, 0.0002495632642874969, 0.00012478163214374845, 0.0004991265285749938, 0.0, 0.0, 0.0], [0.0, 0.0, 0.0, 0.007575757575757576, 0.015151515151515152, 0.015151515151515152, 0.007575757575757576, 0.015151515151515152, 0.030303030303030304, 0.08333333333333333, 0.03787878787878788, 0.08333333333333333, 0.08333333333333333, 0.06818181818181818, 0.045454545454545456, 0.11363636363636363, 0.10606060606060606, 0.09848484848484848, 0.03787878787878788, 0.022727272727272728, 0.022727272727272728, 0.03787878787878788, 0.022727272727272728, 0.0, 0.007575757575757576, 0.015151515151515152, 0.007575757575757576, 0.015151515151515152, 0.0, 0.0, 0.0, 0.0, 0.0], [0.00020946795140343527, 0.00010473397570171764, 0.0, 0.0, 0.0, 0.00010473397570171764, 0.00020946795140343527, 0.0009426057813154587, 0.002304147465437788, 0.004817762882279012, 0.007750314201927106, 0.010473397570171765, 0.022413070800167575, 0.052471721826560534, 0.14641809803100125, 0.16139505655634687, 0.192501047339757, 0.12369082530372853, 0.12672811059907835, 0.056451612903225805, 0.030058651026392963, 0.03194386258902388, 0.012044407205697528, 0.0041893590280687055, 0.007226644323418517, 0.002932551319648094, 0.0013615416841223293, 0.00041893590280687055, 0.0008378718056137411, 0.0, 0.0, 0.0, 0.0], [0.0, 0.0, 0.0, 0.00011976047904191617, 0.0, 0.00011976047904191617, 0.0010778443113772455, 0.0003592814371257485, 0.001437125748502994, 0.0031137724550898203, 0.01029940119760479, 0.017245508982035928, 0.029341317365269463, 0.048982035928143715, 0.0792814371257485, 0.10610778443113772, 0.15748502994011976, 0.12910179640718564, 0.17532934131736527, 0.07952095808383233, 0.051976047904191615, 0.05221556886227545, 0.020119760479041918, 0.010059880239520959, 0.015568862275449102, 0.00562874251497006, 0.002754491017964072, 0.0013173652694610778, 0.0005988023952095808, 0.00023952095808383233, 0.0005988023952095808, 0.0, 0.0], [0.00018508236165093466, 9.254118082546733e-05, 0.0, 0.00018508236165093466, 0.00018508236165093466, 0.000555247084952804, 0.0007403294466037387, 0.0017582824356838793, 0.0029613177864149546, 0.00555247084952804, 0.01036461225245234, 0.013418471219692764, 0.022487506940588563, 0.07708680362761429, 0.10059226355728298, 0.11493614658523042, 0.1422357949287433, 0.12002591153063114, 0.16546363131593558, 0.0739404034795484, 0.04747362576346474, 0.05043494354987969, 0.02008143623912641, 0.010827318156579679, 0.012678141773089024, 0.003331482509716824, 0.0014806588932074773, 0.00037016472330186933, 0.000555247084952804, 0.0, 0.0, 0.0, 0.0], [0.0, 0.0, 0.0, 0.0015723270440251573, 0.0015723270440251573, 0.0015723270440251573, 0.0031446540880503146, 0.006289308176100629, 0.007861635220125786, 0.007861635220125786, 0.01729559748427673, 0.02830188679245283, 0.04559748427672956, 0.0959119496855346, 0.11320754716981132, 0.16823899371069181, 0.16666666666666666, 0.11320754716981132, 0.13050314465408805, 0.05660377358490566, 0.020440251572327043, 0.0110062893081761, 0.0031446540880503146, 0.0, 0.0, 0.0, 0.0, 0.0, 0.0, 0.0, 0.0, 0.0, 0.0], [0.0, 0.0, 0.0, 8.486082824168364e-05, 0.0, 8.486082824168364e-05, 0.0002545824847250509, 0.0007637474541751527, 0.0016972165648336728, 0.0047522063815342835, 0.007298031228784793, 0.01306856754921928, 0.02121520706042091, 0.027410047522063816, 0.04056347589952478, 0.09979633401221996, 0.19008825526137135, 0.12983706720977597, 0.22021384928716906, 0.08027834351663272, 0.04837067209775967, 0.06653088934147998, 0.020196877121520705, 0.006788866259334691, 0.012474541751527495, 0.004073319755600814, 0.002291242362525458, 0.0013577732518669382, 0.0002545824847250509, 0.0002545824847250509, 0.0, 0.0, 0.0], [9.44822373393802e-05, 9.44822373393802e-05, 9.44822373393802e-05, 0.0, 0.0003779289493575208, 0.0003779289493575208, 0.0002834467120181406, 0.000944822373393802, 0.0010393046107331821, 0.005291005291005291, 0.00963718820861678, 0.01917989417989418, 0.03429705215419501, 0.04478458049886622, 0.06689342403628118, 0.07936507936507936, 0.19208238851095993, 0.17450869236583522, 0.19529478458049887, 0.07974300831443688, 0.040249433106575964, 0.03136810279667423, 0.012377173091458806, 0.004251700680272109, 0.00510204081632653, 0.0015117157974300832, 0.0003779289493575208, 0.0003779289493575208, 0.0, 0.0, 0.0, 0.0, 0.0], [0.0, 0.00011559357299734135, 0.0, 0.0005779678649867067, 0.0005779678649867067, 0.0010403421569760722, 0.0016183100219627788, 0.003930181481909606, 0.00601086579586175, 0.011328170153739452, 0.021500404577505492, 0.03618078834816784, 0.0547913536007398, 0.07340191885331175, 0.09675182059877471, 0.1316610796439718, 0.15477979424344007, 0.11073864293145301, 0.13848110045081494, 0.06172696798058028, 0.033637729742226334, 0.032481794012252915, 0.014333603051670326, 0.006126459368859092, 0.005432897930875044, 0.0015027164489654376, 0.0008091550109813894, 0.0004623742919893654, 0.0, 0.0, 0.0, 0.0, 0.0], [0.0, 0.00013433637829124128, 0.0, 0.0, 0.0004030091348737238, 0.00026867275658248256, 0.0008060182697474476, 0.001477700161203654, 0.004433100483610962, 0.007254164427727029, 0.015717356260075227, 0.02646426652337453, 0.04056958624395486, 0.06448146157979581, 0.09793121977431489, 0.12506716818914562, 0.15206878022568512, 0.09564750134336378, 0.17530897367006987, 0.06031703385276733, 0.03707684040838259, 0.042853304674905966, 0.01894142933906502, 0.008328855454056958, 0.009940891993551854, 0.0053734551316496505, 0.003895754970445997, 0.0018807092960773778, 0.0012090274046211713, 0.0010746910263299302, 0.0010746910263299302, 0.0, 0.0], [0.0, 0.00020206102242877348, 0.00020206102242877348, 0.00040412204485754696, 0.0012123661345726409, 0.002222671246716508, 0.0038391594261466965, 0.00868862396443726, 0.017781369973732065, 0.027884421095170742, 0.042230753687613656, 0.06203273388563346, 0.08102646999393817, 0.10345524348353202, 0.1242675287936957, 0.11699333198625984, 0.14366538694685796, 0.07617700545564761, 0.10486967064053344, 0.028086482117599516, 0.017781369973732065, 0.01919579713073348, 0.007678318852293393, 0.0030309153364316025, 0.004243281471004243, 0.0014144271570014145, 0.0008082440897150939, 0.00040412204485754696, 0.00020206102242877348, 0.0, 0.0, 0.0, 0.0], [0.0, 0.0, 0.0007246376811594203, 0.0010869565217391304, 0.003260869565217391, 0.0010869565217391304, 0.0036231884057971015, 0.009420289855072464, 0.012681159420289856, 0.014855072463768116, 0.030797101449275364, 0.043478260869565216, 0.058695652173913045, 0.0822463768115942, 0.10942028985507246, 0.13260869565217392, 0.14818840579710144, 0.10326086956521739, 0.10869565217391304, 0.04565217391304348, 0.02572463768115942, 0.02210144927536232, 0.014130434782608696, 0.007971014492753623, 0.010507246376811594, 0.004710144927536232, 0.0036231884057971015, 0.0014492753623188406, 0.0, 0.0, 0.0, 0.0, 0.0], [0.00022760896779333106, 0.0, 0.0, 0.0, 0.00045521793558666213, 0.00045521793558666213, 0.001934676226243314, 0.003641743484693297, 0.00864914077614658, 0.021281438488676453, 0.03801069762148629, 0.053829520883122796, 0.07602139524297258, 0.11016274041197223, 0.14020712416069192, 0.14111756003186526, 0.13167178786844203, 0.07841128940480255, 0.09161260953681576, 0.033458518265619665, 0.021850460908159782, 0.023329919198816433, 0.008990554227836577, 0.004210765904176624, 0.006600660066006601, 0.0014794582906566519, 0.001251849322863321, 0.0007966313872766587, 0.0, 0.0003414134516899966, 0.0, 0.0, 0.0], [0.0, 0.0, 0.0, 0.0003022517757291824, 0.0001511258878645912, 0.0001511258878645912, 0.001511258878645912, 0.0024180142058334592, 0.006498413178177421, 0.01254344869276107, 0.022971134955417864, 0.029771799909324468, 0.05742783738854466, 0.08175910533474384, 0.10080096720568234, 0.12150521384313133, 0.14825449599516397, 0.09777844944839051, 0.1378268097325072, 0.05697445972495088, 0.03218981411515793, 0.03747922019041862, 0.015565966450052895, 0.008160797944687924, 0.012392322804896478, 0.005742783738854466, 0.0048360284116669185, 0.002266888317968868, 0.0012090071029167296, 0.0009067553271875472, 0.0006045035514583648, 0.0, 0.0], [0.0, 0.0, 0.0, 0.0, 0.0003714710252600297, 0.0009286775631500742, 0.0016716196136701336, 0.004086181277860327, 0.007615156017830609, 0.01690193164933135, 0.0274888558692422, 0.04234769687964339, 0.06537890044576523, 0.08859583952451709, 0.11534175334323923, 0.12871471025260028, 0.14635958395245172, 0.09268202080237742, 0.12852897473997027, 0.049219910846953936, 0.02953194650817236, 0.025074294205052007, 0.009843982169390787, 0.003900445765230312, 0.005943536404160475, 0.001114413075780089, 0.005572065378900446, 0.001300148588410104, 0.0009286775631500742, 0.0005572065378900445, 0.0, 0.0, 0.0], [0.00011018069634200089, 0.00011018069634200089, 0.0, 0.0, 0.00011018069634200089, 0.000991626267078008, 0.0006610841780520053, 0.0023137946231820187, 0.0028646981048920227, 0.005619215513442045, 0.014543851917144116, 0.022036139268400177, 0.036579991185544294, 0.08990744821507272, 0.15546496253856323, 0.1600925517849273, 0.16483032172763332, 0.10775672102247687, 0.11910533274570295, 0.05178492728074041, 0.026773909211106214, 0.020273248126928163, 0.00991626267078008, 0.003085059497576025, 0.002754517408550022, 0.0014323490524460114, 0.00044072278536800354, 0.00033054208902600263, 0.00011018069634200089, 0.0, 0.0, 0.0, 0.0], [0.0, 0.0, 0.0, 0.00016889039013680122, 0.00016889039013680122, 0.0010133423408208073, 0.0013511231210944098, 0.002364465461915217, 0.006417834825198446, 0.009964533018071271, 0.02533355852052018, 0.03462252997804425, 0.06856949839554129, 0.09863198783989191, 0.12582334065191692, 0.14068569498395542, 0.15622361087654113, 0.10488093227495356, 0.10707650734673198, 0.0410403648032427, 0.026853572031751392, 0.01959128525586894, 0.010133423408208072, 0.004560040533693633, 0.008106738726566459, 0.0028711366323256205, 0.0021955750717784156, 0.00033778078027360244, 0.0008444519506840061, 0.0, 0.00016889039013680122, 0.0, 0.0], [0.0, 0.0, 0.0, 0.00017340038148083925, 0.0, 0.000693601525923357, 0.0012138026703658747, 0.0026010057222125888, 0.004855210681463499, 0.005548812207386856, 0.013178428992543784, 0.02132824692214323, 0.0410958904109589, 0.061903936188659615, 0.09068839951447893, 0.11721865788104734, 0.15571354256979367, 0.11028264262181377, 0.1735737818623201, 0.06831975030345067, 0.04074908964799723, 0.04213629269984394, 0.017686838911045603, 0.007803017166637767, 0.011964626322177908, 0.007629616785156927, 0.0024276053407317495, 0.0008670019074041963, 0.00017340038148083925, 0.00017340038148083925, 0.0, 0.0, 0.0], [0.0, 0.0, 0.00011345586566825505, 0.0, 0.0002269117313365101, 0.0003403675970047651, 0.0003403675970047651, 0.0012480145223508056, 0.0011345586566825505, 0.003970955298388926, 0.007261175402768323, 0.029952348536419333, 0.06001815293850692, 0.09496255956432947, 0.11549807125028363, 0.12933968686181074, 0.1476060812343998, 0.09167233945995008, 0.14919446335375539, 0.04935330156569095, 0.03641933287950987, 0.03210800998411618, 0.018720217835262083, 0.008849557522123894, 0.013955071477195371, 0.0031767642387111415, 0.002836396641706376, 0.0013614703880190605, 0.0002269117313365101, 0.00011345586566825505, 0.0, 0.0, 0.0], [0.0, 0.0, 8.811349017534584e-05, 0.0, 8.811349017534584e-05, 8.811349017534584e-05, 0.0001762269803506917, 0.0007930214115781126, 0.001762269803506917, 0.004581901489117984, 0.00889946250770993, 0.016300995682438982, 0.027667635915058594, 0.03612653097189179, 0.05445413692836373, 0.06009340029958587, 0.14195083267248215, 0.1537580403559785, 0.25262137633271653, 0.09093312186095691, 0.051370164772226626, 0.05744999559432549, 0.01462683936910741, 0.006696625253326284, 0.010926072781742884, 0.00467001497929333, 0.0019384967838576087, 0.0007930214115781126, 0.000528680941052075, 0.0006167944312274209, 0.0, 0.0, 0.0], [0.0, 0.0, 0.0, 0.00010874293170943889, 0.0005437146585471945, 0.0007612005219660722, 0.001087429317094389, 0.00293605915615485, 0.00489343192692475, 0.009569377990430622, 0.016311439756415833, 0.030882992605480643, 0.04936929099608525, 0.0754675946063506, 0.11015658982166159, 0.1348412353197042, 0.1736624619399739, 0.11287516311439756, 0.15582862113962592, 0.04936929099608525, 0.02566333188342758, 0.02957807742496738, 0.007503262287951283, 0.0033710308829926054, 0.0025010874293170944, 0.0007612005219660722, 0.00097868638538495, 0.0007612005219660722, 0.00021748586341887777, 0.0, 0.0, 0.0, 0.0], [0.0, 0.0034602076124567475, 0.0, 0.0034602076124567475, 0.0034602076124567475, 0.01730103806228374, 0.02422145328719723, 0.03806228373702422, 0.08650519031141868, 0.04844290657439446, 0.04844290657439446, 0.06920415224913495, 0.07958477508650519, 0.13494809688581316, 0.10726643598615918, 0.11072664359861592, 0.08996539792387544, 0.04152249134948097, 0.03806228373702422, 0.01730103806228374, 0.010380622837370242, 0.010380622837370242, 0.0034602076124567475, 0.01384083044982699, 0.0, 0.0, 0.0, 0.0, 0.0, 0.0, 0.0, 0.0, 0.0]]}, "ranks": {"labels": ["Unranked", "Combatatent I", "Combatatent II", "Challenger I", "Challenger II", "Rival I", "Rival II", "Duelist", "Elite"], "data": [[0.13584905660377358, 0.19056603773584907, 0.23962264150943396, 0.22075471698113208, 0.12452830188679245, 0.05471698113207547, 0.01509433962264151, 0.01509433962264151, 0.0037735849056603774], [0.05772048051567536, 0.09522414298271316, 0.17111046000585994, 0.25871667154995603, 0.23381189569293875, 0.13096982127160856, 0.02929973630237328, 0.017579841781423966, 0.005566949897450923], [0.007611041690332841, 0.012950130637282745, 0.031580143133022834, 0.06497784846075201, 0.3184141769851187, 0.35999091218902646, 0.08667499716005907, 0.08815176644325798, 0.029648983301147337], [0.015080319090809747, 0.025024587476778493, 0.05496667030925582, 0.09889629548683204, 0.21921101518959676, 0.3483772265326194, 0.11496011364878156, 0.09878701781226096, 0.02469675445306524], [0.17088607594936708, 0.1518987341772152, 0.23417721518987342, 0.18354430379746836, 0.08860759493670886, 0.12025316455696203, 0.02531645569620253, 0.02531645569620253, 0.0], [0.010683984497747984, 0.05341992248873992, 0.14119618728396355, 0.24164659055200585, 0.2597674662197549, 0.16340211584791034, 0.05383890227296533, 0.0583429349533885, 0.01770189588352362], [0.08519362186788156, 0.11867881548974943, 0.20683371298405467, 0.23804100227790434, 0.1867881548974943, 0.08952164009111617, 0.028701594533029614, 0.03052391799544419, 0.01571753986332574], [0.24316109422492402, 0.25227963525835867, 0.21580547112462006, 0.1458966565349544, 0.0668693009118541, 0.0547112462006079, 0.015197568389057751, 0.0060790273556231, 0.0], [0.0324812030075188, 0.06095238095238095, 0.09152882205513785, 0.2362907268170426, 0.28270676691729324, 0.1529824561403509, 0.058145363408521306, 0.06345864661654135, 0.021453634085213034], [0.013481363996827915, 0.02775574940523394, 0.05789056304520222, 0.13322759714512292, 0.1879460745440127, 0.21490880253766853, 0.1134020618556701, 0.16137985725614593, 0.09000793021411578], [0.03517151541467651, 0.05883630047763786, 0.13330438558402083, 0.22405557967867998, 0.2516283108988276, 0.16804168475901, 0.057316543638732086, 0.0547112462006079, 0.01693443334780721], [0.08260385166321821, 0.13703644755689956, 0.2255292057934108, 0.2549737386598759, 0.17252904663377366, 0.07305427343625656, 0.02626134012414452, 0.022759828107591914, 0.005252268024828904], [0.014546351084812623, 0.03353057199211045, 0.0622534516765286, 0.2432199211045365, 0.3213757396449704, 0.1989644970414201, 0.05547337278106509, 0.05559664694280079, 0.015039447731755425], [0.0244223753546818, 0.08289420348601541, 0.1651803810295906, 0.23307661126874746, 0.23946088366436968, 0.14541953790028375, 0.04925010133765707, 0.04590595865423591, 0.014389947304418322], [0.014581572273879967, 0.04268808114961961, 0.11707523245984784, 0.21597633136094674, 0.28169907016060863, 0.18681318681318682, 0.06825866441251056, 0.05705832628909552, 0.01584953508030431], [0.04131736526946108, 0.07724550898203593, 0.1601796407185629, 0.22065868263473054, 0.2344311377245509, 0.12754491017964073, 0.05718562874251497, 0.05718562874251497, 0.024251497005988023], [0.045008183306055646, 0.08612929623567922, 0.18146481178396073, 0.242430441898527, 0.2193126022913257, 0.13604746317512276, 0.040711947626841244, 0.03764320785597381, 0.011252045826513912], [0.01771899176441228, 0.06962815073621163, 0.16808085849762916, 0.25530321936610934, 0.24432243573745946, 0.15984527077614175, 0.03818317943598702, 0.036436236585974544, 0.010481657100074869], [0.17424242424242425, 0.12121212121212122, 0.15151515151515152, 0.1590909090909091, 0.20454545454545456, 0.045454545454545456, 0.03787878787878788, 0.06060606060606061, 0.045454545454545456], [0.008692919983242564, 0.018223711772098868, 0.0748847926267281, 0.30781315458734815, 0.3161918726434855, 0.15950984499371595, 0.05372852953498115, 0.048177628822790114, 0.012777545035609551], [0.006227544910179641, 0.027544910179640718, 0.07832335329341317, 0.18538922155688622, 0.28658682634730537, 0.21964071856287426, 0.08718562874251497, 0.08239520958083832, 0.026706586826347304], [0.012215435868961688, 0.023783083472145104, 0.09957431056820285, 0.21552841014251342, 0.2622617064593744, 0.2065519156024431, 0.08032574495650564, 0.08134369794558578, 0.018415694984268], [0.029874213836477988, 0.04559748427672956, 0.14150943396226415, 0.28144654088050314, 0.279874213836478, 0.16666666666666666, 0.040880503144654086, 0.014150943396226415, 0.0], [0.007637474541751527, 0.020366598778004074, 0.04862525458248473, 0.14035980991174474, 0.3199253224711473, 0.26782077393075354, 0.08104209097080788, 0.09351663272233537, 0.020706042090970808], [0.008597883597883597, 0.02881708238851096, 0.07908163265306123, 0.14625850340136054, 0.36659108087679515, 0.24026832955404384, 0.07501889644746787, 0.04799697656840514, 0.007369614512471655], [0.025199398913420414, 0.057681192925673336, 0.12819327245405154, 0.2284129002427465, 0.2655184371748931, 0.17258120448503064, 0.06126459368859091, 0.05294185643278234, 0.008207143682811236], [0.01477700161203654, 0.04218162278344976, 0.10505104782375067, 0.2229983879634605, 0.2477162815690489, 0.20875873186458893, 0.06394411606663085, 0.07012358946802794, 0.02444922084900591], [0.06243685593049101, 0.10426348757324712, 0.1844817134774702, 0.24126086077995554, 0.21984239240250555, 0.12204485754697919, 0.028692665184885835, 0.029905031319458476, 0.007072135785007072], [0.04673913043478261, 0.07427536231884058, 0.14094202898550726, 0.24202898550724639, 0.2514492753623188, 0.13478260869565217, 0.04528985507246377, 0.04420289855072464, 0.020289855072463767], [0.0366450438147263, 0.09184021850460908, 0.1861841356549448, 0.2813246841925572, 0.21008307727324457, 0.11118698076704223, 0.03573460794355297, 0.036531239330829635, 0.010470012518493228], [0.023575638506876228, 0.05274293486474233, 0.1391869427232885, 0.22230618104881367, 0.24603294544355447, 0.16895874263261296, 0.05803234094000302, 0.06120598458515944, 0.02795828925494937], [0.031575037147102525, 0.06983655274888559, 0.15397473997028233, 0.24405646359583952, 0.23904160475482913, 0.15806092124814264, 0.049219910846953936, 0.038818722139673106, 0.015416047548291234], [0.012780960775672102, 0.036579991185544294, 0.12648743940061702, 0.31555751432349055, 0.2725870427501102, 0.1478624944909652, 0.049801674746584396, 0.033274570295284266, 0.005068312031732041], [0.021449079547373753, 0.05995608849856443, 0.1672014862354332, 0.2665090356358723, 0.2611045431514947, 0.12920114845465294, 0.04576929572707313, 0.03428474919777064, 0.014524573551764905], [0.015085833188833015, 0.034506675914687014, 0.10299982659961852, 0.20790705739552626, 0.26599618519160745, 0.21016126235477717, 0.07248135945899081, 0.06762614877752732, 0.02323565111843246], [0.007374631268436578, 0.03721352393918766, 0.1549807125028364, 0.2448377581120944, 0.2392784206943499, 0.1778987973678239, 0.05706830043113229, 0.05967778534150216, 0.021670070342636714], [0.007577760155079743, 0.025200458190148912, 0.06379416688695039, 0.1145475372279496, 0.29570887302846066, 0.3025817252621376, 0.09234293770376245, 0.07877346021675918, 0.019473081328751432], [0.019899956502827318, 0.04719443236189648, 0.12483688560243585, 0.2449978251413658, 0.28653762505437147, 0.18355806872553285, 0.04730317529360591, 0.040452370595911266, 0.005219660722053067], [0.22491349480968859, 0.11764705882352941, 0.21453287197231835, 0.2179930795847751, 0.1314878892733564, 0.04498269896193772, 0.020761245674740483, 0.02768166089965398, 0.0]]}, "ranksDetailed": {"labels": ["Unranked", "Combatatant", "Challenger", "Rival", "Duelist", "Elite"], "data": [[0.13584905660377358, 0.43018867924528303, 0.3452830188679245, 0.06981132075471698, 0.01509433962264151, 0.0037735849056603774], [0.05772048051567536, 0.2663346029885731, 0.4925285672428948, 0.16026955757398184, 0.017579841781423966, 0.005566949897450923], [0.007611041690332841, 0.04453027377030558, 0.3833920254458707, 0.44666590934908557, 0.08815176644325798, 0.029648983301147337], [0.015080319090809747, 0.07999125778603432, 0.3181073106764288, 0.46333734018140094, 0.09878701781226096, 0.02469675445306524], [0.17088607594936708, 0.3860759493670886, 0.2721518987341772, 0.14556962025316456, 0.02531645569620253, 0.0], [0.010683984497747984, 0.19461610977270347, 0.5014140567717608, 0.21724101812087568, 0.0583429349533885, 0.01770189588352362], [0.08519362186788156, 0.3255125284738041, 0.42482915717539865, 0.11822323462414579, 0.03052391799544419, 0.01571753986332574], [0.24316109422492402, 0.46808510638297873, 0.2127659574468085, 0.06990881458966565, 0.0060790273556231, 0.0], [0.0324812030075188, 0.1524812030075188, 0.5189974937343358, 0.2111278195488722, 0.06345864661654135, 0.021453634085213034], [0.013481363996827915, 0.08564631245043616, 0.32117367168913563, 0.3283108643933386, 0.16137985725614593, 0.09000793021411578], [0.03517151541467651, 0.1921406860616587, 0.4756838905775076, 0.22535822839774208, 0.0547112462006079, 0.01693443334780721], [0.08260385166321821, 0.3625656533503104, 0.42750278529364955, 0.09931561356040108, 0.022759828107591914, 0.005252268024828904], [0.014546351084812623, 0.09578402366863906, 0.564595660749507, 0.25443786982248523, 0.05559664694280079, 0.015039447731755425], [0.0244223753546818, 0.248074584515606, 0.47253749493311714, 0.1946696392379408, 0.04590595865423591, 0.014389947304418322], [0.014581572273879967, 0.15976331360946747, 0.49767540152155537, 0.25507185122569737, 0.05705832628909552, 0.01584953508030431], [0.04131736526946108, 0.2374251497005988, 0.4550898203592814, 0.18473053892215568, 0.05718562874251497, 0.024251497005988023], [0.045008183306055646, 0.26759410801963995, 0.4617430441898527, 0.176759410801964, 0.03764320785597381, 0.011252045826513912], [0.01771899176441228, 0.23770900923384078, 0.49962565510356877, 0.19802845021212878, 0.036436236585974544, 0.010481657100074869], [0.17424242424242425, 0.2727272727272727, 0.36363636363636365, 0.08333333333333333, 0.06060606060606061, 0.045454545454545456], [0.008692919983242564, 0.09310850439882698, 0.6240050272308337, 0.21323837452869712, 0.048177628822790114, 0.012777545035609551], [0.006227544910179641, 0.10586826347305389, 0.4719760479041916, 0.3068263473053892, 0.08239520958083832, 0.026706586826347304], [0.012215435868961688, 0.12335739404034796, 0.47779011660188786, 0.28687766055894875, 0.08134369794558578, 0.018415694984268], [0.029874213836477988, 0.1871069182389937, 0.5613207547169812, 0.20754716981132076, 0.014150943396226415, 0.0], [0.007637474541751527, 0.0689918533604888, 0.46028513238289204, 0.34886286490156143, 0.09351663272233537, 0.020706042090970808], [0.008597883597883597, 0.10789871504157218, 0.5128495842781557, 0.3152872260015117, 0.04799697656840514, 0.007369614512471655], [0.025199398913420414, 0.18587446537972488, 0.49393133741763956, 0.23384579817362156, 0.05294185643278234, 0.008207143682811236], [0.01477700161203654, 0.14723267060720044, 0.4707146695325094, 0.2727028479312198, 0.07012358946802794, 0.02444922084900591], [0.06243685593049101, 0.2887452010507173, 0.4611032531824611, 0.15073752273186503, 0.029905031319458476, 0.007072135785007072], [0.04673913043478261, 0.21521739130434783, 0.4934782608695652, 0.18007246376811595, 0.04420289855072464, 0.020289855072463767], [0.0366450438147263, 0.2780243541595539, 0.49140776146580173, 0.14692158871059519, 0.036531239330829635, 0.010470012518493228], [0.023575638506876228, 0.19192987758803082, 0.46833912649236814, 0.226991083572616, 0.06120598458515944, 0.02795828925494937], [0.031575037147102525, 0.22381129271916791, 0.48309806835066865, 0.2072808320950966, 0.038818722139673106, 0.015416047548291234], [0.012780960775672102, 0.1630674305861613, 0.5881445570736007, 0.1976641692375496, 0.033274570295284266, 0.005068312031732041], [0.021449079547373753, 0.22715757473399764, 0.527613578787367, 0.17497044418172605, 0.03428474919777064, 0.014524573551764905], [0.015085833188833015, 0.13750650251430555, 0.4739032425871337, 0.282642621813768, 0.06762614877752732, 0.02323565111843246], [0.007374631268436578, 0.19219423644202405, 0.4841161788064443, 0.2349670977989562, 0.05967778534150216, 0.021670070342636714], [0.007577760155079743, 0.0889946250770993, 0.41025641025641024, 0.39492466296590006, 0.07877346021675918, 0.019473081328751432], [0.019899956502827318, 0.17203131796433233, 0.5315354501957372, 0.23086124401913877, 0.040452370595911266, 0.005219660722053067], [0.22491349480968859, 0.33217993079584773, 0.3494809688581315, 0.0657439446366782, 0.02768166089965398, 0.0]]}}}, "eu": {"histType": {"histogram": {"labels": ["0", "100", "200", "300", "400", "500", "600", "700", "800", "900", "1000", "1100", "1200", "1300", "1400", "1500", "1600", "1700", "1800", "1900", "2000", "2100", "2200", "2300", "2400", "2500", "2600", "2700", "2800", "2900", "3000", "3100", "3200"], "data": [[0.0, 0.0, 0.0023923444976076554, 0.0, 0.0, 0.004784688995215311, 0.009569377990430622, 0.03110047846889952, 0.06698564593301436, 0.07177033492822966, 0.06220095693779904, 0.11722488038277512, 0.07416267942583732, 0.13157894736842105, 0.12679425837320574, 0.11004784688995216, 0.06937799043062201, 0.05263157894736842, 0.023923444976076555, 0.023923444976076555, 0.014354066985645933, 0.004784688995215311, 0.0023923444976076554, 0.0, 0.0, 0.0, 0.0, 0.0, 0.0, 0.0, 0.0, 0.0, 0.0], [0.0003204101249599487, 0.0, 0.0009612303748798462, 0.0009612303748798462, 0.0009612303748798462, 0.003844921499519385, 0.006087792374239026, 0.010573534123678308, 0.019224607497596923, 0.03043896187119513, 0.044216597244472924, 0.061839154117270104, 0.08202499198974687, 0.10509452098686319, 0.13104774110861903, 0.13072733098365907, 0.14290291573213715, 0.06856776674142903, 0.09772508811278437, 0.0256328099967959, 0.013457225248317847, 0.011214354373598205, 0.00512656199935918, 0.00256328099967959, 0.0032041012495994873, 0.0006408202499198974, 0.0006408202499198974, 0.0, 0.0, 0.0, 0.0, 0.0, 0.0], [0.0, 0.0, 0.0, 0.00011450818733539448, 0.00011450818733539448, 0.00011450818733539448, 0.0, 0.0008015573113477613, 0.0019466391847017062, 0.0025191801213786786, 0.005725409366769724, 0.009275163174166953, 0.012595900606893393, 0.015916638039619832, 0.025649833963128362, 0.0767204855147143, 0.2157334249398832, 0.13443261193175313, 0.27905645253635636, 0.07488835451734799, 0.04729188136951792, 0.0518722088629337, 0.01637467078896141, 0.007214015802129852, 0.011794343295545632, 0.004923852055421962, 0.002862704683384862, 0.0014886064353601283, 0.00034352456200618345, 0.00022901637467078896, 0.0, 0.0, 0.0], [0.0, 0.0, 0.0, 0.00010501995379122033, 0.00010501995379122033, 0.00021003990758244065, 0.0007351396765385423, 0.0019953791220331863, 0.0024154589371980675, 0.005776097458517118, 0.011552194917034237, 0.017538332283133794, 0.02142407057340895, 0.027515227893299726, 0.04358328082335644, 0.05618567527830288, 0.08223062381852551, 0.16666666666666666, 0.26780088216761183, 0.10827557235874816, 0.06731779038017223, 0.062171812644402434, 0.020268851081705525, 0.010501995379122032, 0.016173072883847932, 0.004305818105440034, 0.0029405587061541692, 0.0016803192606595252, 0.000315059861373661, 0.00021003990758244065, 0.0, 0.0, 0.0], [0.0, 0.0, 0.0, 0.0, 0.0, 0.020833333333333332, 0.041666666666666664, 0.04861111111111111, 0.05555555555555555, 0.06944444444444445, 0.0625, 0.09722222222222222, 0.0625, 0.0763888888888889, 0.05555555555555555, 0.13194444444444445, 0.020833333333333332, 0.09027777777777778, 0.05555555555555555, 0.041666666666666664, 0.041666666666666664, 0.0, 0.0, 0.006944444444444444, 0.020833333333333332, 0.0, 0.0, 0.0, 0.0, 0.0, 0.0, 0.0, 0.0], [0.0, 0.00010554089709762533, 0.00010554089709762533, 0.00021108179419525067, 0.000316622691292876, 0.00010554089709762533, 0.00021108179419525067, 0.0011609498680738787, 0.003588390501319261, 0.014036939313984169, 0.024063324538258574, 0.03715039577836412, 0.05551451187335092, 0.0787335092348285, 0.1091292875989446, 0.12548812664907652, 0.14923482849604222, 0.10195250659630607, 0.13688654353562005, 0.05245382585751979, 0.0316622691292876, 0.03894459102902375, 0.015