{"region": {"us": {"histType": {"histogram": {"labels": ["0", "100", "200", "300", "400", "500", "600", "700", "800", "900", "1000", "1100", "1200", "1300", "1400", "1500", "1600", "1700", "1800", "1900", "2000", "2100", "2200", "2300", "2400", "2500", "2600", "2700", "2800", "2900", "3000", "3100", "3200"], "data": [[0.0, 0.0, 0.003284072249589491, 0.006568144499178982, 0.003284072249589491, 0.0049261083743842365, 0.014778325123152709, 0.0180623973727422, 0.0361247947454844, 0.04926108374384237, 0.08210180623973727, 0.10344827586206896, 0.11494252873563218, 0.12151067323481117, 0.12479474548440066, 0.09852216748768473, 0.07389162561576355, 0.04926108374384237, 0.04597701149425287, 0.0180623973727422, 0.014778325123152709, 0.008210180623973728, 0.003284072249589491, 0.0016420361247947454, 0.003284072249589491, 0.0, 0.0, 0.0, 0.0, 0.0, 0.0, 0.0, 0.0], [0.0, 0.00027693159789531985, 0.0, 0.00027693159789531985, 0.0011077263915812794, 0.001938521185267239, 0.005261700360011078, 0.009969537524231515, 0.014677374688451952, 0.027139296593741345, 0.03877042370534478, 0.05677097756854057, 0.08141788978122404, 0.09166435890335087, 0.1254500138465799, 0.13348103018554416, 0.15120465245084463, 0.08169482137911936, 0.10744945998338411, 0.03544724453060094, 0.014954306286347273, 0.007754084741068956, 0.005261700360011078, 0.0024923843810578787, 0.0024923843810578787, 0.0005538631957906397, 0.0013846579894765993, 0.0011077263915812794, 0.0, 0.0, 0.0, 0.0, 0.0], [0.00011523392486748098, 0.0, 0.0, 0.00023046784973496196, 0.00023046784973496196, 0.00023046784973496196, 0.00023046784973496196, 0.000576169624337405, 0.002650380271952063, 0.0033417838211569485, 0.005185526619036644, 0.007490205116386264, 0.012099562111085503, 0.019244065452869323, 0.025236229545978334, 0.0394100023046785, 0.148536529154183, 0.14945840055312284, 0.3299147268955981, 0.08584927402627333, 0.049550587693016825, 0.05911500345701775, 0.02189444572482139, 0.00829684259045863, 0.019589767227471768, 0.005992164093109011, 0.0031113159714219866, 0.0019589767227471766, 0.0, 0.0004609356994699239, 0.0, 0.0, 0.0], [0.0, 0.0, 0.0, 0.0, 0.00011224604332697273, 0.00011224604332697273, 0.0007857223032888091, 0.0017959366932315637, 0.004714333819732855, 0.007969469076215064, 0.011673588506005163, 0.013245033112582781, 0.025592097878549783, 0.02929621730833988, 0.043551464810865415, 0.05253114827702324, 0.07363340442249411, 0.04545964754742395, 0.31002357166909866, 0.13491974407902121, 0.08339881019194073, 0.08351105623526771, 0.029745201481647773, 0.012010326635986081, 0.02143899427545179, 0.006510270512964418, 0.0049388259063868, 0.002806151083174318, 0.00022449208665394546, 0.0, 0.0, 0.0, 0.0], [0.0, 0.0, 0.0, 0.0, 0.011299435028248588, 0.011299435028248588, 0.02824858757062147, 0.02824858757062147, 0.04519774011299435, 0.05649717514124294, 0.062146892655367235, 0.096045197740113, 0.096045197740113, 0.10734463276836158, 0.10734463276836158, 0.1016949152542373, 0.05649717514124294, 0.05084745762711865, 0.06779661016949153, 0.02824858757062147, 0.02824858757062147, 0.011299435028248588, 0.005649717514124294, 0.0, 0.0, 0.0, 0.0, 0.0, 0.0, 0.0, 0.0, 0.0, 0.0], [0.0, 0.0, 0.0, 0.0, 0.0, 0.0, 0.0, 0.0013492475350285417, 0.0013492475350285417, 0.004774260508562532, 0.007265179034769071, 0.025220550077841204, 0.05417747794499222, 0.08822003113648158, 0.11562013492475351, 0.14042553191489363, 0.163051375194603, 0.10181629475869226, 0.13523611831863, 0.05303580695381422, 0.030721328489880642, 0.036429683445770626, 0.015360664244940321, 0.007161390762843799, 0.009963674104826155, 0.00467047223663726, 0.002802283341982356, 0.0008303061754021796, 0.0004151530877010898, 0.0, 0.00010378827192527245, 0.0, 0.0], [0.0, 0.0004344048653344917, 0.0004344048653344917, 0.0023892267593397048, 0.001954821894005213, 0.003258036490008688, 0.007167680278019114, 0.013249348392701999, 0.021720243266724587, 0.036707211120764555, 0.04756733275412685, 0.06798436142484796, 0.09839270199826237, 0.10990443092962641, 0.11794092093831451, 0.12206776715899217, 0.11685490877497828, 0.06972198088618592, 0.07080799304952215, 0.029105125977410946, 0.017158992180712426, 0.016072980017376195, 0.009339704604691572, 0.0047784535186794095, 0.0069504778453518675, 0.0030408340573414424, 0.0030408340573414424, 0.0013032145960034753, 0.00021720243266724586, 0.0, 0.0004344048653344917, 0.0, 0.0], [0.002932551319648094, 0.0, 0.0, 0.008797653958944282, 0.008797653958944282, 0.020527859237536656, 0.017595307917888565, 0.04398826979472141, 0.05865102639296188, 0.10263929618768329, 0.11436950146627566, 0.12609970674486803, 0.11436950146627566, 0.0967741935483871, 0.07331378299120235, 0.07038123167155426, 0.04398826979472141, 0.02346041055718475, 0.03225806451612903, 0.03225806451612903, 0.002932551319648094, 0.0, 0.002932551319648094, 0.002932551319648094, 0.0, 0.0, 0.0, 0.0, 0.0, 0.0, 0.0, 0.0, 0.0], [0.00030662305805396567, 0.0002044153720359771, 0.0005110384300899427, 0.00030662305805396567, 0.0005110384300899427, 0.0012264922322158627, 0.0015331152902698284, 0.004292722812755519, 0.0076655764513491416, 0.015944399018806215, 0.02606295993458708, 0.034750613246116106, 0.042211774325429274, 0.04803761242845462, 0.0607113654946852, 0.13276778413736712, 0.18019215044971382, 0.12203597710547834, 0.13195012264922323, 0.05846279640228945, 0.038736713000817664, 0.03607931316434996, 0.018806214227309895, 0.012673753066230581, 0.015433360588716272, 0.004701553556827474, 0.002759607522485691, 0.0007154538021259198, 0.0004088307440719542, 0.0, 0.0, 0.0, 0.0], [0.0, 0.0, 0.0, 0.0, 0.0003946329913180742, 0.0007892659826361484, 0.0015785319652722968, 0.0011838989739542227, 0.0023677979479084454, 0.007892659826361484, 0.013812154696132596, 0.01696921862667719, 0.02249408050513023, 0.037095501183898975, 0.05919494869771113, 0.0749802683504341, 0.10102604577742699, 0.08918705603788477, 0.17995264404104183, 0.06827150749802684, 0.0749802683504341, 0.0978689818468824, 0.04301499605367009, 0.018153117600631413, 0.05011838989739542, 0.014601420678768745, 0.010655090765588003, 0.009471191791633781, 0.0027624309392265192, 0.0011838989739542227, 0.0, 0.0, 0.0], [0.0, 0.0, 0.00019758940920766647, 0.0, 0.0011855364552459987, 0.0005927682276229994, 0.0027662517289073307, 0.00335901995653033, 0.008496344595929657, 0.015609563327405651, 0.02410590792333531, 0.03260225251926497, 0.055522623987354275, 0.06856352499506027, 0.1055127445168939, 0.12685240071132187, 0.15431732859118752, 0.09642363169334124, 0.13811499703615887, 0.05927682276229994, 0.0353685042481723, 0.03319502074688797, 0.012448132780082987, 0.008693934005137325, 0.009286702232760324, 0.0031614305473226635, 0.0031614305473226635, 0.0009879470460383323, 0.00019758940920766647, 0.0, 0.0, 0.0, 0.0], [0.0, 0.0006119014838610984, 0.0012238029677221968, 0.0013767783386874712, 0.0013767783386874712, 0.002906532048340217, 0.007036867064402631, 0.012238029677221967, 0.02126357656417317, 0.03747896588649227, 0.062260975982866756, 0.07602875936974147, 0.10203457243383815, 0.12238029677221968, 0.13523022793330275, 0.1210035184335322, 0.10754168578858804, 0.05935444393452654, 0.05950741930549182, 0.02401713324154811, 0.015756463209423283, 0.01330885727397889, 0.006730916322472082, 0.0039773596450971395, 0.002600581306409668, 0.0016827290806180205, 0.0010708275967569222, 0.0, 0.0, 0.0, 0.0, 0.0, 0.0], [0.0, 0.0, 0.0, 0.0, 0.00012445550715619165, 0.0004978220286247666, 0.001866832607342875, 0.0019912881144990664, 0.0044803982576229, 0.005227131300560049, 0.0134411947728687, 0.019788425637834475, 0.028002489110143122, 0.03372744243932794, 0.0492843808338519, 0.12918481642812696, 0.20821406347230864, 0.13976353453640322, 0.181829495955196, 0.06733042937149969, 0.03696328562538893, 0.035594275046670815, 0.016054760423148726, 0.008587429993777224, 0.01120099564405725, 0.0036092097075295583, 0.0021157436216552583, 0.0006222775357809583, 0.0004978220286247666, 0.0, 0.0, 0.0, 0.0], [0.00020080321285140563, 0.0, 0.0, 0.00010040160642570282, 0.00010040160642570282, 0.00030120481927710846, 0.0012048192771084338, 0.0018072289156626507, 0.004116465863453815, 0.009839357429718875, 0.016164658634538153, 0.03594377510040161, 0.07198795180722892, 0.09949799196787149, 0.12319277108433735, 0.13022088353413655, 0.15060240963855423, 0.09849397590361446, 0.11907630522088354, 0.04909638554216868, 0.02791164658634538, 0.029417670682730924, 0.011144578313253013, 0.004819277108433735, 0.007429718875502008, 0.003112449799196787, 0.0023092369477911647, 0.000502008032128514, 0.0007028112449799197, 0.0006024096385542169, 0.00010040160642570282, 0.0, 0.0], [0.0, 0.0, 0.0, 0.00020052135552436334, 0.0004010427110487267, 0.0004010427110487267, 0.0010026067776218166, 0.0022057349107679966, 0.004411469821535993, 0.007018247443352717, 0.015640665730900342, 0.026468818929215963, 0.0481251253258472, 0.06637256867856427, 0.09965911369560858, 0.120312813314618, 0.16061760577501505, 0.1209143773811911, 0.14858632444355324, 0.06697413274513736, 0.040705835171445756, 0.0344896731501905, 0.012833366753559254, 0.00721876879887708, 0.009424503709645078, 0.0032083416883898134, 0.0016041708441949067, 0.0004010427110487267, 0.0, 0.0008020854220974534, 0.0, 0.0, 0.0], [0.0, 0.0, 0.00026896180742334586, 0.00026896180742334586, 0.0013448090371167294, 0.002420656266810113, 0.0018827326519634212, 0.004303388918773534, 0.011565357719203874, 0.02017213555675094, 0.030930607853684778, 0.04760623991393222, 0.06993006993006994, 0.08821947283485745, 0.10946745562130178, 0.12345346960731576, 0.13044647660032274, 0.10032275416890801, 0.10220548682087144, 0.046530392684238836, 0.03066164604626143, 0.031199569661108123, 0.015868746637977407, 0.006455083378160301, 0.014254975793437331, 0.005110274341043572, 0.002420656266810113, 0.0018827326519634212, 0.0005379236148466917, 0.00026896180742334586, 0.0, 0.0, 0.0], [0.0001984126984126984, 0.0001984126984126984, 0.0007936507936507937, 0.000992063492063492, 0.0003968253968253968, 0.001388888888888889, 0.002777777777777778, 0.006746031746031746, 0.012301587301587301, 0.019246031746031747, 0.03373015873015873, 0.054365079365079366, 0.0761904761904762, 0.10357142857142858, 0.12222222222222222, 0.1259920634920635, 0.13353174603174603, 0.08313492063492063, 0.10992063492063492, 0.040674603174603176, 0.02242063492063492, 0.023214285714285715, 0.00992063492063492, 0.004761904761904762, 0.005158730158730159, 0.0021825396825396826, 0.0015873015873015873, 0.001388888888888889, 0.0003968253968253968, 0.0005952380952380953, 0.0, 0.0, 0.0], [0.0, 0.0, 0.00012281994595922377, 0.00024563989191844754, 0.00036845983787767134, 0.00012281994595922377, 0.0008597396217145664, 0.0018422991893883567, 0.002824858757062147, 0.006386637189879637, 0.012527634487840826, 0.014861213461066078, 0.07418324735937117, 0.10415131417342176, 0.13055760255465487, 0.1369442397445345, 0.1584377302873987, 0.0981331368214198, 0.14627855563743553, 0.040284942274625396, 0.021739130434782608, 0.022967329894374847, 0.009211495946941784, 0.005281257676246622, 0.007000736919675755, 0.0017194792434291329, 0.0019651191353475803, 0.0004912797838368951, 0.00012281994595922377, 0.00036845983787767134, 0.0, 0.0, 0.0], [0.0, 0.0, 0.0, 0.007142857142857143, 0.014285714285714285, 0.007142857142857143, 0.0, 0.02857142857142857, 0.02857142857142857, 0.09285714285714286, 0.04285714285714286, 0.1, 0.07857142857142857, 0.07142857142857142, 0.05, 0.10714285714285714, 0.1, 0.08571428571428572, 0.05, 0.02142857142857143, 0.02142857142857143, 0.02142857142857143, 0.03571428571428571, 0.0, 0.007142857142857143, 0.014285714285714285, 0.0, 0.014285714285714285, 0.0, 0.0, 0.0, 0.0, 0.0], [0.00021422450728363326, 0.00010711225364181663, 0.0, 0.0, 0.0, 0.00010711225364181663, 0.00021422450728363326, 0.0009640102827763496, 0.002356469580119966, 0.004712939160239932, 0.007712082262210797, 0.010604113110539846, 0.022386461011139676, 0.030419880034275922, 0.11043273350471294, 0.1798414738646101, 0.20254927163667524, 0.13324764353041987, 0.1351756640959726, 0.060411311053984576, 0.0322407883461868, 0.03459725792630677, 0.013174807197943445, 0.004605826906598115, 0.007926306769494431, 0.002892030848329049, 0.0021422450728363325, 0.00032133676092544985, 0.0006426735218508997, 0.0, 0.0, 0.0, 0.0], [0.0, 0.0, 0.0, 0.00011702750146284377, 0.0, 0.00011702750146284377, 0.001053247513165594, 0.0003510825043885313, 0.0012873025160912814, 0.0022235225277940315, 0.004564072557050907, 0.007021650087770626, 0.011702750146284377, 0.03756582796957285, 0.08344060854300761, 0.11808074897600936, 0.16781743709771796, 0.1377413692217671, 0.18244587478057345, 0.08344060854300761, 0.05172615564657695, 0.0534815681685196, 0.01895845523698069, 0.00959625511995319, 0.016032767700409595, 0.0052662375658279695, 0.003627852545348157, 0.0012873025160912814, 0.0003510825043885313, 0.00023405500292568755, 0.0004681100058513751, 0.0, 0.0], [0.0001889823301521308, 9.44911650760654e-05, 0.0, 0.0001889823301521308, 0.0001889823301521308, 0.0005669469904563923, 0.0007559293206085231, 0.0017953321364452424, 0.0030237172824340926, 0.005669469904563924, 0.010488519323443258, 0.013606727770953416, 0.017480865539072098, 0.025134649910233394, 0.10677501653595389, 0.12387791741472172, 0.15231975810261741, 0.1290749314939053, 0.17452518189549276, 0.0813568931304923, 0.04875744117924974, 0.05225361428706416, 0.02050458282150619, 0.010205045828215062, 0.014835112916942266, 0.003590664272890485, 0.0018898233015213078, 0.0003779646603042616, 0.00047245582538032695, 0.0, 0.0, 0.0, 0.0], [0.0, 0.0, 0.0, 0.001519756838905775, 0.001519756838905775, 0.0, 0.001519756838905775, 0.007598784194528876, 0.007598784194528876, 0.007598784194528876, 0.015197568389057751, 0.025835866261398176, 0.04559270516717325, 0.09270516717325228, 0.12158054711246201, 0.1717325227963526, 0.1641337386018237, 0.11702127659574468, 0.12613981762917933, 0.05319148936170213, 0.022796352583586626, 0.015197568389057751, 0.001519756838905775, 0.0, 0.0, 0.0, 0.0, 0.0, 0.0, 0.0, 0.0, 0.0, 0.0], [0.0, 0.0, 0.0, 8.712319219376198e-05, 0.0, 8.712319219376198e-05, 0.00026136957658128593, 0.0007841087297438578, 0.0016553406516814776, 0.004704652378463147, 0.0074925945286635305, 0.012894232444676773, 0.021345182087471683, 0.02735668234884126, 0.040599407562293084, 0.048963234012894236, 0.18914445025265725, 0.14610559330893885, 0.23889179299529534, 0.08895277922983098, 0.04870186443631295, 0.06935006098623453, 0.020125457396759017, 0.008102456874019864, 0.014113957135389441, 0.004966021955044433, 0.003484927687750479, 0.0013068478829064297, 0.00026136957658128593, 0.00026136957658128593, 0.0, 0.0, 0.0], [9.63948332369385e-05, 9.63948332369385e-05, 9.63948332369385e-05, 0.0, 0.000385579332947754, 0.000385579332947754, 0.0002891844997108155, 0.000963948332369385, 0.0010603431656063234, 0.005205320994794679, 0.00963948332369385, 0.019086176980913822, 0.0335454019664546, 0.044727202621939466, 0.06622325043377675, 0.07807981492192019, 0.15461731251204935, 0.18787352997879314, 0.20724889145941777, 0.0858877964141122, 0.04173896279159437, 0.03634085213032581, 0.013109697320223636, 0.004916136495083863, 0.005205320994794679, 0.002120686331212647, 0.0006747638326585695, 0.000385579332947754, 0.0, 0.0, 0.0, 0.0, 0.0], [0.0, 0.000109421162052741, 0.0, 0.000109421162052741, 0.000218842324105482, 0.000547105810263705, 0.001422475106685633, 0.004158004158004158, 0.006455848561111719, 0.012474012474012475, 0.0218842324105482, 0.036874931611773715, 0.05482000218842324, 0.07681365576102418, 0.10110515373673268, 0.13108655213918372, 0.15472152314257578, 0.1101871101871102, 0.1344786081628187, 0.059743954480796585, 0.035343035343035345, 0.030856767698872963, 0.012583433636065214, 0.006455848561111719, 0.004814531130320604, 0.002079002079002079, 0.000328263486158223, 0.000328263486158223, 0.0, 0.0, 0.0, 0.0, 0.0], [0.0, 0.0, 0.0, 0.0, 0.0005047955577990914, 0.0006309944472488642, 0.0013881877839475012, 0.001514386673397274, 0.004669358909641595, 0.008329126703685007, 0.016658253407370014, 0.026880363452801617, 0.04025744573447754, 0.06713780918727916, 0.09881373043917213, 0.12657748611812217, 0.15282685512367492, 0.09843513377082282, 0.16847551741544675, 0.06007067137809187, 0.03596668349318526, 0.04139323573952549, 0.016658253407370014, 0.007445734477536598, 0.012619888944977285, 0.0041645633518425035, 0.003785966683493185, 0.0020191822311963654, 0.0012619888944977284, 0.0005047955577990914, 0.0010095911155981827, 0.0, 0.0], [0.0, 0.00018917896329928113, 0.00018917896329928113, 0.00037835792659856227, 0.0011350737797956867, 0.0011350737797956867, 0.003026863412788498, 0.009648127128263337, 0.016458569807037457, 0.026295875898600076, 0.04597048808172531, 0.06205069996216421, 0.07926598562239878, 0.1012107453651154, 0.12561483163072265, 0.1182368520620507, 0.1432084752175558, 0.07359061672342035, 0.10461596670450246, 0.02856602345819145, 0.019863791146424517, 0.019296254256526674, 0.008891411275066213, 0.0024593265228906543, 0.005486189935679153, 0.0009458948164964056, 0.00170261066969353, 0.00037835792659856227, 0.00018917896329928113, 0.0, 0.0, 0.0, 0.0], [0.0, 0.0, 0.00028595939376608524, 0.001143837575064341, 0.002573634543894767, 0.0017157563625965113, 0.0034315127251930227, 0.008006863025450386, 0.012582213325707749, 0.015155847869602517, 0.029453817557906777, 0.0426079496711467, 0.05661995996568487, 0.08149842722333428, 0.11895910780669144, 0.12868172719473836, 0.150986559908493, 0.10122962539319416, 0.11095224478124106, 0.04546754360880755, 0.023448670288818987, 0.022304832713754646, 0.01372605090077209, 0.00829282241921647, 0.010866456963111238, 0.0031455533314269373, 0.0028595939376608523, 0.004003431512725193, 0.0, 0.0, 0.0, 0.0, 0.0], [0.0002242403856934634, 0.0, 0.0, 0.0, 0.0004484807713869268, 0.0004484807713869268, 0.0017939230855477072, 0.0035878461710954143, 0.004933288485256195, 0.009754456777665657, 0.03576634151810741, 0.056508577194752774, 0.07982957730687297, 0.11447471689651306, 0.14228052472250252, 0.14474716896513062, 0.13420787083753785, 0.07568113017154389, 0.09182643794147326, 0.034308779011099896, 0.021414956833725754, 0.0226482789550398, 0.009530216391972194, 0.004821168292409463, 0.00661509137795717, 0.0016818028927009755, 0.0013454423141607804, 0.0007848413499271219, 0.0, 0.0003363605785401951, 0.0, 0.0, 0.0], [0.0, 0.0, 0.0, 0.00028546959748786756, 0.00014273479874393378, 0.00014273479874393378, 0.0014273479874393378, 0.00042820439623180134, 0.0021410219811590064, 0.004710248358549814, 0.014701684270625178, 0.031544390522409364, 0.0553811019126463, 0.08378532686268912, 0.10191264630316871, 0.1288895232657722, 0.1504424778761062, 0.10105623751070511, 0.1445903511276049, 0.05723665429631744, 0.03225806451612903, 0.03768198686839851, 0.016699971453040252, 0.006994005138452755, 0.013702540679417643, 0.004852983157293748, 0.004282043962318013, 0.0029974307736226093, 0.0008564087924636027, 0.0005709391949757351, 0.00028546959748786756, 0.0, 0.0], [0.0, 0.0, 0.0, 0.0, 0.0009004141905276427, 0.0012605798667386999, 0.002341076895371871, 0.0045020709526382135, 0.007563479200432199, 0.018008283810552854, 0.02827300558256798, 0.04069872141184945, 0.07041238969926165, 0.08914100486223663, 0.1166936790923825, 0.1312803889789303, 0.14154511075094545, 0.0927426616243472, 0.12587790383576444, 0.04736178642175401, 0.02863317125877904, 0.02377093462992977, 0.010444804610120656, 0.0037817396002160996, 0.005762650819376914, 0.0007203313524221142, 0.0039618224383216275, 0.0032414910858995136, 0.0007203313524221142, 0.0003601656762110571, 0.0, 0.0, 0.0], [0.00011331444759206799, 0.00011331444759206799, 0.0, 0.0, 0.00011331444759206799, 0.0010198300283286118, 0.0006798866855524079, 0.002379603399433428, 0.0028328611898017, 0.005779036827195467, 0.01405099150141643, 0.02186968838526912, 0.03603399433427762, 0.04339943342776204, 0.09405099150141644, 0.18096317280453258, 0.1907082152974504, 0.12453257790368272, 0.13665722379603398, 0.05915014164305949, 0.03671388101983003, 0.025042492917847027, 0.01189801699716714, 0.0041926345609065154, 0.004759206798866856, 0.0013597733711048158, 0.0011331444759206798, 0.00033994334277620395, 0.00011331444759206799, 0.0, 0.0, 0.0, 0.0], [0.0, 0.0, 0.0, 0.00016, 0.00016, 0.00064, 0.00176, 0.00256, 0.00672, 0.0088, 0.02384, 0.0344, 0.06672, 0.09968, 0.1248, 0.14752, 0.15456, 0.10304, 0.10864, 0.04, 0.0256, 0.01952, 0.01072, 0.0048, 0.00896, 0.00224, 0.00272, 0.00048, 0.0008, 0.0, 0.00016, 0.0, 0.0], [0.0, 0.0, 0.0, 0.00016345210853220007, 0.0, 0.0006538084341288003, 0.0009807126511932004, 0.0009807126511932004, 0.002942137953579601, 0.005720823798627002, 0.013239620791108206, 0.02190258254331481, 0.03873814972213142, 0.060477280156914025, 0.09267734553775744, 0.12013729977116705, 0.15282772147760706, 0.11180124223602485, 0.17146126185027788, 0.06685191238966982, 0.042661000326904217, 0.04462242562929062, 0.018470088264138606, 0.009480222294867604, 0.012095456031382805, 0.005720823798627002, 0.0037593984962406013, 0.0013076168682576005, 0.00016345210853220007, 0.00016345210853220007, 0.0, 0.0, 0.0], [0.0, 0.0, 0.00011326311020500623, 0.0, 0.00022652622041001246, 0.0003397893306150187, 0.0003397893306150187, 0.0012458942122550686, 0.0011326311020500622, 0.003850945746970212, 0.0067957866123003734, 0.01619662475931589, 0.027749462000226526, 0.06116207951070336, 0.12662815720919696, 0.14395741307056292, 0.16298561558500396, 0.0981991165477404, 0.16128666893192886, 0.058217238645373204, 0.039415562351342165, 0.03533809038396194, 0.02095367538792615, 0.009740627477630536, 0.01472420432665081, 0.003284630195945181, 0.0033978933061501867, 0.002378525314305131, 0.00022652622041001246, 0.00011326311020500623, 0.0, 0.0, 0.0], [0.0, 0.0, 9.026900162484202e-05, 0.0, 9.026900162484202e-05, 9.026900162484202e-05, 9.026900162484202e-05, 0.0008124210146235783, 0.0018053800324968406, 0.004603719082866943, 0.00884636215923452, 0.015977613287597038, 0.027893121502076186, 0.036017331648311966, 0.054612745983029426, 0.05957754107239574, 0.08557501354035024, 0.16835168803033038, 0.27261238490702294, 0.09938617078895108, 0.056869471023650475, 0.06111211410001805, 0.01471384726484925, 0.007492327134861888, 0.012998736233977253, 0.005325871095865679, 0.002798339050370103, 0.0009026900162484203, 0.0007221520129987362, 0.0006318830113738942, 0.0, 0.0, 0.0], [0.0, 0.0, 0.0, 0.0, 0.00010454783063251438, 0.0007318348144276007, 0.0010454783063251437, 0.0024046001045478307, 0.0049137480397281755, 0.009722948248823837, 0.017354939884997388, 0.0319916361735494, 0.050914793518034504, 0.0770517511761631, 0.11071615263983273, 0.13863042341871407, 0.17386304234187142, 0.11082070047046524, 0.15211709357030842, 0.04851019341348667, 0.02509147935180345, 0.02749607945635128, 0.007841087297438577, 0.003450078410872974, 0.002509147935180345, 0.000836382645060115, 0.001150026136957658, 0.0006272869837950862, 0.00010454783063251438, 0.0, 0.0, 0.0, 0.0], [0.0, 0.003205128205128205, 0.0, 0.003205128205128205, 0.00641025641025641, 0.016025641025641024, 0.02564102564102564, 0.04487179487179487, 0.08012820512820513, 0.057692307692307696, 0.05128205128205128, 0.07371794871794872, 0.07371794871794872, 0.11217948717948718, 0.13141025641025642, 0.09615384615384616, 0.08653846153846154, 0.041666666666666664, 0.041666666666666664, 0.019230769230769232, 0.009615384615384616, 0.009615384615384616, 0.003205128205128205, 0.01282051282051282, 0.0, 0.0, 0.0, 0.0, 0.0, 0.0, 0.0, 0.0, 0.0]]}, "ranks": {"labels": ["Unranked", "Combatatent I", "Combatatent II", "Challenger I", "Challenger II", "Rival I", "Rival II", "Duelist", "Elite"], "data": [[0.13628899835796388, 0.18555008210180624, 0.23645320197044334, 0.2233169129720854, 0.12315270935960591, 0.059113300492610835, 0.019704433497536946, 0.013136288998357963, 0.003284072249589491], [0.06064801993907505, 0.09554140127388536, 0.17308224868457492, 0.2589310440321241, 0.232899473829964, 0.12905012461921905, 0.028800886181113265, 0.015508169482137912, 0.005538631957906397], [0.0076054390412537455, 0.01267573173542291, 0.031343627563954826, 0.06464623185065684, 0.29799492970730584, 0.3762387646923254, 0.0890758239225628, 0.08930629177229776, 0.031113159714219865], [0.015489953979122235, 0.024918621618587943, 0.054888315186889663, 0.09608261308788865, 0.11909305196991805, 0.3824222696149961, 0.14591985632506455, 0.12526658435290156, 0.03591873386463127], [0.1807909604519774, 0.15819209039548024, 0.2033898305084746, 0.20903954802259886, 0.10734463276836158, 0.096045197740113, 0.02824858757062147, 0.01694915254237288, 0.0], [0.007472755578619616, 0.03248572911261027, 0.1423975090814738, 0.25604566683964713, 0.2648676699532953, 0.165334717176959, 0.05365853658536585, 0.058951738453554746, 0.018785677218474312], [0.08731537793223285, 0.1155516941789748, 0.2082971329278888, 0.2400086880973067, 0.1865768896611642, 0.08861859252823631, 0.02845351867940921, 0.030191138140747177, 0.014986967854039966], [0.26392961876832843, 0.2404692082111437, 0.21114369501466276, 0.1436950146627566, 0.06744868035190615, 0.05278592375366569, 0.01466275659824047, 0.005865102639296188, 0.0], [0.03250204415372036, 0.06081357318070319, 0.09024938675388389, 0.19347914963205234, 0.3022281275551921, 0.16649632052330335, 0.06265331152902698, 0.06755928045789043, 0.02401880621422731], [0.014206787687450671, 0.030781373322809787, 0.059589581689029204, 0.13417521704814522, 0.19021310181531176, 0.21428571428571427, 0.10891870560378848, 0.1590370955011839, 0.08879242304656669], [0.03220707370084963, 0.056708160442600276, 0.12408614898241455, 0.23236514522821577, 0.25074096028452875, 0.17229796482908516, 0.06046235921754594, 0.05433708753210828, 0.01679509978265165], [0.0855132323695885, 0.13828973535260822, 0.22441486920605783, 0.25623374636683494, 0.16689612972311457, 0.07143949824078323, 0.027841517515679974, 0.02401713324154811, 0.00535413798378461], [0.01418792781580585, 0.033229620410703174, 0.06172993154947106, 0.17846919726197885, 0.34797759800871186, 0.22202862476664592, 0.0640945861854387, 0.06023646546359676, 0.01804604853764779], [0.017670682730923693, 0.05210843373493976, 0.1714859437751004, 0.25341365461847387, 0.24909638554216867, 0.14769076305220882, 0.048393574297188754, 0.04538152610441767, 0.014759036144578313], [0.015640665730900342, 0.042109484660116304, 0.11449769400441147, 0.21997192701022658, 0.28153198315620614, 0.1860838179266092, 0.07018247443352717, 0.05454180870262683, 0.015440144375375978], [0.0422270037654653, 0.078536847767617, 0.15814954276492738, 0.23292092522861754, 0.23076923076923078, 0.12641204948897256, 0.05298547606239914, 0.05352339967724583, 0.024475524475524476], [0.04503968253968254, 0.0880952380952381, 0.17976190476190476, 0.24821428571428572, 0.21666666666666667, 0.13373015873015873, 0.039285714285714285, 0.037896825396825394, 0.01130952380952381], [0.012773274379759274, 0.027388847948906902, 0.17833456153279292, 0.2675018422991894, 0.2565708671088185, 0.16863178580201424, 0.039670842544829284, 0.037460083517563254, 0.011667894866126259], [0.17857142857142858, 0.14285714285714285, 0.15, 0.15714285714285714, 0.18571428571428572, 0.05714285714285714, 0.03571428571428571, 0.05714285714285714, 0.03571428571428571], [0.008676092544987147, 0.018316195372750643, 0.052806341045415595, 0.290274207369323, 0.3357969151670951, 0.17041559554413024, 0.05741216795201371, 0.052377892030848326, 0.013924592973436161], [0.005149210064365126, 0.011585722644821533, 0.04926857811585723, 0.20152135751901698, 0.30555880631948507, 0.22984201287302516, 0.08777062609713282, 0.08203627852545348, 0.027267407840842597], [0.012472833790040631, 0.024095247094396675, 0.04261551544930549, 0.2306529339506756, 0.28139468959652275, 0.2197864499669281, 0.08485306623830671, 0.0829632429367854, 0.02116602097703865], [0.02735562310030395, 0.041033434650455926, 0.13829787234042554, 0.2933130699088146, 0.2811550151975684, 0.16109422492401215, 0.041033434650455926, 0.016717325227963525, 0.0], [0.007579717720857292, 0.020386826973340304, 0.04870186443631295, 0.08956264157518731, 0.3352500435615961, 0.29107858511935875, 0.0854678515420805, 0.09757797525701342, 0.024394493814253355], [0.008579140158087526, 0.028725660304607673, 0.07827260458839407, 0.14430306535569692, 0.3424908424908425, 0.25679583574320414, 0.07807981492192019, 0.05436668594563331, 0.00838635049161365], [0.025495130758288652, 0.05875916402232192, 0.13163365794944742, 0.2321917058759164, 0.26490863332968595, 0.1670861144545355, 0.06247948353211511, 0.0498960498960499, 0.007550060181639129], [0.017036850075719333, 0.04353861686017163, 0.1073952549217567, 0.2253912165572943, 0.25126198889449775, 0.2007824331145886, 0.06373043917213529, 0.06549722362443211, 0.02536597677940434], [0.058456299659477864, 0.10802118804388952, 0.18047673098751418, 0.24385168369277335, 0.21679909194097616, 0.12031782065834279, 0.032727960650775635, 0.03064699205448354, 0.00870223231176693], [0.044895624821275376, 0.07206176722905347, 0.13811838718901917, 0.2476408350014298, 0.25221618530168716, 0.1352587932513583, 0.04460966542750929, 0.04432370603374321, 0.02087503574492422], [0.02119071644803229, 0.09227491871286018, 0.19430429420338602, 0.28702769368763315, 0.20988900100908173, 0.11234443323242516, 0.03520574055387375, 0.03699966363942146, 0.010763538513286243], [0.009277761918355694, 0.04624607479303454, 0.13916642877533542, 0.2308021695689409, 0.2514987153868113, 0.17427918926634314, 0.05980588067370825, 0.06137596345989152, 0.027547816157579216], [0.03457590491626148, 0.06897172699441743, 0.15955339456149828, 0.2479740680713128, 0.23428777237529264, 0.15451107509454348, 0.04736178642175401, 0.037997478840266524, 0.01476679272465334], [0.013031161473087818, 0.035920679886685555, 0.07943342776203965, 0.275014164305949, 0.31524079320113313, 0.17053824362606232, 0.06198300283286119, 0.04113314447592068, 0.007705382436260623], [0.0208, 0.05824, 0.1664, 0.27232, 0.2576, 0.13072, 0.04352, 0.03504, 0.01536], [0.011441647597254004, 0.035142203334423014, 0.09921542987904544, 0.2128146453089245, 0.2646289637136319, 0.20758417783589408, 0.07338999673095783, 0.07257273618829684, 0.02321019941157241], [0.007248839053120399, 0.022992411371616263, 0.08891154151092989, 0.2705855702797599, 0.26118473213274435, 0.19390644467097065, 0.06501302525767358, 0.06603239324951864, 0.024125042473666328], [0.00758259613648673, 0.02482397544683156, 0.06391045315038815, 0.11419028705542517, 0.25392670157068065, 0.32722513089005234, 0.10164289582957213, 0.08331828849972919, 0.023379671420834084], [0.018923157344485103, 0.04934657605854679, 0.1279665446941976, 0.2493465760585468, 0.28468374281233666, 0.17982226868792472, 0.04589649764767381, 0.03878724516466283, 0.005227391531625719], [0.23717948717948717, 0.125, 0.1858974358974359, 0.22756410256410256, 0.1282051282051282, 0.05128205128205128, 0.019230769230769232, 0.02564102564102564, 0.0]]}, "ranksDetailed": {"labels": ["Unranked", "Combatatant", "Challenger", "Rival", "Duelist", "Elite"], "data": [[0.13628899835796388, 0.4220032840722496, 0.3464696223316913, 0.07881773399014778, 0.013136288998357963, 0.003284072249589491], [0.06064801993907505, 0.2686236499584603, 0.4918305178620881, 0.15785101080033231, 0.015508169482137912, 0.005538631957906397], [0.0076054390412537455, 0.04401935929937774, 0.36264116155796267, 0.4653145886148882, 0.08930629177229776, 0.031113159714219865], [0.015489953979122235, 0.07980693680547761, 0.21517566505780672, 0.5283421259400606, 0.12526658435290156, 0.03591873386463127], [0.1807909604519774, 0.3615819209039548, 0.3163841807909605, 0.12429378531073447, 0.01694915254237288, 0.0], [0.007472755578619616, 0.17488323819408408, 0.5209133367929424, 0.21899325376232487, 0.058951738453554746, 0.018785677218474312], [0.08731537793223285, 0.3238488271068636, 0.4265855777584709, 0.11707211120764553, 0.030191138140747177, 0.014986967854039966], [0.26392961876832843, 0.45161290322580644, 0.21114369501466276, 0.06744868035190615, 0.005865102639296188, 0.0], [0.03250204415372036, 0.15106295993458707, 0.4957072771872445, 0.22914963205233033, 0.06755928045789043, 0.02401880621422731], [0.014206787687450671, 0.09037095501183899, 0.324388318863457, 0.32320441988950277, 0.1590370955011839, 0.08879242304656669], [0.03220707370084963, 0.18079430942501482, 0.4831061055127445, 0.2327603240466311, 0.05433708753210828, 0.01679509978265165], [0.0855132323695885, 0.36270460455866604, 0.4231298760899495, 0.09928101575646321, 0.02401713324154811, 0.00535413798378461], [0.01418792781580585, 0.09495955196017423, 0.5264467952706907, 0.28612321095208465, 0.06023646546359676, 0.01804604853764779], [0.017670682730923693, 0.22359437751004016, 0.5025100401606426, 0.1960843373493976, 0.04538152610441767, 0.014759036144578313], [0.015640665730900342, 0.15660717866452778, 0.5015039101664327, 0.25626629236013637, 0.05454180870262683, 0.015440144375375978], [0.0422270037654653, 0.23668639053254437, 0.4636901559978483, 0.1793975255513717, 0.05352339967724583, 0.024475524475524476], [0.04503968253968254, 0.26785714285714285, 0.4648809523809524, 0.173015873015873, 0.037896825396825394, 0.01130952380952381], [0.012773274379759274, 0.20572340948169981, 0.5240727094080079, 0.20830262834684352, 0.037460083517563254, 0.011667894866126259], [0.17857142857142858, 0.29285714285714287, 0.34285714285714286, 0.09285714285714286, 0.05714285714285714, 0.03571428571428571], [0.008676092544987147, 0.07112253641816624, 0.6260711225364182, 0.22782776349614395, 0.052377892030848326, 0.013924592973436161], [0.005149210064365126, 0.060854300760678756, 0.5070801638385021, 0.317612638970158, 0.08203627852545348, 0.027267407840842597], [0.012472833790040631, 0.06671076254370216, 0.5120476235471983, 0.30463951620523483, 0.0829632429367854, 0.02116602097703865], [0.02735562310030395, 0.17933130699088146, 0.574468085106383, 0.20212765957446807, 0.016717325227963525, 0.0], [0.007579717720857292, 0.06908869140965325, 0.4248126851367834, 0.3765464366614393, 0.09757797525701342, 0.024394493814253355], [0.008579140158087526, 0.10699826489300174, 0.4867939078465394, 0.33487565066512437, 0.05436668594563331, 0.00838635049161365], [0.025495130758288652, 0.19039282197176935, 0.49710033920560237, 0.2295655979866506, 0.0498960498960499, 0.007550060181639129], [0.017036850075719333, 0.15093387178192832, 0.476653205451792, 0.2645128722867239, 0.06549722362443211, 0.02536597677940434], [0.058456299659477864, 0.2884979190314037, 0.4606507756337495, 0.15304578130911842, 0.03064699205448354, 0.00870223231176693], [0.044895624821275376, 0.21018015441807264, 0.49985702030311696, 0.1798684586788676, 0.04432370603374321, 0.02087503574492422], [0.02119071644803229, 0.2865792129162462, 0.4969166946967149, 0.14755017378629892, 0.03699966363942146, 0.010763538513286243], [0.009277761918355694, 0.18541250356836997, 0.4823008849557522, 0.23408506994005138, 0.06137596345989152, 0.027547816157579216], [0.03457590491626148, 0.22852512155591573, 0.4822618404466054, 0.2018728615162975, 0.037997478840266524, 0.01476679272465334], [0.013031161473087818, 0.11535410764872521, 0.5902549575070821, 0.23252124645892353, 0.04113314447592068, 0.007705382436260623], [0.0208, 0.22464, 0.52992, 0.17424, 0.03504, 0.01536], [0.011441647597254004, 0.13435763321346844, 0.4774436090225564, 0.2809741745668519, 0.07257273618829684, 0.02321019941157241], [0.007248839053120399, 0.11190395288254615, 0.5317703024125042, 0.25891946992864423, 0.06603239324951864, 0.024125042473666328], [0.00758259613648673, 0.08873442859721971, 0.3681169886261058, 0.4288680267196245, 0.08331828849972919, 0.023379671420834084], [0.018923157344485103, 0.17731312075274439, 0.5340303188708835, 0.22571876633559854, 0.03878724516466283, 0.005227391531625719], [0.23717948717948717, 0.3108974358974359, 0.3557692307692308, 0.07051282051282051, 0.02564102564102564, 0.0]]}}}, "eu": {"histType": {"histogram": {"labels": ["0", "100", "200", "300", "400", "500", "600", "700", "800", "900", "1000", "1100", "1200", "1300", "1400", "1500", "1600", "1700", "1800", "1900", "2000", "2100", "2200", "2300", "2400", "2500", "2600", "2700", "2800", "2900", "3000", "3100", "3200"], "data": [[0.0, 0.0, 0.0021598272138228943, 0.0, 0.0, 0.004319654427645789, 0.01079913606911447, 0.028077753779697623, 0.05399568034557235, 0.07991360691144708, 0.07127429805615551, 0.09503239740820735, 0.08639308855291576, 0.13606911447084233, 0.13822894168466524, 0.09503239740820735, 0.06911447084233262, 0.04967602591792657, 0.0367170626349892, 0.019438444924406047, 0.01511879049676026, 0.004319654427645789, 0.004319654427645789, 0.0, 0.0, 0.0, 0.0, 0.0, 0.0, 0.0, 0.0, 0.0, 0.0], [0.00030543677458766036, 0.00030543677458766036, 0.0006108735491753207, 0.0009163103237629811, 0.0015271838729383018, 0.003359804520464264, 0.005497861942577886, 0.010995723885155772, 0.021686010995723884, 0.033598045204642636, 0.04520464263897373, 0.06414172266340867, 0.08185705558949298, 0.10598656078191815, 0.129505192425168, 0.13133781307269396, 0.14111178985949907, 0.06658521686010996, 0.09407452657299939, 0.02504581551618815, 0.012828344532681736, 0.011912034208918754, 0.004276114844227245, 0.0030543677458766036, 0.0030543677458766036, 0.0006108735491753207, 0.0006108735491753207, 0.0, 0.0, 0.0, 0.0, 0.0, 0.0], [0.0, 0.0, 0.0, 0.00011630611770179111, 0.00011630611770179111, 0.00011630611770179111, 0.0, 0.0008141428239125378, 0.001977204000930449, 0.0025587345894394044, 0.005698999767387764, 0.00942079553384508, 0.011979530123284485, 0.015817632007443592, 0.025819958129797628, 0.04326587578506629, 0.2279599906955106, 0.14305652477320308, 0.28715980460572227, 0.07711095603628751, 0.05012793672947197, 0.05140730402419167, 0.017213305419865085, 0.006862060944405676, 0.011397999534775528, 0.005001163061177018, 0.003023959060246569, 0.0015119795301232846, 0.00023261223540358222, 0.00023261223540358222, 0.0, 0.0, 0.0], [0.0, 0.0, 0.0, 0.00010768899418479432, 0.00010768899418479432, 0.00021537798836958864, 0.0007538229592935602, 0.002046090889511092, 0.0023691578720654747, 0.005922894680163687, 0.011630411371957786, 0.01744561705793668, 0.021107042860219687, 0.02692224854619858, 0.04329097566228732, 0.0548136980400603, 0.07990523368511739, 0.06558259745853974, 0.30982123626965324, 0.12911910402756838, 0.08012061167348697, 0.07279776006892096, 0.027568382511307346, 0.0132457462847297, 0.02067628688348051, 0.006569028645272453, 0.004630626749946155, 0.0025845358604350637, 0.0004307559767391773, 0.00021537798836958864, 0.0, 0.0, 0.0], [0.0, 0.0, 0.0, 0.0, 0.0, 0.01935483870967742, 0.03225806451612903, 0.05806451612903226, 0.06451612903225806, 0.05806451612903226, 0.06451612903225806, 0.09032258064516129, 0.06451612903225806, 0.0967741935483871, 0.07096774193548387, 0.14838709677419354, 0.01935483870967742, 0.06451612903225806, 0.05806451612903226, 0.03225806451612903, 0.03225806451612903, 0.0, 0.0064516129032258064, 0.0064516129032258064, 0.012903225806451613, 0.0, 0.0, 0.0, 0.0, 0.0, 0.0, 0.0, 0.0], [0.0, 0.00010404744563520966, 0.00010404744563520966, 0.00020809489127041931, 0.00031214233690562894, 0.00010404744563520966, 0.00020809489127041931, 0.0011445219019873061, 0.0019769014670689834, 0.003953802934137967, 0.019144729996878575, 0.04068255124336698, 0.056081573197378005, 0.07834772656331287, 0.1152845697638123, 0.13109978150036417, 0.14962022682343148, 0.10498387264592654, 0.1370304859015711, 0.05223181770887525, 0.031214233690562896, 0.038185412548121946, 0.014670689834564562, 0.005202372281760482, 0.010196649672250545, 0.003849755488502757, 0.0024971386952450316, 0.0006242846738112579, 0.00020809489127041931, 0.0005202372281760483, 0.00020809489127041931, 0.0, 0.0], [0.0002039983680130559, 0.0004079967360261118, 0.0004079967360261118, 0.0012239902080783353, 0.0032639738882088943, 0.004283965728274173, 0.007751937984496124, 0.012443900448796409, 0.025091799265605876, 0.038963688290493674, 0.05936352509179926, 0.07711138310893513, 0.09445124439004488, 0.10750713994288046, 0.10689514483884129, 0.10709914320685435, 0.10954712362301101, 0.06691146470828234,