{"region": {"us": {"histType": {"histogram": {"labels": ["0", "100", "200", "300", "400", "500", "600", "700", "800", "900", "1000", "1100", "1200", "1300", "1400", "1500", "1600", "1700", "1800", "1900", "2000", "2100", "2200", "2300", "2400", "2500", "2600", "2700", "2800", "2900", "3000", "3100", "3200"], "data": [[0.0, 0.0, 0.0029239766081871343, 0.005847953216374269, 0.0029239766081871343, 0.007309941520467836, 0.013157894736842105, 0.013157894736842105, 0.03654970760233918, 0.04239766081871345, 0.0891812865497076, 0.1023391812865497, 0.1154970760233918, 0.12573099415204678, 0.1301169590643275, 0.10087719298245613, 0.07163742690058479, 0.04678362573099415, 0.04532163742690058, 0.019005847953216373, 0.014619883040935672, 0.008771929824561403, 0.0029239766081871343, 0.0014619883040935672, 0.0014619883040935672, 0.0, 0.0, 0.0, 0.0, 0.0, 0.0, 0.0, 0.0], [0.0, 0.0002620545073375262, 0.0002620545073375262, 0.0002620545073375262, 0.0010482180293501049, 0.0023584905660377358, 0.004979035639412998, 0.009433962264150943, 0.0159853249475891, 0.029350104821802937, 0.039832285115303984, 0.054769392033542974, 0.08490566037735849, 0.09171907756813417, 0.12421383647798742, 0.13731656184486374, 0.14727463312368974, 0.08280922431865828, 0.10324947589098532, 0.03380503144654088, 0.01729559748427673, 0.006027253668763103, 0.004454926624737945, 0.0031446540880503146, 0.0023584905660377358, 0.0007861635220125787, 0.0010482180293501049, 0.0010482180293501049, 0.0, 0.0, 0.0, 0.0, 0.0], [0.00011723329425556858, 0.0, 0.0, 0.00023446658851113716, 0.00023446658851113716, 0.00023446658851113716, 0.00023446658851113716, 0.0005861664712778429, 0.002579132473622509, 0.003399765533411489, 0.005158264947245018, 0.007502930832356389, 0.012075029308323564, 0.01910902696365768, 0.025087924970691677, 0.03903868698710434, 0.11711606096131301, 0.1559202813599062, 0.34876905041031653, 0.08675263774912075, 0.05193434935521688, 0.060609613130128956, 0.02075029308323564, 0.009261430246189918, 0.020164126611957794, 0.006330597889800703, 0.0038686987104337633, 0.00246189917936694, 0.0, 0.0004689331770222743, 0.0, 0.0, 0.0], [0.0, 0.0, 0.0, 0.0, 0.0001143379830779785, 0.0, 0.0008003658815458495, 0.001829407729247656, 0.004802195289275097, 0.007774982849302539, 0.011776812257031786, 0.013263206037045507, 0.025840384175623142, 0.028698833752572605, 0.04287674365424194, 0.05190944431740224, 0.0718042533729705, 0.044020123485021725, 0.2808140864395152, 0.14875371598445003, 0.0872398810884976, 0.09227075234392865, 0.03132860736336611, 0.013263206037045507, 0.0244683283786874, 0.007431968900068603, 0.004916533272353076, 0.003201463526183398, 0.0008003658815458495, 0.0, 0.0, 0.0, 0.0], [0.0, 0.0, 0.0, 0.0, 0.01092896174863388, 0.00546448087431694, 0.0273224043715847, 0.0273224043715847, 0.0546448087431694, 0.0546448087431694, 0.07103825136612021, 0.08743169398907104, 0.1092896174863388, 0.1092896174863388, 0.09289617486338798, 0.09836065573770492, 0.07103825136612021, 0.04918032786885246, 0.060109289617486336, 0.01639344262295082, 0.04371584699453552, 0.00546448087431694, 0.00546448087431694, 0.0, 0.0, 0.0, 0.0, 0.0, 0.0, 0.0, 0.0, 0.0, 0.0], [0.0, 0.0, 0.0, 0.0, 0.0, 0.0, 0.0, 0.0013540256223310073, 0.0013540256223310073, 0.004687011769607332, 0.007186751380064577, 0.011457139881262368, 0.02437246120195813, 0.0926986772211228, 0.11811269659410478, 0.14592229976044163, 0.17248203312154983, 0.10717633579835434, 0.1432142485157796, 0.055098427247161755, 0.0337464847411728, 0.036975315071346736, 0.014685970211436309, 0.007499218831371732, 0.011977918966774295, 0.0053119466722216435, 0.00322883033017394, 0.0009374023539214665, 0.00041662326840954066, 0.0, 0.00010415581710238516, 0.0, 0.0], [0.0, 0.0, 0.00041296716911005574, 0.0024778030146603344, 0.001651868676440223, 0.003303737352880446, 0.007226925459425976, 0.013214949411521784, 0.01961594053272765, 0.034895725789799714, 0.04976254387776172, 0.06793309931860417, 0.09498244889531282, 0.11294652075160025, 0.12285773281024158, 0.11976047904191617, 0.11748915961181086, 0.06772661573404914, 0.07433409043981004, 0.026842865992153624, 0.01651868676440223, 0.016725170348957256, 0.00970472847408631, 0.0045426388602106136, 0.005781540367540781, 0.003716704521990502, 0.0028907701837703904, 0.0020648358455502788, 0.00020648358455502787, 0.0, 0.00041296716911005574, 0.0, 0.0], [0.002824858757062147, 0.002824858757062147, 0.0, 0.00847457627118644, 0.005649717514124294, 0.022598870056497175, 0.014124293785310734, 0.03954802259887006, 0.05367231638418079, 0.11864406779661017, 0.11299435028248588, 0.12994350282485875, 0.10734463276836158, 0.1016949152542373, 0.07344632768361582, 0.07627118644067797, 0.0480225988700565, 0.014124293785310734, 0.031073446327683617, 0.02824858757062147, 0.002824858757062147, 0.0, 0.002824858757062147, 0.002824858757062147, 0.0, 0.0, 0.0, 0.0, 0.0, 0.0, 0.0, 0.0, 0.0], [0.000312565117732861, 0.00020837674515524068, 0.0005209418628881017, 0.000312565117732861, 0.0005209418628881017, 0.001250260470931444, 0.0015628255886643051, 0.004271723275682434, 0.007605751198166285, 0.016045009376953533, 0.025942904771827462, 0.03469472806834757, 0.04167534903104814, 0.04646801416961867, 0.05907480725151073, 0.09178995624088351, 0.1942071264846843, 0.1286726401333611, 0.1387789122733903, 0.06511773286101272, 0.04094603042300479, 0.04105021879558241, 0.020212544280058347, 0.013023546572202543, 0.01521150239633257, 0.005938737236924359, 0.003334027922483851, 0.000937695353198583, 0.000312565117732861, 0.0, 0.0, 0.0, 0.0], [0.0, 0.0, 0.0, 0.0, 0.0003912363067292645, 0.000782472613458529, 0.0011737089201877935, 0.0011737089201877935, 0.002347417840375587, 0.008998435054773083, 0.012128325508607199, 0.017214397496087636, 0.022300469483568074, 0.03716744913928013, 0.060641627543035995, 0.07863849765258216, 0.10406885758998435, 0.0892018779342723, 0.17683881064162754, 0.06964006259780908, 0.07394366197183098, 0.09741784037558686, 0.04303599374021909, 0.017996870109546165, 0.048513302034428794, 0.013693270735524257, 0.01056338028169014, 0.008215962441314555, 0.0027386541471048514, 0.0011737089201877935, 0.0, 0.0, 0.0], [0.0, 0.0, 0.00018389113644722325, 0.0, 0.0009194556822361162, 0.0005516734093416697, 0.0025744759102611253, 0.003677822728944465, 0.008275101140125045, 0.0158146377344612, 0.02151526296432512, 0.03070981978668628, 0.05479955866127253, 0.06436189775652813, 0.10261125413755057, 0.12688488414858404, 0.15207796984185362, 0.09911732254505333, 0.14049282824567855, 0.06031629275468922, 0.03843324751746966, 0.036594336152997425, 0.012688488414858404, 0.008275101140125045, 0.011033468186833395, 0.003493931592497242, 0.002206693637366679, 0.002022802500919456, 0.0003677822728944465, 0.0, 0.0, 0.0, 0.0], [0.0, 0.0, 0.00043566656985187334, 0.00130699970955562, 0.0011617775196049957, 0.0034853325588149867, 0.006680220737728725, 0.012924774905605577, 0.02091199535288992, 0.03775776938716236, 0.06070287539936102, 0.0753703165843741, 0.10005808887598025, 0.12242230612837642, 0.13462097008422888, 0.1199535288992158, 0.1080453093232646, 0.05837932036015103, 0.059250653499854776, 0.0267208829509149, 0.017426662794074933, 0.012634330525704328, 0.008568109207086843, 0.0036305547487656114, 0.003194888178913738, 0.0023235550392099913, 0.0011617775196049957, 0.0008713331397037467, 0.0, 0.0, 0.0, 0.0, 0.0], [0.0, 0.0, 0.0, 0.0, 0.0001255808112520407, 0.0005023232450081628, 0.0017581313575285697, 0.002009292980032651, 0.004520909205073465, 0.005274394072585709, 0.013311565992716313, 0.019339444932814268, 0.027878940097953032, 0.0336556574155469, 0.04847419314328771, 0.07672987567499687, 0.2234082632173804, 0.1500690694461886, 0.19653396960944367, 0.06894386537737034, 0.04131608690192139, 0.039055632299384656, 0.016199924651513247, 0.010674368956423458, 0.012055757880195906, 0.0035162627150571394, 0.002762777847544895, 0.0013813889237724475, 0.0005023232450081628, 0.0, 0.0, 0.0, 0.0], [0.00020292207792207794, 0.0, 0.0, 0.00010146103896103897, 0.00010146103896103897, 0.0003043831168831169, 0.0012175324675324675, 0.0016233766233766235, 0.004159902597402597, 0.009943181818181818, 0.016030844155844156, 0.018973214285714284, 0.02546672077922078, 0.10054788961038962, 0.13321834415584416, 0.14001623376623376, 0.16487418831168832, 0.10683847402597403, 0.12844967532467533, 0.052861201298701296, 0.030235389610389612, 0.030539772727272728, 0.012581168831168832, 0.005478896103896104, 0.007913961038961038, 0.003246753246753247, 0.003145292207792208, 0.0006087662337662338, 0.0006087662337662338, 0.0006087662337662338, 0.00010146103896103897, 0.0, 0.0], [0.0, 0.0, 0.0, 0.0001872308556450103, 0.0005616925669350309, 0.0003744617112900206, 0.0011233851338700617, 0.001872308556450103, 0.0041190788241902265, 0.006927541658865381, 0.015165699307245834, 0.025088934656431378, 0.045871559633027525, 0.06702864632091368, 0.09604942894589029, 0.11608313049990639, 0.16232915184422392, 0.11870436247893652, 0.15053360793858828, 0.06983710915558884, 0.042875865942707356, 0.035386631716906945, 0.014042314173375772, 0.006740310803220371, 0.011233851338700617, 0.003744617112900206, 0.002434001123385134, 0.0009361542782250515, 0.0001872308556450103, 0.0005616925669350309, 0.0, 0.0, 0.0], [0.0, 0.0, 0.000254000508001016, 0.000254000508001016, 0.001778003556007112, 0.00254000508001016, 0.001524003048006096, 0.005334010668021336, 0.01143002286004572, 0.01828803657607315, 0.031750063500127, 0.04648209296418593, 0.0668021336042672, 0.09245618491236983, 0.11252222504445009, 0.12623825247650494, 0.13208026416052832, 0.09753619507239014, 0.10363220726441452, 0.04368808737617475, 0.028194056388112777, 0.031496062992125984, 0.01600203200406401, 0.00762001524003048, 0.010922021844043688, 0.0055880111760223524, 0.002286004572009144, 0.00254000508001016, 0.000508001016002032, 0.000254000508001016, 0.0, 0.0, 0.0], [0.00018691588785046728, 0.0, 0.0007476635514018691, 0.001308411214953271, 0.0005607476635514019, 0.0014953271028037382, 0.0035514018691588786, 0.007850467289719627, 0.01177570093457944, 0.020560747663551402, 0.03196261682242991, 0.052897196261682246, 0.07514018691588785, 0.1016822429906542, 0.12560747663551403, 0.12654205607476635, 0.1319626168224299, 0.08130841121495327, 0.1119626168224299, 0.04, 0.023177570093457944, 0.022429906542056073, 0.010467289719626169, 0.005420560747663551, 0.005607476635514018, 0.001869158878504673, 0.0014953271028037382, 0.0016822429906542056, 0.00037383177570093456, 0.00037383177570093456, 0.0, 0.0, 0.0], [0.0, 0.0, 0.0001231830500123183, 0.0002463661000246366, 0.0003695491500369549, 0.0001231830500123183, 0.0008622813500862281, 0.0018477457501847746, 0.0027100271002710027, 0.006282335550628234, 0.01231830500123183, 0.014412416851441241, 0.02771618625277162, 0.07994579945799458, 0.14153732446415374, 0.15262379896526237, 0.16851441241685144, 0.10778516876077851, 0.15952204976595222, 0.0450849963045085, 0.023158413402315843, 0.025252525252525252, 0.009977827050997782, 0.005543237250554324, 0.008253264350825327, 0.0013550135501355014, 0.0017245627001724563, 0.0022172949002217295, 0.0001231830500123183, 0.0003695491500369549, 0.0, 0.0, 0.0], [0.0, 0.0, 0.0, 0.006622516556291391, 0.006622516556291391, 0.006622516556291391, 0.0, 0.019867549668874173, 0.052980132450331126, 0.08609271523178808, 0.052980132450331126, 0.10596026490066225, 0.0728476821192053, 0.052980132450331126, 0.06622516556291391, 0.11920529801324503, 0.09271523178807947, 0.08609271523178808, 0.046357615894039736, 0.026490066225165563, 0.026490066225165563, 0.013245033112582781, 0.026490066225165563, 0.0, 0.006622516556291391, 0.013245033112582781, 0.0, 0.013245033112582781, 0.0, 0.0, 0.0, 0.0, 0.0], [0.00021824530772588389, 0.00010912265386294194, 0.0, 0.0, 0.0, 0.00010912265386294194, 0.00021824530772588389, 0.0009821038847664775, 0.0024006983849847226, 0.004583151462243562, 0.007529463116542994, 0.010257529463116543, 0.022151898734177215, 0.030117852466171977, 0.05161501527717154, 0.18550851156700132, 0.2184635530336098, 0.14426014840680926, 0.1469882147533828, 0.06416412047140986, 0.03644696639022261, 0.037647315582714974, 0.014295067656045395, 0.0060017459624618075, 0.009275425578350066, 0.0029463116542994324, 0.0029463116542994324, 0.00021824530772588389, 0.0005456132693147098, 0.0, 0.0, 0.0, 0.0], [0.0, 0.0, 0.0, 0.0001181753722524226, 0.0, 0.0001181753722524226, 0.0010635783502718035, 0.0003545261167572678, 0.0012999290947766486, 0.0022453320727960292, 0.0044906641455920585, 0.006972346962892933, 0.011463011108484992, 0.016190025998581895, 0.03687071614275585, 0.12892933112739305, 0.1821082486409832, 0.14689198770976128, 0.1992436776175845, 0.0894587567950839, 0.05766958165918223, 0.05459702198061924, 0.019617111793902152, 0.010517608130465612, 0.017135428976601277, 0.006145119357125975, 0.0033089104230678325, 0.0018908059560387616, 0.000590876861262113, 0.0002363507445048452, 0.0004727014890096904, 0.0, 0.0], [0.0001934610176049526, 9.67305088024763e-05, 0.0, 0.0001934610176049526, 0.0001934610176049526, 0.0005803830528148578, 0.0007738440704198104, 0.0018378796672470497, 0.002901915264074289, 0.005610369510543625, 0.010350164441864965, 0.013542271232346682, 0.01750822209324821, 0.024763010253433932, 0.0575546527374734, 0.1388082801315535, 0.1607661056297156, 0.1383246275875411, 0.1807893209518282, 0.08560650029019153, 0.050106403559682725, 0.053782162894176824, 0.0224414780421745, 0.01122073902108725, 0.01412265428516154, 0.004739794931321339, 0.0023215322112594312, 0.0004836525440123815, 0.0003869220352099052, 0.0, 0.0, 0.0, 0.0], [0.0, 0.0, 0.0, 0.001466275659824047, 0.001466275659824047, 0.0, 0.001466275659824047, 0.007331378299120235, 0.007331378299120235, 0.007331378299120235, 0.013196480938416423, 0.024926686217008796, 0.045454545454545456, 0.08651026392961877, 0.1217008797653959, 0.17888563049853373, 0.17595307917888564, 0.12023460410557185, 0.11730205278592376, 0.04838709677419355, 0.026392961876832845, 0.01466275659824047, 0.0, 0.0, 0.0, 0.0, 0.0, 0.0, 0.0, 0.0, 0.0, 0.0, 0.0], [0.0, 0.0, 0.0, 8.903926631644555e-05, 0.0, 8.903926631644555e-05, 0.00026711779894933663, 0.0007123141305315644, 0.00160270679369602, 0.0048081203810880595, 0.007390259104264981, 0.012554536550618823, 0.02136942391594693, 0.02760217255809812, 0.040512866173982726, 0.04843736087614638, 0.12857270056094738, 0.15964740450538686, 0.26578220995458995, 0.09411450449648295, 0.0541358739203989, 0.07203276645000445, 0.0230611699759594, 0.009705280028492564, 0.016116107203276647, 0.004897159647404506, 0.002938295788442703, 0.003027335054759149, 0.0003561570652657822, 0.0001780785326328911, 0.0, 0.0, 0.0], [9.76657876745776e-05, 9.76657876745776e-05, 9.76657876745776e-05, 0.0, 0.0003906631506983104, 0.0003906631506983104, 0.0002929973630237328, 0.000976657876745776, 0.0010743236644203534, 0.005176286746752612, 0.009571247192108605, 0.018947162808868052, 0.03320636780935638, 0.04482859654263112, 0.06572907510499072, 0.07725363805059088, 0.12003125305205586, 0.20099619103428068, 0.21916202754175212, 0.08750854575642153, 0.04580525441937689, 0.03896864928215646, 0.014063873425139173, 0.00527395253442719, 0.00488328938372888, 0.003808965719308526, 0.000976657876745776, 0.0003906631506983104, 0.0, 0.0, 0.0, 0.0, 0.0], [0.0, 0.00010485477613505295, 0.0, 0.00010485477613505295, 0.0002097095522701059, 0.0005242738806752647, 0.0007339834329453706, 0.0016776764181608472, 0.002306805074971165, 0.0045087553738072765, 0.020341826570200273, 0.037538009856348954, 0.0550487574709028, 0.08010904896718045, 0.10506448568732306, 0.1354723707664884, 0.1542413756946629, 0.11135577225542624, 0.1344238230051379, 0.06071091538219566, 0.037538009856348954, 0.02883506343713956, 0.013211701793016672, 0.005976722239698019, 0.005662157911292859, 0.002201950298836112, 0.0017825311942959, 0.00031456432840515884, 0.0, 0.0, 0.0, 0.0, 0.0], [0.0, 0.0, 0.0, 0.0, 0.0002411672494875196, 0.0, 0.0013264198721813579, 0.0019293379959001568, 0.004702761365006632, 0.008199686482575666, 0.01615820571566381, 0.02544314482093332, 0.04123959966236585, 0.06800916435548053, 0.09924032316411431, 0.13035089834800434, 0.15072953092969973, 0.09875798866513927, 0.16640540214638852, 0.0602918123718799, 0.03665742192210298, 0.03943084529120945, 0.01808754371156397, 0.007717351983600627, 0.011334860725913422, 0.004943928614494152, 0.003979259616544073, 0.0021705052453876764, 0.001205836247437598, 0.0004823344989750392, 0.0009646689979500784, 0.0, 0.0], [0.0, 0.0001779676098949991, 0.0001779676098949991, 0.0003559352197899982, 0.0010678056593699946, 0.0010678056593699946, 0.001779676098949991, 0.0026695141484249867, 0.014415376401494928, 0.025093432995194873, 0.04573767574301477, 0.059619149314824704, 0.07741591030432461, 0.10250934329951948, 0.12635700302544936, 0.1195942338494394, 0.14611140772379427, 0.07492436376579463, 0.10624666310731447, 0.029008720412884857, 0.02189001601708489, 0.020644242747819896, 0.008720412884854957, 0.003203416978109984, 0.006228866346324969, 0.001601708489054992, 0.0012457732692649937, 0.0014237408791599928, 0.0007118704395799964, 0.0, 0.0, 0.0, 0.0], [0.0, 0.0, 0.0, 0.0007566204287515763, 0.0025220680958385876, 0.002269861286254729, 0.00403530895334174, 0.007313997477931904, 0.013619167717528373, 0.01639344262295082, 0.026986128625472887, 0.04136191677175284, 0.05523329129886507, 0.08398486759142497, 0.12383354350567466, 0.13165195460277426, 0.1480453972257251, 0.09634300126103405, 0.1094577553593947, 0.04741488020176545, 0.02648171500630517, 0.020933165195460277, 0.013366960907944515, 0.00807061790668348, 0.007566204287515763, 0.004287515762925599, 0.0037831021437578815, 0.0037831021437578815, 0.0005044136191677175, 0.0, 0.0, 0.0, 0.0], [0.00022406453058480843, 0.0, 0.0, 0.0, 0.00044812906116961686, 0.00044812906116961686, 0.0016804839793860631, 0.0034730002240645308, 0.004929419672865786, 0.009634774815146763, 0.01758906565090746, 0.05220703562626036, 0.08413623123459556, 0.11796997535290163, 0.14530584808424826, 0.14788259018597355, 0.13757562177907237, 0.07819852117409815, 0.09477929643737397, 0.033945776383598476, 0.020838001344387184, 0.024311001568451715, 0.009410710284561953, 0.004369258346403764, 0.006609903652251848, 0.0017925162446784674, 0.0012323549182164464, 0.0006721935917544253, 0.0, 0.00033609679587721263, 0.0, 0.0, 0.0], [0.0, 0.0, 0.0, 0.0002813335208890139, 0.00014066676044450696, 0.00014066676044450696, 0.0014066676044450696, 0.0004220002813335209, 0.0021100014066676043, 0.00464200309466873, 0.007877338584892389, 0.00928400618933746, 0.021944014629343086, 0.0889013926009284, 0.10957940638627092, 0.1377127584751723, 0.16458010972007314, 0.10746940497960332, 0.15332676888451258, 0.06090870727247152, 0.03572935715290477, 0.03924602616401744, 0.018427345618230413, 0.007736671824447883, 0.013785342523561683, 0.004923336615557744, 0.004501336334224223, 0.003094668729779153, 0.0009846673231115486, 0.0005626670417780279, 0.0002813335208890139, 0.0, 0.0], [0.0, 0.0, 0.00017513134851138354, 0.0003502626970227671, 0.0008756567425569177, 0.0014010507880910684, 0.002626970227670753, 0.004553415061295972, 0.007355516637478109, 0.018038528896672505, 0.030122591943957968, 0.040630472854640984, 0.0691768826619965, 0.09019264448336252, 0.11786339754816112, 0.1295971978984238, 0.14430823117338004, 0.09124343257443082, 0.12416812609457092, 0.047110332749562174, 0.026795096322241682, 0.02329246935201401, 0.010683012259194396, 0.0043782837127845885, 0.005078809106830123, 0.0008756567425569177, 0.0028021015761821367, 0.005253940455341506, 0.0007005253940455342, 0.0003502626970227671, 0.0, 0.0, 0.0], [0.00011571395510298542, 0.0, 0.0, 0.0, 0.00011571395510298542, 0.0010414255959268687, 0.0006942837306179125, 0.0023142791020597086, 0.00277713492247165, 0.005785697755149271, 0.01411710252256422, 0.021869937514464245, 0.03598704003702847, 0.04292987734320759, 0.05982411478824346, 0.1532052765563527, 0.1992594306873409, 0.14163388104605415, 0.150890997454293, 0.06757694978014349, 0.042582735477898634, 0.02927563064105531, 0.013654246702152279, 0.004975700069428373, 0.005207127979634344, 0.00277713492247165, 0.0009257116408238834, 0.00034714186530895625, 0.00011571395510298542, 0.0, 0.0, 0.0, 0.0], [0.0, 0.0, 0.0, 0.00015160703456640388, 0.00015160703456640388, 0.00045482110369921165, 0.0006064281382656155, 0.0022741055184960584, 0.006215888417222559, 0.008793208004851425, 0.024408732565191025, 0.0312310491206792, 0.06761673741661613, 0.09702850212249849, 0.12780473013947846, 0.14569436021831414, 0.156155245603396, 0.10476046088538508, 0.11006670709520922, 0.04047907822922984, 0.026682838083687082, 0.019254093389933294, 0.01015767131594906, 0.00469981807155852, 0.008035172832019405, 0.002425712553062462, 0.0030321406913280777, 0.001061249241964827, 0.0006064281382656155, 0.0, 0.00015160703456640388, 0.0, 0.0], [0.0, 0.0, 0.0, 0.00015681354869060687, 0.0, 0.0006272541947624275, 0.0009408812921436412, 0.0009408812921436412, 0.002352203230359103, 0.0020385761329778894, 0.009879253567508232, 0.022737964560137994, 0.039673827818723535, 0.06225497883017093, 0.09110867178924259, 0.11619883957973969, 0.1554022267523914, 0.11353300925199937, 0.17045632742668967, 0.06774345303434216, 0.04516230202289478, 0.0432805394386075, 0.01913125294025404, 0.011761016151795515, 0.01254508389524855, 0.006429355496314882, 0.003449898071193351, 0.0014113219382154618, 0.0006272541947624275, 0.00015681354869060687, 0.0, 0.0, 0.0], [0.0, 0.0, 0.00011442956860052638, 0.0, 0.00022885913720105275, 0.00034328870580157915, 0.00034328870580157915, 0.00125872525460579, 0.0011442956860052637, 0.0037761757638173706, 0.006865774116031583, 0.01613456917267422, 0.027234237326925276, 0.04497082046000687, 0.08387687378418583, 0.15573864286531638, 0.17725140176221535, 0.10516077354388374, 0.1709577754891864, 0.061791967044284246, 0.04188122210779265, 0.03902048289277949, 0.023229202425906856, 0.011900675134454744, 0.016248998741274747, 0.004462753175420529, 0.0027463096464126332, 0.0022885913720105274, 0.000915436548804211, 0.00011442956860052638, 0.0, 0.0, 0.0], [0.0, 0.0, 9.206407659731172e-05, 0.0, 9.206407659731172e-05, 9.206407659731172e-05, 9.206407659731172e-05, 0.0008285766893758056, 0.0017492174553489228, 0.004695267906462898, 0.008930215429939237, 0.016203277481126863, 0.027895415208985454, 0.03618118210274351, 0.05477812557540048, 0.05910513717547413, 0.07245442828208433, 0.1224452218744246, 0.30031301786043085, 0.11139753268274719, 0.06085435463082305, 0.06785122445221875, 0.0180445590130731, 0.008193702817160744, 0.015742957098140307, 0.005431780519241392, 0.0039587552936844045, 0.0014730252255569876, 0.0005523844595838704, 0.0005523844595838704, 0.0, 0.0, 0.0], [0.0, 0.0, 0.0, 0.0, 0.0, 0.00010146103896103897, 0.0011160714285714285, 0.002739448051948052, 0.005275974025974026, 0.010044642857142858, 0.01755275974025974, 0.033380681818181816, 0.0505275974025974, 0.0762987012987013, 0.11353490259740259, 0.13768262987012986, 0.17258522727272727, 0.11049107142857142, 0.15371347402597402, 0.04667207792207792, 0.024857954545454544, 0.027090097402597404, 0.007406655844155844, 0.0037540584415584415, 0.002232142857142857, 0.0008116883116883117, 0.0014204545454545455, 0.0006087662337662338, 0.00010146103896103897, 0.0, 0.0, 0.0, 0.0], [0.0, 0.003105590062111801, 0.0, 0.003105590062111801, 0.006211180124223602, 0.018633540372670808, 0.021739130434782608, 0.043478260869565216, 0.08074534161490683, 0.06832298136645963, 0.049689440993788817, 0.07142857142857142, 0.07453416149068323, 0.12111801242236025, 0.12422360248447205, 0.09937888198757763, 0.08385093167701864, 0.043478260869565216, 0.034161490683229816, 0.021739130434782608, 0.006211180124223602, 0.009316770186335404, 0.003105590062111801, 0.012422360248447204, 0.0, 0.0, 0.0, 0.0, 0.0, 0.0, 0.0, 0.0, 0.0]]}, "ranks": {"labels": ["Unranked", "Combatatent I", "Combatatent II", "Challenger I", "Challenger II", "Rival I", "Rival II", "Duelist", "Elite"], "data": [[0.12426900584795321, 0.1915204678362573, 0.2412280701754386, 0.2309941520467836, 0.11842105263157894, 0.059941520467836254, 0.019005847953216373, 0.013157894736842105, 0.0014619883040935672], [0.0639412997903564, 0.09460167714884696, 0.17662473794549266, 0.26153039832285113, 0.23008385744234802, 0.12264150943396226, 0.03170859538784067, 0.013626834381551363, 0.005241090146750524], [0.0076201641266119575, 0.012661195779601406, 0.03118405627198124, 0.06412661195779601, 0.2730363423212192, 0.39542790152403284, 0.09202813599062133, 0.09062133645955452, 0.033294255568581475], [0.015321289732449119, 0.02504001829407729, 0.05453921792819574, 0.09478618797164418, 0.11582437685799223, 0.3626800823233478, 0.15412760118911503, 0.13686256574434028, 0.04081865995883833], [0.18032786885245902, 0.15846994535519127, 0.2185792349726776, 0.1912568306010929, 0.12021857923497267, 0.07650273224043716, 0.04371584699453552, 0.01092896174863388, 0.0], [0.007395063014269347, 0.018643891261326945, 0.11707113842308092, 0.2640349963545464, 0.2796583689199042, 0.17404437037808562, 0.05801479012602854, 0.05916050411415478, 0.02197687740860327], [0.08279991740656618, 0.11769564319636588, 0.20792896964691307, 0.24261821185215776, 0.18521577534586, 0.09085277720421227, 0.026842865992153624, 0.03097253768325418, 0.015073301672517034], [0.268361581920904, 0.24293785310734464, 0.20903954802259886, 0.1497175141242938, 0.062146892655367235, 0.05084745762711865, 0.011299435028248588, 0.005649717514124294, 0.0], [0.032610960616795165, 0.06063763284017504, 0.0881433632006668, 0.15086476349239425, 0.3228797666180454, 0.17743279849968743, 0.06740987705772036, 0.0742863096478433, 0.025734528026672223], [0.01486697965571205, 0.029342723004694836, 0.0594679186228482, 0.13928012519561817, 0.19327073552425664, 0.21165884194053208, 0.10876369327073553, 0.15845070422535212, 0.0848982785602504], [0.031997057741816846, 0.0522250827510114, 0.11916145641780067, 0.2294961382861346, 0.25119529238690697, 0.1763515998528871, 0.06289076866495034, 0.05755792570798088, 0.019124678190511217], [0.08466453674121406, 0.1360731919837351, 0.22248039500435668, 0.2545744989834447, 0.16642462968341562, 0.07319198373511472, 0.03020621550972989, 0.02483299448155678, 0.007551553877432472], [0.014190631671480597, 0.03265101092553058, 0.06153459751349994, 0.12520406881828455, 0.37347733266356903, 0.2367198292100967, 0.0700740926786387, 0.06592992590732136, 0.02021851061157855], [0.01765422077922078, 0.03500405844155844, 0.1260146103896104, 0.27323457792207795, 0.27171266233766234, 0.15898944805194806, 0.052556818181818184, 0.048599837662337664, 0.016233766233766232], [0.015165699307245834, 0.04025463396367721, 0.11290020595394121, 0.21213255944579668, 0.2810335143231605, 0.1909754727579105, 0.07227111027897397, 0.05616925669350309, 0.01909754727579105], [0.04140208280416561, 0.07823215646431293, 0.15925831851663702, 0.23876047752095506, 0.22961645923291846, 0.12776225552451104, 0.04775209550419101, 0.05511811023622047, 0.022098044196088393], [0.048037383177570094, 0.08485981308411215, 0.17682242990654207, 0.2521495327102804, 0.21327102803738318, 0.13551401869158877, 0.03962616822429907, 0.038317757009345796, 0.011401869158878504], [0.012564671101256468, 0.026730721852673073, 0.1076619857107662, 0.29416112342941614, 0.27629958117763, 0.18366592756836658, 0.044099531904409954, 0.04077358955407736, 0.014042867701404288], [0.17880794701986755, 0.15894039735099338, 0.12582781456953643, 0.18543046357615894, 0.17880794701986755, 0.059602649006622516, 0.039735099337748346, 0.039735099337748346, 0.033112582781456956], [0.008620689655172414, 0.017786992579659537, 0.05226975120034919, 0.23712352684417284, 0.36272370144041904, 0.18539938891313837, 0.06219991270187691, 0.057944129201222175, 0.015931907463989523], [0.005199716379106594, 0.011463011108484992, 0.02765303710706689, 0.1658000472701489, 0.3290002363507445, 0.24864098321909714, 0.09773103285275349, 0.084731741904987, 0.029780193807610492], [0.012381505126716966, 0.023892435674211645, 0.04227123234668214, 0.1963629328690269, 0.2990907332172567, 0.228477461791449, 0.08802476301025343, 0.08744437995743858, 0.022054556006964595], [0.026392961876832845, 0.03812316715542522, 0.13196480938416422, 0.30058651026392963, 0.2961876832844575, 0.1495601173020528, 0.04252199413489736, 0.01466275659824047, 0.0], [0.007568337636897872, 0.019944795654883805, 0.04897159647404505, 0.0889502270501291, 0.2882201050663343, 0.3199180838749889, 0.09411450449648295, 0.10479921645445642, 0.027513133291781677], [0.008594589315362828, 0.028518410000976657, 0.07803496435198749, 0.1429827131555816, 0.32102744408633654, 0.26877624768043756, 0.083699580037113, 0.058306475241722826, 0.010059576130481493], [0.010170913285100136, 0.05787983642654923, 0.13515780643808326, 0.24053685645381148, 0.26559714795008915, 0.16818706092062494, 0.06448568732305757, 0.04802348746985425, 0.009961203732830031], [0.016399372965151333, 0.04160135053659713, 0.10924876401784638, 0.22959122151211867, 0.24948751959483903, 0.19775714457976606, 0.06559749186060533, 0.06523574098637405, 0.025081393946702037], [0.04680548140238477, 0.10535682505783947, 0.1799252536038441, 0.24595123687488876, 0.2210357714895889, 0.12208578038796938, 0.035059619149314825, 0.032568072610784836, 0.011211959423384944], [0.04691046658259773, 0.06834804539722572, 0.13921815889029004, 0.25548549810844895, 0.24438839848675914, 0.13568726355611602, 0.04766708701134931, 0.04237074401008827, 0.01992433795712484], [0.020838001344387184, 0.06979610127716783, 0.2021062065874972, 0.29318843827022184, 0.21577414295317052, 0.11404884606766749, 0.035514228097692134, 0.03809097019941743, 0.0106430652027784], [0.009143339428892953, 0.01716134477422985, 0.11084540723027149, 0.24729216486144323, 0.2720495146996765, 0.18553945702630467, 0.06442537628358419, 0.06541004360669574, 0.028133352088901394], [0.03537653239929948, 0.07075306479859896, 0.159369527145359, 0.24746059544658494, 0.23555166374781086, 0.15166374781085815, 0.046409807355516634, 0.038353765323993, 0.015061295971978984], [0.01284424901643138, 0.03598704003702847, 0.07891691738023605, 0.21302939134459617, 0.34089331173339504, 0.18919231659338115, 0.07185836611895395, 0.047905577412635965, 0.009372830363341819], [0.018647665251667677, 0.05563978168587022, 0.1646452395391146, 0.27349909035779263, 0.2609157064887811, 0.1326561552456034, 0.04457246816252274, 0.03411158277744087, 0.015312310491206791], [0.007056609691077309, 0.03261721812764623, 0.10192880664889446, 0.2073075113689823, 0.2689352360043908, 0.2073075113689823, 0.07605457111494433, 0.07417280853065705, 0.024619727144425278], [0.007209062821833162, 0.023000343288705802, 0.07220505778693215, 0.23961551664950223, 0.2824121753060991, 0.20505778693214327, 0.06957317770912004, 0.07415036045314109, 0.026776519052523172], [0.007641318357576874, 0.0251334929110661, 0.06407659731172896, 0.11388326275087461, 0.19489965015650892, 0.36153562879764317, 0.11102927637635794, 0.09408948628245259, 0.02771128705579083], [0.019277597402597404, 0.05093344155844156, 0.1268262987012987, 0.2512175324675325, 0.2830762987012987, 0.18029626623376624, 0.044947240259740256, 0.03825081168831169, 0.005174512987012987], [0.2453416149068323, 0.12111801242236025, 0.1956521739130435, 0.2236024844720497, 0.12732919254658384, 0.037267080745341616, 0.024844720496894408, 0.024844720496894408, 0.0]]}, "ranksDetailed": {"labels": ["Unranked", "Combatatant", "Challenger", "Rival", "Duelist", "Elite"], "data": [[0.12426900584795321, 0.4327485380116959, 0.34941520467836257, 0.07894736842105263, 0.013157894736842105, 0.0014619883040935672], [0.0639412997903564, 0.27122641509433965, 0.4916142557651992, 0.15435010482180295, 0.013626834381551363, 0.005241090146750524], [0.0076201641266119575, 0.04384525205158265, 0.3371629542790152, 0.48745603751465416, 0.09062133645955452, 0.033294255568581475], [0.015321289732449119, 0.07957923622227304, 0.21061056482963642, 0.5168076835124629, 0.13686256574434028, 0.04081865995883833], [0.18032786885245902, 0.3770491803278688, 0.3114754098360656, 0.12021857923497267, 0.01092896174863388, 0.0], [0.007395063014269347, 0.13571502968440788, 0.5436933652744506, 0.23205916050411415, 0.05916050411415478, 0.02197687740860327], [0.08279991740656618, 0.325624612843279, 0.42783398719801774, 0.11769564319636588, 0.03097253768325418, 0.015073301672517034], [0.268361581920904, 0.4519774011299435, 0.211864406779661, 0.062146892655367235, 0.005649717514124294, 0.0], [0.032610960616795165, 0.14878099604084183, 0.47374453011043965, 0.2448426755574078, 0.0742863096478433, 0.025734528026672223], [0.01486697965571205, 0.08881064162754304, 0.33255086071987483, 0.3204225352112676, 0.15845070422535212, 0.0848982785602504], [0.031997057741816846, 0.17138653916881205, 0.48069143067304154, 0.23924236851783745, 0.05755792570798088, 0.019124678190511217], [0.08466453674121406, 0.35855358698809175, 0.4209991286668603, 0.10339819924484461, 0.02483299448155678, 0.007551553877432472], [0.014190631671480597, 0.09418560843903051, 0.4986814014818536, 0.3067939218887354, 0.06592992590732136, 0.02021851061157855], [0.01765422077922078, 0.16101866883116883, 0.5449472402597403, 0.21154626623376624, 0.048599837662337664, 0.016233766233766232], [0.015165699307245834, 0.1531548399176184, 0.4931660737689571, 0.2632465830368845, 0.05616925669350309, 0.01909754727579105], [0.04140208280416561, 0.23749047498094997, 0.4683769367538735, 0.17551435102870205, 0.05511811023622047, 0.022098044196088393], [0.048037383177570094, 0.2616822429906542, 0.4654205607476635, 0.17514018691588784, 0.038317757009345796, 0.011401869158878504], [0.012564671101256468, 0.13439270756343927, 0.5704607046070461, 0.22776545947277654, 0.04077358955407736, 0.014042867701404288], [0.17880794701986755, 0.2847682119205298, 0.36423841059602646, 0.09933774834437085, 0.039735099337748346, 0.033112582781456956], [0.008620689655172414, 0.07005674378000873, 0.5998472282845919, 0.24759930161501528, 0.057944129201222175, 0.015931907463989523], [0.005199716379106594, 0.03911604821555188, 0.4948002836208934, 0.34637201607185064, 0.084731741904987, 0.029780193807610492], [0.012381505126716966, 0.0661636680208938, 0.4954536660862836, 0.3165022248017025, 0.08744437995743858, 0.022054556006964595], [0.026392961876832845, 0.17008797653958943, 0.5967741935483871, 0.19208211143695014, 0.01466275659824047, 0.0], [0.007568337636897872, 0.06891639212892886, 0.37717033211646334, 0.41403258837147183, 0.10479921645445642, 0.027513133291781677], [0.008594589315362828, 0.10655337435296415, 0.46401015724191813, 0.35247582771755054, 0.058306475241722826, 0.010059576130481493], [0.010170913285100136, 0.19303764286463249, 0.5061340044039006, 0.2326727482436825, 0.04802348746985425, 0.009961203732830031], [0.016399372965151333, 0.1508501145544435, 0.4790787411069577, 0.2633546364403714, 0.06523574098637405, 0.025081393946702037], [0.04680548140238477, 0.2852820786616836, 0.46698700836447765, 0.1571453995372842, 0.032568072610784836, 0.011211959423384944], [0.04691046658259773, 0.20756620428751577, 0.4998738965952081, 0.18335435056746532, 0.04237074401008827, 0.01992433795712484], [0.020838001344387184, 0.271902307864665, 0.5089625812233923, 0.14956307416535963, 0.03809097019941743, 0.0106430652027784], [0.009143339428892953, 0.12800675200450135, 0.5193416795611198, 0.24996483330988886, 0.06541004360669574, 0.028133352088901394], [0.03537653239929948, 0.23012259194395795, 0.4830122591943958, 0.1980735551663748, 0.038353765323993, 0.015061295971978984], [0.01284424901643138, 0.11490395741726452, 0.5539227030779912, 0.2610506827123351, 0.047905577412635965, 0.009372830363341819], [0.018647665251667677, 0.22028502122498483, 0.5344147968465737, 0.17722862340812615, 0.03411158277744087, 0.015312310491206791], [0.007056609691077309, 0.1345460247765407, 0.4762427473733731, 0.28336208248392664, 0.07417280853065705, 0.024619727144425278], [0.007209062821833162, 0.09520540107563795, 0.5220276919556013, 0.2746309646412633, 0.07415036045314109, 0.026776519052523172], [0.007641318357576874, 0.08921009022279507, 0.3087829129073835, 0.4725649051740011, 0.09408948628245259, 0.02771128705579083], [0.019277597402597404, 0.17775974025974026, 0.5342938311688312, 0.2252435064935065, 0.03825081168831169, 0.005174512987012987], [0.2453416149068323, 0.3167701863354037, 0.35093167701863354, 0.062111801242236024, 0.024844720496894408, 0.0]]}}}, "eu": {"histType": {"histogram": {"labels": ["0", "100", "200", "300", "400", "500", "600", "700", "800", "900", "1000", "1100", "1200", "1300", "1400", "1500", "1600", "1700", "1800", "1900", "2000", "2100", "2200", "2300", "2400", "2500", "2600", "2700", "2800", "2900", "3000", "3100", "3200"], "data": [[0.0, 0.0, 0.001953125, 0.0, 0.0, 0.00390625, 0.01171875, 0.0234375, 0.044921875, 0.080078125, 0.08203125, 0.10546875, 0.0859375, 0.1328125, 0.140625, 0.08984375, 0.06640625, 0.041015625, 0.04296875, 0.021484375, 0.01171875, 0.009765625, 0.00390625, 0.0, 0.0, 0.0, 0.0, 0.0, 0.0, 0.0, 0.0, 0.0, 0.0], [0.0002909514111143439, 0.0002909514111143439, 0.0005819028222286878, 0.0011638056444573757, 0.002036659877800407, 0.003782368344486471, 0.006400931044515566, 0.010765202211230724, 0.020657550189118416, 0.034041315100378236, 0.04597032295606634, 0.0648821646784987, 0.07913878382310154, 0.1053244108233925, 0.1312190864125691, 0.13151003782368345, 0.14198428862379983, 0.06720977596741344, 0.09426825720104742, 0.024439918533604887, 0.011347105033459412, 0.011347105033459412, 0.0043642711667151585, 0.002909514111143439, 0.002909514111143439, 0.0005819028222286878, 0.0005819028222286878, 0.0, 0.0, 0.0, 0.0, 0.0, 0.0], [0.0, 0.0, 0.0, 0.0001177301624676242, 0.0001177301624676242, 0.0001177301624676242, 0.0, 0.0008241111372733694, 0.0018836825994819873, 0.0025900635742877325, 0.005768777960913586, 0.009536143159877561, 0.011890746409230045, 0.015422651283258771, 0.0257829055804097, 0.03484812809041676, 0.21097245114198257, 0.14751589357193312, 0.30386154932893805, 0.07840828820343772, 0.05050623969861078, 0.05392041441017189, 0.016953143395337884, 0.00671061926065458, 0.0111843654344243, 0.005415587473510714, 0.0035319048740287263, 0.0016482222745467388, 0.0002354603249352484, 0.0002354603249352484, 0.0, 0.0, 0.0], [0.0, 0.0, 0.0, 0.00010938525486764385, 0.00010938525486764385, 0.0002187705097352877, 0.0007656967840735069, 0.002078319842485233, 0.0024064756070881644, 0.0059068037628527675, 0.011594837015970248, 0.01739225552395537, 0.02056442791511704, 0.026908772697440384, 0.042879019908116385, 0.054473856924086635, 0.07788230146576242, 0.05294246335593962, 0.2882301465762415, 0.14056005250492234, 0.08718004812951215, 0.08444541675782105, 0.031174797637278494, 0.012907460074381974, 0.022752133012469918, 0.008422664624808576, 0.0042660249398381095, 0.0028440166265587398, 0.0007656967840735069, 0.0002187705097352877, 0.0, 0.0, 0.0], [0.0, 0.0, 0.0, 0.0, 0.0, 0.01744186046511628, 0.03488372093023256, 0.05813953488372093, 0.06395348837209303, 0.05232558139534884, 0.05813953488372093, 0.0872093023255814, 0.05232558139534884, 0.12209302325581395, 0.0872093023255814, 0.13953488372093023, 0.023255813953488372, 0.06395348837209303, 0.046511627906976744, 0.040697674418604654, 0.029069767441860465, 0.005813953488372093, 0.0, 0.005813953488372093, 0.011627906976744186, 0.0, 0.0, 0.0, 0.0, 0.0, 0.0, 0.0, 0.0], [0.0, 0.00010404744563520966, 0.00010404744563520966, 0.00020809489127041931, 0.00031214233690562894, 0.00010404744563520966, 0.00020809489127041931, 0.0011445219019873061, 0.0019769014670689834, 0.003953802934137967, 0.007803558422640724, 0.01883258765997295, 0.05857871189262304, 0.08479866819269587, 0.1196545624804911, 0.13224430340235147, 0.15586307356154405, 0.10789720112371241, 0.14379356986785974, 0.053896576839038604, 0.03173447091873895, 0.037248985537405056, 0.0150868796171054, 0.005306419727395692, 0.010820934346061805, 0.004265945271043596, 0.0027052335865154513, 0.0008323795650816773, 0.00020809489127041931, 0.00031214233690562894, 0.0, 0.0, 0.0], [0.00019661816751867872, 0.00039323