{"region": {"us": {"histType": {"histogram": {"labels": ["0", "100", "200", "300", "400", "500", "600", "700", "800", "900", "1000", "1100", "1200", "1300", "1400", "1500", "1600", "1700", "1800", "1900", "2000", "2100", "2200", "2300", "2400", "2500", "2600", "2700", "2800", "2900", "3000", "3100", "3200"], "data": [[0.0, 0.0, 0.0035650623885918, 0.0071301247771836, 0.0053475935828877, 0.0035650623885918, 0.016042780748663103, 0.0196078431372549, 0.03208556149732621, 0.049910873440285206, 0.08199643493761141, 0.11051693404634581, 0.11586452762923351, 0.12121212121212122, 0.11764705882352941, 0.10873440285204991, 0.0748663101604278, 0.044563279857397504, 0.0374331550802139, 0.0196078431372549, 0.0142602495543672, 0.008912655971479501, 0.0017825311942959, 0.0017825311942959, 0.0035650623885918, 0.0, 0.0, 0.0, 0.0, 0.0, 0.0, 0.0, 0.0], [0.0, 0.00028677946659019213, 0.0, 0.0005735589331803843, 0.0005735589331803843, 0.002007456266131345, 0.005162030398623459, 0.008603383997705764, 0.014338973329509607, 0.026096931459707484, 0.03613421279036421, 0.056495554918267854, 0.08144536851161457, 0.0914826498422713, 0.12589618583309434, 0.1350731287639805, 0.15141955835962145, 0.08087180957843418, 0.10868941783768282, 0.0364209922569544, 0.015772870662460567, 0.009176942930886148, 0.005735589331803843, 0.002007456266131345, 0.0025810151993117293, 0.00028677946659019213, 0.0017206767995411529, 0.0011471178663607685, 0.0, 0.0, 0.0, 0.0, 0.0], [0.00011431184270690443, 0.0, 0.0, 0.00022862368541380886, 0.00022862368541380886, 0.00022862368541380886, 0.00022862368541380886, 0.0005715592135345222, 0.002629172382258802, 0.0033150434385002285, 0.005258344764517604, 0.007658893461362597, 0.012231367169638775, 0.01931870141746685, 0.02549154092363969, 0.03955189757658893, 0.16918152720621857, 0.1442615454961134, 0.3177869227251943, 0.0851623228166438, 0.04675354366712391, 0.05944215820759031, 0.021262002743484224, 0.009259259259259259, 0.018518518518518517, 0.006515775034293553, 0.0028577960676726107, 0.0014860539551897576, 0.0, 0.0004572473708276177, 0.0, 0.0, 0.0], [0.0, 0.0, 0.0, 0.0, 0.00011027790030877812, 0.00011027790030877812, 0.0007719453021614468, 0.00176444640494045, 0.0046316718129686815, 0.007829730921923246, 0.011468901632112925, 0.013564181737979708, 0.025363917071018968, 0.029554477282752536, 0.04400088222320247, 0.05359505955006617, 0.07498897220996913, 0.10674900749889722, 0.3074547860608734, 0.11325540361711513, 0.06903396559329511, 0.07487869430966035, 0.023268636965152183, 0.009263343625937363, 0.016762240846934274, 0.005513895015438906, 0.0041905602117335685, 0.0018747243052492282, 0.0, 0.0, 0.0, 0.0, 0.0], [0.0, 0.0, 0.0, 0.0, 0.006172839506172839, 0.006172839506172839, 0.030864197530864196, 0.024691358024691357, 0.05555555555555555, 0.043209876543209874, 0.06790123456790123, 0.09259259259259259, 0.09259259259259259, 0.12962962962962962, 0.09259259259259259, 0.09876543209876543, 0.05555555555555555, 0.043209876543209874, 0.08641975308641975, 0.030864197530864196, 0.024691358024691357, 0.012345679012345678, 0.006172839506172839, 0.0, 0.0, 0.0, 0.0, 0.0, 0.0, 0.0, 0.0, 0.0, 0.0], [0.0, 0.0, 0.0, 0.0, 0.0, 0.0, 0.0, 0.0013574188159131252, 0.0013574188159131252, 0.004803174271692597, 0.014931606975044377, 0.03383105356583481, 0.05398350214054506, 0.08697922105043333, 0.1096376735929832, 0.13480213010337266, 0.1663360133653545, 0.09804740524172496, 0.13313146079147958, 0.05335700114858515, 0.030594131774041976, 0.03623264070168111, 0.015871358462984233, 0.0069959277435522604, 0.009397514879398558, 0.004489923775712645, 0.002506003967839616, 0.0008353346559465386, 0.0004176673279732693, 0.0, 0.00010441683199331732, 0.0, 0.0], [0.0, 0.00044583147570218456, 0.00044583147570218456, 0.002229157378510923, 0.001560410164957646, 0.0035666518056174765, 0.006464556397681676, 0.012483281319661168, 0.021622826571555953, 0.036558181007579134, 0.05015604101649576, 0.06821221578243424, 0.0954079358002675, 0.1127953633526527, 0.11792242532322782, 0.12015158270173874, 0.11836825679893001, 0.06999554168524298, 0.0720017833259028, 0.027641551493535442, 0.016941596076683014, 0.01560410164957646, 0.009585376727596968, 0.004458314757021846, 0.007133303611234953, 0.003120820329915292, 0.0035666518056174765, 0.0008916629514043691, 0.00022291573785109228, 0.0, 0.00044583147570218456, 0.0, 0.0], [0.0029940119760479044, 0.0, 0.0, 0.008982035928143712, 0.008982035928143712, 0.023952095808383235, 0.011976047904191617, 0.038922155688622756, 0.059880239520958084, 0.09281437125748503, 0.11676646706586827, 0.1347305389221557, 0.11377245508982035, 0.09880239520958084, 0.08083832335329341, 0.0658682634730539, 0.04491017964071856, 0.020958083832335328, 0.029940119760479042, 0.03592814371257485, 0.0029940119760479044, 0.0, 0.0029940119760479044, 0.0029940119760479044, 0.0, 0.0, 0.0, 0.0, 0.0, 0.0, 0.0, 0.0, 0.0], [0.0003023583954847813, 0.00020157226365652087, 0.0005039306591413022, 0.0003023583954847813, 0.0005039306591413022, 0.0012094335819391251, 0.0015117919774239065, 0.004333803668615199, 0.007760532150776054, 0.016024994960693408, 0.02610360814351945, 0.03456964321709333, 0.04222938923604112, 0.048578915541221526, 0.06107639588792582, 0.16166095545252973, 0.17123563797621447, 0.1174158435799234, 0.12477323120338642, 0.055533158637371495, 0.03638379359000202, 0.03577907679903245, 0.018343075992743398, 0.010784116105623865, 0.015319492037895585, 0.003829873009473896, 0.0028220116911912923, 0.0005039306591413022, 0.00040314452731304173, 0.0, 0.0, 0.0, 0.0], [0.0, 0.0, 0.0, 0.0, 0.0007927070947284979, 0.00039635354736424893, 0.0011890606420927466, 0.0011890606420927466, 0.0015854141894569957, 0.007927070947284977, 0.012683313515655966, 0.015457788347205707, 0.02219579865239794, 0.0372572334522394, 0.059453032104637336, 0.07332540626238605, 0.09988109393579073, 0.090764962346413, 0.178359096313912, 0.07015457788347206, 0.07689258818866429, 0.09908838684106223, 0.04399524375743163, 0.0186286167261197, 0.05033690051525961, 0.01466508125247721, 0.01070154577883472, 0.009116131589377725, 0.0027744748315497426, 0.0011890606420927466, 0.0, 0.0, 0.0], [0.0, 0.00020920502092050208, 0.00020920502092050208, 0.0, 0.0014644351464435147, 0.0006276150627615063, 0.002301255230125523, 0.0039748953974895395, 0.009414225941422594, 0.016317991631799162, 0.02510460251046025, 0.03368200836820084, 0.05690376569037657, 0.07154811715481171, 0.10502092050209205, 0.12656903765690378, 0.15083682008368202, 0.09686192468619247, 0.13744769874476986, 0.05627615062761506, 0.03535564853556485, 0.03200836820083682, 0.013598326359832637, 0.007112970711297071, 0.009414225941422594, 0.0033472803347280333, 0.0033472803347280333, 0.0006276150627615063, 0.00041841004184100416, 0.0, 0.0, 0.0, 0.0], [0.0, 0.000314070351758794, 0.0009422110552763819, 0.0009422110552763819, 0.0010992462311557789, 0.002826633165829146, 0.0064384422110552765, 0.011777638190954775, 0.02041457286432161, 0.037845477386934674, 0.06281407035175879, 0.07569095477386935, 0.10301507537688442, 0.12076005025125629, 0.13724874371859297, 0.11777638190954774, 0.11228015075376885, 0.059045226130653265, 0.060772613065326636, 0.024654522613065326, 0.01507537688442211, 0.012091708542713568, 0.007223618090452261, 0.0037688442211055275, 0.0026695979899497486, 0.0021984924623115578, 0.000314070351758794, 0.0, 0.0, 0.0, 0.0, 0.0, 0.0], [0.0, 0.0, 0.0, 0.0, 0.00012348728081007656, 0.0004939491232403062, 0.0018523092121511483, 0.001975796492961225, 0.004445542109162756, 0.005556927636453445, 0.013460113608298345, 0.01975796492961225, 0.02840207458631761, 0.0337120276611509, 0.06384292417880959, 0.15794023215608793, 0.19609780192640158, 0.13287231415164238, 0.17152383304519633, 0.059891331192887136, 0.034576438626821436, 0.03482341318844159, 0.014694986416399112, 0.008150160533465053, 0.009138058779945666, 0.004075080266732527, 0.0018523092121511483, 0.0002469745616201531, 0.0004939491232403062, 0.0, 0.0, 0.0, 0.0], [0.00020185708518368994, 0.0, 0.0, 0.00010092854259184497, 0.00010092854259184497, 0.0003027856277755349, 0.0013120710536939847, 0.0018167137666532096, 0.004138070246265644, 0.009890997174000807, 0.02815906338312475, 0.049354057327412194, 0.06903512313282197, 0.09598304400484457, 0.11808639483245861, 0.12394025030278563, 0.14826402906742026, 0.09426725878078321, 0.11768268066209124, 0.04834477190149374, 0.029572062979410577, 0.029471134436818733, 0.011102139685102947, 0.004844570044408559, 0.006863140896245458, 0.003128784820347194, 0.0020185708518368995, 0.0006055712555510698, 0.0007064997981429148, 0.0006055712555510698, 0.00010092854259184497, 0.0, 0.0], [0.0, 0.0, 0.0, 0.00041519618019514223, 0.00041519618019514223, 0.00020759809009757111, 0.0010379904504878555, 0.0018683828108781398, 0.004774756072244135, 0.006850736973219846, 0.015569856757317833, 0.02615735935229396, 0.04857795308283164, 0.06892256591239361, 0.09715590616566327, 0.12019929416649366, 0.16337969690678847, 0.11833091135561553, 0.1457338592484949, 0.0682997716421009, 0.03985883329873365, 0.035291675316587084, 0.014739464396927549, 0.006020344612829562, 0.010172306414780985, 0.003321569441561138, 0.0014531866306829978, 0.00041519618019514223, 0.0, 0.0008303923603902845, 0.0, 0.0, 0.0], [0.0, 0.0, 0.00028843380444188056, 0.00028843380444188056, 0.001442169022209403, 0.002019036631093164, 0.002019036631093164, 0.005191808479953851, 0.011825785982117105, 0.017882895875396595, 0.027978079030862416, 0.048168445341794056, 0.07066628208826074, 0.0891260455725411, 0.10498990481684453, 0.12143063167003172, 0.1321026824343813, 0.1009518315546582, 0.10527833862128641, 0.046726276319584654, 0.031439284684164986, 0.033169887510816266, 0.01471012402653591, 0.008653014133256417, 0.012691087395442746, 0.005768676088837612, 0.002019036631093164, 0.0023074704355350445, 0.0005768676088837611, 0.00028843380444188056, 0.0, 0.0, 0.0], [0.00020242914979757084, 0.00020242914979757084, 0.0008097165991902834, 0.0010121457489878543, 0.0004048582995951417, 0.0016194331983805667, 0.002631578947368421, 0.0066801619433198385, 0.012753036437246963, 0.01882591093117409, 0.03340080971659919, 0.05384615384615385, 0.07672064777327935, 0.10323886639676114, 0.1208502024291498, 0.12368421052631579, 0.1340080971659919, 0.08319838056680162, 0.11194331983805668, 0.04068825910931174, 0.02368421052631579, 0.02327935222672065, 0.00951417004048583, 0.005465587044534413, 0.005668016194331984, 0.0016194331983805667, 0.0016194331983805667, 0.001417004048582996, 0.0004048582995951417, 0.0006072874493927126, 0.0, 0.0, 0.0], [0.0, 0.0, 0.00012350253180190194, 0.0002470050636038039, 0.0003705075954057058, 0.00012350253180190194, 0.0008645177226133136, 0.001976040508830431, 0.0029640607632456465, 0.006422131653698901, 0.0191428924292948, 0.04409040385327899, 0.07373101148573545, 0.0949734469556626, 0.12609608496974187, 0.13140669383722367, 0.15499567741138692, 0.09336791404223786, 0.14091638878597013, 0.04026182536742003, 0.02111893293812523, 0.022477460787946154, 0.009139187353340744, 0.004693096208472274, 0.006422131653698901, 0.0016055329134247252, 0.0016055329134247252, 0.0002470050636038039, 0.00012350253180190194, 0.0004940101272076078, 0.0, 0.0, 0.0], [0.0, 0.0, 0.0, 0.007462686567164179, 0.014925373134328358, 0.014925373134328358, 0.007462686567164179, 0.014925373134328358, 0.022388059701492536, 0.08955223880597014, 0.04477611940298507, 0.09701492537313433, 0.07462686567164178, 0.05970149253731343, 0.05223880597014925, 0.09701492537313433, 0.11194029850746269, 0.1044776119402985, 0.03731343283582089, 0.022388059701492536, 0.022388059701492536, 0.03731343283582089, 0.022388059701492536, 0.0, 0.007462686567164179, 0.014925373134328358, 0.007462686567164179, 0.014925373134328358, 0.0, 0.0, 0.0, 0.0, 0.0], [0.00021141649048625792, 0.00010570824524312896, 0.0, 0.0, 0.0, 0.00010570824524312896, 0.00021141649048625792, 0.0009513742071881607, 0.002325581395348837, 0.0047568710359408035, 0.007822410147991543, 0.010570824524312896, 0.02251585623678647, 0.03128964059196617, 0.146723044397463, 0.16849894291754758, 0.19661733615221988, 0.12716701902748415, 0.12822410147991542, 0.059619450317124734, 0.030338266384778014, 0.03245243128964059, 0.012367864693446088, 0.004439746300211416, 0.006765327695560253, 0.00306553911205074, 0.0017970401691331924, 0.0003171247357293869, 0.0007399577167019028, 0.0, 0.0, 0.0, 0.0], [0.0, 0.0, 0.0, 0.00011813349084465446, 0.0, 0.00011813349084465446, 0.00106320141760189, 0.0003544004725339634, 0.001299468399291199, 0.002244536326048435, 0.004607206142941524, 0.012404016538688719, 0.030832841110454815, 0.04997046662728884, 0.07761370348493798, 0.11187241582988777, 0.16184288245717662, 0.13018310691080923, 0.17601890135853515, 0.07938570584760779, 0.050797401063201415, 0.053632604843473125, 0.019492025989367986, 0.009568812758417011, 0.0158298877731837, 0.005434140578854105, 0.0027170702894270525, 0.0011813349084465446, 0.0005906674542232723, 0.00023626698168930892, 0.0005906674542232723, 0.0, 0.0], [0.0001863064741499767, 9.315323707498835e-05, 0.0, 0.0001863064741499767, 0.0001863064741499767, 0.0005589194224499301, 0.0007452258965999068, 0.0017699115044247787, 0.0029809035863996272, 0.0055891942244993015, 0.010433162552398696, 0.01350721937587331, 0.0176059618071728, 0.061946902654867256, 0.10535631113181183, 0.11700046576618538, 0.14615742897065673, 0.12352119236143456, 0.16739636702375407, 0.07722403353516534, 0.0488122962272939, 0.04983698183511877, 0.019096413600372612, 0.010246856078248719, 0.01350721937587331, 0.003632976245924546, 0.001583605030274802, 0.0003726129482999534, 0.0004657661853749418, 0.0, 0.0, 0.0, 0.0], [0.0, 0.0, 0.0, 0.0015503875968992248, 0.0015503875968992248, 0.0, 0.0015503875968992248, 0.007751937984496124, 0.007751937984496124, 0.009302325581395349, 0.017054263565891473, 0.027906976744186046, 0.04496124031007752, 0.09767441860465116, 0.11627906976744186, 0.16899224806201552, 0.16434108527131783, 0.11162790697674418, 0.13178294573643412, 0.05581395348837209, 0.020155038759689922, 0.010852713178294573, 0.0031007751937984496, 0.0, 0.0, 0.0, 0.0, 0.0, 0.0, 0.0, 0.0, 0.0, 0.0], [0.0, 0.0, 0.0, 8.566044200788077e-05, 0.0, 8.566044200788077e-05, 0.00025698132602364226, 0.0007709439780709268, 0.0017132088401576153, 0.004796984752441323, 0.007366798012677745, 0.013020387185197876, 0.02141511050197019, 0.027411341442521844, 0.0405173890697276, 0.07495288675689567, 0.19719033750214152, 0.1349151961624122, 0.22674318999486037, 0.08249100565358918, 0.04916909371252356, 0.06741476786020216, 0.019873222545828337, 0.007538118896693507, 0.013620010279253041, 0.004111701216378276, 0.0026554737022443037, 0.0013705670721260923, 0.00025698132602364226, 0.00025698132602364226, 0.0, 0.0, 0.0], [9.512032721392562e-05, 9.512032721392562e-05, 9.512032721392562e-05, 0.0, 0.00038048130885570247, 0.00038048130885570247, 0.00028536098164177684, 0.0009512032721392562, 0.0010463235993531817, 0.005326738323979834, 0.009607153048606487, 0.019214306097212974, 0.034148197469799295, 0.044611433463331115, 0.06667934937696186, 0.07904499191477218, 0.1774945305811852, 0.1814895843241701, 0.19813564158660707, 0.08294492533054314, 0.03966517644820698, 0.03329211452487397, 0.01322172548273566, 0.0044706553790545035, 0.004756016360696281, 0.0017121658898506611, 0.0004756016360696281, 0.00038048130885570247, 0.0, 0.0, 0.0, 0.0, 0.0], [0.0, 0.00011376564277588168, 0.0, 0.00022753128555176336, 0.0005688282138794084, 0.0009101251422070534, 0.0015927189988623437, 0.0037542662116040954, 0.006484641638225256, 0.011604095563139932, 0.02104664391353811, 0.037656427758816835, 0.055176336746302616, 0.07463026166097839, 0.09772468714448236, 0.1323094425483504, 0.1552901023890785, 0.10841865756541524, 0.13549488054607509, 0.06222980659840728, 0.03424345847554039, 0.032081911262798635, 0.014106939704209329, 0.006484641638225256, 0.005460750853242321, 0.0013651877133105802, 0.0005688282138794084, 0.0004550625711035267, 0.0, 0.0, 0.0, 0.0, 0.0], [0.0, 0.0, 0.0, 0.0, 0.0005232862375719519, 0.0003924646781789639, 0.0010465724751439038, 0.0015698587127158557, 0.004971219256933543, 0.007456828885400314, 0.01609105180533752, 0.02564102564102564, 0.04055468341182627, 0.06619570905285191, 0.09850863422291994, 0.12571951857666144, 0.15253793825222398, 0.09706959706959707, 0.17346938775510204, 0.06030873888016745, 0.03571428571428571, 0.041339612768184195, 0.018184196755625326, 0.00706436420722135, 0.01216640502354788, 0.004447933019361591, 0.004186289900575615, 0.0017006802721088435, 0.0011773940345368916, 0.0009157509157509158, 0.0010465724751439038, 0.0, 0.0], [0.0, 0.00019805902158843335, 0.00019805902158843335, 0.0003961180431768667, 0.0011883541295306002, 0.0011883541295306002, 0.003961180431768667, 0.009308774014656367, 0.016835016835016835, 0.027134085957615368, 0.043176866706278474, 0.062388591800356503, 0.07981778570013864, 0.10299069122598534, 0.1259655377302436, 0.11527035056446822, 0.14557338086749852, 0.0778371954842543, 0.10398098633392751, 0.026936026936026935, 0.01940978411566647, 0.019211725094078036, 0.0071301247771836, 0.002772826302238067, 0.0041592394533571005, 0.0011883541295306002, 0.0011883541295306002, 0.0003961180431768667, 0.00019805902158843335, 0.0, 0.0, 0.0, 0.0], [0.0, 0.0003219575016097875, 0.000643915003219575, 0.0009658725048293626, 0.0022537025112685126, 0.00128783000643915, 0.003219575016097875, 0.008692852543464262, 0.011268512556342562, 0.0128783000643915, 0.030907920154539602, 0.04249839021249195, 0.058918222794591114, 0.08016741790083709, 0.11622665808113329, 0.12910495814552478, 0.15936896329684483, 0.09980682549903412, 0.11139729555698648, 0.04024468770122344, 0.027366387636831937, 0.022215067611075338, 0.011912427559562138, 0.00901481004507405, 0.0103026400515132, 0.0028976175144880875, 0.0035415325177076628, 0.0025756600128783, 0.0, 0.0, 0.0, 0.0, 0.0], [0.00022596316800361542, 0.0, 0.0, 0.0, 0.00045192633600723084, 0.00045192633600723084, 0.001920686928030731, 0.0036154106880578467, 0.004971189696079539, 0.017964071856287425, 0.03931759123262908, 0.054570105072873125, 0.07694045870523104, 0.11264263924980228, 0.14032312733024516, 0.14314766693029035, 0.1318495085301096, 0.07750536662524009, 0.09196700937747147, 0.03389447520054231, 0.02112755620833804, 0.022935261552366963, 0.009264489888148231, 0.004180318608066885, 0.006552931872104847, 0.0016947237600271157, 0.0013557790080216926, 0.000790871088012654, 0.0, 0.00033894475200542314, 0.0, 0.0, 0.0], [0.0, 0.0, 0.0, 0.0002950287653046172, 0.0001475143826523086, 0.0001475143826523086, 0.001475143826523086, 0.0004425431479569258, 0.0041304027142646405, 0.013423808821360083, 0.02301224369376014, 0.029797905295766338, 0.05531789349461572, 0.08319811181590205, 0.1011948664994837, 0.12273196636672075, 0.15061218468800708, 0.09765452131582829, 0.13940109160643163, 0.0566455229384865, 0.0326006785661602, 0.03732113881103408, 0.015046467030535478, 0.008260805428529281, 0.012686236908098539, 0.0048679746275261835, 0.0048679746275261835, 0.002360230122436938, 0.001180115061218469, 0.000737571913261543, 0.0004425431479569258, 0.0, 0.0], [0.0, 0.0, 0.0, 0.0, 0.0005515719801434088, 0.0009192866335723479, 0.0018385732671446957, 0.004596433167861739, 0.007170435741864313, 0.017834160691303547, 0.026843169700312558, 0.041551755837470124, 0.06802721088435375, 0.08990623276337562, 0.11619783048354478, 0.12888398602684317, 0.1443280014708586, 0.09248023533737819, 0.12667769810626953, 0.049641478212906785, 0.02923331494760066, 0.023717595146166576, 0.010112152969295827, 0.003861003861003861, 0.006067291781577496, 0.0011031439602868175, 0.005699577128148557, 0.001287001287001287, 0.0009192866335723479, 0.0005515719801434088, 0.0, 0.0, 0.0], [0.000111731843575419, 0.000111731843575419, 0.0, 0.0, 0.000111731843575419, 0.001005586592178771, 0.000670391061452514, 0.0023463687150837987, 0.002793296089385475, 0.005698324022346369, 0.01441340782122905, 0.021899441340782123, 0.03642458100558659, 0.05016759776536313, 0.15988826815642457, 0.16737430167597767, 0.1736312849162011, 0.11251396648044693, 0.1252513966480447, 0.053184357541899444, 0.03106145251396648, 0.021787709497206705, 0.009497206703910615, 0.003910614525139665, 0.003687150837988827, 0.001452513966480447, 0.0005586592178770949, 0.000335195530726257, 0.000111731843575419, 0.0, 0.0, 0.0, 0.0], [0.0, 0.0, 0.0, 0.00016550810989738498, 0.00016550810989738498, 0.0009930486593843098, 0.0014895729890764648, 0.0021516054286660046, 0.006289308176100629, 0.010095994703740483, 0.02499172459450513, 0.033432638199271766, 0.06885137371731215, 0.09781529294935452, 0.12744124462098644, 0.143164515061238, 0.15557762330354188, 0.10642171466401854, 0.10509764978483946, 0.040880503144654086, 0.02598477325388944, 0.019364448857994043, 0.009930486593843098, 0.005461767626613704, 0.007778881165177094, 0.0026481297583581596, 0.0024826216484607746, 0.00033101621979476995, 0.0008275405494869249, 0.0, 0.00016550810989738498, 0.0, 0.0], [0.0, 0.0, 0.0, 0.00016952025767079165, 0.0, 0.0006780810306831666, 0.0010171215460247499, 0.0018647228343787084, 0.004407526699440583, 0.006441769791490083, 0.013053059840650957, 0.02051195117816579, 0.04170198338701475, 0.061027292761485, 0.09272758094592304, 0.11713849805051704, 0.15307679267672486, 0.11188337006272249, 0.1732497033395491, 0.06780810306831667, 0.040006780810306834, 0.04407526699440583, 0.01729106628242075, 0.008476012883539583, 0.012205458552296999, 0.006950330564502458, 0.0030513646380742497, 0.0008476012883539584, 0.00016952025767079165, 0.00016952025767079165, 0.0, 0.0, 0.0], [0.0, 0.0, 0.00011285407967498025, 0.0, 0.0002257081593499605, 0.0003385622390249407, 0.0003385622390249407, 0.0012413948764247828, 0.0011285407967498026, 0.0038370387089493286, 0.006996952939848776, 0.016250987473197157, 0.048301546100891546, 0.09739307075950795, 0.11928676221645412, 0.13350637625550163, 0.15099875860512357, 0.09468457284730843, 0.1525787157205733, 0.05180002257081594, 0.03791897077079336, 0.03250197494639431, 0.019862318022796525, 0.008576910055298499, 0.01331678140164767, 0.0033856223902494075, 0.0033856223902494075, 0.0016928111951247037, 0.0002257081593499605, 0.00011285407967498025, 0.0, 0.0, 0.0], [0.0, 0.0, 8.880994671403197e-05, 0.0, 8.880994671403197e-05, 8.880994671403197e-05, 0.00017761989342806393, 0.0007992895204262878, 0.0017761989342806395, 0.004529307282415631, 0.008880994671403197, 0.015985790408525755, 0.02788632326820604, 0.035879218472468916, 0.05426287744227353, 0.06003552397868561, 0.12335701598579041, 0.16003552397868562, 0.2566607460035524, 0.09378330373001777, 0.054706927175843696, 0.058880994671403196, 0.014209591474245116, 0.0069271758436944934, 0.011811722912966251, 0.004706927175843694, 0.0021314387211367673, 0.0009769094138543516, 0.0007104795737122557, 0.0006216696269982238, 0.0, 0.0, 0.0], [0.0, 0.0, 0.0, 0.0, 0.00042909246942716153, 0.0006436387041407423, 0.0012872774082814847, 0.0025745548165629693, 0.005041836515769148, 0.009547307444754344, 0.01652006007294572, 0.03143102338553958, 0.05084745762711865, 0.07466208968032612, 0.11124222269899163, 0.1349495816348423, 0.17378245011800042, 0.11199313452048916, 0.15479510834584853, 0.049238360866766785, 0.025209182578845742, 0.028963741686333404, 0.00804548380175928, 0.003325466638060502, 0.0026818279339197596, 0.0008581849388543231, 0.0009654580562111135, 0.0007509118214975327, 0.00021454623471358077, 0.0, 0.0, 0.0, 0.0], [0.0, 0.0033444816053511705, 0.0, 0.0033444816053511705, 0.006688963210702341, 0.016722408026755852, 0.026755852842809364, 0.043478260869565216, 0.08695652173913043, 0.05016722408026756, 0.05016722408026756, 0.06688963210702341, 0.07357859531772576, 0.13377926421404682, 0.11705685618729098, 0.10367892976588629, 0.08695652173913043, 0.04013377926421405, 0.03678929765886288, 0.016722408026755852, 0.010033444816053512, 0.010033444816053512, 0.0033444816053511705, 0.013377926421404682, 0.0, 0.0, 0.0, 0.0, 0.0, 0.0, 0.0, 0.0, 0.0]]}, "ranks": {"labels": ["Unranked", "Combatatent I", "Combatatent II", "Challenger I", "Challenger II", "Rival I", "Rival II", "Duelist", "Elite"], "data": [[0.13725490196078433, 0.1925133689839572, 0.23707664884135474, 0.22638146167557932, 0.11942959001782531, 0.05169340463458111, 0.0196078431372549, 0.012477718360071301, 0.0035650623885918], [0.05764267278462862, 0.09262976770863206, 0.17292801835388585, 0.26096931459707484, 0.23229136793805563, 0.13134499569830801, 0.02953828505878979, 0.016919988528821338, 0.005735589331803843], [0.0075445816186556925, 0.012917238225880201, 0.03155006858710562, 0.06504343850022862, 0.31344307270233196, 0.36442615454961136, 0.0852766346593507, 0.0899634202103338, 0.029835390946502057], [0.015218350242611381, 0.025033083370092635, 0.05491839435377151, 0.09759594177326864, 0.18173797970886635, 0.3689898544331716, 0.12075430083811205, 0.10741067490074989, 0.028341420379355976], [0.16666666666666666, 0.16049382716049382, 0.2222222222222222, 0.19135802469135801, 0.09876543209876543, 0.1111111111111111, 0.030864197530864196, 0.018518518518518517, 0.0], [0.007518011903518847, 0.04876266054087919, 0.14096272319097838, 0.24443980369635585, 0.2643834186070795, 0.16320350840555498, 0.05387908530855174, 0.0590999269082176, 0.017750861438863945], [0.08537672759696835, 0.11836825679893001, 0.20820329915292018, 0.23807400802496656, 0.18836379848417298, 0.08938921087828801, 0.02719572001783326, 0.029647793134195275, 0.015381185911725367], [0.24850299401197604, 0.25149700598802394, 0.2125748502994012, 0.1467065868263473, 0.0658682634730539, 0.05089820359281437, 0.017964071856287425, 0.005988023952095809, 0.0], [0.03265470671235638, 0.06067325136061278, 0.09080830477726265, 0.22273735134045555, 0.2886514815561379, 0.15702479338842976, 0.05966539004233017, 0.06490626889739971, 0.022878451925015118], [0.013079667063020214, 0.028141101862861673, 0.059453032104637336, 0.13277843836702338, 0.1906460562822037, 0.21363456202933015, 0.1117717003567182, 0.16171224732461356, 0.08878319460959176], [0.034518828451882845, 0.058786610878661084, 0.1284518828451883, 0.23158995815899583, 0.24769874476987447, 0.1696652719665272, 0.059414225941422594, 0.052719665271966525, 0.01715481171548117], [0.08260050251256282, 0.13850502512562815, 0.2237751256281407, 0.2550251256281407, 0.17132537688442212, 0.0727072864321608, 0.027795226130653265, 0.023084170854271356, 0.0051821608040201], [0.014448011854778958, 0.033218078537910596, 0.06211410224746851, 0.2217831563348975, 0.32897011607804394, 0.20671770807606815, 0.059273894788836747, 0.057668560138305756, 0.0158063719436898], [0.01786435203875656, 0.07751312071053694, 0.16501816713766654, 0.24202664513524424, 0.24253128784820346, 0.1454380298748486, 0.05016148566814695, 0.04541784416633024, 0.014029067420266451], [0.015569856757317833, 0.04172721610961179, 0.11750051899522525, 0.21735520033215694, 0.28171060826240396, 0.18476230018683829, 0.06913016400249118, 0.0560514843263442, 0.016192651027610545], [0.04095760023074704, 0.07614652437265648, 0.15979232766080184, 0.22642053648687627, 0.2330545139890395, 0.12950677819440437, 0.05393712143063167, 0.0565330256706086, 0.02365157196423421], [0.0451417004048583, 0.08724696356275304, 0.1799595141700405, 0.24453441295546557, 0.21720647773279353, 0.1368421052631579, 0.039473684210526314, 0.03825910931174089, 0.011336032388663968], [0.013091268371001606, 0.06323329628257379, 0.16870445844139806, 0.25750277880696554, 0.2483635914536248, 0.16327034704211435, 0.03902680004940101, 0.03630974434975917, 0.010497715203161664], [0.17164179104477612, 0.1417910447761194, 0.13432835820895522, 0.14925373134328357, 0.21641791044776118, 0.04477611940298507, 0.03731343283582089, 0.05970149253731343, 0.04477611940298507], [0.008668076109936576, 0.01839323467230444, 0.053805496828752644, 0.31522198731501055, 0.323784355179704, 0.16215644820295982, 0.056025369978858354, 0.0492600422832981, 0.012684989429175475], [0.005197873597164796, 0.01701122268163024, 0.08080330773774365, 0.18948611931482576, 0.29202598936798585, 0.21972829297105728, 0.08647371529828707, 0.08269344359125812, 0.026580035440047254], [0.012296227293898463, 0.023940381928272008, 0.07955286446204006, 0.2223567768979972, 0.2696786213320913, 0.21155100139729854, 0.08188169538891477, 0.0791802515137401, 0.019562179785747556], [0.02945736434108527, 0.04496124031007752, 0.14263565891472868, 0.28527131782945736, 0.27596899224806204, 0.16589147286821707, 0.04186046511627907, 0.013953488372093023, 0.0], [0.007709439780709268, 0.02038718519787562, 0.04882645194449203, 0.11547027582662327, 0.3321055336645537, 0.27497001884529726, 0.08343327051567587, 0.094826109302724, 0.022271714922048998], [0.00865594977646723, 0.02882145914581946, 0.0787596309331304, 0.14572434129173403, 0.35898411490535526, 0.2466470084657091, 0.07409873489964805, 0.05098449538666413, 0.007324265195472272], [0.025255972696245733, 0.05870307167235495, 0.129806598407281, 0.23003412969283277, 0.2637087599544937, 0.17076222980659841, 0.06120591581342435, 0.05267349260523322, 0.007849829351535836], [0.01596023024594453, 0.04173207744636316, 0.10675039246467818, 0.22422815279958136, 0.24960753532182103, 0.206436420722135, 0.0630559916274202, 0.06658817373103088, 0.02564102564102564], [0.060408001584472175, 0.10556545850663497, 0.18280847692612398, 0.24123588829471182, 0.22341057635175282, 0.11903347197464845, 0.03129332541097247, 0.029114676173499703, 0.0071301247771836], [0.041532517707662586, 0.07340631036703155, 0.1390856406954282, 0.24533161622665808, 0.25917578879587894, 0.13361236316806183, 0.04539600772698004, 0.043142305215711524, 0.019317450096587252], [0.029601175008473618, 0.0938876963055022, 0.18958309795503334, 0.2834707942605355, 0.20935487515534967, 0.11173878657778782, 0.035250254208564, 0.03638007004858208, 0.010733250480171732], [0.02006195604071397, 0.052810148989526476, 0.13851600531051778, 0.22392683286620446, 0.24826670600383538, 0.17008408319811183, 0.05856320991296651, 0.06062841127009883, 0.027142646408024784], [0.03291046148189005, 0.06839492553778267, 0.15793344364772935, 0.24508181651038793, 0.23680823680823682, 0.15664644236072808, 0.0489060489060489, 0.037690751976466264, 0.015627872770729915], [0.012849162011173185, 0.036312849162011177, 0.08659217877094973, 0.32726256983240226, 0.28614525139664804, 0.15486033519553072, 0.05463687150837989, 0.03519553072625698, 0.006145251396648044], [0.02135054617676266, 0.05842436279377689, 0.16666666666666666, 0.27060575968222444, 0.2619993379675604, 0.12793776895067857, 0.0440251572327044, 0.03475670307845084, 0.014233697451175108], [0.014578742159688083, 0.033565011018816746, 0.10272927614849975, 0.20986607899644008, 0.2649601627394474, 0.20850991693507373, 0.07255467028309882, 0.06984234616036616, 0.02339379555856925], [0.007222661099198736, 0.023247940413045932, 0.1456946168603995, 0.2527931384719558, 0.245683331452432, 0.182823609073468, 0.05947409998871459, 0.060941203024489334, 0.02211939961629613], [0.007548845470692718, 0.02486678507992895, 0.06376554174067496, 0.11429840142095915, 0.283392539964476, 0.3086145648312611, 0.09653641207815275, 0.08001776198934281, 0.020959147424511545], [0.01952370735893585, 0.047951083458485304, 0.12550954730744476, 0.24619180433383395, 0.2857755846384896, 0.1829006650933276, 0.04634198669813345, 0.040334692126153184, 0.00547092898519631], [0.23745819397993312, 0.11705685618729098, 0.20735785953177258, 0.22073578595317725, 0.12709030100334448, 0.043478260869565216, 0.020066889632107024, 0.026755852842809364, 0.0]]}, "ranksDetailed": {"labels": ["Unranked", "Combatatant", "Challenger", "Rival", "Duelist", "Elite"], "data": [[0.13725490196078433, 0.4295900178253119, 0.34581105169340465, 0.07130124777183601, 0.012477718360071301, 0.0035650623885918], [0.05764267278462862, 0.2655577860625179, 0.4932606825351305, 0.1608832807570978, 0.016919988528821338, 0.005735589331803843], [0.0075445816186556925, 0.04446730681298582, 0.3784865112025606, 0.44970278920896206, 0.0899634202103338, 0.029835390946502057], [0.015218350242611381, 0.07995147772386414, 0.279333921482135, 0.4897441552712836, 0.10741067490074989, 0.028341420379355976], [0.16666666666666666, 0.38271604938271603, 0.29012345679012347, 0.1419753086419753, 0.018518518518518517, 0.0], [0.007518011903518847, 0.18972538373185757, 0.5088232223034354, 0.2170825937141067, 0.0590999269082176, 0.017750861438863945], [0.08537672759696835, 0.3265715559518502, 0.42643780650913954, 0.11658493089612126, 0.029647793134195275, 0.015381185911725367], [0.24850299401197604, 0.46407185628742514, 0.2125748502994012, 0.0688622754491018, 0.005988023952095809, 0.0], [0.03265470671235638, 0.15148155613787542, 0.5113888328965934, 0.21669018343075994, 0.06490626889739971, 0.022878451925015118], [0.013079667063020214, 0.08759413396749902, 0.3234244946492271, 0.32540626238604836, 0.16171224732461356, 0.08878319460959176], [0.034518828451882845, 0.18723849372384938, 0.47928870292887027, 0.2290794979079498, 0.052719665271966525, 0.01715481171548117], [0.08260050251256282, 0.36228015075376885, 0.4263505025125628, 0.10050251256281408, 0.023084170854271356, 0.0051821608040201], [0.014448011854778958, 0.09533218078537911, 0.5507532724129415, 0.2659916028649049, 0.057668560138305756, 0.0158063719436898], [0.01786435203875656, 0.24253128784820346, 0.48455793298344774, 0.19559951554299557, 0.04541784416633024, 0.014029067420266451], [0.015569856757317833, 0.15922773510483704, 0.49906580859456096, 0.2538924641893295, 0.0560514843263442, 0.016192651027610545], [0.04095760023074704, 0.23593885203345832, 0.4594750504759158, 0.18344389962503604, 0.0565330256706086, 0.02365157196423421], [0.0451417004048583, 0.26720647773279355, 0.46174089068825913, 0.1763157894736842, 0.03825910931174089, 0.011336032388663968], [0.013091268371001606, 0.23193775472397185, 0.5058663702605903, 0.2022971470915154, 0.03630974434975917, 0.010497715203161664], [0.17164179104477612, 0.27611940298507465, 0.3656716417910448, 0.08208955223880597, 0.05970149253731343, 0.04477611940298507], [0.008668076109936576, 0.07219873150105709, 0.6390063424947146, 0.21818181818181817, 0.0492600422832981, 0.012684989429175475], [0.005197873597164796, 0.0978145304193739, 0.4815121086828116, 0.30620200826934435, 0.08269344359125812, 0.026580035440047254], [0.012296227293898463, 0.10349324639031206, 0.4920353982300885, 0.2934326967862133, 0.0791802515137401, 0.019562179785747556], [0.02945736434108527, 0.1875968992248062, 0.5612403100775194, 0.20775193798449612, 0.013953488372093023, 0.0], [0.007709439780709268, 0.06921363714236765, 0.447575809491177, 0.3584032893609731, 0.094826109302724, 0.022271714922048998], [0.00865594977646723, 0.10758109007894986, 0.5047084561970894, 0.32074574336535716, 0.05098449538666413, 0.007324265195472272], [0.025255972696245733, 0.18850967007963595, 0.4937428896473265, 0.23196814562002274, 0.05267349260523322, 0.007849829351535836], [0.01596023024594453, 0.14848246991104133, 0.4738356881214024, 0.26949241234955523, 0.06658817373103088, 0.02564102564102564], [0.060408001584472175, 0.28837393543275897, 0.46464646464646464, 0.1503267973856209, 0.029114676173499703, 0.0071301247771836], [0.041532517707662586, 0.21249195106245974, 0.504507405022537, 0.17900837089504185, 0.043142305215711524, 0.019317450096587252], [0.029601175008473618, 0.2834707942605355, 0.49282566941588524, 0.14698904078635183, 0.03638007004858208, 0.010733250480171732], [0.02006195604071397, 0.19132615430004427, 0.47219353887003984, 0.22864729311107834, 0.06062841127009883, 0.027142646408024784], [0.03291046148189005, 0.22632836918551205, 0.4818900533186247, 0.205552491266777, 0.037690751976466264, 0.015627872770729915], [0.012849162011173185, 0.12290502793296089, 0.6134078212290502, 0.20949720670391062, 0.03519553072625698, 0.006145251396648044], [0.02135054617676266, 0.22509102946044357, 0.5326050976497848, 0.171962926183383, 0.03475670307845084, 0.014233697451175108], [0.014578742159688083, 0.1362942871673165, 0.47482624173588744, 0.28106458721817257, 0.06984234616036616, 0.02339379555856925], [0.007222661099198736, 0.16894255727344543, 0.49847646992438777, 0.2422977090621826, 0.060941203024489334, 0.02211939961629613], [0.007548845470692718, 0.0886323268206039, 0.39769094138543515, 0.4051509769094139, 0.08001776198934281, 0.020959147424511545], [0.01952370735893585, 0.17346063076593005, 0.5319673889723235, 0.22924265179146106, 0.040334692126153184, 0.00547092898519631], [0.23745819397993312, 0.32441471571906355, 0.34782608695652173, 0.06354515050167224, 0.026755852842809364, 0.0]]}}}, "eu": {"histType": {"histogram": {"labels": ["0", "100", "200", "300", "400", "500", "600", "700", "800", "900", "1000", "1100", "1200", "1300", "1400", "1500", "1600", "1700", "1800", "1900", "2000", "2100", "2200", "2300", "2400", "2500", "2600", "2700", "2800", "2900", "3000", "3100", "3200"], "data": [[0.0, 0.0, 0.002304147465437788, 0.0, 0.0, 0.004608294930875576, 0.013824884792626729, 0.02534562211981567, 0.06221198156682028, 0.07373271889400922, 0.06451612903225806, 0.10829493087557604, 0.08064516129032258, 0.14055299539170507, 0.1313364055299539, 0.11059907834101383, 0.06221198156682028, 0.04608294930875576, 0.027649769585253458, 0.02304147465437788, 0.016129032258064516, 0.004608294930875576, 0.002304147465437788, 0.0, 0.0, 0.0, 0.0, 0.0, 0.0, 0.0, 0.0, 0.0, 0.0], [0.00031496062992125983, 0.0, 0.0006299212598425197, 0.0012598425196850393, 0.0015748031496062992, 0.003779527559055118, 0.005669291338582677, 0.010078740157480314, 0.02078740157480315, 0.03181102362204724, 0.043464566929133856, 0.06393700787401575, 0.0815748031496063, 0.10708661417322834, 0.12881889763779528, 0.12913385826771653, 0.14204724409448818, 0.06771653543307087, 0.09669291338582676, 0.026456692913385826, 0.014173228346456693, 0.011338582677165355, 0.005039370078740157, 0.0025196850393700786, 0.0031496062992125984, 0.00031496062992125983, 0.0006299212598425197, 0.0, 0.0, 0.0, 0.0, 0.0, 0.0], [0.0, 0.0, 0.0, 0.00011514104778353483, 0.00011514104778353483, 0.00011514104778353483, 0.0, 0.0008059873344847438, 0.0019573978123200923, 0.0025331030512377663, 0.0056419113413932066, 0.00932642487046632, 0.012665515256188831, 0.015889464594127805, 0.02567645365572827, 0.06470926885434658, 0.22233736327000575, 0.13632700057570524, 0.2810592976396085, 0.0766839378238342, 0.047553252734599885, 0.05135290731145654, 0.01623488773747841, 0.007253886010362694, 0.011398963730569948, 0.005411629245826137, 0.0028785261945883708, 0.0014968336211859529, 0.00023028209556706967, 0.00023028209556706967, 0.0, 0.0, 0.0], [0.0, 0.0, 0.0, 0.00010588733587462939, 0.00010588733587462939, 0.00021177467174925878, 0.0007412113511224058, 0.0020118593816179585, 0.002435408725116476, 0.005823803473104617, 0.011647606946209234, 0.01736552308343922, 0.021177467174925878, 0.027213045319779753, 0.04351969504447268, 0.05537907666243117, 0.08110969927996611, 0.1337357052096569, 0.2827191867852605, 0.11509953409572216, 0.07020330368487929, 0.06840321897501059, 0.020648030495552732, 0.011435832274459974, 0.01757729775518848, 0.004976704786107581, 0.00349428208386277, 0.0022236340533672173, 0.00042354934349851756, 0.00021177467174925878, 0.0, 0.0, 0.0], [0.0, 0.0, 0.0, 0.0, 0.0, 0.020833333333333332, 0.034722222222222224, 0.0625, 0.05555555555555555, 0.06944444444444445, 0.0625, 0.10416666666666667, 0.0625, 0.08333333333333333, 0.0625, 0.125, 0.020833333333333332, 0.0763888888888889, 0.05555555555555555, 0.034722222222222224, 0.034722222222222224, 0.006944444444444444, 0.0, 0.006944444444444444, 0.020833333333333332, 0.0, 0.0, 0.0, 0.0, 0.0, 0.0, 0.0, 0.0], [0.0, 0.00010476689366160294, 0.00010476689366160294, 0.00020953378732320587, 0.0003143006809848088, 0.00010476689366160294, 0.00020953378732320587, 0.0011524358302776323, 0.0019905709795704557, 0.010057621791513881, 0.025458355159769512, 0.038030382399161865, 0.05594552121529597, 0.07784180199057097, 0.11210057621791514, 0.1283394447354636, 0.14730225248821371, 0.10382399161864851, 0.1355683603981142, 0.052697747511786276, 0.031220534311157674,