{"region": {"us": {"histType": {"histogram": {"labels": ["0", "100", "200", "300", "400", "500", "600", "700", "800", "900", "1000", "1100", "1200", "1300", "1400", "1500", "1600", "1700", "1800", "1900", "2000", "2100", "2200", "2300", "2400", "2500", "2600", "2700", "2800", "2900", "3000", "3100"], "data": [[0.0, 0.0, 0.0, 0.0072992700729927005, 0.0072992700729927005, 0.0072992700729927005, 0.029197080291970802, 0.029197080291970802, 0.06569343065693431, 0.051094890510948905, 0.058394160583941604, 0.10218978102189781, 0.10218978102189781, 0.15328467153284672, 0.0948905109489051, 0.08759124087591241, 0.058394160583941604, 0.043795620437956206, 0.029197080291970802, 0.058394160583941604, 0.014598540145985401, 0.0, 0.0, 0.0, 0.0, 0.0, 0.0, 0.0, 0.0, 0.0, 0.0, 0.0], [0.0, 0.0015772870662460567, 0.0, 0.0007886435331230284, 0.0015772870662460567, 0.0015772870662460567, 0.003943217665615142, 0.012618296529968454, 0.015772870662460567, 0.03706624605678233, 0.0583596214511041, 0.06309148264984227, 0.09700315457413249, 0.09858044164037855, 0.15220820189274448, 0.12697160883280756, 0.12381703470031545, 0.06782334384858044, 0.07570977917981073, 0.02050473186119874, 0.01498422712933754, 0.013406940063091483, 0.007097791798107256, 0.0015772870662460567, 0.002365930599369085, 0.0015772870662460567, 0.0, 0.0, 0.0, 0.0, 0.0, 0.0], [0.0, 0.00024366471734892786, 0.00024366471734892786, 0.00024366471734892786, 0.0004873294346978557, 0.0007309941520467836, 0.0009746588693957114, 0.001949317738791423, 0.007553606237816764, 0.01023391812865497, 0.015594541910331383, 0.02412280701754386, 0.042884990253411304, 0.059697855750487326, 0.0769980506822612, 0.10112085769980507, 0.14035087719298245, 0.09990253411306042, 0.18494152046783627, 0.06603313840155946, 0.042641325536062376, 0.059697855750487326, 0.024853801169590642, 0.011208576998050682, 0.017787524366471734, 0.005360623781676413, 0.004142300194931774, 0.0, 0.0, 0.0, 0.0, 0.0], [0.0, 0.00020721094073767094, 0.0, 0.0, 0.00020721094073767094, 0.0008288437629506838, 0.0026937422295897225, 0.004144218814753419, 0.010360547036883548, 0.02382925818483216, 0.032532117695814336, 0.036883547451305426, 0.06962287608785744, 0.0870285951098218, 0.11852465810194779, 0.1311645254869457, 0.16183174471612102, 0.09428097803564028, 0.11686697057604642, 0.04330708661417323, 0.024658101947782844, 0.022793203481143803, 0.00849564857024451, 0.003937007874015748, 0.003937007874015748, 0.0010360547036883548, 0.0008288437629506838, 0.0, 0.0, 0.0, 0.0, 0.0], [0.0, 0.0, 0.0, 0.0, 0.0, 0.0, 0.0, 0.08333333333333333, 0.08333333333333333, 0.08333333333333333, 0.0625, 0.08333333333333333, 0.08333333333333333, 0.125, 0.0, 0.0, 0.08333333333333333, 0.0625, 0.0625, 0.10416666666666667, 0.041666666666666664, 0.020833333333333332, 0.0, 0.020833333333333332, 0.0, 0.0, 0.0, 0.0, 0.0, 0.0, 0.0, 0.0], [0.0, 0.0, 0.0, 0.0, 0.0, 0.0, 0.0003570790930191037, 0.0032137118371719335, 0.003035172290662382, 0.010712372790573112, 0.017675415104445636, 0.02963756472058561, 0.056597036243527944, 0.09051955008034279, 0.11640778432422781, 0.12926263167291555, 0.15033029816104268, 0.09783967148723442, 0.11730048205677558, 0.054990180324941976, 0.032137118371719335, 0.046063202999464384, 0.015532940546331012, 0.006605963220853419, 0.012676307802178183, 0.005177646848777004, 0.0033922513836814857, 0.0005356186395286556, 0.0, 0.0, 0.0, 0.0], [0.0, 0.0, 0.0004965243296921549, 0.0014895729890764648, 0.0014895729890764648, 0.0024826216484607746, 0.003475670307845084, 0.010923535253227408, 0.02333664349553128, 0.03574975173783516, 0.05759682224428997, 0.06454816285998013, 0.09880834160873883, 0.1266137040714995, 0.13505461767626614, 0.10476663356504469, 0.11370407149950347, 0.06107249255213505, 0.05660377358490566, 0.03426017874875869, 0.015888778550148957, 0.01787487586891758, 0.00893743793445879, 0.004965243296921549, 0.012413108242303872, 0.005461767626613704, 0.0019860973187686196, 0.0, 0.0, 0.0, 0.0, 0.0], [0.0, 0.0, 0.008064516129032258, 0.016129032258064516, 0.016129032258064516, 0.008064516129032258, 0.03225806451612903, 0.08064516129032258, 0.10483870967741936, 0.12096774193548387, 0.0967741935483871, 0.12903225806451613, 0.12096774193548387, 0.08870967741935484, 0.04032258064516129, 0.04032258064516129, 0.024193548387096774, 0.016129032258064516, 0.03225806451612903, 0.024193548387096774, 0.0, 0.0, 0.0, 0.0, 0.0, 0.0, 0.0, 0.0, 0.0, 0.0, 0.0, 0.0], [0.00036920804873546244, 0.00036920804873546244, 0.0009230201218386561, 0.0007384160974709249, 0.0014768321949418497, 0.0031382684142514305, 0.004430496584825549, 0.01052242938896068, 0.020491046704818165, 0.04744323426250692, 0.07199556950341518, 0.10060919328041351, 0.11353147498615469, 0.12700756876499908, 0.13568395791028245, 0.09857854901236847, 0.08270260291674358, 0.050950710725493814, 0.05150452279859701, 0.0260291674358501, 0.017168174266199, 0.01661436219309581, 0.009968617315857485, 0.0027690603655159685, 0.0042458925604578176, 0.0005538120731031936, 0.00018460402436773122, 0.0, 0.0, 0.0, 0.0, 0.0], [0.0, 0.0, 0.00048146364949446316, 0.0, 0.0014443909484833895, 0.0014443909484833895, 0.004814636494944632, 0.005296100144439095, 0.015406836783822821, 0.025517573423206548, 0.03514684641309581, 0.04766490129995185, 0.07751564756860857, 0.09870004814636495, 0.1256620125180549, 0.130958112662494, 0.15743861338468945, 0.07944150216658642, 0.10255175734232065, 0.03562831006259028, 0.013480982185844969, 0.021665864227250843, 0.0091478093403948, 0.006740491092922484, 0.003370245546461242, 0.00048146364949446316, 0.0, 0.0, 0.0, 0.0, 0.0, 0.0], [0.0, 0.0, 0.0008145533532446375, 0.0010860711376595167, 0.001629106706489275, 0.002986695628563671, 0.007602497963616617, 0.010317675807765408, 0.018734727124626663, 0.03692641868042357, 0.07466739071409177, 0.08389899538419766, 0.10507738256855824, 0.1172956828672278, 0.14444746130871572, 0.1172956828672278, 0.09584577789845235, 0.05620418137387999, 0.05267445017648656, 0.027423296225902796, 0.01601954928047787, 0.014118924789573717, 0.0070594623947868584, 0.00325821341297855, 0.00325821341297855, 0.0013575889220743959, 0.0, 0.0, 0.0, 0.0, 0.0, 0.0], [0.0, 0.0, 0.0, 0.0, 0.00025974025974025974, 0.001038961038961039, 0.002857142857142857, 0.006493506493506494, 0.011168831168831168, 0.015844155844155845, 0.03662337662337662, 0.05194805194805195, 0.07012987012987013, 0.08987012987012986, 0.13714285714285715, 0.11974025974025974, 0.15064935064935064, 0.09454545454545454, 0.10493506493506494, 0.040779220779220776, 0.023636363636363636, 0.021558441558441558, 0.008571428571428572, 0.006493506493506494, 0.004155844155844156, 0.0015584415584415584, 0.0, 0.0, 0.0, 0.0, 0.0, 0.0], [0.000234192037470726, 0.0, 0.0, 0.000468384074941452, 0.000468384074941452, 0.00117096018735363, 0.002810304449648712, 0.005386416861826698, 0.013583138173302109, 0.03208430913348946, 0.05573770491803279, 0.06135831381733021, 0.08594847775175644, 0.11217798594847775, 0.14215456674473068, 0.12482435597189695, 0.13700234192037472, 0.07704918032786885, 0.07213114754098361, 0.029742388758782202, 0.017330210772833723, 0.012412177985948477, 0.005620608899297424, 0.003981264637002342, 0.004215456674473068, 0.002107728337236534, 0.0, 0.0, 0.0, 0.0, 0.0, 0.0], [0.0, 0.0, 0.0, 0.0003875968992248062, 0.0, 0.0003875968992248062, 0.0, 0.0007751937984496124, 0.003875968992248062, 0.00813953488372093, 0.018604651162790697, 0.023643410852713178, 0.05310077519379845, 0.07364341085271318, 0.10542635658914729, 0.12713178294573643, 0.17131782945736435, 0.11666666666666667, 0.13372093023255813, 0.05813953488372093, 0.03333333333333333, 0.037596899224806204, 0.013565891472868217, 0.009302325581395349, 0.0069767441860465115, 0.0031007751937984496, 0.0011627906976744186, 0.0, 0.0, 0.0, 0.0, 0.0], [0.0, 0.0, 0.0, 0.0, 0.002296211251435132, 0.001148105625717566, 0.0, 0.006888633754305396, 0.010332950631458095, 0.029850746268656716, 0.04133180252583238, 0.06888633754305395, 0.07462686567164178, 0.10562571756601608, 0.10562571756601608, 0.11940298507462686, 0.13088404133180254, 0.07921928817451206, 0.08725602755453502, 0.030998851894374284, 0.03444316877152698, 0.02870264064293915, 0.010332950631458095, 0.006888633754305396, 0.013777267508610792, 0.002296211251435132, 0.009184845005740528, 0.0, 0.0, 0.0, 0.0, 0.0], [0.0003356831151393085, 0.0, 0.000671366230278617, 0.0003356831151393085, 0.000671366230278617, 0.001342732460557234, 0.003356831151393085, 0.004028197381671702, 0.011413225914736489, 0.016784155756965426, 0.03423967774420947, 0.048674051695199734, 0.08425646189996643, 0.10036925142665323, 0.13293051359516617, 0.13763007720711648, 0.13225914736488756, 0.08056394763343404, 0.099026518966096, 0.039610607586438404, 0.02416918429003021, 0.025176233635448138, 0.00906344410876133, 0.004028197381671702, 0.00436388049681101, 0.003356831151393085, 0.001342732460557234, 0.0, 0.0, 0.0, 0.0, 0.0], [0.0, 0.0, 0.0, 0.0006303183107469272, 0.0009454774661203908, 0.0003151591553734636, 0.003151591553734636, 0.005988023952095809, 0.01134572959344469, 0.020485345099275135, 0.03971005357705641, 0.05483769303498267, 0.07752915222187204, 0.10053577056413489, 0.12700913961550583, 0.12543334383863852, 0.138670028364324, 0.08666876772770249, 0.1065237945162307, 0.03183107469271983, 0.01764891270091396, 0.02363693665300977, 0.010085092971950834, 0.0040970690198550265, 0.00787897888433659, 0.002206114087614245, 0.0028364323983611725, 0.0, 0.0, 0.0, 0.0, 0.0], [0.0, 0.0, 0.0, 0.0, 0.0, 0.0, 0.0, 0.0, 0.030303030303030304, 0.12121212121212122, 0.09090909090909091, 0.06060606060606061, 0.06060606060606061, 0.12121212121212122, 0.09090909090909091, 0.09090909090909091, 0.06060606060606061, 0.12121212121212122, 0.030303030303030304, 0.030303030303030304, 0.06060606060606061, 0.030303030303030304, 0.0, 0.0, 0.0, 0.0, 0.0, 0.0, 0.0, 0.0, 0.0, 0.0], [0.00017397355601948505, 0.00017397355601948505, 0.00017397355601948505, 0.00017397355601948505, 0.00017397355601948505, 0.00017397355601948505, 0.0005219206680584551, 0.0015657620041753654, 0.005045233124565066, 0.009568545581071676, 0.020528879610299235, 0.027139874739039668, 0.054975643702157274, 0.08646485734168406, 0.12056367432150313, 0.1299582463465553, 0.14718162839248433, 0.11203897007654837, 0.10525400139178845, 0.0650661099512874, 0.03566457898399443, 0.04558107167710508, 0.016179540709812108, 0.009046624913013222, 0.004697286012526096, 0.0019137091162143354, 0.0, 0.0, 0.0, 0.0, 0.0, 0.0], [0.0, 0.0, 0.0, 0.0003248862897985705, 0.0, 0.0003248862897985705, 0.0029239766081871343, 0.0009746588693957114, 0.004548408057179987, 0.004873294346978557, 0.018193632228719947, 0.02664067576348278, 0.04061078622482131, 0.056530214424951264, 0.08609486679662118, 0.1078622482131254, 0.1539961013645224, 0.11306042884990253, 0.15139701104613384, 0.06725146198830409, 0.04580896686159844, 0.05165692007797271, 0.022092267706302793, 0.012020792722547108, 0.018518518518518517, 0.008771929824561403, 0.005198180636777128, 0.0003248862897985705, 0.0, 0.0, 0.0, 0.0], [0.00017132088401576153, 0.0, 0.0, 0.00034264176803152307, 0.0005139626520472845, 0.0013705670721260923, 0.0015418879561418537, 0.004454342984409799, 0.006852835360630461, 0.013705670721260922, 0.02809662497858489, 0.03683399006338873, 0.04968305636457084, 0.08000685283536063, 0.11015932842213466, 0.1197532979270173, 0.14048312489292444, 0.09919479184512592, 0.1286619838958369, 0.06201816001370567, 0.038033236251499056, 0.03751927359945177, 0.01833133458968648, 0.007195477128661984, 0.012677745417166352, 0.0022271714922048997, 0.00017132088401576153, 0.0, 0.0, 0.0, 0.0, 0.0], [0.0, 0.0, 0.0, 0.0, 0.0, 0.002824858757062147, 0.0, 0.005649717514124294, 0.00847457627118644, 0.005649717514124294, 0.014124293785310734, 0.03954802259887006, 0.062146892655367235, 0.1327683615819209, 0.1553672316384181, 0.15254237288135594, 0.17796610169491525, 0.11581920903954802, 0.08192090395480225, 0.03389830508474576, 0.011299435028248588, 0.0, 0.0, 0.0, 0.0, 0.0, 0.0, 0.0, 0.0, 0.0, 0.0, 0.0], [0.0, 0.0, 0.0, 0.00012836970474967908, 0.0, 0.00025673940949935817, 0.00025673940949935817, 0.0012836970474967907, 0.003722721437740693, 0.010141206675224647, 0.015789473684210527, 0.02618741976893453, 0.048523748395378694, 0.06444159178433889, 0.10192554557124518, 0.12734274711168164, 0.1693196405648267, 0.1079589216944801, 0.16097560975609757, 0.06020539152759949, 0.033761232349165594, 0.039922978177150195, 0.013093709884467265, 0.003979460847240051, 0.007445442875481386, 0.0024390243902439024, 0.0008985879332477536, 0.0, 0.0, 0.0, 0.0, 0.0], [0.00011042402826855124, 0.00011042402826855124, 0.00022084805653710247, 0.0, 0.0006625441696113075, 0.0011042402826855124, 0.00044169611307420494, 0.001877208480565371, 0.001877208480565371, 0.009496466431095406, 0.014134275618374558, 0.034673144876325085, 0.06691696113074205, 0.09838780918727916, 0.14498674911660778, 0.17204063604240283, 0.17557420494699646, 0.10059628975265017, 0.09816696113074205, 0.03909010600706714, 0.018440812720848056, 0.013582155477031801, 0.003975265017667844, 0.0020980565371024737, 0.0011042402826855124, 0.00033127208480565373, 0.0, 0.0, 0.0, 0.0, 0.0, 0.0], [0.0, 0.00025316455696202533, 0.0, 0.00025316455696202533, 0.0007594936708860759, 0.0015189873417721519, 0.0020253164556962027, 0.0037974683544303796, 0.008354430379746836, 0.014936708860759493, 0.027848101265822784, 0.049367088607594936, 0.07443037974683545, 0.09265822784810127, 0.12632911392405063, 0.12582278481012657, 0.15139240506329113, 0.09518987341772152, 0.09974683544303797, 0.05063291139240506, 0.029367088607594936, 0.02278481012658228, 0.012151898734177215, 0.006329113924050633, 0.003291139240506329, 0.0007594936708860759, 0.0, 0.0, 0.0, 0.0, 0.0, 0.0], [0.0, 0.0, 0.0, 0.0, 0.00042211903756859433, 0.0, 0.0006331785563528915, 0.001266357112705783, 0.004010130856901647, 0.004643309413254538, 0.01646264246517518, 0.025960320810468552, 0.04411143942591811, 0.07091599831152386, 0.10848459265512875, 0.12916842549598986, 0.15217391304347827, 0.0897002954833263, 0.15111861544955676, 0.05909666525960321, 0.0373575348248206, 0.050232165470662726, 0.017306880540312368, 0.012241452089489235, 0.015196285352469396, 0.005487547488391726, 0.003799071338117349, 0.00021105951878429716, 0.0, 0.0, 0.0, 0.0], [0.0, 0.0007782101167315176, 0.0007782101167315176, 0.0007782101167315176, 0.0015564202334630351, 0.005447470817120622, 0.004669260700389105, 0.011673151750972763, 0.028793774319066146, 0.05058365758754864, 0.05914396887159533, 0.08715953307392996, 0.09961089494163425, 0.13151750972762646, 0.1330739299610895, 0.1066147859922179, 0.09649805447470818, 0.05603112840466926, 0.06770428015564202, 0.023346303501945526, 0.007782101167315175, 0.02178988326848249, 0.0015564202334630351, 0.0, 0.0031128404669260703, 0.0, 0.0, 0.0, 0.0, 0.0, 0.0, 0.0], [0.0, 0.0, 0.0, 0.0, 0.0, 0.0, 0.004962779156327543, 0.02977667493796526, 0.04714640198511166, 0.04466501240694789, 0.08684863523573201, 0.10173697270471464, 0.09429280397022333, 0.08684863523573201, 0.1141439205955335, 0.10669975186104218, 0.10918114143920596, 0.06947890818858561, 0.05955334987593052, 0.019851116625310174, 0.009925558312655087, 0.0024813895781637717, 0.0024813895781637717, 0.0, 0.009925558312655087, 0.0, 0.0, 0.0, 0.0, 0.0, 0.0, 0.0], [0.0004610419548178884, 0.0, 0.0, 0.0, 0.0006915629322268327, 0.0013831258644536654, 0.004149377593360996, 0.009681881051175657, 0.014983863531581374, 0.02858460119870908, 0.04725680036883356, 0.06408483171968649, 0.0954356846473029, 0.11318579990779161, 0.14661134163208853, 0.13439372982941447, 0.1173351775011526, 0.0698478561549101, 0.07007837713231904, 0.027662517289073305, 0.017289073305670817, 0.019594283079760258, 0.008068234209313048, 0.004149377593360996, 0.003227293683725219, 0.0009220839096357768, 0.0009220839096357768, 0.0, 0.0, 0.0, 0.0, 0.0], [0.0, 0.0, 0.0, 0.00045475216007276033, 0.00045475216007276033, 0.0, 0.002728512960436562, 0.001364256480218281, 0.005911778080945885, 0.01682582992269213, 0.02819463392451114, 0.036834924965893585, 0.0572987721691678, 0.0791268758526603, 0.1123237835379718, 0.1273306048203729, 0.142337426102774, 0.09367894497498863, 0.11687130513869941, 0.0527512505684402, 0.03137789904502047, 0.034106412005457026, 0.020463847203274217, 0.01227830832196453, 0.019554342883128694, 0.0068212824010914054, 0.0009095043201455207, 0.0, 0.0, 0.0, 0.0, 0.0], [0.0, 0.0, 0.0, 0.0, 0.00032299741602067185, 0.00032299741602067185, 0.0012919896640826874, 0.002583979328165375, 0.005490956072351421, 0.013565891472868217, 0.018733850129198967, 0.0377906976744186, 0.06556847545219638, 0.09496124031007752, 0.12596899224806202, 0.14470284237726097, 0.15310077519379844, 0.07945736434108527, 0.11595607235142119, 0.05329457364341085, 0.030038759689922482, 0.030361757105943153, 0.011627906976744186, 0.007428940568475452, 0.003875968992248062, 0.003229974160206718, 0.00032299741602067185, 0.0, 0.0, 0.0, 0.0, 0.0], [0.00018709073900841907, 0.00018709073900841907, 0.00018709073900841907, 0.00018709073900841907, 0.0005612722170252573, 0.0018709073900841909, 0.002806361085126286, 0.00411599625818522, 0.00841908325537886, 0.01683816651075772, 0.03891487371375117, 0.0578110383536015, 0.08681010289990646, 0.11244153414405987, 0.13601496725912068, 0.13208606173994386, 0.14087932647333956, 0.08942937324602432, 0.07932647333956969, 0.03760523854069223, 0.01814780168381665, 0.01983161833489242, 0.00823199251637044, 0.0039289055191768, 0.002993451824134705, 0.00018709073900841907, 0.0, 0.0, 0.0, 0.0, 0.0, 0.0], [0.0, 0.0, 0.0, 0.0, 0.0009505703422053232, 0.0004752851711026616, 0.0, 0.0042775665399239545, 0.006178707224334601, 0.009980988593155894, 0.028517110266159697, 0.04325095057034221, 0.07509505703422054, 0.0979087452471483, 0.13783269961977188, 0.155893536121673, 0.12595057034220533, 0.09363117870722433, 0.0879277566539924, 0.043726235741444866, 0.03136882129277566, 0.02376425855513308, 0.01568441064638783, 0.0042775665399239545, 0.009505703422053232, 0.0038022813688212928, 0.0, 0.0, 0.0, 0.0, 0.0, 0.0], [0.0, 0.0, 0.0, 0.0, 0.0, 0.0007027406886858749, 0.0007027406886858749, 0.002459592410400562, 0.004919184820801124, 0.005621925509486999, 0.011243851018973999, 0.025298664792691498, 0.03724525650035137, 0.059732958538299366, 0.0994378074490513, 0.1191145467322558, 0.151791988756149, 0.09768095572733661, 0.14511595221363316, 0.07203092059030218, 0.04251581166549543, 0.06500351370344343, 0.023190442726633873, 0.014406184118060435, 0.014757554462403373, 0.0059732958538299364, 0.0010541110330288123, 0.0, 0.0, 0.0, 0.0, 0.0], [0.0, 0.0, 0.0, 0.0, 0.00020412329046744235, 0.00020412329046744235, 0.0010206164523372118, 0.0022453561951418658, 0.004286589099816289, 0.00959379465196979, 0.01837109614206981, 0.04266176770769545, 0.0708307817922025, 0.10900183710961421, 0.14309042661767707, 0.12165748111859563, 0.13778322106552357, 0.08675239844866299, 0.10716472749540723, 0.0453153704837722, 0.02980200040824658, 0.03184323331292101, 0.0173504796897326, 0.006531945294958155, 0.009185548071034905, 0.003674219228413962, 0.0014288630332720963, 0.0, 0.0, 0.0, 0.0, 0.0], [0.0, 0.0, 0.00014188422247446084, 0.0, 0.0, 0.00028376844494892167, 0.0004256526674233825, 0.00170261066969353, 0.0032633371169125992, 0.009931895573212259, 0.019580022701475595, 0.03575482406356413, 0.06923950056753689, 0.09974460839954596, 0.14841089670828603, 0.1474177071509648, 0.15280930760499434, 0.09137343927355278, 0.11279795686719636, 0.0405788876276958, 0.021708286038592508, 0.025964812712826333, 0.007661748013620885, 0.005249716231555051, 0.004114642451759364, 0.000851305334846765, 0.0009931895573212259, 0.0, 0.0, 0.0, 0.0, 0.0], [0.0, 0.0, 0.0, 0.0, 0.0, 0.00016608536787908985, 0.0008304268393954493, 0.001162597575153629, 0.003487792725460887, 0.008636439129712672, 0.013452914798206279, 0.029729280850357084, 0.05364557382494602, 0.0931738913801694, 0.1391795382826773, 0.1634280019930244, 0.17306095333001162, 0.10347118418867297, 0.12273708686264741, 0.037701378508553395, 0.019099817306095335, 0.025078890549742567, 0.005480817140009965, 0.002325195150307258, 0.002491280518186348, 0.0014947683109118087, 0.00016608536787908985, 0.0, 0.0, 0.0, 0.0, 0.0], [0.0, 0.009345794392523364, 0.0, 0.0, 0.009345794392523364, 0.028037383177570093, 0.056074766355140186, 0.028037383177570093, 0.1308411214953271, 0.08411214953271028, 0.06542056074766354, 0.04672897196261682, 0.07476635514018691, 0.11214953271028037, 0.056074766355140186, 0.102803738317757, 0.037383177570093455, 0.06542056074766354, 0.028037383177570093, 0.018691588785046728, 0.028037383177570093, 0.009345794392523364, 0.009345794392523364, 0.0, 0.0, 0.0, 0.0, 0.0, 0.0, 0.0, 0.0, 0.0]]}, "ranks": {"labels": ["Unranked", "Combatatent I", "Combatatent II", "Challenger I", "Challenger II", "Rival I", "Rival II", "Duelist", "Elite"], "data": [[0.19708029197080293, 0.16058394160583941, 0.25547445255474455, 0.18248175182481752, 0.10218978102189781, 0.08029197080291971, 0.021897810218978103, 0.0, 0.0], [0.0749211356466877, 0.12145110410094637, 0.19558359621451105, 0.27917981072555204, 0.1916403785488959, 0.08832807570977919, 0.022870662460567823, 0.022082018927444796, 0.003943217665615142], [0.02266081871345029, 0.03971734892787524, 0.10258284600389864, 0.1781189083820663, 0.24025341130604289, 0.2210038986354776, 0.0726120857699805, 0.09576023391812866, 0.02729044834307992], [0.042271031910484876, 0.06941566514711976, 0.15665147119767925, 0.2496891835888935, 0.2561127227517613, 0.13966017405719022, 0.045171985080812264, 0.035225859925404064, 0.005801906340654786], [0.25, 0.14583333333333334, 0.20833333333333334, 0.0, 0.14583333333333334, 0.14583333333333334, 0.0625, 0.041666666666666664, 0.0], [0.01731833601142653, 0.04731297982503124, 0.14711658632387073, 0.24567041599714337, 0.2481699696482771, 0.14568826995179432, 0.05873951080164257, 0.06820210676664881, 0.021781824674165326], [0.07944389275074479, 0.1221449851042701, 0.22542204568023833, 0.23982125124131082, 0.17477656405163852, 0.07547169811320754, 0.03128103277060576, 0.031777557100297914, 0.019860973187686197], [0.3870967741935484, 0.22580645161290322, 0.20967741935483872, 0.08064516129032258, 0.04032258064516129, 0.056451612903225805, 0.0, 0.0, 0.0], [0.08990215986708511, 0.1726047627838287, 0.24053904375115379, 0.2342625069226509, 0.1336533136422374, 0.0668266568211187, 0.027875207679527413, 0.029352039874469264, 0.0049843086579287425], [0.05440539239287434, 0.08281174771304767, 0.17621569571497353, 0.2566201251805489, 0.2368801155512759, 0.12277323062108811, 0.02888781896966779, 0.03755416466056813, 0.0038517091959557053], [0.08009774640238936, 0.15856638609828944, 0.22237306543578605, 0.2617431441759435, 0.15204995927233234, 0.06706489275047516, 0.02905240293239207, 0.024436600597339125, 0.004615802335052946], [0.03766233766233766, 0.08857142857142856, 0.16, 0.2568831168831169, 0.2451948051948052, 0.12597402597402596, 0.043376623376623374, 0.03662337662337662, 0.005714285714285714], [0.05620608899297424, 0.117096018735363, 0.19812646370023418, 0.26697892271662765, 0.21405152224824356, 0.08688524590163935, 0.03231850117096019, 0.022014051522248244, 0.006323185011709602], [0.013565891472868217, 0.04224806201550388, 0.12674418604651164, 0.23255813953488372, 0.287984496124031, 0.16627906976744186, 0.05891472868217054, 0.06046511627906977, 0.01124031007751938], [0.0505166475315729, 0.11021814006888633, 0.18025258323765786, 0.22502870264064295, 0.21010332950631458, 0.10332950631458095, 0.04936854190585534, 0.045924225028702644, 0.02525832376578645], [0.03893924135615979, 0.0829137294394092, 0.18462571332661967, 0.2705605908022826, 0.21282309499832158, 0.12118160456529037, 0.04162470627727426, 0.038267875125881166, 0.00906344410876133], [0.04286164513079105, 0.09454774661203907, 0.17806492278600694, 0.25244248345414433, 0.22533879609202648, 0.1229120705956508, 0.03309171131421368, 0.037819098644815634, 0.012921525370312008], [0.15151515151515152, 0.15151515151515152, 0.18181818181818182, 0.18181818181818182, 0.18181818181818182, 0.06060606060606061, 0.06060606060606061, 0.030303030303030304, 0.0], [0.017745302713987474, 0.0476687543493389, 0.14144050104384134, 0.25052192066805845, 0.2592205984690327, 0.14178844815588032, 0.06419624217118998, 0.07080723729993041, 0.006610995128740431], [0.01397011046133853, 0.04483430799220273, 0.09714100064977257, 0.19395711500974658, 0.26705653021442494, 0.18680961663417803, 0.07764782326185835, 0.08576998050682261, 0.03281351526965562], [0.028953229398663696, 0.06493061504197362, 0.12968990919993148, 0.22991262634915197, 0.23967791673805036, 0.163782765119068, 0.06493061504197362, 0.06304608531780025, 0.015076237793387013], [0.022598870056497175, 0.05367231638418079, 0.19491525423728814, 0.307909604519774, 0.2937853107344633, 0.10451977401129943, 0.022598870056497175, 0.0, 0.0], [0.015789473684210527, 0.04197689345314506, 0.11296534017971759, 0.22926829268292684, 0.2772785622593068, 0.1951219512195122, 0.05982028241335045, 0.05699614890885751, 0.010783055198973043], [0.015901060070671377, 0.048807420494699646, 0.1653047703180212, 0.3170273851590106, 0.27617049469964666, 0.1200309187279152, 0.035666961130742046, 0.01965547703180212, 0.001435512367491166], [0.03189873417721519, 0.07721518987341772, 0.1670886075949367, 0.2521518987341772, 0.24658227848101266, 0.12734177215189874, 0.05240506329113924, 0.04126582278481013, 0.004050632911392405], [0.010975094976783452, 0.04242296327564373, 0.11502743773744196, 0.2376530181511186, 0.24187420852680455, 0.18298860278598564, 0.06458421274799493, 0.07978049810046434, 0.02469396369776277], [0.10505836575875487, 0.1463035019455253, 0.2311284046692607, 0.2396887159533074, 0.15252918287937745, 0.08093385214007782, 0.0178988326848249, 0.023346303501945526, 0.0031128404669260703], [0.12655086848635236, 0.18858560794044665, 0.18114143920595532, 0.22084367245657568, 0.17866004962779156, 0.07196029776674938, 0.017369727047146403, 0.004962779156327543, 0.009925558312655087], [0.0599354541263255, 0.11134163208852006, 0.20862148455509452, 0.281005071461503, 0.1871830336560627, 0.08414015675426464, 0.030889810972798526, 0.0318118948824343, 0.005071461502996773], [0.02773988176443838, 0.06502955889040472, 0.1364256480218281, 0.2396543883583447, 0.23601637107776263, 0.142337426102774, 0.058663028649386086, 0.06684856753069578, 0.027285129604365622], [0.023578811369509043, 0.05652454780361757, 0.1605297157622739, 0.270671834625323, 0.23255813953488372, 0.14760981912144702, 0.05167958656330749, 0.04941860465116279, 0.007428940568475452], [0.035360149672591205, 0.09672591206735266, 0.1992516370439663, 0.2681010289990646, 0.23030869971936388, 0.10177736202057998, 0.033302151543498595, 0.031992516370439664, 0.0031805425631431243], [0.021863117870722433, 0.0717680608365019, 0.17300380228136883, 0.29372623574144485, 0.21958174904942965, 0.11216730038022814, 0.05085551330798479, 0.043726235741444866, 0.013307984790874524], [0.014406184118060435, 0.036542515811665496, 0.09697821503865074, 0.21855235418130708, 0.2494729444834856, 0.18903724525650034, 0.07062543921293044, 0.10260014054813774, 0.02178496134926212], [0.01755460298020004, 0.06103286384976526, 0.1798326189018167, 0.2647479077362727, 0.22453561951418657, 0.13288426209430496, 0.04939783629312104, 0.05572565829761176, 0.014288630332720964], [0.015749148694665153, 0.055334846765039726, 0.16898410896708285, 0.29582860385925086, 0.2441827468785471, 0.13606696935300794, 0.03901816118047673, 0.03887627695800227, 0.005959137343927355], [0.014283341637601728, 0.04318219564856336, 0.14681946520511543, 0.3026075402757017, 0.2765321375186846, 0.14366384321541273, 0.03587443946188341, 0.03288490284005979, 0.004152134196977246], [0.34579439252336447, 0.11214953271028037, 0.18691588785046728, 0.1588785046728972, 0.102803738317757, 0.04672897196261682, 0.028037383177570093, 0.018691588785046728, 0.0]]}, "ranksDetailed": {"labels": ["Unranked", "Combatatant", "Challenger", "Rival", "Duelist", "Elite"], "data": [[0.19708029197080293, 0.41605839416058393, 0.2846715328467153, 0.10218978102189781, 0.0, 0.0], [0.0749211356466877, 0.31703470031545744, 0.47082018927444796, 0.111198738170347, 0.022082018927444796, 0.003943217665615142], [0.02266081871345029, 0.14230019493177387, 0.4183723196881092, 0.2936159844054581, 0.09576023391812866, 0.02729044834307992], [0.042271031910484876, 0.226067136344799, 0.5058019063406548, 0.1848321591380025, 0.035225859925404064, 0.005801906340654786], [0.25, 0.3541666666666667, 0.14583333333333334, 0.20833333333333334, 0.041666666666666664, 0.0], [0.01731833601142653, 0.19442956614890197, 0.4938403856454205, 0.2044277807534369, 0.06820210676664881, 0.021781824674165326], [0.07944389275074479, 0.34756703078450846, 0.41459781529294937, 0.1067527308838133, 0.031777557100297914, 0.019860973187686197], [0.3870967741935484, 0.43548387096774194, 0.12096774193548387, 0.056451612903225805, 0.0, 0.0], [0.08990215986708511, 0.41314380653498245, 0.3679158205648883, 0.09470186450064612, 0.029352039874469264, 0.0049843086579287425], [0.05440539239287434, 0.2590274434280212, 0.49350024073182475, 0.1516610495907559, 0.03755416466056813, 0.0038517091959557053], [0.08009774640238936, 0.3809394515340755, 0.41379310344827586, 0.09611729568286723, 0.024436600597339125, 0.004615802335052946], [0.03766233766233766, 0.24857142857142858, 0.5020779220779221, 0.16935064935064936, 0.03662337662337662, 0.005714285714285714], [0.05620608899297424, 0.3152224824355972, 0.4810304449648712, 0.11920374707259954, 0.022014051522248244, 0.006323185011709602], [0.013565891472868217, 0.16899224806201552, 0.5205426356589147, 0.2251937984496124, 0.06046511627906977, 0.01124031007751938], [0.0505166475315729, 0.2904707233065442, 0.4351320321469575, 0.15269804822043628, 0.045924225028702644, 0.02525832376578645], [0.03893924135615979, 0.26753944276602887, 0.48338368580060426, 0.1628063108425646, 0.038267875125881166, 0.00906344410876133], [0.04286164513079105, 0.272612669398046, 0.47778127954617083, 0.15600378190986447, 0.037819098644815634, 0.012921525370312008], [0.15151515151515152, 0.3333333333333333, 0.36363636363636365, 0.12121212121212122, 0.030303030303030304, 0.0], [0.017745302713987474, 0.18910925539318024, 0.5097425191370911, 0.20598469032707029, 0.07080723729993041, 0.006610995128740431], [0.01397011046133853, 0.1419753086419753, 0.46101364522417154, 0.2644574398960364, 0.08576998050682261, 0.03281351526965562], [0.028953229398663696, 0.1946205242419051, 0.46959054308720233, 0.22871338016104162, 0.06304608531780025, 0.015076237793387013], [0.022598870056497175, 0.24858757062146894, 0.6016949152542372, 0.1271186440677966, 0.0, 0.0], [0.015789473684210527, 0.15494223363286264, 0.5065468549422336, 0.25494223363286267, 0.05699614890885751, 0.010783055198973043], [0.015901060070671377, 0.21411219081272084, 0.5931978798586572, 0.15569787985865724, 0.01965547703180212, 0.001435512367491166], [0.03189873417721519, 0.24430379746835443, 0.49873417721518987, 0.17974683544303796, 0.04126582278481013, 0.004050632911392405], [0.010975094976783452, 0.1574504010130857, 0.4795272266779232, 0.24757281553398058, 0.07978049810046434, 0.02469396369776277], [0.10505836575875487, 0.377431906614786, 0.3922178988326848, 0.09883268482490272, 0.023346303501945526, 0.0031128404669260703], [0.12655086848635236, 0.369727047146402, 0.39950372208436724, 0.08933002481389578, 0.004962779156327543, 0.009925558312655087], [0.0599354541263255, 0.31996311664361454, 0.4681881051175657, 0.11502996772706316, 0.0318118948824343, 0.005071461502996773], [0.02773988176443838, 0.20145520691223284, 0.4756707594361073, 0.20100045475216008, 0.06684856753069578, 0.027285129604365622], [0.023578811369509043, 0.21705426356589147, 0.5032299741602068, 0.19928940568475453, 0.04941860465116279, 0.007428940568475452], [0.035360149672591205, 0.295977549111319, 0.4984097287184284, 0.13507951356407857, 0.031992516370439664, 0.0031805425631431243], [0.021863117870722433, 0.24477186311787072, 0.5133079847908745, 0.16302281368821292, 0.043726235741444866, 0.013307984790874524], [0.014406184118060435, 0.13352073085031624, 0.4680252986647927, 0.2596626844694308, 0.10260014054813774, 0.02178496134926212], [0.01755460298020004, 0.24086548275158196, 0.48928352725045926, 0.182282098387426, 0.05572565829761176, 0.014288630332720964], [0.015749148694665153, 0.2243189557321226, 0.5400113507377979, 0.17508513053348468, 0.03887627695800227, 0.005959137343927355], [0.014283341637601728, 0.19000166085367878, 0.5791396777943864, 0.17953828267729613, 0.03288490284005979, 0.004152134196977246], [0.34579439252336447, 0.29906542056074764, 0.2616822429906542, 0.07476635514018691, 0.018691588785046728, 0.0]]}}}, "eu": {"histType": {"histogram": {"labels": ["0", "100", "200", "300", "400", "500", "600", "700", "800", "900", "1000", "1100", "1200", "1300", "1400", "1500", "1600", "1700", "1800", "1900", "2000", "2100", "2200", "2300", "2400", "2500", "2600", "2700", "2800", "2900", "3000", "3100"], "data": [[0.0, 0.0, 0.0, 0.0, 0.0, 0.011363636363636364, 0.03409090909090909, 0.03409090909090909, 0.09090909090909091, 0.07954545454545454, 0.09090909090909091, 0.07954545454545454, 0.11363636363636363, 0.09090909090909091, 0.07954545454545454, 0.09090909090909091, 0.06818181818181818, 0.056818181818181816, 0.03409090909090909, 0.0, 0.0, 0.03409090909090909, 0.011363636363636364, 0.0, 0.0, 0.0, 0.0, 0.0, 0.0, 0.0, 0.0, 0.0], [0.0, 0.0, 0.0008703220191470844, 0.0008703220191470844, 0.0008703220191470844, 0.004351610095735422, 0.007832898172323759, 0.008703220191470844, 0.02959094865100087, 0.033942558746736295, 0.050478677110530897, 0.08616187989556136, 0.10008703220191471, 0.12706701479547433, 0.1409921671018277, 0.12184508268059181, 0.11401218450826806, 0.053959965187119235, 0.06179286335944299, 0.022628372497824196, 0.008703220191470844, 0.017406440382941687, 0.0026109660574412533, 0.004351610095735422, 0.0008703220191470844, 0.0, 0.0, 0.0, 0.0, 0.0, 0.0, 0.0], [0.0, 0.0, 0.0, 0.0002754062241806665, 0.0002754062241806665, 0.0008262186725419994, 0.0008262186725419994, 0.002754062241806665, 0.007435968052877995, 0.01019003029468466, 0.018452217020104654, 0.029468465987331313, 0.039658496282015974, 0.059763150647204624, 0.08785458551363261, 0.09171027265216194, 0.14568989259157256, 0.09721839713577526, 0.1748829523547232, 0.06389424400991463, 0.04626824566235197, 0.05728449462957863, 0.025612778848801983, 0.010740842743045993, 0.019278435692646655, 0.005232718259432663, 0.0024786560176259984, 0.0019278435692646654, 0.0, 0.0, 0.0, 0.0], [0.0, 0.000189000189000189, 0.0, 0.000189000189000189, 0.000189000189000189, 0.000378000378000378, 0.001323001323001323, 0.004914004914004914, 0.008127008127008128, 0.015687015687015686, 0.030807030807030806, 0.04762804762804763, 0.06596106596106596, 0.08883008883008883, 0.11888111888111888, 0.13003213003213004, 0.15516915516915517, 0.10149310149310149, 0.11907011907011907, 0.0481950481950482, 0.0223020223020223, 0.02249102249102249, 0.008127008127008128, 0.00378000378000378, 0.003402003402003402, 0.00189000189000189, 0.000945000945000945, 0.0, 0.0, 0.0, 0.0, 0.0], [0.0, 0.0, 0.0, 0.0, 0.0, 0.0, 0.0425531914893617, 0.06382978723404255, 0.10638297872340426, 0.0425531914893617, 0.10638297872340426, 0.10638297872340426, 0.06382978723404255, 0.0425531914893617, 0.14893617021276595, 0.0851063829787234, 0.06382978723404255, 0.02127659574468085, 0.0, 0.06382978723404255, 0.0, 0.02127659574468085, 0.0, 0.02127659574468085, 0.0, 0.0, 0.0, 0.0, 0.0, 0.0, 0.0, 0.0], [0.0, 0.00017618040873854828, 0.00035236081747709656, 0.00035236081747709656, 0.0007047216349541931, 0.00017618040873854828, 0.00017618040873854828, 0.0029950669485553204, 0.0045806906272022555, 0.009161381254404511, 0.017089499647639183, 0.027660324171952078, 0.05162085976039464, 0.08403805496828752, 0.1124031007751938, 0.12138830162085976, 0.1386539816772375, 0.09971811134601832, 0.12684989429175475, 0.06272022551092318, 0.036645525017618044, 0.049682875264270614, 0.019908386187455954, 0.00828047921071177, 0.014799154334038054, 0.005637773079633545, 0.0029950669485553204, 0.0012332628611698379, 0.0, 0.0, 0.0, 0.0], [0.0, 0.00045998160073597056, 0.00045998160073597056, 0.0013799448022079118, 0.0013799448022079118, 0.003219871205151794, 0.005059797608095676, 0.012879484820607176, 0.028058877644894203, 0.03403863845446182, 0.052897884084636616, 0.07865685372585096, 0.09245630174793008, 0.11085556577736891, 0.10947562097516099, 0.11085556577736891, 0.11131554737810488, 0.062557497700092, 0.06209751609935603, 0.03219871205151794, 0.018859245630174794, 0.025298988040478382, 0.011959521619135235, 0.00919963201471941, 0.011959521619135235, 0.004599816007359705, 0.006439742410303588, 0.0013799448022079118, 0.0, 0.0, 0.0, 0.0], [0.0, 0.0, 0.0, 0.0, 0.0, 0.025, 0.0, 0.0875, 0.0375, 0.1125, 0.0875, 0.1125, 0.0875, 0.0625, 0.1, 0.1375, 0.0875, 0.0375, 0.0125, 0.0125, 0.0, 0.0, 0.0, 0.0, 0.0, 0.0, 0.0, 0.0, 0.0, 0.0, 0.0, 0.0], [0.000549551199853453, 0.00018318373328448433, 0.0007327349331379373, 0.0007327349331379373, 0.0009159186664224216, 0.002015021066129328, 0.005129144531965561, 0.01099102399706906, 0.028576662392379555, 0.04433046345484521, 0.0747389631800696, 0.09507235757464737, 0.12456493863344935, 0.12493130610001832, 0.11375709836966477, 0.0992855834401905, 0.08554680344385418, 0.05367283385235391, 0.0514746290529401, 0.030042132258655433, 0.017585638395310497, 0.017585638395310497, 0.007510533064663858, 0.0045795933321121085, 0.004396409598827624, 0.001099102399706906, 0.0, 0.0, 0.0, 0.0, 0.0, 0.0], [0.0, 0.0006134969325153375, 0.0, 0.0, 0.0, 0.0006134969325153375, 0.001226993865030675, 0.007975460122699387, 0.013496932515337423, 0.023312883435582823, 0.046012269938650305, 0.049079754601226995, 0.07116564417177915, 0.1067484662576687, 0.12269938650306748, 0.12822085889570553, 0.14355828220858896, 0.0785276073619632, 0.10368098159509202, 0.02883435582822086, 0.03067484662576687, 0.025766871165644172, 0.0098159509202454, 0.003067484662576687, 0.003067484662576687, 0.0018404907975460123, 0.0, 0.0, 0.0, 0.0, 0.0, 0.0], [0.000333889816360601, 0.0, 0.0, 0.001335559265442404, 0.001335559265442404, 0.002003338898163606, 0.003005008347245409, 0.012020033388981636, 0.02270450751252087, 0.03939899833055092, 0.064440734557596, 0.08714524207011685, 0.10918196994991652, 0.11819699499165276, 0.132220367278798, 0.10684474123539232, 0.09248747913188647, 0.05843071786310518, 0.060434056761268784, 0.03005008347245409, 0.01969949916527546, 0.02003338898163606, 0.00667779632721202, 0.005342237061769616, 0.004674457429048414, 0.002003338898163606, 0.0, 0.0, 0.0, 0.0, 0.0, 0.0], [0.0, 0.0, 0.0, 0.0, 0.0008312551953449709, 0.0011083402604599613, 0.0019395954558049321, 0.005818786367414797, 0.011360487669714602, 0.024660570795234135, 0.03518980326960377, 0.04876697146023829, 0.07869215849265725, 0.09116098642283181, 0.12164034358548075, 0.11554447215295095, 0.14491548905513993, 0.08839013577168191, 0.10612357993904128, 0.04599612080908839, 0.02715433638126905, 0.02632308118592408, 0.011360487669714602, 0.0033250207813798837, 0.006927126627874758, 0.0013854253255749516, 0.0005541701302299807, 0.0005541701302299807, 0.0, 0.0, 0.0002770850651149903, 0.0], [0.0, 0.0, 0.0002803476310625175, 0.000560695262125035, 0.0002803476310625175, 0.00224278104850014, 0.0030838239416876925, 0.010653209980375666, 0.016260162601626018, 0.025231286795626577, 0.044575273338940284, 0.06756377908606673, 0.09559854219231848, 0.10428931875525652, 0.14914493972525933, 0.12755817213344547, 0.1135407905803196, 0.07345107933837959, 0.0798990748528175, 0.031959629941127, 0.018502943650126155, 0.0159798149705635, 0.008690776562938042, 0.0036445192038127277, 0.003924866834875245, 0.001682085786375105, 0.0014017381553125877, 0.0, 0.0, 0.0, 0.0, 0.0], [0.0, 0.0, 0.0, 0.0003505082369435682, 0.0003505082369435682, 0.0, 0.0007010164738871364, 0.0010515247108307045, 0.004206098843322818, 0.0070101647388713636, 0.013669821240799159, 0.026288117770767613, 0.05152471083070452, 0.07641079565369786, 0.1