{"region": {"us": {"histType": {"histogram": {"labels": ["0", "100", "200", "300", "400", "500", "600", "700", "800", "900", "1000", "1100", "1200", "1300", "1400", "1500", "1600", "1700", "1800", "1900", "2000", "2100", "2200", "2300", "2400", "2500", "2600", "2700", "2800", "2900", "3000", "3100"], "data": [[0.0, 0.0, 0.0, 0.0045662100456621, 0.0, 0.0136986301369863, 0.0182648401826484, 0.0182648401826484, 0.0502283105022831, 0.045662100456621, 0.0684931506849315, 0.091324200913242, 0.0958904109589041, 0.1004566210045662, 0.1278538812785388, 0.1004566210045662, 0.0502283105022831, 0.0593607305936073, 0.0547945205479452, 0.0410958904109589, 0.0273972602739726, 0.0319634703196347, 0.0, 0.0, 0.0, 0.0, 0.0, 0.0, 0.0, 0.0, 0.0, 0.0], [0.0, 0.001081665765278529, 0.0, 0.0005408328826392645, 0.0016224986479177934, 0.0005408328826392645, 0.005949161709031909, 0.011357490535424553, 0.012439156300703082, 0.024337479718766902, 0.04056246619794483, 0.051379123850730124, 0.07733910221741482, 0.07896160086533262, 0.12060573282855598, 0.13466738777717685, 0.15143320713899405, 0.08545159545700379, 0.10221741481882099, 0.03731746890210925, 0.023796646836127637, 0.016224986479177934, 0.006489994591671174, 0.004326663061114116, 0.0037858301784748512, 0.005408328826392645, 0.002163331530557058, 0.0, 0.0, 0.0, 0.0, 0.0], [0.00016139444803098772, 0.0, 0.0, 0.00032278889606197545, 0.00032278889606197545, 0.00016139444803098772, 0.00032278889606197545, 0.0008069722401549387, 0.004841833440929632, 0.0056488056810845705, 0.010490639122014202, 0.014041316978695933, 0.02437056165267915, 0.03841187863137508, 0.06084570690768237, 0.08989670755326017, 0.1396061975468044, 0.11216914138153647, 0.2253066494512589, 0.0776307295029051, 0.05326016785022595, 0.06552614590058102, 0.024531956100710135, 0.014041316978695933, 0.023724983860555198, 0.006778566817301485, 0.003712072304712718, 0.002905100064557779, 0.00016139444803098772, 0.0, 0.0, 0.0], [0.0, 0.0001474708745022858, 0.0, 0.0, 0.0001474708745022858, 0.0001474708745022858, 0.0016221796195251437, 0.00280194661554343, 0.0073735437251142896, 0.013567320454210293, 0.021530747677333727, 0.025217519539890872, 0.04630585459371774, 0.0665093644005309, 0.09836307329302463, 0.12372806370741779, 0.15926854446246866, 0.11355257336676007, 0.15794130659194808, 0.06297006341247603, 0.03907978174310574, 0.034950597257041735, 0.01017549034065772, 0.003981713611561717, 0.006783660227105147, 0.0016221796195251437, 0.0019171213685297154, 0.0002949417490045716, 0.0, 0.0, 0.0, 0.0], [0.0, 0.0, 0.0, 0.0, 0.0, 0.013333333333333334, 0.0, 0.05333333333333334, 0.04, 0.08, 0.05333333333333334, 0.06666666666666667, 0.10666666666666667, 0.14666666666666667, 0.05333333333333334, 0.02666666666666667, 0.08, 0.05333333333333334, 0.04, 0.09333333333333334, 0.02666666666666667, 0.04, 0.013333333333333334, 0.013333333333333334, 0.0, 0.0, 0.0, 0.0, 0.0, 0.0, 0.0, 0.0], [0.0, 0.0, 0.0, 0.0, 0.0, 0.0, 0.0002893937201562726, 0.0021704529011720448, 0.0021704529011720448, 0.008103024164375633, 0.013456807987266676, 0.022138619591954855, 0.03979163652148748, 0.06887570539719289, 0.09810447113297642, 0.1367385327738388, 0.15800897120532484, 0.1051946172768051, 0.14339458833743307, 0.05845753147156707, 0.03675300245984662, 0.04832875126609753, 0.021270438431486037, 0.007668933584141224, 0.015771957748516856, 0.0054984806829691795, 0.0049196932426566345, 0.0027492403414845898, 0.0001446968600781363, 0.0, 0.0, 0.0], [0.0, 0.0, 0.0006781959986436081, 0.00169548999660902, 0.00169548999660902, 0.0027127839945744322, 0.004069175991861648, 0.010851135978297729, 0.02102407595795185, 0.031197015937605967, 0.044760935910478125, 0.05357748389284503, 0.07934893184130214, 0.09664292980671414, 0.1275008477449983, 0.1275008477449983, 0.12614445574771108, 0.0756188538487623, 0.07494065785011868, 0.035266191929467616, 0.018989487962021025, 0.02373685995252628, 0.007460155985079688, 0.007460155985079688, 0.01186842997626314, 0.005764665988470668, 0.006103763987792472, 0.0027127839945744322, 0.0006781959986436081, 0.0, 0.0, 0.0], [0.0, 0.0, 0.004524886877828055, 0.013574660633484163, 0.004524886877828055, 0.00904977375565611, 0.013574660633484163, 0.058823529411764705, 0.07692307692307693, 0.1085972850678733, 0.09954751131221719, 0.09954751131221719, 0.1085972850678733, 0.09049773755656108, 0.08144796380090498, 0.05429864253393665, 0.04524886877828054, 0.03167420814479638, 0.027149321266968326, 0.03619909502262444, 0.03619909502262444, 0.0, 0.0, 0.0, 0.0, 0.0, 0.0, 0.0, 0.0, 0.0, 0.0, 0.0], [0.00038689708537529015, 0.00038689708537529015, 0.0006448284756254836, 0.0006448284756254836, 0.0010317255610007739, 0.002321382512251741, 0.002321382512251741, 0.006448284756254836, 0.013154500902759866, 0.028501418622646376, 0.04604075315965953, 0.06770698994067578, 0.0864070157338148, 0.10355945318545266, 0.13167397472272377, 0.12664431261284498, 0.1063966984782048, 0.06641733298942482, 0.07750838277018313, 0.039979365488779985, 0.0275986587567707, 0.02321382512251741, 0.014315192158885737, 0.007995873097755997, 0.011348981171008512, 0.004771730719628579, 0.0025793139025019345, 0.0, 0.0, 0.0, 0.0, 0.0], [0.0, 0.0, 0.0007648183556405354, 0.0, 0.0019120458891013384, 0.001147227533460803, 0.00497131931166348, 0.004206500956022944, 0.014149139579349905, 0.01988527724665392, 0.034034416826003826, 0.04091778202676864, 0.06577437858508604, 0.08374760994263862, 0.10783938814531549, 0.12466539196940726, 0.15258126195028682, 0.09177820267686425, 0.12581261950286807, 0.04703632887189293, 0.025239005736137667, 0.025239005736137667, 0.008795411089866157, 0.0057361376673040155, 0.00650095602294455, 0.0057361376673040155, 0.0015296367112810707, 0.0, 0.0, 0.0, 0.0, 0.0], [0.0002113718030014796, 0.0, 0.0008454872120059184, 0.0006341154090044388, 0.001056859015007398, 0.0025364616360177552, 0.0050729232720355105, 0.009723102938068062, 0.017332487846121326, 0.029803424223208624, 0.061931938279433524, 0.07059818220249418, 0.0984992601986895, 0.10188120904671318, 0.14140773620798985, 0.12978228704290848, 0.11075882477277531, 0.06827309236947791, 0.06658211794546608, 0.03529909110124709, 0.016275628831113928, 0.01585288522511097, 0.0057070386810399495, 0.004016064257028112, 0.0033819488480236735, 0.0023250898330162756, 0.0002113718030014796, 0.0, 0.0, 0.0, 0.0, 0.0], [0.0, 0.0, 0.0, 0.0, 0.00019462826002335538, 0.000973141300116777, 0.0029194239003503307, 0.003892565200467108, 0.007785130400934216, 0.011677695601401323, 0.030167380303620085, 0.04281821720513818, 0.06091864538731024, 0.07298559750875827, 0.11775009731413001, 0.11424678863370961, 0.1518100428182172, 0.09809264305177112, 0.13643441027637213, 0.05216037368625925, 0.030945893343713508, 0.030751265083690152, 0.012066952121448035, 0.006811989100817439, 0.009342156481121059, 0.003114052160373686, 0.0021409108602569093, 0.0, 0.0, 0.0, 0.0, 0.0], [0.0002969121140142518, 0.0, 0.0, 0.0002969121140142518, 0.0001484560570071259, 0.0007422802850356294, 0.0019299287410926365, 0.0031175771971496437, 0.006532066508313539, 0.018260095011876483, 0.030581947743467935, 0.03845011876484561, 0.05418646080760095, 0.0757125890736342, 0.11163895486935867, 0.12975059382422802, 0.15157363420427553, 0.09783254156769597, 0.12425771971496437, 0.05685866983372922, 0.03147268408551069, 0.030136579572446556, 0.011134204275534442, 0.006532066508313539, 0.009352731591448931, 0.0034144893111638956, 0.0029691211401425177, 0.0019299287410926365, 0.0008907363420427554, 0.0, 0.0, 0.0], [0.0, 0.0, 0.0002789400278940028, 0.0, 0.0005578800557880056, 0.0002789400278940028, 0.0005578800557880056, 0.0011157601115760112, 0.0041841004184100415, 0.004741980474198048, 0.014504881450488146, 0.02092050209205021, 0.040725244072524404, 0.056624825662482565, 0.08702928870292886, 0.1196652719665272, 0.16541143654114365, 0.12357043235704324, 0.1497907949790795, 0.07447698744769875, 0.04825662482566248, 0.040446304044630406, 0.017573221757322177, 0.009483960948396096, 0.011436541143654114, 0.003905160390516039, 0.0030683403068340305, 0.001394700139470014, 0.0, 0.0, 0.0, 0.0], [0.0, 0.0, 0.0, 0.0005443658138268917, 0.0010887316276537834, 0.002177463255307567, 0.0005443658138268917, 0.0065323897659227, 0.010887316276537834, 0.014153511159499184, 0.02286336418072945, 0.04246053347849755, 0.05443658138268917, 0.0724006532389766, 0.09961894393032118, 0.11976047904191617, 0.12901469787697334, 0.10125204137180185, 0.11322808927599347, 0.05443658138268917, 0.04409363091997823, 0.03973870440936309, 0.024496461622210124, 0.007621121393576484, 0.016875340228633642, 0.00979858464888405, 0.0065323897659227, 0.004354926510615134, 0.0010887316276537834, 0.0, 0.0, 0.0], [0.00026295030239284776, 0.0, 0.0005259006047856955, 0.00026295030239284776, 0.0007888509071785432, 0.0013147515119642387, 0.002892453326321325, 0.004207204838285564, 0.00815145937417828, 0.014199316329213778, 0.025506179332106232, 0.045753352616355505, 0.0709965816460689, 0.09176965553510387, 0.11727583486721009, 0.13515645542992374, 0.13673415724428084, 0.08966605311596108, 0.10702077307388903, 0.048908756245069684, 0.027346831448856166, 0.03181698658953458, 0.014199316329213778, 0.00578490665264265, 0.010780962398106757, 0.0034183539311070208, 0.0036813042334998686, 0.0015777018143570865, 0.0, 0.0, 0.0, 0.0], [0.0, 0.0, 0.0002033760423022168, 0.0004067520846044336, 0.0006101281269066504, 0.0006101281269066504, 0.0014236322961155175, 0.004067520846044336, 0.006304657311368721, 0.014846451088061827, 0.02847264592231035, 0.034573927191376856, 0.06263982102908278, 0.07443563148261134, 0.1090095586739882, 0.12995729103111653, 0.15456579214968477, 0.0943664836282286, 0.14338010982306285, 0.04738661785641651, 0.027049013626194836, 0.029489526133821435, 0.013626194834248526, 0.005897905226764287, 0.008745169818995322, 0.003050640634533252, 0.0018303843807199512, 0.003050640634533252, 0.0, 0.0, 0.0, 0.0], [0.0, 0.0, 0.0, 0.03278688524590164, 0.0, 0.01639344262295082, 0.0, 0.0, 0.01639344262295082, 0.08196721311475409, 0.03278688524590164, 0.09836065573770492, 0.08196721311475409, 0.06557377049180328, 0.08196721311475409, 0.09836065573770492, 0.14754098360655737, 0.01639344262295082, 0.08196721311475409, 0.04918032786885246, 0.0, 0.04918032786885246, 0.03278688524590164, 0.01639344262295082, 0.0, 0.0, 0.0, 0.0, 0.0, 0.0, 0.0, 0.0], [0.0001365747063643813, 0.0, 0.0, 0.0001365747063643813, 0.0001365747063643813, 0.0002731494127287626, 0.0005462988254575252, 0.001229172357279432, 0.0031412182463807703, 0.0076481835564053535, 0.015159792406446326, 0.020622780661021578, 0.04001638896476373, 0.0599562960939634, 0.10420650095602295, 0.14722753346080306, 0.16716744059000274, 0.11895656924337612, 0.12127833925157061, 0.06541928434853865, 0.041791860147500685, 0.04425020486205954, 0.017208413001912046, 0.007784758262769735, 0.009969953564599836, 0.004643540016388965, 0.0010925976509150504, 0.0, 0.0, 0.0, 0.0, 0.0], [0.0, 0.0, 0.0, 0.00018556318426424197, 0.0, 0.00037112636852848393, 0.0014845054741139357, 0.0007422527370569679, 0.0027834477639636294, 0.004267953238077565, 0.010948227871590277, 0.014659491556875116, 0.02338096121729449, 0.036555947300055666, 0.06346260901837075, 0.09686398218593431, 0.13601781406568936, 0.11987381703470032, 0.18574874744850622, 0.08925589163110038, 0.06476155130822045, 0.07088513638894044, 0.02542215624420115, 0.014659491556875116, 0.01985526071627389, 0.009278159213212098, 0.005010205975134533, 0.0033401373167563555, 0.00018556318426424197, 0.0, 0.0, 0.0], [0.00023618327822390176, 0.00011809163911195088, 0.0, 0.00023618327822390176, 0.00023618327822390176, 0.000944733112895607, 0.0008266414737836561, 0.0025980160604629193, 0.004251299008030231, 0.008620689655172414, 0.017005196032120924, 0.023618327822390175, 0.02834199338686821, 0.045701464336324986, 0.06920170051960321, 0.10085025980160604, 0.1471421823334908, 0.1278932451582428, 0.17028814359943317, 0.08561643835616438, 0.049362305148795464, 0.058809636277751536, 0.023264052905054323, 0.012517713745866793, 0.015351913084553614, 0.005077940481813888, 0.001889466225791214, 0.0, 0.0, 0.0, 0.0, 0.0], [0.0, 0.0, 0.0, 0.0, 0.00205761316872428, 0.0, 0.0, 0.006172839506172839, 0.006172839506172839, 0.006172839506172839, 0.01440329218106996, 0.030864197530864196, 0.051440329218107, 0.09670781893004116, 0.10905349794238683, 0.16049382716049382, 0.18930041152263374, 0.13580246913580246, 0.11728395061728394, 0.03909465020576132, 0.02263374485596708, 0.012345679012345678, 0.0, 0.0, 0.0, 0.0, 0.0, 0.0, 0.0, 0.0, 0.0, 0.0], [0.0, 0.0, 0.0, 0.00020230629172567267, 0.00020230629172567267, 0.00020230629172567267, 0.0005057657293141817, 0.000910378312765527, 0.0026299817924337445, 0.006777260772810034, 0.010621080315597815, 0.019927169734978756, 0.034392069593364355, 0.04248432126239126, 0.06969451749949424, 0.09043091240137568, 0.1417155573538337, 0.11399959538741655, 0.20776856160226584, 0.08193404814889743, 0.050677726077281, 0.07303257131296784, 0.021141007485332795, 0.006979567064535707, 0.013554521545620068, 0.005361116730730326, 0.0020230629172567267, 0.0026299817924337445, 0.00020230629172567267, 0.0, 0.0, 0.0], [0.00019565642731363725, 0.0, 0.00019565642731363725, 0.00019565642731363725, 0.0008804539229113677, 0.0006847974955977304, 0.0004891410682840931, 0.001271766777538642, 0.0016630796321659167, 0.007532772451575034, 0.012522011348072784, 0.027978869105850127, 0.05341420465662297, 0.0756212091567208, 0.1171003717472119, 0.16249266288397574, 0.1954607708863236, 0.11729602817452553, 0.12482880062610056, 0.04460966542750929, 0.025044022696145567, 0.01858736059479554, 0.005674036392095481, 0.0024457053414204655, 0.0018587360594795538, 0.0017609078458227353, 0.00019565642731363725, 0.0, 0.0, 0.0, 0.0, 0.0], [0.0, 0.00014903129657228018, 0.0, 0.00014903129657228018, 0.00029806259314456036, 0.0008941877794336811, 0.0011922503725782414, 0.002533532041728763, 0.004918032786885246, 0.00804769001490313, 0.01624441132637854, 0.028166915052160953, 0.04575260804769001, 0.05946348733233979, 0.10611028315946348, 0.1503725782414307, 0.15961251862891207, 0.10879284649776454, 0.13636363636363635, 0.06825633383010432, 0.035916542473919524, 0.034575260804769005, 0.015499254843517139, 0.00849478390461997, 0.005663189269746647, 0.0019374068554396423, 0.0005961251862891207, 0.0, 0.0, 0.0, 0.0, 0.0], [0.0, 0.0, 0.0, 0.0, 0.0003348401138456387, 0.0, 0.0008371002846140967, 0.0008371002846140967, 0.0025113008538422904, 0.0045203415369161224, 0.012723924326134272, 0.01808136614766449, 0.03264691109994977, 0.055918299012221666, 0.10045203415369161, 0.12623472291980578, 0.155700652938222, 0.09676879290138958, 0.17110329817512138, 0.06412188180143981, 0.04085049388916792, 0.05005859701992299, 0.024108488196885988, 0.011217143813828897, 0.016407165578436297, 0.0065293822199899544, 0.005357441821530219, 0.002343880796919471, 0.0003348401138456387, 0.0, 0.0, 0.0], [0.0004868549172346641, 0.0009737098344693282, 0.0004868549172346641, 0.0004868549172346641, 0.0014605647517039922, 0.004381694255111977, 0.004868549172346641, 0.007789678675754625, 0.020934761441090556, 0.034079844206426485, 0.049172346640701074, 0.06767283349561831, 0.0759493670886076, 0.09785783836416748, 0.13096397273612465, 0.11148977604673807, 0.11489776046738072, 0.07400194741966894, 0.10516066212268745, 0.02969814995131451, 0.019474196689386564, 0.024829600778967866, 0.006815968841285297, 0.007302823758519961, 0.006815968841285297, 0.0019474196689386564, 0.0, 0.0, 0.0, 0.0, 0.0, 0.0], [0.0, 0.0, 0.0, 0.002544529262086514, 0.0016963528413910093, 0.002544529262086514, 0.004240882103477523, 0.01102629346904156, 0.016115351993214587, 0.018659881255301103, 0.031382527565733676, 0.04410517387616624, 0.05089058524173028, 0.06022052586938083, 0.10432569974554708, 0.12383375742154368, 0.1433418150975403, 0.10941475826972011, 0.13570822731128074, 0.05343511450381679, 0.024597116200169637, 0.02374893977947413, 0.016115351993214587, 0.008481764206955046, 0.006785411365564037, 0.002544529262086514, 0.004240882103477523, 0.0, 0.0, 0.0, 0.0, 0.0], [0.00034129692832764505, 0.0, 0.0, 0.0, 0.0006825938566552901, 0.0010238907849829352, 0.0034129692832764505, 0.006313993174061433, 0.009215017064846417, 0.01808873720136519, 0.03617747440273038, 0.05426621160409556, 0.07627986348122867, 0.10324232081911262, 0.1378839590443686, 0.14197952218430035, 0.13122866894197951, 0.08310580204778158, 0.09300341296928327, 0.032935153583617746, 0.02218430034129693, 0.024744027303754267, 0.009215017064846417, 0.0061433447098976105, 0.005460750853242321, 0.0020477815699658703, 0.0005119453924914676, 0.0005119453924914676, 0.0, 0.0, 0.0, 0.0], [0.0, 0.0, 0.0, 0.0006086427267194157, 0.00030432136335970786, 0.00030432136335970786, 0.002434570906877663, 0.002434570906877663, 0.004869141813755326, 0.01125989044430919, 0.019476567255021303, 0.029214850882531954, 0.04230066950699939, 0.05903834449178332, 0.09433962264150944, 0.1199026171637249, 0.13816189896530737, 0.10559951308581862, 0.13755325623858794, 0.06360316494217894, 0.0465611685940353, 0.04716981132075472, 0.02008520998174072, 0.010955569080949483, 0.022215459525258673, 0.01125989044430919, 0.006390748630553865, 0.002434570906877663, 0.0015216068167985392, 0.0, 0.0, 0.0], [0.0, 0.0, 0.0, 0.0, 0.00024113817217265494, 0.0, 0.0014468290330359296, 0.0014468290330359296, 0.004581625271280444, 0.01278032312515071, 0.018808777429467086, 0.029659995177236557, 0.04967446346756692, 0.075476247890041, 0.10899445382204002, 0.13238485652278756, 0.1545695683626718, 0.09959006510730649, 0.14323607427055704, 0.05859657583795515, 0.03472389679286231, 0.03737641668676151, 0.014950566674704605, 0.005546177959971064, 0.0057873161321437185, 0.006028454304316373, 0.003134796238244514, 0.0009645526886906198, 0.0, 0.0, 0.0, 0.0], [0.0002970444081390168, 0.0001485222040695084, 0.0001485222040695084, 0.0001485222040695084, 0.0004455666122085252, 0.001188177632556067, 0.0016337442447645924, 0.003416010693598693, 0.005940888162780335, 0.010248032080796079, 0.027031041140650528, 0.039209861874350216, 0.06757760285162631, 0.09282637754344275, 0.1342640724788356, 0.14659141541660478, 0.15178969255903757, 0.10203475419575227, 0.09891578791029258, 0.0478241497103817, 0.02613990791623348, 0.021832763998217732, 0.010545076488935096, 0.0037130551017377097, 0.0037130551017377097, 0.0020793108569731175, 0.0002970444081390168, 0.0, 0.0, 0.0, 0.0, 0.0], [0.0, 0.0, 0.0, 0.0005512679162072767, 0.0005512679162072767, 0.0011025358324145535, 0.0011025358324145535, 0.0033076074972436605, 0.005237045203969129, 0.007166482910694598, 0.019294377067254686, 0.031422271223814774, 0.05374862183020948, 0.07497243660418963, 0.11549062844542447, 0.1427783902976847, 0.1595920617420066, 0.11025358324145534, 0.11190738699007717, 0.054575523704520394, 0.038313120176405736, 0.029492833517089305, 0.015711135611907387, 0.006063947078280044, 0.011025358324145534, 0.0033076074972436605, 0.003031973539140022, 0.0, 0.0, 0.0, 0.0, 0.0], [0.0, 0.0, 0.0, 0.0, 0.0, 0.0005747126436781609, 0.0011494252873563218, 0.0028735632183908046, 0.004885057471264368, 0.00603448275862069, 0.01293103448275862, 0.020977011494252875, 0.0339080459770115, 0.048563218390804595, 0.09022988505747126, 0.11666666666666667, 0.15, 0.10402298850574712, 0.16235632183908047, 0.07528735632183908, 0.045402298850574715, 0.058333333333333334, 0.021551724137931036, 0.016379310344827588, 0.016091954022988506, 0.008333333333333333, 0.002586206896551724, 0.0008620689655172414, 0.0, 0.0, 0.0, 0.0], [0.0, 0.0, 0.0003285690816494168, 0.0, 0.0001642845408247084, 0.0004928536224741252, 0.0004928536224741252, 0.002135699030721209, 0.002957121734844751, 0.006735666173813044, 0.014457039592574338, 0.030064070970921637, 0.05240676852308198, 0.08739937571874487, 0.12584195827172662, 0.1251848201084278, 0.14440611138491868, 0.09676359454575324, 0.1291276490882208, 0.05421389847215377, 0.03614259898143585, 0.03532117627731231, 0.0215212748480368, 0.007557088877936586, 0.013964185970100214, 0.005421389847215377, 0.004599967143091835, 0.002135699030721209, 0.0001642845408247084, 0.0, 0.0, 0.0], [0.0, 0.0, 0.00010569707219110031, 0.0, 0.00010569707219110031, 0.00021139414438220062, 0.00042278828876440123, 0.001374061938484304, 0.002431032660395307, 0.006553218475848219, 0.01363492231265194, 0.024521720748335273, 0.043230102526160025, 0.06426381989218899, 0.09290772645597717, 0.11563259697706374, 0.15294366346052216, 0.11055913751189092, 0.1750343515484621, 0.06701194376915759, 0.03815664306098721, 0.05052320050734595, 0.015537469612091745, 0.007293097981185921, 0.01067540429130113, 0.003065215093541909, 0.0021139414438220063, 0.001691153155057605, 0.0, 0.0, 0.0, 0.0], [0.0, 0.0, 0.0, 0.0, 0.0, 0.00012851818532322323, 0.0006425909266161162, 0.0005140727412928929, 0.0025703637064644646, 0.005911836524868269, 0.00912479115794885, 0.02146253694897828, 0.036242128261148955, 0.06284539262305616, 0.10294306644390182, 0.1471533221950906, 0.181339159491068, 0.1188793214239815, 0.17170029559182623, 0.05564837424495566, 0.028402518956432334, 0.034442873666623824, 0.009381827528595297, 0.003212954633080581, 0.003341472818403804, 0.0023133273358180184, 0.0017992545945251252, 0.0, 0.0, 0.0, 0.0, 0.0], [0.0, 0.0053475935828877, 0.0, 0.0053475935828877, 0.0053475935828877, 0.016042780748663103, 0.0374331550802139, 0.026737967914438502, 0.08021390374331551, 0.053475935828877004, 0.053475935828877004, 0.058823529411764705, 0.0855614973262032, 0.11764705882352941, 0.08021390374331551, 0.11229946524064172, 0.0855614973262032, 0.058823529411764705, 0.0427807486631016, 0.026737967914438502, 0.0053475935828877, 0.0213903743315508, 0.0106951871657754, 0.0106951871657754, 0.0, 0.0, 0.0, 0.0, 0.0, 0.0, 0.0, 0.0]]}, "ranks": {"labels": ["Unranked", "Combatatent I", "Combatatent II", "Challenger I", "Challenger II", "Rival I", "Rival II", "Duelist", "Elite"], "data": [[0.1506849315068493, 0.1598173515981735, 0.1963470319634703, 0.228310502283105, 0.1095890410958904, 0.091324200913242, 0.0319634703196347, 0.0319634703196347, 0.0], [0.0578691184424013, 0.09194159004867496, 0.15630070308274743, 0.2552731206057328, 0.23688480259599784, 0.12601406165494863, 0.03731746890210925, 0.02704164413196322, 0.011357490535424553], [0.012588766946417043, 0.024531956100710135, 0.06278244028405423, 0.15074241446094255, 0.25177533892834086, 0.2683989670755326, 0.08779857972885732, 0.10409941897998709, 0.03728211749515817], [0.025807403037900016, 0.046748267217224596, 0.11281521899424864, 0.22209113700044242, 0.27282111782922874, 0.19274443297448754, 0.06724671877304232, 0.04910780120926117, 0.010617902964164578], [0.18666666666666668, 0.12, 0.25333333333333335, 0.08, 0.13333333333333333, 0.12, 0.04, 0.06666666666666667, 0.0], [0.012733323686875995, 0.03559542757922153, 0.10866734191868037, 0.23484300390681523, 0.26320358848212994, 0.17363623209376355, 0.0649688901750832, 0.07726812328172479, 0.029084068875705398], [0.07392336385215327, 0.09833841980332315, 0.17599186164801628, 0.2550016954899966, 0.20176330959647337, 0.09494743981010512, 0.0342488979315022, 0.038657171922685654, 0.02712783994574432], [0.2895927601809955, 0.19909502262443438, 0.19909502262443438, 0.13574660633484162, 0.07692307692307693, 0.04524886877828054, 0.05429864253393665, 0.0, 0.0], [0.05584214598916688, 0.11374774310033531, 0.18996646891926747, 0.2583182873355687, 0.1728140314676296, 0.10098013928295073, 0.04410626773278308, 0.04552489037915915, 0.018700025793139025], [0.04703632887189293, 0.07495219885277246, 0.14952198852772466, 0.23250478011472275, 0.24435946462715105, 0.15334608030592733, 0.04474187380497132, 0.03977055449330784, 0.013766730401529637], [0.06721623335447051, 0.13253012048192772, 0.20038046924540268, 0.2711900232508983, 0.17903191714225322, 0.08412597759458888, 0.034030860283238214, 0.02557598816317903, 0.005918410484041429], [0.02744258466329311, 0.07298559750875827, 0.1339042428960685, 0.23199688594783963, 0.24990268586998832, 0.16329311015959516, 0.05624756714674971, 0.049630206305955625, 0.014597119501751655], [0.03132422802850356, 0.06903206650831353, 0.12989904988123516, 0.2413895486935867, 0.2494061757719715, 0.15558194774346792, 0.057007125890736345, 0.047802850356294536, 0.018557007125890736], [0.011715481171548118, 0.03542538354253835, 0.09735006973500697, 0.20669456066945607, 0.2889818688981869, 0.19218967921896793, 0.0803347280334728, 0.06750348675034867, 0.0198047419804742], [0.03592814371257485, 0.065323897659227, 0.12683723462166577, 0.21937942297223734, 0.23026673924877517, 0.1431682090364725, 0.06859009254218836, 0.0718562874251497, 0.038649972781709306], [0.03260583749671312, 0.07125953194846174, 0.16276623718117275, 0.2524322902971338, 0.2264002103602419, 0.1327899027083881, 0.05048645805942677, 0.051801209571391005, 0.019458322377070732], [0.02847264592231035, 0.06304657311368721, 0.13707545251169412, 0.23896684970510473, 0.24893227577791335, 0.17042912344925767, 0.04738661785641651, 0.04901362619483425, 0.016676835468781778], [0.14754098360655737, 0.13114754098360656, 0.14754098360655737, 0.18032786885245902, 0.16393442622950818, 0.09836065573770492, 0.03278688524590164, 0.09836065573770492, 0.0], [0.013247746517344988, 0.035782573067467904, 0.09997268505872713, 0.251434034416826, 0.2861240098333789, 0.15733406173176728, 0.07115542201584267, 0.06924337612674132, 0.015706091231903852], [0.009834848766004824, 0.025607719428465393, 0.05993690851735016, 0.16032659120430506, 0.2558916311003897, 0.2330673594358879, 0.10669883095193913, 0.1109667841900167, 0.03766932640564112], [0.018068020784128485, 0.0406235238545111, 0.07404345772319319, 0.17005196032120926, 0.2750354274917336, 0.2158715162966462, 0.08939537080774682, 0.09459140292867264, 0.022319319792158714], [0.0205761316872428, 0.04526748971193416, 0.14814814814814814, 0.26954732510288065, 0.32510288065843623, 0.1440329218106996, 0.03497942386831276, 0.012345679012345678, 0.0], [0.011430305482500507, 0.030548250050576573, 0.07687639085575561, 0.16012542990086992, 0.25571515274125023, 0.2503540360105199, 0.09002629981792434, 0.10115314586283633, 0.023770989277766538], [0.013108980630013697, 0.04050088045392291, 0.12903541381334377, 0.2795930346311876, 0.31275679906084913, 0.14938368225396204, 0.045098806495793384, 0.026707102328311486, 0.0038153003326159263], [0.01818181818181818, 0.04441132637853949, 0.10521609538002981, 0.2564828614008942, 0.2684053651266766, 0.17332339791356186, 0.06721311475409836, 0.05856929955290611, 0.00819672131147541], [0.009040683073832245, 0.03080529047379876, 0.08856521011217144, 0.2266867570734974, 0.25246944583961156, 0.20609409007199062, 0.06998158379373849, 0.08538422903063787, 0.030972710530721582], [0.0759493670886076, 0.11684518013631938, 0.17380720545277506, 0.24245374878286272, 0.18889970788704966, 0.12025316455696203, 0.034079844206426485, 0.03894839337877313, 0.008763388510223954], [0.056827820186598814, 0.07548770144189991, 0.1111111111111111, 0.22815945716709077, 0.2527565733672604, 0.16539440203562342, 0.04834605597964377, 0.04834605597964377, 0.013570822731128074], [0.03907849829351536, 0.09044368600682594, 0.1795221843003413, 0.27986348122866894, 0.2143344709897611, 0.11194539249146758, 0.03617747440273038, 0.04010238907849829, 0.008532423208191127], [0.022215459525258673, 0.048691418137553254, 0.10133901399878271, 0.21424223980523432, 0.24376141205112598, 0.16737674984783932, 0.08034083992696288, 0.07821059038344491, 0.04382227632379793], [0.02049674463467567, 0.04846877260670364, 0.1251507113576079, 0.2413793103448276, 0.2541596334699783, 0.1743428984808295, 0.06221364842054497, 0.05787316132143718, 0.015915119363395226], [0.023615030447051835, 0.06624090301500074, 0.16040398039506906, 0.28085548789544035, 0.2538244467547898, 0.12490717362245655, 0.04797267191445121, 0.03609089558889054, 0.006089410366849844], [0.019018743109151047, 0.050716648291069456, 0.12872105843439913, 0.25826901874310915, 0.269845644983462, 0.1408489525909592, 0.0639470782800441, 0.051267916207276734, 0.017364939360529217], [0.015517241379310345, 0.0339080459770115, 0.08247126436781609, 0.20689655172413793, 0.2540229885057471, 0.20488505747126437, 0.07816091954022988, 0.09626436781609195, 0.027873563218390806], [0.01330704780680138, 0.044521110563495975, 0.13980614424182686, 0.2510267783801544, 0.2411697059306719, 0.16017742730409068, 0.059306719237719734, 0.0643995400032857, 0.026285526531953343], [0.011203889652256632, 0.03815664306098721, 0.10749392241834901, 0.2085403234330409, 0.2635028009724131, 0.2095972941549519, 0.070605644223655, 0.0733537681006236, 0.01754571398372265], [0.009767382084564966, 0.03058732810692713, 0.09908752088420511, 0.2500963886389924, 0.3002184809150495, 0.20370132373730884, 0.05204986505590541, 0.047037655828299704, 0.007454054748746948], [0.22994652406417113, 0.11229946524064172, 0.20320855614973263, 0.1925133689839572, 0.1443850267379679, 0.053475935828877004, 0.0213903743315508, 0.0427807486631016, 0.0]]}, "ranksDetailed": {"labels": ["Unranked", "Combatatant", "Challenger", "Rival", "Duelist", "Elite"], "data": [[0.1506849315068493, 0.3561643835616438, 0.3378995433789954, 0.1232876712328767, 0.0319634703196347, 0.0], [0.0578691184424013, 0.2482422931314224, 0.4921579232017307, 0.16333153055705787, 0.02704164413196322, 0.011357490535424553], [0.012588766946417043, 0.08731439638476436, 0.4025177533892834, 0.3561975468043899, 0.10409941897998709, 0.03728211749515817], [0.025807403037900016, 0.15956348621147323, 0.49491225482967116, 0.25999115174752985, 0.04910780120926117, 0.010617902964164578], [0.18666666666666668, 0.37333333333333335, 0.21333333333333335, 0.16, 0.06666666666666667, 0.0], [0.012733323686875995, 0.1442627694979019, 0.49804659238894516, 0.23860512226884675, 0.07726812328172479, 0.029084068875705398], [0.07392336385215327, 0.2743302814513394, 0.45676500508647, 0.12919633774160733, 0.038657171922685654, 0.02712783994574432], [0.2895927601809955, 0.39819004524886875, 0.21266968325791855, 0.09954751131221719, 0.0, 0.0], [0.05584214598916688, 0.3037142120196028, 0.43113231880319836, 0.1450864070157338, 0.04552489037915915, 0.018700025793139025], [0.04703632887189293, 0.22447418738049713, 0.4768642447418738, 0.19808795411089866, 0.03977055449330784, 0.013766730401529637], [0.06721623335447051, 0.3329105897273304, 0.45022194039315155, 0.1181568378778271, 0.02557598816317903, 0.005918410484041429], [0.02744258466329311, 0.20688984040482677, 0.48189957181782794, 0.21954067730634488, 0.049630206305955625, 0.014597119501751655], [0.03132422802850356, 0.1989311163895487, 0.4907957244655582, 0.21258907363420426, 0.047802850356294536, 0.018557007125890736], [0.011715481171548118, 0.13277545327754534, 0.49567642956764296, 0.2725244072524407, 0.06750348675034867, 0.0198047419804742], [0.03592814371257485, 0.19216113228089277, 0.4496461622210125, 0.21175830157866085, 0.0718562874251497, 0.038649972781709306], [0.03260583749671312, 0.2340257691296345, 0.47883250065737576, 0.1832763607678149, 0.051801209571391005, 0.019458322377070732], [0.02847264592231035, 0.20012202562538134, 0.4878991254830181, 0.2178157413056742, 0.04901362619483425, 0.016676835468781778], [0.14754098360655737, 0.2786885245901639, 0.3442622950819672, 0.13114754098360656, 0.09836065573770492, 0.0], [0.013247746517344988, 0.13575525812619502, 0.5375580442502048, 0.22848948374760994, 0.06924337612674132, 0.015706091231903852], [0.009834848766004824, 0.08554462794581555, 0.41621822230469474, 0.33976619038782707, 0.1109667841900167, 0.03766932640564112], [0.018068020784128485, 0.1146669815777043, 0.4450873878129428, 0.30526688710439304, 0.09459140292867264, 0.022319319792158714], [0.0205761316872428, 0.1934156378600823, 0.5946502057613169, 0.17901234567901234, 0.012345679012345678, 0.0], [0.011430305482500507, 0.10742464090633219, 0.41584058264212015, 0.3403803358284443, 0.10115314586283633, 0.023770989277766538], [0.013108980630013697, 0.16953629426726669, 0.5923498336920368, 0.19448248874975543, 0.026707102328311486, 0.0038153003326159263], [0.01818181818181818, 0.1496274217585693, 0.5248882265275708, 0.2405365126676602, 0.05856929955290611, 0.00819672131147541], [0.009040683073832245, 0.1193705005859702, 0.479156202913109, 0.2760756738657291, 0.08538422903063787, 0.030972710530721582], [0.0759493670886076, 0.29065238558909445, 0.43135345666991237, 0.1543330087633885, 0.03894839337877313, 0.008763388510223954], [0.056827820186598814, 0.18659881255301103, 0.48091603053435117, 0.21374045801526717, 0.04834605597964377, 0.013570822731128074], [0.03907849829351536, 0.26996587030716723, 0.49419795221843005, 0.14812286689419796, 0.04010238907849829, 0.008532423208191127], [0.022215459525258673, 0.15003043213633596, 0.4580036518563603, 0.24771758977480218, 0.07821059038344491, 0.04382227632379793], [0.02049674463467567, 0.17361948396431154, 0.4955389438148059, 0.23655654690137448, 0.05787316132143718, 0.015915119363395226], [0.023615030447051835, 0.2266448834100698, 0.5346799346502302, 0.17287984553690777, 0.03609089558889054, 0.006089410366849844], [0.019018743109151047, 0.17943770672546858, 0.5281146637265711, 0.20479603087100332, 0.051267916207276734, 0.017364939360529217], [0.015517241379310345, 0.11637931034482758, 0.46091954022988507, 0.28304597701149425, 0.09626436781609195, 0.027873563218390806], [0.01330704780680138, 0.18432725480532283, 0.49219648431082635, 0.21948414654181042, 0.0643995400032857, 0.026285526531953343], [0.011203889652256632, 0.14565056547933622, 0.472043124405454, 0.28020293837860694, 0.0733537681006236, 0.01754571398372265], [0.009767382084564966, 0.12967484899113224, 0.5503148695540419, 0.25575118879321423, 0.047037655828299704, 0.007454054748746948], [0.22994652406417113, 0.3155080213903743, 0.33689839572192515, 0.0748663101604278, 0.0427807486631016, 0.0]]}}}, "eu": {"histType": {"histogram": {"labels": ["0", "100", "200", "300", "400", "500", "600", "700", "800", "900", "1000", "1100", "1200", "1300", "1400", "1500", "1600", "1700", "1800", "1900", "2000", "2100", "2200", "2300", "2400", "2500", "2600", "2700", "2800", "2900", "3000", "3100"], "data": [[0.0, 0.0, 0.0, 0.0, 0.0, 0.011235955056179775, 0.011235955056179775, 0.02247191011235955, 0.03932584269662921, 0.06179775280898876, 0.07865168539325842, 0.07303370786516854, 0.06179775280898876, 0.10674157303370786, 0.1348314606741573, 0.10112359550561797, 0.10112359550561797, 0.08426966292134831, 0.033707865168539325, 0.02247191011235955, 0.016853932584269662, 0.02247191011235955, 0.016853932584269662, 0.0, 0.0, 0.0, 0.0, 0.0, 0.0, 0.0, 0.0, 0.0], [0.0, 0.0, 0.0005743825387708214, 0.0011487650775416428, 0.0005743825387708214, 0.0034462952326249283, 0.005169442848937392, 0.00861573808156232, 0.02125215393452039, 0.02871912693854107, 0.03848363009764503, 0.0591614014933946, 0.07869040781160253, 0.09190120620333142, 0.13038483630097644, 0.12521539345203905, 0.1424468696151637, 0.07869040781160253, 0.10683515221137277, 0.027570361860999426, 0.015508328546812177, 0.017805858701895463, 0.005743825387708214, 0.002871912693854107, 0.004595060310166571, 0.004595060310166571, 0.0, 0.0, 0.0, 0.0, 0.0, 0.0], [0.0, 0.00017105713308244953, 0.0, 0.00017105713308244953, 0.00017105713308244953, 0.00017105713308244953, 0.00034211426616489907, 0.001881628463906945, 0.0034211426616489907, 0.0049606568593910366, 0.012487170715018816, 0.017789941840574752, 0.02702702702702703, 0.035408826548067054, 0.06346219637358878, 0.08792336640437906, 0.14214847759151555, 0.10998973657201505, 0.21501881628463906, 0.08108108108108109, 0.056962025316455694, 0.06448853917208347, 0.026171741361614778, 0.014539856312008211, 0.01881628463906945, 0.008210742387957578, 0.003250085528566541, 0.00393431406089634, 0.0, 0.0, 0.0, 0.0], [0.0, 0.0, 0.0, 0.00013950892857142856, 0.00013950892857142856, 0.00027901785714285713, 0.0009765625, 0.0030691964285714285, 0.005022321428571429, 0.010044642857142858, 0.020647321428571428, 0.029575892857142856, 0.041294642857142856, 0.055943080357142856, 0.09528459821428571, 0.12779017857142858, 0.16685267857142858, 0.11760602678571429, 0.15904017857142858, 0.06752232142857142, 0.03557477678571429, 0.03669084821428571, 0.011579241071428572, 0.004185267857142857, 0.0068359375, 0.0015345982142857143, 0.0008370535714285714, 0.0012555803571428572, 0.00027901785714285713, 0.0, 0.0, 0.0], [0.0, 0.0, 0.0, 0.0, 0.0, 0.02666666666666667, 0.02666666666666667, 0.06666666666666667, 0.06666666666666667, 0.04, 0.08, 0.08, 0.04, 0.04, 0.09333333333333334, 0.08, 0.04, 0.10666666666666667, 0.06666666666666667, 0.05333333333333334, 0.04, 0.04, 0.0, 0.0, 0.013333333333333334, 0.0, 0.0, 0.0, 0.0, 0.0, 0.0, 0.0], [0.0, 0.00014564520827264782, 0.00014564520827264782, 0.00029129041654529564, 0.0004369356248179435, 0.00014564520827264782, 0.00029129041654529564, 0.0021846781240897175, 0.0030585493737256045, 0.006990969997087096, 0.014273230410719488, 0.021701136032624527, 0.03815904456743373, 0.06204485872414797, 0.09991261287503642, 0.1208855228662977, 0.1501602097290999, 0.10573842120594232, 0.14899504806291872, 0.07078357122050684, 0.03830468977570638, 0.05447130789397029, 0.022720652490533063, 0.008447422079813574, 0.015147101660355374, 0.007573550830177687, 0.0033498397902709002, 0.0029129041654529565, 0.0007282260413632391, 0.0, 0.0, 0.0], [0.0, 0.0006240249609984399, 0.00031201248049921997, 0.0015600624024961, 0.0031201248049922, 0.00218408736349454, 0.00436817472698908, 0.0109204368174727, 0.022464898595943836, 0.029329173166926677, 0.044617784711388456, 0.06302652106084243, 0.07956318252730109, 0.09235569422776911, 0.10764430577223089, 0.12854914196567863, 0.11731669266770671, 0.07581903276131045, 0.07613104524180968, 0.039937597503900156, 0.023088923556942278, 0.0265210608424337, 0.012168486739469579, 0.00748829953198128, 0.012168486739469579, 0.005304212168486739, 0.006552262090483619, 0.0062402496099844, 0.0006240249609984399, 0.0, 0.0, 0.0], [0.0, 0.0, 0.0, 0.0, 0.0, 0.012658227848101266, 0.006329113924050633, 0.056962025316455694, 0.03164556962025317, 0.06329113924050633, 0.0759493670886076, 0.10759493670886076, 0.10126582278481013, 0.05063291139240506, 0.10126582278481013, 0.13924050632911392, 0.08227848101265822, 0.08227848101265822, 0.03164556962025317, 0.04430379746835443, 0.012658227848101266, 0.0, 0.0, 0.0, 0.0, 0.0, 0.0, 0.0, 0.0, 0.0, 0.0, 0.0], [0.0003871966959215281, 0.00012906556530717606, 0.0005162622612287042, 0.0005162622612287042, 0.0006453278265358802, 0.0018069179143004647, 0.003355704697986577, 0.007614868353123387, 0.016778523489932886, 0.028910686628807435, 0.047496128033040784, 0.0656943727413526, 0.09576664945792462, 0.10363964894166236, 0.11809499225606608, 0.11925658234383067, 0.10931853381517811, 0.06956633970056789, 0.0748580278781621, 0.041300980898296334, 0.027232834279814145, 0.023360867320598864, 0.014842540010325245, 0.009679917398038203, 0.010712441920495612, 0.004646360351058337, 0.0036138358286009293, 0.0002581311306143521, 0.0, 0.0, 0.0, 0.0], [0.0, 0.0, 0.00049800796812749, 0.0, 0.00149402390438247, 0.00099601593625498, 0.00049800796812749, 0.0069721115537848604, 0.01195219123505976, 0.01643426294820717, 0.04332669322709164, 0.04332669322709164, 0.06523904382470119, 0.0846613545816733, 0.10806772908366534, 0.11304780876494024, 0.1508964143426295, 0.08715139442231076, 0.12699203187250996, 0.037350597609561755, 0.04183266932270916, 0.030378486055776893, 0.0099601593625498, 0.00846613545816733, 0.006474103585657371, 0.00298804780876494, 0.00099601593625498, 0.0, 0.0, 0.0, 0.0, 0.0], [0.00025588536335721597, 0.0005117707267144319, 0.0007676560900716479, 0.0010235414534288639, 0.00255885363357216, 0.00255885363357216, 0.004350051177072671, 0.011258955987717503, 0.0191914022517912, 0.037103377686796314, 0.05680655066530194, 0.0752302968270215, 0.09595701125895599, 0.1072159672466735, 0.13741044012282497, 0.12947799385875128, 0.10337768679631525, 0.06218014329580348, 0.06397134083930399, 0.03403275332650972, 0.0191914022517912, 0.01586489252814739, 0.006141248720573183, 0.00511770726714432, 0.004605936540429887, 0.00255885363357