{"region": {"us": {"histType": {"histogram": {"labels": ["0", "100", "200", "300", "400", "500", "600", "700", "800", "900", "1000", "1100", "1200", "1300", "1400", "1500", "1600", "1700", "1800", "1900", "2000", "2100", "2200", "2300", "2400", "2500", "2600", "2700", "2800", "2900", "3000", "3100"], "data": [[0.0, 0.0, 0.0, 0.0047169811320754715, 0.0, 0.014150943396226415, 0.018867924528301886, 0.018867924528301886, 0.05188679245283019, 0.04716981132075472, 0.0660377358490566, 0.08490566037735849, 0.10377358490566038, 0.09905660377358491, 0.14622641509433962, 0.08490566037735849, 0.04716981132075472, 0.05660377358490566, 0.06132075471698113, 0.04245283018867924, 0.018867924528301886, 0.0330188679245283, 0.0, 0.0, 0.0, 0.0, 0.0, 0.0, 0.0, 0.0, 0.0, 0.0], [0.0, 0.0011111111111111111, 0.0, 0.0005555555555555556, 0.0016666666666666668, 0.0005555555555555556, 0.006111111111111111, 0.012222222222222223, 0.011666666666666667, 0.025, 0.03888888888888889, 0.052222222222222225, 0.07944444444444444, 0.07944444444444444, 0.12333333333333334, 0.1288888888888889, 0.15555555555555556, 0.07944444444444444, 0.10555555555555556, 0.03611111111111111, 0.026111111111111113, 0.013333333333333334, 0.006666666666666667, 0.0038888888888888888, 0.005555555555555556, 0.005, 0.0016666666666666668, 0.0, 0.0, 0.0, 0.0, 0.0], [0.0001644736842105263, 0.0, 0.0, 0.0003289473684210526, 0.0003289473684210526, 0.0001644736842105263, 0.0003289473684210526, 0.0008223684210526315, 0.004769736842105263, 0.005756578947368421, 0.01069078947368421, 0.014638157894736843, 0.02532894736842105, 0.03881578947368421, 0.0625, 0.09292763157894737, 0.14095394736842104, 0.11101973684210527, 0.2236842105263158, 0.07450657894736842, 0.05180921052631579, 0.06578947368421052, 0.025, 0.013157894736842105, 0.02401315789473684, 0.0059210526315789476, 0.003618421052631579, 0.0027960526315789474, 0.0001644736842105263, 0.0, 0.0, 0.0], [0.0, 0.00015008254539996998, 0.0, 0.0, 0.00015008254539996998, 0.00015008254539996998, 0.0016509079993996699, 0.0028515683625994297, 0.00765420981539847, 0.013807594176797238, 0.0225123818099955, 0.025964280354194808, 0.04787633198259043, 0.06738706288458653, 0.09935464505478013, 0.12591925559057482, 0.1604382410325679, 0.11466306468557706, 0.1535344439441693, 0.059732853069188054, 0.03872129671319226, 0.033168242533393365, 0.009305117814798139, 0.004652558907399069, 0.0066036319975986794, 0.0015008254539997, 0.0019510730901996097, 0.00030016509079993996, 0.0, 0.0, 0.0, 0.0], [0.0, 0.0, 0.0, 0.0, 0.0, 0.013333333333333334, 0.0, 0.05333333333333334, 0.04, 0.08, 0.05333333333333334, 0.06666666666666667, 0.12, 0.13333333333333333, 0.05333333333333334, 0.02666666666666667, 0.08, 0.05333333333333334, 0.06666666666666667, 0.06666666666666667, 0.04, 0.02666666666666667, 0.013333333333333334, 0.013333333333333334, 0.0, 0.0, 0.0, 0.0, 0.0, 0.0, 0.0, 0.0], [0.0, 0.0, 0.0, 0.0, 0.0, 0.0, 0.00029278290147855365, 0.0021958717610891525, 0.0021958717610891525, 0.008197921241399501, 0.013468013468013467, 0.022251500512370077, 0.04069682330551896, 0.06953593910115649, 0.10042453520714391, 0.13658322353974528, 0.1591275069535939, 0.10481627872932221, 0.1402430098082272, 0.058702971746450006, 0.03689064558629776, 0.046259698433611475, 0.02166593470941297, 0.007465963987703118, 0.015956668130581175, 0.005855658029571073, 0.005270092226613966, 0.001756697408871322, 0.00014639145073927682, 0.0, 0.0, 0.0], [0.0, 0.0, 0.0006954102920723226, 0.0013908205841446453, 0.0013908205841446453, 0.003129346314325452, 0.004172461752433936, 0.010778859527121001, 0.02051460361613352, 0.030945757997218357, 0.044853963838664815, 0.055980528511821975, 0.07892906815020863, 0.10083449235048679, 0.12482614742698192, 0.1303894297635605, 0.12100139082058414, 0.07684283727399166, 0.07406119610570236, 0.03442280945757997, 0.01912378303198887, 0.023991655076495134, 0.008344923504867872, 0.005910987482614743, 0.011821974965229486, 0.006606397774687065, 0.005910987482614743, 0.0027816411682892906, 0.0003477051460361613, 0.0, 0.0, 0.0], [0.0, 0.0, 0.004739336492890996, 0.014218009478672985, 0.004739336492890996, 0.014218009478672985, 0.014218009478672985, 0.061611374407582936, 0.07582938388625593, 0.11848341232227488, 0.0995260663507109, 0.10426540284360189, 0.10426540284360189, 0.0947867298578199, 0.061611374407582936, 0.052132701421800945, 0.04739336492890995, 0.03317535545023697, 0.023696682464454975, 0.04265402843601896, 0.02843601895734597, 0.0, 0.0, 0.0, 0.0, 0.0, 0.0, 0.0, 0.0, 0.0, 0.0, 0.0], [0.00039724576271186443, 0.00039724576271186443, 0.0006620762711864406, 0.0006620762711864406, 0.000926906779661017, 0.0026483050847457626, 0.0023834745762711866, 0.0066207627118644065, 0.013241525423728813, 0.029528601694915255, 0.047139830508474576, 0.07004766949152542, 0.0893802966101695, 0.10672669491525423, 0.1338718220338983, 0.1261917372881356, 0.10619703389830508, 0.0625, 0.07296080508474577, 0.03959216101694915, 0.025953389830508475, 0.024099576271186442, 0.01350635593220339, 0.006488347457627119, 0.011520127118644068, 0.0046345338983050845, 0.0017213983050847457, 0.0, 0.0, 0.0, 0.0, 0.0], [0.0, 0.0, 0.0007776049766718507, 0.0, 0.0019440124416796269, 0.0015552099533437014, 0.004665629860031105, 0.0042768273716951785, 0.014385692068429238, 0.020995334370139968, 0.03421461897356143, 0.04121306376360809, 0.06998444790046657, 0.08203732503888025, 0.10925349922239502, 0.13102643856920684, 0.15124416796267495, 0.09214618973561431, 0.12130637636080871, 0.042768273716951785, 0.024494556765163298, 0.023716951788491446, 0.010497667185069984, 0.005443234836702955, 0.007387247278382581, 0.0038880248833592537, 0.0007776049766718507, 0.0, 0.0, 0.0, 0.0, 0.0], [0.0002139495079161318, 0.0, 0.0008557980316645272, 0.0006418485237483953, 0.001069747539580659, 0.0025673940949935813, 0.005134788189987163, 0.009841677364142062, 0.017329910141206675, 0.03209242618741977, 0.06183140778776209, 0.07317073170731707, 0.0962772785622593, 0.10397946084724005, 0.14420196833547283, 0.1292255027813436, 0.10954214805305948, 0.06439880188275567, 0.06889174154899444, 0.03316217372700043, 0.01561831407787762, 0.014120667522464698, 0.005562687205819427, 0.004492939666238768, 0.002995293110825845, 0.0025673940949935813, 0.0002139495079161318, 0.0, 0.0, 0.0, 0.0, 0.0], [0.0, 0.0, 0.0, 0.0, 0.00019719976336028398, 0.0011831985801617037, 0.0027607966870439754, 0.003943995267205679, 0.008282390061131926, 0.011240386511536186, 0.03036876355748373, 0.043186748175902186, 0.06211792545848945, 0.0737527114967462, 0.11950305659633209, 0.11417866298560442, 0.1498718201538158, 0.10017747978702425, 0.1350818379017945, 0.052060737527114966, 0.029382764740682313, 0.0307631630842043, 0.01143758627489647, 0.006704791954249655, 0.008085190297771643, 0.0035495957404851116, 0.0021691973969631237, 0.0, 0.0, 0.0, 0.0, 0.0], [0.00030478512648582747, 0.0, 0.0, 0.00030478512648582747, 0.00015239256324291374, 0.0007619628162145687, 0.0016763181956720513, 0.003047851264858275, 0.006857665345931119, 0.018439500152392565, 0.03261200853398354, 0.0399268515696434, 0.05790917403230722, 0.07634867418469979, 0.11444681499542822, 0.13334349283754954, 0.14599207558671137, 0.09692167022249314, 0.12206644315757391, 0.05470893020420604, 0.030021334958854007, 0.029564157269125268, 0.010667479427003962, 0.006857665345931119, 0.008838768668088998, 0.00365742151782993, 0.0021334958854007926, 0.0016763181956720513, 0.0007619628162145687, 0.0, 0.0, 0.0], [0.0, 0.0, 0.00028328611898016995, 0.0, 0.00028328611898016995, 0.00028328611898016995, 0.0005665722379603399, 0.0011331444759206798, 0.004532577903682719, 0.004532577903682719, 0.014730878186968839, 0.021246458923512748, 0.03994334277620397, 0.0575070821529745, 0.08951841359773371, 0.12039660056657224, 0.16770538243626062, 0.12039660056657224, 0.1529745042492918, 0.07252124645892351, 0.04589235127478754, 0.04107648725212465, 0.01529745042492918, 0.010481586402266289, 0.01189801699716714, 0.0028328611898017, 0.0028328611898017, 0.0011331444759206798, 0.0, 0.0, 0.0, 0.0], [0.0, 0.0, 0.0, 0.0005571030640668524, 0.0011142061281337048, 0.001671309192200557, 0.0005571030640668524, 0.006128133704735376, 0.012256267409470752, 0.015041782729805013, 0.022841225626740947, 0.043454038997214485, 0.053481894150417826, 0.07242339832869081, 0.1064066852367688, 0.11532033426183844, 0.1309192200557103, 0.09860724233983287, 0.10974930362116991, 0.05905292479108635, 0.041225626740947076, 0.03732590529247911, 0.02618384401114206, 0.006685236768802228, 0.017270194986072424, 0.010584958217270195, 0.006128133704735376, 0.0038997214484679664, 0.0011142061281337048, 0.0, 0.0, 0.0], [0.00026602819898909286, 0.0, 0.0005320563979781857, 0.00026602819898909286, 0.0007980845969672786, 0.0010641127959563714, 0.002926310188880021, 0.004522479382814578, 0.0074487895716946, 0.015163607342378291, 0.025006650704974726, 0.04575685022612397, 0.07342378292098962, 0.09071561585528067, 0.11997871774408088, 0.13514232508645915, 0.13620643788241554, 0.08911944666134611, 0.10800744878957169, 0.04575685022612397, 0.027400904495876562, 0.03165735567970205, 0.012769353551476457, 0.006384676775738229, 0.010375099760574621, 0.0039904229848363925, 0.0037243947858473, 0.0015961691939345571, 0.0, 0.0, 0.0, 0.0], [0.0, 0.0, 0.00020716801325875285, 0.0004143360265175057, 0.0006215040397762585, 0.0006215040397762585, 0.00145017609281127, 0.004143360265175057, 0.006422208411021338, 0.014708928941371453, 0.030039361922519162, 0.0364615703335405, 0.06339341205717837, 0.07333747669359851, 0.1129065672260203, 0.12885850424694428, 0.15620468199709964, 0.08970374974103998, 0.14398176921483322, 0.04661280298321939, 0.0254816656308266, 0.02838201781644914, 0.012844416822042676, 0.0060078723845038325, 0.008493888543608866, 0.0033146882121400456, 0.00290035218562254, 0.002486016159105034, 0.0, 0.0, 0.0, 0.0], [0.0, 0.0, 0.0, 0.03278688524590164, 0.0, 0.01639344262295082, 0.0, 0.0, 0.01639344262295082, 0.08196721311475409, 0.03278688524590164, 0.11475409836065574, 0.06557377049180328, 0.06557377049180328, 0.08196721311475409, 0.09836065573770492, 0.14754098360655737, 0.01639344262295082, 0.08196721311475409, 0.04918032786885246, 0.0, 0.04918032786885246, 0.04918032786885246, 0.0, 0.0, 0.0, 0.0, 0.0, 0.0, 0.0, 0.0, 0.0], [0.0001381406271584473, 0.0, 0.0, 0.0001381406271584473, 0.0001381406271584473, 0.0002762812543168946, 0.0004144218814753419, 0.0012432656444260257, 0.003315375051802735, 0.007597734493714601, 0.01533360961458765, 0.02099737532808399, 0.040198922503108164, 0.0613344384583506, 0.10471059538610306, 0.14905373670396463, 0.16811714325183036, 0.11659068932172952, 0.12059676750932449, 0.06464981351015334, 0.041165906893217294, 0.04309987567343556, 0.01851084403923194, 0.007045171985080812, 0.010222406409725101, 0.004144218814753419, 0.0009669843901091311, 0.0, 0.0, 0.0, 0.0, 0.0], [0.0, 0.0, 0.0, 0.00018907165815844205, 0.0, 0.0003781433163168841, 0.0015125732652675364, 0.0007562866326337682, 0.0030251465305350727, 0.004159576479485725, 0.01096615617318964, 0.015314804310833806, 0.024390243902439025, 0.03894876158063906, 0.06296086216676121, 0.09434675742106258, 0.13802231045566268, 0.11930421629797694, 0.18415579504632257, 0.08943089430894309, 0.06541879372282094, 0.07033465683494045, 0.025902817167706562, 0.013424087729249386, 0.01966345244847797, 0.00926451124976366, 0.004726791453961051, 0.003214218188693515, 0.00018907165815844205, 0.0, 0.0, 0.0], [0.0002384358607534573, 0.00011921793037672866, 0.0, 0.0002384358607534573, 0.0002384358607534573, 0.0009537434430138292, 0.0008345255126371007, 0.0026227944682880307, 0.004291845493562232, 0.008464473056747735, 0.017405817835002384, 0.024320457796852647, 0.028850739151168335, 0.04601812112541726, 0.0690271816881259, 0.10371959942775394, 0.1484263233190272, 0.12589413447782546, 0.170481640438722, 0.0840486409155937, 0.04935622317596566, 0.05770147830233667, 0.02229375298044826, 0.012279446828803052, 0.015259895088221268, 0.005484024797329518, 0.001430615164520744, 0.0, 0.0, 0.0, 0.0, 0.0], [0.0, 0.0, 0.0, 0.0, 0.0020964360587002098, 0.0020964360587002098, 0.0, 0.006289308176100629, 0.006289308176100629, 0.006289308176100629, 0.012578616352201259, 0.031446540880503145, 0.04821802935010482, 0.10482180293501048, 0.11949685534591195, 0.15932914046121593, 0.18658280922431866, 0.12159329140461216, 0.11949685534591195, 0.0440251572327044, 0.014675052410901468, 0.014675052410901468, 0.0, 0.0, 0.0, 0.0, 0.0, 0.0, 0.0, 0.0, 0.0, 0.0], [0.0, 0.0, 0.0, 0.00020542317173377156, 0.00020542317173377156, 0.00020542317173377156, 0.000513557929334429, 0.0009244042728019721, 0.002773212818405916, 0.006676253081347576, 0.010682004930156122, 0.020542317173377157, 0.035127362366474936, 0.043344289235825804, 0.07158997534921939, 0.09377567789646672, 0.1437962202136401, 0.11483155299917831, 0.2066557107641742, 0.08083401807723911, 0.04868529170090386, 0.06850862777321282, 0.02074774034511093, 0.006984387838948234, 0.012530813475760065, 0.0049301561216105174, 0.0025677896466721447, 0.0021569433032046013, 0.00020542317173377156, 0.0, 0.0, 0.0], [0.00019725811223986585, 0.0, 0.00019725811223986585, 0.00019725811223986585, 0.0008876615050793964, 0.0006904033928395306, 0.0003945162244797317, 0.0013808067856790611, 0.0017753230101587927, 0.007693066377354769, 0.01242726107111155, 0.028405168162540684, 0.05365420652924351, 0.07673340566130782, 0.11855212545615938, 0.16510503994476772, 0.1937074662195483, 0.11638228622152086, 0.1239767235427557, 0.04398855902949009, 0.024657264029983233, 0.017260084820988262, 0.0055232271427162445, 0.0025643554591182564, 0.002465726402998323, 0.0010849196173192623, 9.862905611993293e-05, 0.0, 0.0, 0.0, 0.0, 0.0], [0.0, 0.00015213753232922562, 0.0, 0.00015213753232922562, 0.00030427506465845124, 0.0007606876616461281, 0.0010649627263045794, 0.0025863380495968354, 0.005020538566864446, 0.008063289213448958, 0.01627871595922714, 0.02997109386885745, 0.045641259698767686, 0.061615700593336376, 0.11029971093868858, 0.14985546934428723, 0.15867944621938232, 0.1098432983417009, 0.13433744104670622, 0.06694051422485928, 0.03453521983873421, 0.03331811958010041, 0.013996652974288757, 0.008823976875095086, 0.005324813631522897, 0.001977787920279933, 0.00045641259698767686, 0.0, 0.0, 0.0, 0.0, 0.0], [0.0, 0.0, 0.0, 0.0, 0.00033846674564224065, 0.0, 0.0008461668641056016, 0.0008461668641056016, 0.0023692672194956846, 0.004400067693349129, 0.013030969707226265, 0.018446437637502117, 0.033846674564224064, 0.05652394652225419, 0.10052462345574548, 0.12827889659840921, 0.1565408698595363, 0.09764765611778643, 0.16889490607547808, 0.06413944829920461, 0.03858520900321544, 0.049585378236588255, 0.023523438822135725, 0.011338635979015061, 0.01590793704518531, 0.006600101540023693, 0.00558470130309697, 0.002030800473853444, 0.00016923337282112033, 0.0, 0.0, 0.0], [0.0005, 0.001, 0.0005, 0.0005, 0.0015, 0.004, 0.005, 0.008, 0.0215, 0.035, 0.0505, 0.0715, 0.077, 0.0995, 0.129, 0.115, 0.111, 0.0745, 0.102, 0.0295, 0.0185, 0.024, 0.011, 0.0025, 0.0065, 0.0005, 0.0, 0.0, 0.0, 0.0, 0.0, 0.0], [0.0, 0.0, 0.0, 0.002657218777679362, 0.001771479185119575, 0.002657218777679362, 0.00354295837023915, 0.012400354295837024, 0.015057573073516387, 0.01948627103631532, 0.03188662533215235, 0.04428697962798937, 0.05757307351638618, 0.05491585473870682, 0.10983170947741364, 0.11868910540301152, 0.14348981399468555, 0.10894596988485385, 0.1328609388839681, 0.053144375553587246, 0.029229406554472984, 0.021257750221434897, 0.0141718334809566, 0.007971656333038087, 0.007971656333038087, 0.002657218777679362, 0.00354295837023915, 0.0, 0.0, 0.0, 0.0, 0.0], [0.000346860908775581, 0.0, 0.0, 0.0, 0.000693721817551162, 0.001040582726326743, 0.0036420395421436005, 0.0064169268123482484, 0.009712105445716268, 0.018730489073881373, 0.037114117238987165, 0.05497745404092959, 0.0783905653832813, 0.10353798126951093, 0.1383975026014568, 0.14342698577870275, 0.13007284079084286, 0.08116545265348596, 0.09226500173430455, 0.03139091224419008, 0.022892819979188347, 0.023933402705515087, 0.007977800901838363, 0.005723204994797087, 0.005549774540409296, 0.001387443635102324, 0.001040582726326743, 0.0001734304543877905, 0.0, 0.0, 0.0, 0.0], [0.0, 0.0, 0.0, 0.0006222775357809583, 0.00031113876789047915, 0.00031113876789047915, 0.0028002489110143126, 0.0021779713752333543, 0.004667081518357187, 0.011823273179838207, 0.020535158680771624, 0.027380211574362167, 0.04511512134411948, 0.060983198506533914, 0.09894212818917238, 0.11698817672682016, 0.14281269446172992, 0.10392034847542003, 0.134411947728687, 0.06129433727442439, 0.04947106409458619, 0.04449284380833852, 0.018979464841319228, 0.009956440572495333, 0.02209085252022402, 0.011512134411947728, 0.004978220286247666, 0.0028002489110143126, 0.0006222775357809583, 0.0, 0.0, 0.0], [0.0, 0.0, 0.0, 0.0, 0.00024594195769798326, 0.0, 0.0012297097884899164, 0.001721593703885883, 0.004181013280865716, 0.012297097884899164, 0.019183472700442697, 0.03074274471224791, 0.050664043285784555, 0.0750122970978849, 0.10895228726020659, 0.13625184456468273, 0.1544515494343335, 0.10132808657156911, 0.13944909001475653, 0.057550418101328084, 0.033939990162321694, 0.03689129365469749, 0.014510575504181012, 0.006148548942449582, 0.005902606984751598, 0.006394490900147565, 0.002951303492375799, 0.0, 0.0, 0.0, 0.0, 0.0], [0.0003018867924528302, 0.0001509433962264151, 0.0001509433962264151, 0.0001509433962264151, 0.0006037735849056604, 0.0012075471698113208, 0.0015094339622641509, 0.003320754716981132, 0.006490566037735849, 0.010566037735849057, 0.027471698113207547, 0.04030188679245283, 0.06928301886792453, 0.09509433962264151, 0.136, 0.14535849056603772, 0.15049056603773586, 0.10233962264150943, 0.09962264150943397, 0.04573584905660377, 0.022943396226415093, 0.02249056603773585, 0.009358490566037736, 0.003471698113207547, 0.0036226415094339623, 0.0019622641509433963, 0.0, 0.0, 0.0, 0.0, 0.0, 0.0], [0.0, 0.0, 0.0, 0.0005664117813650524, 0.0005664117813650524, 0.0011328235627301047, 0.0011328235627301047, 0.004248088360237893, 0.004814500141602946, 0.0073633531577456815, 0.020674030019824412, 0.03200226564712546, 0.055225148683092605, 0.0790144435004248, 0.11214953271028037, 0.14839988671764373, 0.1534975927499292, 0.11101670914755027, 0.108184650240725, 0.055791560464457664, 0.03709997167941093, 0.028603794958935145, 0.01642594165958652, 0.005097706032285472, 0.011045029736618521, 0.002832058906825262, 0.003115264797507788, 0.0, 0.0, 0.0, 0.0, 0.0], [0.0, 0.0, 0.0, 0.0, 0.0, 0.0008685581933989577, 0.0011580775911986102, 0.0026056745801968733, 0.004632310364794441, 0.005790387955993051, 0.012449334105385061, 0.02113491603937464, 0.03503184713375796, 0.0506658946149392, 0.0897510133178923, 0.11638679791546033, 0.14997104806022005, 0.1062536189924725, 0.15865662999420962, 0.07643312101910828, 0.04400694846554719, 0.058193398957730166, 0.022003474232773594, 0.01563404748118124, 0.016502605674580197, 0.009264620729588882, 0.0017371163867979154, 0.0008685581933989577, 0.0, 0.0, 0.0, 0.0], [0.0, 0.0, 0.0003325573661456601, 0.0, 0.00016627868307283005, 0.0004988360492184902, 0.0006651147322913202, 0.002161622879946791, 0.0029930162953109413, 0.0068174260059860325, 0.014299966744263386, 0.030761556368473563, 0.05320917858330562, 0.08962421017625541, 0.1260392417692052, 0.1267043565014965, 0.1466577984702361, 0.0934486198869305, 0.12736947123378783, 0.05453940804788826, 0.0337545726637845, 0.03508480212836714, 0.020784835384103757, 0.008979048885932824, 0.013468573328899235, 0.005487196541403392, 0.0039906883937479215, 0.0019953441968739607, 0.00016627868307283005, 0.0, 0.0, 0.0], [0.0, 0.0, 0.00010779346771585642, 0.0, 0.00021558693543171284, 0.00021558693543171284, 0.00032338040314756927, 0.0014013150803061335, 0.0024792497574646975, 0.006683194998383098, 0.013689770399913766, 0.025762638784089683, 0.04441090869893285, 0.0655384283712407, 0.0957205993316805, 0.11857281448744206, 0.15673170205885523, 0.10671553303869785, 0.17440983076425567, 0.06198124393661744, 0.038051094103697315, 0.04883044087528296, 0.014336531206208904, 0.00722216233696238, 0.010348172900722217, 0.002910423628328123, 0.002048075886601272, 0.001293521612590277, 0.0, 0.0, 0.0, 0.0], [0.0, 0.0, 0.0, 0.0, 0.0, 0.00012966804979253112, 0.0006483402489626556, 0.0005186721991701245, 0.002463692946058091, 0.005964730290456431, 0.00933609958506224, 0.021913900414937758, 0.03734439834024896, 0.06314834024896265, 0.10554979253112033, 0.14691390041493776, 0.18244294605809128, 0.12033195020746888, 0.16895746887966806, 0.0545902489626556, 0.02684128630705394, 0.03423236514522822, 0.00907676348547718, 0.0028526970954356845, 0.0027230290456431534, 0.00233402489626556, 0.0016856846473029046, 0.0, 0.0, 0.0, 0.0, 0.0], [0.0, 0.005555555555555556, 0.0, 0.005555555555555556, 0.005555555555555556, 0.016666666666666666, 0.03888888888888889, 0.022222222222222223, 0.07777777777777778, 0.05, 0.06111111111111111, 0.05555555555555555, 0.08888888888888889, 0.12222222222222222, 0.07222222222222222, 0.10555555555555556, 0.08888888888888889, 0.06666666666666667, 0.044444444444444446, 0.022222222222222223, 0.011111111111111112, 0.011111111111111112, 0.022222222222222223, 0.005555555555555556, 0.0, 0.0, 0.0, 0.0, 0.0, 0.0, 0.0, 0.0]]}, "ranks": {"labels": ["Unranked", "Combatatent I", "Combatatent II", "Challenger I", "Challenger II", "Rival I", "Rival II", "Duelist", "Elite"], "data": [[0.15566037735849056, 0.1509433962264151, 0.2028301886792453, 0.23113207547169812, 0.10377358490566038, 0.09433962264150944, 0.02830188679245283, 0.0330188679245283, 0.0], [0.058888888888888886, 0.09111111111111111, 0.15888888888888889, 0.25222222222222224, 0.235, 0.12833333333333333, 0.03944444444444444, 0.02388888888888889, 0.012222222222222223], [0.012664473684210526, 0.02532894736842105, 0.06414473684210527, 0.15542763157894737, 0.2519736842105263, 0.2643092105263158, 0.0856907894736842, 0.10394736842105264, 0.036513157894736845], [0.026414527990394718, 0.048476662164190304, 0.11526339486717695, 0.22527390064535494, 0.275101305718145, 0.1855020261143629, 0.0664865676121867, 0.04712591925559057, 0.010355695632597929], [0.18666666666666668, 0.12, 0.25333333333333335, 0.08, 0.13333333333333333, 0.12, 0.05333333333333334, 0.05333333333333334, 0.0], [0.01288244766505636, 0.035719513980383547, 0.11023276240667546, 0.23700775874688917, 0.2639437856829161, 0.17083882301273606, 0.06499780412823891, 0.07539159713072757, 0.028985507246376812], [0.07301808066759388, 0.10083449235048679, 0.17976356050069542, 0.25521557719054244, 0.1978442280945758, 0.09318497913769123, 0.03442280945757997, 0.03824756606397774, 0.027468706536856746], [0.3080568720379147, 0.2037914691943128, 0.1990521327014218, 0.11374407582938388, 0.08056872037914692, 0.037914691943127965, 0.05687203791469194, 0.0, 0.0], [0.05746822033898305, 0.1171875, 0.19610699152542374, 0.2600635593220339, 0.1686970338983051, 0.09666313559322035, 0.04184322033898305, 0.04409427966101695, 0.0178760593220339], [0.04860031104199067, 0.07542768273716952, 0.15202177293934682, 0.24027993779160187, 0.24339035769828926, 0.14541213063763608, 0.04315707620528771, 0.03965785381026438, 0.012052877138413685], [0.06974753958065896, 0.13500213949507917, 0.20025673940949937, 0.2734274711168164, 0.17394094993581516, 0.08429610611895592, 0.03337612323491656, 0.02417629439452289, 0.005776636713735558], [0.027607966870439756, 0.07355551173338593, 0.13587063695523566, 0.2336817195819365, 0.2500492999408401, 0.16190100571879315, 0.05462433445079866, 0.048905541313350426, 0.013803983435219878], [0.031545260591283146, 0.07253886010362694, 0.134257848217007, 0.24779030783297776, 0.24291374580920452, 0.15254495580615665, 0.054251752514477294, 0.04708930204206035, 0.01706796708320634], [0.01161473087818697, 0.03597733711048159, 0.09745042492917846, 0.20991501416430594, 0.28810198300283285, 0.19405099150141644, 0.0773371104815864, 0.06685552407932012, 0.018696883852691217], [0.03732590529247911, 0.06629526462395544, 0.12590529247910864, 0.22172701949860724, 0.22952646239554317, 0.1403899721448468, 0.06963788300835655, 0.0701949860724234, 0.03899721448467967], [0.03298749667464751, 0.07076350093109869, 0.1641393987762703, 0.25512104283054005, 0.22532588454376165, 0.1335461558925246, 0.047619047619047616, 0.05081138600691673, 0.01968608672519287], [0.028589185829707892, 0.06650093225605966, 0.13673088875077688, 0.24176507147296458, 0.24590843173813964, 0.16904909881914232, 0.047027139009736894, 0.04723430702299565, 0.017194945100476488], [0.14754098360655737, 0.14754098360655737, 0.13114754098360656, 0.18032786885245902, 0.16393442622950818, 0.11475409836065574, 0.01639344262295082, 0.09836065573770492, 0.0], [0.01326150020721094, 0.03633098494267164, 0.10153336096145876, 0.2537643320900677, 0.28470783257355986, 0.155960768061887, 0.07045171985080813, 0.06865589169774831, 0.01533360961458765], [0.010020797882397429, 0.026280960484023445, 0.06333900548307808, 0.15730761958782377, 0.25732652675363965, 0.23010020797882397, 0.10890527509926262, 0.1096615617318964, 0.03705804499905464], [0.01800190748688603, 0.041726275631855034, 0.0748688602765856, 0.17274678111587982, 0.27432045779685266, 0.21494992846924177, 0.08893657606103958, 0.09227467811158799, 0.022174535050071532], [0.023060796645702306, 0.0440251572327044, 0.1530398322851153, 0.27882599580712786, 0.3081761006289308, 0.1488469601677149, 0.029350104821802937, 0.014675052410901468, 0.0], [0.011503697617091208, 0.031224322103533278, 0.07847165160230074, 0.1653656532456861, 0.2586277732128184, 0.24948644207066556, 0.08668857847165161, 0.09624075595727198, 0.0223911257189811], [0.013413551632310878, 0.04083242923365223, 0.13038761219055134, 0.2836571654009271, 0.3100897524410691, 0.1476476970115396, 0.04497484959068942, 0.025347667422822764, 0.0036492750764375186], [0.01810436634717785, 0.04624980982808459, 0.10725696029210406, 0.2601551802829758, 0.2685227445610832, 0.1722196865966834, 0.0635934885136163, 0.056138749429484255, 0.007759014148790507], [0.008800135386698257, 0.031477407344728384, 0.09037062108647825, 0.2288035200541547, 0.2541885259773227, 0.20257234726688103, 0.06904721611101709, 0.08444745303773904, 0.030292773734980537], [0.0775, 0.122, 0.1765, 0.244, 0.1855, 0.116, 0.034, 0.0375, 0.007], [0.05757307351638618, 0.07617360496014172, 0.112488928255093, 0.22852081488042517, 0.2524357838795394, 0.16474756421612047, 0.050487156775907885, 0.043401240035429584, 0.0141718334809566], [0.04058272632674298, 0.09209157127991675, 0.18192854665279223, 0.28182448838015955, 0.21123829344432882, 0.11030176899063475, 0.03624696496704821, 0.03763440860215054, 0.008151231356226153], [0.02271313005600498, 0.04791537025513379, 0.10609831985065339, 0.21593030491599252, 0.24673304293714998, 0.1639701306782825, 0.08120721841941506, 0.07342874922215308, 0.04200373366521468], [0.019675356615838663, 0.049926217412690606, 0.12567634038366945, 0.24520413182488932, 0.2557796360059026, 0.1706837186424004, 0.0602557796360059, 0.057550418101328084, 0.015248401377274963], [0.024452830188679244, 0.06777358490566038, 0.16437735849056603, 0.28135849056603773, 0.2528301886792453, 0.12618867924528301, 0.04211320754716981, 0.03532075471698113, 0.005584905660377358], [0.019824412347776835, 0.052676295666949875, 0.13423959218351741, 0.2605494194279241, 0.2645143018974795, 0.13848768054375532, 0.06258850184083829, 0.05012744265080714, 0.016992353440951572], [0.015055008685581933, 0.0335842501447597, 0.08569774174869717, 0.20613781123335265, 0.25622466705269253, 0.20237405906195716, 0.07672264041690793, 0.095830920671685, 0.028372900984365953], [0.013634852011972065, 0.045061523112736944, 0.14283338875956103, 0.2527435982707017, 0.24010641835716662, 0.1576321915530429, 0.05803126039241769, 0.06484868639840373, 0.02510808114399734], [0.011426107577880781, 0.03945240918400345, 0.10994933707017354, 0.21429341381912256, 0.2634472350975531, 0.20664007761129677, 0.06780209119327368, 0.07038913441845424, 0.01660019402824189], [0.009725103734439834, 0.03125, 0.10049273858921162, 0.2524636929460581, 0.30277489626556015, 0.20020746887966806, 0.050181535269709546, 0.04616182572614108, 0.006742738589211619], [0.2222222222222222, 0.11666666666666667, 0.2111111111111111, 0.17777777777777778, 0.15555555555555556, 0.05555555555555555, 0.022222222222222223, 0.03888888888888889, 0.0]]}, "ranksDetailed": {"labels": ["Unranked", "Combatatant", "Challenger", "Rival", "Duelist", "Elite"], "data": [[0.15566037735849056, 0.35377358490566035, 0.33490566037735847, 0.12264150943396226, 0.0330188679245283, 0.0], [0.058888888888888886, 0.25, 0.4872222222222222, 0.16777777777777778, 0.02388888888888889, 0.012222222222222223], [0.012664473684210526, 0.08947368421052632, 0.4074013157894737, 0.35, 0.10394736842105264, 0.036513157894736845], [0.026414527990394718, 0.16374005703136726, 0.5003752063635, 0.2519885937265496, 0.04712591925559057, 0.010355695632597929], [0.18666666666666668, 0.37333333333333335, 0.21333333333333335, 0.17333333333333334, 0.05333333333333334, 0.0], [0.01288244766505636, 0.145952276387059, 0.5009515444298053, 0.23583662714097497, 0.07539159713072757, 0.028985507246376812], [0.07301808066759388, 0.2805980528511822, 0.45305980528511824, 0.12760778859527122, 0.03824756606397774, 0.027468706536856746], [0.3080568720379147, 0.4028436018957346, 0.1943127962085308, 0.0947867298578199, 0.0, 0.0], [0.05746822033898305, 0.3132944915254237, 0.428760593220339, 0.1385063559322034, 0.04409427966101695, 0.0178760593220339], [0.04860031104199067, 0.22744945567651634, 0.48367029548989116, 0.1885692068429238, 0.03965785381026438, 0.012052877138413685], [0.06974753958065896, 0.3352588789045785, 0.4473684210526316, 0.11767222935387249, 0.02417629439452289, 0.005776636713735558], [0.027607966870439756, 0.20942614868862158, 0.4837310195227766, 0.2165253401695918, 0.048905541313350426, 0.013803983435219878], [0.031545260591283146, 0.20679670832063396, 0.4907040536421823, 0.20679670832063396, 0.04708930204206035, 0.01706796708320634], [0.01161473087818697, 0.13342776203966006, 0.4980169971671388, 0.27138810198300284, 0.06685552407932012, 0.018696883852691217], [0.03732590529247911, 0.19220055710306408, 0.45125348189415043, 0.21002785515320335, 0.0701949860724234, 0.03899721448467967], [0.03298749667464751, 0.23490289970736897, 0.48044692737430167, 0.18116520351157223, 0.05081138600691673, 0.01968608672519287], [0.028589185829707892, 0.20323182100683654, 0.4876735032111042, 0.21607623782887922, 0.04723430702299565, 0.017194945100476488], [0.14754098360655737, 0.2786885245901639, 0.3442622950819672, 0.13114754098360656, 0.09836065573770492, 0.0], [0.01326150020721094, 0.1378643459041304, 0.5384721646636276, 0.22641248791269514, 0.06865589169774831, 0.01533360961458765], [0.010020797882397429, 0.08961996596710153, 0.4146341463414634, 0.3390054830780866, 0.1096615617318964, 0.03705804499905464], [0.01800190748688603, 0.11659513590844063, 0.4470672389127325, 0.3038865045302814, 0.09227467811158799, 0.022174535050071532], [0.023060796645702306, 0.1970649895178197, 0.5870020964360587, 0.17819706498951782, 0.014675052410901468, 0.0], [0.011503697617091208, 0.10969597370583402, 0.4239934264585045, 0.3361750205423172, 0.09624075595727198, 0.0223911257189811], [0.013413551632310878, 0.17122004142420358, 0.5937469178419963, 0.19262254660222902, 0.025347667422822764, 0.0036492750764375186], [0.01810436634717785, 0.15350677012018865, 0.5286779248440591, 0.2358131751102997, 0.056138749429484255, 0.007759014148790507], [0.008800135386698257, 0.12184802843120664, 0.4829920460314774, 0.2716195633778981, 0.08444745303773904, 0.030292773734980537], [0.0775, 0.2985, 0.4295, 0.15, 0.0375, 0.007], [0.05757307351638618, 0.1886625332152347, 0.48095659875996455, 0.21523472099202834, 0.043401240035429584, 0.0141718334809566], [0.04058272632674298, 0.274020117932709, 0.49306278182448837, 0.14654873395768298, 0.03763440860215054, 0.008151231356226153], [0.02271313005600498, 0.1540136901057872, 0.4626633478531425, 0.24517734909769756, 0.07342874922215308, 0.04200373366521468], [0.019675356615838663, 0.17560255779636005, 0.5009837678307919, 0.2309394982784063, 0.057550418101328084, 0.015248401377274963], [0.024452830188679244, 0.2321509433962264, 0.534188679245283, 0.16830188679245284, 0.03532075471698113, 0.005584905660377358], [0.019824412347776835, 0.18691588785046728, 0.5250637213254036, 0.2010761823845936, 0.05012744265080714, 0.016992353440951572], [0.015055008685581933, 0.11928199189345687, 0.46236247828604515, 0.27909669947886506, 0.095830920671685, 0.028372900984365953], [0.013634852011972065, 0.18789491187229798, 0.4928500166278683, 0.2156634519454606, 0.06484868639840373, 0.02510808114399734], [0.011426107577880781, 0.149401746254177, 0.47774064891667567, 0.27444216880457045, 0.07038913441845424, 0.01660019402824189], [0.009725103734439834, 0.13174273858921162, 0.5552385892116183, 0.2503890041493776, 0.04616182572614108, 0.006742738589211619], [0.2222222222222222, 0.3277777777777778, 0.3333333333333333, 0.07777777777777778, 0.03888888888888889, 0.0]]}}}, "eu": {"histType": {"histogram": {"labels": ["0", "100", "200", "300", "400", "500", "600", "700", "800", "900", "1000", "1100", "1200", "1300", "1400", "1500", "1600", "1700", "1800", "1900", "2000", "2100", "2200", "2300", "2400", "2500", "2600", "2700", "2800", "2900", "3000", "3100"], "data": [[0.0, 0.0, 0.0, 0.0, 0.0, 0.011560693641618497, 0.005780346820809248, 0.023121387283236993, 0.04046242774566474, 0.06936416184971098, 0.07514450867052024, 0.06358381502890173, 0.06358381502890173, 0.10982658959537572, 0.1329479768786127, 0.10982658959537572, 0.09248554913294797, 0.08670520231213873, 0.046242774566473986, 0.023121387283236993, 0.005780346820809248, 0.023121387283236993, 0.017341040462427744, 0.0, 0.0, 0.0, 0.0, 0.0, 0.0, 0.0, 0.0, 0.0], [0.0, 0.0, 0.0005920663114268798, 0.0011841326228537595, 0.0005920663114268798, 0.003552397868561279, 0.0053285968028419185, 0.008288928359976317, 0.021314387211367674, 0.03078744819419775, 0.03907637655417407, 0.06039076376554174, 0.07756068679692125, 0.09354647720544701, 0.1349911190053286, 0.11959739490822972, 0.1438721136767318, 0.08348134991119005, 0.10005920663114269, 0.02545885139135583, 0.013617525162818236, 0.020722320899940794, 0.0041444641799881585, 0.002368265245707519, 0.006512729425695678, 0.002960331557134399, 0.0, 0.0, 0.0, 0.0, 0.0, 0.0], [0.0, 0.00017485574401119076, 0.0, 0.00017485574401119076, 0.00017485574401119076, 0.00017485574401119076, 0.0005245672320335723, 0.0017485574401119076, 0.0034971148802238152, 0.005245672320335723, 0.012589613568805735, 0.01853470886518622, 0.02780206329777933, 0.03724427347438363, 0.0664451827242525, 0.08515474733344991, 0.14355656583318763, 0.10876027277496066, 0.21472285364574226, 0.07885994054904703, 0.05735268403567057, 0.06557090400419653, 0.024304948417555518, 0.012939325056828117, 0.018884420353208604, 0.008218219968525967, 0.0033222591362126247, 0.004021682112257388, 0.0, 0.0, 0.0, 0.0], [0.0, 0.0, 0.0, 0.00014156285390713478, 0.00014156285390713478, 0.00028312570781426955, 0.0009909399773499433, 0.003114382785956965, 0.005379388448471121, 0.010334088335220839, 0.02080973952434881, 0.030436013590033974, 0.04161947904869762, 0.05789920724801812, 0.09626274065685164, 0.12839750849377124, 0.16676104190260477, 0.11763873159682899, 0.16053227633069084, 0.061296715741789354, 0.037797281993204986, 0.03595696489241223, 0.009626274065685165, 0.004954699886749717, 0.00622876557191393, 0.0014156285390713476, 0.0005662514156285391, 0.001274065685164213, 0.00014156285390713478, 0.0, 0.0, 0.0], [0.0, 0.0, 0.0, 0.0, 0.0, 0.028985507246376812, 0.028985507246376812, 0.07246376811594203, 0.07246376811594203, 0.043478260869565216, 0.08695652173913043, 0.08695652173913043, 0.043478260869565216, 0.028985507246376812, 0.10144927536231885, 0.07246376811594203, 0.043478260869565216, 0.08695652173913043, 0.057971014492753624, 0.057971014492753624, 0.028985507246376812, 0.043478260869565216, 0.0, 0.0, 0.014492753623188406, 0.0, 0.0, 0.0, 0.0, 0.0, 0.0, 0.0], [0.0, 0.00014725371815638345, 0.00014725371815638345, 0.0002945074363127669, 0.00044176115446915035, 0.00014725371815638345, 0.0002945074363127669, 0.002208805772345752, 0.0032395817994404358, 0.006773671035193639, 0.014430864379325578, 0.02179355028714475, 0.03887498159328523, 0.06287733765277573, 0.10101605065527905, 0.12222058606979826, 0.15064055367398027, 0.10543366219997055, 0.1475482255926962, 0.0711235458695332, 0.03696068325725225, 0.05301133853629804, 0.023118833750552202, 0.008246208216757473, 0.014578118097481961, 0.00765719334413194, 0.003681342953909586, 0.0029450743631276688, 0.00014725371815638345, 0.0, 0.0, 0.0], [0.0, 0.00032, 0.00032, 0.00128, 0.0032, 0.00256, 0.00416, 0.01184, 0.02304, 0.02912, 0.04544, 0.06304, 0.08, 0.09344, 0.112, 0.12896, 0.11872, 0.07392, 0.072, 0.0384, 0.0208, 0.02592, 0.01376, 0.00832, 0.0112, 0.0064, 0.0064, 0.00544, 0.0, 0.0, 0.0, 0.0], [0.0, 0.0, 0.0, 0.0, 0.0, 0.0196078431372549, 0.006535947712418301, 0.05228758169934641, 0.032679738562091505, 0.06535947712418301, 0.058823529411764705, 0.1111111111111111, 0.10457516339869281, 0.0392156862745098, 0.11764705882352941, 0.1437908496732026, 0.0915032679738562, 0.0718954248366013, 0.026143790849673203, 0.0457516339869281, 0.013071895424836602, 0.0, 0.0, 0.0, 0.0, 0.0, 0.0, 0.0, 0.0, 0.0, 0.0, 0.0], [0.0003992547245142401, 0.00013308490817141337, 0.0005323396326856535, 0.0005323396326856535, 0.0006654245408570668, 0.0018631887143997872, 0.0034602076124567475, 0.0077189246739419745, 0.01809954751131222, 0.029944104338568006, 0.04950758583976577, 0.06734096353473516, 0.10007985094490285, 0.10819803034335906, 0.11937716262975778, 0.11911099281341496, 0.10713335107798776, 0.06734096353473516, 0.07040191642267767, 0.03965930263508118, 0.024753792919882885, 0.023156774021825925, 0.014373170082512644, 0.009315943571998934, 0.00904977375565611, 0.004657971785999467, 0.0030609528879425073, 0.00013308490817141337, 0.0, 0.0, 0.0, 0.0], [0.0, 0.0, 0.0005060728744939271, 0.0010121457489878543, 0.0015182186234817814, 0.0010121457489878543, 0.0005060728744939271, 0.0075910931174089065, 0.01062753036437247, 0.01720647773279352, 0.046052631578947366, 0.043522267206477734, 0.06578947368421052, 0.08552631578947369, 0.1082995951417004, 0.11538461538461539, 0.14979757085020243, 0.0860323886639676, 0.1270242914979757, 0.034919028340080975, 0.03694331983805668, 0.030870445344129555, 0.012145748987854251, 0.00860323886639676, 0.005566801619433198, 0.003036437246963563, 0.0005060728744939271, 0.0, 0.0, 0.0, 0.0, 0.0], [0.0002585315408479835, 0.000517063081695967, 0.0007755946225439503, 0.001034126163391934, 0.002843846949327818, 0.002068252326783868, 0.004653567735263702, 0.011375387797311272, 0.019906928645294725, 0.03671147880041365, 0.05506721820062047, 0.07704239917269907, 0.09669079627714582, 0.10729058945191314, 0.140382626680455, 0.1282316442605998, 0.10108583247156153, 0.060496380558428126, 0.06592554291623579, 0.03231644260599793, 0.01938986556359876, 0.015511892450879007, 0.006980351602895553, 0.004912099276111685, 0.004653567735263702, 0.0025853154084798345, 0.0012926577042399173, 0.0, 0.0, 0.0, 0.0, 0.0], [0.0, 0.0, 0.0, 0.0, 0.0008479966080135679, 0.0008479966080135679, 0.0016959932160271359, 0.004663981344074624, 0.009327962688149248, 0.016747933008267966, 0.030527877888488444, 0.0396438414246343, 0.0635997456010176, 0.07504769980920076, 0.10960356158575366, 0.12295950816196735, 0.13928344286622854, 0.09730761076955692, 0.13165147339410643, 0.05448378206487174, 0.029679881280474878, 0.03815984736061056, 0.014203943184227264, 0.004027983888064448, 0.010387958448166206, 0.002755988976044096, 0.00105999576001696, 0.0012719949120203519, 0.0, 0.0, 0.00021199915200339198, 0.0], [0.0, 0.0, 0.00017265193370165745, 0.00017265193370165745, 0.00017265193370165745, 0.0012085635359116022, 0.0013812154696132596, 0.0050069060773480665, 0.010013812154696133, 0.015883977900552487, 0.028832872928176795, 0.03953729281767956, 0.0631