{"region": {"us": {"histType": {"histogram": {"labels": ["0", "100", "200", "300", "400", "500", "600", "700", "800", "900", "1000", "1100", "1200", "1300", "1400", "1500", "1600", "1700", "1800", "1900", "2000", "2100", "2200", "2300", "2400", "2500", "2600", "2700", "2800", "2900", "3000", "3100", "3200"], "data": [[0.0, 0.0, 0.004338394793926247, 0.004338394793926247, 0.004338394793926247, 0.008676789587852495, 0.01735357917570499, 0.01735357917570499, 0.04338394793926247, 0.04121475054229935, 0.09761388286334056, 0.09978308026030369, 0.11496746203904555, 0.1279826464208243, 0.11713665943600868, 0.09544468546637744, 0.06941431670281996, 0.0455531453362256, 0.028199566160520606, 0.028199566160520606, 0.019522776572668113, 0.006507592190889371, 0.0021691973969631237, 0.0021691973969631237, 0.004338394793926247, 0.0, 0.0, 0.0, 0.0, 0.0, 0.0, 0.0, 0.0], [0.0, 0.0003009328919650918, 0.0, 0.0003009328919650918, 0.0009027986758952753, 0.0024074631357207344, 0.004213060487511285, 0.009027986758952753, 0.013241047246464039, 0.026482094492928078, 0.03641287992777611, 0.05567258501354198, 0.08185374661450497, 0.08967800180559735, 0.1251880830574782, 0.1321095395726753, 0.1510683117664761, 0.08486307553415588, 0.11224796870297923, 0.03611194703581101, 0.014444778814324405, 0.009328919650917845, 0.006319590731266927, 0.001504664459825459, 0.002708396027685826, 0.0003009328919650918, 0.0018055973517905506, 0.0012037315678603672, 0.0003009328919650918, 0.0, 0.0, 0.0, 0.0], [0.00011275228323373548, 0.0, 0.0, 0.00022550456646747095, 0.00022550456646747095, 0.00022550456646747095, 0.00022550456646747095, 0.0005637614161686774, 0.0027060547976096518, 0.003269816213778329, 0.005186605028751832, 0.007667155259894013, 0.012177246589243433, 0.019280640432968767, 0.025820272860525427, 0.03980155598150863, 0.18795805615063704, 0.1378960423948585, 0.30860299921073403, 0.08366219415943173, 0.04656669297553275, 0.05919494869771113, 0.020069906415604917, 0.008343668959296426, 0.01916788814973503, 0.006314127861089187, 0.0029315593640771224, 0.0013530273988048259, 0.0, 0.0004510091329349419, 0.0, 0.0, 0.0], [0.0, 0.0, 0.0, 0.0, 0.00010851871947911015, 0.00010851871947911015, 0.000759631036353771, 0.0017362995116657625, 0.004557786218122626, 0.007704829083016821, 0.011394465545306565, 0.013781877373846988, 0.025176342919153553, 0.030385241454150842, 0.04449267498643516, 0.05501899077590884, 0.09376017362995116, 0.16093326098752034, 0.2741182854042322, 0.10059685295713511, 0.060879001627780795, 0.06294085729788389, 0.02278893109061313, 0.006402604449267498, 0.01410743353228432, 0.003906673901247965, 0.003038524145415084, 0.0013022246337493217, 0.0, 0.0, 0.0, 0.0, 0.0], [0.0, 0.0, 0.0, 0.0, 0.006535947712418301, 0.013071895424836602, 0.0196078431372549, 0.026143790849673203, 0.06535947712418301, 0.05228758169934641, 0.058823529411764705, 0.0915032679738562, 0.09803921568627451, 0.13071895424836602, 0.0915032679738562, 0.0915032679738562, 0.05228758169934641, 0.032679738562091505, 0.08496732026143791, 0.0392156862745098, 0.0196078431372549, 0.0196078431372549, 0.006535947712418301, 0.0, 0.0, 0.0, 0.0, 0.0, 0.0, 0.0, 0.0, 0.0, 0.0], [0.0, 0.0, 0.0, 0.0, 0.0, 0.0, 0.0, 0.0013826845352052754, 0.002871729419272495, 0.011912359072537758, 0.020527547330355243, 0.0314826632631355, 0.054031057221867684, 0.0843437566475218, 0.10593490746649649, 0.13348223782174007, 0.1624122527121889, 0.09700063816209317, 0.13401403956604976, 0.053286534779834076, 0.030738140821101892, 0.036268878961923, 0.015528610933843863, 0.007126143373750266, 0.01021059349074665, 0.0039353329078919376, 0.002020846628376941, 0.0008508827908955541, 0.00042544139544777704, 0.00010636034886194426, 0.00010636034886194426, 0.0, 0.0], [0.0, 0.00023110700254217703, 0.00023110700254217703, 0.0023110700254217703, 0.0016177490177952392, 0.0034666050381326552, 0.0069332100762653105, 0.013635313149988445, 0.021492951236422465, 0.034434943378784375, 0.05084354055927895, 0.06863877975502658, 0.09429165703720822, 0.1116246822278715, 0.11578460827363068, 0.12133117633464294, 0.12040674832447423, 0.06655881673214699, 0.07395424081349665, 0.02935058932285648, 0.01733302519066328, 0.015946383175410216, 0.009013173099144903, 0.005084354055927894, 0.007395424081349665, 0.0034666050381326552, 0.0027732840305061245, 0.0009244280101687081, 0.00046221400508435407, 0.0, 0.00046221400508435407, 0.0, 0.0], [0.003115264797507788, 0.0, 0.0, 0.006230529595015576, 0.009345794392523364, 0.021806853582554516, 0.012461059190031152, 0.040498442367601244, 0.059190031152647975, 0.09345794392523364, 0.11838006230529595, 0.1308411214953271, 0.11838006230529595, 0.09968847352024922, 0.0778816199376947, 0.06853582554517133, 0.04984423676012461, 0.018691588785046728, 0.024922118380062305, 0.040498442367601244, 0.0, 0.0, 0.003115264797507788, 0.003115264797507788, 0.0, 0.0, 0.0, 0.0, 0.0, 0.0, 0.0, 0.0, 0.0], [0.00029685335444290523, 0.00019790223629527012, 0.0004947555907381753, 0.00029685335444290523, 0.0004947555907381753, 0.001187413417771621, 0.001484266772214526, 0.004254898080348308, 0.007718187215515536, 0.016030081139916882, 0.026024144072828024, 0.034533940233524636, 0.04245002968533544, 0.049178705719374625, 0.0911339798139719, 0.16495151395210766, 0.16227983376212152, 0.11052839897090837, 0.11735602612309519, 0.05313675044528003, 0.03492974470611518, 0.033841282406491195, 0.01682169008509796, 0.010488818523649317, 0.01286364535919256, 0.0036611913714624973, 0.002374826835543242, 0.00039580447259054025, 0.0005937067088858105, 0.0, 0.0, 0.0, 0.0], [0.0, 0.0, 0.0, 0.0, 0.0007955449482895784, 0.0003977724741447892, 0.0011933174224343676, 0.0015910898965791568, 0.001988862370723946, 0.008353221957040573, 0.011933174224343675, 0.0147175815433572, 0.021081941129673827, 0.03579952267303103, 0.05767700875099443, 0.07478122513922036, 0.09944311853619729, 0.0879077167859984, 0.1801909307875895, 0.07080350039777247, 0.07756563245823389, 0.10023866348448687, 0.04494828957836118, 0.01909307875894988, 0.05051710421638823, 0.015115354017501989, 0.011137629276054098, 0.00954653937947494, 0.002386634844868735, 0.0007955449482895784, 0.0, 0.0, 0.0], [0.0, 0.0, 0.00022893772893772894, 0.0, 0.0016025641025641025, 0.0009157509157509158, 0.0027472527472527475, 0.002976190476190476, 0.010073260073260074, 0.017857142857142856, 0.026785714285714284, 0.03411172161172161, 0.06135531135531135, 0.07257326007326008, 0.10073260073260074, 0.12683150183150182, 0.15293040293040294, 0.09638278388278389, 0.1346153846153846, 0.050824175824175824, 0.03456959706959707, 0.033424908424908424, 0.01282051282051282, 0.007783882783882784, 0.010302197802197802, 0.003205128205128205, 0.003205128205128205, 0.0006868131868131869, 0.0004578754578754579, 0.0, 0.0, 0.0, 0.0], [0.0, 0.0, 0.0009797517962116264, 0.0011430437622468974, 0.0014696276943174395, 0.002939255388634879, 0.006368386675375572, 0.01224689745264533, 0.02008491182233834, 0.03706727629000653, 0.06286740692357937, 0.07511430437622468, 0.10646636185499674, 0.12034617896799478, 0.13324624428478118, 0.1201828870019595, 0.11414108425865448, 0.05960156760287394, 0.059274983670803395, 0.024003919007184845, 0.015186152841280208, 0.012736773350751143, 0.0062050947093403004, 0.004245591116917048, 0.002122795558458524, 0.0016329196603527107, 0.00032658393207054214, 0.0, 0.0, 0.0, 0.0, 0.0, 0.0], [0.0, 0.0, 0.0, 0.0, 0.00012297097884899163, 0.0004918839153959665, 0.001967535661583866, 0.001967535661583866, 0.004672897196261682, 0.005533694048204624, 0.013649778652238072, 0.02041318248893261, 0.028775209050664042, 0.03443187407771766, 0.12690605017215936, 0.14608952287260207, 0.18593212001967535, 0.12137235612395475, 0.1574028529267093, 0.0528775209050664, 0.029758976881455977, 0.03283325135268077, 0.013034923757993113, 0.007870142646335464, 0.008484997540580424, 0.003443187407771766, 0.0013526807673389081, 0.00012297097884899163, 0.0004918839153959665, 0.0, 0.0, 0.0, 0.0], [0.00020472924557273008, 0.0, 0.0, 0.00010236462278636504, 0.00010236462278636504, 0.0003070938683590951, 0.0013307400962227454, 0.0018425632101545706, 0.0065513358583273625, 0.021701300030709386, 0.03480397174736411, 0.04637117412222336, 0.06827720339850547, 0.09468727607738765, 0.11075852185484697, 0.11905005630054254, 0.14279864878697923, 0.09438018220902857, 0.11771931620431979, 0.04933974818302794, 0.028764459002968572, 0.02989046985361859, 0.011362473129286519, 0.005118231139318251, 0.006960794349472822, 0.003070938683590951, 0.0022520217013000305, 0.0007165523595045552, 0.0007165523595045552, 0.0007165523595045552, 0.00010236462278636504, 0.0, 0.0], [0.0, 0.00021616947686986597, 0.0, 0.00021616947686986597, 0.00043233895373973193, 0.00021616947686986597, 0.00108084738434933, 0.0015131863380890619, 0.004107220060527454, 0.00648508430609598, 0.014915693904020753, 0.027021184608733248, 0.04928664072632944, 0.06917423259835712, 0.09814094249891915, 0.11867704280155641, 0.16104626026805016, 0.11954172070903589, 0.14937310851707739, 0.0648508430609598, 0.040207522697795074, 0.03588413316039775, 0.014699524427150886, 0.00648508430609598, 0.010592304366623433, 0.00324254215304799, 0.00108084738434933, 0.0006485084306095979, 0.0, 0.0008646779074794639, 0.0, 0.0, 0.0], [0.0, 0.0, 0.0, 0.0003139717425431711, 0.0009419152276295133, 0.0018838304552590266, 0.002511773940345369, 0.004709576138147566, 0.01130298273155416, 0.018210361067503924, 0.031711145996860285, 0.04772370486656201, 0.06907378335949764, 0.08665620094191523, 0.09984301412872841, 0.11679748822605965, 0.1359497645211931, 0.09701726844583987, 0.11020408163265306, 0.05117739403453689, 0.0304552590266876, 0.035164835164835165, 0.015698587127158554, 0.008791208791208791, 0.012872841444270016, 0.00565149136577708, 0.0018838304552590266, 0.002511773940345369, 0.0006279434850863422, 0.0003139717425431711, 0.0, 0.0, 0.0], [0.0002061855670103093, 0.0, 0.0008247422680412372, 0.0006185567010309278, 0.0006185567010309278, 0.0010309278350515464, 0.00288659793814433, 0.0070103092783505155, 0.011752577319587629, 0.018969072164948454, 0.03237113402061856, 0.05030927835051546, 0.08020618556701031, 0.10329896907216495, 0.12041237113402062, 0.12371134020618557, 0.13628865979381444, 0.0822680412371134, 0.10969072164948454, 0.043917525773195874, 0.024329896907216497, 0.024123711340206185, 0.00865979381443299, 0.00556701030927835, 0.0053608247422680414, 0.001443298969072165, 0.0016494845360824743, 0.001443298969072165, 0.0004123711340206186, 0.0006185567010309278, 0.0, 0.0, 0.0], [0.0, 0.0, 0.00012746972594008922, 0.00025493945188017844, 0.0003824091778202677, 0.00025493945188017844, 0.0008922880815806246, 0.0025493945188017845, 0.007010834926704908, 0.01478648820905035, 0.025493945188017845, 0.043594646271510516, 0.07495219885277246, 0.09318036966220522, 0.12262587635436584, 0.13027405991077118, 0.1527087316762269, 0.08884639898024219, 0.13690248565965582, 0.037221159974506056, 0.022434671765455706, 0.022434671765455706, 0.008795411089866157, 0.004079031230082855, 0.005481198215423837, 0.0019120458891013384, 0.0017845761631612492, 0.00025493945188017844, 0.00012746972594008922, 0.0006373486297004461, 0.0, 0.0, 0.0], [0.0, 0.0, 0.0, 0.007518796992481203, 0.015037593984962405, 0.015037593984962405, 0.007518796992481203, 0.015037593984962405, 0.03007518796992481, 0.07518796992481203, 0.03007518796992481, 0.08270676691729323, 0.09022556390977443, 0.06015037593984962, 0.03759398496240601, 0.09774436090225563, 0.13533834586466165, 0.08270676691729323, 0.05263157894736842, 0.022556390977443608, 0.03759398496240601, 0.03007518796992481, 0.022556390977443608, 0.0, 0.007518796992481203, 0.015037593984962405, 0.007518796992481203, 0.022556390977443608, 0.0, 0.0, 0.0, 0.0, 0.0], [0.0002082682495053629, 0.00010413412475268145, 0.0, 0.0, 0.00010413412475268145, 0.00010413412475268145, 0.0002082682495053629, 0.0010413412475268145, 0.002290950744558992, 0.004894303863376029, 0.007810059356451109, 0.010413412475268145, 0.022388836821826512, 0.07768405706550037, 0.13901905654482974, 0.1583880037488285, 0.18619181505779445, 0.12037904821409975, 0.12475268145371238, 0.055086951994168486, 0.029053420805998126, 0.03134437155055712, 0.011767156097053004, 0.00426949911485994, 0.007289388732687702, 0.0023950848693116734, 0.0014578777465375403, 0.0004165364990107258, 0.0009372071227741331, 0.0, 0.0, 0.0, 0.0], [0.0, 0.0, 0.0, 0.00012260912211868564, 0.0, 0.00012260912211868564, 0.0011034820990681706, 0.0004904364884747426, 0.00392349190779794, 0.005885237861696911, 0.009563511525257478, 0.017042667974497303, 0.028445316331535065, 0.04720451201569397, 0.07687591956841588, 0.10544384502206965, 0.15730750367827367, 0.1272682687591957, 0.1756988719960765, 0.07994114762138303, 0.05284453163315351, 0.05272192251103482, 0.021456596370769986, 0.009563511525257478, 0.015939185875429134, 0.005394801373222168, 0.003065228052967141, 0.0011034820990681706, 0.0006130456105934281, 0.0002452182442373713, 0.0006130456105934281, 0.0, 0.0], [0.00018377285674905816, 9.188642837452908e-05, 0.0, 0.00018377285674905816, 0.00018377285674905816, 0.0005513185702471745, 0.0007350914269962326, 0.0017458421391160525, 0.0029403657079849306, 0.005513185702471745, 0.010291279977947257, 0.013323532114306718, 0.05384544702747404, 0.07396857484149591, 0.09418358908389231, 0.11017182762106037, 0.1390241661306625, 0.11485803546816135, 0.16172011393917118, 0.07304971055775061, 0.04594321418726454, 0.05007810346411835, 0.019479922815400164, 0.010566939263070844, 0.011761462831939722, 0.00303225213635946, 0.0015620692823669945, 0.0003675457134981163, 0.0006432049986217035, 0.0, 0.0, 0.0, 0.0], [0.0, 0.0, 0.0, 0.0015873015873015873, 0.0015873015873015873, 0.0015873015873015873, 0.0031746031746031746, 0.006349206349206349, 0.007936507936507936, 0.007936507936507936, 0.01746031746031746, 0.02857142857142857, 0.044444444444444446, 0.09682539682539683, 0.10793650793650794, 0.173015873015873, 0.16825396825396827, 0.1126984126984127, 0.12698412698412698, 0.05714285714285714, 0.01904761904761905, 0.012698412698412698, 0.0031746031746031746, 0.0, 0.0015873015873015873, 0.0, 0.0, 0.0, 0.0, 0.0, 0.0, 0.0, 0.0], [0.0, 0.0, 0.0, 8.378016085790885e-05, 0.0, 8.378016085790885e-05, 0.00025134048257372655, 0.0007540214477211796, 0.001675603217158177, 0.004691689008042895, 0.0072050938337801605, 0.013153485254691689, 0.021280160857908847, 0.02706099195710456, 0.04054959785522788, 0.13011058981233245, 0.18272453083109919, 0.12039209115281502, 0.21380697050938338, 0.07657506702412868, 0.047419571045576404, 0.0654323056300268, 0.019353217158176943, 0.006953753351206435, 0.012064343163538873, 0.003853887399463807, 0.0025134048257372654, 0.0012567024128686327, 0.00041890080428954424, 0.0003351206434316354, 0.0, 0.0, 0.0], [9.365926758452749e-05, 9.365926758452749e-05, 9.365926758452749e-05, 0.0, 0.00037463707033810994, 0.00037463707033810994, 0.0002809778027535825, 0.0009365926758452749, 0.0010302519434298024, 0.005244918984733539, 0.009646904561206331, 0.019200149854828135, 0.034185632668352534, 0.04476912990540414, 0.06752833192844432, 0.07961037744684836, 0.2132621522899691, 0.16643251849770535, 0.19097124660485154, 0.07436545846211483, 0.038212981174487216, 0.0310012175704786, 0.011707408448065936, 0.003840029970965627, 0.004682963379226374, 0.0013112297461833847, 0.00037463707033810994, 0.00037463707033810994, 0.0, 0.0, 0.0, 0.0, 0.0], [0.0, 0.0002361275088547816, 0.0001180637544273908, 0.0003541912632821724, 0.0005903187721369539, 0.0011806375442739079, 0.0017709563164108619, 0.004014167650531287, 0.006611570247933884, 0.012160566706021251, 0.02077922077922078, 0.03494687131050767, 0.05430932703659976, 0.07201889020070838, 0.09551357733175915, 0.12868949232585597, 0.15643447461629278, 0.1101534828807556, 0.14025974025974025, 0.06210153482880756, 0.03447461629279811, 0.033766233766233764, 0.01487603305785124, 0.0060212514757969305, 0.005785123966942148, 0.0014167650531286896, 0.0009445100354191264, 0.0004722550177095632, 0.0, 0.0, 0.0, 0.0, 0.0], [0.0, 0.0001380452788514633, 0.0002760905577029266, 0.0, 0.0002760905577029266, 0.0004141358365543898, 0.000966316951960243, 0.001518498067366096, 0.004831584759801215, 0.007040309221424628, 0.01559911651021535, 0.025124240750966316, 0.03975704030922143, 0.06432909994478189, 0.09842628382109332, 0.12355052457205963, 0.15309221424627278, 0.09469906129210381, 0.17435118718939813, 0.06253451131971287, 0.037272225289895086, 0.04362230811706239, 0.019050248481501934, 0.008972943125345113, 0.01007730535615682, 0.004693539480949751, 0.003865267807840972, 0.001932633903920486, 0.0012424075096631696, 0.0011043622308117063, 0.0012424075096631696, 0.0, 0.0], [0.0, 0.0002074688796680498, 0.0002074688796680498, 0.0004149377593360996, 0.0016597510373443983, 0.0018672199170124482, 0.0037344398340248964, 0.00850622406639004, 0.01804979253112033, 0.027385892116182572, 0.04253112033195021, 0.061203319502074686, 0.07966804979253111, 0.104149377593361, 0.12655601659751037, 0.11473029045643153, 0.14688796680497926, 0.07593360995850622, 0.10311203319502074, 0.02966804979253112, 0.018257261410788383, 0.019087136929460582, 0.006846473029045643, 0.0024896265560165973, 0.004149377593360996, 0.0012448132780082987, 0.0008298755186721991, 0.0004149377593360996, 0.0002074688796680498, 0.0, 0.0, 0.0, 0.0], [0.0, 0.0, 0.00042283298097251583, 0.0012684989429175475, 0.0033826638477801266, 0.0021141649048625794, 0.0033826638477801266, 0.01014799154334038, 0.013530655391120507, 0.012684989429175475, 0.032135306553911204, 0.04608879492600423, 0.06553911205073996, 0.0799154334038055, 0.11078224101479915, 0.1200845665961945, 0.146723044397463, 0.09556025369978859, 0.12093023255813953, 0.043551797040169135, 0.02536997885835095, 0.024947145877378434, 0.015644820295983086, 0.008456659619450317, 0.009725158562367865, 0.004651162790697674, 0.0021141649048625794, 0.0008456659619450317, 0.0, 0.0, 0.0, 0.0, 0.0], [0.00022943673282092462, 0.0, 0.0, 0.0, 0.00045887346564184924, 0.00045887346564184924, 0.0019502122289778595, 0.004588734656418492, 0.013536767236434552, 0.02122289778593553, 0.03567741195365378, 0.05437650567855914, 0.07594355856372605, 0.10588505219685672, 0.13766203969255478, 0.14075943558563725, 0.13284386830331535, 0.0782379258919353, 0.0922335665940117, 0.03418607319031777, 0.022828954915682, 0.022714236549271537, 0.009292187679247447, 0.004359297923597568, 0.0066536652518068146, 0.0016060571297464724, 0.001147183664104623, 0.0008030285648732362, 0.0, 0.00034415509923138696, 0.0, 0.0, 0.0], [0.0, 0.0, 0.0, 0.00031138097462245055, 0.00015569048731122528, 0.0006227619492449011, 0.0028024287716020553, 0.0029581192589132805, 0.006539000467071462, 0.012299548497586797, 0.022419430172816442, 0.03004826405106648, 0.05635995640666355, 0.08173750583839327, 0.10244434065078624, 0.11879184181846489, 0.14977424879339873, 0.09590534018371477, 0.1379417717577456, 0.05558150397010743, 0.032539311848046086, 0.03845555036587264, 0.015724739218433755, 0.007628833878250039, 0.0135450723960766, 0.005449167055892885, 0.005137786081270434, 0.002179666822357154, 0.0012455238984898022, 0.0009341429238673517, 0.00046707146193367583, 0.0, 0.0], [0.0, 0.0, 0.0, 0.0, 0.0003749531308586427, 0.0007499062617172854, 0.0014998125234345708, 0.003937007874015748, 0.006374203224596925, 0.01687289088863892, 0.027746531683539556, 0.04311961004874391, 0.06542932133483315, 0.08755155605549306, 0.11323584551931008, 0.12785901762279714, 0.14716910386201726, 0.09130108736407949, 0.13329583802024747, 0.04930633670791151, 0.0307461567304087, 0.023622047244094488, 0.010311211098612674, 0.00431196100487439, 0.0054368203974503185, 0.0026246719160104987, 0.004124484439445069, 0.0014998125234345708, 0.0009373828271466067, 0.0005624296962879641, 0.0, 0.0, 0.0], [0.00010913456291607552, 0.00010913456291607552, 0.00010913456291607552, 0.0, 0.00010913456291607552, 0.0009822110662446796, 0.0006548073774964531, 0.002291825821237586, 0.00316490232456619, 0.0056749972716359275, 0.014624031430754119, 0.022045181709047255, 0.04212594128560515, 0.11666484775728474, 0.14853214012877877, 0.15322492633417004, 0.16872203426825275, 0.09963985594237695, 0.11197206155189349, 0.0481283422459893, 0.02488268034486522, 0.01855287569573284, 0.0102586489141111, 0.002946633198734039, 0.002728364072901888, 0.0009822110662446796, 0.00032740368874822657, 0.00032740368874822657, 0.00010913456291607552, 0.0, 0.0, 0.0, 0.0], [0.0, 0.0, 0.0, 0.00017304031839418584, 0.00017304031839418584, 0.001038241910365115, 0.001211282228759301, 0.002249524139124416, 0.006575532098979062, 0.01003633846686278, 0.024225644575186018, 0.0366845474995674, 0.06887004672088597, 0.09828690084789755, 0.12580031147257312, 0.1405087385360789, 0.15919709292265097, 0.10382419103651151, 0.10486243294687662, 0.041010555459422046, 0.02664820903270462, 0.02007267693372556, 0.011074580377227894, 0.0039799273230662745, 0.007786814327738363, 0.0025956047759127876, 0.0019034435023360444, 0.0003460806367883717, 0.0005191209551825575, 0.00017304031839418584, 0.00017304031839418584, 0.0, 0.0], [0.0, 0.0, 0.0, 0.00017946877243359656, 0.0, 0.001256281407035176, 0.001256281407035176, 0.001974156496769562, 0.004307250538406317, 0.0059224694903086865, 0.01453697056712132, 0.021177315147164394, 0.04073941134242642, 0.06407035175879397, 0.09224694903086864, 0.11934673366834171, 0.15793251974156497, 0.10839913854989232, 0.17103374012921752, 0.06945441493180186, 0.03732950466618808, 0.042893036611629576, 0.017587939698492462, 0.006460875807609476, 0.011844938980617373, 0.007358219669777458, 0.0017946877243359654, 0.0005384063173007897, 0.00017946877243359656, 0.00017946877243359656, 0.0, 0.0, 0.0], [0.0, 0.0, 0.00011445576284765938, 0.0, 0.00022891152569531876, 0.00034336728854297816, 0.00034336728854297816, 0.0012590133913242532, 0.0011445576284765937, 0.004120407462515738, 0.019686391209797413, 0.03639693258555568, 0.05905917362939224, 0.09305253519514707, 0.1146846743733547, 0.12452786997825341, 0.1470756552592423, 0.09087787570104154, 0.14719011102208995, 0.04807142039601694, 0.03342108275151654, 0.030903055968868033, 0.018656289344168478, 0.008126359162183816, 0.013620235778871467, 0.0027469383083438253, 0.0027469383083438253, 0.0013734691541719126, 0.00022891152569531876, 0.0, 0.0, 0.0, 0.0], [0.0, 0.0, 8.726764988218868e-05, 0.0, 8.726764988218868e-05, 8.726764988218868e-05, 0.00017453529976437735, 0.0007854088489396981, 0.0017453529976437735, 0.004799720743520377, 0.008814032638101056, 0.01640631817785147, 0.027838380312418188, 0.03612880705122611, 0.054455013526485734, 0.06056374901823894, 0.15978706693428746, 0.14870407539924949, 0.24373854612095297, 0.0902347499781831, 0.0500916310323763, 0.056811240073304826, 0.013613753381621433, 0.00593420019198883, 0.01055938563574483, 0.0047124530936381885, 0.0019198882974081509, 0.0006981411990575094, 0.0006108735491753207, 0.0006108735491753207, 0.0, 0.0, 0.0], [0.0, 0.0, 0.0, 0.00010997470581766194, 0.0006598482349059716, 0.0009897723523589574, 0.0009897723523589574, 0.0025294182338062247, 0.005388760585065435, 0.009347849994501264, 0.016056307049378642, 0.029913119982404045, 0.04849884526558892, 0.07423292642692181, 0.11019465522929726, 0.13559881227317716, 0.17321016166281755, 0.11228417463983284, 0.15726382931925656, 0.050258440558671506, 0.026833828219509512, 0.02903332233586275, 0.007808204113053998, 0.00340921588034752, 0.0025294182338062247, 0.0007698229407236335, 0.0009897723523589574, 0.0007698229407236335, 0.0003299241174529858, 0.0, 0.0, 0.0, 0.0], [0.0, 0.0035335689045936395, 0.0, 0.0035335689045936395, 0.0035335689045936395, 0.024734982332155476, 0.024734982332155476, 0.038869257950530034, 0.07420494699646643, 0.04240282685512368, 0.05653710247349823, 0.07773851590106007, 0.0706713780918728, 0.13074204946996468, 0.10247349823321555, 0.11307420494699646, 0.08833922261484099, 0.045936395759717315, 0.038869257950530034, 0.0176678445229682, 0.01060070671378092, 0.014134275618374558, 0.0035335689045936395, 0.014134275618374558, 0.0, 0.0, 0.0, 0.0, 0.0, 0.0, 0.0, 0.0, 0.0]]}, "ranks": {"labels": ["Unranked", "Combatatent I", "Combatatent II", "Challenger I", "Challenger II", "Rival I", "Rival II", "Duelist", "Elite"], "data": [[0.14099783080260303, 0.19739696312364424, 0.24295010845986983, 0.21258134490238612, 0.11496746203904555, 0.049891540130151846, 0.026030368763557483, 0.010845986984815618, 0.004338394793926247], [0.056876316581402346, 0.09208546494131808, 0.17153174842010233, 0.2572976226301535, 0.23593138730063196, 0.13331327114053565, 0.029491423412578995, 0.017153174842010233, 0.006319590731266927], [0.007554402976660277, 0.012853760288645846, 0.0314578870222122, 0.06562182884203405, 0.3258540985454955, 0.3549441876197993, 0.0838876987258992, 0.08760852407261246, 0.030217611906641108], [0.014975583288117201, 0.025176342919153553, 0.0555615843733044, 0.099511665762344, 0.2546934346174715, 0.33065653825284863, 0.10493760173629951, 0.09213239283776452, 0.02235485621269669], [0.1830065359477124, 0.1503267973856209, 0.22875816993464052, 0.1830065359477124, 0.08496732026143791, 0.11764705882352941, 0.026143790849673203, 0.026143790849673203, 0.0], [0.016166773027015528, 0.052010210593490744, 0.1383748138693895, 0.23941714528823654, 0.25941289087428204, 0.16432673899170389, 0.05371197617528185, 0.05892363326951713, 0.017655817911082748], [0.08435405592789462, 0.11948232031430553, 0.20591633926507974, 0.23711578460827362, 0.1869655650566212, 0.0915183730067021, 0.029119482320314305, 0.030043910330483013, 0.01548416917032586], [0.24610591900311526, 0.24922118380062305, 0.21806853582554517, 0.14641744548286603, 0.06853582554517133, 0.04984423676012461, 0.01557632398753894, 0.006230529595015576, 0.0], [0.0324559667524243, 0.060558084306352664, 0.09162873540471007, 0.25608549376607953, 0.2728082327330299, 0.14911933504848604, 0.05630318622600435, 0.061151791015238474, 0.01988917474767465], [0.014319809069212411, 0.026650755767700877, 0.056881463802704854, 0.1324582338902148, 0.1873508353221957, 0.21479713603818615, 0.11376292760540971, 0.16428003182179793, 0.08949880668257756], [0.036401098901098904, 0.060897435897435896, 0.13392857142857142, 0.22756410256410256, 0.24931318681318682, 0.16575091575091574, 0.05425824175824176, 0.05402930402930403, 0.017857142857142856], [0.08229915088177661, 0.13798171129980405, 0.22681254082299152, 0.2534291312867407, 0.1737426518615284, 0.07184846505551927, 0.026616590463749184, 0.023187459177008492, 0.004082299150881777], [0.014756517461878997, 0.03406296114117068, 0.0632070831283817, 0.27299557304476146, 0.3073044761436301, 0.18876045253320217, 0.051278898180029515, 0.053738317757009345, 0.013895720609936055], [0.03214249155491862, 0.08117514586958748, 0.16296447947589313, 0.2298085781553895, 0.23717883099600778, 0.14535776435663836, 0.05046575903367796, 0.04637117412222336, 0.014535776435663835], [0.014267185473411154, 0.041936878512753996, 0.11846087332468655, 0.21681798530047558, 0.28058798097708604, 0.18698659749243407, 0.06744487678339818, 0.057068741893644616, 0.016428880242109815], [0.039874411302982735, 0.0794348508634223, 0.15572998430141288, 0.21664050235478807, 0.23296703296703297, 0.13657770800627944, 0.05525902668759811, 0.059654631083202514, 0.023861852433281004], [0.043917525773195874, 0.08268041237113402, 0.18350515463917524, 0.2441237113402062, 0.21855670103092784, 0.13649484536082473, 0.041443298969072166, 0.038350515463917524, 0.010927835051546392], [0.02625876354365838, 0.06908859145952836, 0.16813256851497768, 0.252899936265137, 0.24155513065646908, 0.1583173996175908, 0.03824091778202677, 0.035309114085404714, 0.010197578075207138], [0.16541353383458646, 0.11278195488721804, 0.15037593984962405, 0.13533834586466165, 0.21804511278195488, 0.06015037593984962, 0.05263157894736842, 0.05263157894736842, 0.05263157894736842], [0.008955534728730605, 0.018223471831719254, 0.10007289388732687, 0.2974070602936582, 0.3065708632718942, 0.15682599187753826, 0.05206706237634073, 0.04738102676247006, 0.012496094970321775], [0.011647866601275135, 0.026606179499754783, 0.07564982834722904, 0.18231976459048554, 0.28457577243746934, 0.22045120156939677, 0.08803334968121629, 0.08374203040706228, 0.026974006866110838], [0.01212900854543784, 0.023614812092253974, 0.12781402186896995, 0.2043554167049527, 0.25388220159882385, 0.20196636956721492, 0.07874666911697142, 0.08012496554258935, 0.017366534962785996], [0.03015873015873016, 0.046031746031746035, 0.14126984126984127, 0.28095238095238095, 0.28095238095238095, 0.16031746031746033, 0.04285714285714286, 0.015873015873015872, 0.0015873015873015873], [0.007540214477211796, 0.02035857908847185, 0.0483411528150134, 0.17066018766756033, 0.3031166219839142, 0.2584617962466488, 0.07933981233243968, 0.09173927613941019, 0.02044235924932976], [0.008522993350192002, 0.028847054416034468, 0.07895476257375668, 0.1471387093752927, 0.37969467078767444, 0.2336798726233961, 0.06986981361805751, 0.04654865598951016, 0.006743467266085979], [0.02703659976387249, 0.05572609208972845, 0.12632821723730814, 0.2242030696576151, 0.2665879574970484, 0.17508854781582053, 0.06174734356552539, 0.05466351829988193, 0.008618654073199528], [0.015461071231363888, 0.04072335726118167, 0.10408614025400331, 0.22197680839315295, 0.2477912755383766, 0.2078961899503037, 0.06626173384870238, 0.07164549972390945, 0.024157923799006074], [0.06203319502074689, 0.1037344398340249, 0.18381742738589213, 0.2412863070539419, 0.2228215767634855, 0.12116182572614108, 0.02987551867219917, 0.02842323651452282, 0.006846473029045643], [0.04693446088794926, 0.07822410147991543, 0.14545454545454545, 0.23086680761099365, 0.24228329809725158, 0.14460887949260043, 0.045243128964059194, 0.04904862579281184, 0.01733615221987315], [0.04244579557187106, 0.09005391763221292, 0.18182861076058277, 0.27842147527819205, 0.21108179419525067, 0.11173568888379029, 0.03751290581622118, 0.03636572215211655, 0.010554089709762533], [0.025688930406352173, 0.05246769422388292, 0.13809746224505684, 0.22123618246925114, 0.2456795889771135, 0.16830141678343452, 0.05776117079246458, 0.06180912346255644, 0.028958430639887903], [0.029808773903262094, 0.07086614173228346, 0.1529808773903262, 0.24109486314210724, 0.23847019122609675, 0.16272965879265092, 0.05061867266591676, 0.03824521934758155, 0.015185601799775027], [0.013205282112845138, 0.03666921313980138, 0.15879078904288987, 0.3017570664629488, 0.2683618902106297, 0.13849176034049984, 0.04649132380224817, 0.03175815780857798, 0.004474517079559096], [0.021456999480879046, 0.06091019207475342, 0.16715694756878352, 0.266309050008652, 0.26302128395916247, 0.12804983561169753, 0.04447136182730576, 0.035127184634019724, 0.013497144834746497], [0.014895908111988513, 0.03571428571428571, 0.1048097631012204, 0.21159368269921033, 0.2663316582914573, 0.21015793251974157, 0.0676597272074659, 0.06694185211773152, 0.02189519023689878], [0.007554080347945519, 0.05608332379535309, 0.1521117088245393, 0.2392125443516081, 0.23795353096028385, 0.17465949410552822, 0.05402312006409523, 0.057685704475220326, 0.020716493075426348], [0.007766820839514792, 0.025220350815952527, 0.0639671873636443, 0.11501876254472466, 0.30849114233353697, 0.292782965354743, 0.09128196177676935, 0.07635919364691508, 0.01911161532419932], [0.020015396458814474, 0.04596942703178269, 0.12273177169251072, 0.24579346750247444, 0.28549433630265036, 0.1851974045969427, 0.049158693500494885, 0.04025074232926427, 0.005388760585065435], [0.21554770318021202, 0.13427561837455831, 0.20141342756183744, 0.21554770318021202, 0.13427561837455831, 0.045936395759717315, 0.02120141342756184, 0.03180212014134275, 0.0]]}, "ranksDetailed": {"labels": ["Unranked", "Combatatant", "Challenger", "Rival", "Duelist", "Elite"], "data": [[0.14099783080260303, 0.4403470715835141, 0.3275488069414317, 0.07592190889370933, 0.010845986984815618, 0.004338394793926247], [0.056876316581402346, 0.2636172133614204, 0.49322900993078544, 0.16280469455311466, 0.017153174842010233, 0.006319590731266927], [0.007554402976660277, 0.04431164731085804, 0.3914759273875296, 0.4388318863456985, 0.08760852407261246, 0.030217611906641108], [0.014975583288117201, 0.08073792729245795, 0.3542051003798155, 0.43559413998914814, 0.09213239283776452, 0.02235485621269669], [0.1830065359477124, 0.3790849673202614, 0.2679738562091503, 0.1437908496732026, 0.026143790849673203, 0.0], [0.016166773027015528, 0.19038502446288025, 0.4988300361625186, 0.21803871516698575, 0.05892363326951713, 0.017655817911082748], [0.08435405592789462, 0.32539865957938524, 0.42408134966489486, 0.1206378553270164, 0.030043910330483013, 0.01548416917032586], [0.24610591900311526, 0.4672897196261682, 0.21495327102803738, 0.06542056074766354, 0.006230529595015576, 0.0], [0.0324559667524243, 0.15218681971106274, 0.5288937264991095, 0.2054225212744904, 0.061151791015238474, 0.01988917474767465], [0.014319809069212411, 0.08353221957040573, 0.3198090692124105, 0.32856006364359586, 0.16428003182179793, 0.08949880668257756], [0.036401098901098904, 0.19482600732600733, 0.4768772893772894, 0.2200091575091575, 0.05402930402930403, 0.017857142857142856], [0.08229915088177661, 0.36479425212279554, 0.4271717831482691, 0.09846505551926846, 0.023187459177008492, 0.004082299150881777], [0.014756517461878997, 0.09727004426955238, 0.5803000491883915, 0.24003935071323168, 0.053738317757009345, 0.013895720609936055], [0.03214249155491862, 0.24413962534548062, 0.4669874091513973, 0.1958235233903163, 0.04637117412222336, 0.014535776435663835], [0.014267185473411154, 0.16039775183744057, 0.4974059662775616, 0.25443147427583224, 0.057068741893644616, 0.016428880242109815], [0.039874411302982735, 0.23516483516483516, 0.449607535321821, 0.19183673469387755, 0.059654631083202514, 0.023861852433281004], [0.043917525773195874, 0.26618556701030927, 0.462680412371134, 0.1779381443298969, 0.038350515463917524, 0.010927835051546392], [0.02625876354365838, 0.23722115997450605, 0.4944550669216061, 0.1965583173996176, 0.035309114085404714, 0.010197578075207138], [0.16541353383458646, 0.2631578947368421, 0.3533834586466165, 0.11278195488721804, 0.05263157894736842, 0.05263157894736842], [0.008955534728730605, 0.11829636571904613, 0.6039779235655525, 0.208893054253879, 0.04738102676247006, 0.012496094970321775], [0.011647866601275135, 0.10225600784698381, 0.4668955370279549, 0.308484551250613, 0.08374203040706228, 0.026974006866110838], [0.01212900854543784, 0.15142883396122392, 0.4582376183037765, 0.28071303868418634, 0.08012496554258935, 0.017366534962785996], [0.03015873015873016, 0.1873015873015873, 0.5619047619047619, 0.20317460317460317, 0.015873015873015872, 0.0015873015873015873], [0.007540214477211796, 0.06869973190348526, 0.4737768096514745, 0.3378016085790885, 0.09173927613941019, 0.02044235924932976], [0.008522993350192002, 0.10780181698979115, 0.5268333801629671, 0.30354968624145356, 0.04654865598951016, 0.006743467266085979], [0.02703659976387249, 0.1820543093270366, 0.4907910271546635, 0.23683589138134592, 0.05466351829988193, 0.008618654073199528], [0.015461071231363888, 0.144809497515185, 0.4697680839315295, 0.27415792379900605, 0.07164549972390945, 0.024157923799006074], [0.06203319502074689, 0.287551867219917, 0.4641078838174274, 0.15103734439834024, 0.02842323651452282, 0.006846473029045643], [0.04693446088794926, 0.22367864693446088, 0.4731501057082452, 0.18985200845665962, 0.04904862579281184, 0.01733615221987315], [0.04244579557187106, 0.2718825283927957, 0.4895032694734427, 0.14924859470001148, 0.03636572215211655, 0.010554089709762533], [0.025688930406352173, 0.19056515646893976, 0.46691577144636465, 0.22606258757589912, 0.06180912346255644, 0.028958430639887903], [0.029808773903262094, 0.22384701912260968, 0.47956505436820396, 0.21334833145856769, 0.03824521934758155, 0.015185601799775027], [0.013205282112845138, 0.19546000218269124, 0.5701189566735785, 0.184983084142748, 0.03175815780857798, 0.004474517079559096], [0.021456999480879046, 0.22806713964353695, 0.5293303339678145, 0.1725211974390033, 0.035127184634019724, 0.013497144834746497], [0.014895908111988513, 0.1405240488155061, 0.47792534099066764, 0.27781765972720746, 0.06694185211773152, 0.02189519023689878], [0.007554080347945519, 0.20819503261989242, 0.477166075311892, 0.22868261416962343, 0.057685704475220326, 0.020716493075426348], [0.007766820839514792, 0.08918753817959682, 0.4235099048782616, 0.38406492713151236, 0.07635919364691508, 0.01911161532419932], [0.020015396458814474, 0.1687011987242934, 0.5312878038051249, 0.2343560980974376, 0.04025074232926427, 0.005388760585065435], [0.21554770318021202, 0.33568904593639576, 0.3498233215547703, 0.06713780918727916, 0.03180212014134275, 0.0]]}}}, "eu": {"histType": {"histogram": {"labels": ["0", "100", "200", "300", "400", "500", "600", "700", "800", "900", "1000", "1100", "1200", "1300", "1400", "1500", "1600", "1700", "1800", "1900", "2000", "2100", "2200", "2300", "2400", "2500", "2600", "2700", "2800", "2900", "3000", "3100", "3200"], "data": [[0.0, 0.0, 0.0024390243902439024, 0.0, 0.0, 0.004878048780487805, 0.00975609756097561, 0.03170731707317073, 0.06585365853658537, 0.07317073170731707, 0.06829268292682927, 0.11463414634146342, 0.06829268292682927, 0.13170731707317074, 0.12439024390243902, 0.11463414634146342, 0.07073170731707316, 0.04878048780487805, 0.024390243902439025, 0.026829268292682926, 0.012195121951219513, 0.004878048780487805, 0.0024390243902439024, 0.0, 0.0, 0.0, 0.0, 0.0, 0.0, 0.0, 0.0, 0.0, 0.0], [0.00032331070158422246, 0.0, 0.0009699321047526673, 0.0009699321047526673, 0.0009699321047526673, 0.004203039120594891, 0.006466214031684449, 0.00937601034594245, 0.019398642095053348, 0.030067895247332686, 0.04558680892337536, 0.06175234400258649, 0.08115098609763984, 0.10604591011962496, 0.13126414484319432, 0.1296475913352732, 0.14193339799547364, 0.0691884901390236, 0.09763983187843518, 0.025864856126737796, 0.013579049466537343, 0.011639185257032008, 0.004849660523763337, 0.002909796314258002, 0.002909796314258002, 0.0006466214031684449, 0.0006466214031684449, 0.0, 0.0, 0.0, 0.0, 0.0, 0.0], [0.0, 0.0, 0.0, 0.00011435105774728416, 0.00011435105774728416, 0.00011435105774728416, 0.0, 0.0008004574042309891, 0.0019439679817038309, 0.0025157232704402514, 0.005717552887364208, 0.009262435677530018, 0.012578616352201259, 0.0158947970268725, 0.025728987993138937, 0.0801600914808462, 0.21417953116066324, 0.13379073756432247, 0.2775300171526587, 0.0750142938822184, 0.04699828473413379, 0.052372784448256146, 0.01623785020011435, 0.007318467695826186, 0.011663807890222984, 0.005145797598627788, 0.0029731275014293884, 0.0012578616352201257, 0.00034305317324185246, 0.00022870211549456832, 0.0, 0.0, 0.0], [0.0, 0.0, 0.0, 0.00010479983232026829, 0.00010479983232026829, 0.00020959966464053657, 0.000733598826241878, 0.0019911968140850973, 0.0024103961433661705, 0.005763990777614756, 0.011527981555229511, 0.017501571997484804, 0.021483965625654997, 0.027876755397191366, 0.043596730245231606, 0.05638230978830434, 0.08258226786837142, 0.17417732131628588, 0.26587717459652066, 0.107419828128275, 0.06497589603856634, 0.06057430308111507, 0.01896876964996856, 0.011108782225948438, 0.01530077551875917, 0.004191993292810731, 0.0030391951372877803, 0.0015719974848040243, 0.00031439949696080485, 0.00020959966464053657, 0.0, 0.0, 0.0], [0.0, 0.0, 0.0, 0.0, 0.0, 0.020833333333333332, 0.041666666666666664, 0.04861111111111111, 0.05555555555555555, 0.06944444444444445, 0.0625, 0.09722222222222222, 0.0625, 0.0763888888888889, 0.05555555555555555, 0.13194444444444445, 0.027777777777777776, 0.08333333333333333, 0.05555555555555555, 0.041666666666666664, 0.041666666666666664, 0.0, 0.0, 0.006944444444444444, 0.020833333333333332, 0.0, 0.0, 0.0, 0.0, 0.0, 0.0, 0.0, 0.0], [0.0, 0.00010583130489998942, 0.00010583130489998942, 0.00021166260979997884, 0.00031749391469996824, 0.00010583130489998942, 0.00021166260979997884, 0.0011641443538998836, 0.003915758281299609, 0.013863900941898613, 0.024235368822097578, 0.03735845062969626, 0.055667266377394