{"region": {"us": {"histType": {"histogram": {"labels": ["0", "100", "200", "300", "400", "500", "600", "700", "800", "900", "1000", "1100", "1200", "1300", "1400", "1500", "1600", "1700", "1800", "1900", "2000", "2100", "2200", "2300", "2400", "2500", "2600", "2700", "2800", "2900", "3000", "3100"], "data": [[0.0, 0.0, 0.022988505747126436, 0.0, 0.0, 0.011494252873563218, 0.022988505747126436, 0.011494252873563218, 0.08045977011494253, 0.08045977011494253, 0.08045977011494253, 0.12643678160919541, 0.05747126436781609, 0.1839080459770115, 0.14942528735632185, 0.034482758620689655, 0.022988505747126436, 0.04597701149425287, 0.05747126436781609, 0.011494252873563218, 0.0, 0.0, 0.0, 0.0, 0.0, 0.0, 0.0, 0.0, 0.0, 0.0, 0.0, 0.0], [0.0, 0.0019880715705765406, 0.0, 0.0009940357852882703, 0.0009940357852882703, 0.0, 0.002982107355864811, 0.018886679920477135, 0.018886679920477135, 0.03578528827037773, 0.06262425447316103, 0.07157057654075547, 0.110337972166998, 0.11530815109343936, 0.15805168986083498, 0.09741550695825049, 0.1073558648111332, 0.06262425447316103, 0.07455268389662027, 0.019880715705765408, 0.010934393638170975, 0.016898608349900597, 0.007952286282306162, 0.002982107355864811, 0.0009940357852882703, 0.0, 0.0, 0.0, 0.0, 0.0, 0.0, 0.0], [0.0, 0.0, 0.0, 0.0009537434430138292, 0.0004768717215069146, 0.0004768717215069146, 0.0019074868860276585, 0.003814973772055317, 0.013829279923700524, 0.020028612303290415, 0.027658559847401048, 0.04816404387219838, 0.07963757749165475, 0.11254172627563186, 0.13304721030042918, 0.12923223652837387, 0.1430615164520744, 0.0815450643776824, 0.11587982832618025, 0.032904148783977114, 0.019074868860276584, 0.020028612303290415, 0.009060562708631379, 0.0019074868860276585, 0.004768717215069146, 0.0, 0.0, 0.0, 0.0, 0.0, 0.0, 0.0], [0.0, 0.0002664535038635758, 0.0, 0.0, 0.0002664535038635758, 0.0007993605115907274, 0.0034638955502264853, 0.005595523581135092, 0.013056221689315214, 0.025046629363176125, 0.03996802557953637, 0.04130029309885425, 0.07513988808952837, 0.09512390087929656, 0.13189448441247004, 0.12523314681588063, 0.1510791366906475, 0.09459099387156941, 0.10311750599520383, 0.039435118571809216, 0.017585931254996003, 0.022115640820676793, 0.006661337596589395, 0.0037303490540900614, 0.002930988542499334, 0.0015987210231814548, 0.0, 0.0, 0.0, 0.0, 0.0, 0.0], [0.0, 0.0, 0.0, 0.0, 0.0, 0.029411764705882353, 0.0, 0.08823529411764706, 0.11764705882352941, 0.058823529411764705, 0.058823529411764705, 0.08823529411764706, 0.029411764705882353, 0.11764705882352941, 0.0, 0.0, 0.058823529411764705, 0.029411764705882353, 0.029411764705882353, 0.14705882352941177, 0.058823529411764705, 0.058823529411764705, 0.0, 0.029411764705882353, 0.0, 0.0, 0.0, 0.0, 0.0, 0.0, 0.0, 0.0], [0.0, 0.0, 0.0, 0.0, 0.0, 0.0, 0.0006685981724983285, 0.003788722977490528, 0.005348785379986628, 0.01649208825495877, 0.024292400267439267, 0.03788722977490528, 0.06886561176732783, 0.093603744149766, 0.11678181412970805, 0.12458212614218854, 0.1482059282371295, 0.09739246712725652, 0.10586137731223534, 0.05192779139737018, 0.026075328727434812, 0.04100735457989748, 0.016937820369957654, 0.007577445954981056, 0.008468910184978827, 0.0033429908624916425, 0.0008914642299977714, 0.0, 0.0, 0.0, 0.0, 0.0], [0.0, 0.0, 0.0, 0.00128783000643915, 0.0, 0.0019317450096587251, 0.0038634900193174502, 0.012234385061171926, 0.025756600128783, 0.03670315518351577, 0.0592401802962009, 0.07920154539600772, 0.11397295556986478, 0.13844172569220864, 0.12427559562137798, 0.10367031551835158, 0.09143593045717965, 0.0643915003219575, 0.050869285254346426, 0.027688345138441726, 0.017385705086928525, 0.014810045074050225, 0.012234385061171926, 0.008370895041854474, 0.0077269800386349004, 0.0019317450096587251, 0.0025756600128783, 0.0, 0.0, 0.0, 0.0, 0.0], [0.0, 0.0, 0.011627906976744186, 0.011627906976744186, 0.011627906976744186, 0.0, 0.023255813953488372, 0.12790697674418605, 0.13953488372093023, 0.13953488372093023, 0.11627906976744186, 0.11627906976744186, 0.10465116279069768, 0.05813953488372093, 0.06976744186046512, 0.011627906976744186, 0.011627906976744186, 0.03488372093023256, 0.011627906976744186, 0.0, 0.0, 0.0, 0.0, 0.0, 0.0, 0.0, 0.0, 0.0, 0.0, 0.0, 0.0, 0.0], [0.0004575611988103409, 0.00022878059940517045, 0.0011439029970258523, 0.0006863417982155113, 0.0022878059940517046, 0.0036604895904827272, 0.0066346373827499425, 0.013269274765499885, 0.026767330130404943, 0.05811027224891329, 0.0750400366048959, 0.09814687714481812, 0.11827956989247312, 0.12743079386867995, 0.11988103408830932, 0.08808053077099062, 0.08098833218943034, 0.0464424616792496, 0.04987417067032716, 0.028368794326241134, 0.01967513154884466, 0.018302447952413637, 0.00983756577442233, 0.0036604895904827272, 0.001601464195836193, 0.0009151223976206818, 0.00022878059940517045, 0.0, 0.0, 0.0, 0.0, 0.0], [0.0, 0.0, 0.0, 0.0005512679162072767, 0.0011025358324145535, 0.0005512679162072767, 0.005512679162072767, 0.004961411245865491, 0.014332965821389196, 0.023704520396912898, 0.03528114663726571, 0.056780595369349506, 0.08158765159867695, 0.11356119073869901, 0.12183020948180816, 0.13340683572216097, 0.1615214994487321, 0.07221609702315325, 0.08875413450937156, 0.03252480705622933, 0.013230429988974642, 0.019845644983461964, 0.010474090407938258, 0.004410143329658214, 0.003858875413450937, 0.0, 0.0, 0.0, 0.0, 0.0, 0.0, 0.0], [0.0, 0.0, 0.00034698126301179735, 0.0006939625260235947, 0.0017349063150589867, 0.003122831367106176, 0.007286606523247745, 0.010062456627342124, 0.02116585704371964, 0.0392088827203331, 0.08501040943789036, 0.08952116585704371, 0.11554476058292852, 0.1179736294240111, 0.13705759888965996, 0.10340041637751561, 0.08882720333102012, 0.05412907702984039, 0.055517002081887576, 0.024288688410825817, 0.017002081887578072, 0.012491325468424705, 0.007286606523247745, 0.004510756419153366, 0.003122831367106176, 0.0006939625260235947, 0.0, 0.0, 0.0, 0.0, 0.0, 0.0], [0.0, 0.0, 0.0, 0.0, 0.0003109452736318408, 0.0009328358208955224, 0.003420398009950249, 0.005907960199004975, 0.012126865671641791, 0.022077114427860697, 0.03544776119402985, 0.05472636815920398, 0.07711442786069651, 0.09763681592039801, 0.13588308457711443, 0.12624378109452736, 0.15329601990049752, 0.08488805970149253, 0.09328358208955224, 0.03980099502487562, 0.016480099502487564, 0.022077114427860697, 0.009328358208955223, 0.00404228855721393, 0.0046641791044776115, 0.0003109452736318408, 0.0, 0.0, 0.0, 0.0, 0.0, 0.0], [0.0, 0.0, 0.0, 0.0006257822277847309, 0.0006257822277847309, 0.0015644555694618273, 0.002816020025031289, 0.006257822277847309, 0.015331664580725907, 0.04036295369211514, 0.061639549436796, 0.07133917396745933, 0.10012515644555695, 0.13110137672090114, 0.139549436795995, 0.11764705882352941, 0.11576971214017522, 0.0625782227784731, 0.06758448060075094, 0.024405506883604506, 0.015957446808510637, 0.012828535669586983, 0.004380475594493116, 0.002190237797246558, 0.00344180225281602, 0.0018773466833541927, 0.0, 0.0, 0.0, 0.0, 0.0, 0.0], [0.0, 0.0, 0.0, 0.0, 0.0, 0.0, 0.0, 0.0014612761811982464, 0.0029225523623964927, 0.0058451047247929854, 0.023380418899171942, 0.031660983925962005, 0.05504140282513395, 0.08037018996590356, 0.11544081831466146, 0.12859230394544569, 0.17194349732099368, 0.10813443740867024, 0.12226010716025329, 0.05796395518753044, 0.0345835362883585, 0.03360935216755967, 0.012664393570384803, 0.0058451047247929854, 0.0058451047247929854, 0.0024354603019970775, 0.0, 0.0, 0.0, 0.0, 0.0, 0.0], [0.0, 0.0, 0.0, 0.0, 0.0019011406844106464, 0.0, 0.0, 0.0076045627376425855, 0.022813688212927757, 0.034220532319391636, 0.053231939163498096, 0.10646387832699619, 0.12167300380228137, 0.11977186311787072, 0.08745247148288973, 0.10456273764258556, 0.10076045627376426, 0.06844106463878327, 0.06463878326996197, 0.030418250950570342, 0.028517110266159697, 0.013307984790874524, 0.013307984790874524, 0.0076045627376425855, 0.013307984790874524, 0.0, 0.0, 0.0, 0.0, 0.0, 0.0, 0.0], [0.00040192926045016077, 0.0, 0.00040192926045016077, 0.0, 0.0008038585209003215, 0.00040192926045016077, 0.0020096463022508037, 0.006832797427652733, 0.011254019292604502, 0.018890675241157555, 0.03577170418006431, 0.04823151125401929, 0.09083601286173633, 0.10771704180064309, 0.147508038585209, 0.12861736334405144, 0.13062700964630225, 0.08440514469453377, 0.08721864951768489, 0.039790996784565914, 0.017282958199356914, 0.022909967845659164, 0.009244372990353697, 0.0028135048231511255, 0.003215434083601286, 0.0028135048231511255, 0.0, 0.0, 0.0, 0.0, 0.0, 0.0], [0.0, 0.0, 0.0, 0.0, 0.00202122283981809, 0.001010611419909045, 0.0035371399696816574, 0.007579585649317837, 0.01667508842849924, 0.029813036887316825, 0.0606366851945427, 0.07882769075290551, 0.10005053057099546, 0.13845376452753916, 0.13542193026781202, 0.1101566447700859, 0.12228398180899444, 0.06215260232440627, 0.07781707933299646, 0.020717534108135423, 0.007579585649317837, 0.015159171298635674, 0.004547751389590703, 0.00202122283981809, 0.00202122283981809, 0.001010611419909045, 0.0005053057099545225, 0.0, 0.0, 0.0, 0.0, 0.0], [0.0, 0.0, 0.0, 0.0, 0.0, 0.0, 0.0, 0.0, 0.045454545454545456, 0.13636363636363635, 0.09090909090909091, 0.13636363636363635, 0.09090909090909091, 0.09090909090909091, 0.09090909090909091, 0.045454545454545456, 0.09090909090909091, 0.045454545454545456, 0.045454545454545456, 0.0, 0.045454545454545456, 0.045454545454545456, 0.0, 0.0, 0.0, 0.0, 0.0, 0.0, 0.0, 0.0, 0.0, 0.0], [0.00020445716622367614, 0.00020445716622367614, 0.00020445716622367614, 0.00020445716622367614, 0.00020445716622367614, 0.0, 0.0006133714986710284, 0.0018401144960130853, 0.006747086485381313, 0.011040686976078512, 0.02535268861173584, 0.035984461255367, 0.06399509302801064, 0.08771212430995706, 0.11102024125945614, 0.12819464322224494, 0.14618687384992843, 0.09834389695358822, 0.10549989777141688, 0.06665303618891842, 0.03353097526068289, 0.04722960539766919, 0.016765487630341445, 0.006951543651604989, 0.004702514823144551, 0.0006133714986710284, 0.0, 0.0, 0.0, 0.0, 0.0, 0.0], [0.0, 0.0, 0.0, 0.0005668934240362812, 0.0005668934240362812, 0.0, 0.003401360544217687, 0.0017006802721088435, 0.00510204081632653, 0.007369614512471655, 0.025510204081632654, 0.03968253968253968, 0.06689342403628118, 0.08616780045351474, 0.12471655328798185, 0.12755102040816327, 0.15192743764172337, 0.10147392290249434, 0.11507936507936507, 0.04591836734693878, 0.02040816326530612, 0.036281179138321996, 0.012471655328798186, 0.011337868480725623, 0.011904761904761904, 0.003968253968253968, 0.0, 0.0, 0.0, 0.0, 0.0, 0.0], [0.000735023888276369, 0.0003675119441381845, 0.0003675119441381845, 0.000735023888276369, 0.0025725836089672913, 0.00404263138552003, 0.002940095553105476, 0.01139287026828372, 0.018743109151047408, 0.03234105108416024, 0.06762219772142594, 0.09114296214626975, 0.10510841602352076, 0.14332965821389196, 0.13818449099595737, 0.11466372657111357, 0.10327085630282984, 0.05512679162072767, 0.05475927967658949, 0.018743109151047408, 0.015435501653803748, 0.011760382212421904, 0.005145167217934583, 0.000735023888276369, 0.000735023888276369, 0.0, 0.0, 0.0, 0.0, 0.0, 0.0, 0.0], [0.0, 0.0, 0.0, 0.0, 0.0, 0.0033783783783783786, 0.0, 0.0033783783783783786, 0.013513513513513514, 0.010135135135135136, 0.010135135135135136, 0.04054054054054054, 0.08108108108108109, 0.16891891891891891, 0.16554054054054054, 0.13513513513513514, 0.18243243243243243, 0.09121621621621621, 0.060810810810810814, 0.02702702702702703, 0.006756756756756757, 0.0, 0.0, 0.0, 0.0, 0.0, 0.0, 0.0, 0.0, 0.0, 0.0, 0.0], [0.0, 0.0, 0.0001514004542013626, 0.0001514004542013626, 0.0001514004542013626, 0.0001514004542013626, 0.0004542013626040878, 0.001514004542013626, 0.00408781226343679, 0.013020439061317184, 0.01968205904617714, 0.035276305828917484, 0.06479939439818319, 0.080999242997729, 0.12823618470855414, 0.12884178652535958, 0.16093868281604845, 0.09250567751703255, 0.1356548069644209, 0.05162755488266465, 0.023315669947009843, 0.03391370174110522, 0.011506434519303558, 0.004542013626040878, 0.006358819076457229, 0.001968205904617714, 0.0001514004542013626, 0.0, 0.0, 0.0, 0.0, 0.0], [0.0, 0.00011940298507462687, 0.00023880597014925374, 0.0, 0.0007164179104477612, 0.000955223880597015, 0.0004776119402985075, 0.00191044776119403, 0.002507462686567164, 0.010388059701492538, 0.017671641791044777, 0.040716417910447764, 0.07355223880597014, 0.11474626865671642, 0.15092537313432836, 0.15988059701492538, 0.1631044776119403, 0.09098507462686567, 0.09408955223880597, 0.039044776119402984, 0.01862686567164179, 0.012895522388059702, 0.00417910447761194, 0.0015522388059701492, 0.0007164179104477612, 0.0, 0.0, 0.0, 0.0, 0.0, 0.0, 0.0], [0.0, 0.0, 0.0, 0.0, 0.0, 0.0015717092337917485, 0.0015717092337917485, 0.003929273084479371, 0.01218074656188605, 0.018860510805500982, 0.03732809430255403, 0.05618860510805501, 0.08919449901768173, 0.10962671905697446, 0.1269155206286837, 0.11473477406679765, 0.1324165029469548, 0.09273084479371316, 0.08290766208251474, 0.05029469548133595, 0.02593320235756385, 0.023968565815324167, 0.012966601178781925, 0.003536345776031434, 0.003143418467583497, 0.0, 0.0, 0.0, 0.0, 0.0, 0.0, 0.0], [0.0, 0.0002744990392533626, 0.0, 0.0, 0.0005489980785067252, 0.0, 0.0008234971177600879, 0.0010979961570134504, 0.0032939884710403516, 0.00631347790282734, 0.019489431786988747, 0.027724402964589626, 0.047488333790831734, 0.08042821850123524, 0.1100741147405984, 0.1276420532528136, 0.15728794949217678, 0.08317320889376888, 0.146856986000549, 0.05791929728245951, 0.03788086741696404, 0.04090035684875103, 0.022783420258029097, 0.01262695580565468, 0.008783969256107603, 0.00521548174581389, 0.001372495196266813, 0.0, 0.0, 0.0, 0.0, 0.0], [0.0, 0.0009523809523809524, 0.0009523809523809524, 0.0019047619047619048, 0.002857142857142857, 0.002857142857142857, 0.004761904761904762, 0.015238095238095238, 0.0380952380952381, 0.05142857142857143, 0.06476190476190476, 0.10285714285714286, 0.09523809523809523, 0.12761904761904763, 0.12666666666666668, 0.10571428571428572, 0.08571428571428572, 0.049523809523809526, 0.06666666666666667, 0.023809523809523808, 0.009523809523809525, 0.01904761904761905, 0.0019047619047619048, 0.0, 0.0019047619047619048, 0.0, 0.0, 0.0, 0.0, 0.0, 0.0, 0.0], [0.0, 0.0, 0.0, 0.0, 0.0, 0.0036900369003690036, 0.007380073800738007, 0.033210332103321034, 0.06273062730627306, 0.07011070110701106, 0.0996309963099631, 0.0959409594095941, 0.07011070110701106, 0.11808118081180811, 0.11439114391143912, 0.1070110701107011, 0.0959409594095941, 0.04059040590405904, 0.055350553505535055, 0.014760147601476014, 0.0, 0.007380073800738007, 0.0, 0.0, 0.0036900369003690036, 0.0, 0.0, 0.0, 0.0, 0.0, 0.0, 0.0], [0.0008705745792222867, 0.0, 0.0, 0.0, 0.0011607661056297156, 0.0023215322112594312, 0.004933255948926291, 0.010156703424260012, 0.01654091700522345, 0.028728961114335462, 0.051363900174114914, 0.0742890307603018, 0.10185722576900755, 0.12478235635519443, 0.14509576320371445, 0.11781775972141613, 0.11288450377248985, 0.062100986651189787, 0.06964596633778293, 0.02640742890307603, 0.0130586186883343, 0.023215322112594312, 0.006094022054556007, 0.002901915264074289, 0.00261172373766686, 0.0008705745792222867, 0.0002901915264074289, 0.0, 0.0, 0.0, 0.0, 0.0], [0.0, 0.0, 0.0, 0.0, 0.0, 0.0005518763796909492, 0.002207505518763797, 0.0027593818984547464, 0.003863134657836645, 0.02041942604856512, 0.026490066225165563, 0.04359823399558499, 0.061258278145695365, 0.08774834437086093, 0.11147902869757174, 0.12527593818984548, 0.14624724061810154, 0.08609271523178808, 0.1054083885209713, 0.05187637969094923, 0.029801324503311258, 0.0369757174392936, 0.023178807947019868, 0.009381898454746136, 0.02097130242825607, 0.004415011037527594, 0.0, 0.0, 0.0, 0.0, 0.0, 0.0], [0.0, 0.0, 0.0, 0.0, 0.0004046944556859571, 0.0004046944556859571, 0.0012140833670578712, 0.0016187778227438284, 0.0056657223796034, 0.013759611493322542, 0.0226628895184136, 0.03804127883447997, 0.06272764063132336, 0.11412383650343991, 0.1424524484014569, 0.13435855928773777, 0.14204775394577093, 0.07932011331444759, 0.10764872521246459, 0.05018211250505868, 0.030352084176446782, 0.02913800080938891, 0.012950222581950627, 0.004451639012545528, 0.003642250101173614, 0.0028328611898017, 0.0, 0.0, 0.0, 0.0, 0.0, 0.0], [0.0002269117313365101, 0.0, 0.0002269117313365101, 0.0004538234626730202, 0.0004538234626730202, 0.0031767642387111415, 0.002496029044701611, 0.0040844111640571815, 0.009530292716133424, 0.0224642614023145, 0.04606308146131155, 0.05718175629680054, 0.09575675062400726, 0.12457454050374404, 0.12707056954844564, 0.12752439301111868, 0.1304742455184933, 0.08599954617653732, 0.07215793056501021, 0.035398230088495575, 0.02359882005899705, 0.01701837985023826, 0.010437939641479465, 0.002722940776038121, 0.0009076469253460404, 0.0, 0.0, 0.0, 0.0, 0.0, 0.0, 0.0], [0.0, 0.0, 0.0, 0.0, 0.00066711140760507, 0.0, 0.0, 0.00133422281521014, 0.00733822548365577, 0.0133422281521014, 0.03669112741827885, 0.04803202134756504, 0.0867244829886591, 0.10807204803202135, 0.1314209472981988, 0.1447631754503002, 0.13208805870580387, 0.09272848565710473, 0.0713809206137425, 0.046030687124749836, 0.02935290193462308, 0.027351567711807873, 0.01000667111407605, 0.00333555703802535, 0.00733822548365577, 0.0020013342228152103, 0.0, 0.0, 0.0, 0.0, 0.0, 0.0], [0.0, 0.0, 0.0, 0.0, 0.0, 0.0008602150537634409, 0.0008602150537634409, 0.002150537634408602, 0.003870967741935484, 0.005161290322580645, 0.011182795698924731, 0.023225806451612905, 0.03741935483870968, 0.058924731182795696, 0.09118279569892473, 0.11655913978494624, 0.15354838709677418, 0.09634408602150538, 0.13849462365591397, 0.0821505376344086, 0.04559139784946237, 0.06924731182795699, 0.030107526881720432, 0.012473118279569893, 0.015913978494623657, 0.003870967741935484, 0.0008602150537634409, 0.0, 0.0, 0.0, 0.0, 0.0], [0.0, 0.0, 0.0, 0.0, 0.00023348120476301658, 0.0, 0.0007004436142890498, 0.0030352556619192153, 0.004202661685734298, 0.010973616623861778, 0.019845902404856407, 0.044127947700210134, 0.07844968480037356, 0.11744104599579734, 0.13728694840065375, 0.12234415129582069, 0.13004903105300022, 0.08638804576231614, 0.10716787298622461, 0.04949801540975952, 0.028484706981088022, 0.03198692505253327, 0.016577165538174177, 0.004436142890497315, 0.0058370301190754145, 0.0009339248190520663, 0.0, 0.0, 0.0, 0.0, 0.0, 0.0], [0.0, 0.0, 0.00017265193370165745, 0.0, 0.0, 0.00017265193370165745, 0.0006906077348066298, 0.0020718232044198894, 0.004488950276243094, 0.013121546961325966, 0.027279005524861878, 0.049723756906077346, 0.08874309392265194, 0.12310082872928177, 0.15918508287292818, 0.14174723756906077, 0.1355317679558011, 0.06888812154696132, 0.09323204419889503, 0.03608425414364641, 0.018128453038674032, 0.021926795580110497, 0.006906077348066298, 0.004488950276243094, 0.002244475138121547, 0.0020718232044198894, 0.0, 0.0, 0.0, 0.0, 0.0, 0.0], [0.0, 0.0, 0.0, 0.0, 0.0, 0.0001996007984031936, 0.000998003992015968, 0.0013972055888223553, 0.004790419161676647, 0.010578842315369262, 0.017564870259481037, 0.03972055888223553, 0.06786427145708583, 0.10958083832335329, 0.1407185628742515, 0.15748502994011976, 0.16447105788423153, 0.08423153692614771, 0.11137724550898204, 0.03632734530938124, 0.020159680638722553, 0.02155688622754491, 0.005189620758483034, 0.0013972055888223553, 0.003592814371257485, 0.0007984031936127744, 0.0, 0.0, 0.0, 0.0, 0.0, 0.0], [0.0, 0.014492753623188406, 0.0, 0.0, 0.0, 0.043478260869565216, 0.043478260869565216, 0.07246376811594203, 0.14492753623188406, 0.08695652173913043, 0.10144927536231885, 0.028985507246376812, 0.07246376811594203, 0.028985507246376812, 0.08695652173913043, 0.07246376811594203, 0.028985507246376812, 0.10144927536231885, 0.057971014492753624, 0.0, 0.014492753623188406, 0.0, 0.0, 0.0, 0.0, 0.0, 0.0, 0.0, 0.0, 0.0, 0.0, 0.0]]}, "ranks": {"labels": ["Unranked", "Combatatent I", "Combatatent II", "Challenger I", "Challenger II", "Rival I", "Rival II", "Duelist", "Elite"], "data": [[0.22988505747126436, 0.20689655172413793, 0.2413793103448276, 0.1839080459770115, 0.06896551724137931, 0.06896551724137931, 0.0, 0.0, 0.0], [0.0805168986083499, 0.1341948310139165, 0.22564612326043737, 0.2554671968190855, 0.16998011928429424, 0.08449304174950298, 0.020874751491053677, 0.027833001988071572, 0.0009940357852882703], [0.04148783977110158, 0.07582260371959942, 0.1921793037672866, 0.26227944682880305, 0.2246065808297568, 0.1368621840724845, 0.030996661897949453, 0.030996661897949453, 0.004768717215069146], [0.0484945377031708, 0.08126831867839063, 0.17026378896882494, 0.25712763122835064, 0.2456701305622169, 0.12523314681588063, 0.03490540900612843, 0.03250732747135625, 0.0045297095656807885], [0.29411764705882354, 0.14705882352941177, 0.14705882352941177, 0.0, 0.08823529411764706, 0.08823529411764706, 0.14705882352941177, 0.08823529411764706, 0.0], [0.026298194784934253, 0.06217963004234455, 0.16246935591709383, 0.2413639402718966, 0.245598395364386, 0.1357254290171607, 0.04813906841987965, 0.0655226209048362, 0.012703365277468242], [0.08177720540888603, 0.13844172569220864, 0.2524146812620734, 0.22794591113972956, 0.15582743077913716, 0.0669671603348358, 0.028976175144880875, 0.03541532517707663, 0.012234385061171926], [0.46511627906976744, 0.23255813953488372, 0.16279069767441862, 0.08139534883720931, 0.046511627906976744, 0.011627906976744186, 0.0, 0.0, 0.0], [0.11324639670555937, 0.173186913749714, 0.24571036376115304, 0.20796156485929992, 0.12743079386867995, 0.06611759322809425, 0.03180050331731869, 0.03180050331731869, 0.002745367192862045], [0.050716648291069456, 0.09206174200661521, 0.19514884233737598, 0.2552370452039691, 0.23373759647188533, 0.10749724366041896, 0.02701212789415656, 0.034729878721058434, 0.003858875413450937], [0.08362248438584316, 0.17453157529493407, 0.23351839000693964, 0.24045801526717558, 0.14295628036086053, 0.06974323386537128, 0.027064538514920196, 0.024288688410825817, 0.003816793893129771], [0.04477611940298507, 0.09017412935323384, 0.17475124378109452, 0.2621268656716418, 0.23818407960199006, 0.11722636815920398, 0.03233830845771144, 0.03544776119402985, 0.004975124378109453], [0.06758448060075094, 0.13297872340425532, 0.23122653316645808, 0.2571964956195244, 0.1783479349186483, 0.07916145181476845, 0.028785982478097622, 0.01939924906132666, 0.005319148936170213], [0.010228933268387726, 0.05504140282513395, 0.1354115927910375, 0.24403312226010715, 0.2800779347296639, 0.15927910375060886, 0.05552849488553337, 0.05211885046273746, 0.008280565026790063], [0.06653992395437262, 0.1596958174904943, 0.2414448669201521, 0.1920152091254753, 0.16920152091254753, 0.0817490494296578, 0.04182509505703422, 0.034220532319391636, 0.013307984790874524], [0.0409967845659164, 0.0840032154340836, 0.1985530546623794, 0.27612540192926044, 0.215032154340836, 0.11093247588424437, 0.033360128617363344, 0.034967845659163985, 0.006028938906752411], [0.0606366851945427, 0.1394643759474482, 0.2385042950985346, 0.24557857503789793, 0.1844365841334007, 0.09095502779181405, 0.015159171298635674, 0.021728145528044467, 0.0035371399696816574], [0.18181818181818182, 0.22727272727272727, 0.18181818181818182, 0.13636363636363635, 0.13636363636363635, 0.045454545454545456, 0.045454545454545456, 0.045454545454545456, 0.0], [0.02126354528726232, 0.06133714986710284, 0.1517072173379677, 0.23921488448170108, 0.24453077080351665, 0.14352893068902065, 0.06215497853199755, 0.07094663667961562, 0.00531588632181558], [0.01870748299319728, 0.06519274376417233, 0.15306122448979592, 0.2522675736961451, 0.2534013605442177, 0.141156462585034, 0.040249433106575964, 0.060090702947845805, 0.015873015873015872], [0.07423741271591326, 0.1587651598676957, 0.2484380742374127, 0.25284821756707093, 0.1583976479235575, 0.06798970966556413, 0.020948180815876516, 0.017640573318632856, 0.000735023888276369], [0.030405405405405407, 0.05067567567567568, 0.25, 0.30067567567567566, 0.27364864864864863, 0.0777027027027027, 0.016891891891891893, 0.0, 0.0], [0.01968205904617714, 0.054958364875094624, 0.1457986373959122, 0.2570779712339137, 0.253444360333081, 0.16411809235427707, 0.04647993943981832, 0.04996214988644966, 0.008478425435276306], [0.017313432835820895, 0.05838805970149254, 0.18829850746268656, 0.3108059701492537, 0.25408955223880597, 0.11594029850746268, 0.03582089552238806, 0.01862686567164179, 0.0007164179104477612], [0.0381139489194499, 0.09351669941060904, 0.1988212180746562, 0.24165029469548133, 0.22514734774066797, 0.1111984282907662, 0.04793713163064833, 0.040471512770137524, 0.003143418467583497], [0.012352456766401317, 0.04721383475157837, 0.12791655229206697, 0.23771616799341203, 0.24046115838594564, 0.17760087839692562, 0.06505627230304693, 0.0763107329124348, 0.015371946198188307], [0.11904761904761904, 0.1676190476190476, 0.22285714285714286, 0.23238095238095238, 0.13523809523809524, 0.07809523809523809, 0.021904761904761906, 0.02095238095238095, 0.0019047619047619048], [0.17712177121771217, 0.19557195571955718, 0.1881918819188192, 0.22140221402214022, 0.13653136531365315, 0.06642066420664207, 0.0036900369003690036, 0.007380073800738007, 0.0036900369003690036], [0.06471271038885665, 0.1256529309344167, 0.22663958212420196, 0.2629135229251306, 0.17498549042367964, 0.08560650029019153, 0.023505513639001743, 0.03221125943122461, 0.0037724898432965758], [0.029801324503311258, 0.07008830022075055, 0.1490066225165563, 0.2367549668874172, 0.23233995584988962, 0.13189845474613687, 0.05518763796909492, 0.0695364238410596, 0.025386313465783666], [0.023067583974099554, 0.060704168352893564, 0.17685147713476326, 0.27681100768919464, 0.22136786726021854, 0.14042897612302713, 0.04775394577094294, 0.046539862403885066, 0.006475111290975314], [0.04311322895393692, 0.10324483775811209, 0.2203312911277513, 0.2545949625595643, 0.21647379169503064, 0.09507601542999773, 0.03607896528250511, 0.030179260267755845, 0.0009076469253460404], [0.02268178785857238, 0.0847231487658439, 0.19479653102068045, 0.276184122748499, 0.2248165443629086, 0.09606404269513008, 0.050700466977985324, 0.040693795863909275, 0.009339559706470981], [0.012903225806451613, 0.034408602150537634, 0.09634408602150538, 0.20774193548387096, 0.24989247311827956, 0.18451612903225806, 0.08172043010752689, 0.11182795698924732, 0.02064516129032258], [0.01914545879056736, 0.06397385010506654, 0.19589073079617092, 0.2596310996964744, 0.21643707681531638, 0.1335512491244455, 0.05159934625262667, 0.053000233481204764, 0.006770954938127481], [0.020718232044198894, 0.07700276243093923, 0.2118439226519337, 0.300932320441989, 0.20441988950276244, 0.11187845303867404, 0.035566298342541436, 0.03332182320441989, 0.004316298342541437], [0.017964071856287425, 0.05728542914171657, 0.17744510978043912, 0.29820359281437125, 0.24870259481037923, 0.13193612774451097, 0.03592814371257485, 0.0281437125748503, 0.004391217564870259], [0.4057971014492754, 0.13043478260869565, 0.10144927536231885, 0.15942028985507245, 0.13043478260869565, 0.057971014492753624, 0.014492753623188406, 0.0, 0.0]]}, "ranksDetailed": {"labels": ["Unranked", "Combatatant", "Challenger", "Rival", "Duelist", "Elite"], "data": [[0.22988505747126436, 0.4482758620689655, 0.25287356321839083, 0.06896551724137931, 0.0, 0.0], [0.0805168986083499, 0.35984095427435386, 0.4254473161033797, 0.10536779324055666, 0.027833001988071572, 0.0009940357852882703], [0.04148783977110158, 0.268001907486886, 0.4868860276585599, 0.16785884597043396, 0.030996661897949453, 0.004768717215069146], [0.0484945377031708, 0.25153210764721556, 0.5027977617905676, 0.16013855582200906, 0.03250732747135625, 0.0045297095656807885], [0.29411764705882354, 0.29411764705882354, 0.08823529411764706, 0.23529411764705882, 0.08823529411764706, 0.0], [0.026298194784934253, 0.22464898595943839, 0.4869623356362826, 0.18386449743704034, 0.0655226209048362, 0.012703365277468242], [0.08177720540888603, 0.39085640695428203, 0.3837733419188667, 0.09594333547971667, 0.03541532517707663, 0.012234385061171926], [0.46511627906976744, 0.3953488372093023, 0.12790697674418605, 0.011627906976744186, 0.0, 0.0], [0.11324639670555937, 0.4188972775108671, 0.33539235872797984, 0.09791809654541295, 0.03180050331731869, 0.002745367192862045], [0.050716648291069456, 0.28721058434399116, 0.48897464167585447, 0.1345093715545755, 0.034729878721058434, 0.003858875413450937], [0.08362248438584316, 0.4080499653018737, 0.3834142956280361, 0.09680777238029147, 0.024288688410825817, 0.003816793893129771], [0.04477611940298507, 0.26492537313432835, 0.5003109452736318, 0.14956467661691542, 0.03544776119402985, 0.004975124378109453], [0.06758448060075094, 0.3642052565707134, 0.4355444305381727, 0.10794743429286609, 0.01939924906132666, 0.005319148936170213], [0.010228933268387726, 0.19045299561617146, 0.5241110569897711, 0.21480759863614224, 0.05211885046273746, 0.008280565026790063], [0.06653992395437262, 0.4011406844106464, 0.3612167300380228, 0.12357414448669202, 0.034220532319391636, 0.013307984790874524], [0.0409967845659164, 0.282556270096463, 0.49115755627009644, 0.14429260450160772, 0.034967845659163985, 0.006028938906752411], [0.0606366851945427, 0.3779686710459828, 0.4300151591712986, 0.10611419909044972, 0.021728145528044467, 0.0035371399696816574], [0.18181818181818182, 0.4090909090909091, 0.2727272727272727, 0.09090909090909091, 0.045454545454545456, 0.0], [0.02126354528726232, 0.21304436720507053, 0.48374565528521773, 0.2056839092210182, 0.07094663667961562, 0.00531588632181558], [0.01870748299319728, 0.21825396825396826, 0.5056689342403629, 0.18140589569160998, 0.060090702947845805, 0.015873015873015872], [0.07423741271591326, 0.4072032341051084, 0.41124586549062847, 0.08893789048144064, 0.017640573318632856, 0.000735023888276369], [0.030405405405405407, 0.30067567567567566, 0.5743243243243243, 0.0945945945945946, 0.0, 0.0], [0.01968205904617714, 0.20075700227100682, 0.5105223315669947, 0.2105980317940954, 0.04996214988644966, 0.008478425435276306], [0.017313432835820895, 0.2466865671641791, 0.5648955223880597, 0.15176119402985075, 0.01862686567164179, 0.0007164179104477612], [0.0381139489194499, 0.2923379174852652, 0.4667976424361493, 0.15913555992141454, 0.040471512770137524, 0.003143418467583497], [0.012352456766401317, 0.17513038704364534, 0.47817732637935767, 0.24265715069997254, 0.0763107329124348, 0.015371946198188307], [0.11904761904761904, 0.3904761904761905, 0.3676190476190476, 0.1, 0.02095238095238095, 0.0019047619047619048], [0.17712177121771217, 0.3837638376383764, 0.35793357933579334, 0.07011070110701106, 0.007380073800738007, 0.0036900369003690036], [0.06471271038885665, 0.3522925130586187, 0.4378990133488102, 0.10911201392919327, 0.03221125943122461, 0.0037724898432965758], [0.029801324503311258, 0.21909492273730685, 0.46909492273730685, 0.1870860927152318, 0.0695364238410596, 0.025386313465783666], [0.023067583974099554, 0.2375556454876568, 0.4981788749494132, 0.18818292189397004, 0.046539862403885066, 0.006475111290975314], [0.04311322895393692, 0.3235761288858634, 0.471068754254595, 0.13115498071250284, 0.030179260267755845, 0.0009076469253460404], [0.02268178785857238, 0.27951967978652437, 0.5010006671114076, 0.1467645096731154, 0.040693795863909275, 0.009339559706470981], [0.012903225806451613, 0.13075268817204302, 0.45763440860215054, 0.26623655913978495, 0.11182795698924732, 0.02064516129032258], [0.01914545879056736, 0.25986458090123743, 0.4760681765117908, 0.18515059537707215, 0.053000233481204764, 0.006770954938127481], [0.020718232044198894, 0.2888466850828729, 0.5053522099447514, 0.14744475138121546, 0.03332182320441989, 0.004316298342541437], [0.017964071856287425, 0.2347305389221557, 0.5469061876247505, 0.16786427145708582, 0.0281437125748503, 0.004391217564870259], [0.4057971014492754, 0.2318840579710145, 0.2898550724637681, 0.07246376811594203, 0.0, 0.0]]}}}, "eu": {"histType": {"histogram": {"labels": ["0", "100", "200", "300", "400", "500", "600", "700", "800", "900", "1000", "1100", "1200", "1300", "1400", "1500", "1600", "1700", "1800", "1900", "2000", "2100", "2200", "2300", "2400", "2500", "2600", "2700", "2800", "2900", "3000", "3100"], "data": [[0.0, 0.0, 0.0, 0.0, 0.0, 0.014925373134328358, 0.04477611940298507, 0.04477611940298507, 0.07462686567164178, 0.08955223880597014, 0.07462686567164178, 0.13432835820895522, 0.1044776119402985, 0.13432835820895522, 0.04477611940298507, 0.08955223880597014, 0.04477611940298507, 0.014925373134328358, 0.05970149253731343, 0.014925373134328358, 0.014925373134328358, 0.0, 0.0, 0.0, 0.0, 0.0, 0.0, 0.0, 0.0, 0.0, 0.0, 0.0], [0.0010582010582010583, 0.0, 0.0, 0.0010582010582010583, 0.0010582010582010583, 0.0021164021164021165, 0.006349206349206349, 0.007407407407407408, 0.026455026455026454, 0.039153439153439155, 0.06243386243386243, 0.09841269841269841, 0.10476190476190476, 0.1343915343915344, 0.13756613756613756, 0.11746031746031746, 0.1037037037037037, 0.04867724867724868, 0.05185185185185185, 0.02433862433862434, 0.010582010582010581, 0.014814814814814815, 0.005291005291005291, 0.0010582010582010583, 0.0, 0.0, 0.0, 0.0, 0.0, 0.0, 0.0, 0.0], [0.0, 0.0, 0.0, 0.0, 0.0010706638115631692, 0.0005353319057815846, 0.0016059957173447537, 0.006423982869379015, 0.016595289079229122, 0.023554603854389723, 0.04229122055674518, 0.05406852248394004, 0.0867237687366167, 0.10599571734475374, 0.1386509635974304, 0.12740899357601712, 0.15524625267665954, 0.0690578158458244, 0.09957173447537473, 0.029978586723768737, 0.01284796573875803, 0.020342612419700215, 0.004817987152034261, 0.0026766595289079227, 0.0005353319057815846, 0.0, 0.0, 0.0, 0.0, 0.0, 0.0, 0.0], [0.0, 0.0, 0.0, 0.0, 0.0004701457451810061, 0.00023507287259050304, 0.0021156558533145277, 0.007287259050305595, 0.011988716502115656, 0.01857075693464974, 0.0380818053596615, 0.049600376116596144, 0.0768688293370945, 0.09802538787023977, 0.1229431123648331, 0.13305124588622472, 0.14339445228020686, 0.10366713681241185, 0.09543958627174425, 0.04066760695815703, 0.020686412787964268, 0.01904090267983075, 0.007522331922896097, 0.004466384579219558, 0.004231311706629055, 0.0009402914903620122, 0.0007052186177715092, 0.0, 0.0, 0.0, 0.0, 0.0], [0.0, 0.0, 0.0, 0.0, 0.0, 0.02702702702702703, 0.05405405405405406, 0.08108108108108109, 0.08108108108108109, 0.02702702702702703, 0.13513513513513514, 0.13513513513513514, 0.0, 0.08108108108108109, 0.10810810810810811, 0.05405405405405406, 0.08108108108108109, 0.05405405405405406, 0.0, 0.05405405405405406, 0.0, 0.0, 0.0, 0.02702702702702703, 0.0, 0.0, 0.0, 0.0, 0.0, 0.0, 0.0, 0.0], [0.0, 0.00043318171973142733, 0.00021659085986571366, 0.00021659085986571366, 0.000649772579597141, 0.00043318171973142733, 0.0008663634394628547, 0.0034654537578514186, 0.004981589776911414, 0.01299545159194282, 0.024474767164825644, 0.03573749187784275, 0.0632445310807884, 0.09551656920077972, 0.11522633744855967, 0.1111111111111111, 0.13406974225687676, 0.09400043318171973, 0.11609270088802252, 0.057829759584145546, 0.03833658219623132, 0.044184535412605586, 0.02122590426683994, 0.008013861815031406, 0.009963179553822829, 0.0036820446177171324, 0.0023824994585228505, 0.000649772579597141, 0.0, 0.0, 0.0, 0.0], [0.0, 0.0, 0.0011474469305794606, 0.0017211703958691911, 0.0017211703958691911, 0.0034423407917383822, 0.0034423407917383822, 0.012048192771084338, 0.03327596098680436, 0.039586919104991396, 0.06655192197360872, 0.07458405048766495, 0.10671256454388985, 0.12105565117613311, 0.10327022375215146, 0.10040160642570281, 0.09695926563396443, 0.060240963855421686, 0.05737234652897304, 0.029259896729776247, 0.0189328743545611, 0.026965002868617326, 0.01835915088927137, 0.005737234652897304, 0.005737234652897304, 0.005737234652897304, 0.005737234652897304, 0.0, 0.0, 0.0, 0.0, 0.0], [0.0, 0.0, 0.0, 0.0, 0.01818181818181818, 0.01818181818181818, 0.0, 0.14545454545454545, 0.09090909090909091, 0.05454545454545454, 0.14545454545454545, 0.07272727272727272, 0.09090909090909091, 0.12727272727272726, 0.03636363636363636, 0.12727272727272726, 0.05454545454545454, 0.01818181818181818, 0.0, 0.0, 0.0, 0.0, 0.0, 0.0, 0.0, 0.0, 0.0, 0.0, 0.0, 0.0, 0.0, 0.0], [0.0004464285714285714, 0.0002232142857142857, 0.0008928571428571428, 0.0011160714285714285, 0.0006696428571428571, 0.0017857142857142857, 0.007366071428571428, 0.01607142857142857, 0.03370535714285714, 0.05111607142857143, 0.08147321428571429, 0.09910714285714285, 0.12477678571428572, 0.11763392857142857, 0.09977678571428572, 0.09308035714285715, 0.08147321428571429, 0.05, 0.05022321428571429, 0.027008928571428573, 0.022098214285714287, 0.01875, 0.010267857142857143, 0.006919642857142857, 0.0033482142857142855, 0.0006696428571428571, 0.0, 0.0, 0.0, 0.0, 0.0, 0.0], [0.0, 0.0, 0.0, 0.0, 0.0, 0.0007137758743754461, 0.0014275517487508922, 0.007851534618129907, 0.010706638115631691, 0.024982155603140613, 0.047109207708779445, 0.05139186295503212, 0.07708779443254818, 0.1192005710206995, 0.139186295503212, 0.1192005710206995, 0.1441827266238401, 0.06709493219129194, 0.09421841541755889, 0.029978586723768737, 0.023554603854389723, 0.023554603854389723, 0.009279086366880799, 0.0035688793718772305, 0.004996431120628123, 0.0007137758743754461, 0.0, 0.0, 0.0, 0.0, 0.0, 0.0], [0.000429553264604811, 0.0, 0.0, 0.0, 0.001288659793814433, 0.002147766323024055, 0.003006872852233677, 0.011168384879725086, 0.02620274914089347, 0.04768041237113402, 0.062285223367697595, 0.09106529209621993, 0.12156357388316151, 0.1172680412371134, 0.11769759450171821, 0.09579037800687286, 0.09149484536082474, 0.05970790378006873, 0.05627147766323024, 0.03479381443298969, 0.020189003436426118, 0.019329896907216496, 0.011168384879725086, 0.003865979381443299, 0.00429553264604811, 0.001288659793814433, 0.0, 0.0, 0.0, 0.0, 0.0, 0.0], [0.0, 0.0, 0.0, 0.00033456005352960856, 0.0006691201070592171, 0.0013382402141184342, 0.0020073603211776514, 0.004349280695884911, 0.014386082301773169, 0.02776848444295751, 0.035797925727668115, 0.05185680829708933, 0.08062897290063567, 0.09601873536299765, 0.11910337905654064, 0.12311809969889595, 0.13783874205419872, 0.0933422549347608, 0.09969889595182335, 0.04784208765473402, 0.021746403479424557, 0.022750083640013383, 0.010705921712947474, 0.0020073603211776514, 0.0036801605888256944, 0.0020073603211776514, 0.00033456005352960856, 0.00033456005352960856, 0.0, 0.0, 0.00033456005352960856, 0.0], [0.0, 0.0, 0.0, 0.0007846214201647705, 0.00039231071008238524, 0.0007846214201647705, 0.002746174970576697, 0.010984699882306787, 0.022754021184778345, 0.03060023538642605, 0.06159278148293448, 0.0745390349156532, 0.1090623774029031, 0.12397018438603374, 0.1306394664574343, 0.11377010592389172, 0.10670851314240878, 0.06276971361318164, 0.06826206355433503, 0.03138485680659082, 0.018046292663789723, 0.013338564142801098, 0.00745390349156532, 0.002746174970576697, 0.003530796390741467, 0.001569242840329541, 0.001569242840329541, 0.0, 0.0, 0.0, 0.0, 0.0], [0.0, 0.0, 0.0, 0.0, 0.0, 0.0, 0.0008952551477170994, 0.0013428827215756492, 0.005371530886302597, 0.009400179051029543, 0.017905102954341987, 0.02730528200537153, 0.05908683974932856, 0.07878245299910475, 0.12399283795881827, 0.14100268576544314, 0.15801253357206804, 0.11772605192479857, 0.10295434198746643, 0.05416293643688451, 0.03625783348254252, 0.03983885407341092, 0.011638316920322292, 0.006714413607878245, 0.005371530886302597, 0.0013428827215756492, 0.0004476275738585497, 0.0004476275738585497, 0.0, 0.0, 0.0, 0.0], [0.0, 0.0, 0.0022271714922048997, 0.0, 0.0, 0.0022271714922048997, 0.008908685968819599, 0.013363028953229399, 0.028953229398663696, 0.0378619153674833, 0.05790645879732739, 0.0757238307349666, 0.08240534521158129, 0.11581291759465479, 0.133630289532294, 0.07126948775055679, 0.09799554565701558, 0.08463251670378619, 0.08240534521158129, 0.0378619153674833, 0.015590200445434299, 0.013363028953229399, 0.013363028953229399, 0.008908685968819599, 0.015590200445434299, 0.0, 0.0, 0.0, 0.0, 0.0, 0.0, 0.0], [0.0, 0.0, 0.0, 0.000388651379712398, 0.000388651379