{"region": {"us": {"histType": {"histogram": {"labels": ["0", "100", "200", "300", "400", "500", "600", "700", "800", "900", "1000", "1100", "1200", "1300", "1400", "1500", "1600", "1700", "1800", "1900", "2000", "2100", "2200", "2300", "2400", "2500", "2600", "2700", "2800", "2900", "3000"], "data": [[0.0, 0.0, 0.003816793893129771, 0.003816793893129771, 0.0, 0.011450381679389313, 0.019083969465648856, 0.015267175572519083, 0.03816793893129771, 0.03435114503816794, 0.06870229007633588, 0.0916030534351145, 0.08015267175572519, 0.11068702290076336, 0.11450381679389313, 0.10687022900763359, 0.08015267175572519, 0.0648854961832061, 0.04961832061068702, 0.05343511450381679, 0.015267175572519083, 0.011450381679389313, 0.026717557251908396, 0.0, 0.0, 0.0, 0.0, 0.0, 0.0, 0.0, 0.0], [0.0, 0.0009289363678588017, 0.0, 0.00046446818392940084, 0.0009289363678588017, 0.0013934045517882026, 0.00557361820715281, 0.012076172782164421, 0.011611704598235021, 0.021365536460752437, 0.036228518346493266, 0.04969809568044589, 0.06967022758941012, 0.07524384579656293, 0.1119368323269856, 0.12819321876451464, 0.15188109614491407, 0.08732001857872736, 0.12865768694844404, 0.043195541105434276, 0.02275894101254064, 0.017185322805387832, 0.007895959126799815, 0.0041802136553646075, 0.0041802136553646075, 0.0037157454714352067, 0.0037157454714352067, 0.0, 0.0, 0.0, 0.0], [0.0001461133839859731, 0.0, 0.0, 0.0002922267679719462, 0.0002922267679719462, 0.0002922267679719462, 0.0002922267679719462, 0.0007305669199298656, 0.003945061367621274, 0.004821741671537112, 0.009205143191116306, 0.0135885447106955, 0.02206312098188194, 0.03419053185271771, 0.05070134424313267, 0.07890122735242548, 0.13500876680303917, 0.10783167738164816, 0.24444769140853304, 0.08343074225599065, 0.05362361192285214, 0.0749561659848042, 0.023670368205727644, 0.016656925774400935, 0.024547048509643482, 0.007451782583284629, 0.00423728813559322, 0.0032144944476914087, 0.001315020455873758, 0.0001461133839859731, 0.0], [0.0, 0.0, 0.0, 0.0, 0.00013412017167381974, 0.0002682403433476395, 0.0017435622317596568, 0.002682403433476395, 0.0065718884120171675, 0.011668454935622317, 0.019045064377682403, 0.02186158798283262, 0.04050429184549356, 0.05740343347639485, 0.08167918454935623, 0.11856223175965665, 0.15879828326180256, 0.11440450643776824, 0.17355150214592274, 0.07081545064377683, 0.0441255364806867, 0.04667381974248927, 0.012204935622317597, 0.004828326180257511, 0.008047210300429184, 0.002011802575107296, 0.0014753218884120173, 0.0009388412017167382, 0.0, 0.0, 0.0], [0.0, 0.0, 0.0, 0.0, 0.01020408163265306, 0.0, 0.0, 0.04081632653061224, 0.030612244897959183, 0.061224489795918366, 0.05102040816326531, 0.07142857142857142, 0.08163265306122448, 0.12244897959183673, 0.07142857142857142, 0.061224489795918366, 0.07142857142857142, 0.061224489795918366, 0.08163265306122448, 0.09183673469387756, 0.02040816326530612, 0.061224489795918366, 0.0, 0.01020408163265306, 0.0, 0.0, 0.0, 0.0, 0.0, 0.0, 0.0], [0.0, 0.0, 0.0, 0.0, 0.0, 0.0002718499388337638, 0.0, 0.0019029495718363464, 0.0017670246024194644, 0.007339948348511621, 0.012369172216936251, 0.021340220198450454, 0.03534049204838929, 0.062253635992931905, 0.0914775044175615, 0.12790539622128586, 0.15658556476824792, 0.10778850074758733, 0.15264374065515834, 0.06483621041185265, 0.04064156585564768, 0.05287481310316705, 0.019845045534864755, 0.010330297675683022, 0.017534321054777764, 0.005572923746092157, 0.004621448960173984, 0.003398124235422047, 0.0013592496941688189, 0.0, 0.0], [0.0, 0.0, 0.0002969121140142518, 0.0017814726840855108, 0.0017814726840855108, 0.0032660332541567696, 0.004453681710213777, 0.0086104513064133, 0.019596199524940617, 0.02880047505938242, 0.0418646080760095, 0.047802850356294536, 0.07363420427553444, 0.09055819477434679, 0.12114014251781473, 0.12826603325415678, 0.1244061757719715, 0.08105700712589074, 0.09263657957244656, 0.03592636579572447, 0.024049881235154395, 0.02553444180522565, 0.0086104513064133, 0.006532066508313539, 0.013064133016627079, 0.0056413301662707836, 0.0059382422802850355, 0.0032660332541567696, 0.0014845605700712589, 0.0, 0.0], [0.003745318352059925, 0.0, 0.003745318352059925, 0.011235955056179775, 0.003745318352059925, 0.0149812734082397, 0.02247191011235955, 0.056179775280898875, 0.056179775280898875, 0.10861423220973783, 0.09737827715355805, 0.10486891385767791, 0.10861423220973783, 0.0898876404494382, 0.0599250936329588, 0.07116104868913857, 0.052434456928838954, 0.026217228464419477, 0.033707865168539325, 0.0299625468164794, 0.026217228464419477, 0.018726591760299626, 0.0, 0.0, 0.0, 0.0, 0.0, 0.0, 0.0, 0.0, 0.0], [0.0003365114974761638, 0.0002243409983174425, 0.0005608524957936063, 0.0007851934941110488, 0.0006730229949523276, 0.00179472798653954, 0.0019068984856982613, 0.005832865956253506, 0.010992708917554684, 0.0232192933258553, 0.03948401570386988, 0.056982613572630396, 0.07190128996074033, 0.08457655636567583, 0.10790802019068985, 0.12989343802579922, 0.12484576556365676, 0.07515423443634324, 0.0923163208076276, 0.04901850813236119, 0.033538979248457654, 0.03309029725182277, 0.017498597868760516, 0.010768367919237241, 0.015479528883903533, 0.006281547952888391, 0.004038137969713965, 0.00089736399326977, 0.0, 0.0, 0.0], [0.0, 0.0, 0.0, 0.0, 0.000481000481000481, 0.000481000481000481, 0.000481000481000481, 0.000481000481000481, 0.001924001924001924, 0.005772005772005772, 0.008658008658008658, 0.008177008177008177, 0.010101010101010102, 0.02356902356902357, 0.0481000481000481, 0.06926406926406926, 0.08994708994708994, 0.09764309764309764, 0.18085618085618085, 0.08273208273208273, 0.0836940836940837, 0.11014911014911015, 0.04954304954304954, 0.02405002405002405, 0.06012506012506012, 0.015392015392015393, 0.010582010582010581, 0.012506012506012507, 0.005291005291005291, 0.0, 0.0], [0.0, 0.0, 0.0006997900629811056, 0.0, 0.00244926522043387, 0.0010496850944716584, 0.004548635409377187, 0.003848845346396081, 0.011896431070678797, 0.018894331700489854, 0.03079076277116865, 0.03813855843247026, 0.06333100069979006, 0.07872638208537439, 0.0979706088173548, 0.11861441567529742, 0.14765570328901328, 0.09657102869139259, 0.13855843247025892, 0.04863540937718684, 0.03219034289713086, 0.030440867739678096, 0.010496850944716585, 0.00734779566130161, 0.008047585724282715, 0.00489853044086774, 0.0034989503149055285, 0.0006997900629811056, 0.0, 0.0, 0.0], [0.0, 0.0, 0.0007860090391039497, 0.0007860090391039497, 0.0009825112988799372, 0.0021615248575358615, 0.0045195519748477105, 0.008842601689919434, 0.015523678522303007, 0.02574179603065435, 0.05561013951660444, 0.0687757909215956, 0.09412458243269797, 0.10218117508351346, 0.1361760660247593, 0.13499705246610336, 0.12084888976223226, 0.06740027510316368, 0.07133032029868344, 0.034584397720573784, 0.018667714678718805, 0.01768520337983887, 0.00844959717036746, 0.0029475338966398115, 0.0035370406759677735, 0.0029475338966398115, 0.00039300451955197487, 0.0, 0.0, 0.0, 0.0], [0.0, 0.0, 0.0, 0.0, 0.0003647638154295094, 0.0007295276308590188, 0.0027357286157213205, 0.0034652562465803394, 0.007295276308590188, 0.010395768739741018, 0.02681014043406894, 0.040124019697246036, 0.05507933612985592, 0.07185847163961336, 0.11289440087543316, 0.11380631041400693, 0.14772934524895132, 0.10213386832026262, 0.14481123472551524, 0.05544409994528543, 0.03228159766551158, 0.033923034834944375, 0.012401969724603319, 0.00893671347802298, 0.010213386832026264, 0.0034652562465803394, 0.001823819077147547, 0.001276673354003283, 0.0, 0.0, 0.0], [0.00025687130747495504, 0.0, 0.0, 0.00012843565373747752, 0.00025687130747495504, 0.0003853069612124326, 0.0017980991523246853, 0.002697148728487028, 0.005522733110711534, 0.015797585409709734, 0.024788081171333163, 0.03262265604931929, 0.04276907269458002, 0.061520678140251736, 0.08823529411764706, 0.12124325712817878, 0.1520678140251734, 0.10403287952735679, 0.14821474441304905, 0.0674287182121757, 0.041227844849730286, 0.041741587464680194, 0.016825070639609557, 0.007320832263036219, 0.011173901875160545, 0.004238376573336759, 0.0030824556896994607, 0.0028255843822245054, 0.0015412278448497304, 0.00025687130747495504, 0.0], [0.0, 0.0, 0.00025471217524197657, 0.0, 0.0005094243504839531, 0.0005094243504839531, 0.0007641365257259297, 0.0010188487009679063, 0.0033112582781456954, 0.004075394803871625, 0.01273560876209883, 0.018339276617422313, 0.03897096281202241, 0.05374426897605705, 0.07972491085073867, 0.11258278145695365, 0.1586856851757514, 0.11716760061130922, 0.16454406520631687, 0.08099847172694855, 0.05068772287315334, 0.046357615894039736, 0.020122261844116147, 0.011716760061130923, 0.013245033112582781, 0.005094243504839531, 0.0015282730514518594, 0.0015282730514518594, 0.001782985226693836, 0.0, 0.0], [0.0, 0.0, 0.0, 0.0004697040864255519, 0.0009394081728511038, 0.0014091122592766556, 0.0009394081728511038, 0.0061061531235321745, 0.00986378581493659, 0.015030530765617662, 0.02160638797557539, 0.033818694222639736, 0.052137153593236264, 0.06951620479098168, 0.085955847815876, 0.11554720526068576, 0.13621418506341004, 0.10333489901362142, 0.11601690934711131, 0.0615312353217473, 0.04931892907468295, 0.040394551432597466, 0.026303428839830906, 0.012212306247064349, 0.016909347111319868, 0.008924377642085486, 0.006575857209957727, 0.0037576326914044154, 0.005166744950681071, 0.0, 0.0], [0.00024160425223483932, 0.0, 0.00048320850446967865, 0.00048320850446967865, 0.00048320850446967865, 0.0012080212611741967, 0.0024160425223483935, 0.004348876540227108, 0.007972940323749698, 0.014013046629620681, 0.023677216719014255, 0.0430055568978014, 0.06982362889586857, 0.08359507127325441, 0.1154868325682532, 0.1321575259724571, 0.13529838125151003, 0.09591688813723122, 0.11234597728920029, 0.051461705726020775, 0.030683740033824597, 0.034549408069582024, 0.01425465088185552, 0.004832085044696787, 0.01135539985503745, 0.0031408552790529115, 0.0031408552790529115, 0.0031408552790529115, 0.00048320850446967865, 0.0, 0.0], [0.0, 0.0, 0.0001832508704416346, 0.0003665017408832692, 0.0005497526113249038, 0.0003665017408832692, 0.0012827560930914422, 0.003665017408832692, 0.004764522631482499, 0.013010811801356057, 0.025288620120945574, 0.029869891881986438, 0.057724024189114896, 0.0672530694520799, 0.10152098222466557, 0.13175737584753527, 0.15246472420743998, 0.09437419827744181, 0.16016126076598863, 0.05076049111233279, 0.032435404068169325, 0.032435404068169325, 0.014476818764889134, 0.006230529595015576, 0.010628550485614806, 0.002748763056624519, 0.0020157595748579804, 0.0029320139270661537, 0.0007330034817665384, 0.0, 0.0], [0.0, 0.0, 0.0, 0.0136986301369863, 0.0136986301369863, 0.0136986301369863, 0.0, 0.0, 0.0136986301369863, 0.0821917808219178, 0.0273972602739726, 0.0684931506849315, 0.0547945205479452, 0.0547945205479452, 0.1095890410958904, 0.1506849315068493, 0.136986301369863, 0.0547945205479452, 0.0410958904109589, 0.0410958904109589, 0.0136986301369863, 0.0547945205479452, 0.0136986301369863, 0.0273972602739726, 0.0136986301369863, 0.0, 0.0, 0.0, 0.0, 0.0, 0.0], [0.00012758356723653993, 0.0, 0.0, 0.00012758356723653993, 0.00012758356723653993, 0.00025516713447307985, 0.0003827507017096198, 0.001913753508548099, 0.0030620056136769582, 0.006761929063536617, 0.013141107425363613, 0.01913753508548099, 0.03559581525899464, 0.05396784894105639, 0.09173258484307222, 0.13970400612401124, 0.1718550650676193, 0.1242663944883899, 0.13370757846389386, 0.06953304414391426, 0.045547333503444754, 0.04465424853278898, 0.01824445011482521, 0.007782597601428936, 0.010844603215105894, 0.0045930084205154376, 0.0028068384792038787, 0.00012758356723653993, 0.0, 0.0, 0.0], [0.0, 0.0, 0.0, 0.00016866250632484398, 0.0, 0.00033732501264968796, 0.0011806375442739079, 0.0008433125316242199, 0.0021926125822229717, 0.0037105751391465678, 0.009107775341541575, 0.013155675493337831, 0.02074548827795581, 0.03288918873334458, 0.05498397706189914, 0.0839939281497723, 0.13206274245235283, 0.1234609546297858, 0.18805869455220103, 0.0984989036937089, 0.06729634002361275, 0.08095800303592511, 0.028166638556248947, 0.015179625569235959, 0.021251475796930343, 0.010794400404790015, 0.0055658627087198514, 0.003879237645471412, 0.0015179625569235959, 0.0, 0.0], [0.00033061494379545955, 0.00011020498126515319, 0.0, 0.00022040996253030638, 0.00022040996253030638, 0.0007714348688560723, 0.0007714348688560723, 0.00242450958783337, 0.003967379325545515, 0.007493938726030417, 0.015538902358386598, 0.02115935640290941, 0.02556755565351554, 0.041767687899493054, 0.06149437954595548, 0.09158033943134229, 0.1320255675556535, 0.13268679744324444, 0.181287194181177, 0.09543751377562266, 0.055322900595106896, 0.0659025787965616, 0.02556755565351554, 0.011681728014106238, 0.016751157152303284, 0.0060612739695834255, 0.00275512453162883, 0.001102049812651532, 0.0, 0.0, 0.0], [0.0, 0.0, 0.0, 0.0, 0.0018726591760299626, 0.0, 0.0, 0.0056179775280898875, 0.009363295880149813, 0.0056179775280898875, 0.018726591760299626, 0.0299625468164794, 0.05056179775280899, 0.08614232209737828, 0.09737827715355805, 0.15168539325842698, 0.17790262172284643, 0.1348314606741573, 0.14794007490636704, 0.04119850187265917, 0.016853932584269662, 0.016853932584269662, 0.003745318352059925, 0.003745318352059925, 0.0, 0.0, 0.0, 0.0, 0.0, 0.0, 0.0], [0.0, 0.0, 0.0, 0.00027925160569673273, 9.308386856557759e-05, 9.308386856557759e-05, 0.00027925160569673273, 0.0009308386856557759, 0.0021409289770082844, 0.006050451456762543, 0.009401470725123337, 0.01777901889602532, 0.030531508889509448, 0.03788513450619008, 0.06059759843619101, 0.07819044959508517, 0.1241738806664805, 0.09913432002234013, 0.2176300847063204, 0.09475937819975798, 0.06180768872754352, 0.090570604114307, 0.025504979986968258, 0.011449315833566042, 0.017220515684631853, 0.006702038536721586, 0.0023270967141394397, 0.0032579353997952156, 0.0012100902913525086, 0.0, 0.0], [0.00018759966232060783, 9.379983116030391e-05, 9.379983116030391e-05, 9.379983116030391e-05, 0.0006565988181221273, 0.0006565988181221273, 0.0005627989869618235, 0.0013131976362442547, 0.0015945971297251665, 0.0067535878435418814, 0.012381577713160116, 0.02607635306256449, 0.04868211237219773, 0.06988087421442642, 0.10749460650970828, 0.15289372479129537, 0.19782384391708094, 0.12550417409248663, 0.13385235906575368, 0.04943251102148016, 0.02832754901041178, 0.020448363192946253, 0.007410186661664009, 0.002907794765969421, 0.0026263952724885093, 0.0015945971297251665, 0.0006565988181221273, 0.0, 0.0, 0.0, 0.0], [0.0, 0.00013218770654329148, 0.0, 0.00013218770654329148, 0.00026437541308658297, 0.0009253139458030404, 0.0011896893588896232, 0.002511566424322538, 0.003833443489755453, 0.006741573033707865, 0.014144084600132188, 0.02432253800396563, 0.03727693324520819, 0.0495703899537343, 0.0869795109054858, 0.13998678122934566, 0.16695307336417714, 0.11910112359550562, 0.1472571050892267, 0.07865168539325842, 0.040846001321877067, 0.03767349636483807, 0.020489094514210177, 0.009385327164573694, 0.007402511566424323, 0.0029081295439524124, 0.0007931262392597488, 0.0005287508261731659, 0.0, 0.0, 0.0], [0.0, 0.0, 0.0, 0.0, 0.0003117206982543641, 0.0, 0.0009351620947630922, 0.0010910224438902742, 0.0018703241895261845, 0.004208229426433915, 0.011066084788029925, 0.01683291770573566, 0.02961346633416459, 0.05112219451371571, 0.09071072319201995, 0.12079177057356609, 0.1527431421446384, 0.09756857855361596, 0.18095386533665836, 0.0685785536159601, 0.04270573566084788, 0.05361596009975062, 0.02275561097256858, 0.014806733167082295, 0.018235660847880298, 0.00841645885286783, 0.005143391521197007, 0.003273067331670823, 0.002649625935162095, 0.0, 0.0], [0.0004177109440267335, 0.000835421888053467, 0.0004177109440267335, 0.0012531328320802004, 0.002506265664160401, 0.003341687552213868, 0.005012531328320802, 0.00835421888053467, 0.015873015873015872, 0.030910609857978277, 0.04177109440267335, 0.060568086883876354, 0.06599832915622389, 0.0910609857978279, 0.12364243943191311, 0.11152882205513784, 0.12197159565580618, 0.07769423558897243, 0.12197159565580618, 0.03592314118629908, 0.023391812865497075, 0.02756892230576441, 0.007518796992481203, 0.006683375104427736, 0.00835421888053467, 0.004594820384294068, 0.000835421888053467, 0.0, 0.0, 0.0, 0.0], [0.0, 0.0, 0.0, 0.002181818181818182, 0.0014545454545454545, 0.002909090909090909, 0.004363636363636364, 0.011636363636363636, 0.01309090909090909, 0.015272727272727273, 0.024727272727272726, 0.03709090909090909, 0.05090909090909091, 0.05672727272727273, 0.09018181818181818, 0.11709090909090909, 0.13963636363636364, 0.12, 0.15636363636363637, 0.05672727272727273, 0.027636363636363636, 0.02690909090909091, 0.02109090909090909, 0.005818181818181818, 0.009454545454545455, 0.0036363636363636364, 0.002909090909090909, 0.002181818181818182, 0.0, 0.0, 0.0], [0.00031308703819661864, 0.0, 0.0, 0.0, 0.0006261740763932373, 0.000939261114589856, 0.003287413901064496, 0.005635566687539136, 0.008609893550407014, 0.016906700062617408, 0.03177833437695679, 0.048841577958672514, 0.06574827802128992, 0.09392611145898559, 0.13791484032561052, 0.14041953663118348, 0.13681903569192236, 0.08829054477144646, 0.10472761427676894, 0.036318096430807766, 0.024107701941139637, 0.026299311208515967, 0.010018785222291797, 0.005165936130244208, 0.007514088916718848, 0.003287413901064496, 0.000939261114589856, 0.0012523481527864746, 0.00031308703819661864, 0.0, 0.0], [0.0, 0.0, 0.0, 0.0005078720162519045, 0.0007618080243778568, 0.0005078720162519045, 0.0022854240731335703, 0.002031488065007618, 0.0045708481462671405, 0.01142712036566785, 0.017521584560690705, 0.024123920771965464, 0.038598273235144746, 0.05510411376333164, 0.07973590655154901, 0.11401726764855256, 0.12849162011173185, 0.1122397155916709, 0.15134586084306756, 0.06449974606399188, 0.04951752158456069, 0.05408836973082783, 0.023362112747587607, 0.011681056373793804, 0.026155408836973083, 0.011934992381919756, 0.007618080243778568, 0.004316912138141189, 0.0035551041137633316, 0.0, 0.0], [0.0, 0.0, 0.0, 0.0, 0.00022055580061755624, 0.0, 0.0011027790030877812, 0.0013233348037053375, 0.0030877812086457872, 0.011468901632112925, 0.016321129245699163, 0.02756947507719453, 0.049404499338332596, 0.06991618879576533, 0.1023378914865461, 0.12483458314953683, 0.1521835024261138, 0.10189677988531098, 0.15350683722981914, 0.06263784737538597, 0.03992059991177768, 0.04102337891486546, 0.015659461843846492, 0.0066166740185266875, 0.0070577856197618, 0.002867225408028231, 0.007278341420379356, 0.0015438906043228936, 0.00022055580061755624, 0.0, 0.0], [0.0002767017155506364, 0.0001383508577753182, 0.0001383508577753182, 0.0001383508577753182, 0.0005534034311012728, 0.0012451577199778638, 0.0012451577199778638, 0.0031820697288323188, 0.005672385168788046, 0.009131156613171001, 0.024349750968456003, 0.03638627559490869, 0.060597675705589375, 0.0835639180962922, 0.12036524626452684, 0.14817376867736579, 0.1588267847260653, 0.10736026563364692, 0.10680686220254565, 0.055201992252351964, 0.029745434421693414, 0.02227448810182623, 0.01162147205312673, 0.004980630879911455, 0.0048422800221361376, 0.002213613724405091, 0.0009684560044272275, 0.0, 0.0, 0.0, 0.0], [0.0, 0.0, 0.0, 0.00023894862604540023, 0.0007168458781362007, 0.0009557945041816009, 0.0014336917562724014, 0.0033452807646356035, 0.005017921146953405, 0.009557945041816009, 0.018399044205495818, 0.027001194743130227, 0.047311827956989246, 0.06547192353643967, 0.1032258064516129, 0.13452807646356033, 0.15770609318996415, 0.11589008363201912, 0.12951015531660692, 0.05878136200716846, 0.04229390681003584, 0.032974910394265235, 0.017682198327359618, 0.006212664277180406, 0.011947431302270013, 0.004540023894862605, 0.003106332138590203, 0.0019115890083632018, 0.00023894862604540023, 0.0, 0.0], [0.0, 0.0, 0.0, 0.0002727024815925825, 0.0, 0.0013635124079629125, 0.001636214889555495, 0.002727024815925825, 0.005726752113444232, 0.0059994545950368145, 0.012271611671666212, 0.02208890100899918, 0.032178892827924736, 0.04745023179710935, 0.0872647941096264, 0.10880829015544041, 0.14207799290973547, 0.10799018271066267, 0.1712571584401418, 0.07690209980910827, 0.045268611944368695, 0.0591764385055904, 0.023725115898554677, 0.01418052904281429, 0.018816471229888193, 0.008181074447777475, 0.0029997272975184073, 0.0008181074447777475, 0.0008181074447777475, 0.0, 0.0], [0.0, 0.0, 0.0003052969012364525, 0.0, 0.00015264845061822624, 0.00045794535185467866, 0.000610593802472905, 0.002137078308655167, 0.002137078308655167, 0.006105938024729049, 0.012822469851931003, 0.027782018012517173, 0.046252480537322546, 0.0780033582659136, 0.11448633796366967, 0.12211876049458098, 0.1454739734391696, 0.10441154022286674, 0.13784155090825828, 0.05541138757441612, 0.0378568157533201, 0.03923065180888414, 0.023660509845825066, 0.009158907037093574, 0.018775759426041826, 0.005495344222256144, 0.00442680506792856, 0.0030529690123645243, 0.0018317814074187146, 0.0, 0.0], [0.0, 0.0, 9.649715333397665e-05, 0.0, 9.649715333397665e-05, 0.0001929943066679533, 0.0001929943066679533, 0.0013509601466756731, 0.0021229373733474863, 0.005789829200038599, 0.011772652706745152, 0.02219434526681463, 0.03850236418025668, 0.05490688024703271, 0.08115410595387436, 0.09939206793399595, 0.13123612853420824, 0.10846280034738975, 0.20090707324133938, 0.07999614011386665, 0.04786258805365242, 0.06069670944707131, 0.019395927820129305, 0.009360223873395735, 0.013606098620090707, 0.005500337740036669, 0.0024124288333494163, 0.001640451606677603, 0.0011579658400077198, 0.0, 0.0], [0.0, 0.0, 0.0, 0.0, 0.0, 0.00012238404112103782, 0.0006119202056051891, 0.0006119202056051891, 0.0024476808224207563, 0.005384897809325664, 0.00844449883735161, 0.020193366784971238, 0.03414514747276955, 0.05862195569697711, 0.0928894872108677, 0.1365805898910782, 0.17819116387223105, 0.12373026557336923, 0.18137314894137804, 0.06388446946518174, 0.031452698568106716, 0.03928527719985314, 0.009913107330804064, 0.0031819850691469833, 0.004161057398115286, 0.0015909925345734916, 0.002692448904662832, 0.0004895361644841513, 0.0, 0.0, 0.0], [0.0, 0.004273504273504274, 0.0, 0.004273504273504274, 0.004273504273504274, 0.021367521367521368, 0.02564102564102564, 0.021367521367521368, 0.07692307692307693, 0.042735042735042736, 0.038461538461538464, 0.07264957264957266, 0.07692307692307693, 0.11538461538461539, 0.09829059829059829, 0.11538461538461539, 0.09401709401709402, 0.07264957264957266, 0.042735042735042736, 0.01282051282051282, 0.021367521367521368, 0.01282051282051282, 0.01282051282051282, 0.01282051282051282, 0.0, 0.0, 0.0, 0.0, 0.0, 0.0, 0.0]]}, "ranks": {"labels": ["Unranked", "Combatatent I", "Combatatent II", "Challenger I", "Challenger II", "Rival I", "Rival II", "Duelist", "Elite"], "data": [[0.12595419847328243, 0.16030534351145037, 0.19083969465648856, 0.22137404580152673, 0.1450381679389313, 0.08396946564885496, 0.03435114503816794, 0.03816793893129771, 0.0], [0.0543427775197399, 0.08592661402693916, 0.14491407338597306, 0.24013005109150024, 0.23920111472364142, 0.15281003251277286, 0.04180213655364608, 0.029261495587552252, 0.011611704598235021], [0.01081239041496201, 0.022793687901811806, 0.05625365283459965, 0.12960257159555816, 0.2428404441846873, 0.28959672706019873, 0.0919053185271771, 0.11528345996493279, 0.040911747516072475], [0.023068669527896997, 0.04090665236051502, 0.0979077253218884, 0.20024141630901288, 0.2732027896995708, 0.21244635193133046, 0.0760461373390558, 0.06370708154506438, 0.012473175965665237], [0.14285714285714285, 0.12244897959183673, 0.20408163265306123, 0.1326530612244898, 0.1326530612244898, 0.14285714285714285, 0.05102040816326531, 0.07142857142857142, 0.0], [0.011281772461601195, 0.03370939241538671, 0.09759412804132118, 0.21938290063884736, 0.26437406551583525, 0.18784830773413075, 0.07027320918852793, 0.08305015631371483, 0.03248606769063477], [0.06858669833729217, 0.08966745843230403, 0.16419239904988123, 0.2494061757719715, 0.20546318289786222, 0.11223277909738717, 0.040380047505938245, 0.04067695961995249, 0.029394299287410927], [0.2808988764044944, 0.20224719101123595, 0.19850187265917604, 0.13108614232209737, 0.07865168539325842, 0.04868913857677903, 0.04119850187265917, 0.018726591760299626, 0.0], [0.046326416152551876, 0.09646662927650028, 0.15647784632641615, 0.23780145821648907, 0.2, 0.11856421761076837, 0.05630959057767807, 0.061357263039820524, 0.026696578799775657], [0.00962000962000962, 0.016835016835016835, 0.03367003367003367, 0.11736411736411737, 0.18759018759018758, 0.2222222222222222, 0.12506012506012507, 0.18374218374218373, 0.1038961038961039], [0.04338698390482855, 0.06892932120363891, 0.14205738278516444, 0.2165850244926522, 0.24422673198040587, 0.16620013995801258, 0.05318404478656403, 0.04828551434569629, 0.017144856543037088], [0.0593436824523482, 0.12438593043820004, 0.19630575751621143, 0.2711731184908626, 0.18824916486539595, 0.08960503045785026, 0.034977402240125764, 0.029082334446846138, 0.0068775790921595595], [0.024986321356921394, 0.06693416013131498, 0.12693780776946928, 0.22670071128944008, 0.24986321356921393, 0.17362757614444646, 0.05890935619186577, 0.05526171803757067, 0.01677913550975743], [0.026843051631132802, 0.05741073722065245, 0.10428975083483175, 0.20947855124582584, 0.2561006935525302, 0.18494734138196764, 0.07192396609298742, 0.06588749036732597, 0.023118417672745955], [0.010443199184921039, 0.03107488537952114, 0.09271523178807947, 0.19230769230769232, 0.27585328578706064, 0.20911869587366277, 0.08711156393275599, 0.0781966377992868, 0.023178807947019868], [0.03475810239549084, 0.055425082198215125, 0.12165335838421794, 0.20150305307656177, 0.23954908407703146, 0.14607797087834665, 0.08078910286519493, 0.07891028651949272, 0.04133395960544857], [0.03165015704276395, 0.06668277361681565, 0.15341870016912298, 0.24764435854071032, 0.23121526938874123, 0.14133848755738102, 0.05315293549166465, 0.05363614399613433, 0.02126117419666586], [0.024189114898295765, 0.055158512002932016, 0.12497709364119479, 0.23327835807220085, 0.2468389224848818, 0.1896646509070918, 0.05369250503939894, 0.053142752428074036, 0.019058090525929997], [0.136986301369863, 0.0958904109589041, 0.1095890410958904, 0.2602739726027397, 0.1917808219178082, 0.0547945205479452, 0.0410958904109589, 0.0958904109589041, 0.0136986301369863], [0.012758356723653993, 0.032278642510844606, 0.08956366420005103, 0.23143659096708344, 0.29612145955600916, 0.17108956366420006, 0.07769839244705282, 0.07068129624904312, 0.01837203368206175], [0.008433125316242199, 0.022263450834879406, 0.05363467701130039, 0.13897790521167144, 0.2555236970821386, 0.24101872153820206, 0.11283521673132063, 0.12430426716141002, 0.043008939112835216], [0.01631033722724267, 0.03669825876129601, 0.0673352435530086, 0.15307471897729777, 0.26471236499889794, 0.23264271545073836, 0.09940489310116818, 0.10315186246418338, 0.02666960546616707], [0.02247191011235955, 0.04868913857677903, 0.13670411985018727, 0.24906367041198502, 0.31273408239700373, 0.17415730337078653, 0.031835205992509365, 0.024344569288389514, 0.0], [0.009866890067951224, 0.027180489621148655, 0.06841664339569953, 0.13878804803127617, 0.22330820068882062, 0.26733687052033883, 0.10686028111328306, 0.12752489993484128, 0.030717676626640603], [0.012006378388518901, 0.038457930775724604, 0.11856298658662415, 0.26038833130100364, 0.32332801800956756, 0.15983491229715788, 0.05177750680048776, 0.030766344620579682, 0.004877591220335803], [0.015730337078651686, 0.03846662260409782, 0.08684732319894249, 0.22696629213483147, 0.28605419695968276, 0.19101123595505617, 0.07574355584930602, 0.06754791804362194, 0.01163251817580965], [0.00841645885286783, 0.027899002493765587, 0.0807356608478803, 0.21150249376558602, 0.25031172069825436, 0.2177369077306733, 0.07450124688279301, 0.0911783042394015, 0.03771820448877806], [0.06892230576441102, 0.1023391812865497, 0.1570593149540518, 0.23517126148705095, 0.1996658312447786, 0.14076858813700918, 0.04051796157059315, 0.04177109440267335, 0.013784461152882205], [0.05090909090909091, 0.06181818181818182, 0.10763636363636364, 0.20727272727272728, 0.2596363636363636, 0.192, 0.04872727272727273, 0.05381818181818182, 0.01818181818181818], [0.036318096430807766, 0.0806199123356293, 0.1596743894802755, 0.27833437695679397, 0.22510958046336882, 0.12539135879774577, 0.03976205385097057, 0.04148403256105197, 0.013306199123356293], [0.022092432706957845, 0.04164550533265617, 0.09370238699847638, 0.19375317420010157, 0.24073133570340274, 0.1828339258506856, 0.08252920264093448, 0.08913153885220924, 0.053580497714575924], [0.017203352448169385, 0.04389060432289369, 0.11932068813409792, 0.22717247463608292, 0.25408028231142477, 0.18659020732245257, 0.06947507719453022, 0.06329951477723864, 0.018967798853109837], [0.02172108467072496, 0.060736026563364694, 0.14416159380188157, 0.26853901494189264, 0.26618705035971224, 0.13959601549529607, 0.052158273381294966, 0.03887659103486442, 0.008024349750968456], [0.02126642771804062, 0.04540023894862605, 0.11278375149342891, 0.23775388291517324, 0.2735961768219833, 0.16296296296296298, 0.06762246117084826, 0.05686977299880526, 0.021744324970131422], [0.01772566130351786, 0.034360512680665395, 0.07962912462503409, 0.1960730842650668, 0.2500681756203981, 0.21407144805017725, 0.0793564221434415, 0.09708208344695937, 0.031633487864739566], [0.011906579148221645, 0.040604487864448174, 0.12425583880323615, 0.23660509845825065, 0.24988551366203632, 0.1683712410319035, 0.06273851320409098, 0.07205006869180278, 0.03358265913600977], [0.009842709640065618, 0.03396699797355978, 0.0934092444272894, 0.1805461738878703, 0.239698928881598, 0.2421113577149474, 0.08665444369391102, 0.08945286114059635, 0.024317282640162117], [0.009178803084077836, 0.028637865622322848, 0.09276710316974666, 0.22947007710194592, 0.3019214294456003, 0.21674213682535798, 0.05996818014930853, 0.05238036959980419, 0.00893403500183576], [0.20085470085470086, 0.1111111111111111, 0.19230769230769232, 0.21367521367521367, 0.16666666666666666, 0.04700854700854701, 0.029914529914529916, 0.038461538461538464, 0.0]]}, "ranksDetailed": {"labels": ["Unranked", "Combatatant", "Challenger", "Rival", "Duelist", "Elite"], "data": [[0.12595419847328243, 0.3511450381679389, 0.366412213740458, 0.1183206106870229, 0.03816793893129771, 0.0], [0.0543427775197399, 0.23084068741291222, 0.4793311658151417, 0.19461216906641896, 0.029261495587552252, 0.011611704598235021], [0.01081239041496201, 0.07904734073641145, 0.37244301578024547, 0.3815020455873758, 0.11528345996493279, 0.040911747516072475], [0.023068669527896997, 0.13881437768240343, 0.47344420600858367, 0.2884924892703863, 0.06370708154506438, 0.012473175965665237], [0.14285714285714285, 0.32653061224489793, 0.2653061224489796, 0.19387755102040816, 0.07142857142857142, 0.0], [0.011281772461601195, 0.1313035204567079, 0.4837569661546826, 0.25812151692265867, 0.08305015631371483, 0.03248606769063477], [0.06858669833729217, 0.25385985748218526, 0.45486935866983375, 0.15261282660332542, 0.04067695961995249, 0.029394299287410927], [0.2808988764044944, 0.40074906367041196, 0.20973782771535582, 0.0898876404494382, 0.018726591760299626, 0.0], [0.046326416152551876, 0.25294447560291644, 0.4378014582164891, 0.17487380818844644, 0.061357263039820524, 0.026696578799775657], [0.00962000962000962, 0.050505050505050504, 0.304954304954305, 0.3472823472823473, 0.18374218374218373, 0.1038961038961039], [0.04338698390482855, 0.21098670398880337, 0.4608117564730581, 0.21938418474457663, 0.04828551434569629, 0.017144856543037088], [0.0593436824523482, 0.3206916879544115, 0.4594222833562586, 0.12458243269797603, 0.029082334446846138, 0.0068775790921595595], [0.024986321356921394, 0.19387196790078423, 0.476563924858654, 0.23253693233631223, 0.05526171803757067, 0.01677913550975743], [0.026843051631132802, 0.1617004880554842, 0.46557924479835605, 0.25687130747495507, 0.06588749036732597, 0.023118417672745955], [0.010443199184921039, 0.1237901171676006, 0.46816097809475293, 0.29623025980641876, 0.0781966377992868, 0.023178807947019868], [0.03475810239549084, 0.17707844058243308, 0.44105213715359326, 0.22686707374354156, 0.07891028651949272, 0.04133395960544857], [0.03165015704276395, 0.22010147378593864, 0.4788596279294516, 0.19449142304904565, 0.05363614399613433, 0.02126117419666586], [0.024189114898295765, 0.1801356056441268, 0.48011728055708264, 0.24335715594649074, 0.053142752428074036, 0.019058090525929997], [0.136986301369863, 0.2054794520547945, 0.4520547945205479, 0.0958904109589041, 0.0958904109589041, 0.0136986301369863], [0.012758356723653993, 0.12184230671089563, 0.5275580505230927, 0.24878795611125287, 0.07068129624904312, 0.01837203368206175], [0.008433125316242199, 0.07589812784617979, 0.3945016022938101, 0.35385393826952266, 0.12430426716141002, 0.043008939112835216], [0.01631033722724267, 0.10403350231430461, 0.41778708397619574, 0.33204760855190657, 0.10315186246418338, 0.02666960546616707], [0.02247191011235955, 0.1853932584269663, 0.5617977528089888, 0.20599250936329588, 0.024344569288389514, 0.0], [0.009866890067951224, 0.09559713301684818, 0.3620962487200968, 0.3741971516336219, 0.12752489993484128, 0.030717676626640603], [0.012006378388518901, 0.15702091736234874, 0.5837163493105713, 0.21161241909764564, 0.030766344620579682, 0.004877591220335803], [0.015730337078651686, 0.1253139458030403, 0.5130204890945143, 0.2667547918043622, 0.06754791804362194, 0.01163251817580965], [0.00841645885286783, 0.10863466334164588, 0.4618142144638404, 0.29223815461346636, 0.0911783042394015, 0.03771820448877806], [0.06892230576441102, 0.2593984962406015, 0.4348370927318296, 0.18128654970760233, 0.04177109440267335, 0.013784461152882205], [0.05090909090909091, 0.16945454545454544, 0.4669090909090909, 0.24072727272727273, 0.05381818181818182, 0.01818181818181818], [0.036318096430807766, 0.24029430181590483, 0.5034439574201628, 0.16515341264871633, 0.04148403256105197, 0.013306199123356293], [0.022092432706957845, 0.13534789233113256, 0.4344845099035043, 0.26536312849162014, 0.08913153885220924, 0.053580497714575924], [0.017203352448169385, 0.16321129245699162, 0.48125275694750774, 0.2560652845169828, 0.06329951477723864, 0.018967798853109837], [0.02172108467072496, 0.20489762036524625, 0.5347260653016048, 0.19175428887659104, 0.03887659103486442, 0.008024349750968456], [0.02126642771804062, 0.15818399044205494, 0.5113500597371565, 0.23058542413381122, 0.05686977299880526, 0.021744324970131422], [0.01772566130351786, 0.11398963730569948, 0.44614125988546494, 0.29342787019361877, 0.09708208344695937, 0.031633487864739566], [0.011906579148221645, 0.16486032666768433, 0.486490612120287, 0.2311097542359945, 0.07205006869180278, 0.03358265913600977], [0.009842709640065618, 0.1273762424008492, 0.4202451027694683, 0.3287658014088584, 0.08945286114059635, 0.024317282640162117], [0.009178803084077836, 0.12140496879206951, 0.5313915065475462, 0.2767103169746665, 0.05238036959980419, 0.00893403500183576], [0.20085470085470086, 0.3034188034188034, 0.3803418803418803, 0.07692307692307693, 0.038461538461538464, 0.0]]}}}, "eu": {"histType": {"histogram": {"labels": ["0", "100", "200", "300", "400", "500", "600", "700", "800", "900", "1000", "1100", "1200", "1300", "1400", "1500", "1600", "1700", "1800", "1900", "2000", "2100", "2200", "2300", "2400", "2500", "2600", "2700", "2800", "2900", "3000"], "data": [[0.0, 0.0, 0.0, 0.0, 0.0, 0.009708737864077669, 0.014563106796116505, 0.014563106796116505, 0.04854368932038835, 0.05339805825242718, 0.0825242718446602, 0.05339805825242718, 0.05339805825242718, 0.10679611650485436, 0.13592233009708737, 0.11165048543689321, 0.10194174757281553, 0.0825242718446602, 0.04854368932038835, 0.03398058252427184, 0.009708737864077669, 0.009708737864077669, 0.014563106796116505, 0.009708737864077669, 0.0048543689320388345, 0.0, 0.0, 0.0, 0.0, 0.0, 0.0], [0.0, 0.0, 0.0004992511233150275, 0.000998502246630055, 0.0014977533699450823, 0.0029955067398901645, 0.0054917623564653024, 0.008487269096355467, 0.019470793809286072, 0.026460309535696454, 0.038442336495257114, 0.05192211682476285, 0.06689965052421368, 0.0853719420868697, 0.12281577633549676, 0.11732401397903146, 0.15376934598102845, 0.08187718422366451, 0.1218172740888667, 0.03794308537194209, 0.01797304043934099, 0.0199700449326011, 0.003494757863205192, 0.00399400898652022, 0.006490264603095357, 0.0014977533699450823, 0.00199700449326011, 0.0004992511233150275, 0.0, 0.0, 0.0], [0.0, 0.0, 0.0, 0.0001546551190844417, 0.0001546551190844417, 0.0001546551190844417, 0.00046396535725332506, 0.001546551190844417, 0.002938447262604392, 0.004021033096195484, 0.010361892978657593, 0.01562016702752861, 0.02443550881534179, 0.03093102381688834, 0.0530467058459635, 0.07609031858954532, 0.1387256418187442, 0.10702134240643366, 0.23198267862666255, 0.08629755644911846, 0.060779461800185584, 0.07315187132694093, 0.027528611197030622, 0.015310856789359728, 0.020878441076399627, 0.008815341787813177, 0.0034024126198577173, 0.0037117228580266005, 0.0024744819053510673, 0.0, 0.0], [0.0, 0.0, 0.0, 0.00012825445684237527, 0.00012825445684237527, 0.00025650891368475054, 0.0008977811978966269, 0.0026933435936898806, 0.004488905989483135, 0.009106066435808644, 0.018212132871617288, 0.027831217134795434, 0.03668077465691933, 0.04899320251378735, 0.08387841477491342, 0.11170963190970887, 0.16429395921508272, 0.120302680518148, 0.17275875336667948, 0.07797870976016416, 0.04629985892009748, 0.04258047967166859, 0.012312427856868027, 0.005386687187379761, 0.007951776324227267, 0.0025650891368475055, 0.00038476337052712584, 0.001410799025266128, 0.0006412722842118764, 0.00012825445684237527, 0.0], [0.0, 0.0, 0.0, 0.0, 0.010309278350515464, 0.020618556701030927, 0.030927835051546393, 0.05154639175257732, 0.041237113402061855, 0.030927835051546393, 0.08247422680412371, 0.1134020618556701, 0.030927835051546393, 0.020618556701030927, 0.09278350515463918, 0.10309278350515463, 0.05154639175257732, 0.09278350515463918, 0.061855670103092786, 0.061855670103092786, 0.05154639175257732, 0.0, 0.030927835051546393, 0.010309278350515464, 0.0, 0.010309278350515464, 0.0, 0.0, 0.0, 0.0, 0.0], [0.0, 0.00013777900248002206, 0.00013777900248002206, 0.0002755580049600441, 0.00041333700744006614, 0.00013777900248002206, 0.00041333700744006614, 0.002066685037200331, 0.003031138054560485, 0.006613392119041058, 0.01212455221824194, 0.020529071369523283, 0.03444475062000551, 0.05800496004408928, 0.09079636263433452, 0.1162854780931386, 0.14962799669330393, 0.10677872692201708, 0.15527693579498483, 0.0744006613392119, 0.043262606778726925, 0.059796087076329565, 0.021906861394323504, 0.009920088178561588, 0.017773491319922844, 0.007853403141361256, 0.0035822540644805732, 0.002480022044640397, 0.0013777900248002205, 0.0005511160099200882, 0.0], [0.0002737476047084588, 0.0002737476047084588, 0.0002737476047084588, 0.001368738023542294, 0.0032849712565015056, 0.0024637284423761293, 0.0032849712565015056, 0.011223651793046812, 0.02053107035313441, 0.02737476047084588, 0.04215713112510266, 0.05803449219819327, 0.07528059129482617, 0.08896797153024912, 0.0949904188338352, 0.12346016972351492, 0.12811387900355872, 0.07911305776074459, 0.08623049548316453, 0.04325212154393649, 0.02737476047084588, 0.02737476047084588, 0.012318642211880646, 0.00684369011771147, 0.012592389816589104, 0.006569942513003011, 0.00684369011771147, 0.005748699698877635, 0.0043799616753353405, 0.0, 0.0], [0.0, 0.0, 0.0, 0.0, 0.010309278350515464, 0.020618556701030927, 0.005154639175257732, 0.05670103092783505, 0.02577319587628866, 0.061855670103092786, 0.09278350515463918, 0.10309278350515463, 0.09278350515463918, 0.05670103092783505, 0.1134020618556701, 0.11855670103092783, 0.09278350515463918, 0.061855670103092786, 0.015463917525773196, 0.02577319587628866, 0.03608247422680412, 0.010309278350515464, 0.0, 0.0, 0.0, 0.0, 0.0, 0.0, 0.0, 0.0, 0.0], [0.0004489841733078909, 0.00011224604332