{"region": {"us": {"histType": {"histogram": {"labels": ["0", "100", "200", "300", "400", "500", "600", "700", "800", "900", "1000", "1100", "1200", "1300", "1400", "1500", "1600", "1700", "1800", "1900", "2000", "2100", "2200", "2300", "2400", "2500", "2600", "2700", "2800", "2900", "3000"], "data": [[0.0, 0.0, 0.003745318352059925, 0.003745318352059925, 0.0, 0.011235955056179775, 0.018726591760299626, 0.0149812734082397, 0.0449438202247191, 0.033707865168539325, 0.06741573033707865, 0.08614232209737828, 0.08239700374531835, 0.10861423220973783, 0.10861423220973783, 0.10112359550561797, 0.08614232209737828, 0.07116104868913857, 0.04119850187265917, 0.06367041198501873, 0.0149812734082397, 0.011235955056179775, 0.026217228464419477, 0.0, 0.0, 0.0, 0.0, 0.0, 0.0, 0.0, 0.0], [0.0, 0.0009174311926605505, 0.0, 0.00045871559633027525, 0.0009174311926605505, 0.0013761467889908258, 0.005504587155963303, 0.011467889908256881, 0.011009174311926606, 0.022018348623853212, 0.037155963302752296, 0.04862385321100918, 0.06880733944954129, 0.07339449541284404, 0.11009174311926606, 0.12706422018348623, 0.15458715596330275, 0.08944954128440367, 0.13073394495412843, 0.04174311926605505, 0.022935779816513763, 0.017889908256880735, 0.007798165137614679, 0.005045871559633028, 0.003669724770642202, 0.003669724770642202, 0.003669724770642202, 0.0, 0.0, 0.0, 0.0], [0.0001448225923244026, 0.0, 0.0, 0.0002896451846488052, 0.0002896451846488052, 0.0002896451846488052, 0.0002896451846488052, 0.000724112961622013, 0.00391020999275887, 0.004779145546705286, 0.009123823316437364, 0.013468501086169442, 0.021578566256335988, 0.033454018826937, 0.05054308472121651, 0.07733526430123099, 0.1339608979000724, 0.10615496017378712, 0.24866039102099927, 0.08414192614047791, 0.05343953656770456, 0.07632150615496017, 0.02273714699493121, 0.015930485155684286, 0.02563359884141926, 0.007965242577842143, 0.004344677769732078, 0.002896451846488052, 0.0013034033309196234, 0.0002896451846488052, 0.0], [0.0, 0.0, 0.0, 0.0, 0.00013266118333775536, 0.0002653223666755107, 0.00172459538339082, 0.0026532236667551074, 0.006500397983550013, 0.011408861767046962, 0.018705226850623508, 0.021756434067391882, 0.04046166091801539, 0.05598301936853277, 0.08092332183603078, 0.1162111966038737, 0.16131599893871054, 0.11329265057044309, 0.17617405147253914, 0.07031042716901034, 0.04364552931812152, 0.04789068718492969, 0.012204828867073494, 0.005969753250198992, 0.007959671000265322, 0.0019899177500663306, 0.0015919342000530645, 0.0007959671000265323, 0.00013266118333775536, 0.0, 0.0], [0.0, 0.0, 0.0, 0.0, 0.010101010101010102, 0.0, 0.0, 0.04040404040404041, 0.030303030303030304, 0.06060606060606061, 0.050505050505050504, 0.0707070707070707, 0.08080808080808081, 0.12121212121212122, 0.0707070707070707, 0.0707070707070707, 0.06060606060606061, 0.0707070707070707, 0.09090909090909091, 0.0707070707070707, 0.030303030303030304, 0.06060606060606061, 0.0, 0.010101010101010102, 0.0, 0.0, 0.0, 0.0, 0.0, 0.0, 0.0], [0.0, 0.0, 0.0, 0.0, 0.0, 0.0002701242571582928, 0.0, 0.0018908698001080498, 0.0017558076715289033, 0.007293354943273906, 0.012290653700702323, 0.02147487844408428, 0.03525121555915721, 0.06158833063209076, 0.09089681253376553, 0.12587790383576444, 0.15613182063749326, 0.10886007563479201, 0.15437601296596434, 0.06591031874662345, 0.04051863857374392, 0.052809292274446244, 0.020394381415451107, 0.009049162614802809, 0.017828200972447326, 0.006347920043219881, 0.004457050243111832, 0.0032414910858995136, 0.001350621285791464, 0.0001350621285791464, 0.0], [0.0, 0.0, 0.0002946375957572186, 0.0017678255745433118, 0.0020624631703005302, 0.0029463759575721863, 0.00441956393635828, 0.008249852681202121, 0.019446081319976428, 0.02799057159693577, 0.04095462581025339, 0.047731290512669416, 0.07336476134354744, 0.0886859163229228, 0.11991750147318798, 0.1281673541543901, 0.1278727165586329, 0.082203889216264, 0.09310548025928109, 0.03624042427813789, 0.023276370064820272, 0.025338833235120803, 0.009723040659988214, 0.006776664702416028, 0.011490866234531527, 0.007071302298173247, 0.0058927519151443725, 0.0035356511490866236, 0.0014731879787860931, 0.0, 0.0], [0.0037174721189591076, 0.0, 0.0037174721189591076, 0.011152416356877323, 0.007434944237918215, 0.01486988847583643, 0.01858736059479554, 0.05204460966542751, 0.055762081784386616, 0.10780669144981413, 0.08921933085501858, 0.10780669144981413, 0.11524163568773234, 0.09665427509293681, 0.06319702602230483, 0.06691449814126393, 0.05204460966542751, 0.026022304832713755, 0.03345724907063197, 0.02973977695167286, 0.022304832713754646, 0.022304832713754646, 0.0, 0.0, 0.0, 0.0, 0.0, 0.0, 0.0, 0.0, 0.0], [0.0003327048907618942, 0.0003327048907618942, 0.0005545081512698237, 0.0007763114117777532, 0.0005545081512698237, 0.0017744260840634356, 0.0018853277143174004, 0.005877786403460131, 0.010979261395142508, 0.022845735832316735, 0.03859376732837973, 0.05578352001774426, 0.07108794499279139, 0.08262171453920372, 0.10757458134634579, 0.1293113008761229, 0.12443162914494843, 0.07763114117777531, 0.0940445824553621, 0.050460241765553956, 0.03349229233669735, 0.03282688255517356, 0.017411555949872464, 0.010757458134634579, 0.016746146168348675, 0.0062104912942220255, 0.004103360319396695, 0.0009981146722856827, 0.0, 0.0, 0.0], [0.0, 0.0, 0.0, 0.0, 0.000468384074941452, 0.000468384074941452, 0.000936768149882904, 0.000468384074941452, 0.001405152224824356, 0.005152224824355972, 0.007962529274004685, 0.008899297423887589, 0.010304449648711944, 0.023887587822014052, 0.0468384074941452, 0.06932084309133489, 0.08758782201405152, 0.09555035128805621, 0.18220140515222483, 0.08384074941451991, 0.08477751756440281, 0.11381733021077284, 0.04871194379391101, 0.022482435597189696, 0.061826697892271666, 0.014988290398126464, 0.008899297423887589, 0.013583138173302109, 0.005620608899297424, 0.0, 0.0], [0.0, 0.0, 0.0006934812760055479, 0.0, 0.0024271844660194173, 0.0006934812760055479, 0.004160887656033287, 0.0034674063800277394, 0.012829403606102635, 0.018377253814147017, 0.03155339805825243, 0.037794729542302355, 0.06241331484049931, 0.07801664355062413, 0.09847434119278779, 0.11893203883495146, 0.14459084604715672, 0.09674063800277392, 0.14147018030513175, 0.049237170596393896, 0.032246879334257975, 0.030513176144244106, 0.010402219140083218, 0.0076282940360610264, 0.008668515950069348, 0.004160887656033287, 0.0034674063800277394, 0.0010402219140083217, 0.0, 0.0, 0.0], [0.0, 0.0, 0.0007807925043919579, 0.0005855943782939684, 0.0009759906304899473, 0.002147179387077884, 0.004879953152449736, 0.008588717548311536, 0.015811048213937147, 0.02518055826664064, 0.055631465937927, 0.06831934413429631, 0.09330470427483896, 0.1016982236970525, 0.1368338863946906, 0.1350771032598087, 0.12121803630685145, 0.06949053289088425, 0.07007612726917821, 0.03494046457154011, 0.01776302947491704, 0.017372633222721062, 0.008979113800507515, 0.002927971891469842, 0.004099160648057779, 0.0027327737653718522, 0.00039039625219597894, 0.00019519812609798947, 0.0, 0.0, 0.0], [0.0, 0.0, 0.0, 0.0, 0.00036258158085569254, 0.0007251631617113851, 0.002719361856417694, 0.003444525018129079, 0.007251631617113851, 0.010514865844815084, 0.026468455402465556, 0.03934010152284264, 0.05728788977519942, 0.06979695431472081, 0.112037708484409, 0.112037708484409, 0.15065264684554025, 0.1018854242204496, 0.14358230601885424, 0.05656272661348803, 0.03245105148658448, 0.0337200870195794, 0.01305293691080493, 0.008339376359680928, 0.011058738216098622, 0.0036258158085569255, 0.0018129079042784628, 0.0012690355329949238, 0.0, 0.0, 0.0], [0.0002536461636017755, 0.0, 0.0, 0.00012682308180088776, 0.0002536461636017755, 0.0003804692454026633, 0.0017755231452124287, 0.0024096385542168677, 0.0054533925174381735, 0.01572606214331008, 0.02435003170577045, 0.0320862396956246, 0.04185161699429296, 0.060114140773620796, 0.08750792644261256, 0.11870640456563095, 0.15396322130627774, 0.10361445783132531, 0.1492707672796449, 0.07076727964489538, 0.040076093849080535, 0.0424857324032974, 0.0176284083703234, 0.006975269499048827, 0.012048192771084338, 0.004058338617628408, 0.0030437539632213063, 0.003297400126823082, 0.0015218769816106531, 0.0002536461636017755, 0.0], [0.0, 0.0, 0.00025284450063211124, 0.0, 0.0005056890012642225, 0.0005056890012642225, 0.0007585335018963338, 0.0012642225031605564, 0.0035398230088495575, 0.00404551201011378, 0.012642225031605562, 0.017699115044247787, 0.039443742098609354, 0.05259165613147914, 0.07939317319848294, 0.1125158027812895, 0.1595448798988622, 0.11757269279393173, 0.1640960809102402, 0.07838179519595449, 0.052338811630847026, 0.04652338811630847, 0.020480404551201013, 0.01213653603034134, 0.012895069532237674, 0.005562579013906448, 0.00202275600505689, 0.0015170670037926676, 0.0017699115044247787, 0.0, 0.0], [0.0, 0.0, 0.0, 0.0004636068613815484, 0.0009272137227630969, 0.0013908205841446453, 0.0013908205841446453, 0.005563282336578581, 0.010199350950394067, 0.01483541956420955, 0.020398701900788133, 0.034306907742234584, 0.05146036161335188, 0.06490496059341679, 0.0890125173852573, 0.11451089476124246, 0.13537320352341214, 0.1043115438108484, 0.11636532220676866, 0.061196105702364396, 0.052387575336114975, 0.039406583217431616, 0.028280018544274456, 0.011590171534538712, 0.017153453871117292, 0.00927213722763097, 0.006490496059341678, 0.0037088548910523874, 0.005099675475197033, 0.0, 0.0], [0.0002397506593143131, 0.0, 0.0004795013186286262, 0.0004795013186286262, 0.0004795013186286262, 0.0011987532965715656, 0.002397506593143131, 0.004795013186286262, 0.007672021098058019, 0.01390553824023016, 0.02469431790937425, 0.04339486933589067, 0.06832893790457924, 0.08175497482618077, 0.11651882042675617, 0.13138336130424358, 0.13593862383121555, 0.09614001438503957, 0.11412131383361304, 0.050347638456005754, 0.029729081754974827, 0.03524334691920403, 0.014145288899544474, 0.005274514504914889, 0.010549029009829777, 0.0035962598897146965, 0.0031167585710860706, 0.0031167585710860706, 0.0009590026372572524, 0.0, 0.0], [0.0, 0.0, 0.00018171906232963838, 0.00036343812465927677, 0.0005451571869889151, 0.00036343812465927677, 0.0012720334363074686, 0.0036343812465927674, 0.004906414682900236, 0.012902053425404325, 0.025077230601490096, 0.02925676903507178, 0.05651462838451753, 0.06650917681264765, 0.10176267490459749, 0.1297474105033618, 0.15318916954388515, 0.09413047428675268, 0.16263856078502634, 0.05142649463928766, 0.032164274032345994, 0.03252771215700527, 0.015082682173359986, 0.005996729056878067, 0.010903143739778303, 0.003452662184263129, 0.0018171906232963837, 0.002362347810285299, 0.0012720334363074686, 0.0, 0.0], [0.0, 0.0, 0.0, 0.013333333333333334, 0.013333333333333334, 0.013333333333333334, 0.0, 0.0, 0.013333333333333334, 0.08, 0.02666666666666667, 0.06666666666666667, 0.05333333333333334, 0.05333333333333334, 0.10666666666666667, 0.16, 0.13333333333333333, 0.05333333333333334, 0.04, 0.04, 0.02666666666666667, 0.04, 0.02666666666666667, 0.02666666666666667, 0.013333333333333334, 0.0, 0.0, 0.0, 0.0, 0.0, 0.0], [0.00012672665061462426, 0.00012672665061462426, 0.0, 0.00012672665061462426, 0.00012672665061462426, 0.0002534533012292485, 0.0003801799518438728, 0.0016474464579901153, 0.0030414396147509823, 0.006716512482575086, 0.013433024965150172, 0.01850209098973514, 0.03484982891902167, 0.053732099860600686, 0.09187682169560259, 0.13863895577239893, 0.17260169813711823, 0.12419211760233177, 0.13382334304904323, 0.06944620453681409, 0.046888860727410976, 0.04435432771511849, 0.01786845773666202, 0.008870865543023698, 0.010771765302243061, 0.004181979470282601, 0.0031681662653656063, 0.0002534533012292485, 0.0, 0.0, 0.0], [0.0, 0.0, 0.0, 0.00016767270288397049, 0.0, 0.00033534540576794097, 0.0011737089201877935, 0.0008383635144198525, 0.0021797451374916165, 0.003688799463447351, 0.008886653252850436, 0.012910798122065728, 0.02112676056338028, 0.031857813547954396, 0.05449362843729041, 0.08433936955063716, 0.13162307176391683, 0.12223340040241448, 0.1886317907444668, 0.0994299128101945, 0.06790744466800805, 0.08199195171026157, 0.02766599597585513, 0.014419852448021462, 0.022300469483568074, 0.010731052984574111, 0.005197853789403085, 0.004527162977867203, 0.0013413816230717639, 0.0, 0.0], [0.00032876712328767124, 0.00010958904109589041, 0.0, 0.00021917808219178083, 0.00021917808219178083, 0.0007671232876712328, 0.0007671232876712328, 0.002410958904109589, 0.003945205479452055, 0.007561643835616439, 0.015342465753424657, 0.020712328767123287, 0.025205479452054796, 0.04208219178082192, 0.06038356164383562, 0.09106849315068494, 0.1303013698630137, 0.13161643835616438, 0.1841095890410959, 0.09556164383561644, 0.055342465753424656, 0.06739726027397261, 0.025424657534246574, 0.012054794520547946, 0.01665753424657534, 0.0063561643835616435, 0.0028493150684931507, 0.0012054794520547946, 0.0, 0.0, 0.0], [0.0, 0.0, 0.0, 0.0, 0.001869158878504673, 0.0, 0.0, 0.005607476635514018, 0.009345794392523364, 0.005607476635514018, 0.018691588785046728, 0.026168224299065422, 0.05046728971962617, 0.08971962616822429, 0.09719626168224299, 0.15140186915887852, 0.17570093457943925, 0.13457943925233645, 0.14766355140186915, 0.04299065420560748, 0.018691588785046728, 0.016822429906542057, 0.003738317757009346, 0.003738317757009346, 0.0, 0.0, 0.0, 0.0, 0.0, 0.0, 0.0], [0.0, 0.0, 0.0, 0.00027644673792849247, 9.214891264283081e-05, 9.214891264283081e-05, 0.00027644673792849247, 0.0009214891264283082, 0.002119424990785109, 0.005989679321784003, 0.009307040176925912, 0.017508293402137855, 0.03031699225949134, 0.03713601179506082, 0.05943604865462587, 0.07722078879469223, 0.12274235164025064, 0.09666420936232953, 0.22051234795429414, 0.09436048654625875, 0.06293770733505345, 0.09187246590490232, 0.0269074824917066, 0.01142646516771102, 0.017876889052709177, 0.0070954662734979725, 0.0023037228160707702, 0.0032252119424990783, 0.0013822336896424621, 0.0, 0.0], [0.00018682858477347034, 9.341429238673517e-05, 9.341429238673517e-05, 9.341429238673517e-05, 0.0006539000467071462, 0.0006539000467071462, 0.000560485754320411, 0.0013078000934142924, 0.0017748715553479683, 0.006632414759458197, 0.012424100887435778, 0.025875758991125642, 0.04857543204110229, 0.06959364782811771, 0.10639887902849136, 0.1524521251751518, 0.19663708547407754, 0.12424100887435778, 0.13685193834656703, 0.04904250350303596, 0.029332087809434842, 0.021205044371788884, 0.007379729098552079, 0.003176085941148996, 0.0025221858944418497, 0.0014946286781877627, 0.0007473143390938813, 0.0, 0.0, 0.0, 0.0], [0.0, 0.00013094146916328402, 0.0, 0.00013094146916328402, 0.00026188293832656804, 0.0009165902841429881, 0.0011784732224695562, 0.002487887914102396, 0.0037973026057352365, 0.006808956396490769, 0.013356029854654968, 0.02422417179520754, 0.03627078695822967, 0.04962681681288464, 0.0860285452402776, 0.13879795731308106, 0.16681943171402383, 0.1179782637161189, 0.14861856750032734, 0.07961241325127667, 0.041639387193924314, 0.03875867487233207, 0.021081576535288724, 0.009951551656409584, 0.007332722273143905, 0.002487887914102396, 0.0010475317533062722, 0.00065470734581642, 0.0, 0.0, 0.0], [0.0, 0.0, 0.0, 0.0, 0.00030950170225936243, 0.0, 0.0009285051067780873, 0.0010832559579077685, 0.0017022593624264934, 0.004178272980501393, 0.010677808727948004, 0.01686784277313525, 0.02940266171463943, 0.05044877746827608, 0.08913649025069638, 0.11962240792324358, 0.1541318477251625, 0.09842154131847725, 0.18074899411946765, 0.06855462705044878, 0.04317548746518106, 0.05416279789538842, 0.023522129371711543, 0.014701330857319716, 0.018570102135561744, 0.008047044258743422, 0.005416279789538843, 0.0034045187248529867, 0.002785515320334262, 0.0, 0.0], [0.00041220115416323167, 0.00041220115416323167, 0.00041220115416323167, 0.001236603462489695, 0.00247320692497939, 0.0032976092333058533, 0.00494641384995878, 0.008244023083264633, 0.015663643858202802, 0.030502885408079144, 0.04080791426215993, 0.05894476504534213, 0.0651277823577906, 0.09233305853256389, 0.12159934047815334, 0.11253091508656224, 0.12324814509480626, 0.07749381698268755, 0.1224237427864798, 0.03792250618301731, 0.02514427040395713, 0.02720527617477329, 0.007007419620774938, 0.006595218466611707, 0.00741962077493817, 0.0053586150041220115, 0.001236603462489695, 0.0, 0.0, 0.0, 0.0], [0.0, 0.0, 0.0, 0.0021660649819494585, 0.001444043321299639, 0.002888086642599278, 0.004332129963898917, 0.011552346570397111, 0.012996389891696752, 0.01444043321299639, 0.02527075812274368, 0.036101083032490974, 0.05415162454873646, 0.05703971119133574, 0.08664259927797834, 0.11768953068592057, 0.1379061371841155, 0.11407942238267148, 0.16101083032490976, 0.05776173285198556, 0.02888086642599278, 0.0296028880866426, 0.018050541516245487, 0.007942238267148015, 0.009386281588447653, 0.0036101083032490976, 0.002888086642599278, 0.0021660649819494585, 0.0, 0.0, 0.0], [0.00031026993484331366, 0.0, 0.0, 0.0, 0.0006205398696866273, 0.000930809804529941, 0.0032578343158547935, 0.005584858827179647, 0.008687558175612783, 0.016599441514117283, 0.031337263419174685, 0.04809183990071362, 0.06484641638225255, 0.09246044058330748, 0.1377598510704313, 0.1405522804840211, 0.13791498603785293, 0.0884269314303444, 0.10502637294446168, 0.03785293205088427, 0.02451132485262178, 0.025907539559416694, 0.010394042817251009, 0.005274588892336333, 0.007601613403661185, 0.0034129692832764505, 0.000930809804529941, 0.0012410797393732546, 0.0004654049022649705, 0.0, 0.0], [0.0, 0.0, 0.0, 0.000499001996007984, 0.0007485029940119761, 0.000499001996007984, 0.002245508982035928, 0.001746506986027944, 0.004740518962075849, 0.010728542914171657, 0.017714570858283433, 0.023203592814371257, 0.03967065868263473, 0.056387225548902194, 0.07784431137724551, 0.11302395209580839, 0.12974051896207583, 0.10828343313373254, 0.1536926147704591, 0.0656187624750499, 0.04740518962075848, 0.053642714570858285, 0.026447105788423155, 0.011976047904191617, 0.027445109780439122, 0.010978043912175649, 0.0074850299401197605, 0.004491017964071856, 0.0037425149700598802, 0.0, 0.0], [0.0, 0.0, 0.0, 0.0, 0.00021862702229995628, 0.0, 0.0010931351114997813, 0.0010931351114997813, 0.003060778312199388, 0.011587232181897682, 0.016178399650196764, 0.027984258854394404, 0.047879317883690424, 0.06974202011368605, 0.10122431132487976, 0.12527328377787494, 0.15238303454306953, 0.10013117621337997, 0.15609969392216877, 0.06121556624398776, 0.041539134236991695, 0.04197638828159161, 0.016178399650196764, 0.006777437691298645, 0.006558810668998688, 0.003060778312199388, 0.006996064713598601, 0.001530389156099694, 0.00021862702229995628, 0.0, 0.0], [0.0002751031636863824, 0.0001375515818431912, 0.0001375515818431912, 0.0001375515818431912, 0.0005502063273727648, 0.0012379642365887209, 0.0012379642365887209, 0.0034387895460797797, 0.005639614855570839, 0.009078404401650619, 0.024071526822558458, 0.035075653370013754, 0.060247592847317746, 0.08266850068775791, 0.11966987620357634, 0.14786795048143053, 0.15859697386519944, 0.10880330123796424, 0.10880330123796424, 0.05543328748280605, 0.0297111416781293, 0.022558459422283357, 0.011691884456671253, 0.0045392022008253095, 0.0049518569463548835, 0.0019257221458046766, 0.001513067400275103, 0.0, 0.0, 0.0, 0.0], [0.0, 0.0, 0.0, 0.00023557126030624264, 0.0007067137809187279, 0.0009422850412249705, 0.0016489988221436984, 0.003297997644287397, 0.004711425206124852, 0.00895170789163722, 0.018610129564193167, 0.027326266195524147, 0.046878680800942284, 0.06431095406360424, 0.10341578327444052, 0.13191990577149587, 0.15806831566548882, 0.11472320376914016, 0.13168433451118963, 0.06148409893992933, 0.041931684334511186, 0.03250883392226148, 0.018138987043580683, 0.005889281507656066, 0.012249705535924617, 0.004711425206124852, 0.002591283863368669, 0.0028268551236749115, 0.00023557126030624264, 0.0, 0.0], [0.0, 0.0, 0.0, 0.0002710761724044456, 0.0, 0.0010843046896177825, 0.0018975332068311196, 0.0027107617240444567, 0.0056925996204933585, 0.0056925996204933585, 0.0124695039306045, 0.022228246137164544, 0.03334236920574681, 0.046896177825969096, 0.08620222282461372, 0.1087015451341827, 0.14177283816752506, 0.10680401192735159, 0.17186229330441855, 0.07698563296286257, 0.04608294930875576, 0.06017891027378693, 0.02304147465437788, 0.013553808620222282, 0.018975332068311195, 0.008945513689346707, 0.0029818378964489023, 0.000813228517213337, 0.000813228517213337, 0.0, 0.0], [0.0, 0.0, 0.00030303030303030303, 0.0, 0.00015151515151515152, 0.00045454545454545455, 0.0006060606060606061, 0.0021212121212121214, 0.00196969696969697, 0.006060606060606061, 0.012727272727272728, 0.02772727272727273, 0.045909090909090906, 0.07696969696969697, 0.11348484848484848, 0.1203030303030303, 0.1462121212121212, 0.10272727272727272, 0.14287878787878788, 0.05515151515151515, 0.03803030303030303, 0.03984848484848485, 0.02303030303030303, 0.009848484848484848, 0.018787878787878787, 0.004696969696969697, 0.005303030303030303, 0.0028787878787878787, 0.0018181818181818182, 0.0, 0.0], [0.0, 0.0, 9.572125969177755e-05, 0.0, 9.572125969177755e-05, 0.0001914425193835551, 0.0001914425193835551, 0.0013400976356848855, 0.002105867713219106, 0.00583899684119843, 0.011486551163013305, 0.02211161098880061, 0.038001340097635686, 0.05446539676462142, 0.08011869436201781, 0.0988800612616062, 0.12912797932420791, 0.10672920455633196, 0.20407772566286972, 0.08155451325739446, 0.048243514884655885, 0.06202737628027185, 0.019239973198047287, 0.008997798411027089, 0.014549631473150186, 0.0049775055039724325, 0.0027759165310615487, 0.0016272614147602182, 0.001052933856609553, 9.572125969177755e-05, 0.0], [0.0, 0.0, 0.0, 0.0, 0.0, 0.00012193634922570419, 0.0006096817461285209, 0.0006096817461285209, 0.0024387269845140835, 0.005365199365930984, 0.00816973539812218, 0.019875624923789782, 0.034386050481648577, 0.058407511279112305, 0.09230581636385807, 0.13498353859285453, 0.1775393244726253, 0.1259602487501524, 0.18290452383855627, 0.06340690159736617, 0.03194732349713449, 0.03877575905377393, 0.00987684428728204, 0.0030484087306426044, 0.0043897085721253505, 0.0014632361907084503, 0.0023167906352883796, 0.0010974271430313376, 0.0, 0.0, 0.0], [0.0, 0.004273504273504274, 0.0, 0.004273504273504274, 0.004273504273504274, 0.021367521367521368, 0.02564102564102564, 0.021367521367521368, 0.07692307692307693, 0.042735042735042736, 0.03418803418803419, 0.07692307692307693, 0.07264957264957266, 0.11965811965811966, 0.09401709401709402, 0.12393162393162394, 0.08974358974358974, 0.06837606837606838, 0.04700854700854701, 0.01282051282051282, 0.021367521367521368, 0.017094017094017096, 0.008547008547008548, 0.01282051282051282, 0.0, 0.0, 0.0, 0.0, 0.0, 0.0, 0.0]]}, "ranks": {"labels": ["Unranked", "Combatatent I", "Combatatent II", "Challenger I", "Challenger II", "Rival I", "Rival II", "Duelist", "Elite"], "data": [[0.13108614232209737, 0.15355805243445692, 0.19101123595505617, 0.20973782771535582, 0.15730337078651685, 0.07865168539325842, 0.04119850187265917, 0.03745318352059925, 0.0], [0.053669724770642205, 0.08577981651376147, 0.14220183486238533, 0.2371559633027523, 0.24403669724770644, 0.15504587155963304, 0.04036697247706422, 0.030733944954128442, 0.011009174311926606], [0.010716871832005793, 0.022592324402606806, 0.05503258508327299, 0.1278783490224475, 0.24011585807385952, 0.2937002172338885, 0.09254163649529326, 0.11498913830557567, 0.042433019551049965], [0.02268506235075617, 0.04046166091801539, 0.09644468028654815, 0.19713451843990448, 0.27460864950915365, 0.21438047227381268, 0.07574953568585832, 0.06606526930220218, 0.012470151233749005], [0.1414141414141414, 0.12121212121212122, 0.20202020202020202, 0.1414141414141414, 0.13131313131313133, 0.15151515151515152, 0.04040404040404041, 0.0707070707070707, 0.0], [0.011210156672069151, 0.0337655321447866, 0.09683954619124797, 0.21677471636953, 0.26499189627228525, 0.18989735278227984, 0.07090761750405186, 0.08225283630470016, 0.03336034575904916], [0.06717737183264584, 0.0886859163229228, 0.16205067766647024, 0.24808485562757807, 0.21007660577489687, 0.11225692398350029, 0.04036535061873895, 0.041838538597525045, 0.02946375957572186], [0.275092936802974, 0.1970260223048327, 0.21189591078066913, 0.13011152416356878, 0.07806691449814127, 0.04460966542750929, 0.040892193308550186, 0.022304832713754646, 0.0], [0.0459132749251414, 0.094377287346124, 0.1537096595319951, 0.23688588222246867, 0.20206277032272374, 0.12110458023732949, 0.05689253632028391, 0.0609958966396806, 0.02805811245425308], [0.008899297423887589, 0.01686182669789227, 0.034192037470725994, 0.1161592505854801, 0.18313817330210772, 0.2243559718969555, 0.12646370023419204, 0.18501170960187355, 0.10491803278688525], [0.042649098474341195, 0.06934812760055478, 0.14042995839112343, 0.21740638002773924, 0.24133148404993066, 0.1678224687933426, 0.05513176144244106, 0.04854368932038835, 0.017337031900138695], [0.058949834081592815, 0.1239508100722233, 0.19500292797189148, 0.27191098965449934, 0.1907085691977357, 0.08686316611360531, 0.03591645520203006, 0.029279718914698417, 0.0074175287917235995], [0.025018129079042786, 0.0658085569253082, 0.12708484408992024, 0.224075416968818, 0.25253807106598986, 0.1724075416968818, 0.06018854242204496, 0.05511240029006526, 0.017766497461928935], [0.026379201014584654, 0.05643627140139505, 0.10196575776791376, 0.2062143310082435, 0.25757767913760304, 0.18693722257450857, 0.07317691819911223, 0.06708941027266963, 0.024223208623969563], [0.010872313527180783, 0.03034134007585335, 0.0920353982300885, 0.19190897597977244, 0.2771175726927939, 0.2088495575221239, 0.08596713021491782, 0.07914032869785083, 0.02376738305941846], [0.03477051460361613, 0.054705609643022714, 0.11636532220676866, 0.20352341214649977, 0.23968474733426054, 0.14649976819656932, 0.08344923504867872, 0.07927677329624479, 0.04172461752433936], [0.03164708702948933, 0.06808918724526493, 0.15008391273076002, 0.24790218173099976, 0.2320786382162551, 0.14169263965475906, 0.05250539438983457, 0.05466315032366339, 0.021337808678973866], [0.024168635289841905, 0.054333999636561874, 0.12302380519716519, 0.23151008540795928, 0.24731964383063784, 0.19244048700708705, 0.05378884244957296, 0.05360712338724332, 0.019807377793930582], [0.13333333333333333, 0.09333333333333334, 0.10666666666666667, 0.26666666666666666, 0.18666666666666668, 0.06666666666666667, 0.04, 0.09333333333333334, 0.013333333333333334], [0.012545938410847801, 0.03193511595488531, 0.08858192877962236, 0.23051577746800153, 0.29679381573945, 0.17158788493220123, 0.07857052338106704, 0.0710936509948042, 0.018375364339120518], [0.008383635144198525, 0.021797451374916163, 0.05298457411133468, 0.13883299798792756, 0.25385647216633134, 0.23943661971830985, 0.1165325285043595, 0.12407780013413816, 0.04409792085848424], [0.016328767123287673, 0.036054794520547946, 0.06728767123287671, 0.15145205479452054, 0.2619178082191781, 0.23495890410958903, 0.10005479452054794, 0.10487671232876712, 0.027068493150684932], [0.022429906542056073, 0.044859813084112146, 0.14018691588785046, 0.2485981308411215, 0.3102803738317757, 0.17757009345794392, 0.03177570093457944, 0.024299065420560748, 0.0], [0.009767784740140067, 0.026815333579063766, 0.06745300405455215, 0.13665683744931809, 0.21940656100258016, 0.27027276078142276, 0.10753778105418356, 0.13020641356431994, 0.03188352377441946], [0.012050443717888836, 0.03829985987856142, 0.11816907986921998, 0.25885100420364315, 0.3208780943484353, 0.1635684259691733, 0.05165810368986455, 0.031760859411489956, 0.004764128911723494], [0.015712976299594082, 0.03758020164986251, 0.08589760377111431, 0.22482650255335865, 0.2847976954301427, 0.19313866701584392, 0.07673170092968443, 0.06979180306403038, 0.011522849286368993], [0.008201795109873105, 0.027545651501083256, 0.07985143918291551, 0.20875889817393994, 0.2525533890436397, 0.21804394924172082, 0.07443515939337667, 0.09238625812441968, 0.03822346022903126], [0.06760098928276999, 0.09975267930750206, 0.1574608408903545, 0.2341302555647156, 0.2007419620774938, 0.14014839241549876, 0.04534212695795548, 0.04080791426215993, 0.014014839241549877], [0.049819494584837545, 0.061371841155234655, 0.1111913357400722, 0.2043321299638989, 0.251985559566787, 0.19494584837545126, 0.05270758122743682, 0.0555956678700361, 0.018050541516245487], [0.03599131244182439, 0.0794291033198883, 0.15730685696556004, 0.2783121315544524, 0.22634191746819732, 0.12612472851380702, 0.04126590133416072, 0.041576171269004036, 0.013651877133105802], [0.02120758483033932, 0.04091816367265469, 0.09605788423153692, 0.19086826347305388, 0.23802395209580837, 0.18837325349301398, 0.0783433133732535, 0.09206586826347306, 0.05414171656686627], [0.017052907739396588, 0.04416265850459117, 0.11762133799737648, 0.2264975951027547, 0.2525142107564495, 0.18976825535636205, 0.06908613904678618, 0.06493222562308701, 0.018364669873196328], [0.0218707015130674, 0.059147180192572216, 0.14291609353507564, 0.26753782668500686, 0.26740027510316366, 0.14126547455295735, 0.05268225584594223, 0.03878954607977992, 0.008390646492434662], [0.02049469964664311, 0.045936395759717315, 0.11118963486454653, 0.2353356890459364, 0.272791519434629, 0.1663133097762073, 0.06878680800942286, 0.05653710247349823, 0.022614840989399292], [0.01734887503388452, 0.03469775006776904, 0.08023854703171591, 0.1949037679587964, 0.24857685009487665, 0.2149634047167254, 0.07996747085931147, 0.0967741935483871, 0.03252914068853348], [0.011666666666666667, 0.04045454545454545, 0.12287878787878788, 0.2337878787878788, 0.24893939393939393, 0.1731818181818182, 0.06287878787878788, 0.07272727272727272, 0.033484848484848485], [0.009859289748253086, 0.033598162151813916, 0.0924667368622571, 0.178998755623624, 0.23585718388053986, 0.24686512874509428, 0.08701062505982579, 0.09026514788934623, 0.025078970039245717], [0.009145226191927813, 0.02804536032191196, 0.09279356176076088, 0.2272893549567126, 0.3034995732227777, 0.21716863797097916, 0.061090110962077795, 0.051701012071698575, 0.009267162541153518], [0.20085470085470086, 0.1111111111111111, 0.19230769230769232, 0.21794871794871795, 0.1581196581196581, 0.05128205128205128, 0.029914529914529916, 0.038461538461538464, 0.0]]}, "ranksDetailed": {"labels": ["Unranked", "Combatatant", "Challenger", "Rival", "Duelist", "Elite"], "data": [[0.13108614232209737, 0.3445692883895131, 0.36704119850187267, 0.1198501872659176, 0.03745318352059925, 0.0], [0.053669724770642205, 0.2279816513761468, 0.48119266055045873, 0.19541284403669726, 0.030733944954128442, 0.011009174311926606], [0.010716871832005793, 0.0776249094858798, 0.36799420709630704, 0.38624185372918174, 0.11498913830557567, 0.042433019551049965], [0.02268506235075617, 0.13690634120456355, 0.47174316794905813, 0.290130007959671, 0.06606526930220218, 0.012470151233749005], [0.1414141414141414, 0.32323232323232326, 0.2727272727272727, 0.1919191919191919, 0.0707070707070707, 0.0], [0.011210156672069151, 0.13060507833603457, 0.48176661264181525, 0.2608049702863317, 0.08225283630470016, 0.03336034575904916], [0.06717737183264584, 0.250736593989393, 0.45816146140247493, 0.15262227460223923, 0.041838538597525045, 0.02946375957572186], [0.275092936802974, 0.40892193308550184, 0.20817843866171004, 0.08550185873605948, 0.022304832713754646, 0.0], [0.0459132749251414, 0.2480869468781191, 0.43894865254519244, 0.1779971165576134, 0.0609958966396806, 0.02805811245425308], [0.008899297423887589, 0.05105386416861827, 0.29929742388758784, 0.35081967213114756, 0.18501170960187355, 0.10491803278688525], [0.042649098474341195, 0.20977808599167821, 0.4587378640776699, 0.22295423023578365, 0.04854368932038835, 0.017337031900138695], [0.058949834081592815, 0.31895373804411475, 0.462619558852235, 0.12277962131563537, 0.029279718914698417, 0.0074175287917235995], [0.025018129079042786, 0.19289340101522842, 0.47661348803480785, 0.23259608411892677, 0.05511240029006526, 0.017766497461928935], [0.026379201014584654, 0.15840202916930882, 0.46379201014584653, 0.26011414077362077, 0.06708941027266963, 0.024223208623969563], [0.010872313527180783, 0.12237673830594184, 0.4690265486725664, 0.2948166877370417, 0.07914032869785083, 0.02376738305941846], [0.03477051460361613, 0.17107093184979139, 0.4432081594807603, 0.22994900324524803, 0.07927677329624479, 0.04172461752433936], [0.03164708702948933, 0.21817309997602494, 0.47998081994725483, 0.19419803404459363, 0.05466315032366339, 0.021337808678973866], [0.024168635289841905, 0.17735780483372707, 0.4788297292385971, 0.24622932945666, 0.05360712338724332, 0.019807377793930582], [0.13333333333333333, 0.2, 0.4533333333333333, 0.10666666666666667, 0.09333333333333334, 0.013333333333333334], [0.012545938410847801, 0.12051704473450767, 0.5273095932074515, 0.2501584083132683, 0.0710936509948042, 0.018375364339120518], [0.008383635144198525, 0.07478202548625083, 0.39268947015425887, 0.35596914822266934, 0.12407780013413816, 0.04409792085848424], [0.016328767123287673, 0.10334246575342466, 0.41336986301369866, 0.33501369863013697, 0.10487671232876712, 0.027068493150684932], [0.022429906542056073, 0.18504672897196262, 0.5588785046728972, 0.20934579439252338, 0.024299065420560748, 0.0], [0.009767784740140067, 0.09426833763361592, 0.35606339845189827, 0.37781054183560636, 0.13020641356431994, 0.03188352377441946], [0.012050443717888836, 0.15646893974778142, 0.5797290985520784, 0.21522652965903782, 0.031760859411489956, 0.004764128911723494], [0.015712976299594082, 0.12347780542097682, 0.5096241979835013, 0.2698703679455283, 0.06979180306403038, 0.011522849286368993], [0.008201795109873105, 0.10739709068399876, 0.4613122872175797, 0.2924791086350975, 0.09238625812441968, 0.03822346022903126], [0.06760098928276999, 0.25721352019785654, 0.4348722176422094, 0.18549051937345423, 0.04080791426215993, 0.014014839241549877], [0.049819494584837545, 0.17256317689530687, 0.4563176895306859, 0.24765342960288808, 0.0555956678700361, 0.018050541516245487], [0.03599131244182439, 0.23673596028544833, 0.5046540490226497, 0.16739062984796774, 0.041576171269004036, 0.013651877133105802], [0.02120758483033932, 0.13697604790419163, 0.42889221556886226, 0.2667165668662675, 0.09206586826347306, 0.05414171656686627], [0.017052907739396588, 0.16178399650196765, 0.4790118058592042, 0.2588543944031482, 0.06493222562308701, 0.018364669873196328], [0.0218707015130674, 0.20206327372764787, 0.5349381017881706, 0.1939477303988996, 0.03878954607977992, 0.008390646492434662], [0.02049469964664311, 0.15712603062426383, 0.5081272084805654, 0.23510011778563014, 0.05653710247349823, 0.022614840989399292], [0.01734887503388452, 0.11493629709948495, 0.44348061805367306, 0.29493087557603687, 0.0967741935483871, 0.03252914068853348], [0.011666666666666667, 0.16333333333333333, 0.4827272727272727, 0.23606060606060605, 0.07272727272727272, 0.033484848484848485], [0.009859289748253086, 0.12606489901407103, 0.4148559395041639, 0.3338757538049201, 0.09026514788934623, 0.025078970039245717], [0.009145226191927813, 0.12083892208267284, 0.5307889281794903, 0.27825874893305697, 0.051701012071698575, 0.009267162541153518], [0.20085470085470086, 0.3034188034188034, 0.37606837606837606, 0.0811965811965812, 0.038461538461538464, 0.0]]}}}, "eu": {"histType": {"histogram": {"labels": ["0", "100", "200", "300", "400", "500", "600", "700", "800", "900", "1000", "1100", "1200", "1300", "1400", "1500", "1600", "1700", "1800", "1900", "2000", "2100", "2200", "2300", "2400", "2500", "2600", "2700", "2800", "2900", "3000"], "data": [[0.0, 0.0, 0.0, 0.0, 0.0, 0.009478672985781991, 0.014218009478672985, 0.018957345971563982, 0.052132701421800945, 0.052132701421800945, 0.08056872037914692, 0.052132701421800945, 0.052132701421800945, 0.0995260663507109, 0.14691943127962084, 0.11374407582938388, 0.08530805687203792, 0.0947867298578199, 0.04739336492890995, 0.03317535545023697, 0.009478672985781991, 0.014218009478672985, 0.009478672985781991, 0.009478672985781991, 0.004739336492890996, 0.0, 0.0, 0.0, 0.0, 0.0, 0.0], [0.0, 0.0, 0.0004928536224741252, 0.0009857072449482504, 0.0009857072449482504, 0.0034499753573188764, 0.0049285362247412515, 0.008378511582060127, 0.019221291276490884, 0.027106949236076885, 0.036471168063085264, 0.051256776737309016, 0.06604238541153278, 0.0842779694430754, 0.12173484475110892, 0.11976343026121242, 0.15130606209955644, 0.08378511582060127, 0.12469196648595367, 0.03893543617545589, 0.016264169541646133, 0.02168555938886151, 0.004435682602267127, 0.0034499753573188764, 0.005914243469689502, 0.001971414489896501, 0.001971414489896501, 0.0004928536224741252, 0.0, 0.0, 0.0], [0.0, 0.0, 0.0, 0.00015328019619865113, 0.00015328019619865113, 0.00015328019619865113, 0.00030656039239730225, 0.0015328019619865114, 0.0029123237277743717, 0.00398528510116493, 0.010423053341508276, 0.015328019619865114, 0.02421827099938688, 0.030656039239730228, 0.051961986511342734, 0.07556713672593501, 0.13887185775597793, 0.1082158185162477, 0.23206621704475783, 0.08522378908645004, 0.060392397302268544, 0.07633353770692826, 0.027130594727161252, 0.014408338442673207, 0.02191906805640711, 0.008583690987124463, 0.003218884120171674, 0.0038320049049662785, 0.002452483139178418, 0.0, 0.0], [0.0, 0.0, 0.0, 0.00012735608762098828, 0.00012735608762098828, 0.00025471217524197657, 0.000891492613346918, 0.002674477840040754, 0.00445746306673459, 0.009042282221090167, 0.018084564442180335, 0.02750891492613347, 0.03616912888436067, 0.048395313295975545, 0.08252674477840041, 0.11054508405501783, 0.16377992868059094, 0.11946001018848701, 0.1771523178807947, 0.07679572083545594, 0.04724910850738665, 0.04228222109016811, 0.013117677024961793, 0.0057310239429444725, 0.008023433520122261, 0.002674477840040754, 0.0006367804381049414, 0.0014009169638308711, 0.0007641365257259297, 0.00012735608762098828, 0.0], [0.0, 0.0, 0.0, 0.0, 0.010101010101010102, 0.020202020202020204, 0.020202020202020204, 0.06060606060606061, 0.04040404040404041, 0.030303030303030304, 0.08080808080808081, 0.1111111111111111, 0.030303030303030304, 0.020202020202020204, 0.10101010101010101, 0.1111111111111111, 0.050505050505050504, 0.09090909090909091, 0.050505050505050504, 0.06060606060606061, 0.06060606060606061, 0.010101010101010102, 0.020202020202020204, 0.010101010101010102, 0.0, 0.010101010101010102, 0.0, 0.0, 0.0, 0.0, 0.0], [0.0, 0.00013663068725235688, 0.00013663068725235688, 0.00027326137450471376, 0.0004098920617570706, 0.00013663068725235688, 0.0004098920617570706, 0.002049460308785353, 0.0030058751195518514, 0.00655827298811313, 0.012023500478207405, 0.020494603087853534, 0.03374777975133215, 0.05711162727148517, 0.09072277633556497, 0.11490640797923214, 0.1520699549118732, 0.10547889055881951, 0.15507583003142505, 0.07569340073780571, 0.04413171198251127, 0.0586145648312611, 0.022544063396638885, 0.009974040169422053, 0.01871840415357289, 0.007651318486131985, 0.003415767181308922, 0.0025959830577947807, 0.0013663068725235689, 0.0005465227490094275, 0.0], [0.00027056277056277056, 0.00027056277056277056, 0.00027056277056277056, 0.0013528138528138528, 0.002976190476190476, 0.002435064935064935, 0.004058441558441558, 0.011363636363636364, 0.020562770562770564, 0.026785714285714284, 0.04220779220779221, 0.05735930735930736, 0.07386363636363637, 0.08712121212121213, 0.09740259740259741, 0.12472943722943723, 0.12716450216450217, 0.07765151515151515, 0.08766233766233766, 0.042478354978354976, 0.028409090909090908, 0.027867965367965368, 0.012445887445887446, 0.006764069264069264, 0.012716450216450216, 0.007034632034632035, 0.006493506493506494, 0.006222943722943723, 0.004058441558441558, 0.0, 0.0], [0.0, 0.0, 0.0, 0.0, 0.01020408163265306, 0.02040816326530612, 0.00510204081632653, 0.05612244897959184, 0.025510204081632654, 0.0663265306122449, 0.08163265306122448, 0.10204081632653061, 0.10204081632653061, 0.05102040816326531, 0.11734693877551021, 0.12755102040816327, 0.08163265306122448, 0.05102040816326531, 0.030612244897959183, 0.030612244897959183, 0.025510204081632654, 0.01530612244897959