{"region": {"us": {"histType": {"histogram": {"labels": ["0", "100", "200", "300", "400", "500", "600", "700", "800", "900", "1000", "1100", "1200", "1300", "1400", "1500", "1600", "1700", "1800", "1900", "2000", "2100", "2200", "2300", "2400", "2500", "2600", "2700", "2800", "2900", "3000", "3100"], "data": [[0.0, 0.0, 0.0, 0.008264462809917356, 0.0, 0.01652892561983471, 0.024793388429752067, 0.024793388429752067, 0.08264462809917356, 0.049586776859504134, 0.05785123966942149, 0.11570247933884298, 0.09917355371900827, 0.15702479338842976, 0.09917355371900827, 0.09090909090909091, 0.049586776859504134, 0.024793388429752067, 0.04132231404958678, 0.05785123966942149, 0.0, 0.0, 0.0, 0.0, 0.0, 0.0, 0.0, 0.0, 0.0, 0.0, 0.0, 0.0], [0.0, 0.0016680567139282735, 0.0, 0.0008340283569641367, 0.0016680567139282735, 0.0008340283569641367, 0.003336113427856547, 0.012510425354462052, 0.01834862385321101, 0.03669724770642202, 0.05170975813177648, 0.0725604670558799, 0.09924937447873228, 0.10175145954962468, 0.16180150125104253, 0.12510425354462051, 0.11426188490408674, 0.061718098415346125, 0.07756463719766472, 0.02418682235195997, 0.010008340283569641, 0.012510425354462052, 0.006672226855713094, 0.0016680567139282735, 0.003336113427856547, 0.0, 0.0, 0.0, 0.0, 0.0, 0.0, 0.0], [0.0, 0.0, 0.00027586206896551725, 0.00027586206896551725, 0.0005517241379310345, 0.0005517241379310345, 0.0008275862068965517, 0.0024827586206896553, 0.008, 0.011310344827586206, 0.015172413793103448, 0.026758620689655174, 0.04606896551724138, 0.06593103448275862, 0.08165517241379311, 0.10289655172413793, 0.1470344827586207, 0.09379310344827586, 0.17324137931034483, 0.060689655172413794, 0.04689655172413793, 0.0576551724137931, 0.021517241379310346, 0.010482758620689656, 0.018482758620689654, 0.004413793103448276, 0.0030344827586206895, 0.0, 0.0, 0.0, 0.0, 0.0], [0.0, 0.00022021581149526536, 0.0, 0.0, 0.00022021581149526536, 0.0008808632459810614, 0.0026425897379431843, 0.003963884606914776, 0.011010790574763268, 0.025545034133450783, 0.0336930191587756, 0.03897819863466197, 0.0673860383175512, 0.09425236731997358, 0.12133891213389121, 0.13389121338912133, 0.15282977317771415, 0.09072891433604933, 0.11495265360052852, 0.04272186743008148, 0.023783307641488657, 0.023563091829993395, 0.007707553402334287, 0.004404316229905308, 0.0033032371724289805, 0.0013212948689715921, 0.0006606474344857961, 0.0, 0.0, 0.0, 0.0, 0.0], [0.0, 0.0, 0.0, 0.0, 0.0, 0.0, 0.0, 0.08888888888888889, 0.06666666666666667, 0.08888888888888889, 0.044444444444444446, 0.1111111111111111, 0.1111111111111111, 0.1111111111111111, 0.0, 0.0, 0.06666666666666667, 0.044444444444444446, 0.06666666666666667, 0.1111111111111111, 0.022222222222222223, 0.022222222222222223, 0.022222222222222223, 0.022222222222222223, 0.0, 0.0, 0.0, 0.0, 0.0, 0.0, 0.0, 0.0], [0.0, 0.0, 0.0, 0.0, 0.0, 0.0, 0.00037016472330186933, 0.003331482509716824, 0.003331482509716824, 0.011845271145659819, 0.01980381269665001, 0.028687766055894872, 0.05904127336664816, 0.08957986303905238, 0.11789746437164539, 0.12085878215806034, 0.14806588932074774, 0.09901906348325004, 0.1201184527114566, 0.055709790856931334, 0.033129742735517304, 0.045345178604478995, 0.017027577271885988, 0.006292800296131778, 0.012215435868961688, 0.00518230612622617, 0.00277623542476402, 0.00037016472330186933, 0.0, 0.0, 0.0, 0.0], [0.0, 0.0, 0.0, 0.0015932023366967605, 0.0015932023366967605, 0.0015932023366967605, 0.004248539564524694, 0.013807753584705257, 0.022835900159320233, 0.03664365374402549, 0.058417419012214554, 0.06797663303239511, 0.1046202867764206, 0.12586298459904408, 0.13436006372809348, 0.1009028146574615, 0.10780669144981413, 0.061072756240042485, 0.05735528412108338, 0.027084439723844927, 0.018056293149229952, 0.015932023366967606, 0.013276686139139671, 0.007434944237918215, 0.012214551248008496, 0.0037174721189591076, 0.0015932023366967605, 0.0, 0.0, 0.0, 0.0, 0.0], [0.0, 0.0, 0.008695652173913044, 0.017391304347826087, 0.017391304347826087, 0.008695652173913044, 0.02608695652173913, 0.0782608695652174, 0.08695652173913043, 0.13043478260869565, 0.12173913043478261, 0.14782608695652175, 0.09565217391304348, 0.0782608695652174, 0.043478260869565216, 0.034782608695652174, 0.034782608695652174, 0.034782608695652174, 0.017391304347826087, 0.017391304347826087, 0.0, 0.0, 0.0, 0.0, 0.0, 0.0, 0.0, 0.0, 0.0, 0.0, 0.0, 0.0], [0.0005822981366459627, 0.0005822981366459627, 0.0009704968944099379, 0.0007763975155279503, 0.0017468944099378882, 0.0034937888198757765, 0.004270186335403727, 0.01125776397515528, 0.02251552795031056, 0.05298913043478261, 0.07298136645962733, 0.0986024844720497, 0.11413043478260869, 0.1282996894409938, 0.13489906832298137, 0.09200310559006211, 0.0813276397515528, 0.04949534161490683, 0.05046583850931677, 0.026979813664596272, 0.017857142857142856, 0.015722049689440992, 0.010287267080745342, 0.0034937888198757765, 0.0034937888198757765, 0.0005822981366459627, 0.00019409937888198756, 0.0, 0.0, 0.0, 0.0, 0.0], [0.0, 0.0, 0.0004962779156327543, 0.0, 0.0009925558312655087, 0.001488833746898263, 0.004962779156327543, 0.005459057071960298, 0.015384615384615385, 0.02481389578163772, 0.0337468982630273, 0.04913151364764268, 0.07990074441687345, 0.10620347394540942, 0.1205955334987593, 0.1315136476426799, 0.15930521091811414, 0.0803970223325062, 0.10074441687344914, 0.03176178660049628, 0.01588089330024814, 0.019851116625310174, 0.009429280397022333, 0.004466501240694789, 0.002977667493796526, 0.0004962779156327543, 0.0, 0.0, 0.0, 0.0, 0.0, 0.0], [0.0, 0.0, 0.0008603383997705764, 0.0014338973329509608, 0.0017206767995411529, 0.0028677946659019216, 0.007456266131344996, 0.010324060797246917, 0.019501003728133067, 0.039575566389446516, 0.07771723544594207, 0.08431316317751648, 0.11041009463722397, 0.11786636076856898, 0.14425007169486664, 0.11184399197017493, 0.09090909090909091, 0.05506165758531689, 0.05362776025236593, 0.025523372526527102, 0.015772870662460567, 0.015486091195870376, 0.005735589331803843, 0.0034413535990823058, 0.0028677946659019216, 0.0014338973329509608, 0.0, 0.0, 0.0, 0.0, 0.0, 0.0], [0.0, 0.0, 0.0, 0.0, 0.0002718868950516585, 0.0008156606851549756, 0.0027188689505165853, 0.006253398586188146, 0.012234910277324634, 0.018488308863512777, 0.03534529635671561, 0.05247417074497009, 0.07177814029363784, 0.09407286568787385, 0.13920609026644915, 0.12017400761283306, 0.15551930396954866, 0.08836324089178901, 0.10141381185426862, 0.0399673735725938, 0.023382272974442633, 0.017672648178357803, 0.00897226753670473, 0.005981511691136488, 0.004622077215878194, 0.0002718868950516585, 0.0, 0.0, 0.0, 0.0, 0.0, 0.0], [0.00024937655860349125, 0.0, 0.0, 0.0004987531172069825, 0.0004987531172069825, 0.0014962593516209476, 0.0024937655860349127, 0.006982543640897756, 0.014463840399002495, 0.03566084788029925, 0.055860349127182046, 0.06408977556109725, 0.0882793017456359, 0.11970074812967581, 0.1401496259351621, 0.12169576059850375, 0.13316708229426433, 0.07281795511221945, 0.06982543640897755, 0.028179551122194512, 0.017456359102244388, 0.011471321695760598, 0.006733167082294264, 0.00199501246882793, 0.004239401496259352, 0.00199501246882793, 0.0, 0.0, 0.0, 0.0, 0.0, 0.0], [0.0, 0.0, 0.0, 0.0, 0.0, 0.0008206811653672548, 0.0, 0.0008206811653672548, 0.005744768157570784, 0.006565449322938038, 0.018054985638079606, 0.027903159622486663, 0.05416495691423882, 0.07632334837915469, 0.10791957324579401, 0.128846942962659, 0.16947066064833813, 0.11407468198604842, 0.1272055806319245, 0.06114074681986048, 0.03693065244152647, 0.034058268362741076, 0.01107919573245794, 0.010258514567090685, 0.005334427574887156, 0.003282724661469019, 0.0, 0.0, 0.0, 0.0, 0.0, 0.0], [0.0, 0.0, 0.0, 0.0, 0.0014044943820224719, 0.0, 0.0014044943820224719, 0.008426966292134831, 0.011235955056179775, 0.037921348314606744, 0.0449438202247191, 0.07724719101123595, 0.08567415730337079, 0.13202247191011235, 0.11657303370786516, 0.10252808988764045, 0.12219101123595505, 0.07724719101123595, 0.07724719101123595, 0.025280898876404494, 0.02949438202247191, 0.014044943820224719, 0.004213483146067416, 0.014044943820224719, 0.0056179775280898875, 0.0028089887640449437, 0.008426966292134831, 0.0, 0.0, 0.0, 0.0, 0.0], [0.00034940600978336826, 0.00034940600978336826, 0.00034940600978336826, 0.0006988120195667365, 0.0006988120195667365, 0.0010482180293501049, 0.0031446540880503146, 0.004542278127183787, 0.01222921034241789, 0.01781970649895178, 0.03494060097833683, 0.052061495457721874, 0.08525506638714186, 0.10237596086652691, 0.1387141858839972, 0.1310272536687631, 0.13137665967854648, 0.08280922431865828, 0.09329140461215933, 0.03738644304682041, 0.02410901467505241, 0.023759608665269043, 0.009433962264150943, 0.004891684136967156, 0.002795248078266946, 0.0034940600978336828, 0.0010482180293501049, 0.0, 0.0, 0.0, 0.0, 0.0], [0.0, 0.0, 0.0, 0.000693000693000693, 0.0010395010395010396, 0.0010395010395010396, 0.003465003465003465, 0.005544005544005544, 0.012474012474012475, 0.020097020097020097, 0.04435204435204435, 0.060291060291060294, 0.08212058212058213, 0.10741510741510742, 0.13097713097713098, 0.11677061677061677, 0.13305613305613306, 0.08558558558558559, 0.0997920997920998, 0.03153153153153153, 0.01593901593901594, 0.02598752598752599, 0.008316008316008316, 0.004158004158004158, 0.00589050589050589, 0.002772002772002772, 0.000693000693000693, 0.0, 0.0, 0.0, 0.0, 0.0], [0.0, 0.0, 0.0, 0.0, 0.0, 0.0, 0.0, 0.0, 0.034482758620689655, 0.13793103448275862, 0.10344827586206896, 0.06896551724137931, 0.06896551724137931, 0.13793103448275862, 0.06896551724137931, 0.06896551724137931, 0.13793103448275862, 0.034482758620689655, 0.0, 0.06896551724137931, 0.06896551724137931, 0.0, 0.0, 0.0, 0.0, 0.0, 0.0, 0.0, 0.0, 0.0, 0.0, 0.0], [0.0001807991321641656, 0.0001807991321641656, 0.0001807991321641656, 0.0001807991321641656, 0.0001807991321641656, 0.0001807991321641656, 0.0007231965286566625, 0.0016271921894774905, 0.0057855722292533, 0.010124751401193274, 0.021334297595371542, 0.028385463749774, 0.058940517085517986, 0.08551798951365033, 0.1209546194178268, 0.13107937081902007, 0.14680889531730248, 0.10612909058036521, 0.10667148797685772, 0.06273729886096546, 0.0347134333755198, 0.046826975230518895, 0.015910323630446574, 0.00741276441873079, 0.0063279696257457965, 0.0009039956608208281, 0.0, 0.0, 0.0, 0.0, 0.0, 0.0], [0.0, 0.0, 0.0, 0.00038211692777990065, 0.0, 0.00038211692777990065, 0.003439052350019106, 0.0011463507833397019, 0.00573175391669851, 0.00611387084447841, 0.019870080244554833, 0.027512418800152847, 0.04852884982804738, 0.0634314100114635, 0.10126098586167367, 0.1203668322506687, 0.14940771876194114, 0.1188383645395491, 0.13068398930072603, 0.057699656094764996, 0.03935804356132977, 0.04432556362246848, 0.021398547955674436, 0.012991975544516622, 0.013374092472296522, 0.009170806266717615, 0.0045854031333588076, 0.0, 0.0, 0.0, 0.0, 0.0], [0.0003818980332251289, 0.0, 0.0, 0.0003818980332251289, 0.0007637960664502578, 0.001336643116287951, 0.0015275921329005156, 0.004773725415314111, 0.008019858697727707, 0.015084972312392591, 0.032461332824135956, 0.04410922283750238, 0.058239450066832156, 0.08439946534275349, 0.11476035898415123, 0.12163452358220356, 0.13347336261218254, 0.09585640633950736, 0.1176245942333397, 0.059767042199732674, 0.034561772006874165, 0.034943670040099295, 0.014321176245942334, 0.008974603780790529, 0.010693144930303608, 0.0019094901661256445, 0.0, 0.0, 0.0, 0.0, 0.0, 0.0], [0.0, 0.0, 0.0, 0.0, 0.0, 0.0029940119760479044, 0.0, 0.005988023952095809, 0.011976047904191617, 0.005988023952095809, 0.014970059880239521, 0.038922155688622756, 0.0658682634730539, 0.1407185628742515, 0.15868263473053892, 0.1437125748502994, 0.18263473053892215, 0.10778443113772455, 0.07784431137724551, 0.029940119760479042, 0.011976047904191617, 0.0, 0.0, 0.0, 0.0, 0.0, 0.0, 0.0, 0.0, 0.0, 0.0, 0.0], [0.0, 0.0, 0.0, 0.00013335111348179759, 0.00013335111348179759, 0.00026670222696359517, 0.00026670222696359517, 0.001600213361781571, 0.003733831177490332, 0.010534737965062008, 0.016668889185224696, 0.028270436058141085, 0.052406987598346444, 0.06680890785438058, 0.10814775303373783, 0.1313508467795706, 0.1713561808241099, 0.09947993065742099, 0.15628750500066677, 0.05960794772636351, 0.02907054273903187, 0.037605014001866915, 0.012401653553807174, 0.004267235631417523, 0.006934257901053474, 0.001866915588745166, 0.0008001066808907855, 0.0, 0.0, 0.0, 0.0, 0.0], [0.00011256190904997749, 0.00011256190904997749, 0.00022512381809995497, 0.0, 0.0006753714542998649, 0.0010130571814497974, 0.00045024763619990995, 0.0018009905447996398, 0.0023638000900495274, 0.010130571814497974, 0.014970733903647006, 0.035794687077892844, 0.06866276452048627, 0.10389464205312922, 0.14407924358397117, 0.1709815398469158, 0.17514633048176498, 0.0939891940567312, 0.09669067987393067, 0.03962179198559208, 0.019473210265646107, 0.012606933813597478, 0.004615038271049077, 0.0013507429085997298, 0.0011256190904997748, 0.00011256190904997749, 0.0, 0.0, 0.0, 0.0, 0.0, 0.0], [0.0, 0.0002799552071668533, 0.0, 0.0005599104143337066, 0.0005599104143337066, 0.0016797312430011197, 0.0022396416573348264, 0.003079507278835386, 0.009518477043673012, 0.015117581187010079, 0.028275475923852184, 0.05459126539753639, 0.08258678611422172, 0.09854423292273236, 0.12541993281075028, 0.12178051511758119, 0.14361702127659576, 0.09070548712206047, 0.10414333706606943, 0.043952967525195966, 0.029955207166853303, 0.02295632698768197, 0.011758118701007838, 0.005599104143337066, 0.002799552071668533, 0.0002799552071668533, 0.0, 0.0, 0.0, 0.0, 0.0, 0.0], [0.0, 0.0, 0.0, 0.0, 0.00044464206313917296, 0.0, 0.0006669630947087594, 0.0011116051578479323, 0.00377945753668297, 0.006224988883948421, 0.017563361493997332, 0.02267674522009782, 0.04357492218763895, 0.0771453979546465, 0.10893730546909737, 0.12227656736327257, 0.1527345486883059, 0.08581591818586039, 0.15362383281458425, 0.061805246776345045, 0.03601600711427301, 0.05002223210315696, 0.01823032458870609, 0.012449977767896843, 0.014673188083592708, 0.006447309915518008, 0.00377945753668297, 0.0, 0.0, 0.0, 0.0, 0.0], [0.0, 0.0008163265306122449, 0.0008163265306122449, 0.0024489795918367346, 0.0016326530612244899, 0.0032653061224489797, 0.004897959183673469, 0.011428571428571429, 0.0326530612244898, 0.05551020408163265, 0.05795918367346939, 0.09142857142857143, 0.09551020408163265, 0.12571428571428572, 0.13795918367346938, 0.10204081632653061, 0.10285714285714286, 0.04897959183673469, 0.0653061224489796, 0.026122448979591838, 0.005714285714285714, 0.022857142857142857, 0.0008163265306122449, 0.0008163265306122449, 0.0024489795918367346, 0.0, 0.0, 0.0, 0.0, 0.0, 0.0, 0.0], [0.0, 0.0, 0.0, 0.0, 0.005333333333333333, 0.0, 0.005333333333333333, 0.02666666666666667, 0.05333333333333334, 0.05333333333333334, 0.096, 0.096, 0.08266666666666667, 0.10133333333333333, 0.11466666666666667, 0.09333333333333334, 0.12266666666666666, 0.056, 0.058666666666666666, 0.016, 0.0026666666666666666, 0.0026666666666666666, 0.005333333333333333, 0.0026666666666666666, 0.005333333333333333, 0.0, 0.0, 0.0, 0.0, 0.0, 0.0, 0.0], [0.000484613520717228, 0.0, 0.0, 0.0, 0.000726920281075842, 0.001453840562151684, 0.00484613520717228, 0.00848073661255149, 0.01574993942330991, 0.02713835716016477, 0.04797673855100557, 0.06760358614005331, 0.09983038526774897, 0.11751877877392779, 0.14320329537194088, 0.13205718439544464, 0.11800339229464502, 0.06542282529682578, 0.07002665374363945, 0.027380663920523383, 0.017446086745820207, 0.019142234068330505, 0.008238429852192876, 0.003149987884661982, 0.002665374363944754, 0.000969227041434456, 0.000484613520717228, 0.0, 0.0, 0.0, 0.0, 0.0], [0.0, 0.0, 0.0, 0.0004734848484848485, 0.0, 0.0, 0.0023674242424242425, 0.0023674242424242425, 0.005681818181818182, 0.017518939393939392, 0.028882575757575756, 0.036931818181818184, 0.06060606060606061, 0.07859848484848485, 0.11742424242424243, 0.1268939393939394, 0.14109848484848486, 0.0946969696969697, 0.10890151515151515, 0.050662878787878785, 0.032670454545454544, 0.03409090909090909, 0.019412878787878788, 0.013257575757575758, 0.021780303030303032, 0.004734848484848485, 0.000946969696969697, 0.0, 0.0, 0.0, 0.0, 0.0], [0.0, 0.0, 0.0, 0.0, 0.00034083162917518747, 0.0, 0.0017041581458759373, 0.0017041581458759373, 0.0054533060668029995, 0.013974096796182686, 0.02010906612133606, 0.03680981595092025, 0.0678254942058623, 0.10259032038173142, 0.12849352419904567, 0.13940013633265166, 0.1499659168370825, 0.08077709611451943, 0.11349693251533742, 0.053169734151329244, 0.03135650988411725, 0.027266530334014997, 0.011588275391956374, 0.006475800954328562, 0.004430811179277437, 0.0027266530334014998, 0.00034083162917518747, 0.0, 0.0, 0.0, 0.0, 0.0], [0.00019650225977598743, 0.00019650225977598743, 0.00019650225977598743, 0.00039300451955197487, 0.00039300451955197487, 0.0019650225977598744, 0.0025545293770878365, 0.0049125564943996855, 0.0076635881312635094, 0.017881705639614855, 0.04126547455295736, 0.06170170956966005, 0.08783651011986637, 0.11790135586559246, 0.13401454116722342, 0.1355865592454313, 0.1342110434269994, 0.08626449204165848, 0.07604637453330713, 0.036549420318333664, 0.018078207899390842, 0.019453723717822755, 0.008056592650815484, 0.003930045195519749, 0.0025545293770878365, 0.00019650225977598743, 0.0, 0.0, 0.0, 0.0, 0.0, 0.0], [0.0, 0.0, 0.0, 0.0, 0.000510986203372509, 0.000510986203372509, 0.0, 0.004087889626980072, 0.005620848237097598, 0.011752682677567705, 0.0286152273888605, 0.04649974450689831, 0.0740929994890138, 0.10884006131834441, 0.13387838528359736, 0.14205416453755748, 0.13234542667347982, 0.08482370975983648, 0.09044455799693409, 0.044966785896780784, 0.0342360756259581, 0.027082268778742973, 0.012774655084312723, 0.004087889626980072, 0.011241696474195196, 0.0015329586101175269, 0.0, 0.0, 0.0, 0.0, 0.0, 0.0], [0.0, 0.0, 0.0, 0.0, 0.0, 0.0007323324789454412, 0.0003661662394727206, 0.002563163676309044, 0.004760161113145368, 0.005126327352618088, 0.011717319663127059, 0.026363969242035885, 0.03588429146832662, 0.05968509703405346, 0.09337239106554375, 0.11937019406810692, 0.1512266569022336, 0.09996338337605273, 0.14536799707067008, 0.07396558037348956, 0.04430611497619919, 0.06444525814719883, 0.02380080556572684, 0.016111314536799707, 0.014646649578908825, 0.005492493592090809, 0.0007323324789454412, 0.0, 0.0, 0.0, 0.0, 0.0], [0.0, 0.0, 0.0, 0.0, 0.00021132713440405747, 0.00021132713440405747, 0.0010566356720202875, 0.002324598478444632, 0.00422654268808115, 0.009509721048182587, 0.019230769230769232, 0.040997464074387154, 0.07163989856297548, 0.11622992392223161, 0.13989856297548606, 0.12109044801352493, 0.1390532544378698, 0.08622147083685545, 0.10566356720202874, 0.04585798816568047, 0.027049873203719356, 0.03360101437024514, 0.017117497886728655, 0.006339814032121725, 0.008030431107354184, 0.004015215553677092, 0.00042265426880811494, 0.0, 0.0, 0.0, 0.0, 0.0], [0.0, 0.0, 0.00015008254539996998, 0.0, 0.0, 0.00030016509079993996, 0.00045024763619990995, 0.0018009905447996398, 0.0034518985441993094, 0.010655860723397869, 0.02146180399219571, 0.039171544349392164, 0.0735404472459853, 0.11061083595977787, 0.15323427885336935, 0.1464805643103707, 0.14858171994597028, 0.08434639051478313, 0.10430736905297913, 0.0379708839861924, 0.02191205162839562, 0.023863124718595228, 0.00795437490619841, 0.00435239381659913, 0.0034518985441993094, 0.00105057781779979, 0.0009004952723998199, 0.0, 0.0, 0.0, 0.0, 0.0], [0.0, 0.0, 0.0, 0.0, 0.0, 0.00017400382808421786, 0.0008700191404210892, 0.0010440229685053071, 0.0036540803897685747, 0.009222202888463546, 0.014442317730990082, 0.031668696711327646, 0.058117278580128766, 0.09866017052375152, 0.13763702801461633, 0.16391160605533323, 0.1743518357403863, 0.09761614755524621, 0.11954062989385766, 0.035148773273012, 0.02018444405776927, 0.021576474682443014, 0.005742126326779189, 0.0019140421089263965, 0.003480076561684357, 0.0008700191404210892, 0.00017400382808421786, 0.0, 0.0, 0.0, 0.0, 0.0], [0.0, 0.010752688172043012, 0.0, 0.0, 0.010752688172043012, 0.03225806451612903, 0.043010752688172046, 0.043010752688172046, 0.13978494623655913, 0.0967741935483871, 0.07526881720430108, 0.03225806451612903, 0.053763440860215055, 0.0967741935483871, 0.07526881720430108, 0.08602150537634409, 0.07526881720430108, 0.03225806451612903, 0.03225806451612903, 0.043010752688172046, 0.021505376344086023, 0.0, 0.0, 0.0, 0.0, 0.0, 0.0, 0.0, 0.0, 0.0, 0.0, 0.0]]}, "ranks": {"labels": ["Unranked", "Combatatent I", "Combatatent II", "Challenger I", "Challenger II", "Rival I", "Rival II", "Duelist", "Elite"], "data": [[0.2066115702479339, 0.17355371900826447, 0.256198347107438, 0.19008264462809918, 0.0743801652892562, 0.08264462809917356, 0.01652892561983471, 0.0, 0.0], [0.07589658048373644, 0.12427022518765637, 0.20100083402835697, 0.28690575479566305, 0.17597998331943285, 0.09090909090909091, 0.020850708924103418, 0.020850708924103418, 0.003336113427856547], [0.024275862068965516, 0.041931034482758624, 0.112, 0.18455172413793103, 0.24082758620689657, 0.20413793103448277, 0.07668965517241379, 0.0896551724137931, 0.02593103448275862], [0.0444835939220436, 0.07267121779343756, 0.16163840563752477, 0.25523012552301255, 0.2435586875137635, 0.13917639286500771, 0.04228143580709095, 0.035674961462232986, 0.005285179475886369], [0.24444444444444444, 0.15555555555555556, 0.2222222222222222, 0.0, 0.1111111111111111, 0.15555555555555556, 0.044444444444444446, 0.06666666666666667, 0.0], [0.018878400888395337, 0.04849157875254488, 0.14862113640570054, 0.23875624652970573, 0.24708495280399778, 0.15139737183046456, 0.05756061447344068, 0.06866555617249676, 0.020544142143253747], [0.08231545406266595, 0.12639405204460966, 0.23048327137546468, 0.23526287838555496, 0.1688794476898566, 0.07434944237918216, 0.028146574614976102, 0.03664365374402549, 0.017525225703664365], [0.3739130434782609, 0.26956521739130435, 0.17391304347826086, 0.0782608695652174, 0.06956521739130435, 0.034782608695652174, 0.0, 0.0, 0.0], [0.09918478260869565, 0.17158385093167702, 0.2424301242236025, 0.2269021739130435, 0.13082298136645962, 0.06579968944099379, 0.029503105590062112, 0.029503105590062112, 0.004270186335403727], [0.05359801488833747, 0.08287841191066997, 0.18610421836228289, 0.2521091811414392, 0.23970223325062034, 0.11910669975186104, 0.029280397022332507, 0.0337468982630273, 0.0034739454094292804], [0.0837396042443361, 0.16203039862345855, 0.22827645540579294, 0.25609406366504156, 0.1459707484944078, 0.06567249784915401, 0.0292515055921996, 0.024663034126756526, 0.004301691998852882], [0.040783034257748776, 0.0878194671016857, 0.1658510059815117, 0.25938009787928223, 0.24388254486133767, 0.12425231103860794, 0.04051114736269712, 0.03262642740619902, 0.004893964110929853], [0.06234413965087282, 0.1199501246882793, 0.2079800498753117, 0.26184538653366585, 0.2059850374064838, 0.08304239401496259, 0.032418952618453865, 0.020199501246882794, 0.006234413965087282], [0.013951579811243332, 0.04595814526056627, 0.1304883052933935, 0.23676651620845302, 0.2835453426343865, 0.1616741895773492, 0.06360279031596225, 0.0553959786622897, 0.008617152236356175], [0.060393258426966294, 0.12219101123595505, 0.21769662921348315, 0.21910112359550563, 0.199438202247191, 0.09269662921348315, 0.03932584269662921, 0.032303370786516857, 0.016853932584269662], [0.04122990915443746, 0.0870020964360587, 0.18763102725366876, 0.2697414395527603, 0.21418588399720476, 0.116701607267645, 0.038085255066387144, 0.038085255066387144, 0.007337526205450734], [0.04435204435204435, 0.10464310464310464, 0.18953568953568953, 0.24774774774774774, 0.21864171864171864, 0.11988911988911989, 0.027373527373527374, 0.038461538461538464, 0.009355509355509356], [0.1724137931034483, 0.1724137931034483, 0.20689655172413793, 0.13793103448275862, 0.1724137931034483, 0.0, 0.13793103448275862, 0.0, 0.0], [0.01934550714156572, 0.049719761345145545, 0.1444585065991683, 0.25203399023684686, 0.2529379858976677, 0.14156572048454166, 0.0625564997288013, 0.07015006327969625, 0.0072319652865666245], [0.01719526175009553, 0.047382499044707684, 0.11196025983951088, 0.2216278181123424, 0.26824608330149025, 0.1646923958731372, 0.06304929308368361, 0.07871608712265954, 0.027130301872372947], [0.03227038380752339, 0.07657055566163834, 0.14263891540958565, 0.2363948825663548, 0.2293297689516899, 0.15104067214053848, 0.060912736299408056, 0.058239450066832156, 0.012602635096429253], [0.02694610778443114, 0.05389221556886228, 0.20658682634730538, 0.3023952095808383, 0.2904191616766467, 0.09880239520958084, 0.020958083832335328, 0.0, 0.0], [0.016668889185224696, 0.04493932524336578, 0.11921589545272702, 0.23949859981330845, 0.27083611148153086, 0.18895852780370717, 0.05600746766235498, 0.05427390318709161, 0.009601280170689425], [0.016884286357496624, 0.05076542098153985, 0.17255740657361548, 0.315060783430887, 0.26913552453849615, 0.11909049977487618, 0.03669518235029266, 0.018572714993246284, 0.0012381809995497524], [0.03303471444568869, 0.08286674132138858, 0.18113101903695408, 0.24720044792833146, 0.2343225083986562, 0.1276595744680851, 0.05039193729003359, 0.040313549832026875, 0.003079507278835386], [0.012227656736327256, 0.040240106714095156, 0.12072032014228545, 0.23121387283236994, 0.23855046687416628, 0.1874166296131614, 0.06402845709204091, 0.08070253445975989, 0.024899955535793685], [0.11346938775510204, 0.1493877551020408, 0.22122448979591836, 0.24, 0.15183673469387754, 0.07673469387755102, 0.02040816326530612, 0.024489795918367346, 0.0024489795918367346], [0.144, 0.192, 0.184, 0.208, 0.17866666666666667, 0.072, 0.005333333333333333, 0.010666666666666666, 0.005333333333333333], [0.058880542767143204, 0.11558032469105887, 0.21734916404167676, 0.2752604797673855, 0.1834262175914708, 0.08456505936515629, 0.03028834504482675, 0.030530651805185365, 0.004119214926096438], [0.028409090909090908, 0.06581439393939394, 0.13920454545454544, 0.24431818181818182, 0.23579545454545456, 0.13304924242424243, 0.059185606060606064, 0.06676136363636363, 0.027462121212121212], [0.023176550783912748, 0.0569188820722563, 0.17041581458759372, 0.26789366053169733, 0.2307430129516019, 0.14519427402862986, 0.05282890252215405, 0.04533060668029993, 0.007498295841854124], [0.03635291805855767, 0.1029671841226174, 0.20573786598545885, 0.2696011004126547, 0.2204755354686579, 0.09825112988799371, 0.032422872863037924, 0.03144036156415799, 0.002751031636863824], [0.022483392948390392, 0.07511497189575882, 0.1829330608073582, 0.27593254982115484, 0.2171691364333163, 0.11752682677567705, 0.052120592743995914, 0.04394481349003577, 0.012774655084312723], [0.013548150860490663, 0.03808128890516294, 0.09556938850238009, 0.21274258513365069, 0.25119004027828634, 0.19040644452581473, 0.07323324789454412, 0.10435737824972538, 0.020871475649945074], [0.01754015215553677, 0.060228233305156385, 0.1878698224852071, 0.260989010989011, 0.22527472527472528, 0.13102282333051563, 0.047548605240912936, 0.05705832628909552, 0.012468300929839391], [0.01680924508479664, 0.06063334834158787, 0.18415128320576318, 0.29971484316374003, 0.2329281104607534, 0.125018760318175, 0.039171544349392164, 0.036169893441392764, 0.005402971634398919], [0.014964329215242735, 0.04611101444231773, 0.15677744910388028, 0.30154863406994953, 0.2719679832956325, 0.13850704715503742, 0.03636680006960153, 0.029232643118148598, 0.004524099530189664], [0.3763440860215054, 0.10752688172043011, 0.15053763440860216, 0.16129032258064516, 0.10752688172043011, 0.06451612903225806, 0.03225806451612903, 0.0, 0.0]]}, "ranksDetailed": {"labels": ["Unranked", "Combatatant", "Challenger", "Rival", "Duelist", "Elite"], "data": [[0.2066115702479339, 0.4297520661157025, 0.2644628099173554, 0.09917355371900827, 0.0, 0.0], [0.07589658048373644, 0.32527105921601335, 0.4628857381150959, 0.11175979983319433, 0.020850708924103418, 0.003336113427856547], [0.024275862068965516, 0.15393103448275863, 0.42537931034482757, 0.2808275862068966, 0.0896551724137931, 0.02593103448275862], [0.0444835939220436, 0.23430962343096234, 0.498788813036776, 0.18145782867209867, 0.035674961462232986, 0.005285179475886369], [0.24444444444444444, 0.37777777777777777, 0.1111111111111111, 0.2, 0.06666666666666667, 0.0], [0.018878400888395337, 0.1971127151582454, 0.4858411993337035, 0.20895798630390525, 0.06866555617249676, 0.020544142143253747], [0.08231545406266595, 0.35687732342007433, 0.40414232607541156, 0.10249601699415826, 0.03664365374402549, 0.017525225703664365], [0.3739130434782609, 0.4434782608695652, 0.14782608695652175, 0.034782608695652174, 0.0, 0.0], [0.09918478260869565, 0.4140139751552795, 0.3577251552795031, 0.0953027950310559, 0.029503105590062112, 0.004270186335403727], [0.05359801488833747, 0.2689826302729528, 0.49181141439205955, 0.14838709677419354, 0.0337468982630273, 0.0034739454094292804], [0.0837396042443361, 0.3903068540292515, 0.4020648121594494, 0.0949240034413536, 0.024663034126756526, 0.004301691998852882], [0.040783034257748776, 0.2536704730831974, 0.5032626427406199, 0.16476345840130505, 0.03262642740619902, 0.004893964110929853], [0.06234413965087282, 0.327930174563591, 0.4678304239401496, 0.11546134663341646, 0.020199501246882794, 0.006234413965087282], [0.013951579811243332, 0.1764464505539598, 0.5203118588428396, 0.22527697989331144, 0.0553959786622897, 0.008617152236356175], [0.060393258426966294, 0.3398876404494382, 0.41853932584269665, 0.13202247191011235, 0.032303370786516857, 0.016853932584269662], [0.04122990915443746, 0.2746331236897275, 0.48392732354996504, 0.15478686233403213, 0.038085255066387144, 0.007337526205450734], [0.04435204435204435, 0.29417879417879417, 0.4663894663894664, 0.14726264726264726, 0.038461538461538464, 0.009355509355509356], [0.1724137931034483, 0.3793103448275862, 0.3103448275862069, 0.13793103448275862, 0.0, 0.0], [0.01934550714156572, 0.19417826794431386, 0.5049719761345145, 0.20412222021334298, 0.07015006327969625, 0.0072319652865666245], [0.01719526175009553, 0.15934275888421856, 0.48987390141383264, 0.2277416889568208, 0.07871608712265954, 0.027130301872372947], [0.03227038380752339, 0.219209471071224, 0.4657246515180447, 0.21195340843994653, 0.058239450066832156, 0.012602635096429253], [0.02694610778443114, 0.26047904191616766, 0.592814371257485, 0.11976047904191617, 0.0, 0.0], [0.016668889185224696, 0.1641552206960928, 0.5103347112948393, 0.24496599546606215, 0.05427390318709161, 0.009601280170689425], [0.016884286357496624, 0.22332282755515534, 0.5841963079693832, 0.15578568212516886, 0.018572714993246284, 0.0012381809995497524], [0.03303471444568869, 0.26399776035834266, 0.48152295632698766, 0.1780515117581187, 0.040313549832026875, 0.003079507278835386], [0.012227656736327256, 0.16096042685638062, 0.46976433970653625, 0.2514450867052023, 0.08070253445975989, 0.024899955535793685], [0.11346938775510204, 0.3706122448979592, 0.39183673469387753, 0.09714285714285714, 0.024489795918367346, 0.0024489795918367346], [0.144, 0.376, 0.38666666666666666, 0.07733333333333334, 0.010666666666666666, 0.005333333333333333], [0.058880542767143204, 0.33292948873273565, 0.4586866973588563, 0.11485340440998304, 0.030530651805185365, 0.004119214926096438], [0.028409090909090908, 0.2050189393939394, 0.48011363636363635, 0.19223484848484848, 0.06676136363636363, 0.027462121212121212], [0.023176550783912748, 0.22733469665985004, 0.49863667348329926, 0.1980231765507839, 0.04533060668029993, 0.007498295841854124], [0.03635291805855767, 0.30870505010807625, 0.4900766358813126, 0.13067400275103164, 0.03144036156415799, 0.002751031636863824], [0.022483392948390392, 0.258048032703117, 0.49310168625447115, 0.16964741951967297, 0.04394481349003577, 0.012774655084312723], [0.013548150860490663, 0.13365067740754302, 0.463932625411937, 0.26363969242035884, 0.10435737824972538, 0.020871475649945074], [0.01754015215553677, 0.24809805579036348, 0.48626373626373626, 0.17857142857142858, 0.05705832628909552, 0.012468300929839391], [0.01680924508479664, 0.24478463154735106, 0.5326429536244934, 0.16419030466756715, 0.036169893441392764, 0.005402971634398919], [0.014964329215242735, 0.20288846354619802, 0.573516617365582, 0.17487384722463895, 0.029232643118148598, 0.004524099530189664], [0.3763440860215054, 0.25806451612903225, 0.26881720430107525, 0.0967741935483871, 0.0, 0.0]]}}}, "eu": {"histType": {"histogram": {"labels": ["0", "100", "200", "300", "400", "500", "600", "700", "800", "900", "1000", "1100", "1200", "1300", "1400", "1500", "1600", "1700", "1800", "1900", "2000", "2100", "2200", "2300", "2400", "2500", "2600", "2700", "2800", "2900", "3000", "3100"], "data": [[0.0, 0.0, 0.0, 0.0, 0.0, 0.0125, 0.025, 0.0375, 0.1125, 0.1, 0.0875, 0.1, 0.1125, 0.0625, 0.0625, 0.1, 0.05, 0.05, 0.0375, 0.0, 0.0375, 0.0, 0.0, 0.0125, 0.0, 0.0, 0.0, 0.0, 0.0, 0.0, 0.0, 0.0], [0.0, 0.0, 0.0, 0.0009199632014719411, 0.0018399264029438822, 0.0036798528058877645, 0.010119595216191352, 0.006439742410303588, 0.027598896044158234, 0.035878564857405704, 0.04967801287948482, 0.08831646734130635, 0.10395584176632934, 0.1297148114075437, 0.1453541858325667, 0.11775528978840846, 0.10947562097516099, 0.05427782888684453, 0.05979760809567617, 0.022999080036798528, 0.00827966881324747, 0.01655933762649494, 0.0018399264029438822, 0.005519779208831647, 0.0, 0.0, 0.0, 0.0, 0.0, 0.0, 0.0, 0.0], [0.0, 0.0, 0.0, 0.0, 0.0003156565656565657, 0.000946969696969697, 0.000946969696969697, 0.003472222222222222, 0.009154040404040404, 0.012626262626262626, 0.0211489898989899, 0.030618686868686868, 0.04861111111111111, 0.06786616161616162, 0.09532828282828283, 0.0946969696969697, 0.1398358585858586, 0.09406565656565656, 0.16382575757575757, 0.0634469696969697, 0.04450757575757576, 0.04861111111111111, 0.024936868686868688, 0.008522727272727272, 0.01672979797979798, 0.005997474747474747, 0.0031565656565656565, 0.0006313131313131314, 0.0, 0.0, 0.0, 0.0], [0.0, 0.0001986491855383393, 0.0, 0.0001986491855383393, 0.0001986491855383393, 0.0003972983710766786, 0.0013905442987683751, 0.0055621771950735005, 0.00854191497814859, 0.0166865315852205, 0.032777115613825986, 0.04946364719904649, 0.0657528804131903, 0.09157727453317441, 0.12177195073500198, 0.13011521652761224, 0.14978148589590784, 0.10031783869686134, 0.11640842272546682, 0.04847040127135479, 0.01926897099721891, 0.023043305522447356, 0.00854191497814859, 0.0029797377830750892, 0.003575685339690107, 0.0021851410409217324, 0.0007945967421533572, 0.0, 0.0, 0.0, 0.0, 0.0], [0.0, 0.0, 0.0, 0.0, 0.0, 0.0, 0.043478260869565216, 0.06521739130434782, 0.10869565217391304, 0.021739130434782608, 0.10869565217391304, 0.17391304347826086, 0.043478260869565216, 0.043478260869565216, 0.13043478260869565, 0.06521739130434782, 0.043478260869565216, 0.021739130434782608, 0.021739130434782608, 0.06521739130434782, 0.0, 0.021739130434782608, 0.0, 0.021739130434782608, 0.0, 0.0, 0.0, 0.0, 0.0, 0.0, 0.0, 0.0], [0.0, 0.00018188432157148054, 0.0003637686431429611, 0.0003637686431429611, 0.0005456529647144416, 0.00018188432157148054, 0.0003637686431429611, 0.00327391778828665, 0.004183339396144053, 0.009821753364859949, 0.01764277919243361, 0.028373954165150966, 0.05474718079301564, 0.0851218624954529, 0.10731174972717351, 0.11877046198617679, 0.13895962168061113, 0.0991269552564569, 0.12586395052746452, 0.06293197526373226, 0.03655874863586759, 0.05165514732630047, 0.01982539105129138, 0.008912331757002546, 0.013823208439432522, 0.0061840669334303384, 0.003819570753001091, 0.0010913059294288831, 0.0, 0.0, 0.0, 0.0], [0.0, 0.0004873294346978557, 0.0004873294346978557, 0.0014619883040935672, 0.0009746588693957114, 0.00341130604288499, 0.004873294346978557, 0.015107212475633527, 0.0297270955165692, 0.03557504873294347, 0.0594541910331384, 0.07992202729044834, 0.0935672514619883, 0.11598440545808966, 0.10964912280701754, 0.10380116959064327, 0.10477582846003898, 0.060916179337231965, 0.05799220272904483, 0.030214424951267055, 0.022417153996101363, 0.024366471734892786, 0.011695906432748537, 0.011208576998050682, 0.012183235867446393, 0.0029239766081871343, 0.00682261208576998, 0.0, 0.0, 0.0, 0.0, 0.0], [0.0, 0.0, 0.0, 0.0, 0.0, 0.025974025974025976, 0.0, 0.1038961038961039, 0.05194805194805195, 0.1038961038961039, 0.07792207792207792, 0.1038961038961039, 0.12987012987012986, 0.05194805194805195, 0.07792207792207792, 0.15584415584415584, 0.09090909090909091, 0.025974025974025976, 0.0, 0.0, 0.0, 0.0, 0.0, 0.0, 0.0, 0.0, 0.0, 0.0, 0.0, 0.0, 0.0, 0.0], [0.0007693787266782073, 0.00019234468166955183, 0.0007693787266782073, 0.0007693787266782073, 0.0007693787266782073, 0.0019234468166955184, 0.005962685131756107, 0.011733025581842662, 0.029813425658780535, 0.04827851509905751, 0.07597614925947298, 0.09636468551644548, 0.12598576649355644, 0.12560107713021734, 0.10829005577995768, 0.09655703019811503, 0.0838622812079246, 0.05193306405077899, 0.05097134064243124, 0.029813425658780535, 0.018272744758607424, 0.01769571071359877, 0.0076937872667820735, 0.004616272360069244, 0.0044239276783996926, 0.0009617234083477592, 0.0, 0.0, 0.0, 0.0, 0.0, 0.0], [0.0, 0.0, 0.0, 0.0, 0.0, 0.0012674271229404308, 0.0012674271229404308, 0.0076045627376425855, 0.014575411913814956, 0.02091254752851711, 0.046261089987325726, 0.049429657794676805, 0.0741444866920152, 0.10646387832699619, 0.12864385297845374, 0.12610899873257286, 0.14638783269961977, 0.07667934093789606, 0.09885931558935361, 0.028517110266159697, 0.031051964512040557, 0.023447401774397972, 0.010139416983523447, 0.0025348542458808617, 0.0038022813688212928, 0.0019011406844106464, 0.0, 0.0, 0.0, 0.0, 0.0, 0.0], [0.00035124692658939234, 0.0, 0.0, 0.0, 0.0014049877063575693, 0.0024587284861257463, 0.0028099754127151387, 0.012644889357218124, 0.02423603793466807, 0.03758342114506498, 0.06568317527221637, 0.08640674394099052, 0.11696522655426765, 0.12047769582016157, 0.12961011591148577, 0.10396909027046013, 0.09062170706006323, 0.05584826132771338, 0.06217070600632244, 0.02985598876009835, 0.02107481559536354, 0.017211099402880226, 0.007376185458377239, 0.005619950825430277, 0.003863716192483316, 0.0017562346329469617, 0.0, 0.0, 0.0, 0.0, 0.0, 0.0], [0.0, 0.0, 0.0, 0.0005863383172090296, 0.0005863383172090296, 0.0011726766344180592, 0.001759014951627089, 0.005277044854881266, 0.012313104661389622, 0.02609205511580182, 0.03723248314277338, 0.050425095279976545, 0.08091468777484609, 0.09088243916739959, 0.119026678393433, 0.11668132512459689, 0.148636763412489, 0.0891234242157725, 0.10260920551158018, 0.04720023453532688, 0.025505716798592787, 0.024039871005570215, 0.009674582233948988, 0.0023453532688361184, 0.005277044854881266, 0.001465845793022574, 0.0002931691586045148, 0.0005863383172090296, 0.0, 0.0, 0.0002931691586045148, 0.0], [0.00030184123151222455, 0.0, 0.00030184123151222455, 0.0009055236945366737, 0.00030184123151222455, 0.001509206157561123, 0.0033202535466344703, 0.011168125565952309, 0.017506791427709025, 0.025958345910051313, 0.05101116812556595, 0.06610322970117719, 0.09990944763054634, 0.10594627226079083, 0.14518563235738002, 0.12556595230908543, 0.11530335043766979, 0.06731059462722608, 0.07817687896166617, 0.03290069423483248, 0.017506791427709025, 0.01509206157561123, 0.00784787201931784, 0.003018412315122246, 0.004527618472683369, 0.002112888620585572, 0.0012073649260488982, 0.0, 0.0, 0.0, 0.0, 0.0], [0.0, 0.0, 0.0, 0.00037439161362785476, 0.00037439161362785476, 0.0, 0.0011231748408835642, 0.0011231748408835642, 0.0041183077499064025, 0.00786222388618495, 0.015350056158742045, 0.026956196181205542, 0.053912392362411084, 0.0827405466117559, 0.11381505054286783, 0.134032197678772, 0.16323474354174466, 0.11943092474728566, 0.11793335829277424, 0.058779483339573196, 0.03070011231748409, 0.03369524522650692, 0.017970797454137027, 0.00711344065892924, 0.005615874204417821, 0.001497566454511419, 0.0022463496817671283, 0.0, 0.0, 0.0, 0.0, 0.0], [0.0, 0.0, 0.0016806722689075631, 0.0016806722689075631, 0.0, 0.0033613445378151263, 0.011764705882352941, 0.0134453781512