{"region": {"us": {"histType": {"histogram": {"labels": ["0", "100", "200", "300", "400", "500", "600", "700", "800", "900", "1000", "1100", "1200", "1300", "1400", "1500", "1600", "1700", "1800", "1900", "2000", "2100", "2200", "2300", "2400", "2500", "2600", "2700", "2800", "2900", "3000", "3100"], "data": [[0.0, 0.0, 0.0, 0.0045045045045045045, 0.0, 0.013513513513513514, 0.018018018018018018, 0.018018018018018018, 0.04954954954954955, 0.04054054054054054, 0.07207207207207207, 0.09009009009009009, 0.0990990990990991, 0.0945945945945946, 0.13513513513513514, 0.0990990990990991, 0.05405405405405406, 0.05855855855855856, 0.05405405405405406, 0.04504504504504504, 0.013513513513513514, 0.04054054054054054, 0.0, 0.0, 0.0, 0.0, 0.0, 0.0, 0.0, 0.0, 0.0, 0.0], [0.0, 0.0010587612493382743, 0.0, 0.0005293806246691371, 0.0015881418740074113, 0.0010587612493382743, 0.005823186871360508, 0.01111699311805188, 0.01270513499205929, 0.022763366860772894, 0.039174166225516144, 0.0513499205929063, 0.07517204870301747, 0.07728957120169402, 0.12228692429857067, 0.1339332980412917, 0.15193223928004235, 0.08628904182106935, 0.10534674430915829, 0.03864478560084701, 0.024351508734780307, 0.014293276866066702, 0.007411328745367919, 0.004764425622022234, 0.0037056643726839597, 0.005293806246691371, 0.0021175224986765486, 0.0, 0.0, 0.0, 0.0, 0.0], [0.00015936254980079682, 0.0, 0.0, 0.00031872509960159364, 0.00031872509960159364, 0.00015936254980079682, 0.00031872509960159364, 0.0007968127490039841, 0.004780876494023904, 0.005577689243027889, 0.010358565737051793, 0.013864541832669323, 0.024223107569721115, 0.03808764940239044, 0.05976095617529881, 0.0903585657370518, 0.1405577689243028, 0.11059760956175299, 0.22756972111553786, 0.07729083665338646, 0.052270916334661355, 0.06820717131474104, 0.023266932270916335, 0.01402390438247012, 0.02342629482071713, 0.0068525896414342626, 0.0038247011952191236, 0.0028685258964143427, 0.00015936254980079682, 0.0, 0.0, 0.0], [0.0, 0.0, 0.0, 0.0, 0.00029129041654529564, 0.00014564520827264782, 0.001602097290999126, 0.0029129041654529565, 0.007282260413632392, 0.013253713952810952, 0.021118555199533935, 0.02490533061462278, 0.04529565977279348, 0.06495776288960094, 0.09627148266822022, 0.12685697640547625, 0.1586076318089135, 0.11039906787066706, 0.1613748907660938, 0.06306437518205651, 0.04005243227497815, 0.0371395281095252, 0.009612583745994756, 0.004515001456452083, 0.006408389163996504, 0.001747742499271774, 0.0018933877075444218, 0.00029129041654529564, 0.0, 0.0, 0.0, 0.0], [0.0, 0.0, 0.0, 0.0, 0.0, 0.013333333333333334, 0.0, 0.05333333333333334, 0.04, 0.08, 0.05333333333333334, 0.06666666666666667, 0.10666666666666667, 0.14666666666666667, 0.05333333333333334, 0.02666666666666667, 0.08, 0.05333333333333334, 0.04, 0.09333333333333334, 0.02666666666666667, 0.04, 0.013333333333333334, 0.013333333333333334, 0.0, 0.0, 0.0, 0.0, 0.0, 0.0, 0.0, 0.0], [0.0, 0.0, 0.0, 0.0, 0.0, 0.0, 0.00028690288337397793, 0.002151771625304834, 0.002151771625304834, 0.008033280734471382, 0.013340984076889972, 0.021661167694735334, 0.03930569502223497, 0.06756562903457179, 0.09754698034715249, 0.13670922392770046, 0.15994835748099268, 0.10357194089800603, 0.14502940754554583, 0.05795438244154354, 0.036723569071869175, 0.04963419882369818, 0.021087361927987377, 0.007602926409410415, 0.015923110027255775, 0.005881509109166547, 0.004590446133983647, 0.003155931717113757, 0.00014345144168698896, 0.0, 0.0, 0.0], [0.0, 0.0, 0.0006688963210702341, 0.0016722408026755853, 0.0016722408026755853, 0.0030100334448160534, 0.0046822742474916385, 0.009698996655518394, 0.02040133779264214, 0.03177257525083612, 0.044481605351170565, 0.05284280936454849, 0.07892976588628763, 0.09498327759197324, 0.12642140468227425, 0.12675585284280935, 0.1274247491638796, 0.07892976588628763, 0.0765886287625418, 0.03311036789297659, 0.018729096989966554, 0.024749163879598662, 0.007692307692307693, 0.0070234113712374585, 0.01137123745819398, 0.0070234113712374585, 0.00568561872909699, 0.0030100334448160534, 0.0006688963210702341, 0.0, 0.0, 0.0], [0.0, 0.0, 0.004424778761061947, 0.01327433628318584, 0.004424778761061947, 0.008849557522123894, 0.01327433628318584, 0.05309734513274336, 0.0752212389380531, 0.11504424778761062, 0.09734513274336283, 0.09292035398230089, 0.11504424778761062, 0.09292035398230089, 0.07964601769911504, 0.05752212389380531, 0.048672566371681415, 0.02654867256637168, 0.030973451327433628, 0.035398230088495575, 0.035398230088495575, 0.0, 0.0, 0.0, 0.0, 0.0, 0.0, 0.0, 0.0, 0.0, 0.0, 0.0], [0.0003806140573458513, 0.0003806140573458513, 0.0006343567622430855, 0.0006343567622430855, 0.0008880994671403197, 0.0021568129916264907, 0.002283684344075108, 0.006343567622430855, 0.012940877949758945, 0.02803856889114438, 0.04491245876681045, 0.06660746003552398, 0.08398883532098453, 0.09997462572951028, 0.13042375031717837, 0.1285206800304491, 0.10910936310581071, 0.0674955595026643, 0.07891398122303983, 0.03920324790662268, 0.029053539710733316, 0.02537427048972342, 0.014209591474245116, 0.0077391524993656435, 0.012052778482618624, 0.004947982745496067, 0.002791169753869576, 0.0, 0.0, 0.0, 0.0, 0.0], [0.0, 0.0, 0.0007558578987150416, 0.0, 0.001889644746787604, 0.0011337868480725624, 0.0049130763416477706, 0.0041572184429327285, 0.013983371126228269, 0.0200302343159486, 0.03250188964474679, 0.041194255479969764, 0.06689342403628118, 0.08163265306122448, 0.10506424792139078, 0.12509448223733938, 0.15117157974300832, 0.09297052154195011, 0.12962962962962962, 0.04610733182161754, 0.026832955404383976, 0.023809523809523808, 0.008692365835222978, 0.006424792139077854, 0.008314436885865457, 0.0045351473922902496, 0.0022675736961451248, 0.0, 0.0, 0.0, 0.0, 0.0], [0.00020951183741881415, 0.0, 0.0008380473496752566, 0.0006285355122564425, 0.001047559187094071, 0.00251414204902577, 0.00502828409805154, 0.009637544521265452, 0.017389482505761576, 0.0295411690760528, 0.06138696836371255, 0.06997695369788393, 0.09721349256232978, 0.10161324114812487, 0.13995390739576785, 0.13115441022417768, 0.11334590404357846, 0.0680913471611146, 0.06704378797402054, 0.03477896501152315, 0.01613241148124869, 0.016551435156086317, 0.005866331447726796, 0.004190236748376284, 0.0031426775612822125, 0.00251414204902577, 0.00020951183741881415, 0.0, 0.0, 0.0, 0.0, 0.0], [0.0, 0.0, 0.0, 0.0, 0.00019286403085824494, 0.0009643201542912247, 0.0028929604628736743, 0.003857280617164899, 0.007714561234329798, 0.011764705882352941, 0.029508196721311476, 0.043201542912246864, 0.05901639344262295, 0.07270973963355834, 0.11610414657666346, 0.11359691417550627, 0.15294117647058825, 0.10009643201542913, 0.13635486981677916, 0.05284474445515911, 0.03124397299903568, 0.032208293153326906, 0.011571841851494697, 0.0057859209257473485, 0.009450337512054001, 0.003278688524590164, 0.002507232401157184, 0.00019286403085824494, 0.0, 0.0, 0.0, 0.0], [0.00029184298847220193, 0.0, 0.0, 0.00029184298847220193, 0.00014592149423610097, 0.0007296074711805049, 0.0018969794250693127, 0.0029184298847220198, 0.006420545746388443, 0.01794834379104042, 0.030351670801109003, 0.03720998103020575, 0.05282358091346855, 0.0747118050488837, 0.10696045527506201, 0.13132934481249087, 0.150299139063184, 0.09908069458631256, 0.12782722895082446, 0.05690938275207938, 0.031664964249233915, 0.032248650226178316, 0.012111484021596381, 0.006712388734860645, 0.009776740113818766, 0.0033561943674303226, 0.0029184298847220198, 0.002188822413541515, 0.0008755289654166059, 0.0, 0.0, 0.0], [0.0, 0.0, 0.0002767017155506364, 0.0, 0.0005534034311012728, 0.0002767017155506364, 0.0005534034311012728, 0.0011068068622025456, 0.00387382401770891, 0.004703929164360819, 0.01466519092418373, 0.020475926950747094, 0.041228555617044825, 0.05727725511898174, 0.08218040951853901, 0.11870503597122302, 0.1679579413392363, 0.12202545655783066, 0.15024903154399558, 0.0752628666297731, 0.049529607083563916, 0.04095185390149419, 0.018262313226342003, 0.009407858328721638, 0.011898173768677366, 0.00387382401770891, 0.002767017155506364, 0.0016602102933038186, 0.0002767017155506364, 0.0, 0.0, 0.0], [0.0, 0.0, 0.0, 0.0005339028296849973, 0.0010678056593699946, 0.002135611318739989, 0.0010678056593699946, 0.005339028296849973, 0.010678056593699947, 0.014949279231179925, 0.022423918846769888, 0.04431393486385478, 0.053390282968499736, 0.06994127068873465, 0.0998398291510945, 0.11639081687132942, 0.13240790176187933, 0.0982381206620395, 0.11372130272290443, 0.05819540843566471, 0.04538174052322477, 0.037907100907634814, 0.025093432995194873, 0.008542445274959957, 0.01601708489054992, 0.010678056593699947, 0.006406833956219968, 0.004271222637479978, 0.0010678056593699946, 0.0, 0.0, 0.0], [0.00026062027625749283, 0.0, 0.0005212405525149857, 0.00026062027625749283, 0.0005212405525149857, 0.0013031013812874641, 0.003388063591347407, 0.0049517852488923635, 0.008079228563982278, 0.014594735470419598, 0.02501954652071931, 0.044566067240031274, 0.07140995569455304, 0.08887151420380505, 0.11858222569715923, 0.1344800625488663, 0.13604378420641125, 0.09017461558509252, 0.10763617409434453, 0.050299713317696115, 0.027886369559551732, 0.0328381548084441, 0.012770393536617148, 0.00547302580140735, 0.010424811050299713, 0.0036486838676048996, 0.004430544696377378, 0.001563721657544957, 0.0, 0.0, 0.0, 0.0], [0.0, 0.0, 0.00020044097013429546, 0.0004008819402685909, 0.0006013229104028864, 0.0006013229104028864, 0.0014030867909400682, 0.004008819402685909, 0.005812788133894568, 0.01503307276007216, 0.027059530968129887, 0.034676287833233115, 0.06293846462216877, 0.07396271797955502, 0.10763680096211665, 0.13068751252756064, 0.15233513730206455, 0.09540990178392464, 0.1455201443174985, 0.04730406895169373, 0.02786129484866707, 0.03046702746041291, 0.013429544998997796, 0.006013229104028864, 0.008819402685909, 0.003006614552014432, 0.0020044097013429546, 0.0028061735818801364, 0.0, 0.0, 0.0, 0.0], [0.0, 0.0, 0.0, 0.03125, 0.0, 0.015625, 0.0, 0.0, 0.015625, 0.078125, 0.03125, 0.078125, 0.078125, 0.0625, 0.109375, 0.09375, 0.15625, 0.03125, 0.078125, 0.046875, 0.0, 0.046875, 0.03125, 0.015625, 0.0, 0.0, 0.0, 0.0, 0.0, 0.0, 0.0, 0.0], [0.00013564839934888768, 0.0, 0.0, 0.00013564839934888768, 0.00013564839934888768, 0.00027129679869777537, 0.0005425935973955507, 0.0012208355941399891, 0.0031199131850244166, 0.007596310363537711, 0.015056972327726533, 0.020889853499728703, 0.03893109061313076, 0.05968529571351058, 0.10214324470971242, 0.14568638090070538, 0.16806836679327183, 0.11950623982637004, 0.12384698860553446, 0.0649755832881172, 0.042322300596852956, 0.04422137818773739, 0.017769940314704285, 0.008138903960933261, 0.009224091155724362, 0.0052902875746066195, 0.0010851871947911015, 0.0, 0.0, 0.0, 0.0, 0.0], [0.0, 0.0, 0.0, 0.00018351991191044228, 0.0, 0.00036703982382088455, 0.0014681592952835382, 0.0007340796476417691, 0.0027527986786566342, 0.0042209579739401724, 0.010644154890805653, 0.014314553129014498, 0.022939988988805286, 0.03596990273444669, 0.06349788952101303, 0.09469627454578822, 0.13415305560653332, 0.12002202238942926, 0.18737383006056157, 0.09120939621948981, 0.06368140943292347, 0.07414204441181868, 0.026059827491282803, 0.013763993393283172, 0.019636630574417325, 0.00880895577170123, 0.005322077445402826, 0.003853918150119288, 0.00018351991191044228, 0.0, 0.0, 0.0], [0.0002346591575736243, 0.00011732957878681215, 0.0, 0.0002346591575736243, 0.0002346591575736243, 0.0009386366302944972, 0.0009386366302944972, 0.0025812507333098675, 0.004223864836325237, 0.008447729672650475, 0.01677812976651414, 0.023583245336149243, 0.028041769330048105, 0.04493722867534906, 0.06699518948726974, 0.10160741522937933, 0.14525401853807346, 0.129297195823067, 0.17259181039540067, 0.08576792209315968, 0.049278423090461106, 0.058547459814619264, 0.023231256599788808, 0.013023583245336149, 0.015604833978646017, 0.005279831045406547, 0.0022292619969494307, 0.0, 0.0, 0.0, 0.0, 0.0], [0.0, 0.0, 0.0, 0.0, 0.002008032128514056, 0.0, 0.0, 0.006024096385542169, 0.008032128514056224, 0.006024096385542169, 0.01606425702811245, 0.030120481927710843, 0.050200803212851405, 0.0963855421686747, 0.10441767068273092, 0.1606425702811245, 0.18473895582329317, 0.13453815261044177, 0.12449799196787148, 0.040160642570281124, 0.02610441767068273, 0.010040160642570281, 0.0, 0.0, 0.0, 0.0, 0.0, 0.0, 0.0, 0.0, 0.0, 0.0], [0.0, 0.0, 0.0, 0.0003002101471029721, 0.00020014009806864806, 0.00020014009806864806, 0.0005003502451716201, 0.0009006304413089162, 0.002501751225858101, 0.0067046932852997095, 0.010707495246672671, 0.01961372961072751, 0.0337236065245672, 0.04212949064345042, 0.06724707295106575, 0.0899629740818573, 0.13879715801060744, 0.11067747423196238, 0.21174822375662963, 0.08565996197338137, 0.05073551486040228, 0.07365155608926248, 0.02191534073851696, 0.008005603922745921, 0.013209246472530772, 0.0058040628439907935, 0.0021014710297208045, 0.0028019613729610726, 0.00020014009806864806, 0.0, 0.0, 0.0], [0.00019485580670303975, 9.742790335151988e-05, 0.00019485580670303975, 0.00019485580670303975, 0.000779423226812159, 0.0005845674201091193, 0.00048713951675759937, 0.0012665627435697584, 0.001656274356975838, 0.00730709275136399, 0.012568199532346063, 0.027766952455183163, 0.053098207326578335, 0.07521434138737335, 0.11681605611847233, 0.1602689010132502, 0.19475837879968824, 0.11827747466874512, 0.1264614185502728, 0.04598597038191738, 0.024649259547934527, 0.018998441153546375, 0.005943102104442713, 0.002533125487139517, 0.0020459859703819173, 0.001656274356975838, 0.00019485580670303975, 0.0, 0.0, 0.0, 0.0, 0.0], [0.0, 0.00014667057788207686, 0.0, 0.00014667057788207686, 0.0002933411557641537, 0.0008800234672924611, 0.0011733646230566149, 0.0026400704018773834, 0.0048401290701085365, 0.008066881783514227, 0.015693751833382223, 0.028160750953358755, 0.04458785567615137, 0.058521560574948665, 0.10252273393957172, 0.1496039894397184, 0.16309768260486945, 0.10941625110002934, 0.13713699031974186, 0.06922851276034027, 0.03637430331475506, 0.034467585802288064, 0.016573775300674685, 0.008213552361396304, 0.005720152537400997, 0.0019067175124669992, 0.0005866823115283074, 0.0, 0.0, 0.0, 0.0, 0.0], [0.0, 0.0, 0.0, 0.0, 0.0003326126725428239, 0.0, 0.0008315316813570597, 0.0008315316813570597, 0.002494595044071179, 0.004656577415599534, 0.012140362547813071, 0.017794777981041076, 0.0320971229003825, 0.05587892898719441, 0.0987859637452187, 0.12606020289373024, 0.1543322800598703, 0.09728920671877599, 0.17179444536836855, 0.06569100282720772, 0.04190919674039581, 0.04922667553633794, 0.023615499750540496, 0.012971894229170132, 0.015799101945784134, 0.006984866123399301, 0.005820721769499418, 0.002161982371528355, 0.0004989190088142358, 0.0, 0.0, 0.0], [0.00048007681228996637, 0.0009601536245799327, 0.00048007681228996637, 0.00048007681228996637, 0.0019203072491598655, 0.003840614498319731, 0.004800768122899664, 0.007681228996639462, 0.02160345655304849, 0.03408545367258761, 0.04704752760441671, 0.06673067690830532, 0.07537205952952472, 0.09745559289486318, 0.1301008161305809, 0.1156985117618819, 0.10897743638982237, 0.07441190590494479, 0.10705712914066251, 0.03264522323571772, 0.019683149303888623, 0.026404224675948152, 0.007201152184349496, 0.00528084493518963, 0.007201152184349496, 0.002400384061449832, 0.0, 0.0, 0.0, 0.0, 0.0, 0.0], [0.0, 0.0, 0.0, 0.0025041736227045075, 0.001669449081803005, 0.0025041736227045075, 0.004173622704507512, 0.010851419031719533, 0.015025041736227046, 0.017529215358931552, 0.030884808013355594, 0.04340567612687813, 0.05509181969949917, 0.05759599332220367, 0.10517529215358931, 0.12270450751252086, 0.1419031719532554, 0.11101836393989983, 0.13689482470784642, 0.05175292153589316, 0.025041736227045076, 0.02337228714524207, 0.018363939899833055, 0.008347245409015025, 0.007512520868113523, 0.0025041736227045075, 0.0025041736227045075, 0.001669449081803005, 0.0, 0.0, 0.0, 0.0], [0.00033760972316002703, 0.0, 0.0, 0.0, 0.0006752194463200541, 0.001012829169480081, 0.00337609723160027, 0.0062457798784605, 0.00911546252532073, 0.01789331532748143, 0.035111411208642807, 0.05384875084402431, 0.07528696826468602, 0.10313977042538826, 0.13706954760297096, 0.1411208642808913, 0.13453747467927077, 0.08322079675894666, 0.09351789331532748, 0.0337609723160027, 0.021438217420661716, 0.024814314652261985, 0.009284267386900743, 0.0062457798784605, 0.005908170155300473, 0.0018568534773801485, 0.0005064145847400405, 0.0006752194463200541, 0.0, 0.0, 0.0, 0.0], [0.0, 0.0, 0.0, 0.0005971931919976113, 0.00029859659599880563, 0.0005971931919976113, 0.002388772767990445, 0.0026873693639892504, 0.005076142131979695, 0.011346670647954613, 0.019408778739922364, 0.027769483427888923, 0.04060913705583756, 0.05733054643177068, 0.095252314123619, 0.11943863839952225, 0.13406987160346373, 0.1063003881755748, 0.1385488205434458, 0.06658704090773365, 0.04628247237981487, 0.047476858763810095, 0.022096148103911615, 0.011048074051955807, 0.022096148103911615, 0.011943863839952225, 0.006569125111973723, 0.002388772767990445, 0.0017915795759928337, 0.0, 0.0, 0.0], [0.0, 0.0, 0.0, 0.0, 0.00023872045834328001, 0.0, 0.0011936022917164002, 0.0014323227500596801, 0.00405824779183576, 0.01289090475053712, 0.01742659345905944, 0.02984005729291, 0.0513248985438052, 0.07304846025304369, 0.10981141083790881, 0.1324898543805204, 0.15564573883981858, 0.09739794700405825, 0.14370971592265458, 0.058725232752446885, 0.035808068751492006, 0.03771783241823824, 0.015278109333969921, 0.005968011458582, 0.00549057054189544, 0.005251850083552161, 0.004296968250179041, 0.0009548818333731201, 0.0, 0.0, 0.0, 0.0], [0.0002949852507374631, 0.00014749262536873156, 0.00014749262536873156, 0.00014749262536873156, 0.0004424778761061947, 0.001327433628318584, 0.0016224188790560472, 0.0032448377581120944, 0.0058997050147492625, 0.010176991150442478, 0.02654867256637168, 0.038790560471976404, 0.0668141592920354, 0.09056047197640119, 0.13289085545722715, 0.14646017699115044, 0.1514749262536873, 0.10353982300884956, 0.10073746312684366, 0.04882005899705015, 0.027581120943952802, 0.021533923303834808, 0.010619469026548672, 0.0035398230088495575, 0.004277286135693215, 0.002064896755162242, 0.0002949852507374631, 0.0, 0.0, 0.0, 0.0, 0.0], [0.0, 0.0, 0.0, 0.0005401026194977045, 0.0005401026194977045, 0.001080205238995409, 0.0013502565487442614, 0.0035106670267350797, 0.0054010261949770455, 0.008101539292465569, 0.01890359168241966, 0.03159600324061572, 0.0537402106400216, 0.07426411018093437, 0.11180124223602485, 0.1409667836889009, 0.15798001620307858, 0.11342155009451796, 0.11153119092627599, 0.05779098028625439, 0.03753713205509047, 0.030245746691871456, 0.014582770726438023, 0.006751282743721307, 0.010802052389954091, 0.004050769646232784, 0.0035106670267350797, 0.0, 0.0, 0.0, 0.0, 0.0], [0.0, 0.0, 0.0, 0.0, 0.0, 0.0008566533409480297, 0.001142204454597373, 0.0028555111364934323, 0.0048543689320388345, 0.005996573386636208, 0.012849800114220445, 0.02198743575099943, 0.03340948029697316, 0.04854368932038835, 0.08966304968589378, 0.11479154768703598, 0.14705882352941177, 0.10822387207310108, 0.16333523700742433, 0.07424328954882924, 0.04511707595659623, 0.059394631639063396, 0.021701884637350087, 0.01599086236436322, 0.016276413478012564, 0.008280982295830954, 0.002569960022844089, 0.0008566533409480297, 0.0, 0.0, 0.0, 0.0], [0.0, 0.0, 0.00032578595862518323, 0.0, 0.00016289297931259162, 0.0004886789379377749, 0.0006515719172503665, 0.0021176087310636913, 0.0029320736276266493, 0.006515719172503665, 0.014334582179508063, 0.029483629255579083, 0.05212575338002932, 0.08682195797361134, 0.12379866427756964, 0.12428734321550741, 0.14660368138133245, 0.09496660693924092, 0.13194331324319922, 0.053428897214530056, 0.035836455448770156, 0.036162241407395344, 0.02199055220719987, 0.007655970027691806, 0.014660368138133246, 0.005538361296628116, 0.004398110441439974, 0.002606287669001466, 0.00016289297931259162, 0.0, 0.0, 0.0], [0.0, 0.0, 0.0001044932079414838, 0.0, 0.0001044932079414838, 0.0002089864158829676, 0.0004179728317659352, 0.0013584117032392894, 0.0024033437826541273, 0.006374085684430512, 0.013270637408568443, 0.02445141065830721, 0.04252873563218391, 0.06269592476489028, 0.09111807732497387, 0.1142110762800418, 0.15057471264367817, 0.10982236154649948, 0.1806687565308255, 0.06541274817136886, 0.04106583072100314, 0.05182863113897597, 0.015464994775339603, 0.007732497387669801, 0.01128526645768025, 0.0030303030303030303, 0.001985370950888192, 0.0018808777429467085, 0.0, 0.0, 0.0, 0.0], [0.0, 0.0, 0.0, 0.0, 0.0, 0.00012776287210936502, 0.0006388143605468251, 0.0005110514884374601, 0.0025552574421873002, 0.006004854989140156, 0.008560112431327456, 0.02171968825859205, 0.036029129934840934, 0.06222051871726077, 0.10208253481538265, 0.14552191133256676, 0.18065670116264212, 0.11856394531749073, 0.17516289766193943, 0.056087900856011244, 0.028618883352497765, 0.03487926408585665, 0.00945445253609301, 0.0029385460585153954, 0.0033218346748434906, 0.0024274945700779355, 0.0019164430816404753, 0.0, 0.0, 0.0, 0.0, 0.0], [0.0, 0.005128205128205128, 0.0, 0.005128205128205128, 0.005128205128205128, 0.020512820512820513, 0.035897435897435895, 0.02564102564102564, 0.07692307692307693, 0.05128205128205128, 0.046153846153846156, 0.07179487179487179, 0.09230769230769231, 0.11282051282051282, 0.07179487179487179, 0.11282051282051282, 0.07692307692307693, 0.06666666666666667, 0.046153846153846156, 0.02564102564102564, 0.005128205128205128, 0.02564102564102564, 0.010256410256410256, 0.010256410256410256, 0.0, 0.0, 0.0, 0.0, 0.0, 0.0, 0.0, 0.0]]}, "ranks": {"labels": ["Unranked", "Combatatent I", "Combatatent II", "Challenger I", "Challenger II", "Rival I", "Rival II", "Duelist", "Elite"], "data": [[0.14414414414414414, 0.16216216216216217, 0.19369369369369369, 0.23423423423423423, 0.11261261261261261, 0.0945945945945946, 0.018018018018018018, 0.04054054054054054, 0.0], [0.05664372683959767, 0.09052408681842244, 0.1524616199047115, 0.25622022233986236, 0.2382212811011117, 0.13022763366860773, 0.03811540497617787, 0.026469031233456855, 0.01111699311805188], [0.01243027888446215, 0.024223107569721115, 0.06231075697211155, 0.1501195219123506, 0.2511553784860558, 0.271394422310757, 0.08573705179282869, 0.10549800796812749, 0.03713147410358566], [0.025487911447713372, 0.046023885814156715, 0.1102534226623944, 0.22312845907369647, 0.2690066996795805, 0.19618409554325664, 0.06830760267987183, 0.051267113311972035, 0.010340809787357996], [0.18666666666666668, 0.12, 0.25333333333333335, 0.08, 0.13333333333333333, 0.10666666666666667, 0.05333333333333334, 0.06666666666666667, 0.0], [0.012623726868455028, 0.03500215177162531, 0.10687132405680677, 0.23425620427485297, 0.2635202983789987, 0.17587146750824845, 0.06383589155071008, 0.07832448716109597, 0.029694448429206714], [0.07357859531772576, 0.09732441471571907, 0.17391304347826086, 0.25317725752508363, 0.20635451505016722, 0.09565217391304348, 0.03277591973244147, 0.03946488294314381, 0.027759197324414717], [0.28761061946902655, 0.1902654867256637, 0.2079646017699115, 0.13716814159292035, 0.0752212389380531, 0.048672566371681415, 0.05309734513274336, 0.0, 0.0], [0.054681552905353974, 0.11151991880233443, 0.1839634610504948, 0.2589444303476275, 0.17660492260847502, 0.10175082466379091, 0.04541994417660492, 0.04732301446333418, 0.019791930981984267], [0.04686318972033258, 0.07369614512471655, 0.14852607709750568, 0.23015873015873015, 0.24414210128495842, 0.15608465608465608, 0.046485260770975055, 0.03892668178382464, 0.015117157974300832], [0.06683427613660171, 0.13136392206159647, 0.19882673371045465, 0.2711083176199455, 0.18143725120469306, 0.08548082966687617, 0.032474334799916196, 0.026608003352189397, 0.005866331447726796], [0.027386692381870782, 0.07270973963355834, 0.13172613307618128, 0.22970106075216973, 0.25303760848601736, 0.16335583413693347, 0.0570877531340405, 0.049566055930568946, 0.015429122468659595], [0.030643513789581207, 0.06756165183131475, 0.12753538596235225, 0.2382898000875529, 0.24937983364949656, 0.15832482124616956, 0.05807675470596819, 0.05107252298263534, 0.019115715744929228], [0.011344770337576093, 0.03514111787493082, 0.09850581073602656, 0.20088544548976203, 0.28998339789706695, 0.19396790260099614, 0.08107360265633647, 0.06862202545655784, 0.020475926950747094], [0.03577148958889482, 0.06673785371062467, 0.12333155365723439, 0.21623064602242392, 0.23064602242391885, 0.1436198611852643, 0.07367859049652963, 0.07154297917778964, 0.03844100373731981], [0.033880635913474066, 0.06958561376075059, 0.1602814698983581, 0.25306228824602556, 0.22621839979150377, 0.13552254365389627, 0.050299713317696115, 0.05108157414646859, 0.02006776127182695], [0.028061735818801364, 0.061735818801363, 0.1369011826017238, 0.23832431348967728, 0.2477450390859892, 0.1719783523752255, 0.0487071557426338, 0.04990980156343957, 0.016636600521146523], [0.140625, 0.109375, 0.140625, 0.203125, 0.1875, 0.09375, 0.03125, 0.09375, 0.0], [0.013157894736842105, 0.03594682582745524, 0.09861638632664134, 0.2478296256104178, 0.2875746066196419, 0.15979381443298968, 0.07135105805751492, 0.07013022246337493, 0.015599565925122084], [0.009726555331253441, 0.024958708019820152, 0.05890989172325197, 0.15819416406680126, 0.25417507799596256, 0.23619012662873923, 0.10607450908423564, 0.11396586529638465, 0.03780510185355111], [0.01795142555438226, 0.04036137510266338, 0.07297899800539716, 0.16860260471664906, 0.27455121436114044, 0.21776369822832337, 0.08987445735069811, 0.09480229965974422, 0.023113927021001995], [0.02208835341365462, 0.04618473895582329, 0.1465863453815261, 0.26506024096385544, 0.3192771084337349, 0.15060240963855423, 0.040160642570281124, 0.010040160642570281, 0.0], [0.011307915540878614, 0.03032122485740018, 0.07585309716801761, 0.15721004703292304, 0.2494746322425698, 0.2554788351846292, 0.09266486540578404, 0.10357250075052536, 0.02411688181727209], [0.012763055339049104, 0.04033515198752923, 0.12831254871395167, 0.27708495713172254, 0.3130358534684334, 0.151987529228371, 0.045109119251753704, 0.027474668745128605, 0.003897116134060795], [0.01818715165737753, 0.04385450278674098, 0.10310941625110003, 0.2521267233792901, 0.2725139337048988, 0.17571135230272808, 0.06702845409210913, 0.05925491346435905, 0.008213552361396304], [0.009146848494927657, 0.02993514052885415, 0.08797605188757691, 0.22484616663894894, 0.25162148677864626, 0.20621985697655082, 0.07317478795942126, 0.08581406951604856, 0.031265591219025446], [0.07633221315410466, 0.11377820451272204, 0.1728276524243879, 0.24579932789246278, 0.18338934229476717, 0.12241958713394142, 0.03696591454632741, 0.03888622179548728, 0.009601536245799328], [0.05425709515859766, 0.07429048414023372, 0.11268781302170283, 0.2278797996661102, 0.25292153589315525, 0.1652754590984975, 0.048414023372287146, 0.05008347245409015, 0.014190317195325543], [0.03865631330182309, 0.08896016205266712, 0.17842673869007428, 0.27819041188386223, 0.2177582714382174, 0.11293045239702904, 0.03578663065496286, 0.04034436191762323, 0.008946657663740715], [0.02299193789190803, 0.047178262167811284, 0.09793968348760825, 0.21469095252314124, 0.24037025977903853, 0.1707972529113168, 0.08062108091967751, 0.08062108091967751, 0.044789489399820845], [0.019813798042492243, 0.047266650751969445, 0.1243733587968489, 0.2423012652184292, 0.2530436858438768, 0.17569825734065408, 0.06254476008593937, 0.05896395321079016, 0.01599427070899976], [0.023451327433628318, 0.06533923303834809, 0.15737463126843657, 0.27935103244837756, 0.25501474926253687, 0.1271386430678466, 0.05, 0.03569321533923304, 0.00663716814159292], [0.020523899540912775, 0.05049959492303538, 0.12800432082095597, 0.25276802592492575, 0.27140156629759654, 0.1431271941668917, 0.06373210910072914, 0.05157980016203079, 0.018363489062921956], [0.015705311250713876, 0.034837235865219876, 0.0819531696173615, 0.20445459737292976, 0.2552826956025129, 0.20559680182752713, 0.07709880068532267, 0.0970873786407767, 0.027984009137635636], [0.013194331324319922, 0.04381821143508715, 0.13894771135364065, 0.24808600749307705, 0.2415702883205734, 0.16207851441602866, 0.05913015149047076, 0.06580876364228702, 0.027366020524515394], [0.0109717868338558, 0.03772204806687565, 0.10522466039707419, 0.20532915360501566, 0.26039707419017766, 0.2153605015673981, 0.07178683385579937, 0.07502612330198537, 0.01818181818181818], [0.009837741152421106, 0.03027980068991951, 0.0982496486521017, 0.2476044461479494, 0.29922064648013286, 0.20684808994506196, 0.05302159192538648, 0.047272262680465055, 0.007665772326561901], [0.22564102564102564, 0.11794871794871795, 0.20512820512820512, 0.18461538461538463, 0.14358974358974358, 0.05641025641025641, 0.020512820512820513, 0.046153846153846156, 0.0]]}, "ranksDetailed": {"labels": ["Unranked", "Combatatant", "Challenger", "Rival", "Duelist", "Elite"], "data": [[0.14414414414414414, 0.35585585585585583, 0.34684684684684686, 0.11261261261261261, 0.04054054054054054, 0.0], [0.05664372683959767, 0.24298570672313394, 0.49444150344097404, 0.16834303864478561, 0.026469031233456855, 0.01111699311805188], [0.01243027888446215, 0.08653386454183266, 0.40127490039840635, 0.35713147410358564, 0.10549800796812749, 0.03713147410358566], [0.025487911447713372, 0.1562773084765511, 0.492135158753277, 0.26449169822312846, 0.051267113311972035, 0.010340809787357996], [0.18666666666666668, 0.37333333333333335, 0.21333333333333335, 0.16, 0.06666666666666667, 0.0], [0.012623726868455028, 0.14187347582843207, 0.49777650265385165, 0.23970735905895854, 0.07832448716109597, 0.029694448429206714], [0.07357859531772576, 0.27123745819397993, 0.45953177257525085, 0.12842809364548494, 0.03946488294314381, 0.027759197324414717], [0.28761061946902655, 0.39823008849557523, 0.21238938053097345, 0.10176991150442478, 0.0, 0.0], [0.054681552905353974, 0.29548337985282924, 0.43554935295610253, 0.14717076884039584, 0.04732301446333418, 0.019791930981984267], [0.04686318972033258, 0.2222222222222222, 0.47430083144368856, 0.20256991685563114, 0.03892668178382464, 0.015117157974300832], [0.06683427613660171, 0.33019065577205114, 0.4525455688246386, 0.11795516446679237, 0.026608003352189397, 0.005866331447726796], [0.027386692381870782, 0.20443587270973965, 0.4827386692381871, 0.22044358727097396, 0.049566055930568946, 0.015429122468659595], [0.030643513789581207, 0.195097037793667, 0.48766963373704947, 0.21640157595213774, 0.05107252298263534, 0.019115715744929228], [0.011344770337576093, 0.1336469286109574, 0.490868843386829, 0.2750415052573326, 0.06862202545655784, 0.020475926950747094], [0.03577148958889482, 0.19006940736785904, 0.4468766684463428, 0.2172984516817939, 0.07154297917778964, 0.03844100373731981], [0.033880635913474066, 0.22986708365910868, 0.4792806880375293, 0.18582225697159238, 0.05108157414646859, 0.02006776127182695], [0.028061735818801364, 0.1986370014030868, 0.48606935257566647, 0.22068550811785928, 0.04990980156343957, 0.016636600521146523], [0.140625, 0.25, 0.390625, 0.125, 0.09375, 0.0], [0.013157894736842105, 0.13456321215409658, 0.5354042322300597, 0.2311448724905046, 0.07013022246337493, 0.015599565925122084], [0.009726555331253441, 0.08386859974307212, 0.4123692420627638, 0.3422646357129749, 0.11396586529638465, 0.03780510185355111], [0.01795142555438226, 0.11334037310806054, 0.4431538190777895, 0.30763815557902147, 0.09480229965974422, 0.023113927021001995], [0.02208835341365462, 0.1927710843373494, 0.5843373493975904, 0.19076305220883535, 0.010040160642570281, 0.0], [0.011307915540878614, 0.1061743220254178, 0.40668467927549284, 0.3481437005904133, 0.10357250075052536, 0.02411688181727209], [0.012763055339049104, 0.1686477007014809, 0.5901208106001559, 0.1970966484801247, 0.027474668745128605, 0.003897116134060795], [0.01818715165737753, 0.146963919037841, 0.5246406570841889, 0.2427398063948372, 0.05925491346435905, 0.008213552361396304], [0.009146848494927657, 0.11791119241643107, 0.4764676534175952, 0.27939464493597205, 0.08581406951604856, 0.031265591219025446], [0.07633221315410466, 0.28660585693710994, 0.42918867018722995, 0.15938550168026885, 0.03888622179548728, 0.009601536245799328], [0.05425709515859766, 0.18697829716193656, 0.48080133555926546, 0.21368948247078465, 0.05008347245409015, 0.014190317195325543], [0.03865631330182309, 0.2673869007427414, 0.4959486833220797, 0.1487170830519919, 0.04034436191762323, 0.008946657663740715], [0.02299193789190803, 0.14511794565541952, 0.4550612123021798, 0.2514183338309943, 0.08062108091967751, 0.044789489399820845], [0.019813798042492243, 0.17164000954881833, 0.495344951062306, 0.23824301742659346, 0.05896395321079016, 0.01599427070899976], [0.023451327433628318, 0.22271386430678466, 0.5343657817109144, 0.1771386430678466, 0.03569321533923304, 0.00663716814159292], [0.020523899540912775, 0.17850391574399135, 0.5241695922225222, 0.20685930326762084, 0.05157980016203079, 0.018363489062921956], [0.015705311250713876, 0.11679040548258138, 0.4597372929754426, 0.2826956025128498, 0.0970873786407767, 0.027984009137635636], [0.013194331324319922, 0.1827659227887278, 0.48965629581365044, 0.22120866590649943, 0.06580876364228702, 0.027366020524515394], [0.0109717868338558, 0.14294670846394986, 0.4657262277951933, 0.2871473354231975, 0.07502612330198537, 0.01818181818181818], [0.009837741152421106, 0.1285294493420212, 0.5468250926280823, 0.25986968187044845, 0.047272262680465055, 0.007665772326561901], [0.22564102564102564, 0.3230769230769231, 0.3282051282051282, 0.07692307692307693, 0.046153846153846156, 0.0]]}}}, "eu": {"histType": {"histogram": {"labels": ["0", "100", "200", "300", "400", "500", "600", "700", "800", "900", "1000", "1100", "1200", "1300", "1400", "1500", "1600", "1700", "1800", "1900", "2000", "2100", "2200", "2300", "2400", "2500", "2600", "2700", "2800", "2900", "3000", "3100"], "data": [[0.0, 0.0, 0.0, 0.0, 0.0, 0.011049723756906077, 0.011049723756906077, 0.022099447513812154, 0.049723756906077346, 0.06077348066298342, 0.07734806629834254, 0.055248618784530384, 0.0718232044198895, 0.10497237569060773, 0.143646408839779, 0.09392265193370165, 0.09944751381215469, 0.08287292817679558, 0.03867403314917127, 0.022099447513812154, 0.011049723756906077, 0.027624309392265192, 0.016574585635359115, 0.0, 0.0, 0.0, 0.0, 0.0, 0.0, 0.0, 0.0, 0.0], [0.0, 0.0, 0.0005640157924421884, 0.0011280315848843769, 0.0011280315848843769, 0.00338409475465313, 0.005076142131979695, 0.009024252679075015, 0.02086858432036097, 0.02820078962210942, 0.03835307388606881, 0.05640157924421884, 0.07501410039481106, 0.09249858996051889, 0.13423575860124085, 0.1212633953750705, 0.1460800902425268, 0.07614213197969544, 0.10941906373378454, 0.029892836999435984, 0.014664410603496898, 0.019740552735476594, 0.005076142131979695, 0.0028200789622109417, 0.0045121263395375075, 0.00338409475465313, 0.0011280315848843769, 0.0, 0.0, 0.0, 0.0, 0.0], [0.0, 0.00016869095816464237, 0.0, 0.00016869095816464237, 0.00016869095816464237, 0.00016869095816464237, 0.00033738191632928474, 0.001855600539811066, 0.00354251012145749, 0.004892037786774629, 0.012145748987854251, 0.01771255060728745, 0.026653171390013497, 0.035256410256410256, 0.0620782726045884, 0.08502024291497975, 0.14389338731443996, 0.11099865047233469, 0.21474358974358973, 0.08063427800269905, 0.05887314439946019, 0.06663292847503374, 0.025134952766531715, 0.014507422402159244, 0.019062078272604588, 0.007928475033738192, 0.0033738191632928477, 0.003711201079622132, 0.00033738191632928474, 0.0, 0.0, 0.0], [0.0, 0.0, 0.0, 0.0001381788033715628, 0.0001381788033715628, 0.0002763576067431256, 0.0009672516236009396, 0.0030399336741743816, 0.0049744369213762605, 0.009672516236009397, 0.020588641702362857, 0.029708442724886003, 0.04062456819123946, 0.05568605775873981, 0.09313251347243333, 0.12574271106812215, 0.16816360370319194, 0.11676108884897057, 0.16056376951775597, 0.06839850766892358, 0.036755561696835706, 0.03647920409009258, 0.012712449910183778, 0.0046980793146331355, 0.006770761365206577, 0.0017963244438303164, 0.0005527152134862512, 0.001381788033715628, 0.0002763576067431256, 0.0, 0.0, 0.0], [0.0, 0.0, 0.0, 0.0, 0.0, 0.025974025974025976, 0.025974025974025976, 0.06493506493506493, 0.06493506493506493, 0.03896103896103896, 0.07792207792207792, 0.07792207792207792, 0.03896103896103896, 0.03896103896103896, 0.09090909090909091, 0.07792207792207792, 0.06493506493506493, 0.07792207792207792, 0.07792207792207792, 0.06493506493506493, 0.03896103896103896, 0.03896103896103896, 0.0, 0.0, 0.012987012987012988, 0.0, 0.0, 0.0, 0.0, 0.0, 0.0, 0.0], [0.0, 0.00014461315979754158, 0.00014461315979754158, 0.00028922631959508316, 0.0004338394793926247, 0.00014461315979754158, 0.00028922631959508316, 0.0021691973969631237, 0.003036876355748373, 0.006796818510484454, 0.014027476500361532, 0.02111352133044107, 0.03774403470715835, 0.06174981923355025, 0.09833694866232827, 0.12002892263195951, 0.1509761388286334, 0.10527838033261026, 0.1502530730296457, 0.0720173535791757, 0.038322487346348515, 0.05567606652205351, 0.02212581344902386, 0.008821402747650036, 0.015618221258134491, 0.0072306579898770785, 0.003326102675343456, 0.0031814895155459146, 0.0007230657989877079, 0.0, 0.0, 0.0], [0.0003075030750307503, 0.0003075030750307503, 0.0003075030750307503, 0.0015375153751537515, 0.0033825338253382535, 0.002152521525215252, 0.004612546125461255, 0.01076260762607626, 0.022447724477244774, 0.02952029520295203, 0.04428044280442804, 0.06150061500615006, 0.08087330873308733, 0.09225092250922509, 0.10301353013530136, 0.1306888068880689, 0.11685116851168512, 0.07533825338253383, 0.07841328413284133, 0.04151291512915129, 0.022755227552275523, 0.024600246002460024, 0.013222632226322263, 0.009532595325953259, 0.00984009840098401, 0.006765067650676507, 0.006457564575645757, 0.005842558425584256, 0.0009225092250922509, 0.0, 0.0, 0.0], [0.0, 0.0, 0.0, 0.0, 0.0, 0.012578616352201259, 0.006289308176100629, 0.05660377358490566, 0.031446540880503145, 0.06918238993710692, 0.07547169811320754, 0.10062893081761007, 0.09433962264150944, 0.050314465408805034, 0.11949685534591195, 0.14465408805031446, 0.07547169811320754, 0.06918238993710692, 0.031446540880503145, 0.050314465408805034, 0.012578616352201259, 0.0, 0.0, 0.0, 0.0, 0.0, 0.0, 0.0, 0.0, 0.0, 0.0, 0.0], [0.0003816308357715303, 0.00012721027859051011, 0.0005088411143620405, 0.0005088411143620405, 0.0006360513929525506, 0.0016537336216766315, 0.003434677521943773, 0.007759826994021117, 0.016282915659585295, 0.027986261289912225, 0.04668617224271721, 0.06436840096679812, 0.09477165754993004, 0.10100496120086502, 0.11690624602467879, 0.11970487215367001, 0.11105457320951533, 0.06754865793156087, 0.07848874189034474, 0.04261544332782089, 0.028367892125683754, 0.02455158376796845, 0.015265233430861214, 0.007632616715430607, 0.012339397023279481, 0.005342831700801425, 0.003561887800534283, 0.0005088411143620405, 0.0, 0.0, 0.0, 0.0], [0.0, 0.0, 0.0004901960784313725, 0.0, 0.0014705882352941176, 0.0014705882352941176, 0.0004901960784313725, 0.00784313725490196, 0.011274509803921568, 0.016176470588235296, 0.04215686274509804, 0.043137254901960784, 0.06372549019607843, 0.08823529411764706, 0.10637254901960784, 0.11029411764705882, 0.14901960784313725, 0.09019607843137255, 0.12598039215686274, 0.03725490196078431, 0.04264705882352941, 0.030392156862745098, 0.013235294117647059, 0.006862745098039216, 0.007352941176470588, 0.0029411764705882353, 0.000980392156862745, 0.0, 0.0, 0.0, 0.0, 0.0], [0.00025303643724696357, 0.0005060728744939271, 0.0007591093117408907, 0.0010121457489878543, 0.002783400809716599, 0.0025303643724696357, 0.005060728744939271, 0.010880566801619434, 0.01847165991902834, 0.03770242914979757, 0.054402834008097166, 0.07591093117408906, 0.09488866396761134, 0.10526315789473684, 0.13841093117408906, 0.1313259109311741, 0.10475708502024292, 0.062246963562753034, 0.06503036437246963, 0.03340080971659919, 0.018977732793522266, 0.016194331983805668, 0.005566801619433198, 0.00531376518