{"region": {"us": {"histType": {"histogram": {"labels": ["0", "100", "200", "300", "400", "500", "600", "700", "800", "900", "1000", "1100", "1200", "1300", "1400", "1500", "1600", "1700", "1800", "1900", "2000", "2100", "2200", "2300", "2400", "2500", "2600", "2700", "2800", "2900", "3000", "3100", "3200"], "data": [[0.0, 0.0, 0.003215434083601286, 0.003215434083601286, 0.006430868167202572, 0.006430868167202572, 0.022508038585209004, 0.012861736334405145, 0.03215434083601286, 0.028938906752411574, 0.0707395498392283, 0.07395498392282958, 0.08360128617363344, 0.1189710610932476, 0.10610932475884244, 0.11254019292604502, 0.09967845659163987, 0.05466237942122187, 0.05466237942122187, 0.04823151125401929, 0.028938906752411574, 0.00964630225080386, 0.00964630225080386, 0.0, 0.012861736334405145, 0.0, 0.0, 0.0, 0.0, 0.0, 0.0, 0.0, 0.0], [0.0, 0.0008244023083264633, 0.0, 0.00041220115416323167, 0.0008244023083264633, 0.0016488046166529267, 0.00494641384995878, 0.010717230008244023, 0.011129431162407255, 0.01978565539983512, 0.03462489694971146, 0.04245671887881286, 0.06389117889530091, 0.07460840890354493, 0.10057708161582853, 0.12118713932399011, 0.1471558120362737, 0.08944765045342128, 0.15210222588623248, 0.055647155812036275, 0.024319868095630668, 0.016488046166529265, 0.00989282769991756, 0.00494641384995878, 0.00494641384995878, 0.0016488046166529267, 0.0032976092333058533, 0.002061005770816158, 0.00041220115416323167, 0.0, 0.0, 0.0, 0.0], [0.00014238929232521716, 0.0, 0.0, 0.0002847785846504343, 0.0002847785846504343, 0.0002847785846504343, 0.0002847785846504343, 0.0007119464616260857, 0.0034173430158052115, 0.004414068062081731, 0.007546632493236508, 0.011248754093692154, 0.01708671507902606, 0.027338744126441692, 0.037163605296881674, 0.05852199914566424, 0.09112914708813898, 0.10764630499786416, 0.28705681332763777, 0.08856613982628507, 0.06336323508472162, 0.09369215434999288, 0.027623522711092127, 0.014808486401822583, 0.03374626228107646, 0.01039441833974085, 0.0049836252313826, 0.004129289477431297, 0.0014238929232521715, 0.0025630072618539087, 0.00014238929232521716, 0.0, 0.0], [0.0, 0.0, 0.0, 0.0, 0.0001336719689881032, 0.0001336719689881032, 0.0009357037829167224, 0.0024060954417858575, 0.00628258254244085, 0.009891725705119637, 0.01550594840261997, 0.018045715813393932, 0.03381900815399011, 0.04397807779708595, 0.06122176179655126, 0.07980216548589761, 0.1506483090495923, 0.12070578799625718, 0.21039967918727442, 0.08808982756316, 0.05493917925411041, 0.05948402619970592, 0.017778371875417726, 0.007752974201309985, 0.01216414917791739, 0.0025397674107739605, 0.0012030477208929287, 0.0016040636278572384, 0.0002673439379762064, 0.0, 0.0002673439379762064, 0.0, 0.0], [0.0, 0.0, 0.0, 0.0, 0.008771929824561403, 0.0, 0.008771929824561403, 0.03508771929824561, 0.03508771929824561, 0.05263157894736842, 0.043859649122807015, 0.07894736842105263, 0.07017543859649122, 0.10526315789473684, 0.07894736842105263, 0.10526315789473684, 0.06140350877192982, 0.03508771929824561, 0.08771929824561403, 0.08771929824561403, 0.02631578947368421, 0.043859649122807015, 0.017543859649122806, 0.017543859649122806, 0.0, 0.0, 0.0, 0.0, 0.0, 0.0, 0.0, 0.0, 0.0], [0.0, 0.0, 0.0, 0.0, 0.0, 0.00013374348000534973, 0.0, 0.0017386652400695466, 0.0018724087200748963, 0.006687174000267487, 0.01029824796041193, 0.01698542196067942, 0.03022602648120904, 0.05175872676207035, 0.07275645312291026, 0.10070884044402835, 0.16089340644643574, 0.11394944496455797, 0.1774775979670991, 0.0752975792430119, 0.044001604921760064, 0.06285943560251438, 0.020863982880834558, 0.010565734920422629, 0.021398956800855958, 0.008425839240337034, 0.0033435870001337436, 0.0033435870001337436, 0.0021398956800855956, 0.0008024608800320985, 0.001471178280058847, 0.0, 0.0], [0.0, 0.0, 0.0002642706131078224, 0.001321353065539112, 0.0015856236786469344, 0.003171247357293869, 0.005813953488372093, 0.008985200845665961, 0.01744186046511628, 0.024577167019027485, 0.0388477801268499, 0.04704016913319239, 0.07003171247357294, 0.08350951374207188, 0.10914376321353066, 0.12341437632135306, 0.12526427061310783, 0.08192389006342495, 0.11046511627906977, 0.0388477801268499, 0.028012684989429177, 0.029069767441860465, 0.011099365750528542, 0.007135306553911205, 0.012684989429175475, 0.006342494714587738, 0.006871035940803382, 0.0023784355179704017, 0.0018498942917547568, 0.0007928118393234672, 0.0021141649048625794, 0.0, 0.0], [0.0033333333333333335, 0.0, 0.0033333333333333335, 0.01, 0.016666666666666666, 0.013333333333333334, 0.016666666666666666, 0.05, 0.05, 0.1, 0.08666666666666667, 0.10333333333333333, 0.09, 0.10333333333333333, 0.07666666666666666, 0.06666666666666667, 0.06666666666666667, 0.03333333333333333, 0.02666666666666667, 0.03666666666666667, 0.006666666666666667, 0.013333333333333334, 0.02, 0.006666666666666667, 0.0, 0.0, 0.0, 0.0, 0.0, 0.0, 0.0, 0.0, 0.0], [0.00033757173399347364, 0.00022504782266231574, 0.0005626195566557894, 0.0005626195566557894, 0.0005626195566557894, 0.0015753347586362101, 0.001687858669967368, 0.005176099921233262, 0.009339484640486104, 0.020479351862270734, 0.03308202993136041, 0.04455946888713852, 0.056712051310903566, 0.06312591425677956, 0.0806796444244402, 0.08270507482840103, 0.14042984134128503, 0.10329695060200293, 0.12242601552829976, 0.06481377292674693, 0.045572184089118936, 0.04680994711376167, 0.02059187577360189, 0.013052773714414313, 0.021942162709575785, 0.009339484640486104, 0.005963767300551367, 0.001800382581298526, 0.0023630021379543154, 0.00022504782266231574, 0.0, 0.0, 0.0], [0.0, 0.0, 0.0, 0.0, 0.00036927621861152144, 0.00036927621861152144, 0.00036927621861152144, 0.00036927621861152144, 0.0007385524372230429, 0.005539143279172821, 0.007016248153618907, 0.005908419497784343, 0.012186115214180207, 0.021048744460856722, 0.04025110782865583, 0.06351550960118169, 0.07791728212703102, 0.08124076809453472, 0.18759231905465287, 0.08087149187592318, 0.08530280649926145, 0.12149187592319055, 0.050221565731166914, 0.025480059084194977, 0.06868537666174299, 0.022895125553914326, 0.013663220088626292, 0.014771048744460856, 0.0066469719350073855, 0.004062038404726735, 0.0014771048744460858, 0.0, 0.0], [0.0, 0.0, 0.0003245699448231094, 0.0, 0.0016228497241155468, 0.0016228497241155468, 0.0035702693930542034, 0.0038948393378773127, 0.012009087958455048, 0.018175916910094125, 0.03050957481337228, 0.0344044141512496, 0.059720869847452125, 0.0723790976955534, 0.09217786432976306, 0.11197663096397274, 0.14053878610840637, 0.09120415449529373, 0.15092502434274585, 0.054527750730282376, 0.03635183382018825, 0.040246673158065564, 0.012658227848101266, 0.008438818565400843, 0.011359948068808828, 0.004219409282700422, 0.0019474196689386564, 0.0016228497241155468, 0.0019474196689386564, 0.0016228497241155468, 0.0, 0.0, 0.0], [0.00018433179723502304, 0.0, 0.0005529953917050691, 0.0005529953917050691, 0.0009216589861751152, 0.0018433179723502304, 0.004608294930875576, 0.008110599078341014, 0.013640552995391705, 0.022119815668202765, 0.047557603686635946, 0.06414746543778801, 0.08995391705069125, 0.09751152073732719, 0.13474654377880185, 0.13161290322580646, 0.12921658986175116, 0.07447004608294931, 0.08055299539170507, 0.037603686635944704, 0.01935483870967742, 0.018433179723502304, 0.008110599078341014, 0.005345622119815668, 0.004055299539170507, 0.0014746543778801843, 0.0018433179723502304, 0.0009216589861751152, 0.0005529953917050691, 0.0, 0.0, 0.0, 0.0], [0.0, 0.0, 0.0, 0.0, 0.00034946706272933774, 0.0006989341254586755, 0.002795736501834702, 0.002970470033199371, 0.007164074785951424, 0.009086143630962782, 0.02201642495194828, 0.033199370959287086, 0.04578018521754325, 0.06779661016949153, 0.10676218766381268, 0.1134020618556701, 0.1460772322208632, 0.10431591822470732, 0.15918224707321335, 0.06028306832081076, 0.037218242180674474, 0.03634457452385113, 0.013629215446444173, 0.008561943036868774, 0.012930281320985497, 0.005067272409575397, 0.0015726017822820198, 0.0010484011881880134, 0.0017473353136466887, 0.0, 0.0, 0.0, 0.0], [0.00024417043096081065, 0.0, 0.0, 0.00012208521548040532, 0.00012208521548040532, 0.000366255646441216, 0.0015871078012452693, 0.002319619094127701, 0.005127579050177023, 0.01330728848736418, 0.02185325357099255, 0.025027469173483093, 0.03516054205835673, 0.04639238188255402, 0.0666585276523013, 0.08851178122329385, 0.13221828836527896, 0.11561469905994384, 0.17983152240263703, 0.08545965083628372, 0.05518251739714321, 0.0595775851544378, 0.020754486631668904, 0.010377243315834452, 0.01770235624465877, 0.005371749481137834, 0.004028812110853376, 0.002685874740568917, 0.0015871078012452693, 0.0024417043096081063, 0.000366255646441216, 0.0, 0.0], [0.0, 0.0, 0.0, 0.0, 0.00046860356138706655, 0.00023430178069353328, 0.00046860356138706655, 0.0007029053420805998, 0.004217432052483599, 0.004217432052483599, 0.013120899718837863, 0.01804123711340206, 0.03631677600749766, 0.051780693533270854, 0.07403936269915651, 0.1007497656982193, 0.14971883786316775, 0.11597938144329897, 0.1712746016869728, 0.07966260543580131, 0.05810684161199625, 0.05693533270852859, 0.022727272727272728, 0.010309278350515464, 0.016635426429240863, 0.007731958762886598, 0.0018744142455482662, 0.0018744142455482662, 0.0009372071227741331, 0.0018744142455482662, 0.0, 0.0, 0.0], [0.0, 0.00041152263374485596, 0.0, 0.0, 0.0012345679012345679, 0.0012345679012345679, 0.0008230452674897119, 0.0049382716049382715, 0.009876543209876543, 0.013991769547325103, 0.019753086419753086, 0.031275720164609055, 0.047736625514403296, 0.05720164609053498, 0.08065843621399177, 0.10411522633744856, 0.13580246913580246, 0.10246913580246914, 0.13580246913580246, 0.06460905349794238, 0.05308641975308642, 0.046502057613168724, 0.027983539094650206, 0.01440329218106996, 0.017695473251028805, 0.009876543209876543, 0.004526748971193415, 0.006172839506172839, 0.00411522633744856, 0.0024691358024691358, 0.0012345679012345679, 0.0, 0.0], [0.00022153300841825432, 0.0, 0.00044306601683650863, 0.00044306601683650863, 0.00044306601683650863, 0.0008861320336730173, 0.0015507310589277803, 0.003544528134692069, 0.007089056269384138, 0.012184315463003987, 0.022374833850243685, 0.03943287549844927, 0.06778910057598582, 0.0790872840053168, 0.10655737704918032, 0.12494461674789543, 0.13668586619406292, 0.09304386353566682, 0.12871067789100576, 0.05050952591936198, 0.03433761630482942, 0.04009747452370403, 0.01484271156402304, 0.007753655294638901, 0.013070447496677004, 0.005316792202038104, 0.003544528134692069, 0.001993797075764289, 0.0015507310589277803, 0.0015507310589277803, 0.0, 0.0, 0.0], [0.0, 0.0, 0.00016897600540723216, 0.0003379520108144643, 0.0005069280162216965, 0.0003379520108144643, 0.0011828320378506252, 0.002872592091922947, 0.004055424129773572, 0.009969584319026698, 0.0194322406218317, 0.024670496789455897, 0.04444068942210206, 0.0577897938492734, 0.09935789117945251, 0.12200067590402162, 0.14633322068266305, 0.09885096316323082, 0.18333896586684692, 0.06066238594119635, 0.035147009124704295, 0.04055424129773572, 0.015376816492058128, 0.007941872254139911, 0.012166272389320717, 0.004224400135180805, 0.0033795201081446434, 0.0016897600540723217, 0.0005069280162216965, 0.0027036160865157146, 0.0, 0.0, 0.0], [0.0, 0.0, 0.0, 0.009009009009009009, 0.009009009009009009, 0.009009009009009009, 0.0, 0.009009009009009009, 0.009009009009009009, 0.05405405405405406, 0.02702702702702703, 0.04504504504504504, 0.04504504504504504, 0.06306306306306306, 0.05405405405405406, 0.11711711711711711, 0.12612612612612611, 0.08108108108108109, 0.07207207207207207, 0.02702702702702703, 0.08108108108108109, 0.036036036036036036, 0.036036036036036036, 0.0, 0.018018018018018018, 0.02702702702702703, 0.009009009009009009, 0.036036036036036036, 0.0, 0.0, 0.0, 0.0, 0.0], [0.00025730091341824265, 0.00012865045670912132, 0.0, 0.00012865045670912132, 0.00012865045670912132, 0.00012865045670912132, 0.00038595137012736397, 0.0014151550238003345, 0.003216261417728033, 0.006689823748874308, 0.011063939276984434, 0.015309404348385437, 0.03010420686993439, 0.04502765984819246, 0.07384536215103564, 0.10446417084780651, 0.16325742956387496, 0.14164415283674256, 0.1551524507912003, 0.08233629229383764, 0.05403319181783095, 0.0549337450147948, 0.021741927183841502, 0.010034735623311463, 0.013122346584330374, 0.005274668725073974, 0.0023157082207641835, 0.0011578541103820917, 0.002701659590891548, 0.0, 0.0, 0.0, 0.0], [0.0, 0.0, 0.0, 0.00015878056525881233, 0.0, 0.00031756113051762465, 0.0014290250873293109, 0.0007939028262940616, 0.001905366783105748, 0.0031756113051762463, 0.007145125436646554, 0.01095585900285805, 0.018100984439504603, 0.02604001270244522, 0.04445855827246745, 0.06779930136551286, 0.12464274372816767, 0.1186090822483328, 0.2022864401397269, 0.10034931724356938, 0.07256271832327724, 0.09606224198158145, 0.029691965703397903, 0.01651317878691648, 0.028421721181327405, 0.013496348046999047, 0.006033661479834868, 0.004287075261987933, 0.00206414734836456, 0.000952683391552874, 0.0017465862178469354, 0.0, 0.0], [0.0003337783711615487, 0.00011125945705384957, 0.0, 0.00022251891410769915, 0.00022251891410769915, 0.000778816199376947, 0.0008900756564307966, 0.0022251891410769915, 0.0037828215398308857, 0.007120605251446373, 0.01335113484646195, 0.017801513128615932, 0.022696929238985315, 0.035380507343124167, 0.04984423676012461, 0.07510013351134846, 0.10625278148642635, 0.11326212728081887, 0.21328437917222964, 0.10725411659991099, 0.06942590120160214, 0.08166444147752559, 0.02848242100578549, 0.014797507788161994, 0.02091677792612372, 0.007231864708500222, 0.003671562082777036, 0.0013351134846461949, 0.0025589675122385403, 0.0, 0.0, 0.0, 0.0], [0.0, 0.0, 0.0, 0.001692047377326565, 0.001692047377326565, 0.0, 0.0, 0.005076142131979695, 0.008460236886632826, 0.005076142131979695, 0.01692047377326565, 0.025380710659898477, 0.043993231810490696, 0.08460236886632826, 0.09475465313028765, 0.1353637901861252, 0.16243654822335024, 0.12521150592216582, 0.16412859560067683, 0.06091370558375635, 0.02707275803722504, 0.025380710659898477, 0.00676818950930626, 0.001692047377326565, 0.00338409475465313, 0.0, 0.0, 0.0, 0.0, 0.0, 0.0, 0.0, 0.0], [0.0, 0.0, 0.0, 0.0001921598770176787, 0.0, 0.0001921598770176787, 0.00028823981552651804, 0.0008647194465795542, 0.002113758647194466, 0.005668716372021522, 0.00874327440430438, 0.016525749423520367, 0.026229823212913145, 0.0334358186010761, 0.051306687163720215, 0.06341275941583398, 0.09944273635664873, 0.07244427363566487, 0.20359338970023058, 0.1132782475019216, 0.07571099154496541, 0.12788239815526517, 0.037951575710991545, 0.012778631821675634, 0.027478862413528055, 0.00874327440430438, 0.005284396617986164, 0.002690238278247502, 0.001921598770176787, 0.0018255188316679478, 0.0, 0.0, 0.0], [0.000209819555182543, 0.0001049097775912715, 0.0001049097775912715, 0.0, 0.000629458665547629, 0.000629458665547629, 0.000419639110365086, 0.001049097775912715, 0.0013638271086865296, 0.00629458665547629, 0.011540075535039865, 0.02349979018044482, 0.04259336970205623, 0.058959295006294585, 0.0868652958455728, 0.10721779269827948, 0.156105749055812, 0.1550566512798993, 0.1860050356693244, 0.0658833403273185, 0.03724297104490139, 0.03199748216533781, 0.012169534200587495, 0.0038816617708770456, 0.005455308434746118, 0.0018883759966428872, 0.0019932857742341586, 0.000839278220730172, 0.0, 0.0, 0.0, 0.0, 0.0], [0.0, 0.00012615112905260502, 0.0, 0.00012615112905260502, 0.0003784533871578151, 0.0007569067743156302, 0.0008830579033682352, 0.0022707203229468905, 0.0034060804844203356, 0.005802951936419831, 0.011858206130944873, 0.02056263403557462, 0.02939321306925697, 0.039863756780623184, 0.0703923300113536, 0.10659770404945124, 0.16147344518733442, 0.12753879147218367, 0.17459316260880534, 0.08666582565913965, 0.05071275387914722, 0.052605020814936294, 0.02459947016525798, 0.010470543711366216, 0.011605903872839662, 0.0029014759682099156, 0.0022707203229468905, 0.0021445691938942854, 0.0, 0.0, 0.0, 0.0, 0.0], [0.0, 0.0, 0.0, 0.0, 0.00029381519024533566, 0.0, 0.0008814455707360071, 0.0008814455707360071, 0.0016159835463493463, 0.0033788746878213602, 0.009402086087850741, 0.014690759512266784, 0.026296459526957545, 0.04451300132216836, 0.07477596591743793, 0.10650800646393419, 0.1507271925958572, 0.09842808873218746, 0.19979432936682825, 0.0749228735125606, 0.0461289848685177, 0.05979139121492581, 0.026884089907448214, 0.013074775965917438, 0.021301601292786836, 0.009255178492728075, 0.006023211400029382, 0.0032319670926986926, 0.003085059497576025, 0.00205670633171735, 0.00205670633171735, 0.0, 0.0], [0.0, 0.00036258158085569254, 0.00036258158085569254, 0.0007251631617113851, 0.0025380710659898475, 0.0025380710659898475, 0.005438723712835388, 0.008339376359680928, 0.014503263234227702, 0.02864394488759971, 0.03807106598984772, 0.05402465554749819, 0.06018854242204496, 0.0823060188542422, 0.11385061638868746, 0.1116751269035533, 0.11892675852066716, 0.0772298767222625, 0.14938361131254532, 0.04423495286439449, 0.02102973168963017, 0.032269760696156634, 0.009427121102248005, 0.005076142131979695, 0.010514865844815084, 0.0032632342277012327, 0.0018129079042784628, 0.0010877447425670776, 0.0018129079042784628, 0.00036258158085569254, 0.0, 0.0, 0.0], [0.0, 0.0, 0.0, 0.0019292604501607716, 0.002572347266881029, 0.002572347266881029, 0.0038585209003215433, 0.010932475884244373, 0.010289389067524116, 0.014790996784565916, 0.023794212218649517, 0.0360128617363344, 0.05016077170418006, 0.05659163987138264, 0.08231511254019293, 0.10932475884244373, 0.14533762057877814, 0.10418006430868167, 0.17106109324758842, 0.06109324758842444, 0.028938906752411574, 0.033440514469453377, 0.02122186495176849, 0.005787781350482315, 0.014790996784565916, 0.0045016077170418, 0.0012861736334405145, 0.002572347266881029, 0.0006430868167202572, 0.0, 0.0, 0.0, 0.0], [0.00029342723004694836, 0.0, 0.0, 0.0, 0.0005868544600938967, 0.0007335680751173709, 0.002640845070422535, 0.004988262910798122, 0.006602112676056338, 0.014084507042253521, 0.02626173708920188, 0.040492957746478875, 0.05384389671361502, 0.07511737089201878, 0.12866784037558684, 0.1409917840375587, 0.14744718309859156, 0.09052230046948356, 0.12808098591549297, 0.04240023474178404, 0.027288732394366196, 0.03125, 0.01335093896713615, 0.006895539906103286, 0.01085680751173709, 0.002640845070422535, 0.0013204225352112676, 0.0010269953051643193, 0.00014671361502347418, 0.0011737089201877935, 0.00029342723004694836, 0.0, 0.0], [0.0, 0.0, 0.0, 0.00043591979075850045, 0.00021795989537925023, 0.00021795989537925023, 0.002179598953792502, 0.0006538796861377507, 0.003923278116826504, 0.00980819529206626, 0.016782911944202266, 0.022013949433304272, 0.03400174367916303, 0.0486050566695728, 0.07127288578901482, 0.10636442894507411, 0.11900610287707061, 0.0989537925021796, 0.16652136006974716, 0.07367044463818657, 0.0534001743679163, 0.06233653007846556, 0.02877070619006103, 0.015039232781168265, 0.03182214472537053, 0.012859633827375762, 0.009372275501307759, 0.004795117698343505, 0.003051438535309503, 0.0023975588491717526, 0.0015257192676547515, 0.0, 0.0], [0.0, 0.0, 0.0, 0.0, 0.00020279862096937742, 0.0, 0.0008111944838775097, 0.001013993104846887, 0.0026363820726019063, 0.008923139322652606, 0.015412695193672683, 0.027580612451835327, 0.044007300750354895, 0.06489555871020077, 0.09531535185560738, 0.11782599878320828, 0.147231798823768, 0.10423849117825999, 0.16528087609004258, 0.06895153112958832, 0.04177651591969175, 0.04542689109714054, 0.01642668829851957, 0.007706347596836341, 0.010545528290407625, 0.002839180693571284, 0.004055972419387548, 0.0022307848306631515, 0.0032447779355100387, 0.001419590346785642, 0.0, 0.0, 0.0], [0.00013603591348115902, 0.00013603591348115902, 0.00013603591348115902, 0.00013603591348115902, 0.00013603591348115902, 0.0012243232213304312, 0.0012243232213304312, 0.0031288260100666575, 0.004353149231397089, 0.007754047068426064, 0.019861243368249216, 0.030336008706298462, 0.04938103659366073, 0.06434498707658821, 0.09250442116718814, 0.1421575295878112, 0.1765746156985444, 0.11875935246905182, 0.12501700448918515, 0.06556931029791865, 0.03740987620731873, 0.029927900965854987, 0.01373962726159706, 0.005169364712284043, 0.005169364712284043, 0.0017684668752550674, 0.0009522513943681131, 0.0028567541831043394, 0.00013603591348115902, 0.0, 0.0, 0.0, 0.0], [0.0, 0.0, 0.0, 0.0002105706464518846, 0.0002105706464518846, 0.0008422825858075384, 0.0010528532322594231, 0.002526847757422615, 0.004632554221941461, 0.007159401979364077, 0.01684565171615077, 0.024847336281322383, 0.042114129290376924, 0.057906927774268264, 0.09244051379237735, 0.1284480943356496, 0.15708570225310592, 0.11539271425563276, 0.1436091808801853, 0.06759317751105495, 0.04253527058328069, 0.04148241735102127, 0.01831964624131396, 0.006317119393556538, 0.016213939776795114, 0.004843124868393346, 0.0033691303432301536, 0.0014739945251631922, 0.0012634238787113076, 0.0006317119393556538, 0.0006317119393556538, 0.0, 0.0], [0.0, 0.0, 0.0, 0.0002587991718426501, 0.0, 0.0010351966873706005, 0.002070393374741201, 0.002846790890269151, 0.005693581780538302, 0.005693581780538302, 0.011904761904761904, 0.021221532091097308, 0.031314699792960664, 0.04606625258799172, 0.07712215320910973, 0.10766045548654245, 0.1389751552795031, 0.09963768115942029, 0.18297101449275363, 0.07686335403726709, 0.05124223602484472, 0.06159420289855073, 0.02562111801242236, 0.015269151138716356, 0.019409937888198756, 0.009316770186335404, 0.003105590062111801, 0.0012939958592132505, 0.0010351966873706005, 0.0007763975155279503, 0.0, 0.0, 0.0], [0.0, 0.0, 0.0001450747134774409, 0.0, 0.0002901494269548818, 0.0004352241404323226, 0.0004352241404323226, 0.0015958218482518497, 0.0018859712752067315, 0.005222689685187872, 0.010300304656898303, 0.02335702886986798, 0.03960539677934136, 0.06716959234005512, 0.09067169592340055, 0.11373857536631365, 0.1462353111852604, 0.10198752357464094, 0.168141592920354, 0.06078630494704773, 0.04279704047584506, 0.04830987958798781, 0.02422747715073263, 0.010880603510808067, 0.022341505875525896, 0.006528362106484839, 0.005802988539097636, 0.003481793123458581, 0.001450747134774409, 0.001305672421296968, 0.0008704482808646452, 0.0, 0.0], [0.0, 0.0, 9.962143853357243e-05, 0.0, 9.962143853357243e-05, 9.962143853357243e-05, 0.00029886431560071725, 0.0009962143853357243, 0.0020920502092050207, 0.005678421996413628, 0.010460251046025104, 0.02012353058378163, 0.033871289101414626, 0.046224347479577606, 0.06714484957162782, 0.07800358637178721, 0.09742976688583384, 0.07023311416616856, 0.2349073520621638, 0.10161386730424388, 0.0668459852560271, 0.08766686590954373, 0.026200438334329546, 0.009762900976290097, 0.024905359633393107, 0.006873879258816497, 0.003088264594540745, 0.0017931858936043037, 0.0017931858936043037, 0.0016935644550707311, 0.0, 0.0, 0.0], [0.0, 0.0, 0.0, 0.0, 0.0, 0.00012017786323759164, 0.0007210671794255498, 0.0006008893161879582, 0.002283379401514241, 0.004927292392741257, 0.008172094700156231, 0.018026679485638745, 0.030284821535873092, 0.05263790409806514, 0.08087970195889917, 0.11476985939190001, 0.172455233745944, 0.12690782357889677, 0.20646556904218244, 0.07078476144694147, 0.03773584905660377, 0.046268477346472776, 0.011176541281096021, 0.004086047350078116, 0.006008893161879582, 0.0012017786323759163, 0.0012017786323759163, 0.0015623122220886913, 0.0007210671794255498, 0.0, 0.0, 0.0, 0.0], [0.0, 0.00392156862745098, 0.0, 0.00392156862745098, 0.00392156862745098, 0.0196078431372549, 0.027450980392156862, 0.0196078431372549, 0.06666666666666667, 0.03529411764705882, 0.054901960784313725, 0.06666666666666667, 0.06666666666666667, 0.11372549019607843, 0.11372549019607843, 0.12549019607843137, 0.09019607843137255, 0.06666666666666667, 0.043137254901960784, 0.01568627450980392, 0.011764705882352941, 0.023529411764705882, 0.011764705882352941, 0.01568627450980392, 0.0, 0.0, 0.0, 0.0, 0.0, 0.0, 0.0, 0.0, 0.0]]}, "ranks": {"labels": ["Unranked", "Combatatent I", "Combatatent II", "Challenger I", "Challenger II", "Rival I", "Rival II", "Duelist", "Elite"], "data": [[0.1157556270096463, 0.14469453376205788, 0.20257234726688103, 0.21864951768488747, 0.15434083601286175, 0.08360128617363344, 0.04823151125401929, 0.01929260450160772, 0.012861736334405145], [0.05028854080791426, 0.07708161582852432, 0.13849958779884583, 0.22176422093981862, 0.23660346248969497, 0.18549051937345423, 0.04657873042044518, 0.031327287716405604, 0.01236603462489695], [0.009824861170439982, 0.018795386586928663, 0.04442545920546775, 0.09568560444254592, 0.19877545208600314, 0.33489961554891073, 0.10408657268973373, 0.1361241634629076, 0.05738288480706251], [0.019783451410239274, 0.0335516642160139, 0.07779708595107605, 0.14102392728244886, 0.2713540970458495, 0.25705119636412244, 0.0963774896404224, 0.08501537227643363, 0.018045715813393932], [0.14035087719298245, 0.12280701754385964, 0.17543859649122806, 0.18421052631578946, 0.09649122807017543, 0.14912280701754385, 0.05263157894736842, 0.07894736842105263, 0.0], [0.010431991440417279, 0.027283669921091346, 0.08198475324327939, 0.1734652935669386, 0.27484285141099374, 0.21746689848869868, 0.0793098836431724, 0.09428915340377157, 0.04092550488163702], [0.06316067653276955, 0.08588794926004228, 0.1535412262156448, 0.23255813953488372, 0.20718816067653276, 0.13424947145877378, 0.043076109936575055, 0.04730443974630021, 0.0330338266384778], [0.2633333333333333, 0.19, 0.19333333333333333, 0.14333333333333334, 0.1, 0.04, 0.03, 0.04, 0.0], [0.040508608079216836, 0.07764149881849892, 0.11983796556768313, 0.16338471925284123, 0.24372679194328795, 0.15719590412962756, 0.07561606841453809, 0.08045459660177788, 0.04163384719252841], [0.00775480059084195, 0.01292466765140325, 0.03323485967503693, 0.10376661742983752, 0.15915805022156573, 0.22710487444608568, 0.12666174298375185, 0.19719350073855244, 0.13220088626292467], [0.041220382992534894, 0.06491398896462187, 0.13209996754300551, 0.2041544952937358, 0.2317429406037001, 0.1794871794871795, 0.062317429406037, 0.06134371957156767, 0.022719896137617657], [0.052534562211981564, 0.11170506912442396, 0.18746543778801844, 0.2663594470046083, 0.20368663594470046, 0.09861751152073733, 0.038894009216589864, 0.031889400921658984, 0.008847926267281106], [0.02306482614013629, 0.05521579591123536, 0.11357679538703477, 0.2201642495194828, 0.2503931504455705, 0.19011008212475974, 0.06657347544993884, 0.058535733007164074, 0.022365892014677615], [0.02319619094127701, 0.04688072274447565, 0.08155292394091075, 0.15517030887559516, 0.2478329874252228, 0.22585764863874985, 0.09461604199731413, 0.09070931510194115, 0.03418386033451349], [0.010309278350515464, 0.031162136832239926, 0.08809746954076851, 0.17478912839737581, 0.26569821930646675, 0.21883786316776008, 0.09020618556701031, 0.08997188378631678, 0.030927835051546393], [0.03251028806584362, 0.05102880658436214, 0.10493827160493827, 0.18477366255144034, 0.2382716049382716, 0.1699588477366255, 0.08353909465020576, 0.08888888888888889, 0.04609053497942387], [0.026805494018608773, 0.06180770934869295, 0.14687638458130262, 0.23150199379707576, 0.22972972972972974, 0.1581745680106336, 0.05538325210456358, 0.06269384138236597, 0.02702702702702703], [0.0194322406218317, 0.0441027374112876, 0.10223048327137546, 0.22135856708347415, 0.24518418384589388, 0.21662723893207164, 0.0625211220006759, 0.06387293004393377, 0.024670496789455897], [0.0990990990990991, 0.07207207207207207, 0.10810810810810811, 0.17117117117117117, 0.2072072072072072, 0.08108108108108109, 0.0990990990990991, 0.07207207207207207, 0.09009009009009009], [0.012479094300784768, 0.02637334362536987, 0.07513186671812686, 0.17830953299884214, 0.30490158240061754, 0.2015952656631931, 0.08992666923967581, 0.08671040782194776, 0.02457223723144217], [0.0077802476976818035, 0.018100984439504603, 0.04414099714194983, 0.11225785963798031, 0.24325182597650047, 0.25484280724039376, 0.12035566846617973, 0.14226738647189585, 0.057002222927913626], [0.01568758344459279, 0.03115264797507788, 0.05807743658210948, 0.12494437027147308, 0.21951490876724522, 0.26947040498442365, 0.1204939919893191, 0.12494437027147308, 0.03571428571428571], [0.021996615905245348, 0.04230118443316413, 0.12859560067681894, 0.23011844331641285, 0.2876480541455161, 0.20135363790186125, 0.050761421319796954, 0.0338409475465313, 0.00338409475465313], [0.009319754035357418, 0.02526902382782475, 0.05966564181398924, 0.11471944657955419, 0.1718870099923136, 0.26527671022290544, 0.12730591852421214, 0.17861260568793236, 0.047943889315910836], [0.010805707091900965, 0.03503986571548468, 0.10155266470835082, 0.19408308854385228, 0.3111624003357113, 0.2219890893831305, 0.06714225765841376, 0.04804867813680235, 0.010176248426353337], [0.013750473066733947, 0.03242084016651949, 0.06925696984988015, 0.17699003406080485, 0.2890122366595181, 0.22101677810016399, 0.09095496404692822, 0.08767503469156049, 0.018922669357890755], [0.007051564565888057, 0.024092845600117527, 0.0708094608491259, 0.18128397238137212, 0.24915528132804465, 0.2407815484060526, 0.08006463934185397, 0.09975025708829147, 0.04701043043925371], [0.06345177664974619, 0.09209572153734591, 0.14249456127628715, 0.22552574329224076, 0.19615663524292967, 0.1700507614213198, 0.04459753444525018, 0.046773023930384336, 0.01885424220449601], [0.04694533762057878, 0.05980707395498392, 0.1067524115755627, 0.19163987138263666, 0.24951768488745982, 0.20514469453376205, 0.05594855305466238, 0.06045016077170418, 0.023794212218649517], [0.02992957746478873, 0.06675469483568075, 0.1289612676056338, 0.26965962441314556, 0.23796948356807512, 0.15082159624413147, 0.046948356807511735, 0.05149647887323944, 0.017458920187793426], [0.017436791630340016, 0.03879686137750654, 0.08260680034873583, 0.17763731473408892, 0.21795989537925023, 0.20619006102877072, 0.08740191804707934, 0.10614646904969485, 0.06582388840453357], [0.013587507604948286, 0.04299330764550801, 0.10890285946055567, 0.21314135063881565, 0.251470290002028, 0.2048266071790712, 0.07118231596025147, 0.06955992699249645, 0.02433583451632529], [0.018364848319956467, 0.05019725207454768, 0.11372602367024895, 0.23466195075499932, 0.2953339681675963, 0.16188273704257924, 0.06611345395184329, 0.04883689293973609, 0.010882873078492722], [0.016635081069698885, 0.041692987997473153, 0.10002105706464519, 0.22088860812802696, 0.27247841650873866, 0.18024847336281322, 0.07348915561170773, 0.06611918298589177, 0.028427037271004423], [0.017598343685300208, 0.033126293995859216, 0.07738095238095238, 0.18478260869565216, 0.2386128364389234, 0.2277432712215321, 0.08333333333333333, 0.10248447204968944, 0.03493788819875776], [0.010010155229943422, 0.03365733352676629, 0.1067749891193965, 0.2044102712897142, 0.24822283475990134, 0.2012186275932105, 0.07050631075003627, 0.08341796024952851, 0.041781517481502974], [0.009364415222155809, 0.030583781629806735, 0.08009563658099222, 0.14514843594341503, 0.1676628810520024, 0.2884040645546922, 0.11496314006774258, 0.12363020522016338, 0.040147439729029684], [0.008652806153106598, 0.026198774185794978, 0.08292272563393822, 0.1956495613507992, 0.29936305732484075, 0.24504266314144935, 0.06994351640427833, 0.06153106597764692, 0.010695829828145655], [0.1803921568627451, 0.12156862745098039, 0.1803921568627451, 0.23921568627450981, 0.1568627450980392, 0.047058823529411764, 0.023529411764705882, 0.050980392156862744, 0.0]]}, "ranksDetailed": {"labels": ["Unranked", "Combatatant", "Challenger", "Rival", "Duelist", "Elite"], "data": [[0.1157556270096463, 0.34726688102893893, 0.3729903536977492, 0.13183279742765272, 0.01929260450160772, 0.012861736334405145], [0.05028854080791426, 0.21558120362737015, 0.4583676834295136, 0.23206924979389942, 0.031327287716405604, 0.01236603462489695], [0.009824861170439982, 0.06322084579239641, 0.29446105652854904, 0.43898618823864444, 0.1361241634629076, 0.05738288480706251], [0.019783451410239274, 0.11134875016708996, 0.41237802432829834, 0.35342868600454486, 0.08501537227643363, 0.018045715813393932], [0.14035087719298245, 0.2982456140350877, 0.2807017543859649, 0.20175438596491227, 0.07894736842105263, 0.0], [0.010431991440417279, 0.10926842316437074, 0.4483081449779323, 0.2967767821318711, 0.09428915340377157, 0.04092550488163702], [0.06316067653276955, 0.2394291754756871, 0.4397463002114165, 0.17732558139534885, 0.04730443974630021, 0.0330338266384778], [0.2633333333333333, 0.38333333333333336, 0.24333333333333335, 0.07, 0.04, 0.0], [0.040508608079216836, 0.19747946438618205, 0.40711151119612915, 0.23281197254416564, 0.08045459660177788, 0.04163384719252841], [0.00775480059084195, 0.04615952732644018, 0.26292466765140327, 0.3537666174298375, 0.19719350073855244, 0.13220088626292467], [0.041220382992534894, 0.1970139565076274, 0.4358974358974359, 0.24180460889321648, 0.06134371957156767, 0.022719896137617657], [0.052534562211981564, 0.2991705069124424, 0.4700460829493088, 0.1375115207373272, 0.031889400921658984, 0.008847926267281106], [0.02306482614013629, 0.16879259129827015, 0.4705573999650533, 0.2566835575746986, 0.058535733007164074, 0.022365892014677615], [0.02319619094127701, 0.1284336466853864, 0.403003296300818, 0.32047369063606396, 0.09070931510194115, 0.03418386033451349], [0.010309278350515464, 0.11925960637300843, 0.44048734770384257, 0.30904404873477037, 0.08997188378631678, 0.030927835051546393], [0.03251028806584362, 0.15596707818930042, 0.42304526748971194, 0.25349794238683127, 0.08888888888888889, 0.04609053497942387], [0.026805494018608773, 0.20868409392999557, 0.46123172352680547, 0.21355782011519717, 0.06269384138236597, 0.02702702702702703], [0.0194322406218317, 0.14633322068266305, 0.46654275092936803, 0.27914836093274753, 0.06387293004393377, 0.024670496789455897], [0.0990990990990991, 0.18018018018018017, 0.3783783783783784, 0.18018018018018017, 0.07207207207207207, 0.09009009009009009], [0.012479094300784768, 0.10150521034349672, 0.48321111539945966, 0.29152193490286893, 0.08671040782194776, 0.02457223723144217], [0.0077802476976818035, 0.06224198158145443, 0.35550968561448076, 0.3751984757065735, 0.14226738647189585, 0.057002222927913626], [0.01568758344459279, 0.08923008455718737, 0.3444592790387183, 0.38996439697374274, 0.12494437027147308, 0.03571428571428571], [0.021996615905245348, 0.17089678510998307, 0.5177664974619289, 0.2521150592216582, 0.0338409475465313, 0.00338409475465313], [0.009319754035357418, 0.08493466564181398, 0.2866064565718678, 0.3925826287471176, 0.17861260568793236, 0.047943889315910836], [0.010805707091900965, 0.1365925304238355, 0.5052454888795636, 0.28913134704154425, 0.04804867813680235, 0.010176248426353337], [0.013750473066733947, 0.10167781001639965, 0.46600227072032296, 0.3119717421470922, 0.08767503469156049, 0.018922669357890755], [0.007051564565888057, 0.09490230644924343, 0.43043925370941677, 0.3208461877479066, 0.09975025708829147, 0.04701043043925371], [0.06345177664974619, 0.23459028281363306, 0.42168237853517043, 0.21464829586656997, 0.046773023930384336, 0.01885424220449601], [0.04694533762057878, 0.1665594855305466, 0.44115755627009645, 0.26109324758842445, 0.06045016077170418, 0.023794212218649517], [0.02992957746478873, 0.19571596244131456, 0.5076291079812206, 0.1977699530516432, 0.05149647887323944, 0.017458920187793426], [0.017436791630340016, 0.12140366172624237, 0.39559721011333915, 0.29359197907585005, 0.10614646904969485, 0.06582388840453357], [0.013587507604948286, 0.15189616710606368, 0.46461164064084365, 0.2760089231393226, 0.06955992699249645, 0.02433583451632529], [0.018364848319956467, 0.16392327574479662, 0.5299959189225956, 0.22799619099442253, 0.04883689293973609, 0.010882873078492722], [0.016635081069698885, 0.14171404506211835, 0.4933670246367656, 0.25373762897452096, 0.06611918298589177, 0.028427037271004423], [0.017598343685300208, 0.1105072463768116, 0.42339544513457555, 0.3110766045548654, 0.10248447204968944, 0.03493788819875776], [0.010010155229943422, 0.14043232264616276, 0.45263310604961554, 0.2717249383432468, 0.08341796024952851, 0.041781517481502974], [0.009364415222155809, 0.11067941821079896, 0.3128113169954174, 0.40336720462243475, 0.12363020522016338, 0.040147439729029684], [0.008652806153106598, 0.10912149981973321, 0.49501261867563995, 0.31498617954572766, 0.06153106597764692, 0.010695829828145655], [0.1803921568627451, 0.30196078431372547, 0.396078431372549, 0.07058823529411765, 0.050980392156862744, 0.0]]}}}, "eu": {"histType": {"histogram": {"labels": ["0", "100", "200", "300", "400", "500", "600", "700", "800", "900", "1000", "1100", "1200", "1300", "1400", "1500", "1600", "1700", "1800", "1900", "2000", "2100", "2200", "2300", "2400", "2500", "2600", "2700", "2800", "2900", "3000", "3100", "3200"], "data": [[0.0, 0.0, 0.004098360655737705, 0.0, 0.0, 0.00819672131147541, 0.01639344262295082, 0.01639344262295082, 0.040983606557377046, 0.045081967213114756, 0.06557377049180328, 0.06557377049180328, 0.06147540983606557, 0.11885245901639344, 0.14344262295081966, 0.11065573770491803, 0.0942622950819672, 0.0778688524590164, 0.040983606557377046, 0.028688524590163935, 0.012295081967213115, 0.020491803278688523, 0.004098360655737705, 0.004098360655737705, 0.01639344262295082, 0.004098360655737705, 0.0, 0.0, 0.0, 0.0, 0.0, 0.0, 0.0], [0.0, 0.0, 0.00044365572315882877, 0.0013309671694764862, 0.0008873114463176575, 0.003105590062111801, 0.0048802129547471165, 0.00709849157054126, 0.01730257320319432, 0.022182786157941437, 0.03194321206743567, 0.048802129547471165, 0.06388642413487133, 0.07630878438331855, 0.12067435669920142, 0.1126885536823425, 0.1512866015971606, 0.08606921029281278, 0.145075421472937, 0.04259094942324756, 0.02085181898846495, 0.021739130434782608, 0.005767524401064774, 0.0044365572315882874, 0.006654835847382431, 0.0013309671694764862, 0.0008873114463176575, 0.001774622892635315, 0.0, 0.0, 0.0, 0.0, 0.0], [0.0, 0.0, 0.0, 0.0001479946721918011, 0.0001479946721918011, 0.0001479946721918011, 0.0001479946721918011, 0.0013319520497262099, 0.0023679147550688174, 0.0036998668047950275, 0.008583690987124463, 0.0136155098416457, 0.018499334023975137, 0.023531152878496372, 0.040106556163978097, 0.055054018055350006, 0.1072961373390558, 0.10507621725617877, 0.2729021755216812, 0.09190469143110848, 0.0665976024863105, 0.08672487790439544, 0.03093088648808643, 0.015095456563563711, 0.03137487050466183, 0.01095160574219328, 0.005623797543288442, 0.002959893443836022, 0.0017759360663016132, 0.0017759360663016132, 0.001627941394109812, 0.0, 0.0], [0.0, 0.0, 0.0, 0.00012759984688018373, 0.00012759984688018373, 0.00025519969376036747, 0.0008931989281612862, 0.0026795967844838588, 0.0033175960188847773, 0.008166390200331759, 0.015184381778741865, 0.023605971672833993, 0.029475564629322444, 0.039045553145336226, 0.0627791246650504, 0.08230190123771851, 0.14214622942452468, 0.12415465101441878, 0.21717493939007274, 0.08829909404108716, 0.056654332014801585, 0.061885925736889114, 0.01607758070690315, 0.007273191272170474, 0.011101186678575986, 0.003572795712645145, 0.0011483986219216536, 0.0003827995406405512, 0.0011483986219216536, 0.0008931989281612862, 0.00012759984688018373, 0.0, 0.0], [0.0, 0.0, 0.0, 0.0, 0.0, 0.018018018018018018, 0.02702702702702703, 0.04504504504504504, 0.04504504504504504, 0.02702702702702703, 0.07207207207207207, 0.09009009009009009, 0.036036036036036036, 0.02702702702702703, 0.08108108108108109, 0.14414414414414414, 0.06306306306306306, 0.0990990990990991, 0.06306306306306306, 0.05405405405405406, 0.04504504504504504, 0.0, 0.018018018018018018, 0.009009009009009009, 0.02702702702702703, 0.009009009009009009, 0.0, 0.0, 0.0, 0.0, 0.0, 0.0, 0.0], [0.0, 0.0001343724805159903, 0.0001343724805159903, 0.0002687449610319806, 0.00040311744154797097, 0.0001343724805159903, 0.00040311744154797097, 0.0014780972856758936, 0.002956194571351787, 0.005778016662187584, 0.011018543402311207, 0.018140284869658695, 0.02