{"region": {"us": {"histType": {"histogram": {"labels": ["0", "100", "200", "300", "400", "500", "600", "700", "800", "900", "1000", "1100", "1200", "1300", "1400", "1500", "1600", "1700", "1800", "1900", "2000", "2100", "2200", "2300", "2400", "2500", "2600", "2700", "2800", "2900", "3000", "3100", "3200"], "data": [[0.0, 0.0, 0.003215434083601286, 0.003215434083601286, 0.006430868167202572, 0.006430868167202572, 0.022508038585209004, 0.012861736334405145, 0.03215434083601286, 0.028938906752411574, 0.0707395498392283, 0.07395498392282958, 0.08360128617363344, 0.1189710610932476, 0.10610932475884244, 0.11254019292604502, 0.09967845659163987, 0.05466237942122187, 0.05466237942122187, 0.04823151125401929, 0.028938906752411574, 0.00964630225080386, 0.00964630225080386, 0.0, 0.012861736334405145, 0.0, 0.0, 0.0, 0.0, 0.0, 0.0, 0.0, 0.0], [0.0, 0.0008237232289950577, 0.0, 0.00041186161449752884, 0.0008237232289950577, 0.0016474464579901153, 0.004942339373970346, 0.01070840197693575, 0.011120263591433279, 0.019769357495881382, 0.03459637561779242, 0.04242174629324547, 0.06383855024711697, 0.07454695222405272, 0.10090609555189456, 0.12108731466227347, 0.1470345963756178, 0.08937397034596375, 0.15197693574958815, 0.05560131795716639, 0.02471169686985173, 0.016474464579901153, 0.009884678747940691, 0.004942339373970346, 0.004942339373970346, 0.0016474464579901153, 0.0032948929159802307, 0.002059308072487644, 0.00041186161449752884, 0.0, 0.0, 0.0, 0.0], [0.00013865779256794233, 0.0, 0.0, 0.00027731558513588466, 0.00027731558513588466, 0.00027731558513588466, 0.00027731558513588466, 0.0006932889628397116, 0.003466444814198558, 0.004437049362174155, 0.007903494176372712, 0.01136993899057127, 0.01774819744869662, 0.027731558513588463, 0.041735995562950635, 0.06253466444814199, 0.09955629506378258, 0.10551858014420411, 0.27967276760953963, 0.08610648918469219, 0.06170271769273433, 0.09123682750970605, 0.02689961175818081, 0.014420410427066, 0.03300055463117027, 0.010122018857459789, 0.004853022739877981, 0.004021075984470327, 0.0013865779256794233, 0.0024958402662229617, 0.00013865779256794233, 0.0, 0.0], [0.0, 0.0, 0.0, 0.0, 0.0001289490651192779, 0.0001289490651192779, 0.0009026434558349452, 0.0023210831721470018, 0.006060606060606061, 0.010315925209542231, 0.01598968407479046, 0.018955512572533847, 0.03494519664732431, 0.046034816247582204, 0.065892972275951, 0.08820116054158607, 0.1522888459058672, 0.11708575112830431, 0.20322372662798194, 0.08497743391360413, 0.05299806576402321, 0.057511283043197935, 0.01715022566086396, 0.007479045776918118, 0.011734364925854288, 0.00245003223726628, 0.0011605415860735009, 0.0015473887814313346, 0.0002578981302385558, 0.0, 0.0002578981302385558, 0.0, 0.0], [0.0, 0.0, 0.0, 0.0, 0.008771929824561403, 0.0, 0.008771929824561403, 0.03508771929824561, 0.03508771929824561, 0.05263157894736842, 0.043859649122807015, 0.07894736842105263, 0.07017543859649122, 0.10526315789473684, 0.07894736842105263, 0.10526315789473684, 0.06140350877192982, 0.03508771929824561, 0.08771929824561403, 0.08771929824561403, 0.02631578947368421, 0.043859649122807015, 0.017543859649122806, 0.017543859649122806, 0.0, 0.0, 0.0, 0.0, 0.0, 0.0, 0.0, 0.0, 0.0], [0.0, 0.0, 0.0, 0.0, 0.0, 0.00013044612575006522, 0.0, 0.001826245760500913, 0.001826245760500913, 0.006652752413253326, 0.010566136185755283, 0.017218888599008608, 0.03143751630576572, 0.05374380380902687, 0.0783981215757892, 0.10735716149230368, 0.1582311505348291, 0.11127054526480563, 0.17310200887033655, 0.07344116879728672, 0.04291677537177146, 0.061309679102530656, 0.020349595617010174, 0.010305243934255153, 0.020871380120010434, 0.00821810592225411, 0.0032611531437516305, 0.0032611531437516305, 0.0020871380120010435, 0.0007826767545003914, 0.0014349073832507174, 0.0, 0.0], [0.0, 0.0, 0.0002642007926023778, 0.001585204755614267, 0.001585204755614267, 0.003170409511228534, 0.005812417437252312, 0.008982826948480845, 0.017437252311756937, 0.024570673712021138, 0.03883751651254954, 0.04702774108322325, 0.07001321003963012, 0.08348745046235138, 0.10911492734478204, 0.12338177014531043, 0.12523117569352707, 0.08190224570673713, 0.11043593130779393, 0.03883751651254954, 0.028005284015852047, 0.02906208718626156, 0.011096433289299868, 0.007133421400264201, 0.012681638044914135, 0.006340819022457068, 0.006869220607661823, 0.0023778071334214002, 0.0018494055482166448, 0.0007926023778071334, 0.0021136063408190224, 0.0, 0.0], [0.0033333333333333335, 0.0, 0.0033333333333333335, 0.01, 0.016666666666666666, 0.013333333333333334, 0.016666666666666666, 0.05, 0.05, 0.1, 0.08666666666666667, 0.10333333333333333, 0.09, 0.10333333333333333, 0.07666666666666666, 0.06666666666666667, 0.06666666666666667, 0.03333333333333333, 0.02666666666666667, 0.03666666666666667, 0.006666666666666667, 0.013333333333333334, 0.02, 0.006666666666666667, 0.0, 0.0, 0.0, 0.0, 0.0, 0.0, 0.0, 0.0, 0.0], [0.00031952284588348065, 0.00031952284588348065, 0.0005325380764724678, 0.0005325380764724678, 0.0005325380764724678, 0.0017041218447118968, 0.0018106294600063904, 0.005218873149430184, 0.00926616253062094, 0.020555969751837256, 0.03344339120247097, 0.04665033549898818, 0.05932474171903291, 0.06741932048141443, 0.08605815315795079, 0.09319416338268185, 0.1389924379593141, 0.09798700607093407, 0.11619980828629246, 0.06124187879433379, 0.04313558419426989, 0.04430716796250932, 0.01949089359889232, 0.012461390989455746, 0.02066247736713175, 0.008840132069442966, 0.005644903610608158, 0.0017041218447118968, 0.0022366599211843647, 0.0002130152305889871, 0.0, 0.0, 0.0], [0.0, 0.0, 0.0, 0.0, 0.00036913990402362494, 0.00036913990402362494, 0.00036913990402362494, 0.00036913990402362494, 0.0007382798080472499, 0.005537098560354375, 0.0070136581764488745, 0.005906238464377999, 0.012181616832779624, 0.021040974529346623, 0.04023624953857512, 0.06349206349206349, 0.07788851974898486, 0.0812107788851975, 0.18752307124400147, 0.08084163898117387, 0.08527131782945736, 0.12144702842377261, 0.05057216685123662, 0.02547065337763012, 0.06866002214839424, 0.022886674049464747, 0.013658176448874123, 0.014765596160944998, 0.006644518272425249, 0.004060538944259874, 0.0014765596160944998, 0.0, 0.0], [0.0, 0.0, 0.0003244646333549643, 0.0, 0.0016223231667748216, 0.0016223231667748216, 0.0035691109669046075, 0.003893575600259572, 0.012005191434133679, 0.018170019467878003, 0.030499675535366644, 0.03439325113562622, 0.05970149253731343, 0.07235561323815703, 0.09214795587280987, 0.11194029850746269, 0.14049318624269955, 0.09117456197274497, 0.15120051914341337, 0.054510058403634, 0.036340038935756006, 0.04023361453601557, 0.012654120700843608, 0.008436080467229072, 0.01135626216742375, 0.004218040233614536, 0.001946787800129786, 0.0016223231667748216, 0.001946787800129786, 0.0016223231667748216, 0.0, 0.0, 0.0], [0.0001837897445322551, 0.0, 0.0005513692335967653, 0.0005513692335967653, 0.0009189487226612755, 0.0020216871898548062, 0.004594743613306377, 0.008270538503951479, 0.013784230839919132, 0.022973718066531888, 0.0487042823010476, 0.06395883109722478, 0.08968939533174049, 0.0974085646020952, 0.13435030325307848, 0.13122587759603013, 0.12883661091711082, 0.07425105679103106, 0.08031611836059548, 0.03749310788458004, 0.019297923175886786, 0.01837897445322551, 0.008086748759419225, 0.005329902591435398, 0.0040433743797096125, 0.0014703179562580407, 0.001837897445322551, 0.0009189487226612755, 0.0005513692335967653, 0.0, 0.0, 0.0, 0.0], [0.0, 0.0, 0.0, 0.0, 0.0003463203463203463, 0.0006926406926406926, 0.0027705627705627706, 0.003116883116883117, 0.007272727272727273, 0.009523809523809525, 0.023376623376623377, 0.03532467532467533, 0.04865800865800866, 0.06735930735930735, 0.10597402597402597, 0.11238095238095239, 0.14493506493506494, 0.10337662337662337, 0.15792207792207794, 0.05991341991341991, 0.03705627705627706, 0.03601731601731602, 0.013506493506493506, 0.008311688311688312, 0.012813852813852814, 0.005021645021645022, 0.0015584415584415584, 0.001038961038961039, 0.0017316017316017316, 0.0, 0.0, 0.0, 0.0], [0.00023643456673365647, 0.0, 0.0, 0.00011821728336682824, 0.00023643456673365647, 0.0003546518501004847, 0.001536824683768767, 0.002364345667336565, 0.004965125901406786, 0.01335855302045159, 0.021751980139496394, 0.02671710604090318, 0.03676557512708358, 0.04846908618039957, 0.0703392836032628, 0.09374630570989478, 0.1352405721716515, 0.11218820191512, 0.17437049296607163, 0.08287031564014659, 0.05343421208180636, 0.05769003428301218, 0.020096938172360797, 0.010048469086180399, 0.017141506088190095, 0.005201560468140442, 0.0039011703511053317, 0.002600780234070221, 0.001536824683768767, 0.002364345667336565, 0.0003546518501004847, 0.0, 0.0], [0.0, 0.0, 0.0, 0.0, 0.000468384074941452, 0.000234192037470726, 0.000702576112412178, 0.000702576112412178, 0.004215456674473068, 0.004215456674473068, 0.013114754098360656, 0.018032786885245903, 0.03629976580796253, 0.05175644028103044, 0.07400468384074942, 0.10093676814988291, 0.14941451990632318, 0.11592505854800937, 0.17142857142857143, 0.07962529274004684, 0.05807962529274005, 0.05690866510538642, 0.02271662763466042, 0.010304449648711944, 0.016627634660421546, 0.007728337236533958, 0.001873536299765808, 0.001873536299765808, 0.000936768149882904, 0.001873536299765808, 0.0, 0.0, 0.0], [0.0, 0.00041152263374485596, 0.0, 0.0, 0.0012345679012345679, 0.0012345679012345679, 0.0008230452674897119, 0.0049382716049382715, 0.009876543209876543, 0.013991769547325103, 0.019753086419753086, 0.031275720164609055, 0.047736625514403296, 0.05720164609053498, 0.08065843621399177, 0.10411522633744856, 0.13580246913580246, 0.10246913580246914, 0.13580246913580246, 0.06460905349794238, 0.05308641975308642, 0.046502057613168724, 0.027983539094650206, 0.01440329218106996, 0.017695473251028805, 0.009876543209876543, 0.004526748971193415, 0.006172839506172839, 0.00411522633744856, 0.0024691358024691358, 0.0012345679012345679, 0.0, 0.0], [0.00022123893805309734, 0.0, 0.0004424778761061947, 0.0004424778761061947, 0.0004424778761061947, 0.0008849557522123894, 0.0015486725663716814, 0.003761061946902655, 0.00752212389380531, 0.012168141592920354, 0.022345132743362833, 0.03960176991150442, 0.06769911504424779, 0.07898230088495575, 0.10641592920353982, 0.12477876106194691, 0.13650442477876107, 0.09292035398230089, 0.12853982300884956, 0.05066371681415929, 0.034292035398230086, 0.04026548672566372, 0.014823008849557522, 0.007743362831858407, 0.013053097345132743, 0.005309734513274336, 0.0035398230088495575, 0.001991150442477876, 0.0015486725663716814, 0.0015486725663716814, 0.0, 0.0, 0.0], [0.0, 0.0, 0.00016730801405387318, 0.00033461602810774636, 0.0005019240421616195, 0.00033461602810774636, 0.0011711560983771122, 0.002844236238915844, 0.004015392337292956, 0.01003848084323239, 0.0205788857286264, 0.026100050192404217, 0.0480174000334616, 0.059227036975071104, 0.09837711226367743, 0.12079638614689643, 0.1453906642128158, 0.09804249623556968, 0.1815291952484524, 0.060063577045340474, 0.03480006692320562, 0.04015392337292956, 0.01522502927890246, 0.00786347666053204, 0.01204617701187887, 0.004182700351346829, 0.0033461602810774638, 0.0016730801405387319, 0.0005019240421616195, 0.002676928224861971, 0.0, 0.0, 0.0], [0.0, 0.0, 0.0, 0.009009009009009009, 0.009009009009009009, 0.009009009009009009, 0.0, 0.009009009009009009, 0.009009009009009009, 0.05405405405405406, 0.02702702702702703, 0.04504504504504504, 0.04504504504504504, 0.06306306306306306, 0.05405405405405406, 0.11711711711711711, 0.12612612612612611, 0.08108108108108109, 0.07207207207207207, 0.02702702702702703, 0.08108108108108109, 0.036036036036036036, 0.036036036036036036, 0.0, 0.018018018018018018, 0.02702702702702703, 0.009009009009009009, 0.036036036036036036, 0.0, 0.0, 0.0, 0.0, 0.0], [0.00024755539051862855, 0.00012377769525931428, 0.0, 0.00012377769525931428, 0.00024755539051862855, 0.00024755539051862855, 0.0003713330857779428, 0.0016091100383710856, 0.003094442381482857, 0.006560217848743656, 0.011263770268597598, 0.016338655774229483, 0.031191979205347196, 0.046416635722242854, 0.077979948013368, 0.11560836737219952, 0.16400544621859142, 0.13627924248050502, 0.14977101126377027, 0.07934150266122045, 0.051986632008911994, 0.05285307587572719, 0.021042208194083426, 0.009654660230226514, 0.012625324916450055, 0.005074885505631885, 0.0022279985146676567, 0.0011139992573338284, 0.0025993316004456, 0.0, 0.0, 0.0, 0.0], [0.0, 0.0, 0.0, 0.00015713387806411063, 0.0, 0.00031426775612822125, 0.0014142049025769956, 0.0007856693903205531, 0.002042740414833438, 0.003299811439346323, 0.007228158390949088, 0.010999371464487744, 0.019013199245757385, 0.02702702702702703, 0.04541169076052797, 0.07228158390949088, 0.12382149591451917, 0.11737900691389064, 0.2000314267756128, 0.09946574481458202, 0.07196731615336266, 0.09506599622878692, 0.029384035197988687, 0.016499057196731615, 0.0281269641734758, 0.013356379635449403, 0.005971087366436203, 0.004242614707730987, 0.002042740414833438, 0.0009428032683846638, 0.0017284726587052169, 0.0, 0.0], [0.00032140561388472255, 0.00010713520462824084, 0.0, 0.00021427040925648167, 0.00021427040925648167, 0.0007499464323976858, 0.0008570816370259267, 0.0023569745018212985, 0.00385686736661667, 0.007070923505463895, 0.013391900578530106, 0.018105849582172703, 0.023462609813584744, 0.03728305121062781, 0.05196057424469681, 0.07831583458324405, 0.11238482965502464, 0.11881294193271909, 0.20569959288622242, 0.1033854724662524, 0.06685236768802229, 0.07853010499250053, 0.027426612384829654, 0.014248982215556032, 0.02014141847010928, 0.006963788300835654, 0.0035354617527319477, 0.0012856224555388902, 0.0024641097064495394, 0.0, 0.0, 0.0, 0.0], [0.0, 0.0, 0.0, 0.001692047377326565, 0.001692047377326565, 0.0, 0.0, 0.005076142131979695, 0.008460236886632826, 0.005076142131979695, 0.01692047377326565, 0.025380710659898477, 0.043993231810490696, 0.08460236886632826, 0.09475465313028765, 0.1353637901861252, 0.16243654822335024, 0.12521150592216582, 0.16412859560067683, 0.06091370558375635, 0.02707275803722504, 0.025380710659898477, 0.00676818950930626, 0.001692047377326565, 0.00338409475465313, 0.0, 0.0, 0.0, 0.0, 0.0, 0.0, 0.0, 0.0], [0.0, 0.0, 0.0, 0.00027432333577176297, 0.0, 0.000182882223847842, 0.00027432333577176297, 0.0008229700073152889, 0.0021945866861741038, 0.005669348939283102, 0.008412582297000731, 0.016276517922457937, 0.02660936356986101, 0.03383321141185077, 0.05221287490855889, 0.06565471836137528, 0.10259692757863936, 0.07900512070226774, 0.20930870519385517, 0.1084491587417703, 0.07205559619604975, 0.12207388441843453, 0.03621068032187271, 0.012161667885881492, 0.026152158010241403, 0.008412582297000731, 0.005029261155815655, 0.002560351133869788, 0.0018288222384784199, 0.001737381126554499, 0.0, 0.0, 0.0], [0.00019519812609798947, 9.759906304899473e-05, 9.759906304899473e-05, 0.0, 0.0005855943782939684, 0.0005855943782939684, 0.00048799531524497365, 0.0012687878196369314, 0.0013663868826859261, 0.006636736287331642, 0.011516689439781378, 0.024009369510052704, 0.043821979308998636, 0.060999414405621705, 0.09105992582471208, 0.11994924848721453, 0.16777278938122195, 0.14571540113214912, 0.17353113410111262, 0.06148740972086668, 0.03464766738239313, 0.02976771422994339, 0.011321491313683388, 0.003611165332812805, 0.005075151278547726, 0.0017567831348819052, 0.0018543821979308999, 0.0007807925043919579, 0.0, 0.0, 0.0, 0.0, 0.0], [0.0, 0.00012322858903265557, 0.0, 0.00012322858903265557, 0.0003696857670979667, 0.000862600123228589, 0.000862600123228589, 0.0022181146025878, 0.0033271719038817007, 0.006038200862600123, 0.011829944547134935, 0.020825631546518793, 0.031053604436229204, 0.04226740603820086, 0.07171903881700555, 0.11189155884165126, 0.16303142329020331, 0.12470733210104744, 0.17054836722119532, 0.08465804066543438, 0.04953789279112754, 0.051386321626617375, 0.024029574861367836, 0.010104744300677758, 0.011337030191004313, 0.002834257547751078, 0.0022181146025878, 0.0020948860135551447, 0.0, 0.0, 0.0, 0.0, 0.0], [0.0, 0.0, 0.0, 0.0, 0.0002909090909090909, 0.0, 0.0008727272727272727, 0.0008727272727272727, 0.0016, 0.003490909090909091, 0.00930909090909091, 0.014981818181818181, 0.027054545454545456, 0.044945454545454545, 0.07781818181818181, 0.10836363636363637, 0.14938181818181817, 0.09774545454545455, 0.19796363636363637, 0.07418181818181818, 0.045672727272727275, 0.0592, 0.026763636363636364, 0.012945454545454545, 0.02109090909090909, 0.009163636363636363, 0.005963636363636364, 0.0032, 0.0030545454545454548, 0.0020363636363636365, 0.0020363636363636365, 0.0, 0.0], [0.0003624501631025734, 0.0003624501631025734, 0.0003624501631025734, 0.0007249003262051468, 0.0025371511417180137, 0.0025371511417180137, 0.005436752446538601, 0.008336353751359188, 0.014498006524102935, 0.028633562885103298, 0.038057267125770206, 0.054005074302283435, 0.06016672707502718, 0.08227618702428416, 0.11380935121420804, 0.1116346502355926, 0.11888365349764407, 0.07720188474084813, 0.14932946719826024, 0.04421891989851395, 0.021022109459949256, 0.03225806451612903, 0.009423704240666908, 0.005074302283436027, 0.010511054729974628, 0.0032620514679231605, 0.001812250815512867, 0.0010873504893077202, 0.001812250815512867, 0.0003624501631025734, 0.0, 0.0, 0.0], [0.0, 0.0, 0.0, 0.0019317450096587251, 0.0025756600128783, 0.0025756600128783, 0.0038634900193174502, 0.010946555054732776, 0.0103026400515132, 0.014810045074050225, 0.023824855119124275, 0.0360592401802962, 0.050225370251126854, 0.056664520283322604, 0.0824211204121056, 0.10946555054732775, 0.14552479072762395, 0.10367031551835158, 0.17128139085640695, 0.061171925305859624, 0.028976175144880875, 0.032839665164198326, 0.021249195106245976, 0.005795235028976175, 0.014810045074050225, 0.004507405022537025, 0.00128783000643915, 0.0025756600128783, 0.000643915003219575, 0.0, 0.0, 0.0, 0.0], [0.0002904443799012489, 0.0, 0.0, 0.0, 0.0005808887598024978, 0.0007261109497531223, 0.002904443799012489, 0.004937554458321232, 0.0069706651176299735, 0.013941330235259947, 0.027301771710717397, 0.04124310194597734, 0.054893987801336044, 0.07841998257333721, 0.1288120824862039, 0.1401394133023526, 0.14580307871042694, 0.08960209119953529, 0.12677897182689515, 0.04196921289573047, 0.02701132733081615, 0.030787104269532385, 0.013069997095556202, 0.006534998547778101, 0.010746442056346209, 0.00261399941911124, 0.00130699970955562, 0.0010165553296543712, 0.00014522218995062446, 0.0011617775196049957, 0.0002904443799012489, 0.0, 0.0], [0.0, 0.0, 0.0, 0.000653452406883032, 0.00043563493792202136, 0.00021781746896101068, 0.0021781746896101066, 0.000653452406883032, 0.003920714441298192, 0.00980178610324548, 0.016771945109997823, 0.021999564365062077, 0.03397952515791766, 0.04857329557830538, 0.0712263123502505, 0.1062949248529732, 0.11892833805271183, 0.09888913090829884, 0.16641254628621216, 0.07362230450882161, 0.05336527989544761, 0.06229579612284905, 0.028751905902853408, 0.015029405358309737, 0.03180135046830756, 0.01306904813766064, 0.00936615116532346, 0.004791984317142235, 0.0030494445654541493, 0.0023959921585711176, 0.0015247222827270747, 0.0, 0.0], [0.0, 0.0, 0.0, 0.00020255215718047398, 0.00020255215718047398, 0.0, 0.0008102086287218959, 0.0010127607859023698, 0.0026331780433461616, 0.009317399230301802, 0.015393963945716021, 0.028154749848085883, 0.04395381810816285, 0.06481669029775167, 0.09519951387482277, 0.11768280332185538, 0.1470528661130241, 0.10411180879076362, 0.16508000810208628, 0.06886773344136116, 0.041725744379177636, 0.04537168320842617, 0.016406724731618392, 0.007696981972858011, 0.010532712173384647, 0.0028357302005266355, 0.004051043143609479, 0.002228073728985214, 0.0032408345148875837, 0.0014178651002633178, 0.0, 0.0, 0.0], [0.0001322226629644321, 0.0001322226629644321, 0.0001322226629644321, 0.0001322226629644321, 0.0002644453259288642, 0.001190003966679889, 0.001322226629644321, 0.0030411212481819385, 0.004627793203755124, 0.008197805103794791, 0.021155626074309136, 0.03133677112257041, 0.05143461589316409, 0.06994578870818459, 0.09863810657146635, 0.1412138040460135, 0.17188946185376172, 0.11543038476794923, 0.12164484992727753, 0.06373132354885627, 0.03636123231521883, 0.029088985852175064, 0.013354488959407643, 0.00502446119264842, 0.00502446119264842, 0.0017188946185376173, 0.0009255586407510248, 0.002776675922253074, 0.0001322226629644321, 0.0, 0.0, 0.0, 0.0], [0.0, 0.0, 0.0, 0.0002105706464518846, 0.0002105706464518846, 0.0008422825858075384, 0.0010528532322594231, 0.002526847757422615, 0.004843124868393346, 0.007159401979364077, 0.016635081069698885, 0.024847336281322383, 0.042114129290376924, 0.057906927774268264, 0.09222994314592546, 0.1284480943356496, 0.1572962728995578, 0.11539271425563276, 0.1436091808801853, 0.06759317751105495, 0.04253527058328069, 0.04148241735102127, 0.01831964624131396, 0.006317119393556538, 0.016213939776795114, 0.004843124868393346, 0.0033691303432301536, 0.0014739945251631922, 0.0012634238787113076, 0.0006317119393556538, 0.0006317119393556538, 0.0, 0.0], [0.0, 0.0, 0.0, 0.0002588661661920787, 0.0, 0.0010354646647683149, 0.0020709293295366298, 0.0028475278281128655, 0.005695055656225731, 0.005695055656225731, 0.01190784364483562, 0.021227025627750452, 0.03132280610924152, 0.04607817758219001, 0.07714211752523945, 0.10768832513590473, 0.13901113124514625, 0.09914574165156614, 0.18301837949779964, 0.07688325135904737, 0.05125550090603158, 0.06161014755371473, 0.02562775045301579, 0.015531969971524721, 0.019414962464405904, 0.009319181982914834, 0.003106393994304944, 0.0012943308309603934, 0.0010354646647683149, 0.000776598498576236, 0.0, 0.0, 0.0], [0.0, 0.0, 0.00014257199885942402, 0.0, 0.00028514399771884804, 0.000427715996578272, 0.0005702879954376961, 0.0018534359851725122, 0.0018534359851725122, 0.005275163957798689, 0.010835471913316224, 0.024379811804961505, 0.04091816367265469, 0.0688622754491018, 0.09523809523809523, 0.1146278870829769, 0.14399771884801824, 0.10022811519817508, 0.16552609067579127, 0.05973766752209866, 0.04205873966353008, 0.0474764756201882, 0.023809523809523808, 0.0106928999144568, 0.021956087824351298, 0.006558311947533505, 0.00570287995437696, 0.003421727972626176, 0.00142571998859424, 0.0012831479897348161, 0.000855431993156544, 0.0, 0.0], [0.0, 0.0, 9.454476694714947e-05, 0.0, 9.454476694714947e-05, 9.454476694714947e-05, 0.00028363430084144843, 0.0009454476694714947, 0.0020799848728372886, 0.00548359648293467, 0.010589013898080741, 0.019948945825848538, 0.03365793703318521, 0.04717783870662759, 0.06845041126973622, 0.08263212631180863, 0.10447196747660017, 0.07752670889666256, 0.23031105228325613, 0.09709747565472251, 0.06362862815543159, 0.08319939491349154, 0.024865273707100313, 0.009265387160820648, 0.023636191736787368, 0.006523588919353313, 0.002930887775361634, 0.0017018058050486905, 0.0017018058050486905, 0.001607261038101541, 0.0, 0.0, 0.0], [0.0, 0.0, 0.0, 0.0, 0.0, 0.00011827321111768185, 0.0007096392667060911, 0.0005913660555884093, 0.0022471910112359553, 0.004849201655824956, 0.008042578356002365, 0.018214074512123004, 0.031105854523950326, 0.054050857480780604, 0.08314606741573034, 0.11933767001774098, 0.17161442933175636, 0.12489651094027203, 0.2031933767001774, 0.0696629213483146, 0.0371377882909521, 0.04553518628030751, 0.010999408633944411, 0.004021289178001182, 0.0059136605558840925, 0.0011827321111768185, 0.0011827321111768185, 0.001537551744529864, 0.0007096392667060911, 0.0, 0.0, 0.0, 0.0], [0.0, 0.00392156862745098, 0.0, 0.00392156862745098, 0.00392156862745098, 0.0196078431372549, 0.027450980392156862, 0.0196078431372549, 0.06666666666666667, 0.03529411764705882, 0.054901960784313725, 0.06666666666666667, 0.06666666666666667, 0.11372549019607843, 0.11372549019607843, 0.12549019607843137, 0.09019607843137255, 0.06666666666666667, 0.043137254901960784, 0.01568627450980392, 0.011764705882352941, 0.023529411764705882, 0.011764705882352941, 0.01568627450980392, 0.0, 0.0, 0.0, 0.0, 0.0, 0.0, 0.0, 0.0, 0.0]]}, "ranks": {"labels": ["Unranked", "Combatatent I", "Combatatent II", "Challenger I", "Challenger II", "Rival I", "Rival II", "Duelist", "Elite"], "data": [[0.1157556270096463, 0.14469453376205788, 0.20257234726688103, 0.21864951768488747, 0.15434083601286175, 0.08360128617363344, 0.04823151125401929, 0.01929260450160772, 0.012861736334405145], [0.05024711696869852, 0.07701812191103789, 0.13838550247116968, 0.22199341021416805, 0.23640856672158156, 0.18533772652388797, 0.04695222405271829, 0.03130148270181219, 0.012355848434925865], [0.009844703272323905, 0.019273433166943982, 0.04547975596228508, 0.10427066001109263, 0.2050748752079867, 0.32626178591236826, 0.10122018857459789, 0.13255684969495285, 0.056017748197448695], [0.019858156028368795, 0.03494519664732431, 0.08098001289490651, 0.15409413281753706, 0.2693745970341715, 0.24822695035460993, 0.09297227595099936, 0.08214055448098001, 0.017408123791102514], [0.14035087719298245, 0.12280701754385964, 0.17543859649122806, 0.18421052631578946, 0.09649122807017543, 0.14912280701754385, 0.05263157894736842, 0.07894736842105263, 0.0], [0.010435690060005217, 0.02778502478476389, 0.0851813201147926, 0.18575528306809289, 0.26950169579963473, 0.21210540046960605, 0.07735455256978868, 0.09196451865379598, 0.03991651447951996], [0.06340819022457067, 0.08586525759577279, 0.1535006605019815, 0.23249669749009247, 0.2071334214002642, 0.13421400264200792, 0.043064729194187586, 0.047291941875825624, 0.03302509907529723], [0.2633333333333333, 0.19, 0.19333333333333333, 0.14333333333333334, 0.1, 0.04, 0.03, 0.04, 0.0], [0.040792416657791035, 0.08009372670145916, 0.12674406220044734, 0.17925231654063264, 0.23697944403024818, 0.14911066141229098, 0.07146660986260518, 0.07625945255085739, 0.039301310043668124], [0.007751937984496124, 0.012919896640826873, 0.03322259136212625, 0.1037283130306386, 0.15909929863418235, 0.22702104097452935, 0.12661498708010335, 0.19748984865263935, 0.13215208564045774], [0.04120700843608047, 0.06489292667099286, 0.13205710577547047, 0.20408825438027256, 0.23166774821544453, 0.17975340687865024, 0.06229720960415315, 0.06132381570408826, 0.0227125243348475], [0.053850395147950744, 0.11266311339827238, 0.18709795993383568, 0.2655761808491086, 0.20308766770814188, 0.09832751332475648, 0.038779636096305824, 0.03179562580408013, 0.008821907737548245], [0.023722943722943722, 0.0587012987012987, 0.11601731601731602, 0.21835497835497836, 0.24831168831168832, 0.18857142857142858, 0.06632034632034632, 0.05783549783549784, 0.022164502164502164], [0.023170587539898334, 0.04846908618039957, 0.08523466130748315, 0.1640855893131576, 0.2474287740867715, 0.21893840879536589, 0.0917366118926587, 0.08783544154155337, 0.03310083934271191], [0.01053864168618267, 0.03114754098360656, 0.08805620608899298, 0.17494145199063232, 0.26533957845433254, 0.2189695550351288, 0.09016393442622951, 0.08992974238875878, 0.030913348946135833], [0.03251028806584362, 0.05102880658436214, 0.10493827160493827, 0.18477366255144034, 0.2382716049382716, 0.1699588477366255, 0.08353909465020576, 0.08888888888888889, 0.04609053497942387], [0.02743362831858407, 0.061946902654867256, 0.14668141592920353, 0.23119469026548672, 0.22942477876106196, 0.1579646017699115, 0.05553097345132743, 0.06283185840707965, 0.026991150442477876], [0.01940772963024929, 0.04667893592103062, 0.10724443700853271, 0.21917349841057387, 0.24343316044838548, 0.21448887401706543, 0.061903965199933075, 0.06324242931236407, 0.024426970051865483], [0.0990990990990991, 0.07207207207207207, 0.10810810810810811, 0.17117117117117117, 0.2072072072072072, 0.08108108108108109, 0.0990990990990991, 0.07207207207207207, 0.09009009009009009], [0.012625324916450055, 0.02760242604282708, 0.07760861492759005, 0.19358831538556753, 0.3002846886990964, 0.19457853694764204, 0.08652060898626067, 0.08354994430003714, 0.023641539794529026], [0.008013827781269642, 0.018227529855436832, 0.04604022627278441, 0.11769327467001886, 0.2412005028284098, 0.25204274041483343, 0.11942174732872407, 0.14094908862350722, 0.05641106222501571], [0.015748875080351405, 0.03149775016070281, 0.060745661024212555, 0.13027640882794086, 0.23119777158774374, 0.2599100064281123, 0.11602742661238483, 0.12020569959288623, 0.03439040068566531], [0.021996615905245348, 0.04230118443316413, 0.12859560067681894, 0.23011844331641285, 0.2876480541455161, 0.20135363790186125, 0.050761421319796954, 0.0338409475465313, 0.00338409475465313], [0.009418434528163863, 0.02468910021945867, 0.06044257498171178, 0.11786759326993416, 0.1816020482809071, 0.268562545720556, 0.12125091441111924, 0.17044623262618874, 0.0457205559619605], [0.011321491313683388, 0.03552605894983408, 0.10482139371462033, 0.21100917431192662, 0.31348819051337107, 0.2070076127269178, 0.06265859847745461, 0.044700370876439584, 0.009467109115752489], [0.01392483056069008, 0.03265557609365373, 0.07332101047443007, 0.1836105976586568, 0.28773875539125077, 0.21589648798521258, 0.08884781269254467, 0.08552064078866296, 0.018484288354898338], [0.007127272727272727, 0.024290909090909092, 0.072, 0.18618181818181817, 0.24712727272727272, 0.23854545454545453, 0.07927272727272727, 0.0989090909090909, 0.04654545454545454], [0.06379122870605292, 0.09206234142805364, 0.14244291409931134, 0.22544400144980065, 0.1960855382384922, 0.16998912649510692, 0.044581370061616526, 0.04675607104023197, 0.018847408481333816], [0.04700579523502898, 0.05988409529942048, 0.10688989053444946, 0.19188667095943335, 0.24919510624597555, 0.20540888602704443, 0.056020605280103025, 0.05988409529942048, 0.023824855119124275], [0.03035143769968051, 0.06854487365669475, 0.13331397037467324, 0.2689514957885565, 0.23540516990996224, 0.14928841126924194, 0.046471100784199824, 0.05039209991286669, 0.01728144060412431], [0.017861032454802875, 0.0387715094750599, 0.08255282073622304, 0.1775212372032237, 0.21781746896101067, 0.2060553256371161, 0.08734480505336528, 0.1060771073840122, 0.06599869309518623], [0.014178651002633179, 0.0435487137938019, 0.10877050840591453, 0.21288231719667813, 0.25116467490378774, 0.20457767875227872, 0.07109580717034636, 0.06947538991290257, 0.024306258861656875], [0.019172286129842654, 0.052492397196879544, 0.12138040460134868, 0.23985191061747985, 0.28731984662171095, 0.15747719159063864, 0.064260214200714, 0.047467936004231125, 0.010577813037154568], [0.01684565171615077, 0.04148241735102127, 0.10002105706464519, 0.22067803748157508, 0.2726889871551906, 0.18024847336281322, 0.07348915561170773, 0.06611918298589177, 0.028427037271004423], [0.01760289930106135, 0.033134869272586076, 0.07740098369143153, 0.18483044266114418, 0.2381568728967124, 0.22780222624902924, 0.08335490551384934, 0.10276986797825524, 0.034946932435930625], [0.010407755916737952, 0.03521528371827773, 0.10978043912175649, 0.20986598232107215, 0.24422583404619333, 0.19803250641573994, 0.06928999144568007, 0.0819788993441688, 0.041203307670373536], [0.00907629762692635, 0.03053795972392928, 0.0808357757398128, 0.15108253758154486, 0.18199867637326275, 0.28174340550250543, 0.10929375059090479, 0.11733005578141249, 0.03810154107970124], [0.008515671200473094, 0.02625665286812537, 0.08515671200473093, 0.2024837374334713, 0.2965109402720284, 0.2411590774689533, 0.06883500887049084, 0.060555884092253105, 0.010526315789473684], [0.1803921568627451, 0.12156862745098039, 0.1803921568627451, 0.23921568627450981, 0.1568627450980392, 0.047058823529411764, 0.023529411764705882, 0.050980392156862744, 0.0]]}, "ranksDetailed": {"labels": ["Unranked", "Combatatant", "Challenger", "Rival", "Duelist", "Elite"], "data": [[0.1157556270096463, 0.34726688102893893, 0.3729903536977492, 0.13183279742765272, 0.01929260450160772, 0.012861736334405145], [0.05024711696869852, 0.2154036243822076, 0.4584019769357496, 0.23228995057660626, 0.03130148270181219, 0.012355848434925865], [0.009844703272323905, 0.06475318912922906, 0.3093455352190793, 0.4274819744869662, 0.13255684969495285, 0.056017748197448695], [0.019858156028368795, 0.11592520954223082, 0.4234687298517086, 0.3411992263056093, 0.08214055448098001, 0.017408123791102514], [0.14035087719298245, 0.2982456140350877, 0.2807017543859649, 0.20175438596491227, 0.07894736842105263, 0.0], [0.010435690060005217, 0.11296634489955648, 0.45525697886772765, 0.28945995303939476, 0.09196451865379598, 0.03991651447951996], [0.06340819022457067, 0.2393659180977543, 0.4396301188903567, 0.1772787318361955, 0.047291941875825624, 0.03302509907529723], [0.2633333333333333, 0.38333333333333336, 0.24333333333333335, 0.07, 0.04, 0.0], [0.040792416657791035, 0.2068377889019065, 0.4162317605708808, 0.22057727127489615, 0.07625945255085739, 0.039301310043668124], [0.007751937984496124, 0.04614248800295312, 0.262827611664821, 0.3536360280546327, 0.19748984865263935, 0.13215208564045774], [0.04120700843608047, 0.19695003244646334, 0.43575600259571706, 0.24205061648280338, 0.06132381570408826, 0.0227125243348475], [0.053850395147950744, 0.29976107333210805, 0.4686638485572505, 0.1371071494210623, 0.03179562580408013, 0.008821907737548245], [0.023722943722943722, 0.17471861471861472, 0.4666666666666667, 0.2548917748917749, 0.05783549783549784, 0.022164502164502164], [0.023170587539898334, 0.13370374748788272, 0.4115143633999291, 0.3106750206880246, 0.08783544154155337, 0.03310083934271191], [0.01053864168618267, 0.11920374707259954, 0.44028103044496486, 0.3091334894613583, 0.08992974238875878, 0.030913348946135833], [0.03251028806584362, 0.15596707818930042, 0.42304526748971194, 0.25349794238683127, 0.08888888888888889, 0.04609053497942387], [0.02743362831858407, 0.2086283185840708, 0.46061946902654866, 0.21349557522123894, 0.06283185840707965, 0.026991150442477876], [0.01940772963024929, 0.15392337292956332, 0.46260665885895935, 0.2763928392169985, 0.06324242931236407, 0.024426970051865483], [0.0990990990990991, 0.18018018018018017, 0.3783783783783784, 0.18018018018018017, 0.07207207207207207, 0.09009009009009009], [0.012625324916450055, 0.10521104097041713, 0.49387300408466395, 0.2810991459339027, 0.08354994430003714, 0.023641539794529026], [0.008013827781269642, 0.06426775612822125, 0.35889377749842866, 0.3714644877435575, 0.14094908862350722, 0.05641106222501571], [0.015748875080351405, 0.09224341118491536, 0.3614741804156846, 0.3759374330404971, 0.12020569959288623, 0.03439040068566531], [0.021996615905245348, 0.17089678510998307, 0.5177664974619289, 0.2521150592216582, 0.0338409475465313, 0.00338409475465313], [0.009418434528163863, 0.08513167520117045, 0.29946964155084127, 0.3898134601316752, 0.17044623262618874, 0.0457205559619605], [0.011321491313683388, 0.14034745266445442, 0.5244973648252976, 0.26966621120437245, 0.044700370876439584, 0.009467109115752489], [0.01392483056069008, 0.1059765865680838, 0.4713493530499076, 0.30474430067775726, 0.08552064078866296, 0.018484288354898338], [0.007127272727272727, 0.0962909090909091, 0.4333090909090909, 0.31781818181818183, 0.0989090909090909, 0.04654545454545454], [0.06379122870605292, 0.23450525552736498, 0.4215295396882929, 0.21457049655672344, 0.04675607104023197, 0.018847408481333816], [0.04700579523502898, 0.16677398583386993, 0.44108177720540886, 0.26142949130714743, 0.05988409529942048, 0.023824855119124275], [0.03035143769968051, 0.201858844031368, 0.5043566656985188, 0.19575951205344178, 0.05039209991286669, 0.01728144060412431], [0.017861032454802875, 0.12132433021128294, 0.3953387061642344, 0.2934001306904814, 0.1060771073840122, 0.06599869309518623], [0.014178651002633179, 0.15231922219971641, 0.46404699210046585, 0.2756734859226251, 0.06947538991290257, 0.024306258861656875], [0.019172286129842654, 0.17387280179822823, 0.5271717572391909, 0.22173740579135265, 0.047467936004231125, 0.010577813037154568], [0.01684565171615077, 0.14150347441566646, 0.4933670246367656, 0.25373762897452096, 0.06611918298589177, 0.028427037271004423], [0.01760289930106135, 0.1105358529640176, 0.42298731555785657, 0.31115713176287857, 0.10276986797825524, 0.034946932435930625], [0.010407755916737952, 0.14499572284003423, 0.4540918163672655, 0.26732249786142004, 0.0819788993441688, 0.041203307670373536], [0.00907629762692635, 0.11137373546374209, 0.3330812139548076, 0.3910371560934102, 0.11733005578141249, 0.03810154107970124], [0.008515671200473094, 0.1114133648728563, 0.4989946777054997, 0.30999408633944414, 0.060555884092253105, 0.010526315789473684], [0.1803921568627451, 0.30196078431372547, 0.396078431372549, 0.07058823529411765, 0.050980392156862744, 0.0]]}}}, "eu": {"histType": {"histogram": {"labels": ["0", "100", "200", "300", "400", "500", "600", "700", "800", "900", "1000", "1100", "1200", "1300", "1400", "1500", "1600", "1700", "1800", "1900", "2000", "2100", "2200", "2300", "2400", "2500", "2600", "2700", "2800", "2900", "3000", "3100", "3200"], "data": [[0.0, 0.0, 0.004098360655737705, 0.0, 0.0, 0.00819672131147541, 0.01639344262295082, 0.01639344262295082, 0.040983606557377046, 0.045081967213114756, 0.06557377049180328, 0.06557377049180328, 0.06147540983606557, 0.11885245901639344, 0.14344262295081966, 0.11065573770491803, 0.0942622950819672, 0.0778688524590164, 0.040983606557377046, 0.028688524590163935, 0.012295081967213115, 0.020491803278688523, 0.004098360655737705, 0.004098360655737705, 0.01639344262295082, 0.004098360655737705, 0.0, 0.0, 0.0, 0.0, 0.0, 0.0, 0.0], [0.0, 0.0, 0.00044365572315882877, 0.0013309671694764862, 0.0008873114463176575, 0.003105590062111801, 0.0048802129547471165, 0.00709849157054126, 0.01730257320319432, 0.022182786157941437, 0.03194321206743567, 0.048802129547471165, 0.06388642413487133, 0.07630878438331855, 0.12067435669920142, 0.1126885536823425, 0.1512866015971606, 0.08606921029281278, 0.145075421472937, 0.04259094942324756, 0.02085181898846495, 0.021739130434782608, 0.005767524401064774, 0.0044365572315882874, 0.006654835847382431, 0.0013309671694764862, 0.0008873114463176575, 0.001774622892635315, 0.0, 0.0, 0.0, 0.0, 0.0], [0.0, 0.0, 0.0, 0.00014396775122372588, 0.00014396775122372588, 0.00014396775122372588, 0.00014396775122372588, 0.001295709761013533, 0.002591419522027066, 0.003887129283040599, 0.008638065073423552, 0.014108839619925137, 0.019291678663979267, 0.02519435646415203, 0.04319032536711777, 0.05931471350417507, 0.11603800748632306, 0.1023610711200691, 0.26562050100777423, 0.08940397350993377, 0.06478548805067665, 0.08436510221710337, 0.03008926000575871, 0.01468471062482004, 0.030521163259429888, 0.010653613590555715, 0.005470774546501584, 0.0028793550244745176, 0.0017276130146847107, 0.0017276130146847107, 0.0015836452634609846, 0.0, 0.0], [0.0, 0.0, 0.0, 0.00012275963663147557, 0.00012275963663147557, 0.00024551927326295114, 0.000859317456420329, 0.002577952369260987, 0.0033145101890498406, 0.007979376381045912, 0.0160815123987233, 0.024183648416400687, 0.03179474588755217, 0.0422293150012276, 0.06813159833046895, 0.08826417873803094, 0.14559292904493001, 0.11993616498895163, 0.20930518045666585, 0.08494966854898109, 0.054505278664375156, 0.059661183402897125, 0.015467714215565921, 0.006997299287994108, 0.010680088386938374, 0.003437269825681316, 0.00110483672968328, 0.0003682789098944267, 0.00110483672968328, 0.000859317456420329, 0.00012275963663147557, 0.0, 0.0], [0.0, 0.0, 0.0, 0.0, 0.0, 0.018018018018018018, 0.02702702702702703, 0.04504504504504504, 0.04504504504504504, 0.02702702702702703, 0.07207207207207207, 0.09009009009009009, 0.036036036036036036, 0.02702702702702703, 0.08108108108108109, 0.14414414414414414, 0.06306306306306306, 0.0990990990990991, 0.06306306306306306, 0.05405405405405406, 0.04504504504504504, 0.0, 0.018018018018018018, 0.009009009009009009, 0.02702702702702703, 0.009009009009009009, 0.0, 0.0, 0.0, 0.0, 0.0, 0.0, 0.0], [0.0, 0.00013147515119642388, 0.00013147515119642388, 0.00026295030239284776, 0.0003944254535892716, 0.00013147515119642388, 0.00026295030239284776, 0.0015777018143570865, 0.0030239284775177492, 0.005653431501446227, 0.011306863002892454, 0.018406521167499343, 0.028004207204838285, 0.048908756245069684, 0.08