{"region": {"us": {"histType": {"histogram": {"labels": ["0", "100", "200", "300", "400", "500", "600", "700", "800", "900", "1000", "1100", "1200", "1300", "1400", "1500", "1600", "1700", "1800", "1900", "2000", "2100", "2200", "2300", "2400", "2500", "2600", "2700", "2800", "2900", "3000", "3100"], "data": [[0.0, 0.0, 0.0, 0.006993006993006993, 0.006993006993006993, 0.006993006993006993, 0.02097902097902098, 0.013986013986013986, 0.06993006993006994, 0.055944055944055944, 0.06293706293706294, 0.1048951048951049, 0.07692307692307693, 0.16783216783216784, 0.11188811188811189, 0.08391608391608392, 0.07692307692307693, 0.03496503496503497, 0.027972027972027972, 0.04895104895104895, 0.02097902097902098, 0.0, 0.0, 0.0, 0.0, 0.0, 0.0, 0.0, 0.0, 0.0, 0.0, 0.0], [0.0, 0.0014749262536873156, 0.0, 0.0007374631268436578, 0.0014749262536873156, 0.0014749262536873156, 0.004424778761061947, 0.014011799410029498, 0.017699115044247787, 0.032448377581120944, 0.05530973451327434, 0.061946902654867256, 0.09513274336283185, 0.0943952802359882, 0.14528023598820058, 0.12831858407079647, 0.1364306784660767, 0.06932153392330384, 0.07743362831858407, 0.02064896755162242, 0.011799410029498525, 0.01696165191740413, 0.004424778761061947, 0.0014749262536873156, 0.0022123893805309734, 0.005162241887905605, 0.0, 0.0, 0.0, 0.0, 0.0, 0.0], [0.0002232142857142857, 0.0, 0.0002232142857142857, 0.0002232142857142857, 0.0004464285714285714, 0.0004464285714285714, 0.0004464285714285714, 0.0015625, 0.006919642857142857, 0.009151785714285715, 0.015178571428571428, 0.022544642857142857, 0.040401785714285716, 0.04933035714285714, 0.07589285714285714, 0.10290178571428571, 0.14888392857142857, 0.10959821428571428, 0.18839285714285714, 0.06450892857142858, 0.04241071428571429, 0.055357142857142855, 0.024107142857142858, 0.0125, 0.01830357142857143, 0.005803571428571429, 0.004241071428571428, 0.0, 0.0, 0.0, 0.0, 0.0], [0.0, 0.000196078431372549, 0.0, 0.0, 0.000196078431372549, 0.000784313725490196, 0.002352941176470588, 0.00392156862745098, 0.01019607843137255, 0.02196078431372549, 0.031568627450980394, 0.03509803921568627, 0.06352941176470588, 0.08254901960784314, 0.11627450980392157, 0.13333333333333333, 0.17098039215686275, 0.10235294117647059, 0.11647058823529412, 0.04274509803921569, 0.02607843137254902, 0.02176470588235294, 0.007647058823529412, 0.00411764705882353, 0.004313725490196078, 0.000784313725490196, 0.000784313725490196, 0.0, 0.0, 0.0, 0.0, 0.0], [0.0, 0.0, 0.0, 0.0, 0.0, 0.0, 0.0, 0.07692307692307693, 0.057692307692307696, 0.11538461538461539, 0.038461538461538464, 0.09615384615384616, 0.11538461538461539, 0.11538461538461539, 0.0, 0.038461538461538464, 0.057692307692307696, 0.057692307692307696, 0.057692307692307696, 0.09615384615384616, 0.019230769230769232, 0.038461538461538464, 0.0, 0.019230769230769232, 0.0, 0.0, 0.0, 0.0, 0.0, 0.0, 0.0, 0.0], [0.0, 0.0, 0.0, 0.0, 0.0, 0.0, 0.0003439972480220158, 0.0029239766081871343, 0.0032679738562091504, 0.010147918816649467, 0.017027863777089782, 0.02803577571379429, 0.05503955968352253, 0.08393532851737186, 0.11420708634330926, 0.130546955624355, 0.1582387340901273, 0.1002751977984176, 0.1195390436876505, 0.05417956656346749, 0.03371173030615755, 0.04437564499484004, 0.015995872033023734, 0.006019951840385277, 0.012039903680770554, 0.006019951840385277, 0.003611971104231166, 0.0005159958720330237, 0.0, 0.0, 0.0, 0.0], [0.0, 0.0, 0.0009250693802035153, 0.0013876040703052729, 0.0013876040703052729, 0.0013876040703052729, 0.0037002775208140612, 0.011100832562442183, 0.02312673450508788, 0.034227567067530065, 0.05365402405180388, 0.06521739130434782, 0.08834412580943571, 0.11933395004625347, 0.1322849213691027, 0.12210915818686402, 0.11563367252543941, 0.06429232192414432, 0.05874190564292322, 0.030527289546716005, 0.018038852913968548, 0.01942645698427382, 0.008325624421831638, 0.0074005550416281225, 0.010638297872340425, 0.005087881591119334, 0.0037002775208140612, 0.0, 0.0, 0.0, 0.0, 0.0], [0.0, 0.0, 0.007575757575757576, 0.015151515151515152, 0.007575757575757576, 0.007575757575757576, 0.03787878787878788, 0.06060606060606061, 0.09848484848484848, 0.12121212121212122, 0.09090909090909091, 0.12878787878787878, 0.13636363636363635, 0.09848484848484848, 0.030303030303030304, 0.03787878787878788, 0.05303030303030303, 0.022727272727272728, 0.0, 0.045454545454545456, 0.0, 0.0, 0.0, 0.0, 0.0, 0.0, 0.0, 0.0, 0.0, 0.0, 0.0, 0.0], [0.00035285815102328866, 0.00035285815102328866, 0.0008821453775582216, 0.0007057163020465773, 0.0012350035285815103, 0.0029992942836979536, 0.004410726887791108, 0.009880028228652082, 0.0187014820042343, 0.04446012702893437, 0.06863091037402964, 0.0995059985885674, 0.1134438955539873, 0.11697247706422019, 0.13761467889908258, 0.110621030345801, 0.08997882851093861, 0.05063514467184192, 0.05063514467184192, 0.027522935779816515, 0.016584333098094567, 0.015349329569513057, 0.010232886379675371, 0.0033521524347212422, 0.004234297812279464, 0.000529287226534933, 0.00017642907551164433, 0.0, 0.0, 0.0, 0.0, 0.0], [0.0, 0.0, 0.0004640371229698376, 0.0, 0.0018561484918793504, 0.0018561484918793504, 0.0037122969837587007, 0.005104408352668214, 0.014385150812064965, 0.02691415313225058, 0.03480278422273782, 0.04640371229698376, 0.07378190255220418, 0.09419953596287703, 0.12157772621809745, 0.13364269141531324, 0.16473317865429235, 0.08074245939675175, 0.10255220417633411, 0.03619489559164733, 0.01716937354988399, 0.019953596287703015, 0.007424593967517401, 0.0069605568445475635, 0.005104408352668214, 0.0004640371229698376, 0.0, 0.0, 0.0, 0.0, 0.0, 0.0], [0.0, 0.0, 0.0007784120394395433, 0.0007784120394395433, 0.0012973533990659055, 0.0031136481577581734, 0.00700570835495589, 0.011157239231966787, 0.016865594187856773, 0.03866113129216399, 0.07161390762843799, 0.07861961598339387, 0.10612350804359108, 0.10975609756097561, 0.14270887389724962, 0.12558380902957966, 0.10041515308770109, 0.05734302023871302, 0.056824078879086665, 0.027244421380384017, 0.014530358069538143, 0.015308770108977686, 0.005967825635703166, 0.0036325895173845357, 0.0033731188375713543, 0.0012973533990659055, 0.0, 0.0, 0.0, 0.0, 0.0, 0.0], [0.0, 0.0, 0.0, 0.0, 0.0002479543763947434, 0.001239771881973717, 0.002479543763947434, 0.005950905033473841, 0.010662038184973965, 0.016364988842053063, 0.03471361269526407, 0.04909496652615919, 0.06818745350855443, 0.08157698983387057, 0.13538308951152989, 0.1257128688321349, 0.15298785023555667, 0.09347879990081825, 0.11157946937763452, 0.04190428961071163, 0.023059757004711134, 0.02355566575750062, 0.008430448797421275, 0.004959087527894868, 0.005702950657079098, 0.002727498140342177, 0.0, 0.0, 0.0, 0.0, 0.0, 0.0], [0.0002188183807439825, 0.0, 0.0, 0.000437636761487965, 0.000437636761487965, 0.0010940919037199124, 0.00262582056892779, 0.0056892778993435445, 0.01225382932166302, 0.030634573304157548, 0.053610503282275714, 0.06061269146608315, 0.0787746170678337, 0.09934354485776806, 0.13698030634573305, 0.1413566739606127, 0.14398249452954048, 0.07943107221006565, 0.07571115973741795, 0.02910284463894967, 0.0175054704595186, 0.014660831509846827, 0.005470459518599562, 0.00350109409190372, 0.0032822757111597373, 0.0019693654266958426, 0.001312910284463895, 0.0, 0.0, 0.0, 0.0, 0.0], [0.0, 0.0, 0.0, 0.0, 0.0, 0.0007267441860465116, 0.0, 0.0007267441860465116, 0.003633720930232558, 0.007994186046511628, 0.014898255813953489, 0.02434593023255814, 0.04796511627906977, 0.0715843023255814, 0.10247093023255814, 0.13263081395348839, 0.1776889534883721, 0.11882267441860465, 0.13299418604651161, 0.0592296511627907, 0.03488372093023256, 0.0345203488372093, 0.014534883720930232, 0.008357558139534883, 0.006540697674418605, 0.003633720930232558, 0.001816860465116279, 0.0, 0.0, 0.0, 0.0, 0.0], [0.0, 0.0, 0.0, 0.0, 0.0009541984732824427, 0.0019083969465648854, 0.0019083969465648854, 0.003816793893129771, 0.009541984732824428, 0.02480916030534351, 0.033396946564885496, 0.06202290076335878, 0.06202290076335878, 0.09255725190839695, 0.09923664122137404, 0.13454198473282442, 0.1450381679389313, 0.09064885496183206, 0.09541984732824428, 0.033396946564885496, 0.03244274809160305, 0.029580152671755726, 0.013358778625954198, 0.006679389312977099, 0.013358778625954198, 0.003816793893129771, 0.009541984732824428, 0.0, 0.0, 0.0, 0.0, 0.0], [0.00032331070158422246, 0.0, 0.0006466214031684449, 0.00032331070158422246, 0.0006466214031684449, 0.0016165535079211122, 0.003556417717426447, 0.004203039120594891, 0.010345942450695119, 0.016165535079211122, 0.03330100226317491, 0.04655674102812803, 0.08341416100872939, 0.09246686065308762, 0.13029421273844163, 0.14193339799547364, 0.1412867765923052, 0.08147429679922405, 0.09634658907209828, 0.03976721629485936, 0.02295505981247979, 0.027158098933074686, 0.010345942450695119, 0.0045263498221791145, 0.005172971225347559, 0.0032331070158422245, 0.0016165535079211122, 0.00032331070158422246, 0.0, 0.0, 0.0, 0.0], [0.0, 0.0, 0.0, 0.0008663008951775916, 0.0008663008951775916, 0.00028876696505919725, 0.0028876696505919725, 0.006064106266243142, 0.008951775916835113, 0.020791221484262202, 0.035807103667340454, 0.04966791799018192, 0.07045913947444413, 0.08865145827317356, 0.1253248628356916, 0.1362980075079411, 0.14929252093560497, 0.09298296274906151, 0.10886514582731735, 0.030609298296274907, 0.01761478486861103, 0.024545192030031766, 0.010106843777071902, 0.0051978053710655505, 0.008663008951775917, 0.0020213687554143807, 0.0031764366156511693, 0.0, 0.0, 0.0, 0.0, 0.0], [0.0, 0.0, 0.0, 0.0, 0.0, 0.0, 0.0, 0.0, 0.025, 0.1, 0.075, 0.05, 0.05, 0.075, 0.075, 0.15, 0.125, 0.075, 0.075, 0.05, 0.05, 0.025, 0.0, 0.0, 0.0, 0.0, 0.0, 0.0, 0.0, 0.0, 0.0, 0.0], [0.0001668613382279326, 0.0001668613382279326, 0.0001668613382279326, 0.0001668613382279326, 0.0001668613382279326, 0.0003337226764558652, 0.0005005840146837978, 0.0015017520440513933, 0.004338394793926247, 0.009177373602536293, 0.019856499249123978, 0.024862339395961955, 0.05256132154179877, 0.07775738361421658, 0.12097447021525112, 0.1391623560820958, 0.15751710328716836, 0.10879359252461204, 0.10512264308359753, 0.06190555648256299, 0.038544969130652425, 0.04305022526280661, 0.017186717837477057, 0.007508760220256966, 0.006173869514433506, 0.0023360587351910563, 0.0, 0.0, 0.0, 0.0, 0.0, 0.0], [0.0, 0.0, 0.0, 0.00028653295128939826, 0.0, 0.00028653295128939826, 0.0025787965616045844, 0.001146131805157593, 0.0037249283667621777, 0.004297994269340974, 0.016045845272206302, 0.022349570200573064, 0.034097421203438394, 0.04899713467048711, 0.08166189111747851, 0.10974212034383954, 0.15530085959885387, 0.12492836676217765, 0.1510028653295129, 0.07593123209169055, 0.04527220630372493, 0.054441260744985676, 0.020916905444126076, 0.01174785100286533, 0.020916905444126076, 0.008882521489971347, 0.004871060171919771, 0.0005730659025787965, 0.0, 0.0, 0.0, 0.0], [0.00015607928827844546, 0.00015607928827844546, 0.0, 0.0003121585765568909, 0.00046823786483533636, 0.0012486343062275637, 0.001404713594506009, 0.003745902918682691, 0.006711409395973154, 0.012486343062275636, 0.024504448259715934, 0.03308880911503043, 0.043702200717964726, 0.06648977680661776, 0.10660215389417824, 0.12252224129857968, 0.14811924457624473, 0.10550959887622913, 0.13734977368503198, 0.0632121117527704, 0.0377711877633838, 0.04245356641173716, 0.017168721710628998, 0.008428281567036055, 0.01233026377399719, 0.003745902918682691, 0.0003121585765568909, 0.0, 0.0, 0.0, 0.0, 0.0], [0.0, 0.0, 0.0, 0.0, 0.0, 0.0026455026455026454, 0.0, 0.005291005291005291, 0.007936507936507936, 0.007936507936507936, 0.013227513227513227, 0.03968253968253968, 0.0582010582010582, 0.12169312169312169, 0.14814814814814814, 0.15079365079365079, 0.1746031746031746, 0.13227513227513227, 0.0873015873015873, 0.037037037037037035, 0.013227513227513227, 0.0, 0.0, 0.0, 0.0, 0.0, 0.0, 0.0, 0.0, 0.0, 0.0, 0.0], [0.0, 0.0, 0.0, 0.00012251899044351874, 0.0, 0.0002450379808870375, 0.0002450379808870375, 0.0011026709139916686, 0.0035530507228620435, 0.008821367311933349, 0.014947316834109287, 0.025974025974025976, 0.044719431511884344, 0.05758392550845381, 0.0928693947561872, 0.12337662337662338, 0.1790002450379809, 0.11431021808380298, 0.16307277628032346, 0.06236216613575104, 0.035898064199950994, 0.04104386179857878, 0.013232050967900024, 0.005513354569958343, 0.008208772359715757, 0.0026954177897574125, 0.0011026709139916686, 0.0, 0.0, 0.0, 0.0, 0.0], [0.00010792143319663285, 0.00010792143319663285, 0.0002158428663932657, 0.00010792143319663285, 0.00075545003237643, 0.0008633714655730628, 0.0004316857327865314, 0.0017267429311461256, 0.0018346643643427584, 0.009389164688107058, 0.013490179149579106, 0.03410317289013598, 0.06356572415281675, 0.09378372544787394, 0.14040578458881933, 0.17591193611051154, 0.18120008633714657, 0.10187783293762141, 0.10004316857327865, 0.040254694582344056, 0.018994172242607382, 0.013058493416792575, 0.004208935894668682, 0.0017267429311461256, 0.001402978631556227, 0.0004316857327865314, 0.0, 0.0, 0.0, 0.0, 0.0, 0.0], [0.0, 0.00022825838849577722, 0.00022825838849577722, 0.00022825838849577722, 0.00045651677699155445, 0.0011412919424788862, 0.0015978087194704405, 0.00410865099292399, 0.00821730198584798, 0.015065053640721297, 0.026021456288518603, 0.04268431864871034, 0.0700753252682036, 0.08194476146998403, 0.1250855968956859, 0.14197671764437342, 0.1561287377311116, 0.10089020771513353, 0.09746633188769688, 0.051358137411549876, 0.027619265007989044, 0.025793197900022827, 0.011412919424788861, 0.005934718100890208, 0.0036521342159324356, 0.0006847751654873316, 0.0, 0.0, 0.0, 0.0, 0.0, 0.0], [0.0, 0.0, 0.0, 0.0, 0.00040306328093510683, 0.0, 0.0008061265618702137, 0.0012091898428053204, 0.003022974607013301, 0.004433696090286175, 0.015719467956469165, 0.023982265215638857, 0.04312777106005643, 0.06731156791616284, 0.10257960499798469, 0.1354292623941959, 0.15779927448609432, 0.09411527609834744, 0.15255945183393793, 0.05763804917372027, 0.037081821846029824, 0.0471584038694075, 0.01894397420395002, 0.01128577186618299, 0.01592099959693672, 0.005038291011688835, 0.004232164449818622, 0.00020153164046755341, 0.0, 0.0, 0.0, 0.0], [0.0, 0.0007352941176470588, 0.0007352941176470588, 0.0007352941176470588, 0.0014705882352941176, 0.005147058823529412, 0.0058823529411764705, 0.014705882352941176, 0.027941176470588237, 0.05, 0.05661764705882353, 0.0838235294117647, 0.09264705882352942, 0.11838235294117647, 0.13897058823529412, 0.1161764705882353, 0.10147058823529412, 0.05073529411764706, 0.07426470588235294, 0.022058823529411766, 0.0125, 0.01838235294117647, 0.0029411764705882353, 0.0007352941176470588, 0.0029411764705882353, 0.0, 0.0, 0.0, 0.0, 0.0, 0.0, 0.0], [0.0, 0.0, 0.0, 0.0, 0.0, 0.002173913043478261, 0.004347826086956522, 0.02608695652173913, 0.043478260869565216, 0.043478260869565216, 0.08260869565217391, 0.08478260869565217, 0.08478260869565217, 0.08043478260869565, 0.1108695652173913, 0.10652173913043478, 0.1282608695652174, 0.06956521739130435, 0.05434782608695652, 0.0391304347826087, 0.017391304347826087, 0.008695652173913044, 0.002173913043478261, 0.004347826086956522, 0.006521739130434782, 0.0, 0.0, 0.0, 0.0, 0.0, 0.0, 0.0], [0.0004362050163576881, 0.0, 0.0, 0.00021810250817884405, 0.0006543075245365322, 0.0013086150490730644, 0.003707742639040349, 0.008724100327153763, 0.01395856052344602, 0.026172300981461286, 0.04558342420937841, 0.064340239912759, 0.0935659760087241, 0.10577971646673937, 0.1450381679389313, 0.13893129770992366, 0.12453653217011995, 0.07306434023991276, 0.07350054525627045, 0.026608505997818974, 0.01657579062159215, 0.019193020719738278, 0.008287895310796075, 0.004580152671755725, 0.003489640130861505, 0.0006543075245365322, 0.0010905125408942203, 0.0, 0.0, 0.0, 0.0, 0.0], [0.0, 0.0, 0.0, 0.0008680555555555555, 0.0008680555555555555, 0.0, 0.0026041666666666665, 0.0013020833333333333, 0.004774305555555556, 0.016927083333333332, 0.026041666666666668, 0.03819444444444445, 0.05078125, 0.0759548611111111, 0.10850694444444445, 0.1271701388888889, 0.1501736111111111, 0.0920138888888889, 0.11805555555555555, 0.05381944444444445, 0.03428819444444445, 0.037760416666666664, 0.018229166666666668, 0.012152777777777778, 0.020833333333333332, 0.007378472222222222, 0.0008680555555555555, 0.00043402777777777775, 0.0, 0.0, 0.0, 0.0], [0.0, 0.0, 0.0, 0.0, 0.0, 0.00030553009471432935, 0.0009165902841429881, 0.0021387106630003055, 0.004277421326000611, 0.013443324167430493, 0.01863733577757409, 0.035747021081576534, 0.06049495875343722, 0.09227008860372747, 0.12037885731744577, 0.14604338527344943, 0.1622364802933089, 0.08493736633058356, 0.1197677971280171, 0.050106935533150015, 0.031164069660861594, 0.029025358997861288, 0.010999083409715857, 0.007332722273143905, 0.006416131989000917, 0.0030553009471432934, 0.00030553009471432935, 0.0, 0.0, 0.0, 0.0, 0.0], [0.00017889087656529517, 0.00017889087656529517, 0.00017889087656529517, 0.00035778175313059033, 0.00035778175313059033, 0.0017889087656529517, 0.0025044722719141325, 0.003935599284436494, 0.007871198568872988, 0.01520572450805009, 0.036493738819320214, 0.054740608228980324, 0.08425760286225402, 0.10661896243291592, 0.137567084078712, 0.1366726296958855, 0.14525939177101968, 0.09141323792486583, 0.08067978533094812, 0.038461538461538464, 0.02039355992844365, 0.01967799642218247, 0.008944543828264758, 0.003041144901610018, 0.003041144901610018, 0.00017889087656529517, 0.0, 0.0, 0.0, 0.0, 0.0, 0.0], [0.0, 0.0, 0.0, 0.0, 0.0013111888111888112, 0.00043706293706293706, 0.0, 0.004370629370629371, 0.005244755244755245, 0.009615384615384616, 0.025786713286713288, 0.04326923076923077, 0.07342657342657342, 0.09702797202797203, 0.12893356643356643, 0.16215034965034966, 0.14117132867132867, 0.09396853146853147, 0.08391608391608392, 0.04108391608391608, 0.031031468531468532, 0.022727272727272728, 0.015297202797202798, 0.006118881118881119, 0.008304195804195804, 0.004370629370629371, 0.00043706293706293706, 0.0, 0.0, 0.0, 0.0, 0.0], [0.0, 0.0, 0.0, 0.0, 0.0, 0.0006777363605557439, 0.0010166045408336157, 0.0023720772619451034, 0.004066418163334463, 0.006438495425279567, 0.012199254490003388, 0.02338190443917316, 0.035920027109454425, 0.056252117926126735, 0.09691629955947137, 0.12199254490003389, 0.15384615384615385, 0.10708234496780752, 0.1423246357167062, 0.07014571331751948, 0.04337512707556761, 0.06065740426973907, 0.02338190443917316, 0.017282277194171466, 0.013893595391392748, 0.006099627245001694, 0.0006777363605557439, 0.0, 0.0, 0.0, 0.0, 0.0], [0.0, 0.0, 0.00019704433497536947, 0.0, 0.00019704433497536947, 0.00019704433497536947, 0.0011822660098522167, 0.002167487684729064, 0.003940886699507389, 0.009852216748768473, 0.01733990147783251, 0.03960591133004926, 0.06699507389162561, 0.10719211822660099, 0.13793103448275862, 0.12512315270935961, 0.1412807881773399, 0.08807881773399015, 0.10896551724137932, 0.04807881773399015, 0.02916256157635468, 0.03192118226600985, 0.01793103448275862, 0.006502463054187192, 0.01083743842364532, 0.0031527093596059115, 0.002167487684729064, 0.0, 0.0, 0.0, 0.0, 0.0], [0.0, 0.0, 0.00013515339910798757, 0.0, 0.0, 0.00013515339910798757, 0.0004054601973239627, 0.0016218407892958507, 0.0033788349776996893, 0.009055277740235167, 0.018380862278686308, 0.03324773618056494, 0.06325179078253818, 0.09095823759967563, 0.13515339910798757, 0.1596161643465333, 0.16110285173672118, 0.097715907555075, 0.11988106500878497, 0.03932963914042438, 0.0228409244492499, 0.024868225435869713, 0.00783889714826328, 0.004189755372347614, 0.004730368968779565, 0.0012163805919718882, 0.000946073793755913, 0.0, 0.0, 0.0, 0.0, 0.0], [0.0, 0.0, 0.0, 0.0, 0.0, 0.00031446540880503143, 0.0006289308176100629, 0.00110062893081761, 0.0031446540880503146, 0.008490566037735849, 0.012264150943396227, 0.027830188679245284, 0.05015723270440252, 0.0830188679245283, 0.13160377358490566, 0.1660377358490566, 0.18034591194968552, 0.10849056603773585, 0.13050314465408805, 0.03537735849056604, 0.02091194968553459, 0.025943396226415096, 0.005817610062893081, 0.00220125786163522, 0.0036163522012578617, 0.0018867924528301887, 0.00031446540880503143, 0.0, 0.0, 0.0, 0.0, 0.0], [0.0, 0.00847457627118644, 0.0, 0.00847457627118644, 0.00847457627118644, 0.025423728813559324, 0.059322033898305086, 0.025423728813559324, 0.11016949152542373, 0.1016949152542373, 0.0423728813559322, 0.059322033898305086, 0.0847457627118644, 0.11016949152542373, 0.059322033898305086, 0.0847457627118644, 0.059322033898305086, 0.05084745762711865, 0.0423728813559322, 0.01694915254237288, 0.0, 0.025423728813559324, 0.0, 0.01694915254237288, 0.0, 0.0, 0.0, 0.0, 0.0, 0.0, 0.0, 0.0]]}, "ranks": {"labels": ["Unranked", "Combatatent I", "Combatatent II", "Challenger I", "Challenger II", "Rival I", "Rival II", "Duelist", "Elite"], "data": [[0.18181818181818182, 0.16783216783216784, 0.24475524475524477, 0.1958041958041958, 0.11188811188811189, 0.06993006993006994, 0.027972027972027972, 0.0, 0.0], [0.07374631268436578, 0.1172566371681416, 0.18952802359882007, 0.27359882005899705, 0.20575221238938052, 0.08997050147492626, 0.01991150442477876, 0.022861356932153392, 0.007374631268436578], [0.019642857142857142, 0.037723214285714284, 0.08973214285714286, 0.17879464285714286, 0.2584821428571429, 0.22410714285714287, 0.07120535714285714, 0.09196428571428572, 0.028348214285714286], [0.0396078431372549, 0.06666666666666667, 0.14607843137254903, 0.2496078431372549, 0.2733333333333333, 0.13980392156862745, 0.04549019607843137, 0.033529411764705884, 0.0058823529411764705], [0.25, 0.1346153846153846, 0.23076923076923078, 0.038461538461538464, 0.11538461538461539, 0.1346153846153846, 0.038461538461538464, 0.057692307692307696, 0.0], [0.016683866529067767, 0.04506363949088407, 0.1389748882008944, 0.24475404196766426, 0.2585139318885449, 0.14688682490540075, 0.06054351565187478, 0.06639146886824905, 0.02218782249742002], [0.07724329324699353, 0.11887141535615171, 0.20767807585568918, 0.2543940795559667, 0.1799259944495837, 0.07724329324699353, 0.030064754856614247, 0.03515263644773358, 0.01942645698427382], [0.3560606060606061, 0.2196969696969697, 0.23484848484848486, 0.06818181818181818, 0.07575757575757576, 0.03787878787878788, 0.007575757575757576, 0.0, 0.0], [0.0839802399435427, 0.16813690896259703, 0.2304163726182075, 0.24823570924488356, 0.14061397318278052, 0.0668666196189132, 0.027875793930839804, 0.02893436838390967, 0.004940014114326041], [0.054292343387471, 0.08120649651972157, 0.1679814385150812, 0.2552204176334107, 0.24547563805104408, 0.12436194895591647, 0.03155452436194896, 0.03433874709976798, 0.005568445475638051], [0.0796574987026466, 0.15023352361183187, 0.21587960560456668, 0.2682926829268293, 0.15775817332641412, 0.07135443694862481, 0.027244421380384017, 0.024909185262065387, 0.00467047223663726], [0.036945202082816764, 0.08380857922142326, 0.149764443342425, 0.2610959583436648, 0.24646665013637492, 0.13364740887676668, 0.042896107116290605, 0.036945202082816764, 0.008430448797421275], [0.053391684901531726, 0.11422319474835886, 0.17811816192560176, 0.27833698030634574, 0.22341356673960613, 0.09146608315098469, 0.030853391684901532, 0.02363238512035011, 0.006564551422319475], [0.01308139534883721, 0.03924418604651163, 0.11954941860465117, 0.2351017441860465, 0.29651162790697677, 0.16824127906976744, 0.05886627906976744, 0.057412790697674417, 0.011991279069767442], [0.042938931297709926, 0.09541984732824428, 0.15458015267175573, 0.23377862595419846, 0.23568702290076335, 0.11259541984732824, 0.04866412213740458, 0.04961832061068702, 0.026717557251908396], [0.037827352085354024, 0.07985774329130295, 0.17588102166181702, 0.27222761073391527, 0.22276107339152926, 0.11994827028774653, 0.03912059489169092, 0.04203039120594892, 0.010345942450695119], [0.04071614207334681, 0.08547502165752238, 0.15911059774761768, 0.2616228703436327, 0.24227548368466648, 0.12705746462604678, 0.03003176436615651, 0.03984984117816922, 0.013860814322841466], [0.125, 0.125, 0.125, 0.225, 0.2, 0.1, 0.075, 0.025, 0.0], [0.01668613382279326, 0.04471883864508593, 0.13031870515601535, 0.2601368262973469, 0.2663106958117804, 0.13999666277323544, 0.06557650592357751, 0.06774570332054063, 0.008509928249624562], [0.012320916905444125, 0.038395415472779366, 0.0830945558739255, 0.19140401146131805, 0.28022922636103154, 0.19426934097421203, 0.07793696275071633, 0.08710601719197708, 0.03524355300859599], [0.02668955829561417, 0.05759325737474637, 0.11019197752458249, 0.22912439519275793, 0.2536288434524739, 0.17356016856563133, 0.06477290463555486, 0.06805056968940222, 0.016388325269236774], [0.023809523809523808, 0.05291005291005291, 0.17989417989417988, 0.29894179894179895, 0.30687830687830686, 0.1111111111111111, 0.026455026455026454, 0.0, 0.0], [0.014089683901004655, 0.04092134280813526, 0.10230335702033816, 0.21624601813281058, 0.2933104631217839, 0.19762313158539574, 0.06370987503062975, 0.05978926733643715, 0.012006861063464836], [0.01554068638031513, 0.04759335203971509, 0.1573494496006907, 0.3163177206993309, 0.28307791927476794, 0.12313835527735809, 0.03615368012087201, 0.018994172242607382, 0.0018346643643427584], [0.03127139922392148, 0.06870577493722894, 0.15202008673818762, 0.26706231454005935, 0.25701894544624515, 0.12645514722666057, 0.049988587080575214, 0.04314083542570189, 0.004336909381419767], [0.009875050382910117, 0.03970173317210802, 0.11043933897621927, 0.23800886739218058, 0.25191455058444173, 0.1852075775896816, 0.062071745264006446, 0.0773881499395405, 0.02539298669891173], [0.10735294117647058, 0.14044117647058824, 0.21102941176470588, 0.2551470588235294, 0.15220588235294116, 0.0838235294117647, 0.025, 0.022058823529411766, 0.0029411764705882353], [0.11956521739130435, 0.1673913043478261, 0.16521739130434782, 0.21739130434782608, 0.19782608695652174, 0.08043478260869565, 0.030434782608695653, 0.015217391304347827, 0.006521739130434782], [0.055179934569247545, 0.1099236641221374, 0.19934569247546347, 0.28396946564885495, 0.1976008724100327, 0.08680479825517994, 0.029880043620501635, 0.03206106870229008, 0.005234460196292257], [0.02734375, 0.0642361111111111, 0.1267361111111111, 0.23567708333333334, 0.2421875, 0.14713541666666666, 0.059027777777777776, 0.0681423611111111, 0.029513888888888888], [0.021081576535288724, 0.05438435685915063, 0.15276504735716467, 0.2664222425908952, 0.24717384662389244, 0.14940421631530706, 0.05163458600672166, 0.04735716468072105, 0.00977696303085854], [0.03255813953488372, 0.09123434704830054, 0.19087656529516994, 0.2742397137745975, 0.2366726296958855, 0.10411449016100179, 0.035420393559928445, 0.031663685152057246, 0.0032200357781753132], [0.02097902097902098, 0.06905594405594405, 0.17045454545454544, 0.2910839160839161, 0.23513986013986013, 0.1048951048951049, 0.05113636363636364, 0.04414335664335664, 0.013111888111888112], [0.014571331751948491, 0.03558115892917655, 0.09217214503558116, 0.21890884445950526, 0.26092849881396135, 0.18434429007116232, 0.07150118603863097, 0.1013215859030837, 0.020670958996950185], [0.017733990147783252, 0.056945812807881774, 0.1741871921182266, 0.2630541871921182, 0.22935960591133006, 0.13576354679802954, 0.050443349753694584, 0.056354679802955665, 0.016157635467980297], [0.014731720502770645, 0.05162859845925125, 0.15421002838221382, 0.2947695634545209, 0.2588187592917962, 0.14150560886606298, 0.04054601973239627, 0.036896877956480605, 0.0068928233545073655], [0.013679245283018868, 0.04009433962264151, 0.13317610062893082, 0.2976415094339623, 0.2888364779874214, 0.14889937106918238, 0.03789308176100629, 0.033962264150943396, 0.005817610062893081], [0.3474576271186441, 0.1016949152542373, 0.19491525423728814, 0.1440677966101695, 0.11016949152542373, 0.05084745762711865, 0.00847457627118644, 0.0423728813559322, 0.0]]}, "ranksDetailed": {"labels": ["Unranked", "Combatatant", "Challenger", "Rival", "Duelist", "Elite"], "data": [[0.18181818181818182, 0.4125874125874126, 0.3076923076923077, 0.0979020979020979, 0.0, 0.0], [0.07374631268436578, 0.30678466076696165, 0.47935103244837757, 0.10988200589970501, 0.022861356932153392, 0.007374631268436578], [0.019642857142857142, 0.12745535714285713, 0.4372767857142857, 0.2953125, 0.09196428571428572, 0.028348214285714286], [0.0396078431372549, 0.21274509803921568, 0.5229411764705882, 0.18529411764705883, 0.033529411764705884, 0.0058823529411764705], [0.25, 0.36538461538461536, 0.15384615384615385, 0.17307692307692307, 0.057692307692307696, 0.0], [0.016683866529067767, 0.18403852769177848, 0.5032679738562091, 0.20743034055727555, 0.06639146886824905, 0.02218782249742002], [0.07724329324699353, 0.3265494912118409, 0.4343200740055504, 0.10730804810360776, 0.03515263644773358, 0.01942645698427382], [0.3560606060606061, 0.45454545454545453, 0.14393939393939395, 0.045454545454545456, 0.0, 0.0], [0.0839802399435427, 0.3985532815808045, 0.3888496824276641, 0.094742413549753, 0.02893436838390967, 0.004940014114326041], [0.054292343387471, 0.24918793503480277, 0.5006960556844547, 0.15591647331786543, 0.03433874709976798, 0.005568445475638051], [0.0796574987026466, 0.36611312921639855, 0.4260508562532434, 0.09859885832900882, 0.024909185262065387, 0.00467047223663726], [0.036945202082816764, 0.23357302256384826, 0.5075626084800396, 0.1765435159930573, 0.036945202082816764, 0.008430448797421275], [0.053391684901531726, 0.2923413566739606, 0.5017505470459519, 0.12231947483588622, 0.02363238512035011, 0.006564551422319475], [0.01308139534883721, 0.1587936046511628, 0.5316133720930233, 0.22710755813953487, 0.057412790697674417, 0.011991279069767442], [0.042938931297709926, 0.25, 0.46946564885496184, 0.16125954198473283, 0.04961832061068702, 0.026717557251908396], [0.037827352085354024, 0.2557387649531199, 0.49498868412544456, 0.15906886517943744, 0.04203039120594892, 0.010345942450695119], [0.04071614207334681, 0.24458561940514006, 0.5038983540282992, 0.1570892289922033, 0.03984984117816922, 0.013860814322841466], [0.125, 0.25, 0.425, 0.175, 0.025, 0.0], [0.01668613382279326, 0.1750375438011013, 0.5264475221091273, 0.20557316869681294, 0.06774570332054063, 0.008509928249624562], [0.012320916905444125, 0.12148997134670488, 0.47163323782234956, 0.2722063037249284, 0.08710601719197708, 0.03524355300859599], [0.02668955829561417, 0.16778523489932887, 0.4827532386452318, 0.2383330732011862, 0.06805056968940222, 0.016388325269236774], [0.023809523809523808, 0.2328042328042328, 0.6058201058201058, 0.13756613756613756, 0.0, 0.0], [0.014089683901004655, 0.1432246998284734, 0.5095564812545944, 0.2613330066160255, 0.05978926733643715, 0.012006861063464836], [0.01554068638031513, 0.2049428016404058, 0.5993956399740988, 0.1592920353982301, 0.018994172242607382, 0.0018346643643427584], [0.03127139922392148, 0.22072586167541658, 0.5240812599863045, 0.17644373430723578, 0.04314083542570189, 0.004336909381419767], [0.009875050382910117, 0.15014107214832728, 0.4899234179766223, 0.24727932285368803, 0.0773881499395405, 0.02539298669891173], [0.10735294117647058, 0.3514705882352941, 0.4073529411764706, 0.10882352941176471, 0.022058823529411766, 0.0029411764705882353], [0.11956521739130435, 0.33260869565217394, 0.4152173913043478, 0.1108695652173913, 0.015217391304347827, 0.006521739130434782], [0.055179934569247545, 0.30926935659760085, 0.48157033805888766, 0.11668484187568157, 0.03206106870229008, 0.005234460196292257], [0.02734375, 0.1909722222222222, 0.4778645833333333, 0.20616319444444445, 0.0681423611111111, 0.029513888888888888], [0.021081576535288724, 0.2071494042163153, 0.5135960892147876, 0.20103880232202873, 0.04735716468072105, 0.00977696303085854], [0.03255813953488372, 0.28211091234347047, 0.510912343470483, 0.13953488372093023, 0.031663685152057246, 0.0032200357781753132], [0.02097902097902098, 0.2395104895104895, 0.5262237762237763, 0.15603146853146854, 0.04414335664335664, 0.013111888111888112], [0.014571331751948491, 0.1277533039647577, 0.4798373432734666, 0.2558454761097933, 0.1013215859030837, 0.020670958996950185], [0.017733990147783252, 0.2311330049261084, 0.4924137931034483, 0.18620689655172415, 0.056354679802955665, 0.016157635467980297], [0.014731720502770645, 0.20583862684146506, 0.5535883227463171, 0.18205162859845925, 0.036896877956480605, 0.0068928233545073655], [0.013679245283018868, 0.17327044025157232, 0.5864779874213837, 0.18679245283018867, 0.033962264150943396, 0.005817610062893081], [0.3474576271186441, 0.2966101694915254, 0.2542372881355932, 0.059322033898305086, 0.0423728813559322, 0.0]]}}}, "eu": {"histType": {"histogram": {"labels": ["0", "100", "200", "300", "400", "500", "600", "700", "800", "900", "1000", "1100", "1200", "1300", "1400", "1500", "1600", "1700", "1800", "1900", "2000", "2100", "2200", "2300", "2400", "2500", "2600", "2700", "2800", "2900", "3000", "3100"], "data": [[0.0, 0.0, 0.0, 0.0, 0.0, 0.010101010101010102, 0.020202020202020204, 0.030303030303030304, 0.1111111111111111, 0.0707070707070707, 0.10101010101010101, 0.0707070707070707, 0.09090909090909091, 0.10101010101010101, 0.0707070707070707, 0.09090909090909091, 0.09090909090909091, 0.0707070707070707, 0.030303030303030304, 0.0, 0.0, 0.030303030303030304, 0.010101010101010102, 0.0, 0.0, 0.0, 0.0, 0.0, 0.0, 0.0, 0.0, 0.0], [0.0, 0.0, 0.0016012810248198558, 0.0008006405124099279, 0.0008006405124099279, 0.0040032025620496394, 0.008807045636509208, 0.008006405124099279, 0.02642113690952762, 0.03362690152121697, 0.04483586869495596, 0.08326661329063251, 0.08486789431545236, 0.1200960768614892, 0.1377101681345076, 0.1289031224979984, 0.12810248198558846, 0.06965572457966374, 0.057646116893514815, 0.024819855884707767, 0.009607686148919135, 0.014411529223378704, 0.005604483586869495, 0.0024019215372297837, 0.0040032025620496394, 0.0, 0.0, 0.0, 0.0, 0.0, 0.0, 0.0], [0.0, 0.0, 0.0, 0.00024807740014884643, 0.00024807740014884643, 0.0004961548002976929, 0.0007442322004465393, 0.0024807740014884646, 0.006946167204167701, 0.008434631605060779, 0.01662118580997271, 0.02654428181592657, 0.03497891342098735, 0.051103944430662365, 0.0769039940461424, 0.10022326966013397, 0.15355991069213595, 0.10915405606549243, 0.17960803770776482, 0.063011659637807, 0.048623170429173905, 0.06028280823616969, 0.021830811213098485, 0.011411560406846936, 0.01612503100967502, 0.005953857603572314, 0.0027288514016373107, 0.0017365418010419251, 0.0, 0.0, 0.0, 0.0], [0.0, 0.00017975912277548085, 0.0, 0.00017975912277548085, 0.00017975912277548085, 0.0003595182455509617, 0.001258313859428366, 0.004493978069387021, 0.006830846665468272, 0.01474024806758943, 0.030199532626280785, 0.04278267122056444, 0.06255617472586734, 0.07819521840733418, 0.1145065612079813, 0.14290850260650728, 0.15944634190185153, 0.10929354664749236, 0.11882078015459284, 0.04907424051770627, 0.021930612978608665, 0.02246989034693511, 0.008089160524896638, 0.004673737192162502, 0.003954700701060579, 0.0016178321049793278, 0.001258313859428366, 0.0, 0.0, 0.0, 0.0, 0.0], [0.0, 0.0, 0.0, 0.0, 0.0, 0.0, 0.04, 0.06, 0.1, 0.08, 0.08, 0.12, 0.06, 0.04, 0.14, 0.1, 0.04, 0.02, 0.02, 0.06, 0.0, 0.02, 0.0, 0.02, 0.0, 0.0, 0.0, 0.0, 0.0, 0.0, 0.0, 0.0], [0.0, 0.00017027073046143367, 0.00017027073046143367, 0.00034054146092286734, 0.000510812191384301, 0.00017027073046143367, 0.00034054146092286734, 0.0028946024178443724, 0.004086497531074408, 0.008002724331687383, 0.018218968159373405, 0.025710880299676487, 0.0505704069470458, 0.07747318235995232, 0.11084624553039332, 0.12531925761961518, 0.14643282819683295, 0.10165162608547591, 0.1263408820023838, 0.06231908734888473, 0.03558658266643964, 0.051081219138430105, 0.01890005108121914, 0.008513536523071684, 0.013621658436914694, 0.006640558487995913, 0.0023837902264600714, 0.0017027073046143367, 0.0, 0.0, 0.0, 0.0], [0.0, 0.00043725404459991256, 0.00043725404459991256, 0.0013117621337997377, 0.0013117621337997377, 0.003060778312199388, 0.004372540445999125, 0.013117621337997376, 0.026235242675994752, 0.03541757761259292, 0.050721469173589856, 0.07564494971578486, 0.08876257105378224, 0.10581547879317883, 0.10887625710537822, 0.11805859204197638, 0.11368605159597726, 0.06689986882378662, 0.06340183646698731, 0.03060778312199388, 0.021425448185395716, 0.024486226497595104, 0.011368605159597726, 0.009619588981198076, 0.011805859204197638, 0.005247048535198951, 0.006121556624398776, 0.0017490161783996502, 0.0, 0.0, 0.0, 0.0], [0.0, 0.0, 0.0, 0.0, 0.0, 0.02247191011235955, 0.0, 0.07865168539325842, 0.033707865168539325, 0.10112359550561797, 0.07865168539325842, 0.1348314606741573, 0.0898876404494382, 0.033707865168539325, 0.0898876404494382, 0.20224719101123595, 0.06741573033707865, 0.033707865168539325, 0.011235955056179775, 0.02247191011235955, 0.0, 0.0, 0.0, 0.0, 0.0, 0.0, 0.0, 0.0, 0.0, 0.0, 0.0, 0.0], [0.000526592943654555, 0.00035106196243637, 0.00070212392487274, 0.00070212392487274, 0.00070212392487274, 0.001579778830963665, 0.004914867474109181, 0.011058451816745656, 0.02738283307003686, 0.0433561523608917, 0.07266982622432859, 0.0947867298578199, 0.12111637704054766, 0.12041425311567491, 0.11602597858522029, 0.10566965069334737, 0.09162717219589257, 0.054414604177637355, 0.0491486747410918, 0.030542390731964193, 0.018255222046691243, 0.01720203615938213, 0.007196770229945585, 0.00421274354923644, 0.004388274530454625, 0.000877654906090925, 0.000175530981218185, 0.0, 0.0, 0.0, 0.0, 0.0], [0.0, 0.0, 0.0, 0.0, 0.0005945303210463733, 0.0005945303210463733, 0.0011890606420927466, 0.008323424494649227, 0.014863258026159334, 0.020214030915576695, 0.04756242568370987, 0.04934601664684899, 0.06599286563614744, 0.10047562425683709, 0.12187871581450654, 0.1248513674197384, 0.15101070154577884, 0.08382877526753864, 0.10523186682520809, 0.026159334126040427, 0.03151010701545779, 0.02794292508917955, 0.01070154577883472, 0.0023781212841854932, 0.002972651605231867, 0.0017835909631391202, 0.0005945303210463733, 0.0, 0.0, 0.0, 0.0, 0.0], [0.00031959092361776926, 0.0, 0.0, 0.001278363694471077, 0.0015979546180888463, 0.0019175455417066154, 0.0028763183125599234, 0.011185682326621925, 0.023649728347714925, 0.036752956216043464, 0.06040268456375839, 0.08660914030041547, 0.10930009587727708, 0.10898050495365931, 0.13742409715564077, 0.11345477788430809, 0.09939277724512624, 0.05496963886225631, 0.06327900287631831, 0.029082774049217, 0.017897091722595078, 0.02141259188239054, 0.006391818472355385, 0.004793863854266539, 0.005113454777884308, 0.0019175455417066154, 0.0, 0.0, 0.0, 0.0, 0.0, 0.0], [0.0, 0.0, 0.0, 0.0, 0.000792393026941363, 0.000792393026941363, 0.0018489170628631802, 0.005018489170628632, 0.012150026413100899, 0.021130480718436345, 0.03486529318541997, 0.047015319598520865, 0.07263602746962493, 0.08346539883782356, 0.12414157422081352, 0.1230850501848917, 0.14421553090332806, 0.092445853143159, 0.10591653460116218, 0.052033808769149495, 0.025884838880084523, 0.025884838880084523, 0.012150026413100899, 0.003961965134706815, 0.007659799260433175, 0.000792393026941363, 0.000792393026941363, 0.0010565240359218173, 0.0, 0.0, 0.0002641310089804543, 0.0], [0.0, 0.0, 0.00025933609958506224, 0.0005186721991701245, 0.00025933609958506224, 0.002074688796680498, 0.0028526970954356845, 0.010114107883817428, 0.014522821576763486, 0.022562240663900415, 0.044605809128630707, 0.0604253112033195, 0.08947095435684647, 0.09932572614107883, 0.13796680497925312, 0.14782157676348548, 0.12577800829875518, 0.07676348547717843, 0.08065352697095436, 0.030860995850622408, 0.01815352697095436, 0.016078838174273857, 0.007520746887966805, 0.0036307053941908715, 0.004408713692946058, 0.002074688796680498, 0.0007780082987551867, 0.0005186721991701245, 0.0, 0.0, 0.0, 0.0], [0.0, 0.0, 0.0003297065611605671, 0.0003297065611605671, 0.0003297065611605671, 0.0, 0.0009891196834817012, 0.0009891196834817012, 0.004286185295087373, 0.006594131223211342, 0.011869436201780416, 0.0250576986482031, 0.050445103857566766, 0.07088691064952192, 0.10583580613254204, 0.142433234421365, 0.17078799868117375, 0.12627761292449718, 0.12363996043521266, 0.05605011539729641, 0.03165182987141444, 0.033630069238377844