{"region": {"us": {"histType": {"histogram": {"labels": ["0", "100", "200", "300", "400", "500", "600", "700", "800", "900", "1000", "1100", "1200", "1300", "1400", "1500", "1600", "1700", "1800", "1900", "2000", "2100", "2200", "2300", "2400", "2500", "2600", "2700", "2800", "2900", "3000", "3100"], "data": [[0.0, 0.0, 0.0, 0.009345794392523364, 0.0, 0.009345794392523364, 0.028037383177570093, 0.028037383177570093, 0.08411214953271028, 0.056074766355140186, 0.07476635514018691, 0.12149532710280374, 0.056074766355140186, 0.18691588785046728, 0.12149532710280374, 0.06542056074766354, 0.037383177570093455, 0.028037383177570093, 0.04672897196261682, 0.04672897196261682, 0.0, 0.0, 0.0, 0.0, 0.0, 0.0, 0.0, 0.0, 0.0, 0.0, 0.0, 0.0], [0.0, 0.0017346053772766695, 0.0, 0.0008673026886383347, 0.0017346053772766695, 0.0, 0.003469210754553339, 0.013009540329575022, 0.020815264527320035, 0.03469210754553339, 0.055507372072853424, 0.07372072853425846, 0.10060711188204684, 0.1023417172593235, 0.15177797051170858, 0.11882046834345186, 0.1222896790980052, 0.06157849089332177, 0.07805724197745013, 0.02168256721595837, 0.012142237640936688, 0.014744145706851692, 0.005203816131830009, 0.0017346053772766695, 0.003469210754553339, 0.0, 0.0, 0.0, 0.0, 0.0, 0.0, 0.0], [0.0, 0.0, 0.00032102728731942215, 0.00032102728731942215, 0.0006420545746388443, 0.0006420545746388443, 0.0006420545746388443, 0.0022471910112359553, 0.009309791332263243, 0.011235955056179775, 0.01765650080256822, 0.030818619582664526, 0.05425361155698234, 0.07126805778491171, 0.09181380417335473, 0.10561797752808989, 0.1447833065810594, 0.09662921348314607, 0.15955056179775282, 0.055858747993579455, 0.04044943820224719, 0.05457463884430177, 0.023113964686998396, 0.009630818619582664, 0.014125200642054575, 0.0028892455858747996, 0.0016051364365971107, 0.0, 0.0, 0.0, 0.0, 0.0], [0.0, 0.0002332089552238806, 0.0, 0.0, 0.0002332089552238806, 0.0011660447761194029, 0.0025652985074626866, 0.004197761194029851, 0.010727611940298507, 0.026352611940298507, 0.034281716417910446, 0.03801305970149254, 0.07159514925373134, 0.1009794776119403, 0.1226679104477612, 0.1298973880597015, 0.1490205223880597, 0.08978544776119403, 0.11240671641791045, 0.04337686567164179, 0.021921641791044777, 0.025186567164179104, 0.0072294776119402986, 0.003498134328358209, 0.0032649253731343282, 0.0011660447761194029, 0.0002332089552238806, 0.0, 0.0, 0.0, 0.0, 0.0], [0.0, 0.0, 0.0, 0.0, 0.0, 0.0, 0.0, 0.0975609756097561, 0.07317073170731707, 0.12195121951219512, 0.04878048780487805, 0.12195121951219512, 0.04878048780487805, 0.0975609756097561, 0.0, 0.0, 0.0975609756097561, 0.0, 0.07317073170731707, 0.12195121951219512, 0.024390243902439025, 0.04878048780487805, 0.0, 0.024390243902439025, 0.0, 0.0, 0.0, 0.0, 0.0, 0.0, 0.0, 0.0], [0.0, 0.0, 0.0, 0.0, 0.0, 0.0, 0.0005822981366459627, 0.003687888198757764, 0.0034937888198757765, 0.012228260869565218, 0.021350931677018632, 0.030667701863354036, 0.0625, 0.09180900621118013, 0.11296583850931677, 0.1234472049689441, 0.14596273291925466, 0.09802018633540373, 0.1187888198757764, 0.054153726708074536, 0.03299689440993789, 0.04483695652173913, 0.016692546583850932, 0.007375776397515528, 0.010869565217391304, 0.004852484472049689, 0.002329192546583851, 0.00038819875776397513, 0.0, 0.0, 0.0, 0.0], [0.0, 0.0, 0.0, 0.0016863406408094434, 0.0016863406408094434, 0.0016863406408094434, 0.004496908375491849, 0.011804384485666104, 0.022484541877459248, 0.039910061832490164, 0.06070826306913996, 0.0713884204609331, 0.10567734682405847, 0.12310286677908938, 0.13771781899943789, 0.10061832490163013, 0.1017425519955031, 0.060146149522203485, 0.05508712759977515, 0.028105677346824058, 0.015739179314221474, 0.017987633501967398, 0.011804384485666104, 0.008993816750983699, 0.012366498032602586, 0.003372681281618887, 0.0016863406408094434, 0.0, 0.0, 0.0, 0.0, 0.0], [0.0, 0.0, 0.009615384615384616, 0.009615384615384616, 0.019230769230769232, 0.009615384615384616, 0.028846153846153848, 0.08653846153846154, 0.10576923076923077, 0.1346153846153846, 0.08653846153846154, 0.15384615384615385, 0.10576923076923077, 0.08653846153846154, 0.04807692307692308, 0.019230769230769232, 0.038461538461538464, 0.019230769230769232, 0.028846153846153848, 0.009615384615384616, 0.0, 0.0, 0.0, 0.0, 0.0, 0.0, 0.0, 0.0, 0.0, 0.0, 0.0, 0.0], [0.0008179959100204499, 0.00040899795501022495, 0.0010224948875255625, 0.0008179959100204499, 0.00245398773006135, 0.003476482617586912, 0.004703476482617587, 0.012883435582822086, 0.023721881390593048, 0.05562372188139059, 0.07402862985685071, 0.09795501022494887, 0.11063394683026585, 0.13006134969325153, 0.1341513292433538, 0.09161554192229039, 0.07730061349693251, 0.050102249488752554, 0.048261758691206545, 0.02719836400817996, 0.0179959100204499, 0.017382413087934562, 0.010224948875255624, 0.00408997955010225, 0.00245398773006135, 0.00040899795501022495, 0.00020449897750511248, 0.0, 0.0, 0.0, 0.0, 0.0], [0.0, 0.0, 0.0005094243504839531, 0.0, 0.0010188487009679063, 0.0010188487009679063, 0.005094243504839531, 0.005094243504839531, 0.0163015792154865, 0.023433520122261846, 0.033112582781456956, 0.05501782985226694, 0.08099847172694855, 0.10494141619969434, 0.1217524197656648, 0.1360163015792155, 0.15741212429954152, 0.08099847172694855, 0.09373408048904738, 0.033112582781456956, 0.012226184411614875, 0.02292409577177789, 0.008660213958227204, 0.003565970453387672, 0.0025471217524197657, 0.0005094243504839531, 0.0, 0.0, 0.0, 0.0, 0.0, 0.0], [0.0, 0.0, 0.0009027986758952753, 0.0012037315678603672, 0.0012037315678603672, 0.0033102618116160097, 0.0072223894071622025, 0.01023171832681312, 0.02046343665362624, 0.03761661149563647, 0.08185374661450497, 0.08877520312970208, 0.11284983448690943, 0.12007222389407163, 0.14113752633162804, 0.10893770689136323, 0.08997893469756245, 0.054468853445681614, 0.0511585916340656, 0.02708396027685826, 0.01354198013842913, 0.014143845922359314, 0.006319590731266927, 0.003912127595546194, 0.003009328919650918, 0.0006018657839301836, 0.0, 0.0, 0.0, 0.0, 0.0, 0.0], [0.0, 0.0, 0.0, 0.0, 0.000572737686139748, 0.000859106529209622, 0.0028636884306987398, 0.0057273768613974796, 0.013459335624284079, 0.018900343642611683, 0.034650630011454756, 0.054696449026345934, 0.07646048109965636, 0.09707903780068729, 0.13831615120274915, 0.11855670103092783, 0.15378006872852235, 0.08963344788087056, 0.09736540664375716, 0.04009163802978236, 0.018900343642611683, 0.017754868270332187, 0.011741122565864834, 0.005441008018327606, 0.0028636884306987398, 0.000286368843069874, 0.0, 0.0, 0.0, 0.0, 0.0, 0.0], [0.00026476039184537993, 0.0, 0.0, 0.0007942811755361397, 0.0005295207836907599, 0.0018533227429176596, 0.0026476039184537992, 0.006619009796134498, 0.014826581943341277, 0.035742652899126294, 0.060894890124437384, 0.06698437913688113, 0.08604712734974848, 0.12073073868149325, 0.14800105904156738, 0.12020121789780248, 0.12893831082870003, 0.06645485835319036, 0.06751389992057188, 0.02885888271114641, 0.016150383902568177, 0.010590415673815197, 0.006354249404289118, 0.003441885093989939, 0.003971405877680699, 0.0015885623510722795, 0.0, 0.0, 0.0, 0.0, 0.0, 0.0], [0.0, 0.0, 0.0, 0.0, 0.0, 0.0, 0.0, 0.0017482517482517483, 0.0026223776223776225, 0.00743006993006993, 0.01791958041958042, 0.030157342657342656, 0.05638111888111888, 0.07604895104895106, 0.11494755244755245, 0.1284965034965035, 0.1673951048951049, 0.11407342657342658, 0.1263111888111888, 0.06293706293706294, 0.03190559440559441, 0.03190559440559441, 0.0118006993006993, 0.008304195804195804, 0.006118881118881119, 0.0034965034965034965, 0.0, 0.0, 0.0, 0.0, 0.0, 0.0], [0.0, 0.0, 0.0, 0.0, 0.0016129032258064516, 0.0, 0.0, 0.00967741935483871, 0.012903225806451613, 0.04516129032258064, 0.054838709677419356, 0.08548387096774193, 0.09838709677419355, 0.13225806451612904, 0.0935483870967742, 0.10161290322580645, 0.12419354838709677, 0.07258064516129033, 0.06290322580645161, 0.03225806451612903, 0.027419354838709678, 0.014516129032258065, 0.004838709677419355, 0.01129032258064516, 0.0032258064516129032, 0.00967741935483871, 0.0016129032258064516, 0.0, 0.0, 0.0, 0.0, 0.0], [0.00036443148688046647, 0.00036443148688046647, 0.00036443148688046647, 0.00036443148688046647, 0.0014577259475218659, 0.0007288629737609329, 0.0029154518950437317, 0.0058309037900874635, 0.009475218658892129, 0.017857142857142856, 0.037900874635568516, 0.049198250728862976, 0.08709912536443148, 0.10167638483965015, 0.14322157434402333, 0.1326530612244898, 0.13192419825072887, 0.08163265306122448, 0.09147230320699709, 0.04008746355685131, 0.02040816326530612, 0.02259475218658892, 0.009475218658892129, 0.004373177842565598, 0.0032798833819241984, 0.002186588921282799, 0.0010932944606413995, 0.0, 0.0, 0.0, 0.0, 0.0], [0.0, 0.0, 0.0, 0.0, 0.0015521924718665113, 0.0011641443538998836, 0.0031043849437330227, 0.006596818005432673, 0.01435778036476523, 0.022506790842064417, 0.047729918509895226, 0.0640279394644936, 0.08420644159875824, 0.10632518432285604, 0.13969732246798602, 0.11874272409778813, 0.1323244082266201, 0.07683352735739232, 0.09235545207605743, 0.033372138145129994, 0.016686069072564997, 0.0236709351959643, 0.004656577415599534, 0.002716336825766395, 0.004268529297632906, 0.0031043849437330227, 0.0, 0.0, 0.0, 0.0, 0.0, 0.0], [0.0, 0.0, 0.0, 0.0, 0.0, 0.0, 0.0, 0.0, 0.04, 0.16, 0.08, 0.08, 0.12, 0.12, 0.04, 0.12, 0.08, 0.04, 0.08, 0.0, 0.04, 0.0, 0.0, 0.0, 0.0, 0.0, 0.0, 0.0, 0.0, 0.0, 0.0, 0.0], [0.00018768768768768769, 0.00018768768768768769, 0.00037537537537537537, 0.00018768768768768769, 0.00018768768768768769, 0.0, 0.0009384384384384384, 0.0016891891891891893, 0.005818318318318318, 0.010322822822822823, 0.022334834834834835, 0.03153153153153153, 0.06306306306306306, 0.0853978978978979, 0.12030780780780781, 0.13307057057057056, 0.1420795795795796, 0.10641891891891891, 0.10472972972972973, 0.06287537537537538, 0.03547297297297297, 0.04466966966966967, 0.013888888888888888, 0.007882882882882882, 0.00563063063063063, 0.0007507507507507507, 0.0, 0.0, 0.0, 0.0, 0.0, 0.0], [0.0, 0.0, 0.0, 0.0004389815627743635, 0.0, 0.0004389815627743635, 0.0030728709394205445, 0.001755926251097454, 0.006584723441615452, 0.006584723441615452, 0.021949078138718173, 0.031167690956979806, 0.05487269534679543, 0.06584723441615452, 0.11764705882352941, 0.12774363476733977, 0.14969271290605796, 0.11501316944688324, 0.11984196663740122, 0.05179982440737489, 0.035996488147497806, 0.038191395961369626, 0.014486391571553995, 0.010974539069359086, 0.013608428446005268, 0.009218612818261633, 0.0030728709394205445, 0.0, 0.0, 0.0, 0.0, 0.0], [0.0004302925989672978, 0.0, 0.0, 0.0002151462994836489, 0.0008605851979345956, 0.0015060240963855422, 0.0017211703958691911, 0.006024096385542169, 0.009036144578313253, 0.018717728055077452, 0.03937177280550774, 0.04819277108433735, 0.06346815834767643, 0.08777969018932874, 0.1166092943201377, 0.12005163511187608, 0.13102409638554216, 0.09229776247848537, 0.11058519793459552, 0.05335628227194492, 0.03162650602409638, 0.035283993115318414, 0.012693631669535283, 0.00774526678141136, 0.009896729776247849, 0.0015060240963855422, 0.0, 0.0, 0.0, 0.0, 0.0, 0.0], [0.0, 0.0, 0.0, 0.0, 0.0, 0.0030959752321981426, 0.0, 0.006191950464396285, 0.01238390092879257, 0.009287925696594427, 0.009287925696594427, 0.04024767801857585, 0.06811145510835913, 0.15789473684210525, 0.15789473684210525, 0.14551083591331268, 0.17647058823529413, 0.10835913312693499, 0.06501547987616099, 0.02786377708978328, 0.01238390092879257, 0.0, 0.0, 0.0, 0.0, 0.0, 0.0, 0.0, 0.0, 0.0, 0.0, 0.0], [0.0, 0.0, 0.0, 0.00013902405116085083, 0.00013902405116085083, 0.00027804810232170165, 0.00027804810232170165, 0.00166828861393021, 0.0037536493813429724, 0.01181704434867232, 0.01682191019046295, 0.03128041151119144, 0.054914500208536075, 0.07257055470596413, 0.11358264979841512, 0.13332406506325595, 0.16891422216043375, 0.09884610037536494, 0.14694842207701933, 0.05727790907827054, 0.02822188238565272, 0.03433894063673015, 0.01195606839983317, 0.004587793688308077, 0.005978034199916585, 0.0018073126650910607, 0.0005560962046434033, 0.0, 0.0, 0.0, 0.0, 0.0], [0.00011492931846914148, 0.00011492931846914148, 0.00022985863693828295, 0.0, 0.0006895759108148489, 0.0010343638662222733, 0.0005746465923457074, 0.0019537984139754053, 0.0022985863693828295, 0.010343638662222734, 0.015860245948741525, 0.036202735317779566, 0.07102631881392943, 0.10998735777496839, 0.1463050224112171, 0.1690610274681071, 0.16871623951269968, 0.09378232387081945, 0.09378232387081945, 0.04057004941960694, 0.018158832318124353, 0.01252729571313642, 0.004597172738765659, 0.0010343638662222733, 0.0010343638662222733, 0.0, 0.0, 0.0, 0.0, 0.0, 0.0, 0.0], [0.0, 0.0006191950464396285, 0.0, 0.00030959752321981426, 0.0, 0.0015479876160990713, 0.0018575851393188853, 0.003405572755417957, 0.009287925696594427, 0.015789473684210527, 0.03065015479876161, 0.056656346749226004, 0.08173374613003095, 0.10588235294117647, 0.1256965944272446, 0.12012383900928793, 0.14024767801857585, 0.09380804953560372, 0.09597523219814241, 0.04953560371517028, 0.023839009287925695, 0.023839009287925695, 0.010835913312693499, 0.0058823529411764705, 0.002476780185758514, 0.0, 0.0, 0.0, 0.0, 0.0, 0.0, 0.0], [0.0, 0.0, 0.0, 0.0, 0.0004761904761904762, 0.0, 0.0007142857142857143, 0.0011904761904761906, 0.004523809523809524, 0.0064285714285714285, 0.02, 0.023571428571428573, 0.04238095238095238, 0.07809523809523809, 0.10666666666666667, 0.12214285714285714, 0.15428571428571428, 0.08595238095238095, 0.15476190476190477, 0.05761904761904762, 0.036904761904761905, 0.045476190476190476, 0.023333333333333334, 0.012380952380952381, 0.014285714285714285, 0.0054761904761904765, 0.0033333333333333335, 0.0, 0.0, 0.0, 0.0, 0.0], [0.0, 0.000859106529209622, 0.000859106529209622, 0.001718213058419244, 0.001718213058419244, 0.005154639175257732, 0.00429553264604811, 0.011168384879725086, 0.03350515463917526, 0.0506872852233677, 0.06357388316151202, 0.09536082474226804, 0.09450171821305842, 0.13144329896907217, 0.12800687285223367, 0.10481099656357389, 0.09965635738831616, 0.05154639175257732, 0.06529209621993128, 0.02147766323024055, 0.00859106529209622, 0.02147766323024055, 0.001718213058419244, 0.0, 0.002577319587628866, 0.0, 0.0, 0.0, 0.0, 0.0, 0.0, 0.0], [0.0, 0.0, 0.0, 0.0, 0.002967359050445104, 0.0, 0.005934718100890208, 0.026706231454005934, 0.05934718100890208, 0.05341246290801187, 0.10385756676557864, 0.09198813056379822, 0.08011869436201781, 0.12166172106824925, 0.10089020771513353, 0.10682492581602374, 0.10385756676557864, 0.05934718100890208, 0.04451038575667656, 0.020771513353115726, 0.002967359050445104, 0.0, 0.005934718100890208, 0.002967359050445104, 0.005934718100890208, 0.0, 0.0, 0.0, 0.0, 0.0, 0.0, 0.0], [0.0005092946269416857, 0.0, 0.0, 0.0, 0.0007639419404125286, 0.0017825311942959, 0.0056022408963585435, 0.009167303284950344, 0.015278838808250574, 0.02826585179526356, 0.049910873440285206, 0.06799083269671505, 0.1003310415075121, 0.11764705882352941, 0.1471861471861472, 0.1252864782276547, 0.11942959001782531, 0.0628978864272982, 0.0718105423987777, 0.025719378660555132, 0.015278838808250574, 0.020881079704609118, 0.00789406671759613, 0.002546473134708429, 0.002546473134708429, 0.0005092946269416857, 0.0007639419404125286, 0.0, 0.0, 0.0, 0.0, 0.0], [0.0, 0.0, 0.0, 0.0, 0.0, 0.0, 0.001996007984031936, 0.001996007984031936, 0.006487025948103792, 0.019461077844311378, 0.027944111776447105, 0.03992015968063872, 0.05738522954091816, 0.08183632734530938, 0.1187624750499002, 0.12325349301397205, 0.14321357285429143, 0.09331337325349301, 0.10828343313373254, 0.05189620758483034, 0.030439121756487025, 0.03642714570858283, 0.018463073852295408, 0.012974051896207584, 0.021956087824351298, 0.003992015968063872, 0.0, 0.0, 0.0, 0.0, 0.0, 0.0], [0.0, 0.0, 0.0, 0.0, 0.0003599712023038157, 0.0, 0.0010799136069114472, 0.0021598272138228943, 0.004319654427645789, 0.014038876889848811, 0.021238300935925127, 0.037077033837293015, 0.06587473002159827, 0.1079913606911447, 0.1303095752339813, 0.14038876889848811, 0.14578833693304535, 0.08387329013678906, 0.11231101511879049, 0.05327573794096472, 0.026277897768178547, 0.029517638588912886, 0.010439164866810655, 0.005039596832253419, 0.005759539236861051, 0.0025197984161267097, 0.0003599712023038157, 0.0, 0.0, 0.0, 0.0, 0.0], [0.0002068680182043856, 0.0002068680182043856, 0.0002068680182043856, 0.0004137360364087712, 0.0004137360364087712, 0.002068680182043856, 0.0033098882912701694, 0.004757964418700869, 0.008274720728175424, 0.01923872569300786, 0.04323541580471659, 0.06081919735208937, 0.09453868431940422, 0.12081092263136119, 0.13301613570541995, 0.13239553165080678, 0.13198179561439802, 0.08419528340918495, 0.07385188249896565, 0.03434009102192801, 0.01965246172941663, 0.019031857674803476, 0.007240380637153496, 0.003723624327678941, 0.002068680182043856, 0.0, 0.0, 0.0, 0.0, 0.0, 0.0, 0.0], [0.0, 0.0, 0.0005461496450027307, 0.0, 0.0005461496450027307, 0.0005461496450027307, 0.0005461496450027307, 0.002184598580010923, 0.005461496450027308, 0.015838339705079193, 0.028399781540142, 0.04478427089022392, 0.07591480065537957, 0.1048607318405243, 0.14145275805570726, 0.1365374112506827, 0.1365374112506827, 0.09175314036045877, 0.08083014746040415, 0.04314582195521573, 0.0354997269251775, 0.02403058438012015, 0.01474604041507373, 0.004915346805024577, 0.009830693610049153, 0.0010922992900054614, 0.0, 0.0, 0.0, 0.0, 0.0, 0.0], [0.0, 0.0, 0.0, 0.0, 0.0, 0.0007613247049866769, 0.00038066235249333843, 0.0026646364674533687, 0.004567948229920061, 0.0053292729349067374, 0.011800532927293491, 0.022459078797106968, 0.03844689760182718, 0.0574800152264941, 0.0951655881233346, 0.11572135515797488, 0.15531023981728206, 0.100114198705748, 0.14084507042253522, 0.07422915873620099, 0.04453749524172059, 0.06889988580129425, 0.02626570232204035, 0.015226494099733536, 0.014845831747240197, 0.004187285877426722, 0.0007613247049866769, 0.0, 0.0, 0.0, 0.0, 0.0], [0.0, 0.0, 0.0, 0.0, 0.0002181976871045167, 0.0, 0.0006545930613135501, 0.0024001745581496837, 0.0048003491162993675, 0.010037093606807768, 0.01920139646519747, 0.04145756054985817, 0.07571459742526729, 0.11717215797512547, 0.13637355444032292, 0.12328169321405193, 0.1374645428758455, 0.08771547021601571, 0.1034257036875409, 0.04713070041457561, 0.027929303949378138, 0.031856862317259434, 0.016146628845734236, 0.005891337551821951, 0.008727907484180668, 0.002181976871045167, 0.0002181976871045167, 0.0, 0.0, 0.0, 0.0, 0.0], [0.0, 0.0, 0.00015733165512901197, 0.0, 0.0, 0.00031466331025802394, 0.0006293266205160479, 0.0022026431718061676, 0.0039332913782252985, 0.010698552548772814, 0.02344241661422278, 0.04169288860918817, 0.07866582756450598, 0.11862806796727501, 0.15748898678414097, 0.1458464443045941, 0.14663310258023915, 0.07300188797986155, 0.10336689741976085, 0.034927627438640654, 0.01825047199496539, 0.022655758338577723, 0.00881057268722467, 0.0029893014474512273, 0.003775959723096287, 0.0015733165512901196, 0.00031466331025802394, 0.0, 0.0, 0.0, 0.0, 0.0], [0.0, 0.0, 0.0, 0.0, 0.0, 0.0001808972503617945, 0.001085383502170767, 0.001085383502170767, 0.0037988422575976847, 0.009768451519536902, 0.015195369030390739, 0.0329232995658466, 0.060600578871201155, 0.10419681620839363, 0.13748191027496381, 0.16588277858176556, 0.1709479015918958, 0.0917149059334298, 0.11866859623733719, 0.03455137481910275, 0.017908827785817656, 0.021526772793053546, 0.005788712011577424, 0.002170767004341534, 0.00361794500723589, 0.0009044862518089725, 0.0, 0.0, 0.0, 0.0, 0.0, 0.0], [0.0, 0.011363636363636364, 0.0, 0.0, 0.011363636363636364, 0.03409090909090909, 0.03409090909090909, 0.06818181818181818, 0.125, 0.09090909090909091, 0.056818181818181816, 0.056818181818181816, 0.06818181818181818, 0.07954545454545454, 0.07954545454545454, 0.09090909090909091, 0.056818181818181816, 0.045454545454545456, 0.06818181818181818, 0.011363636363636364, 0.011363636363636364, 0.0, 0.0, 0.0, 0.0, 0.0, 0.0, 0.0, 0.0, 0.0, 0.0, 0.0]]}, "ranks": {"labels": ["Unranked", "Combatatent I", "Combatatent II", "Challenger I", "Challenger II", "Rival I", "Rival II", "Duelist", "Elite"], "data": [[0.21495327102803738, 0.19626168224299065, 0.24299065420560748, 0.18691588785046728, 0.06542056074766354, 0.09345794392523364, 0.0, 0.0, 0.0], [0.07632263660017347, 0.12922810060711187, 0.20294882914137033, 0.27059843885516044, 0.18386816999132696, 0.09193408499566348, 0.0199479618386817, 0.02168256721595837, 0.003469210754553339], [0.02536115569823435, 0.048475120385232745, 0.12552166934189407, 0.19743178170144463, 0.24141252006420547, 0.18940609951845908, 0.06645264847512039, 0.08731942215088283, 0.018619582664526485], [0.04547574626865672, 0.07229477611940298, 0.17257462686567165, 0.2525652985074627, 0.23880597014925373, 0.13829291044776118, 0.03941231343283582, 0.03591417910447761, 0.0046641791044776115], [0.2926829268292683, 0.17073170731707318, 0.14634146341463414, 0.0, 0.0975609756097561, 0.17073170731707318, 0.04878048780487805, 0.07317073170731707, 0.0], [0.01999223602484472, 0.05201863354037267, 0.15430900621118013, 0.23641304347826086, 0.2439829192546584, 0.15003881987577639, 0.055900621118012424, 0.06890527950310558, 0.01843944099378882], [0.0837549184935357, 0.13209668353007306, 0.22878021360314785, 0.23833614390106803, 0.16188870151770657, 0.07195053400786959, 0.026981450252951095, 0.0387858347386172, 0.017425519955030916], [0.40384615384615385, 0.2403846153846154, 0.19230769230769232, 0.0673076923076923, 0.057692307692307696, 0.038461538461538464, 0.0, 0.0, 0.0], [0.10593047034764826, 0.1719836400817996, 0.24069529652351737, 0.22576687116564417, 0.12740286298568507, 0.06216768916155419, 0.03128834355828221, 0.03169734151329243, 0.003067484662576687], [0.05247070809984717, 0.0881304126337239, 0.1859398879266429, 0.25776872134488027, 0.23841059602649006, 0.11156393275598574, 0.02750891492613347, 0.035150280183392765, 0.003056546102903719], [0.08215467950647005, 0.17062894974420703, 0.23292205838098104, 0.2500752332229913, 0.14444778814324405, 0.06470057177249473, 0.02708396027685826, 0.024375564249172435, 0.0036111947035811012], [0.042382588774341354, 0.08934707903780069, 0.17353951890034364, 0.25687285223367695, 0.2434135166093929, 0.11912943871706758, 0.03722794959908362, 0.03493699885452463, 0.003150057273768614], [0.0632777336510458, 0.1278792692613185, 0.20677786603124174, 0.2682022769393699, 0.1953931691818904, 0.0818109610802224, 0.03071220545406407, 0.020386550172094255, 0.005559968228752979], [0.0118006993006993, 0.04807692307692308, 0.13243006993006992, 0.24344405594405594, 0.28146853146853146, 0.16477272727272727, 0.05638111888111888, 0.05201048951048951, 0.009615384615384616], [0.06935483870967742, 0.1403225806451613, 0.2306451612903226, 0.19516129032258064, 0.1967741935483871, 0.07580645161290323, 0.0467741935483871, 0.03064516129032258, 0.014516129032258065], [0.03972303206997085, 0.08709912536443148, 0.18877551020408162, 0.2758746355685131, 0.21355685131195334, 0.11479591836734694, 0.03717201166180758, 0.03644314868804665, 0.006559766763848397], [0.04928211098176174, 0.11175785797438882, 0.19053162592161427, 0.25844004656577413, 0.2091579355840124, 0.1113698098564222, 0.03104384943733023, 0.03104384943733023, 0.007372914241365929], [0.2, 0.16, 0.24, 0.16, 0.12, 0.08, 0.04, 0.0, 0.0], [0.019894894894894894, 0.05386636636636637, 0.14846096096096095, 0.2533783783783784, 0.2484984984984985, 0.14189189189189189, 0.06118618618618619, 0.06644144144144144, 0.0063813813813813815], [0.01887620719929763, 0.05311676909569798, 0.12071992976294996, 0.24539069359086918, 0.2647058823529412, 0.15100965759438104, 0.05662862159789289, 0.0636523266022827, 0.025899912203687446], [0.03851118760757315, 0.0875645438898451, 0.15124784853700515, 0.23666092943201378, 0.22332185886402753, 0.1422117039586919, 0.05335628227194492, 0.05572289156626506, 0.01140275387263339], [0.030959752321981424, 0.04953560371517028, 0.2260061919504644, 0.30340557275541796, 0.2848297213622291, 0.07739938080495357, 0.02786377708978328, 0.0, 0.0], [0.01807312665091061, 0.048102321701654384, 0.1274850549145002, 0.24690671486167107, 0.2677603225357987, 0.1792020019463367, 0.053246211594605866, 0.050882802724871404, 0.00834144306965105], [0.017354327088840365, 0.05206298126652109, 0.18101367658889783, 0.3153660498793242, 0.2624985633835191, 0.11722790483852431, 0.035283300770026435, 0.018158832318124353, 0.0010343638662222733], [0.03281733746130031, 0.08730650154798762, 0.18761609907120744, 0.2458204334365325, 0.23405572755417955, 0.12074303405572756, 0.04860681114551084, 0.04055727554179567, 0.002476780185758514], [0.013333333333333334, 0.04357142857142857, 0.12047619047619047, 0.2288095238095238, 0.24023809523809525, 0.18333333333333332, 0.06595238095238096, 0.08119047619047619, 0.023095238095238096], [0.10996563573883161, 0.15893470790378006, 0.2259450171821306, 0.23281786941580757, 0.15120274914089346, 0.07474226804123711, 0.020618556701030927, 0.023195876288659795, 0.002577319587628866], [0.14836795252225518, 0.19584569732937684, 0.20178041543026706, 0.20771513353115728, 0.1632047477744807, 0.06528189910979229, 0.002967359050445104, 0.008902077151335312, 0.005934718100890208], [0.06137000254647314, 0.11790170613700025, 0.2179781003310415, 0.2724726254138019, 0.1823274764451235, 0.08403361344537816, 0.028775146422205244, 0.03132161955691368, 0.0038197097020626434], [0.029940119760479042, 0.06786427145708583, 0.13922155688622753, 0.24201596806387227, 0.23652694610778444, 0.13023952095808383, 0.06037924151696607, 0.06786427145708583, 0.02594810379241517], [0.021958243340532757, 0.058315334773218146, 0.17386609071274298, 0.2706983441324694, 0.22966162706983442, 0.14326853851691865, 0.04859611231101512, 0.04499640028797696, 0.008639308855291577], [0.03909805544062888, 0.10405461315680596, 0.2153496069507654, 0.26541166735622673, 0.21617707902358296, 0.09536615639222176, 0.03247827885808854, 0.029995862639635912, 0.002068680182043856], [0.025669033315128344, 0.07318405243036592, 0.1807755324959039, 0.27799016930639, 0.22829055161114145, 0.10595303113052977, 0.05352266521026761, 0.04369197160021846, 0.010922992900054615], [0.013703844689760183, 0.03425961172440046, 0.09592691282832128, 0.21088694328130947, 0.2554244385230301, 0.18424057860677578, 0.07537114579368101, 0.11039208222306814, 0.0197944423296536], [0.018110408029674886, 0.060658957015055644, 0.19288675540039277, 0.25965524765437487, 0.22518001309186123, 0.1293912284529784, 0.049094479598516254, 0.05389482871481562, 0.011128082042330352], [0.017935808684707365, 0.06513530522341095, 0.197293895531781, 0.30333543108873506, 0.2196349905601007, 0.12067337948395217, 0.03587161736941473, 0.03445563247325362, 0.005663939584644431], [0.015918958031837915, 0.04811866859623734, 0.1647973950795948, 0.3033646888567294, 0.2626628075253256, 0.13675832127351664, 0.034370477568740954, 0.029486251808972505, 0.004522431259044862], [0.375, 0.11363636363636363, 0.14772727272727273, 0.17045454545454544, 0.10227272727272728, 0.07954545454545454, 0.011363636363636364, 0.0, 0.0]]}, "ranksDetailed": {"labels": ["Unranked", "Combatatant", "Challenger", "Rival", "Duelist", "Elite"], "data": [[0.21495327102803738, 0.4392523364485981, 0.2523364485981308, 0.09345794392523364, 0.0, 0.0], [0.07632263660017347, 0.33217692974848223, 0.45446660884648743, 0.11188204683434519, 0.02168256721595837, 0.003469210754553339], [0.02536115569823435, 0.17399678972712682, 0.4388443017656501, 0.25585874799357944, 0.08731942215088283, 0.018619582664526485], [0.04547574626865672, 0.24486940298507462, 0.49137126865671643, 0.177705223880597, 0.03591417910447761, 0.0046641791044776115], [0.2926829268292683, 0.3170731707317073, 0.0975609756097561, 0.21951219512195122, 0.07317073170731707, 0.0], [0.01999223602484472, 0.2063276397515528, 0.48039596273291924, 0.20593944099378883, 0.06890527950310558, 0.01843944099378882], [0.0837549184935357, 0.3608768971332209, 0.40022484541877457, 0.09893198426082069, 0.0387858347386172, 0.017425519955030916], [0.40384615384615385, 0.4326923076923077, 0.125, 0.038461538461538464, 0.0, 0.0], [0.10593047034764826, 0.41267893660531696, 0.35316973415132924, 0.09345603271983641, 0.03169734151329243, 0.003067484662576687], [0.05247070809984717, 0.2740703005603668, 0.49617931737137033, 0.1390728476821192, 0.035150280183392765, 0.003056546102903719], [0.08215467950647005, 0.40355100812518807, 0.39452302136623535, 0.091784532049353, 0.024375564249172435, 0.0036111947035811012], [0.042382588774341354, 0.26288659793814434, 0.5002863688430699, 0.1563573883161512, 0.03493699885452463, 0.003150057273768614], [0.0632777336510458, 0.33465713529256025, 0.46359544612126025, 0.11252316653428647, 0.020386550172094255, 0.005559968228752979], [0.0118006993006993, 0.180506993006993, 0.5249125874125874, 0.22115384615384615, 0.05201048951048951, 0.009615384615384616], [0.06935483870967742, 0.3709677419354839, 0.3919354838709677, 0.12258064516129032, 0.03064516129032258, 0.014516129032258065], [0.03972303206997085, 0.2758746355685131, 0.48943148688046645, 0.1519679300291545, 0.03644314868804665, 0.006559766763848397], [0.04928211098176174, 0.30228948389600313, 0.4675979821497866, 0.14241365929375244, 0.03104384943733023, 0.007372914241365929], [0.2, 0.4, 0.28, 0.12, 0.0, 0.0], [0.019894894894894894, 0.20232732732732733, 0.5018768768768769, 0.20307807807807807, 0.06644144144144144, 0.0063813813813813815], [0.01887620719929763, 0.17383669885864794, 0.5100965759438104, 0.20763827919227393, 0.0636523266022827, 0.025899912203687446], [0.03851118760757315, 0.23881239242685026, 0.45998278829604133, 0.19556798623063684, 0.05572289156626506, 0.01140275387263339], [0.030959752321981424, 0.2755417956656347, 0.5882352941176471, 0.10526315789473684, 0.0, 0.0], [0.01807312665091061, 0.1755873766161546, 0.5146670373974698, 0.23244821354094258, 0.050882802724871404, 0.00834144306965105], [0.017354327088840365, 0.23307665785541892, 0.5778646132628433, 0.15251120560855075, 0.018158832318124353, 0.0010343638662222733], [0.03281733746130031, 0.27492260061919505, 0.47987616099071206, 0.16934984520123839, 0.04055727554179567, 0.002476780185758514], [0.013333333333333334, 0.16404761904761905, 0.46904761904761905, 0.24928571428571428, 0.08119047619047619, 0.023095238095238096], [0.10996563573883161, 0.3848797250859107, 0.38402061855670105, 0.09536082474226804, 0.023195876288659795, 0.002577319587628866], [0.14836795252225518, 0.39762611275964393, 0.37091988130563797, 0.06824925816023739, 0.008902077151335312, 0.005934718100890208], [0.06137000254647314, 0.3358798064680418, 0.4548001018589254, 0.1128087598675834, 0.03132161955691368, 0.0038197097020626434], [0.029940119760479042, 0.20708582834331338, 0.4785429141716567, 0.1906187624750499, 0.06786427145708583, 0.02594810379241517], [0.021958243340532757, 0.23218142548596113, 0.5003599712023038, 0.19186465082793377, 0.04499640028797696, 0.008639308855291577], [0.03909805544062888, 0.31940422010757136, 0.4815887463798097, 0.1278444352503103, 0.029995862639635912, 0.002068680182043856], [0.025669033315128344, 0.2539595849262698, 0.5062807209175314, 0.1594756963407974, 0.04369197160021846, 0.010922992900054615], [0.013703844689760183, 0.13018652455272173, 0.46631138180433956, 0.2596117244004568, 0.11039208222306814, 0.0197944423296536], [0.018110408029674886, 0.2535457124154484, 0.48483526074623606, 0.17848570805149466, 0.05389482871481562, 0.011128082042330352], [0.017935808684707365, 0.26242920075519194, 0.5229704216488358, 0.1565449968533669, 0.03445563247325362, 0.005663939584644431], [0.015918958031837915, 0.21291606367583213, 0.566027496382055, 0.1711287988422576, 0.029486251808972505, 0.004522431259044862], [0.375, 0.26136363636363635, 0.2727272727272727, 0.09090909090909091, 0.0, 0.0]]}}}, "eu": {"histType": {"histogram": {"labels": ["0", "100", "200", "300", "400", "500", "600", "700", "800", "900", "1000", "1100", "1200", "1300", "1400", "1500", "1600", "1700", "1800", "1900", "2000", "2100", "2200", "2300", "2400", "2500", "2600", "2700", "2800", "2900", "3000", "3100"], "data": [[0.0, 0.0, 0.0, 0.0, 0.013513513513513514, 0.013513513513513514, 0.02702702702702703, 0.04054054054054054, 0.08108108108108109, 0.10810810810810811, 0.08108108108108109, 0.0945945945945946, 0.12162162162162163, 0.08108108108108109, 0.06756756756756757, 0.10810810810810811, 0.04054054054054054, 0.04054054054054054, 0.02702702702702703, 0.02702702702702703, 0.013513513513513514, 0.013513513513513514, 0.0, 0.0, 0.0, 0.0, 0.0, 0.0, 0.0, 0.0, 0.0, 0.0], [0.0, 0.0, 0.0, 0.0009560229445506692, 0.0009560229445506692, 0.0038240917782026767, 0.008604206500956023, 0.006692160611854685, 0.029636711281070746, 0.036328871892925434, 0.05640535372848948, 0.0869980879541109, 0.10133843212237094, 0.12810707456978968, 0.14818355640535372, 0.11950286806883365, 0.1089866156787763, 0.04684512428298279, 0.058317399617590825, 0.02390057361376673, 0.009560229445506692, 0.017208413001912046, 0.0038240917782026767, 0.0038240917782026767, 0.0, 0.0, 0.0, 0.0, 0.0, 0.0, 0.0, 0.0], [0.0, 0.0, 0.0, 0.0, 0.0003713330857779428, 0.0007426661715558856, 0.0011139992573338284, 0.003713330857779428, 0.009654660230226514, 0.015595989602673598, 0.025993316004455997, 0.0363906424062384, 0.05718529520980319, 0.077979948013368, 0.1032305978462681, 0.09691793538804308, 0.1422205718529521, 0.09171927218715188, 0.14853323431117713, 0.061269959153360566, 0.036019309320460456, 0.043074637950241364, 0.01708132194578537, 0.010768659487560341, 0.015224656516895656, 0.0029706646862235424, 0.0022279985146676567, 0.0, 0.0, 0.0, 0.0, 0.0], [0.0, 0.0, 0.0, 0.00041762372102735435, 0.00020881186051367718, 0.00020881186051367718, 0.0016704948841094174, 0.006055543954896638, 0.009396533723115472, 0.01691376070160785, 0.03549801628732512, 0.05011484652328252, 0.0714136562956776, 0.09271246606807267, 0.1217373146794738, 0.13050741282104825, 0.14930048026727918, 0.09897682188348299, 0.11150553351430362, 0.04510336187095427, 0.019419503027771977, 0.022551680935477134, 0.006473167675923992, 0.0031321779077051574, 0.0045938609313008975, 0.0014616830235957402, 0.0006264355815410315, 0.0, 0.0, 0.0, 0.0, 0.0], [0.0, 0.0, 0.0, 0.0, 0.0, 0.0, 0.04878048780487805, 0.07317073170731707, 0.0975609756097561, 0.024390243902439025, 0.12195121951219512, 0.12195121951219512, 0.024390243902439025, 0.04878048780487805, 0.14634146341463414, 0.07317073170731707, 0.04878048780487805, 0.07317073170731707, 0.0, 0.024390243902439025, 0.024390243902439025, 0.024390243902439025, 0.0, 0.0, 0.024390243902439025, 0.0, 0.0, 0.0, 0.0, 0.0, 0.0, 0.0], [0.0, 0.0003837298541826554, 0.0001918649270913277, 0.0001918649270913277, 0.0005755947812739831, 0.0001918649270913277, 0.0001918649270913277, 0.003837298541826554, 0.004412893323100537, 0.011128165771297006, 0.019378357636224097, 0.03069838833461243, 0.05621642363775902, 0.08768227168073676, 0.10936300844205679, 0.11435149654643131, 0.13737528779739064, 0.0976592478894858, 0.1218342287029931, 0.062356101304681506, 0.037989255564082884, 0.04873369148119724, 0.023215656178050652, 0.008058326937835763, 0.01419800460475825, 0.0061396776669224865, 0.0030698388334612432, 0.0005755947812739831, 0.0, 0.0, 0.0, 0.0], [0.0, 0.0005107252298263534, 0.0005107252298263534, 0.0015321756894790602, 0.0010214504596527069, 0.003575076608784474, 0.0056179775280898875, 0.015321756894790603, 0.03115423901940756, 0.03626149131767109, 0.06332992849846783, 0.07763023493360573, 0.09805924412665985, 0.11338100102145046, 0.10980592441266598, 0.10469867211440245, 0.09703779366700716, 0.05720122574055159, 0.06128702757916241, 0.030643513789581207, 0.020429009193054137, 0.02349336057201226, 0.016853932584269662, 0.009193054136874362, 0.01174668028600613, 0.003575076608784474, 0.006128702757916241, 0.0, 0.0, 0.0, 0.0, 0.0], [0.0, 0.0, 0.0, 0.0, 0.015151515151515152, 0.015151515151515152, 0.0, 0.13636363636363635, 0.07575757575757576, 0.09090909090909091, 0.09090909090909091, 0.10606060606060606, 0.07575757575757576, 0.07575757575757576, 0.06060606060606061, 0.13636363636363635, 0.09090909090909091, 0.030303030303030304, 0.0, 0.0, 0.0, 0.0, 0.0, 0.0, 0.0, 0.0, 0.0, 0.0, 0.0, 0.0, 0.0, 0.0], [0.0006087662337662338, 0.00020292207792207794, 0.0006087662337662338, 0.0012175324675324675, 0.0006087662337662338, 0.002232142857142857, 0.006493506493506494, 0.012987012987012988, 0.030032467532467532, 0.049512987012987016, 0.0789366883116883, 0.09314123376623376, 0.12804383116883117, 0.12459415584415584, 0.10978084415584416, 0.09415584415584416, 0.08238636363636363, 0.05093344155844156, 0.048904220779220776, 0.0294237012987013, 0.019074675324675324, 0.0174512987012987, 0.00872564935064935, 0.004667207792207792, 0.004261363636363636, 0.0010146103896103895, 0.0, 0.0, 0.0, 0.0, 0.0, 0.0], [0.0, 0.0, 0.0, 0.0, 0.0, 0.0019455252918287938, 0.0019455252918287938, 0.007133592736705577, 0.01297016861219196, 0.019455252918287938, 0.04928664072632944, 0.04928664072632944, 0.07457846952010376, 0.10570687418936446, 0.13553826199740596, 0.12062256809338522, 0.14850843060959792, 0.07717250324254216, 0.09792477302204929, 0.029182879377431907, 0.028534370946822308, 0.021400778210116732, 0.011024643320363165, 0.0025940337224383916, 0.00324254215304799, 0.0019455252918287938, 0.0, 0.0, 0.0, 0.0, 0.0, 0.0], [0.0003713330857779428, 0.0, 0.0, 0.0, 0.001856665428889714, 0.0029706646862235424, 0.0029706646862235424, 0.011139992573338284, 0.02525064983290011, 0.0415893056071296, 0.06349795766802822, 0.08911994058670628, 0.11994058670627553, 0.12179725213516525, 0.12439658373561084, 0.09728926847382102, 0.09431860378759747, 0.05607129595246937, 0.061269959153360566, 0.030820646119569254, 0.017823988117341254, 0.0181953212031192, 0.0103973264017824, 0.004455997029335313, 0.0025993316004456, 0.001856665428889714, 0.0, 0.0, 0.0, 0.0, 0.0, 0.0], [0.0, 0.0, 0.0, 0.0003074085459575776, 0.0006148170919151552, 0.0012296341838303104, 0.0018444512757454657, 0.00522594528127882, 0.014140793114048571, 0.023670458038733477, 0.036889025514909315, 0.05041500153704273, 0.08484475868429142, 0.09037811251152782, 0.12265600983707348, 0.1152782047340916, 0.14755610205963726, 0.09160774669535814, 0.10052259452812788, 0.04580387334767907, 0.022748232400860744, 0.022748232400860744, 0.012296341838303105, 0.001537042729787888, 0.004918536735321242, 0.001537042729787888, 0.0006148170919151552, 0.0003074085459575776, 0.0, 0.0, 0.0003074085459575776, 0.0], [0.0003246753246753247, 0.0, 0.0003246753246753247, 0.0012987012987012987, 0.0006493506493506494, 0.0003246753246753247, 0.002922077922077922, 0.010714285714285714, 0.01818181818181818, 0.02564935064935065, 0.05162337662337663, 0.0711038961038961, 0.10584415584415584, 0.11233766233766233, 0.1418831168831169, 0.12337662337662338, 0.10909090909090909, 0.07012987012987013, 0.0698051948051948, 0.03116883116883117, 0.018506493506493506, 0.016233766233766232, 0.008116883116883116, 0.0025974025974025974, 0.00487012987012987, 0.001948051948051948, 0.000974025974025974, 0.0, 0.0, 0.0, 0.0, 0.0], [0.0, 0.0, 0.0, 0.0003957261574990107, 0.0003957261574990107, 0.0, 0.0007914523149980214, 0.0015829046299960427, 0.00554016620498615, 0.007518796992481203, 0.01780767708745548, 0.025326474079936684, 0.05738029283735655, 0.08270676691729323, 0.11792639493470518, 0.1369212504946577, 0.1598733676296003, 0.11990502572220024, 0.11040759794222398, 0.054610209734863475, 0.033636723387415905, 0.03759398496240601, 0.013454689354966362, 0.007123070834982192, 0.00554016620498615, 0.0015829046299960427, 0.0015829046299960427, 0.0003957261574990107, 0.0, 0.0, 0.0, 0.0], [0.0, 0.0, 0.001949317738791423, 0.0, 0.0, 0.003898635477582846, 0.011695906432748537, 0.009746588693957114, 0.023391812865497075, 0.04093567251461988, 0.05458089668615984, 0.07212475633528265, 0.08187134502923976, 0.1111111111111111, 0.11500974658869395, 0.10526315789473684, 0.09941520467836257, 0.07797270955165692, 0.08187134502923976, 0.029239766081871343, 0.023391812865497075, 0.021442495126705652,