{"region": {"us": {"histType": {"histogram": {"labels": ["0", "100", "200", "300", "400", "500", "600", "700", "800", "900", "1000", "1100", "1200", "1300", "1400", "1500", "1600", "1700", "1800", "1900", "2000", "2100", "2200", "2300", "2400", "2500", "2600", "2700", "2800", "2900", "3000", "3100"], "data": [[0.0, 0.0, 0.0, 0.0, 0.0, 0.0, 0.0273972602739726, 0.0136986301369863, 0.1095890410958904, 0.1095890410958904, 0.0684931506849315, 0.1506849315068493, 0.0821917808219178, 0.136986301369863, 0.1232876712328767, 0.0410958904109589, 0.0410958904109589, 0.0273972602739726, 0.0684931506849315, 0.0, 0.0, 0.0, 0.0, 0.0, 0.0, 0.0, 0.0, 0.0, 0.0, 0.0, 0.0, 0.0], [0.0, 0.0021344717182497333, 0.0, 0.0010672358591248667, 0.0010672358591248667, 0.0021344717182497333, 0.005336179295624333, 0.013874066168623266, 0.0192102454642476, 0.0384204909284952, 0.0576307363927428, 0.06830309498399147, 0.11312700106723586, 0.11953041622198506, 0.16115261472785486, 0.10458911419423693, 0.09498399146211313, 0.06296691568836713, 0.07790821771611527, 0.017075773745997867, 0.013874066168623266, 0.016008537886873, 0.0064034151547491995, 0.0032017075773745998, 0.0, 0.0, 0.0, 0.0, 0.0, 0.0, 0.0, 0.0], [0.0, 0.0, 0.0, 0.0, 0.0010136847440446021, 0.0005068423720223011, 0.002534211860111505, 0.0030410542321338066, 0.015205271160669031, 0.01926001013684744, 0.030410542321338063, 0.048656867714140906, 0.08920425747592499, 0.11758743030917385, 0.12924480486568676, 0.13329954384186518, 0.1338063862138875, 0.08565636087176888, 0.10542321338063862, 0.03598580841358338, 0.017739483020780537, 0.016725798276735936, 0.00963000506842372, 0.0035478966041561076, 0.0015205271160669033, 0.0, 0.0, 0.0, 0.0, 0.0, 0.0, 0.0], [0.0, 0.00028843380444188056, 0.0, 0.0, 0.00028843380444188056, 0.0008653014133256418, 0.0037496394577444477, 0.0054802422843957315, 0.015286991635419672, 0.025959042399769254, 0.042111335448514566, 0.04326507066628209, 0.07960773002595904, 0.1009518315546582, 0.12662244014998558, 0.12864147678107873, 0.15258148254975484, 0.09374098644361119, 0.09258725122584367, 0.037784828381886355, 0.017882895875396595, 0.018459763484280356, 0.006633977502163254, 0.004038073262186328, 0.002019036631093164, 0.0011537352177675222, 0.0, 0.0, 0.0, 0.0, 0.0, 0.0], [0.0, 0.0, 0.0, 0.0, 0.03333333333333333, 0.0, 0.0, 0.06666666666666667, 0.06666666666666667, 0.06666666666666667, 0.06666666666666667, 0.13333333333333333, 0.0, 0.1, 0.0, 0.0, 0.1, 0.1, 0.1, 0.06666666666666667, 0.03333333333333333, 0.0, 0.03333333333333333, 0.03333333333333333, 0.0, 0.0, 0.0, 0.0, 0.0, 0.0, 0.0, 0.0], [0.0, 0.0, 0.0, 0.0, 0.0, 0.0, 0.0007070469007777516, 0.003535234503888758, 0.005185010605703512, 0.019090266320999295, 0.025689370728258307, 0.03818053264199859, 0.07164741927881216, 0.09568701390525572, 0.11972660853169927, 0.12255479613481028, 0.14683007306151308, 0.09686542540655196, 0.10629271741692199, 0.04902191845392411, 0.028517558331369316, 0.03700212114070233, 0.015790714117369785, 0.0056563752062220125, 0.008484562809333018, 0.003535234503888758, 0.0, 0.0, 0.0, 0.0, 0.0, 0.0], [0.0, 0.0, 0.0, 0.001366120218579235, 0.001366120218579235, 0.00273224043715847, 0.006147540983606557, 0.01092896174863388, 0.025273224043715847, 0.03961748633879782, 0.05874316939890711, 0.08265027322404371, 0.11270491803278689, 0.1284153005464481, 0.13319672131147542, 0.10450819672131148, 0.09972677595628415, 0.05874316939890711, 0.04781420765027322, 0.02390710382513661, 0.012295081967213115, 0.018442622950819672, 0.015027322404371584, 0.008879781420765027, 0.00546448087431694, 0.001366120218579235, 0.0006830601092896175, 0.0, 0.0, 0.0, 0.0, 0.0], [0.0, 0.0, 0.012048192771084338, 0.012048192771084338, 0.012048192771084338, 0.0, 0.04819277108433735, 0.12048192771084337, 0.14457831325301204, 0.13253012048192772, 0.08433734939759036, 0.13253012048192772, 0.10843373493975904, 0.060240963855421686, 0.060240963855421686, 0.012048192771084338, 0.012048192771084338, 0.03614457831325301, 0.012048192771084338, 0.0, 0.0, 0.0, 0.0, 0.0, 0.0, 0.0, 0.0, 0.0, 0.0, 0.0, 0.0, 0.0], [0.0004895960832313342, 0.0002447980416156671, 0.0012239902080783353, 0.0009791921664626683, 0.0017135862913096695, 0.004651162790697674, 0.007099143206854345, 0.014687882496940025, 0.02839657282741738, 0.06046511627906977, 0.07686658506731946, 0.0974296205630355, 0.12166462668298654, 0.13023255813953488, 0.1160342717258262, 0.08665850673194614, 0.07441860465116279, 0.047980416156670744, 0.046511627906976744, 0.028886168910648716, 0.020318237454100368, 0.017870257037943697, 0.01003671970624235, 0.002937576499388005, 0.0012239902080783353, 0.0009791921664626683, 0.0, 0.0, 0.0, 0.0, 0.0, 0.0], [0.0, 0.0, 0.0, 0.0005841121495327102, 0.0, 0.0005841121495327102, 0.005841121495327103, 0.005841121495327103, 0.015186915887850467, 0.02570093457943925, 0.04030373831775701, 0.056074766355140186, 0.08235981308411215, 0.11682242990654206, 0.12207943925233646, 0.13434579439252337, 0.15478971962616822, 0.0794392523364486, 0.08060747663551401, 0.030373831775700934, 0.014018691588785047, 0.019275700934579438, 0.008761682242990653, 0.0040887850467289715, 0.0029205607476635513, 0.0, 0.0, 0.0, 0.0, 0.0, 0.0, 0.0], [0.000375234521575985, 0.0, 0.000375234521575985, 0.001876172607879925, 0.001876172607879925, 0.00300187617260788, 0.007129455909943715, 0.00975609756097561, 0.02401500938086304, 0.04465290806754221, 0.08480300187617261, 0.08592870544090056, 0.1200750469043152, 0.13208255159474672, 0.1324577861163227, 0.100187617260788, 0.08893058161350845, 0.04803001876172608, 0.049906191369606, 0.025140712945590993, 0.013883677298311446, 0.01125703564727955, 0.008630393996247656, 0.002626641651031895, 0.002626641651031895, 0.000375234521575985, 0.0, 0.0, 0.0, 0.0, 0.0, 0.0], [0.0, 0.0, 0.0, 0.0, 0.0, 0.0009819967266775777, 0.0029459901800327334, 0.005891980360065467, 0.014075286415711947, 0.02258592471358429, 0.036333878887070375, 0.05695581014729951, 0.07986906710310966, 0.09296235679214403, 0.13911620294599017, 0.12635024549918167, 0.15810147299509, 0.07823240589198036, 0.09656301145662848, 0.03600654664484452, 0.014402618657937807, 0.022913256955810146, 0.007855973813420621, 0.00425531914893617, 0.003600654664484452, 0.0, 0.0, 0.0, 0.0, 0.0, 0.0, 0.0], [0.0, 0.0, 0.0, 0.0010366275051831375, 0.0003455425017277125, 0.00138217000691085, 0.00414651002073255, 0.005874222529371113, 0.019350380096751902, 0.04111955770559779, 0.06738078783690393, 0.08327574291637871, 0.10642709053213545, 0.12370421561852107, 0.1492743607463718, 0.11333794056668971, 0.10677263303386317, 0.05563234277816172, 0.06323427781617139, 0.022460262612301312, 0.013130615065653075, 0.010366275051831375, 0.006219765031098825, 0.0027643400138217, 0.00138217000691085, 0.00138217000691085, 0.0, 0.0, 0.0, 0.0, 0.0, 0.0], [0.0, 0.0, 0.0, 0.0, 0.0, 0.0, 0.0, 0.0010335917312661498, 0.002583979328165375, 0.005684754521963824, 0.022739018087855296, 0.03152454780361757, 0.059948320413436694, 0.08423772609819122, 0.11886304909560723, 0.1297157622739018, 0.17622739018087855, 0.10801033591731266, 0.11472868217054263, 0.05839793281653747, 0.031007751937984496, 0.034108527131782945, 0.010852713178294573, 0.00516795865633075, 0.0036175710594315244, 0.0015503875968992248, 0.0, 0.0, 0.0, 0.0, 0.0, 0.0], [0.0, 0.0, 0.0, 0.002028397565922921, 0.002028397565922921, 0.0, 0.0, 0.012170385395537525, 0.02028397565922921, 0.034482758620689655, 0.060851926977687626, 0.10953346855983773, 0.10547667342799188, 0.11967545638945233, 0.09533468559837728, 0.0973630831643002, 0.10344827586206896, 0.07707910750507099, 0.056795131845841784, 0.038539553752535496, 0.02231237322515213, 0.012170385395537525, 0.010141987829614604, 0.008113590263691683, 0.012170385395537525, 0.0, 0.0, 0.0, 0.0, 0.0, 0.0, 0.0], [0.0004280821917808219, 0.0, 0.0004280821917808219, 0.0, 0.0004280821917808219, 0.0008561643835616438, 0.0017123287671232876, 0.008561643835616438, 0.010273972602739725, 0.01797945205479452, 0.03809931506849315, 0.04794520547945205, 0.08904109589041095, 0.10873287671232877, 0.14726027397260275, 0.1348458904109589, 0.1348458904109589, 0.08133561643835617, 0.0821917808219178, 0.03767123287671233, 0.02054794520547945, 0.02011986301369863, 0.006421232876712328, 0.0029965753424657533, 0.006421232876712328, 0.0008561643835616438, 0.0, 0.0, 0.0, 0.0, 0.0, 0.0], [0.0, 0.0, 0.0, 0.0, 0.0010509721492380452, 0.0010509721492380452, 0.004203888596952181, 0.009458749343142408, 0.015239096163951655, 0.03047819232790331, 0.0651602732527588, 0.0814503415659485, 0.11245401996847083, 0.13242249080399368, 0.14030478192327903, 0.10194429847609038, 0.12191276931161324, 0.06095638465580662, 0.07356805044666316, 0.01786652653704677, 0.010509721492380452, 0.011560693641618497, 0.0031529164477141357, 0.0021019442984760903, 0.002627430373095113, 0.0005254860746190226, 0.0, 0.0, 0.0, 0.0, 0.0, 0.0], [0.0, 0.0, 0.0, 0.0, 0.0, 0.0, 0.0, 0.0, 0.047619047619047616, 0.14285714285714285, 0.047619047619047616, 0.19047619047619047, 0.09523809523809523, 0.047619047619047616, 0.14285714285714285, 0.047619047619047616, 0.09523809523809523, 0.0, 0.047619047619047616, 0.047619047619047616, 0.047619047619047616, 0.0, 0.0, 0.0, 0.0, 0.0, 0.0, 0.0, 0.0, 0.0, 0.0, 0.0], [0.00021454623471358077, 0.00021454623471358077, 0.0, 0.0, 0.00021454623471358077, 0.0, 0.0008581849388543231, 0.001930916112422227, 0.006221840806693842, 0.012014589143960523, 0.02724737180862476, 0.037545591074876636, 0.06822570263891868, 0.09053851104913109, 0.11649860544947437, 0.12314953872559536, 0.14632053207466209, 0.09654580562111136, 0.10405492383608668, 0.06350568547521991, 0.03540012872774083, 0.044625616820424804, 0.014374597725809912, 0.0064363870414074235, 0.003861832224844454, 0.0, 0.0, 0.0, 0.0, 0.0, 0.0, 0.0], [0.0, 0.0, 0.0, 0.0012004801920768306, 0.0, 0.0, 0.003001200480192077, 0.0024009603841536613, 0.004801920768307323, 0.008403361344537815, 0.028211284513805522, 0.03841536614645858, 0.06962785114045618, 0.09003601440576231, 0.13205282112845138, 0.13085234093637454, 0.15066026410564226, 0.09903961584633854, 0.10444177671068428, 0.04201680672268908, 0.02701080432172869, 0.03181272509003601, 0.015606242496998799, 0.008403361344537815, 0.01020408163265306, 0.001800720288115246, 0.0, 0.0, 0.0, 0.0, 0.0, 0.0], [0.0003935458480913026, 0.0, 0.0003935458480913026, 0.0011806375442739079, 0.0027548209366391185, 0.003148366784730421, 0.0035419126328217238, 0.012199921290830381, 0.020070838252656435, 0.03345139708776072, 0.0735930735930736, 0.09523809523809523, 0.11767020857929948, 0.14639905548996457, 0.13183785911058638, 0.10310901219992129, 0.1058638331365604, 0.0444706808343172, 0.05548996458087367, 0.01967729240456513, 0.014561196379378197, 0.009838646202282565, 0.004329004329004329, 0.0, 0.0007870916961826052, 0.0, 0.0, 0.0, 0.0, 0.0, 0.0, 0.0], [0.0, 0.0, 0.0, 0.0, 0.0, 0.0035087719298245615, 0.0, 0.007017543859649123, 0.014035087719298246, 0.007017543859649123, 0.014035087719298246, 0.03859649122807018, 0.0912280701754386, 0.15789473684210525, 0.17192982456140352, 0.1368421052631579, 0.1824561403508772, 0.0912280701754386, 0.05263157894736842, 0.028070175438596492, 0.0035087719298245615, 0.0, 0.0, 0.0, 0.0, 0.0, 0.0, 0.0, 0.0, 0.0, 0.0, 0.0], [0.0, 0.0, 0.0001602307322544464, 0.0001602307322544464, 0.0001602307322544464, 0.0001602307322544464, 0.0004806921967633392, 0.0012818458580355712, 0.005127383432142285, 0.012818458580355713, 0.022592533247876943, 0.03749399134754046, 0.06777759974363083, 0.08684505688190995, 0.13892004486460502, 0.12850504726806602, 0.15894888639641083, 0.08924851786572664, 0.12834481653581156, 0.048710142605351704, 0.021791379586604712, 0.029322224002563693, 0.010895689793302356, 0.0033648453773433744, 0.005447844896651178, 0.0014420765902900176, 0.0, 0.0, 0.0, 0.0, 0.0, 0.0], [0.0, 0.00012445550715619165, 0.0002489110143123833, 0.0, 0.000373366521468575, 0.0008711885500933416, 0.0006222775357809583, 0.0021157436216552583, 0.0026135656502800247, 0.010205351586807717, 0.01879278158058494, 0.04019912881144991, 0.07803360298693217, 0.12121966397013068, 0.1568139390168015, 0.15706285003111387, 0.15917859365276912, 0.08836341008089608, 0.09047915370255134, 0.03758556316116988, 0.017797137523335407, 0.010952084629744866, 0.004231487243310517, 0.0017423771001866832, 0.000373366521468575, 0.0, 0.0, 0.0, 0.0, 0.0, 0.0, 0.0], [0.0, 0.0, 0.0004361098996947231, 0.0, 0.0, 0.0017444395987788923, 0.002180549498473615, 0.00436109899694723, 0.0113388573920628, 0.019188835586567816, 0.04012211077191452, 0.0623637156563454, 0.10292193632795464, 0.10641081552551243, 0.13693850850414305, 0.11077191452245966, 0.12341910161360663, 0.08809419973833406, 0.08416921064108156, 0.044483209768861755, 0.02136938508504143, 0.021805494984736152, 0.012211077191452245, 0.00436109899694723, 0.0013083296990841692, 0.0, 0.0, 0.0, 0.0, 0.0, 0.0, 0.0], [0.0, 0.0, 0.0, 0.0, 0.000588235294117647, 0.0, 0.0008823529411764706, 0.0008823529411764706, 0.004705882352941176, 0.007352941176470588, 0.018823529411764704, 0.02911764705882353, 0.05352941176470588, 0.08352941176470588, 0.11088235294117647, 0.12794117647058822, 0.15205882352941177, 0.08794117647058823, 0.14411764705882352, 0.060588235294117644, 0.032058823529411765, 0.039705882352941174, 0.021176470588235293, 0.011764705882352941, 0.007352941176470588, 0.003823529411764706, 0.001176470588235294, 0.0, 0.0, 0.0, 0.0, 0.0], [0.0, 0.0010245901639344263, 0.0, 0.0020491803278688526, 0.0, 0.005122950819672131, 0.005122950819672131, 0.01639344262295082, 0.039959016393442626, 0.05225409836065574, 0.07274590163934426, 0.09836065573770492, 0.0942622950819672, 0.13319672131147542, 0.11885245901639344, 0.10348360655737705, 0.0860655737704918, 0.055327868852459015, 0.06147540983606557, 0.02151639344262295, 0.014344262295081968, 0.014344262295081968, 0.0020491803278688526, 0.0, 0.0020491803278688526, 0.0, 0.0, 0.0, 0.0, 0.0, 0.0, 0.0], [0.0, 0.0, 0.0, 0.0, 0.0, 0.0, 0.008, 0.036, 0.048, 0.064, 0.128, 0.088, 0.068, 0.132, 0.128, 0.112, 0.068, 0.04, 0.056, 0.016, 0.0, 0.004, 0.0, 0.0, 0.004, 0.0, 0.0, 0.0, 0.0, 0.0, 0.0, 0.0], [0.00030950170225936243, 0.0, 0.0, 0.0, 0.0009285051067780873, 0.0024760136180748994, 0.004642525533890436, 0.009904054472299598, 0.017641597028783658, 0.028783658310120707, 0.05044877746827608, 0.07706592386258125, 0.10584958217270195, 0.13184772516248838, 0.13896626431445372, 0.11761064685855772, 0.1095636025998143, 0.056638811513463325, 0.07304240173320953, 0.026307644692045808, 0.013927576601671309, 0.022593624264933457, 0.005261528938409161, 0.002785515320334262, 0.002166511915815537, 0.0009285051067780873, 0.00030950170225936243, 0.0, 0.0, 0.0, 0.0, 0.0], [0.0, 0.0, 0.0, 0.0, 0.0, 0.0011641443538998836, 0.002910360884749709, 0.002910360884749709, 0.005238649592549476, 0.017462165308498253, 0.029685681024447033, 0.042491268917345754, 0.06635622817229336, 0.08672875436554132, 0.11525029103608847, 0.11932479627473806, 0.1478463329452852, 0.08556461001164144, 0.10593713620488941, 0.044819557625145515, 0.03608847497089639, 0.03667054714784633, 0.024447031431897557, 0.011641443538998836, 0.013969732246798603, 0.0034924330616996507, 0.0, 0.0, 0.0, 0.0, 0.0, 0.0], [0.0, 0.0, 0.0, 0.0, 0.0, 0.0004268032437046522, 0.0008536064874093043, 0.002134016218523261, 0.00597524541186513, 0.01365770379854887, 0.023047375160051217, 0.03969270166453265, 0.06828851899274435, 0.12078531796841656, 0.1399914639351259, 0.13017498932991892, 0.14084507042253522, 0.08279982927870252, 0.10456679470763978, 0.046094750320102434, 0.031156636790439608, 0.030303030303030304, 0.009389671361502348, 0.005121638924455826, 0.002560819462227913, 0.002134016218523261, 0.0, 0.0, 0.0, 0.0, 0.0, 0.0], [0.00024067388688327315, 0.0, 0.00024067388688327315, 0.0007220216606498195, 0.00024067388688327315, 0.0033694344163658243, 0.002647412755716005, 0.00529482551143201, 0.010348977135980746, 0.02190132370637786, 0.04789410348977136, 0.0628158844765343, 0.10012033694344163, 0.12370637785800241, 0.12611311672683514, 0.12803850782190132, 0.1263537906137184, 0.08351383874849579, 0.07148014440433213, 0.03417569193742479, 0.023104693140794223, 0.01588447653429603, 0.008904933814681108, 0.0019253910950661852, 0.0009626955475330926, 0.0, 0.0, 0.0, 0.0, 0.0, 0.0, 0.0], [0.0, 0.0, 0.0, 0.0, 0.0007178750897343862, 0.0, 0.0, 0.0007178750897343862, 0.00574300071787509, 0.012921751615218953, 0.040918880114860015, 0.05168700646087581, 0.09260588657573582, 0.11127063890882986, 0.12849964106245512, 0.15577889447236182, 0.12132089016511127, 0.08758076094759512, 0.07178750897343862, 0.04737975592246949, 0.03015075376884422, 0.020100502512562814, 0.012203876525484566, 0.0021536252692031586, 0.00574300071787509, 0.0007178750897343862, 0.0, 0.0, 0.0, 0.0, 0.0, 0.0], [0.0, 0.0, 0.0, 0.0, 0.0, 0.0009319664492078285, 0.0013979496738117428, 0.001863932898415657, 0.004659832246039142, 0.004193849021435228, 0.008387698042870456, 0.025629077353215284, 0.03727865796831314, 0.06057781919850885, 0.09179869524697111, 0.10950605778191985, 0.15051258154706432, 0.10018639328984157, 0.1439888164026095, 0.08247903075489282, 0.045666356011183594, 0.0684995340167754, 0.028890959925442685, 0.01537744641192917, 0.013979496738117428, 0.003727865796831314, 0.00046598322460391424, 0.0, 0.0, 0.0, 0.0, 0.0], [0.0, 0.0, 0.0, 0.0, 0.00023998080153587713, 0.0, 0.00047996160307175426, 0.0026397888168946484, 0.004319654427645789, 0.01079913606911447, 0.019678425725941924, 0.04655627549796016, 0.0787137029037677, 0.11471082313414926, 0.14086873050155987, 0.1238300935925126, 0.12838972882169428, 0.08519318454523638, 0.11087113030957524, 0.04631629469642429, 0.029517638588912886, 0.032157427405807536, 0.015598752099832013, 0.0031197504199664025, 0.005759539236861051, 0.00023998080153587713, 0.0, 0.0, 0.0, 0.0, 0.0, 0.0], [0.0, 0.0, 0.0001818181818181818, 0.0, 0.0, 0.0001818181818181818, 0.0003636363636363636, 0.0023636363636363638, 0.004545454545454545, 0.014727272727272728, 0.030363636363636363, 0.054, 0.09563636363636363, 0.13036363636363638, 0.15636363636363637, 0.14, 0.13236363636363635, 0.06509090909090909, 0.09036363636363637, 0.03218181818181818, 0.01781818181818182, 0.019636363636363636, 0.006363636363636364, 0.002909090909090909, 0.0025454545454545456, 0.0016363636363636363, 0.0, 0.0, 0.0, 0.0, 0.0, 0.0], [0.0, 0.0, 0.0, 0.0, 0.0, 0.00042498937526561835, 0.0010624734381640458, 0.0016999575010624734, 0.006162345941351466, 0.010837229069273268, 0.019762005949851252, 0.0416489587760306, 0.0718232044198895, 0.1134721631959201, 0.1432214194645134, 0.15214619634509138, 0.1685082872928177, 0.08011049723756906, 0.10794730131746706, 0.032936676583085425, 0.017424564385890354, 0.020399490012749683, 0.005737356566085848, 0.0021249468763280916, 0.0025499362515937103, 0.0, 0.0, 0.0, 0.0, 0.0, 0.0, 0.0], [0.0, 0.015384615384615385, 0.0, 0.0, 0.0, 0.046153846153846156, 0.046153846153846156, 0.13846153846153847, 0.07692307692307693, 0.09230769230769231, 0.046153846153846156, 0.03076923076923077, 0.07692307692307693, 0.06153846153846154, 0.09230769230769231, 0.09230769230769231, 0.03076923076923077, 0.07692307692307693, 0.06153846153846154, 0.0, 0.015384615384615385, 0.0, 0.0, 0.0, 0.0, 0.0, 0.0, 0.0, 0.0, 0.0, 0.0, 0.0]]}, "ranks": {"labels": ["Unranked", "Combatatent I", "Combatatent II", "Challenger I", "Challenger II", "Rival I", "Rival II", "Duelist", "Elite"], "data": [[0.2602739726027397, 0.2191780821917808, 0.2191780821917808, 0.1643835616438356, 0.0684931506849315, 0.0684931506849315, 0.0, 0.0, 0.0], [0.0832443970117396, 0.12593383137673425, 0.23265741728922093, 0.2657417289220918, 0.15795090715048027, 0.08537886872998933, 0.023479188900747065, 0.025613660618996798, 0.0], [0.04156107450582869, 0.07906741003547897, 0.20679168778509882, 0.26254434870755194, 0.21946274708565636, 0.12366953877344146, 0.035478966041561075, 0.029903699949315764, 0.0015205271160669033], [0.05191808479953851, 0.08537640611479666, 0.18055956158061726, 0.2552639169310643, 0.24632246899336602, 0.11566195558119412, 0.03259301990193251, 0.02913181424862994, 0.0031727718488606866], [0.23333333333333334, 0.2, 0.1, 0.0, 0.2, 0.16666666666666666, 0.03333333333333333, 0.06666666666666667, 0.0], [0.028517558331369316, 0.0638699033702569, 0.16733443318406788, 0.24228140466650955, 0.24369549846806504, 0.13410322884751355, 0.049728965354701865, 0.05844921046429413, 0.012019797313221777], [0.08743169398907104, 0.1413934426229508, 0.24112021857923496, 0.23770491803278687, 0.15846994535519127, 0.060792349726775954, 0.023224043715846996, 0.04234972677595628, 0.007513661202185792], [0.4819277108433735, 0.21686746987951808, 0.1686746987951807, 0.07228915662650602, 0.04819277108433735, 0.012048192771084338, 0.0, 0.0, 0.0], [0.11995104039167687, 0.17429620563035494, 0.25189718482252144, 0.20269277845777234, 0.12239902080783353, 0.0609547123623011, 0.03476132190942473, 0.03084455324357405, 0.002203182374541004], [0.053738317757009345, 0.0963785046728972, 0.1991822429906542, 0.2564252336448598, 0.23422897196261683, 0.09988317757009346, 0.02511682242990654, 0.03212616822429906, 0.0029205607476635513], [0.09305816135084428, 0.17073170731707318, 0.25215759849906194, 0.2326454033771107, 0.13696060037523453, 0.06416510318949344, 0.02476547842401501, 0.0225140712945591, 0.00300187617260788], [0.04648117839607201, 0.09328968903436989, 0.1728314238952537, 0.26546644844517187, 0.2363338788870704, 0.1181669394435352, 0.028805237315875615, 0.03502454991816694, 0.003600654664484452], [0.07325501036627505, 0.15065653075328264, 0.23013130615065652, 0.2626123013130615, 0.16240497581202487, 0.07498272287491362, 0.023842432619212164, 0.019350380096751902, 0.0027643400138217], [0.009302325581395349, 0.05426356589147287, 0.14418604651162792, 0.24857881136950905, 0.2842377260981912, 0.1524547803617571, 0.05167958656330749, 0.050129198966408266, 0.00516795865633075], [0.07099391480730223, 0.17038539553752535, 0.22515212981744423, 0.1926977687626775, 0.18052738336713997, 0.07910750507099391, 0.038539553752535496, 0.030425963488843813, 0.012170385395537525], [0.040667808219178085, 0.0860445205479452, 0.19777397260273974, 0.2821061643835616, 0.21618150684931506, 0.10488013698630137, 0.03553082191780822, 0.029537671232876712, 0.007277397260273972], [0.061481870730425645, 0.1466106148187073, 0.24487651077246453, 0.2422490803993694, 0.18286915396741987, 0.08512874408828167, 0.016815554387808723, 0.016815554387808723, 0.0031529164477141357], [0.19047619047619047, 0.23809523809523808, 0.14285714285714285, 0.19047619047619047, 0.09523809523809523, 0.09523809523809523, 0.047619047619047616, 0.0, 0.0], [0.021669169706071658, 0.06479296288350139, 0.15876421368804977, 0.23964814417506972, 0.24286633769577343, 0.1418150611456769, 0.06114567689337052, 0.06543660158764214, 0.003861832224844454], [0.019807923169267706, 0.0666266506602641, 0.15966386554621848, 0.26290516206482595, 0.24969987995198079, 0.1290516206482593, 0.04441776710684274, 0.05582232893157263, 0.012004801920768308], [0.07713498622589532, 0.16883116883116883, 0.26406926406926406, 0.23494687131050768, 0.1503345139708776, 0.06690279417552145, 0.022825659189295553, 0.014167650531286895, 0.0007870916961826052], [0.031578947368421054, 0.05263157894736842, 0.24912280701754386, 0.3087719298245614, 0.2736842105263158, 0.07368421052631578, 0.010526315789473684, 0.0, 0.0], [0.020349302996314694, 0.0600865245954174, 0.15462265662554078, 0.26742509213267107, 0.2481974042621375, 0.15462265662554078, 0.044223682102227206, 0.043582759173209425, 0.006889921486941195], [0.01717485998755445, 0.05899191039203485, 0.19925326695706286, 0.3138767890479154, 0.24754200373366522, 0.11151213441194772, 0.0343497199751089, 0.016925948973242066, 0.000373366521468575], [0.03924989097252508, 0.10248582642825992, 0.2093327518534671, 0.2477104230266027, 0.21151330135194069, 0.10815525512429132, 0.041866550370693416, 0.03837767117313563, 0.0013083296990841692], [0.014411764705882353, 0.04794117647058824, 0.13705882352941176, 0.2388235294117647, 0.24, 0.1773529411764706, 0.05941176470588235, 0.07264705882352941, 0.012352941176470587], [0.12192622950819672, 0.1711065573770492, 0.22745901639344263, 0.2223360655737705, 0.1413934426229508, 0.07479508196721311, 0.022540983606557378, 0.01639344262295082, 0.0020491803278688526], [0.156, 0.216, 0.2, 0.24, 0.108, 0.068, 0.004, 0.004, 0.004], [0.06468585577220674, 0.12751470133085732, 0.23769730733519034, 0.25657691117301146, 0.16620241411327763, 0.08789848344165893, 0.025379139585267718, 0.03064066852367688, 0.0034045187248529867], [0.029685681024447033, 0.07217694994179279, 0.1530849825378347, 0.23457508731082655, 0.23341094295692666, 0.12863795110593715, 0.05820721769499418, 0.07275902211874273, 0.017462165308498253], [0.023047375160051217, 0.06274007682458387, 0.1890738369611609, 0.2701664532650448, 0.22364489970123774, 0.13444302176696543, 0.04737516005121639, 0.04481434058898848, 0.004694835680751174], [0.04500601684717208, 0.11070998796630566, 0.22382671480144403, 0.25415162454873647, 0.2098676293622142, 0.09097472924187726, 0.037785800240673885, 0.026714801444043323, 0.0009626955475330926], [0.020100502512562814, 0.09260588657573582, 0.2038765254845657, 0.28427853553481697, 0.2089016511127064, 0.0990667623833453, 0.05025125628140704, 0.03445800430725054, 0.006460875807609476], [0.0130475302889096, 0.03401677539608574, 0.097856477166822, 0.20130475302889095, 0.2506989748369059, 0.1929170549860205, 0.07921714818266543, 0.11276794035414725, 0.018173345759552657], [0.018478521718262537, 0.06623470122390208, 0.19342452603791696, 0.26469882409407247, 0.21358291336693064, 0.13894888408927286, 0.04775617950563955, 0.05087592992560595, 0.005999520038396928], [0.022363636363636363, 0.08436363636363636, 0.226, 0.2963636363636364, 0.19745454545454547, 0.10818181818181818, 0.03218181818181818, 0.02890909090909091, 0.0041818181818181815], [0.020186995325116874, 0.06141096472588185, 0.18529536761580961, 0.29536761580960474, 0.24861878453038674, 0.12579685507862304, 0.03251168720781981, 0.028261793455163622, 0.0025499362515937103], [0.4153846153846154, 0.07692307692307693, 0.13846153846153847, 0.18461538461538463, 0.1076923076923077, 0.06153846153846154, 0.015384615384615385, 0.0, 0.0]]}, "ranksDetailed": {"labels": ["Unranked", "Combatatant", "Challenger", "Rival", "Duelist", "Elite"], "data": [[0.2602739726027397, 0.4383561643835616, 0.2328767123287671, 0.0684931506849315, 0.0, 0.0], [0.0832443970117396, 0.35859124866595515, 0.423692636072572, 0.10885805763073639, 0.025613660618996798, 0.0], [0.04156107450582869, 0.2858590978205778, 0.48200709579320833, 0.15914850481500253, 0.029903699949315764, 0.0015205271160669033], [0.05191808479953851, 0.2659359676954139, 0.5015863859244304, 0.14825497548312663, 0.02913181424862994, 0.0031727718488606866], [0.23333333333333334, 0.3, 0.2, 0.2, 0.06666666666666667, 0.0], [0.028517558331369316, 0.23120433655432476, 0.4859769031345746, 0.18383219420221542, 0.05844921046429413, 0.012019797313221777], [0.08743169398907104, 0.3825136612021858, 0.39617486338797814, 0.08401639344262295, 0.04234972677595628, 0.007513661202185792], [0.4819277108433735, 0.3855421686746988, 0.12048192771084337, 0.012048192771084338, 0.0, 0.0], [0.11995104039167687, 0.42619339045287635, 0.3250917992656059, 0.09571603427172583, 0.03084455324357405, 0.002203182374541004], [0.053738317757009345, 0.2955607476635514, 0.49065420560747663, 0.125, 0.03212616822429906, 0.0029205607476635513], [0.09305816135084428, 0.4228893058161351, 0.3696060037523452, 0.08893058161350845, 0.0225140712945591, 0.00300187617260788], [0.04648117839607201, 0.2661211129296236, 0.5018003273322422, 0.1469721767594108, 0.03502454991816694, 0.003600654664484452], [0.07325501036627505, 0.3807878369039392, 0.4250172771250864, 0.09882515549412578, 0.019350380096751902, 0.0027643400138217], [0.009302325581395349, 0.19844961240310077, 0.5328165374677003, 0.2041343669250646, 0.050129198966408266, 0.00516795865633075], [0.07099391480730223, 0.39553752535496955, 0.37322515212981744, 0.11764705882352941, 0.030425963488843813, 0.012170385395537525], [0.040667808219178085, 0.2838184931506849, 0.4982876712328767, 0.1404109589041096, 0.029537671232876712, 0.007277397260273972], [0.061481870730425645, 0.3914871255911718, 0.4251182343667893, 0.10194429847609038, 0.016815554387808723, 0.0031529164477141357], [0.19047619047619047, 0.38095238095238093, 0.2857142857142857, 0.14285714285714285, 0.0, 0.0], [0.021669169706071658, 0.22355717657155116, 0.48251448187084317, 0.2029607380390474, 0.06543660158764214, 0.003861832224844454], [0.019807923169267706, 0.2262905162064826, 0.5126050420168067, 0.17346938775510204, 0.05582232893157263, 0.012004801920768308], [0.07713498622589532, 0.4329004329004329, 0.3852813852813853, 0.089728453364817, 0.014167650531286895, 0.0007870916961826052], [0.031578947368421054, 0.3017543859649123, 0.5824561403508772, 0.08421052631578947, 0.0, 0.0], [0.020349302996314694, 0.21470918122095817, 0.5156224963948085, 0.198846338727768, 0.043582759173209425, 0.006889921486941195], [0.01717485998755445, 0.2582451773490977, 0.5614187927815806, 0.14586185438705662, 0.016925948973242066, 0.000373366521468575], [0.03924989097252508, 0.311818578281727, 0.4592237243785434, 0.15002180549498473, 0.03837767117313563, 0.0013083296990841692], [0.014411764705882353, 0.185, 0.4788235294117647, 0.23676470588235293, 0.07264705882352941, 0.012352941176470587], [0.12192622950819672, 0.3985655737704918, 0.3637295081967213, 0.09733606557377049, 0.01639344262295082, 0.0020491803278688526], [0.156, 0.416, 0.348, 0.072, 0.004, 0.004], [0.06468585577220674, 0.36521200866604764, 0.4227793252862891, 0.11327762302692665, 0.03064066852367688, 0.0034045187248529867], [0.029685681024447033, 0.22526193247962747, 0.4679860302677532, 0.18684516880093133, 0.07275902211874273, 0.017462165308498253], [0.023047375160051217, 0.25181391378574475, 0.49381135296628254, 0.18181818181818182, 0.04481434058898848, 0.004694835680751174], [0.04500601684717208, 0.3345367027677497, 0.46401925391095067, 0.12876052948255115, 0.026714801444043323, 0.0009626955475330926], [0.020100502512562814, 0.2964824120603015, 0.49318018664752333, 0.14931801866475233, 0.03445800430725054, 0.006460875807609476], [0.0130475302889096, 0.13187325256290774, 0.45200372786579684, 0.2721342031686859, 0.11276794035414725, 0.018173345759552657], [0.018478521718262537, 0.25965922726181906, 0.4782817374610031, 0.1867050635949124, 0.05087592992560595, 0.005999520038396928], [0.022363636363636363, 0.31036363636363634, 0.4938181818181818, 0.14036363636363636, 0.02890909090909091, 0.0041818181818181815], [0.020186995325116874, 0.24670633234169145, 0.5439864003399915, 0.15830854228644284, 0.028261793455163622, 0.0025499362515937103], [0.4153846153846154, 0.2153846153846154, 0.2923076923076923, 0.07692307692307693, 0.0, 0.0]]}}}, "eu": {"histType": {"histogram": {"labels": ["0", "100", "200", "300", "400", "500", "600", "700", "800", "900", "1000", "1100", "1200", "1300", "1400", "1500", "1600", "1700", "1800", "1900", "2000", "2100", "2200", "2300", "2400", "2500", "2600", "2700", "2800", "2900", "3000", "3100"], "data": [[0.0, 0.0, 0.0, 0.0, 0.0, 0.01639344262295082, 0.04918032786885246, 0.06557377049180328, 0.06557377049180328, 0.09836065573770492, 0.06557377049180328, 0.18032786885245902, 0.08196721311475409, 0.09836065573770492, 0.08196721311475409, 0.06557377049180328, 0.08196721311475409, 0.0, 0.01639344262295082, 0.01639344262295082, 0.01639344262295082, 0.0, 0.0, 0.0, 0.0, 0.0, 0.0, 0.0, 0.0, 0.0, 0.0, 0.0], [0.001128668171557562, 0.0, 0.0, 0.0, 0.002257336343115124, 0.001128668171557562, 0.007900677200902935, 0.009029345372460496, 0.02708803611738149, 0.03837471783295711, 0.06772009029345373, 0.09255079006772009, 0.11963882618510158, 0.1252821670428894, 0.14446952595936793, 0.11512415349887133, 0.09932279909706546, 0.03837471783295711, 0.05756207674943566, 0.020316027088036117, 0.011286681715575621, 0.019187358916478554, 0.002257336343115124, 0.0, 0.0, 0.0, 0.0, 0.0, 0.0, 0.0, 0.0, 0.0], [0.0, 0.0005711022272986865, 0.0, 0.0, 0.002284408909194746, 0.0005711022272986865, 0.0017133066818960593, 0.00799543118218161, 0.013706453455168474, 0.026270702455739578, 0.047401484865790974, 0.05311250713877784, 0.0885208452312964, 0.11079383209594518, 0.1393489434608795, 0.13592233009708737, 0.1393489434608795, 0.0799543118218161, 0.08223872073101085, 0.02741290691033695, 0.01656196459166191, 0.018846373500856654, 0.004568817818389492, 0.002284408909194746, 0.0005711022272986865, 0.0, 0.0, 0.0, 0.0, 0.0, 0.0, 0.0], [0.0, 0.0, 0.0, 0.0, 0.0, 0.00025284450063211124, 0.003034134007585335, 0.00834386852085967, 0.011378002528445006, 0.018710493046776234, 0.039949431099873575, 0.0515802781289507, 0.07939317319848294, 0.10189633375474083, 0.1281921618204804, 0.1347661188369153, 0.14310998735777497, 0.0988621997471555, 0.09254108723135272, 0.03969658659924147, 0.01592920353982301, 0.018710493046776234, 0.005815423514538559, 0.003034134007585335, 0.003034134007585335, 0.0015170670037926676, 0.00025284450063211124, 0.0, 0.0, 0.0, 0.0, 0.0], [0.0, 0.0, 0.0, 0.0, 0.0, 0.030303030303030304, 0.06060606060606061, 0.12121212121212122, 0.06060606060606061, 0.06060606060606061, 0.12121212121212122, 0.12121212121212122, 0.0, 0.09090909090909091, 0.06060606060606061, 0.06060606060606061, 0.030303030303030304, 0.09090909090909091, 0.0, 0.06060606060606061, 0.0, 0.0, 0.030303030303030304, 0.0, 0.0, 0.0, 0.0, 0.0, 0.0, 0.0, 0.0, 0.0], [0.0, 0.00022825838849577722, 0.00045651677699155445, 0.00022825838849577722, 0.00045651677699155445, 0.00045651677699155445, 0.0006847751654873316, 0.004565167769915545, 0.005934718100890208, 0.012325952978771969, 0.022825838849577722, 0.03971695959826524, 0.06368409039032184, 0.09769459027619265, 0.12348778817621547, 0.11253138552841817, 0.12965076466560146, 0.09039032184432778, 0.11458571102488016, 0.05706459712394431, 0.03789089249029902, 0.04245606026021456, 0.019173704633645285, 0.00981511070531842, 0.00913033553983109, 0.002967359050445104, 0.0015978087194704405, 0.0, 0.0, 0.0, 0.0, 0.0], [0.0, 0.0, 0.001226241569589209, 0.0006131207847946045, 0.001226241569589209, 0.004904966278356836, 0.003678724708767627, 0.012262415695892091, 0.03678724708767627, 0.03740036787247088, 0.06560392397302268, 0.08277130594727161, 0.10974862047823421, 0.11833231146535868, 0.11036174126302882, 0.0931943592887799, 0.09135499693439608, 0.05763335377069283, 0.05824647455548743, 0.030042918454935622, 0.018393623543838136, 0.03126916002452483, 0.015328019619865114, 0.005518087063151441, 0.00674432863274065, 0.004904966278356836, 0.002452483139178418, 0.0, 0.0, 0.0, 0.0, 0.0], [0.0, 0.0, 0.0, 0.0, 0.0, 0.02, 0.02, 0.16, 0.08, 0.04, 0.14, 0.14, 0.08, 0.1, 0.02, 0.16, 0.04, 0.0, 0.0, 0.0, 0.0, 0.0, 0.0, 0.0, 0.0, 0.0, 0.0, 0.0, 0.0, 0.0, 0.0, 0.0], [0.0004772130756382725, 0.00023860653781913624, 0.000954426151276545, 0.000954426151276545, 0.0004772130756382725, 0.00190885230255309, 0.008112622285850633, 0.0164638511095204, 0.031496062992125984, 0.05416368408494393, 0.08804581245526127, 0.09639704127893105, 0.12789310427105702, 0.11548556430446194, 0.09949892627057981, 0.09138630398472918, 0.07921737055595324, 0.049391553328561204, 0.04891434025292293, 0.030064423765211165, 0.02052016225244572, 0.02028155571462658, 0.008589835361488905, 0.005965163445478406, 0.0026246719160104987, 0.0004772130756382725, 0.0, 0.0, 0.0, 0.0, 0.0, 0.0], [0.0, 0.0, 0.0, 0.0, 0.0007501875468867217, 0.0015003750937734434, 0.0007501875468867217, 0.006751687921980495, 0.012753188297074268, 0.02250562640660165, 0.051762940735183796, 0.056264066016504126, 0.08177044261065267, 0.1110277569392348, 0.14703675918979744, 0.11927981995498875, 0.14403600900225055, 0.06451612903225806, 0.09227306826706677, 0.028507126781695424, 0.020255063765941484, 0.02175543885971493, 0.008252063015753939, 0.005251312828207052, 0.003000750187546887, 0.0, 0.0, 0.0, 0.0, 0.0, 0.0, 0.0], [0.00047214353163361664, 0.0, 0.0, 0.0, 0.0018885741265344666, 0.0033050047214353163, 0.0033050047214353163, 0.012275731822474031, 0.02644003777148253, 0.05004721435316336, 0.06893295561850803, 0.09584513692162418, 0.12134088762983947, 0.1166194523135033, 0.11473087818696884, 0.09490084985835694, 0.08734655335221908, 0.05571293673276676, 0.059490084985835696, 0.02927289896128423, 0.020302171860245515, 0.019830028328611898, 0.009915014164305949, 0.003777148253068933, 0.0033050047214353163, 0.0009442870632672333, 0.0, 0.0, 0.0, 0.0, 0.0, 0.0], [0.0, 0.0, 0.0, 0.0007015082427218519, 0.0007015082427218519, 0.001052262364082778, 0.001052262364082778, 0.006313574184496668, 0.015082427218519818, 0.0270080673447913, 0.03612767450017538, 0.05436688881094353, 0.08593475973342687, 0.09750964573833742, 0.11715187653454928, 0.12136092599088039, 0.13924938618028762, 0.09119607155384075, 0.10031567870922484, 0.04209049456331112, 0.02350052613118204, 0.023149772009821115, 0.008768853034023149, 0.00175377060680463, 0.004209049456331112, 0.00035075412136092597, 0.00035075412136092597, 0.00035075412136092597, 0.0, 0.0, 0.00035075412136092597, 0.0], [0.0, 0.0, 0.0, 0.000894054537326777, 0.0004470272686633885, 0.0004470272686633885, 0.002235136343316942, 0.012963790791238265, 0.024586499776486366, 0.03352704514975414, 0.07107733571747876, 0.0813589628967367, 0.11309789897183728, 0.13410818059901655, 0.12561466249441217, 0.11399195350916407, 0.09879302637460885, 0.05856057219490389, 0.06079570853822083, 0.02682163611980331, 0.016092981671881983, 0.010728654447921324, 0.006705409029950827, 0.002235136343316942, 0.002682163611980331, 0.002235136343316942, 0.0, 0.0, 0.0, 0.0, 0.0, 0.0], [0.0, 0.0, 0.0, 0.0, 0.0, 0.0, 0.0004775549188156638, 0.0028653295128939827, 0.004297994269340974, 0.009551098376313277, 0.018147086914995225, 0.02865329512893983, 0.0673352435530086, 0.0883476599808978, 0.12082139446036294, 0.1356255969436485, 0.1623686723973257, 0.112225405921681, 0.10267430754536772, 0.05300859598853868, 0.03247373447946514, 0.03629417382999045, 0.012893982808022923, 0.0066857688634192934, 0.0038204393505253103, 0.0009551098376313276, 0.0004775549188156638, 0.0, 0.0, 0.0, 0.0, 0.0], [0.0, 0.0, 0.002398081534772182, 0.0, 0.0, 0.002398081534772182, 0.004796163069544364, 0.009592326139088728, 0.03597122302158273, 0.03597122302158273, 0.0671462829736211, 0.07194244604316546, 0.08633093525179857, 0.12949640287769784, 0.12470023980815348, 0.07434052757793765, 0.11031175059952038, 0.08633093525179857, 0.07434052757793765, 0.02877697841726619, 0.007194244604316547, 0.014388489208633094, 0.014388489208633094, 0.004796163069544364, 0.014388489208633094, 0.0, 0.0, 0.0, 0.0, 0.0, 0.0, 0.0], [0.0, 0.0, 0.0, 0.00041511000415110004, 0.00041511000415110004, 0.00041511000415110004, 0.004151100041511001, 0.007471980074719801, 0.0112079701120797, 0.019925280199252802, 0.033623910336239106, 0.05977584059775841, 0.0759651307596513, 0.11955168119551682, 0.1324200913242009, 0.11664591116645912, 0.13781652137816522, 0.0784557907845579, 0.0805313408053134, 0.0452469904524699, 0.023661270236612703, 0.023661270236612703, 0.0112079701120797, 0.007056870070568701, 0.006641760066417601, 0.0024906600249066002, 0.0012453300124533001, 0.0, 0.0, 0.0, 0.0, 0.0], [0.0, 0.0, 0.0, 0.00048449612403100775, 0.00048449612403100775, 0.00048449612403100775, 0.005329457364341085, 0.01065891472868217, 0.016472868217054265, 0.03246124031007752, 0.05910852713178295, 0.09156976744186046, 0.09544573643410853, 0.12306201550387597, 0.1308139534883721, 0.11434108527131782, 0.11143410852713179, 0.06734496124031007, 0.06734496124031007, 0.026647286821705425, 0.0188953488372093, 0.011627906976744186, 0.006782945736434108, 0.005329457364341085, 0.0029069767441860465, 0.0009689922480620155, 0.0, 0.0, 0.0, 0.0, 0.0, 0.0], [0.0, 0.0, 0.0, 0.0, 0.0, 0.0, 0.0, 0.0625, 0.0, 0.125, 0.0, 0.125, 0.125, 0.0625, 0.1875, 0.125, 0.125, 0.0, 0.0625, 0.0, 0.0, 0.0, 0.0, 0.0, 0.0, 0.0, 0.0, 0.0, 0.0, 0.0, 0.0, 0.0], [0.0, 0.0, 0.0, 0.0, 0.00022351363433169424, 0.0004470272686633885, 0.0015645954403218597, 0.0024586499776486368, 0.007152436298614216, 0.0122932498