{"region": {"us": {"histType": {"histogram": {"labels": ["0", "100", "200", "300", "400", "500", "600", "700", "800", "900", "1000", "1100", "1200", "1300", "1400", "1500", "1600", "1700", "1800", "1900", "2000", "2100", "2200", "2300", "2400", "2500", "2600", "2700", "2800"], "data": [[0.0, 0.0, 0.023529411764705882, 0.0, 0.0, 0.011764705882352941, 0.023529411764705882, 0.011764705882352941, 0.09411764705882353, 0.09411764705882353, 0.07058823529411765, 0.12941176470588237, 0.07058823529411765, 0.16470588235294117, 0.1411764705882353, 0.023529411764705882, 0.03529411764705882, 0.03529411764705882, 0.058823529411764705, 0.011764705882352941, 0.0, 0.0, 0.0, 0.0, 0.0, 0.0, 0.0, 0.0, 0.0], [0.0, 0.0020387359836901123, 0.0, 0.0010193679918450561, 0.0010193679918450561, 0.0, 0.0030581039755351682, 0.01834862385321101, 0.020387359836901122, 0.039755351681957186, 0.05402650356778797, 0.07237512742099898, 0.11009174311926606, 0.11824668705402651, 0.1600407747196738, 0.09887869520897044, 0.10091743119266056, 0.06422018348623854, 0.07849133537206932, 0.0163098878695209, 0.011213047910295617, 0.0163098878695209, 0.009174311926605505, 0.0030581039755351682, 0.0010193679918450561, 0.0, 0.0, 0.0, 0.0], [0.0, 0.0, 0.0, 0.0, 0.00048520135856380397, 0.00048520135856380397, 0.001455604075691412, 0.003396409509946628, 0.01455604075691412, 0.018922852983988356, 0.027171276079573023, 0.051431344007763224, 0.08199902959728288, 0.11402231926249394, 0.13148956817079088, 0.13294517224648228, 0.14361960213488598, 0.08248423095584667, 0.1101407083939835, 0.03299369238233867, 0.016982047549733138, 0.021348859776807377, 0.008248423095584668, 0.0019408054342552159, 0.0038816108685104317, 0.0, 0.0, 0.0, 0.0], [0.0, 0.0002723311546840959, 0.0, 0.0, 0.0002723311546840959, 0.0008169934640522876, 0.0032679738562091504, 0.005718954248366013, 0.013888888888888888, 0.024782135076252723, 0.04030501089324619, 0.03839869281045752, 0.07679738562091504, 0.0988562091503268, 0.12935729847494554, 0.12636165577342048, 0.1527777777777778, 0.09776688453159041, 0.09912854030501089, 0.037309368191721135, 0.01906318082788671, 0.020969498910675382, 0.005991285403050109, 0.003812636165577342, 0.002178649237472767, 0.001906318082788671, 0.0, 0.0, 0.0], [0.0, 0.0, 0.0, 0.0, 0.0, 0.0, 0.0, 0.09375, 0.09375, 0.0625, 0.0625, 0.09375, 0.03125, 0.125, 0.0, 0.0, 0.09375, 0.0, 0.15625, 0.0625, 0.03125, 0.0625, 0.0, 0.03125, 0.0, 0.0, 0.0, 0.0, 0.0], [0.0, 0.0, 0.0, 0.0, 0.0, 0.0, 0.0006788866259334691, 0.004073319755600814, 0.004978501923512107, 0.01697216564833673, 0.024892509617560534, 0.03847024213622992, 0.06924643584521385, 0.09594930979859696, 0.11631590857660104, 0.1237836614618692, 0.1482235799954741, 0.09481783208870785, 0.10771667798144377, 0.05069020140303236, 0.028513238289205704, 0.03847024213622992, 0.016519574564381082, 0.006788866259334691, 0.008825526137135099, 0.0036207286716451684, 0.00045259108395564606, 0.0, 0.0], [0.0, 0.0, 0.0, 0.0013175230566534915, 0.0, 0.002635046113306983, 0.00461133069828722, 0.012516469038208168, 0.025032938076416336, 0.03557312252964427, 0.061923583662714096, 0.07971014492753623, 0.11264822134387352, 0.13570487483530963, 0.12779973649538867, 0.10408432147562582, 0.09090909090909091, 0.06785243741765482, 0.046772068511198944, 0.025691699604743084, 0.015151515151515152, 0.016469038208168644, 0.01383399209486166, 0.00922266139657444, 0.007246376811594203, 0.0006587615283267457, 0.002635046113306983, 0.0, 0.0], [0.0, 0.0, 0.011627906976744186, 0.011627906976744186, 0.011627906976744186, 0.0, 0.023255813953488372, 0.12790697674418605, 0.13953488372093023, 0.13953488372093023, 0.11627906976744186, 0.11627906976744186, 0.11627906976744186, 0.05813953488372093, 0.046511627906976744, 0.023255813953488372, 0.011627906976744186, 0.03488372093023256, 0.011627906976744186, 0.0, 0.0, 0.0, 0.0, 0.0, 0.0, 0.0, 0.0, 0.0, 0.0], [0.0004657661853749418, 0.0002328830926874709, 0.0011644154634373545, 0.0006986492780624127, 0.0016301816488122963, 0.004191895668374476, 0.007452258965999069, 0.013740102468560783, 0.02701443875174662, 0.05868653935724266, 0.07452258965999069, 0.10153702841173731, 0.11690731252911038, 0.12925011644154635, 0.11853749417792268, 0.08686539357242665, 0.07848160223567768, 0.047741034000931534, 0.049604098742431296, 0.02654867256637168, 0.019562179785747556, 0.019562179785747556, 0.009082440614811364, 0.0034932463903120633, 0.0018630647414997672, 0.0009315323707498836, 0.0002328830926874709, 0.0, 0.0], [0.0, 0.0, 0.0, 0.0, 0.0, 0.0005608524957936063, 0.006730229949523275, 0.005608524957936063, 0.014582164890633763, 0.025238362310712283, 0.03813796971396523, 0.055524397083567024, 0.07851934941110487, 0.1166573191250701, 0.12282669657879977, 0.13236118900729107, 0.15535614133482895, 0.07683679192372406, 0.08356702187324734, 0.0358945597307908, 0.01346045989904655, 0.02075154234436343, 0.0089736399326977, 0.00448681996634885, 0.003925967470555244, 0.0, 0.0, 0.0, 0.0], [0.0, 0.0, 0.0003562522265764161, 0.0010687566797292483, 0.0014250089063056644, 0.003562522265764161, 0.007125044531528322, 0.010331314570716068, 0.02101888136800855, 0.0420377627360171, 0.08656929105806911, 0.08870680441752761, 0.11649447809048806, 0.1193444959030994, 0.13430708941930888, 0.10260064125400783, 0.09155682223013893, 0.05023156394727467, 0.05486284289276808, 0.024225151407196294, 0.016387602422515142, 0.012112575703598147, 0.008193801211257571, 0.003206270039187745, 0.003562522265764161, 0.0007125044531528322, 0.0, 0.0, 0.0], [0.0, 0.0, 0.0, 0.00031387319522912746, 0.00031387319522912746, 0.0012554927809165098, 0.003452605147520402, 0.005963590709353421, 0.011927181418706842, 0.02197112366603892, 0.03483992467043315, 0.056183301946013814, 0.07721280602636535, 0.09573132454488387, 0.13716258631512868, 0.13057124921531701, 0.15034526051475203, 0.0847457627118644, 0.09541745134965474, 0.03609541745134966, 0.015693659761456372, 0.022284996861268048, 0.008788449466415568, 0.004708097928436911, 0.004708097928436911, 0.00031387319522912746, 0.0, 0.0, 0.0], [0.0, 0.0, 0.0, 0.0006418485237483953, 0.0006418485237483953, 0.0016046213093709885, 0.003209242618741977, 0.005776636713735558, 0.017329910141206675, 0.04236200256739409, 0.060654685494223363, 0.07284980744544288, 0.10205391527599486, 0.12997432605905007, 0.14409499358151476, 0.11200256739409499, 0.11424903722721438, 0.06354300385109114, 0.06450577663671374, 0.025353016688061617, 0.014762516046213094, 0.012195121951219513, 0.0054557124518613605, 0.002246469833119384, 0.002888318356867779, 0.0016046213093709885, 0.0, 0.0, 0.0], [0.0, 0.0, 0.0, 0.0, 0.0, 0.0, 0.0, 0.0019821605550049554, 0.002973240832507433, 0.004955401387512388, 0.02527254707631318, 0.03022794846382557, 0.057482656095143705, 0.08325074331020813, 0.11347869177403369, 0.12834489593657086, 0.17641228939544104, 0.10406342913776016, 0.12190287413280476, 0.05698711595639247, 0.03468780971258672, 0.03270564915758176, 0.012388503468780971, 0.004955401387512388, 0.005946481665014866, 0.0019821605550049554, 0.0, 0.0, 0.0], [0.0, 0.0, 0.0, 0.0, 0.001941747572815534, 0.0, 0.0, 0.009708737864077669, 0.017475728155339806, 0.036893203883495145, 0.06407766990291262, 0.09902912621359224, 0.11844660194174757, 0.1203883495145631, 0.08932038834951456, 0.1029126213592233, 0.10097087378640776, 0.06796116504854369, 0.06407766990291262, 0.03300970873786408, 0.02524271844660194, 0.013592233009708738, 0.013592233009708738, 0.007766990291262136, 0.013592233009708738, 0.0, 0.0, 0.0, 0.0], [0.0004073319755600815, 0.0, 0.0004073319755600815, 0.0, 0.000814663951120163, 0.000814663951120163, 0.001629327902240326, 0.007331975560081467, 0.010590631364562118, 0.018737270875763747, 0.03706720977596741, 0.05010183299389002, 0.08879837067209775, 0.10957230142566192, 0.14582484725050918, 0.13075356415478614, 0.13075356415478614, 0.08472505091649694, 0.08676171079429736, 0.03543788187372709, 0.018737270875763747, 0.023625254582484725, 0.007331975560081467, 0.0036659877800407333, 0.0036659877800407333, 0.002443991853360489, 0.0, 0.0, 0.0], [0.0, 0.0, 0.0, 0.0, 0.0010245901639344263, 0.0010245901639344263, 0.003586065573770492, 0.008709016393442622, 0.017930327868852458, 0.02971311475409836, 0.0625, 0.07735655737704918, 0.10502049180327869, 0.13473360655737704, 0.1362704918032787, 0.11270491803278689, 0.1173155737704918, 0.0625, 0.07684426229508197, 0.02151639344262295, 0.007172131147540984, 0.014344262295081968, 0.004098360655737705, 0.0020491803278688526, 0.0020491803278688526, 0.0015368852459016393, 0.0, 0.0, 0.0], [0.0, 0.0, 0.0, 0.0, 0.0, 0.0, 0.0, 0.0, 0.045454545454545456, 0.13636363636363635, 0.09090909090909091, 0.13636363636363635, 0.09090909090909091, 0.09090909090909091, 0.13636363636363635, 0.045454545454545456, 0.045454545454545456, 0.045454545454545456, 0.045454545454545456, 0.0, 0.045454545454545456, 0.045454545454545456, 0.0, 0.0, 0.0, 0.0, 0.0, 0.0, 0.0], [0.00020669698222405952, 0.00020669698222405952, 0.0, 0.00020669698222405952, 0.00020669698222405952, 0.0, 0.0006200909466721786, 0.0018602728400165358, 0.006821000413393965, 0.011368334022323274, 0.025217031831335262, 0.037412153782554775, 0.06469615543613064, 0.0888797023563456, 0.1128565522943365, 0.12753203803224472, 0.1465481603968582, 0.09611409673418768, 0.1052087639520463, 0.06552294336502687, 0.03389830508474576, 0.04609342703596527, 0.016122364613476645, 0.007854485324514262, 0.003927242662257131, 0.0006200909466721786, 0.0, 0.0, 0.0], [0.0, 0.0, 0.0, 0.0005780346820809249, 0.0005780346820809249, 0.0, 0.004046242774566474, 0.0023121387283236996, 0.004624277456647399, 0.009248554913294798, 0.024277456647398842, 0.03930635838150289, 0.0676300578034682, 0.08497109826589595, 0.13121387283236993, 0.12658959537572254, 0.15722543352601157, 0.09364161849710982, 0.11040462427745665, 0.04450867052023121, 0.023121387283236993, 0.03641618497109827, 0.013872832369942197, 0.011560693641618497, 0.009826589595375723, 0.004046242774566474, 0.0, 0.0, 0.0], [0.0003763643206624012, 0.0, 0.0007527286413248024, 0.0011290929619872036, 0.0026345502446368085, 0.003763643206624012, 0.003763643206624012, 0.010914565299209636, 0.01957094467444486, 0.033496424538953705, 0.06849830636055702, 0.0899510726383139, 0.10726383138878434, 0.14602935641701167, 0.13662024840045164, 0.11140383891607075, 0.10651110274745954, 0.050809183289424166, 0.05306736921339857, 0.02220549491908167, 0.014678208505833647, 0.010161836657884832, 0.005269100489273617, 0.0003763643206624012, 0.0007527286413248024, 0.0, 0.0, 0.0, 0.0], [0.0, 0.0, 0.0, 0.0, 0.0, 0.0034129692832764505, 0.0, 0.0034129692832764505, 0.013651877133105802, 0.010238907849829351, 0.010238907849829351, 0.040955631399317405, 0.09215017064846416, 0.15358361774744028, 0.16723549488054607, 0.13310580204778158, 0.18771331058020477, 0.09215017064846416, 0.05802047781569966, 0.027303754266211604, 0.006825938566552901, 0.0, 0.0, 0.0, 0.0, 0.0, 0.0, 0.0, 0.0], [0.0, 0.0, 0.00015413070283600493, 0.00015413070283600493, 0.00015413070283600493, 0.00015413070283600493, 0.0004623921085080148, 0.0013871763255240443, 0.004778051787916153, 0.0124845869297164, 0.01972872996300863, 0.03545006165228114, 0.06519728729963009, 0.08184340320591862, 0.13224414303329224, 0.1282367447595561, 0.1621454993834772, 0.09032059186189889, 0.13501849568434032, 0.0499383477188656, 0.025123304562268804, 0.03252157829839704, 0.010018495684340321, 0.004469790382244143, 0.006011097410604192, 0.0018495684340320592, 0.00015413070283600493, 0.0, 0.0], [0.0, 0.00012140342357654485, 0.0002428068471530897, 0.0, 0.0006070171178827243, 0.000849823965035814, 0.0004856136943061794, 0.0019424547772247177, 0.002549471895107442, 0.009833677309700134, 0.01772489984217555, 0.03969891950953017, 0.07332766784023309, 0.11739711059851887, 0.15163287604710451, 0.15952409857957994, 0.16231637732184048, 0.09117397110598519, 0.09469467038970499, 0.038606288697341264, 0.019060337501517543, 0.011897535510501395, 0.00400631297802598, 0.0015782445064950832, 0.0007284205414592692, 0.0, 0.0, 0.0, 0.0], [0.0, 0.0, 0.0004046944556859571, 0.0, 0.0, 0.0012140833670578712, 0.0012140833670578712, 0.003642250101173614, 0.01254552812626467, 0.017806556050182113, 0.036827195467422094, 0.05584783488466208, 0.09591258599757184, 0.10967219749089438, 0.1311210036422501, 0.11614730878186968, 0.1169566976932416, 0.09995953055443141, 0.08579522460542291, 0.046944556859571024, 0.024686361796843383, 0.021853500607041682, 0.014973694860380412, 0.003642250101173614, 0.0028328611898017, 0.0, 0.0, 0.0, 0.0], [0.0, 0.0, 0.0, 0.0, 0.0005580357142857143, 0.0, 0.0008370535714285714, 0.0008370535714285714, 0.0033482142857142855, 0.005859375, 0.020089285714285716, 0.028180803571428572, 0.04938616071428571, 0.08091517857142858, 0.11160714285714286, 0.12667410714285715, 0.15876116071428573, 0.08286830357142858, 0.14425223214285715, 0.05943080357142857, 0.03655133928571429, 0.04045758928571429, 0.022600446428571428, 0.011439732142857142, 0.010044642857142858, 0.004185267857142857, 0.0011160714285714285, 0.0, 0.0], [0.0, 0.0009775171065493646, 0.0009775171065493646, 0.002932551319648094, 0.002932551319648094, 0.002932551319648094, 0.004887585532746823, 0.013685239491691105, 0.039100684261974585, 0.053763440860215055, 0.06451612903225806, 0.10068426197458455, 0.09775171065493646, 0.1241446725317693, 0.13098729227761485, 0.10166177908113393, 0.08406647116324535, 0.05278592375366569, 0.06549364613880743, 0.022482893450635387, 0.010752688172043012, 0.01857282502443793, 0.0019550342130987292, 0.0, 0.0019550342130987292, 0.0, 0.0, 0.0, 0.0], [0.0, 0.0, 0.0, 0.0, 0.0, 0.003745318352059925, 0.00749063670411985, 0.033707865168539325, 0.0599250936329588, 0.06741573033707865, 0.10861423220973783, 0.10486891385767791, 0.0599250936329588, 0.12359550561797752, 0.11235955056179775, 0.11235955056179775, 0.08239700374531835, 0.04868913857677903, 0.04868913857677903, 0.0149812734082397, 0.0, 0.00749063670411985, 0.0, 0.0, 0.003745318352059925, 0.0, 0.0, 0.0, 0.0], [0.0008836524300441826, 0.0, 0.0, 0.0, 0.0008836524300441826, 0.00235640648011782, 0.005301914580265096, 0.010898379970544918, 0.015905743740795286, 0.0288659793814433, 0.050073637702503684, 0.07687776141384389, 0.10220913107511045, 0.1263622974963181, 0.14167893961708394, 0.12164948453608247, 0.10986745213549337, 0.06067746686303387, 0.07039764359351988, 0.026509572901325478, 0.012371134020618556, 0.02415316642120766, 0.005301914580265096, 0.0029455081001472753, 0.002650957290132548, 0.0008836524300441826, 0.0002945508100147275, 0.0, 0.0], [0.0, 0.0, 0.0, 0.0, 0.0, 0.0005605381165919282, 0.002242152466367713, 0.002802690582959641, 0.004484304932735426, 0.018497757847533634, 0.028026905829596414, 0.043721973094170405, 0.06446188340807175, 0.08632286995515695, 0.11491031390134529, 0.12387892376681614, 0.1429372197309417, 0.08464125560538116, 0.10762331838565023, 0.05044843049327354, 0.03139013452914798, 0.03699551569506727, 0.02242152466367713, 0.010089686098654708, 0.01961883408071749, 0.003923766816143498, 0.0, 0.0, 0.0], [0.0, 0.0, 0.0, 0.0, 0.0, 0.0, 0.0016460905349794238, 0.00205761316872428, 0.005761316872427984, 0.01316872427983539, 0.02263374485596708, 0.03827160493827161, 0.06296296296296296, 0.11604938271604938, 0.13950617283950617, 0.1345679012345679, 0.14526748971193415, 0.08024691358024691, 0.10781893004115227, 0.04814814814814815, 0.03168724279835391, 0.02880658436213992, 0.011934156378600824, 0.0032921810699588477, 0.0032921810699588477, 0.002880658436213992, 0.0, 0.0, 0.0], [0.00023030861354214648, 0.0, 0.00023030861354214648, 0.00046061722708429296, 0.00046061722708429296, 0.0032243205895900505, 0.0027637033625057578, 0.004145555043758637, 0.009903270382312299, 0.02164900967296177, 0.04583141409488715, 0.06011054813450023, 0.09603869184707509, 0.1239060340856748, 0.1269000460617227, 0.12759097190234914, 0.13012436665131277, 0.0847535697835099, 0.07231690465223399, 0.03546752648549056, 0.02418240442192538, 0.015891294334408106, 0.010363887609396591, 0.002533394748963611, 0.0009212344541685859, 0.0, 0.0, 0.0, 0.0], [0.0, 0.0, 0.0, 0.0, 0.0006793478260869565, 0.0, 0.0, 0.001358695652173913, 0.006793478260869565, 0.014266304347826086, 0.036684782608695655, 0.04823369565217391, 0.08695652173913043, 0.109375, 0.13519021739130435, 0.140625, 0.13790760869565216, 0.08967391304347826, 0.07133152173913043, 0.042798913043478264, 0.03192934782608696, 0.025815217391304348, 0.008831521739130434, 0.005434782608695652, 0.004076086956521739, 0.0020380434782608695, 0.0, 0.0, 0.0], [0.0, 0.0, 0.0, 0.0, 0.0, 0.00088261253309797, 0.000441306266548985, 0.00176522506619594, 0.003971756398940865, 0.0048543689320388345, 0.009267431597528684, 0.02383053839364519, 0.037069726390114736, 0.06001765225066196, 0.09311562224183584, 0.12003530450132392, 0.1496028243601059, 0.09488084730803177, 0.13989408649602825, 0.08075904677846425, 0.04589585172109444, 0.07105030891438659, 0.030450132391879964, 0.013680494263018535, 0.01412180052956752, 0.00353045013239188, 0.00088261253309797, 0.0, 0.0], [0.0, 0.0, 0.0, 0.0, 0.0002353494939985879, 0.0, 0.0007060484819957637, 0.002824193927983055, 0.0035302424099788185, 0.010590727229936456, 0.020946104965874325, 0.045657801835726056, 0.07837138150152977, 0.1167333490232996, 0.13767945398917392, 0.12285243586726288, 0.1301482701812191, 0.08519651682748883, 0.10826076723935044, 0.04918804424570487, 0.02800658978583196, 0.03224288067780654, 0.016945163567898328, 0.0037655919039774064, 0.005413038361967522, 0.0007060484819957637, 0.0, 0.0, 0.0], [0.0, 0.0, 0.00017522340984755565, 0.0, 0.0, 0.00017522340984755565, 0.0003504468196951113, 0.0021026809181706675, 0.004205361836341335, 0.01401787278780445, 0.027510075346066233, 0.04958822498685824, 0.08936393902225337, 0.12826353600841073, 0.15700017522340984, 0.14245663220606272, 0.13439635535307518, 0.06676011915191869, 0.09514631154722271, 0.033993341510425795, 0.018748904853688454, 0.021377256001401786, 0.0061328193446644474, 0.003329244787103557, 0.003329244787103557, 0.0015770106886280008, 0.0, 0.0, 0.0], [0.0, 0.0, 0.0, 0.0, 0.0, 0.0002028809089064719, 0.0010144045445323595, 0.0014201663623453033, 0.004869141813755326, 0.010752688172043012, 0.018056400892676, 0.039967539054574966, 0.06897950902820045, 0.11097585717184014, 0.14181375532562385, 0.1560154189490769, 0.16636234530330696, 0.08115236356258876, 0.10996145262730778, 0.036112801785352, 0.02008520998174072, 0.020693852708460133, 0.005274903631568269, 0.0018259281801582471, 0.003854737269222966, 0.0006086427267194157, 0.0, 0.0, 0.0], [0.0, 0.014925373134328358, 0.0, 0.0, 0.0, 0.04477611940298507, 0.04477611940298507, 0.07462686567164178, 0.13432835820895522, 0.07462686567164178, 0.1044776119402985, 0.029850746268656716, 0.07462686567164178, 0.029850746268656716, 0.08955223880597014, 0.07462686567164178, 0.029850746268656716, 0.1044776119402985, 0.05970149253731343, 0.0, 0.014925373134328358, 0.0, 0.0, 0.0, 0.0, 0.0, 0.0, 0.0, 0.0]]}, "ranks": {"labels": ["Unranked", "Combatatent I", "Combatatent II", "Challenger I", "Challenger II", "Rival I", "Rival II", "Duelist", "Elite"], "data": [[0.25882352941176473, 0.2, 0.23529411764705882, 0.16470588235294117, 0.07058823529411765, 0.07058823529411765, 0.0, 0.0, 0.0], [0.0856269113149847, 0.12640163098878696, 0.22833843017329256, 0.25891946992864423, 0.1651376146788991, 0.08664627930682976, 0.019367991845056064, 0.02854230377166157, 0.0010193679918450561], [0.039301310043668124, 0.07860262008733625, 0.19602134885977682, 0.26443474041727316, 0.22610383309073265, 0.13148956817079088, 0.028626880155264434, 0.03153808830664726, 0.0038816108685104317], [0.049019607843137254, 0.0787037037037037, 0.17565359477124182, 0.255718954248366, 0.25054466230936817, 0.11982570806100218, 0.03567538126361656, 0.030773420479302833, 0.004084967320261438], [0.25, 0.15625, 0.15625, 0.0, 0.09375, 0.1875, 0.0625, 0.09375, 0.0], [0.026702873953383117, 0.06336275175379046, 0.16519574564381082, 0.24009957003847024, 0.24304141208418195, 0.1375876895225164, 0.049332428151165425, 0.06177868295994569, 0.012898845892735914], [0.08168642951251646, 0.14163372859025034, 0.24835309617918314, 0.2318840579710145, 0.15876152832674573, 0.06126482213438735, 0.026350461133069828, 0.039525691699604744, 0.010540184453227932], [0.46511627906976744, 0.23255813953488372, 0.1744186046511628, 0.06976744186046512, 0.046511627906976744, 0.011627906976744186, 0.0, 0.0, 0.0], [0.11527713088029809, 0.17605961807172799, 0.24615742897065673, 0.20540288775034932, 0.12622263623660923, 0.06380996739636702, 0.03190498369818351, 0.03213786679087098, 0.0030274802049371215], [0.05272013460459899, 0.09366236679753225, 0.195176668536175, 0.25518788558609085, 0.232192933258553, 0.10600112170499158, 0.0269209197980931, 0.034212002243409985, 0.003925967470555244], [0.08692554328464552, 0.17527609547559672, 0.23583897399358747, 0.23690773067331672, 0.1417883861774136, 0.06804417527609548, 0.02743142144638404, 0.023512646954043464, 0.004275026718916993], [0.04519774011299435, 0.09102322661644696, 0.17294413057124922, 0.2677338355304457, 0.23509102322661646, 0.11833019460138104, 0.028876333961079723, 0.035781544256120526, 0.005021971123666039], [0.07156611039794608, 0.13350449293966624, 0.23202824133504493, 0.25609756097560976, 0.1777920410783055, 0.07798459563543003, 0.02663671373555841, 0.01989730423620026, 0.004492939666238768], [0.009910802775024777, 0.05550049554013875, 0.14073339940535184, 0.24182358771060455, 0.2804757185332012, 0.15758176412289396, 0.05599603567888999, 0.050049554013875126, 0.007928642220019821], [0.06601941747572816, 0.16310679611650486, 0.23883495145631067, 0.19223300970873786, 0.16893203883495145, 0.08155339805825243, 0.040776699029126215, 0.03495145631067961, 0.013592233009708738], [0.04073319755600815, 0.08716904276985743, 0.1983706720977597, 0.2765784114052953, 0.2154786150712831, 0.10753564154786151, 0.03340122199592668, 0.034623217922606926, 0.006109979633401222], [0.061987704918032786, 0.1398565573770492, 0.23975409836065573, 0.2489754098360656, 0.17981557377049182, 0.09170081967213115, 0.013831967213114754, 0.020491803278688523, 0.003586065573770492], [0.18181818181818182, 0.22727272727272727, 0.18181818181818182, 0.18181818181818182, 0.09090909090909091, 0.045454545454545456, 0.045454545454545456, 0.045454545454545456, 0.0], [0.02149648615130219, 0.06262918561389004, 0.15357585779247623, 0.24038859032658122, 0.2426622571310459, 0.14344770566349732, 0.06118230673832162, 0.07007027697395618, 0.0045473336089293095], [0.02138728323699422, 0.06358381502890173, 0.15260115606936417, 0.25780346820809247, 0.2508670520231214, 0.13872832369942195, 0.03930635838150289, 0.061849710982658956, 0.013872832369942197], [0.07640195709446744, 0.1584493789988709, 0.253293187805796, 0.2480240873165224, 0.1573202860368837, 0.06624012043658262, 0.023710952201731274, 0.01580730146782085, 0.0007527286413248024], [0.030716723549488054, 0.051194539249146756, 0.24573378839590443, 0.3003412969283277, 0.27986348122866894, 0.08191126279863481, 0.010238907849829351, 0.0, 0.0], [0.01972872996300863, 0.05517879161528977, 0.14704069050554872, 0.26048088779284834, 0.25246609124537606, 0.16168310727496918, 0.04839704069050555, 0.0470098643649815, 0.008014796547472256], [0.016632269029986647, 0.05742381935170572, 0.19072477843875196, 0.31115697462668446, 0.25349034842782564, 0.11654728663348306, 0.03581400995508073, 0.017482092995022458, 0.0007284205414592692], [0.036827195467422094, 0.09267503035208417, 0.2055847834884662, 0.24726831242411978, 0.216916228247673, 0.11290975313638203, 0.04451639012545528, 0.04046944556859571, 0.0028328611898017], [0.011439732142857142, 0.04827008928571429, 0.13030133928571427, 0.23828125, 0.24162946428571427, 0.17578125, 0.064453125, 0.07449776785714286, 0.015345982142857142], [0.12218963831867058, 0.1652003910068426, 0.22189638318670576, 0.23264907135874877, 0.13685239491691104, 0.07624633431085044, 0.022482893450635387, 0.020527859237536656, 0.0019550342130987292], [0.17228464419475656, 0.21348314606741572, 0.18352059925093633, 0.2247191011235955, 0.13108614232209737, 0.0599250936329588, 0.003745318352059925, 0.00749063670411985, 0.003745318352059925], [0.06509572901325479, 0.12695139911634756, 0.22857142857142856, 0.26332842415316643, 0.17054491899852725, 0.0865979381443299, 0.02268041237113402, 0.03240058910162003, 0.003829160530191458], [0.02858744394618834, 0.07174887892376682, 0.1507847533632287, 0.23878923766816143, 0.22757847533632286, 0.1311659192825112, 0.05829596412556054, 0.06950672645739911, 0.023542600896860985], [0.02263374485596708, 0.060905349794238686, 0.17901234567901234, 0.2740740740740741, 0.22551440329218106, 0.13950617283950617, 0.04814814814814815, 0.044032921810699586, 0.006172839506172839], [0.043067710732381394, 0.10594196222938738, 0.21994472593274988, 0.25449101796407186, 0.21487793643482267, 0.0951174573929065, 0.036849378166743434, 0.02878857669276831, 0.0009212344541685859], [0.02309782608695652, 0.08491847826086957, 0.19633152173913043, 0.2758152173913043, 0.22758152173913043, 0.09578804347826086, 0.050271739130434784, 0.04008152173913043, 0.006114130434782609], [0.011915269196822596, 0.03309796999117388, 0.0970873786407767, 0.21315092674315975, 0.2444836716681377, 0.18711385701676964, 0.0794351279788173, 0.11518093556928509, 0.018534863195057368], [0.01788656154389268, 0.06660390680160037, 0.19510473052482938, 0.2605318898564368, 0.21534478700870793, 0.13532595904918804, 0.050129442221699225, 0.05295363614968228, 0.006119086843963286], [0.021026809181706674, 0.07709830033292447, 0.2176274750306641, 0.29945680742947256, 0.20115647450499385, 0.11354476958121605, 0.0343437883301209, 0.03083932013316979, 0.0049062554757315574], [0.018259281801582473, 0.05802393994725096, 0.17995536620004057, 0.29782917427470074, 0.24751470886589572, 0.13045242442686142, 0.03570703996753905, 0.02779468452018665, 0.0044633799959423815], [0.3880597014925373, 0.13432835820895522, 0.1044776119402985, 0.16417910447761194, 0.13432835820895522, 0.05970149253731343, 0.014925373134328358, 0.0, 0.0]]}, "ranksDetailed": {"labels": ["Unranked", "Combatatant", "Challenger", "Rival", "Duelist", "Elite"], "data": [[0.25882352941176473, 0.43529411764705883, 0.23529411764705882, 0.07058823529411765, 0.0, 0.0], [0.0856269113149847, 0.3547400611620795, 0.4240570846075433, 0.10601427115188583, 0.02854230377166157, 0.0010193679918450561], [0.039301310043668124, 0.27462396894711305, 0.49053857350800584, 0.16011644832605532, 0.03153808830664726, 0.0038816108685104317], [0.049019607843137254, 0.25435729847494554, 0.5062636165577342, 0.15550108932461873, 0.030773420479302833, 0.004084967320261438], [0.25, 0.3125, 0.09375, 0.25, 0.09375, 0.0], [0.026702873953383117, 0.22855849739760126, 0.48314098212265216, 0.18692011767368183, 0.06177868295994569, 0.012898845892735914], [0.08168642951251646, 0.38998682476943347, 0.3906455862977602, 0.08761528326745718, 0.039525691699604744, 0.010540184453227932], [0.46511627906976744, 0.4069767441860465, 0.11627906976744186, 0.011627906976744186, 0.0, 0.0], [0.11527713088029809, 0.4222170470423847, 0.33162552398695855, 0.09571495109455054, 0.03213786679087098, 0.0030274802049371215], [0.05272013460459899, 0.28883903533370725, 0.48738081884464385, 0.13292204150308468, 0.034212002243409985, 0.003925967470555244], [0.08692554328464552, 0.4111150694691842, 0.3786961168507303, 0.09547559672247952, 0.023512646954043464, 0.004275026718916993], [0.04519774011299435, 0.26396735718769615, 0.5028248587570622, 0.14720652856246078, 0.035781544256120526, 0.005021971123666039], [0.07156611039794608, 0.36553273427471117, 0.4338896020539153, 0.10462130937098844, 0.01989730423620026, 0.004492939666238768], [0.009910802775024777, 0.1962338949454906, 0.5222993062438057, 0.21357779980178396, 0.050049554013875126, 0.007928642220019821], [0.06601941747572816, 0.40194174757281553, 0.3611650485436893, 0.12233009708737864, 0.03495145631067961, 0.013592233009708738], [0.04073319755600815, 0.2855397148676171, 0.4920570264765784, 0.14093686354378818, 0.034623217922606926, 0.006109979633401222], [0.061987704918032786, 0.3796106557377049, 0.4287909836065574, 0.10553278688524591, 0.020491803278688523, 0.003586065573770492], [0.18181818181818182, 0.4090909090909091, 0.2727272727272727, 0.09090909090909091, 0.045454545454545456, 0.0], [0.02149648615130219, 0.21620504340636626, 0.4830508474576271, 0.20463001240181894, 0.07007027697395618, 0.0045473336089293095], [0.02138728323699422, 0.2161849710982659, 0.5086705202312138, 0.17803468208092485, 0.061849710982658956, 0.013872832369942197], [0.07640195709446744, 0.4117425668046669, 0.4053443733534061, 0.0899510726383139, 0.01580730146782085, 0.0007527286413248024], [0.030716723549488054, 0.29692832764505117, 0.5802047781569966, 0.09215017064846416, 0.0, 0.0], [0.01972872996300863, 0.20221948212083848, 0.5129469790382244, 0.21008014796547472, 0.0470098643649815, 0.008014796547472256], [0.016632269029986647, 0.2481485977904577, 0.5646473230545102, 0.1523612965885638, 0.017482092995022458, 0.0007284205414592692], [0.036827195467422094, 0.2982598138405504, 0.4641845406717928, 0.15742614326183732, 0.04046944556859571, 0.0028328611898017], [0.011439732142857142, 0.17857142857142858, 0.4799107142857143, 0.240234375, 0.07449776785714286, 0.015345982142857142], [0.12218963831867058, 0.3870967741935484, 0.36950146627565983, 0.09872922776148582, 0.020527859237536656, 0.0019550342130987292], [0.17228464419475656, 0.3970037453183521, 0.35580524344569286, 0.06367041198501873, 0.00749063670411985, 0.003745318352059925], [0.06509572901325479, 0.35552282768777616, 0.4338733431516937, 0.10927835051546392, 0.03240058910162003, 0.003829160530191458], [0.02858744394618834, 0.22253363228699552, 0.4663677130044843, 0.18946188340807174, 0.06950672645739911, 0.023542600896860985], [0.02263374485596708, 0.23991769547325104, 0.49958847736625517, 0.18765432098765433, 0.044032921810699586, 0.006172839506172839], [0.043067710732381394, 0.3258866881621373, 0.46936895439889453, 0.13196683555964994, 0.02878857669276831, 0.0009212344541685859], [0.02309782608695652, 0.28125, 0.5033967391304348, 0.14605978260869565, 0.04008152173913043, 0.006114130434782609], [0.011915269196822596, 0.13018534863195058, 0.45763459841129744, 0.26654898499558694, 0.11518093556928509, 0.018534863195057368], [0.01788656154389268, 0.26170863732642974, 0.47587667686514473, 0.18545540127088728, 0.05295363614968228, 0.006119086843963286], [0.021026809181706674, 0.29472577536358857, 0.5006132819344664, 0.14788855791133695, 0.03083932013316979, 0.0049062554757315574], [0.018259281801582473, 0.23797930614729154, 0.5453438831405965, 0.1661594643944005, 0.02779468452018665, 0.0044633799959423815], [0.3880597014925373, 0.23880597014925373, 0.29850746268656714, 0.07462686567164178, 0.0, 0.0]]}}}, "eu": {"histType": {"histogram": {"labels": ["0", "100", "200", "300", "400", "500", "600", "700", "800", "900", "1000", "1100", "1200", "1300", "1400", "1500", "1600", "1700", "1800", "1900", "2000", "2100", "2200", "2300", "2400", "2500", "2600", "2700", "2800"], "data": [[0.0, 0.0, 0.0, 0.0, 0.0, 0.03125, 0.046875, 0.0625, 0.0625, 0.078125, 0.078125, 0.140625, 0.140625, 0.09375, 0.046875, 0.078125, 0.046875, 0.046875, 0.03125, 0.0, 0.015625, 0.0, 0.0, 0.0, 0.0, 0.0, 0.0, 0.0, 0.0], [0.001081081081081081, 0.0, 0.0, 0.001081081081081081, 0.001081081081081081, 0.001081081081081081, 0.006486486486486486, 0.0075675675675675675, 0.02702702702702703, 0.03783783783783784, 0.06486486486486487, 0.0972972972972973, 0.10702702702702703, 0.13945945945945945, 0.13837837837837838, 0.11243243243243244, 0.10378378378378378, 0.043243243243243246, 0.05081081081081081, 0.02702702702702703, 0.010810810810810811, 0.015135135135135135, 0.005405405405405406, 0.001081081081081081, 0.0, 0.0, 0.0, 0.0, 0.0], [0.0, 0.0, 0.0, 0.0, 0.0016492578339747114, 0.0005497526113249038, 0.0016492578339747114, 0.007146783947223749, 0.015393073117097306, 0.022539857064321055, 0.04178119846069269, 0.057174271577789995, 0.0879604178119846, 0.10500274876305662, 0.13963716327652556, 0.1280923584387026, 0.15063221550302364, 0.0731170973062122, 0.09620670698185817, 0.030786146234194612, 0.013743815283122594, 0.018691588785046728, 0.0043980208905992305, 0.003298515667949423, 0.0005497526113249038, 0.0, 0.0, 0.0, 0.0], [0.0, 0.0, 0.0, 0.0, 0.0004830917874396135, 0.00024154589371980676, 0.0016908212560386474, 0.00748792270531401, 0.012077294685990338, 0.01859903381642512, 0.03816425120772947, 0.050724637681159424, 0.0782608695652174, 0.10072463768115943, 0.12560386473429952, 0.13502415458937198, 0.14251207729468598, 0.10024154589371981, 0.0963768115942029, 0.03888888888888889, 0.019082125603864734, 0.016908212560386472, 0.00748792270531401, 0.004589371980676328, 0.003381642512077295, 0.000966183574879227, 0.0004830917874396135, 0.0, 0.0], [0.0, 0.0, 0.0, 0.0, 0.0, 0.029411764705882353, 0.058823529411764705, 0.08823529411764706, 0.058823529411764705, 0.029411764705882353, 0.14705882352941177, 0.14705882352941177, 0.0, 0.058823529411764705, 0.08823529411764706, 0.08823529411764706, 0.08823529411764706, 0.029411764705882353, 0.0, 0.058823529411764705, 0.0, 0.0, 0.029411764705882353, 0.0, 0.0, 0.0, 0.0, 0.0, 0.0], [0.0, 0.0002209456473707468, 0.0002209456473707468, 0.0, 0.0004418912947414936, 0.0004418912947414936, 0.0004418912947414936, 0.0037560760053026955, 0.005302695536897923, 0.012593901900132567, 0.02342023862129916, 0.03733981440565621, 0.0627485638532921, 0.09655324790101635, 0.11732213875386655, 0.11157755192222714, 0.13389306230667256, 0.09522757401679187, 0.11290322580645161, 0.057445868316394165, 0.03932832523199293, 0.04396818382677861, 0.02054794520547945, 0.007954043305346884, 0.009942554131683606, 0.003977021652673442, 0.0017675651789659744, 0.0006628369421122404, 0.0], [0.0, 0.0, 0.0011655011655011655, 0.0011655011655011655, 0.0017482517482517483, 0.004662004662004662, 0.002913752913752914, 0.012237762237762238, 0.03496503496503497, 0.039627039627039624, 0.06701631701631702, 0.07867132867132867, 0.10256410256410256, 0.12004662004662005, 0.10780885780885781, 0.09965034965034965, 0.09557109557109557, 0.057692307692307696, 0.058857808857808856, 0.026223776223776224, 0.022144522144522144, 0.026223776223776224, 0.017482517482517484, 0.004079254079254079, 0.005827505827505828, 0.005827505827505828, 0.005827505827505828, 0.0, 0.0], [0.0, 0.0, 0.0, 0.0, 0.01818181818181818, 0.01818181818181818, 0.0, 0.14545454545454545, 0.09090909090909091, 0.05454545454545454, 0.14545454545454545, 0.09090909090909091, 0.07272727272727272, 0.12727272727272726, 0.03636363636363636, 0.10909090909090909, 0.09090909090909091, 0.0, 0.0, 0.0, 0.0, 0.0, 0.0, 0.0, 0.0, 0.0, 0.0, 0.0, 0.0], [0.0004576659038901602, 0.0002288329519450801, 0.0009153318077803204, 0.0009153318077803204, 0.0006864988558352403, 0.0016018306636155606, 0.007551487414187643, 0.015331807780320367, 0.03363844393592677, 0.05194508009153318, 0.08306636155606408, 0.0977116704805492, 0.12448512585812357, 0.11739130434782609, 0.10205949656750572, 0.09084668192219679, 0.08237986270022883, 0.05125858123569794, 0.04897025171624714, 0.02631578947368421, 0.02265446224256293, 0.018535469107551487, 0.010297482837528604, 0.007551487414187643, 0.002517162471395881, 0.0006864988558352403, 0.0, 0.0, 0.0], [0.0, 0.0, 0.0, 0.0, 0.0, 0.0021691973969631237, 0.0007230657989877079, 0.007953723788864787, 0.013015184381778741, 0.02386117136659436, 0.04772234273318872, 0.05278380332610268, 0.07592190889370933, 0.12581344902386118, 0.13449023861171366, 0.11785972523499638, 0.14244396240057844, 0.06652205350686913, 0.09327548806941431, 0.02964569775849602, 0.02675343456254519, 0.021691973969631236, 0.007953723788864787, 0.005784526391901663, 0.0028922631959508315, 0.0007230657989877079, 0.0, 0.0, 0.0], [0.00044072278536800354, 0.0, 0.0, 0.0, 0.0013221683561040105, 0.0022036139268400176, 0.0035257822829440283, 0.011018069634200088, 0.02600264433671221, 0.048920229175848394, 0.06478624944909651, 0.09343323049801674, 0.12252093433230499, 0.1132657558395769, 0.11767298369325695, 0.09255178492728074, 0.09343323049801674, 0.05729396209784046, 0.05773468488320846, 0.03393565447333627, 0.021154693697664168, 0.01895107977082415, 0.011018069634200088, 0.003966505068312032, 0.0035257822829440283, 0.0013221683561040105, 0.0, 0.0, 0.0], [0.0, 0.0, 0.0, 0.00033932813030200206, 0.0006786562606040041, 0.0010179843909060061, 0.0016966406515100101, 0.005429250084832033, 0.014251781472684086, 0.027485578554462164, 0.03427214116050221, 0.05293518832711232, 0.0831353919239905, 0.09806582965727859, 0.1157108924329827, 0.12656939260264677, 0.13708856464200883, 0.09127926705123855, 0.1011197828299966, 0.04682728198167628, 0.022734984730234137, 0.022056328469630133, 0.010519172039362062, 0.0013573125212080082, 0.004411265693926026, 0.0010179843909060061, 0.0, 0.0, 0.0], [0.0, 0.0, 0.0, 0.0008074283407347598, 0.0004037141703673799, 0.0012111425111021397, 0.0024222850222042794, 0.010900282599919257, 0.023011707710940653, 0.031489705288655634, 0.06459426725878079, 0.07751312071053694, 0.10859911182882519, 0.12716996366572467, 0.13161081953976583, 0.11505853855470327, 0.10375454178441663, 0.06499798142914816, 0.06297941057731127, 0.027048849414614454, 0.017763423496164714, 0.014129995962858296, 0.006863140896245458, 0.0016148566814695195, 0.002825999192571659, 0.0016148566814695195, 0.0016148566814695195, 0.0, 0.0], [0.0, 0.0, 0.0, 0.0, 0.0, 0.0, 0.00045475216007276033, 0.001364256480218281, 0.005457025920873124, 0.009095043201455207, 0.018190086402910415, 0.02773988176443838, 0.057753524329240566, 0.08458390177353342, 0.12050932241928149, 0.14051841746248295, 0.15870850386539337, 0.11778080945884493, 0.10459299681673488, 0.05229649840836744, 0.03774442928603911, 0.036834924965893585, 0.01409731696225557, 0.005911778080945885, 0.0050022737608003635, 0.0009095043201455207, 0.0, 0.00045475216007276033, 0.0], [0.0, 0.0, 0.0022675736961451248, 0.0, 0.0022675736961451248, 0.0022675736961451248, 0.006802721088435374, 0.015873015873015872, 0.024943310657596373, 0.034013605442176874, 0.06349206349206349, 0.07482993197278912, 0.07709750566893424, 0.12018140589569161, 0.1360544217687075, 0.07029478458049887, 0.10430839002267574, 0.08390022675736962, 0.08390022675736962, 0.036281179138321996, 0.015873015873015872, 0.009070294784580499, 0.011337868480725623, 0.011337868480725623, 0.013605442176870748, 0.0, 0.0, 0.0, 0.0], [0.0, 0.0, 0.0, 0.0007911392405063291, 0.00039556962025316455, 0.0007911392405063291, 0.002768987341772152, 0.008306962025316455, 0.011471518987341773, 0.021360759493670885, 0.03560126582278481, 0.0625, 0.06922468354430379, 0.12025316455696203, 0.13132911392405064, 0.11392405063291139, 0.13963607594936708, 0.07950949367088607, 0.07950949367088607, 0.0446993670886076, 0.025712025316455698, 0.02333860759493671, 0.010680379746835443, 0.007911392405063292, 0.005933544303797469, 0.002768987341772152, 0.0015822784810126582, 0.0, 0.0], [0.0, 0.0, 0.0, 0.0004662004662004662, 0.0004662004662004662, 0.0004662004662004662, 0.0032634032634032634, 0.011188811188811189, 0.016783216783216783, 0.028904428904428906, 0.05827505827505827, 0.08904428904428904, 0.09557109557109557, 0.1258741258741259, 0.13566433566433567, 0.11608391608391608, 0.10582750582750583, 0.06806526806526807, 0.0703962703962704, 0.02470862470862471, 0.017715617715617717, 0.013986013986013986, 0.006526806526806527, 0.004195804195804196, 0.004662004662004662, 0.0018648018648018648, 0.0, 0.0, 0.0], [0.0, 0.0, 0.0, 0.0, 0.0, 0.0, 0.0, 0.0625, 0.0, 0.125, 0.0, 0.0625, 0.1875, 0.0625, 0.1875, 0.125, 0.125, 0.0, 0.0625, 0.0, 0.0, 0.0, 0.0, 0.0, 0.0, 0.0, 0.0, 0.0, 0.0], [0.0, 0.0, 0.0, 0.0, 0.0, 0.000649772579597141, 0.0015161360190599957, 0.0017327268789257093, 0.006281134936105696, 0.011912497292614252, 0.022092267706302793, 0.040502490794888456, 0.05977907732293697, 0.09075157028373403, 0.11262724713017111, 0.11955815464587394, 0.14338314923110246, 0.09573316006064544, 0.10656270305393112, 0.06107862248213125, 0.04396794455273988, 0.05371453324669699, 0.016460905349