{"region": {"us": {"histType": {"histogram": {"labels": ["0", "100", "200", "300", "400", "500", "600", "700", "800", "900", "1000", "1100", "1200", "1300", "1400", "1500", "1600", "1700", "1800", "1900", "2000", "2100", "2200", "2300", "2400", "2500", "2600", "2700", "2800", "2900", "3000", "3100", "3200"], "data": [[0.0, 0.0, 0.005063291139240506, 0.005063291139240506, 0.005063291139240506, 0.007594936708860759, 0.020253164556962026, 0.020253164556962026, 0.04050632911392405, 0.04810126582278481, 0.0810126582278481, 0.10126582278481013, 0.10632911392405063, 0.13164556962025317, 0.10886075949367088, 0.09620253164556962, 0.0759493670886076, 0.04050632911392405, 0.035443037974683546, 0.035443037974683546, 0.012658227848101266, 0.007594936708860759, 0.007594936708860759, 0.0, 0.007594936708860759, 0.0, 0.0, 0.0, 0.0, 0.0, 0.0, 0.0, 0.0], [0.0, 0.00033444816053511704, 0.0, 0.00033444816053511704, 0.0006688963210702341, 0.002006688963210702, 0.005016722408026756, 0.007357859531772575, 0.01137123745819398, 0.026755852842809364, 0.038461538461538464, 0.053177257525083614, 0.08260869565217391, 0.0903010033444816, 0.12474916387959867, 0.12842809364548494, 0.14949832775919733, 0.08595317725752509, 0.11137123745819398, 0.0431438127090301, 0.015384615384615385, 0.009030100334448161, 0.005016722408026756, 0.0016722408026755853, 0.0033444816053511705, 0.0006688963210702341, 0.0016722408026755853, 0.0013377926421404682, 0.00033444816053511704, 0.0, 0.0, 0.0, 0.0], [0.00011026574043444702, 0.0, 0.0, 0.00022053148086889404, 0.00022053148086889404, 0.00022053148086889404, 0.00022053148086889404, 0.0005513287021722351, 0.0026463777704267286, 0.0031977064725989637, 0.005623552762156798, 0.007939133311280185, 0.01257029440952696, 0.019406770316462676, 0.026132980482963943, 0.11666115337964494, 0.18800308744073216, 0.11974859411180946, 0.2724666446135186, 0.07696548682324401, 0.042672841548130995, 0.05281728966810012, 0.018634910133421546, 0.009482853677362443, 0.015326937920388136, 0.00407983239607454, 0.002315580549123387, 0.0012129231447789172, 0.00011026574043444702, 0.0004410629617377881, 0.0, 0.0, 0.0], [0.0, 0.0, 0.0, 0.0, 0.00010524100189433803, 0.00010524100189433803, 0.0007366870132603662, 0.0017890970322037465, 0.004735845085245212, 0.007577352136392338, 0.01126078720269417, 0.013681330246263945, 0.02515259945274679, 0.03167754157019575, 0.04514838981267102, 0.056409177015365186, 0.21406019785308356, 0.13512944643233005, 0.23089875815617764, 0.08545569353820248, 0.047568932856240795, 0.049568511892233214, 0.01820669332772048, 0.006103978109871606, 0.010313618185645128, 0.002420543043569775, 0.0014733740265207324, 0.0004209640075773521, 0.0, 0.0, 0.0, 0.0, 0.0], [0.0, 0.0, 0.0, 0.0, 0.007575757575757576, 0.007575757575757576, 0.015151515151515152, 0.030303030303030304, 0.05303030303030303, 0.06060606060606061, 0.06060606060606061, 0.10606060606060606, 0.09848484848484848, 0.11363636363636363, 0.09090909090909091, 0.11363636363636363, 0.045454545454545456, 0.022727272727272728, 0.08333333333333333, 0.03787878787878788, 0.015151515151515152, 0.030303030303030304, 0.007575757575757576, 0.0, 0.0, 0.0, 0.0, 0.0, 0.0, 0.0, 0.0, 0.0, 0.0], [0.0, 0.0, 0.0, 0.0, 0.0, 0.0004501969611705121, 0.0009003939223410242, 0.003263927968486213, 0.004501969611705121, 0.010579628587507035, 0.02059651097355093, 0.03140123804164322, 0.05244794597636466, 0.08216094541361846, 0.1075970737197524, 0.12875633089476646, 0.16443444006752955, 0.09409116488463704, 0.1361845807540799, 0.05424873382104671, 0.031176139561057963, 0.038379290939786155, 0.015306696679797411, 0.006302757456387169, 0.010579628587507035, 0.003263927968486213, 0.0016882386043894203, 0.0010129431626336523, 0.0004501969611705121, 0.00011254924029262802, 0.00011254924029262802, 0.0, 0.0], [0.0, 0.0002457606291472106, 0.0002457606291472106, 0.001966085033177685, 0.001228803145736053, 0.0036864094372081593, 0.006389776357827476, 0.013516834603096583, 0.021381174735807324, 0.03440648808060948, 0.051118210862619806, 0.0670926517571885, 0.09363479970508724, 0.11083804374539198, 0.11304988940771689, 0.12410911771934136, 0.11943966576554436, 0.06979601867780781, 0.07544851314819366, 0.029245514868518063, 0.01867780781518801, 0.016711722782010323, 0.009338903907594004, 0.004423691324649791, 0.005898255099533055, 0.0034406488080609486, 0.002457606291472106, 0.0009830425165888424, 0.0004915212582944212, 0.0002457606291472106, 0.0004915212582944212, 0.0, 0.0], [0.003205128205128205, 0.0, 0.0, 0.00641025641025641, 0.009615384615384616, 0.022435897435897436, 0.01282051282051282, 0.038461538461538464, 0.057692307692307696, 0.10897435897435898, 0.10256410256410256, 0.12179487179487179, 0.10897435897435898, 0.10576923076923077, 0.07371794871794872, 0.0673076923076923, 0.05128205128205128, 0.028846153846153848, 0.035256410256410256, 0.02564102564102564, 0.003205128205128205, 0.003205128205128205, 0.00641025641025641, 0.00641025641025641, 0.0, 0.0, 0.0, 0.0, 0.0, 0.0, 0.0, 0.0, 0.0], [0.00028669724770642203, 0.00019113149847094801, 0.00047782874617737, 0.00028669724770642203, 0.00047782874617737, 0.001242354740061162, 0.0014334862385321102, 0.004109327217125382, 0.007836391437308868, 0.01615061162079511, 0.026280581039755353, 0.034881498470948014, 0.0433868501529052, 0.08323776758409786, 0.1518539755351682, 0.14019495412844038, 0.1496559633027523, 0.091934250764526, 0.1036888379204893, 0.046636085626911315, 0.029147553516819573, 0.029912079510703363, 0.01452599388379205, 0.007167431192660551, 0.009652140672782875, 0.0028669724770642203, 0.0015290519877675841, 0.00038226299694189603, 0.0005733944954128441, 0.0, 0.0, 0.0, 0.0], [0.0, 0.0, 0.0, 0.0, 0.0003977724741447892, 0.0003977724741447892, 0.0011933174224343676, 0.0015910898965791568, 0.0015910898965791568, 0.007955449482895784, 0.011535401750198886, 0.013126491646778043, 0.021081941129673827, 0.030230708035003977, 0.05568814638027048, 0.07557677008750995, 0.09824980111376293, 0.08870326173428798, 0.1801909307875895, 0.07199681782020684, 0.08035003977724742, 0.10222752585521082, 0.046141607000795545, 0.01949085123309467, 0.05091487669053302, 0.015910898965791568, 0.011137629276054098, 0.00994431185361973, 0.0027844073190135244, 0.0015910898965791568, 0.0, 0.0, 0.0], [0.0, 0.0, 0.00027085590465872155, 0.0, 0.0013542795232936078, 0.0013542795232936078, 0.002437703141928494, 0.003791982665222102, 0.010292524377031419, 0.02085590465872156, 0.030065005417118092, 0.03791982665222102, 0.06446370530877574, 0.07827735644637053, 0.10238353196099675, 0.12215601300108342, 0.14842903575297942, 0.09534127843986999, 0.1416576381365114, 0.04604550379198267, 0.031960996749729145, 0.03087757313109426, 0.009750812567713976, 0.0051462621885157095, 0.009209100758396533, 0.002979414951245937, 0.001895991332611051, 0.00027085590465872155, 0.0005417118093174431, 0.00027085590465872155, 0.0, 0.0, 0.0], [0.0, 0.00017614937466971993, 0.0010568962480183195, 0.0007045974986788797, 0.0015853443720274794, 0.002818389994715519, 0.006693676237449357, 0.010921261229522635, 0.020433327461687512, 0.03663906993130175, 0.06429452175444778, 0.0752157829839704, 0.10745111854852915, 0.11379249603663907, 0.13404967412365687, 0.12083847102342787, 0.11573013915800599, 0.060947683635723095, 0.06182843050907169, 0.02747930244847631, 0.013035053725559274, 0.010921261229522635, 0.006693676237449357, 0.0036991368680641184, 0.002466091245376079, 0.00035229874933943986, 0.00017614937466971993, 0.0, 0.0, 0.0, 0.0, 0.0, 0.0], [0.0, 0.0, 0.0, 0.0, 0.00012353304508956145, 0.0004941321803582458, 0.001976528721432983, 0.001976528721432983, 0.004817788758492897, 0.006053119209388512, 0.01432983323038913, 0.03681284743668931, 0.062384187770228534, 0.08153180975911056, 0.12575663990117356, 0.12637430512662137, 0.16936380481778876, 0.10277949351451514, 0.1378628783199506, 0.04496602841260037, 0.028412600370599134, 0.027547869054972206, 0.011117974058060531, 0.005558987029030266, 0.00592958616429895, 0.0024706609017912293, 0.0006176652254478073, 0.00012353304508956145, 0.0006176652254478073, 0.0, 0.0, 0.0, 0.0], [0.00021774632553075667, 0.0, 0.0, 0.00010887316276537834, 0.00021774632553075667, 0.00065323897659227, 0.0025040827436037015, 0.004354926510615134, 0.010016330974414806, 0.020468154599891125, 0.033532934131736525, 0.04616222101252041, 0.06946107784431138, 0.08884050081654872, 0.10919978225367447, 0.11377245508982035, 0.14088187261839957, 0.09286880783886772, 0.118562874251497, 0.05302123026673925, 0.029831246597713662, 0.03342406096897115, 0.01110506260206859, 0.004790419161676647, 0.008383233532934131, 0.0028307022318998366, 0.002177463255307567, 0.0008709853021230267, 0.0008709853021230267, 0.0007621121393576484, 0.00010887316276537834, 0.0, 0.0], [0.0, 0.0, 0.0, 0.0, 0.0004563084645220169, 0.00022815423226100844, 0.0011407711613050423, 0.0011407711613050423, 0.004334930412959161, 0.00593201003878622, 0.014830025096965549, 0.02783481633584303, 0.04836869723933379, 0.07072781200091262, 0.09650924024640657, 0.11749942961441935, 0.16358658453114305, 0.11453342459502623, 0.1508099475245266, 0.06798996121378051, 0.039014373716632446, 0.0378736025553274, 0.016198950490531598, 0.005703855806525211, 0.009126169290440338, 0.00296600501939311, 0.0011407711613050423, 0.0009126169290440338, 0.00022815423226100844, 0.0009126169290440338, 0.0, 0.0, 0.0], [0.0, 0.0, 0.0, 0.00035816618911174784, 0.0010744985673352436, 0.002148997134670487, 0.0028653295128939827, 0.003939828080229226, 0.010386819484240688, 0.02041547277936963, 0.031160458452722063, 0.049068767908309455, 0.06697707736389685, 0.08202005730659026, 0.09777936962750716, 0.11210601719197708, 0.13753581661891118, 0.09742120343839542, 0.11318051575931232, 0.05157593123209169, 0.03581661891117478, 0.03330945558739255, 0.018982808022922636, 0.008595988538681949, 0.012535816618911174, 0.004656160458452722, 0.0014326647564469914, 0.0032234957020057307, 0.0010744985673352436, 0.00035816618911174784, 0.0, 0.0, 0.0], [0.0002134016218523261, 0.0, 0.0006402048655569782, 0.0004268032437046522, 0.0006402048655569782, 0.0014938113529662826, 0.002774221084080239, 0.005761843790012804, 0.011523687580025609, 0.020273154075970978, 0.03265044814340589, 0.051429790866410585, 0.07639778062313274, 0.09816474605207, 0.11651728553137004, 0.12633376013657704, 0.13721724285104567, 0.08493384549722578, 0.11459667093469911, 0.04524114383269313, 0.023474178403755867, 0.024327784891165175, 0.008962868117797696, 0.004694835680751174, 0.005335040546308152, 0.0017072129748186087, 0.0014938113529662826, 0.0014938113529662826, 0.0004268032437046522, 0.0008536064874093043, 0.0, 0.0, 0.0], [0.0, 0.0, 0.0001409046075806679, 0.0002818092151613358, 0.0005636184303226716, 0.0009863322530646753, 0.0016908552909680147, 0.0033817105819360293, 0.008031562632098069, 0.015076793011131464, 0.026912780047907568, 0.04184866845145836, 0.0732703959419473, 0.08961533042130478, 0.11962801183598704, 0.12794138368324645, 0.15414964069325066, 0.08721995209243343, 0.14203184444131323, 0.039735099337748346, 0.021135691137100183, 0.02254473721290686, 0.008031562632098069, 0.0050725658729040436, 0.005777088910807383, 0.0023953783288713543, 0.0014090460758066788, 0.0002818092151613358, 0.0001409046075806679, 0.0007045230379033394, 0.0, 0.0, 0.0], [0.0, 0.0, 0.0, 0.008620689655172414, 0.008620689655172414, 0.017241379310344827, 0.008620689655172414, 0.017241379310344827, 0.008620689655172414, 0.07758620689655173, 0.05172413793103448, 0.06896551724137931, 0.0603448275862069, 0.06896551724137931, 0.0603448275862069, 0.1206896551724138, 0.12931034482758622, 0.08620689655172414, 0.04310344827586207, 0.02586206896551724, 0.034482758620689655, 0.008620689655172414, 0.02586206896551724, 0.0, 0.008620689655172414, 0.02586206896551724, 0.008620689655172414, 0.02586206896551724, 0.0, 0.0, 0.0, 0.0, 0.0], [0.00020535989321285552, 0.00010267994660642776, 0.0, 0.00010267994660642776, 0.00010267994660642776, 0.00010267994660642776, 0.00020535989321285552, 0.0011294794126707054, 0.0023616387719478387, 0.005133997330321388, 0.008111715781907794, 0.02443782729232981, 0.0669473251873909, 0.09436287093130712, 0.1228052161412876, 0.1383098880788582, 0.17393982955128864, 0.1131533011602834, 0.11418010062634767, 0.05195605298285245, 0.024848547078755518, 0.031112023821747613, 0.010473354553855632, 0.0042098778108635385, 0.006674196529417805, 0.002258958825341411, 0.0013348393058835609, 0.00041071978642571105, 0.0010267994660642776, 0.0, 0.0, 0.0, 0.0], [0.0, 0.0, 0.0, 0.0001378169790518192, 0.0, 0.0002756339581036384, 0.0013781697905181918, 0.0006890848952590959, 0.003721058434399118, 0.004685777287761852, 0.0100606394707828, 0.017364939360529217, 0.029630650496141126, 0.04658213891951488, 0.07125137816979052, 0.10239801543550166, 0.15669790518191842, 0.1270672546857773, 0.17805953693495039, 0.07841786108048511, 0.054575523704520394, 0.05912348401323043, 0.0201212789415656, 0.009785005512679162, 0.01515986769570011, 0.006890848952590959, 0.003031973539140022, 0.0012403528114663727, 0.0006890848952590959, 0.0002756339581036384, 0.0006890848952590959, 0.0, 0.0], [0.0001884303749764462, 9.42151874882231e-05, 0.0, 0.0001884303749764462, 0.0001884303749764462, 0.0005652911249293386, 0.0020727341247409083, 0.0033917467495760316, 0.007348784624081402, 0.014320708498209912, 0.02553231580930846, 0.03241002449594875, 0.04983983418127002, 0.06642170717919729, 0.07932918786508385, 0.09892594686263426, 0.1317128321085359, 0.11202185792349727, 0.15894102129263238, 0.0733936310533258, 0.047201808931599774, 0.05106463161861692, 0.01818353118522706, 0.00942151874882231, 0.011588468061051441, 0.0032033163745995856, 0.0013190126248351234, 0.0004710759374411155, 0.0006595063124175617, 0.0, 0.0, 0.0, 0.0], [0.0, 0.0, 0.0, 0.0016611295681063123, 0.0016611295681063123, 0.0, 0.0, 0.0049833887043189366, 0.008305647840531562, 0.008305647840531562, 0.014950166112956811, 0.029900332225913623, 0.04983388704318937, 0.0946843853820598, 0.11461794019933555, 0.16943521594684385, 0.16279069767441862, 0.11129568106312292, 0.132890365448505, 0.059800664451827246, 0.019933554817275746, 0.009966777408637873, 0.0033222591362126247, 0.0, 0.0016611295681063123, 0.0, 0.0, 0.0, 0.0, 0.0, 0.0, 0.0, 0.0], [0.0, 0.0, 0.0, 0.00016204829039053638, 0.0, 8.102414519526819e-05, 0.00024307243558580456, 0.0007292173067574137, 0.0017825311942959, 0.004537352130935019, 0.0071301247771836, 0.013287959812023983, 0.02106627775076973, 0.060768108896451144, 0.09957867444498461, 0.11019283746556474, 0.15880732458272565, 0.10508831631826285, 0.19502511748501053, 0.07170636849781235, 0.0440771349862259, 0.06230756765516124, 0.01839248095932588, 0.00583373845405931, 0.011910549343704424, 0.0035650623885918, 0.0015394587587100957, 0.0013774104683195593, 0.00040512072597634097, 0.00040512072597634097, 0.0, 0.0, 0.0], [0.00018130722509291996, 9.065361254645998e-05, 9.065361254645998e-05, 0.0, 0.0004532680627322999, 0.0005439216752787598, 0.0002719608376393799, 0.0009065361254645998, 0.0011784969631039796, 0.005348563140241139, 0.009518629317378298, 0.019581180310035355, 0.03435771915510833, 0.046052035173601666, 0.06853413108512374, 0.10932825673103073, 0.24694044057655698, 0.15184480101532047, 0.1662587254102076, 0.06463602574562596, 0.029643731302692412, 0.028193273501949053, 0.008158825129181398, 0.003263530051672559, 0.003263530051672559, 0.0006345752878252198, 0.0003626144501858399, 0.0003626144501858399, 0.0, 0.0, 0.0, 0.0, 0.0], [0.00012278978388998034, 0.00012278978388998034, 0.0002455795677799607, 0.0002455795677799607, 0.0007367387033398821, 0.0008595284872298625, 0.0018418467583497054, 0.00356090373280943, 0.006262278978388998, 0.011910609037328095, 0.019646365422396856, 0.03450392927308448, 0.05144891944990177, 0.06716601178781925, 0.09086444007858546, 0.12868369351669942, 0.16048624754420432, 0.11161591355599214, 0.14219056974459726, 0.06335952848722987, 0.03610019646365423, 0.036959724950884086, 0.014857563850687623, 0.006262278978388998, 0.006262278978388998, 0.0018418467583497054, 0.0009823182711198428, 0.0008595284872298625, 0.0, 0.0, 0.0, 0.0, 0.0], [0.0, 0.0, 0.0, 0.0, 0.0004329004329004329, 0.0002886002886002886, 0.00101010101010101, 0.001443001443001443, 0.004473304473304474, 0.00735930735930736, 0.01471861471861472, 0.024098124098124098, 0.03997113997113997, 0.06233766233766234, 0.09682539682539683, 0.12092352092352092, 0.15526695526695528, 0.09509379509379509, 0.1797979797979798, 0.0595959595959596, 0.03896103896103896, 0.04487734487734488, 0.01847041847041847, 0.00808080808080808, 0.010822510822510822, 0.005194805194805195, 0.00404040404040404, 0.001875901875901876, 0.0015873015873015873, 0.0011544011544011544, 0.0012987012987012987, 0.0, 0.0], [0.0, 0.00046565774155995343, 0.00023282887077997672, 0.00046565774155995343, 0.001629802095459837, 0.001629802095459837, 0.003958090803259604, 0.008614668218859138, 0.016763678696158323, 0.025611175785797437, 0.043538998835855644, 0.06076833527357392, 0.08288707799767171, 0.10430733410942956, 0.1259604190919674, 0.11664726426076834, 0.14435389988358557, 0.07427240977881257, 0.10873108265424913, 0.027473806752037252, 0.018160651920838183, 0.020721769499417928, 0.0030267753201396975, 0.002561117578579744, 0.004889406286379511, 0.0011641443538998836, 0.00046565774155995343, 0.00046565774155995343, 0.00023282887077997672, 0.0, 0.0, 0.0, 0.0], [0.0, 0.0, 0.0004987531172069825, 0.0014962593516209476, 0.0024937655860349127, 0.0024937655860349127, 0.003491271820448878, 0.011970074812967581, 0.014463840399002495, 0.013466334164588529, 0.0344139650872818, 0.04588528678304239, 0.06633416458852869, 0.0798004987531172, 0.1087281795511222, 0.10723192019950124, 0.16458852867830423, 0.09226932668329177, 0.1261845386533666, 0.0428927680798005, 0.024438902743142144, 0.02543640897755611, 0.013466334164588529, 0.007481296758104738, 0.0059850374064837905, 0.0029925187032418953, 0.0, 0.0014962593516209476, 0.0, 0.0, 0.0, 0.0, 0.0], [0.0002527805864509606, 0.0, 0.0, 0.0001263902932254803, 0.000884732052578362, 0.0012639029322548028, 0.003538928210313448, 0.006951466127401416, 0.010995955510616785, 0.021233569261880688, 0.035262891809909, 0.05093528816986855, 0.07773003033367037, 0.10288169868554095, 0.13801820020222447, 0.13738624873609706, 0.13321536905965622, 0.0826592517694641, 0.09428715874620829, 0.0358948432760364, 0.019590495449949445, 0.023508594539939334, 0.00910010111223458, 0.004802831142568251, 0.006445904954499495, 0.0012639029322548028, 0.00037917087967644087, 0.000884732052578362, 0.0, 0.00037917087967644087, 0.0001263902932254803, 0.0, 0.0], [0.0, 0.0, 0.0, 0.0005110732538330494, 0.00017035775127768313, 0.0010221465076660989, 0.0018739352640545145, 0.002385008517887564, 0.007495741056218058, 0.011754684838160136, 0.02180579216354344, 0.030834752981260646, 0.059965928449744466, 0.082793867120954, 0.09642248722316865, 0.11908006814310051, 0.14582623509369677, 0.09863713798977854, 0.13424190800681432, 0.056047700170357755, 0.03577512776831346, 0.03969335604770017, 0.014991482112436116, 0.007666098807495741, 0.0141396933560477, 0.00596252129471891, 0.005281090289608177, 0.002385008517887564, 0.001362862010221465, 0.001192504258943782, 0.0006814310051107325, 0.0, 0.0], [0.0, 0.00019565642731363725, 0.0, 0.00019565642731363725, 0.0003913128546272745, 0.0005869692819409117, 0.0019565642731363725, 0.002347877127763647, 0.006456662101350029, 0.016826452748972803, 0.026022304832713755, 0.04167481901780473, 0.061827431031109374, 0.0851105458814322, 0.1128937585599687, 0.12424183134415966, 0.1506554490315007, 0.09548033652905498, 0.13519859127372333, 0.05028370181960477, 0.031891997652122875, 0.026022304832713755, 0.010565447074936412, 0.00430444140090002, 0.005478379964781843, 0.0027391899823909216, 0.002934846409704559, 0.0013695949911954608, 0.0017609078458227353, 0.0005869692819409117, 0.0, 0.0, 0.0], [0.00010901558922925978, 0.00010901558922925978, 0.00010901558922925978, 0.0, 0.00010901558922925978, 0.000981140303063338, 0.0007631091246048185, 0.0023983429630437154, 0.0031614520876485338, 0.011664668047530797, 0.030960427341109778, 0.04851193720702061, 0.07925433336967186, 0.10890657364003052, 0.1322359097350921, 0.1415022348195792, 0.15621933936552926, 0.09124604818489043, 0.0986591082524801, 0.04295214215632835, 0.021367055488934916, 0.014608088956720812, 0.008067153602965223, 0.0022893273738144554, 0.002071296195355936, 0.0008721247138340783, 0.00032704676768777934, 0.00043606235691703914, 0.00010901558922925978, 0.0, 0.0, 0.0, 0.0], [0.0, 0.0, 0.0, 0.0001908761213972132, 0.0001908761213972132, 0.000954380606986066, 0.0015270089711777056, 0.002863141820958198, 0.005917159763313609, 0.011070815041038367, 0.024050391296048863, 0.03645733918686772, 0.06814277533880511, 0.09562893682000381, 0.12292422217980531, 0.14201183431952663, 0.15804542851689254, 0.10001908761213972, 0.1068906279824394, 0.04390150792135904, 0.0274861614811987, 0.02195075396067952, 0.011834319526627219, 0.0040083985493414775, 0.007635044855888528, 0.0024813895781637717, 0.0017178850925749188, 0.0005726283641916397, 0.0011452567283832794, 0.0001908761213972132, 0.0001908761213972132, 0.0, 0.0], [0.0, 0.0, 0.0, 0.00019884668920262477, 0.00019884668920262477, 0.0013919268244183733, 0.0013919268244183733, 0.002585006959634122, 0.00457347385166037, 0.005368860608470869, 0.013919268244183734, 0.020481208987870352, 0.03797971763770133, 0.06303440047723205, 0.09723603102008352, 0.11632531318353549, 0.16265659176774708, 0.11334261284549613, 0.17438854643070192, 0.0650228673692583, 0.03539471067806721, 0.0425531914893617, 0.016504275203817857, 0.007357327500497117, 0.010340027838536488, 0.005368860608470869, 0.0015907735136209981, 0.00039769337840524953, 0.00019884668920262477, 0.00019884668920262477, 0.0, 0.0, 0.0], [0.0, 0.0, 0.00012545477355413375, 0.0, 0.0002509095471082675, 0.000501819094216535, 0.0011290929619872036, 0.002760005018190942, 0.0035127336595157446, 0.0100363818843307, 0.018692761259565926, 0.036883703424915315, 0.05846192447622632, 0.09496926358047923, 0.11403838916070756, 0.12620750219545854, 0.14477480868147033, 0.09020198218542215, 0.14188934888972526, 0.048174633044787356, 0.030861874294316898, 0.03337096976539957, 0.016560030109145654, 0.0072763768661397565, 0.012545477355413373, 0.0028854597917450757, 0.002258185923974407, 0.001380002509095471, 0.00012545477355413375, 0.00012545477355413375, 0.0, 0.0, 0.0], [0.0, 0.0, 8.462384700008462e-05, 0.0, 8.462384700008462e-05, 8.462384700008462e-05, 0.0002538715410002539, 0.0008462384700008462, 0.001777100787001777, 0.004738935432004739, 0.008631632394008631, 0.016417026318016417, 0.028095117204028096, 0.03621900651603622, 0.054667005162054666, 0.09503258018109503, 0.19928915968519928, 0.12668189895912668, 0.2168909198612169, 0.08073115003808073, 0.04434289582804434, 0.05128205128205128, 0.013116696285013116, 0.005077430820005078, 0.009308623170009309, 0.0026233392570026233, 0.0016924769400016924, 0.000676990776000677, 0.0007616146230007616, 0.0005923669290005924, 0.0, 0.0, 0.0], [0.0, 0.0, 0.0, 0.00011412919424788861, 0.0003423875827436658, 0.0005706459712394431, 0.0007989043597352203, 0.0025108422734535494, 0.005478201323898653, 0.010385756676557863, 0.015065053640721297, 0.028988815338963705, 0.04827664916685688, 0.07190139237616983, 0.10488472951380963, 0.1333028988815339, 0.17279160009130334, 0.11275964391691394, 0.16388952293996806, 0.05329833371376398, 0.02624971467701438, 0.03127139922392148, 0.008103172791600092, 0.0033097466331887698, 0.002967359050445104, 0.0006847751654873316, 0.0007989043597352203, 0.0007989043597352203, 0.00045651677699155445, 0.0, 0.0, 0.0, 0.0], [0.0, 0.0038314176245210726, 0.0, 0.007662835249042145, 0.0038314176245210726, 0.019157088122605363, 0.02681992337164751, 0.0421455938697318, 0.06896551724137931, 0.04597701149425287, 0.038314176245210725, 0.07279693486590039, 0.06513409961685823, 0.13026819923371646, 0.11877394636015326, 0.10344827586206896, 0.08812260536398467, 0.05363984674329502, 0.04597701149425287, 0.01532567049808429, 0.011494252873563218, 0.019157088122605363, 0.0038314176245210726, 0.01532567049808429, 0.0, 0.0, 0.0, 0.0, 0.0, 0.0, 0.0, 0.0, 0.0]]}, "ranks": {"labels": ["Unranked", "Combatatent I", "Combatatent II", "Challenger I", "Challenger II", "Rival I", "Rival II", "Duelist", "Elite"], "data": [[0.1518987341772152, 0.18227848101265823, 0.2379746835443038, 0.20506329113924052, 0.11645569620253164, 0.06329113924050633, 0.020253164556962026, 0.015189873417721518, 0.007594936708860759], [0.05384615384615385, 0.09163879598662207, 0.1729096989966555, 0.25317725752508363, 0.2354515050167224, 0.13979933110367893, 0.030100334448160536, 0.015719063545150503, 0.007357859531772575], [0.00738780460910795, 0.013562686073436983, 0.031977064725989636, 0.1427941338626089, 0.3077516815525416, 0.314257360238174, 0.0778476127467196, 0.0809350534788841, 0.023486602712537216], [0.015049463270890339, 0.024942117448958114, 0.05683014102294254, 0.1015575668280362, 0.3491896442854136, 0.2802567880446222, 0.08366659650599874, 0.0738791833298253, 0.014628499263312987], [0.17424242424242425, 0.16666666666666666, 0.21212121212121213, 0.20454545454545456, 0.06818181818181818, 0.12121212121212122, 0.015151515151515152, 0.03787878787878788, 0.0], [0.019696117051209903, 0.05199774901519415, 0.1346088913899831, 0.23635340461451884, 0.2585256049521666, 0.16657287563308948, 0.0550365785030951, 0.05998874507597074, 0.01722003376477209], [0.08306709265175719, 0.1182108626198083, 0.20447284345047922, 0.23715900712705826, 0.18923568444335218, 0.09338903907594004, 0.029982796755959697, 0.030474318014254115, 0.014008355861391006], [0.25961538461538464, 0.22435897435897437, 0.21474358974358973, 0.14102564102564102, 0.08012820512820513, 0.04487179487179487, 0.019230769230769232, 0.016025641025641024, 0.0], [0.03249235474006116, 0.06116207951070336, 0.12662461773700306, 0.29204892966360857, 0.2415902140672783, 0.13035168195718655, 0.04912079510703364, 0.051605504587155966, 0.015003822629969419], [0.013126491646778043, 0.024661893396976928, 0.0513126491646778, 0.13126491646778043, 0.1869530628480509, 0.2159904534606205, 0.11654733492442323, 0.16785998408910102, 0.09228321400159109], [0.04035752979414951, 0.06798483206933911, 0.14274106175514625, 0.22453954496208017, 0.2437703141928494, 0.1706392199349946, 0.049024918743228604, 0.045774647887323945, 0.015167930660888408], [0.08102871234807116, 0.1395103047384182, 0.22124361458516822, 0.25488814514708474, 0.1766778227937291, 0.076096529857319, 0.02624625682578827, 0.021314074335036112, 0.0029945393693852386], [0.015441630636195183, 0.051142680667078444, 0.1439159975293391, 0.25213094502779493, 0.2721432983323039, 0.1621988882025942, 0.0490426189005559, 0.044224830142063, 0.009759110562075355], [0.03854109961894393, 0.07969515514425694, 0.1583015786608601, 0.22297223734349483, 0.2337506804572673, 0.14784975503538378, 0.05356559608056614, 0.04931954273271639, 0.016004354926510617], [0.013232945471138489, 0.042664841432808576, 0.11909650924024641, 0.21400866986082592, 0.2781200091261693, 0.189596167008898, 0.06821811544604152, 0.059776408852384215, 0.015286333561487566], [0.041189111747851004, 0.08022922636103152, 0.1489971346704871, 0.20988538681948424, 0.2349570200573066, 0.1400429799426934, 0.060530085959885384, 0.06088825214899714, 0.02328080229226361], [0.04374733247972685, 0.08408023900981647, 0.17456252667520272, 0.24285104566794707, 0.22215108834827144, 0.1423388817755015, 0.040973111395646605, 0.03798548868971404, 0.011310285958173282], [0.030153586022262927, 0.06876144849936593, 0.16288572636325208, 0.2475693955192335, 0.2413695927856841, 0.1649992954769621, 0.037903339439199664, 0.03564886571790898, 0.010708750176130759], [0.14655172413793102, 0.1206896551724138, 0.12931034482758622, 0.1810344827586207, 0.21551724137931033, 0.05172413793103448, 0.05172413793103448, 0.034482758620689655, 0.06896551724137931], [0.009446555087791355, 0.0325495430742376, 0.161310196118698, 0.26111510422014583, 0.28709313071157205, 0.14405996508881816, 0.04692473559913749, 0.045795256186466786, 0.011705513913132765], [0.010887541345093716, 0.02742557883131202, 0.07621278941565601, 0.17364939360529216, 0.2837651598676957, 0.2213340683572216, 0.08971885336273429, 0.08902976846747519, 0.027976846747519293], [0.028358771433955154, 0.05794234030525721, 0.1162615413604673, 0.17825513472771812, 0.24373469003203316, 0.19775767853778028, 0.08177878273977765, 0.07866968155266629, 0.017241379310344827], [0.024916943521594685, 0.044850498338870434, 0.14451827242524917, 0.2840531561461794, 0.27408637873754155, 0.17109634551495018, 0.04152823920265781, 0.013289036544850499, 0.0016611295681063123], [0.007535245503159942, 0.020418084589207585, 0.08183438664722087, 0.20977151191054935, 0.2638956409009885, 0.23545616593744936, 0.07535245503159942, 0.08653378706854643, 0.019202722411278562], [0.009065361254645998, 0.029099809627413653, 0.08040975432871, 0.17786238781615446, 0.39878524159187745, 0.20242951681624513, 0.058108965642280845, 0.03961562868280301, 0.004623334239869459], [0.025908644400785854, 0.054150294695481334, 0.11861493123772102, 0.21954813359528488, 0.27210216110019647, 0.17779960707269155, 0.06385068762278978, 0.058079567779960706, 0.009945972495088409], [0.015007215007215007, 0.03881673881673882, 0.10230880230880231, 0.21774891774891775, 0.25036075036075034, 0.2124098124098124, 0.06594516594516595, 0.07142857142857142, 0.025974025974025976], [0.059371362048894066, 0.10430733410942956, 0.18719441210710128, 0.24260768335273575, 0.21862630966239813, 0.12293364377182771, 0.03143189755529686, 0.026309662398137368, 0.007217694994179278], [0.050374064837905234, 0.08029925187032419, 0.14613466334164588, 0.21596009975062344, 0.256857855361596, 0.15162094763092268, 0.041895261845386535, 0.04638403990024938, 0.010473815461346634], [0.04524772497472194, 0.08619817997977755, 0.18061172901921133, 0.27540444893832156, 0.21587462082912032, 0.11488877654196157, 0.03488372093023256, 0.03741152679474216, 0.009479271991911021], [0.025212947189097105, 0.05264054514480409, 0.14275979557069846, 0.21550255536626917, 0.2444633730834753, 0.1647359454855196, 0.06132879045996593, 0.062350936967632026, 0.03100511073253833], [0.028957151242418315, 0.06769712385051849, 0.14693797691254157, 0.23713558990412836, 0.24613578556055565, 0.1649383682253962, 0.05243592252005479, 0.040892193308550186, 0.01486988847583643], [0.019404774882808243, 0.07947236454813038, 0.1881609070097024, 0.2737381445546713, 0.24746538755041972, 0.122533522293688, 0.04044478360405538, 0.02496456993350049, 0.0038155456230240924], [0.02271425844626837, 0.060507730482916584, 0.16377171215880892, 0.26493605649933194, 0.25806451612903225, 0.1315136476426799, 0.046764649742317234, 0.037793472036648214, 0.013933956861996563], [0.01570888844700736, 0.03440047723205408, 0.10101411811493338, 0.213561344203619, 0.2759992046132432, 0.21057864386557965, 0.0642274806124478, 0.06641479419367667, 0.018095048717438854], [0.018316396938903527, 0.05557646468448124, 0.15343118805670555, 0.2402458913561661, 0.2349767908668925, 0.16898757997741815, 0.05193827625141137, 0.05720737674068498, 0.019320035127336595], [0.00787001777100787, 0.025048658712025048, 0.06431412372006431, 0.1496995853431497, 0.32597105864432596, 0.26038757721926037, 0.08157738850808158, 0.06947617838706947, 0.015655411695015654], [0.020200867381876285, 0.044053868979685, 0.1201780415430267, 0.23818762839534352, 0.2855512440082173, 0.1932207258616754, 0.050216845469070986, 0.04268431864871034, 0.0057064597123944304], [0.21839080459770116, 0.1111111111111111, 0.19540229885057472, 0.2222222222222222, 0.1417624521072797, 0.04980842911877394, 0.022988505747126436, 0.038314176245210725, 0.0]]}, "ranksDetailed": {"labels": ["Unranked", "Combatatant", "Challenger", "Rival", "Duelist", "Elite"], "data": [[0.1518987341772152, 0.42025316455696204, 0.32151898734177214, 0.08354430379746836, 0.015189873417721518, 0.007594936708860759], [0.05384615384615385, 0.2645484949832776, 0.48862876254180604, 0.16989966555183947, 0.015719063545150503, 0.007357859531772575], [0.00738780460910795, 0.04553975079942662, 0.4505458154151505, 0.3921049729848936, 0.0809350534788841, 0.023486602712537216], [0.015049463270890339, 0.08177225847190066, 0.4507472111134498, 0.3639233845506209, 0.0738791833298253, 0.014628499263312987], [0.17424242424242425, 0.3787878787878788, 0.2727272727272727, 0.13636363636363635, 0.03787878787878788, 0.0], [0.019696117051209903, 0.18660664040517727, 0.4948790095666854, 0.22160945413618457, 0.05998874507597074, 0.01722003376477209], [0.08306709265175719, 0.3226837060702875, 0.42639469157041043, 0.12337183583189973, 0.030474318014254115, 0.014008355861391006], [0.25961538461538464, 0.4391025641025641, 0.22115384615384615, 0.0641025641025641, 0.016025641025641024, 0.0], [0.03249235474006116, 0.1877866972477064, 0.5336391437308868, 0.17947247706422018, 0.051605504587155966, 0.015003822629969419], [0.013126491646778043, 0.07597454256165473, 0.31821797931583135, 0.3325377883850438, 0.16785998408910102, 0.09228321400159109], [0.04035752979414951, 0.21072589382448537, 0.46830985915492956, 0.21966413867822318, 0.045774647887323945, 0.015167930660888408], [0.08102871234807116, 0.3607539193235864, 0.4315659679408138, 0.10234278668310727, 0.021314074335036112, 0.0029945393693852386], [0.015441630636195183, 0.19505867819641753, 0.5242742433600989, 0.2112415071031501, 0.044224830142063, 0.009759110562075355], [0.03854109961894393, 0.23799673380511704, 0.45672291780076213, 0.2014153511159499, 0.04931954273271639, 0.016004354926510617], [0.013232945471138489, 0.161761350673055, 0.4921286789869952, 0.25781428245493954, 0.059776408852384215, 0.015286333561487566], [0.041189111747851004, 0.22922636103151864, 0.44484240687679083, 0.20057306590257878, 0.06088825214899714, 0.02328080229226361], [0.04374733247972685, 0.2586427656850192, 0.46500213401621854, 0.1833119931711481, 0.03798548868971404, 0.011310285958173282], [0.030153586022262927, 0.23164717486261802, 0.48893898830491755, 0.20290263491616176, 0.03564886571790898, 0.010708750176130759], [0.14655172413793102, 0.25, 0.39655172413793105, 0.10344827586206896, 0.034482758620689655, 0.06896551724137931], [0.009446555087791355, 0.19385973919293562, 0.5482082349317179, 0.19098470068795564, 0.045795256186466786, 0.011705513913132765], [0.010887541345093716, 0.10363836824696802, 0.4574145534729879, 0.3110529217199559, 0.08902976846747519, 0.027976846747519293], [0.028358771433955154, 0.1742038816657245, 0.4219898247597513, 0.27953646127755793, 0.07866968155266629, 0.017241379310344827], [0.024916943521594685, 0.1893687707641196, 0.5581395348837209, 0.21262458471760798, 0.013289036544850499, 0.0016611295681063123], [0.007535245503159942, 0.10225247123642846, 0.4736671528115378, 0.31080862096904877, 0.08653378706854643, 0.019202722411278562], [0.009065361254645998, 0.10950956395612366, 0.5766476294080319, 0.26053848245852596, 0.03961562868280301, 0.004623334239869459], [0.025908644400785854, 0.17276522593320237, 0.4916502946954813, 0.24165029469548133, 0.058079567779960706, 0.009945972495088409], [0.015007215007215007, 0.14112554112554113, 0.4681096681096681, 0.27835497835497836, 0.07142857142857142, 0.025974025974025976], [0.059371362048894066, 0.29150174621653085, 0.4612339930151339, 0.15436554132712457, 0.026309662398137368, 0.007217694994179278], [0.050374064837905234, 0.22643391521197007, 0.47281795511221947, 0.19351620947630924, 0.04638403990024938, 0.010473815461346634], [0.04524772497472194, 0.2668099089989889, 0.49127906976744184, 0.14977249747219415, 0.03741152679474216, 0.009479271991911021], [0.025212947189097105, 0.19540034071550255, 0.4599659284497445, 0.2260647359454855, 0.062350936967632026, 0.03100511073253833], [0.028957151242418315, 0.21463510076306005, 0.483271375464684, 0.21737429074545098, 0.040892193308550186, 0.01486988847583643], [0.019404774882808243, 0.2676332715578328, 0.5212035321050911, 0.16297830589774337, 0.02496456993350049, 0.0038155456230240924], [0.02271425844626837, 0.22427944264172553, 0.5230005726283642, 0.17827829738499715, 0.037793472036648214, 0.013933956861996563], [0.01570888844700736, 0.13541459534698747, 0.4895605488168622, 0.27480612447802744, 0.06641479419367667, 0.018095048717438854], [0.018316396938903527, 0.2090076527411868, 0.4752226822230586, 0.22092585622882951, 0.05720737674068498, 0.019320035127336595], [0.00787001777100787, 0.08936278243208937, 0.47567064398747566, 0.341964965727342, 0.06947617838706947, 0.015655411695015654], [0.020200867381876285, 0.16423191052271172, 0.5237388724035609, 0.2434375713307464, 0.04268431864871034, 0.0057064597123944304], [0.21839080459770116, 0.3065134099616858, 0.36398467432950193, 0.07279693486590039, 0.038314176245210725, 0.0]]}}}, "eu": {"histType": {"histogram": {"labels": ["0", "100", "200", "300", "400", "500", "600", "700", "800", "900", "1000", "1100", "1200", "1300", "1400", "1500", "1600", "1700", "1800", "1900", "2000", "2100", "2200", "2300", "2400", "2500", "2600", "2700", "2800", "2900", "3000", "3100", "3200"], "data": [[0.0, 0.0, 0.0031645569620253164, 0.0, 0.0, 0.006329113924050633, 0.015822784810126583, 0.022151898734177215, 0.06329113924050633, 0.07911392405063292, 0.09177215189873418, 0.08544303797468354, 0.06645569620253164, 0.12341772151898735, 0.13291139240506328, 0.10126582278481013, 0.07911392405063292, 0.04430379746835443, 0.0379746835443038, 0.02531645569620253, 0.00949367088607595, 0.00949367088607595, 0.0031645569620253164, 0.0, 0.0, 0.0, 0.0, 0.0, 0.0, 0.0, 0.0, 0.0, 0.0], [0.0003590664272890485, 0.0, 0.000718132854578097, 0.000718132854578097, 0.001436265709156194, 0.004308797127468581, 0.006463195691202872, 0.00933572710951526, 0.022262118491921005, 0.029802513464991024, 0.03985637342908438, 0.06606822262118492, 0.07684021543985638, 0.10089766606822262, 0.13070017953321364, 0.1296229802513465, 0.14290843806104128, 0.07073608617594256, 0.10053859964093358, 0.027289048473967684, 0.014721723518850987, 0.011131059245960502, 0.006463195691202872, 0.0025134649910233393, 0.002872531418312388, 0.000718132854578097, 0.000718132854578097, 0.0, 0.0, 0.0, 0.0, 0.0, 0.0], [0.0, 0.0, 0.0, 0.00011097547442015315, 0.00011097547442015315, 0.00011097547442015315, 0.00011097547442015315, 0.0009987792697813782, 0.0017756075907224503, 0.0025524359116635225, 0.005881700144268117, 0.00954389080013317, 0.012984130507157918, 0.01620241926534236, 0.08167794917323272, 0.12018643879702585, 0.1866607479746976, 0.11741205193652203, 0.2437021418266563, 0.0686938186660748, 0.04194872933081789, 0.04749750305182555, 0.01620241926534236, 0.007879258683830874, 0.01020974364665409, 0.0038841416047053602, 0.0017756075907224503, 0.0012207302186216845, 0.00033292642326045944, 0.00033292642326045944, 0.0, 0.0, 0.0], [0.0, 0.0, 0.0, 0.0001006947940791461, 0.0001006947940791461, 0.0002013895881582922, 0.0007048635585540227, 0.0019132010875037762, 0.0025173698519786528, 0.005739603262511328, 0.011177122142785219, 0.017722283757929714, 0.02175007552109556, 0.028395931930319203, 0.0452119625415366, 0.0777363810291008, 0.21810492397543046, 0.1421810492397543, 0.21377504783002718, 0.08337528949753298, 0.04551404692377404, 0.04722585842311953, 0.014399355553317894, 0.006847245997381935, 0.010774342966468634, 0.002718759440136945, 0.0005034739703957305, 0.0007048635585540227, 0.0003020843822374383, 0.0003020843822374383, 0.0, 0.0, 0.0], [0.0, 0.0, 0.0, 0.0, 0.0, 0.022900763358778626, 0.022900763358778626, 0.061068702290076333, 0.07633587786259542, 0.04580152671755725, 0.061068702290076333, 0.10687022900763359, 0.07633587786259542, 0.05343511450381679, 0.061068702290076333, 0.13740458015267176, 0.015267175572519083, 0.0916030534351145, 0.03816793893129771, 0.04580152671755725, 0.04580152671755725, 0.0, 0.007633587786259542, 0.007633587786259542, 0.022900763358778626, 0.0, 0.0, 0.0, 0.0, 0.0, 0.0, 0.0, 0.0], [0.0, 0.0001128668171557562, 0.0001128668171557562, 0.0002257336343115124, 0.0004514672686230248, 0.00