{"region": {"us": {"histType": {"histogram": {"labels": ["0", "100", "200", "300", "400", "500", "600", "700", "800", "900", "1000", "1100", "1200", "1300", "1400", "1500", "1600", "1700", "1800", "1900", "2000", "2100", "2200", "2300", "2400", "2500", "2600", "2700", "2800", "2900", "3000", "3100"], "data": [[0.0, 0.0, 0.0, 0.005917159763313609, 0.0, 0.01775147928994083, 0.023668639053254437, 0.01775147928994083, 0.05325443786982249, 0.05917159763313609, 0.0650887573964497, 0.09467455621301775, 0.08284023668639054, 0.13609467455621302, 0.13609467455621302, 0.07692307692307693, 0.05917159763313609, 0.04142011834319527, 0.05917159763313609, 0.05325443786982249, 0.011834319526627219, 0.005917159763313609, 0.0, 0.0, 0.0, 0.0, 0.0, 0.0, 0.0, 0.0, 0.0, 0.0], [0.0, 0.0019144862795149968, 0.0, 0.0006381620931716656, 0.0019144862795149968, 0.0012763241863433313, 0.005105296745373325, 0.012763241863433313, 0.014039566049776643, 0.02616464582003829, 0.04658583280153159, 0.05998723675813657, 0.08296107211231653, 0.08806636885768986, 0.13529036375239312, 0.13209955328653478, 0.15188257817485643, 0.07019783024888322, 0.08679004467134652, 0.03190810465858328, 0.0204211869814933, 0.014677728142948309, 0.00574345883854499, 0.003190810465858328, 0.0019144862795149968, 0.003190810465858328, 0.0012763241863433313, 0.0, 0.0, 0.0, 0.0, 0.0], [0.0001869508319312021, 0.0, 0.0001869508319312021, 0.0003739016638624042, 0.0003739016638624042, 0.0001869508319312021, 0.0003739016638624042, 0.0009347541596560105, 0.005608524957936063, 0.00803888577304169, 0.012338754907459339, 0.017199476537670594, 0.030099083940923536, 0.04804636380631894, 0.07496728360441204, 0.09740138343615629, 0.1446999439147504, 0.11030099083940924, 0.20209384931762947, 0.06748925032716395, 0.04561600299121331, 0.06618059450364554, 0.023368853991400262, 0.012899607403252944, 0.02131239484015704, 0.0035520658066928398, 0.005047672462142457, 0.0011217049915872126, 0.0, 0.0, 0.0, 0.0], [0.0, 0.00017053206002728513, 0.0, 0.00017053206002728513, 0.00017053206002728513, 0.00017053206002728513, 0.002216916780354707, 0.0032401091405184173, 0.009720327421555252, 0.015518417462482947, 0.027114597544338336, 0.030354706684856753, 0.056446111869031375, 0.07759208731241474, 0.10641200545702592, 0.12909276944065484, 0.16575716234652116, 0.10538881309686221, 0.13898362892223737, 0.0538881309686221, 0.03171896316507503, 0.024386084583901773, 0.008356070941336972, 0.004604365620736698, 0.005798090040927694, 0.0018758526603001365, 0.0006821282401091405, 0.00017053206002728513, 0.0, 0.0, 0.0, 0.0], [0.0, 0.0, 0.0, 0.0, 0.0, 0.0, 0.0, 0.06557377049180328, 0.04918032786885246, 0.09836065573770492, 0.03278688524590164, 0.06557377049180328, 0.14754098360655737, 0.13114754098360656, 0.03278688524590164, 0.01639344262295082, 0.09836065573770492, 0.03278688524590164, 0.08196721311475409, 0.08196721311475409, 0.03278688524590164, 0.01639344262295082, 0.0, 0.01639344262295082, 0.0, 0.0, 0.0, 0.0, 0.0, 0.0, 0.0, 0.0], [0.0, 0.0, 0.0, 0.0, 0.0, 0.0, 0.00015842839036755386, 0.002376425855513308, 0.002693282636248416, 0.008555133079847909, 0.015842839036755388, 0.025665399239543727, 0.04657794676806084, 0.07525348542458808, 0.10947401774397972, 0.13640684410646386, 0.157319391634981, 0.09838403041825095, 0.13434727503168567, 0.05687579214195184, 0.034695817490494295, 0.04404309252217997, 0.0185361216730038, 0.006178707224334601, 0.014892268694550063, 0.006653992395437262, 0.003960709759188847, 0.001108998732572877, 0.0, 0.0, 0.0, 0.0], [0.0, 0.0, 0.00040160642570281126, 0.002008032128514056, 0.001606425702811245, 0.002008032128514056, 0.0036144578313253013, 0.008835341365461847, 0.02248995983935743, 0.03253012048192771, 0.04979919678714859, 0.06345381526104418, 0.08755020080321285, 0.10642570281124498, 0.13172690763052208, 0.1248995983935743, 0.11887550200803212, 0.07349397590361446, 0.06626506024096386, 0.028112449799196786, 0.017269076305220885, 0.02208835341365462, 0.008032128514056224, 0.00642570281124498, 0.011244979919678716, 0.005622489959839358, 0.004819277108433735, 0.00040160642570281126, 0.0, 0.0, 0.0, 0.0], [0.0, 0.0, 0.006097560975609756, 0.012195121951219513, 0.006097560975609756, 0.012195121951219513, 0.012195121951219513, 0.054878048780487805, 0.07926829268292683, 0.12195121951219512, 0.10365853658536585, 0.12195121951219512, 0.13414634146341464, 0.10365853658536585, 0.07317073170731707, 0.042682926829268296, 0.036585365853658534, 0.03048780487804878, 0.0, 0.04878048780487805, 0.0, 0.0, 0.0, 0.0, 0.0, 0.0, 0.0, 0.0, 0.0, 0.0, 0.0, 0.0], [0.00047468354430379745, 0.0006329113924050633, 0.0009493670886075949, 0.00047468354430379745, 0.0009493670886075949, 0.002689873417721519, 0.0030063291139240506, 0.008227848101265823, 0.016930379746835443, 0.03781645569620253, 0.06028481012658228, 0.08655063291139241, 0.11598101265822784, 0.12072784810126583, 0.14430379746835442, 0.11787974683544304, 0.09224683544303798, 0.05664556962025316, 0.0564873417721519, 0.0245253164556962, 0.01787974683544304, 0.01550632911392405, 0.00870253164556962, 0.004588607594936709, 0.004113924050632912, 0.0012658227848101266, 0.00015822784810126583, 0.0, 0.0, 0.0, 0.0, 0.0], [0.0, 0.0, 0.0008635578583765112, 0.0, 0.0017271157167530224, 0.0017271157167530224, 0.004317789291882556, 0.004317789291882556, 0.01468048359240069, 0.022884283246977548, 0.03670120898100173, 0.04404145077720207, 0.07383419689119171, 0.09067357512953368, 0.1196027633851468, 0.12867012089810018, 0.15630397236614854, 0.08765112262521589, 0.1079447322970639, 0.038860103626943004, 0.019861830742659757, 0.022884283246977548, 0.008635578583765112, 0.006044905008635579, 0.005613126079447323, 0.002158894645941278, 0.0, 0.0, 0.0, 0.0, 0.0, 0.0], [0.0, 0.0, 0.0007022471910112359, 0.0009363295880149813, 0.0014044943820224719, 0.0025749063670411983, 0.006788389513108614, 0.01100187265917603, 0.017790262172284643, 0.03581460674157303, 0.06343632958801498, 0.075374531835206, 0.09995318352059925, 0.10440074906367042, 0.14817415730337077, 0.1271067415730337, 0.10299625468164794, 0.06367041198501873, 0.06273408239700375, 0.031835205992509365, 0.013576779026217229, 0.013810861423220975, 0.00749063670411985, 0.0028089887640449437, 0.0035112359550561797, 0.0018726591760299626, 0.00023408239700374532, 0.0, 0.0, 0.0, 0.0, 0.0], [0.0, 0.0, 0.0, 0.0, 0.0004381161007667032, 0.001095290251916758, 0.0028477546549835705, 0.004819277108433735, 0.010733844468784228, 0.01380065717415115, 0.033515881708652794, 0.04381161007667032, 0.06418400876232201, 0.076013143483023, 0.12858707557502738, 0.11916757940854326, 0.15553121577217963, 0.09835706462212486, 0.12354874041621029, 0.043373493975903614, 0.023658269441401973, 0.029134720700985762, 0.010514786418400876, 0.004819277108433735, 0.006352683461117196, 0.00416210295728368, 0.0015334063526834612, 0.0, 0.0, 0.0, 0.0, 0.0], [0.00018331805682859762, 0.0, 0.0, 0.00036663611365719525, 0.00018331805682859762, 0.0009165902841429881, 0.0021998166819431715, 0.00384967919340055, 0.00916590284142988, 0.02456461961503208, 0.04179651695692026, 0.053895508707607696, 0.07222731439046746, 0.09275893675527039, 0.1297891842346471, 0.13363886342804765, 0.15453712190650779, 0.08689275893675527, 0.09074243813015583, 0.0384967919340055, 0.022914757103574702, 0.022181484876260312, 0.005316223648029331, 0.0034830430797433546, 0.005316223648029331, 0.002933088909257562, 0.001466544454628781, 0.00018331805682859762, 0.0, 0.0, 0.0, 0.0], [0.0, 0.0, 0.0003168567807351077, 0.0, 0.0003168567807351077, 0.0003168567807351077, 0.0006337135614702154, 0.0009505703422053232, 0.0028517110266159697, 0.007287705956907478, 0.016159695817490494, 0.024081115335868188, 0.042458808618504436, 0.06273764258555133, 0.09980988593155894, 0.13022813688212928, 0.1726869455006337, 0.1185044359949303, 0.13878326996197718, 0.06717363751584284, 0.03802281368821293, 0.036755386565272496, 0.014575411913814956, 0.011089987325728771, 0.008555133079847909, 0.0025348542458808617, 0.0031685678073510772, 0.0, 0.0, 0.0, 0.0, 0.0], [0.0, 0.0, 0.0, 0.0, 0.0006958942240779402, 0.0006958942240779402, 0.0020876826722338203, 0.0048712595685455815, 0.012526096033402923, 0.019485038274182326, 0.027835768963117607, 0.054279749478079335, 0.05288796102992345, 0.08211551844119694, 0.10647181628392484, 0.11551844119693806, 0.14126652748782184, 0.0953375086986778, 0.10299234516353514, 0.05010438413361169, 0.03966597077244259, 0.032011134307585246, 0.016005567153792623, 0.009046624913013222, 0.015309672929714684, 0.008350730688935281, 0.0048712595685455815, 0.0055671537926235215, 0.0, 0.0, 0.0, 0.0], [0.00029342723004694836, 0.0, 0.0005868544600938967, 0.00029342723004694836, 0.0005868544600938967, 0.0014671361502347417, 0.002640845070422535, 0.0038145539906103286, 0.009096244131455399, 0.015258215962441314, 0.028462441314553992, 0.04548122065727699, 0.07981220657276995, 0.0994718309859155, 0.1255868544600939, 0.13791079812206572, 0.1329225352112676, 0.08597417840375587, 0.09917840375586855, 0.04548122065727699, 0.02494131455399061, 0.027288732394366196, 0.013497652582159625, 0.0038145539906103286, 0.008509389671361502, 0.0038145539906103286, 0.0029342723004694834, 0.0008802816901408451, 0.0, 0.0, 0.0, 0.0], [0.0, 0.0, 0.0, 0.0007199424046076314, 0.0009599232061435085, 0.00023998080153587713, 0.001919846412287017, 0.005759539236861051, 0.007919366450683946, 0.017758579313654908, 0.03167746580273578, 0.04103671706263499, 0.06863450923926086, 0.08207343412526998, 0.12191024718022558, 0.1319894408447324, 0.1459083273338133, 0.09047276217902568, 0.13102951763858892, 0.037437005039596835, 0.022798176145908327, 0.02663786897048236, 0.011039116870650349, 0.005999520038396928, 0.009839212862970962, 0.0026397888168946484, 0.0021598272138228943, 0.0014398848092152627, 0.0, 0.0, 0.0, 0.0], [0.0, 0.0, 0.0, 0.0, 0.0, 0.0, 0.0, 0.0, 0.041666666666666664, 0.0625, 0.041666666666666664, 0.10416666666666667, 0.041666666666666664, 0.08333333333333333, 0.08333333333333333, 0.125, 0.14583333333333334, 0.041666666666666664, 0.0625, 0.041666666666666664, 0.020833333333333332, 0.10416666666666667, 0.0, 0.0, 0.0, 0.0, 0.0, 0.0, 0.0, 0.0, 0.0, 0.0], [0.0001513317191283293, 0.0, 0.0, 0.0001513317191283293, 0.0001513317191283293, 0.0004539951573849879, 0.0004539951573849879, 0.0013619854721549636, 0.004085956416464891, 0.008020581113801453, 0.01694915254237288, 0.02345641646489104, 0.045702179176755446, 0.06779661016949153, 0.11667675544794189, 0.14648910411622276, 0.16358958837772397, 0.1110774818401937, 0.11501210653753027, 0.06295399515738499, 0.03662227602905569, 0.04222154963680387, 0.015738498789346248, 0.00847457627118644, 0.00847457627118644, 0.003934624697336562, 0.0, 0.0, 0.0, 0.0, 0.0, 0.0], [0.0, 0.0, 0.0, 0.0002205071664829107, 0.0, 0.0004410143329658214, 0.0015435501653803748, 0.0011025358324145535, 0.002866593164277839, 0.005512679162072767, 0.013009922822491731, 0.017199558985667034, 0.029988974641675853, 0.04233737596471885, 0.074090407938258, 0.09922822491730982, 0.14156560088202866, 0.1278941565600882, 0.16648291069459759, 0.08092613009922822, 0.05733186328555678, 0.06725468577728776, 0.023594266813671445, 0.011025358324145534, 0.019845644983461964, 0.00926130099228225, 0.005071664829106946, 0.002205071664829107, 0.0, 0.0, 0.0, 0.0], [0.0002638522427440633, 0.00013192612137203166, 0.0, 0.0002638522427440633, 0.0002638522427440633, 0.001187335092348285, 0.0009234828496042216, 0.0029023746701846965, 0.004881266490765171, 0.009762532981530342, 0.01978891820580475, 0.026649076517150396, 0.03284960422163588, 0.05554089709762533, 0.08245382585751979, 0.11807387862796834, 0.14736147757255938, 0.11754617414248021, 0.1525065963060686, 0.07783641160949868, 0.04366754617414248, 0.05316622691292876, 0.021108179419525065, 0.011345646437994723, 0.013984168865435357, 0.00474934036939314, 0.0007915567282321899, 0.0, 0.0, 0.0, 0.0, 0.0], [0.0, 0.0, 0.0, 0.0, 0.0, 0.002380952380952381, 0.0, 0.004761904761904762, 0.007142857142857143, 0.011904761904761904, 0.011904761904761904, 0.03333333333333333, 0.05476190476190476, 0.11428571428571428, 0.13333333333333333, 0.16428571428571428, 0.15714285714285714, 0.14047619047619048, 0.10714285714285714, 0.0380952380952381, 0.01904761904761905, 0.0, 0.0, 0.0, 0.0, 0.0, 0.0, 0.0, 0.0, 0.0, 0.0, 0.0], [0.0, 0.0, 0.0, 0.00011215791834903544, 0.00011215791834903544, 0.00044863167339614175, 0.00033647375504710633, 0.0011215791834903544, 0.0032525796321220277, 0.007290264692687304, 0.012898160610139075, 0.02265589950650516, 0.03869448183041723, 0.05069537909376402, 0.08243606998654104, 0.10890533871691341, 0.16498429789143113, 0.11731718259309107, 0.18629430237774786, 0.07256617317182593, 0.039703903095558546, 0.053050695379093765, 0.01525347689546882, 0.006056527590847914, 0.009645580978017048, 0.004374158815612382, 0.0016823687752355316, 0.00011215791834903544, 0.0, 0.0, 0.0, 0.0], [0.00010318852543597152, 0.0, 0.00020637705087194304, 0.00010318852543597152, 0.0008255082034877722, 0.0008255082034877722, 0.0005159426271798576, 0.001754204932411516, 0.001960581983283459, 0.008461459085749665, 0.013930450933856154, 0.030440615003611598, 0.05706325456609225, 0.08420183675575275, 0.13208131255804353, 0.1712929522237127, 0.184810649055825, 0.1119595500980291, 0.11041172221648952, 0.04137859869982458, 0.021256836239810135, 0.016406975544319472, 0.004540295119182747, 0.001960581983283459, 0.0022701475595913734, 0.0011350737797956867, 0.00010318852543597152, 0.0, 0.0, 0.0, 0.0, 0.0], [0.0, 0.000178826895565093, 0.0, 0.000357653791130186, 0.000178826895565093, 0.001072961373390558, 0.001609442060085837, 0.002503576537911302, 0.006080114449213162, 0.0101931330472103, 0.021280400572246064, 0.03469241773962804, 0.06062231759656652, 0.07439198855507868, 0.12339055793991416, 0.14717453505007153, 0.15647353361945637, 0.10568669527896996, 0.11605865522174535, 0.055972818311874104, 0.028791130185979973, 0.02753934191702432, 0.012875536480686695, 0.006258941344778255, 0.00536480686695279, 0.001072961373390558, 0.000178826895565093, 0.0, 0.0, 0.0, 0.0, 0.0], [0.0, 0.0, 0.0, 0.0, 0.0003665017408832692, 0.0, 0.0007330034817665384, 0.0010995052226498076, 0.0025655121861828845, 0.004947773501924134, 0.013377313542239326, 0.02070734835990471, 0.039765438885834704, 0.06450430639545537, 0.10408649441084845, 0.13175737584753527, 0.15649624335715595, 0.09474070001832509, 0.159978009895547, 0.060472787245739415, 0.040498442367601244, 0.04562946673996701, 0.019241341396371632, 0.013010811801356057, 0.014476818764889134, 0.005864027854132307, 0.0043980208905992305, 0.0012827560930914422, 0.0, 0.0, 0.0, 0.0], [0.0, 0.0012779552715654952, 0.0006389776357827476, 0.0006389776357827476, 0.0019169329073482429, 0.0038338658146964857, 0.005111821086261981, 0.008306709265175719, 0.030031948881789138, 0.044089456869009586, 0.053035143769968054, 0.0817891373801917, 0.08626198083067092, 0.11118210862619808, 0.13226837060702876, 0.1182108626198083, 0.11182108626198083, 0.05942492012779553, 0.07603833865814696, 0.028115015974440896, 0.015335463258785943, 0.020447284345047924, 0.006389776357827476, 0.0006389776357827476, 0.003194888178913738, 0.0, 0.0, 0.0, 0.0, 0.0, 0.0, 0.0], [0.0, 0.0, 0.0, 0.0024906600249066002, 0.0, 0.0037359900373599006, 0.0037359900373599006, 0.017434620174346202, 0.024906600249066, 0.0224159402241594, 0.043586550435865505, 0.047322540473225407, 0.06973848069738481, 0.05603985056039851, 0.12577833125778332, 0.11955168119551682, 0.13449564134495642, 0.10336239103362391, 0.09838107098381071, 0.06351183063511831, 0.014943960149439602, 0.0161892901618929, 0.009962640099626401, 0.008717310087173101, 0.0062266500622665, 0.0012453300124533001, 0.0062266500622665, 0.0, 0.0, 0.0, 0.0, 0.0], [0.0003898635477582846, 0.0, 0.0, 0.0, 0.0007797270955165692, 0.0011695906432748538, 0.003703703703703704, 0.00760233918128655, 0.011890838206627681, 0.022222222222222223, 0.04230019493177388, 0.0608187134502924, 0.08576998050682261, 0.10760233918128655, 0.14346978557504872, 0.142495126705653, 0.12846003898635477, 0.07602339181286549, 0.07875243664717349, 0.028070175438596492, 0.02046783625730994, 0.019883040935672516, 0.007992202729044834, 0.0035087719298245615, 0.004678362573099415, 0.0009746588693957114, 0.0009746588693957114, 0.0, 0.0, 0.0, 0.0, 0.0], [0.0, 0.0, 0.0, 0.0007369196757553427, 0.00036845983787767134, 0.0, 0.002579218865143699, 0.0014738393515106854, 0.004789977892409728, 0.015106853352984525, 0.027266028002947678, 0.032424465733235076, 0.0475313190862196, 0.0707442888725129, 0.10648489314664701, 0.1285924834193073, 0.14627855563743553, 0.09322033898305085, 0.12196020633750922, 0.06448047162859248, 0.03352984524686809, 0.040530582166543844, 0.016212232866617538, 0.01105379513633014, 0.023212969786293294, 0.007369196757553427, 0.003316138540899042, 0.0007369196757553427, 0.0, 0.0, 0.0, 0.0], [0.0, 0.0, 0.0, 0.0, 0.000541858574911948, 0.0, 0.001083717149823896, 0.00135464643727987, 0.004605797886751558, 0.013817393660254673, 0.019235979409374153, 0.03142779734489298, 0.053373069628826875, 0.08236250338661609, 0.11379030073150907, 0.1427797344892983, 0.15578434028718505, 0.09536710918450285, 0.13167163370360335, 0.05824979680303441, 0.032782443782172856, 0.03142779734489298, 0.011379030073150907, 0.006502302898943376, 0.007856949336223246, 0.003522080736927662, 0.001083717149823896, 0.0, 0.0, 0.0, 0.0, 0.0], [0.0003266906239790918, 0.0001633453119895459, 0.0001633453119895459, 0.0001633453119895459, 0.0003266906239790918, 0.0014701078079059132, 0.001633453119895459, 0.003920287487749101, 0.007187193727540019, 0.013230970271153218, 0.032832407709898724, 0.04557334204508331, 0.0775890231950343, 0.10127409343351845, 0.13819013394315582, 0.1430904933028422, 0.1473374714145704, 0.09278013721006208, 0.0896765762822607, 0.04328650767722966, 0.02188827180659915, 0.02041816399869324, 0.009310682783404117, 0.003430251551780464, 0.003430251551780464, 0.0013067624959163672, 0.0, 0.0, 0.0, 0.0, 0.0, 0.0], [0.0, 0.0, 0.0, 0.0007032348804500703, 0.0010548523206751054, 0.0010548523206751054, 0.0010548523206751054, 0.003867791842475387, 0.005274261603375527, 0.008438818565400843, 0.024964838255977496, 0.03867791842475387, 0.0629395218002813, 0.08473980309423347, 0.11744022503516174, 0.1589310829817159, 0.15576652601969057, 0.0970464135021097, 0.0949367088607595, 0.048171589310829814, 0.03551336146272855, 0.023558368495077357, 0.015471167369901548, 0.006680731364275668, 0.008438818565400843, 0.0035161744022503515, 0.0017580872011251757, 0.0, 0.0, 0.0, 0.0, 0.0], [0.0, 0.0, 0.0, 0.0, 0.0, 0.0009339975093399751, 0.0009339975093399751, 0.002801992528019925, 0.0037359900373599006, 0.004669987546699875, 0.012453300124533, 0.023661270236612703, 0.03424657534246575, 0.05261519302615193, 0.09464508094645081, 0.12733499377334995, 0.1506849315068493, 0.10740971357409713, 0.1478829389788294, 0.07067247820672479, 0.04202988792029888, 0.06008717310087173, 0.022727272727272728, 0.015566625155666251, 0.014943960149439602, 0.008405977584059776, 0.001556662515566625, 0.0, 0.0, 0.0, 0.0, 0.0], [0.0, 0.0, 0.00018301610541727673, 0.0, 0.00018301610541727673, 0.00036603221083455345, 0.0010980966325036604, 0.0023792093704245974, 0.0036603221083455345, 0.00841874084919473, 0.016654465592972182, 0.03568814055636896, 0.06057833089311859, 0.10047584187408493, 0.13305270863836016, 0.12902635431918008, 0.13872620790629575, 0.0927891654465593, 0.11603221083455344, 0.05161054172767204, 0.028916544655929723, 0.03257686676427526, 0.01903367496339678, 0.006588579795021962, 0.012994143484626648, 0.005124450951683748, 0.0031112737920937043, 0.0007320644216691069, 0.0, 0.0, 0.0, 0.0], [0.0, 0.0, 0.00012304663467454166, 0.0, 0.00012304663467454166, 0.0002460932693490833, 0.00036913990402362494, 0.0013535129814199582, 0.0029531192321889995, 0.00824412452319429, 0.016119109142364956, 0.030023378860588163, 0.05438661252614741, 0.07924203273040482, 0.11714039621016366, 0.1435954226651901, 0.16623600344530576, 0.09917558754768058, 0.14138058324104835, 0.05094130675526024, 0.030146425495262703, 0.03162298511135721, 0.01107419712070875, 0.004798818752307124, 0.007505844715147041, 0.0018456995201181247, 0.0011074197120708748, 0.0002460932693490833, 0.0, 0.0, 0.0, 0.0], [0.0, 0.0, 0.0, 0.0, 0.0, 0.00013906271728549575, 0.0006953135864274788, 0.0008343763037129745, 0.002781254345709915, 0.00723126129884578, 0.010012515644555695, 0.023501599221248785, 0.042831316923932695, 0.0689751077736059, 0.11556111806424697, 0.15867056042275066, 0.18537060214156584, 0.11709080795438744, 0.14935335836462243, 0.04714226115978306, 0.02322347378667779, 0.03045473508552357, 0.007509386733416771, 0.002225003476567932, 0.003337505214851898, 0.002225003476567932, 0.0008343763037129745, 0.0, 0.0, 0.0, 0.0, 0.0], [0.0, 0.006578947368421052, 0.0, 0.006578947368421052, 0.006578947368421052, 0.019736842105263157, 0.046052631578947366, 0.02631578947368421, 0.08552631578947369, 0.08552631578947369, 0.05921052631578947, 0.03289473684210526, 0.07894736842105263, 0.11842105263157894, 0.09210526315789473, 0.10526315789473684, 0.05921052631578947, 0.05263157894736842, 0.05921052631578947, 0.013157894736842105, 0.019736842105263157, 0.006578947368421052, 0.013157894736842105, 0.006578947368421052, 0.0, 0.0, 0.0, 0.0, 0.0, 0.0, 0.0, 0.0]]}, "ranks": {"labels": ["Unranked", "Combatatent I", "Combatatent II", "Challenger I", "Challenger II", "Rival I", "Rival II", "Duelist", "Elite"], "data": [[0.17751479289940827, 0.15976331360946747, 0.21893491124260356, 0.21301775147928995, 0.10059171597633136, 0.09467455621301775, 0.029585798816568046, 0.005917159763313609, 0.0], [0.06381620931716656, 0.10657306955966815, 0.17102744097000638, 0.2673899170389279, 0.22208040842373963, 0.10593490746649649, 0.03318442884492661, 0.023611997447351627, 0.006381620931716656], [0.016264722378014584, 0.02953823144512993, 0.07814544774724247, 0.17236866704056833, 0.25500093475415964, 0.24135352402318191, 0.07384557861282483, 0.10244905589829875, 0.03103383810057955], [0.03137789904502047, 0.057469304229195085, 0.1340381991814461, 0.23550477489768076, 0.27114597544338337, 0.1688267394270123, 0.05576398362892224, 0.03734652114597544, 0.008526603001364257], [0.21311475409836064, 0.09836065573770492, 0.2786885245901639, 0.04918032786885246, 0.13114754098360656, 0.14754098360655737, 0.04918032786885246, 0.03278688524590164, 0.0], [0.013783269961977186, 0.04150823827629911, 0.12183143219264893, 0.2458808618504436, 0.25570342205323193, 0.16429024081115337, 0.061628643852978456, 0.06875792141951838, 0.026615969581749048], [0.07349397590361446, 0.11325301204819277, 0.19397590361445782, 0.25662650602409637, 0.19236947791164657, 0.07991967871485944, 0.03172690763052209, 0.03654618473895582, 0.02208835341365462], [0.3048780487804878, 0.22560975609756098, 0.23780487804878048, 0.11585365853658537, 0.06707317073170732, 0.036585365853658534, 0.012195121951219513, 0.0, 0.0], [0.07215189873417721, 0.1468354430379747, 0.23670886075949368, 0.2621835443037975, 0.14889240506329113, 0.06962025316455696, 0.029272151898734177, 0.02879746835443038, 0.005537974683544304], [0.050518134715025906, 0.0807426597582038, 0.1645077720207254, 0.24827288428324698, 0.24395509499136442, 0.13082901554404144, 0.035837651122625214, 0.03756476683937824, 0.007772020725388601], [0.0770131086142322, 0.13881086142322097, 0.20435393258426968, 0.2752808988764045, 0.16666666666666666, 0.07771535580524344, 0.030430711610486893, 0.024110486891385768, 0.0056179775280898875], [0.033734939759036145, 0.07732749178532311, 0.140197152245345, 0.24775465498357063, 0.2538882803943045, 0.1456736035049288, 0.044906900328587074, 0.04446878422782037, 0.012048192771084338], [0.04142988084326306, 0.09569202566452796, 0.16498625114573787, 0.2634280476626948, 0.24142988084326306, 0.11145737855178735, 0.04069660861594867, 0.030980751604032998, 0.009899175068744272], [0.012674271229404309, 0.04024081115335868, 0.10519645120405577, 0.2300380228136882, 0.291191381495564, 0.17902408111533588, 0.06495564005069708, 0.06242078580481622, 0.014258555133079848], [0.04036186499652053, 0.08211551844119694, 0.1350034794711204, 0.2219902574808629, 0.23660403618649964, 0.13221990257480862, 0.060542797494780795, 0.05706332637439109, 0.03409881697981907], [0.03403755868544601, 0.07394366197183098, 0.17928403755868544, 0.2634976525821596, 0.21889671361502347, 0.12588028169014084, 0.043720657276995305, 0.04460093896713615, 0.01613849765258216], [0.035277177825773935, 0.07271418286537078, 0.15070794336453083, 0.253899688024958, 0.23638108951283898, 0.1499880009599232, 0.04127669786417087, 0.04367650587952964, 0.016078713702903768], [0.10416666666666667, 0.14583333333333334, 0.125, 0.20833333333333334, 0.1875, 0.10416666666666667, 0.020833333333333332, 0.10416666666666667, 0.0], [0.014830508474576272, 0.04040556900726392, 0.11349878934624698, 0.26316585956416466, 0.2746670702179177, 0.149364406779661, 0.06522397094430993, 0.06643462469733656, 0.012409200968523002], [0.011686879823594266, 0.030209481808158765, 0.07232635060639471, 0.1733186328555678, 0.26945975744211687, 0.2105843439911797, 0.09415656008820286, 0.10187431091510474, 0.03638368246968027], [0.02058047493403694, 0.04643799472295514, 0.08839050131926121, 0.20052770448548812, 0.2649076517150396, 0.19551451187335092, 0.07849604221635884, 0.08562005277044855, 0.019525065963060684], [0.02619047619047619, 0.04523809523809524, 0.16904761904761906, 0.2976190476190476, 0.2976190476190476, 0.13095238095238096, 0.03333333333333333, 0.0, 0.0], [0.012673844773441006, 0.035554060116644234, 0.08938986092418125, 0.19134140870345445, 0.2823014804845222, 0.2263346792283535, 0.07222969941677883, 0.0743606998654105, 0.015814266487214], [0.014755959137343927, 0.04437106593746775, 0.141265091321845, 0.3033742647817563, 0.2967701991538541, 0.13311319781240327, 0.03993395934372098, 0.022907852646785676, 0.003508409864823032], [0.022174535050071532, 0.055972818311874104, 0.1350143061516452, 0.2705650929899857, 0.26216022889842633, 0.14967811158798283, 0.05114449213161659, 0.04667381974248927, 0.006616595135908441], [0.009712296133406633, 0.034084661902144035, 0.10426974528129009, 0.23584387025838371, 0.251236943375481, 0.1927799157045996, 0.06816932380428807, 0.0778816199376947, 0.026021623602712114], [0.09584664536741214, 0.13482428115015974, 0.197444089456869, 0.2504792332268371, 0.17124600638977636, 0.0900958466453674, 0.02939297124600639, 0.027476038338658148, 0.003194888178913738], [0.074719800747198, 0.09090909090909091, 0.12577833125778332, 0.24533001245330013, 0.23785803237858033, 0.13325031133250312, 0.043586550435865505, 0.034869240348692404, 0.0136986301369863], [0.04775828460038986, 0.10311890838206628, 0.19337231968810917, 0.28596491228070176, 0.20448343079922027, 0.0935672514619883, 0.03372319688109162, 0.03138401559454191, 0.006627680311890838], [0.025055268975681652, 0.05969049373618276, 0.1182756079587325, 0.23507737656595432, 0.23949889462048637, 0.15254237288135594, 0.06742815033161385, 0.06779661016949153, 0.034635224760501106], [0.021403413709021945, 0.050663776754267136, 0.13573557301544298, 0.25657003522080735, 0.2511514494716879, 0.1658087239230561, 0.056895150365754536, 0.04930913031698727, 0.012462747222974803], [0.028585429598170533, 0.07840574975498203, 0.17886311662855275, 0.28128062724599806, 0.24011760862463247, 0.11613851682456713, 0.03871283894152238, 0.03315909833387782, 0.004737014047696831], [0.021448663853727144, 0.06364275668073137, 0.14767932489451477, 0.27637130801687765, 0.2528129395218003, 0.11919831223628692, 0.05942334739803094, 0.04571026722925457, 0.013713080168776372], [0.013075965130759652, 0.0361145703611457, 0.08686176836861768, 0.22198007471980075, 0.2580946450809464, 0.1889788293897883, 0.07160647571606475, 0.09838107098381071, 0.024906600249066], [0.01628843338213763, 0.052342606149341143, 0.16105417276720352, 0.26207906295754024, 0.23151537335285505, 0.14439970717423134, 0.05215959004392386, 0.058199121522694, 0.021961932650073207], [0.01341208317952504, 0.04614248800295312, 0.13362864525655224, 0.26073581887535374, 0.26541159099298633, 0.17152700873631105, 0.05094130675526024, 0.04749600098437308, 0.010705057216685123], [0.011681268251981644, 0.033514114865804474, 0.11180642469753858, 0.27423167848699764, 0.3024614100959533, 0.17549714921429566, 0.04422194409678765, 0.04018912529550828, 0.0063968849951328045], [0.28289473684210525, 0.09210526315789473, 0.19736842105263158, 0.19736842105263158, 0.1118421052631579, 0.06578947368421052, 0.02631578947368421, 0.02631578947368421, 0.0]]}, "ranksDetailed": {"labels": ["Unranked", "Combatatant", "Challenger", "Rival", "Duelist", "Elite"], "data": [[0.17751479289940827, 0.378698224852071, 0.3136094674556213, 0.1242603550295858, 0.005917159763313609, 0.0], [0.06381620931716656, 0.27760051052967455, 0.4894703254626675, 0.1391193363114231, 0.023611997447351627, 0.006381620931716656], [0.016264722378014584, 0.1076836791923724, 0.427369601794728, 0.31519910263600676, 0.10244905589829875, 0.03103383810057955], [0.03137789904502047, 0.1915075034106412, 0.5066507503410641, 0.22459072305593453, 0.03734652114597544, 0.008526603001364257], [0.21311475409836064, 0.3770491803278688, 0.18032786885245902, 0.19672131147540983, 0.03278688524590164, 0.0], [0.013783269961977186, 0.16333967046894804, 0.5015842839036755, 0.22591888466413182, 0.06875792141951838, 0.026615969581749048], [0.07349397590361446, 0.3072289156626506, 0.44899598393574297, 0.11164658634538152, 0.03654618473895582, 0.02208835341365462], [0.3048780487804878, 0.4634146341463415, 0.18292682926829268, 0.04878048780487805, 0.0, 0.0], [0.07215189873417721, 0.38354430379746834, 0.41107594936708863, 0.09889240506329114, 0.02879746835443038, 0.005537974683544304], [0.050518134715025906, 0.2452504317789292, 0.49222797927461137, 0.16666666666666666, 0.03756476683937824, 0.007772020725388601], [0.0770131086142322, 0.3431647940074906, 0.4419475655430712, 0.10814606741573034, 0.024110486891385768, 0.0056179775280898875], [0.033734939759036145, 0.21752464403066812, 0.5016429353778752, 0.19058050383351588, 0.04446878422782037, 0.012048192771084338], [0.04142988084326306, 0.2606782768102658, 0.5048579285059578, 0.152153987167736, 0.030980751604032998, 0.009899175068744272], [0.012674271229404309, 0.14543726235741444, 0.5212294043092522, 0.24397972116603295, 0.06242078580481622, 0.014258555133079848], [0.04036186499652053, 0.21711899791231734, 0.45859429366736254, 0.19276270006958943, 0.05706332637439109, 0.03409881697981907], [0.03403755868544601, 0.25322769953051644, 0.4823943661971831, 0.16960093896713616, 0.04460093896713615, 0.01613849765258216], [0.035277177825773935, 0.2234221262299016, 0.490280777537797, 0.19126469882409408, 0.04367650587952964, 0.016078713702903768], [0.10416666666666667, 0.2708333333333333, 0.3958333333333333, 0.125, 0.10416666666666667, 0.0], [0.014830508474576272, 0.1539043583535109, 0.5378329297820823, 0.21458837772397094, 0.06643462469733656, 0.012409200968523002], [0.011686879823594266, 0.10253583241455347, 0.4427783902976847, 0.3047409040793826, 0.10187431091510474, 0.03638368246968027], [0.02058047493403694, 0.13482849604221636, 0.46543535620052773, 0.27401055408970976, 0.08562005277044855, 0.019525065963060684], [0.02619047619047619, 0.21428571428571427, 0.5952380952380952, 0.16428571428571428, 0.0, 0.0], [0.012673844773441006, 0.12494392104082548, 0.47364288918797665, 0.29856437864513236, 0.0743606998654105, 0.015814266487214], [0.014755959137343927, 0.18563615725931276, 0.6001444639356104, 0.17304715715612423, 0.022907852646785676, 0.003508409864823032], [0.022174535050071532, 0.19098712446351931, 0.532725321888412, 0.20082260371959942, 0.04667381974248927, 0.006616595135908441], [0.009712296133406633, 0.1383544071834341, 0.48708081363386474, 0.26094923950888765, 0.0778816199376947, 0.026021623602712114], [0.09584664536741214, 0.33226837060702874, 0.4217252396166134, 0.1194888178913738, 0.027476038338658148, 0.003194888178913738], [0.074719800747198, 0.21668742216687423, 0.48318804483188044, 0.17683686176836863, 0.034869240348692404, 0.0136986301369863], [0.04775828460038986, 0.2964912280701754, 0.490448343079922, 0.12729044834307993, 0.03138401559454191, 0.006627680311890838], [0.025055268975681652, 0.17796610169491525, 0.4745762711864407, 0.21997052321296978, 0.06779661016949153, 0.034635224760501106], [0.021403413709021945, 0.1863993497697101, 0.5077214846924952, 0.2227038742888106, 0.04930913031698727, 0.012462747222974803], [0.028585429598170533, 0.2572688663835348, 0.5213982358706305, 0.15485135576608952, 0.03315909833387782, 0.004737014047696831], [0.021448663853727144, 0.21132208157524612, 0.5291842475386779, 0.17862165963431786, 0.04571026722925457, 0.013713080168776372], [0.013075965130759652, 0.1229763387297634, 0.4800747198007472, 0.26058530510585304, 0.09838107098381071, 0.024906600249066], [0.01628843338213763, 0.21339677891654465, 0.4935944363103953, 0.1965592972181552, 0.058199121522694, 0.021961932650073207], [0.01341208317952504, 0.17977113325950536, 0.5261474098683401, 0.2224683154915713, 0.04749600098437308, 0.010705057216685123], [0.011681268251981644, 0.14532053956334307, 0.5766930885829509, 0.2197190933110833, 0.04018912529550828, 0.0063968849951328045], [0.28289473684210525, 0.2894736842105263, 0.3092105263157895, 0.09210526315789473, 0.02631578947368421, 0.0]]}}}, "eu": {"histType": {"histogram": {"labels": ["0", "100", "200", "300", "400", "500", "600", "700", "800", "900", "1000", "1100", "1200", "1300", "1400", "1500", "1600", "1700", "1800", "1900", "2000", "2100", "2200", "2300", "2400", "2500", "2600", "2700", "2800", "2900", "3000", "3100"], "data": [[0.0, 0.0, 0.0, 0.0, 0.0, 0.007194244604316547, 0.014388489208633094, 0.02158273381294964, 0.05755395683453238, 0.07913669064748201, 0.10071942446043165, 0.050359712230215826, 0.09352517985611511, 0.10071942446043165, 0.1223021582733813, 0.10071942446043165, 0.10071942446043165, 0.050359712230215826, 0.04316546762589928, 0.0, 0.014388489208633094, 0.02877697841726619, 0.014388489208633094, 0.0, 0.0, 0.0, 0.0, 0.0, 0.0, 0.0, 0.0, 0.0], [0.0, 0.0, 0.0006963788300835655, 0.0006963788300835655, 0.0006963788300835655, 0.003481894150417827, 0.006963788300835654, 0.00766016713091922, 0.02437325905292479, 0.034122562674094706, 0.04108635097493036, 0.07033426183844012, 0.08147632311977716, 0.10793871866295264, 0.1371866295264624, 0.12465181058495822, 0.13649025069637882, 0.07729805013927576, 0.07938718662952646, 0.026462395543175487, 0.009749303621169917, 0.016016713091922007, 0.005571030640668524, 0.004178272980501393, 0.0006963788300835655, 0.002785515320334262, 0.0, 0.0, 0.0, 0.0, 0.0, 0.0], [0.0, 0.00020128824476650564, 0.0, 0.00020128824476650564, 0.00020128824476650564, 0.00020128824476650564, 0.0008051529790660225, 0.002214170692431562, 0.004830917874396135, 0.006642512077294686, 0.015096618357487922, 0.023148148148148147, 0.03341384863123994, 0.04388083735909823, 0.07347020933977455, 0.09118357487922706, 0.1499597423510467, 0.10889694041867955, 0.19223027375201288, 0.07326892109500806, 0.05112721417069243, 0.06139291465378422, 0.024758454106280192, 0.01288244766505636, 0.018115942028985508, 0.005837359098228663, 0.0030193236714975845, 0.0030193236714975845, 0.0, 0.0, 0.0, 0.0], [0.0, 0.00015815277558121145, 0.0, 0.00015815277558121145, 0.00015815277558121145, 0.00047445832674363435, 0.0011070694290684802, 0.003479361062786652, 0.006009805472086035, 0.011861458168590858, 0.023248458010438084, 0.03684959671042227, 0.05187411039063736, 0.0676893879487585, 0.11260477621382255, 0.13284833148821762, 0.16890716432073383, 0.10865095682429227, 0.14297010912541516, 0.05566977700458643, 0.027993041277874428, 0.026727819073224735, 0.008065791554641783, 0.003795666613949075, 0.00537719436976119, 0.0018978333069745374, 0.0007907638779060573, 0.0006326111023248458, 0.0, 0.0, 0.0, 0.0], [0.0, 0.0, 0.0, 0.0, 0.0, 0.0, 0.034482758620689655, 0.08620689655172414, 0.06896551724137931, 0.06896551724137931, 0.08620689655172414, 0.10344827586206896, 0.06896551724137931, 0.05172413793103448, 0.10344827586206896, 0.06896551724137931, 0.06896551724137931, 0.034482758620689655, 0.05172413793103448, 0.06896551724137931, 0.0, 0.017241379310344827, 0.0, 0.017241379310344827, 0.0, 0.0, 0.0, 0.0, 0.0, 0.0, 0.0, 0.0], [0.0, 0.00015782828282828284, 0.00015782828282828284, 0.0003156565656565657, 0.0004734848484848485, 0.00015782828282828284, 0.0003156565656565657, 0.0025252525252525255, 0.003787878787878788, 0.00726010101010101, 0.015940656565656564, 0.023674242424242424, 0.045612373737373736, 0.0707070707070707, 0.10700757575757576, 0.12373737373737374, 0.14930555555555555, 0.10274621212121213, 0.1362058080808081, 0.06755050505050506, 0.036458333333333336, 0.052241161616161616, 0.020202020202020204, 0.007733585858585859, 0.013257575757575758, 0.007102272727272727, 0.003630050505050505, 0.001736111111111111, 0.0, 0.0, 0.0, 0.0], [0.0, 0.0, 0.0007485029940119761, 0.001122754491017964, 0.0018712574850299401, 0.002619760479041916, 0.004491017964071856, 0.012724550898203593, 0.025074850299401198, 0.03405688622754491, 0.049775449101796404, 0.06736526946107785, 0.08607784431137724, 0.10217065868263472, 0.11302395209580839, 0.12275449101796407, 0.11639221556886227, 0.06624251497005988, 0.0658682634730539, 0.035179640718562874, 0.018338323353293412, 0.025449101796407185, 0.010853293413173653, 0.008233532934131737, 0.012350299401197605, 0.007859281437125748, 0.005988023952095809, 0.0033682634730538923, 0.0, 0.0, 0.0, 0.0], [0.0, 0.0, 0.0, 0.0, 0.0, 0.025, 0.008333333333333333, 0.058333333333333334, 0.03333333333333333, 0.06666666666666667, 0.06666666666666667, 0.11666666666666667, 0.058333333333333334, 0.06666666666666667, 0.14166666666666666, 0.16666666666666666, 0.09166666666666666, 0.041666666666666664, 0.03333333333333333, 0.008333333333333333, 0.016666666666666666, 0.0, 0.0, 0.0, 0.0, 0.0, 0.0, 0.0, 0.0, 0.0, 0.0, 0.0], [0.0004751346214760849, 0.00015837820715869496, 0.0006335128286347799, 0.0006335128286347799, 0.0006335128286347799, 0.0017421602787456446, 0.004434589800443459, 0.009977827050997782, 0.022806461830852075, 0.039752929996832435, 0.06335128286347799, 0.08599936648717137, 0.12163446309787773, 0.11894203357617991, 0.12781121317706684, 0.11672473867595819, 0.09201773835920177, 0.05416534684827368, 0.056224263541336715, 0.027241051631295535, 0.01821349382324992, 0.019005384859043396, 0.007285397529299968, 0.004592968007602154, 0.0039594551789673745, 0.0014254038644282547, 0.00015837820715869496, 0.0, 0.0, 0.0, 0.0, 0.0], [0.0, 0.0, 0.0011154489682097045, 0.0, 0.0011154489682097045, 0.0011154489682097045, 0.0011154489682097045, 0.007808142777467931, 0.012269938650306749, 0.01728945900725042, 0.044617958728388175, 0.04796430563301729, 0.07027328499721137, 0.09481316229782487, 0.11433351924149471, 0.12269938650306748, 0.15058561070831009, 0.08142777467930842, 0.113218070273285, 0.031232571109871723, 0.03346346904629113, 0.02844394868934746, 0.013943112102621304, 0.005577244841048522, 0.002788622420524261, 0.002230897936419409, 0.0005577244841048522, 0.0, 0.0, 0.0, 0.0, 0.0], [0.0002848191398461977, 0.0005696382796923954, 0.0005696382796923954, 0.0011392765593847907, 0.0019937339789233835, 0.0022785531187695814, 0.003987467957846767, 0.011677584733694105, 0.02164625462831102, 0.0367416690401595, 0.05724864710908573, 0.08174309313585873, 0.10111079464540017, 0.10851609228140131, 0.144118484762176, 0.11848476217601824, 0.09883224152663059, 0.057818285388778125, 0.06180575334662489, 0.03303902022215893, 0.018513244090002847, 0.018798063229849046, 0.006266021076616349, 0.005696382796923953, 0.003987467957846767, 0.0031330105383081744, 0.0, 0.0, 0.0, 0.0, 0.0, 0.0], [0.0, 0.0, 0.0, 0.0, 0.0009420631182289214, 0.000706547338671691, 0.0016486104569006124, 0.0054168629298162975, 0.011069241639189827, 0.019312293923692887, 0.03273669335845502, 0.04239284032030146, 0.06688648139425342, 0.08078191238813001, 0.12199717381064532, 0.122703721149317, 0.14154498351389544, 0.0916156382477626, 0.11940650023551579, 0.048987282