{"region": {"us": {"histType": {"histogram": {"labels": ["0", "100", "200", "300", "400", "500", "600", "700", "800", "900", "1000", "1100", "1200", "1300", "1400", "1500", "1600", "1700", "1800", "1900", "2000", "2100", "2200", "2300", "2400", "2500", "2600", "2700", "2800", "2900", "3000", "3100"], "data": [[0.0, 0.0, 0.0034965034965034965, 0.0034965034965034965, 0.0034965034965034965, 0.01048951048951049, 0.024475524475524476, 0.013986013986013986, 0.03496503496503497, 0.027972027972027972, 0.07342657342657342, 0.07692307692307693, 0.07692307692307693, 0.11188811188811189, 0.10839160839160839, 0.11188811188811189, 0.08041958041958042, 0.07342657342657342, 0.055944055944055944, 0.05244755244755245, 0.017482517482517484, 0.017482517482517484, 0.02097902097902098, 0.0, 0.0, 0.0, 0.0, 0.0, 0.0, 0.0, 0.0, 0.0], [0.0, 0.000881057268722467, 0.0, 0.0004405286343612335, 0.000881057268722467, 0.0013215859030837004, 0.005726872246696035, 0.011894273127753305, 0.01013215859030837, 0.021145374449339206, 0.03612334801762115, 0.04757709251101322, 0.06519823788546256, 0.07444933920704846, 0.10748898678414097, 0.12290748898678414, 0.15286343612334802, 0.09030837004405286, 0.13744493392070484, 0.048458149779735685, 0.022026431718061675, 0.01762114537444934, 0.007929515418502203, 0.005726872246696035, 0.004845814977973568, 0.0022026431718061676, 0.004405286343612335, 0.0, 0.0, 0.0, 0.0, 0.0], [0.00014019346698443852, 0.0, 0.0, 0.00028038693396887705, 0.00028038693396887705, 0.00028038693396887705, 0.00028038693396887705, 0.0007009673349221927, 0.00378522360857984, 0.004626384410486471, 0.008691994953035189, 0.012477218561615029, 0.020608439646712464, 0.03252488434038974, 0.04822655264264685, 0.07304079629889247, 0.1270152810879013, 0.10682742184214215, 0.24912379083134725, 0.0873405299313052, 0.05832048226552643, 0.07878872844525445, 0.02453385672227674, 0.013178185896537221, 0.029160241132763214, 0.009953736155895135, 0.004345997476517594, 0.0033646432076265245, 0.0012617412028599468, 0.0008411608019066311, 0.0, 0.0], [0.0, 0.0, 0.0, 0.0, 0.00012818869375721061, 0.00025637738751442123, 0.0011536982438148954, 0.002435585181387002, 0.006409434687860531, 0.011408793744391745, 0.017946417126009487, 0.02076656838866812, 0.037687475964619924, 0.05383925137802846, 0.07909242404819895, 0.10921676708114345, 0.16113318805281374, 0.11190872965004486, 0.18279707729778233, 0.07447763107293937, 0.04550698628380977, 0.049352647096526085, 0.014357133700807588, 0.006409434687860531, 0.008845019869247532, 0.0025637738751442124, 0.0011536982438148954, 0.0008973208563004743, 0.00025637738751442123, 0.0, 0.0, 0.0], [0.0, 0.0, 0.0, 0.0, 0.009615384615384616, 0.0, 0.0, 0.038461538461538464, 0.028846153846153848, 0.057692307692307696, 0.04807692307692308, 0.07692307692307693, 0.07692307692307693, 0.11538461538461539, 0.0673076923076923, 0.0673076923076923, 0.08653846153846154, 0.038461538461538464, 0.09615384615384616, 0.09615384615384616, 0.028846153846153848, 0.057692307692307696, 0.0, 0.009615384615384616, 0.0, 0.0, 0.0, 0.0, 0.0, 0.0, 0.0, 0.0], [0.0, 0.0, 0.0, 0.0, 0.0, 0.0002642706131078224, 0.0, 0.0018498942917547568, 0.0017177589852008456, 0.007135306553911205, 0.011760042283298097, 0.01982029598308668, 0.034751585623678645, 0.05946088794926004, 0.08866279069767442, 0.1226215644820296, 0.15644820295983086, 0.10597251585623679, 0.1581659619450317, 0.068446088794926, 0.04043340380549683, 0.057214587737843554, 0.019952431289640592, 0.009778012684989429, 0.019159619450317123, 0.0067389006342494714, 0.004096194503171248, 0.003435517970401691, 0.0017177589852008456, 0.0003964059196617336, 0.0, 0.0], [0.0, 0.0, 0.0002824858757062147, 0.001694915254237288, 0.001694915254237288, 0.0031073446327683617, 0.005084745762711864, 0.008757062146892656, 0.01864406779661017, 0.02824858757062147, 0.03954802259887006, 0.047175141242937854, 0.06977401129943503, 0.08644067796610169, 0.11242937853107345, 0.13022598870056498, 0.12824858757062146, 0.0847457627118644, 0.09632768361581921, 0.03615819209039548, 0.02937853107344633, 0.021468926553672316, 0.013559322033898305, 0.006779661016949152, 0.011864406779661017, 0.005649717514124294, 0.007627118644067797, 0.002542372881355932, 0.002542372881355932, 0.0, 0.0, 0.0], [0.0035971223021582736, 0.0, 0.0035971223021582736, 0.01079136690647482, 0.01079136690647482, 0.014388489208633094, 0.017985611510791366, 0.050359712230215826, 0.0539568345323741, 0.1079136690647482, 0.08992805755395683, 0.10071942446043165, 0.10431654676258993, 0.10071942446043165, 0.0683453237410072, 0.06474820143884892, 0.06115107913669065, 0.03237410071942446, 0.025179856115107913, 0.03597122302158273, 0.02158273381294964, 0.02158273381294964, 0.0, 0.0, 0.0, 0.0, 0.0, 0.0, 0.0, 0.0, 0.0, 0.0], [0.0004248990864669641, 0.00031867431485022306, 0.0005311238580837051, 0.0005311238580837051, 0.0006373486297004461, 0.0019120458891013384, 0.0016995963458678563, 0.005523688124070533, 0.01030380284682388, 0.021351179094964947, 0.03675377097939239, 0.05279371149352029, 0.06702783089016359, 0.07786275759507116, 0.10091353303590397, 0.124282982791587, 0.12980667091565753, 0.0846611429785426, 0.09443382196728277, 0.055768005098789035, 0.035691523263224986, 0.03622264712130869, 0.01635861482897812, 0.011472275334608031, 0.019226683662630126, 0.006692160611854685, 0.003930316549819418, 0.0027618440620352665, 0.00010622477161674102, 0.0, 0.0, 0.0], [0.0, 0.0, 0.0, 0.0, 0.0, 0.00042069835927639884, 0.00042069835927639884, 0.00042069835927639884, 0.00042069835927639884, 0.005469078670593185, 0.007993268826251577, 0.007572570466975179, 0.01093815734118637, 0.02440050483803113, 0.04501472444257468, 0.06310475389145982, 0.09045014724442575, 0.08708456037021456, 0.1779554059739167, 0.08918805216659655, 0.08792595708876735, 0.11232646192679849, 0.05553218342448465, 0.022717711400925537, 0.05931846865797223, 0.019352124526714348, 0.01051745898190997, 0.01430374421539756, 0.005889777029869584, 0.0012620950778291964, 0.0, 0.0], [0.0, 0.0, 0.0006697923643670462, 0.0, 0.002344273275284662, 0.0006697923643670462, 0.004018754186202277, 0.003348961821835231, 0.012726054922973878, 0.018419290020093772, 0.030475552578700604, 0.0391828533154722, 0.061620897521768254, 0.07568653717347622, 0.09477561955793704, 0.11419959812458139, 0.14266577361018085, 0.09578030810448761, 0.14668452779638314, 0.04956463496316142, 0.03583389149363697, 0.03315472203616879, 0.011386470194239785, 0.008707300736771601, 0.009042196918955124, 0.003348961821835231, 0.004688546550569324, 0.0010046885465505692, 0.0, 0.0, 0.0, 0.0], [0.0, 0.00018968133535660092, 0.0005690440060698028, 0.0005690440060698028, 0.0009484066767830046, 0.00208649468892261, 0.004931714719271623, 0.00853566009104704, 0.015174506828528073, 0.02503793626707132, 0.05273141122913505, 0.06638846737481031, 0.09123672230652503, 0.10072078907435508, 0.13732928679817905, 0.13050075872534142, 0.1236722306525038, 0.07226858877086495, 0.07321699544764795, 0.036039453717754175, 0.021244309559939303, 0.016122913505311077, 0.008725341426403643, 0.003983308042488619, 0.0037936267071320183, 0.0030349013657056147, 0.0005690440060698028, 0.00037936267071320183, 0.0, 0.0, 0.0, 0.0], [0.0, 0.0, 0.0, 0.0, 0.00035536602700781805, 0.0007107320540156361, 0.0026652452025586353, 0.0033759772565742714, 0.00728500355366027, 0.010127931769722815, 0.0255863539445629, 0.03837953091684435, 0.05472636815920398, 0.0689410092395167, 0.10963041933191187, 0.11247334754797442, 0.1455223880597015, 0.10501066098081023, 0.1494314143567875, 0.05721393034825871, 0.032693674484719264, 0.03447050461975835, 0.013503909026297086, 0.008706467661691543, 0.011727078891257996, 0.0042643923240938165, 0.0015991471215351812, 0.0012437810945273632, 0.00035536602700781805, 0.0, 0.0, 0.0], [0.00024221872350732712, 0.0, 0.0, 0.00012110936175366356, 0.00024221872350732712, 0.00036332808526099065, 0.0015744217027976262, 0.0024221872350732713, 0.005328811917161197, 0.015138670219207945, 0.023252997456703402, 0.029429574906140246, 0.03996608937870898, 0.05546808768317791, 0.0830810221630132, 0.11238948770739979, 0.14811674942473052, 0.10609180089620927, 0.15744217027976262, 0.07387671066973477, 0.04541601065762384, 0.04880707278672641, 0.016713091922005572, 0.007993217875741795, 0.012958701707642, 0.004844374470146543, 0.0020588591498122803, 0.0036332808526099067, 0.0025432965968269347, 0.00048443744701465424, 0.0, 0.0], [0.0, 0.0, 0.00024551927326295114, 0.0, 0.0004910385465259023, 0.0004910385465259023, 0.0004910385465259023, 0.0012275963663147557, 0.003928308372207218, 0.00441934691873312, 0.01301252148293641, 0.018659464767984288, 0.03805548735575743, 0.05155904738521974, 0.07881168671740732, 0.11023815369506507, 0.15467714215565923, 0.11269334642769457, 0.16768966363859564, 0.08298551436287749, 0.052295605205008595, 0.05033145101890498, 0.0216056960471397, 0.011048367296832801, 0.014731156395777068, 0.005155904738521974, 0.0014731156395777069, 0.0014731156395777069, 0.001718634912840658, 0.0004910385465259023, 0.0, 0.0], [0.0, 0.0, 0.0, 0.0, 0.0013256738842244808, 0.0008837825894829872, 0.0008837825894829872, 0.0061864781263809105, 0.011489173663278833, 0.0136986301369863, 0.021210782147591693, 0.032699955810870526, 0.04904993371630579, 0.0627485638532921, 0.08440123729562528, 0.11400795404330534, 0.13477684489615555, 0.09986743261157756, 0.12770658418029165, 0.058329650905877155, 0.04993371630578878, 0.04551480335837384, 0.02695536897923111, 0.015466195315952275, 0.017675651789659744, 0.009279717189571365, 0.0061864781263809105, 0.0017675651789659744, 0.007070260715863898, 0.0008837825894829872, 0.0, 0.0], [0.00023191094619666049, 0.0, 0.00046382189239332097, 0.0006957328385899814, 0.00046382189239332097, 0.0009276437847866419, 0.002319109461966605, 0.004406307977736549, 0.007884972170686457, 0.013450834879406308, 0.02365491651205937, 0.042439703153988866, 0.06841372912801484, 0.08186456400742115, 0.11085343228200371, 0.1280148423005566, 0.1331168831168831, 0.09740259740259741, 0.12198515769944342, 0.05217996289424861, 0.029916512059369203, 0.036641929499072357, 0.01461038961038961, 0.005333951762523191, 0.011363636363636364, 0.003942486085343228, 0.0030148423005565863, 0.002319109461966605, 0.0018552875695732839, 0.00023191094619666049, 0.0, 0.0], [0.0, 0.0, 0.00017516202487300754, 0.0003503240497460151, 0.0005254860746190226, 0.0003503240497460151, 0.0012261341741110527, 0.0035032404974601507, 0.004379050621825188, 0.012436503765983535, 0.023296549308110003, 0.028025923979681205, 0.05324925556139429, 0.06586092135225083, 0.10299527062532843, 0.12383955158521633, 0.15046417936591347, 0.09668943772990016, 0.16710457172884918, 0.05465055176037835, 0.03205465055176038, 0.03468208092485549, 0.0162900683131897, 0.005955508845682256, 0.011385531616745489, 0.004028726572079173, 0.0024522683482221053, 0.0017516202487300753, 0.0021019442984760903, 0.00017516202487300754, 0.0, 0.0], [0.0, 0.0, 0.0, 0.01098901098901099, 0.01098901098901099, 0.01098901098901099, 0.0, 0.01098901098901099, 0.02197802197802198, 0.06593406593406594, 0.02197802197802198, 0.054945054945054944, 0.04395604395604396, 0.04395604395604396, 0.07692307692307693, 0.10989010989010989, 0.12087912087912088, 0.0989010989010989, 0.04395604395604396, 0.03296703296703297, 0.04395604395604396, 0.02197802197802198, 0.04395604395604396, 0.054945054945054944, 0.054945054945054944, 0.0, 0.0, 0.0, 0.0, 0.0, 0.0, 0.0], [0.00024721878862793575, 0.00012360939431396787, 0.0, 0.00012360939431396787, 0.00024721878862793575, 0.00024721878862793575, 0.00037082818294190356, 0.0016069221260815822, 0.0032138442521631645, 0.006551297898640297, 0.012237330037082819, 0.017799752781211372, 0.03411619283065513, 0.05203955500618047, 0.08800988875154511, 0.13399258343634116, 0.1714462299134734, 0.1260815822002472, 0.1369592088998764, 0.07206427688504326, 0.047095179233621755, 0.04833127317676143, 0.018170580964153277, 0.008158220024721878, 0.011495673671199011, 0.004202719406674907, 0.0038318912237330035, 0.0012360939431396785, 0.0, 0.0, 0.0, 0.0], [0.0, 0.0, 0.0, 0.00016220600162206002, 0.0, 0.00032441200324412003, 0.00145985401459854, 0.0008110300081103001, 0.00210867802108678, 0.0034063260340632603, 0.00843471208434712, 0.012165450121654502, 0.021086780210867802, 0.030656934306569343, 0.05206812652068127, 0.0824006488240065, 0.12846715328467154, 0.12019464720194648, 0.19042984590429846, 0.09878345498783454, 0.06877534468775345, 0.0867802108678021, 0.029359286293592864, 0.014436334144363341, 0.023844282238442822, 0.0113544201135442, 0.00583941605839416, 0.0040551500405515, 0.0022708840227088404, 0.00032441200324412003, 0.0, 0.0], [0.0003204443494979705, 0.00010681478316599017, 0.0, 0.00021362956633198035, 0.00021362956633198035, 0.0007477034821619312, 0.0008545182653279214, 0.002456740012817774, 0.0038453321939756462, 0.007477034821619312, 0.014847254860072634, 0.019867549668874173, 0.02478102969450972, 0.040055543687246314, 0.05767998290963469, 0.0890835291604358, 0.1260414441358684, 0.13116855372783592, 0.184789574877163, 0.09805597094637898, 0.06099124118778039, 0.06836146122623371, 0.026703695791497544, 0.01281777397991882, 0.017731254005554368, 0.005340739158299509, 0.002990813928647725, 0.002456740012817774, 0.0, 0.0, 0.0, 0.0], [0.0, 0.0, 0.0, 0.0017985611510791368, 0.0017985611510791368, 0.0, 0.0, 0.00539568345323741, 0.008992805755395683, 0.00539568345323741, 0.01618705035971223, 0.02697841726618705, 0.046762589928057555, 0.09172661870503597, 0.09532374100719425, 0.14568345323741008, 0.17086330935251798, 0.12769784172661872, 0.1510791366906475, 0.052158273381294966, 0.023381294964028777, 0.01618705035971223, 0.008992805755395683, 0.0, 0.0035971223021582736, 0.0, 0.0, 0.0, 0.0, 0.0, 0.0, 0.0], [0.0, 0.0, 0.0, 0.00026809651474530834, 0.0, 0.00017873100983020553, 0.00026809651474530834, 0.0008936550491510277, 0.002412868632707775, 0.005719392314566577, 0.00875781948168007, 0.016800714924039322, 0.028865058087578194, 0.036193029490616625, 0.05656836461126005, 0.07363717605004469, 0.11751563896336015, 0.09302949061662198, 0.21966041108132262, 0.09785522788203753, 0.06541554959785523, 0.09857015192135836, 0.030026809651474532, 0.012511170688114389, 0.01966041108132261, 0.006970509383378016, 0.0030384271671134943, 0.003127792672028597, 0.002055406613047364, 0.0, 0.0, 0.0], [0.00018304960644334616, 9.152480322167308e-05, 9.152480322167308e-05, 0.0002745744096650192, 0.0005491488193300384, 0.0005491488193300384, 0.0005491488193300384, 0.0013728720483250961, 0.0016474464579901153, 0.006589785831960461, 0.012081274025260845, 0.025260845689181768, 0.04704374885593996, 0.0680029287937031, 0.10287387882116053, 0.14845323082555373, 0.19146988833974007, 0.12639575324913052, 0.14451766428702179, 0.05152846421380194, 0.029745561047043748, 0.023064250411861616, 0.008786381109280615, 0.0032948929159802307, 0.002654219293428519, 0.0016474464579901153, 0.001281347245103423, 0.0, 0.0, 0.0, 0.0, 0.0], [0.0, 0.00012629451881788332, 0.0, 0.00012629451881788332, 0.00025258903763576663, 0.0008840616317251831, 0.0010103561505430665, 0.0022733013387218996, 0.003662541045718616, 0.006188431422076282, 0.01300833543824198, 0.022859307906036876, 0.034604698156100025, 0.047991917150795656, 0.0794392523364486, 0.13197777216468806, 0.16632988128315232, 0.1203586764334428, 0.15395301843899975, 0.0801970194493559, 0.04546602677443799, 0.044076787067441274, 0.020459712048497097, 0.010103561505430665, 0.009850972467794898, 0.002147006819904016, 0.002020712301086133, 0.0006314725940894166, 0.0, 0.0, 0.0, 0.0], [0.0, 0.0, 0.0, 0.0, 0.00030052592036063113, 0.0, 0.0009015777610818933, 0.0009015777610818933, 0.0018031555221637867, 0.003906836964688205, 0.010067618332081142, 0.016078136739293765, 0.028249436513899325, 0.04808414725770098, 0.08414725770097671, 0.11855747558226896, 0.15221637866265966, 0.10082644628099173, 0.18422238918106687, 0.06897069872276484, 0.04628099173553719, 0.05439519158527423, 0.025244177310293013, 0.013373403456048084, 0.019834710743801654, 0.007513148009015778, 0.005860255447032306, 0.003906836964688205, 0.003906836964688205, 0.00045078888054094667, 0.0, 0.0], [0.0003912363067292645, 0.0003912363067292645, 0.0003912363067292645, 0.000782472613458529, 0.002347417840375587, 0.003129890453834116, 0.005086071987480438, 0.008607198748043818, 0.01564945226917058, 0.03247261345852895, 0.03873239436619718, 0.05712050078247261, 0.06377151799687011, 0.0880281690140845, 0.11854460093896714, 0.10993740219092332, 0.12480438184663536, 0.07785602503912363, 0.13262910798122066, 0.03599374021909233, 0.02699530516431925, 0.028169014084507043, 0.008607198748043818, 0.004303599374021909, 0.007433489827856025, 0.005086071987480438, 0.0027386541471048514, 0.0, 0.0, 0.0, 0.0, 0.0], [0.0, 0.0, 0.0, 0.0020491803278688526, 0.00273224043715847, 0.00273224043715847, 0.004098360655737705, 0.01092896174863388, 0.011612021857923498, 0.012978142076502733, 0.025956284153005466, 0.03551912568306011, 0.050546448087431695, 0.055327868852459015, 0.08948087431693989, 0.1168032786885246, 0.1366120218579235, 0.11133879781420765, 0.16393442622950818, 0.05737704918032787, 0.03483606557377049, 0.025956284153005466, 0.02117486338797814, 0.009562841530054645, 0.009562841530054645, 0.004098360655737705, 0.00273224043715847, 0.0020491803278688526, 0.0, 0.0, 0.0, 0.0], [0.0003012501882813677, 0.0, 0.0, 0.0, 0.0006025003765627354, 0.0009037505648441031, 0.0033137520710950445, 0.005422503389064619, 0.008133755083596927, 0.015966259978912486, 0.03057689411055882, 0.04548877843048652, 0.061455038409399004, 0.08886880554300347, 0.13496008435005272, 0.14188883868052418, 0.13857508660942913, 0.08932068082542552, 0.11176381985238741, 0.038560024100015064, 0.02545564090977557, 0.026961891851182408, 0.010393131495707185, 0.005573128483205302, 0.009640006025003766, 0.002861876788672993, 0.0010543756589847869, 0.0009037505648441031, 0.0003012501882813677, 0.0007531254707034192, 0.0, 0.0], [0.0, 0.0, 0.0, 0.00047382136934375743, 0.00047382136934375743, 0.00023691068467187872, 0.002369106846718787, 0.001658374792703151, 0.004738213693437574, 0.009713338071547027, 0.017057569296375266, 0.02203269367448472, 0.03743188817815683, 0.05401563610518834, 0.07628524046434494, 0.10921582563373608, 0.12485193082208007, 0.10613598673300166, 0.1568348732527837, 0.07012556266287609, 0.05140961857379768, 0.05685856432125089, 0.026060175313906656, 0.01468846244965648, 0.027481639421937928, 0.011845534233593935, 0.008054963278843875, 0.0042643923240938165, 0.0040274816394219376, 0.001658374792703151, 0.0, 0.0], [0.0, 0.0, 0.0, 0.0, 0.000211954217888936, 0.0, 0.00105977108944468, 0.00105977108944468, 0.002967359050445104, 0.010809665112335736, 0.016108520559559136, 0.027977956761339552, 0.04747774480712166, 0.06782534972445951, 0.09813480288257737, 0.12335735481136074, 0.15027554048325562, 0.10258584145824502, 0.1559983043662569, 0.06337431114879186, 0.04493429419245443, 0.04217888935989826, 0.017592200084781687, 0.006570580754557015, 0.006782534972445952, 0.0023314963967782957, 0.006570580754557015, 0.0019075879610004239, 0.0019075879610004239, 0.0, 0.0, 0.0], [0.0001341381623071764, 0.0001341381623071764, 0.0001341381623071764, 0.0001341381623071764, 0.0005365526492287056, 0.0013413816230717639, 0.0012072434607645875, 0.0032193158953722333, 0.005231388329979879, 0.008987256874580818, 0.02307176391683434, 0.03420523138832998, 0.05835010060362173, 0.07873910127431254, 0.11495640509725016, 0.14513749161636486, 0.1608316566063045, 0.11401743796109994, 0.10878604963112005, 0.05835010060362173, 0.032461435278336684, 0.02374245472837022, 0.012608987256874581, 0.004426559356136821, 0.005902079141515761, 0.0009389671361502347, 0.002146210596914822, 0.0002682763246143528, 0.0, 0.0, 0.0, 0.0], [0.0, 0.0, 0.0, 0.000225377507324769, 0.000225377507324769, 0.001126887536623845, 0.001352265043948614, 0.0031552851025467656, 0.006085192697768763, 0.00878972278566599, 0.01712869055668244, 0.025918413342348432, 0.04372323642100518, 0.060851926977687626, 0.09713770565697544, 0.13342348433626325, 0.15934189767861168, 0.11922470137480279, 0.13409961685823754, 0.06152805949966193, 0.04169483885508226, 0.037412666215911654, 0.0160018030200586, 0.007662835249042145, 0.012621140410187063, 0.0033806626098715348, 0.0033806626098715348, 0.00225377507324769, 0.00225377507324769, 0.0, 0.0, 0.0], [0.0, 0.0, 0.0, 0.0002664535038635758, 0.0, 0.0010658140154543032, 0.0018651745270450307, 0.002664535038635758, 0.005861977084998668, 0.005861977084998668, 0.012256861177724487, 0.02158273381294964, 0.03250732747135625, 0.04662936317612577, 0.08313349320543566, 0.10924593658406608, 0.13802291500133226, 0.10631494804156674, 0.17559285904609645, 0.07727151612043698, 0.04716227018385292, 0.06155075939248601, 0.02291500133226752, 0.014122035704769519, 0.018651745270450305, 0.010658140154543033, 0.002664535038635758, 0.0010658140154543032, 0.0007993605115907274, 0.0002664535038635758, 0.0, 0.0], [0.0, 0.0, 0.0002935564362248642, 0.0, 0.0002935564362248642, 0.00044033465433729633, 0.0005871128724497284, 0.0020548950535740494, 0.0019081168354616175, 0.005430794070159988, 0.012035813885219434, 0.026713635696462644, 0.04491413474240423, 0.07426977836489065, 0.10905621605753706, 0.12050491707030676, 0.142668428005284, 0.10039630118890357, 0.15074123000146777, 0.05606927931894907, 0.03992367532658154, 0.04227212681638045, 0.023337736679876705, 0.011448701012769706, 0.01805372082782915, 0.006017906942609717, 0.004403346543372964, 0.0033758990165859387, 0.002642007926023778, 0.0001467782181124321, 0.0, 0.0], [0.0, 0.0, 9.281603861147207e-05, 0.0, 9.281603861147207e-05, 0.00018563207722294413, 0.00037126415444588826, 0.0012066085019491368, 0.0020419528494523853, 0.005661778355299796, 0.01123074067198812, 0.021069240764804157, 0.03684796732875441, 0.05169853350658994, 0.07592351958418414, 0.09411546315203267, 0.1239094115463152, 0.09949879339149804, 0.21208464822721365, 0.08492667532949694, 0.05355485427881938, 0.06654909968442548, 0.020605160571746797, 0.009374419899758677, 0.016706886950064972, 0.005476146278076852, 0.002970113235567106, 0.0023204009652868017, 0.0012994245405606088, 0.00018563207722294413, 0.0, 0.0], [0.0, 0.0, 0.0, 0.0, 0.0, 0.00011983223487118035, 0.000718993409227082, 0.0005991611743559018, 0.0022768124625524265, 0.005272618334331935, 0.008148591971240264, 0.019053325344517674, 0.03343319352905932, 0.057399640503295386, 0.089035350509287, 0.1304973037747154, 0.17579388855602157, 0.1237866986219293, 0.19041342121030558, 0.06686638705811863, 0.03223487118034751, 0.04122228879568604, 0.01006590772917915, 0.0038346315158777713, 0.004793289394847214, 0.0010784901138406232, 0.0013181545835829838, 0.0019173157579388856, 0.00011983223487118035, 0.0, 0.0, 0.0], [0.0, 0.004098360655737705, 0.0, 0.004098360655737705, 0.004098360655737705, 0.020491803278688523, 0.028688524590163935, 0.020491803278688523, 0.06967213114754098, 0.040983606557377046, 0.040983606557377046, 0.08196721311475409, 0.06967213114754098, 0.11065573770491803, 0.10245901639344263, 0.11475409836065574, 0.09836065573770492, 0.05737704918032787, 0.05327868852459016, 0.01639344262295082, 0.02459016393442623, 0.012295081967213115, 0.00819672131147541, 0.01639344262295082, 0.0, 0.0, 0.0, 0.0, 0.0, 0.0, 0.0, 0.0]]}, "ranks": {"labels": ["Unranked", "Combatatent I", "Combatatent II", "Challenger I", "Challenger II", "Rival I", "Rival II", "Duelist", "Elite"], "data": [[0.12237762237762238, 0.15034965034965034, 0.1888111888111888, 0.2202797202797203, 0.15384615384615385, 0.0979020979020979, 0.027972027972027972, 0.038461538461538464, 0.0], [0.052422907488986786, 0.08370044052863436, 0.13964757709251102, 0.23039647577092512, 0.2431718061674009, 0.16651982378854627, 0.04140969162995595, 0.03127753303964758, 0.01145374449339207], [0.01037431655684845, 0.021169213514650218, 0.0531333239871022, 0.12126734894153933, 0.23384270293004347, 0.2965091826720875, 0.0982756203560914, 0.11650077106406842, 0.04892751997756904], [0.021792077938725805, 0.038712985514677604, 0.09152672734264838, 0.18830919112934238, 0.2730419177028586, 0.22292013844378925, 0.07986155621074222, 0.0701192154851942, 0.013716190232021535], [0.1346153846153846, 0.125, 0.19230769230769232, 0.1346153846153846, 0.125, 0.17307692307692307, 0.04807692307692308, 0.0673076923076923, 0.0], [0.01096723044397463, 0.031580338266384775, 0.09421247357293869, 0.211284355179704, 0.26242071881606766, 0.19503171247357293, 0.0720137420718816, 0.08694503171247357, 0.035544397463002114], [0.06751412429378531, 0.08672316384180791, 0.15621468926553672, 0.2426553672316384, 0.21299435028248587, 0.11694915254237288, 0.044915254237288135, 0.04180790960451977, 0.030225988700564973], [0.2733812949640288, 0.1906474820143885, 0.20503597122302158, 0.13309352517985612, 0.09352517985611511, 0.039568345323741004, 0.04316546762589928, 0.02158273381294964, 0.0], [0.0432334820480136, 0.08954748247291268, 0.14489058848523476, 0.22519651582749098, 0.21446781389420014, 0.12417675801997026, 0.06171659230932654, 0.06405353728489484, 0.03271722965795624], [0.00715187210769878, 0.015565839293226757, 0.0353386621792175, 0.1081194783340345, 0.1775347076146403, 0.22086663862010938, 0.13420277660917124, 0.19057635675220866, 0.11064366848969288], [0.04219691895512391, 0.06965840589417281, 0.13730743469524448, 0.20897521768251842, 0.23844608171466844, 0.17314132618888145, 0.058941728064300064, 0.05324849296718017, 0.01808439383791025], [0.05804248861911988, 0.11911987860394538, 0.19195751138088013, 0.26783004552352047, 0.19594081942336875, 0.09275417298937784, 0.03774658573596358, 0.028831562974203338, 0.007776934749620637], [0.024520255863539446, 0.06396588486140725, 0.12366737739872068, 0.22210376687988628, 0.2505330490405117, 0.17786069651741293, 0.06147832267235252, 0.056680881307746976, 0.019189765458422176], [0.02543296596826935, 0.05268257236284365, 0.09543417706188688, 0.19547050987041298, 0.2542085503209398, 0.1974082596584716, 0.07932663194864963, 0.07351338258447378, 0.02652295022405232], [0.011293886570095753, 0.0316719862509207, 0.08961453474097716, 0.1890498404124724, 0.26737048858335377, 0.21335624846550455, 0.08961453474097716, 0.08298551436287749, 0.025042965872821017], [0.0344675209898365, 0.05391073795846222, 0.11179849756959788, 0.19840919133893062, 0.2346442775077331, 0.1581970835174547, 0.07777286787450287, 0.08793636765355722, 0.04286345558992488], [0.030844155844155844, 0.06609461966604824, 0.150278293135436, 0.2388682745825603, 0.2305194805194805, 0.15120593692022263, 0.05287569573283859, 0.05658627087198516, 0.022727272727272728], [0.022946225258363987, 0.05132247328779121, 0.11911017691364512, 0.22683482221054477, 0.24715361709581363, 0.19828341215624454, 0.055526361884743386, 0.05692765808372745, 0.02189525310912594], [0.13186813186813187, 0.07692307692307693, 0.08791208791208792, 0.18681318681318682, 0.21978021978021978, 0.04395604395604396, 0.07692307692307693, 0.12087912087912088, 0.054945054945054944], [0.012731767614338689, 0.03003708281829419, 0.0861557478368356, 0.22200247218788627, 0.29752781211372065, 0.17750309023485786, 0.07861557478368356, 0.0746600741656366, 0.0207663782447466], [0.00827250608272506, 0.020600162206001624, 0.051743714517437145, 0.13446877534468776, 0.248661800486618, 0.24184914841849148, 0.11613949716139498, 0.1305758313057583, 0.047688564476885645], [0.016235847041230506, 0.034714804528946805, 0.06483657338175604, 0.1467635120700705, 0.25720999786370435, 0.2371288186284982, 0.10670796838282419, 0.10788293099765008, 0.028519547105319377], [0.023381294964028777, 0.04316546762589928, 0.13848920863309352, 0.24100719424460432, 0.29856115107913667, 0.1906474820143885, 0.03597122302158273, 0.025179856115107913, 0.0035971223021582736], [0.009740840035746202, 0.025558534405719393, 0.06505808757819481, 0.13020554066130474, 0.21054512957998212, 0.26970509383378016, 0.11322609472743521, 0.14110813226094726, 0.03485254691689008], [0.011898224418817499, 0.037342119714442616, 0.11504667764964305, 0.2513271096467143, 0.3178656415888706, 0.17325645249862712, 0.052535237049240346, 0.03514552443712246, 0.005583012996522058], [0.01452386966405658, 0.03586764334427886, 0.08259661530689569, 0.21141702450113664, 0.2866885577165951, 0.19916645617580198, 0.08044960848699166, 0.07464006062136903, 0.014650164182874464], [0.00781367392937641, 0.026145755071374906, 0.0763335837716003, 0.20270473328324567, 0.2530428249436514, 0.22193839218632608, 0.07753568745304283, 0.09301277235161533, 0.04147257700976709], [0.06924882629107981, 0.09585289514866979, 0.15179968701095461, 0.22848200312989045, 0.202660406885759, 0.15062597809076683, 0.04499217527386541, 0.04107981220657277, 0.015258215962441314], [0.0471311475409836, 0.06147540983606557, 0.10587431693989072, 0.2062841530054645, 0.24795081967213115, 0.19467213114754098, 0.06147540983606557, 0.05669398907103825, 0.018442622950819672], [0.03464377165235728, 0.07606567254104533, 0.15032384395240247, 0.2768489230305769, 0.22789576743485465, 0.13164633227895767, 0.04413315258322036, 0.04292815183009489, 0.015514384696490436], [0.019663586827765932, 0.03909026297085998, 0.09144752428334518, 0.18550106609808104, 0.23098791755508175, 0.19260838663823737, 0.0857616678512201, 0.09760720208481402, 0.057332385690594644], [0.016108520559559136, 0.04408647732089869, 0.11530309453158118, 0.2214921576939381, 0.25286138194150065, 0.1926663840610428, 0.07164052564646037, 0.06634167019923697, 0.01949978804578211], [0.021059691482226695, 0.05727699530516432, 0.13708920187793427, 0.26009389671361505, 0.2748490945674044, 0.14285714285714285, 0.05674044265593561, 0.040778001341381626, 0.00925553319919517], [0.020960108181203516, 0.043047103899030874, 0.10457516339869281, 0.23056118999323869, 0.27856659905341447, 0.1692585080009015, 0.06806400721208024, 0.0610773044850124, 0.02389001577642551], [0.017585931254996003, 0.03383959499067413, 0.07913669064748201, 0.19237942978950173, 0.244337863042899, 0.2190247801758593, 0.08100186517452705, 0.09858779642952305, 0.0341060484945377], [0.011008366358432409, 0.038749449581682076, 0.11918391310729488, 0.22956113312784382, 0.2430647291941876, 0.18200499045941582, 0.06472919418758256, 0.07705856450902686, 0.03463965947453398], [0.009652868015593095, 0.032299981436792274, 0.08854650083534435, 0.17003898273621681, 0.22340820493781324, 0.25598663449043996, 0.09457954334509003, 0.09652868015593094, 0.028958604046779284], [0.008987417615338526, 0.02720191731575794, 0.0908328340323547, 0.2195326542840024, 0.2995805871779509, 0.22768124625524266, 0.06183343319352906, 0.05512282804074296, 0.009227082085080886], [0.19262295081967212, 0.12295081967213115, 0.18032786885245902, 0.21721311475409835, 0.1557377049180328, 0.06557377049180328, 0.028688524590163935, 0.036885245901639344, 0.0]]}, "ranksDetailed": {"labels": ["Unranked", "Combatatant", "Challenger", "Rival", "Duelist", "Elite"], "data": [[0.12237762237762238, 0.33916083916083917, 0.3741258741258741, 0.1258741258741259, 0.038461538461538464, 0.0], [0.052422907488986786, 0.22334801762114537, 0.473568281938326, 0.20792951541850221, 0.03127753303964758, 0.01145374449339207], [0.01037431655684845, 0.07430253750175242, 0.3551100518715828, 0.39478480302817887, 0.11650077106406842, 0.04892751997756904], [0.021792077938725805, 0.130239712857326, 0.461351108832201, 0.3027816946545315, 0.0701192154851942, 0.013716190232021535], [0.1346153846153846, 0.3173076923076923, 0.25961538461538464, 0.22115384615384615, 0.0673076923076923, 0.0], [0.01096723044397463, 0.12579281183932348, 0.47370507399577166, 0.26704545454545453, 0.08694503171247357, 0.035544397463002114], [0.06751412429378531, 0.24293785310734464, 0.4556497175141243, 0.16186440677966102, 0.04180790960451977, 0.030225988700564973], [0.2733812949640288, 0.39568345323741005, 0.22661870503597123, 0.08273381294964029, 0.02158273381294964, 0.0], [0.0432334820480136, 0.23443807095814745, 0.4396643297216911, 0.1858933503292968, 0.06405353728489484, 0.03271722965795624], [0.00715187210769878, 0.050904501472444255, 0.2856541859486748, 0.3550694152292806, 0.19057635675220866, 0.11064366848969288], [0.04219691895512391, 0.20696584058941728, 0.4474212993971869, 0.23208305425318151, 0.05324849296718017, 0.01808439383791025], [0.05804248861911988, 0.3110773899848255, 0.46377086494688924, 0.13050075872534142, 0.028831562974203338, 0.007776934749620637], [0.024520255863539446, 0.18763326226012794, 0.472636815920398, 0.23933901918976547, 0.056680881307746976, 0.019189765458422176], [0.02543296596826935, 0.14811674942473052, 0.4496790601913528, 0.2767348916071212, 0.07351338258447378, 0.02652295022405232], [0.011293886570095753, 0.12128652099189786, 0.4564203289958262, 0.3029707832064817, 0.08298551436287749, 0.025042965872821017], [0.0344675209898365, 0.1657092355280601, 0.43305346884666374, 0.2359699513919576, 0.08793636765355722, 0.04286345558992488], [0.030844155844155844, 0.21637291280148424, 0.46938775510204084, 0.20408163265306123, 0.05658627087198516, 0.022727272727272728], [0.022946225258363987, 0.17043265020143633, 0.47398843930635837, 0.2538097740409879, 0.05692765808372745, 0.02189525310912594], [0.13186813186813187, 0.16483516483516483, 0.4065934065934066, 0.12087912087912088, 0.12087912087912088, 0.054945054945054944], [0.012731767614338689, 0.1161928306551298, 0.519530284301607, 0.2561186650185414, 0.0746600741656366, 0.0207663782447466], [0.00827250608272506, 0.07234387672343877, 0.3831305758313058, 0.35798864557988647, 0.1305758313057583, 0.047688564476885645], [0.016235847041230506, 0.09955137791070284, 0.40397350993377484, 0.34383678701132236, 0.10788293099765008, 0.028519547105319377], [0.023381294964028777, 0.18165467625899281, 0.539568345323741, 0.22661870503597123, 0.025179856115107913, 0.0035971223021582736], [0.009740840035746202, 0.09061662198391421, 0.34075067024128686, 0.3829311885612154, 0.14110813226094726, 0.03485254691689008], [0.011898224418817499, 0.15238879736408567, 0.5691927512355849, 0.22579168954786746, 0.03514552443712246, 0.005583012996522058], [0.01452386966405658, 0.11846425865117453, 0.49810558221773177, 0.27961606466279365, 0.07464006062136903, 0.014650164182874464], [0.00781367392937641, 0.1024793388429752, 0.45574755822689705, 0.2994740796393689, 0.09301277235161533, 0.04147257700976709], [0.06924882629107981, 0.2476525821596244, 0.43114241001564946, 0.19561815336463223, 0.04107981220657277, 0.015258215962441314], [0.0471311475409836, 0.16734972677595628, 0.4542349726775956, 0.25614754098360654, 0.05669398907103825, 0.018442622950819672], [0.03464377165235728, 0.2263895164934478, 0.5047446904654316, 0.17577948486217804, 0.04292815183009489, 0.015514384696490436], [0.019663586827765932, 0.13053778725420517, 0.4164889836531628, 0.27837005448945745, 0.09760720208481402, 0.057332385690594644], [0.016108520559559136, 0.15938957185247987, 0.47435353963543875, 0.2643069097075032, 0.06634167019923697, 0.01949978804578211], [0.021059691482226695, 0.19436619718309858, 0.5349429912810194, 0.19959758551307846, 0.040778001341381626, 0.00925553319919517], [0.020960108181203516, 0.14762226729772368, 0.5091277890466531, 0.23732251521298176, 0.0610773044850124, 0.02389001577642551], [0.017585931254996003, 0.11297628563815615, 0.43671729283240074, 0.30002664535038637, 0.09858779642952305, 0.0341060484945377], [0.011008366358432409, 0.15793336268897695, 0.4726258623220314, 0.2467341846469984, 0.07705856450902686, 0.03463965947453398], [0.009652868015593095, 0.12084648227213662, 0.3934471876740301, 0.35056617783552996, 0.09652868015593094, 0.028958604046779284], [0.008987417615338526, 0.11803475134811264, 0.5191132414619533, 0.28951467944877174, 0.05512282804074296, 0.009227082085080886], [0.19262295081967212, 0.30327868852459017, 0.3729508196721312, 0.0942622950819672, 0.036885245901639344, 0.0]]}}}, "eu": {"histType": {"histogram": {"labels": ["0", "100", "200", "300", "400", "500", "600", "700", "800", "900", "1000", "1100", "1200", "1300", "1400", "1500", "1600", "1700", "1800", "1900", "2000", "2100", "2200", "2300", "2400", "2500", "2600", "2700", "2800", "2900", "3000", "3100"], "data": [[0.0, 0.0, 0.004405286343612335, 0.0, 0.0, 0.00881057268722467, 0.01762114537444934, 0.01762114537444934, 0.04405286343612335, 0.04405286343612335, 0.07488986784140969, 0.06607929515418502, 0.05726872246696035, 0.09691629955947137, 0.14096916299559473, 0.13215859030837004, 0.08370044052863436, 0.07929515418502203, 0.048458149779735685, 0.030837004405286344, 0.013215859030837005, 0.013215859030837005, 0.0, 0.00881057268722467, 0.01762114537444934, 0.0, 0.0, 0.0, 0.0, 0.0, 0.0, 0.0], [0.0, 0.0, 0.0004743833017077799, 0.0014231499051233396, 0.0009487666034155598, 0.003320683111954459, 0.004743833017077799, 0.007590132827324478, 0.018026565464895637, 0.026091081593927895, 0.036053130929791274, 0.04981024667931689, 0.06261859582542695, 0.07874762808349146, 0.12096774193548387, 0.11717267552182163, 0.15464895635673626, 0.09108159392789374, 0.127134724857685, 0.03795066413662239, 0.018975332068311195, 0.021347248576850095, 0.005218216318785579, 0.004743833017077799, 0.006641366223908918, 0.0009487666034155598, 0.0018975332068311196, 0.0014231499051233396, 0.0, 0.0, 0.0, 0.0], [0.0, 0.0, 0.0, 0.00014814814814814815, 0.00014814814814814815, 0.00014814814814814815, 0.00014814814814814815, 0.0014814814814814814, 0.002962962962962963, 0.003851851851851852, 0.009777777777777778, 0.014814814814814815, 0.021777777777777778, 0.029777777777777778, 0.04903703703703704, 0.07081481481481482, 0.13585185185185186, 0.10518518518518519, 0.23837037037037037, 0.08562962962962962, 0.0642962962962963, 0.07881481481481481, 0.02962962962962963, 0.014814814814814815, 0.022814814814814816, 0.008444444444444444, 0.004148148148148148, 0.003851851851851852, 0.001925925925925926, 0.0013333333333333333, 0.0, 0.0], [0.0, 0.0, 0.0, 0.0001232134056185313, 0.0001232134056185313, 0.0002464268112370626, 0.0008624938393297191, 0.002587481517989157, 0.004066042385411533, 0.008871365204534253, 0.016757023164120255, 0.02661409561360276, 0.03499260719566289, 0.04620502710694924, 0.07959586002957121, 0.1063331690487925, 0.16276490882207983, 0.11766880236569739, 0.1826022671266634, 0.08021192705766388, 0.04706752094627895, 0.047437161163134546, 0.013799901429275506, 0.006899950714637753, 0.00850172498767866, 0.0027106949236076886, 0.0006160670280926564, 0.0008624938393297191, 0.0011089206505667817, 0.0003696402168555939, 0.0, 0.0], [0.0, 0.0, 0.0, 0.0, 0.0, 0.019417475728155338, 0.02912621359223301, 0.04854368932038835, 0.04854368932038835, 0.02912621359223301, 0.07766990291262135, 0.10679611650485436, 0.02912621359223301, 0.02912621359223301, 0.0970873786407767, 0.11650485436893204, 0.05825242718446602, 0.08737864077669903, 0.06796116504854369, 0.04854368932038835, 0.038834951456310676, 0.019417475728155338, 0.019417475728155338, 0.009708737864077669, 0.009708737864077669, 0.009708737864077669, 0.0, 0.0, 0.0, 0.0, 0.0, 0.0], [0.0, 0.0001336005344021376, 0.0001336005344021376, 0.0002672010688042752, 0.0004008016032064128, 0.0001336005344021376, 0.0002672010688042752, 0.002004008016032064, 0.0029392117568470275, 0.006279225116900468, 0.011623246492985972, 0.02017368069472278, 0.03219772879091516, 0.056245824983299934, 0.08710754843019372, 0.11195724782899132, 0.14976619906479627, 0.10821643286573146, 0.15991983967935872, 0.07628590514362057, 0.0447561790247161, 0.05918503674014696, 0.022578490313961256, 0.01068804275217101, 0.019772879091516368, 0.008283233132932532, 0.0037408149632598532, 0.0021376085504342017, 0.0014696058784235137, 0.0013360053440213762, 0.0, 0.0], [0.00025700334104343357, 0.00025700334104343357, 0.00025700334104343357, 0.0012850167052171678, 0.003341043433564636, 0.0025700334104343356, 0.004112053456694937, 0.011051143664867643, 0.01927525057825752, 0.02749935749164739, 0.04112053456694937, 0.05602672834746852, 0.073502955538422, 0.08481110254433308, 0.09457722950398355, 0.12130557697250065, 0.1261886404523259, 0.07890002570033411, 0.09020817270624518, 0.04677460806990491, 0.0292