{"region": {"us": {"histType": {"histogram": {"labels": ["0", "100", "200", "300", "400", "500", "600", "700", "800", "900", "1000", "1100", "1200", "1300", "1400", "1500", "1600", "1700", "1800", "1900", "2000", "2100", "2200", "2300", "2400", "2500", "2600", "2700", "2800", "2900", "3000", "3100"], "data": [[0.0, 0.0, 0.02197802197802198, 0.01098901098901099, 0.0, 0.01098901098901099, 0.02197802197802198, 0.02197802197802198, 0.07692307692307693, 0.054945054945054944, 0.0989010989010989, 0.12087912087912088, 0.06593406593406594, 0.17582417582417584, 0.13186813186813187, 0.04395604395604396, 0.03296703296703297, 0.03296703296703297, 0.06593406593406594, 0.01098901098901099, 0.0, 0.0, 0.0, 0.0, 0.0, 0.0, 0.0, 0.0, 0.0, 0.0, 0.0, 0.0], [0.0, 0.0019047619047619048, 0.0, 0.0009523809523809524, 0.0009523809523809524, 0.0, 0.002857142857142857, 0.018095238095238095, 0.018095238095238095, 0.03619047619047619, 0.05619047619047619, 0.06952380952380953, 0.10571428571428572, 0.11333333333333333, 0.15142857142857144, 0.11047619047619048, 0.10857142857142857, 0.06666666666666667, 0.07523809523809524, 0.023809523809523808, 0.012380952380952381, 0.017142857142857144, 0.006666666666666667, 0.0019047619047619048, 0.0019047619047619048, 0.0, 0.0, 0.0, 0.0, 0.0, 0.0, 0.0], [0.0, 0.0, 0.0, 0.00043159257660768235, 0.0008631851532153647, 0.00043159257660768235, 0.0017263703064307294, 0.0034527406128614588, 0.013379369874838154, 0.01640051791109193, 0.025463962019853258, 0.04229607250755287, 0.06862321968062149, 0.09624514458351316, 0.11868795856711264, 0.12300388433318947, 0.14544669831678894, 0.08459214501510574, 0.1273198100992663, 0.050064738886491156, 0.02589555459646094, 0.0293482952093224, 0.01294777729823047, 0.0030211480362537764, 0.0073370738023306, 0.0030211480362537764, 0.0, 0.0, 0.0, 0.0, 0.0, 0.0], [0.0, 0.00025581990278843696, 0.0, 0.0, 0.00025581990278843696, 0.0010232796111537478, 0.003837298541826554, 0.004860578152980302, 0.01253517523663341, 0.025581990278843694, 0.03811716551547711, 0.04093118444614991, 0.07035047326682016, 0.10079304169864416, 0.12407265285239191, 0.12918905090816066, 0.14863136352008186, 0.09516500383729855, 0.10411870043489384, 0.04272192376566897, 0.017651573292402148, 0.024814530570478385, 0.005628037861345613, 0.004348938347403428, 0.003837298541826554, 0.0012790995139421847, 0.0, 0.0, 0.0, 0.0, 0.0, 0.0], [0.0, 0.0, 0.0, 0.0, 0.0, 0.0, 0.0, 0.08333333333333333, 0.08333333333333333, 0.08333333333333333, 0.08333333333333333, 0.1111111111111111, 0.027777777777777776, 0.1111111111111111, 0.0, 0.0, 0.08333333333333333, 0.027777777777777776, 0.05555555555555555, 0.1111111111111111, 0.027777777777777776, 0.08333333333333333, 0.0, 0.027777777777777776, 0.0, 0.0, 0.0, 0.0, 0.0, 0.0, 0.0, 0.0], [0.0, 0.0, 0.0, 0.0, 0.0, 0.00021473051320592657, 0.0008589220528237063, 0.003865149237706678, 0.005368262830148164, 0.01438694438479708, 0.0242645479922697, 0.036074726218595664, 0.06678118960704316, 0.0929783122181662, 0.11831651277646553, 0.12347004509340777, 0.14751986257247154, 0.09641400042946102, 0.10929783122181662, 0.05003220957698089, 0.03006227184882972, 0.04230191110156753, 0.016534249516856347, 0.006441915396177797, 0.009448142581060769, 0.0040798797509126045, 0.001073652566029633, 0.00021473051320592657, 0.0, 0.0, 0.0, 0.0], [0.0, 0.0, 0.0, 0.0018495684340320592, 0.0012330456226880395, 0.0018495684340320592, 0.005548705302096177, 0.009864364981504316, 0.025893958076448828, 0.035758323057953144, 0.06041923551171394, 0.07891491985203453, 0.10789149198520345, 0.1313193588162762, 0.13008631319358815, 0.10172626387176326, 0.0967940813810111, 0.06165228113440197, 0.05363748458692972, 0.025893958076448828, 0.020345252774352653, 0.013563501849568433, 0.014180024660912454, 0.009247842170160296, 0.009864364981504316, 0.0006165228113440197, 0.0018495684340320592, 0.0, 0.0, 0.0, 0.0, 0.0], [0.0, 0.0, 0.02197802197802198, 0.01098901098901099, 0.01098901098901099, 0.0, 0.03296703296703297, 0.10989010989010989, 0.13186813186813187, 0.13186813186813187, 0.12087912087912088, 0.0989010989010989, 0.10989010989010989, 0.08791208791208792, 0.04395604395604396, 0.03296703296703297, 0.01098901098901099, 0.03296703296703297, 0.01098901098901099, 0.0, 0.0, 0.0, 0.0, 0.0, 0.0, 0.0, 0.0, 0.0, 0.0, 0.0, 0.0, 0.0], [0.0006612298875909191, 0.00022040996253030638, 0.001102049812651532, 0.0008816398501212255, 0.00242450958783337, 0.0033061494379545957, 0.00551024906325766, 0.014326647564469915, 0.026449195503636766, 0.05642495040775843, 0.07317610756006171, 0.09764161340092573, 0.11549482036588053, 0.13026228785541105, 0.12232752920432004, 0.09036808463742561, 0.07868635662331937, 0.04981265153184924, 0.05113511130703108, 0.026008375578576153, 0.017853206964954817, 0.018514436852545734, 0.010800088163985012, 0.004187789288075821, 0.001763279700242451, 0.00044081992506061276, 0.00022040996253030638, 0.0, 0.0, 0.0, 0.0, 0.0], [0.0, 0.0, 0.0005333333333333334, 0.0, 0.0010666666666666667, 0.0016, 0.0048, 0.0064, 0.015466666666666667, 0.024, 0.0352, 0.05386666666666667, 0.0784, 0.1136, 0.12, 0.13226666666666667, 0.1648, 0.07093333333333333, 0.0928, 0.0336, 0.0144, 0.0192, 0.010133333333333333, 0.0037333333333333333, 0.0026666666666666666, 0.0005333333333333334, 0.0, 0.0, 0.0, 0.0, 0.0, 0.0], [0.0003291639236339697, 0.0, 0.0003291639236339697, 0.0006583278472679394, 0.0013166556945358788, 0.0032916392363396972, 0.008229098090849244, 0.009874917709019092, 0.019420671494404212, 0.038841342988808425, 0.08196181698485847, 0.09282422646477946, 0.11290322580645161, 0.11981566820276497, 0.13001974983541803, 0.11026991441737985, 0.09084924292297564, 0.05497037524687294, 0.05464121132323897, 0.02468729427254773, 0.014812376563528637, 0.014154048716260697, 0.007570770243581304, 0.004937458854509546, 0.0026333113890717576, 0.0006583278472679394, 0.0, 0.0, 0.0, 0.0, 0.0, 0.0], [0.0, 0.0, 0.0, 0.0, 0.00030184123151222455, 0.0006036824630244491, 0.00392393600965892, 0.005433142167220043, 0.012375490492001207, 0.01992152127980682, 0.03591910654995473, 0.054331421672200425, 0.07787503773015395, 0.09628735285239964, 0.13673407787503772, 0.1252641110775732, 0.15031693329308785, 0.0872321159070329, 0.09538182915786296, 0.04165408994868699, 0.01780863265922125, 0.021430727437367944, 0.009357078176878962, 0.0033202535466344703, 0.004225777241171144, 0.00030184123151222455, 0.0, 0.0, 0.0, 0.0, 0.0, 0.0], [0.0, 0.0, 0.0, 0.0005913660555884093, 0.0005913660555884093, 0.0014784151389710231, 0.0035481963335304554, 0.006209343583678297, 0.014192785334121822, 0.038143110585452396, 0.06031933767001774, 0.0706682436428149, 0.09639266706091071, 0.1283264340626848, 0.14458900059136606, 0.11797752808988764, 0.11975162625665287, 0.05913660555884092, 0.06712004730928445, 0.02897693672383205, 0.015671200473092846, 0.012418687167356593, 0.006209343583678297, 0.0020697811945594325, 0.00384387936132466, 0.0017740981667652277, 0.0, 0.0, 0.0, 0.0, 0.0, 0.0], [0.0, 0.0, 0.0, 0.0, 0.0, 0.0, 0.0004692632566870014, 0.0014077897700610043, 0.00328484279680901, 0.005161895823557016, 0.022055373064289067, 0.029094321914594087, 0.05255748474894416, 0.08540591271703425, 0.10886907555138432, 0.12763960581886438, 0.1717503519474425, 0.11215391834819334, 0.12294697325199437, 0.06100422336931018, 0.0342562177381511, 0.034725480994838104, 0.010793054903801032, 0.006100422336931018, 0.00656968559361802, 0.003754106053496011, 0.0, 0.0, 0.0, 0.0, 0.0, 0.0], [0.0, 0.0, 0.0, 0.0, 0.0017889087656529517, 0.0017889087656529517, 0.0035778175313059034, 0.014311270125223614, 0.014311270125223614, 0.03935599284436494, 0.0518783542039356, 0.09660107334525939, 0.10912343470483005, 0.12701252236135957, 0.1073345259391771, 0.09660107334525939, 0.1073345259391771, 0.06618962432915922, 0.057245080500894455, 0.03398926654740608, 0.03220035778175313, 0.007155635062611807, 0.008944543828264758, 0.008944543828264758, 0.008944543828264758, 0.005366726296958855, 0.0, 0.0, 0.0, 0.0, 0.0, 0.0], [0.0003875968992248062, 0.0, 0.0003875968992248062, 0.0, 0.0007751937984496124, 0.0007751937984496124, 0.0027131782945736434, 0.005813953488372093, 0.010852713178294573, 0.01937984496124031, 0.034108527131782945, 0.05116279069767442, 0.08410852713178295, 0.1058139534883721, 0.14689922480620154, 0.1310077519379845, 0.13372093023255813, 0.08410852713178295, 0.08604651162790698, 0.04224806201550388, 0.018992248062015504, 0.021705426356589147, 0.009302325581395349, 0.0034883720930232558, 0.003875968992248062, 0.001937984496124031, 0.0003875968992248062, 0.0, 0.0, 0.0, 0.0, 0.0], [0.0, 0.0, 0.0, 0.0, 0.002380952380952381, 0.0009523809523809524, 0.0038095238095238095, 0.007142857142857143, 0.016666666666666666, 0.02666666666666667, 0.05761904761904762, 0.07285714285714286, 0.1, 0.12857142857142856, 0.1319047619047619, 0.11666666666666667, 0.12095238095238095, 0.06523809523809523, 0.08095238095238096, 0.029047619047619048, 0.010952380952380953, 0.016666666666666666, 0.004285714285714286, 0.0019047619047619048, 0.0019047619047619048, 0.002380952380952381, 0.0004761904761904762, 0.0, 0.0, 0.0, 0.0, 0.0], [0.0, 0.0, 0.0, 0.0, 0.0, 0.0, 0.0, 0.0, 0.043478260869565216, 0.17391304347826086, 0.08695652173913043, 0.08695652173913043, 0.08695652173913043, 0.13043478260869565, 0.08695652173913043, 0.043478260869565216, 0.043478260869565216, 0.08695652173913043, 0.043478260869565216, 0.043478260869565216, 0.043478260869565216, 0.0, 0.0, 0.0, 0.0, 0.0, 0.0, 0.0, 0.0, 0.0, 0.0, 0.0], [0.00019845207382417147, 0.00019845207382417147, 0.00039690414764834294, 0.00019845207382417147, 0.00019845207382417147, 0.0, 0.0007938082952966859, 0.0017860686644175431, 0.006350466362373487, 0.01071641198650526, 0.022226632268307202, 0.034927564993054175, 0.06350466362373487, 0.08672355626116293, 0.11331613415360191, 0.13097836872395316, 0.14447310974399682, 0.1035919825362175, 0.10676721571740425, 0.06211549910696567, 0.035522921214526694, 0.04643778527485612, 0.015479261758285375, 0.007739630879142687, 0.0045643976979559435, 0.0007938082952966859, 0.0, 0.0, 0.0, 0.0, 0.0, 0.0], [0.0, 0.0, 0.0, 0.0005302226935312832, 0.0, 0.0, 0.003711558854718982, 0.0010604453870625664, 0.005302226935312832, 0.007953340402969246, 0.025980911983032873, 0.036055143160127257, 0.060445387062566275, 0.08059384941675504, 0.11823966065747614, 0.13149522799575822, 0.1537645811240721, 0.09915164369034994, 0.11770943796394485, 0.04984093319194061, 0.02704135737009544, 0.036585365853658534, 0.013255567338282079, 0.01007423117709438, 0.014846235418875928, 0.005302226935312832, 0.0010604453870625664, 0.0, 0.0, 0.0, 0.0, 0.0], [0.0006329113924050633, 0.0, 0.00031645569620253165, 0.00031645569620253165, 0.002531645569620253, 0.0037974683544303796, 0.0022151898734177216, 0.008860759493670886, 0.016139240506329113, 0.028164556962025317, 0.0560126582278481, 0.07278481012658228, 0.08575949367088608, 0.12056962025316456, 0.13765822784810128, 0.11360759493670886, 0.12183544303797468, 0.0670886075949367, 0.07246835443037974, 0.032278481012658226, 0.02088607594936709, 0.019620253164556962, 0.00949367088607595, 0.0037974683544303796, 0.002848101265822785, 0.00031645569620253165, 0.0, 0.0, 0.0, 0.0, 0.0, 0.0], [0.0, 0.0, 0.0, 0.0, 0.0, 0.003257328990228013, 0.0, 0.006514657980456026, 0.013029315960912053, 0.009771986970684038, 0.009771986970684038, 0.04234527687296417, 0.0781758957654723, 0.16612377850162866, 0.15309446254071662, 0.14006514657980457, 0.1791530944625407, 0.10097719869706841, 0.05863192182410423, 0.029315960912052116, 0.009771986970684038, 0.0, 0.0, 0.0, 0.0, 0.0, 0.0, 0.0, 0.0, 0.0, 0.0, 0.0], [0.0, 0.0, 0.00014712373105781962, 0.00029424746211563924, 0.00014712373105781962, 0.00044137119317345886, 0.00044137119317345886, 0.0017654847726938355, 0.00397234073856113, 0.012505517139914667, 0.01927320876857437, 0.03398558187435633, 0.06135059585111079, 0.07562159776371928, 0.12799764602030309, 0.12564366632337795, 0.16919229071649258, 0.09136383698690599, 0.139473297042813, 0.05193467706341033, 0.025158158010887156, 0.03324996321906724, 0.012799764602030307, 0.005296454318081506, 0.005443578049139326, 0.0022068559658672943, 0.00029424746211563924, 0.0, 0.0, 0.0, 0.0, 0.0], [0.0, 0.00011761938367442955, 0.00035285815102328866, 0.0, 0.0007057163020465773, 0.0008233356857210068, 0.0007057163020465773, 0.0017642907551164433, 0.002234768289814161, 0.0103505057633498, 0.016819571865443424, 0.0382262996941896, 0.07257115972712302, 0.11420842154787109, 0.14737708774406022, 0.1676076217360621, 0.16172665255234062, 0.09186073864972948, 0.09338979063749706, 0.03987297106563162, 0.019877675840978593, 0.012702893436838392, 0.004351917195953893, 0.0017642907551164433, 0.0005880969183721477, 0.0, 0.0, 0.0, 0.0, 0.0, 0.0, 0.0], [0.000363901018922853, 0.0, 0.0, 0.000363901018922853, 0.000727802037845706, 0.001091703056768559, 0.001455604075691412, 0.00363901018922853, 0.010553129548762736, 0.01710334788937409, 0.034570596797671035, 0.056768558951965066, 0.08806404657933042, 0.11062590975254731, 0.11935953420669577, 0.11935953420669577, 0.13682678311499272, 0.09534206695778748, 0.08770014556040757, 0.04730713245997089, 0.027292576419213975, 0.021834061135371178, 0.010917030567685589, 0.006186317321688501, 0.002547307132459971, 0.0, 0.0, 0.0, 0.0, 0.0, 0.0, 0.0], [0.0, 0.0002632964718272775, 0.0, 0.0, 0.000526592943654555, 0.0, 0.0013164823591363876, 0.0007898894154818325, 0.00421274354923644, 0.005529225908372828, 0.019483938915218536, 0.02448657187993681, 0.04607688256977357, 0.08241179568193786, 0.11084781463928384, 0.12322274881516587, 0.15666140073723012, 0.08741442864665613, 0.1450763559768299, 0.05818852027382833, 0.03765139547130068, 0.04397051079515534, 0.020010531858873092, 0.01369141653501843, 0.01158504476040021, 0.0052659294365455505, 0.0013164823591363876, 0.0, 0.0, 0.0, 0.0, 0.0], [0.0, 0.0009276437847866419, 0.0009276437847866419, 0.0018552875695732839, 0.0027829313543599257, 0.0027829313543599257, 0.006493506493506494, 0.012059369202226345, 0.036178107606679034, 0.05009276437847866, 0.07050092764378478, 0.09925788497217068, 0.09925788497217068, 0.11688311688311688, 0.13172541743970315, 0.10760667903525047, 0.08812615955473098, 0.05194805194805195, 0.06493506493506493, 0.021335807050092765, 0.011131725417439703, 0.01948051948051948, 0.0018552875695732839, 0.0, 0.0018552875695732839, 0.0, 0.0, 0.0, 0.0, 0.0, 0.0, 0.0], [0.0, 0.0, 0.0, 0.0, 0.0, 0.0, 0.006896551724137931, 0.027586206896551724, 0.06206896551724138, 0.06206896551724138, 0.10344827586206896, 0.1, 0.07931034482758621, 0.10689655172413794, 0.10689655172413794, 0.11724137931034483, 0.0896551724137931, 0.06551724137931035, 0.041379310344827586, 0.017241379310344827, 0.0034482758620689655, 0.0, 0.0034482758620689655, 0.006896551724137931, 0.0, 0.0, 0.0, 0.0, 0.0, 0.0, 0.0, 0.0], [0.0008307947936859596, 0.0, 0.0, 0.0, 0.001661589587371919, 0.001938521185267239, 0.004153973968429798, 0.008861811132650235, 0.01744669066740515, 0.028800886181113265, 0.048739961229576294, 0.07200221545278317, 0.10274162281916367, 0.12489615065078925, 0.14317363611188036, 0.12240376626973137, 0.11548047632234838, 0.06203267792855165, 0.06812517308224869, 0.026862364995846027, 0.014954306286347273, 0.02104680144004431, 0.007200221545278316, 0.0027693159789531985, 0.0024923843810578787, 0.0008307947936859596, 0.0005538631957906397, 0.0, 0.0, 0.0, 0.0, 0.0], [0.0, 0.0, 0.0, 0.0, 0.0, 0.0005353319057815846, 0.0021413276231263384, 0.0021413276231263384, 0.004282655246252677, 0.019271948608137045, 0.027837259100642397, 0.04068522483940043, 0.058886509635974305, 0.08511777301927195, 0.11241970021413276, 0.12740899357601712, 0.14721627408993576, 0.08565310492505353, 0.10813704496788008, 0.05299785867237687, 0.029443254817987152, 0.03747323340471092, 0.01980728051391863, 0.013383297644539615, 0.019271948608137045, 0.005888650963597431, 0.0, 0.0, 0.0, 0.0, 0.0, 0.0], [0.0, 0.0, 0.0, 0.0, 0.00038895371450797355, 0.0, 0.0011668611435239206, 0.0019447685725398677, 0.005056398288603656, 0.013224426293271101, 0.021003500583430573, 0.03811746402178141, 0.06573317775184753, 0.11240762349280435, 0.13613380007779075, 0.13885647607934656, 0.14157915208090238, 0.08284714119019837, 0.11007390120575651, 0.050563982886036564, 0.028004667444574097, 0.026837806301050177, 0.013613380007779074, 0.0054453520031116295, 0.004278490859587709, 0.002333722287047841, 0.00038895371450797355, 0.0, 0.0, 0.0, 0.0, 0.0], [0.00021982853374367993, 0.00021982853374367993, 0.00021982853374367993, 0.00043965706748735987, 0.00043965706748735987, 0.003077599472411519, 0.0024181138711804793, 0.005495713343591998, 0.009012969883490877, 0.020444053638162235, 0.046603649153660144, 0.05847438997581886, 0.09694438338096285, 0.12068586502528028, 0.1268410639701033, 0.1294790063750275, 0.13167729171246428, 0.08199604308639262, 0.07584084414156958, 0.036491536601450866, 0.021543196306880633, 0.016047482963288635, 0.011211255220927677, 0.002857770938667839, 0.0013189712024620796, 0.0, 0.0, 0.0, 0.0, 0.0, 0.0, 0.0], [0.0, 0.0, 0.0, 0.0, 0.0006273525721455458, 0.0, 0.0006273525721455458, 0.0018820577164366374, 0.006273525721455458, 0.014429109159347553, 0.031994981179422836, 0.04140526976160602, 0.08845671267252196, 0.10853199498117942, 0.12923462986198245, 0.14366373902132998, 0.14429109159347553, 0.08845671267252196, 0.07151819322459223, 0.045796737766624844, 0.029485570890840654, 0.029485570890840654, 0.01191969887076537, 0.0037641154328732747, 0.006900878293601004, 0.0012547051442910915, 0.0, 0.0, 0.0, 0.0, 0.0, 0.0], [0.0, 0.0, 0.0, 0.0, 0.0, 0.0012249897917517355, 0.0004083299305839118, 0.002449979583503471, 0.0028583095140873828, 0.006533278889342589, 0.011433238056349531, 0.024091465904450795, 0.0379746835443038, 0.05839118007349939, 0.09064924458962842, 0.11514904042466313, 0.15802368313597387, 0.09514087382605145, 0.1416904859126174, 0.07676602694977541, 0.04818293180890159, 0.06737443854634545, 0.028174765210289915, 0.01347488770926909, 0.014699877501020826, 0.00449162923642303, 0.0008166598611678236, 0.0, 0.0, 0.0, 0.0, 0.0], [0.0, 0.0, 0.0, 0.0, 0.00022920009168003668, 0.0, 0.0006876002750401101, 0.0027504011001604402, 0.0045840018336007335, 0.010543204217281686, 0.01925280770112308, 0.04538161815264726, 0.07724043089617236, 0.11597524639009855, 0.13545725418290167, 0.12445564978225991, 0.13224845289938117, 0.08526243410497364, 0.10772404308961724, 0.049048819619527846, 0.027733211093284436, 0.032775613110245246, 0.01512720605088242, 0.005271602108640843, 0.007334402933761174, 0.0009168003667201467, 0.0, 0.0, 0.0, 0.0, 0.0, 0.0], [0.0, 0.0, 0.0001680672268907563, 0.0, 0.0001680672268907563, 0.0001680672268907563, 0.0010084033613445378, 0.0018487394957983194, 0.00453781512605042, 0.012773109243697478, 0.026050420168067228, 0.04672268907563025, 0.08453781512605042, 0.12100840336134454, 0.15781512605042017, 0.14168067226890757, 0.13983193277310924, 0.07159663865546219, 0.09831932773109243, 0.03260504201680672, 0.019831932773109243, 0.023025210084033614, 0.0067226890756302525, 0.0033613445378151263, 0.003865546218487395, 0.002352941176470588, 0.0, 0.0, 0.0, 0.0, 0.0, 0.0], [0.0, 0.0, 0.0, 0.0, 0.0, 0.0001926782273603083, 0.0009633911368015414, 0.0011560693641618498, 0.004431599229287091, 0.01001926782273603, 0.017341040462427744, 0.038535645472061654, 0.06493256262042389, 0.10963391136801541, 0.13660886319845858, 0.15626204238921002, 0.16705202312138728, 0.08940269749518305, 0.1142581888246628, 0.03391136801541426, 0.020809248554913295, 0.023314065510597302, 0.005009633911368015, 0.0017341040462427746, 0.0032755298651252407, 0.0011560693641618498, 0.0, 0.0, 0.0, 0.0, 0.0, 0.0], [0.0, 0.013333333333333334, 0.0, 0.0, 0.013333333333333334, 0.04, 0.05333333333333334, 0.05333333333333334, 0.14666666666666667, 0.09333333333333334, 0.09333333333333334, 0.02666666666666667, 0.06666666666666667, 0.04, 0.09333333333333334, 0.08, 0.013333333333333334, 0.10666666666666667, 0.05333333333333334, 0.0, 0.013333333333333334, 0.0, 0.0, 0.0, 0.0, 0.0, 0.0, 0.0, 0.0, 0.0, 0.0, 0.0]]}, "ranks": {"labels": ["Unranked", "Combatatent I", "Combatatent II", "Challenger I", "Challenger II", "Rival I", "Rival II", "Duelist", "Elite"], "data": [[0.21978021978021978, 0.21978021978021978, 0.24175824175824176, 0.17582417582417584, 0.06593406593406594, 0.07692307692307693, 0.0, 0.0, 0.0], [0.07904761904761905, 0.12571428571428572, 0.21904761904761905, 0.2619047619047619, 0.17523809523809525, 0.08952380952380952, 0.021904761904761906, 0.025714285714285714, 0.0019047619047619048], [0.036685369011653, 0.06776003452740613, 0.16486836426413465, 0.24169184290030213, 0.2300388433318947, 0.15494173500215797, 0.04833836858006042, 0.045317220543806644, 0.010358221838584376], [0.04834996162701458, 0.07904834996162702, 0.17114351496546432, 0.25326170376055257, 0.24379636735738042, 0.12970069071373752, 0.034791506779227425, 0.034791506779227425, 0.005116398055768739], [0.25, 0.19444444444444445, 0.1388888888888889, 0.0, 0.1111111111111111, 0.1388888888888889, 0.05555555555555555, 0.1111111111111111, 0.0], [0.024694009018681556, 0.060339274210865365, 0.15975950182520937, 0.2417865578698733, 0.24393386300193257, 0.13764225896499893, 0.0517500536826283, 0.06527807601460167, 0.014816405411208933], [0.08199753390875462, 0.13933415536374846, 0.23921085080147966, 0.2318125770653514, 0.15844636251541308, 0.07090012330456227, 0.028976572133168926, 0.036991368680641186, 0.012330456226880395], [0.45054945054945056, 0.21978021978021978, 0.1978021978021978, 0.07692307692307693, 0.04395604395604396, 0.01098901098901099, 0.0, 0.0, 0.0], [0.11130703107780472, 0.17081772096098743, 0.2457571082212916, 0.21269561384174565, 0.12849900815516863, 0.06347806920872824, 0.03151862464183381, 0.03350231430460657, 0.00242450958783337], [0.05386666666666667, 0.08906666666666667, 0.192, 0.25226666666666664, 0.23573333333333332, 0.11093333333333333, 0.029866666666666666, 0.03306666666666667, 0.0032], [0.08229098090849243, 0.1747860434496379, 0.23271889400921658, 0.24028966425279788, 0.1458196181698486, 0.06912442396313365, 0.025016458196181698, 0.026662277814351546, 0.0032916392363396972], [0.042559613643223665, 0.09025052822215515, 0.1741623905825536, 0.2619981889526109, 0.23754904920012074, 0.1216420162994265, 0.033202535466344704, 0.034108059160881374, 0.004527618472683369], [0.06475458308693081, 0.13098758131283264, 0.2247191011235955, 0.2625665286812537, 0.1788882318154938, 0.0830869308101715, 0.028681253696037846, 0.02069781194559432, 0.0056179775280898875], [0.010323791647114031, 0.05114969497888315, 0.1379633974659784, 0.23650868137024872, 0.28390427029563586, 0.16001877053026747, 0.058188643829188175, 0.05161895823557015, 0.010323791647114031], [0.07513416815742398, 0.148479427549195, 0.23613595706618962, 0.2039355992844365, 0.1735241502683363, 0.07513416815742398, 0.04830053667262969, 0.025044722719141325, 0.014311270125223614], [0.04108527131782946, 0.08527131782945736, 0.18992248062015504, 0.2779069767441861, 0.2178294573643411, 0.11124031007751937, 0.03604651162790698, 0.034496124031007755, 0.006201550387596899], [0.05761904761904762, 0.13047619047619047, 0.22857142857142856, 0.24857142857142858, 0.18619047619047618, 0.0980952380952381, 0.022857142857142857, 0.022857142857142857, 0.004761904761904762], [0.21739130434782608, 0.17391304347826086, 0.21739130434782608, 0.13043478260869565, 0.13043478260869565, 0.043478260869565216, 0.08695652173913043, 0.0, 0.0], [0.020837467751538004, 0.05715419726136138, 0.1502282198848978, 0.24429450287755508, 0.24806509228021434, 0.14149632863663425, 0.06290930740226236, 0.06965667791228418, 0.00535820599325263], [0.01855779427359491, 0.06203605514316013, 0.14103923647932132, 0.24973488865323437, 0.25291622481442205, 0.15164369034994699, 0.04294803817603393, 0.059915164369035, 0.021208907741251327], [0.0629746835443038, 0.12879746835443037, 0.20632911392405062, 0.25126582278481013, 0.1889240506329114, 0.09525316455696202, 0.030379746835443037, 0.03291139240506329, 0.0031645569620253164], [0.03257328990228013, 0.05211726384364821, 0.24429967426710097, 0.2931596091205212, 0.28013029315960913, 0.0781758957654723, 0.019543973941368076, 0.0, 0.0], [0.01971457996174783, 0.0532587906429307, 0.13697219361483007, 0.25364131234368104, 0.26055612770339853, 0.16610269236427835, 0.05046343975283213, 0.05134618213917905, 0.00794468147712226], [0.017054810632792284, 0.05504587155963303, 0.1867795812749941, 0.3149847094801223, 0.2535873912020701, 0.1170312867560574, 0.03610915078804987, 0.018819101387908727, 0.0005880969183721477], [0.03529839883551674, 0.0913391557496361, 0.19868995633187772, 0.23871906841339155, 0.2321688500727802, 0.11208151382823872, 0.05021834061135371, 0.03893740902474527, 0.002547307132459971], [0.01263823064770932, 0.04397051079515534, 0.12848867825171142, 0.2340705634544497, 0.24407582938388625, 0.17509215376513954, 0.06582411795681938, 0.07767245918904686, 0.018167456556082148], [0.11410018552875696, 0.16975881261595546, 0.21614100185528756, 0.23933209647495363, 0.14007421150278293, 0.07699443413729128, 0.02040816326530612, 0.021335807050092765, 0.0018552875695732839], [0.15862068965517243, 0.20344827586206896, 0.18620689655172415, 0.22413793103448276, 0.15517241379310345, 0.05862068965517241, 0.0034482758620689655, 0.010344827586206896, 0.0], [0.06369426751592357, 0.12074217668235945, 0.22763777346995293, 0.26557740238161176, 0.17751315425090003, 0.08141788978122404, 0.028523954583217947, 0.031016338964275823, 0.003877042370534478], [0.028372591006423982, 0.06852248394004283, 0.14400428265524626, 0.2398286937901499, 0.2328693790149893, 0.13383297644539616, 0.056745182012847964, 0.07066381156316917, 0.025160599571734475], [0.021781408012446518, 0.05912096460521198, 0.1781408012446519, 0.2749902761571373, 0.22442629327110075, 0.14041229093737845, 0.048230260598988724, 0.045896538311940877, 0.007001166861143524], [0.04198724994504287, 0.10507803912947901, 0.21763024840624312, 0.2563200703451308, 0.2136733347988569, 0.09782369751593757, 0.03605187953396351, 0.03011650912288415, 0.0013189712024620796], [0.02383939774153074, 0.07340025094102885, 0.19698870765370138, 0.2728983688833124, 0.2327478042659975, 0.09473023839397741, 0.052070263488080304, 0.0451693851944793, 0.008155583437892095], [0.01347488770926909, 0.035524703960800326, 0.09636586361780318, 0.20579828501429154, 0.25316455696202533, 0.18660677827684768, 0.08003266639444671, 0.10902409146590446, 0.02000816659861168], [0.01879440751776301, 0.06463442585377034, 0.19321567728627093, 0.2599129039651616, 0.2175108870043548, 0.13431125372450148, 0.05019482007792803, 0.053174421269768506, 0.00825120330048132], [0.020672268907563025, 0.07277310924369748, 0.20554621848739496, 0.2994957983193277, 0.21142857142857144, 0.11630252100840337, 0.034453781512605045, 0.033109243697478995, 0.006218487394957983], [0.01676300578034682, 0.055876685934489405, 0.1745664739884393, 0.2928709055876686, 0.2564547206165703, 0.13333333333333333, 0.03564547206165703, 0.03005780346820809, 0.004431599229287091], [0.41333333333333333, 0.12, 0.10666666666666667, 0.17333333333333334, 0.12, 0.05333333333333334, 0.013333333333333334, 0.0, 0.0]]}, "ranksDetailed": {"labels": ["Unranked", "Combatatant", "Challenger", "Rival", "Duelist", "Elite"], "data": [[0.21978021978021978, 0.46153846153846156, 0.24175824175824176, 0.07692307692307693, 0.0, 0.0], [0.07904761904761905, 0.34476190476190477, 0.43714285714285717, 0.11142857142857143, 0.025714285714285714, 0.0019047619047619048], [0.036685369011653, 0.2326283987915408, 0.4717306862321968, 0.20328010358221837, 0.045317220543806644, 0.010358221838584376], [0.04834996162701458, 0.25019186492709133, 0.497058071117933, 0.16449219749296495, 0.034791506779227425, 0.005116398055768739], [0.25, 0.3333333333333333, 0.1111111111111111, 0.19444444444444445, 0.1111111111111111, 0.0], [0.024694009018681556, 0.22009877603607472, 0.4857204208718059, 0.18939231264762724, 0.06527807601460167, 0.014816405411208933], [0.08199753390875462, 0.3785450061652281, 0.39025893958076446, 0.0998766954377312, 0.036991368680641186, 0.012330456226880395], [0.45054945054945056, 0.4175824175824176, 0.12087912087912088, 0.01098901098901099, 0.0, 0.0], [0.11130703107780472, 0.41657482918227906, 0.34119462199691425, 0.09499669385056204, 0.03350231430460657, 0.00242450958783337], [0.05386666666666667, 0.2810666666666667, 0.488, 0.1408, 0.03306666666666667, 0.0032], [0.08229098090849243, 0.4075049374588545, 0.38610928242264647, 0.09414088215931533, 0.026662277814351546, 0.0032916392363396972], [0.042559613643223665, 0.26441291880470874, 0.49954723815273167, 0.1548445517657712, 0.034108059160881374, 0.004527618472683369], [0.06475458308693081, 0.35570668243642817, 0.4414547604967475, 0.11176818450620934, 0.02069781194559432, 0.0056179775280898875], [0.010323791647114031, 0.18911309244486157, 0.5204129516658845, 0.21820741435945565, 0.05161895823557015, 0.010323791647114031], [0.07513416815742398, 0.38461538461538464, 0.3774597495527728, 0.12343470483005367, 0.025044722719141325, 0.014311270125223614], [0.04108527131782946, 0.2751937984496124, 0.49573643410852714, 0.14728682170542637, 0.034496124031007755, 0.006201550387596899], [0.05761904761904762, 0.35904761904761906, 0.43476190476190474, 0.12095238095238095, 0.022857142857142857, 0.004761904761904762], [0.21739130434782608, 0.391304347826087, 0.2608695652173913, 0.13043478260869565, 0.0, 0.0], [0.020837467751538004, 0.20738241714625918, 0.4923595951577694, 0.2044056360388966, 0.06965667791228418, 0.00535820599325263], [0.01855779427359491, 0.20307529162248145, 0.5026511134676565, 0.19459172852598092, 0.059915164369035, 0.021208907741251327], [0.0629746835443038, 0.335126582278481, 0.44018987341772153, 0.12563291139240507, 0.03291139240506329, 0.0031645569620253164], [0.03257328990228013, 0.2964169381107492, 0.5732899022801303, 0.09771986970684039, 0.0, 0.0], [0.01971457996174783, 0.19023098425776078, 0.5141974400470796, 0.21656613211711048, 0.05134618213917905, 0.00794468147712226], [0.017054810632792284, 0.24182545283462714, 0.5685721006821924, 0.15314043754410728, 0.018819101387908727, 0.0005880969183721477], [0.03529839883551674, 0.29002911208151383, 0.4708879184861718, 0.16229985443959244, 0.03893740902474527, 0.002547307132459971], [0.01263823064770932, 0.17245918904686677, 0.478146392838336, 0.24091627172195892, 0.07767245918904686, 0.018167456556082148], [0.11410018552875696, 0.38589981447124305, 0.37940630797773656, 0.09740259740259741, 0.021335807050092765, 0.0018552875695732839], [0.15862068965517243, 0.3896551724137931, 0.3793103448275862, 0.06206896551724138, 0.010344827586206896, 0.0], [0.06369426751592357, 0.3483799501523124, 0.4430905566325118, 0.10994184436444199, 0.031016338964275823, 0.003877042370534478], [0.028372591006423982, 0.21252676659528907, 0.4726980728051392, 0.1905781584582441, 0.07066381156316917, 0.025160599571734475], [0.021781408012446518, 0.23726176584986386, 0.49941656942823803, 0.18864255153636716, 0.045896538311940877, 0.007001166861143524], [0.04198724994504287, 0.3227082875357221, 0.4699934051439877, 0.13387557704990108, 0.03011650912288415, 0.0013189712024620796], [0.02383939774153074, 0.2703889585947302, 0.5056461731493099, 0.1468005018820577, 0.0451693851944793, 0.008155583437892095], [0.01347488770926909, 0.1318905675786035, 0.45896284197631687, 0.2666394446712944, 0.10902409146590446, 0.02000816659861168], [0.01879440751776301, 0.25785010314004125, 0.47742379096951637, 0.18450607380242953, 0.053174421269768506, 0.00825120330048132], [0.020672268907563025, 0.2783193277310924, 0.5109243697478991, 0.1507563025210084, 0.033109243697478995, 0.006218487394957983], [0.01676300578034682, 0.23044315992292871, 0.549325626204239, 0.16897880539499036, 0.03005780346820809, 0.004431599229287091], [0.41333333333333333, 0.22666666666666666, 0.29333333333333333, 0.06666666666666667, 0.0, 0.0]]}}}, "eu": {"histType": {"histogram": {"labels": ["0", "100", "200", "300", "400", "500", "600", "700", "800", "900", "1000", "1100", "1200", "1300", "1400", "1500", "1600", "1700", "1800", "1900", "2000", "2100", "2200", "2300", "2400", "2500", "2600", "2700", "2800", "2900", "3000", "3100"], "data": [[0.0, 0.0, 0.0, 0.0, 0.0, 0.014285714285714285, 0.04285714285714286, 0.04285714285714286, 0.07142857142857142, 0.08571428571428572, 0.07142857142857142, 0.11428571428571428, 0.11428571428571428, 0.12857142857142856, 0.05714285714285714, 0.07142857142857142, 0.07142857142857142, 0.05714285714285714, 0.04285714285714286, 0.0, 0.0, 0.0, 0.014285714285714285, 0.0, 0.0, 0.0, 0.0, 0.0, 0.0, 0.0, 0.0, 0.0], [0.0010162601626016261, 0.0, 0.0, 0.0010162601626016261, 0.0020325203252032522, 0.003048780487804878, 0.006097560975609756, 0.007113821138211382, 0.026422764227642278, 0.03556910569105691, 0.059959349593495935, 0.0975609756097561, 0.10365853658536585, 0.13109756097560976, 0.1402439024390244, 0.11788617886178862, 0.10060975609756098, 0.051829268292682924, 0.059959349593495935, 0.024390243902439025, 0.009146341463414634, 0.014227642276422764, 0.006097560975609756, 0.0010162601626016261, 0.0, 0.0, 0.0, 0.0, 0.0, 0.0, 0.0, 0.0], [0.0, 0.0, 0.0, 0.0, 0.0004975124378109452, 0.0009950248756218905, 0.0014925373134328358, 0.005472636815920398, 0.014925373134328358, 0.020398009950248756, 0.038308457711442784, 0.05472636815920398, 0.08159203980099503, 0.10248756218905472, 0.1253731343283582, 0.12338308457711443, 0.1517412935323383, 0.08009950248756219, 0.10248756218905472, 0.03134328358208955, 0.023880597014925373, 0.022885572139303482, 0.006467661691542288, 0.007462686567164179, 0.003980099502487562, 0.0, 0.0, 0.0, 0.0, 0.0, 0.0, 0.0], [0.0, 0.0, 0.0, 0.00022675736961451248, 0.00045351473922902497, 0.00022675736961451248, 0.0018140589569160999, 0.007029478458049887, 0.010657596371882086, 0.018820861678004536, 0.037868480725623585, 0.04852607709750567, 0.07505668934240363, 0.09183673469387756, 0.12335600907029479, 0.12970521541950114, 0.14988662131519273, 0.10158730158730159, 0.09977324263038549, 0.04580498866213152, 0.019501133786848073, 0.020861678004535148, 0.006575963718820862, 0.004308390022675737, 0.0045351473922902496, 0.0011337868480725624, 0.00045351473922902497, 0.0, 0.0, 0.0, 0.0, 0.0], [0.0, 0.0, 0.0, 0.0, 0.0, 0.0, 0.05263157894736842, 0.07894736842105263, 0.10526315789473684, 0.02631578947368421, 0.13157894736842105, 0.13157894736842105, 0.0, 0.05263157894736842, 0.13157894736842105, 0.05263157894736842, 0.07894736842105263, 0.05263157894736842, 0.02631578947368421, 0.05263157894736842, 0.0, 0.0, 0.0, 0.0, 0.0, 0.02631578947368421, 0.0, 0.0, 0.0, 0.0, 0.0, 0.0], [0.0, 0.00042069835927639884, 0.00021034917963819942, 0.00021034917963819942, 0.0006310475389145982, 0.00042069835927639884, 0.00042069835927639884, 0.00357593605384939, 0.005048380311316786, 0.011779554059739168, 0.02440050483803113, 0.034707614640302906, 0.06037021455616323, 0.09760201935212452, 0.11337820782498949, 0.1070677324358435, 0.1348338241480858, 0.09760201935212452, 0.11611274716028608, 0.061421960454354226, 0.037442153975599496, 0.044383676903660074, 0.02187631468237274, 0.00715187210769878, 0.010096760622633571, 0.004627681952040387, 0.00357593605384939, 0.0006310475389145982, 0.0, 0.0, 0.0, 0.0], [0.0, 0.0, 0.0011025358324145535, 0.0016538037486218302, 0.0011025358324145535, 0.0033076074972436605, 0.003858875413450937, 0.013781697905181918, 0.03362734288864388, 0.03583241455347299, 0.06945975744211687, 0.07662624035281147, 0.10529217199558985, 0.11576626240352811, 0.1063947078280044, 0.10363836824696802, 0.09536934950385888, 0.05898566703417861, 0.05733186328555678, 0.03031973539140022, 0.016538037486218304, 0.028114663726571114, 0.015435501653803748, 0.009371554575523704, 0.008269018743109152, 0.003858875413450937, 0.004961411245865491, 0.0, 0.0, 0.0, 0.0, 0.0], [0.0, 0.0, 0.0, 0.0, 0.016666666666666666, 0.016666666666666666, 0.016666666666666666, 0.13333333333333333, 0.08333333333333333, 0.06666666666666667, 0.1, 0.11666666666666667, 0.08333333333333333, 0.08333333333333333, 0.05, 0.11666666666666667, 0.06666666666666667, 0.05, 0.0, 0.0, 0.0, 0.0, 0.0, 0.0, 0.0, 0.0, 0.0, 0.0, 0.0, 0.0, 0.0, 0.0], [0.00043196544276457883, 0.00021598272138228941, 0.0008639308855291577, 0.0010799136069114472, 0.0006479481641468683, 0.0019438444924406047, 0.006695464362850972, 0.015982721382289417, 0.0326133909287257, 0.049244060475161985, 0.0814254859611231, 0.09460043196544277, 0.1265658747300216, 0.12095032397408208, 0.10496760259179265, 0.09028077753779698, 0.08401727861771058, 0.05053995680345572, 0.047516198704103674, 0.028941684665226782, 0.0224622030237581, 0.017710583153347732, 0.009935205183585313, 0.005615550755939525, 0.00367170626349892, 0.0010799136069114472, 0.0, 0.0, 0.0, 0.0, 0.0, 0.0], [0.0, 0.0, 0.0, 0.0, 0.0, 0.0013736263736263737, 0.0013736263736263737, 0.006868131868131868, 0.012362637362637362, 0.022664835164835164, 0.046703296703296704, 0.05151098901098901, 0.07280219780219781, 0.11469780219780219, 0.13598901098901098, 0.11950549450549451, 0.14697802197802198, 0.07142857142857142, 0.0989010989010989, 0.030906593406593408, 0.023351648351648352, 0.024725274725274724, 0.009615384615384616, 0.0027472527472527475, 0.003434065934065934, 0.0020604395604395605, 0.0, 0.0, 0.0, 0.0, 0.0, 0.0], [0.0004051863857374392, 0.0, 0.0, 0.0, 0.0012155591572123178, 0.002025931928687196, 0.0024311183144246355, 0.011750405186385737, 0.027552674230145867, 0.04173419773095624, 0.06685575364667747, 0.08833063209076175, 0.11912479740680713, 0.12115072933549433, 0.11993517017828201, 0.09764991896272285, 0.08752025931928688, 0.05915721231766612, 0.060777957860615885, 0.033630470016207455, 0.018638573743922204, 0.018638573743922204, 0.012155591572123177, 0.004051863857374392, 0.0028363047001620746, 0.0024311183144246355, 0.0, 0.0, 0.0, 0.0, 0.0, 0.0], [0.0, 0.0, 0.0, 0.0006523157208088715, 0.00032615786040443573, 0.0009784735812133072, 0.001304631441617743, 0.004892367906066536, 0.014024787997390736, 0.027723418134377037, 0.03489889106327462, 0.05055446836268754, 0.08056099151989563, 0.09556425309849967, 0.11480756686236138, 0.12361382909328114, 0.14122635355512067, 0.09328114807566862, 0.10339204174820613, 0.046966731898238745, 0.01989562948467058, 0.025440313111545987, 0.010763209393346379, 0.0019569471624266144, 0.0045662100456621, 0.0016307893020221786, 0.00032615786040443573, 0.00032615786040443573, 0.0, 0.0, 0.00032615786040443573, 0.0], [0.0, 0.0, 0.0003687315634218289, 0.0011061946902654867, 0.0007374631268436578, 0.0007374631268436578, 0.0025811209439528023, 0.011061946902654867, 0.018805309734513276, 0.032079646017699116, 0.05530973451327434, 0.07558997050147492, 0.10766961651917405, 0.11836283185840708, 0.13089970501474926, 0.11836283185840708, 0.10693215339233038, 0.07300884955752213, 0.06563421828908554, 0.029498525073746312, 0.01696165191740413, 0.01696165191740413, 0.007743362831858407, 0.0022123893805309734, 0.004056047197640118, 0.0022123893805309734, 0.0011061946902654867, 0.0, 0.0, 0.0, 0.0, 0.0], [0.0, 0.0, 0.0, 0.0, 0.0, 0.0004297378599054577, 0.0008594757198109154, 0.001289213579716373, 0.004727116458960034, 0.009883970777825527, 0.01675977653631285, 0.02750322303394929, 0.05801461108723679, 0.07864202836269875, 0.11989686291362268, 0.1379458530296519, 0.16072195960464117, 0.11731843575418995, 0.10614525139664804, 0.05844434894714224, 0.034808766652342074, 0.03738719381177482, 0.01289213579716373, 0.008165019338203695, 0.00558659217877095, 0.0017189514396218307, 0.0004297378599054577, 0.0004297378599054577, 0.0, 0.0, 0.0, 0.0], [0.0, 0.0, 0.002127659574468085, 0.0, 0.0, 0.002127659574468085, 0.00851063829787234, 0.010638297872340425, 0.023404255319148935, 0.0425531914893617, 0.06382978723404255, 0.07234042553191489, 0.08297872340425531, 0.12127659574468085, 0.11702127659574468, 0.07872340425531915, 0.10851063829787234, 0.0851063829787234, 0.07659574468085106, 0.031914893617021274, 0.019148936170212766, 0.014893617021276596, 0.00851063829787234, 0.006382978723404255, 0.02127659574468085, 0.002127659574468085, 0.0, 0.0, 0.0, 0.0, 0.0, 0.0], [0.0, 0.0, 0.0, 0.0003742514970059