{"region": {"us": {"histType": {"histogram": {"labels": ["0", "100", "200", "300", "400", "500", "600", "700", "800", "900", "1000", "1100", "1200", "1300", "1400", "1500", "1600", "1700", "1800", "1900", "2000", "2100", "2200", "2300", "2400", "2500", "2600", "2700", "2800", "2900", "3000"], "data": [[0.0, 0.0, 0.003745318352059925, 0.003745318352059925, 0.0, 0.0149812734082397, 0.018726591760299626, 0.0149812734082397, 0.04119850187265917, 0.033707865168539325, 0.06741573033707865, 0.0898876404494382, 0.07865168539325842, 0.10861423220973783, 0.11235955056179775, 0.10112359550561797, 0.08239700374531835, 0.07116104868913857, 0.04868913857677903, 0.056179775280898875, 0.0149812734082397, 0.011235955056179775, 0.026217228464419477, 0.0, 0.0, 0.0, 0.0, 0.0, 0.0, 0.0, 0.0], [0.0, 0.0009246417013407304, 0.0, 0.0004623208506703652, 0.0009246417013407304, 0.0013869625520110957, 0.005547850208044383, 0.01155802126675913, 0.011095700416088766, 0.022191400832177532, 0.036523347202958856, 0.04946833102172908, 0.06981044845122515, 0.07489597780859916, 0.11049468331021729, 0.1289875173370319, 0.1539528432732316, 0.08552935737401757, 0.12991215903837264, 0.042071197411003236, 0.024040684234858993, 0.016643550624133148, 0.007397133610725843, 0.005085529357374018, 0.0036985668053629217, 0.0036985668053629217, 0.0036985668053629217, 0.0, 0.0, 0.0, 0.0], [0.00014547570555717196, 0.0, 0.0, 0.0002909514111143439, 0.0002909514111143439, 0.0002909514111143439, 0.0002909514111143439, 0.0007273785277858597, 0.003927844050043643, 0.004800698283386674, 0.009164969450101833, 0.013529240616816991, 0.021821355833575792, 0.033750363689263894, 0.0503345941227815, 0.07812045388420134, 0.13471050334594123, 0.10707011929007856, 0.2458539423916206, 0.0845213849287169, 0.05324410823392493, 0.07593831830084376, 0.02313063718359034, 0.016875181844631947, 0.024585394239162058, 0.007273785277858598, 0.004655222577829503, 0.003054989816700611, 0.0014547570555717194, 0.00014547570555717196, 0.0], [0.0, 0.0, 0.0, 0.0, 0.00013344008540165466, 0.0002668801708033093, 0.0017347211102215106, 0.0026688017080330933, 0.006538564184681078, 0.0114758473445423, 0.01894849212703496, 0.02175073392046971, 0.04043234587670136, 0.05684547638110488, 0.08113157192420603, 0.11742727515345609, 0.16026154256738726, 0.11355751267680811, 0.17493995196156925, 0.07099012543368027, 0.04350146784093942, 0.04723779023218575, 0.012276487856952229, 0.0053376034160661865, 0.007872965038697624, 0.0021350413664264745, 0.0016012810248198558, 0.0008006405124099279, 0.00013344008540165466, 0.0, 0.0], [0.0, 0.0, 0.0, 0.0, 0.010101010101010102, 0.0, 0.0, 0.04040404040404041, 0.030303030303030304, 0.06060606060606061, 0.050505050505050504, 0.0707070707070707, 0.08080808080808081, 0.12121212121212122, 0.0707070707070707, 0.0707070707070707, 0.06060606060606061, 0.08080808080808081, 0.08080808080808081, 0.08080808080808081, 0.020202020202020204, 0.06060606060606061, 0.0, 0.010101010101010102, 0.0, 0.0, 0.0, 0.0, 0.0, 0.0, 0.0], [0.0, 0.0, 0.0, 0.0, 0.0, 0.0002710761724044456, 0.0, 0.0018975332068311196, 0.0017619951206288968, 0.007319056654920032, 0.012333965844402278, 0.021279479533748983, 0.03537544049878016, 0.06194090539441583, 0.09135267010029818, 0.12618595825426945, 0.15668202764976957, 0.10897262130658715, 0.1527514231499051, 0.06641366223908918, 0.03944158308484684, 0.05326646787747357, 0.020195174844131202, 0.009894280292762266, 0.0172133369476823, 0.006099213879100027, 0.004608294930875576, 0.0033884521550555705, 0.0013553808620222283, 0.0, 0.0], [0.0, 0.0, 0.0002961208172934557, 0.0017767249037607344, 0.0017767249037607344, 0.002961208172934557, 0.004441812259401836, 0.00829138288421676, 0.019543973941368076, 0.028723719277465205, 0.041456914421083804, 0.047675451584246374, 0.07284572105419011, 0.08972460763991709, 0.1217056559076103, 0.12733195143618598, 0.12673970980159904, 0.08202546639028724, 0.09209357417826473, 0.03731122297897542, 0.02220906129700918, 0.02487414865265028, 0.009771986970684038, 0.007403020432336393, 0.011252591057151318, 0.0071068996150429374, 0.005922416345869114, 0.003257328990228013, 0.0014806040864672786, 0.0, 0.0], [0.003745318352059925, 0.0, 0.003745318352059925, 0.011235955056179775, 0.003745318352059925, 0.0149812734082397, 0.018726591760299626, 0.052434456928838954, 0.056179775280898875, 0.10861423220973783, 0.09737827715355805, 0.10112359550561797, 0.11610486891385768, 0.09363295880149813, 0.06367041198501873, 0.06741573033707865, 0.052434456928838954, 0.026217228464419477, 0.033707865168539325, 0.0299625468164794, 0.026217228464419477, 0.018726591760299626, 0.0, 0.0, 0.0, 0.0, 0.0, 0.0, 0.0, 0.0, 0.0], [0.00033467202141900936, 0.00022311468094600624, 0.0005577867023650157, 0.0007809013833110219, 0.0006693440428380187, 0.00178491744756805, 0.0018964747880410532, 0.005912539045069166, 0.01104417670682731, 0.022980812137438644, 0.039045069165551095, 0.05622489959839357, 0.07184292726461401, 0.08344489067380634, 0.10742971887550201, 0.1287371709058456, 0.12639446675591254, 0.07630522088353414, 0.09248103525211959, 0.04964301651048639, 0.03435966086568496, 0.0321285140562249, 0.017737617135207495, 0.010821062025881303, 0.016175814368585454, 0.006135653726015172, 0.0039045069165551094, 0.001004016064257028, 0.0, 0.0, 0.0], [0.0, 0.0, 0.0, 0.0, 0.0004761904761904762, 0.0004761904761904762, 0.0004761904761904762, 0.0004761904761904762, 0.0019047619047619048, 0.005238095238095238, 0.008571428571428572, 0.007619047619047619, 0.009523809523809525, 0.025238095238095237, 0.047619047619047616, 0.07047619047619047, 0.08904761904761904, 0.09714285714285714, 0.1819047619047619, 0.08047619047619048, 0.08238095238095237, 0.11428571428571428, 0.048095238095238094, 0.023333333333333334, 0.06190476190476191, 0.015714285714285715, 0.009523809523809525, 0.012857142857142857, 0.005238095238095238, 0.0, 0.0], [0.0, 0.0, 0.0006966213862765587, 0.0, 0.0024381748519679554, 0.0006966213862765587, 0.004528039010797631, 0.0041797283176593526, 0.012539184952978056, 0.018808777429467086, 0.03134796238244514, 0.03761755485893417, 0.06339254615116684, 0.07802159526297457, 0.09961685823754789, 0.11738070358760014, 0.1452455590386625, 0.09787530477185649, 0.13862765586903517, 0.04946011842563567, 0.0320445837687217, 0.029954719609892023, 0.01079763148728666, 0.008011145942180425, 0.007662835249042145, 0.004528039010797631, 0.0034831069313827935, 0.0010449320794148381, 0.0, 0.0, 0.0], [0.0, 0.0, 0.0007836990595611285, 0.0005877742946708464, 0.0009796238244514106, 0.0021551724137931034, 0.004702194357366771, 0.008620689655172414, 0.01567398119122257, 0.02586206896551724, 0.05505485893416928, 0.06935736677115988, 0.09384796238244514, 0.10129310344827586, 0.1371473354231975, 0.13303291536050157, 0.12284482758620689, 0.0679858934169279, 0.07072884012539185, 0.03467868338557994, 0.017829153605015673, 0.01841692789968652, 0.008032915360501568, 0.003134796238244514, 0.003918495297805642, 0.00274294670846395, 0.0005877742946708464, 0.0, 0.0, 0.0, 0.0], [0.0, 0.0, 0.0, 0.0, 0.0003639672429481347, 0.0007279344858962694, 0.00272975432211101, 0.003457688808007279, 0.007279344858962694, 0.010373066424021839, 0.0267515923566879, 0.040036396724294813, 0.05568698817106461, 0.0696997270245678, 0.11264786169244768, 0.11355777979981801, 0.14940855323020927, 0.10191082802547771, 0.14467697907188354, 0.056232939035486804, 0.03148316651501365, 0.03475887170154686, 0.012010919017288443, 0.009099181073703366, 0.010555050045495906, 0.003275705186533212, 0.002001819836214741, 0.0012738853503184713, 0.0, 0.0, 0.0], [0.00025546046749265553, 0.0, 0.0, 0.00012773023374632777, 0.00025546046749265553, 0.00038319070123898327, 0.0017882232724485887, 0.002682334908672883, 0.005492400051092094, 0.015710818750798314, 0.024779665346787584, 0.03218801890407459, 0.04266189807127347, 0.06041640056201303, 0.08800613105121982, 0.11981095925405544, 0.152382168859369, 0.10410014050325712, 0.14867799208072552, 0.0694852471580023, 0.04100140503257121, 0.04253416783752714, 0.016860390854515264, 0.006514241921062715, 0.011495721037169499, 0.004342827947375144, 0.0029377953761655384, 0.0033209860774045218, 0.001532762804955933, 0.00025546046749265553, 0.0], [0.0, 0.0, 0.00025393600812595224, 0.0, 0.0005078720162519045, 0.0005078720162519045, 0.0007618080243778568, 0.001015744032503809, 0.003301168105637379, 0.004062976130015236, 0.012950736414423566, 0.017521584560690705, 0.03961401726764855, 0.05205688166582021, 0.07998984255967496, 0.1122397155916709, 0.15947181310309802, 0.11630269172168614, 0.16632808532249874, 0.0782122905027933, 0.05180294565769426, 0.046724225495175215, 0.021076688674454037, 0.01142712036566785, 0.013712544438801422, 0.005078720162519045, 0.0015236160487557136, 0.0017775520568816658, 0.0017775520568816658, 0.0, 0.0], [0.0, 0.0, 0.0, 0.0004662004662004662, 0.0009324009324009324, 0.0013986013986013986, 0.0009324009324009324, 0.005594405594405594, 0.010256410256410256, 0.015850815850815853, 0.020512820512820513, 0.03496503496503497, 0.05268065268065268, 0.06853146853146853, 0.08624708624708624, 0.11561771561771562, 0.13146853146853146, 0.10536130536130536, 0.11328671328671329, 0.06526806526806526, 0.05128205128205128, 0.0386946386946387, 0.02703962703962704, 0.012121212121212121, 0.01724941724941725, 0.009324009324009324, 0.005594405594405594, 0.004195804195804196, 0.005128205128205128, 0.0, 0.0], [0.0002405002405002405, 0.0, 0.000481000481000481, 0.000481000481000481, 0.000481000481000481, 0.0012025012025012026, 0.002405002405002405, 0.004329004329004329, 0.007696007696007696, 0.01418951418951419, 0.024531024531024532, 0.04353054353054353, 0.06878306878306878, 0.08297258297258298, 0.11471861471861472, 0.13323713323713324, 0.13516113516113515, 0.09668109668109669, 0.11207311207311207, 0.050745550745550747, 0.030303030303030304, 0.03511303511303511, 0.01418951418951419, 0.005050505050505051, 0.011063011063011063, 0.0036075036075036075, 0.0031265031265031266, 0.0026455026455026454, 0.000962000962000962, 0.0, 0.0], [0.0, 0.0, 0.00018244845831052726, 0.00036489691662105453, 0.0005473453749315818, 0.00036489691662105453, 0.001277139208173691, 0.0036489691662105455, 0.0049261083743842365, 0.012953840540047437, 0.025177887246852763, 0.02937420178799489, 0.05728881590950557, 0.0662287903667214, 0.10253603357051633, 0.13081554460864805, 0.15289180806422187, 0.09487319832147419, 0.16073709177157453, 0.051268016785258164, 0.03138113482941069, 0.033023170954205434, 0.014595876664842182, 0.0060207991242474, 0.011129355956942163, 0.0029191753329684362, 0.0020069330414158, 0.002554278416347382, 0.0009122422915526364, 0.0, 0.0], [0.0, 0.0, 0.0, 0.0136986301369863, 0.0136986301369863, 0.0136986301369863, 0.0, 0.0, 0.0136986301369863, 0.0821917808219178, 0.0273972602739726, 0.0684931506849315, 0.0547945205479452, 0.0547945205479452, 0.1095890410958904, 0.1506849315068493, 0.1506849315068493, 0.0410958904109589, 0.0410958904109589, 0.0410958904109589, 0.0136986301369863, 0.0410958904109589, 0.0273972602739726, 0.0273972602739726, 0.0136986301369863, 0.0, 0.0, 0.0, 0.0, 0.0, 0.0], [0.00012711325791280032, 0.0, 0.0, 0.00025422651582560063, 0.00012711325791280032, 0.00025422651582560063, 0.0005084530316512013, 0.001652472352866404, 0.003050718189907207, 0.006609889411465616, 0.013474005338756832, 0.018812762171094444, 0.03521037244184568, 0.05376890809711453, 0.09190288547095463, 0.13931613067242912, 0.17236557772975722, 0.12431676623871869, 0.13270624126096353, 0.07054785814160416, 0.04525231981695691, 0.04499809330113131, 0.018558535655268844, 0.007499682216855218, 0.010931740180500827, 0.00432185076903521, 0.0031778314478200075, 0.00025422651582560063, 0.0, 0.0, 0.0], [0.0, 0.0, 0.0, 0.00016815200941651252, 0.0, 0.00033630401883302503, 0.0011770640659155877, 0.0008407600470825626, 0.0021859761224146627, 0.0036993442071632755, 0.009080208508491677, 0.013115856734487978, 0.02068269715823104, 0.03245333781738692, 0.05448125105095006, 0.08491676475533882, 0.13082226332604674, 0.12359172692113671, 0.18900285858416008, 0.09820077349924332, 0.06692449974777198, 0.08205818059525812, 0.027745081553724567, 0.015133680847486128, 0.021523457205313602, 0.010593576593240289, 0.005717168320161426, 0.004035648225996301, 0.0015133680847486128, 0.0, 0.0], [0.0003297428006155199, 0.00010991426687183997, 0.0, 0.00021982853374367993, 0.00021982853374367993, 0.0007693998681028798, 0.0007693998681028798, 0.0024181138711804793, 0.003956913607386239, 0.007474170147285118, 0.015387997362057594, 0.020883710705649594, 0.02561002418113871, 0.04187733567817103, 0.06111233238074302, 0.09122884150362717, 0.13178720597933613, 0.13189712024620795, 0.18355682567597273, 0.09452626950978237, 0.05429764783468894, 0.06671795999120686, 0.026379424049241592, 0.011431083754671357, 0.016706968564519673, 0.006484941745438558, 0.002747856671795999, 0.0010991426687183997, 0.0, 0.0, 0.0], [0.0, 0.0, 0.0, 0.0, 0.0018726591760299626, 0.0, 0.0, 0.0056179775280898875, 0.009363295880149813, 0.0056179775280898875, 0.018726591760299626, 0.028089887640449437, 0.05056179775280899, 0.08801498127340825, 0.09737827715355805, 0.15168539325842698, 0.17790262172284643, 0.1348314606741573, 0.14794007490636704, 0.04119850187265917, 0.016853932584269662, 0.016853932584269662, 0.003745318352059925, 0.003745318352059925, 0.0, 0.0, 0.0, 0.0, 0.0, 0.0, 0.0], [0.0, 0.0, 0.0, 0.0002776749352091818, 9.255831173639393e-05, 9.255831173639393e-05, 0.0002776749352091818, 0.0009255831173639393, 0.0021288411699370603, 0.006016290262865606, 0.009348389485375787, 0.017678637541651242, 0.030359126249537207, 0.03767123287671233, 0.06007034431691966, 0.0778415401703073, 0.12263976305072195, 0.09838948537578675, 0.2197334320621992, 0.0931136616068123, 0.06266197704553869, 0.09079970381340244, 0.026564235468345056, 0.011847463902258423, 0.017863754165124028, 0.006571640133283969, 0.002684191040355424, 0.0030544242873009994, 0.001295816364309515, 0.0, 0.0], [0.0001872308556450103, 9.361542782250516e-05, 9.361542782250516e-05, 9.361542782250516e-05, 0.000655307994757536, 0.000655307994757536, 0.0005616925669350309, 0.001310615989515072, 0.0015914622729825876, 0.006740310803220371, 0.01235723647257068, 0.026118704362478935, 0.04877363789552518, 0.07002434001123385, 0.10709604942894589, 0.1528739936341509, 0.19677962928290582, 0.12497659614304438, 0.1346189852087624, 0.04952256131810522, 0.028739936341509082, 0.02106347126006366, 0.007208387942332897, 0.00308930911814267, 0.002527616551207639, 0.0015914622729825876, 0.000655307994757536, 0.0, 0.0, 0.0, 0.0], [0.0, 0.00013140604467805518, 0.0, 0.00013140604467805518, 0.00026281208935611036, 0.0009198423127463863, 0.0011826544021024967, 0.0024967148488830486, 0.0038107752956636006, 0.0067017082785808145, 0.013797634691195795, 0.02431011826544021, 0.036925098554533506, 0.049277266754270695, 0.08633377135348226, 0.13942181340341656, 0.1671484888304862, 0.11984231274638633, 0.14586070959264127, 0.08015768725361366, 0.04139290407358739, 0.03823915900131406, 0.02076215505913272, 0.009198423127463863, 0.007621550591327201, 0.0023653088042049934, 0.0011826544021024967, 0.0005256241787122207, 0.0, 0.0, 0.0], [0.0, 0.0, 0.0, 0.0, 0.00031070374398011494, 0.0, 0.0009321112319403449, 0.0010874631039304024, 0.0017088705918906323, 0.004194500543731552, 0.010874631039304023, 0.01677800217492621, 0.02951685567811092, 0.050955414012738856, 0.09010408575423334, 0.12024234892030448, 0.15317694578219668, 0.09911449432965667, 0.17927606027652634, 0.06913158303557558, 0.042411061053285695, 0.05483921081249029, 0.02283672518253845, 0.014292372223085287, 0.018331520894826783, 0.008078297343482988, 0.005748019263632127, 0.0034177411837812647, 0.002640981823830977, 0.0, 0.0], [0.0004152823920265781, 0.0004152823920265781, 0.0004152823920265781, 0.0012458471760797341, 0.0024916943521594683, 0.0033222591362126247, 0.004152823920265781, 0.008305647840531562, 0.015365448504983389, 0.030730897009966777, 0.04111295681063123, 0.059385382059800665, 0.06602990033222592, 0.09177740863787376, 0.12333887043189369, 0.11046511627906977, 0.12583056478405316, 0.07807308970099668, 0.12250830564784053, 0.03612956810631229, 0.023255813953488372, 0.026993355481727575, 0.008305647840531562, 0.006229235880398671, 0.007890365448504983, 0.004568106312292359, 0.0012458471760797341, 0.0, 0.0, 0.0, 0.0], [0.0, 0.0, 0.0, 0.002170767004341534, 0.001447178002894356, 0.002894356005788712, 0.004341534008683068, 0.011577424023154847, 0.013024602026049204, 0.015918958031837915, 0.024602026049204053, 0.0361794500723589, 0.052821997105643996, 0.057163531114327065, 0.08827785817655572, 0.11866859623733719, 0.13965267727930536, 0.11287988422575977, 0.15918958031837915, 0.059334298118668596, 0.029667149059334298, 0.027496382054992764, 0.01881331403762663, 0.005788712011577424, 0.009406657018813314, 0.00361794500723589, 0.002894356005788712, 0.002170767004341534, 0.0, 0.0, 0.0], [0.0003118178983473651, 0.0, 0.0, 0.0, 0.0006236357966947302, 0.0009354536950420954, 0.003274087932647334, 0.005612722170252572, 0.008730901153726224, 0.01683816651075772, 0.03164951668225756, 0.04817586529466791, 0.06501403180542563, 0.09385718740255691, 0.13719987527284067, 0.14140941690053008, 0.13719987527284067, 0.0876208294356096, 0.10492672279388837, 0.037262238852510135, 0.024633613969441845, 0.025724976613657625, 0.01028999064546305, 0.005144995322731525, 0.0077954474586841285, 0.0031181789834736516, 0.0009354536950420954, 0.0012472715933894605, 0.0004677268475210477, 0.0, 0.0], [0.0, 0.0, 0.0, 0.0005027652086475615, 0.0007541478129713424, 0.0005027652086475615, 0.0022624434389140274, 0.0022624434389140274, 0.004524886877828055, 0.010558069381598794, 0.017596782302664656, 0.023881347410759174, 0.04022121669180493, 0.05555555555555555, 0.07817998994469583, 0.11437908496732026, 0.12770236299648063, 0.10910005027652087, 0.1546003016591252, 0.06535947712418301, 0.04776269482151835, 0.05480140774258421, 0.023629964806435394, 0.013071895424836602, 0.025892408245349424, 0.012066365007541479, 0.007038712921065862, 0.004022121669180492, 0.003770739064856712, 0.0, 0.0], [0.0, 0.0, 0.0, 0.0, 0.00021963540522732265, 0.0, 0.0010981770261366132, 0.001317812431363936, 0.0028552602679551946, 0.0116406764770481, 0.016472655392049198, 0.027893696463869976, 0.04810015374478366, 0.07050296507797058, 0.10213046343070503, 0.12497254557434659, 0.15198770041730728, 0.10037338018888645, 0.15484296068526246, 0.06149791346365034, 0.04195036239841862, 0.04107182077750934, 0.015594113771139909, 0.006808697562047002, 0.006808697562047002, 0.003074895673182517, 0.007028332967274325, 0.0015374478365912585, 0.00021963540522732265, 0.0, 0.0], [0.00027586206896551725, 0.00013793103448275863, 0.00013793103448275863, 0.00013793103448275863, 0.0005517241379310345, 0.0012413793103448277, 0.0012413793103448277, 0.003172413793103448, 0.005655172413793103, 0.009241379310344827, 0.024275862068965516, 0.03572413793103448, 0.060689655172413794, 0.0833103448275862, 0.12013793103448275, 0.14786206896551723, 0.1583448275862069, 0.10717241379310345, 0.10868965517241379, 0.05503448275862069, 0.02993103448275862, 0.022482758620689654, 0.011724137931034483, 0.004413793103448276, 0.005241379310344828, 0.0020689655172413794, 0.001103448275862069, 0.0, 0.0, 0.0, 0.0], [0.0, 0.0, 0.0, 0.00023719165085388995, 0.0007115749525616698, 0.0009487666034155598, 0.0016603415559772296, 0.003320683111954459, 0.004743833017077799, 0.009724857685009488, 0.018263757115749527, 0.027277039848197345, 0.04696394686907021, 0.06522770398481974, 0.1036527514231499, 0.1321157495256167, 0.15844402277039848, 0.1155123339658444, 0.12926944971537002, 0.059060721062618594, 0.043880455407969636, 0.0329696394686907, 0.018263757115749527, 0.0056925996204933585, 0.012333965844402278, 0.004269449715370019, 0.003320683111954459, 0.0018975332068311196, 0.00023719165085388995, 0.0, 0.0], [0.0, 0.0, 0.0, 0.00027159152634437803, 0.0, 0.0010863661053775121, 0.0019011406844106464, 0.0027159152634437804, 0.005975013579576317, 0.005975013579576317, 0.012221618685497012, 0.021998913633894623, 0.033134166214014125, 0.047256925583921784, 0.08636610537751223, 0.10836501901140684, 0.14177077675176533, 0.10727865290602934, 0.17218902770233568, 0.07577403585008148, 0.046985334057577405, 0.059478544269418794, 0.023356871265616513, 0.014122759369907659, 0.018739815317762087, 0.008690928843020097, 0.0027159152634437804, 0.0008147745790331341, 0.0008147745790331341, 0.0, 0.0], [0.0, 0.0, 0.00030427506465845124, 0.0, 0.00015213753232922562, 0.00045641259698767686, 0.0006085501293169025, 0.002129925452609159, 0.002129925452609159, 0.006085501293169025, 0.012931690247984177, 0.027689030883919063, 0.04624980982808459, 0.07743800395557585, 0.11349459911760232, 0.12064506313707592, 0.14650844363304427, 0.10375779704853187, 0.13920584208124145, 0.056138749429484255, 0.03788224554997718, 0.04001217100258634, 0.02327704244637152, 0.009128251939753538, 0.018865054008823975, 0.005476951163852123, 0.004716263502205994, 0.002890613114255287, 0.0018256503879507074, 0.0, 0.0], [0.0, 0.0, 9.603380389897244e-05, 0.0, 9.603380389897244e-05, 0.00019206760779794487, 0.00019206760779794487, 0.0013444732545856142, 0.0021127436857773935, 0.005762028233938346, 0.011716124075674638, 0.02208777489676366, 0.03841352155958898, 0.05473926822241429, 0.08028426005954095, 0.09920291942763852, 0.13022183808700663, 0.10755786036684913, 0.2024392586190339, 0.08086046288293479, 0.04868913857677903, 0.06021319504465572, 0.01920676077979449, 0.009603380389897245, 0.014309036780946893, 0.005377893018342457, 0.0024968789013732834, 0.001536540862383559, 0.0011524056467876692, 9.603380389897244e-05, 0.0], [0.0, 0.0, 0.0, 0.0, 0.0, 0.00012211503236048357, 0.0006105751618024178, 0.0006105751618024178, 0.0024423006472096714, 0.005373061423861277, 0.0081817071681524, 0.02014898033947979, 0.034070094028574915, 0.058493100500671635, 0.09231896446452559, 0.13652460617902062, 0.17743314201978264, 0.1249236781047747, 0.18158505312003909, 0.06423250702161436, 0.03174990841372573, 0.03919892538771523, 0.009402857491757234, 0.0032971058737330567, 0.0045182561973378926, 0.0015874954206862866, 0.002564415679570155, 0.0006105751618024178, 0.0, 0.0, 0.0], [0.0, 0.004273504273504274, 0.0, 0.004273504273504274, 0.004273504273504274, 0.021367521367521368, 0.02564102564102564, 0.021367521367521368, 0.07692307692307693, 0.042735042735042736, 0.038461538461538464, 0.07264957264957266, 0.07692307692307693, 0.11538461538461539, 0.10256410256410256, 0.11538461538461539, 0.08974358974358974, 0.06837606837606838, 0.042735042735042736, 0.017094017094017096, 0.021367521367521368, 0.01282051282051282, 0.01282051282051282, 0.01282051282051282, 0.0, 0.0, 0.0, 0.0, 0.0, 0.0, 0.0]]}, "ranks": {"labels": ["Unranked", "Combatatent I", "Combatatent II", "Challenger I", "Challenger II", "Rival I", "Rival II", "Duelist", "Elite"], "data": [[0.13108614232209737, 0.15730337078651685, 0.18726591760299627, 0.21348314606741572, 0.15355805243445692, 0.08239700374531835, 0.03745318352059925, 0.03745318352059925, 0.0], [0.05409153952843273, 0.08599167822468794, 0.14470642625982433, 0.23948220064724918, 0.23948220064724918, 0.15349052242256125, 0.0425335182616736, 0.02912621359223301, 0.011095700416088766], [0.010765202211230724, 0.022694210066918824, 0.05557171952283969, 0.12845504800698285, 0.2417806226360198, 0.29182426534768696, 0.0917951702065755, 0.11594413732906604, 0.041169624672679664], [0.022818254603682947, 0.04069922604750467, 0.09727782225780625, 0.19855884707766214, 0.27381905524419536, 0.21297037630104082, 0.07646116893514812, 0.06485188150520416, 0.012543368027755538], [0.1414141414141414, 0.12121212121212122, 0.20202020202020202, 0.1414141414141414, 0.1414141414141414, 0.1414141414141414, 0.04040404040404041, 0.0707070707070707, 0.0], [0.011249661154784494, 0.03361344537815126, 0.09731634589319599, 0.21753862835456764, 0.2656546489563567, 0.1882624017348875, 0.07034426673895365, 0.08335592301436703, 0.0326646787747357], [0.06781166716020136, 0.08913236600533017, 0.1625703286941072, 0.24903760734379626, 0.20876517619188628, 0.11134142730233935, 0.04027243115190998, 0.042049156055670715, 0.02901984009475866], [0.27340823970037453, 0.19850187265917604, 0.20973782771535582, 0.13108614232209737, 0.07865168539325842, 0.04868913857677903, 0.04119850187265917, 0.018726591760299626, 0.0], [0.04618473895582329, 0.09526996876394467, 0.15528781793842034, 0.23616688978134762, 0.20269968763944668, 0.11914323962516733, 0.05734047300312361, 0.0606871932173137, 0.027219991075412762], [0.009047619047619047, 0.01619047619047619, 0.034761904761904765, 0.1180952380952381, 0.18619047619047618, 0.22428571428571428, 0.12047619047619047, 0.18571428571428572, 0.10523809523809524], [0.0438871473354232, 0.06896551724137931, 0.1414141414141414, 0.21699756182514804, 0.24312086381051898, 0.16579588993382097, 0.054336468129571575, 0.04876349703935911, 0.01671891327063741], [0.05936520376175548, 0.12441222570532916, 0.195141065830721, 0.27018025078369906, 0.1908307210031348, 0.0877742946708464, 0.035462382445141064, 0.029584639498432604, 0.0072492163009404385], [0.024931756141947224, 0.06678798908098271, 0.12538671519563238, 0.22620564149226569, 0.251319381255687, 0.1732484076433121, 0.059144676979071886, 0.05586897179253867, 0.01710646041856233], [0.0266956188529825, 0.056967684250862176, 0.1030782986332865, 0.20781709030527526, 0.2564823093626261, 0.18661387150338485, 0.07255077276791416, 0.06590880061310513, 0.02388555371056329], [0.010411376333164043, 0.03047232097511427, 0.09167089893346876, 0.19222955815134585, 0.27577450482478416, 0.21025901472828848, 0.08608430675469782, 0.0792280345352971, 0.023869984763839513], [0.035431235431235435, 0.05547785547785548, 0.12121212121212122, 0.20186480186480185, 0.23682983682983683, 0.14592074592074591, 0.08391608391608392, 0.07785547785547786, 0.04149184149184149], [0.03150553150553151, 0.06806156806156806, 0.15175565175565175, 0.24795574795574796, 0.23184223184223185, 0.1406926406926407, 0.05242905242905243, 0.054353054353054354, 0.021404521404521405], [0.024265644955300127, 0.05455208903484766, 0.12351760627622696, 0.23335157817916438, 0.24776500638569604, 0.19011129355956943, 0.05327494982667397, 0.05363984674329502, 0.01952198503922642], [0.136986301369863, 0.0958904109589041, 0.1095890410958904, 0.2602739726027397, 0.1917808219178082, 0.0547945205479452, 0.0410958904109589, 0.0958904109589041, 0.0136986301369863], [0.01258421253336723, 0.03228676750985128, 0.08897928053896022, 0.23121901614338375, 0.2966823439684759, 0.1702046523452396, 0.07830176687428499, 0.07105631117325537, 0.018685648913181644], [0.008407600470825626, 0.022196065242979655, 0.05313603497561796, 0.13939801580628888, 0.2544139902471835, 0.24129813351269547, 0.11282999831847991, 0.1249369429964688, 0.04338321842946023], [0.016267311497032314, 0.03627170806770719, 0.06748735985930975, 0.15234117388437018, 0.26368432622554405, 0.23312816003517256, 0.09925258298527148, 0.1045284677951198, 0.02703890965047263], [0.02247191011235955, 0.04681647940074907, 0.13857677902621723, 0.24906367041198502, 0.31273408239700373, 0.1760299625468165, 0.0299625468164794, 0.024344569288389514, 0.0], [0.009811181044057756, 0.02702702702702703, 0.06803035912624954, 0.13791188448722697, 0.2210292484265087, 0.268326545723806, 0.10718252499074417, 0.12921140318400592, 0.031469825990373936], [0.01198277476128066, 0.03847594083504961, 0.11879797790675903, 0.2599700430630968, 0.32175622542595017, 0.16120576671035386, 0.05167571615802284, 0.03136116832053922, 0.004774386818947762], [0.015637319316688568, 0.03810775295663601, 0.08620236530880421, 0.22575558475689883, 0.2869908015768725, 0.1906701708278581, 0.07674113009198423, 0.06819973718791064, 0.011695137976346913], [0.008233649215473047, 0.02765263321423023, 0.08047226969084978, 0.21034643467453784, 0.25229144011185334, 0.21687121329812023, 0.07394749106726736, 0.09196830821811403, 0.03821656050955414], [0.06686046511627906, 0.1004983388704319, 0.15780730897009967, 0.23380398671096345, 0.20390365448504982, 0.1399501661129568, 0.04194352159468438, 0.04152823920265781, 0.013704318936877076], [0.05137481910274964, 0.060781476121562955, 0.10998552821997105, 0.20694645441389292, 0.25253256150506515, 0.19681620839363242, 0.05137481910274964, 0.05209840810419682, 0.01808972503617945], [0.03632678515746804, 0.07982538197692547, 0.15887121920798253, 0.27860929217337077, 0.22482070470845025, 0.12628624883068287, 0.04053632678515747, 0.0411599625818522, 0.013564078578110383], [0.021367521367521368, 0.04147812971342383, 0.09577677224736049, 0.1925590749120161, 0.2368024132730015, 0.18803418803418803, 0.0796882855706385, 0.0915032679738562, 0.05279034690799397], [0.017131561607731167, 0.044366351855919174, 0.11860311882275423, 0.22710300900505162, 0.2523610806061937, 0.18756863606413354, 0.0707226004831979, 0.06347463211069625, 0.018669009444322426], [0.021793103448275862, 0.06, 0.144, 0.268, 0.2655172413793103, 0.14124137931034483, 0.05241379310344828, 0.038620689655172416, 0.008413793103448275], [0.021347248576850095, 0.04554079696394687, 0.11219165085388995, 0.2357685009487666, 0.2739563567362429, 0.1627134724857685, 0.06949715370018976, 0.056925996204933584, 0.022058823529411766], [0.017925040738728953, 0.034220532319391636, 0.08039109179793591, 0.19473112438891907, 0.24904942965779467, 0.21428571428571427, 0.08066268332428028, 0.09695817490494296, 0.031776208582292235], [0.011866727521679598, 0.040620721131903244, 0.12368781378366044, 0.23413966225467822, 0.25026624068157616, 0.1697854860794158, 0.06344135098128709, 0.0724174653887114, 0.03377453217708809], [0.00979544799769519, 0.033803898972438295, 0.09315278978200327, 0.1794871794871795, 0.23777969845385577, 0.2456544703735715, 0.08633438970517622, 0.08902333621434745, 0.024968789013732832], [0.009158627427036268, 0.02833068750763219, 0.09256319452924655, 0.2288435706435462, 0.30235682012455734, 0.21675418243985833, 0.06081328611552082, 0.05189888875320552, 0.009280742459396751], [0.20085470085470086, 0.1111111111111111, 0.19230769230769232, 0.21794871794871795, 0.1581196581196581, 0.04700854700854701, 0.03418803418803419, 0.038461538461538464, 0.0]]}, "ranksDetailed": {"labels": ["Unranked", "Combatatant", "Challenger", "Rival", "Duelist", "Elite"], "data": [[0.13108614232209737, 0.3445692883895131, 0.36704119850187267, 0.1198501872659176, 0.03745318352059925, 0.0], [0.05409153952843273, 0.23069810448451225, 0.47896440129449835, 0.19602404068423485, 0.02912621359223301, 0.011095700416088766], [0.010765202211230724, 0.0782659295897585, 0.3702356706430026, 0.3836194355542624, 0.11594413732906604, 0.041169624672679664], [0.022818254603682947, 0.1379770483053109, 0.4723779023218575, 0.28943154523618897, 0.06485188150520416, 0.012543368027755538], [0.1414141414141414, 0.32323232323232326, 0.2828282828282828, 0.18181818181818182, 0.0707070707070707, 0.0], [0.011249661154784494, 0.13092979127134724, 0.4831932773109244, 0.2586066684738412, 0.08335592301436703, 0.0326646787747357], [0.06781166716020136, 0.25170269469943735, 0.45780278353568254, 0.15161385845424932, 0.042049156055670715, 0.02901984009475866], [0.27340823970037453, 0.40823970037453183, 0.20973782771535582, 0.0898876404494382, 0.018726591760299626, 0.0], [0.04618473895582329, 0.250557786702365, 0.43886657742079427, 0.17648371262829093, 0.0606871932173137, 0.027219991075412762], [0.009047619047619047, 0.05095238095238095, 0.30428571428571427, 0.34476190476190477, 0.18571428571428572, 0.10523809523809524], [0.0438871473354232, 0.21037965865552072, 0.460118425635667, 0.22013235806339254, 0.04876349703935911, 0.01671891327063741], [0.05936520376175548, 0.31955329153605017, 0.46101097178683387, 0.12323667711598746, 0.029584639498432604, 0.0072492163009404385], [0.024931756141947224, 0.1921747042766151, 0.47752502274795267, 0.23239308462238398, 0.05586897179253867, 0.01710646041856233], [0.0266956188529825, 0.16004598288414867, 0.4642993996679014, 0.25916464427129904, 0.06590880061310513, 0.02388555371056329], [0.010411376333164043, 0.12214321990858304, 0.46800406297613, 0.2963433214829863, 0.0792280345352971, 0.023869984763839513], [0.035431235431235435, 0.17668997668997669, 0.4386946386946387, 0.22983682983682985, 0.07785547785547786, 0.04149184149184149], [0.03150553150553151, 0.21981721981721983, 0.4797979797979798, 0.1931216931216931, 0.054353054353054354, 0.021404521404521405], [0.024265644955300127, 0.1780696953110746, 0.48111658456486045, 0.24338624338624337, 0.05363984674329502, 0.01952198503922642], [0.136986301369863, 0.2054794520547945, 0.4520547945205479, 0.0958904109589041, 0.0958904109589041, 0.0136986301369863], [0.01258421253336723, 0.1212660480488115, 0.5279013601118596, 0.2485064192195246, 0.07105631117325537, 0.018685648913181644], [0.008407600470825626, 0.07533210021859761, 0.39381200605347233, 0.35412813183117536, 0.1249369429964688, 0.04338321842946023], [0.016267311497032314, 0.10375906792701693, 0.4160255001099143, 0.33238074302044407, 0.1045284677951198, 0.02703890965047263], [0.02247191011235955, 0.1853932584269663, 0.5617977528089888, 0.20599250936329588, 0.024344569288389514, 0.0], [0.009811181044057756, 0.09505738615327657, 0.35894113291373564, 0.37550907071455014, 0.12921140318400592, 0.031469825990373936], [0.01198277476128066, 0.15727391874180865, 0.581726268489047, 0.21288148286837671, 0.03136116832053922, 0.004774386818947762], [0.015637319316688568, 0.12431011826544021, 0.5127463863337713, 0.26741130091984233, 0.06819973718791064, 0.011695137976346913], [0.008233649215473047, 0.10812490290508, 0.4626378747863912, 0.2908187043653876, 0.09196830821811403, 0.03821656050955414], [0.06686046511627906, 0.25830564784053156, 0.4377076411960133, 0.1818936877076412, 0.04152823920265781, 0.013704318936877076], [0.05137481910274964, 0.170767004341534, 0.459479015918958, 0.24819102749638206, 0.05209840810419682, 0.01808972503617945], [0.03632678515746804, 0.238696601184908, 0.503429996881821, 0.16682257561584035, 0.0411599625818522, 0.013564078578110383], [0.021367521367521368, 0.13725490196078433, 0.42936148818501757, 0.26772247360482654, 0.0915032679738562, 0.05279034690799397], [0.017131561607731167, 0.1629694706786734, 0.4794640896112453, 0.25829123654733144, 0.06347463211069625, 0.018669009444322426], [0.021793103448275862, 0.204, 0.5335172413793103, 0.1936551724137931, 0.038620689655172416, 0.008413793103448275], [0.021347248576850095, 0.15773244781783682, 0.5097248576850095, 0.23221062618595825, 0.056925996204933584, 0.022058823529411766], [0.017925040738728953, 0.11461162411732755, 0.44378055404671374, 0.2949483976099946, 0.09695817490494296, 0.031776208582292235], [0.011866727521679598, 0.16430853491556366, 0.48440590293625435, 0.23322683706070288, 0.0724174653887114, 0.03377453217708809], [0.00979544799769519, 0.12695668875444158, 0.41726687794103523, 0.3319888600787477, 0.08902333621434745, 0.024968789013732832], [0.009158627427036268, 0.12089388203687874, 0.5312003907681035, 0.27756746855537917, 0.05189888875320552, 0.009280742459396751], [0.20085470085470086, 0.3034188034188034, 0.37606837606837606, 0.0811965811965812, 0.038461538461538464, 0.0]]}}}, "eu": {"histType": {"histogram": {"labels": ["0", "100", "200", "300", "400", "500", "600", "700", "800", "900", "1000", "1100", "1200", "1300", "1400", "1500", "1600", "1700", "1800", "1900", "2000", "2100", "2200", "2300", "2400", "2500", "2600", "2700", "2800", "2900", "3000"], "data": [[0.0, 0.0, 0.0, 0.0, 0.0, 0.009569377990430622, 0.014354066985645933, 0.019138755980861243, 0.04784688995215311, 0.05263157894736842, 0.08133971291866028, 0.05263157894736842, 0.05263157894736842, 0.11004784688995216, 0.1339712918660287, 0.11483253588516747, 0.09569377990430622, 0.0861244019138756, 0.0430622009569378, 0.03827751196172249, 0.009569377990430622, 0.009569377990430622, 0.009569377990430622, 0.014354066985645933, 0.004784688995215311, 0.0, 0.0, 0.0, 0.0, 0.0, 0.0], [0.0, 0.0, 0.0004967709885742673, 0.0009935419771485345, 0.0014903129657228018, 0.0029806259314456036, 0.004967709885742673, 0.008445106805762544, 0.02036761053154496, 0.026328862394436166, 0.037257824143070044, 0.051664182811723795, 0.06706408345752608, 0.08594138102334824, 0.12270243417784402, 0.11723795330352707, 0.15052160953800298, 0.08296075509190264, 0.12369597615499255, 0.03825136612021858, 0.01838052657724789, 0.02036761053154496, 0.003974167908594138, 0.003477396920019871, 0.006458022851465474, 0.0014903129657228018, 0.001987083954297069, 0.0004967709885742673, 0.0, 0.0, 0.0], [0.0, 0.0, 0.0, 0.00015396458814472672, 0.00015396458814472672, 0.00015396458814472672, 0.00030792917628945344, 0.001539645881447267, 0.0029253271747498076, 0.004157043879907622, 0.01031562740569669, 0.015550423402617398, 0.024326404926866822, 0.03094688221709007, 0.05250192455735181, 0.07575057736720554, 0.1388760585065435, 0.10808314087759816, 0.23125481139337953, 0.08514241724403387, 0.06173979984603541, 0.07436489607390301, 0.02725173210161663, 0.015088529638183218, 0.02093918398768283, 0.009083910700538876, 0.0033872209391839878, 0.003695150115473441, 0.0023094688221709007, 0.0, 0.0], [0.0, 0.0, 0.0, 0.0001279263144428809, 0.0001279263144428809, 0.0002558526288857618, 0.0008954842011001664, 0.0026864526033004987, 0.004477421005500831, 0.009082768325444544, 0.01816553665088909, 0.027887936548548035, 0.036203146987335295, 0.04899577843162339, 0.08353588333120122, 0.11104004093642063, 0.16374568248688756, 0.11948317768965076, 0.1748752718434182, 0.07777919918127159, 0.04541384162722272, 0.04375079953946527, 0.012920557758730971, 0.0055008315210438785, 0.007931431495458616, 0.002302673659971856, 0.0005117052577715236, 0.0014071894588716899, 0.0007675578866572854, 0.0001279263144428809, 0.0], [0.0, 0.0, 0.0, 0.0, 0.01020408163265306, 0.02040816326530612, 0.02040816326530612, 0.061224489795918366, 0.04081632653061224, 0.030612244897959183, 0.08163265306122448, 0.11224489795918367, 0.030612244897959183, 0.02040816326530612, 0.10204081632653061, 0.10204081632653061, 0.05102040816326531, 0.09183673469387756, 0.061224489795918366, 0.07142857142857142, 0.04081632653061224, 0.0, 0.02040816326530612, 0.02040816326530612, 0.0, 0.01020408163265306, 0.0, 0.0, 0.0, 0.0, 0.0], [0.0, 0.0001372495196266813, 0.0001372495196266813, 0.0002744990392533626, 0.00041174855888004394, 0.0001372495196266813, 0.00041174855888004394, 0.0020587427944002198, 0.0030194894317869887, 0.006587976942080703, 0.012077957727147955, 0.020450178424375513, 0.034175130387043645, 0.057507548723579466, 0.09072193247323634, 0.11611309360417238, 0.15028822399121602, 0.10568213011254461, 0.15660170189404338, 0.07438923963766127, 0.043782596760911334, 0.05901729343947296, 0.021959923140269007, 0.009881965413121054, 0.018254186110348614, 0.007960472138347515, 0.0037057370299203953, 0.002333241833653582, 0.001372495196266813, 0.0005489980785067252, 0.0], [0.0002723311546840959, 0.0002723311546840959, 0.0002723311546840959, 0.0013616557734204794, 0.0029956427015250544, 0.0024509803921568627, 0.003812636165577342, 0.011165577342047931, 0.020697167755991286, 0.02696078431372549, 0.042211328976034856, 0.05827886710239651, 0.07516339869281045, 0.08660130718954248, 0.09640522875816994, 0.12282135076252723, 0.12854030501089325, 0.07815904139433551, 0.08687363834422658, 0.044662309368191724, 0.02750544662309368, 0.026688453159041396, 0.01252723311546841, 0.006808278867102397, 0.01252723311546841, 0.007352941176470588, 0.0054466230936819175, 0.007080610021786492, 0.004084967320261438, 0.0, 0.0], [0.0, 0.0, 0.0, 0.0, 0.010256410256410256, 0.020512820512820513, 0.005128205128205128, 0.05641025641025641, 0.02564102564102564, 0.06153846153846154, 0.08717948717948718, 0.11282051282051282, 0.08717948717948718, 0.06153846153846154, 0.1076923076923077, 0.12307692307692308, 0.09743589743589744, 0.05128205128205128, 0.015384615384615385, 0.035897435897435895, 0.02564102564102564, 0.015384615384615385, 0.0, 0.0, 0.0, 0.0, 0.0, 0.0, 0.0, 0.0, 0.0], [0.0004457817898138861, 0.000111445