{"region": {"us": {"histType": {"histogram": {"labels": ["0", "100", "200", "300", "400", "500", "600", "700", "800", "900", "1000", "1100", "1200", "1300", "1400", "1500", "1600", "1700", "1800", "1900", "2000", "2100", "2200", "2300", "2400", "2500", "2600", "2700", "2800", "2900", "3000"], "data": [[0.0, 0.0, 0.004081632653061225, 0.004081632653061225, 0.0, 0.0163265306122449, 0.0163265306122449, 0.0163265306122449, 0.044897959183673466, 0.04081632653061224, 0.061224489795918366, 0.10204081632653061, 0.08571428571428572, 0.10612244897959183, 0.11836734693877551, 0.10204081632653061, 0.06938775510204082, 0.053061224489795916, 0.05714285714285714, 0.04897959183673469, 0.00816326530612245, 0.02857142857142857, 0.0163265306122449, 0.0, 0.0, 0.0, 0.0, 0.0, 0.0, 0.0, 0.0], [0.0, 0.0009896091044037606, 0.0, 0.0004948045522018803, 0.0009896091044037606, 0.0009896091044037606, 0.0054428500742206825, 0.012370113805047007, 0.011875309252845126, 0.02028698664027709, 0.0400791687283523, 0.05096486887679367, 0.07174666006927263, 0.07817911924789708, 0.11232063334982682, 0.12815437902028698, 0.1553686293913904, 0.08312716476991588, 0.12320633349826818, 0.042058386937159825, 0.02028698664027709, 0.01632855022266205, 0.008411677387431964, 0.004453240969816922, 0.0034636318654131617, 0.0054428500742206825, 0.0029688273132112814, 0.0, 0.0, 0.0, 0.0], [0.00015108022359873092, 0.0, 0.0, 0.00030216044719746184, 0.00030216044719746184, 0.00030216044719746184, 0.00030216044719746184, 0.0007554011179936546, 0.003928085813567004, 0.005136727602356852, 0.009518054086720048, 0.013899380571083246, 0.023266354434204564, 0.035806012992899226, 0.054388880495543135, 0.08279196253210455, 0.14050460794681977, 0.10983532255627738, 0.23855567306239614, 0.0800725185073274, 0.0503097144583774, 0.07191418643299592, 0.023870675328599485, 0.014805861912675631, 0.024172835775796948, 0.007402930956337816, 0.004079166037165735, 0.0028705242483758877, 0.0007554011179936546, 0.0, 0.0], [0.0, 0.0, 0.0, 0.0, 0.00027874564459930314, 0.00027874564459930314, 0.0016724738675958188, 0.0027874564459930314, 0.006968641114982578, 0.01240418118466899, 0.020209059233449476, 0.023275261324041813, 0.042229965156794426, 0.06048780487804878, 0.089198606271777, 0.12111498257839722, 0.16083623693379792, 0.11191637630662021, 0.16682926829268294, 0.06885017421602788, 0.041951219512195125, 0.04083623693379791, 0.011428571428571429, 0.004738675958188153, 0.006829268292682927, 0.00264808362369338, 0.0015331010452961672, 0.0006968641114982578, 0.0, 0.0, 0.0], [0.0, 0.0, 0.0, 0.0, 0.0, 0.01098901098901099, 0.0, 0.04395604395604396, 0.03296703296703297, 0.06593406593406594, 0.054945054945054944, 0.06593406593406594, 0.08791208791208792, 0.13186813186813187, 0.06593406593406594, 0.04395604395604396, 0.10989010989010989, 0.054945054945054944, 0.054945054945054944, 0.07692307692307693, 0.04395604395604396, 0.04395604395604396, 0.0, 0.01098901098901099, 0.0, 0.0, 0.0, 0.0, 0.0, 0.0, 0.0], [0.0, 0.0, 0.0, 0.0, 0.0, 0.0001392951664577239, 0.0001392951664577239, 0.001950132330408135, 0.001950132330408135, 0.007521938988717091, 0.012675860147652877, 0.02173004596740493, 0.03593815294609277, 0.06546872823513024, 0.09541718902354088, 0.13093745647026048, 0.16032873659284022, 0.10642150717370107, 0.14709569577935647, 0.06282212007243348, 0.03774899011004318, 0.051817801922273296, 0.020754979802200865, 0.00891489065329433, 0.016018944142638252, 0.005711101824766681, 0.004178854993731718, 0.0037609694943585457, 0.0005571806658308956, 0.0, 0.0], [0.0, 0.0, 0.00031377470975839345, 0.0015688735487919673, 0.0012550988390335738, 0.0031377470975839346, 0.005020395356134295, 0.009413241292751805, 0.020395356134295575, 0.028867273297772198, 0.04235958581738312, 0.04989017885158456, 0.07373705679322247, 0.09381863821775965, 0.12739253216190774, 0.12080326325698149, 0.12739253216190774, 0.0862880451835582, 0.08252274866645748, 0.035770316912456857, 0.023533103231879512, 0.022905553812362724, 0.007530593034201443, 0.007530593034201443, 0.011923438970818953, 0.005961719485409476, 0.006903043614684657, 0.0025101976780671476, 0.0012550988390335738, 0.0, 0.0], [0.0, 0.0, 0.004, 0.012, 0.008, 0.012, 0.024, 0.056, 0.068, 0.112, 0.092, 0.1, 0.108, 0.088, 0.068, 0.064, 0.052, 0.032, 0.024, 0.028, 0.044, 0.004, 0.0, 0.0, 0.0, 0.0, 0.0, 0.0, 0.0, 0.0, 0.0], [0.0003559563360227812, 0.0003559563360227812, 0.0007119126720455624, 0.0007119126720455624, 0.0007119126720455624, 0.0018984337921214998, 0.0020170859041290937, 0.005932605600379687, 0.012221167536782155, 0.02539155196962506, 0.0416468913146654, 0.05968201233981965, 0.07890365448504984, 0.09029425723777883, 0.1174655908875178, 0.1325344091124822, 0.11710963455149502, 0.07095396298054106, 0.08768391077361178, 0.04235880398671096, 0.031917418130042716, 0.03013763644992881, 0.01649264356905553, 0.009373516848599906, 0.01400094921689606, 0.004627432368296156, 0.004390128144280968, 0.00011865211200759374, 0.0, 0.0, 0.0], [0.0, 0.0, 0.0, 0.0, 0.0, 0.000536480686695279, 0.000536480686695279, 0.001072961373390558, 0.001072961373390558, 0.004828326180257511, 0.006974248927038627, 0.01072961373390558, 0.0101931330472103, 0.02628755364806867, 0.050965665236051505, 0.0740343347639485, 0.0917381974248927, 0.09388412017167382, 0.17972103004291845, 0.08583690987124463, 0.08315450643776824, 0.11158798283261803, 0.05042918454935622, 0.019313304721030045, 0.055793991416309016, 0.016630901287553648, 0.009656652360515022, 0.012339055793991416, 0.002682403433476395, 0.0, 0.0], [0.0, 0.0, 0.0007254261878853826, 0.0, 0.002176278563656148, 0.001088139281828074, 0.004352557127312296, 0.003989844033369605, 0.013057671381936888, 0.01958650707290533, 0.031193326079071455, 0.03844758795792528, 0.06420021762785637, 0.08124773304316286, 0.10228509249183895, 0.12586144359811388, 0.1508886470801596, 0.0917664127675009, 0.13130214000725426, 0.04969169387014871, 0.02974247370330069, 0.026478055857816468, 0.009793253536452665, 0.006891548784911135, 0.007616974972796518, 0.003627130939426913, 0.003989844033369605, 0.0, 0.0, 0.0, 0.0], [0.0, 0.0, 0.0008110300081103001, 0.0006082725060827251, 0.001013787510137875, 0.0022303325223033254, 0.004866180048661801, 0.009124087591240875, 0.015409570154095702, 0.028386050283860504, 0.05940794809407948, 0.06995133819951338, 0.09448499594484996, 0.10077047850770479, 0.13746958637469586, 0.13381995133819952, 0.11638280616382807, 0.06853203568532036, 0.06974858069748581, 0.03669910786699108, 0.016828872668288728, 0.015815085158150853, 0.007907542579075427, 0.00283860502838605, 0.0040551500405515, 0.0024330900243309003, 0.00040551500405515005, 0.0, 0.0, 0.0, 0.0], [0.0, 0.0, 0.0, 0.0, 0.00018719580681392738, 0.0009359790340696368, 0.0028079371022089105, 0.00355672032946462, 0.007675028079371022, 0.010857356795207787, 0.027892175215275178, 0.040995881692250095, 0.05896667914638712, 0.07132160239610633, 0.11456383377012355, 0.11269187570198427, 0.1505054286783976, 0.10146012729314863, 0.14114563833770125, 0.054099588169225006, 0.030887308124298015, 0.033508049419693, 0.012167727442905278, 0.006926244852115313, 0.010482965181579932, 0.003182328715836765, 0.002433545488581056, 0.0007487832272557095, 0.0, 0.0, 0.0], [0.00027148092846477533, 0.0, 0.0, 0.00013574046423238766, 0.00013574046423238766, 0.0006787023211619384, 0.001628885570788652, 0.0025790688204153658, 0.005972580426225058, 0.016560336636351296, 0.02674087145378037, 0.03488529930772363, 0.04669471969594136, 0.0671915297950319, 0.09515406542690376, 0.12936066241346544, 0.1499932129767884, 0.10180534817429075, 0.1421202660513099, 0.061490430297271616, 0.03719288719967422, 0.03936473462739243, 0.01289534410207683, 0.005972580426225058, 0.01045201574589385, 0.00407221392697163, 0.0025790688204153658, 0.0025790688204153658, 0.0014931451065562644, 0.0, 0.0], [0.0, 0.0, 0.0002644802962179318, 0.0, 0.0005289605924358636, 0.0005289605924358636, 0.0005289605924358636, 0.0010579211848717272, 0.003438243850833113, 0.004231684739486909, 0.014546416291986247, 0.01983602221634488, 0.0391430838402539, 0.05554086220576567, 0.08093097064268712, 0.11795821211319757, 0.1623909018778101, 0.12060301507537688, 0.15789473684210525, 0.07749272679185401, 0.04575509124570219, 0.04601957154192013, 0.018513620735255223, 0.010843692144935203, 0.013752975403332451, 0.003173763554615181, 0.0023803226659613857, 0.0018513620735255223, 0.0007934408886537953, 0.0, 0.0], [0.0, 0.0, 0.0, 0.0, 0.001487357461576599, 0.0019831432821021317, 0.0004957858205255329, 0.006445215666831929, 0.00991571641051066, 0.015369360436291522, 0.022310361923648984, 0.03966286564204264, 0.05205751115518096, 0.06990580069410014, 0.09221616261774913, 0.11650966782350025, 0.1308874566187407, 0.10114030738720872, 0.11799702528507684, 0.059494298463063956, 0.044124938026772434, 0.04164600892414477, 0.02528507684680218, 0.010411502231036193, 0.01834407535944472, 0.007932573128408527, 0.00495785820525533, 0.006941001487357461, 0.002478929102627665, 0.0, 0.0], [0.00024962556165751375, 0.0, 0.0004992511233150275, 0.0004992511233150275, 0.0004992511233150275, 0.0012481278082875687, 0.0027458811782326512, 0.0037443834248627058, 0.008487269096355467, 0.014228657014478282, 0.023215177234148777, 0.044932601098352475, 0.07189216175736396, 0.08662006989515726, 0.11582626060908637, 0.13205192211682476, 0.13729405891163254, 0.09161258112830754, 0.11208187718422366, 0.05017473789316026, 0.027958062905641536, 0.03544682975536695, 0.01347978032950574, 0.004742885671492761, 0.011732401397903146, 0.0027458811782326512, 0.003494757863205192, 0.0024962556165751375, 0.0, 0.0, 0.0], [0.0, 0.0, 0.00019091256204658267, 0.00038182512409316535, 0.000572737686139748, 0.000572737686139748, 0.0015273004963726614, 0.0038182512409316535, 0.004963726613211149, 0.013554791905307369, 0.026536846124474992, 0.03245513554791905, 0.061092019854906456, 0.0683466972126766, 0.10519282168766705, 0.13249331806032838, 0.15234822451317298, 0.09259259259259259, 0.15463917525773196, 0.05021000381825124, 0.02940053455517373, 0.031309660175639555, 0.0143184421534937, 0.005345551737304314, 0.009736540664375716, 0.003436426116838488, 0.0019091256204658267, 0.0028636884306987398, 0.00019091256204658267, 0.0, 0.0], [0.0, 0.0, 0.0, 0.014925373134328358, 0.014925373134328358, 0.014925373134328358, 0.0, 0.0, 0.014925373134328358, 0.08955223880597014, 0.029850746268656716, 0.07462686567164178, 0.07462686567164178, 0.04477611940298507, 0.11940298507462686, 0.13432835820895522, 0.13432835820895522, 0.029850746268656716, 0.07462686567164178, 0.04477611940298507, 0.0, 0.04477611940298507, 0.014925373134328358, 0.014925373134328358, 0.014925373134328358, 0.0, 0.0, 0.0, 0.0, 0.0, 0.0], [0.00013095861707700367, 0.0, 0.0, 0.00013095861707700367, 0.00013095861707700367, 0.000392875851231011, 0.000392875851231011, 0.0014405447878470404, 0.003143006809848088, 0.007333682556312206, 0.01388161341016239, 0.019512833944473545, 0.03706128863279204, 0.05814562598218963, 0.09468308014667365, 0.14510214772132007, 0.1686746987951807, 0.12401781037192247, 0.12598218962807753, 0.06652697747511786, 0.045573598742797275, 0.044133053954950235, 0.0179413305395495, 0.007464641173389209, 0.011393399685699319, 0.004845468831849136, 0.0018334206390780514, 0.00013095861707700367, 0.0, 0.0, 0.0], [0.0, 0.0, 0.0, 0.00017497812773403323, 0.0, 0.00034995625546806647, 0.0012248468941382328, 0.0008748906386701663, 0.0024496937882764656, 0.004024496937882764, 0.009798775153105862, 0.013298337707786526, 0.02204724409448819, 0.03429571303587051, 0.05914260717410324, 0.08923884514435695, 0.13140857392825897, 0.12178477690288714, 0.18967629046369203, 0.09326334208223971, 0.0673665791776028, 0.07821522309711286, 0.02642169728783902, 0.01399825021872266, 0.020647419072615924, 0.010148731408573928, 0.0055993000874890635, 0.0033245844269466315, 0.0012248468941382328, 0.0, 0.0], [0.00022742779167614282, 0.00022742779167614282, 0.0, 0.00022742779167614282, 0.00022742779167614282, 0.0007959972708664999, 0.0007959972708664999, 0.002501705708437571, 0.0040937002501705705, 0.007959972708665, 0.01603365931316807, 0.022060495792585854, 0.027177621105299067, 0.043324994314305205, 0.06436206504434842, 0.09620195587900841, 0.13941323629747554, 0.1328178303388674, 0.17364111894473505, 0.09279053900386627, 0.05253581987718899, 0.06197407323174892, 0.023083920855128497, 0.01296338412554014, 0.016147373209006142, 0.005003411416875142, 0.0030702751876279283, 0.0003411416875142142, 0.0, 0.0, 0.0], [0.0, 0.0, 0.0, 0.0, 0.0019342359767891683, 0.0, 0.0, 0.0038684719535783366, 0.009671179883945842, 0.007736943907156673, 0.017408123791102514, 0.029013539651837523, 0.05029013539651837, 0.09090909090909091, 0.10251450676982592, 0.15860735009671179, 0.17988394584139264, 0.13539651837524178, 0.12959381044487428, 0.0425531914893617, 0.017408123791102514, 0.02127659574468085, 0.0019342359767891683, 0.0, 0.0, 0.0, 0.0, 0.0, 0.0, 0.0, 0.0], [0.0, 0.0, 0.0, 0.0002881567572759581, 9.605225242531937e-05, 0.00019210450485063874, 0.0003842090097012775, 0.0009605225242531937, 0.0022092018057823454, 0.006435500912496398, 0.010085486504658535, 0.018634136970511958, 0.03179329555278071, 0.03976563250408222, 0.06291422533858419, 0.08346940735760254, 0.13111132456056093, 0.10239170108539045, 0.2206320238209586, 0.09153779656132936, 0.05436557487273076, 0.08174046681394678, 0.02410911535875516, 0.009893381999807896, 0.01527230813562578, 0.005667082893093843, 0.0024013063106329844, 0.00307367207761022, 0.0005763135145519162, 0.0, 0.0], [0.00019065776930409913, 0.0, 0.00019065776930409913, 9.532888465204957e-05, 0.000667302192564347, 0.000667302192564347, 0.000667302192564347, 0.0012392755004766445, 0.0017159199237368923, 0.007149666348903718, 0.012678741658722592, 0.02631077216396568, 0.050619637750238325, 0.07235462345090563, 0.1113441372735939, 0.1569113441372736, 0.19780743565300285, 0.12116301239275501, 0.13126787416587227, 0.04747378455672069, 0.026406101048617733, 0.01944709246901811, 0.006863679694947569, 0.00228789323164919, 0.00219256434699714, 0.0018112488083889418, 0.00047664442326024784, 0.0, 0.0, 0.0, 0.0], [0.0, 0.00013821700069108501, 0.0, 0.00013821700069108501, 0.00027643400138217003, 0.00082930200414651, 0.001243953006219765, 0.002349689011748445, 0.004561161022805805, 0.00718728403593642, 0.014789219073946095, 0.026123013130615064, 0.03953006219765031, 0.05293711126468555, 0.09315825846579129, 0.14996544574982723, 0.1612992398064962, 0.11582584657912923, 0.14554250172771252, 0.0700760193503801, 0.039944713199723564, 0.037180373185901866, 0.018382861091914306, 0.00856945404284727, 0.006496199032480996, 0.002902557014512785, 0.00013821700069108501, 0.000414651002073255, 0.0, 0.0, 0.0], [0.0, 0.0, 0.0, 0.0, 0.00032175032175032174, 0.0, 0.0008043758043758043, 0.0008043758043758043, 0.0020913770913770914, 0.004343629343629344, 0.011904761904761904, 0.017213642213642213, 0.03120978120978121, 0.05244530244530245, 0.09604247104247104, 0.12242599742599743, 0.15427927927927929, 0.09829472329472329, 0.1755148005148005, 0.0674066924066924, 0.04295366795366795, 0.05164092664092664, 0.022683397683397683, 0.013835263835263836, 0.017374517374517374, 0.006113256113256113, 0.005791505791505791, 0.0028957528957528956, 0.0016087516087516086, 0.0, 0.0], [0.00044306601683650863, 0.0008861320336730173, 0.00044306601683650863, 0.00044306601683650863, 0.002658396101019052, 0.0031014621178555605, 0.004430660168365086, 0.008861320336730172, 0.01905183872396987, 0.03145768719539211, 0.043863535666814356, 0.06557377049180328, 0.06867523260965884, 0.09614532565352238, 0.12760301284891448, 0.1129818342933097, 0.1178555604785113, 0.07443509082853345, 0.11076650420912716, 0.03544528134692069, 0.021710234824988923, 0.02968542312804608, 0.006202924235711121, 0.004430660168365086, 0.00974745237040319, 0.002658396101019052, 0.00044306601683650863, 0.0, 0.0, 0.0, 0.0], [0.0, 0.0, 0.0, 0.0023237800154918666, 0.001549186676994578, 0.0038729666924864447, 0.0038729666924864447, 0.011618900077459334, 0.01471727343144849, 0.015491866769945779, 0.027885360185902403, 0.041053446940356314, 0.052672347017815646, 0.054996127033307515, 0.09992254066615028, 0.1192873741285825, 0.14484895429899303, 0.11309062742060419, 0.1463981409759876, 0.048799380325329204, 0.030209140201394268, 0.027885360185902403, 0.015491866769945779, 0.0077459333849728895, 0.008520526723470178, 0.003098373353989156, 0.003098373353989156, 0.001549186676994578, 0.0, 0.0, 0.0], [0.0003236769703835572, 0.0, 0.0, 0.0, 0.0006473539407671144, 0.0009710309111506716, 0.0033986081890273506, 0.0058261854669040295, 0.008739278200356044, 0.017640394885903868, 0.033176889464314616, 0.0491988994983007, 0.07201812591034149, 0.0998543453633274, 0.1406376436316556, 0.13659168150186116, 0.13756271241301182, 0.08593623563683445, 0.09742676808545073, 0.03592814371257485, 0.023790257323191455, 0.02524680368991746, 0.008415601229972487, 0.005664346981712251, 0.005988023952095809, 0.0030749312186437935, 0.0006473539407671144, 0.0011328693963424503, 0.0001618384851917786, 0.0, 0.0], [0.0, 0.0, 0.0, 0.000547945205479452, 0.0008219178082191781, 0.000273972602739726, 0.002191780821917808, 0.002191780821917808, 0.004383561643835616, 0.010136986301369864, 0.019178082191780823, 0.0263013698630137, 0.03863013698630137, 0.056164383561643834, 0.08547945205479453, 0.11698630136986302, 0.13479452054794522, 0.11150684931506849, 0.14082191780821918, 0.0684931506849315, 0.04438356164383562, 0.05123287671232877, 0.023287671232876714, 0.012054794520547946, 0.024657534246575342, 0.010410958904109589, 0.007945205479452055, 0.00410958904109589, 0.0030136986301369864, 0.0, 0.0], [0.0, 0.0, 0.0, 0.0, 0.0002290950744558992, 0.0, 0.0013745704467353953, 0.0013745704467353953, 0.0032073310423825887, 0.012142038946162658, 0.01741122565864834, 0.0277205040091638, 0.050400916380297825, 0.07170675830469644, 0.10492554410080183, 0.13035509736540665, 0.15257731958762888, 0.09988545246277206, 0.14959908361970217, 0.05979381443298969, 0.038029782359679264, 0.038946162657502864, 0.016494845360824743, 0.0057273768613974796, 0.0066437571592210766, 0.003436426116838488, 0.006185567010309278, 0.0016036655211912943, 0.0002290950744558992, 0.0, 0.0], [0.0002844950213371266, 0.0001422475106685633, 0.0001422475106685633, 0.0001422475106685633, 0.0004267425320056899, 0.0012802275960170698, 0.0015647226173541964, 0.0031294452347083927, 0.005832147937411095, 0.009815078236130868, 0.025889046941678522, 0.03726884779516358, 0.06301564722617355, 0.08748221906116643, 0.12617354196301564, 0.14452347083926032, 0.1570412517780939, 0.10227596017069701, 0.10611664295874822, 0.053200568990042676, 0.027738264580369845, 0.02275960170697013, 0.012233285917496443, 0.004125177809388336, 0.004267425320056899, 0.002844950213371266, 0.0002844950213371266, 0.0, 0.0, 0.0, 0.0], [0.0, 0.0, 0.0, 0.0005008765339343851, 0.0005008765339343851, 0.0010017530678687703, 0.0015026296018031556, 0.004007012271475081, 0.005008765339343852, 0.008264462809917356, 0.018031555221637866, 0.028800400701227146, 0.0505885299273729, 0.06786877034810919, 0.10919108439769597, 0.13899323816679188, 0.15752566992236414, 0.1149511645379414, 0.12221387427998998, 0.05584773353368395, 0.03831705484598046, 0.03305785123966942, 0.016278487352867518, 0.006260956674179815, 0.012021036814425245, 0.004257450538442274, 0.0032556974705735034, 0.0015026296018031556, 0.00025043826696719256, 0.0, 0.0], [0.0, 0.0, 0.0, 0.00027862914460852607, 0.0, 0.0011145165784341043, 0.0016717748676511562, 0.0027862914460852605, 0.005572582892170521, 0.005851212036779047, 0.012816940651992199, 0.02117581499024798, 0.033435497353023126, 0.048202842017275004, 0.08776818055168571, 0.1111730286988019, 0.14572304263025912, 0.1058790749512399, 0.16884926163276678, 0.07439398161047646, 0.04625243800501532, 0.059069378657007524, 0.022290331568682084, 0.016160490387294512, 0.01783226525494567, 0.008358874338255782, 0.0022290331568682086, 0.0011145165784341043, 0.0, 0.0, 0.0], [0.0, 0.0, 0.00031540766440624505, 0.0, 0.00015770383220312253, 0.00047311149660936763, 0.0006308153288124901, 0.002365557483046838, 0.002680965147453083, 0.006150449455921779, 0.013562529569468539, 0.0287020974609683, 0.048888187982967984, 0.08042895442359249, 0.11922409714556063, 0.12505913893707618, 0.14461441413026335, 0.10313830626084214, 0.1307364768963886, 0.05614256426431162, 0.035167954581296325, 0.03879514272196814, 0.022551648005046523, 0.010250749093202964, 0.016401198549124744, 0.005519634127109289, 0.0045734111338905535, 0.002050149818640593, 0.0014193344898281027, 0.0, 0.0], [0.0, 0.0, 9.988014382740711e-05, 0.0, 9.988014382740711e-05, 0.00019976028765481422, 0.0002996404314822213, 0.0012984418697562924, 0.0021973631642029563, 0.006092688773471834, 0.012385137834598482, 0.023371953655613262, 0.03995205753096284, 0.058330003995205756, 0.08469836196564123, 0.10587295245705154, 0.13833399920095885, 0.11266480223731522, 0.19047143427886537, 0.075809029165002, 0.045045944866160606, 0.05523371953655613, 0.016779864163004393, 0.009089093088294047, 0.013184178985217739, 0.004294846184578506, 0.0022972433080303634, 0.0012984418697562924, 0.0005992808629644426, 0.0, 0.0], [0.0, 0.0, 0.0, 0.0, 0.0, 0.0001248595330253465, 0.0006242976651267324, 0.000499438132101386, 0.00249719066050693, 0.005743538519165938, 0.008365588712698215, 0.02060182294918217, 0.03483580971407167, 0.06080659258334374, 0.09714071669371957, 0.14084155325259085, 0.18042202522162568, 0.12173804469971282, 0.17742539642901736, 0.06030715445124235, 0.030340866525159195, 0.036958421775502556, 0.009364464976900987, 0.0029966287926083157, 0.004120364589836434, 0.00212261206143089, 0.00212261206143089, 0.0, 0.0, 0.0, 0.0], [0.0, 0.0045871559633027525, 0.0, 0.0045871559633027525, 0.0045871559633027525, 0.022935779816513763, 0.03211009174311927, 0.022935779816513763, 0.07339449541284404, 0.05963302752293578, 0.05504587155963303, 0.05045871559633028, 0.0871559633027523, 0.11926605504587157, 0.10091743119266056, 0.10550458715596331, 0.0871559633027523, 0.05963302752293578, 0.03669724770642202, 0.01834862385321101, 0.013761467889908258, 0.01834862385321101, 0.009174311926605505, 0.013761467889908258, 0.0, 0.0, 0.0, 0.0, 0.0, 0.0, 0.0]]}, "ranks": {"labels": ["Unranked", "Combatatent I", "Combatatent II", "Challenger I", "Challenger II", "Rival I", "Rival II", "Duelist", "Elite"], "data": [[0.14285714285714285, 0.16326530612244897, 0.19183673469387755, 0.22040816326530613, 0.12244897959183673, 0.09795918367346938, 0.0163265306122449, 0.044897959183673466, 0.0], [0.05343889163780307, 0.09104403760514597, 0.14992577931716972, 0.24047501237011382, 0.23849579416130628, 0.14794656110836218, 0.0376051459673429, 0.029193468579910935, 0.011875309252845126], [0.011179936546306089, 0.023417434657803292, 0.05907236742710379, 0.1371808430276477, 0.25033993050309716, 0.2819156972352319, 0.08702220879286901, 0.11059072367427104, 0.03928085813567004], [0.024390243902439025, 0.04348432055749129, 0.10271777003484321, 0.2103135888501742, 0.2727526132404181, 0.20543554006968642, 0.0721951219512195, 0.05700348432055749, 0.011707317073170732], [0.15384615384615385, 0.12087912087912088, 0.21978021978021978, 0.10989010989010989, 0.16483516483516483, 0.10989010989010989, 0.06593406593406594, 0.054945054945054944, 0.0], [0.011700793982448809, 0.03440590611505781, 0.10140688118122301, 0.22635464549380135, 0.26675024376654133, 0.18024794539629474, 0.06741886056553838, 0.0814876723777685, 0.03022705112132609], [0.06997176027612174, 0.09224976466896768, 0.1675556950109821, 0.24819579541888923, 0.21368057734546594, 0.10260433009099466, 0.03922183871979919, 0.03796673988076561, 0.028553498588013804], [0.296, 0.192, 0.196, 0.132, 0.084, 0.04, 0.056, 0.004, 0.0], [0.05030849549121975, 0.10132890365448505, 0.16919791172282866, 0.25, 0.18806359753203608, 0.11212624584717608, 0.04983388704318937, 0.05600379686758424, 0.023137161841480777], [0.008047210300429184, 0.017703862660944206, 0.03648068669527897, 0.125, 0.18562231759656653, 0.22371244635193133, 0.125, 0.1813304721030043, 0.0971030042918455], [0.044976423648893725, 0.06964091403699674, 0.14544795067101923, 0.22814653608995283, 0.2426550598476605, 0.15850562205295612, 0.05223068552774755, 0.043162858179180266, 0.015233949945593036], [0.062449310624493104, 0.12935928629359286, 0.19525547445255476, 0.2712895377128954, 0.18491484184914841, 0.08799675587996755, 0.03527980535279805, 0.026561232765612328, 0.006893755068937551], [0.026020217147135906, 0.06888805690752527, 0.13028828154249344, 0.22725570947210783, 0.25196555597154624, 0.16885061774616247, 0.057281916885061776, 0.05260202171471359, 0.01684762261325346], [0.02796253563187186, 0.06162617076150401, 0.11388624949097326, 0.22451472784036922, 0.2517985611510791, 0.1751051988597801, 0.06569838468847564, 0.05823265915569431, 0.021175512420252476], [0.01057921184871727, 0.03438243850833113, 0.09468394604601957, 0.19888918275588469, 0.282993916953187, 0.2023274266067178, 0.07881512827294367, 0.07537688442211055, 0.021951864586088336], [0.035696579077838374, 0.061973227565691624, 0.12196331184928111, 0.20872583044124937, 0.23202776400594943, 0.1487357461576599, 0.07288051561725335, 0.07734258800198314, 0.0406544372830937], [0.03220169745381927, 0.06814777833250125, 0.1585122316525212, 0.24787818272591114, 0.2289066400399401, 0.1397903145282077, 0.050424363454817774, 0.053669495756365454, 0.020469296055916127], [0.025582283314242078, 0.05899198167239404, 0.12943871706758306, 0.2376861397479954, 0.24494081710576557, 0.18346697212676594, 0.05078274150439099, 0.05097365406643757, 0.018136693394425352], [0.14925373134328357, 0.1044776119402985, 0.11940298507462686, 0.2537313432835821, 0.16417910447761194, 0.08955223880597014, 0.029850746268656716, 0.07462686567164178, 0.014925373134328358], [0.013095861707700367, 0.03339444735463593, 0.09520691461498167, 0.23978522786799372, 0.2926925091671032, 0.16291251964379255, 0.0751702462022001, 0.06953902566788894, 0.01820324777370351], [0.009098862642169728, 0.023097112860892388, 0.0563429571303587, 0.1483814523184602, 0.2531933508311461, 0.2416447944006999, 0.10866141732283464, 0.11863517060367454, 0.04094488188976378], [0.017057084375710713, 0.038094155105753924, 0.07050261541960427, 0.16056402092335684, 0.27223106663634294, 0.22299294973845804, 0.09597452808733227, 0.09802137821241756, 0.024562201501023426], [0.02321083172147002, 0.04642166344294004, 0.14119922630560927, 0.2611218568665377, 0.3152804642166344, 0.16054158607350097, 0.029013539651837523, 0.02321083172147002, 0.0], [0.01056574776678513, 0.028719623475170493, 0.07155892805686294, 0.14638363269618673, 0.2335030256459514, 0.26942656805302084, 0.09710882720199789, 0.11574296417250984, 0.026990682931514742], [0.012583412774070544, 0.038989513822688275, 0.12297426120114395, 0.26825548141086747, 0.31897044804575786, 0.1572926596758818, 0.04785510009532888, 0.028598665395614873, 0.00448045757864633], [0.016724257083621286, 0.04091223220456116, 0.09246717346233586, 0.24312370421561852, 0.27712508638562544, 0.18493434692467173, 0.07062888735314443, 0.06413268832066345, 0.00995162404975812], [0.008365508365508366, 0.029118404118404117, 0.08365508365508366, 0.21846846846846846, 0.2525740025740026, 0.21203346203346204, 0.07384169884169885, 0.08815958815958816, 0.033783783783783786], [0.0717766947275144, 0.10943730615861763, 0.1648205582631812, 0.2405848471422242, 0.19229065130704476, 0.12893221089942403, 0.03898980948161276, 0.04031900753212229, 0.01284891448825875], [0.053446940356312936, 0.06893880712625872, 0.10766847405112316, 0.21920991479473276, 0.2579395817195972, 0.17815646785437644, 0.047250193648334625, 0.05112316034082107, 0.016266460108443067], [0.037546528564492636, 0.08237578896261531, 0.1718724712736689, 0.2772293251335167, 0.22349894804984624, 0.11830393267519015, 0.03884123644602686, 0.0393267519016022, 0.011005016993040946], [0.02054794520547945, 0.04547945205479452, 0.09479452054794521, 0.20246575342465753, 0.2463013698630137, 0.17506849315068493, 0.07863013698630136, 0.08657534246575342, 0.05013698630136986], [0.018327605956471937, 0.04513172966781214, 0.12210767468499427, 0.23528064146620847, 0.2524627720504009, 0.18281786941580755, 0.06460481099656358, 0.061168384879725084, 0.01809851088201604], [0.02275960170697013, 0.06315789473684211, 0.15049786628733997, 0.270697012802276, 0.25931721194879087, 0.13669985775248933, 0.050355618776671406, 0.03911806543385491, 0.007396870554765292], [0.020786376158276984, 0.046831955922865015, 0.1184573002754821, 0.24818432256448786, 0.2724768344603055, 0.15326821938392185, 0.06311044327573254, 0.05559729526671676, 0.02128725269221137], [0.017275006965728614, 0.03399275564224018, 0.08163833937029813, 0.1989412092504876, 0.25160211758149903, 0.2098077458902201, 0.07968793535803845, 0.09752020061298412, 0.029534689328503762], [0.012774010408452925, 0.04226462703043684, 0.12931714240656048, 0.2442832360826368, 0.2477527203911055, 0.16275035483362246, 0.059296640908374075, 0.07159753982021763, 0.029963728118593283], [0.010287654814222932, 0.035757091490211744, 0.0982820615261686, 0.19057131442269276, 0.2509988014382741, 0.23232121454254895, 0.07900519376747903, 0.08110267678785457, 0.021673991210547344], [0.009489324509926332, 0.028967411661880386, 0.09564240229741541, 0.2379822699463104, 0.3021600699213385, 0.21051317268073416, 0.05756024472468473, 0.04931951554501186, 0.008365588712698215], [0.22477064220183487, 0.10550458715596331, 0.20642201834862386, 0.20642201834862386, 0.14678899082568808, 0.05045871559633028, 0.01834862385321101, 0.04128440366972477, 0.0]]}, "ranksDetailed": {"labels": ["Unranked", "Combatatant", "Challenger", "Rival", "Duelist", "Elite"], "data": [[0.14285714285714285, 0.3551020408163265, 0.34285714285714286, 0.11428571428571428, 0.044897959183673466, 0.0], [0.05343889163780307, 0.24096981692231567, 0.4789708065314201, 0.1855517070757051, 0.029193468579910935, 0.011875309252845126], [0.011179936546306089, 0.08248980208490708, 0.3875207735307448, 0.36893790602810095, 0.11059072367427104, 0.03928085813567004], [0.024390243902439025, 0.1462020905923345, 0.4830662020905923, 0.2776306620209059, 0.05700348432055749, 0.011707317073170732], [0.15384615384615385, 0.34065934065934067, 0.27472527472527475, 0.17582417582417584, 0.054945054945054944, 0.0], [0.011700793982448809, 0.13581278729628082, 0.4931048892603427, 0.24766680596183313, 0.0814876723777685, 0.03022705112132609], [0.06997176027612174, 0.2598054596799498, 0.46187637276435517, 0.14182616881079385, 0.03796673988076561, 0.028553498588013804], [0.296, 0.388, 0.216, 0.096, 0.004, 0.0], [0.05030849549121975, 0.2705268153773137, 0.43806359753203605, 0.16196013289036545, 0.05600379686758424, 0.023137161841480777], [0.008047210300429184, 0.054184549356223174, 0.3106223175965665, 0.3487124463519313, 0.1813304721030043, 0.0971030042918455], [0.044976423648893725, 0.21508886470801597, 0.47080159593761334, 0.21073630758070366, 0.043162858179180266, 0.015233949945593036], [0.062449310624493104, 0.3246147607461476, 0.4562043795620438, 0.12327656123276562, 0.026561232765612328, 0.006893755068937551], [0.026020217147135906, 0.19917633845001873, 0.47922126544365407, 0.22613253463122426, 0.05260202171471359, 0.01684762261325346], [0.02796253563187186, 0.17551242025247726, 0.47631328899144837, 0.24080358354825573, 0.05823265915569431, 0.021175512420252476], [0.01057921184871727, 0.1290663845543507, 0.48188309970907167, 0.28114255487966144, 0.07537688442211055, 0.021951864586088336], [0.035696579077838374, 0.18393653941497273, 0.4407535944471988, 0.22161626177491323, 0.07734258800198314, 0.0406544372830937], [0.03220169745381927, 0.22666000998502248, 0.4767848227658512, 0.19021467798302547, 0.053669495756365454, 0.020469296055916127], [0.025582283314242078, 0.1884306987399771, 0.482626956853761, 0.23424971363115693, 0.05097365406643757, 0.018136693394425352], [0.14925373134328357, 0.22388059701492538, 0.417910447761194, 0.11940298507462686, 0.07462686567164178, 0.014925373134328358], [0.013095861707700367, 0.1286013619696176, 0.5324777370350969, 0.23808276584599267, 0.06953902566788894, 0.01820324777370351], [0.009098862642169728, 0.0794400699912511, 0.4015748031496063, 0.35030621172353454, 0.11863517060367454, 0.04094488188976378], [0.017057084375710713, 0.1085967705253582, 0.4327950875596998, 0.3189674778257903, 0.09802137821241756, 0.024562201501023426], [0.02321083172147002, 0.18762088974854932, 0.5764023210831721, 0.1895551257253385, 0.02321083172147002, 0.0], [0.01056574776678513, 0.10027855153203342, 0.37988665834213814, 0.3665353952550187, 0.11574296417250984, 0.026990682931514742], [0.012583412774070544, 0.16196377502383222, 0.5872259294566253, 0.20514775977121066, 0.028598665395614873, 0.00448045757864633], [0.016724257083621286, 0.13337940566689702, 0.520248790601244, 0.2555632342778162, 0.06413268832066345, 0.00995162404975812], [0.008365508365508366, 0.11277348777348778, 0.47104247104247104, 0.28587516087516085, 0.08815958815958816, 0.033783783783783786], [0.0717766947275144, 0.27425786442179884, 0.4328754984492689, 0.16792202038103676, 0.04031900753212229, 0.01284891448825875], [0.053446940356312936, 0.17660728117738186, 0.47714949651433, 0.22540666150271108, 0.05112316034082107, 0.016266460108443067], [0.037546528564492636, 0.25424826023628416, 0.500728273183363, 0.15714516912121704, 0.0393267519016022, 0.011005016993040946], [0.02054794520547945, 0.14027397260273972, 0.4487671232876712, 0.2536986301369863, 0.08657534246575342, 0.05013698630136986], [0.018327605956471937, 0.1672394043528064, 0.4877434135166094, 0.24742268041237114, 0.061168384879725084, 0.01809851088201604], [0.02275960170697013, 0.21365576102418207, 0.5300142247510669, 0.18705547652916074, 0.03911806543385491, 0.007396870554765292], [0.020786376158276984, 0.1652892561983471, 0.5206611570247934, 0.21637866265965439, 0.05559729526671676, 0.02128725269221137], [0.017275006965728614, 0.1156310950125383, 0.4505433268319866, 0.2894956812482586, 0.09752020061298412, 0.029534689328503762], [0.012774010408452925, 0.17158176943699732, 0.4920359564737423, 0.22204699574199652, 0.07159753982021763, 0.029963728118593283], [0.010287654814222932, 0.13403915301638034, 0.44157011586096684, 0.31132640831002795, 0.08110267678785457, 0.021673991210547344], [0.009489324509926332, 0.1246098139592958, 0.5401423398676489, 0.2680734174054189, 0.04931951554501186, 0.008365588712698215], [0.22477064220183487, 0.3119266055045872, 0.3532110091743119, 0.06880733944954129, 0.04128440366972477, 0.0]]}}}, "eu": {"histType": {"histogram": {"labels": ["0", "100", "200", "300", "400", "500", "600", "700", "800", "900", "1000", "1100", "1200", "1300", "1400", "1500", "1600", "1700", "1800", "1900", "2000", "2100", "2200", "2300", "2400", "2500", "2600", "2700", "2800", "2900", "3000"], "data": [[0.0, 0.0, 0.0, 0.0, 0.0, 0.010526315789473684, 0.010526315789473684, 0.021052631578947368, 0.05263157894736842, 0.05263157894736842, 0.07894736842105263, 0.05789473684210526, 0.06315789473684211, 0.11052631578947368, 0.12105263157894737, 0.11578947368421053, 0.09473684210526316, 0.07368421052631578, 0.05263157894736842, 0.031578947368421054, 0.010526315789473684, 0.015789473684210527, 0.010526315789473684, 0.010526315789473684, 0.005263157894736842, 0.0, 0.0, 0.0, 0.0, 0.0, 0.0], [0.0, 0.0, 0.001053740779768177, 0.001053740779768177, 0.001053740779768177, 0.0026343519494204425, 0.004741833508956797, 0.008956796628029505, 0.0184404636459431, 0.02897787144362487, 0.037407797681770286, 0.0547945205479452, 0.07112750263435196, 0.09009483667017913, 0.1232876712328767, 0.1232876712328767, 0.14857744994731295, 0.08113804004214963, 0.11749209694415173, 0.03530031612223393, 0.0136986301369863, 0.019494204425711276, 0.0036880927291886197, 0.004741833508956797, 0.004741833508956797, 0.0015806111696522655, 0.0026343519494204425, 0.0, 0.0, 0.0, 0.0], [0.0, 0.0, 0.0, 0.00016168148746968473, 0.00016168148746968473, 0.00016168148746968473, 0.00032336297493936947, 0.0017784963621665319, 0.003395311236863379, 0.004365400161681488, 0.011156022635408245, 0.016814874696847212, 0.025222312045270815, 0.032497978981406626, 0.057720291026677445, 0.08229587712206952, 0.13678253839935328, 0.10945836701697656, 0.22473726758286175, 0.08439773645917542, 0.05917542441390461, 0.07113985448666128, 0.027162489894907032, 0.013581244947453516, 0.02053354890864996, 0.00889248181083266, 0.003395311236863379, 0.003880355699272433, 0.0008084074373484236, 0.0, 0.0], [0.0, 0.0, 0.0, 0.00013280212483399734, 0.00013280212483399734, 0.0002656042496679947, 0.0009296148738379814, 0.0029216467463479417, 0.0045152722443559095, 0.009561752988047808, 0.019123505976095617, 0.02908366533864542, 0.03851261620185923, 0.05205843293492696, 0.08844621513944223, 0.1204515272244356, 0.1652058432934927, 0.11673306772908366, 0.16706507304116866, 0.07423638778220451, 0.039442231075697214, 0.04249667994687915, 0.011819389110225764, 0.0045152722443559095, 0.007569721115537849, 0.0021248339973439574, 0.0005312084993359894, 0.0017264276228419655, 0.00039840637450199205, 0.0, 0.0], [0.0, 0.0, 0.0, 0.0, 0.0, 0.021739130434782608, 0.021739130434782608, 0.05434782608695652, 0.05434782608695652, 0.03260869565217391, 0.08695652173913043, 0.10869565217391304, 0.03260869565217391, 0.03260869565217391, 0.09782608695652174, 0.08695652173913043, 0.05434782608695652, 0.08695652173913043, 0.06521739130434782, 0.06521739130434782, 0.021739130434782608, 0.043478260869565216, 0.010869565217391304, 0.010869565217391304, 0.0, 0.010869565217391304, 0.0, 0.0, 0.0, 0.0, 0.0], [0.0, 0.00014076576576576576, 0.00014076576576576576, 0.00028153153153153153, 0.0004222972972972973, 0.00014076576576576576, 0.0004222972972972973, 0.0021114864864864866, 0.0029560810810810812, 0.006756756756756757, 0.012809684684684684, 0.021114864864864864, 0.036317567567567564, 0.05912162162162162, 0.09375, 0.11697635135135136, 0.15146396396396397, 0.10529279279279279, 0.15315315315315314, 0.07347972972972973, 0.042088963963963964, 0.057291666666666664, 0.022804054054054054, 0.009149774774774775, 0.016751126126126125, 0.00731981981981982, 0.003519144144144144, 0.002393018018018018, 0.001829954954954955, 0.0, 0.0], [0.00028935185185185184, 0.00028935185185185184, 0.00028935185185185184, 0.001736111111111111, 0.003472222222222222, 0.0026041666666666665, 0.003761574074074074, 0.011284722222222222, 0.02025462962962963, 0.028645833333333332, 0.04311342592592592, 0.05931712962962963, 0.07928240740740741, 0.08883101851851852, 0.0998263888888889, 0.12789351851851852, 0.12355324074074074, 0.0775462962962963, 0.07899305555555555, 0.045717592592592594, 0.02459490740740741, 0.026041666666666668, 0.012152777777777778, 0.007523148148148148, 0.012152777777777778, 0.00636574074074074, 0.00636574074074074, 0.004050925925925926, 0.004050925925925926, 0.0, 0.0], [0.0, 0.0, 0.0, 0.0, 0.0, 0.022857142857142857, 0.005714285714285714, 0.05714285714285714, 0.02857142857142857, 0.08, 0.07428571428571429, 0.09714285714285714, 0.08571428571428572, 0.06857142857142857, 0.11428571428571428, 0.13142857142857142, 0.08571428571428572, 0.06857142857142857, 0.017142857142857144, 0.02857142857142857, 0.03428571428571429, 0.0, 0.0, 0.0, 0.0, 0.0, 0.0, 0.0, 0.0, 0.0, 0.0], [0.0003546099290780142, 0.00011820330969267139, 0.00047281323877068556, 0.00047281323877068556, 0.0009456264775413711, 0.0015366430260047282, 0.002718676122931442, 0.006973995271867612, 0.014775413711583925, 0.024940898345153666, 0.042198581560283686, 0.0591016548463357, 0.08486997635933806, 0.09208037825059101, 0.10851063829787234, 0.12316784869976359, 0.1173758865248227, 0.0743498817966903, 0.0859338061465721, 0.046335697399527184, 0.032624113475177303, 0.029432624113475178, 0.016312056737588652, 0.01016548463356974, 0.012647754137115838, 0.004728132387706856, 0.00508274231678487, 0.0017730496453900709, 0.0, 0.0, 0.0], [0.0, 0.0, 0.0, 0.0, 0.0005254860746190226, 0.0, 0.0015764582238570678, 0.0005254860746190226, 0.0021019442984760903, 0.004203888596952181, 0.003152916447714