{"region": {"us": {"histType": {"histogram": {"labels": ["0", "100", "200", "300", "400", "500", "600", "700", "800", "900", "1000", "1100", "1200", "1300", "1400", "1500", "1600", "1700", "1800", "1900", "2000", "2100", "2200", "2300", "2400", "2500", "2600", "2700", "2800", "2900", "3000", "3100", "3200"], "data": [[0.0, 0.0, 0.0031545741324921135, 0.006309148264984227, 0.0031545741324921135, 0.00473186119873817, 0.014195583596214511, 0.015772870662460567, 0.03943217665615142, 0.04574132492113565, 0.08832807570977919, 0.10252365930599369, 0.1167192429022082, 0.12618296529968454, 0.12145110410094637, 0.09779179810725552, 0.07255520504731862, 0.04258675078864353, 0.050473186119873815, 0.02050473186119874, 0.012618296529968454, 0.007886435331230283, 0.0031545741324921135, 0.0015772870662460567, 0.0031545741324921135, 0.0, 0.0, 0.0, 0.0, 0.0, 0.0, 0.0, 0.0], [0.0, 0.0002723311546840959, 0.0, 0.0002723311546840959, 0.0010893246187363835, 0.002178649237472767, 0.0054466230936819175, 0.010076252723311547, 0.015250544662309368, 0.02832244008714597, 0.04003267973856209, 0.054466230936819175, 0.08360566448801743, 0.09014161220043573, 0.12418300653594772, 0.13480392156862744, 0.14978213507625274, 0.08251633986928104, 0.10702614379084967, 0.03404139433551198, 0.01579520697167756, 0.007625272331154684, 0.004901960784313725, 0.0029956427015250544, 0.0024509803921568627, 0.0005446623093681918, 0.0010893246187363835, 0.0010893246187363835, 0.0, 0.0, 0.0, 0.0, 0.0], [0.00011588828369451848, 0.0, 0.0, 0.00023177656738903696, 0.00023177656738903696, 0.00023177656738903696, 0.00023177656738903696, 0.0005794414184725924, 0.0025495422412794067, 0.003360760227141036, 0.005214972766253332, 0.007416850156449183, 0.012168269787924442, 0.01912156680959555, 0.025031869278015994, 0.03905435160505273, 0.14022482327036737, 0.15123421022134662, 0.33456947502607487, 0.08691621277088886, 0.049252520570170356, 0.06037779580484413, 0.021323444199791403, 0.008923397844477923, 0.019932784795457178, 0.005678525901031406, 0.0032448719434465174, 0.0023177656738903696, 0.0, 0.0004635531347780739, 0.0, 0.0, 0.0], [0.0, 0.0, 0.0, 0.0, 0.00011331444759206799, 0.00011331444759206799, 0.0007932011331444759, 0.0018130311614730878, 0.004759206798866856, 0.00793201133144476, 0.011671388101983003, 0.013257790368271955, 0.025835694050991502, 0.02923512747875354, 0.04339943342776204, 0.05257790368271955, 0.07286118980169971, 0.04498583569405099, 0.28929178470254957, 0.14039660056657224, 0.08543909348441926, 0.09019830028328613, 0.03297450424929178, 0.012464589235127478, 0.022889518413597734, 0.007705382436260623, 0.0056657223796034, 0.0031728045325779036, 0.00045325779036827196, 0.0, 0.0, 0.0, 0.0], [0.0, 0.0, 0.0, 0.0, 0.01092896174863388, 0.01092896174863388, 0.0273224043715847, 0.0273224043715847, 0.04918032786885246, 0.0546448087431694, 0.07103825136612021, 0.08743169398907104, 0.09836065573770492, 0.10382513661202186, 0.08743169398907104, 0.1092896174863388, 0.07103825136612021, 0.04918032786885246, 0.060109289617486336, 0.03278688524590164, 0.03278688524590164, 0.01092896174863388, 0.00546448087431694, 0.0, 0.0, 0.0, 0.0, 0.0, 0.0, 0.0, 0.0, 0.0, 0.0], [0.0, 0.0, 0.0, 0.0, 0.0, 0.0, 0.0, 0.0013514918390685102, 0.0013514918390685102, 0.004782201892088575, 0.007173302838132862, 0.011643621998128703, 0.05229233808088159, 0.09138164050317081, 0.1170599854454725, 0.1416987212807984, 0.1688325189728662, 0.10177773157292858, 0.13774820667429047, 0.05312402536646221, 0.031915999584156356, 0.03649027965484978, 0.015490175693939078, 0.007173302838132862, 0.009772325605572304, 0.005094084624181308, 0.0023911009460442873, 0.0008316872855806217, 0.0005198045534878886, 0.0, 0.00010396091069757771, 0.0, 0.0], [0.0, 0.0004272591326639607, 0.000640888698995941, 0.002349925229651784, 0.0019226660969878231, 0.003631702627643666, 0.007049775688955351, 0.013245033112582781, 0.021149327066866053, 0.035248878444776754, 0.04913480025635548, 0.06942960905789361, 0.09591967528305917, 0.11429181798760948, 0.11642811365092928, 0.12048707541123692, 0.11770989104892117, 0.06857509079256568, 0.0717795342875454, 0.029053621021149327, 0.016876735740226446, 0.016235847041230506, 0.009186071352275156, 0.004913480025635548, 0.00598162785729545, 0.003204443494979705, 0.002990813928647725, 0.0014954069643238624, 0.00021362956633198035, 0.0, 0.0004272591326639607, 0.0, 0.0], [0.002890173410404624, 0.0, 0.0, 0.008670520231213872, 0.011560693641618497, 0.02023121387283237, 0.014450867052023121, 0.04335260115606936, 0.05491329479768786, 0.1069364161849711, 0.10982658959537572, 0.1329479768786127, 0.11271676300578035, 0.10115606936416185, 0.07225433526011561, 0.06936416184971098, 0.04335260115606936, 0.023121387283236993, 0.031791907514450865, 0.031791907514450865, 0.002890173410404624, 0.0, 0.002890173410404624, 0.002890173410404624, 0.0, 0.0, 0.0, 0.0, 0.0, 0.0, 0.0, 0.0, 0.0], [0.0003084198622391282, 0.00020561324149275214, 0.0005140331037318803, 0.0003084198622391282, 0.0005140331037318803, 0.0012336794489565127, 0.001542099311195641, 0.004215071450601419, 0.007710496555978205, 0.016037832836434666, 0.02611288166957952, 0.03474863781227511, 0.04215071450601419, 0.04749665878482574, 0.06024467975737637, 0.11627428806415133, 0.1851547239642233, 0.12295671841266577, 0.1353963195229773, 0.06137555258558651, 0.039477742366608407, 0.03988896884959391, 0.018196771872108563, 0.013776087180014393, 0.015112573249717282, 0.005037524416572427, 0.002981392001644906, 0.0007196463452246325, 0.0003084198622391282, 0.0, 0.0, 0.0, 0.0], [0.0, 0.0, 0.0, 0.0, 0.00039308176100628933, 0.0007861635220125787, 0.0011792452830188679, 0.0011792452830188679, 0.0023584905660377358, 0.008647798742138365, 0.012578616352201259, 0.01690251572327044, 0.02240566037735849, 0.03773584905660377, 0.059748427672955975, 0.0770440251572327, 0.10220125786163523, 0.08922955974842767, 0.17885220125786164, 0.06878930817610063, 0.07429245283018868, 0.09748427672955975, 0.04363207547169811, 0.018081761006289308, 0.04874213836477988, 0.013757861635220126, 0.01061320754716981, 0.009433962264150943, 0.002751572327044025, 0.0011792452830188679, 0.0, 0.0, 0.0], [0.0, 0.0, 0.00019286403085824494, 0.0, 0.0013500482160077145, 0.0007714561234329798, 0.0023143683702989393, 0.0036644165863066536, 0.007907425265188043, 0.015814850530376085, 0.021986499517839923, 0.03278688524590164, 0.0553519768563163, 0.0665380906460945, 0.10588235294117647, 0.12844744455159113, 0.15216972034715526, 0.09604628736740597, 0.14214079074252653, 0.05824493731918997, 0.03548698167791707, 0.03452266152362585, 0.013693346190935391, 0.007907425265188043, 0.008871745419479268, 0.0034715525554484088, 0.003085824493731919, 0.0011571841851494697, 0.00019286403085824494, 0.0, 0.0, 0.0, 0.0], [0.0, 0.0002998500749625187, 0.0013493253373313343, 0.0014992503748125937, 0.001649175412293853, 0.0031484257871064467, 0.007046476761619191, 0.012593703148425787, 0.021289355322338832, 0.037781109445277364, 0.0616191904047976, 0.07616191904047977, 0.10134932533733133, 0.12173913043478261, 0.13658170914542728, 0.12038980509745127, 0.10734632683658171, 0.05937031484257871, 0.05847076461769116, 0.025037481259370314, 0.015442278860569715, 0.012293853073463269, 0.007796101949025487, 0.0037481259370314842, 0.002548725637181409, 0.002098950524737631, 0.0011994002998500749, 0.00014992503748125936, 0.0, 0.0, 0.0, 0.0, 0.0], [0.0, 0.0, 0.0, 0.0, 0.0001248595330253465, 0.000499438132101386, 0.0018728929953801972, 0.001997752528405544, 0.004494943188912474, 0.005244100387064552, 0.013235110500686728, 0.0196029466849794, 0.02771881633162692, 0.0338369334498689, 0.04919465601198651, 0.11212386065676114, 0.21213634661006367, 0.14146585091771757, 0.1890373330003746, 0.06729928830066176, 0.038581595704832064, 0.0373330003745786, 0.01560744162816831, 0.009114745910850293, 0.012485953302534648, 0.0036209264577350482, 0.002247471594456237, 0.0006242976651267324, 0.000499438132101386, 0.0, 0.0, 0.0, 0.0], [0.0002020814388198444, 0.0, 0.0, 0.0001010407194099222, 0.0001010407194099222, 0.0003031221582297666, 0.0012124886329190664, 0.0018187329493785996, 0.00414266949580681, 0.009901990502172376, 0.01606547438617763, 0.018995655249065373, 0.06668687481054865, 0.10275841163989087, 0.12630089926240276, 0.13266646458522785, 0.15641103364655956, 0.1010407194099222, 0.12165302616954633, 0.05102556330201071, 0.027786197837728604, 0.029503890067697283, 0.011720723451550974, 0.004748913812266343, 0.007578053955744165, 0.002728099424067899, 0.0025260179852480548, 0.0006062443164595332, 0.0007072850358694554, 0.0006062443164595332, 0.0001010407194099222, 0.0, 0.0], [0.0, 0.0, 0.0001973164956590371, 0.0001973164956590371, 0.0003946329913180742, 0.0003946329913180742, 0.0009865824782951855, 0.001775848460931334, 0.004538279400157853, 0.00749802683504341, 0.014798737174427782, 0.026243093922651933, 0.04755327545382794, 0.06689029202841358, 0.09885556432517759, 0.11937647987371744, 0.16199684293606945, 0.11878453038674033, 0.15015785319652722, 0.06807419100236779, 0.043409629044988164, 0.03255722178374112, 0.012825572217837412, 0.007300710339384372, 0.008681925808997633, 0.0031570639305445935, 0.001775848460931334, 0.0007892659826361484, 0.0, 0.0007892659826361484, 0.0, 0.0, 0.0], [0.0, 0.00026143790849673205, 0.00026143790849673205, 0.00026143790849673205, 0.0018300653594771241, 0.002352941176470588, 0.001568627450980392, 0.0044444444444444444, 0.011241830065359478, 0.019084967320261437, 0.02954248366013072, 0.04679738562091503, 0.06849673202614379, 0.09254901960784313, 0.11006535947712419, 0.12418300653594772, 0.13124183006535947, 0.1003921568627451, 0.10169934640522876, 0.04496732026143791, 0.02980392156862745, 0.03241830065359477, 0.01647058823529412, 0.006535947712418301, 0.01281045751633987, 0.005490196078431373, 0.00261437908496732, 0.0018300653594771241, 0.0005228758169934641, 0.00026143790849673205, 0.0, 0.0, 0.0], [0.0001959631589261219, 0.0001959631589261219, 0.0007838526357044876, 0.0009798157946306093, 0.0003919263178522438, 0.0015677052714089751, 0.0031354105428179502, 0.006858710562414266, 0.012345679012345678, 0.020380168528316676, 0.03331373701744072, 0.053497942386831275, 0.07662159514011366, 0.10484029002547521, 0.12345679012345678, 0.12561238487164414, 0.13345091122868902, 0.08132471095434059, 0.10954340583970214, 0.04056437389770723, 0.022143836958651773, 0.023319615912208505, 0.009994121105232217, 0.004703115814226925, 0.0054869684499314125, 0.0015677052714089751, 0.0015677052714089751, 0.0013717421124828531, 0.0003919263178522438, 0.0003919263178522438, 0.0, 0.0, 0.0], [0.0, 0.0, 0.00012233912405187178, 0.00024467824810374357, 0.0003670173721556154, 0.00012233912405187178, 0.0008563738683631026, 0.0018350868607780767, 0.002813799853193051, 0.006361634450697333, 0.01235625152923905, 0.014680694886224614, 0.05456324932713482, 0.10570100318081722, 0.13347198434059213, 0.1404453144115488, 0.16295571323709324, 0.09909469048201615, 0.1508441399559579, 0.04061658918522144, 0.02189870320528505, 0.02397846831416687, 0.009175434303890385, 0.005749938830437974, 0.0064839735747492045, 0.0020797651088818206, 0.0018350868607780767, 0.0008563738683631026, 0.00012233912405187178, 0.0003670173721556154, 0.0, 0.0, 0.0], [0.0, 0.0, 0.0, 0.006944444444444444, 0.006944444444444444, 0.006944444444444444, 0.0, 0.027777777777777776, 0.034722222222222224, 0.09027777777777778, 0.04861111111111111, 0.10416666666666667, 0.08333333333333333, 0.06944444444444445, 0.04861111111111111, 0.10416666666666667, 0.1111111111111111, 0.08333333333333333, 0.041666666666666664, 0.020833333333333332, 0.020833333333333332, 0.020833333333333332, 0.034722222222222224, 0.0, 0.006944444444444444, 0.013888888888888888, 0.0, 0.013888888888888888, 0.0, 0.0, 0.0, 0.0, 0.0], [0.00021558693543171284, 0.00010779346771585642, 0.0, 0.0, 0.0, 0.00010779346771585642, 0.00021558693543171284, 0.0009701412094427077, 0.0023714562897488413, 0.004742912579497683, 0.00754554274010995, 0.010455966368438072, 0.022205454349466424, 0.03039775789587151, 0.08634256764040099, 0.18831518809960116, 0.20836477309475046, 0.13592756278969495, 0.13722108440228523, 0.062089037404333296, 0.03373935539506306, 0.03492508353993748, 0.013474183464482052, 0.005174086450361108, 0.008515683949552657, 0.0030182170960439797, 0.002587043225180554, 0.00032338040314756927, 0.0006467608062951385, 0.0, 0.0, 0.0, 0.0], [0.0, 0.0, 0.0, 0.00011746740279572419, 0.0, 0.00011746740279572419, 0.0010572066251615176, 0.00035240220838717257, 0.001292141430752966, 0.0022318806531187595, 0.004463761306237519, 0.007048044167743451, 0.011629272876776694, 0.016093034183014214, 0.08140491013743686, 0.12357570774110184, 0.1724421473041231, 0.14049101374368614, 0.18900505109832022, 0.08434159520732996, 0.05262539645248444, 0.05356513567485023, 0.01938212146129449, 0.009984729237636556, 0.01703277340538001, 0.005638435334194761, 0.0034065546810760016, 0.0016445436391401386, 0.00035240220838717257, 0.00023493480559144838, 0.00046986961118289676, 0.0, 0.0], [0.00019042178425211843, 9.521089212605922e-05, 0.0, 0.00019042178425211843, 0.00019042178425211843, 0.0005712653527563553, 0.0007616871370084737, 0.0018090069503951252, 0.002951537655907836, 0.0057126535275635534, 0.010568409025992574, 0.013615157574026468, 0.017518804151194896, 0.024945253737027516, 0.09273540893078168, 0.12758259544891937, 0.15652670665524135, 0.12977244596781873, 0.17633057221746168, 0.08188136722841093, 0.04931924212129868, 0.053413310482719224, 0.021232028944111206, 0.010758830810244691, 0.01475768827953918, 0.003808435685042369, 0.0019042178425211845, 0.00038084356850423686, 0.0004760544606302961, 0.0, 0.0, 0.0, 0.0], [0.0, 0.0, 0.0, 0.0014970059880239522, 0.0014970059880239522, 0.0, 0.0014970059880239522, 0.0074850299401197605, 0.0074850299401197605, 0.0074850299401197605, 0.01347305389221557, 0.025449101796407185, 0.04491017964071856, 0.09131736526946108, 0.12275449101796407, 0.1751497005988024, 0.1661676646706587, 0.11976047904191617, 0.12125748502994012, 0.05089820359281437, 0.025449101796407185, 0.014970059880239521, 0.0014970059880239522, 0.0, 0.0, 0.0, 0.0, 0.0, 0.0, 0.0, 0.0, 0.0, 0.0], [0.0, 0.0, 0.0, 8.77963125548727e-05, 0.0, 8.77963125548727e-05, 0.0002633889376646181, 0.0007901668129938542, 0.0016681299385425813, 0.004741000877963125, 0.007550482879719052, 0.012818261633011413, 0.021158911325724318, 0.027568042142230027, 0.04047410008779631, 0.048726953467954345, 0.17146619841966637, 0.14925373134328357, 0.24653204565408252, 0.09209833187006146, 0.050746268656716415, 0.06935908691834942, 0.021246707638279193, 0.008252853380158033, 0.014135206321334503, 0.004741000877963125, 0.004302019315188762, 0.0014925373134328358, 0.0002633889376646181, 0.0001755926251097454, 0.0, 0.0, 0.0], [9.668374746205163e-05, 9.668374746205163e-05, 9.668374746205163e-05, 0.0, 0.0003867349898482065, 0.0003867349898482065, 0.00029005124238615487, 0.0009668374746205163, 0.0010635212220825678, 0.005220922362950788, 0.009668374746205162, 0.019046698250024172, 0.033065841632021656, 0.0447645750749299, 0.06622836701150536, 0.07763704921202746, 0.14386541622353283, 0.19104708498501402, 0.21135067195204485, 0.08682200522092236, 0.04408778884269554, 0.03693319153050372, 0.013342357149763125, 0.004834187373102581, 0.0047375036256405295, 0.0029005124238615488, 0.0006767862322343614, 0.0003867349898482065, 0.0, 0.0, 0.0, 0.0, 0.0], [0.0, 0.00010777023386140747, 0.0, 0.00010777023386140747, 0.00021554046772281495, 0.0005388511693070374, 0.0007543916370298524, 0.002478715378812372, 0.006358443797823041, 0.012501347127923267, 0.022523978877034164, 0.03610302834357151, 0.05420842763228796, 0.07899558142041169, 0.10184287099903007, 0.13158745554477852, 0.15454251535725833, 0.1111111111111111, 0.13288069835111543, 0.060459101196249594, 0.035779717641987285, 0.029205733376441428, 0.013040198297230306, 0.006573984265545856, 0.0045263498221791145, 0.0028020260803965943, 0.0004310809354456299, 0.00032331070158422246, 0.0, 0.0, 0.0, 0.0, 0.0], [0.0, 0.0, 0.0, 0.0, 0.000496031746031746, 0.000496031746031746, 0.0013640873015873015, 0.0016121031746031745, 0.004216269841269841, 0.008680555555555556, 0.015749007936507936, 0.026537698412698412, 0.041666666666666664, 0.06646825396825397, 0.09883432539682539, 0.12661210317460317, 0.1531498015873016, 0.09970238095238096, 0.1657986111111111, 0.06163194444444445, 0.03695436507936508, 0.040054563492063495, 0.017609126984126984, 0.00744047619047619, 0.011780753968253968, 0.004464285714285714, 0.0038442460317460315, 0.0021081349206349205, 0.001240079365079365, 0.000496031746031746, 0.000992063492063492, 0.0, 0.0], [0.0, 0.00018521948508983145, 0.00018521948508983145, 0.0003704389701796629, 0.0011113169105389886, 0.0011113169105389886, 0.0018521948508983144, 0.007964437858862753, 0.017410631598444155, 0.026486386367845897, 0.044823115391739214, 0.06260418596036303, 0.07797740322281904, 0.10279681422485645, 0.12613446934617523, 0.11928134839785146, 0.1442859788849787, 0.07408779403593257, 0.10279681422485645, 0.028338581218744212, 0.02037414335988146, 0.020003704389701796, 0.007964437858862753, 0.0025930727912576402, 0.0055565845526949435, 0.0012965363956288201, 0.0018521948508983144, 0.0003704389701796629, 0.00018521948508983145, 0.0, 0.0, 0.0, 0.0], [0.0, 0.0, 0.0, 0.0008214676889375684, 0.002738225629791895, 0.0016429353778751369, 0.004107338444687842, 0.007940854326396496, 0.012595837897042717, 0.015060240963855422, 0.02683461117196057, 0.04107338444687842, 0.05914567360350493, 0.08269441401971522, 0.12185104052573932, 0.12869660460021906, 0.14895947426067907, 0.0988499452354874, 0.10898138006571742, 0.04874041621029573, 0.024096385542168676, 0.022727272727272728, 0.012595837897042717, 0.009857612267250822, 0.009857612267250822, 0.0035596933187294635, 0.002190580503833516, 0.0038335158817086527, 0.000547645125958379, 0.0, 0.0, 0.0, 0.0], [0.00022366360993066427, 0.0, 0.0, 0.0, 0.00044732721986132855, 0.00044732721986132855, 0.0016774770744799822, 0.0034667859539252964, 0.004920599418474614, 0.009617535227018564, 0.02918810109595169, 0.05770521136211138, 0.08163721762469246, 0.11563408633415344, 0.1433683739655558, 0.1444866920152091, 0.13598747483784387, 0.07582196376649519, 0.09282039812122568, 0.03287855065980765, 0.021583538358309104, 0.02314918362782375, 0.009953030641914561, 0.004249608588682621, 0.006821740102885261, 0.00156564526951465, 0.0012301498546186534, 0.000782822634757325, 0.0, 0.0003354954148959964, 0.0, 0.0, 0.0], [0.0, 0.0, 0.0, 0.0002824858757062147, 0.00014124293785310735, 0.00014124293785310735, 0.0014124293785310734, 0.000423728813559322, 0.00211864406779661, 0.004661016949152543, 0.008050847457627118, 0.021045197740112993, 0.05649717514124294, 0.08375706214689266, 0.10649717514124293, 0.1292372881355932, 0.15494350282485875, 0.10282485875706214, 0.14675141242937853, 0.05875706214689266, 0.03389830508474576, 0.03686440677966102, 0.01694915254237288, 0.007344632768361582, 0.01327683615819209, 0.00480225988700565, 0.004661016949152543, 0.002824858757062147, 0.0009887005649717514, 0.0005649717514124294, 0.0002824858757062147, 0.0, 0.0], [0.0, 0.0, 0.0, 0.0, 0.0008936550491510277, 0.0014298480786416443, 0.002680965147453083, 0.004647006255585344, 0.0071492403932082215, 0.018230563002680965, 0.028775692582663093, 0.04128686327077748, 0.06916890080428954, 0.09133154602323502, 0.11492403932082217, 0.13404825737265416, 0.14226988382484362, 0.09222520107238606, 0.1229669347631814, 0.04629133154602323, 0.02806076854334227, 0.02484361036639857, 0.009830205540661306, 0.003932082216264522, 0.005719392314566577, 0.0010723860589812334, 0.003932082216264522, 0.0032171581769436996, 0.0007149240393208221, 0.00035746201966041106, 0.0, 0.0, 0.0], [0.00011420740063956144, 0.00011420740063956144, 0.0, 0.0, 0.00011420740063956144, 0.001027866605756053, 0.0006852444038373687, 0.0022841480127912287, 0.002855185015989036, 0.005824577432617634, 0.014047510278666058, 0.021813613522156237, 0.03563270899954317, 0.04317039744175422, 0.06052992233896756, 0.19118318867062586, 0.19449520328917314, 0.13225216994061215, 0.14173138419369574, 0.06349931475559616, 0.036089538602101415, 0.026724531749657377, 0.012334399269072635, 0.005139333028780265, 0.004910918227501142, 0.0019415258108725446, 0.001027866605756053, 0.00034262220191868436, 0.00011420740063956144, 0.0, 0.0, 0.0, 0.0], [0.0, 0.0, 0.0, 0.0001574555188159345, 0.0001574555188159345, 0.000629822075263738, 0.001259644150527476, 0.0029916548575027553, 0.00629822075263738, 0.008660053534876398, 0.023933238860022042, 0.033380569988978114, 0.06817823964729963, 0.0990395213352228, 0.12580695953393167, 0.14533144386710753, 0.15556605259014328, 0.10518028656904424, 0.10911667453944261, 0.03999370177924736, 0.025980160604629193, 0.018737206739096204, 0.010077153204219808, 0.004251299008030231, 0.008502598016060462, 0.002834199338686821, 0.002519288301054952, 0.000629822075263738, 0.000629822075263738, 0.0, 0.0001574555188159345, 0.0, 0.0], [0.0, 0.0, 0.0, 0.00016134236850596966, 0.0, 0.0006453694740238787, 0.000968054211035818, 0.000968054211035818, 0.002420135527589545, 0.003872216844143272, 0.012907389480477573, 0.022103904485317846, 0.03920619554695063, 0.06082607292675057, 0.09325588899645047, 0.11729590190383996, 0.15617941271377864, 0.11148757663762504, 0.17053888351080995, 0.06824782187802517, 0.041949015811552116, 0.04372378186511778, 0.01887705711519845, 0.010487253952888029, 0.012262020006453695, 0.0062923523717328175, 0.0035495321071313327, 0.001452081316553727, 0.00016134236850596966, 0.00016134236850596966, 0.0, 0.0, 0.0], [0.0, 0.0, 0.00011396011396011396, 0.0, 0.0002279202279202279, 0.0003418803418803419, 0.0003418803418803419, 0.0012535612535612536, 0.0011396011396011395, 0.0037606837606837607, 0.006837606837606838, 0.016182336182336183, 0.027578347578347578, 0.045698005698005695, 0.1158974358974359, 0.14803418803418802, 0.16945868945868947, 0.10313390313390314, 0.16319088319088318, 0.061766381766381766, 0.040227920227920225, 0.035897435897435895, 0.022222222222222223, 0.011623931623931624, 0.014814814814814815, 0.0044444444444444444, 0.003076923076923077, 0.002279202279202279, 0.0003418803418803419, 0.00011396011396011396, 0.0, 0.0, 0.0], [0.0, 0.0, 9.085953116481919e-05, 0.0, 9.085953116481919e-05, 9.085953116481919e-05, 9.085953116481919e-05, 0.0008177357804833727, 0.0018171906232963837, 0.0046338360894057785, 0.008813374522987461, 0.016082137016172997, 0.02789387606759949, 0.0359803743412684, 0.05469743776122115, 0.05942213338179175, 0.0729602035253498, 0.1667272396874432, 0.2796656369253135, 0.1027621297474105, 0.05678720697801199, 0.06314737415954934, 0.01462838451753589, 0.007995638742504089, 0.014083227330546974, 0.0053607123387243326, 0.0030892240596038525, 0.0011811739051426494, 0.0004542976558240959, 0.0006360167181537343, 0.0, 0.0, 0.0], [0.0, 0.0, 0.0, 0.0, 0.0, 0.000931098696461825, 0.001138009517897786, 0.002793296089385475, 0.004965859714463066, 0.009724808607490172, 0.017587419822056694, 0.03279536519759983, 0.05131388371611835, 0.07593627146699772, 0.11204220980757294, 0.13800951789778607, 0.17359817918477136, 0.11100765570039313, 0.15228636457686737, 0.048106765983860954, 0.02441547692944341, 0.027519139250982826, 0.007552244982412581, 0.003207117732257397, 0.002482929857231533, 0.0007241878750258639, 0.001138009517897786, 0.0006207324643078833, 0.00010345541071798055, 0.0, 0.0, 0.0, 0.0], [0.0, 0.0031847133757961785, 0.0, 0.0031847133757961785, 0.006369426751592357, 0.01910828025477707, 0.025477707006369428, 0.04777070063694268, 0.08598726114649681, 0.054140127388535034, 0.04777070063694268, 0.0732484076433121, 0.07006369426751592, 0.1178343949044586, 0.1305732484076433, 0.10191082802547771, 0.08280254777070063, 0.03821656050955414, 0.03821656050955414, 0.022292993630573247, 0.006369426751592357, 0.009554140127388535, 0.0031847133757961785, 0.012738853503184714, 0.0, 0.0, 0.0, 0.0, 0.0, 0.0, 0.0, 0.0, 0.0]]}, "ranks": {"labels": ["Unranked", "Combatatent I", "Combatatent II", "Challenger I", "Challenger II", "Rival I", "Rival II", "Duelist", "Elite"], "data": [[0.13249211356466878, 0.19085173501577288, 0.24290220820189273, 0.2192429022082019, 0.11514195583596215, 0.06466876971608833, 0.01892744479495268, 0.012618296529968454, 0.0031545741324921135], [0.06290849673202614, 0.09449891067538127, 0.17374727668845316, 0.2589869281045752, 0.23229847494553377, 0.12663398692810457, 0.03022875816993464, 0.015522875816993464, 0.0051742919389978215], [0.007532738440143702, 0.012631822922702514, 0.03128983659751999, 0.06408622088306873, 0.291459033491714, 0.38104067678757675, 0.0896975315795573, 0.09062463784911345, 0.03163750144860355], [0.015524079320113314, 0.024929178470254956, 0.055070821529745045, 0.09597733711048159, 0.11784702549575071, 0.36725212464589235, 0.14787535410764874, 0.1356373937677054, 0.03988668555240793], [0.18032786885245902, 0.15846994535519127, 0.20218579234972678, 0.19672131147540983, 0.12021857923497267, 0.08196721311475409, 0.04371584699453552, 0.01639344262295082, 0.0], [0.007485185570225595, 0.018816924836261566, 0.1436739785840524, 0.25875870672627094, 0.2706102505457948, 0.16800083168728558, 0.05478739993762345, 0.059153758186921715, 0.01871296392556399], [0.08566545609912411, 0.1185644093142491, 0.21021149327066865, 0.23691518906216621, 0.18628498184148687, 0.08951078829309976, 0.028199102755821406, 0.03033539841914121, 0.014313180944242684], [0.2630057803468208, 0.24277456647398843, 0.2138728323699422, 0.1416184971098266, 0.06647398843930635, 0.05202312138728324, 0.014450867052023121, 0.005780346820809248, 0.0], [0.032589698776601214, 0.06086151948185463, 0.08964737329083992, 0.1765189678215277, 0.3081114423768891, 0.17148144340495527, 0.06476817107021693, 0.07186182790171687, 0.024159555875398375], [0.014544025157232705, 0.0294811320754717, 0.060141509433962265, 0.13679245283018868, 0.1914308176100629, 0.2126572327044025, 0.10927672955974843, 0.15919811320754718, 0.08647798742138364], [0.03201542912246866, 0.054773384763741564, 0.1218900675024108, 0.2343297974927676, 0.24821600771456123, 0.17492767598842815, 0.0609450337512054, 0.056123432979749276, 0.01677917068466731], [0.08665667166416792, 0.13778110944527736, 0.22308845577211395, 0.25697151424287856, 0.16671664167916042, 0.07136431784107947, 0.027586206896551724, 0.02383808095952024, 0.005997001499250375], [0.0142339867648895, 0.032838057185666125, 0.06155574978149582, 0.16131851666874766, 0.35360219752778127, 0.22949182170058685, 0.06542639530528156, 0.0620551879135972, 0.01947808715195405], [0.017783166616146307, 0.035061129635243, 0.16944528645043952, 0.2589673638476306, 0.25745175305648177, 0.15115691623724362, 0.049307871072042035, 0.0459735273315146, 0.014852985753258564], [0.015982636148382006, 0.04104183109707971, 0.11444356748224152, 0.21823204419889503, 0.2807813733228098, 0.18962115232833465, 0.07202052091554854, 0.0526835043409629, 0.015193370165745856], [0.04130718954248366, 0.07633986928104575, 0.16104575163398693, 0.2342483660130719, 0.23163398692810458, 0.12522875816993465, 0.05124183006535948, 0.05542483660130719, 0.023529411764705882], [0.04683519498334313, 0.086811679404272, 0.18146188516558887, 0.24906917499510092, 0.2147756221830296, 0.13345091122868902, 0.03880070546737213, 0.03801685283166765, 0.010777973740936704], [0.012723268901394667, 0.027036946415463666, 0.16026425250795204, 0.27391729875214094, 0.26205040371910937, 0.17310986053339858, 0.04024957181306582, 0.03890384144849523, 0.011744555908979692], [0.1736111111111111, 0.1527777777777778, 0.1527777777777778, 0.1527777777777778, 0.19444444444444445, 0.04861111111111111, 0.034722222222222224, 0.05555555555555555, 0.034722222222222224], [0.00873127088498437, 0.018001509108548024, 0.052603212245337934, 0.2746577557400022, 0.3442923358844454, 0.17300851568394957, 0.06004096151773203, 0.05357335345478064, 0.0150910854802199], [0.005168565723011864, 0.01151180547398097, 0.027722307059790906, 0.20498061787853872, 0.3129331610478092, 0.23716668624456713, 0.08880535651356748, 0.08293198637378127, 0.028779513684952424], [0.012472626868513758, 0.02418356660001904, 0.04246405788822241, 0.22031800437970103, 0.2862991526230601, 0.2223174331143483, 0.08521374845282301, 0.08540417023707512, 0.021327239836237265], [0.02694610778443114, 0.038922155688622756, 0.13622754491017963, 0.29790419161676646, 0.28592814371257486, 0.15269461077844312, 0.04491017964071856, 0.016467065868263474, 0.0], [0.007638279192273925, 0.020368744512730467, 0.048726953467954345, 0.08920105355575066, 0.32071992976294994, 0.30079016681299386, 0.08858647936786655, 0.09885864793678666, 0.02510974539069359], [0.008604853524122595, 0.028715072996229333, 0.07783041670695157, 0.14386541622353283, 0.3349125012085468, 0.26191627187469785, 0.0803441941409649, 0.055109736053369426, 0.008701537271584646], [0.0230628300463412, 0.05862700722060567, 0.13320400905269963, 0.2334303265438086, 0.26565362646836943, 0.16650501131587456, 0.06261450587347775, 0.04881991593921759, 0.008082767539605561], [0.016865079365079364, 0.04228670634920635, 0.10813492063492064, 0.22544642857142858, 0.25285218253968256, 0.19903273809523808, 0.06535218253968254, 0.06510416666666667, 0.02492559523809524], [0.056677162437488424, 0.10742730135210224, 0.1807742174476755, 0.24541581774402668, 0.21837377292091129, 0.11909612891276163, 0.0324134098907205, 0.03056121503982219, 0.009260974254491572], [0.044906900328587074, 0.06790799561883899, 0.14184008762322015, 0.2505476451259584, 0.24780941949616647, 0.13773274917853232, 0.04408543263964951, 0.045180722891566265, 0.019989047097480832], [0.02080071572355178, 0.08689331245806307, 0.1972713039588459, 0.28785506598076493, 0.21180943860433907, 0.1120554685752628, 0.03522701856407962, 0.03735182285842094, 0.010735853276671885], [0.009180790960451978, 0.029096045197740113, 0.1402542372881356, 0.23573446327683617, 0.2577683615819209, 0.17782485875706214, 0.061581920903954805, 0.06115819209039548, 0.027401129943502824], [0.03503127792672028, 0.07006255585344057, 0.16050044682752457, 0.2489722966934763, 0.23449508489722967, 0.15031277926720285, 0.047006255585344055, 0.0386058981233244, 0.015013404825737266], [0.013019643672910005, 0.03586112380082229, 0.0788031064412974, 0.2517131110095934, 0.3267473732297853, 0.17747830059387848, 0.06384193695751485, 0.04419826404751028, 0.008337140246687986], [0.020154306408439616, 0.057313808849000156, 0.16721776098252245, 0.27113840340103923, 0.26074633915918755, 0.13116044717367345, 0.043930089749645726, 0.03306565895134624, 0.015273185325145646], [0.0090351726363343, 0.035011293965795415, 0.1000322684737012, 0.21055179090029041, 0.2676669893514037, 0.20780897063568893, 0.07292675056469829, 0.07308809293320426, 0.023878670538883512], [0.0071794871794871795, 0.02301994301994302, 0.07327635327635328, 0.26393162393162395, 0.2725925925925926, 0.19703703703703704, 0.06814814814814815, 0.06974358974358974, 0.02507122507122507], [0.007632200617844812, 0.024895511539160458, 0.06387425040886789, 0.1141195711430129, 0.23968744321279303, 0.3366345629656551, 0.10258041068508086, 0.08577139741958932, 0.02480465200799564], [0.019553072625698324, 0.050382785019656526, 0.12725015518311608, 0.250051727705359, 0.2846058348851645, 0.17959859300641423, 0.0452100144837575, 0.0382785019656528, 0.0050693151251810465], [0.24522292993630573, 0.12101910828025478, 0.18789808917197454, 0.23248407643312102, 0.12101910828025478, 0.044585987261146494, 0.022292993630573247, 0.025477707006369428, 0.0]]}, "ranksDetailed": {"labels": ["Unranked", "Combatatant", "Challenger", "Rival", "Duelist", "Elite"], "data": [[0.13249211356466878, 0.43375394321766564, 0.334384858044164, 0.083596214511041, 0.012618296529968454, 0.0031545741324921135], [0.06290849673202614, 0.26824618736383443, 0.4912854030501089, 0.1568627450980392, 0.015522875816993464, 0.0051742919389978215], [0.007532738440143702, 0.043921659520222506, 0.3555452543747827, 0.4707382083671341, 0.09062463784911345, 0.03163750144860355], [0.015524079320113314, 0.08, 0.2138243626062323, 0.515127478753541, 0.1356373937677054, 0.03988668555240793], [0.18032786885245902, 0.36065573770491804, 0.31693989071038253, 0.12568306010928962, 0.01639344262295082, 0.0], [0.007485185570225595, 0.16249090342031397, 0.5293689572720657, 0.22278823162490904, 0.059153758186921715, 0.01871296392556399], [0.08566545609912411, 0.32877590258491773, 0.4232001709036531, 0.11770989104892117, 0.03033539841914121, 0.014313180944242684], [0.2630057803468208, 0.45664739884393063, 0.20809248554913296, 0.06647398843930635, 0.005780346820809248, 0.0], [0.032589698776601214, 0.15050889277269455, 0.4846304101984168, 0.2362496144751722, 0.07186182790171687, 0.024159555875398375], [0.014544025157232705, 0.08962264150943396, 0.32822327044025157, 0.32193396226415094, 0.15919811320754718, 0.08647798742138364], [0.03201542912246866, 0.17666345226615235, 0.4825458052073288, 0.23587270973963356, 0.056123432979749276, 0.01677917068466731], [0.08665667166416792, 0.36086956521739133, 0.42368815592203896, 0.09895052473763119, 0.02383808095952024, 0.005997001499250375], [0.0142339867648895, 0.09439380696716194, 0.5149207141965289, 0.2949182170058684, 0.0620551879135972, 0.01947808715195405], [0.017783166616146307, 0.20450641608568254, 0.5164191169041124, 0.20046478730928563, 0.0459735273315146, 0.014852985753258564], [0.015982636148382006, 0.15548539857932123, 0.4990134175217048, 0.2616416732438832, 0.0526835043409629, 0.015193370165745856], [0.04130718954248366, 0.23738562091503268, 0.46588235294117647, 0.17647058823529413, 0.05542483660130719, 0.023529411764705882], [0.04683519498334313, 0.26827356456986085, 0.4638447971781305, 0.17225161669606115, 0.03801685283166765, 0.010777973740936704], [0.012723268901394667, 0.1873011989234157, 0.5359677024712503, 0.2133594323464644, 0.03890384144849523, 0.011744555908979692], [0.1736111111111111, 0.3055555555555556, 0.3472222222222222, 0.08333333333333333, 0.05555555555555555, 0.034722222222222224], [0.00873127088498437, 0.07060472135388596, 0.6189500916244476, 0.23304947720168157, 0.05357335345478064, 0.0150910854802199], [0.005168565723011864, 0.039234112533771875, 0.5179137789263479, 0.32597204275813463, 0.08293198637378127, 0.028779513684952424], [0.012472626868513758, 0.06664762448824145, 0.5066171570027611, 0.3075311815671713, 0.08540417023707512, 0.021327239836237265], [0.02694610778443114, 0.1751497005988024, 0.5838323353293413, 0.19760479041916168, 0.016467065868263474, 0.0], [0.007638279192273925, 0.06909569798068481, 0.40992098331870064, 0.38937664618086043, 0.09885864793678666, 0.02510974539069359], [0.008604853524122595, 0.1065454897031809, 0.47877791743207965, 0.3422604660156628, 0.055109736053369426, 0.008701537271584646], [0.0230628300463412, 0.19183101627330532, 0.49908395301217806, 0.2291195171893523, 0.04881991593921759, 0.008082767539605561], [0.016865079365079364, 0.15042162698412698, 0.4782986111111111, 0.26438492063492064, 0.06510416666666667, 0.02492559523809524], [0.056677162437488424, 0.28820151879977773, 0.46378959066493797, 0.1515095388034821, 0.03056121503982219, 0.009260974254491572], [0.044906900328587074, 0.20974808324205915, 0.49835706462212487, 0.18181818181818182, 0.045180722891566265, 0.019989047097480832], [0.02080071572355178, 0.284164616416909, 0.49966450458510403, 0.14728248713934242, 0.03735182285842094, 0.010735853276671885], [0.009180790960451978, 0.16935028248587572, 0.49350282485875707, 0.23940677966101695, 0.06115819209039548, 0.027401129943502824], [0.03503127792672028, 0.23056300268096513, 0.483467381590706, 0.19731903485254693, 0.0386058981233244, 0.015013404825737266], [0.013019643672910005, 0.11466423024211969, 0.5784604842393787, 0.24132023755139334, 0.04419826404751028, 0.008337140246687986], [0.020154306408439616, 0.2245315698315226, 0.5318847425602268, 0.17509053692331916, 0.03306565895134624, 0.015273185325145646], [0.0090351726363343, 0.1350435624394966, 0.4782187802516941, 0.2807357212003872, 0.07308809293320426, 0.023878670538883512], [0.0071794871794871795, 0.0962962962962963, 0.5365242165242166, 0.2651851851851852, 0.06974358974358974, 0.02507122507122507], [0.007632200617844812, 0.08876976194802835, 0.3538070143558059, 0.439214973650736, 0.08577139741958932, 0.02480465200799564], [0.019553072625698324, 0.1776329402027726, 0.5346575625905234, 0.22480860749017173, 0.0382785019656528, 0.0050693151251810465], [0.24522292993630573, 0.3089171974522293, 0.3535031847133758, 0.06687898089171974, 0.025477707006369428, 0.0]]}}}, "eu": {"histType": {"histogram": {"labels": ["0", "100", "200", "300", "400", "500", "600", "700", "800", "900", "1000", "1100", "1200", "1300", "1400", "1500", "1600", "1700", "1800", "1900", "2000", "2100", "2200", "2300", "2400", "2500", "2600", "2700", "2800", "2900", "3000", "3100", "3200"], "data": [[0.0, 0.0, 0.0020408163265306124, 0.0, 0.0, 0.004081632653061225, 0.01020408163265306, 0.02857142857142857, 0.04897959183673469, 0.07551020408163266, 0.07959183673469387, 0.1, 0.08979591836734693, 0.1346938775510204, 0.13877551020408163, 0.09387755102040816, 0.0653061224489796, 0.044897959183673466, 0.03877551020408163, 0.018367346938775512, 0.018367346938775512, 0.004081632653061225, 0.004081632653061225, 0.0, 0.0, 0.0, 0.0, 0.0, 0.0, 0.0, 0.0, 0.0, 0.0], [0.0002973535533749628, 0.0002973535533749628, 0.0005947071067499256, 0.0008920606601248885, 0.0023788284269997025, 0.003568242640499554, 0.005947071067499257, 0.011002081474873625, 0.02111210228962236, 0.0336009515313708, 0.043710972346119537, 0.06630984240261671, 0.08206958073148975, 0.10674992566161165, 0.12905144216473388, 0.13083556348498365, 0.1424323520666072, 0.06571513529586678, 0.0927743086529884, 0.024680344930121913, 0.012786202795123401, 0.01159678858162355, 0.0044603033006244425, 0.0029735355337496285, 0.0029735355337496285, 0.0005947071067499256, 0.0005947071067499256, 0.0, 0.0, 0.0, 0.0, 0.0, 0.0], [0.0, 0.0, 0.0, 0.00011716461628588167, 0.00011716461628588167, 0.00011716461628588167, 0.0, 0.0008201523140011716, 0.0018746338605741067, 0.0025776215582893965, 0.005858230814294083, 0.009490333919156414, 0.011833626244874048, 0.01546572934973638, 0.025659050966608084, 0.03538371411833626, 0.2205038078500293, 0.14762741652021089, 0.29525483304042177, 0.07791446983011131, 0.05120093731693029, 0.05202108963093146, 0.017457527826596368, 0.006561218512009373, 0.011482132396016403, 0.005272407732864675, 0.0032806092560046865, 0.0016403046280023433, 0.00023432923257176333, 0.00023432923257176333, 0.0, 0.0, 0.0], [0.0, 0.0, 0.0, 0.00010882576994232234, 0.00010882576994232234, 0.0002176515398846447, 0.0007617803895962564, 0.0020676896289041247, 0.0023941669387310916, 0.005985417346827729, 0.01164435738382849, 0.017412123190771574, 0.020676896289041246, 0.02698879094569594, 0.042877353357275, 0.054412884971161174, 0.0784633801284144, 0.05343345304168027, 0.28849711611709655, 0.14016759168571116, 0.08575470671455, 0.08259875938622266, 0.031668299053215804, 0.012732615083251714, 0.023615192077483946, 0.008923713135270432, 0.004244205027750571, 0.00326477309826967, 0.0007617803895962564, 0.0002176515398846447, 0.0, 0.0, 0.0], [0.0, 0.0, 0.0, 0.0, 0.0, 0.018404907975460124, 0.03067484662576687, 0.05521472392638037, 0.06748466257668712, 0.05521472392638037, 0.06134969325153374, 0.08588957055214724, 0.06748466257668712, 0.10429447852760736, 0.08588957055214724, 0.1411042944785276, 0.012269938650306749, 0.06134969325153374, 0.05521472392638037, 0.04294478527607362, 0.03067484662576687, 0.006134969325153374, 0.0, 0.006134969325153374, 0.012269938650306749, 0.0, 0.0, 0.0, 0.0, 0.0, 0.0, 0.0, 0.0], [0.0, 0.00010412328196584757, 0.00010412328196584757, 0.00020824656393169514, 0.0003123698458975427, 0.00010412328196584757, 0.00020824656393169514, 0.0011453561016243233, 0.0019783423573511037, 0.003956684714702207, 0.007809246147438567, 0.03290295710120783, 0.0575801749271137, 0.08246563931695126, 0.11922115785089546, 0.1326530612244898, 0.15264473136193252, 0.10568513119533528, 0.14025406080799666, 0.052