{"region": {"us": {"histType": {"histogram": {"labels": ["0", "100", "200", "300", "400", "500", "600", "700", "800", "900", "1000", "1100", "1200", "1300", "1400", "1500", "1600", "1700", "1800", "1900", "2000", "2100", "2200", "2300", "2400", "2500", "2600", "2700", "2800", "2900", "3000", "3100", "3200"], "data": [[0.0, 0.0, 0.0032414910858995136, 0.006482982171799027, 0.0032414910858995136, 0.004862236628849271, 0.014586709886547812, 0.01620745542949757, 0.03727714748784441, 0.04700162074554295, 0.08103727714748785, 0.1085899513776337, 0.11345218800648298, 0.12317666126418152, 0.12479740680713128, 0.09724473257698542, 0.07455429497568881, 0.04700162074554295, 0.04862236628849271, 0.017828200972447326, 0.014586709886547812, 0.008103727714748784, 0.0032414910858995136, 0.0016207455429497568, 0.0032414910858995136, 0.0, 0.0, 0.0, 0.0, 0.0, 0.0, 0.0, 0.0], [0.0, 0.0002763957987838585, 0.0, 0.0002763957987838585, 0.001105583195135434, 0.0019347705914870095, 0.005251520176893312, 0.009950248756218905, 0.014372581536760642, 0.027086788280818133, 0.039524599226091764, 0.05666113875069099, 0.08153676064123826, 0.09231619679380873, 0.12437810945273632, 0.13405196241017137, 0.15063571033720288, 0.08264234383637369, 0.10668877833056938, 0.03510226644555003, 0.015478164731896076, 0.007739082365948038, 0.004975124378109453, 0.0024875621890547263, 0.0024875621890547263, 0.000552791597567717, 0.0013819789939192924, 0.001105583195135434, 0.0, 0.0, 0.0, 0.0, 0.0], [0.0001154334526145677, 0.0, 0.0, 0.0002308669052291354, 0.0002308669052291354, 0.0002308669052291354, 0.0002308669052291354, 0.0005771672630728385, 0.002654969410135057, 0.0033475701258224634, 0.005194505367655547, 0.007503174419946901, 0.012120512524529609, 0.01916195313401824, 0.02516449266997576, 0.039478240794182155, 0.1469467851783447, 0.14960175458847974, 0.3309477086459656, 0.08565162184000924, 0.05032898533995152, 0.05864019392820039, 0.022163222901996998, 0.008426642040863443, 0.019508253491861943, 0.006002539535957521, 0.003116703220593328, 0.001962368694447651, 0.0, 0.0004617338104582708, 0.0, 0.0, 0.0], [0.0, 0.0, 0.0, 0.0, 0.00011234692731153803, 0.00011234692731153803, 0.0007864284911807662, 0.0017975508369846085, 0.0047185709470845974, 0.0079766318391192, 0.011684080440399956, 0.013256937422761487, 0.02561509942703067, 0.029322548028311426, 0.04336591394225368, 0.0525783619817998, 0.07369958431636894, 0.045388158633861364, 0.307156499269745, 0.1361644759015841, 0.08324907313784968, 0.08437254241096506, 0.030333670374115267, 0.011684080440399956, 0.021570610043815303, 0.00685316256600382, 0.005280305583642287, 0.002696326255476913, 0.00022469385462307607, 0.0, 0.0, 0.0, 0.0], [0.0, 0.0, 0.0, 0.0, 0.011299435028248588, 0.011299435028248588, 0.02824858757062147, 0.02824858757062147, 0.04519774011299435, 0.05649717514124294, 0.06779661016949153, 0.0903954802259887, 0.096045197740113, 0.10734463276836158, 0.10734463276836158, 0.1016949152542373, 0.05649717514124294, 0.05084745762711865, 0.06779661016949153, 0.02824858757062147, 0.02824858757062147, 0.011299435028248588, 0.005649717514124294, 0.0, 0.0, 0.0, 0.0, 0.0, 0.0, 0.0, 0.0, 0.0, 0.0], [0.0, 0.0, 0.0, 0.0, 0.0, 0.0, 0.0, 0.0013467315860354295, 0.0013467315860354295, 0.004765357919817673, 0.007251631617113851, 0.024655547498187092, 0.0541800476535792, 0.08846990572878898, 0.11592251113643427, 0.14037086915984667, 0.16295452191028695, 0.10214441106391796, 0.135605511240029, 0.052626126592769086, 0.030974826478814877, 0.036361752822956596, 0.015124831658551746, 0.007251631617113851, 0.009841500051797368, 0.004765357919817673, 0.0027970579094581997, 0.0007251631617113851, 0.0004143789495493629, 0.0, 0.00010359473738734072, 0.0, 0.0], [0.0, 0.00043355733795794494, 0.00043355733795794494, 0.002384565358768697, 0.0019510080208107522, 0.0034684587036635595, 0.006936917407327119, 0.01322349880771732, 0.021677866897897247, 0.036635595057446346, 0.04769130717537394, 0.06828528072837632, 0.09755040104053761, 0.11077389984825493, 0.11684370257966616, 0.12226316930414047, 0.11706048124864514, 0.07023628874918708, 0.07110340342510298, 0.02904834164318231, 0.017125514849338826, 0.01582484283546499, 0.009104704097116844, 0.004985909386516367, 0.006720138738348146, 0.0030349013657056147, 0.0030349013657056147, 0.0015174506828528073, 0.00021677866897897247, 0.0, 0.00043355733795794494, 0.0, 0.0], [0.002932551319648094, 0.0, 0.0, 0.008797653958944282, 0.008797653958944282, 0.020527859237536656, 0.01466275659824047, 0.04105571847507331, 0.06158357771260997, 0.10557184750733138, 0.11143695014662756, 0.12609970674486803, 0.11730205278592376, 0.0967741935483871, 0.07331378299120235, 0.07038123167155426, 0.04398826979472141, 0.02346041055718475, 0.03225806451612903, 0.03225806451612903, 0.002932551319648094, 0.0, 0.002932551319648094, 0.002932551319648094, 0.0, 0.0, 0.0, 0.0, 0.0, 0.0, 0.0, 0.0, 0.0], [0.0003069995906672124, 0.00020466639377814163, 0.000511665984445354, 0.0003069995906672124, 0.000511665984445354, 0.0012279983626688497, 0.0015349979533360622, 0.004297994269340974, 0.007674989766680311, 0.015963978714695046, 0.026094965206713058, 0.034690953745395006, 0.042263610315186245, 0.04789193614408514, 0.06078591895210807, 0.1303724928366762, 0.18174375767498976, 0.12126483831354891, 0.13231682357756858, 0.05955792058943921, 0.03898894801473598, 0.036021285304952924, 0.01882930822758903, 0.012689316414244782, 0.01514531313958248, 0.004911993450675399, 0.002762996316004912, 0.0007163323782234957, 0.00040933278755628325, 0.0, 0.0, 0.0, 0.0], [0.0, 0.0, 0.0, 0.0, 0.00039494470774091627, 0.0007898894154818325, 0.001579778830963665, 0.001184834123222749, 0.002369668246445498, 0.007898894154818325, 0.013428120063191154, 0.017377567140600316, 0.022511848341232227, 0.03712480252764613, 0.05963665086887836, 0.0750394944707741, 0.10071090047393365, 0.08886255924170616, 0.18088467614533965, 0.06832543443917852, 0.0750394944707741, 0.09794628751974724, 0.043048973143759876, 0.018167456556082148, 0.04976303317535545, 0.01382306477093207, 0.01066350710900474, 0.009478672985781991, 0.002764612954186414, 0.001184834123222749, 0.0, 0.0, 0.0], [0.0, 0.0, 0.00019719976336028398, 0.0, 0.0011831985801617037, 0.0005915992900808519, 0.0025635969236836916, 0.0035495957404851116, 0.008085190297771643, 0.015578781305462433, 0.02386117136659436, 0.03273516071780714, 0.05541313350423979, 0.06744231906921712, 0.10648787221455334, 0.12739104713074345, 0.1538158154210215, 0.09682508380989943, 0.1392230329323605, 0.058765529481364626, 0.03450995858804969, 0.03470715835140998, 0.011831985801617038, 0.008282390061131926, 0.00946558864129363, 0.0033523959771248274, 0.0029579964504042595, 0.0009859988168014198, 0.00019719976336028398, 0.0, 0.0, 0.0, 0.0], [0.0, 0.0007625438462711606, 0.001220070154033857, 0.0013725789232880892, 0.001220070154033857, 0.0032026841543388745, 0.0070154033856946775, 0.012810736617355498, 0.0208937013878298, 0.0375171572365411, 0.06222357785572671, 0.07610187585786182, 0.1006557877077932, 0.12215952417263992, 0.13649534848253775, 0.12139698032636877, 0.10751868232423364, 0.059478420009150525, 0.05902089370138783, 0.024096385542168676, 0.015555894463931677, 0.01296324538660973, 0.0070154033856946775, 0.003812719231355803, 0.002592649077321946, 0.0016775964617965532, 0.001220070154033857, 0.0, 0.0, 0.0, 0.0, 0.0, 0.0], [0.0, 0.0, 0.0, 0.0, 0.0001243008079552517, 0.0004972032318210068, 0.0018645121193287756, 0.0019888129272840273, 0.004474829086389061, 0.005220633934120571, 0.013424487259167185, 0.019763828464885023, 0.027967681789931635, 0.03368551895587321, 0.04922311995027968, 0.12827843380981976, 0.20882535736482288, 0.13971410814170293, 0.18309509011808578, 0.06587942821628341, 0.037663144810441265, 0.035425730267246734, 0.016159105034182723, 0.008452454940957116, 0.011311373523927906, 0.0037290242386575512, 0.002113113735239279, 0.0006215040397762585, 0.0004972032318210068, 0.0, 0.0, 0.0, 0.0], [0.00020090406830738323, 0.0, 0.0, 0.00010045203415369161, 0.00010045203415369161, 0.00030135610246107485, 0.0012054244098442994, 0.001808136614766449, 0.004118533400301356, 0.009844299347061778, 0.01617277749874435, 0.03244600703164239, 0.07232546459065796, 0.10005022601707685, 0.12315419387242592, 0.13078854846810647, 0.15138121546961325, 0.09924660974384732, 0.11933701657458563, 0.04922149673530889, 0.02802611752887996, 0.029432446007031644, 0.011351079859367152, 0.004721245605223506, 0.007433450527373179, 0.002913108990457057, 0.002410848819688599, 0.0005022601707684581, 0.0007031642390758413, 0.0006027122049221497, 0.00010045203415369161, 0.0, 0.0], [0.0, 0.0, 0.0, 0.00020048115477145148, 0.00040096230954290296, 0.00040096230954290296, 0.0010024057738572574, 0.0022052927024859663, 0.004410585404971933, 0.007016840417000802, 0.015236567762630313, 0.026463512429831595, 0.04791499599037691, 0.06655974338412189, 0.09923817161186849, 0.12028869286287089, 0.16178829190056135, 0.11988773055332799, 0.1495589414595028, 0.06676022453889334, 0.04149959903769046, 0.03368083400160385, 0.013031275060144346, 0.007217321571772253, 0.009021651964715317, 0.003408179631114675, 0.0016038492381716118, 0.00040096230954290296, 0.0, 0.0008019246190858059, 0.0, 0.0, 0.0], [0.0, 0.0, 0.00026737967914438503, 0.00026737967914438503, 0.001336898395721925, 0.0024064171122994654, 0.0016042780748663102, 0.004545454545454545, 0.011497326203208556, 0.020588235294117647, 0.029946524064171122, 0.04786096256684492, 0.06898395721925134, 0.0893048128342246, 0.11042780748663102, 0.1248663101604278, 0.1302139037433155, 0.09893048128342247, 0.10267379679144385, 0.04518716577540107, 0.031283422459893045, 0.031016042780748664, 0.016310160427807488, 0.006417112299465241, 0.013636363636363636, 0.005614973262032086, 0.0021390374331550803, 0.0018716577540106951, 0.0005347593582887701, 0.00026737967914438503, 0.0, 0.0, 0.0], [0.0001979414093428345, 0.0001979414093428345, 0.000791765637371338, 0.0009897070467141725, 0.000395882818685669, 0.0013855898653998416, 0.0027711797307996833, 0.006730007917656373, 0.01227236737925574, 0.01920031670625495, 0.03424386381631037, 0.054038004750593824, 0.07561361836896278, 0.10510688836104513, 0.12292161520190023, 0.12529691211401425, 0.13281868566904195, 0.08293745051464767, 0.110055423594616, 0.040577988915281075, 0.0223673792557403, 0.022961203483768806, 0.010095011876484561, 0.004750593824228029, 0.005344418052256532, 0.001979414093428345, 0.001583531274742676, 0.0013855898653998416, 0.000395882818685669, 0.0005938242280285036, 0.0, 0.0, 0.0], [0.0, 0.0, 0.00012277470841006753, 0.00024554941682013506, 0.00036832412523020257, 0.00012277470841006753, 0.0008594229588704727, 0.001841620626151013, 0.002823818293431553, 0.006384284837323511, 0.012523020257826888, 0.014855739717618171, 0.07120933087783916, 0.10534069981583793, 0.12952731737262124, 0.13848987108655617, 0.15887047268262738, 0.09809699201964395, 0.14659300184162063, 0.040515653775322284, 0.022099447513812154, 0.022590546347452424, 0.009330877839165133, 0.0055248618784530384, 0.006998158379373849, 0.0017188459177409454, 0.0019643953345610805, 0.0004910988336402701, 0.00012277470841006753, 0.00036832412523020257, 0.0, 0.0, 0.0], [0.0, 0.0, 0.0, 0.007142857142857143, 0.014285714285714285, 0.007142857142857143, 0.0, 0.02857142857142857, 0.02857142857142857, 0.09285714285714286, 0.04285714285714286, 0.1, 0.07857142857142857, 0.07142857142857142, 0.05, 0.1, 0.10714285714285714, 0.08571428571428572, 0.05, 0.02142857142857143, 0.02142857142857143, 0.02142857142857143, 0.03571428571428571, 0.0, 0.007142857142857143, 0.014285714285714285, 0.0, 0.014285714285714285, 0.0, 0.0, 0.0, 0.0, 0.0], [0.0002143392991104919, 0.00010716964955524595, 0.0, 0.0, 0.0, 0.00010716964955524595, 0.0002143392991104919, 0.0009645268459972136, 0.002357732290215411, 0.004715464580430822, 0.007501875468867217, 0.010609795305969349, 0.022291287107491158, 0.03043618047368985, 0.10631229235880399, 0.18250991319258386, 0.20319365555674632, 0.1336405529953917, 0.13492658879005465, 0.060336512699603474, 0.03268674311435001, 0.034830136105454934, 0.013074697245740006, 0.004929803879541314, 0.008037723716643446, 0.0028935805379916406, 0.002143392991104919, 0.00032150894866573784, 0.0006430178973314757, 0.0, 0.0, 0.0, 0.0], [0.0, 0.0, 0.0, 0.00011690437222352116, 0.0, 0.00011690437222352116, 0.0010521393500116905, 0.00035071311667056346, 0.0012859480944587328, 0.002221183072246902, 0.004559270516717325, 0.007014262333411269, 0.011690437222352116, 0.03542202478372691, 0.0845218611176058, 0.1181903203179799, 0.16822539162964695, 0.13794715922375497, 0.18260462941314004, 0.08358662613981763, 0.05202244563946692, 0.05319148936170213, 0.018821603927986905, 0.009703062894552257, 0.0160158989946224, 0.005143792377834931, 0.0038578442833761984, 0.0012859480944587328, 0.00035071311667056346, 0.00023380874444704232, 0.00046761748889408465, 0.0, 0.0], [0.00018925056775170325, 9.462528387585163e-05, 0.0, 0.00018925056775170325, 0.00018925056775170325, 0.0005677517032551098, 0.000757002271006813, 0.001797880393641181, 0.0029333838001514003, 0.005677517032551098, 0.010503406510219531, 0.013626040878122634, 0.01750567751703255, 0.025170325510976532, 0.10512869038607116, 0.12367524602573808, 0.15234670704012113, 0.13039364118092353, 0.17458364875094626, 0.08109386828160485, 0.04854277062831189, 0.052706283118849354, 0.020628311884935656, 0.010314155942467828, 0.01504542013626041, 0.003595760787282362, 0.0018925056775170325, 0.0003785011355034065, 0.00047312641937925814, 0.0, 0.0, 0.0, 0.0], [0.0, 0.0, 0.0, 0.0015220700152207, 0.0015220700152207, 0.0, 0.0015220700152207, 0.0076103500761035, 0.0076103500761035, 0.0076103500761035, 0.015220700152207, 0.0258751902587519, 0.045662100456621, 0.0928462709284627, 0.1232876712328767, 0.1704718417047184, 0.1628614916286149, 0.1187214611872146, 0.1263318112633181, 0.0502283105022831, 0.0243531202435312, 0.015220700152207, 0.0015220700152207, 0.0, 0.0, 0.0, 0.0, 0.0, 0.0, 0.0, 0.0, 0.0, 0.0], [0.0, 0.0, 0.0, 8.733624454148471e-05, 0.0, 8.733624454148471e-05, 0.00026200873362445414, 0.0007860262008733624, 0.0016593886462882095, 0.004716157205240175, 0.007510917030567685, 0.012925764192139737, 0.021222707423580785, 0.027423580786026202, 0.04061135371179039, 0.048995633187772926, 0.1868122270742358, 0.1451528384279476, 0.2412227074235808, 0.08934497816593887, 0.04882096069868996, 0.06960698689956332, 0.019912663755458516, 0.008122270742358079, 0.014148471615720524, 0.005240174672489083, 0.0034934497816593887, 0.0013100436681222707, 0.00026200873362445414, 0.00026200873362445414, 0.0, 0.0, 0.0], [9.633911368015414e-05, 9.633911368015414e-05, 9.633911368015414e-05, 0.0, 0.0003853564547206166, 0.0003853564547206166, 0.00028901734104046245, 0.0009633911368015414, 0.0010597302504816955, 0.005202312138728324, 0.009633911368015413, 0.01907514450867052, 0.03342967244701349, 0.044701348747591525, 0.06618497109826589, 0.0779383429672447, 0.15404624277456647, 0.18882466281310212, 0.2071290944123314, 0.08622350674373795, 0.041425818882466284, 0.03651252408477842, 0.013102119460500963, 0.004816955684007707, 0.00510597302504817, 0.0022157996146435453, 0.000674373795761079, 0.0003853564547206166, 0.0, 0.0, 0.0, 0.0, 0.0], [0.0, 0.00010924186148131964, 0.0, 0.00010924186148131964, 0.00021848372296263927, 0.0005462093074065982, 0.0014201441992571554, 0.004041948874808827, 0.00622678610443522, 0.01256281407035176, 0.022066856019226568, 0.03725147476513, 0.0545116888791785, 0.07799868909766222, 0.10017478697837011, 0.13087175005462093, 0.15534192702643654, 0.10989731265020757, 0.1341490058990605, 0.05986454009176316, 0.035503604981428884, 0.03091544679921346, 0.01267205593183308, 0.0061175442429539, 0.004697400043696745, 0.002075595368145073, 0.00032772558444395895, 0.00032772558444395895, 0.0, 0.0, 0.0, 0.0, 0.0], [0.0, 0.0, 0.0, 0.0, 0.000503651473180559, 0.0006295643414756988, 0.0013850415512465374, 0.0015109544195416771, 0.004281037522034752, 0.008813900780659783, 0.01674641148325359, 0.02669352807856963, 0.04016620498614958, 0.06673382019642407, 0.09909342734827499, 0.12742382271468145, 0.15248048350541427, 0.09909342734827499, 0.16733820196424073, 0.060060438176781666, 0.03664064467388567, 0.04129942080080584, 0.01674641148325359, 0.007051120624527827, 0.012213548224628556, 0.004406950390329891, 0.0039032989171493325, 0.002014605892722236, 0.0012591286829513977, 0.000503651473180559, 0.001007302946361118, 0.0, 0.0], [0.0, 0.00018878610534264677, 0.00018878610534264677, 0.00037757221068529355, 0.0011327166320558807, 0.0011327166320558807, 0.0028317915801397016, 0.009816877477817633, 0.01642439116481027, 0.026052482537285256, 0.04606380970360582, 0.061166698131017556, 0.08117802529733811, 0.10005663583160279, 0.1262979044742307, 0.1174249575231263, 0.14309986784972625, 0.07419293939966018, 0.10439871625448367, 0.028506701906739665, 0.019822541060977913, 0.019633754955635265, 0.008872946951104398, 0.0028317915801397016, 0.00528601094959411, 0.0007551444213705871, 0.001699074948083821, 0.00037757221068529355, 0.00018878610534264677, 0.0, 0.0, 0.0, 0.0], [0.0, 0.0, 0.0002848191398461977, 0.0011392765593847907, 0.002563372258615779, 0.001708914839077186, 0.003417829678154372, 0.00740529763600114, 0.013101680432925093, 0.01481059527200228, 0.028766733124465965, 0.04300769011677585, 0.056679008829393335, 0.08373682711478211, 0.11791512389632583, 0.12902307035032753, 0.14953004841925377, 0.10139561378524636, 0.11107946454001709, 0.04528624323554543, 0.024494446026773, 0.022500712047849616, 0.013101680432925093, 0.008259755055539733, 0.010538308174309313, 0.003417829678154372, 0.0028481913984619764, 0.003987467957846767, 0.0, 0.0, 0.0, 0.0, 0.0], [0.0002244165170556553, 0.0, 0.0, 0.0, 0.0004488330341113106, 0.0004488330341113106, 0.0017953321364452424, 0.003590664272890485, 0.004937163375224416, 0.009762118491921006, 0.03478456014362657, 0.05677737881508079, 0.0803411131059246, 0.11422800718132854, 0.14216786355475763, 0.14463644524236985, 0.13532315978456014, 0.075516157989228, 0.09167414721723519, 0.03467235188509874, 0.021319569120287252, 0.022778276481149013, 0.009313285457809694, 0.004824955116696589, 0.006508078994614004, 0.0015709156193895871, 0.001234290843806104, 0.0007854578096947936, 0.0, 0.00033662477558348296, 0.0, 0.0, 0.0], [0.0, 0.0, 0.0, 0.0002852660105548424, 0.0001426330052774212, 0.0001426330052774212, 0.001426330052774212, 0.0004278990158322636, 0.002139495079161318, 0.004706889174154899, 0.011410640422193696, 0.031379261161032665, 0.05405790900014263, 0.08429610611895592, 0.10298102981029811, 0.12951076879189843, 0.15176151761517614, 0.10169733276280131, 0.143916702324918, 0.058051633147910425, 0.03309085722436172, 0.037369847382684354, 0.01668806161745828, 0.006989017258593639, 0.013692768506632435, 0.004849522179432321, 0.004278990158322636, 0.002995293110825845, 0.0008557980316645272, 0.0005705320211096848, 0.0002852660105548424, 0.0, 0.0], [0.0, 0.0, 0.0, 0.0, 0.0009000900090009, 0.0012601260126012602, 0.00234023402340234, 0.004500450045004501, 0.007560756075607561, 0.01764176417641764, 0.028442844284428444, 0.040324032403240326, 0.07056705670567057, 0.08856885688568857, 0.11719171917191719, 0.13195319531953195, 0.14113411341134113, 0.09324932493249324, 0.12565256525652566, 0.04734473447344734, 0.028442844284428444, 0.02394239423942394, 0.01044104410441044, 0.0039603960396039604, 0.005580558055805581, 0.00072007200720072, 0.0039603960396039604, 0.0032403240324032404, 0.00072007200720072, 0.00036003600360036, 0.0, 0.0, 0.0], [0.00011343012704174228, 0.00011343012704174228, 0.0, 0.0, 0.00011343012704174228, 0.0010208711433756805, 0.0006805807622504537, 0.002268602540834846, 0.0028357531760435572, 0.0057849364791288565, 0.013951905626134301, 0.02189201451905626, 0.03607078039927405, 0.04333030852994555, 0.09085753176043557, 0.18205535390199637, 0.191016333938294, 0.12443284936479129, 0.13804446460980035, 0.05921052631578947, 0.03709165154264973, 0.024841197822141562, 0.012023593466424683, 0.004196914700544465, 0.005104355716878403, 0.0013611615245009074, 0.001134301270417423, 0.00034029038112522685, 0.00011343012704174228, 0.0, 0.0, 0.0, 0.0], [0.0, 0.0, 0.0, 0.00015979546180888463, 0.00015979546180888463, 0.0006391818472355385, 0.001757750079897731, 0.002556727388942154, 0.006391818472355385, 0.008788750399488655, 0.023969319271332695, 0.034036433365292426, 0.06743368488334932, 0.09923298178331735, 0.12655800575263662, 0.1465324384787472, 0.15516139341642698, 0.1029082774049217, 0.10850111856823266, 0.03962927452860339, 0.025727069351230425, 0.019175455417066157, 0.010386705017577502, 0.004953659316075424, 0.008788750399488655, 0.0023969319271332696, 0.0027165228507510385, 0.00047938638542665386, 0.0007989773090444232, 0.0, 0.00015979546180888463, 0.0, 0.0], [0.0, 0.0, 0.0, 0.00016307893020221786, 0.0, 0.0006523157208088715, 0.0009784735812133072, 0.0009784735812133072, 0.0029354207436399216, 0.005707762557077625, 0.013535551206784083, 0.02136333985649054, 0.038649706457925634, 0.060665362035225046, 0.09344422700587084, 0.11921069797782126, 0.15231572080887149, 0.11301369863013698, 0.17090671885192432, 0.06735159817351598, 0.04223744292237443, 0.043868232224396606, 0.018590998043052837, 0.010273972602739725, 0.011904761904761904, 0.005870841487279843, 0.003750815394651011, 0.001304631441617743, 0.00016307893020221786, 0.00016307893020221786, 0.0, 0.0, 0.0], [0.0, 0.0, 0.00011337868480725624, 0.0, 0.00022675736961451248, 0.0003401360544217687, 0.0003401360544217687, 0.0012471655328798186, 0.0011337868480725624, 0.003854875283446712, 0.006802721088435374, 0.016213151927437643, 0.027551020408163266, 0.05861678004535147, 0.12732426303854874, 0.14444444444444443, 0.16224489795918368, 0.0992063492063492, 0.16156462585034015, 0.05839002267573696, 0.039909297052154194, 0.03469387755102041, 0.021315192743764172, 0.01020408163265306, 0.01473922902494331, 0.003401360544217687, 0.0035147392290249433, 0.0022675736961451248, 0.00022675736961451248, 0.00011337868480725624, 0.0, 0.0, 0.0], [0.0, 0.0, 9.035872413481521e-05, 0.0, 9.035872413481521e-05, 9.035872413481521e-05, 9.035872413481521e-05, 0.000813228517213337, 0.0018071744826963043, 0.004608294930875576, 0.008855154965211892, 0.015993494171862292, 0.0279208457576579, 0.035962772205656454, 0.05466702810156321, 0.059636757928978046, 0.08358181982470407, 0.16860937923556518, 0.27405801030089455, 0.0991235203758923, 0.057016354929068404, 0.061263214963404714, 0.014457395861570434, 0.007138339206650402, 0.013553808620222282, 0.005421523448088913, 0.002891479172314087, 0.0009035872413481522, 0.0007228697930785217, 0.0006325110689437065, 0.0, 0.0, 0.0], [0.0, 0.0, 0.0, 0.0, 0.00010442773600668337, 0.0007309941520467836, 0.0009398496240601503, 0.002506265664160401, 0.005116959064327485, 0.009711779448621553, 0.01702172096908939, 0.03258145363408521, 0.05075187969924812, 0.0772765246449457, 0.11038011695906433, 0.13805346700083543, 0.17387218045112782, 0.11090225563909774, 0.15225563909774437, 0.04866332497911445, 0.025271512113617375, 0.027360066833751043, 0.007832080200501253, 0.003341687552213868, 0.0026106934001670842, 0.000835421888053467, 0.001148705096073517, 0.0006265664160401002, 0.00010442773600668337, 0.0, 0.0, 0.0, 0.0], [0.0, 0.0032258064516129032, 0.0, 0.0032258064516129032, 0.0064516129032258064, 0.016129032258064516, 0.025806451612903226, 0.04516129032258064, 0.08387096774193549, 0.054838709677419356, 0.05161290322580645, 0.07419354838709677, 0.07419354838709677, 0.11290322580645161, 0.13225806451612904, 0.0967741935483871, 0.08064516129032258, 0.04516129032258064, 0.041935483870967745, 0.01935483870967742, 0.0064516129032258064, 0.00967741935483871, 0.0032258064516129032, 0.012903225806451613, 0.0, 0.0, 0.0, 0.0, 0.0, 0.0, 0.0, 0.0, 0.0]]}, "ranks": {"labels": ["Unranked", "Combatatent I", "Combatatent II", "Challenger I", "Challenger II", "Rival I", "Rival II", "Duelist", "Elite"], "data": [[0.13290113452188007, 0.18962722852512157, 0.2366288492706645, 0.22204213938411668, 0.12155591572123177, 0.06158833063209076, 0.019448946515397084, 0.012965964343598054, 0.0032414910858995136], [0.06025428413488115, 0.09618573797678276, 0.173852957435047, 0.2584300718629077, 0.23327805417357655, 0.12797125483692648, 0.029297954671088998, 0.015201768933112217, 0.00552791597567717], [0.007618607872561469, 0.012697679787602447, 0.03128246565854785, 0.06464273346415791, 0.29654853976682444, 0.3773519565970218, 0.08957635922890454, 0.08923005887106084, 0.031051598753318713], [0.015503875968992248, 0.02494101786316144, 0.0549376474553421, 0.09594427592405348, 0.11908774295023031, 0.3805190428041793, 0.14605100550499944, 0.1263902932254803, 0.0366250983035614], [0.1807909604519774, 0.15819209039548024, 0.2033898305084746, 0.20903954802259886, 0.10734463276836158, 0.0903954802259887, 0.03389830508474576, 0.01694915254237288, 0.0], [0.007458821091888532, 0.03190717911530094, 0.1426499533823682, 0.25629338029628096, 0.2650989329742049, 0.16554439034497048, 0.05366207396664249, 0.05873821609862219, 0.01864705272972133], [0.08714502492954693, 0.11597658790375028, 0.20832430088879253, 0.23910687188380664, 0.1872967699978322, 0.08844569694342076, 0.028831562974203338, 0.0299154563190982, 0.0149577281595491], [0.26392961876832843, 0.2375366568914956, 0.21407624633431085, 0.1436950146627566, 0.06744868035190615, 0.05278592375366569, 0.01466275659824047, 0.005865102639296188, 0.0], [0.032541956610724516, 0.06078591895210807, 0.09015554645927139, 0.1911584117887843, 0.3030085959885387, 0.167621776504298, 0.06324191567744576, 0.06753990994678674, 0.02394596807204257], [0.014218009478672985, 0.030805687203791468, 0.05963665086887836, 0.13467614533965244, 0.1895734597156398, 0.21524486571879936, 0.10900473933649289, 0.15916271721958924, 0.08767772511848342], [0.03174916190100572, 0.0565963320844015, 0.12285545257345691, 0.23387891934529678, 0.2506408992309209, 0.1723525931768882, 0.06014592782488661, 0.054821534214158946, 0.01695917964898442], [0.08601494585938692, 0.13832545371358854, 0.22281531188043313, 0.2578923288089065, 0.16699710233338416, 0.07091657770321794, 0.027756596004270245, 0.02379136800366021, 0.005490315693152357], [0.014170292106898694, 0.0331883157240522, 0.06165320074580485, 0.17750155376009943, 0.3485394655065258, 0.2226227470478558, 0.06401491609695463, 0.060037290242386576, 0.018272218769422], [0.017679558011049725, 0.04861878453038674, 0.1723756906077348, 0.2539427423405324, 0.25062782521346055, 0.14786539427423406, 0.048719236564540434, 0.0455047714716223, 0.014665996986438976], [0.015637530072173216, 0.04170008019246191, 0.1144747393744988, 0.21952686447473937, 0.28167602245388934, 0.1872493985565357, 0.07056936647955092, 0.05392943063352045, 0.015236567762630313], [0.04251336898395722, 0.07780748663101604, 0.15828877005347594, 0.23529411764705882, 0.22914438502673798, 0.12727272727272726, 0.051871657754010696, 0.05374331550802139, 0.02406417112299465], [0.04493269992082344, 0.08828186856690419, 0.18072050673000792, 0.24821852731591448, 0.21575613618368963, 0.13400633412509896, 0.0389944576405384, 0.03780680918448139, 0.011282660332541567], [0.012768569674647023, 0.027378759975445057, 0.1765500306936771, 0.26801718845917744, 0.25696746470227133, 0.16918354818907305, 0.040024554941682014, 0.0374462860650706, 0.011663597298956415], [0.17857142857142858, 0.14285714285714285, 0.15, 0.15, 0.19285714285714287, 0.05714285714285714, 0.03571428571428571, 0.05714285714285714, 0.03571428571428571], [0.008680741613974922, 0.018111670774836566, 0.052727467581181006, 0.2888222055513878, 0.336834208552138, 0.17018540349373057, 0.05776444111027757, 0.05283463723073625, 0.01403922409173722], [0.005143792377834931, 0.011573532850128595, 0.04711246200607903, 0.2027121814355857, 0.3061725508534019, 0.2298339957914426, 0.088379705400982, 0.08171615618424129, 0.02735562310030395], [0.012395912187736563, 0.024129447388342166, 0.042676003028009085, 0.22880393641180924, 0.28274034822104466, 0.21990915972747918, 0.0843111279333838, 0.08364875094625283, 0.021385314155942466], [0.0273972602739726, 0.0410958904109589, 0.1385083713850837, 0.2937595129375951, 0.2815829528158295, 0.1598173515981735, 0.0410958904109589, 0.0167427701674277, 0.0], [0.00759825327510917, 0.020436681222707424, 0.04864628820960699, 0.08960698689956331, 0.3319650655021834, 0.2937991266375546, 0.08558951965065502, 0.09764192139737991, 0.024716157205240175], [0.008574181117533719, 0.028709055876685933, 0.07813102119460501, 0.1441233140655106, 0.3428709055876686, 0.25626204238921, 0.07851637764932562, 0.05443159922928709, 0.00838150289017341], [0.02523487000218484, 0.05931833078435657, 0.13251037797684073, 0.23104653703299105, 0.2652392396766441, 0.1673585317893817, 0.062158619182870876, 0.04970504697400044, 0.007428446580729736], [0.017124150088139008, 0.04343993956182322, 0.10690002518257366, 0.22651725006295642, 0.25157391085368924, 0.19969780911609167, 0.06434147569881642, 0.06509695290858726, 0.025308486527323093], [0.05814612044553521, 0.10723050783462337, 0.1812346611289409, 0.243722861997357, 0.21729280724938643, 0.120256749103266, 0.032471210118935244, 0.031338493486879365, 0.008306588635076459], [0.04443178581600683, 0.07177442324124181, 0.14041583594417545, 0.24693819424665336, 0.25092566220450013, 0.13614354884648247, 0.044716604955853036, 0.04386214753631444, 0.02079179720877243], [0.021207360861759426, 0.09156193895870736, 0.19456912028725315, 0.2868043087971275, 0.21083931777378814, 0.11220825852782765, 0.035457809694793535, 0.036916517055655296, 0.010435368043087971], [0.009271145343032378, 0.04278990158322636, 0.13835401511909856, 0.23249179860219654, 0.25345885037797744, 0.17486806447011838, 0.06019112822707175, 0.06104692625873627, 0.02752817001854229], [0.034203420342034205, 0.06876687668766877, 0.15913591359135915, 0.24914491449144915, 0.23438343834383438, 0.15427542754275428, 0.04716471647164717, 0.038343834383438344, 0.014581458145814581], [0.01293103448275862, 0.03584392014519056, 0.0794010889292196, 0.27291288566243194, 0.3154491833030853, 0.17173321234119782, 0.06261343012704174, 0.04106170598911071, 0.008053539019963703], [0.020453819111537232, 0.05800575263662512, 0.16666666666666666, 0.27309044423138384, 0.2580696708213487, 0.13007350591243208, 0.04378395653563439, 0.03451581975071908, 0.015340364333652923], [0.01141552511415525, 0.03489889106327462, 0.09931506849315068, 0.2126549249836921, 0.2653294194390085, 0.20776255707762556, 0.07273320287018917, 0.07273320287018917, 0.023157208088714937], [0.0072562358276643995, 0.023015873015873017, 0.08616780045351474, 0.2717687074829932, 0.26145124716553286, 0.19433106575963718, 0.0655328798185941, 0.06621315192743764, 0.024263038548752835], [0.007590132827324478, 0.024848649137074186, 0.06388361796331436, 0.11430378603054125, 0.25219119906026927, 0.3289961145748622, 0.10120177103099304, 0.08285895003162555, 0.024125779343995662], [0.019110275689223057, 0.0496031746031746, 0.12802840434419382, 0.24843358395989976, 0.28477443609022557, 0.18013784461152882, 0.046052631578947366, 0.03853383458646616, 0.005325814536340852], [0.23870967741935484, 0.12580645161290321, 0.1870967741935484, 0.22903225806451613, 0.12580645161290321, 0.04838709677419355, 0.01935483870967742, 0.025806451612903226, 0.0]]}, "ranksDetailed": {"labels": ["Unranked", "Combatatant", "Challenger", "Rival", "Duelist", "Elite"], "data": [[0.13290113452188007, 0.42625607779578606, 0.34359805510534847, 0.08103727714748785, 0.012965964343598054, 0.0032414910858995136], [0.06025428413488115, 0.27003869541182973, 0.4917081260364842, 0.15726920950801548, 0.015201768933112217, 0.00552791597567717], [0.007618607872561469, 0.043980145446150296, 0.3611912732309823, 0.46692831582592637, 0.08923005887106084, 0.031051598753318713], [0.015503875968992248, 0.07987866531850354, 0.21503201887428378, 0.5265700483091788, 0.1263902932254803, 0.0366250983035614], [0.1807909604519774, 0.3615819209039548, 0.3163841807909605, 0.12429378531073447, 0.01694915254237288, 0.0], [0.007458821091888532, 0.17455713249766913, 0.5213923132704859, 0.21920646431161298, 0.05873821609862219, 0.01864705272972133], [0.08714502492954693, 0.3243008887925428, 0.4264036418816389, 0.11727725991762411, 0.0299154563190982, 0.0149577281595491], [0.26392961876832843, 0.45161290322580644, 0.21114369501466276, 0.06744868035190615, 0.005865102639296188, 0.0], [0.032541956610724516, 0.15094146541137946, 0.494167007777323, 0.23086369218174377, 0.06753990994678674, 0.02394596807204257], [0.014218009478672985, 0.09044233807266983, 0.32424960505529227, 0.32424960505529227, 0.15916271721958924, 0.08767772511848342], [0.03174916190100572, 0.1794517846578584, 0.48451981857621773, 0.2324985210017748, 0.054821534214158946, 0.01695917964898442], [0.08601494585938692, 0.36114076559402164, 0.42488943114229066, 0.09867317370748818, 0.02379136800366021, 0.005490315693152357], [0.014170292106898694, 0.09484151646985706, 0.5260410192666253, 0.28663766314481043, 0.060037290242386576, 0.018272218769422], [0.017679558011049725, 0.22099447513812154, 0.504570567553993, 0.19658463083877448, 0.0455047714716223, 0.014665996986438976], [0.015637530072173216, 0.1561748195669607, 0.5012028869286287, 0.2578187650360866, 0.05392943063352045, 0.015236567762630313], [0.04251336898395722, 0.23609625668449197, 0.46443850267379677, 0.17914438502673796, 0.05374331550802139, 0.02406417112299465], [0.04493269992082344, 0.2690023752969121, 0.4639746634996041, 0.17300079176563737, 0.03780680918448139, 0.011282660332541567], [0.012768569674647023, 0.20392879066912217, 0.5249846531614487, 0.20920810313075505, 0.0374462860650706, 0.011663597298956415], [0.17857142857142858, 0.29285714285714287, 0.34285714285714286, 0.09285714285714286, 0.05714285714285714, 0.03571428571428571], [0.008680741613974922, 0.07083913835601757, 0.6256564141035259, 0.22794984460400813, 0.05283463723073625, 0.01403922409173722], [0.005143792377834931, 0.058685994856207624, 0.5088847322889876, 0.3182137011924246, 0.08171615618424129, 0.02735562310030395], [0.012395912187736563, 0.06680545041635125, 0.511544284632854, 0.304220287660863, 0.08364875094625283, 0.021385314155942466], [0.0273972602739726, 0.1796042617960426, 0.5753424657534246, 0.2009132420091324, 0.0167427701674277, 0.0], [0.00759825327510917, 0.06908296943231441, 0.4215720524017467, 0.3793886462882096, 0.09764192139737991, 0.024716157205240175], [0.008574181117533719, 0.10684007707129095, 0.4869942196531792, 0.33477842003853564, 0.05443159922928709, 0.00838150289017341], [0.02523487000218484, 0.1918287087611973, 0.49628577670963514, 0.22951715097225256, 0.04970504697400044, 0.007428446580729736], [0.017124150088139008, 0.15033996474439687, 0.47809116091664566, 0.26403928481490807, 0.06509695290858726, 0.025308486527323093], [0.05814612044553521, 0.2884651689635643, 0.4610156692467434, 0.15272795922220125, 0.031338493486879365, 0.008306588635076459], [0.04443178581600683, 0.21219025918541726, 0.4978638564511535, 0.18086015380233553, 0.04386214753631444, 0.02079179720877243], [0.021207360861759426, 0.2861310592459605, 0.4976436265709156, 0.14766606822262118, 0.036916517055655296, 0.010435368043087971], [0.009271145343032378, 0.1811439167023249, 0.48595064898017404, 0.23505919269719014, 0.06104692625873627, 0.02752817001854229], [0.034203420342034205, 0.2279027902790279, 0.4835283528352835, 0.20144014401440144, 0.038343834383438344, 0.014581458145814581], [0.01293103448275862, 0.11524500907441017, 0.5883620689655172, 0.23434664246823955, 0.04106170598911071, 0.008053539019963703], [0.020453819111537232, 0.2246724193032918, 0.5311601150527325, 0.17385746244806646, 0.03451581975071908, 0.015340364333652923], [0.01141552511415525, 0.13421395955642532, 0.4779843444227006, 0.2804957599478147, 0.07273320287018917, 0.023157208088714937], [0.0072562358276643995, 0.10918367346938776, 0.5332199546485261, 0.2598639455782313, 0.06621315192743764, 0.024263038548752835], [0.007590132827324478, 0.08873226710038855, 0.3664949850908105, 0.43019788560585526, 0.08285895003162555, 0.024125779343995662], [0.019110275689223057, 0.17763157894736842, 0.5332080200501254, 0.2261904761904762, 0.03853383458646616, 0.005325814536340852], [0.23870967741935484, 0.31290322580645163, 0.3548387096774194, 0.06774193548387097, 0.025806451612903226, 0.0]]}}}, "eu": {"histType": {"histogram": {"labels": ["0", "100", "200", "300", "400", "500", "600", "700", "800", "900", "1000", "1100", "1200", "1300", "1400", "1500", "1600", "1700", "1800", "1900", "2000", "2100", "2200", "2300", "2400", "2500", "2600", "2700", "2800", "2900", "3000", "3100", "3200"], "data": [[0.0, 0.0, 0.0021598272138228943, 0.0, 0.0, 0.004319654427645789, 0.01079913606911447, 0.028077753779697623, 0.05399568034557235, 0.07991360691144708, 0.07127429805615551, 0.09503239740820735, 0.08639308855291576, 0.13606911447084233, 0.13822894168466524, 0.09503239740820735, 0.06911447084233262, 0.04967602591792657, 0.0367170626349892, 0.019438444924406047, 0.01511879049676026, 0.004319654427645789, 0.004319654427645789, 0.0, 0.0, 0.0, 0.0, 0.0, 0.0, 0.0, 0.0, 0.0, 0.0], [0.00030543677458766036, 0.00030543677458766036, 0.0006108735491753207, 0.0009163103237629811, 0.0015271838729383018, 0.003359804520464264, 0.005497861942577886, 0.010995723885155772, 0.021686010995723884, 0.033598045204642636, 0.04520464263897373, 0.06414172266340867, 0.08185705558949298, 0.10598656078191815, 0.129505192425168, 0.13133781307269396, 0.14111178985949907, 0.06658521686010996, 0.09407452657299939, 0.02504581551618815, 0.012828344532681736, 0.011912034208918754, 0.004276114844227245, 0.0030543677458766036, 0.0030543677458766036, 0.0006108735491753207, 0.0006108735491753207, 0.0, 0.0, 0.0, 0.0, 0.0, 0.0], [0.0, 0.0, 0.0, 0.00011630611770179111, 0.00011630611770179111, 0.00011630611770179111, 0.0, 0.0008141428239125378, 0.001977204000930449, 0.0025587345894394044, 0.005698999767387764, 0.00942079553384508, 0.011979530123284485, 0.015817632007443592, 0.025819958129797628, 0.04326587578506629, 0.2279599906955106, 0.14305652477320308, 0.28715980460572227, 0.07711095603628751, 0.05012793672947197, 0.05140730402419167, 0.017213305419865085, 0.006862060944405676, 0.011397999534775528, 0.005001163061177018, 0.003023959060246569, 0.0015119795301232846, 0.00023261223540358222, 0.00023261223540358222, 0.0, 0.0, 0.0], [0.0, 0.0, 0.0, 0.00010768899418479432, 0.00010768899418479432, 0.00021537798836958864, 0.0007538229592935602, 0.002046090889511092, 0.0023691578720654747, 0.005922894680163687, 0.011630411371957786, 0.01744561705793668, 0.021107042860219687, 0.02692224854619858, 0.04329097566228732, 0.0548136980400603, 0.07990523368511739, 0.06558259745853974, 0.30982123626965324, 0.12911910402756838, 0.08012061167348697, 0.07279776006892096, 0.027568382511307346, 0.0132457462847297, 0.02067628688348051, 0.006569028645272453, 0.004630626749946155, 0.0025845358604350637, 0.0004307559767391773, 0.00021537798836958864, 0.0, 0.0, 0.0], [0.0, 0.0, 0.0, 0.0, 0.0, 0.01935483870967742, 0.03225806451612903, 0.05806451612903226, 0.06451612903225806, 0.05806451612903226, 0.06451612903225806, 0.09032258064516129, 0.06451612903225806, 0.0967741935483871, 0.07096774193548387, 0.14838709677419354, 0.01935483870967742, 0.06451612903225806, 0.05806451612903226, 0.03225806451612903, 0.03225806451612903, 0.0, 0.0064516129032258064, 0.0064516129032258064, 0.012903225806451613, 0.0, 0.0, 0.0, 0.0, 0.0, 0.0, 0.0, 0.0], [0.0, 0.00010404744563520966, 0.00010404744563520966, 0.00020809489127041931, 0.00031214233690562894, 0.00010404744563520966, 0.00020809489127041931, 0.0011445219019873061, 0.0019769014670689834, 0.003953802934137967, 0.019144729996878575, 0.04068255124336698, 0.056081573197378005, 0.07834772656331287, 0.1152845697638123, 0.13109978150036417, 0.14962022682343148, 0.10498387264592654, 0.1370304859015711, 0.05223181770887525, 0.031214233690562896, 0.038185412548121946, 0.014670689834564562, 0.005202372281760482, 0.010196649672250545, 0.003849755488502757, 0.0024971386952450316, 0