{"region": {"us": {"histType": {"histogram": {"labels": ["0", "100", "200", "300", "400", "500", "600", "700", "800", "900", "1000", "1100", "1200", "1300", "1400", "1500", "1600", "1700", "1800", "1900", "2000", "2100", "2200", "2300", "2400", "2500", "2600", "2700", "2800", "2900", "3000", "3100"], "data": [[0.0, 0.0, 0.0, 0.009433962264150943, 0.0, 0.009433962264150943, 0.018867924528301886, 0.018867924528301886, 0.11320754716981132, 0.03773584905660377, 0.09433962264150944, 0.12264150943396226, 0.05660377358490566, 0.1792452830188679, 0.11320754716981132, 0.0660377358490566, 0.02830188679245283, 0.05660377358490566, 0.02830188679245283, 0.04716981132075472, 0.0, 0.0, 0.0, 0.0, 0.0, 0.0, 0.0, 0.0, 0.0, 0.0, 0.0, 0.0], [0.0, 0.001774622892635315, 0.0, 0.0008873114463176575, 0.001774622892635315, 0.0, 0.00354924578527063, 0.01419698314108252, 0.01774622892635315, 0.03637976929902396, 0.05767524401064774, 0.07187222715173026, 0.10292812777284827, 0.10470275066548358, 0.15084294587400177, 0.11535048802129548, 0.12156166814551908, 0.06299911268855368, 0.07630878438331855, 0.02040816326530612, 0.011535048802129548, 0.01685891748003549, 0.005323868677905945, 0.001774622892635315, 0.00354924578527063, 0.0, 0.0, 0.0, 0.0, 0.0, 0.0, 0.0], [0.0, 0.0, 0.0003419972640218878, 0.0003419972640218878, 0.0006839945280437756, 0.0003419972640218878, 0.001709986320109439, 0.001709986320109439, 0.01094391244870041, 0.01265389876880985, 0.018467852257181942, 0.03283173734610123, 0.057455540355677154, 0.07626538987688099, 0.09404924760601915, 0.106703146374829, 0.14466484268125854, 0.09712722298221614, 0.15321477428180574, 0.05677154582763338, 0.03317373461012312, 0.054035567715458276, 0.02222982216142271, 0.009233926128590971, 0.009575923392612859, 0.0047879616963064295, 0.0006839945280437756, 0.0, 0.0, 0.0, 0.0, 0.0], [0.0, 0.00023730422401518748, 0.0, 0.0, 0.00023730422401518748, 0.0009492168960607499, 0.0026103464641670624, 0.004271476032273375, 0.011627906976744186, 0.02539155196962506, 0.034171808258187, 0.038680588514475554, 0.07427622211675368, 0.10109159943046986, 0.12244897959183673, 0.13146654010441386, 0.14712861888941622, 0.09302325581395349, 0.1098718557190318, 0.04295206454674893, 0.022069292833412434, 0.022781205505457997, 0.007356430944470811, 0.0028476506881822496, 0.0033222591362126247, 0.0009492168960607499, 0.00023730422401518748, 0.0, 0.0, 0.0, 0.0, 0.0], [0.0, 0.0, 0.0, 0.0, 0.0, 0.0, 0.0, 0.1, 0.075, 0.125, 0.05, 0.1, 0.05, 0.1, 0.0, 0.0, 0.1, 0.0, 0.075, 0.125, 0.025, 0.05, 0.0, 0.025, 0.0, 0.0, 0.0, 0.0, 0.0, 0.0, 0.0, 0.0], [0.0, 0.0, 0.0, 0.0, 0.0, 0.0, 0.0005967774020290431, 0.0033817386114979114, 0.0037795902128506067, 0.012532325442609906, 0.021483986473045554, 0.03361846031430277, 0.06266162721304953, 0.08872090710165108, 0.11557589019295803, 0.12233936741595385, 0.1495922021086135, 0.09429082952058881, 0.12074796101054307, 0.05370996618261389, 0.03143027650686294, 0.0433658245474438, 0.0175054704595186, 0.006564551422319475, 0.01034414163517008, 0.004973145016908693, 0.0023871096081161725, 0.00039785160135269546, 0.0, 0.0, 0.0, 0.0], [0.0, 0.0, 0.0, 0.0017231476163124641, 0.0017231476163124641, 0.0017231476163124641, 0.00402067777139575, 0.01263641585295807, 0.02527283170591614, 0.03848363009764503, 0.05743825387708214, 0.07294658242389432, 0.10970706490522689, 0.12693854106835153, 0.134979896611143, 0.09362435381964389, 0.10338885697874785, 0.06203331418724871, 0.05226881102814474, 0.02871912693854107, 0.018380241240666284, 0.017805858701895463, 0.010913268236645606, 0.007466973004020678, 0.012062033314187249, 0.00402067777139575, 0.0017231476163124641, 0.0, 0.0, 0.0, 0.0, 0.0], [0.0, 0.0, 0.01, 0.01, 0.02, 0.01, 0.03, 0.1, 0.1, 0.15, 0.1, 0.11, 0.11, 0.09, 0.04, 0.02, 0.04, 0.02, 0.03, 0.01, 0.0, 0.0, 0.0, 0.0, 0.0, 0.0, 0.0, 0.0, 0.0, 0.0, 0.0, 0.0], [0.000625, 0.0004166666666666667, 0.0010416666666666667, 0.0008333333333333334, 0.0027083333333333334, 0.0035416666666666665, 0.004583333333333333, 0.013541666666666667, 0.023958333333333335, 0.055625, 0.07416666666666667, 0.09833333333333333, 0.1125, 0.13020833333333334, 0.13395833333333335, 0.089375, 0.07666666666666666, 0.049166666666666664, 0.049375, 0.0275, 0.0175, 0.017708333333333333, 0.01, 0.00375, 0.0022916666666666667, 0.0004166666666666667, 0.00020833333333333335, 0.0, 0.0, 0.0, 0.0, 0.0], [0.0, 0.0, 0.000513347022587269, 0.0, 0.001026694045174538, 0.001026694045174538, 0.004620123203285421, 0.00513347022587269, 0.016940451745379878, 0.023100616016427104, 0.033880903490759756, 0.055441478439425054, 0.0811088295687885, 0.10523613963039015, 0.12114989733059549, 0.1360369609856263, 0.16119096509240247, 0.08162217659137577, 0.08932238193018481, 0.03182751540041068, 0.013860369609856264, 0.021560574948665298, 0.008726899383983572, 0.003593429158110883, 0.002566735112936345, 0.000513347022587269, 0.0, 0.0, 0.0, 0.0, 0.0, 0.0], [0.0, 0.00030703101013202335, 0.00030703101013202335, 0.00092109303039607, 0.0012281240405280934, 0.003070310101320233, 0.00736874424316856, 0.01013202333435677, 0.020571077678845563, 0.037457783236106844, 0.0828983727356463, 0.09272336505987104, 0.11513662879950876, 0.11943506294135707, 0.13785692354927848, 0.10899600859686828, 0.09088117899907891, 0.053730426773104085, 0.0500460546515198, 0.026097635861221984, 0.013509364445809026, 0.013509364445809026, 0.006140620202640466, 0.00460546515198035, 0.002456248081056187, 0.0006140620202640467, 0.0, 0.0, 0.0, 0.0, 0.0, 0.0], [0.0, 0.0, 0.0, 0.0, 0.0002898550724637681, 0.0008695652173913044, 0.002898550724637681, 0.0055072463768115944, 0.013043478260869565, 0.02, 0.03681159420289855, 0.051304347826086956, 0.07739130434782608, 0.09797101449275362, 0.13826086956521738, 0.11739130434782609, 0.15333333333333332, 0.09130434782608696, 0.09652173913043478, 0.03884057971014493, 0.019420289855072465, 0.020289855072463767, 0.009855072463768115, 0.004347826086956522, 0.004057971014492754, 0.0002898550724637681, 0.0, 0.0, 0.0, 0.0, 0.0, 0.0], [0.0002707092582566324, 0.0, 0.0, 0.0008121277747698972, 0.0005414185165132648, 0.0018949648077964266, 0.002977801840822956, 0.007038440714672442, 0.01353546291283162, 0.03871142393069843, 0.059826746074715755, 0.0660530590146183, 0.08798050893340552, 0.11829994585814835, 0.1488900920411478, 0.12073632918245804, 0.12939902544667028, 0.06740660530590147, 0.06497022198159177, 0.028153762858689767, 0.016242555495397944, 0.011911207363291824, 0.00568489442338928, 0.002977801840822956, 0.004060638873849486, 0.0016242555495397943, 0.0, 0.0, 0.0, 0.0, 0.0, 0.0], [0.0, 0.0, 0.0, 0.0, 0.0, 0.0, 0.0004426737494466578, 0.0008853474988933156, 0.003098716246126605, 0.006640106241699867, 0.01859229747675963, 0.03098716246126605, 0.055776892430278883, 0.07746790615316512, 0.11642319610447101, 0.1239486498450642, 0.17220008853474988, 0.1102257636122178, 0.1270473660911908, 0.05843293492695883, 0.035413899955732624, 0.033643204957945996, 0.011509517485613104, 0.00796812749003984, 0.006640106241699867, 0.0026560424966799467, 0.0, 0.0, 0.0, 0.0, 0.0, 0.0], [0.0, 0.0, 0.0, 0.0, 0.001639344262295082, 0.0, 0.0, 0.013114754098360656, 0.014754098360655738, 0.03770491803278689, 0.05901639344262295, 0.09344262295081968, 0.10655737704918032, 0.12131147540983607, 0.1, 0.1, 0.11147540983606558, 0.07213114754098361, 0.06393442622950819, 0.03114754098360656, 0.027868852459016394, 0.014754098360655738, 0.006557377049180328, 0.00819672131147541, 0.004918032786885246, 0.009836065573770493, 0.001639344262295082, 0.0, 0.0, 0.0, 0.0, 0.0], [0.00036927621861152144, 0.00036927621861152144, 0.0007385524372230429, 0.00036927621861152144, 0.0007385524372230429, 0.0007385524372230429, 0.0029542097488921715, 0.0048005908419497785, 0.0103397341211226, 0.017355982274741506, 0.03729689807976366, 0.050590841949778434, 0.08493353028064993, 0.10302806499261448, 0.1432791728212703, 0.13404726735598227, 0.13330871491875923, 0.08234859675036928, 0.08936484490398819, 0.03914327917282127, 0.02031019202363368, 0.022525849335302807, 0.0103397341211226, 0.004062038404726735, 0.004062038404726735, 0.001846381093057607, 0.0007385524372230429, 0.0, 0.0, 0.0, 0.0, 0.0], [0.0, 0.0, 0.0, 0.0, 0.0016051364365971107, 0.001203852327447833, 0.0032102728731942215, 0.006420545746388443, 0.013643659711075442, 0.023274478330658106, 0.04695024077046549, 0.06420545746388442, 0.08547351524879615, 0.11316211878009631, 0.1332263242375602, 0.11918138041733548, 0.13523274478330657, 0.07423756019261638, 0.09229534510433386, 0.03410914927768861, 0.01765650080256822, 0.021669341894060994, 0.0040128410914927765, 0.0032102728731942215, 0.0040128410914927765, 0.0020064205457463883, 0.0, 0.0, 0.0, 0.0, 0.0, 0.0], [0.0, 0.0, 0.0, 0.0, 0.0, 0.0, 0.0, 0.0, 0.04, 0.2, 0.04, 0.08, 0.12, 0.12, 0.04, 0.12, 0.08, 0.04, 0.04, 0.04, 0.04, 0.0, 0.0, 0.0, 0.0, 0.0, 0.0, 0.0, 0.0, 0.0, 0.0, 0.0], [0.00019000570017100514, 0.00019000570017100514, 0.0003800114003420103, 0.00019000570017100514, 0.00019000570017100514, 0.0, 0.0009500285008550256, 0.001710051301539046, 0.006270188105643169, 0.010640319209576287, 0.021660649819494584, 0.032110963328899865, 0.06346190385711571, 0.08759262777883337, 0.1185635569067072, 0.13452403572107163, 0.1407942238267148, 0.10602318069542087, 0.10431312939388182, 0.06213186395591868, 0.03553106593197796, 0.04389131673950219, 0.015390461713851415, 0.0074102223066692, 0.005130153904617138, 0.0007600228006840206, 0.0, 0.0, 0.0, 0.0, 0.0, 0.0], [0.0, 0.0, 0.0, 0.0004601932811780948, 0.0, 0.0009203865623561896, 0.0032213529682466636, 0.0013805798435342844, 0.006442705936493327, 0.007363092498849517, 0.02116889093419236, 0.03267372296364473, 0.054302807179015186, 0.06994937873907041, 0.11412793373216751, 0.12839392544868844, 0.1509433962264151, 0.10998619420156466, 0.12011044638748274, 0.054302807179015186, 0.03681546249424758, 0.039116428900138056, 0.012885411872986655, 0.009664058904739991, 0.014265991716520939, 0.008743672342383801, 0.0027611596870685687, 0.0, 0.0, 0.0, 0.0, 0.0], [0.0004538234626730202, 0.0, 0.0, 0.0002269117313365101, 0.0011345586566825505, 0.002496029044701611, 0.0018152938506920807, 0.006126616746085773, 0.009984116178806445, 0.02064896755162242, 0.03698661220785115, 0.05128205128205128, 0.06444293169956887, 0.09031086907193102, 0.11799410029498525, 0.11980939414567733, 0.1279782164737917, 0.08690719310188337, 0.11073292489221692, 0.05445881552076242, 0.031313818924438394, 0.03403675970047652, 0.012480145223508056, 0.008168822328114363, 0.008395734059450873, 0.0018152938506920807, 0.0, 0.0, 0.0, 0.0, 0.0, 0.0], [0.0, 0.0, 0.0, 0.0, 0.0, 0.003134796238244514, 0.0, 0.006269592476489028, 0.012539184952978056, 0.009404388714733543, 0.009404388714733543, 0.0438871473354232, 0.06583072100313479, 0.15987460815047022, 0.1536050156739812, 0.1536050156739812, 0.1724137931034483, 0.109717868338558, 0.06269592476489028, 0.025078369905956112, 0.012539184952978056, 0.0, 0.0, 0.0, 0.0, 0.0, 0.0, 0.0, 0.0, 0.0, 0.0, 0.0], [0.0, 0.0, 0.0, 0.0001410238330277817, 0.0001410238330277817, 0.0002820476660555634, 0.0002820476660555634, 0.001833309829361162, 0.003948667324777887, 0.01241009730644479, 0.01649978846425046, 0.03173036243125088, 0.05669158087716824, 0.07347341700747426, 0.11535749541672542, 0.13453673670850375, 0.16598505147369905, 0.10181920744605838, 0.1418699760259484, 0.05683260471019602, 0.02721759977436187, 0.03384571992666761, 0.012692144972500352, 0.004230714990833451, 0.0056409533211112676, 0.0019743336623889436, 0.0005640953321111268, 0.0, 0.0, 0.0, 0.0, 0.0], [0.00011563367252543941, 0.00011563367252543941, 0.00023126734505087883, 0.0, 0.0006938020351526364, 0.001156336725254394, 0.00046253469010175765, 0.0018501387604070306, 0.00196577243293247, 0.010638297872340425, 0.016188714153561518, 0.03665587419056429, 0.0704209065679926, 0.11147086031452359, 0.14893617021276595, 0.1687095282146161, 0.16790009250693802, 0.0927382053654024, 0.09354764107308049, 0.03896854764107308, 0.018617021276595744, 0.01179463459759482, 0.004856614246068455, 0.0009250693802035153, 0.0010407030527289547, 0.0, 0.0, 0.0, 0.0, 0.0, 0.0, 0.0], [0.0, 0.0003222687721559781, 0.0, 0.0003222687721559781, 0.0, 0.0016113438607798904, 0.0019336126329358686, 0.003544956493715759, 0.009668063164679342, 0.017724782468578795, 0.031260070899129876, 0.05768611021592008, 0.08443441830486625, 0.10828230744440864, 0.1295520464067032, 0.11795037060908797, 0.14276506606509828, 0.09087979374798583, 0.08862391234289398, 0.04640670319046084, 0.025781501772478246, 0.023847889139542378, 0.009345794392523364, 0.005800837898807605, 0.0022558814050918467, 0.0, 0.0, 0.0, 0.0, 0.0, 0.0, 0.0], [0.0, 0.0, 0.0, 0.0, 0.00048555474629764507, 0.00024277737314882253, 0.0009711094925952901, 0.0012138868657441126, 0.004127215343529983, 0.006069434328720563, 0.021364408837096383, 0.022578295702840496, 0.04442825928623452, 0.07987375576596262, 0.1046370478271425, 0.12187424132070891, 0.15246419033746056, 0.08594319009468318, 0.15659140568099053, 0.05559601845108036, 0.03908715707696043, 0.0441854819130857, 0.022821073075989316, 0.013838310269482883, 0.014081087642631707, 0.004612770089827628, 0.0029133284777858705, 0.0, 0.0, 0.0, 0.0, 0.0], [0.0, 0.0008733624454148472, 0.0008733624454148472, 0.0017467248908296944, 0.0026200873362445414, 0.004366812227074236, 0.004366812227074236, 0.013973799126637555, 0.032314410480349345, 0.05240174672489083, 0.059388646288209605, 0.10480349344978165, 0.0925764192139738, 0.1240174672489083, 0.12314410480349346, 0.11179039301310044, 0.09606986899563319, 0.05414847161572053, 0.06375545851528384, 0.022707423580786028, 0.011353711790393014, 0.01834061135371179, 0.0017467248908296944, 0.0, 0.0026200873362445414, 0.0, 0.0, 0.0, 0.0, 0.0, 0.0, 0.0], [0.0, 0.0, 0.0, 0.0, 0.003115264797507788, 0.0, 0.006230529595015576, 0.03115264797507788, 0.06230529595015576, 0.0529595015576324, 0.09657320872274143, 0.09657320872274143, 0.0778816199376947, 0.1059190031152648, 0.10903426791277258, 0.11838006230529595, 0.102803738317757, 0.056074766355140186, 0.04672897196261682, 0.018691588785046728, 0.003115264797507788, 0.003115264797507788, 0.006230529595015576, 0.0, 0.003115264797507788, 0.0, 0.0, 0.0, 0.0, 0.0, 0.0, 0.0], [0.000517063081695967, 0.0, 0.0, 0.0, 0.001034126163391934, 0.0015511892450879006, 0.0062047569803516025, 0.009307135470527405, 0.016028955532574975, 0.02688728024819028, 0.05041365046535677, 0.07135470527404343, 0.10186142709410548, 0.11840744570837643, 0.14607032057911065, 0.12099276111685625, 0.12202688728024819, 0.062564632885212, 0.06773526370217166, 0.028697001034126163, 0.013960703205791106, 0.02094105480868666, 0.00749741468459152, 0.002326783867631851, 0.002326783867631851, 0.000517063081695967, 0.0007755946225439503, 0.0, 0.0, 0.0, 0.0, 0.0], [0.0, 0.0, 0.0, 0.0, 0.0, 0.0, 0.002026342451874367, 0.0025329280648429585, 0.005065856129685917, 0.02077001013171226, 0.029381965552178316, 0.037993920972644375, 0.05319148936170213, 0.08611955420466058, 0.11550151975683891, 0.12664640324214793, 0.14336372847011145, 0.09371833839918946, 0.10688956433637285, 0.05116514690982776, 0.028875379939209727, 0.040526849037487336, 0.017223910840932118, 0.014184397163120567, 0.019756838905775075, 0.005065856129685917, 0.0, 0.0, 0.0, 0.0, 0.0, 0.0], [0.0, 0.0, 0.0, 0.0, 0.0003667033370003667, 0.0, 0.0014668133480014668, 0.0014668133480014668, 0.0044004400440044, 0.013201320132013201, 0.022002200220022004, 0.03813714704803814, 0.06563989732306565, 0.10964429776310965, 0.13237990465713237, 0.1378804547121379, 0.14814814814814814, 0.08250825082508251, 0.11221122112211221, 0.050238357169050236, 0.027869453612027868, 0.027136046938027136, 0.011734506784011734, 0.004767143381004767, 0.0062339567290062336, 0.0022002200220022, 0.0003667033370003667, 0.0, 0.0, 0.0, 0.0, 0.0], [0.00020964360587002095, 0.00020964360587002095, 0.00020964360587002095, 0.0004192872117400419, 0.0006289308176100629, 0.002306079664570231, 0.0033542976939203353, 0.004821802935010482, 0.007966457023060796, 0.01928721174004193, 0.04339622641509434, 0.0610062893081761, 0.09664570230607966, 0.12348008385744234, 0.13060796645702305, 0.12914046121593292, 0.1360587002096436, 0.07987421383647798, 0.07316561844863732, 0.0350104821802935, 0.02012578616352201, 0.018658280922431866, 0.008595387840670859, 0.0027253668763102725, 0.0020964360587002098, 0.0, 0.0, 0.0, 0.0, 0.0, 0.0, 0.0], [0.0, 0.0, 0.0, 0.0, 0.0005599104143337066, 0.0005599104143337066, 0.0005599104143337066, 0.0022396416573348264, 0.006159014557670772, 0.014557670772676373, 0.02855543113101904, 0.04535274356103024, 0.07950727883538634, 0.10694288913773796, 0.1349384098544233, 0.14109742441209405, 0.13325867861142218, 0.09070548712206047, 0.08286674132138858, 0.04311310190369541, 0.0341545352743561, 0.025195968645016796, 0.013437849944008958, 0.005599104143337066, 0.009518477043673012, 0.0011198208286674132, 0.0, 0.0, 0.0, 0.0, 0.0, 0.0], [0.0, 0.0, 0.0, 0.0, 0.0, 0.000768344218209758, 0.000384172109104879, 0.002689204763734153, 0.0042258932001536685, 0.005762581636573185, 0.012293507491356128, 0.020745293891663467, 0.03880138301959278, 0.059930849020361124, 0.0933538225124856, 0.1152516327314637, 0.15789473684210525, 0.09911640414905878, 0.13791778716865155, 0.07529773338455628, 0.04610065309258548, 0.06838263542066846, 0.027660391855551286, 0.013061851709565886, 0.01536688436419516, 0.0042258932001536685, 0.000768344218209758, 0.0, 0.0, 0.0, 0.0, 0.0], [0.0, 0.0, 0.0, 0.0, 0.00022079929344226098, 0.0, 0.0006623978803267829, 0.002428792227864871, 0.005519982336056524, 0.00927357032457496, 0.01854714064914992, 0.04393905939500994, 0.0763965555310223, 0.1137116361227644, 0.140428350629278, 0.12298520644733937, 0.13557076617354824, 0.08522852726871274, 0.10532126297195848, 0.048134245970412895, 0.028041510267167145, 0.030470302495032017, 0.016780746301611835, 0.005961580922941047, 0.007948774563921396, 0.002428792227864871, 0.0, 0.0, 0.0, 0.0, 0.0, 0.0], [0.0, 0.0, 0.00015943877551020407, 0.0, 0.0, 0.00031887755102040814, 0.0007971938775510204, 0.002072704081632653, 0.003985969387755102, 0.011001275510204082, 0.024394132653061226, 0.043845663265306124, 0.07908163265306123, 0.11878188775510204, 0.15848214285714285, 0.14524872448979592, 0.14508928571428573, 0.07286352040816327, 0.10172193877551021, 0.03411989795918367, 0.018494897959183673, 0.022480867346938774, 0.008450255102040817, 0.0027104591836734694, 0.003985969387755102, 0.0015943877551020409, 0.00031887755102040814, 0.0, 0.0, 0.0, 0.0, 0.0], [0.0, 0.0, 0.0, 0.0, 0.0, 0.00018298261665141812, 0.0010978956999085087, 0.0010978956999085087, 0.0040256175663311985, 0.010064043915827997, 0.015187557182067704, 0.03403476669716377, 0.06184812442817932, 0.10466605672461116, 0.13705397987191217, 0.1645013723696249, 0.17090576395242452, 0.09149130832570906, 0.11601097895699909, 0.03549862763037511, 0.018298261665141813, 0.02232387923147301, 0.005672461116193962, 0.001646843549862763, 0.0034766697163769443, 0.0009149130832570906, 0.0, 0.0, 0.0, 0.0, 0.0, 0.0], [0.0, 0.012048192771084338, 0.0, 0.0, 0.012048192771084338, 0.03614457831325301, 0.03614457831325301, 0.04819277108433735, 0.1566265060240964, 0.0963855421686747, 0.060240963855421686, 0.04819277108433735, 0.060240963855421686, 0.07228915662650602, 0.0963855421686747, 0.08433734939759036, 0.024096385542168676, 0.060240963855421686, 0.08433734939759036, 0.0, 0.012048192771084338, 0.0, 0.0, 0.0, 0.0, 0.0, 0.0, 0.0, 0.0, 0.0, 0.0, 0.0]]}, "ranks": {"labels": ["Unranked", "Combatatent I", "Combatatent II", "Challenger I", "Challenger II", "Rival I", "Rival II", "Duelist", "Elite"], "data": [[0.20754716981132076, 0.2169811320754717, 0.2358490566037736, 0.1792452830188679, 0.08490566037735849, 0.07547169811320754, 0.0, 0.0, 0.0], [0.07630878438331855, 0.129547471162378, 0.20763087843833186, 0.26619343389529726, 0.18456078083407276, 0.08873114463176575, 0.019520851818988466, 0.023957409050576754, 0.00354924578527063], [0.028727770177838577, 0.05129958960328317, 0.13372093023255813, 0.20075239398084815, 0.2417920656634747, 0.18296853625170997, 0.060191518467852256, 0.08549931600547196, 0.015047879616963064], [0.045325106786900805, 0.07285239677266256, 0.17536782154722355, 0.2539155196962506, 0.2401518747033697, 0.13502610346464167, 0.03986710963455149, 0.03298528713811106, 0.004508780256288562], [0.3, 0.15, 0.15, 0.0, 0.1, 0.175, 0.05, 0.075, 0.0], [0.020290431668987467, 0.05510244678734832, 0.1513825343147006, 0.23791525760891188, 0.2438830316292023, 0.15078575691267157, 0.05510244678734832, 0.06743584642928188, 0.018102247861547644], [0.08558299827685238, 0.13038483630097644, 0.2366456059735784, 0.22860425043078691, 0.16542217116599656, 0.06950028719126938, 0.02986789201608271, 0.03618609994256174, 0.017805858701895463], [0.43, 0.21, 0.2, 0.06, 0.06, 0.04, 0.0, 0.0, 0.0], [0.106875, 0.1725, 0.24270833333333333, 0.22333333333333333, 0.12583333333333332, 0.06375, 0.030625, 0.03145833333333333, 0.002916666666666667], [0.052361396303901436, 0.08932238193018481, 0.18634496919917864, 0.2571868583162218, 0.24281314168377824, 0.10780287474332649, 0.027207392197125257, 0.033880903490759756, 0.003080082135523614], [0.08136321768498618, 0.17562173779551735, 0.23457169174086584, 0.24685293214614676, 0.144611605772183, 0.06263432606693276, 0.027018728891618052, 0.024255449800429842, 0.003070310101320233], [0.042608695652173914, 0.08811594202898551, 0.1753623188405797, 0.25565217391304346, 0.24463768115942028, 0.11710144927536231, 0.03768115942028986, 0.034492753623188405, 0.004347826086956522], [0.06578234975636167, 0.12587980508933405, 0.20628045479155388, 0.26962642122360586, 0.19680563075257174, 0.07958852192744992, 0.02977801840822956, 0.02057390362750406, 0.00568489442338928], [0.011066843736166445, 0.04957945993802568, 0.133244798583444, 0.2403718459495352, 0.2824258521469677, 0.16423196104471005, 0.0566622399291722, 0.05312084993359894, 0.009296148738379814], [0.06721311475409836, 0.15245901639344261, 0.2278688524590164, 0.2, 0.18360655737704917, 0.08032786885245902, 0.04262295081967213, 0.029508196721311476, 0.01639344262295082], [0.03877400295420975, 0.0878877400295421, 0.1879615952732644, 0.2773264401772526, 0.21565731166912852, 0.11225997045790251, 0.03655834564254062, 0.03692762186115214, 0.0066469719350073855], [0.049357945425361156, 0.11115569823434993, 0.19863563402889245, 0.25240770465489565, 0.20947030497592295, 0.11356340288924559, 0.030497592295345103, 0.028892455858747994, 0.006019261637239166], [0.24, 0.12, 0.24, 0.16, 0.12, 0.08, 0.04, 0.0, 0.0], [0.020710621318639558, 0.05377161314839445, 0.1510545316359491, 0.25308759262777886, 0.24681740452213566, 0.1398441953258598, 0.06213186395591868, 0.0666920007600228, 0.005890176705301159], [0.019788311090658078, 0.053842613897837094, 0.1242521859180856, 0.24252185918085595, 0.26092959042797975, 0.15692590888173033, 0.054302807179015186, 0.061665899677864705, 0.02577082374597331], [0.04288631722260041, 0.08826866348990242, 0.1547538007714999, 0.2378034944406626, 0.21488540957567506, 0.14204674381665533, 0.05445881552076242, 0.054685727252098935, 0.010211027910142955], [0.03134796238244514, 0.05329153605015674, 0.22570532915360503, 0.3072100313479624, 0.28213166144200624, 0.07523510971786834, 0.025078369905956112, 0.0, 0.0], [0.01903821745875053, 0.04823015089550134, 0.1301649978846425, 0.24989423212522915, 0.26780425891975745, 0.17374136229022705, 0.05217881822027923, 0.05076857989000141, 0.008179382315611338], [0.01722941720629047, 0.05284458834412581, 0.18189176688251618, 0.31764569842738205, 0.26063829787234044, 0.11598057354301573, 0.03515263644773358, 0.01757631822386679, 0.0010407030527289547], [0.03512729616500161, 0.08894618111504995, 0.1927167257492749, 0.24750241701579118, 0.2336448598130841, 0.11247180148243635, 0.048340315823396714, 0.03899452143087335, 0.0022558814050918467], [0.013109978150036417, 0.04394270453993688, 0.12430201505219714, 0.22651128914785143, 0.2384073804321437, 0.18548191308570042, 0.0657926681233309, 0.0808448652585579, 0.021607186210245204], [0.11353711790393013, 0.16419213973799127, 0.2165938864628821, 0.2349344978165939, 0.15021834061135372, 0.07423580786026202, 0.023580786026200874, 0.020087336244541485, 0.0026200873362445414], [0.1557632398753894, 0.19314641744548286, 0.1838006230529595, 0.22741433021806853, 0.1588785046728972, 0.06230529595015576, 0.006230529595015576, 0.009345794392523364, 0.003115264797507788], [0.06153050672182006, 0.1217683557394002, 0.2202688728024819, 0.26706308169596693, 0.18459152016546018, 0.08247156153050672, 0.027921406411582212, 0.03076525336091003, 0.0036194415718717684], [0.030395136778115502, 0.0673758865248227, 0.1393110435663627, 0.24214792299898683, 0.23708206686930092, 0.13069908814589665, 0.05623100303951368, 0.07193515704154002, 0.024822695035460994], [0.020902090209020903, 0.06013934726806014, 0.1752841950861753, 0.2702603593692703, 0.23065639897323065, 0.14301430143014301, 0.047304730473047306, 0.04363769710304364, 0.0088008800880088], [0.039412997903563944, 0.10440251572327044, 0.22012578616352202, 0.259748427672956, 0.21593291404612158, 0.09433962264150944, 0.033962264150943396, 0.029979035639413, 0.0020964360587002098], [0.02463605823068309, 0.07390817469204927, 0.1864501679731243, 0.27603583426651734, 0.22396416573348266, 0.10470324748040313, 0.055431131019036954, 0.044232922732362824, 0.010638297872340425], [0.013830195927775643, 0.033038801383019595, 0.0987322320399539, 0.2086054552439493, 0.25701114099116407, 0.1828659239339224, 0.07645024971187092, 0.10910487898578564, 0.020361121782558587], [0.0181055420622654, 0.06248620004415986, 0.1901081916537867, 0.26341355707661734, 0.22079929344226099, 0.1324795760653566, 0.04901744314418194, 0.053212629719584896, 0.010377566791786266], [0.01833545918367347, 0.06823979591836735, 0.19786352040816327, 0.30373086734693877, 0.21795280612244897, 0.11878188775510204, 0.03555484693877551, 0.03364158163265306, 0.005899234693877551], [0.01646843549862763, 0.04922232387923147, 0.16651418115279049, 0.30155535224153707, 0.2623970722781336, 0.13467520585544374, 0.03513266239707228, 0.029643183897529735, 0.004391582799634035], [0.39759036144578314, 0.10843373493975904, 0.13253012048192772, 0.18072289156626506, 0.08433734939759036, 0.08433734939759036, 0.012048192771084338, 0.0, 0.0]]}, "ranksDetailed": {"labels": ["Unranked", "Combatatant", "Challenger", "Rival", "Duelist", "Elite"], "data": [[0.20754716981132076, 0.4528301886792453, 0.2641509433962264, 0.07547169811320754, 0.0, 0.0], [0.07630878438331855, 0.33717834960070986, 0.45075421472937, 0.10825199645075421, 0.023957409050576754, 0.00354924578527063], [0.028727770177838577, 0.1850205198358413, 0.4425444596443228, 0.24316005471956223, 0.08549931600547196, 0.015047879616963064], [0.045325106786900805, 0.24822021831988608, 0.49406739439962033, 0.17489321309919317, 0.03298528713811106, 0.004508780256288562], [0.3, 0.3, 0.1, 0.225, 0.075, 0.0], [0.020290431668987467, 0.20648498110204894, 0.4817982892381142, 0.2058882037000199, 0.06743584642928188, 0.018102247861547644], [0.08558299827685238, 0.36703044227455484, 0.39402642159678347, 0.0993681792073521, 0.03618609994256174, 0.017805858701895463], [0.43, 0.41, 0.12, 0.04, 0.0, 0.0], [0.106875, 0.41520833333333335, 0.3491666666666667, 0.094375, 0.03145833333333333, 0.002916666666666667], [0.052361396303901436, 0.27566735112936347, 0.5, 0.13501026694045173, 0.033880903490759756, 0.003080082135523614], [0.08136321768498618, 0.41019342953638316, 0.39146453791832975, 0.08965305495855082, 0.024255449800429842, 0.003070310101320233], [0.042608695652173914, 0.2634782608695652, 0.5002898550724638, 0.15478260869565216, 0.034492753623188405, 0.004347826086956522], [0.06578234975636167, 0.33216025988088793, 0.4664320519761776, 0.10936654033567948, 0.02057390362750406, 0.00568489442338928], [0.011066843736166445, 0.1828242585214697, 0.5227976980965029, 0.22089420097388224, 0.05312084993359894, 0.009296148738379814], [0.06721311475409836, 0.380327868852459, 0.3836065573770492, 0.12295081967213115, 0.029508196721311476, 0.01639344262295082], [0.03877400295420975, 0.2758493353028065, 0.4929837518463811, 0.14881831610044313, 0.03692762186115214, 0.0066469719350073855], [0.049357945425361156, 0.3097913322632424, 0.4618780096308186, 0.1440609951845907, 0.028892455858747994, 0.006019261637239166], [0.24, 0.36, 0.28, 0.12, 0.0, 0.0], [0.020710621318639558, 0.20482614478434352, 0.4999049971499145, 0.20197605928177845, 0.0666920007600228, 0.005890176705301159], [0.019788311090658078, 0.1780947998159227, 0.5034514496088357, 0.2112287160607455, 0.061665899677864705, 0.02577082374597331], [0.04288631722260041, 0.2430224642614023, 0.45268890401633766, 0.19650555933741776, 0.054685727252098935, 0.010211027910142955], [0.03134796238244514, 0.27899686520376177, 0.5893416927899686, 0.10031347962382445, 0.0, 0.0], [0.01903821745875053, 0.17839514878014384, 0.5176984910449866, 0.22592018051050627, 0.05076857989000141, 0.008179382315611338], [0.01722941720629047, 0.234736355226642, 0.5782839962997225, 0.1511332099907493, 0.01757631822386679, 0.0010407030527289547], [0.03512729616500161, 0.2816629068643248, 0.48114727682887526, 0.16081211730583306, 0.03899452143087335, 0.0022558814050918467], [0.013109978150036417, 0.16824471959213402, 0.46491866957999517, 0.25127458120903134, 0.0808448652585579, 0.021607186210245204], [0.11353711790393013, 0.3807860262008734, 0.3851528384279476, 0.09781659388646288, 0.020087336244541485, 0.0026200873362445414], [0.1557632398753894, 0.37694704049844235, 0.3862928348909657, 0.06853582554517133, 0.009345794392523364, 0.003115264797507788], [0.06153050672182006, 0.3420372285418821, 0.4516546018614271, 0.11039296794208893, 0.03076525336091003, 0.0036194415718717684], [0.030395136778115502, 0.2066869300911854, 0.47922998986828774, 0.18693009118541035, 0.07193515704154002, 0.024822695035460994], [0.020902090209020903, 0.23542354235423543, 0.5009167583425009, 0.19031903190319033, 0.04363769710304364, 0.0088008800880088], [0.039412997903563944, 0.32452830188679244, 0.47568134171907756, 0.12830188679245283, 0.029979035639413, 0.0020964360587002098], [0.02463605823068309, 0.26035834266517355, 0.5, 0.1601343784994401, 0.044232922732362824, 0.010638297872340425], [0.013830195927775643, 0.1317710334229735, 0.4656165962351133, 0.2593161736457933, 0.10910487898578564, 0.020361121782558587], [0.0181055420622654, 0.25259439169794656, 0.48421285051887836, 0.18149701920953853, 0.053212629719584896, 0.010377566791786266], [0.01833545918367347, 0.2661033163265306, 0.5216836734693877, 0.15433673469387754, 0.03364158163265306, 0.005899234693877551], [0.01646843549862763, 0.21573650503202196, 0.5639524245196706, 0.169807868252516, 0.029643183897529735, 0.004391582799634035], [0.39759036144578314, 0.24096385542168675, 0.26506024096385544, 0.0963855421686747, 0.0, 0.0]]}}}, "eu": {"histType": {"histogram": {"labels": ["0", "100", "200", "300", "400", "500", "600", "700", "800", "900", "1000", "1100", "1200", "1300", "1400", "1500", "1600", "1700", "1800", "1900", "2000", "2100", "2200", "2300", "2400", "2500", "2600", "2700", "2800", "2900", "3000", "3100"], "data": [[0.0, 0.0, 0.0, 0.0, 0.0, 0.013888888888888888, 0.041666666666666664, 0.041666666666666664, 0.09722222222222222, 0.06944444444444445, 0.08333333333333333, 0.09722222222222222, 0.125, 0.09722222222222222, 0.05555555555555555, 0.1111111111111111, 0.041666666666666664, 0.041666666666666664, 0.05555555555555555, 0.0, 0.013888888888888888, 0.013888888888888888, 0.0, 0.0, 0.0, 0.0, 0.0, 0.0, 0.0, 0.0, 0.0, 0.0], [0.0, 0.0, 0.0, 0.0009727626459143969, 0.0009727626459143969, 0.0038910505836575876, 0.008754863813229572, 0.007782101167315175, 0.030155642023346304, 0.03404669260700389, 0.054474708171206226, 0.08657587548638132, 0.10505836575875487, 0.13326848249027237, 0.14785992217898833, 0.11478599221789883, 0.10700389105058365, 0.04571984435797665, 0.05933852140077821, 0.024319066147859923, 0.010700389105058366, 0.016536964980544747, 0.0038910505836575876, 0.0038910505836575876, 0.0, 0.0, 0.0, 0.0, 0.0, 0.0, 0.0, 0.0], [0.0, 0.0, 0.0, 0.0, 0.00039635354736424893, 0.0007927070947284979, 0.0015854141894569957, 0.004359889021006738, 0.011494252873563218, 0.015854141894569955, 0.02893380895759017, 0.03884264764169639, 0.06143479984145858, 0.08045977011494253, 0.1070154577883472, 0.09750297265160524, 0.1490289338089576, 0.090764962346413, 0.1426872770511296, 0.049147839873166864, 0.03250099088386841, 0.04082441537851764, 0.020214030915576695, 0.009908838684106223, 0.01109789932619897, 0.0031708283789139914, 0.0019817677368212444, 0.0, 0.0, 0.0, 0.0, 0.0], [0.0, 0.0, 0.0, 0.0002121790791427965, 0.000424358158285593, 0.0002121790791427965, 0.001697432633142372, 0.006365372374283896, 0.009548058561425843, 0.01782304264799491, 0.03500954805856143, 0.05113515807341396, 0.07023127519626565, 0.09208572034797369, 0.12433694037767876, 0.13133884998939105, 0.14704010184595798, 0.09993634627625717, 0.11203055378739657, 0.043708890303416084, 0.0182474008062805, 0.02249098238913643, 0.006577551453426692, 0.002758328028856355, 0.00488011882028432, 0.001273074474856779, 0.0006365372374283895, 0.0, 0.0, 0.0, 0.0, 0.0], [0.0, 0.0, 0.0, 0.0, 0.0, 0.0, 0.04878048780487805, 0.07317073170731707, 0.0975609756097561, 0.024390243902439025, 0.14634146341463414, 0.0975609756097561, 0.024390243902439025, 0.04878048780487805, 0.17073170731707318, 0.04878048780487805, 0.07317073170731707, 0.04878048780487805, 0.0, 0.024390243902439025, 0.024390243902439025, 0.024390243902439025, 0.0, 0.0, 0.024390243902439025, 0.0, 0.0, 0.0, 0.0, 0.0, 0.0, 0.0], [0.0, 0.00039154267815191856, 0.00019577133907595928, 0.00019577133907595928, 0.0005873140172278779, 0.00039154267815191856, 0.00019577133907595928, 0.003915426781519186, 0.004502740798747063, 0.011354737666405637, 0.020360219263899765, 0.0326938136256852, 0.05775254502740799, 0.09122944400939702, 0.10689115113547376, 0.11511354737666406, 0.1360610806577917, 0.09553641346906813, 0.1192247454972592, 0.06342991386061081, 0.03739232576350822, 0.04757243539545811, 0.023884103367267033, 0.007635082223962412, 0.014291307752545028, 0.00548159749412686, 0.0031323414252153485, 0.0005873140172278779, 0.0, 0.0, 0.0, 0.0], [0.0, 0.0005192107995846313, 0.0005192107995846313, 0.001557632398753894, 0.0010384215991692627, 0.0036344755970924196, 0.004672897196261682, 0.014537902388369679, 0.029595015576323987, 0.03686396677050883, 0.06542056074766354, 0.07580477673935618, 0.10228452751817238, 0.1142263759086189, 0.10799584631360332, 0.10072689511941849, 0.0976116303219107, 0.06230529595015576, 0.060228452751817235, 0.033229491173416406, 0.017653167185877467, 0.024402907580477674, 0.013499480789200415, 0.010384215991692628, 0.011941848390446522, 0.003115264797507788, 0.006230529595015576, 0.0, 0.0, 0.0, 0.0, 0.0], [0.0, 0.0, 0.0, 0.0, 0.015151515151515152, 0.015151515151515152, 0.0, 0.13636363636363635, 0.07575757575757576, 0.09090909090909091, 0.09090909090909091, 0.10606060606060606, 0.07575757575757576, 0.07575757575757576, 0.07575757575757576, 0.12121212121212122, 0.09090909090909091, 0.030303030303030304, 0.0, 0.0, 0.0, 0.0, 0.0, 0.0, 0.0, 0.0, 0.0, 0.0, 0.0, 0.0, 0.0, 0.0], [0.00041160732661041366, 0.00041160732661041366, 0.0008232146532208273, 0.001234821979831241, 0.0006174109899156205, 0.0020580366330520683, 0.006379913562461412, 0.013377238114838444, 0.030870549495781024, 0.0481580572134184, 0.08108664334225149, 0.0934348631405639, 0.1267750565960074, 0.12718666392261782, 0.10784111957192838, 0.09096521918090142, 0.08499691294505042, 0.051656719489606914, 0.04754064622350278, 0.028812512862728956, 0.01872813336077382, 0.017904918707552994, 0.008232146532208273, 0.005968306235850998, 0.003498662276188516, 0.0010290183165260341, 0.0, 0.0, 0.0, 0.0, 0.0, 0.0], [0.0, 0.0, 0.0, 0.0, 0.0, 0.0013114754098360656, 0.0013114754098360656, 0.007868852459016393, 0.012459016393442624, 0.021639344262295083, 0.04786885245901639, 0.05180327868852459, 0.07344262295081967, 0.10819672131147541, 0.13311475409836065, 0.12393442622950819, 0.1481967213114754, 0.07147540983606557, 0.09901639344262295, 0.031475409836065574, 0.02622950819672131, 0.021639344262295083, 0.011147540983606558, 0.002622950819672131, 0.003278688524590164, 0.0019672131147540984, 0.0, 0.0, 0.0, 0.0, 0.0, 0.0], [0.00037764350453172205, 0.0, 0.00037764350453172205, 0.0, 0.0011329305135951663, 0.0026435045317220545, 0.0037764350453172208, 0.010196374622356496, 0.026435045317220542, 0.0445619335347432, 0.06268882175226587, 0.08874622356495468, 0.11895770392749244, 0.12537764350453173, 0.12046827794561933, 0.10083081570996978, 0.09101208459214502, 0.060045317220543806, 0.060045317220543806, 0.030211480362537766, 0.015483383685800604, 0.01812688821752266, 0.00944108761329305, 0.004909365558912387, 0.0026435045317220545, 0.0015105740181268882, 0.0, 0.0, 0.0, 0.0, 0.0, 0.0], [0.0, 0.0, 0.0, 0.0006232471174820816, 0.0003116235587410408, 0.0012464942349641633, 0.0012464942349641633, 0.004985976939856653, 0.014023060143346837, 0.02617637893424743, 0.03490183857899657, 0.05172951075101278, 0.08351511374259894, 0.09130570271112497, 0.12309130570271112, 0.1137425989404799, 0.14926768463695855, 0.08912433779993767, 0.10190090370832035, 0.045808663134933, 0.0221252726706139, 0.025241508258024306, 0.010283577438454348, 0.0012464942349641633, 0.005609224057338735, 0.0015581177937052041, 0.0003116235587410408, 0.0003116235587410408, 0.0, 0.0, 0.0003116235587410408, 0.0], [0.0, 0.0, 0.00033344448149383126, 0.0010003334444814939, 0.0006668889629876625, 0.00033344448149383126, 0.0030010003334444814, 0.0106702234078026, 0.018672890963654553, 0.028009336445481828, 0.05268422807602534, 0.06935645215071691, 0.10536845615205068, 0.11437145715238413, 0.14138046015338446, 0.12270756918972991, 0.1097032344114705, 0.07269089696565521, 0.06602200733577859, 0.03234411470490164, 0.016005335111703902, 0.017339113037679228, 0.007002334111370457, 0.003334444814938313, 0.0040013337779259755, 0.0020006668889629878, 0.0010003334444814939, 0.0, 0.0, 0.0, 0.0, 0.0], [0.0, 0.0, 0.0, 0.0, 0.00040192926045016077, 0.00040192926045016077, 0.0012057877813504824, 0.0012057877813504824, 0.00482315112540193, 0.007636655948553055, 0.017684887459807074, 0.02652733118971061, 0.05747588424437299, 0.08118971061093247, 0.12057877813504823, 0.13263665594855306, 0.1639871382636656, 0.11776527331189711, 0.11053054662379422, 0.055868167202572344, 0.034967845659163985, 0.034967845659163985, 0.013263665594855305, 0.007636655948553055, 0.006028938906752411, 0.001607717041800643, 0.001607717041800643, 0.0, 0.0, 0.0, 0.0, 0.0], [0.0, 0.0, 0.001976284584980237, 0.0, 0.0, 0.003952569169960474, 0.011857707509881422, 0.009881422924901186, 0.023715415019762844, 0.037549407114624504, 0.05928853754940711, 0.07905138339920949, 0.07707509881422925, 0.11067193675889328, 0.116600790513834, 0.1007905138339921, 0.10474308300395258, 0.07312252964426877, 0.08498023715415019, 0.02766798418972332, 0.023715415019762844, 0.015810276679841896, 0.005928853754940711, 0.005928853754940711, 0.017786561264822136, 0.007905138339920948, 0.0, 0.0, 0.0, 0.0, 0.0, 0.0], [0.0, 0.0, 0.0007069635913750442, 0.0003534817956875221, 0.0003534817956875221, 0.0014139271827500884, 0.0017674089784376105, 0.007423117709437964, 0.010957935666313185, 0.024743725698126547, 0.0367621067515023, 0.05408271474019088, 0.07246376811594203, 0.11664899257688228, 0.1375044185224461, 0.11417462000706964, 0.13078826440438318, 0.07882644043831742, 0.08271474019088017, 0.04029692470837752, 0.027571580063626724, 0.026157652880876636, 0.011311417462000707, 0.005655708731000354, 0.009544008483563097, 0.004595263343937788, 0.002827854365500177, 0.0003534817956875221, 0.0, 0.0, 0.0, 0.0], [0.0, 0.0, 0.00037764350453172205, 0.00037764350453172205, 0.00037764350453172205, 0.0007552870090634441, 0.0026435045317220545, 0.0075528700906344415, 0.01283987915407855, 0.0256797583081571, 0.052870090634441085, 0.07401812688821752, 0.08006042296072508, 0.10800604229607251, 0.13406344410876134, 0.1163141993957704, 0.1216012084592145, 0.06948640483383