{"region": {"us": {"histType": {"histogram": {"labels": ["0", "100", "200", "300", "400", "500", "600", "700", "800", "900", "1000", "1100", "1200", "1300", "1400", "1500", "1600", "1700", "1800", "1900", "2000", "2100", "2200", "2300", "2400", "2500", "2600", "2700", "2800", "2900", "3000", "3100", "3200"], "data": [[0.0, 0.0, 0.002886002886002886, 0.005772005772005772, 0.002886002886002886, 0.007215007215007215, 0.012987012987012988, 0.01443001443001443, 0.03607503607503607, 0.046176046176046176, 0.08513708513708514, 0.1038961038961039, 0.113997113997114, 0.12842712842712842, 0.12842712842712842, 0.10245310245310245, 0.06926406926406926, 0.04329004329004329, 0.05194805194805195, 0.015873015873015872, 0.01443001443001443, 0.008658008658008658, 0.002886002886002886, 0.001443001443001443, 0.001443001443001443, 0.0, 0.0, 0.0, 0.0, 0.0, 0.0, 0.0, 0.0], [0.0, 0.0002610966057441253, 0.0002610966057441253, 0.0002610966057441253, 0.0010443864229765013, 0.002349869451697128, 0.004960835509138381, 0.009399477806788513, 0.01618798955613577, 0.029242819843342035, 0.0402088772845953, 0.05404699738903394, 0.0835509138381201, 0.09321148825065274, 0.12532637075718014, 0.13655352480417754, 0.1475195822454308, 0.08198433420365535, 0.10261096605744126, 0.03472584856396867, 0.01723237597911227, 0.006788511749347258, 0.004177545691906005, 0.0028720626631853785, 0.002349869451697128, 0.000783289817232376, 0.0010443864229765013, 0.0010443864229765013, 0.0, 0.0, 0.0, 0.0, 0.0], [0.00011731581417175035, 0.0, 0.0, 0.0002346316283435007, 0.0002346316283435007, 0.0002346316283435007, 0.0002346316283435007, 0.0005865790708587518, 0.002580947911778508, 0.00340215861098076, 0.005161895823557016, 0.007508212106992022, 0.012083528859690286, 0.019122477709995308, 0.025105584232754576, 0.03894885030502112, 0.11485218207414359, 0.15614734866259972, 0.35053965274519006, 0.08681370248709526, 0.051736274049741904, 0.06065227592679493, 0.020999530736743315, 0.009385265133740028, 0.02017832003754106, 0.006452369779446269, 0.003636790239324261, 0.002580947911778508, 0.0, 0.0004692632566870014, 0.0, 0.0, 0.0], [0.0, 0.0, 0.0, 0.0, 0.00011466574934067194, 0.0, 0.0008026602453847036, 0.001834651989450751, 0.004815961472308222, 0.007797270955165692, 0.01181057218208921, 0.013301226923517945, 0.025914459350991858, 0.028781103084508656, 0.042999656002751976, 0.05194358445132439, 0.07201009058594197, 0.044031647746818024, 0.2779497764017888, 0.14940947139089553, 0.08680197225088866, 0.09379658296066964, 0.03164774681802546, 0.012957229675495929, 0.024653136108244468, 0.007567939456484348, 0.004930627221648894, 0.0032106409815388145, 0.0009173259947253755, 0.0, 0.0, 0.0, 0.0], [0.0, 0.0, 0.0, 0.0, 0.010869565217391304, 0.005434782608695652, 0.02717391304347826, 0.02717391304347826, 0.05434782608695652, 0.059782608695652176, 0.07608695652173914, 0.08695652173913043, 0.10326086956521739, 0.10869565217391304, 0.09239130434782608, 0.09782608695652174, 0.07608695652173914, 0.03260869565217391, 0.05434782608695652, 0.03260869565217391, 0.043478260869565216, 0.005434782608695652, 0.005434782608695652, 0.0, 0.0, 0.0, 0.0, 0.0, 0.0, 0.0, 0.0, 0.0, 0.0], [0.0, 0.0, 0.0, 0.0, 0.0, 0.0, 0.0, 0.0013544488435090643, 0.0013544488435090643, 0.004688476765992915, 0.007188997707855803, 0.011460720983538238, 0.021775369868722652, 0.09241508647634925, 0.11846217962075432, 0.145446968118358, 0.17336945196916023, 0.10898103771619087, 0.14273807043133988, 0.05521983746613878, 0.03323609085226089, 0.03750781412794332, 0.01521150239633257, 0.007814127943321526, 0.011877474473848718, 0.005001041883725776, 0.003438216295061471, 0.000937695353198583, 0.00041675349031048136, 0.0, 0.00010418837257762034, 0.0, 0.0], [0.0, 0.0, 0.0004114379757251594, 0.002262908866488377, 0.0016457519029006377, 0.0032915038058012754, 0.00720016457519029, 0.012960296235342523, 0.019337584859082494, 0.03517794692450113, 0.04937255708701913, 0.06871014194610163, 0.09463073441678667, 0.11293972433655626, 0.12404854968113557, 0.11890557498457108, 0.11808269903312076, 0.06747582801892614, 0.07426455461839128, 0.027154906397860522, 0.016251800041143797, 0.016457519029006377, 0.009668792429541247, 0.004525817732976754, 0.006377288623739971, 0.003497222793663855, 0.002262908866488377, 0.0024686278543509564, 0.0002057189878625797, 0.0, 0.0004114379757251594, 0.0, 0.0], [0.0028089887640449437, 0.0028089887640449437, 0.0, 0.008426966292134831, 0.0056179775280898875, 0.02247191011235955, 0.014044943820224719, 0.03932584269662921, 0.05337078651685393, 0.12078651685393259, 0.11235955056179775, 0.13202247191011235, 0.10955056179775281, 0.10112359550561797, 0.0702247191011236, 0.07584269662921349, 0.047752808988764044, 0.014044943820224719, 0.033707865168539325, 0.025280898876404494, 0.0028089887640449437, 0.0, 0.0028089887640449437, 0.0028089887640449437, 0.0, 0.0, 0.0, 0.0, 0.0, 0.0, 0.0, 0.0, 0.0], [0.00031298904538341156, 0.00020865936358894105, 0.0005216484089723526, 0.00031298904538341156, 0.0005216484089723526, 0.0012519561815336462, 0.001564945226917058, 0.004277516953573292, 0.007616066770996349, 0.01606677099634846, 0.025978090766823163, 0.03474178403755868, 0.041731872717788214, 0.046426708398539386, 0.05905059989567032, 0.08784559207094418, 0.19467918622848202, 0.1298904538341158, 0.13959311424100157, 0.06572769953051644, 0.04110589462702139, 0.04121022430881586, 0.020552947313510695, 0.013041210224308816, 0.015232133541992697, 0.005529473135106938, 0.0036515388628064684, 0.0010432968179447052, 0.00031298904538341156, 0.0, 0.0, 0.0, 0.0], [0.0, 0.0, 0.0, 0.0, 0.00039077764751856197, 0.0007815552950371239, 0.0011723329425556857, 0.0011723329425556857, 0.0023446658851113715, 0.008987885892926924, 0.012895662368112544, 0.016021883548261038, 0.022274325908558032, 0.03712387651426338, 0.06096131301289566, 0.07815552950371239, 0.10511918718249316, 0.08909730363423213, 0.17702227432590856, 0.06955842125830403, 0.0738569753810082, 0.09691285658460336, 0.04298554122704181, 0.01797577178585385, 0.04845642829230168, 0.013677217663149667, 0.010550996483001172, 0.008597108245408363, 0.0027354435326299334, 0.0011723329425556857, 0.0, 0.0, 0.0], [0.0, 0.0, 0.00018315018315018315, 0.0, 0.0009157509157509158, 0.0005494505494505495, 0.002197802197802198, 0.004212454212454212, 0.008241758241758242, 0.015384615384615385, 0.02161172161172161, 0.03076923076923077, 0.05512820512820513, 0.06391941391941391, 0.10311355311355311, 0.1261904761904762, 0.15164835164835164, 0.09871794871794871, 0.14065934065934066, 0.061721611721611724, 0.036996336996337, 0.03717948717948718, 0.01336996336996337, 0.008424908424908424, 0.010439560439560439, 0.003663003663003663, 0.002380952380952381, 0.002014652014652015, 0.0003663003663003663, 0.0, 0.0, 0.0, 0.0], [0.0, 0.0, 0.0004343419719125525, 0.0005791226292167366, 0.0011582452584334732, 0.00347473577530042, 0.006804690893296656, 0.01288547850007239, 0.021282756623715073, 0.03735340958447951, 0.06022875343854061, 0.07543072245547995, 0.10018821485449544, 0.12233965542203562, 0.13421166932097872, 0.1207470681916896, 0.10713768640509629, 0.05892572752280295, 0.0584913855508904, 0.02750832488779499, 0.017518459533806284, 0.012740697842768206, 0.008542058780946866, 0.004632981033733893, 0.0033299551179962355, 0.002026929202258578, 0.0013030259157376576, 0.0007239032865209208, 0.0, 0.0, 0.0, 0.0, 0.0], [0.0, 0.0, 0.0, 0.0, 0.00012581781580271766, 0.0005032712632108706, 0.0017614494212380473, 0.0020130850528434826, 0.004529441368897836, 0.005284348263714142, 0.013336688475088072, 0.019375943633618522, 0.027805737292400604, 0.0334675390035229, 0.04856567689984902, 0.07360342224458984, 0.22395571212883744, 0.15123301459486663, 0.19677906391545041, 0.06919979869149472, 0.04302969300452944, 0.03799698037242073, 0.015978862606945143, 0.011197785606441872, 0.011575239053850024, 0.004026170105686965, 0.002642174131857071, 0.001509813789632612, 0.0005032712632108706, 0.0, 0.0, 0.0, 0.0], [0.000203190084323885, 0.0, 0.0, 0.0001015950421619425, 0.0001015950421619425, 0.00030478512648582747, 0.0012191405059433099, 0.00162552067459108, 0.004165396728639643, 0.009956314131870364, 0.016052016661586916, 0.018998272884283247, 0.025500355582647568, 0.09651529005384538, 0.13369907548511634, 0.14060753835212841, 0.16620948897693794, 0.10657319922787768, 0.13014324900944835, 0.05252463679772427, 0.030275322564258866, 0.03047851264858275, 0.012496190185918927, 0.0058925124453926645, 0.00772122320430763, 0.0034542314335060447, 0.0031494463070202176, 0.0007111652951335975, 0.0006095702529716549, 0.0006095702529716549, 0.0001015950421619425, 0.0, 0.0], [0.0, 0.0, 0.0, 0.00018653236336504383, 0.0005595970900951316, 0.00037306472673008767, 0.0009326618168252192, 0.0018653236336504384, 0.004103711994030965, 0.006715165081141578, 0.015295653795933594, 0.02480880432755083, 0.046073493751165824, 0.06677858608468569, 0.09755642603991793, 0.11471740346950196, 0.16135049431076293, 0.1195672449169931, 0.1497854877821302, 0.07069576571535162, 0.0438351053907853, 0.03562768140272337, 0.013057265435553068, 0.006901697444506622, 0.01119194180190263, 0.003544114903935833, 0.0026114530871106136, 0.001119194180190263, 0.00018653236336504383, 0.0005595970900951316, 0.0, 0.0, 0.0], [0.0, 0.0, 0.0002536783358701167, 0.0002536783358701167, 0.0017757483510908167, 0.0025367833587011668, 0.0015220700152207, 0.0050735667174023336, 0.01141552511415525, 0.0182648401826484, 0.031709791983764585, 0.04642313546423135, 0.0669710806697108, 0.09157787924911212, 0.1141552511415525, 0.12557077625570776, 0.13292744799594114, 0.09690512430238457, 0.10223236935565702, 0.04439370877727042, 0.0289193302891933, 0.030948756976154235, 0.01598173515981735, 0.007864028411973617, 0.011161846778285134, 0.00532724505327245, 0.0025367833587011668, 0.0025367833587011668, 0.0005073566717402334, 0.0002536783358701167, 0.0, 0.0, 0.0], [0.00018681113394358303, 0.0, 0.0007472445357743321, 0.0013076779376050812, 0.0005604334018307491, 0.0014944890715486642, 0.0035494115449280776, 0.007846067625630488, 0.011769101438445732, 0.020175602465906967, 0.03287875957407062, 0.05268073977209042, 0.07416402017560246, 0.1014384457313656, 0.12609751541191855, 0.12703157108163646, 0.13151503829628247, 0.08201008780123295, 0.11152624696431908, 0.0407248271997011, 0.021856902671399215, 0.02279095834111713, 0.010835045768727816, 0.005417522884363908, 0.005604334018307491, 0.0020549224733794136, 0.0013076779376050812, 0.0016813002054922473, 0.00037362226788716606, 0.00037362226788716606, 0.0, 0.0, 0.0], [0.0, 0.0, 0.00012331976815883587, 0.00024663953631767175, 0.0003699593044765076, 0.00012331976815883587, 0.0008632383771118511, 0.001849796522382538, 0.002713034899494389, 0.006289308176100629, 0.012331976815883586, 0.014428412874583796, 0.02774694783573807, 0.07781477370822543, 0.14083117523739055, 0.15328647182143298, 0.1688247626094463, 0.10802811690714022, 0.16031569860648662, 0.04501171537797509, 0.023677395486496486, 0.025280552472561352, 0.009988901220865706, 0.005796029103465285, 0.008015784930324331, 0.0017264767542237022, 0.0016031569860648662, 0.001973116290541374, 0.0003699593044765076, 0.0003699593044765076, 0.0, 0.0, 0.0], [0.0, 0.0, 0.0, 0.006578947368421052, 0.006578947368421052, 0.006578947368421052, 0.0, 0.019736842105263157, 0.05263157894736842, 0.08552631578947369, 0.05263157894736842, 0.10526315789473684, 0.07236842105263158, 0.05921052631578947, 0.05921052631578947, 0.1118421052631579, 0.09868421052631579, 0.07894736842105263, 0.05263157894736842, 0.02631578947368421, 0.03289473684210526, 0.013157894736842105, 0.02631578947368421, 0.0, 0.006578947368421052, 0.013157894736842105, 0.0, 0.013157894736842105, 0.0, 0.0, 0.0, 0.0, 0.0], [0.0002182214948172395, 0.00010911074740861975, 0.0, 0.0, 0.0, 0.00010911074740861975, 0.0002182214948172395, 0.0009819967266775777, 0.0024004364429896343, 0.004582651391162029, 0.0075286415711947625, 0.010147299509001636, 0.02214948172394981, 0.03011456628477905, 0.05150027277686852, 0.18417894162575013, 0.21865793780687398, 0.14511729405346427, 0.1464266230223677, 0.06470267321331151, 0.036333878887070375, 0.03786142935079105, 0.014184397163120567, 0.006546644844517185, 0.00905619203491544, 0.003164211674849973, 0.0029459901800327334, 0.0002182214948172395, 0.0005455537370430987, 0.0, 0.0, 0.0, 0.0], [0.0, 0.0, 0.0, 0.00011832919181161993, 0.0, 0.00011832919181161993, 0.0010649627263045794, 0.0003549875754348598, 0.0013016211099278192, 0.0022482546444207788, 0.0044965092888415575, 0.006863093125073955, 0.011477931605727134, 0.01621109927819193, 0.03277718613181872, 0.12921547745828896, 0.18210862619808307, 0.1477931605727133, 0.2006863093125074, 0.09052183173588925, 0.057034670453200806, 0.05549639095964975, 0.01940598745710567, 0.010531298071234173, 0.017394391196308128, 0.006153117974204236, 0.003549875754348598, 0.001774937877174299, 0.0005916459590580997, 0.00023665838362323986, 0.0004733167672464797, 0.0, 0.0], [0.00019355463079454176, 9.677731539727088e-05, 0.0, 0.00019355463079454176, 0.00019355463079454176, 0.0005806638923836253, 0.000774218523178167, 0.0018387689925481467, 0.0029033194619181263, 0.005613084293041711, 0.010355172747507984, 0.013452046840220652, 0.01751669408690603, 0.024678215426304075, 0.054582405884060776, 0.13974644343365916, 0.16210200329042873, 0.13781089712571373, 0.18155424368528017, 0.08497048291880384, 0.05071131326816994, 0.0535178554146908, 0.0229362237491532, 0.011710055163069777, 0.013742378786412464, 0.005322752346849899, 0.0019355463079454177, 0.0005806638923836253, 0.0003871092615890835, 0.0, 0.0, 0.0, 0.0], [0.0, 0.0, 0.0, 0.0014641288433382138, 0.0014641288433382138, 0.0, 0.0014641288433382138, 0.007320644216691069, 0.007320644216691069, 0.007320644216691069, 0.013177159590043924, 0.024890190336749635, 0.04538799414348463, 0.08638360175695461, 0.12152269399707175, 0.1800878477306003, 0.17423133235724744, 0.12152269399707175, 0.11566617862371889, 0.04978038067349927, 0.02635431918008785, 0.014641288433382138, 0.0, 0.0, 0.0, 0.0, 0.0, 0.0, 0.0, 0.0, 0.0, 0.0, 0.0], [0.0, 0.0, 0.0, 8.914244963451596e-05, 0.0, 8.914244963451596e-05, 0.00026742734890354786, 0.0007131395970761277, 0.0016045640934212871, 0.004813692280263861, 0.007398823319664825, 0.01256908539846675, 0.02139418791228383, 0.02754501693706543, 0.04055981458370476, 0.04849349260117668, 0.12542342663576395, 0.16072383669103227, 0.2676947762524514, 0.09324300231770369, 0.05517917632376538, 0.07184881440541986, 0.022642182207167055, 0.010073096808700303, 0.016223925833481905, 0.004991977179532894, 0.002674273489035479, 0.0032091281868425743, 0.00035656979853806385, 0.00017828489926903192, 0.0, 0.0, 0.0], [9.796238244514106e-05, 9.796238244514106e-05, 9.796238244514106e-05, 0.0, 0.00039184952978056425, 0.00039184952978056425, 0.0002938871473354232, 0.0009796238244514106, 0.0010775862068965517, 0.005192006269592477, 0.009600313479623824, 0.019004702194357365, 0.033209247648902825, 0.044866771159874606, 0.06592868338557993, 0.07739028213166144, 0.11726097178683385, 0.19984326018808776, 0.22237460815047022, 0.08836206896551724, 0.04496473354231975, 0.039380877742946706, 0.013910658307210031, 0.004996081504702194, 0.005094043887147335, 0.0036246081504702193, 0.0011755485893416929, 0.00039184952978056425, 0.0, 0.0, 0.0, 0.0, 0.0], [0.0, 0.00010485477613505295, 0.0, 0.00010485477613505295, 0.0002097095522701059, 0.0005242738806752647, 0.0007339834329453706, 0.0016776764181608472, 0.002306805074971165, 0.0045087553738072765, 0.017825311942959002, 0.03711859075180875, 0.055992450456118274, 0.07874593687742476, 0.10600817867253853, 0.136625773303974, 0.15508021390374332, 0.11041207927021075, 0.13379469434832755, 0.06154975359127608, 0.038481702841564436, 0.02904477298940967, 0.013631120897556883, 0.0053475935828877, 0.0057670126874279125, 0.002306805074971165, 0.0016776764181608472, 0.0004194191045402118, 0.0, 0.0, 0.0, 0.0, 0.0], [0.0, 0.0, 0.0, 0.0, 0.00024073182474723158, 0.0, 0.001203659123736158, 0.0020462205103514686, 0.004694270582571016, 0.007823784304285026, 0.016129032258064516, 0.025878671160327396, 0.04224843524313914, 0.067043813192104, 0.09954260953298026, 0.12939335580163697, 0.15154068367838228, 0.09773712084737603, 0.16658642272508425, 0.06066441983630236, 0.03719306692344728, 0.03935965334617236, 0.01781415503129514, 0.007944150216658643, 0.011314395763119885, 0.004814636494944632, 0.0038517091959557053, 0.0022869523350987, 0.001203659123736158, 0.00048146364949446316, 0.0009629272989889263, 0.0, 0.0], [0.0, 0.00017784101013693757, 0.00017784101013693757, 0.00035568202027387515, 0.0010670460608216254, 0.0010670460608216254, 0.0017784101013693758, 0.0026676151520540637, 0.01102614262849013, 0.025609105459719013, 0.04552729859505602, 0.06028810243642184, 0.07771652142984173, 0.10314778587942379, 0.1259114351769518, 0.12004268184243287, 0.14618531033256268, 0.0757602703183354, 0.10634892406188867, 0.0279210385914992, 0.023297172327938823, 0.020096034145473948, 0.008892050506846879, 0.0035568202027387516, 0.006224435354792815, 0.0014227280810955006, 0.0016005690912324383, 0.0014227280810955006, 0.0007113640405477503, 0.0, 0.0, 0.0, 0.0], [0.0, 0.0, 0.0, 0.0007532011046949536, 0.0027617373838814963, 0.0022596033140848608, 0.004017072558373086, 0.007029876977152899, 0.013557619884509164, 0.015566156163695707, 0.02786844087371328, 0.04092392668842581, 0.055234747677629925, 0.08285212151644489, 0.12277178006527743, 0.13281446146121015, 0.1488827516947025, 0.0956565402962591, 0.10921416018076827, 0.0492091388400703, 0.025106703489831784, 0.021842832036153653, 0.013808686919407481, 0.007783078081847854, 0.008034145116746171, 0.004017072558373086, 0.0037660055234747677, 0.0035149384885764497, 0.0007532011046949536, 0.0, 0.0, 0.0, 0.0], [0.00022401433691756272, 0.0, 0.0, 0.0, 0.00044802867383512545, 0.00044802867383512545, 0.0016801075268817205, 0.003472222222222222, 0.00492831541218638, 0.009632616487455198, 0.017585125448028673, 0.05141129032258065, 0.08400537634408602, 0.11850358422939068, 0.14527329749103943, 0.1477374551971326, 0.13855286738351255, 0.07885304659498207, 0.09363799283154121, 0.033602150537634407, 0.021505376344086023, 0.02408154121863799, 0.009296594982078852, 0.004592293906810036, 0.006496415770609319, 0.0017921146953405018, 0.001232078853046595, 0.0006720430107526882, 0.0, 0.0003360215053763441, 0.0, 0.0, 0.0], [0.0, 0.0, 0.0, 0.0002815711671124877, 0.00014078558355624384, 0.00014078558355624384, 0.0014078558355624384, 0.00042235675066873153, 0.0021117837533436577, 0.004645924257356047, 0.007883992679149654, 0.009291848514712094, 0.01717584119386175, 0.0889764888075461, 0.1098127551738702, 0.13881458538645644, 0.16584541742925524, 0.10812332817119527, 0.15387864282697453, 0.06081937209629734, 0.03632268055751091, 0.03956074897930452, 0.018020554695199212, 0.007883992679149654, 0.013796987188511897, 0.005068281008024778, 0.004645924257356047, 0.0030972828382373643, 0.0009854990848937068, 0.0005631423342249754, 0.0002815711671124877, 0.0, 0.0], [0.0, 0.0, 0.00017491691446562882, 0.00034983382893125764, 0.001049501486793773, 0.0012244184012594017, 0.002273919888053175, 0.00454783977610635, 0.007346510407556411, 0.017841525275494142, 0.02991079237362253, 0.041105474899422775, 0.06961693195732027, 0.09060696169319574, 0.11719433269197131, 0.13031310127689347, 0.14413153751967817, 0.09148154626552388, 0.12506559384292462, 0.04530348084659787, 0.02711212174217247, 0.022914115794997376, 0.011194682525800245, 0.004372922861640721, 0.005072590519503236, 0.0008745845723281442, 0.0026237537169844323, 0.0052475074339688645, 0.0008745845723281442, 0.00017491691446562882, 0.0, 0.0, 0.0], [0.00011576753878212549, 0.0, 0.0, 0.0, 0.00011576753878212549, 0.0010419078490391295, 0.0006946052326927529, 0.0023153507756425097, 0.0027784209307710117, 0.005788376939106275, 0.01412363973141931, 0.02188006482982172, 0.03600370456124103, 0.04283398934938643, 0.05973605001157675, 0.14968742764528825, 0.20062514470942347, 0.142046770085668, 0.15223431349849503, 0.06656633479972215, 0.04352859458207919, 0.028826117156749247, 0.01435517480898356, 0.005093771706413522, 0.005556841861542023, 0.0026626533919888863, 0.0009261403102570039, 0.00034730261634637646, 0.00011576753878212549, 0.0, 0.0, 0.0, 0.0], [0.0, 0.0, 0.0, 0.00015121729925903524, 0.00015121729925903524, 0.0004536518977771057, 0.0006048691970361409, 0.0016633902918493876, 0.006199909269620445, 0.008619386057765008, 0.024345985180704674, 0.030848329048843187, 0.06804778466656586, 0.0961742023287464, 0.12838348707092093, 0.1475880840768184, 0.15560260093754724, 0.10449115378799334, 0.10993497656131862, 0.04022380160290337, 0.027067896567367307, 0.019204597005897474, 0.009677907152578255, 0.005141388174807198, 0.007863299561469831, 0.0027219113866626342, 0.0028731286859216693, 0.0012097383940722819, 0.0006048691970361409, 0.0, 0.00015121729925903524, 0.0, 0.0], [0.0, 0.0, 0.0, 0.00015654351909830932, 0.0, 0.0006261740763932373, 0.000939261114589856, 0.000939261114589856, 0.00234815278647464, 0.002035065748278021, 0.009079524107701941, 0.022698810269254854, 0.03960551033187226, 0.061834690043832186, 0.09173450219160927, 0.11709455228553538, 0.1541953663118347, 0.11365059486537257, 0.1711020663744521, 0.0687226048841578, 0.043206011271133375, 0.044458359423919847, 0.01894176581089543, 0.011271133375078271, 0.012993112085159674, 0.006418284283030683, 0.003757044458359424, 0.001408891671884784, 0.0006261740763932373, 0.00015654351909830932, 0.0, 0.0, 0.0], [0.0, 0.0, 0.00011452130096197893, 0.0, 0.00022904260192395785, 0.00034356390288593677, 0.00034356390288593677, 0.0012597343105817682, 0.0011452130096197893, 0.0037792029317453048, 0.006756756756756757, 0.01603298213467705, 0.027256069628950986, 0.04500687127805772, 0.08062299587723316, 0.15689418231791114, 0.17693540998625745, 0.10627576729271644, 0.1712093449381585, 0.06287219422812643, 0.04145671094823637, 0.03973889143380669, 0.023133302794319743, 0.01168117269812185, 0.01614750343563903, 0.004924415941365094, 0.0026339899221255155, 0.0021759047182775995, 0.0009161704076958314, 0.00011452130096197893, 0.0, 0.0, 0.0], [0.0, 0.0, 9.216589861751152e-05, 0.0, 9.216589861751152e-05, 9.216589861751152e-05, 9.216589861751152e-05, 0.0008294930875576037, 0.001751152073732719, 0.004700460829493088, 0.008940092165898618, 0.016221198156682028, 0.02792626728110599, 0.036221198156682025, 0.054746543778801844, 0.059078341013824885, 0.07244239631336405, 0.11926267281105991, 0.30202764976958524, 0.11179723502304148, 0.06184331797235023, 0.0671889400921659, 0.01824884792626728, 0.008294930875576038, 0.016036866359447004, 0.00543778801843318, 0.004147465437788019, 0.0014746543778801843, 0.0005529953917050691, 0.0004608294930875576, 0.0, 0.0, 0.0], [0.0, 0.0, 0.0, 0.0, 0.0, 0.00010135819987837016, 0.0010135819987837015, 0.0028380295965943643, 0.005371984593553618, 0.009629028988445166, 0.01783904317859315, 0.03344820595986215, 0.0502736671396716, 0.07632272450841274, 0.1141293330630448, 0.13663085343604298, 0.17342387999189135, 0.10966957226839652, 0.15365903101560915, 0.047334279343198865, 0.02523819176971417, 0.026758564767889723, 0.007601864990877762, 0.0034461787958645854, 0.002331238597202514, 0.0008108655990269613, 0.0014190147982971822, 0.000608149199270221, 0.00010135819987837016, 0.0, 0.0, 0.0, 0.0], [0.0, 0.003105590062111801, 0.0, 0.003105590062111801, 0.006211180124223602, 0.018633540372670808, 0.021739130434782608, 0.043478260869565216, 0.08074534161490683, 0.06832298136645963, 0.046583850931677016, 0.07142857142857142, 0.07453416149068323, 0.12111801242236025, 0.12422360248447205, 0.10248447204968944, 0.08385093167701864, 0.043478260869565216, 0.034161490683229816, 0.021739130434782608, 0.006211180124223602, 0.009316770186335404, 0.003105590062111801, 0.012422360248447204, 0.0, 0.0, 0.0, 0.0, 0.0, 0.0, 0.0, 0.0, 0.0]]}, "ranks": {"labels": ["Unranked", "Combatatent I", "Combatatent II", "Challenger I", "Challenger II", "Rival I", "Rival II", "Duelist", "Elite"], "data": [[0.12842712842712842, 0.18903318903318903, 0.24242424242424243, 0.23088023088023088, 0.11255411255411256, 0.06349206349206349, 0.01875901875901876, 0.012987012987012988, 0.001443001443001443], [0.0639686684073107, 0.09425587467362924, 0.17676240208877284, 0.2618798955613577, 0.22950391644908616, 0.1227154046997389, 0.03185378590078329, 0.013838120104438642, 0.005221932114882507], [0.007625527921163773, 0.012670107930549039, 0.031206006569685595, 0.06405443453777569, 0.2709995307367433, 0.39676208352885967, 0.09232754575316753, 0.09103707179727827, 0.0333176912247771], [0.01536521041165004, 0.025111799105607156, 0.054695562435500514, 0.09494324045407637, 0.11604173833276, 0.3600504529297099, 0.1541107671138631, 0.13840155945419103, 0.0412796697626419], [0.18478260869565216, 0.16304347826086957, 0.21195652173913043, 0.19021739130434784, 0.10869565217391304, 0.08152173913043478, 0.04891304347826087, 0.010869565217391304, 0.0], [0.007397374453011044, 0.018649718691394042, 0.11419045634507188, 0.26390914773911234, 0.2823504896853511, 0.17347364034173787, 0.05772035840800167, 0.06053344446759742, 0.021775369868722652], [0.08228759514503188, 0.11808269903312076, 0.20757045875334293, 0.24295412466570665, 0.1855585270520469, 0.09154494959884797, 0.026126311458547623, 0.030652129191524376, 0.0152232051018309], [0.2696629213483146, 0.2443820224719101, 0.21067415730337077, 0.14606741573033707, 0.06179775280898876, 0.05056179775280899, 0.011235955056179775, 0.0056179775280898875, 0.0], [0.032655190401669275, 0.060719874804381846, 0.0881585811163276, 0.1468961919666145, 0.3245696400625978, 0.1788210745957225, 0.0676056338028169, 0.07480438184663536, 0.02576943140323422], [0.014849550605705353, 0.028917545916373584, 0.059398202422821414, 0.13911684251660805, 0.1942164908167253, 0.211410707307542, 0.10902696365767878, 0.15787416959749903, 0.0851895271590465], [0.03168498168498168, 0.05238095238095238, 0.11904761904761904, 0.2293040293040293, 0.25036630036630036, 0.1772893772893773, 0.06208791208791209, 0.05897435897435897, 0.018864468864468863], [0.08397278123642682, 0.13565947589402055, 0.22252787027653106, 0.2549587375126683, 0.16606341392789922, 0.07282467062400463, 0.030693499348487044, 0.025915737657448965, 0.007383813522513392], [0.014217413185707095, 0.03271263210870659, 0.0612732762959235, 0.12216909914443885, 0.37518872672370407, 0.23741821841972824, 0.07159033719174634, 0.06517362858580775, 0.020256668344237543], [0.017677537336177995, 0.03505028954587016, 0.12201564563649293, 0.27430661383724475, 0.2727826882048156, 0.15980900132073556, 0.05313420705069593, 0.04886721527989434, 0.016356801788072743], [0.014736056705838463, 0.04010445812348443, 0.11285207983585152, 0.2122738295094199, 0.28091773922775604, 0.19063607535907479, 0.07368028352919231, 0.055586644282783065, 0.019212833426599515], [0.0410958904109589, 0.07813292744799594, 0.15854895991882292, 0.23972602739726026, 0.2298325722983257, 0.12658548959918822, 0.04895991882293252, 0.0547945205479452, 0.022323693556570268], [0.047636839155613675, 0.08555949934616103, 0.17560246590696804, 0.25312908649355503, 0.21352512609751542, 0.1354380721090977, 0.03866990472632169, 0.039043526994208856, 0.011395479170558566], [0.012578616352201259, 0.02676038969046738, 0.1055617215439635, 0.29411764705882354, 0.2768528795165865, 0.1846096929337773, 0.04439511653718091, 0.041065482796892344, 0.014058453570107288], [0.17763157894736842, 0.15789473684210525, 0.13157894736842105, 0.17105263157894737, 0.17763157894736842, 0.06578947368421052, 0.046052631578947366, 0.039473684210526314, 0.03289473684210526], [0.00861974904528096, 0.0176759410801964, 0.05226404800872886, 0.23567921440261866, 0.3637752318603382, 0.1855973813420622, 0.0618657937806874, 0.05859247135842881, 0.015930169121658483], [0.005206484439711277, 0.011359602413915513, 0.027689030883919063, 0.16199266359010767, 0.32990178677079635, 0.25073955744882265, 0.09750325405277482, 0.0854336764879896, 0.03017394391196308], [0.012387496370850673, 0.023807219587728638, 0.0421949095132101, 0.19432884931771993, 0.29991290041614244, 0.22907190554534018, 0.08816413432691377, 0.08816413432691377, 0.02196845059518049], [0.02635431918008785, 0.03806734992679356, 0.13177159590043924, 0.30161054172767204, 0.2957540263543192, 0.1478770131771596, 0.043923865300146414, 0.014641288433382138, 0.0], [0.007577108218933856, 0.019967908718131575, 0.04893920484934926, 0.08905330718488144, 0.28614726332679624, 0.32198252807987165, 0.09413442681404885, 0.10456409342128721, 0.027634159386699945], [0.008620689655172414, 0.02860501567398119, 0.07807601880877743, 0.14331896551724138, 0.31710423197492166, 0.2721394984326019, 0.08356191222570533, 0.058287617554858936, 0.010286050156739812], [0.010170913285100136, 0.054943902694767746, 0.13473838733354304, 0.24263395197651252, 0.26549229317395406, 0.1685016252490301, 0.065324525532138, 0.04802348746985425, 0.010170913285100136], [0.0160086663456909, 0.04200770341839191, 0.10929224843524314, 0.22893596533461724, 0.24927780452575832, 0.19908521906596052, 0.06535869041887338, 0.06511795859412614, 0.02491574386133847], [0.043926729503823585, 0.10581540103147787, 0.1808643073092655, 0.24595411701938466, 0.2219455806508981, 0.12128756891339143, 0.03627956606793527, 0.03254490485505958, 0.011381824648764005], [0.045945267386392166, 0.06879236756213909, 0.1380868691940748, 0.25558624152648757, 0.24453929199096158, 0.1365804669846849, 0.046949535525985436, 0.04343459703740899, 0.020085362791865426], [0.020833333333333332, 0.06899641577060932, 0.2025089605734767, 0.29301075268817206, 0.21740591397849462, 0.11279121863799284, 0.03595430107526882, 0.03797043010752688, 0.010528673835125449], [0.00915106293115585, 0.01717584119386175, 0.10615233000140785, 0.24862734056032662, 0.27396874560045054, 0.1869632549626918, 0.06405744051809095, 0.06546529635365339, 0.028438687878361256], [0.034808465978660136, 0.0710162672730453, 0.160223893650516, 0.2475074339688648, 0.23561308378520202, 0.15182788175616582, 0.045653314675529126, 0.03848172118243834, 0.014867937729578451], [0.01285019680481593, 0.03600370456124103, 0.07883769391062746, 0.209423477656865, 0.34267191479509146, 0.19009029868025007, 0.07223894420004631, 0.04827506367214633, 0.009608705718916416], [0.017843641312566157, 0.05519431422954786, 0.16422198699531226, 0.2759715711477393, 0.2600937547255406, 0.13246635415091487, 0.04476032058067443, 0.03402389233328293, 0.015424164524421594], [0.007044458359423919, 0.03177833437695679, 0.10144020037570445, 0.20882905447714464, 0.26784596117720727, 0.20898559799624294, 0.07404508453350031, 0.07467125860989356, 0.025360050093926112], [0.007214841960604673, 0.022789738891433806, 0.0722629409070087, 0.23751717819514429, 0.2832111772789739, 0.2054512139257902, 0.0700870361887311, 0.07455336692624828, 0.026912505726065048], [0.007649769585253457, 0.025161290322580646, 0.06414746543778801, 0.11382488479262673, 0.19170506912442398, 0.3628571428571429, 0.1128110599078341, 0.09373271889400922, 0.028110599078341014], [0.01895398337725522, 0.0512872491384553, 0.12659639164808434, 0.25076018649908777, 0.28309345226028787, 0.180721670383134, 0.0455098317453882, 0.03780660855463207, 0.005270626393675248], [0.2453416149068323, 0.11801242236024845, 0.1956521739130435, 0.2267080745341615, 0.12732919254658384, 0.037267080745341616, 0.024844720496894408, 0.024844720496894408, 0.0]]}, "ranksDetailed": {"labels": ["Unranked", "Combatatant", "Challenger", "Rival", "Duelist", "Elite"], "data": [[0.12842712842712842, 0.4314574314574315, 0.3434343434343434, 0.08225108225108226, 0.012987012987012988, 0.001443001443001443], [0.0639686684073107, 0.2710182767624021, 0.49138381201044384, 0.15456919060052218, 0.013838120104438642, 0.005221932114882507], [0.007625527921163773, 0.04387611450023463, 0.33505396527451903, 0.4890896292820272, 0.09103707179727827, 0.0333176912247771], [0.01536521041165004, 0.07980736154110767, 0.21098497878683636, 0.514161220043573, 0.13840155945419103, 0.0412796697626419], [0.18478260869565216, 0.375, 0.29891304347826086, 0.13043478260869565, 0.010869565217391304, 0.0], [0.007397374453011044, 0.13284017503646592, 0.5462596374244635, 0.23119399874973953, 0.06053344446759742, 0.021775369868722652], [0.08228759514503188, 0.3256531577864637, 0.42851265171775355, 0.1176712610573956, 0.030652129191524376, 0.0152232051018309], [0.2696629213483146, 0.4550561797752809, 0.20786516853932585, 0.06179775280898876, 0.0056179775280898875, 0.0], [0.032655190401669275, 0.14887845592070945, 0.47146583202921233, 0.2464267083985394, 0.07480438184663536, 0.02576943140323422], [0.014849550605705353, 0.088315748339195, 0.3333333333333333, 0.3204376709652208, 0.15787416959749903, 0.0851895271590465], [0.03168498168498168, 0.17142857142857143, 0.4796703296703297, 0.2393772893772894, 0.05897435897435897, 0.018864468864468863], [0.08397278123642682, 0.3581873461705516, 0.42102215144056754, 0.10351816997249168, 0.025915737657448965, 0.007383813522513392], [0.014217413185707095, 0.0939859084046301, 0.4973578258681429, 0.3090085556114746, 0.06517362858580775, 0.020256668344237543], [0.017677537336177995, 0.15706593518236311, 0.5470893020420603, 0.21294320837143146, 0.04886721527989434, 0.016356801788072743], [0.014736056705838463, 0.15295653795933595, 0.4931915687371759, 0.2643163588882671, 0.055586644282783065, 0.019212833426599515], [0.0410958904109589, 0.23668188736681886, 0.469558599695586, 0.17554540842212074, 0.0547945205479452, 0.022323693556570268], [0.047636839155613675, 0.26116196525312907, 0.4666542125910704, 0.1741079768354194, 0.039043526994208856, 0.011395479170558566], [0.012578616352201259, 0.13232211123443088, 0.57097052657541, 0.2290048094709582, 0.041065482796892344, 0.014058453570107288], [0.17763157894736842, 0.2894736842105263, 0.34868421052631576, 0.1118421052631579, 0.039473684210526314, 0.03289473684210526], [0.00861974904528096, 0.06993998908892526, 0.5994544462629569, 0.2474631751227496, 0.05859247135842881, 0.015930169121658483], [0.005206484439711277, 0.039048633297834576, 0.491894450360904, 0.34824281150159747, 0.0854336764879896, 0.03017394391196308], [0.012387496370850673, 0.06600212910093874, 0.49424174973386237, 0.31723603987225396, 0.08816413432691377, 0.02196845059518049], [0.02635431918008785, 0.1698389458272328, 0.5973645680819912, 0.191800878477306, 0.014641288433382138, 0.0], [0.007577108218933856, 0.06890711356748083, 0.37520057051167766, 0.4161169548939205, 0.10456409342128721, 0.027634159386699945], [0.008620689655172414, 0.10668103448275862, 0.460423197492163, 0.35570141065830724, 0.058287617554858936, 0.010286050156739812], [0.010170913285100136, 0.1896822900283108, 0.5081262451504666, 0.23382615078116809, 0.04802348746985425, 0.010170913285100136], [0.0160086663456909, 0.15129995185363504, 0.47821376986037556, 0.2644439094848339, 0.06511795859412614, 0.02491574386133847], [0.043926729503823585, 0.28667970834074336, 0.4678996976702828, 0.15756713498132668, 0.03254490485505958, 0.011381824648764005], [0.045945267386392166, 0.20687923675621392, 0.5001255335174492, 0.18353000251067034, 0.04343459703740899, 0.020085362791865426], [0.020833333333333332, 0.271505376344086, 0.5104166666666666, 0.14874551971326164, 0.03797043010752688, 0.010528673835125449], [0.00915106293115585, 0.1233281711952696, 0.5225960861607771, 0.25102069548078276, 0.06546529635365339, 0.028438687878361256], [0.034808465978660136, 0.2312401609235613, 0.48312051775406684, 0.19748119643169496, 0.03848172118243834, 0.014867937729578451], [0.01285019680481593, 0.11484139847186849, 0.5520953924519565, 0.26232924288029635, 0.04827506367214633, 0.009608705718916416], [0.017843641312566157, 0.2194163012248601, 0.5360653258732799, 0.1772266747315893, 0.03402389233328293, 0.015424164524421594], [0.007044458359423919, 0.13321853475266124, 0.4766750156543519, 0.2830306825297433, 0.07467125860989356, 0.025360050093926112], [0.007214841960604673, 0.09505267979844251, 0.5207283554741182, 0.2755382501145213, 0.07455336692624828, 0.026912505726065048], [0.007649769585253457, 0.08930875576036866, 0.3055299539170507, 0.47566820276497696, 0.09373271889400922, 0.028110599078341014], [0.01895398337725522, 0.17788364078653962, 0.5338536387593756, 0.2262315021285222, 0.03780660855463207, 0.005270626393675248], [0.2453416149068323, 0.3136645962732919, 0.35403726708074534, 0.062111801242236024, 0.024844720496894408, 0.0]]}}}, "eu": {"histType": {"histogram": {"labels": ["0", "100", "200", "300", "400", "500", "600", "700", "800", "900", "1000", "1100", "1200", "1300", "1400", "1500", "1600", "1700", "1800", "1900", "2000", "2100", "2200", "2300", "2400", "2500", "2600", "2700", "2800", "2900", "3000", "3100", "3200"], "data": [[0.0, 0.0, 0.001953125, 0.0, 0.0, 0.00390625, 0.01171875, 0.0234375, 0.044921875, 0.080078125, 0.08203125, 0.10546875, 0.0859375, 0.1328125, 0.140625, 0.08984375, 0.06640625, 0.041015625, 0.04296875, 0.021484375, 0.01171875, 0.009765625, 0.00390625, 0.0, 0.0, 0.0, 0.0, 0.0, 0.0, 0.0, 0.0, 0.0, 0.0], [0.0002909514111143439, 0.0002909514111143439, 0.0005819028222286878, 0.0011638056444573757, 0.002036659877800407, 0.003782368344486471, 0.006400931044515566, 0.010765202211230724, 0.020657550189118416, 0.034041315100378236, 0.04597032295606634, 0.0648821646784987, 0.07913878382310154, 0.1053244108233925, 0.1312190864125691, 0.13151003782368345, 0.14198428862379983, 0.06720977596741344, 0.09426825720104742, 0.024439918533604887, 0.011347105033459412, 0.011347105033459412, 0.0043642711667151585, 0.002909514111143439, 0.002909514111143439, 0.0005819028222286878, 0.0005819028222286878, 0.0, 0.0, 0.0, 0.0, 0.0, 0.0], [0.0, 0.0, 0.0, 0.0001177301624676242, 0.0001177301624676242, 0.0001177301624676242, 0.0, 0.0008241111372733694, 0.0018836825994819873, 0.0025900635742877325, 0.005768777960913586, 0.009536143159877561, 0.011890746409230045, 0.015422651283258771, 0.0257829055804097, 0.03484812809041676, 0.21097245114198257, 0.14751589357193312, 0.30386154932893805, 0.07840828820343772, 0.05050623969861078, 0.05392041441017189, 0.016953143395337884, 0.00671061926065458, 0.0111843654344243, 0.005415587473510714, 0.0035319048740287263, 0.0016482222745467388, 0.0002354603249352484, 0.0002354603249352484, 0.0, 0.0, 0.0], [0.0, 0.0, 0.0, 0.00010938525486764385, 0.00010938525486764385, 0.0002187705097352877, 0.0007656967840735069, 0.002078319842485233, 0.0024064756070881644, 0.0059068037628527675, 0.011594837015970248, 0.01739225552395537, 0.02056442791511704, 0.026908772697440384, 0.042879019908116385, 0.054473856924086635, 0.07788230146576242, 0.05294246335593962, 0.2882301465762415, 0.14056005250492234, 0.08718004812951215, 0.08444541675782105, 0.031174797637278494, 0.012907460074381974, 0.022752133012469918, 0.008422664624808576, 0.0042660249398381095, 0.0028440166265587398, 0.0007656967840735069, 0.0002187705097352877, 0.0, 0.0, 0.0], [0.0, 0.0, 0.0, 0.0, 0.0, 0.01744186046511628, 0.03488372093023256, 0.05813953488372093, 0.06395348837209303, 0.05232558139534884, 0.05813953488372093, 0.0872093023255814, 0.05232558139534884, 0.12209302325581395, 0.0872093023255814, 0.13953488372093023, 0.023255813953488372, 0.06395348837209303, 0.046511627906976744, 0.040697674418604654, 0.029069767441860465, 0.005813953488372093, 0.0, 0.005813953488372093, 0.011627906976744186, 0.0, 0.0, 0.0, 0.0, 0.0, 0.0, 0.0, 0.0], [0.0, 0.00010404744563520966, 0.00010404744563520966, 0.00020809489127041931, 0.00031214233690562894, 0.00010404744563520966, 0.00020809489127041931, 0.0011445219019873061, 0.0019769014670689834, 0.003953802934137967, 0.007803558422640724, 0.01883258765997295, 0.05857871189262304, 0.08479866819269587, 0.1196545624804911, 0.13224430340235147, 0.15586307356154405, 0.10789720112371241, 0.14379356986785974, 0.053896576839038604, 0.03173447091873895, 0.037248985537405056, 0.0150868796171054, 0.005306419727395692, 0.010820934346061805, 0.004265945271043596, 0.0027052335865154513, 0.0008323795650816773, 0.00020809489127041931, 0.00031214233690562894, 0.0, 0.0, 0.0], [0.00