{"region": {"us": {"histType": {"histogram": {"labels": ["0", "100", "200", "300", "400", "500", "600", "700", "800", "900", "1000", "1100", "1200", "1300", "1400", "1500", "1600", "1700", "1800", "1900", "2000", "2100", "2200", "2300", "2400", "2500", "2600", "2700", "2800", "2900", "3000", "3100", "3200"], "data": [[0.0, 0.0, 0.003215434083601286, 0.003215434083601286, 0.006430868167202572, 0.006430868167202572, 0.022508038585209004, 0.012861736334405145, 0.03215434083601286, 0.028938906752411574, 0.0707395498392283, 0.07395498392282958, 0.08360128617363344, 0.1189710610932476, 0.10610932475884244, 0.11254019292604502, 0.09967845659163987, 0.05466237942122187, 0.05466237942122187, 0.04823151125401929, 0.028938906752411574, 0.00964630225080386, 0.00964630225080386, 0.0, 0.012861736334405145, 0.0, 0.0, 0.0, 0.0, 0.0, 0.0, 0.0, 0.0], [0.0, 0.0008244023083264633, 0.0, 0.00041220115416323167, 0.0008244023083264633, 0.0016488046166529267, 0.00494641384995878, 0.010717230008244023, 0.011129431162407255, 0.01978565539983512, 0.03462489694971146, 0.04245671887881286, 0.06389117889530091, 0.07460840890354493, 0.10057708161582853, 0.12118713932399011, 0.1471558120362737, 0.08944765045342128, 0.15210222588623248, 0.055647155812036275, 0.024319868095630668, 0.016488046166529265, 0.00989282769991756, 0.00494641384995878, 0.00494641384995878, 0.0016488046166529267, 0.0032976092333058533, 0.002061005770816158, 0.00041220115416323167, 0.0, 0.0, 0.0, 0.0], [0.00014188422247446084, 0.0, 0.0, 0.00028376844494892167, 0.00028376844494892167, 0.00028376844494892167, 0.00028376844494892167, 0.0007094211123723042, 0.00340522133938706, 0.004398410896708286, 0.007803632236095346, 0.011208853575482406, 0.017309875141884222, 0.02724177071509648, 0.03717366628830874, 0.05902383654937571, 0.0927922814982974, 0.10740635641316686, 0.28603859250851305, 0.08825198637911465, 0.06313847900113508, 0.09335981838819524, 0.027525539160045402, 0.014755959137343927, 0.03362656072644722, 0.010357548240635641, 0.004965947786606129, 0.004114642451759364, 0.0014188422247446084, 0.002553916004540295, 0.00014188422247446084, 0.0, 0.0], [0.0, 0.0, 0.0, 0.0, 0.0001326963906581741, 0.0001326963906581741, 0.0009288747346072187, 0.0023885350318471337, 0.006236730360934183, 0.010084925690021231, 0.01552547770700637, 0.01817940552016985, 0.03423566878980892, 0.04418789808917197, 0.062367303609341826, 0.08187367303609341, 0.15034501061571126, 0.12009023354564756, 0.20886411889596604, 0.08744692144373672, 0.054538216560509556, 0.05918259023354565, 0.017648619957537155, 0.007696390658174098, 0.012075371549893844, 0.0025212314225053077, 0.0011942675159235668, 0.0015923566878980893, 0.0002653927813163482, 0.0, 0.0002653927813163482, 0.0, 0.0], [0.0, 0.0, 0.0, 0.0, 0.008771929824561403, 0.0, 0.008771929824561403, 0.03508771929824561, 0.03508771929824561, 0.05263157894736842, 0.043859649122807015, 0.07894736842105263, 0.07017543859649122, 0.10526315789473684, 0.07894736842105263, 0.10526315789473684, 0.06140350877192982, 0.03508771929824561, 0.08771929824561403, 0.08771929824561403, 0.02631578947368421, 0.043859649122807015, 0.017543859649122806, 0.017543859649122806, 0.0, 0.0, 0.0, 0.0, 0.0, 0.0, 0.0, 0.0, 0.0], [0.0, 0.0, 0.0, 0.0, 0.0, 0.00013301409949454643, 0.0, 0.00186219739292365, 0.00186219739292365, 0.006650704974727321, 0.010375099760574621, 0.016892790635807394, 0.030327214684756583, 0.0521415270018622, 0.0742218675179569, 0.10255387071029529, 0.16001596169193935, 0.11332801276935354, 0.1765097100292631, 0.07488693801542963, 0.043761638733705775, 0.06251662676243681, 0.020750199521149242, 0.010508113860069168, 0.021282255919127427, 0.008379888268156424, 0.0033253524873636604, 0.0033253524873636604, 0.002128225591912743, 0.0007980845969672786, 0.0014631550944400106, 0.0, 0.0], [0.0, 0.0, 0.0002642706131078224, 0.001321353065539112, 0.0015856236786469344, 0.003171247357293869, 0.005813953488372093, 0.008985200845665961, 0.01744186046511628, 0.024577167019027485, 0.0388477801268499, 0.04704016913319239, 0.07003171247357294, 0.08350951374207188, 0.10914376321353066, 0.12341437632135306, 0.12526427061310783, 0.08192389006342495, 0.11046511627906977, 0.0388477801268499, 0.028012684989429177, 0.029069767441860465, 0.011099365750528542, 0.007135306553911205, 0.012684989429175475, 0.006342494714587738, 0.006871035940803382, 0.0023784355179704017, 0.0018498942917547568, 0.0007928118393234672, 0.0021141649048625794, 0.0, 0.0], [0.0033333333333333335, 0.0, 0.0033333333333333335, 0.01, 0.016666666666666666, 0.013333333333333334, 0.016666666666666666, 0.05, 0.05, 0.1, 0.08666666666666667, 0.10333333333333333, 0.09, 0.10333333333333333, 0.07666666666666666, 0.06666666666666667, 0.06666666666666667, 0.03333333333333333, 0.02666666666666667, 0.03666666666666667, 0.006666666666666667, 0.013333333333333334, 0.02, 0.006666666666666667, 0.0, 0.0, 0.0, 0.0, 0.0, 0.0, 0.0, 0.0, 0.0], [0.0003335927943956411, 0.0002223951962637607, 0.0005559879906594017, 0.0005559879906594017, 0.0005559879906594017, 0.001556766373846325, 0.0017791615701100857, 0.005115089514066497, 0.009340598243077949, 0.021016346046925385, 0.033359279439564106, 0.0452574224396753, 0.05682197264539086, 0.0639386189258312, 0.08173023462693206, 0.0848437673746247, 0.140331368842433, 0.10207939508506617, 0.12098298676748583, 0.0639386189258312, 0.04503502724341154, 0.04625820082286223, 0.020349160458134105, 0.012898921383298121, 0.02168353163571667, 0.00922940064494607, 0.005893472700989659, 0.0017791615701100857, 0.002335149560769487, 0.0002223951962637607, 0.0, 0.0, 0.0], [0.0, 0.0, 0.0, 0.0, 0.00036927621861152144, 0.00036927621861152144, 0.00036927621861152144, 0.00036927621861152144, 0.0007385524372230429, 0.005539143279172821, 0.007016248153618907, 0.005908419497784343, 0.012186115214180207, 0.021048744460856722, 0.04025110782865583, 0.06351550960118169, 0.07791728212703102, 0.08124076809453472, 0.18759231905465287, 0.08087149187592318, 0.08530280649926145, 0.12149187592319055, 0.050221565731166914, 0.025480059084194977, 0.06868537666174299, 0.022895125553914326, 0.013663220088626292, 0.014771048744460856, 0.0066469719350073855, 0.004062038404726735, 0.0014771048744460858, 0.0, 0.0], [0.0, 0.0, 0.0003244646333549643, 0.0, 0.0016223231667748216, 0.0016223231667748216, 0.0035691109669046075, 0.003893575600259572, 0.012005191434133679, 0.018170019467878003, 0.030499675535366644, 0.03439325113562622, 0.05970149253731343, 0.07235561323815703, 0.09214795587280987, 0.11194029850746269, 0.14049318624269955, 0.09117456197274497, 0.15120051914341337, 0.054510058403634, 0.036340038935756006, 0.04023361453601557, 0.012654120700843608, 0.008436080467229072, 0.01135626216742375, 0.004218040233614536, 0.001946787800129786, 0.0016223231667748216, 0.001946787800129786, 0.0016223231667748216, 0.0, 0.0, 0.0], [0.00018416206261510129, 0.0, 0.0005524861878453039, 0.0005524861878453039, 0.0009208103130755065, 0.0020257826887661143, 0.004604051565377533, 0.008103130755064457, 0.013627992633517496, 0.022651933701657457, 0.047697974217311236, 0.06408839779005525, 0.08987108655616943, 0.09742173112338859, 0.13462246777163905, 0.13149171270718232, 0.129097605893186, 0.07440147329650092, 0.08047882136279927, 0.03756906077348066, 0.019337016574585635, 0.01841620626151013, 0.008103130755064457, 0.005340699815837937, 0.004051565377532229, 0.0014732965009208103, 0.001841620626151013, 0.0009208103130755065, 0.0005524861878453039, 0.0, 0.0, 0.0, 0.0], [0.0, 0.0, 0.0, 0.0, 0.0003487966515521451, 0.0006975933031042902, 0.0027903732124171608, 0.002964771538193233, 0.007150331356818975, 0.009243111266131846, 0.022497384025113358, 0.03383327520055807, 0.046041158004883155, 0.06766655040111615, 0.10655737704918032, 0.11318451342867109, 0.14579700034879664, 0.10411580048831531, 0.1588768747820021, 0.06016742239274503, 0.03732124171607953, 0.03627485176142309, 0.013603069410533658, 0.008545517963027554, 0.012905476107429368, 0.005057551447506104, 0.001569584931984653, 0.0010463899546564353, 0.0017439832577607255, 0.0, 0.0, 0.0, 0.0], [0.00024286581663630845, 0.0, 0.0, 0.00012143290831815422, 0.00012143290831815422, 0.00036429872495446266, 0.001578627808136005, 0.00230722525804493, 0.005100182149362477, 0.01323618700667881, 0.02185792349726776, 0.02501517911353977, 0.03545840922890103, 0.04723740133576199, 0.06690953248330297, 0.08925318761384335, 0.1328476017000607, 0.1151183970856102, 0.17899210686095932, 0.08512446873102611, 0.054887674559805706, 0.05925925925925926, 0.020643594414086218, 0.010321797207043109, 0.017607771706132362, 0.005343047965998785, 0.004007285974499089, 0.0026715239829993927, 0.001578627808136005, 0.0024286581663630845, 0.00036429872495446266, 0.0, 0.0], [0.0, 0.0, 0.0, 0.0, 0.00046860356138706655, 0.00023430178069353328, 0.00046860356138706655, 0.0007029053420805998, 0.004217432052483599, 0.004217432052483599, 0.013120899718837863, 0.01804123711340206, 0.03631677600749766, 0.051780693533270854, 0.07403936269915651, 0.1007497656982193, 0.14971883786316775, 0.11597938144329897, 0.1712746016869728, 0.07966260543580131, 0.05810684161199625, 0.05693533270852859, 0.022727272727272728, 0.010309278350515464, 0.016635426429240863, 0.007731958762886598, 0.0018744142455482662, 0.0018744142455482662, 0.0009372071227741331, 0.0018744142455482662, 0.0, 0.0, 0.0], [0.0, 0.00041152263374485596, 0.0, 0.0, 0.0012345679012345679, 0.0012345679012345679, 0.0008230452674897119, 0.0049382716049382715, 0.009876543209876543, 0.013991769547325103, 0.019753086419753086, 0.031275720164609055, 0.047736625514403296, 0.05720164609053498, 0.08065843621399177, 0.10411522633744856, 0.13580246913580246, 0.10246913580246914, 0.13580246913580246, 0.06460905349794238, 0.05308641975308642, 0.046502057613168724, 0.027983539094650206, 0.01440329218106996, 0.017695473251028805, 0.009876543209876543, 0.004526748971193415, 0.006172839506172839, 0.00411522633744856, 0.0024691358024691358, 0.0012345679012345679, 0.0, 0.0], [0.00022138587558113792, 0.0, 0.00044277175116227583, 0.00044277175116227583, 0.00044277175116227583, 0.0008855435023245517, 0.0015497011290679654, 0.003763559884879345, 0.0073057338941775515, 0.012176223156962585, 0.02235997343369493, 0.03940668585344255, 0.0677440779278282, 0.07903475758246624, 0.10648660615452735, 0.12486163382776179, 0.1365950852335621, 0.09298206774407793, 0.12862519371264114, 0.050697365508080586, 0.03431481071507638, 0.04007084348018596, 0.014832853663936241, 0.007748505645339828, 0.013061766659287138, 0.00531326101394731, 0.0035421740092982067, 0.0019924728802302415, 0.0015497011290679654, 0.0015497011290679654, 0.0, 0.0, 0.0], [0.0, 0.0, 0.00016849199663016007, 0.00033698399326032014, 0.0005054759898904802, 0.00033698399326032014, 0.0011794439764111204, 0.0028643639427127212, 0.004043807919123841, 0.009941027801179444, 0.019713563605728728, 0.02544229149115417, 0.04549283909014322, 0.05796124684077506, 0.09907329401853412, 0.12165122156697557, 0.1459140690817186, 0.0987363100252738, 0.18281381634372368, 0.060488626790227464, 0.03504633529907329, 0.040438079191238416, 0.015332771693344566, 0.007919123841617522, 0.012131423757371525, 0.004212299915754001, 0.003369839932603201, 0.0016849199663016006, 0.0005054759898904802, 0.002695871946082561, 0.0, 0.0, 0.0], [0.0, 0.0, 0.0, 0.009009009009009009, 0.009009009009009009, 0.009009009009009009, 0.0, 0.009009009009009009, 0.009009009009009009, 0.05405405405405406, 0.02702702702702703, 0.04504504504504504, 0.04504504504504504, 0.06306306306306306, 0.05405405405405406, 0.11711711711711711, 0.12612612612612611, 0.08108108108108109, 0.07207207207207207, 0.02702702702702703, 0.08108108108108109, 0.036036036036036036, 0.036036036036036036, 0.0, 0.018018018018018018, 0.02702702702702703, 0.009009009009009009, 0.036036036036036036, 0.0, 0.0, 0.0, 0.0, 0.0], [0.00025533001404315077, 0.00012766500702157538, 0.0, 0.00012766500702157538, 0.00012766500702157538, 0.00012766500702157538, 0.00038299502106472615, 0.0015319800842589046, 0.0031916251755393847, 0.00663858036512192, 0.011234520617898635, 0.015447465849610622, 0.030001276650070217, 0.04532107749265926, 0.07430103408655687, 0.10698327588408017, 0.1634112089876165, 0.1405591727307545, 0.15421932848206307, 0.08183326950082982, 0.05361930294906166, 0.05451295799821269, 0.021703051193667815, 0.00995787054768288, 0.013021830716200689, 0.005234265287884591, 0.002297970126388357, 0.0011489850631941786, 0.002680965147453083, 0.0, 0.0, 0.0, 0.0], [0.0, 0.0, 0.0, 0.00015860428231562253, 0.0, 0.00031720856463124506, 0.0014274385408406026, 0.0007930214115781126, 0.0019032513877874702, 0.0031720856463124504, 0.007137192704203013, 0.010943695479777953, 0.01823949246629659, 0.026011102299762095, 0.04472640761300555, 0.06851704996034894, 0.12434575733544806, 0.11847739888977002, 0.20190325138778747, 0.10039651070578906, 0.0724821570182395, 0.09595559080095163, 0.02965900079302141, 0.016494845360824743, 0.02839016653449643, 0.013481363996827915, 0.006026962727993656, 0.0042823156225218085, 0.002061855670103093, 0.0009516256938937351, 0.0017446471054718478, 0.0, 0.0], [0.0003309431880860452, 0.00011031439602868175, 0.0, 0.0002206287920573635, 0.0002206287920573635, 0.0007722007722007722, 0.000882515168229454, 0.0023166023166023165, 0.003750689464975179, 0.007060121345835632, 0.013237727523441808, 0.01765030336458908, 0.02283507997793712, 0.03574186431329288, 0.05030336458907887, 0.07611693325979041, 0.10788747931605075, 0.11450634307777165, 0.21169332597904025, 0.1063430777716492, 0.0688361831218974, 0.08086045228902372, 0.028240485383342527, 0.014671814671814672, 0.020739106453392168, 0.007170435741864313, 0.0036403750689464973, 0.0013237727523441808, 0.0025372311086596802, 0.0, 0.0, 0.0, 0.0], [0.0, 0.0, 0.0, 0.001692047377326565, 0.001692047377326565, 0.0, 0.0, 0.005076142131979695, 0.008460236886632826, 0.005076142131979695, 0.01692047377326565, 0.025380710659898477, 0.043993231810490696, 0.08460236886632826, 0.09475465313028765, 0.1353637901861252, 0.16243654822335024, 0.12521150592216582, 0.16412859560067683, 0.06091370558375635, 0.02707275803722504, 0.025380710659898477, 0.00676818950930626, 0.001692047377326565, 0.00338409475465313, 0.0, 0.0, 0.0, 0.0, 0.0, 0.0, 0.0, 0.0], [0.0, 0.0, 0.0, 0.00019054878048780488, 0.0, 0.00019054878048780488, 0.0002858231707317073, 0.000857469512195122, 0.002096036585365854, 0.005716463414634146, 0.008669969512195123, 0.016577743902439025, 0.026105182926829267, 0.033441310975609755, 0.05116234756097561, 0.06345274390243902, 0.10003810975609756, 0.0741234756097561, 0.20464939024390244, 0.11251905487804878, 0.07507621951219512, 0.12690548780487804, 0.037728658536585365, 0.012671493902439025, 0.027248475609756097, 0.008669969512195123, 0.0052400914634146345, 0.0026676829268292685, 0.0019054878048780487, 0.0018102134146341464, 0.0, 0.0, 0.0], [0.00020729684908789387, 0.00010364842454394693, 0.00010364842454394693, 0.0, 0.0006218905472636816, 0.0006218905472636816, 0.00041459369817578774, 0.0011401326699834163, 0.00134742951907131, 0.006322553897180763, 0.011504975124378109, 0.023735489220563847, 0.04280679933665008, 0.05887230514096186, 0.08747927031509121, 0.10986733001658375, 0.158167495854063, 0.15339966832504145, 0.18387230514096187, 0.06519485903814262, 0.03669154228855721, 0.031612769485903816, 0.012023217247097845, 0.0038349917081260364, 0.00538971807628524, 0.0018656716417910447, 0.001969320066334992, 0.0008291873963515755, 0.0, 0.0, 0.0, 0.0, 0.0], [0.0, 0.0001255020080321285, 0.0, 0.0001255020080321285, 0.00037650602409638556, 0.0007530120481927711, 0.0008785140562248996, 0.002259036144578313, 0.00338855421686747, 0.0057730923694779114, 0.01179718875502008, 0.020582329317269075, 0.029994979919678713, 0.040411646586345384, 0.07053212851405623, 0.10818273092369478, 0.1615210843373494, 0.12700803212851405, 0.17369477911646586, 0.08621987951807229, 0.050451807228915665, 0.05233433734939759, 0.02447289156626506, 0.010291164658634538, 0.011546184738955823, 0.0028865461847389557, 0.002259036144578313, 0.002133534136546185, 0.0, 0.0, 0.0, 0.0, 0.0], [0.0, 0.0, 0.0, 0.0, 0.0002931691586045148, 0.0, 0.0008795074758135445, 0.0008795074758135445, 0.0016124303723248313, 0.0033714453239519202, 0.009381413075344474, 0.014805042509527997, 0.026385224274406333, 0.04456171210788625, 0.07563764291996482, 0.10671357373204339, 0.15054236294341836, 0.09835825271181471, 0.19935502785107007, 0.07475813544415127, 0.04602755790090882, 0.05965992377601876, 0.026824978012313105, 0.01304602755790091, 0.021254763998827322, 0.009234828496042216, 0.006009967751392554, 0.0032248607446496626, 0.0030782761653474055, 0.0020521841102316037, 0.0020521841102316037, 0.0, 0.0], [0.0, 0.00036258158085569254, 0.00036258158085569254, 0.0007251631617113851, 0.0025380710659898475, 0.0025380710659898475, 0.005438723712835388, 0.008339376359680928, 0.014503263234227702, 0.02864394488759971, 0.03807106598984772, 0.05402465554749819, 0.06018854242204496, 0.0823060188542422, 0.11385061638868746, 0.1116751269035533, 0.11892675852066716, 0.0772298767222625, 0.14938361131254532, 0.04423495286439449, 0.02102973168963017, 0.032269760696156634, 0.009427121102248005, 0.005076142131979695, 0.010514865844815084, 0.0032632342277012327, 0.0018129079042784628, 0.0010877447425670776, 0.0018129079042784628, 0.00036258158085569254, 0.0, 0.0, 0.0], [0.0, 0.0, 0.0, 0.0019305019305019305, 0.002574002574002574, 0.002574002574002574, 0.003861003861003861, 0.010939510939510939, 0.010296010296010296, 0.014800514800514801, 0.023809523809523808, 0.036036036036036036, 0.05019305019305019, 0.05662805662805663, 0.08236808236808237, 0.1093951093951094, 0.14543114543114544, 0.10424710424710425, 0.17117117117117117, 0.06113256113256113, 0.02895752895752896, 0.032818532818532815, 0.021235521235521235, 0.005791505791505791, 0.014800514800514801, 0.0045045045045045045, 0.001287001287001287, 0.002574002574002574, 0.0006435006435006435, 0.0, 0.0, 0.0, 0.0], [0.0002926115581565472, 0.0, 0.0, 0.0, 0.0005852231163130944, 0.000731528895391368, 0.002779809802487198, 0.004974396488661302, 0.006583760058522311, 0.014045354791514265, 0.02677395757132407, 0.04125822970007315, 0.05413313825896123, 0.07549378200438918, 0.12889539136795902, 0.14059985369422093, 0.14703730797366496, 0.09027066569129481, 0.12772494513533283, 0.04228237015362107, 0.02721287490855889, 0.031163130943672276, 0.013167520117044623, 0.006583760058522311, 0.010826627651792245, 0.0026335040234089246, 0.0013167520117044623, 0.0010241404535479151, 0.0001463057790782736, 0.0011704462326261888, 0.0002926115581565472, 0.0, 0.0], [0.0, 0.0, 0.0, 0.0006537371976465461, 0.00021791239921551536, 0.00021791239921551536, 0.0021791239921551534, 0.0006537371976465461, 0.003922423185879277, 0.009806057964698191, 0.016779254739594684, 0.022009152320767052, 0.0339943342776204, 0.04859446502505992, 0.07125735454347353, 0.1063412508171715, 0.11898016997167139, 0.09893222924384397, 0.16648507300065374, 0.07365439093484419, 0.05338853780780126, 0.06232294617563739, 0.02876443669644803, 0.01503595554587056, 0.031815210285465245, 0.012856831553715406, 0.00937023316626716, 0.004794072782741338, 0.003050773589017215, 0.002397036391370669, 0.0015253867945086074, 0.0, 0.0], [0.0, 0.0, 0.0, 0.0, 0.00020267531414673692, 0.0, 0.0008107012565869477, 0.0010133765707336846, 0.00263477908390758, 0.009120389136603162, 0.015403323875152006, 0.027969193352249695, 0.043980543169841915, 0.06485610052695581, 0.09525739764896636, 0.11775435751925416, 0.147142278070531, 0.10417511147142278, 0.1651803810295906, 0.06890960680989056, 0.04175111471422781, 0.04539927036886907, 0.016416700445885692, 0.007701661937576003, 0.01053911633563032, 0.002837454398054317, 0.004053506282934738, 0.0022294284556141062, 0.0032428050263477908, 0.0014187271990271585, 0.0, 0.0, 0.0], [0.0001352447930754666, 0.0001352447930754666, 0.0001352447930754666, 0.0001352447930754666, 0.0001352447930754666, 0.0012172031376791995, 0.0012172031376791995, 0.0031106302407357318, 0.004463078171490398, 0.007844197998377062, 0.020016229375169056, 0.030700568028130915, 0.049499594265620776, 0.06545847984852583, 0.09358939680822288, 0.14241276710846631, 0.17568298620503112, 0.11806870435488234, 0.1242899648363538, 0.0651879902623749, 0.03719231809575331, 0.02975385447660265, 0.013659724100622127, 0.005139302136867731, 0.005139302136867731, 0.0017581823099810658, 0.0009467135515282662, 0.0028401406545847984, 0.0001352447930754666, 0.0, 0.0, 0.0, 0.0], [0.0, 0.0, 0.0, 0.0002105263157894737, 0.0002105263157894737, 0.0008421052631578948, 0.0010526315789473684, 0.0025263157894736842, 0.004842105263157895, 0.007157894736842105, 0.016842105263157894, 0.024842105263157895, 0.042105263157894736, 0.05789473684210526, 0.09242105263157895, 0.12842105263157894, 0.15705263157894736, 0.11536842105263158, 0.14357894736842106, 0.06757894736842106, 0.04252631578947368, 0.041473684210526315, 0.01831578947368421, 0.00631578947368421, 0.016210526315789474, 0.004842105263157895, 0.003368421052631579, 0.0014736842105263158, 0.0012631578947368421, 0.0006315789473684211, 0.0006315789473684211, 0.0, 0.0], [0.0, 0.0, 0.0, 0.0002587991718426501, 0.0, 0.0010351966873706005, 0.002070393374741201, 0.002846790890269151, 0.005693581780538302, 0.005693581780538302, 0.011904761904761904, 0.021221532091097308, 0.031314699792960664, 0.04606625258799172, 0.07712215320910973, 0.10766045548654245, 0.1389751552795031, 0.09963768115942029, 0.18297101449275363, 0.07686335403726709, 0.05124223602484472, 0.06159420289855073, 0.02562111801242236, 0.015269151138716356, 0.019409937888198756, 0.009316770186335404, 0.003105590062111801, 0.0012939958592132505, 0.0010351966873706005, 0.0007763975155279503, 0.0, 0.0, 0.0], [0.0, 0.0, 0.00014457134595923088, 0.0, 0.00028914269191846175, 0.00043371403787769266, 0.0005782853838369235, 0.0017348561515107706, 0.0018794274974700015, 0.005349139800491543, 0.010264565563105392, 0.023420558045395404, 0.04033540552262541, 0.06737024721700159, 0.09107994795431545, 0.11392222061587394, 0.14572791672690472, 0.10163365620933931, 0.1677027613127078, 0.06057539395691774, 0.04264854705797311, 0.04814225820442388, 0.02414341477519156, 0.010842850946942316, 0.022263987277721557, 0.006650281914124621, 0.005782853838369235, 0.0034697123030215412, 0.0014457134595923088, 0.001301142113633078, 0.0008674280757553853, 0.0, 0.0], [0.0, 0.0, 9.864851533984413e-05, 0.0, 9.864851533984413e-05, 9.864851533984413e-05, 0.0002959455460195324, 0.0009864851533984414, 0.0020716188221367266, 0.0056229653743711154, 0.010555391141363323, 0.020222945644668047, 0.033737792246226694, 0.046660747755746274, 0.06767288152313308, 0.07872151524119562, 0.09933905494722305, 0.07122422807536746, 0.23350103580941106, 0.10072013416198086, 0.06619315379303542, 0.08681069349906284, 0.02594455953437901, 0.009667554503304726, 0.024662128834961033, 0.006806747558449245, 0.0030581039755351682, 0.0017756732761171944, 0.0017756732761171944, 0.0016770247607773502, 0.0, 0.0, 0.0], [0.0, 0.0, 0.0, 0.0, 0.0, 0.00011973180076628352, 0.0007183908045977011, 0.0005986590038314176, 0.002274904214559387, 0.004909003831417624, 0.008141762452107279, 0.018199233716475097, 0.030411877394636015, 0.053041187739463605, 0.08141762452107279, 0.11590038314176246, 0.17205459770114942, 0.12643678160919541, 0.20569923371647508, 0.070522030651341, 0.037595785440613025, 0.04609674329501916, 0.011135057471264368, 0.0040708812260536395, 0.0059865900383141765, 0.0011973180076628352, 0.0011973180076628352, 0.0015565134099616857, 0.0007183908045977011, 0.0, 0.0, 0.0, 0.0], [0.0, 0.00392156862745098, 0.0, 0.00392156862745098, 0.00392156862745098, 0.0196078431372549, 0.027450980392156862, 0.0196078431372549, 0.06666666666666667, 0.03529411764705882, 0.054901960784313725, 0.06666666666666667, 0.06666666666666667, 0.11372549019607843, 0.11372549019607843, 0.12549019607843137, 0.09019607843137255, 0.06666666666666667, 0.043137254901960784, 0.01568627450980392, 0.011764705882352941, 0.023529411764705882, 0.011764705882352941, 0.01568627450980392, 0.0, 0.0, 0.0, 0.0, 0.0, 0.0, 0.0, 0.0, 0.0]]}, "ranks": {"labels": ["Unranked", "Combatatent I", "Combatatent II", "Challenger I", "Challenger II", "Rival I", "Rival II", "Duelist", "Elite"], "data": [[0.1157556270096463, 0.14469453376205788, 0.20257234726688103, 0.21864951768488747, 0.15434083601286175, 0.08360128617363344, 0.04823151125401929, 0.01929260450160772, 0.012861736334405145], [0.05028854080791426, 0.07708161582852432, 0.13849958779884583, 0.22176422093981862, 0.23660346248969497, 0.18549051937345423, 0.04657873042044518, 0.031327287716405604, 0.01236603462489695], [0.009790011350737798, 0.019012485811577752, 0.0445516458569807, 0.09619750283768445, 0.20019863791146425, 0.3337116912599319, 0.10371736662883087, 0.13564131668558457, 0.05717934165720772], [0.019904458598726114, 0.03370488322717622, 0.07842356687898089, 0.14424097664543525, 0.27043524416135883, 0.2551751592356688, 0.09567409766454353, 0.0845276008492569, 0.017914012738853503], [0.14035087719298245, 0.12280701754385964, 0.17543859649122806, 0.18421052631578946, 0.09649122807017543, 0.14912280701754385, 0.05263157894736842, 0.07894736842105263, 0.0], [0.010508113860069168, 0.027267890396382017, 0.08246874168661879, 0.17677573822825218, 0.2733439744612929, 0.2162809257781325, 0.07887736100026603, 0.09377494014365523, 0.040702314445331206], [0.06316067653276955, 0.08588794926004228, 0.1535412262156448, 0.23255813953488372, 0.20718816067653276, 0.13424947145877378, 0.043076109936575055, 0.04730443974630021, 0.0330338266384778], [0.2633333333333333, 0.19, 0.19333333333333333, 0.14333333333333334, 0.1, 0.04, 0.03, 0.04, 0.0], [0.04103191371066385, 0.07861670187923941, 0.12076059157122206, 0.16657400200155675, 0.24241076392749916, 0.15534304459023685, 0.07461358834649172, 0.07950628266429445, 0.04114311130879573], [0.00775480059084195, 0.01292466765140325, 0.03323485967503693, 0.10376661742983752, 0.15915805022156573, 0.22710487444608568, 0.12666174298375185, 0.19719350073855244, 0.13220088626292467], [0.04120700843608047, 0.06489292667099286, 0.13205710577547047, 0.20408825438027256, 0.23166774821544453, 0.17975340687865024, 0.06229720960415315, 0.06132381570408826, 0.0227125243348475], [0.053222836095764274, 0.11178637200736648, 0.18729281767955802, 0.26611418047882135, 0.20349907918968693, 0.09852670349907919, 0.03885819521178637, 0.03186003683241252, 0.008839779005524863], [0.02319497732821765, 0.05633065922567143, 0.11370770840599931, 0.21974189047785142, 0.24991280083711195, 0.18974537844436692, 0.06662016044645971, 0.0584234391349843, 0.022322985699337286], [0.0230722525804493, 0.04687310261080753, 0.08269581056466302, 0.15616272009714632, 0.2479659987856709, 0.22477231329690345, 0.09423193685488768, 0.09022465088038858, 0.03400121432908318], [0.010309278350515464, 0.031162136832239926, 0.08809746954076851, 0.17478912839737581, 0.26569821930646675, 0.21883786316776008, 0.09020618556701031, 0.08997188378631678, 0.030927835051546393], [0.03251028806584362, 0.05102880658436214, 0.10493827160493827, 0.18477366255144034, 0.2382716049382716, 0.1699588477366255, 0.08353909465020576, 0.08888888888888889, 0.04609053497942387], [0.027230462696479964, 0.06176665928713748, 0.14677883551029444, 0.23134823998228912, 0.22957715297764003, 0.15806951516493248, 0.05556785477086562, 0.06265220278946203, 0.027009076820898828], [0.019376579612468407, 0.0451558550968829, 0.10345408593091829, 0.22072451558550968, 0.24465037910699242, 0.2160067396798652, 0.062342038753159225, 0.0636899747262005, 0.02459983150800337], [0.0990990990990991, 0.07207207207207207, 0.10810810810810811, 0.17117117117117117, 0.2072072072072072, 0.08108108108108109, 0.0990990990990991, 0.07207207207207207, 0.09009009009009009], [0.012511170688114389, 0.026681986467509255, 0.07532235414272948, 0.18128430997063705, 0.303970381718371, 0.20043406102387334, 0.08923783990808119, 0.08617387973956339, 0.0243840163411209], [0.007771609833465504, 0.01808088818398097, 0.044250594766058686, 0.11324345757335448, 0.24282315622521808, 0.2544012688342585, 0.1203806502775575, 0.14210943695479777, 0.056938937351308484], [0.01566464423607281, 0.03088803088803089, 0.058576944291230004, 0.12642029784886927, 0.22239382239382238, 0.26740209597352455, 0.11947049089906232, 0.12377275234418092, 0.03541092112520684], [0.021996615905245348, 0.04230118443316413, 0.12859560067681894, 0.23011844331641285, 0.2876480541455161, 0.20135363790186125, 0.050761421319796954, 0.0338409475465313, 0.00338409475465313], [0.009336890243902439, 0.025247713414634148, 0.059546493902439025, 0.11461509146341463, 0.17416158536585366, 0.2660060975609756, 0.12623856707317074, 0.17730564024390244, 0.047541920731707314], [0.010883084577114429, 0.035240464344941956, 0.10167910447761194, 0.19734660033167495, 0.31156716417910446, 0.21942371475953565, 0.06633499170812604, 0.047470978441127694, 0.010053897180762852], [0.013679718875502008, 0.03237951807228916, 0.0704066265060241, 0.178714859437751, 0.28852911646586343, 0.21987951807228914, 0.09048694779116466, 0.08709839357429719, 0.01882530120481928], [0.007036059806508356, 0.024186455584872472, 0.07094693638229259, 0.1823512166520082, 0.24890061565523308, 0.24025212547639987, 0.07988859571973028, 0.09953092934623278, 0.046907065376722366], [0.06345177664974619, 0.09209572153734591, 0.14249456127628715, 0.22552574329224076, 0.19615663524292967, 0.1700507614213198, 0.04459753444525018, 0.046773023930384336, 0.01885424220449601], [0.046975546975546977, 0.059845559845559844, 0.10682110682110682, 0.19176319176319176, 0.24967824967824967, 0.20527670527670527, 0.055984555984555984, 0.059845559845559844, 0.023809523809523808], [0.029992684711046085, 0.06803218727139722, 0.1296269202633504, 0.26949524506218, 0.23730797366495976, 0.15040234089246526, 0.04681784930504755, 0.05091441111923921, 0.017410387710314557], [0.017650904336456743, 0.03878840706036173, 0.08258879930268032, 0.17759860536064503, 0.21791239921551536, 0.20614512965787754, 0.08738287208542166, 0.10612333841795599, 0.06580954456308565], [0.013781921361978111, 0.0433725172274017, 0.10883664369679773, 0.21301175516822052, 0.2513173895419538, 0.2047020672882043, 0.07113903526550466, 0.06951763275233076, 0.02432103769760843], [0.018528536651338922, 0.05071679740329997, 0.1149580741141466, 0.2360021639166892, 0.29375169055991346, 0.16094130375980525, 0.06572896943467677, 0.04855288071409251, 0.010819583446037328], [0.016842105263157894, 0.04168421052631579, 0.1, 0.2208421052631579, 0.27242105263157895, 0.18021052631578946, 0.07347368421052632, 0.06610526315789474, 0.028421052631578948], [0.017598343685300208, 0.033126293995859216, 0.07738095238095238, 0.18478260869565216, 0.2386128364389234, 0.2277432712215321, 0.08333333333333333, 0.10248447204968944, 0.03493788819875776], [0.010409136909064623, 0.033685123608500796, 0.10770565273962701, 0.20500216857018938, 0.24736157293624403, 0.20066502819141246, 0.07026167413618621, 0.08312852392655776, 0.04178111898221772], [0.009272960441945349, 0.030778336786031372, 0.08039854000197297, 0.1463943967643287, 0.17056328302259052, 0.2865739370622472, 0.11384038670218014, 0.12242280753674657, 0.039755351681957186], [0.008620689655172414, 0.026340996168582376, 0.08345306513409961, 0.19731800766283525, 0.2984913793103448, 0.2441331417624521, 0.06968390804597702, 0.06130268199233716, 0.010656130268199233], [0.1803921568627451, 0.12156862745098039, 0.1803921568627451, 0.23921568627450981, 0.1568627450980392, 0.047058823529411764, 0.023529411764705882, 0.050980392156862744, 0.0]]}, "ranksDetailed": {"labels": ["Unranked", "Combatatant", "Challenger", "Rival", "Duelist", "Elite"], "data": [[0.1157556270096463, 0.34726688102893893, 0.3729903536977492, 0.13183279742765272, 0.01929260450160772, 0.012861736334405145], [0.05028854080791426, 0.21558120362737015, 0.4583676834295136, 0.23206924979389942, 0.031327287716405604, 0.01236603462489695], [0.009790011350737798, 0.06356413166855845, 0.2963961407491487, 0.4374290578887628, 0.13564131668558457, 0.05717934165720772], [0.019904458598726114, 0.11212845010615712, 0.41467622080679406, 0.3508492569002123, 0.0845276008492569, 0.017914012738853503], [0.14035087719298245, 0.2982456140350877, 0.2807017543859649, 0.20175438596491227, 0.07894736842105263, 0.0], [0.010508113860069168, 0.1097366320830008, 0.4501197126895451, 0.2951582867783985, 0.09377494014365523, 0.040702314445331206], [0.06316067653276955, 0.2394291754756871, 0.4397463002114165, 0.17732558139534885, 0.04730443974630021, 0.0330338266384778], [0.2633333333333333, 0.38333333333333336, 0.24333333333333335, 0.07, 0.04, 0.0], [0.04103191371066385, 0.19937729345046146, 0.4089847659290559, 0.22995663293672858, 0.07950628266429445, 0.04114311130879573], [0.00775480059084195, 0.04615952732644018, 0.26292466765140327, 0.3537666174298375, 0.19719350073855244, 0.13220088626292467], [0.04120700843608047, 0.19695003244646334, 0.43575600259571706, 0.24205061648280338, 0.06132381570408826, 0.0227125243348475], [0.053222836095764274, 0.2990791896869245, 0.4696132596685083, 0.13738489871086557, 0.03186003683241252, 0.008839779005524863], [0.02319497732821765, 0.17003836763167074, 0.4696546913149634, 0.25636553889082664, 0.0584234391349843, 0.022322985699337286], [0.0230722525804493, 0.12956891317547056, 0.40412871888281726, 0.3190042501517911, 0.09022465088038858, 0.03400121432908318], [0.010309278350515464, 0.11925960637300843, 0.44048734770384257, 0.30904404873477037, 0.08997188378631678, 0.030927835051546393], [0.03251028806584362, 0.15596707818930042, 0.42304526748971194, 0.25349794238683127, 0.08888888888888889, 0.04609053497942387], [0.027230462696479964, 0.20854549479743192, 0.4609253929599292, 0.2136373699357981, 0.06265220278946203, 0.027009076820898828], [0.019376579612468407, 0.14860994102780117, 0.4653748946925021, 0.2783487784330244, 0.0636899747262005, 0.02459983150800337], [0.0990990990990991, 0.18018018018018017, 0.3783783783783784, 0.18018018018018017, 0.07207207207207207, 0.09009009009009009], [0.012511170688114389, 0.10200434061023873, 0.48525469168900803, 0.28967190093195455, 0.08617387973956339, 0.0243840163411209], [0.007771609833465504, 0.06233148295003965, 0.3560666137985726, 0.374781919111816, 0.14210943695479777, 0.056938937351308484], [0.01566464423607281, 0.0894649751792609, 0.34881412024269165, 0.38687258687258685, 0.12377275234418092, 0.03541092112520684], [0.021996615905245348, 0.17089678510998307, 0.5177664974619289, 0.2521150592216582, 0.0338409475465313, 0.00338409475465313], [0.009336890243902439, 0.08479420731707317, 0.2887766768292683, 0.39224466463414637, 0.17730564024390244, 0.047541920731707314], [0.010883084577114429, 0.1369195688225539, 0.5089137645107794, 0.2857587064676617, 0.047470978441127694, 0.010053897180762852], [0.013679718875502008, 0.10278614457831325, 0.46724397590361444, 0.3103664658634538, 0.08709839357429719, 0.01882530120481928], [0.007036059806508356, 0.09513339196716505, 0.4312518323072413, 0.3201407211961302, 0.09953092934623278, 0.046907065376722366], [0.06345177664974619, 0.23459028281363306, 0.42168237853517043, 0.21464829586656997, 0.046773023930384336, 0.01885424220449601], [0.046975546975546977, 0.16666666666666666, 0.44144144144144143, 0.26126126126126126, 0.059845559845559844, 0.023809523809523808], [0.029992684711046085, 0.19765910753474764, 0.5068032187271397, 0.1972201901975128, 0.05091441111923921, 0.017410387710314557], [0.017650904336456743, 0.12137720636304206, 0.3955110045761604, 0.2935280017432992, 0.10612333841795599, 0.06580954456308565], [0.013781921361978111, 0.15220916092419942, 0.4643291447101743, 0.275841102553709, 0.06951763275233076, 0.02432103769760843], [0.018528536651338922, 0.1656748715174466, 0.5297538544766026, 0.22667027319448202, 0.04855288071409251, 0.010819583446037328], [0.016842105263157894, 0.1416842105263158, 0.49326315789473685, 0.2536842105263158, 0.06610526315789474, 0.028421052631578948], [0.017598343685300208, 0.1105072463768116, 0.42339544513457555, 0.3110766045548654, 0.10248447204968944, 0.03493788819875776], [0.010409136909064623, 0.1413907763481278, 0.45236374150643344, 0.2709267023275987, 0.08312852392655776, 0.04178111898221772], [0.009272960441945349, 0.11117687678800434, 0.3169576797869192, 0.40041432376442737, 0.12242280753674657, 0.039755351681957186], [0.008620689655172414, 0.10979406130268199, 0.49580938697318006, 0.3138170498084291, 0.06130268199233716, 0.010656130268199233], [0.1803921568627451, 0.30196078431372547, 0.396078431372549, 0.07058823529411765, 0.050980392156862744, 0.0]]}}}, "eu": {"histType": {"histogram": {"labels": ["0", "100", "200", "300", "400", "500", "600", "700", "800", "900", "1000", "1100", "1200", "1300", "1400", "1500", "1600", "1700", "1800", "1900", "2000", "2100", "2200", "2300", "2400", "2500", "2600", "2700", "2800", "2900", "3000", "3100", "3200"], "data": [[0.0, 0.0, 0.004098360655737705, 0.0, 0.0, 0.00819672131147541, 0.01639344262295082, 0.01639344262295082, 0.040983606557377046, 0.045081967213114756, 0.06557377049180328, 0.06557377049180328, 0.06147540983606557, 0.11885245901639344, 0.14344262295081966, 0.11065573770491803, 0.0942622950819672, 0.0778688524590164, 0.040983606557377046, 0.028688524590163935, 0.012295081967213115, 0.020491803278688523, 0.004098360655737705, 0.004098360655737705, 0.01639344262295082, 0.004098360655737705, 0.0, 0.0, 0.0, 0.0, 0.0, 0.0, 0.0], [0.0, 0.0, 0.00044365572315882877, 0.0013309671694764862, 0.0008873114463176575, 0.003105590062111801, 0.0048802129547471165, 0.00709849157054126, 0.01730257320319432, 0.022182786157941437, 0.03194321206743567, 0.048802129547471165, 0.06388642413487133, 0.07630878438331855, 0.12067435669920142, 0.1126885536823425, 0.1512866015971606, 0.08606921029281278, 0.145075421472937, 0.04259094942324756, 0.02085181898846495, 0.021739130434782608, 0.005767524401064774, 0.0044365572315882874, 0.006654835847382431, 0.0013309671694764862, 0.0008873114463176575, 0.001774622892635315, 0.0, 0.0, 0.0, 0.0, 0.0], [0.0, 0.0, 0.0, 0.00014712373105781962, 0.00014712373105781962, 0.00014712373105781962, 0.00014712373105781962, 0.0013241135795203766, 0.002353979696925114, 0.00382521700750331, 0.008533176401353539, 0.013829630719435045, 0.018537590113285273, 0.023834044431366778, 0.04163601588936296, 0.05575989407091364, 0.1087244372517287, 0.10445784905105193, 0.2712961600706194, 0.09136383698690599, 0.06620567897601883, 0.0862145063998823, 0.030748859791084302, 0.015006620567897602, 0.03119023098425776, 0.010887156098278653, 0.005590701780197146, 0.0029424746211563924, 0.0017654847726938355, 0.0017654847726938355, 0.0016183610416360158, 0.0, 0.0], [0.0, 0.0, 0.0, 0.0001266624445851805, 0.0001266624445851805, 0.000253324889170361, 0.0008866371120962635, 0.0026599113362887903, 0.003293223559214693, 0.008106396453451552, 0.015199493350221659, 0.023685877137428753, 0.03001899936668778, 0.040025332488917036, 0.06358454718176061, 0.08359721342621912, 0.1427485750474984, 0.12324255858138063, 0.2155794806839772, 0.0876504116529449, 0.05636478784040532, 0.06143128562381254, 0.015959468017732743, 0.007219759341355288, 0.011019632678910703, 0.003546548448385054, 0.0011399620012666244, 0.00037998733375554147, 0.0011399620012666244, 0.0008866371120962635, 0.0001266624445851805, 0.0, 0.0], [0.0, 0.0, 0.0, 0.0, 0.0, 0.018018018018018018, 0.02702702702702703, 0.04504504504504504, 0.04504504504504504, 0.02702702702702703, 0.07207207207207207, 0.09009009009009009, 0.036036036036036036, 0.02702702702702703, 0.08108108108108109, 0.14414414414414414, 0.06306306306306306, 0.0990990990990991, 0.06306306306306306, 0.05405405405405406, 0.04504504504504504, 0.0, 0.018018018018018018, 0.009009009009009009, 0.02702702702702703, 0.009009009009009009, 0.0, 0.0, 0.0, 0.0, 0.0, 0.0, 0.0], [0.0, 0.0001336719689881032, 0.0001336719689881032, 0.0002673439379762064, 0.0004010159069643096, 0.0001336719689881032, 0.0004010159069643096, 0.0014703916588691352, 0.0029407833177382704, 0.005747894666488437, 0.011228445395000668, 0.018179387782382036