{"region": {"us": {"histType": {"histogram": {"labels": ["0", "100", "200", "300", "400", "500", "600", "700", "800", "900", "1000", "1100", "1200", "1300", "1400", "1500", "1600", "1700", "1800", "1900", "2000", "2100", "2200", "2300", "2400", "2500", "2600", "2700", "2800", "2900", "3000", "3100", "3200"], "data": [[0.0, 0.0, 0.004975124378109453, 0.004975124378109453, 0.004975124378109453, 0.007462686567164179, 0.01990049751243781, 0.01990049751243781, 0.04228855721393035, 0.03980099502487562, 0.08955223880597014, 0.1044776119402985, 0.10199004975124377, 0.13681592039800994, 0.11442786069651742, 0.09203980099502487, 0.06716417910447761, 0.0472636815920398, 0.03233830845771144, 0.03482587064676617, 0.012437810945273632, 0.007462686567164179, 0.007462686567164179, 0.0, 0.007462686567164179, 0.0, 0.0, 0.0, 0.0, 0.0, 0.0, 0.0, 0.0], [0.0, 0.0003287310979618672, 0.0, 0.0003287310979618672, 0.0006574621959237344, 0.0019723865877712033, 0.004930966469428008, 0.007560815253122946, 0.011834319526627219, 0.026627218934911243, 0.0381328073635766, 0.05226824457593689, 0.08284023668639054, 0.08908612754766601, 0.12491781722550953, 0.13149243918474687, 0.15154503616042078, 0.08448389217619987, 0.11308349769888232, 0.03944773175542406, 0.015450361604207758, 0.00953320184089415, 0.004273504273504274, 0.0019723865877712033, 0.0029585798816568047, 0.0009861932938856016, 0.001643655489809336, 0.0013149243918474688, 0.0003287310979618672, 0.0, 0.0, 0.0, 0.0], [0.00011048502927853276, 0.0, 0.0, 0.00022097005855706552, 0.00022097005855706552, 0.00022097005855706552, 0.00022097005855706552, 0.0005524251463926638, 0.002651640702684786, 0.00320406584907745, 0.0055242514639266375, 0.007954922108054359, 0.012484808308474201, 0.019445365153021765, 0.02607446690973373, 0.0967848856479947, 0.19301734614959673, 0.12374323279195669, 0.2791956689868523, 0.0765661252900232, 0.043752071594298975, 0.054027179317202516, 0.01966633521157883, 0.009501712517953818, 0.01557838912827312, 0.004750856258976909, 0.0027621257319633188, 0.0012153353220638603, 0.00011048502927853276, 0.00044194011711413104, 0.0, 0.0, 0.0], [0.0, 0.0, 0.0, 0.0, 0.00010563008344776593, 0.00010563008344776593, 0.0007394105841343615, 0.0017957114186120207, 0.004647723671701701, 0.007605366008239147, 0.011302418928910953, 0.013626280764761804, 0.025034329777120525, 0.03158339495088201, 0.04489278546530052, 0.056195204394211475, 0.19499313404457588, 0.13753036864899124, 0.2411534805112496, 0.08545473750924264, 0.05165311080595754, 0.05091370022182318, 0.018696524770254568, 0.006232174923418189, 0.011196788845463188, 0.002535122002746382, 0.0015844512517164888, 0.0004225203337910637, 0.0, 0.0, 0.0, 0.0, 0.0], [0.0, 0.0, 0.0, 0.0, 0.0072992700729927005, 0.0072992700729927005, 0.021897810218978103, 0.029197080291970802, 0.051094890510948905, 0.058394160583941604, 0.06569343065693431, 0.10948905109489052, 0.10218978102189781, 0.10948905109489052, 0.08759124087591241, 0.10218978102189781, 0.043795620437956206, 0.0364963503649635, 0.08029197080291971, 0.043795620437956206, 0.014598540145985401, 0.021897810218978103, 0.0072992700729927005, 0.0, 0.0, 0.0, 0.0, 0.0, 0.0, 0.0, 0.0, 0.0, 0.0], [0.0, 0.0, 0.0, 0.0, 0.0, 0.00011117287381878821, 0.0008893829905503057, 0.003668704836020011, 0.004558087826570317, 0.011673151750972763, 0.020678154530294608, 0.030906058921623125, 0.05225125069483046, 0.08360200111172873, 0.1066147859922179, 0.1292940522512507, 0.16342412451361868, 0.0952751528627015, 0.13351862145636464, 0.055586436909394105, 0.030683713173985546, 0.03857698721511951, 0.01500833796553641, 0.006559199555308505, 0.010672595886603669, 0.003224013340744858, 0.0016675931072818232, 0.0008893829905503057, 0.00044469149527515285, 0.00011117287381878821, 0.00011117287381878821, 0.0, 0.0], [0.0, 0.00024277737314882253, 0.00024277737314882253, 0.0019422189851905803, 0.0016994416120417577, 0.003641660597232338, 0.006312211701869385, 0.012867200776887595, 0.022335518329691672, 0.03374605486768633, 0.05098324836125273, 0.06846321922796796, 0.09516873027433843, 0.10827870842437484, 0.11361981063364894, 0.12381646030589949, 0.12211701869385773, 0.06749210973537266, 0.0764748725418791, 0.028162175285263415, 0.017722748239864045, 0.016994416120417577, 0.008982762806506433, 0.004612770089827628, 0.006069434328720563, 0.0031561058509346927, 0.002670551104637048, 0.0009711094925952901, 0.00048555474629764507, 0.00024277737314882253, 0.00048555474629764507, 0.0, 0.0], [0.0031746031746031746, 0.0, 0.0, 0.006349206349206349, 0.009523809523809525, 0.022222222222222223, 0.012698412698412698, 0.0380952380952381, 0.05714285714285714, 0.10476190476190476, 0.10793650793650794, 0.12380952380952381, 0.1111111111111111, 0.10476190476190476, 0.07301587301587302, 0.06349206349206349, 0.05396825396825397, 0.025396825396825397, 0.0380952380952381, 0.025396825396825397, 0.0031746031746031746, 0.0031746031746031746, 0.006349206349206349, 0.006349206349206349, 0.0, 0.0, 0.0, 0.0, 0.0, 0.0, 0.0, 0.0, 0.0], [0.0002884892778151745, 0.00019232618521011636, 0.0004808154630252909, 0.0002884892778151745, 0.0004808154630252909, 0.0012501202038657563, 0.0014424463890758727, 0.004135012982017502, 0.007789210501009712, 0.016059236465044716, 0.026156361188575825, 0.03461871333782095, 0.04336955476488124, 0.06471776132320416, 0.1538609481680931, 0.1446292912780075, 0.15059140301952112, 0.09597076641984806, 0.10587556495816905, 0.047119915376478506, 0.030772189633618618, 0.0305798634484085, 0.015578421002019425, 0.007885373593614771, 0.01000096163092605, 0.003365708241177036, 0.0015386094816809308, 0.0003846523704202327, 0.000576978555630349, 0.0, 0.0, 0.0, 0.0], [0.0, 0.0, 0.0, 0.0, 0.0007939658594680428, 0.0003969829297340214, 0.0011909487892020642, 0.0011909487892020642, 0.0015879317189360857, 0.008733624454148471, 0.011512504962286622, 0.012703453751488685, 0.021834061135371178, 0.031758634378721715, 0.05637157602223104, 0.07304485907105994, 0.09884874950377134, 0.0889241762604208, 0.18023025009924573, 0.07145692735212386, 0.0793965859468043, 0.10123064708217547, 0.04724096863834855, 0.019055180627233027, 0.051210797935688765, 0.015879317189360857, 0.0111155220325526, 0.009924573243350537, 0.00277888050813815, 0.0015879317189360857, 0.0, 0.0, 0.0], [0.0, 0.0, 0.0002639218791237794, 0.0, 0.0013196093956188968, 0.0013196093956188968, 0.0023752969121140144, 0.00395882818685669, 0.009765109527579837, 0.020849828450778568, 0.02876748482449195, 0.03747690683557667, 0.0638690947479546, 0.07732911058326736, 0.09949854842966482, 0.12325151755080496, 0.15043547110055425, 0.09316442333069412, 0.14410134600158353, 0.04882554763789918, 0.0319345473739773, 0.03167062549485352, 0.009501187648456057, 0.0055423594615993665, 0.00870942201108472, 0.002903140670361573, 0.002111375032990235, 0.0002639218791237794, 0.0005278437582475588, 0.0002639218791237794, 0.0, 0.0, 0.0], [0.0, 0.0, 0.00104675505931612, 0.00104675505931612, 0.00157013258897418, 0.003314724354501047, 0.00680390788555478, 0.010816468946266573, 0.01988834612700628, 0.03628750872295883, 0.06315422191207258, 0.07431960921144452, 0.11043265875785066, 0.11427076064200976, 0.1348569434752268, 0.12037683182135381, 0.11601535240753663, 0.06106071179344034, 0.060188415910676904, 0.02739009071877181, 0.013258897418004187, 0.010642009769713887, 0.006106071179344034, 0.004012561060711794, 0.0026168876482903, 0.00052337752965806, 0.0, 0.0, 0.0, 0.0, 0.0, 0.0, 0.0], [0.0, 0.0, 0.0, 0.0, 0.00012241400416207614, 0.0004896560166483046, 0.0019586240665932183, 0.0019586240665932183, 0.0046517321581588935, 0.005998286203941731, 0.014200024482800833, 0.025584526869873912, 0.06243114212265883, 0.0831191088260497, 0.12816746235769372, 0.12865711837434202, 0.16795201371036847, 0.10392948953360265, 0.14126576080303588, 0.04651732158158894, 0.027175908923980904, 0.028032806953115438, 0.011139674378748929, 0.0058758721997796545, 0.006243114212265883, 0.0031827641082139797, 0.0007344840249724568, 0.00012241400416207614, 0.0004896560166483046, 0.0, 0.0, 0.0, 0.0], [0.00021542438604049978, 0.0, 0.0, 0.00010771219302024989, 0.00010771219302024989, 0.00032313657906074967, 0.0025850926324859974, 0.004523912106850495, 0.010124946143903489, 0.01992675570874623, 0.03382162860835847, 0.0457776820336062, 0.06990521327014218, 0.08918569582076691, 0.10932787591555364, 0.11385178802240413, 0.14153382162860836, 0.09403274450667816, 0.11686772942697113, 0.05342524773804395, 0.02919000430848772, 0.033067643257216714, 0.011525204653166738, 0.004631624299870745, 0.008078414476518742, 0.003015941404566997, 0.0022619560534252476, 0.0008616975441619991, 0.0008616975441619991, 0.0007539853511417492, 0.00010771219302024989, 0.0, 0.0], [0.0, 0.0, 0.0, 0.0, 0.00045351473922902497, 0.00022675736961451248, 0.0009070294784580499, 0.0015873015873015873, 0.0045351473922902496, 0.006575963718820862, 0.014285714285714285, 0.02834467120181406, 0.049206349206349205, 0.0691609977324263, 0.09795918367346938, 0.11746031746031746, 0.16145124716553289, 0.11496598639455782, 0.15034013605442176, 0.06825396825396825, 0.039909297052154194, 0.03764172335600907, 0.0163265306122449, 0.005215419501133787, 0.009297052154195011, 0.0029478458049886623, 0.0011337868480725624, 0.0009070294784580499, 0.0, 0.0009070294784580499, 0.0, 0.0, 0.0], [0.0, 0.0, 0.0, 0.00035075412136092597, 0.0014030164854437039, 0.002104524728165556, 0.002455278849526482, 0.004209049456331112, 0.011925640126271484, 0.017888460189407224, 0.031217116801122415, 0.05085934759733427, 0.06699403717993686, 0.08593475973342687, 0.09680813749561558, 0.11224131883549632, 0.13609259908803928, 0.09645738337425465, 0.1146965976850228, 0.05050859347597334, 0.03472465801473167, 0.03332164152928797, 0.017537706068046298, 0.008768853034023149, 0.012977902490354262, 0.004910557699052964, 0.001052262364082778, 0.003156787092248334, 0.001052262364082778, 0.00035075412136092597, 0.0, 0.0, 0.0], [0.00021263023601956197, 0.0, 0.0006378907080586859, 0.00042526047203912394, 0.0006378907080586859, 0.001488411652136934, 0.002338932596215182, 0.006166276844567297, 0.011269402509036784, 0.020625132893897512, 0.03295768658303211, 0.04954284499255794, 0.07761003614714013, 0.09908568998511588, 0.11779715075483733, 0.12608972995960024, 0.1365086115245588, 0.0861152455879226, 0.11567084839464171, 0.04273867743993196, 0.02338932596215182, 0.024239846906230066, 0.008930469912821603, 0.004677865192430364, 0.005103125664469487, 0.0017010418881564958, 0.0012757814161173718, 0.001488411652136934, 0.00042526047203912394, 0.0008505209440782479, 0.0, 0.0, 0.0], [0.0, 0.0, 0.00013877324451845685, 0.0002775464890369137, 0.0006938662225922842, 0.0008326394671107411, 0.0016652789342214821, 0.0030530113794060504, 0.00791007493755204, 0.014709963918956424, 0.026644462947543714, 0.042464612822647796, 0.07410491257285595, 0.08784346378018318, 0.12323064113238967, 0.1273938384679434, 0.15389952817096864, 0.08798223702470163, 0.13946711074104912, 0.0395503746877602, 0.022203719122953096, 0.022203719122953096, 0.00832639467110741, 0.004718290313627533, 0.006383569247849014, 0.0016652789342214821, 0.0015265056897030252, 0.0002775464890369137, 0.00013877324451845685, 0.0006938662225922842, 0.0, 0.0, 0.0], [0.0, 0.0, 0.0, 0.00847457627118644, 0.00847457627118644, 0.01694915254237288, 0.00847457627118644, 0.01694915254237288, 0.00847457627118644, 0.07627118644067797, 0.0423728813559322, 0.0847457627118644, 0.059322033898305086, 0.06779661016949153, 0.05084745762711865, 0.1271186440677966, 0.13559322033898305, 0.0847457627118644, 0.0423728813559322, 0.025423728813559324, 0.03389830508474576, 0.00847457627118644, 0.025423728813559324, 0.0, 0.00847457627118644, 0.025423728813559324, 0.00847457627118644, 0.025423728813559324, 0.0, 0.0, 0.0, 0.0, 0.0], [0.00020535989321285552, 0.00010267994660642776, 0.0, 0.0, 0.00010267994660642776, 0.00010267994660642776, 0.00020535989321285552, 0.0011294794126707054, 0.0023616387719478387, 0.00503131738371496, 0.007906355888694937, 0.012732313379197042, 0.06663928534757162, 0.09569771023719068, 0.12414005544717117, 0.1431358455693603, 0.17486394907074648, 0.11366670089331554, 0.11664441934490194, 0.05236677276927816, 0.02618338638463908, 0.030495944142109047, 0.010267994660642776, 0.004004517917650683, 0.007187596262449944, 0.002156278878734983, 0.0013348393058835609, 0.00041071978642571105, 0.0009241195194578498, 0.0, 0.0, 0.0, 0.0], [0.0, 0.0, 0.0, 0.00013539128080151638, 0.00013539128080151638, 0.00027078256160303275, 0.0013539128080151638, 0.0006769564040075819, 0.0037909558624424585, 0.004603303547251557, 0.010018954779312212, 0.017059301380991064, 0.029650690495532088, 0.04535607906850799, 0.07229894394800974, 0.10059572163552667, 0.15881397238017872, 0.12604928242621175, 0.17871649065800163, 0.07947468183049011, 0.05564581640942323, 0.05672894665583537, 0.020579474681830492, 0.010154346060113728, 0.015976171134578932, 0.005957216355266721, 0.003113999458434877, 0.0012185215272136475, 0.0006769564040075819, 0.00027078256160303275, 0.0006769564040075819, 0.0, 0.0], [0.00018668906935498925, 9.334453467749463e-05, 0.0, 0.00018668906935498925, 0.00018668906935498925, 0.0005600672080649678, 0.0011201344161299357, 0.0036404368524222907, 0.00746756277419957, 0.014375058340334174, 0.025576402501633528, 0.033417343414543076, 0.048632502566974704, 0.06580789694763371, 0.08204984598151778, 0.0989452067581443, 0.1304956594791375, 0.11164006347428358, 0.15952580976383832, 0.07327545972183329, 0.047419023616167275, 0.04965929244842714, 0.0191356296088864, 0.009707831606459442, 0.01129468869597685, 0.0028936805750023335, 0.0015868570895174088, 0.00046672267338747315, 0.0006534117427424624, 0.0, 0.0, 0.0, 0.0], [0.0, 0.0, 0.0, 0.0016501650165016502, 0.0033003300330033004, 0.0, 0.0, 0.006600660066006601, 0.00825082508250825, 0.00825082508250825, 0.0165016501650165, 0.028052805280528052, 0.04950495049504951, 0.09735973597359736, 0.11056105610561057, 0.16831683168316833, 0.1617161716171617, 0.11716171617161716, 0.12871287128712872, 0.06105610561056106, 0.018151815181518153, 0.009900990099009901, 0.0033003300330033004, 0.0, 0.0016501650165016502, 0.0, 0.0, 0.0, 0.0, 0.0, 0.0, 0.0, 0.0], [0.0, 0.0, 0.0, 0.00016244314489928524, 0.0, 8.122157244964262e-05, 0.00024366471734892786, 0.0007309941520467836, 0.0017868745938921377, 0.004548408057179987, 0.007147498375568551, 0.013239116309291747, 0.020955165692007796, 0.04653996101364522, 0.10258284600389864, 0.11249187784275504, 0.1629304743339831, 0.10615659519168291, 0.19720597790773228, 0.07309941520467836, 0.04434697855750487, 0.06237816764132553, 0.01827485380116959, 0.005847953216374269, 0.012020792722547108, 0.003654970760233918, 0.0014619883040935672, 0.001299545159194282, 0.0004061078622482131, 0.0004061078622482131, 0.0, 0.0, 0.0], [0.00018198362147406734, 9.099181073703367e-05, 9.099181073703367e-05, 0.0, 0.00045495905368516835, 0.00045495905368516835, 0.000272975432211101, 0.0009099181073703367, 0.0011828935395814377, 0.005368516833484986, 0.009554140127388535, 0.019654231119199273, 0.034394904458598725, 0.045859872611464965, 0.06787989080982712, 0.0935395814376706, 0.2543221110100091, 0.15232029117379436, 0.17060964513193813, 0.06587807097361237, 0.030937215650591446, 0.029208371246587806, 0.00846223839854413, 0.003639672429481347, 0.003275705186533212, 0.0007279344858962694, 0.0003639672429481347, 0.0003639672429481347, 0.0, 0.0, 0.0, 0.0, 0.0], [0.00012186205215695832, 0.00012186205215695832, 0.00024372410431391665, 0.00024372410431391665, 0.0004874482086278333, 0.0009748964172556666, 0.0021935169388252497, 0.003777723616865708, 0.005971240555690958, 0.011333170850597124, 0.020838410918839874, 0.035339995125517915, 0.05288813063611991, 0.06653668047769924, 0.09164026322203266, 0.12905191323421886, 0.15951742627345844, 0.11089446746283207, 0.14111625639775774, 0.06300268096514745, 0.035949305386302706, 0.0365586156470875, 0.014867170363148916, 0.006458688764318791, 0.0062149646600048744, 0.0018279307823543748, 0.0009748964172556666, 0.0008530343650987082, 0.0, 0.0, 0.0, 0.0, 0.0], [0.0, 0.0, 0.0, 0.0, 0.00042943028914972805, 0.000286286859433152, 0.001002004008016032, 0.0014314342971657602, 0.004437446321213856, 0.0071571714858288, 0.014886916690523905, 0.0244775264815345, 0.03993701689092471, 0.06283996564557687, 0.09533352419123962, 0.12195820211852276, 0.1538791869453192, 0.09619238476953908, 0.17978814772401946, 0.0608359576295448, 0.03721729172630976, 0.04523332379043802, 0.018894932722588034, 0.007729745204695104, 0.011022044088176353, 0.005153163469796736, 0.004008016032064128, 0.0018608645863154882, 0.0015745777268823362, 0.001145147437732608, 0.001288290867449184, 0.0, 0.0], [0.0, 0.00022851919561243144, 0.00022851919561243144, 0.0004570383912248629, 0.0015996343692870202, 0.002056672760511883, 0.004341864716636197, 0.008912248628884826, 0.016453382084095063, 0.024223034734917732, 0.0443327239488117, 0.06192870201096892, 0.08340950639853748, 0.1010054844606947, 0.12819926873857404, 0.11494515539305301, 0.14625228519195613, 0.0763254113345521, 0.10443327239488116, 0.028107861060329066, 0.018281535648994516, 0.020795246800731262, 0.003656307129798903, 0.0022851919561243145, 0.005027422303473492, 0.0013711151736745886, 0.0004570383912248629, 0.0004570383912248629, 0.00022851919561243144, 0.0, 0.0, 0.0, 0.0], [0.0, 0.0, 0.0004906771344455348, 0.0014720314033366045, 0.0024533856722276743, 0.001962708537782139, 0.003925417075564278, 0.012757605495583905, 0.01324828263002944, 0.014720314033366046, 0.033366045142296366, 0.04612365063788027, 0.06329735034347399, 0.08194308145240432, 0.11138370951913641, 0.10647693817468105, 0.1589793915603533, 0.09568204121687929, 0.12315996074582924, 0.04416094210009813, 0.026987242394504417, 0.02453385672227674, 0.014720314033366046, 0.006378802747791953, 0.0068694798822374874, 0.0034347399411187437, 0.0004906771344455348, 0.0009813542688910696, 0.0, 0.0, 0.0, 0.0, 0.0], [0.0002489110143123833, 0.0, 0.0, 0.00012445550715619165, 0.0008711885500933416, 0.0013690105787181083, 0.003360298693217175, 0.006969508400746733, 0.011449906658369632, 0.020659614187927815, 0.03397635345364032, 0.05202240199128812, 0.07641568139390167, 0.10280024891101432, 0.13851897946484132, 0.13827006845052894, 0.13229620410703175, 0.08288736776602365, 0.09334163036714374, 0.03721219663970131, 0.020784069695084006, 0.022650902302426883, 0.008711885500933417, 0.005227131300560049, 0.00672059738643435, 0.0013690105787181083, 0.000373366521468575, 0.0008711885500933416, 0.0, 0.000373366521468575, 0.00012445550715619165, 0.0, 0.0], [0.0, 0.0, 0.0, 0.0005021760964178105, 0.00016739203213927018, 0.0008369601606963508, 0.002008704385671242, 0.002678272514228323, 0.0077000334784064275, 0.011550050217609641, 0.02259792433880147, 0.02996317375292936, 0.05875460328088383, 0.08269166387679946, 0.09959825912286575, 0.11851355875460329, 0.14563106796116504, 0.095413458319384, 0.136926682289923, 0.05507197857381989, 0.036156678942082354, 0.0398393036491463, 0.016069635085369936, 0.007365249414127887, 0.013056578506863073, 0.006193505189152996, 0.005189152996317376, 0.002343488449949782, 0.0013391362571141614, 0.001171744224974891, 0.0006695681285570807, 0.0, 0.0], [0.0, 0.00019409937888198756, 0.0, 0.00019409937888198756, 0.0005822981366459627, 0.0007763975155279503, 0.0019409937888198758, 0.002329192546583851, 0.006211180124223602, 0.01688664596273292, 0.026785714285714284, 0.04173136645962733, 0.0625, 0.08520962732919254, 0.11277173913043478, 0.12422360248447205, 0.14945652173913043, 0.09627329192546584, 0.1341226708074534, 0.051048136645962736, 0.03125, 0.025815217391304348, 0.010675465838509316, 0.003687888198757764, 0.005822981366459627, 0.002717391304347826, 0.003299689440993789, 0.001358695652173913, 0.0015527950310559005, 0.0005822981366459627, 0.0, 0.0, 0.0], [0.00010854227721697601, 0.00010854227721697601, 0.00010854227721697601, 0.0, 0.00010854227721697601, 0.0009768804949527841, 0.000759795940518832, 0.0023879300987734724, 0.003147726039292304, 0.005861282969716704, 0.025941604254857267, 0.05003798979702594, 0.07977857375447737, 0.10919353088027786, 0.13274720503636167, 0.1429501790947574, 0.1561923369152285, 0.09258656246608053, 0.10105286008900467, 0.04428524910452621, 0.02149137088896125, 0.015630087919244546, 0.0081406707912732, 0.0026050146532074245, 0.0022793878215564964, 0.0008683382177358081, 0.00021708455443395202, 0.00032562683165092806, 0.00010854227721697601, 0.0, 0.0, 0.0, 0.0], [0.0, 0.0, 0.0, 0.00018758206715438003, 0.0005627462014631402, 0.0009379103357719002, 0.0015006565372350403, 0.0026261489401613208, 0.0061902082160945416, 0.010879759894954042, 0.024010504595760644, 0.03601575689364097, 0.06846745451134871, 0.0958544363158882, 0.12549240292628025, 0.14049896829863065, 0.157944100543988, 0.10166948039767398, 0.10410804727068092, 0.04295629337835303, 0.027762145938848248, 0.022134683924216844, 0.012192834365034703, 0.003751641343087601, 0.007878446820483961, 0.0028137310073157004, 0.0016882386043894203, 0.00037516413430876007, 0.0011254924029262803, 0.00018758206715438003, 0.00018758206715438003, 0.0, 0.0], [0.0, 0.0, 0.0, 0.00019630938358853554, 0.00019630938358853554, 0.0013741656851197488, 0.0013741656851197488, 0.002552021986650962, 0.0043188064389477815, 0.005692972124067531, 0.013937966234786024, 0.021397722811150374, 0.0386729485669415, 0.05928543384373773, 0.09678052610914802, 0.1193561052218296, 0.16117000392618766, 0.1111111111111111, 0.17589320769532785, 0.066352571652925, 0.036120926580290535, 0.04063604240282685, 0.017471535139379664, 0.008048684727129957, 0.010208087946603848, 0.005496662740478995, 0.0015704750687082843, 0.00039261876717707107, 0.00019630938358853554, 0.00019630938358853554, 0.0, 0.0, 0.0], [0.0, 0.0, 0.00012353304508956145, 0.0, 0.0002470660901791229, 0.0003705991352686844, 0.0007411982705373688, 0.0030883261272390363, 0.0033353922174181594, 0.010376775787523163, 0.018406423718344656, 0.03570105003088326, 0.05991352686843731, 0.09351451513279803, 0.11587399629400864, 0.1260037059913527, 0.14564546016059296, 0.08980852378011119, 0.14268066707844348, 0.04620135886349599, 0.03150092649783817, 0.03211859172328598, 0.018282890673255097, 0.0067943174799258805, 0.012476837554045708, 0.002717726991970352, 0.0024706609017912293, 0.001358863495985176, 0.00012353304508956145, 0.00012353304508956145, 0.0, 0.0, 0.0], [0.0, 0.0, 8.507742045261188e-05, 0.0, 8.507742045261188e-05, 8.507742045261188e-05, 0.00025523226135783564, 0.0008507742045261188, 0.0017866258295048494, 0.004764335545346265, 0.008677896886166412, 0.016505019567806704, 0.02816062616981453, 0.03624298111281266, 0.05461970393057682, 0.07920707844138165, 0.2033350348817424, 0.12880721456525437, 0.2221371448017696, 0.08252509783903351, 0.044750723158073845, 0.05206738131699847, 0.013697464692870512, 0.005359877488514548, 0.009188361408882083, 0.0030627871362940277, 0.0017015484090522376, 0.000680619363620895, 0.0007656967840735069, 0.0005955419431682832, 0.0, 0.0, 0.0], [0.0, 0.0, 0.0, 0.00011332728921124207, 0.0003399818676337262, 0.0005666364460562103, 0.0009066183136899365, 0.0026065276518585675, 0.005666364460562103, 0.010086128739800544, 0.015639165911151404, 0.02901178603807797, 0.04952402538531278, 0.07173617407071622, 0.10630099728014505, 0.13315956482320943, 0.17203082502266545, 0.11264732547597461, 0.16307796917497733, 0.05213055303717135, 0.0264052583862194, 0.030938349954669084, 0.00827289211242067, 0.003173164097914778, 0.0029465095194922937, 0.0006799637352674524, 0.0007932910244786945, 0.0007932910244786945, 0.00045330915684496827, 0.0, 0.0, 0.0, 0.0], [0.0, 0.0037593984962406013, 0.0, 0.0037593984962406013, 0.0037593984962406013, 0.018796992481203006, 0.02631578947368421, 0.045112781954887216, 0.07142857142857142, 0.045112781954887216, 0.03759398496240601, 0.07894736842105263, 0.06390977443609022, 0.12781954887218044, 0.12030075187969924, 0.10902255639097744, 0.08646616541353383, 0.04887218045112782, 0.045112781954887216, 0.015037593984962405, 0.011278195488721804, 0.018796992481203006, 0.0037593984962406013, 0.015037593984962405, 0.0, 0.0, 0.0, 0.0, 0.0, 0.0, 0.0, 0.0, 0.0]]}, "ranks": {"labels": ["Unranked", "Combatatent I", "Combatatent II", "Challenger I", "Challenger II", "Rival I", "Rival II", "Duelist", "Elite"], "data": [[0.14427860696517414, 0.19402985074626866, 0.23880597014925373, 0.2064676616915423, 0.11442786069651742, 0.05970149253731343, 0.01990049751243781, 0.014925373134328358, 0.007462686567164179], [0.054240631163708086, 0.09040105193951348, 0.17192636423405655, 0.2564102564102564, 0.23602892833662065, 0.13576594345825116, 0.032215647600262985, 0.015779092702169626, 0.007232084155161078], [0.0074024969616616944, 0.013479173571980996, 0.031930173461495966, 0.12285935255772842, 0.3167605789415534, 0.31996464479063086, 0.07954922108054359, 0.08319522704673517, 0.02485913158766987], [0.01499947184958276, 0.024928699693672757, 0.056617724728002534, 0.10108798985951199, 0.3325235026935671, 0.2898489489806697, 0.08841237984578008, 0.07584239991549593, 0.015738882433717124], [0.17518248175182483, 0.17518248175182483, 0.2116788321167883, 0.1897810218978102, 0.08029197080291971, 0.11678832116788321, 0.021897810218978103, 0.029197080291970802, 0.0], [0.020900500277932183, 0.05158421345191773, 0.1358532518065592, 0.2359088382434686, 0.2586992773763202, 0.1650917176209005, 0.0546970539188438, 0.060144524735964426, 0.017120622568093387], [0.08302986161689731, 0.11944646758922069, 0.2034474386987133, 0.23743627093954844, 0.1896091284292304, 0.09371206603544549, 0.02864773003156106, 0.03058994901675164, 0.014081087642631707], [0.25396825396825395, 0.23174603174603176, 0.21587301587301588, 0.1365079365079365, 0.07936507936507936, 0.047619047619047616, 0.01904761904761905, 0.015873015873015872, 0.0], [0.03240696220790461, 0.06077507452639677, 0.10808731608808539, 0.2984902394461006, 0.24656216943936918, 0.13328204635061064, 0.050485623617655545, 0.054043658044042694, 0.015866910279834598], [0.013894402540690751, 0.02421595871377531, 0.053592695514092896, 0.12941643509329098, 0.18777292576419213, 0.21556173084557365, 0.11552203255260024, 0.16752679634775705, 0.09249702262802699], [0.03985220374769068, 0.06624439166006862, 0.14119820533122196, 0.22275006598046979, 0.24359989443124835, 0.17313275270519926, 0.05172868830826075, 0.04671417260490895, 0.014779625230931645], [0.08077459874389394, 0.1374738311235171, 0.22470341939986044, 0.2552337752965806, 0.17707606420097696, 0.07431960921144452, 0.026517794836008374, 0.020760642009769716, 0.00314026517794836], [0.01517933651609744, 0.039784551352674745, 0.14555025094870852, 0.25682458073203573, 0.2718815032439711, 0.1667278736687477, 0.048231117639858, 0.04504835353164402, 0.010772432366262701], [0.037914691943127965, 0.07959931064196467, 0.1590909090909091, 0.22317966393795777, 0.2355665661352865, 0.1463808703145196, 0.053102111158983195, 0.0492244722102542, 0.015941404566996983], [0.014285714285714285, 0.042630385487528344, 0.11836734693877551, 0.21541950113378686, 0.2764172335600907, 0.19047619047619047, 0.06802721088435375, 0.05918367346938776, 0.015192743764172336], [0.04033672395650649, 0.08207646439845669, 0.15292879691336372, 0.20904945633111188, 0.23254998246229394, 0.14240617327253596, 0.057523675903191865, 0.05962820063135742, 0.02350052613118204], [0.04380182862002977, 0.08250053157559005, 0.176695726132256, 0.2438868807144376, 0.2226238571124814, 0.14182436742504784, 0.03997448437167765, 0.03784818201148203, 0.010844142036997661], [0.029281154593394393, 0.06910907577019151, 0.16194837635303913, 0.25062447960033307, 0.24188176519567028, 0.16250346933111295, 0.03871773522064946, 0.035248404107688036, 0.010685539827921177], [0.1440677966101695, 0.1271186440677966, 0.1271186440677966, 0.17796610169491525, 0.22033898305084745, 0.05084745762711865, 0.05084745762711865, 0.03389830508474576, 0.06779661016949153], [0.009241195194578498, 0.02063866926789198, 0.1623369955847623, 0.2672759010165315, 0.288530649964062, 0.14652428380737242, 0.048670294691446764, 0.04476845672040251, 0.012013553752952048], [0.010966693744922826, 0.027078256160303276, 0.07500676956404008, 0.17289466558353642, 0.28486325480639046, 0.22298943948009747, 0.09084754941781749, 0.08746276739777958, 0.027890603845112376], [0.0278166713338934, 0.05899374591617661, 0.11444039951460842, 0.1809950527396621, 0.2421357229534211, 0.1981704471203211, 0.08204984598151778, 0.07850275366377299, 0.01689536077662653], [0.028052805280528052, 0.04455445544554455, 0.14686468646864687, 0.27887788778877887, 0.27887788778877887, 0.16831683168316833, 0.039603960396039604, 0.013201320132013201, 0.0016501650165016502], [0.007553606237816764, 0.020386614684860298, 0.06749512670565302, 0.21507472384665366, 0.269087069525666, 0.23887264457439897, 0.07577972709551657, 0.0865009746588694, 0.0192495126705653], [0.009008189262966333, 0.029208371246587806, 0.08025477707006369, 0.16141947224749773, 0.40664240218380343, 0.20655141037306643, 0.06087352138307552, 0.041310282074613285, 0.004731574158325751], [0.02546916890080429, 0.05617840604435779, 0.11942481111381915, 0.22069217645625153, 0.27041189373629054, 0.17706556178406044, 0.06300268096514745, 0.0578844747745552, 0.009870826224713624], [0.014743773260807329, 0.0393644431720584, 0.10277698253650157, 0.21729172630976237, 0.2500715717148583, 0.21328371027769824, 0.06455768680217577, 0.07185800171772115, 0.026052104208416832], [0.05850091407678245, 0.10626142595978062, 0.1844149908592322, 0.24314442413162707, 0.22257769652650822, 0.12111517367458867, 0.029707495429616086, 0.02673674588665448, 0.007541133455210238], [0.05103042198233562, 0.07948969578017664, 0.1452404317958783, 0.21786064769381747, 0.2546614327772326, 0.1506378802747792, 0.0436702649656526, 0.04563297350343474, 0.011776251226692836], [0.04505289359054138, 0.08599875544492844, 0.179215930304916, 0.27678904791537023, 0.2151835718730554, 0.11474797759800871, 0.03658991910392035, 0.03658991910392035, 0.009831985065339142], [0.025443588885169066, 0.05256109809173083, 0.1414462671576833, 0.21811181787746903, 0.24104452628054904, 0.16622028791429527, 0.061935051891529966, 0.06327418814864412, 0.02996317375292936], [0.029114906832298136, 0.06851708074534162, 0.14770962732919254, 0.23699534161490685, 0.24572981366459629, 0.16459627329192547, 0.05182453416149068, 0.04017857142857143, 0.015333850931677018], [0.013567784652122002, 0.0759795940518832, 0.18897210463475525, 0.27569738413111905, 0.248778899381309, 0.12601758384890915, 0.04081189623358298, 0.02637577336372517, 0.0037989797025941604], [0.022885012192834366, 0.060026261489401614, 0.16432189082723692, 0.2659913712249109, 0.259613580941662, 0.12811855186644155, 0.04670793472144063, 0.03807915963233915, 0.014256237103732883], [0.015704750687082842, 0.0353356890459364, 0.09795838241067924, 0.21613663133097763, 0.2722811150372988, 0.21299568119356105, 0.06537102473498234, 0.06615626226933648, 0.018060463290145268], [0.018282890673255097, 0.05410747374922792, 0.15342804200123533, 0.24187770228536135, 0.23545398394070413, 0.16973440395305744, 0.0506485484867202, 0.05719579987646695, 0.019271155033971588], [0.007912200102092905, 0.025182916453973116, 0.06440360728262719, 0.13382678237195847, 0.3321422494469968, 0.2658669389144121, 0.08354602688446486, 0.07112472349838353, 0.015994555045091032], [0.02028558476881233, 0.04465095194922938, 0.121260199456029, 0.23946056210335448, 0.2846781504986401, 0.19220308250226656, 0.04941069809610154, 0.04238440616500453, 0.005666364460562103], [0.21804511278195488, 0.11654135338345864, 0.19172932330827067, 0.22932330827067668, 0.13533834586466165, 0.04887218045112782, 0.022556390977443608, 0.03759398496240601, 0.0]]}, "ranksDetailed": {"labels": ["Unranked", "Combatatant", "Challenger", "Rival", "Duelist", "Elite"], "data": [[0.14427860696517414, 0.43283582089552236, 0.3208955223880597, 0.07960199004975124, 0.014925373134328358, 0.007462686567164179], [0.054240631163708086, 0.26232741617357, 0.49243918474687703, 0.16798159105851412, 0.015779092702169626, 0.007232084155161078], [0.0074024969616616944, 0.04540934703347697, 0.43961993149928186, 0.39951386587117443, 0.08319522704673517, 0.02485913158766987], [0.01499947184958276, 0.0815464244216753, 0.4336114925530791, 0.37826132882644975, 0.07584239991549593, 0.015738882433717124], [0.17518248175182483, 0.38686131386861317, 0.27007299270072993, 0.1386861313868613, 0.029197080291970802, 0.0], [0.020900500277932183, 0.18743746525847693, 0.4946081156197888, 0.2197887715397443, 0.060144524735964426, 0.017120622568093387], [0.08302986161689731, 0.32289390628793396, 0.42704539936877883, 0.12235979606700656, 0.03058994901675164, 0.014081087642631707], [0.25396825396825395, 0.44761904761904764, 0.21587301587301588, 0.06666666666666667, 0.015873015873015872, 0.0], [0.03240696220790461, 0.16886239061448216, 0.5450524088854698, 0.18376766996826618, 0.054043658044042694, 0.015866910279834598], [0.013894402540690751, 0.0778086542278682, 0.3171893608574831, 0.33108376339817386, 0.16752679634775705, 0.09249702262802699], [0.03985220374769068, 0.20744259699129058, 0.4663499604117181, 0.22486144101346, 0.04671417260490895, 0.014779625230931645], [0.08077459874389394, 0.3621772505233775, 0.4323098394975576, 0.1008374040474529, 0.020760642009769716, 0.00314026517794836], [0.01517933651609744, 0.18533480230138327, 0.5287060839760068, 0.2149589913086057, 0.04504835353164402, 0.010772432366262701], [0.037914691943127965, 0.23869021973287377, 0.4587462300732443, 0.1994829814735028, 0.0492244722102542, 0.015941404566996983], [0.014285714285714285, 0.16099773242630386, 0.49183673469387756, 0.2585034013605442, 0.05918367346938776, 0.015192743764172336], [0.04033672395650649, 0.23500526131182042, 0.4415994387934058, 0.19992984917572781, 0.05962820063135742, 0.02350052613118204], [0.04380182862002977, 0.25919625770784605, 0.466510737826919, 0.1817988517967255, 0.03784818201148203, 0.010844142036997661], [0.029281154593394393, 0.23105745212323064, 0.49250624479600336, 0.20122120455176243, 0.035248404107688036, 0.010685539827921177], [0.1440677966101695, 0.2542372881355932, 0.3983050847457627, 0.1016949152542373, 0.03389830508474576, 0.06779661016949153], [0.009241195194578498, 0.18297566485265426, 0.5558065509805935, 0.1951945784988192, 0.04476845672040251, 0.012013553752952048], [0.010966693744922826, 0.10208502572434336, 0.4577579203899269, 0.31383698889791495, 0.08746276739777958, 0.027890603845112376], [0.0278166713338934, 0.17343414543078503, 0.42313077569308316, 0.2802202931018389, 0.07850275366377299, 0.01689536077662653], [0.028052805280528052, 0.19141914191419143, 0.5577557755775577, 0.2079207920792079, 0.013201320132013201, 0.0016501650165016502], [0.007553606237816764, 0.08788174139051332, 0.4841617933723197, 0.31465237166991555, 0.0865009746588694, 0.0192495126705653], [0.009008189262966333, 0.1094631483166515, 0.5680618744313012, 0.26742493175614196, 0.041310282074613285, 0.004731574158325751], [0.02546916890080429, 0.17560321715817695, 0.49110407019254204, 0.2400682427492079, 0.0578844747745552, 0.009870826224713624], [0.014743773260807329, 0.14214142570855998, 0.4673632980246207, 0.27784139707987404, 0.07185800171772115, 0.026052104208416832], [0.05850091407678245, 0.2906764168190128, 0.4657221206581353, 0.15082266910420475, 0.02673674588665448, 0.007541133455210238], [0.05103042198233562, 0.22473012757605496, 0.47252208047105004, 0.1943081452404318, 0.04563297350343474, 0.011776251226692836], [0.04505289359054138, 0.2652146857498444, 0.49197261978842566, 0.15133789670192907, 0.03658991910392035, 0.009831985065339142], [0.025443588885169066, 0.19400736524941412, 0.4591563441580181, 0.22815533980582525, 0.06327418814864412, 0.02996317375292936], [0.029114906832298136, 0.21622670807453417, 0.4827251552795031, 0.21642080745341616, 0.04017857142857143, 0.015333850931677018], [0.013567784652122002, 0.2649516986866384, 0.5244762835124281, 0.16682948008249213, 0.02637577336372517, 0.0037989797025941604], [0.022885012192834366, 0.22434815231663852, 0.5256049521665729, 0.1748264865878822, 0.03807915963233915, 0.014256237103732883], [0.015704750687082842, 0.13329407145661562, 0.4884177463682764, 0.2783667059285434, 0.06615626226933648, 0.018060463290145268], [0.018282890673255097, 0.20753551575046325, 0.4773316862260655, 0.22038295243977765, 0.05719579987646695, 0.019271155033971588], [0.007912200102092905, 0.08958652373660031, 0.46596903181895527, 0.349412965798877, 0.07112472349838353, 0.015994555045091032], [0.02028558476881233, 0.1659111514052584, 0.5241387126019945, 0.24161378059836808, 0.04238440616500453, 0.005666364460562103], [0.21804511278195488, 0.3082706766917293, 0.36466165413533835, 0.07142857142857142, 0.03759398496240601, 0.0]]}}}, "eu": {"histType": {"histogram": {"labels": ["0", "100", "200", "300", "400", "500", "600", "700", "800", "900", "1000", "1100", "1200", "1300", "1400", "1500", "1600", "1700", "1800", "1900", "2000", "2100", "2200", "2300", "2400", "2500", "2600", "2700", "2800", "2900", "3000", "3100", "3200"], "data": [[0.0, 0.0, 0.0031446540880503146, 0.0, 0.0, 0.006289308176100629, 0.015723270440251572, 0.0220125786163522, 0.059748427672955975, 0.08490566037735849, 0.07861635220125786, 0.09119496855345911, 0.0660377358490566, 0.1289308176100629, 0.1320754716981132, 0.10062893081761007, 0.08176100628930817, 0.04716981132075472, 0.03459119496855346, 0.025157232704402517, 0.009433962264150943, 0.009433962264150943, 0.0031446540880503146, 0.0, 0.0, 0.0, 0.0, 0.0, 0.0, 0.0, 0.0, 0.0, 0.0], [0.00035236081747709656, 0.0, 0.0007047216349541931, 0.0007047216349541931, 0.0010570824524312897, 0.004228329809725159, 0.006342494714587738, 0.010570824524312896, 0.021846370683579985, 0.031007751937984496, 0.039112050739957716, 0.06201550387596899, 0.07998590556730091, 0.1011275546159267, 0.13107822410147993, 0.13072586328400282, 0.1430584918957012, 0.0715292459478506, 0.09830866807610994, 0.026779422128259338, 0.015503875968992248, 0.010923185341789992, 0.005990133897110641, 0.0028188865398167725, 0.0028188865398167725, 0.0007047216349541931, 0.0007047216349541931, 0.0, 0.0, 0.0, 0.0, 0.0, 0.0], [0.0, 0.0, 0.0, 0.00011107408641563923, 0.00011107408641563923, 0.00011107408641563923, 0.00011107408641563923, 0.000999666777740753, 0.0017771853826502276, 0.002554703987559702, 0.00577585249361324, 0.009552371431744974, 0.01288459402421415, 0.01588359435743641, 0.06575585915805843, 0.12551371764967234, 0.1891591691658336, 0.1166277907364212, 0.24758413862045986, 0.07019882261468399, 0.04376319004776186, 0.046873264467399756, 0.017549705653670998, 0.008330556481172943, 0.010774186382317006, 0.003998667110963012, 0.0021104076418971456, 0.0012218149505720316, 0.0003332222592469177, 0.0003332222592469177, 0.0, 0.0, 0.0], [0.0, 0.0, 0.0, 0.00010095911155981827, 0.00010095911155981827, 0.00020191822311963655, 0.0007067137809187279, 0.0019182231196365471, 0.002523977788995457, 0.005754669358909641, 0.011408379606259464, 0.0176678445229682, 0.02170620898536093, 0.028369510348308934, 0.04482584553255931, 0.05845532559313478, 0.22170620898536092, 0.14558303886925794, 0.21968702675416457, 0.08662291771832407, 0.045330641090358406, 0.04957092377587077, 0.014336193841494194, 0.007269056032306916, 0.011206461383139828, 0.00292781423523473, 0.0007067137809187279, 0.0007067137809187279, 0.00030287733467945484, 0.00030287733467945484, 0.0, 0.0, 0.0], [0.0, 0.0, 0.0, 0.0, 0.0, 0.022900763358778626, 0.022900763358778626, 0.061068702290076333, 0.06870229007633588, 0.05343511450381679, 0.061068702290076333, 0.10687022900763359, 0.07633587786259542, 0.04580152671755725, 0.06870229007633588, 0.13740458015267176, 0.007633587786259542, 0.10687022900763359, 0.030534351145038167, 0.04580152671755725, 0.04580152671755725, 0.0, 0.007633587786259542, 0.007633587786259542, 0.022900763358778626, 0.0, 0.0, 0.0, 0.0, 0.0, 0.0, 0.0, 0.0], [0.0, 0.00011150758251561107, 0.00011150758251561107, 0.00022301516503122213, 0.00044603033006244426, 0.00022301516503122213, 0.0017841213202497