{"region": {"us": {"histType": {"histogram": {"labels": ["0", "100", "200", "300", "400", "500", "600", "700", "800", "900", "1000", "1100", "1200", "1300", "1400", "1500", "1600", "1700", "1800", "1900", "2000", "2100", "2200", "2300", "2400", "2500", "2600", "2700", "2800", "2900", "3000", "3100"], "data": [[0.0, 0.0, 0.0, 0.007352941176470588, 0.007352941176470588, 0.007352941176470588, 0.022058823529411766, 0.029411764705882353, 0.07352941176470588, 0.051470588235294115, 0.058823529411764705, 0.10294117647058823, 0.09558823529411764, 0.16911764705882354, 0.08823529411764706, 0.08088235294117647, 0.058823529411764705, 0.04411764705882353, 0.029411764705882353, 0.0661764705882353, 0.007352941176470588, 0.0, 0.0, 0.0, 0.0, 0.0, 0.0, 0.0, 0.0, 0.0, 0.0, 0.0], [0.0, 0.0015961691939345571, 0.0, 0.0007980845969672786, 0.0015961691939345571, 0.0015961691939345571, 0.0039904229848363925, 0.011971268954509178, 0.01675977653631285, 0.03750997605746209, 0.05826017557861133, 0.06624102154828412, 0.09976057462090981, 0.10135674381484437, 0.1516360734237829, 0.12769353551476456, 0.11811652035115722, 0.0670391061452514, 0.07501995211492418, 0.020750199521149242, 0.013567438148443736, 0.012769353551476457, 0.007182761372705506, 0.0015961691939345571, 0.0031923383878691143, 0.0, 0.0, 0.0, 0.0, 0.0, 0.0, 0.0], [0.0, 0.00024715768660405336, 0.00024715768660405336, 0.00024715768660405336, 0.0004943153732081067, 0.0007414730598121602, 0.0009886307464162135, 0.001977261492832427, 0.007414730598121601, 0.009639149777558082, 0.01606524962926347, 0.025210084033613446, 0.04152249134948097, 0.061542263964409295, 0.07538309441423628, 0.10108749382105783, 0.1421156697973307, 0.09985170538803757, 0.18116658428077112, 0.06722689075630252, 0.042511122095897184, 0.0620365793376174, 0.02422145328719723, 0.009639149777558082, 0.019278299555116164, 0.005190311418685121, 0.003954522985664854, 0.0, 0.0, 0.0, 0.0, 0.0], [0.0, 0.0002089427496865859, 0.0, 0.0, 0.0002089427496865859, 0.0008357709987463436, 0.0029251984956122023, 0.004178854993731718, 0.010447137484329294, 0.024655244463017135, 0.032177183451734225, 0.037191809444212284, 0.06936899289594652, 0.09047221061429168, 0.1182615963226076, 0.12766402005850397, 0.1610948600083577, 0.09381529460927705, 0.11638111157542834, 0.0442958629335562, 0.02486418721270372, 0.021938988717091518, 0.009402423735896365, 0.004178854993731718, 0.0035520267446719597, 0.0010447137484329294, 0.0008357709987463436, 0.0, 0.0, 0.0, 0.0, 0.0], [0.0, 0.0, 0.0, 0.0, 0.0, 0.0, 0.0, 0.0851063829787234, 0.0851063829787234, 0.0851063829787234, 0.0425531914893617, 0.0851063829787234, 0.0851063829787234, 0.1276595744680851, 0.02127659574468085, 0.0, 0.06382978723404255, 0.06382978723404255, 0.06382978723404255, 0.10638297872340426, 0.0425531914893617, 0.02127659574468085, 0.0, 0.02127659574468085, 0.0, 0.0, 0.0, 0.0, 0.0, 0.0, 0.0, 0.0], [0.0, 0.0, 0.0, 0.0, 0.0, 0.0, 0.0003590664272890485, 0.003231597845601436, 0.003052064631956912, 0.010771992818671455, 0.0177737881508079, 0.029802513464991024, 0.05583482944344704, 0.09138240574506283, 0.11759425493716337, 0.12764811490125674, 0.14847396768402155, 0.09874326750448834, 0.11759425493716337, 0.05511669658886894, 0.03321364452423698, 0.04560143626570916, 0.015798922800718134, 0.006463195691202872, 0.012567324955116697, 0.0052064631956912025, 0.0034111310592459605, 0.0003590664272890485, 0.0, 0.0, 0.0, 0.0], [0.000501002004008016, 0.000501002004008016, 0.0, 0.001503006012024048, 0.001503006012024048, 0.002004008016032064, 0.004008016032064128, 0.011022044088176353, 0.02404809619238477, 0.03507014028056112, 0.05861723446893788, 0.06362725450901803, 0.10070140280561123, 0.12324649298597194, 0.13827655310621242, 0.10470941883767534, 0.1092184368737475, 0.06312625250501001, 0.05661322645290581, 0.033066132264529056, 0.016533066132264528, 0.017034068136272545, 0.009519038076152305, 0.0070140280561122245, 0.012525050100200401, 0.004008016032064128, 0.002004008016032064, 0.0, 0.0, 0.0, 0.0, 0.0], [0.0, 0.0, 0.008130081300813009, 0.016260162601626018, 0.016260162601626018, 0.008130081300813009, 0.032520325203252036, 0.08130081300813008, 0.10569105691056911, 0.11382113821138211, 0.10569105691056911, 0.13008130081300814, 0.11382113821138211, 0.08943089430894309, 0.04065040650406504, 0.04065040650406504, 0.024390243902439025, 0.024390243902439025, 0.024390243902439025, 0.024390243902439025, 0.0, 0.0, 0.0, 0.0, 0.0, 0.0, 0.0, 0.0, 0.0, 0.0, 0.0, 0.0], [0.0003713330857779428, 0.0003713330857779428, 0.000928332714444857, 0.0007426661715558856, 0.0014853323431117712, 0.0031563312291125138, 0.004455997029335313, 0.01058299294467137, 0.02098031934645377, 0.04771630152246565, 0.0727812848124768, 0.10081693278871147, 0.11325659116227256, 0.12866691422205717, 0.13423691050872633, 0.09784626810248793, 0.0831786112142592, 0.049572966951355366, 0.05161529892313405, 0.025621982918678055, 0.01726698848867434, 0.016338655774229483, 0.010211659858893428, 0.0029706646862235424, 0.004084663943557371, 0.0005569996286669142, 0.0001856665428889714, 0.0, 0.0, 0.0, 0.0, 0.0], [0.0, 0.0, 0.0004828585224529213, 0.0, 0.0014485755673587638, 0.0014485755673587638, 0.004828585224529213, 0.006277160791887977, 0.01496861419604056, 0.02607436021245775, 0.03380009657170449, 0.04732013520038629, 0.07822308063737325, 0.10188314823756639, 0.12409464027040078, 0.13037180106228874, 0.15982617093191695, 0.07629164654756157, 0.10333172380492515, 0.03476581361661033, 0.014002897151134718, 0.021245774987928536, 0.008691453404152583, 0.006277160791887977, 0.00386286817962337, 0.0004828585224529213, 0.0, 0.0, 0.0, 0.0, 0.0, 0.0], [0.0, 0.0, 0.0008201202843083652, 0.0010934937124111536, 0.0016402405686167304, 0.0030071077091306723, 0.007654455986878075, 0.01038819026790596, 0.0188627665390924, 0.037452159650082015, 0.0754510661563696, 0.08447238928376162, 0.10552214324767632, 0.11755057408419901, 0.14707490431930018, 0.11372334609075997, 0.09513395297977037, 0.0541279387643521, 0.05358119190814653, 0.028157463094587207, 0.015855658829961726, 0.013942044833242209, 0.0065609622744669215, 0.0032804811372334607, 0.0032804811372334607, 0.001366867140513942, 0.0, 0.0, 0.0, 0.0, 0.0, 0.0], [0.0, 0.0, 0.0, 0.0, 0.00026171159382360636, 0.0010468463752944255, 0.003140539125883277, 0.00654278984559016, 0.010730175346767862, 0.0164878304108872, 0.03716304632295211, 0.05208060717089767, 0.07092384192619733, 0.09055221146296781, 0.13739858675739336, 0.11724679403297567, 0.1517927244176917, 0.09212248102590945, 0.10520806071708977, 0.04213556660560063, 0.023292331850300968, 0.021460350693535725, 0.008374771002355404, 0.006281078251766554, 0.004449097095001309, 0.0013085579691180318, 0.0, 0.0, 0.0, 0.0, 0.0, 0.0], [0.00023607176581680832, 0.0, 0.0, 0.00047214353163361664, 0.00047214353163361664, 0.0011803588290840415, 0.0028328611898017, 0.005901794145420208, 0.01392823418319169, 0.03163361661945231, 0.05547686496694995, 0.06350330500472144, 0.08498583569405099, 0.11331444759206799, 0.14117091595845138, 0.12629839471199245, 0.13739376770538245, 0.07577903682719547, 0.07058545797922569, 0.028800755429650614, 0.017705382436260624, 0.012747875354107648, 0.004957507082152974, 0.004957507082152974, 0.0040132200188857416, 0.0016525023607176581, 0.0, 0.0, 0.0, 0.0, 0.0, 0.0], [0.0, 0.0, 0.0, 0.0003898635477582846, 0.0, 0.0003898635477582846, 0.0, 0.0007797270955165692, 0.003898635477582846, 0.008187134502923977, 0.01871345029239766, 0.02456140350877193, 0.05380116959064327, 0.07446393762183236, 0.10682261208576999, 0.12475633528265107, 0.1727095516569201, 0.11461988304093568, 0.13177387914230018, 0.05964912280701754, 0.03820662768031189, 0.03391812865497076, 0.011695906432748537, 0.009746588693957114, 0.007017543859649123, 0.0023391812865497076, 0.0015594541910331384, 0.0, 0.0, 0.0, 0.0, 0.0], [0.0, 0.0, 0.0, 0.0, 0.0023781212841854932, 0.0011890606420927466, 0.0, 0.007134363852556481, 0.011890606420927468, 0.029726516052318668, 0.04042806183115339, 0.06777645659928656, 0.07847800237812129, 0.11296076099881094, 0.10344827586206896, 0.11890606420927467, 0.12366230677764566, 0.07728894173602854, 0.08204518430439953, 0.041617122473246136, 0.039239001189060645, 0.019024970273483946, 0.01070154577883472, 0.007134363852556481, 0.013079667063020214, 0.0023781212841854932, 0.009512485136741973, 0.0, 0.0, 0.0, 0.0, 0.0], [0.00033760972316002703, 0.0, 0.0006752194463200541, 0.00033760972316002703, 0.0006752194463200541, 0.0013504388926401081, 0.003038487508440243, 0.004388926401080351, 0.011816340310600946, 0.01688048615800135, 0.0337609723160027, 0.048953409858203914, 0.08541525995948683, 0.10195813639432816, 0.13301823092505063, 0.13436866981769074, 0.13335584064821066, 0.08237677245104659, 0.09723160027008777, 0.03848750844024308, 0.024307900067521943, 0.025320729237002026, 0.00911546252532073, 0.003713706954760297, 0.004726536124240378, 0.003038487508440243, 0.0013504388926401081, 0.0, 0.0, 0.0, 0.0, 0.0], [0.0, 0.0, 0.0, 0.0006373486297004461, 0.0009560229445506692, 0.00031867431485022306, 0.0028680688336520078, 0.0057361376673040155, 0.011790949649458253, 0.020395156150414276, 0.039834289356277884, 0.055130656469088594, 0.07839388145315487, 0.1064372211599745, 0.12364563416188655, 0.12555768005098789, 0.13798597833014659, 0.08317399617590822, 0.1089866156787763, 0.03123008285532186, 0.016252390057361378, 0.024219247928616953, 0.010197578075207138, 0.0031867431485022306, 0.007966857871255577, 0.0022307202039515616, 0.0028680688336520078, 0.0, 0.0, 0.0, 0.0, 0.0], [0.0, 0.0, 0.0, 0.0, 0.0, 0.0, 0.0, 0.0, 0.030303030303030304, 0.12121212121212122, 0.09090909090909091, 0.06060606060606061, 0.06060606060606061, 0.12121212121212122, 0.09090909090909091, 0.09090909090909091, 0.12121212121212122, 0.06060606060606061, 0.030303030303030304, 0.06060606060606061, 0.030303030303030304, 0.030303030303030304, 0.0, 0.0, 0.0, 0.0, 0.0, 0.0, 0.0, 0.0, 0.0, 0.0], [0.00017476406850751484, 0.00017476406850751484, 0.00017476406850751484, 0.00017476406850751484, 0.00017476406850751484, 0.00017476406850751484, 0.0005242922055225446, 0.0015728766165676337, 0.005242922055225445, 0.009612023767913317, 0.02097168822090178, 0.026913666550157287, 0.05505068157986718, 0.08633344984271234, 0.12163579168123034, 0.1295001747640685, 0.14645228940929744, 0.11149947570779448, 0.10573226144704649, 0.06518699755330304, 0.035826634044040545, 0.045263893743446346, 0.016078294302691365, 0.008738203425375743, 0.005068157986717931, 0.0017476406850751485, 0.0, 0.0, 0.0, 0.0, 0.0, 0.0], [0.0, 0.0, 0.0, 0.00033068783068783067, 0.0, 0.00033068783068783067, 0.002976190476190476, 0.000992063492063492, 0.004629629629629629, 0.005621693121693121, 0.01917989417989418, 0.026455026455026454, 0.040013227513227514, 0.057539682539682536, 0.0873015873015873, 0.11011904761904762, 0.15211640211640212, 0.11474867724867725, 0.14649470899470898, 0.06911375661375661, 0.04431216931216931, 0.051587301587301584, 0.021825396825396824, 0.012566137566137565, 0.016534391534391533, 0.00992063492063492, 0.00496031746031746, 0.00033068783068783067, 0.0, 0.0, 0.0, 0.0], [0.0001733102253032929, 0.0, 0.0, 0.0003466204506065858, 0.0005199306759098787, 0.0013864818024263432, 0.001559792027729636, 0.004679376083188908, 0.006932409012131715, 0.013691507798960138, 0.028769497400346622, 0.03778162911611785, 0.050606585788561524, 0.07989601386481802, 0.11143847487001733, 0.11871750433275563, 0.1389948006932409, 0.10207972270363952, 0.1266897746967071, 0.06031195840554593, 0.03830155979202773, 0.037608318890814556, 0.01681109185441941, 0.008145580589254766, 0.012305025996533795, 0.0020797227036395147, 0.0001733102253032929, 0.0, 0.0, 0.0, 0.0, 0.0], [0.0, 0.0, 0.0, 0.0, 0.0, 0.002849002849002849, 0.0, 0.005698005698005698, 0.008547008547008548, 0.005698005698005698, 0.014245014245014245, 0.037037037037037035, 0.06267806267806268, 0.1339031339031339, 0.15669515669515668, 0.15384615384615385, 0.1737891737891738, 0.11965811965811966, 0.07977207977207977, 0.03418803418803419, 0.011396011396011397, 0.0, 0.0, 0.0, 0.0, 0.0, 0.0, 0.0, 0.0, 0.0, 0.0, 0.0], [0.0, 0.0, 0.0, 0.0001290822253775655, 0.0, 0.000258164450755131, 0.000258164450755131, 0.001290822253775655, 0.0037433845359493997, 0.010197495804827676, 0.01587711372144056, 0.026461856202400928, 0.049309410094230025, 0.06454111268878275, 0.10339486252742998, 0.12843681425067768, 0.1690977152446108, 0.10675100038724668, 0.16006195946818122, 0.05976507034981283, 0.03317413192203433, 0.03975732541629018, 0.012908222537756552, 0.003872466761326965, 0.007615851297276365, 0.0021943978314186135, 0.0009035755776429585, 0.0, 0.0, 0.0, 0.0, 0.0], [0.00011076650420912716, 0.00011076650420912716, 0.00022153300841825432, 0.0, 0.000664599025254763, 0.0009968985378821444, 0.000664599025254763, 0.0018830305715551617, 0.0017722640673460345, 0.009525919361984936, 0.014288879042977404, 0.034448382809038544, 0.06801063358440408, 0.09980062029242358, 0.14455028799291095, 0.17113424900310145, 0.17512184315463003, 0.09902525476295967, 0.09880372175454143, 0.03876827647319451, 0.01949490474080638, 0.013070447496677004, 0.004098360655737705, 0.001993797075764289, 0.0011076650420912715, 0.0003322995126273815, 0.0, 0.0, 0.0, 0.0, 0.0, 0.0], [0.0, 0.00025627883136852895, 0.0, 0.00025627883136852895, 0.0007688364941055869, 0.0017939518195797027, 0.0020502306509482316, 0.004100461301896463, 0.008969759097898513, 0.015633008713480268, 0.02665299846232701, 0.04946181445412609, 0.07508969759097898, 0.0937980522808816, 0.12532034853921067, 0.1263454638646848, 0.1468477703741671, 0.0955920041004613, 0.10225525371604305, 0.04971809328549462, 0.02998462327011789, 0.023321373654536137, 0.011276268580215274, 0.006663249615581753, 0.0030753459764223477, 0.0007688364941055869, 0.0, 0.0, 0.0, 0.0, 0.0, 0.0], [0.0, 0.0, 0.0, 0.0, 0.0004248990864669641, 0.0, 0.0006373486297004461, 0.0012746972594008922, 0.004036541321436159, 0.004886339494370087, 0.016146165285744637, 0.026556192904185257, 0.04461440407903123, 0.0722328446993839, 0.10856171659230933, 0.12725727639685575, 0.15105162523900573, 0.09007860633099639, 0.15232632249840664, 0.059485872105374975, 0.036328871892925434, 0.0497131931166348, 0.01869555980454642, 0.011684724877841512, 0.014234119396643298, 0.0057361376673040155, 0.0038240917782026767, 0.00021244954323348204, 0.0, 0.0, 0.0, 0.0], [0.0, 0.0007836990595611285, 0.0007836990595611285, 0.0007836990595611285, 0.001567398119122257, 0.0054858934169279, 0.0054858934169279, 0.011755485893416929, 0.0274294670846395, 0.050156739811912224, 0.061128526645768025, 0.08855799373040753, 0.09952978056426333, 0.12931034482758622, 0.13479623824451412, 0.10579937304075235, 0.09169278996865204, 0.05956112852664577, 0.06974921630094044, 0.02115987460815047, 0.008620689655172414, 0.0219435736677116, 0.0007836990595611285, 0.0, 0.003134796238244514, 0.0, 0.0, 0.0, 0.0, 0.0, 0.0, 0.0], [0.0, 0.0, 0.0, 0.0, 0.0, 0.0, 0.007518796992481203, 0.03258145363408521, 0.045112781954887216, 0.045112781954887216, 0.09022556390977443, 0.09774436090225563, 0.09022556390977443, 0.09273182957393483, 0.11779448621553884, 0.10025062656641603, 0.11528822055137844, 0.06265664160401002, 0.05764411027568922, 0.022556390977443608, 0.010025062656641603, 0.0, 0.002506265664160401, 0.002506265664160401, 0.007518796992481203, 0.0, 0.0, 0.0, 0.0, 0.0, 0.0, 0.0], [0.00046382189239332097, 0.0, 0.0, 0.0, 0.0006957328385899814, 0.0013914656771799629, 0.004174397031539889, 0.00974025974025974, 0.015769944341372914, 0.02829313543599258, 0.04730983302411874, 0.0640074211502783, 0.09740259740259741, 0.11340445269016698, 0.14679962894248608, 0.13358070500927643, 0.11688311688311688, 0.0686456400742115, 0.07003710575139147, 0.02806122448979592, 0.016929499072356215, 0.01948051948051948, 0.007884972170686457, 0.003942486085343228, 0.0030148423005565863, 0.0011595547309833025, 0.0009276437847866419, 0.0, 0.0, 0.0, 0.0, 0.0], [0.0, 0.0, 0.0, 0.0004570383912248629, 0.0004570383912248629, 0.0, 0.002742230347349177, 0.0013711151736745886, 0.005484460694698354, 0.01782449725776965, 0.0283363802559415, 0.038391224862888484, 0.055758683729433274, 0.07906764168190128, 0.113345521023766, 0.12751371115173674, 0.14122486288848263, 0.09460694698354662, 0.1170018281535649, 0.051645338208409504, 0.031078610603290677, 0.0356489945155393, 0.018281535648994516, 0.013254113345521023, 0.02010968921389397, 0.005484460694698354, 0.0009140767824497258, 0.0, 0.0, 0.0, 0.0, 0.0], [0.0, 0.0, 0.0, 0.0, 0.0003247807729782397, 0.0, 0.0012991230919129587, 0.0025982461838259174, 0.005521273140630075, 0.013640792465086067, 0.02013640792465086, 0.03637544657356284, 0.06658005846053913, 0.09548554725560247, 0.1276388437804482, 0.1448522247482949, 0.1497239363429685, 0.07924650860669048, 0.11594673595323157, 0.05326404676843131, 0.02987983111399805, 0.03117895420591101, 0.012341669373173108, 0.006495615459564794, 0.0035725885027606367, 0.0035725885027606367, 0.0003247807729782397, 0.0, 0.0, 0.0, 0.0, 0.0], [0.00018846588767433095, 0.00018846588767433095, 0.00018846588767433095, 0.00018846588767433095, 0.0005653976630229929, 0.0018846588767433095, 0.002638522427440633, 0.004334715416509612, 0.008480964945344893, 0.016773464003015454, 0.03920090463626084, 0.057105163965322274, 0.08669430833019223, 0.11458725970599322, 0.13550697323784394, 0.13286845081040333, 0.14021862042970223, 0.08989822842065587, 0.07783641160949868, 0.03750471164719186, 0.0182811911044101, 0.01997738409347908, 0.008292499057670561, 0.003392385978137957, 0.003015454202789295, 0.00018846588767433095, 0.0, 0.0, 0.0, 0.0, 0.0, 0.0], [0.0, 0.0, 0.0, 0.0, 0.0009569377990430622, 0.0004784688995215311, 0.0, 0.00430622009569378, 0.006220095693779904, 0.009569377990430622, 0.028708133971291867, 0.04449760765550239, 0.07607655502392345, 0.10143540669856459, 0.13875598086124402, 0.1507177033492823, 0.12822966507177033, 0.08947368421052632, 0.08899521531100478, 0.042105263157894736, 0.031578947368421054, 0.024401913875598084, 0.015311004784688996, 0.004784688995215311, 0.010526315789473684, 0.0028708133971291866, 0.0, 0.0, 0.0, 0.0, 0.0, 0.0], [0.0, 0.0, 0.0, 0.0, 0.0, 0.0007064641469445425, 0.0007064641469445425, 0.002472624514305899, 0.0045920169551395265, 0.005298481102084069, 0.012009890498057224, 0.025432709290003533, 0.037442599788060756, 0.06110914871070293, 0.09678558813140233, 0.11727304839279407, 0.1525962557400212, 0.09996467679265278, 0.14411868597668667, 0.07276580713528788, 0.04203461674320028, 0.06570116566584246, 0.02260685270222536, 0.014835747085835394, 0.014482515012363122, 0.006004945249028612, 0.0010596962204168139, 0.0, 0.0, 0.0, 0.0, 0.0], [0.0, 0.0, 0.0, 0.0, 0.00020521239482864764, 0.00020521239482864764, 0.0010260619741432383, 0.002257336343115124, 0.004104247896572953, 0.00964498255694644, 0.018674327929406938, 0.04247896572953006, 0.07161912579519802, 0.1097886312333265, 0.14446952595936793, 0.11820233942130105, 0.13974964087830904, 0.08495793145906012, 0.10712087010055407, 0.046172788836445725, 0.028729735276010672, 0.03242355838292633, 0.01744305356043505, 0.006772009029345372, 0.008824132977631849, 0.0038990355017443053, 0.001231274368971886, 0.0, 0.0, 0.0, 0.0, 0.0], [0.0, 0.0, 0.0001429388221841052, 0.0, 0.0, 0.0002858776443682104, 0.0004288164665523156, 0.0017152658662092624, 0.0032875929102344197, 0.01014865637507147, 0.01972555746140652, 0.0357347055460263, 0.07004002287021155, 0.1014865637507147, 0.14922813036020582, 0.14965694682675815, 0.1489422527158376, 0.08990851915380217, 0.11306460834762722, 0.040022870211549454, 0.022441395082904516, 0.024871355060034305, 0.008290451686678102, 0.004431103487707261, 0.004288164665523156, 0.0008576329331046312, 0.0010005717552887365, 0.0, 0.0, 0.0, 0.0, 0.0], [0.0, 0.0, 0.0, 0.0, 0.0, 0.00016725204883759825, 0.0008362602441879914, 0.0011707643418631879, 0.0036795450744271617, 0.00869710653955511, 0.013212911858170263, 0.030105368790767688, 0.054356915872219434, 0.09466465964208061, 0.14049172102358254, 0.1637397558120087, 0.171935106205051, 0.10336176618163573, 0.12159223950493393, 0.03712995484194681, 0.019568489713998997, 0.02308078273958856, 0.006021073758153537, 0.002007024586051179, 0.003177788927914367, 0.0008362602441879914, 0.00016725204883759825, 0.0, 0.0, 0.0, 0.0, 0.0], [0.0, 0.009433962264150943, 0.0, 0.0, 0.009433962264150943, 0.02830188679245283, 0.05660377358490566, 0.02830188679245283, 0.1320754716981132, 0.09433962264150944, 0.07547169811320754, 0.03773584905660377, 0.0660377358490566, 0.12264150943396226, 0.05660377358490566, 0.09433962264150944, 0.02830188679245283, 0.0660377358490566, 0.02830188679245283, 0.02830188679245283, 0.018867924528301886, 0.009433962264150943, 0.009433962264150943, 0.0, 0.0, 0.0, 0.0, 0.0, 0.0, 0.0, 0.0, 0.0]]}, "ranks": {"labels": ["Unranked", "Combatatent I", "Combatatent II", "Challenger I", "Challenger II", "Rival I", "Rival II", "Duelist", "Elite"], "data": [[0.19852941176470587, 0.16176470588235295, 0.2647058823529412, 0.16911764705882354, 0.10294117647058823, 0.08088235294117647, 0.022058823529411766, 0.0, 0.0], [0.07581803671189145, 0.12450119712689545, 0.2011173184357542, 0.27932960893854747, 0.18515562649640863, 0.08778930566640064, 0.02154828411811652, 0.02154828411811652, 0.0031923383878691143], [0.02199703410776075, 0.04127533366287692, 0.10306475531389027, 0.17647058823529413, 0.24196737518536826, 0.21873455264458724, 0.07217004448838359, 0.09589718240237272, 0.028423133959466138], [0.04346009193480986, 0.06936899289594652, 0.1598412035102382, 0.24592561638111157, 0.2549101546176348, 0.14103635603844547, 0.04450480568324279, 0.0355202674467196, 0.005432511491851233], [0.2553191489361702, 0.1276595744680851, 0.2127659574468085, 0.02127659574468085, 0.1276595744680851, 0.14893617021276595, 0.06382978723404255, 0.0425531914893617, 0.0], [0.01741472172351885, 0.04757630161579892, 0.14721723518850988, 0.2452423698384201, 0.24721723518850988, 0.14703770197486535, 0.05888689407540395, 0.06786355475763016, 0.02154398563734291], [0.08016032064128256, 0.12224448897795591, 0.22394789579158317, 0.24298597194388777, 0.17234468937875752, 0.07615230460921844, 0.03006012024048096, 0.03356713426853707, 0.018537074148296594], [0.3821138211382114, 0.23577235772357724, 0.2032520325203252, 0.08130081300813008, 0.04878048780487805, 0.04878048780487805, 0.0, 0.0, 0.0], [0.09079093947270701, 0.17359821760118826, 0.24192350538432975, 0.23208317861121425, 0.13275157816561456, 0.06665428889714073, 0.027849981433345713, 0.029520980319346454, 0.004827330115113257], [0.05552873008208595, 0.08112023177209078, 0.18010622887493966, 0.25446644133268953, 0.23611781747947852, 0.1245774987928537, 0.027522935779816515, 0.036214389183969097, 0.0043457267020762915], [0.08091853471842538, 0.15992345544013123, 0.22307271733187534, 0.26079825041006016, 0.14926189174412247, 0.06752323674138874, 0.030071077091306724, 0.023783488244942592, 0.004647348277747403], [0.03820989269824653, 0.08924365349384977, 0.16147605338916515, 0.254645380790369, 0.24391520544360115, 0.1277152577859199, 0.04292070138707145, 0.03611619994765768, 0.0057576550641193405], [0.056657223796033995, 0.11898016997167139, 0.19830028328611898, 0.2674693106704438, 0.2131728045325779, 0.08474976392823419, 0.032341831916902736, 0.0226628895184136, 0.0056657223796034], [0.01364522417153996, 0.04327485380116959, 0.12826510721247564, 0.23157894736842105, 0.28732943469785577, 0.16569200779727095, 0.06393762183235867, 0.055360623781676416, 0.01091617933723197], [0.052318668252080855, 0.10820451843043995, 0.19143876337693222, 0.22235434007134364, 0.20095124851367419, 0.10225921521997622, 0.06064209274673008, 0.036860879904875146, 0.02497027348394768], [0.03950033760972316, 0.08271438217420661, 0.187373396353815, 0.2673869007427414, 0.21573261309925726, 0.11985145172180958, 0.04017555705604321, 0.038149898717083054, 0.00911546252532073], [0.042702358189929894, 0.09496494582536648, 0.18483110261312938, 0.24920331421287445, 0.22115997450605482, 0.12396430847673677, 0.032504780114722756, 0.03760356915232632, 0.013065646908859146], [0.15151515151515152, 0.15151515151515152, 0.18181818181818182, 0.18181818181818182, 0.18181818181818182, 0.06060606060606061, 0.06060606060606061, 0.030303030303030304, 0.0], [0.01800069905627403, 0.04788535477105907, 0.14138413142257952, 0.25113596644529884, 0.25795176511709195, 0.14278224397063963, 0.06396364907375043, 0.07008039147151346, 0.006815798671793079], [0.01488095238095238, 0.04563492063492063, 0.09755291005291006, 0.1974206349206349, 0.26686507936507936, 0.18584656084656084, 0.07407407407407407, 0.08597883597883597, 0.031746031746031744], [0.0292894280762565, 0.06655112651646447, 0.13050259965337954, 0.23015597920277298, 0.2410745233968804, 0.1606585788561525, 0.06464471403812826, 0.06256499133448873, 0.014558058925476604], [0.022792022792022793, 0.05128205128205128, 0.19658119658119658, 0.31054131054131057, 0.2934472934472934, 0.10256410256410256, 0.022792022792022793, 0.0, 0.0], [0.01587711372144056, 0.04233896992384149, 0.11385052278301278, 0.23183167677810765, 0.2758487156318575, 0.19362333806634827, 0.059377823673680136, 0.056538014715373695, 0.010713824706337938], [0.01595037660611431, 0.04873726185201595, 0.16781125387682766, 0.3156845369960124, 0.27414709791758973, 0.12106778910057599, 0.03599911386796633, 0.019162605228179, 0.0014399645547186531], [0.033828805740645826, 0.0761148129164531, 0.1688877498718606, 0.25166581240389546, 0.2424397744746284, 0.1319835981547924, 0.04997437211686315, 0.041260891850333166, 0.0038441824705279346], [0.011259825791374549, 0.042702358189929894, 0.11684724877841512, 0.23581899298916506, 0.24113023157000213, 0.18440620352666243, 0.06373486297004462, 0.08009347779902273, 0.02400679838538347], [0.1042319749216301, 0.14968652037617555, 0.22884012539184953, 0.24059561128526646, 0.15125391849529782, 0.08072100313479624, 0.018808777429467086, 0.022727272727272728, 0.003134796238244514], [0.13032581453634084, 0.18796992481203006, 0.18295739348370926, 0.21804511278195488, 0.17794486215538846, 0.07518796992481203, 0.015037593984962405, 0.005012531328320802, 0.007518796992481203], [0.060528756957328386, 0.11131725417439703, 0.21080705009276438, 0.28038033395176254, 0.18552875695732837, 0.08464749536178108, 0.030380333951762522, 0.03130797773654916, 0.00510204081632653], [0.0283363802559415, 0.06672760511882998, 0.13482632541133455, 0.24085923217550273, 0.23583180987202926, 0.14213893967093236, 0.05758683729433273, 0.06718464351005485, 0.026508226691042046], [0.023384215654433257, 0.05651185449821371, 0.1620656057161416, 0.2724910685287431, 0.22897044494965899, 0.1487495940240338, 0.050341019811627155, 0.050016239038648914, 0.007469957778499512], [0.035431586882774216, 0.09630606860158311, 0.20128156803618544, 0.26837542404824727, 0.23011684885035807, 0.1004523181304184, 0.033169996230682244, 0.0316622691292876, 0.003203920090463626], [0.0215311004784689, 0.07320574162679426, 0.17751196172248804, 0.2894736842105263, 0.21770334928229665, 0.11339712918660287, 0.049282296650717705, 0.04449760765550239, 0.013397129186602871], [0.01377605086541858, 0.037442599788060756, 0.09855174849876369, 0.2140586365241964, 0.252560932532674, 0.18721299894030377, 0.07170611091487107, 0.10314376545390322, 0.02154715648180855], [0.01744305356043505, 0.061153293658937, 0.18140775702852452, 0.262671865380669, 0.22470757233736918, 0.13379848142827827, 0.0482249127847322, 0.05663862097270675, 0.01395444284834804], [0.016009148084619784, 0.05546026300743282, 0.17152658662092624, 0.298885077186964, 0.2388507718696398, 0.1347913093196112, 0.040737564322469985, 0.03759291023441967, 0.006146369353916523], [0.014550928248871048, 0.04331828064893795, 0.14902157551430004, 0.30423147683559126, 0.27529687238668676, 0.1423314935607961, 0.03595919050008363, 0.031108881083793276, 0.0041813012209399565], [0.3584905660377358, 0.11320754716981132, 0.18867924528301888, 0.1509433962264151, 0.09433962264150944, 0.04716981132075472, 0.02830188679245283, 0.018867924528301886, 0.0]]}, "ranksDetailed": {"labels": ["Unranked", "Combatatant", "Challenger", "Rival", "Duelist", "Elite"], "data": [[0.19852941176470587, 0.4264705882352941, 0.27205882352941174, 0.10294117647058823, 0.0, 0.0], [0.07581803671189145, 0.32561851556264965, 0.4644852354349561, 0.10933758978451716, 0.02154828411811652, 0.0031923383878691143], [0.02199703410776075, 0.14434008897676717, 0.41843796342066236, 0.29090459713297084, 0.09589718240237272, 0.028423133959466138], [0.04346009193480986, 0.2292101964061847, 0.5008357709987463, 0.18554116172168825, 0.0355202674467196, 0.005432511491851233], [0.2553191489361702, 0.3404255319148936, 0.14893617021276595, 0.2127659574468085, 0.0425531914893617, 0.0], [0.01741472172351885, 0.1947935368043088, 0.49245960502693, 0.2059245960502693, 0.06786355475763016, 0.02154398563734291], [0.08016032064128256, 0.34619238476953906, 0.4153306613226453, 0.1062124248496994, 0.03356713426853707, 0.018537074148296594], [0.3821138211382114, 0.43902439024390244, 0.13008130081300814, 0.04878048780487805, 0.0, 0.0], [0.09079093947270701, 0.415521722985518, 0.3648347567768288, 0.09450427033048645, 0.029520980319346454, 0.004827330115113257], [0.05552873008208595, 0.2612264606470304, 0.49058425881216805, 0.1521004345726702, 0.036214389183969097, 0.0043457267020762915], [0.08091853471842538, 0.38299617277200654, 0.4100601421541826, 0.09759431383269546, 0.023783488244942592, 0.004647348277747403], [0.03820989269824653, 0.2507197068830149, 0.49856058623397015, 0.17063595917299137, 0.03611619994765768, 0.0057576550641193405], [0.056657223796033995, 0.31728045325779036, 0.4806421152030217, 0.11709159584513693, 0.0226628895184136, 0.0056657223796034], [0.01364522417153996, 0.17153996101364521, 0.5189083820662768, 0.22962962962962963, 0.055360623781676416, 0.01091617933723197], [0.052318668252080855, 0.29964328180737215, 0.4233055885850178, 0.1629013079667063, 0.036860879904875146, 0.02497027348394768], [0.03950033760972316, 0.2700877785280216, 0.48311951384199864, 0.1600270087778528, 0.038149898717083054, 0.00911546252532073], [0.042702358189929894, 0.27979604843849587, 0.47036328871892924, 0.15646908859145953, 0.03760356915232632, 0.013065646908859146], [0.15151515151515152, 0.3333333333333333, 0.36363636363636365, 0.12121212121212122, 0.030303030303030304, 0.0], [0.01800069905627403, 0.1892694861936386, 0.5090877315623907, 0.20674589304439006, 0.07008039147151346, 0.006815798671793079], [0.01488095238095238, 0.1431878306878307, 0.4642857142857143, 0.25992063492063494, 0.08597883597883597, 0.031746031746031744], [0.0292894280762565, 0.197053726169844, 0.4712305025996534, 0.22530329289428075, 0.06256499133448873, 0.014558058925476604], [0.022792022792022793, 0.24786324786324787, 0.603988603988604, 0.12535612535612536, 0.0, 0.0], [0.01587711372144056, 0.15618949270685425, 0.5076803924099651, 0.2530011617400284, 0.056538014715373695, 0.010713824706337938], [0.01595037660611431, 0.2165485157288436, 0.5898316349136021, 0.1570669029685423, 0.019162605228179, 0.0014399645547186531], [0.033828805740645826, 0.2450025627883137, 0.49410558687852385, 0.18195797027165556, 0.041260891850333166, 0.0038441824705279346], [0.011259825791374549, 0.15954960696834503, 0.4769492245591672, 0.24814106649670703, 0.08009347779902273, 0.02400679838538347], [0.1042319749216301, 0.3785266457680251, 0.39184952978056425, 0.09952978056426333, 0.022727272727272728, 0.003134796238244514], [0.13032581453634084, 0.37092731829573933, 0.39598997493734334, 0.09022556390977443, 0.005012531328320802, 0.007518796992481203], [0.060528756957328386, 0.32212430426716143, 0.4659090909090909, 0.1150278293135436, 0.03130797773654916, 0.00510204081632653], [0.0283363802559415, 0.20155393053016454, 0.476691042047532, 0.19972577696526508, 0.06718464351005485, 0.026508226691042046], [0.023384215654433257, 0.2185774602143553, 0.5014615134784021, 0.19909061383566093, 0.050016239038648914, 0.007469957778499512], [0.035431586882774216, 0.29758763663776855, 0.49849227289860537, 0.13362231436110064, 0.0316622691292876, 0.003203920090463626], [0.0215311004784689, 0.2507177033492823, 0.507177033492823, 0.16267942583732056, 0.04449760765550239, 0.013397129186602871], [0.01377605086541858, 0.13599434828682444, 0.46661956905687035, 0.25891910985517486, 0.10314376545390322, 0.02154715648180855], [0.01744305356043505, 0.24256105068746153, 0.48737943771803816, 0.18202339421301048, 0.05663862097270675, 0.01395444284834804], [0.016009148084619784, 0.22698684962835905, 0.5377358490566038, 0.1755288736420812, 0.03759291023441967, 0.006146369353916523], [0.014550928248871048, 0.192339856163238, 0.579528349222278, 0.17829068406087975, 0.031108881083793276, 0.0041813012209399565], [0.3584905660377358, 0.3018867924528302, 0.24528301886792453, 0.07547169811320754, 0.018867924528301886, 0.0]]}}}, "eu": {"histType": {"histogram": {"labels": ["0", "100", "200", "300", "400", "500", "600", "700", "800", "900", "1000", "1100", "1200", "1300", "1400", "1500", "1600", "1700", "1800", "1900", "2000", "2100", "2200", "2300", "2400", "2500", "2600", "2700", "2800", "2900", "3000", "3100"], "data": [[0.0, 0.0, 0.0, 0.0, 0.0, 0.011363636363636364, 0.03409090909090909, 0.03409090909090909, 0.09090909090909091, 0.07954545454545454, 0.10227272727272728, 0.07954545454545454, 0.11363636363636363, 0.07954545454545454, 0.06818181818181818, 0.10227272727272728, 0.06818181818181818, 0.056818181818181816, 0.03409090909090909, 0.0, 0.011363636363636364, 0.022727272727272728, 0.011363636363636364, 0.0, 0.0, 0.0, 0.0, 0.0, 0.0, 0.0, 0.0, 0.0], [0.0, 0.0, 0.0, 0.000881057268722467, 0.001762114537444934, 0.004405286343612335, 0.00881057268722467, 0.007929515418502203, 0.028193832599118944, 0.03524229074889868, 0.05286343612334802, 0.0881057268722467, 0.1013215859030837, 0.1277533039647577, 0.14096916299559473, 0.12070484581497798, 0.10748898678414097, 0.05638766519823789, 0.05991189427312775, 0.02378854625550661, 0.00881057268722467, 0.015859030837004406, 0.0026431718061674008, 0.0052863436123348016, 0.000881057268722467, 0.0, 0.0, 0.0, 0.0, 0.0, 0.0, 0.0], [0.0, 0.0, 0.0, 0.0002817695125387433, 0.0002817695125387433, 0.0008453085376162299, 0.0008453085376162299, 0.002817695125387433, 0.0084530853761623, 0.009580163426317272, 0.018878557340095803, 0.027613412228796843, 0.04113834883065652, 0.0611439842209073, 0.09016624401239785, 0.09016624401239785, 0.14398422090729784, 0.09636517328825021, 0.17272471118624966, 0.06818822203437588, 0.04367427444350521, 0.0566356720202874, 0.0273316427162581, 0.009298393913778529, 0.01944209636517329, 0.004790081713158636, 0.003663003663003663, 0.0016906170752324597, 0.0, 0.0, 0.0, 0.0], [0.0, 0.00019022256039566293, 0.0, 0.00019022256039566293, 0.00019022256039566293, 0.0005706676811869887, 0.0013315579227696406, 0.0049457865702872365, 0.007989347536617843, 0.015788472512840022, 0.031006277344493058, 0.04755564009891573, 0.06809967662164733, 0.08807304546319193, 0.11812821000570668, 0.13144378923340308, 0.15579227696404793, 0.10138862469088834, 0.11622598440175005, 0.04869697546128971, 0.021114704203918585, 0.022826707247479552, 0.008560015217804832, 0.0036142286475175957, 0.00323378352672627, 0.002092448164352292, 0.0009511128019783146, 0.0, 0.0, 0.0, 0.0, 0.0], [0.0, 0.0, 0.0, 0.0, 0.0, 0.0, 0.0425531914893617, 0.06382978723404255, 0.10638297872340426, 0.02127659574468085, 0.10638297872340426, 0.1276595744680851, 0.06382978723404255, 0.0425531914893617, 0.1702127659574468, 0.06382978723404255, 0.06382978723404255, 0.02127659574468085, 0.0, 0.06382978723404255, 0.0, 0.02127659574468085, 0.0, 0.02127659574468085, 0.0, 0.0, 0.0, 0.0, 0.0, 0.0, 0.0, 0.0], [0.0, 0.00017695983011856308, 0.00035391966023712616, 0.00035391966023712616, 0.0005308794903556893, 0.00017695983011856308, 0.00017695983011856308, 0.0031852769421341354, 0.004600955583082641, 0.009201911166165281, 0.017165103521500618, 0.02707485400814015, 0.0527340293753318, 0.08405591930631746, 0.11254645195540612, 0.1217483631215714, 0.13820562732259778, 0.10051318350734384, 0.1256414793841798, 0.06335161918244558, 0.03503804636347549, 0.050964431074146166, 0.01893470182268625, 0.008494071845691028, 0.015218545390196426, 0.005308794903556893, 0.0030083171120155725, 0.0012387188108299416, 0.0, 0.0, 0.0, 0.0], [0.0, 0.0004640371229698376, 0.0004640371229698376, 0.0013921113689095127, 0.0018561484918793504, 0.0032482598607888632, 0.005104408352668214, 0.012993039443155453, 0.02923433874709977, 0.035266821345707654, 0.052900232018561484, 0.08120649651972157, 0.091415313225058, 0.11090487238979119, 0.10997679814385151, 0.10812064965197216, 0.10904872389791183, 0.0617169373549884, 0.062180974477958235, 0.03248259860788863, 0.020417633410672854, 0.024129930394431554, 0.012064965197215777, 0.009280742459396751, 0.012529002320185615, 0.0037122969837587007, 0.0064965197215777265, 0.0013921113689095127, 0.0, 0.0, 0.0, 0.0], [0.0, 0.0, 0.0, 0.0, 0.0, 0.025, 0.0, 0.1, 0.0375, 0.1, 0.0875, 0.1125, 0.1, 0.05, 0.1, 0.125, 0.1, 0.0375, 0.0125, 0.0125, 0.0, 0.0, 0.0, 0.0, 0.0, 0.0, 0.0, 0.0, 0.0, 0.0, 0.0, 0.0], [0.0005541189508681197, 0.0001847063169560399, 0.0007388252678241596, 0.0007388252678241596, 0.0009235315847801995, 0.002031769486516439, 0.005356483191725157, 0.011451791651274473, 0.029183598079054303, 0.0448836350203177, 0.0731437015145918, 0.09660140376800887, 0.12375323236054674, 0.12560029553010713, 0.11396379756187662, 0.09863317325452531, 0.08348725526413003, 0.05393424455116365, 0.05116364979682305, 0.030291835980790542, 0.01865533801256003, 0.01699298115995567, 0.0075729589951976355, 0.004432951606944958, 0.004617657923900997, 0.0011082379017362395, 0.0, 0.0, 0.0, 0.0, 0.0, 0.0], [0.0, 0.0006146281499692685, 0.0, 0.0, 0.0, 0.0006146281499692685, 0.001229256299938537, 0.007990165949600492, 0.013521819299323909, 0.023355869698832205, 0.04732636754763368, 0.04855562384757222, 0.07375537799631224, 0.10510141364474493, 0.12354025814382298, 0.12599877074370006, 0.14382298709280886, 0.0762138905961893, 0.10694529809465274, 0.027043638598647817, 0.0313460356484327, 0.02519975414874001, 0.009834050399508297, 0.002458512599877074, 0.0036877688998156115, 0.0018438844499078057, 0.0, 0.0, 0.0, 0.0, 0.0, 0.0], [0.0003367003367003367, 0.0, 0.0, 0.00101010101010101, 0.0013468013468013469, 0.00202020202020202, 0.0026936026936026937, 0.011447811447811448, 0.022895622895622896, 0.03737373737373737, 0.06666666666666667, 0.08552188552188553, 0.1111111111111111, 0.12154882154882155, 0.12962962962962962, 0.10808080808080808, 0.09057239057239057, 0.05858585858585859, 0.06060606060606061, 0.03063973063973064, 0.019528619528619527, 0.020875420875420877, 0.006397306397306397, 0.005723905723905724, 0.003367003367003367, 0.00202020202020202, 0.0, 0.0, 0.0, 0.0, 0.0, 0.0], [0.0, 0.0, 0.0, 0.0002794076557697681, 0.0008382229673093043, 0.0011176306230790724, 0.0019558535903883767, 0.005308745459625594, 0.01173512154233026, 0.02486728136350936, 0.03827884884045823, 0.04721989382509081, 0.08102822017323275, 0.08885163453478626, 0.12210114557138865, 0.1165129924559933, 0.14473316568873987, 0.08885163453478626, 0.10477787091366303, 0.0455434478904722, 0.025146689019279127, 0.026823134953897737, 0.011176306230790724, 0.003911707180776753, 0.006146968426934898, 0.0011176306230790724, 0.0008382229673093043, 0.0005588153115395362, 0.0, 0.0, 0.0002794076557697681, 0.0], [0.0002844141069397042, 0.0, 0.0002844141069397042, 0.0008532423208191126, 0.0, 0.0019908987485779293, 0.0031285551763367463, 0.010523321956769055, 0.016496018202502846, 0.02417519908987486, 0.04550625711035267, 0.06456200227531285, 0.09869169510807736, 0.10580204778156997, 0.14732650739476677, 0.12457337883959044, 0.11575654152445962, 0.07366325369738339, 0.08020477815699659, 0.032423208191126277, 0.017918088737201365, 0.017349260523321957, 0.008248009101251423, 0.0034129692832764505, 0.003697383390216155, 0.0017064846416382253, 0.001422070534698521, 0.0, 0.0, 0.0, 0.0, 0.0], [0.0, 0.0, 0.0, 0.0003544842254519674, 0.0003544842254519674, 0.0, 0.0007089684509039348, 0.0010634526763559022, 0.00425381070542360