{"region": {"us": {"histType": {"histogram": {"labels": ["0", "100", "200", "300", "400", "500", "600", "700", "800", "900", "1000", "1100", "1200", "1300", "1400", "1500", "1600", "1700", "1800", "1900", "2000", "2100", "2200", "2300", "2400", "2500", "2600", "2700", "2800", "2900", "3000", "3100", "3200"], "data": [[0.0, 0.0, 0.002789400278940028, 0.005578800557880056, 0.0041841004184100415, 0.00697350069735007, 0.012552301255230125, 0.01394700139470014, 0.03626220362622036, 0.04881450488145049, 0.08228730822873083, 0.10181311018131102, 0.11854951185495119, 0.13249651324965134, 0.13249651324965134, 0.09902370990237098, 0.06694560669456066, 0.04184100418410042, 0.044630404463040445, 0.016736401673640166, 0.01394700139470014, 0.008368200836820083, 0.0041841004184100415, 0.005578800557880056, 0.0, 0.0, 0.0, 0.0, 0.0, 0.0, 0.0, 0.0, 0.0], [0.0, 0.000254323499491353, 0.000254323499491353, 0.000254323499491353, 0.001017293997965412, 0.002034587995930824, 0.004832146490335707, 0.009409969481180062, 0.015768056968463885, 0.02873855544252289, 0.038657171922685654, 0.054933875890132246, 0.08214649033570702, 0.09435401831129196, 0.1304679552390641, 0.13657171922685657, 0.14343845371312308, 0.08316378433367243, 0.10452695829094609, 0.0335707019328586, 0.01703967446592065, 0.006866734486266531, 0.004069175991861648, 0.002797558494404883, 0.001525940996948118, 0.001525940996948118, 0.001017293997965412, 0.000762970498474059, 0.0, 0.0, 0.0, 0.0, 0.0], [0.00012027904738994468, 0.0, 0.0, 0.00024055809477988935, 0.00024055809477988935, 0.00024055809477988935, 0.00024055809477988935, 0.0006013952369497233, 0.002525859995188838, 0.0034880923743083954, 0.005292278085157566, 0.006976184748616791, 0.011907625691604522, 0.019244647582391146, 0.02525859995188838, 0.03788789992783257, 0.0880442626894395, 0.16213615588164543, 0.3691363964397402, 0.08744286745248978, 0.05232138561462593, 0.06062063988453211, 0.0236949723358191, 0.009742602838585518, 0.019124368535001202, 0.006374789511667068, 0.0024055809477988932, 0.004089487611258119, 0.00012027904738994468, 0.0004811161895597787, 0.0, 0.0, 0.0], [0.0, 0.0, 0.0, 0.0, 0.00011727453969743169, 0.0, 0.0008209217778820218, 0.0017591180954614754, 0.004808256127594699, 0.007857394159727924, 0.011610179430045737, 0.012900199366717486, 0.025683124193737538, 0.028028614987686173, 0.04221883429107541, 0.050193502990500766, 0.07059927289785388, 0.04221883429107541, 0.2675032250498417, 0.1550369414800047, 0.0899495719479301, 0.0980415151870529, 0.03260232203588601, 0.013721121144599507, 0.028028614987686173, 0.006801923302451038, 0.004690981587897268, 0.001993667174856339, 0.0028145889527383607, 0.0, 0.0, 0.0, 0.0], [0.0, 0.0, 0.0, 0.0, 0.010362694300518135, 0.0051813471502590676, 0.031088082901554404, 0.025906735751295335, 0.05699481865284974, 0.05181347150259067, 0.07253886010362694, 0.08808290155440414, 0.10362694300518134, 0.11398963730569948, 0.09326424870466321, 0.10362694300518134, 0.07772020725388601, 0.031088082901554404, 0.06217616580310881, 0.031088082901554404, 0.03626943005181347, 0.0051813471502590676, 0.0, 0.0, 0.0, 0.0, 0.0, 0.0, 0.0, 0.0, 0.0, 0.0, 0.0], [0.0, 0.0, 0.0, 0.0, 0.0, 0.0, 0.0, 0.0014031300593631947, 0.0012951969778737184, 0.004749055585536967, 0.007231516459794927, 0.011332973556395036, 0.02147868321640583, 0.06832164058283864, 0.12293577981651377, 0.1493793847814355, 0.1770102536427415, 0.1108472746896924, 0.14905558553696707, 0.05623313545601727, 0.032811656772800867, 0.03961144090663789, 0.015110631408526714, 0.007987048030221263, 0.012196438208310846, 0.004749055585536967, 0.0029141932002158663, 0.0014031300593631947, 0.0012951969778737184, 0.0006475984889368592, 0.0, 0.0, 0.0], [0.0, 0.0, 0.0004075810067250866, 0.0022416955369879764, 0.0016303240269003464, 0.0034644385571632364, 0.006928877114326473, 0.012838801711840228, 0.01915630731607907, 0.03586712859180762, 0.0503362543305482, 0.06908498063990218, 0.09353984104340737, 0.11289993886284899, 0.1218667210108009, 0.12003260648053801, 0.11982881597717546, 0.06704707560627675, 0.0729570002037905, 0.028530670470756064, 0.017525983289178725, 0.015488078255553291, 0.008355410637864276, 0.004890972080701039, 0.006113715100876299, 0.0036682290605257795, 0.0024454860403505196, 0.0014265335235378032, 0.0010189525168127166, 0.0002037905033625433, 0.0002037905033625433, 0.0, 0.0], [0.0027100271002710027, 0.0027100271002710027, 0.0, 0.008130081300813009, 0.005420054200542005, 0.018970189701897018, 0.013550135501355014, 0.03523035230352303, 0.056910569105691054, 0.12466124661246612, 0.11653116531165311, 0.13008130081300814, 0.1002710027100271, 0.1111111111111111, 0.06775067750677506, 0.07046070460704607, 0.051490514905149054, 0.013550135501355014, 0.02168021680216802, 0.032520325203252036, 0.01084010840108401, 0.0027100271002710027, 0.0027100271002710027, 0.0, 0.0, 0.0, 0.0, 0.0, 0.0, 0.0, 0.0, 0.0, 0.0], [0.00021342439440828086, 0.00021342439440828086, 0.00042684878881656173, 0.0003201365916124213, 0.0005335609860207021, 0.0012805463664496853, 0.0016006829580621064, 0.004375200085369757, 0.00746985380428983, 0.016220253975029346, 0.025717639526197843, 0.03436132749973322, 0.04140433251520649, 0.045779532600576246, 0.056984313307010995, 0.06669512325258777, 0.20318002347668337, 0.13339024650517553, 0.1456621491836517, 0.06488101590011738, 0.04300501547326859, 0.04257816668445203, 0.02187600042684879, 0.013125600256109274, 0.018034361327499734, 0.005122185465798741, 0.0021342439440828085, 0.002987941521715932, 0.00042684878881656173, 0.0, 0.0, 0.0, 0.0], [0.0, 0.0, 0.0, 0.0, 0.00039385584875935406, 0.0007877116975187081, 0.0011815675462780622, 0.0015754233950374162, 0.0023631350925561244, 0.009058684521465145, 0.012997243009058685, 0.015754233950374164, 0.02205592753052383, 0.03781016148089799, 0.06144151240645924, 0.07877116975187082, 0.10476565576998818, 0.08822371012209532, 0.17723513194170934, 0.06892477353288697, 0.07365104371799922, 0.09728239464356046, 0.04411185506104766, 0.01654194564789287, 0.04765655769988184, 0.013784954706577392, 0.011815675462780622, 0.008270972823946435, 0.0027569909413154787, 0.0007877116975187081, 0.0, 0.0, 0.0], [0.0, 0.0, 0.00017838030681412772, 0.0, 0.0008919015340706386, 0.0005351409204423831, 0.0012486621476988941, 0.004459507670353193, 0.00856225472707813, 0.014627185158758473, 0.0212272565108812, 0.02978951123795933, 0.05369247235105244, 0.06296824830538708, 0.10132001427042454, 0.12540135569033178, 0.15322868355333571, 0.0965037459864431, 0.1441312879058152, 0.06189796646450232, 0.03781662504459508, 0.03728148412415269, 0.012843382090617196, 0.008383874420264004, 0.013556903317873707, 0.0033892258294684267, 0.002675704602211916, 0.0014270424545130217, 0.001962183374955405, 0.0, 0.0, 0.0, 0.0], [0.0, 0.0, 0.00043371403787769266, 0.00043371403787769266, 0.00043371403787769266, 0.0033251409570623103, 0.006361139222206159, 0.012722278444412318, 0.02110741651004771, 0.03643197918172618, 0.059418823189243894, 0.0744542431690039, 0.09845308659823623, 0.11927136041636548, 0.1390776348127801, 0.12100621656787625, 0.10293479832297239, 0.059563394535203124, 0.06173196472459159, 0.026601127656498483, 0.01821598959086309, 0.015324562671678473, 0.008095995373716929, 0.004192569032817696, 0.003903426340899234, 0.003614283648980772, 0.0014457134595923088, 0.00028914269191846175, 0.001156570767673847, 0.0, 0.0, 0.0, 0.0], [0.0, 0.0, 0.0, 0.0, 0.00012804097311139564, 0.0005121638924455825, 0.0016645326504481433, 0.00204865556978233, 0.004353393085787452, 0.005249679897567221, 0.013060179257362355, 0.019334186939820742, 0.027784891165172854, 0.03354673495518566, 0.04763124199743918, 0.04443021766965429, 0.22458386683738796, 0.15454545454545454, 0.2149807938540333, 0.07528809218950064, 0.04007682458386684, 0.04186939820742638, 0.01626120358514725, 0.010627400768245839, 0.01357234314980794, 0.0037131882202304737, 0.001792573623559539, 0.001024327784891165, 0.0019206145966709346, 0.0, 0.0, 0.0, 0.0], [0.00020955574182732607, 0.0, 0.0, 0.00010477787091366304, 0.00010477787091366304, 0.0003143336127409891, 0.0012573344509639564, 0.0015716680637049454, 0.004295892707460184, 0.010058675607711651, 0.016135792120704106, 0.018860016764459347, 0.025041911148365466, 0.06370494551550712, 0.14155490360435877, 0.14951802179379714, 0.17015926236378875, 0.10980720871751885, 0.13568734283319364, 0.054065381391450125, 0.030490360435875944, 0.03206202849958089, 0.011944677284157585, 0.005553227158424141, 0.00932523051131601, 0.002829002514668902, 0.0018860016764459346, 0.002200335289186924, 0.0005238893545683152, 0.0006286672254819782, 0.00010477787091366304, 0.0, 0.0], [0.0, 0.0, 0.0, 0.00018148820326678765, 0.000544464609800363, 0.00018148820326678765, 0.0012704174228675136, 0.0018148820326678765, 0.003992740471869328, 0.006896551724137931, 0.014519056261343012, 0.025408348457350273, 0.0441016333938294, 0.06551724137931035, 0.09655172413793103, 0.11833030852994555, 0.158983666061706, 0.11724137931034483, 0.15190562613430128, 0.07005444646098004, 0.04337568058076225, 0.03684210526315789, 0.015426497277676952, 0.006170598911070781, 0.010526315789473684, 0.004537205081669692, 0.0029038112522686023, 0.0009074410163339383, 0.0009074410163339383, 0.0009074410163339383, 0.0, 0.0, 0.0], [0.0, 0.0, 0.0002494387627837366, 0.0002494387627837366, 0.001746071339486156, 0.0032427039161885755, 0.0014966325767024195, 0.0054876527812422055, 0.011224744325268148, 0.0177101521576453, 0.0306809678223996, 0.046894487403342476, 0.06585183337490647, 0.09229234222998253, 0.11474183088051883, 0.1289598403591918, 0.13070591169867798, 0.09603392367173859, 0.10202045397854827, 0.04539785482664006, 0.029433774008480917, 0.03142928411075081, 0.014218009478672985, 0.006485407832377151, 0.012471938139186829, 0.0054876527812422055, 0.0022449488650536295, 0.0027438263906211027, 0.0002494387627837366, 0.0002494387627837366, 0.0, 0.0, 0.0], [0.00018642803877703205, 0.0, 0.0005592841163310962, 0.0013049962714392245, 0.0005592841163310962, 0.0013049962714392245, 0.003355704697986577, 0.0070842654735272185, 0.01174496644295302, 0.019947800149142433, 0.032252050708426544, 0.05275913497390008, 0.07419835943325877, 0.10216256524981357, 0.12490678598061149, 0.12807606263982102, 0.13627889634601045, 0.07960477255779269, 0.1133482475764355, 0.039149888143176735, 0.022930648769574943, 0.023117076808351976, 0.010067114093959731, 0.0044742729306487695, 0.005219985085756898, 0.0018642803877703207, 0.0005592841163310962, 0.0013049962714392245, 0.0013049962714392245, 0.0003728560775540641, 0.0, 0.0, 0.0], [0.0, 0.0, 0.0001264702162640698, 0.0002529404325281396, 0.0003794106487922094, 0.0002529404325281396, 0.0007588212975844188, 0.0016441128114329075, 0.002782344757809536, 0.006323510813203491, 0.01252055141014291, 0.014164664221575819, 0.027696977361831288, 0.03376754774250664, 0.1461995700012647, 0.1574554192487669, 0.1742759580118882, 0.11205261160996585, 0.17503477930947262, 0.04742633109902618, 0.025167573036549894, 0.028961679524471987, 0.010244087517389654, 0.006323510813203491, 0.008473504489692677, 0.0031617554066017454, 0.0012647021626406981, 0.0010117617301125584, 0.0018970532439610472, 0.0003794106487922094, 0.0, 0.0, 0.0], [0.0, 0.0, 0.0, 0.00625, 0.00625, 0.00625, 0.0, 0.01875, 0.05, 0.09375, 0.0625, 0.08125, 0.075, 0.0625, 0.04375, 0.125, 0.0875, 0.08125, 0.0375, 0.04375, 0.05, 0.0125, 0.03125, 0.0, 0.00625, 0.00625, 0.0, 0.0125, 0.0, 0.0, 0.0, 0.0, 0.0], [0.0002238388360380526, 0.0001119194180190263, 0.0, 0.0, 0.0, 0.0001119194180190263, 0.0002238388360380526, 0.0010072747621712368, 0.002238388360380526, 0.004588696138780078, 0.007274762171236709, 0.009960828203693341, 0.021600447677672076, 0.02965864577504197, 0.051930609960828204, 0.1587017347509793, 0.22742025741466143, 0.1493005036373811, 0.15478455512031336, 0.06547285954113038, 0.037716843872411865, 0.03749300503637381, 0.013542249580302182, 0.006939003917179631, 0.010968102965864578, 0.004029099048684947, 0.0019026301063234472, 0.002238388360380526, 0.0005595970900951316, 0.0, 0.0, 0.0, 0.0], [0.0, 0.0, 0.0, 0.00012149192078726765, 0.0, 0.00012149192078726765, 0.0009719353662981412, 0.00036447576236180293, 0.0012149192078726764, 0.0021868545741708175, 0.004495201069128903, 0.006803547564086988, 0.011177256712428623, 0.015793949702344795, 0.027578666018709754, 0.10314664074839024, 0.18940590450735026, 0.15174340906329728, 0.21346130482322925, 0.09148341635281254, 0.0581946300571012, 0.05734418661159033, 0.02016765885068643, 0.010934272870854089, 0.019438707325962822, 0.007289515247236059, 0.003401773782043494, 0.0008504434455108735, 0.0015793949702344794, 0.0002429838415745353, 0.0004859676831490706, 0.0, 0.0], [0.00019866891824774015, 9.933445912387007e-05, 0.0, 0.00019866891824774015, 0.00019866891824774015, 0.0005960067547432204, 0.0007946756729909606, 0.0018873547233535313, 0.002980033773716102, 0.005463395251812854, 0.010032780371510877, 0.013410151981722459, 0.017582199264925002, 0.024734280321843646, 0.033575047183868084, 0.14145226979239098, 0.16817323929671202, 0.13886957385517035, 0.19032482368133505, 0.08522896592828053, 0.05125658090791695, 0.05731598291447303, 0.021456243170755934, 0.011125459421873448, 0.01430416211383729, 0.004470050660574153, 0.002384027018972882, 0.001490016886858051, 0.0003973378364954803, 0.0, 0.0, 0.0, 0.0], [0.0, 0.0, 0.0, 0.001447178002894356, 0.001447178002894356, 0.0, 0.0, 0.00723589001447178, 0.00723589001447178, 0.005788712011577424, 0.013024602026049204, 0.02604920405209841, 0.04341534008683068, 0.08683068017366136, 0.12301013024602026, 0.1736613603473227, 0.17221418234442837, 0.12445730824891461, 0.12011577424023155, 0.049204052098408106, 0.023154848046309694, 0.013024602026049204, 0.001447178002894356, 0.00723589001447178, 0.0, 0.0, 0.0, 0.0, 0.0, 0.0, 0.0, 0.0, 0.0], [0.0, 0.0, 0.0, 9.310120100549297e-05, 0.0, 9.310120100549297e-05, 0.00027930360301647893, 0.0007448096080439438, 0.0016758216180988734, 0.004841262452285634, 0.007261893678428452, 0.012382459733730564, 0.021413276231263382, 0.027930360301647892, 0.04040592123638395, 0.048040219718834376, 0.08704962294013593, 0.16869937622195327, 0.284982776277814, 0.09710455264872916, 0.05893306023647705, 0.0755050740154548, 0.019923657015175497, 0.010241132110604227, 0.019923657015175497, 0.005120566055302114, 0.00251373242714831, 0.0023275300251373245, 0.0023275300251373245, 0.00018620240201098595, 0.0, 0.0, 0.0], [0.0001004419445560466, 0.0001004419445560466, 0.0001004419445560466, 0.0, 0.0003013258336681398, 0.0004017677782241864, 0.0003013258336681398, 0.0009039775010044194, 0.0011048613901165126, 0.005222981116914423, 0.009541984732824428, 0.019083969465648856, 0.03214142225793491, 0.04479710727199679, 0.06388107673764563, 0.07573322619525914, 0.09471675371635195, 0.20932101245480111, 0.23141824025713137, 0.0916030534351145, 0.046203294495781436, 0.041783848935315386, 0.014965849738850944, 0.0064282844515869825, 0.004218561671353958, 0.0018079550020088388, 0.0034150261149055844, 0.0004017677782241864, 0.0, 0.0, 0.0, 0.0, 0.0], [0.0, 0.00010945709281961471, 0.0, 0.00010945709281961471, 0.00010945709281961471, 0.00032837127845884414, 0.000766199649737303, 0.0017513134851138354, 0.002298598949211909, 0.004487740805604203, 0.008647110332749562, 0.014119964973730298, 0.05100700525394045, 0.0848292469352014, 0.11350700525394046, 0.14087127845884415, 0.15805604203152365, 0.11547723292469352, 0.138353765323993, 0.06228108581436077, 0.037981611208406305, 0.03371278458844133, 0.014229422066549912, 0.006129597197898424, 0.005691768826619965, 0.0025175131348511384, 0.0013134851138353765, 0.0013134851138353765, 0.0, 0.0, 0.0, 0.0, 0.0], [0.0, 0.0, 0.0, 0.0, 0.00024084778420038535, 0.0, 0.0008429672447013487, 0.0024084778420038534, 0.0049373795761079, 0.007947976878612716, 0.016738921001926782, 0.025529865125240848, 0.04238921001926782, 0.0674373795761079, 0.10344412331406551, 0.12560211946050095, 0.15329961464354527, 0.09826589595375723, 0.16666666666666666, 0.0591281310211946, 0.03709055876685934, 0.03817437379576108, 0.016016377649325626, 0.006502890173410405, 0.012524084778420038, 0.0050578034682080926, 0.003973988439306358, 0.0024084778420038534, 0.0020472061657032755, 0.0004816955684007707, 0.0008429672447013487, 0.0, 0.0], [0.0, 0.00017358097552508245, 0.00017358097552508245, 0.0003471619510501649, 0.0010414858531504947, 0.0010414858531504947, 0.0017358097552508246, 0.0026037146328762367, 0.0055545912168026386, 0.01787884047908349, 0.04218017705259504, 0.05988543655615344, 0.07897934386391252, 0.10501649019267488, 0.12567262628015968, 0.11838222530810623, 0.14684950529421975, 0.07759069605971186, 0.11386911994445409, 0.029855927790314183, 0.02395417462246138, 0.020829717063009894, 0.00850546780072904, 0.004513105363652144, 0.007116819996528381, 0.0020829717063009894, 0.0020829717063009894, 0.00017358097552508245, 0.0010414858531504947, 0.0008679048776254123, 0.0, 0.0, 0.0], [0.0, 0.0, 0.0, 0.0007272727272727272, 0.0009696969696969697, 0.002181818181818182, 0.0038787878787878787, 0.006787878787878788, 0.013575757575757576, 0.015272727272727273, 0.026424242424242423, 0.04290909090909091, 0.05381818181818182, 0.08193939393939394, 0.12363636363636364, 0.1313939393939394, 0.14933333333333335, 0.09624242424242424, 0.11006060606060607, 0.04824242424242424, 0.027636363636363636, 0.022545454545454546, 0.012363636363636363, 0.009696969696969697, 0.008727272727272728, 0.0031515151515151517, 0.0026666666666666666, 0.003393939393939394, 0.0014545454545454545, 0.0009696969696969697, 0.0, 0.0, 0.0], [0.00022484541877459247, 0.0, 0.0, 0.0, 0.00044969083754918494, 0.00044969083754918494, 0.0016863406408094434, 0.003372681281618887, 0.004946599213041034, 0.00955593029792018, 0.017425519955030916, 0.04125913434513772, 0.08454187745924677, 0.11984260820685778, 0.14693648116919616, 0.15120854412591345, 0.13816750983698708, 0.08026981450252951, 0.0956717256885891, 0.03406408094435076, 0.020798201236649803, 0.024395727937043282, 0.009106239460370995, 0.004384485666104553, 0.007195053400786959, 0.0022484541877459247, 0.0005621135469364812, 0.0008993816750983699, 0.00011242270938729624, 0.00022484541877459247, 0.0, 0.0, 0.0], [0.0, 0.0, 0.0, 0.0002842524161455372, 0.0001421262080727686, 0.0001421262080727686, 0.0014212620807276862, 0.00042637862421830583, 0.001989766913018761, 0.0045480386583285955, 0.007532689027856736, 0.00923820352472996, 0.014496873223422399, 0.061824900511654346, 0.11426947129050596, 0.13914155770324046, 0.1735361000568505, 0.1110005685048323, 0.16642978965321206, 0.059124502558271744, 0.03709494030699261, 0.0412166003411029, 0.018760659465605456, 0.007959067652075043, 0.014496873223422399, 0.004832291074474133, 0.00511654349061967, 0.0022740193291642978, 0.001847640704945992, 0.0005685048322910744, 0.0002842524161455372, 0.0, 0.0], [0.0, 0.0, 0.00017313019390581717, 0.00034626038781163435, 0.001038781163434903, 0.0013850415512465374, 0.0022506925207756235, 0.004674515235457063, 0.007617728531855956, 0.018351800554016622, 0.030470914127423823, 0.041724376731301936, 0.06804016620498615, 0.09141274238227147, 0.11703601108033242, 0.1320983379501385, 0.1450831024930748, 0.08985457063711912, 0.12413434903047091, 0.04484072022160665, 0.027008310249307478, 0.021987534626038783, 0.01038781163434903, 0.004501385041551247, 0.00554016620498615, 0.0012119113573407201, 0.0022506925207756235, 0.003808864265927978, 0.0025969529085872575, 0.00017313019390581717, 0.0, 0.0, 0.0], [0.00011868027533823879, 0.0, 0.0, 0.0, 0.00011868027533823879, 0.001068122478044149, 0.0007120816520294327, 0.0023736055067647755, 0.0028483266081177306, 0.005815333491573701, 0.01364823166389746, 0.02159981011155946, 0.034773320674103964, 0.042487538571089487, 0.057915974365060525, 0.11642535010681225, 0.20958936624732968, 0.1498931877521956, 0.1612864941846665, 0.07215760740564918, 0.04509850462853074, 0.03299311654403038, 0.013292190837882745, 0.005459292665558984, 0.005577972940897223, 0.0020175646807500595, 0.002254925231426537, 0.00035604082601471633, 0.00011868027533823879, 0.0, 0.0, 0.0, 0.0], [0.0, 0.0, 0.0, 0.00015042117930204573, 0.00015042117930204573, 0.0004512635379061372, 0.0006016847172081829, 0.001654632972322503, 0.002707581227436823, 0.005716004813477738, 0.023766546329723224, 0.03309265944645006, 0.06829121540312875, 0.0970216606498195, 0.13312274368231047, 0.14605896510228641, 0.15628760529482552, 0.10333935018050541, 0.11040914560770157, 0.04256919374247894, 0.025571600481347774, 0.02000601684717208, 0.009626955475330927, 0.004512635379061372, 0.007220216606498195, 0.0025571600481347776, 0.002707581227436823, 0.0012033694344163659, 0.0012033694344163659, 0.0, 0.0, 0.0, 0.0], [0.0, 0.0, 0.0, 0.000155448468832582, 0.0, 0.000466345406497746, 0.000932690812995492, 0.000932690812995492, 0.00233172703248873, 0.001709933157158402, 0.005285247940307788, 0.01088139281828074, 0.03995025648997357, 0.06420021762785637, 0.09218094201772113, 0.11798538784392974, 0.15575936577024715, 0.10990206746463548, 0.17938753303279964, 0.07026270791232707, 0.04166018964713197, 0.04632364371210944, 0.02020830094823566, 0.011036841287113321, 0.015855743820923363, 0.006373387222135862, 0.002798072438986476, 0.00077724234416291, 0.00233172703248873, 0.000310896937665164, 0.0, 0.0, 0.0], [0.0, 0.0, 0.000117000117000117, 0.0, 0.000234000234000234, 0.000351000351000351, 0.000351000351000351, 0.001287001287001287, 0.001053001053001053, 0.00351000351000351, 0.006786006786006786, 0.016146016146016146, 0.026793026793026795, 0.04481104481104481, 0.05522405522405523, 0.15806715806715807, 0.1817011817011817, 0.1100971100971101, 0.18193518193518193, 0.06446706446706446, 0.04410904410904411, 0.03966303966303966, 0.023517023517023516, 0.012168012168012167, 0.01638001638001638, 0.004329004329004329, 0.002925002925002925, 0.002106002106002106, 0.001053001053001053, 0.000819000819000819, 0.0, 0.0, 0.0], [0.0, 0.0, 0.0, 0.0, 9.559315553006405e-05, 9.559315553006405e-05, 9.559315553006405e-05, 0.0008603383997705764, 0.001816269955071217, 0.004875250932033267, 0.00898575661982602, 0.016824395373291272, 0.027913201414778703, 0.0364209922569544, 0.05420131918554631, 0.057929452251218816, 0.07121690086989771, 0.07714367651276169, 0.3297007934231909, 0.1143294140139566, 0.06509893891597361, 0.07255520504731862, 0.018353885861772296, 0.009081349775356084, 0.01959659688366313, 0.00497084408756333, 0.0030589809769620497, 0.002485422043781665, 0.001816269955071217, 0.00047796577765032023, 0.0, 0.0, 0.0], [0.0, 0.0, 0.0, 0.0, 0.0, 0.0001021659174499387, 0.0005108295872496935, 0.003064977523498161, 0.005414793624846751, 0.009807928075194115, 0.01828769922353903, 0.033919084593379646, 0.05108295872496935, 0.07744176542705354, 0.11493665713118104, 0.1373109930527176, 0.17409072333469555, 0.10941969758888435, 0.1544748671843073, 0.04730281977932162, 0.023702492848385777, 0.024724152022885165, 0.006436452799346138, 0.0032693093583980384, 0.00234981610134859, 0.0006129955046996322, 0.0008173273395995096, 0.0006129955046996322, 0.0003064977523498161, 0.0, 0.0, 0.0, 0.0], [0.0, 0.0029940119760479044, 0.0, 0.0029940119760479044, 0.005988023952095809, 0.020958083832335328, 0.020958083832335328, 0.038922155688622756, 0.08383233532934131, 0.059880239520958084, 0.05089820359281437, 0.07784431137724551, 0.08083832335329341, 0.11676646706586827, 0.11976047904191617, 0.10479041916167664, 0.08083832335329341, 0.04790419161676647, 0.041916167664670656, 0.014970059880239521, 0.011976047904191617, 0.008982035928143712, 0.0, 0.005988023952095809, 0.0, 0.0, 0.0, 0.0, 0.0, 0.0, 0.0, 0.0, 0.0]]}, "ranks": {"labels": ["Unranked", "Combatatent I", "Combatatent II", "Challenger I", "Challenger II", "Rival I", "Rival II", "Duelist", "Elite"], "data": [[0.13110181311018132, 0.18410041841004185, 0.2510460251046025, 0.2315202231520223, 0.1087866108786611, 0.05718270571827057, 0.01813110181311018, 0.01813110181311018, 0.0], [0.06256358087487283, 0.0935910478128179, 0.17650050864699898, 0.26703967446592064, 0.22660223804679552, 0.12410986775178026, 0.031027466937945065, 0.013733468972533061, 0.004832146490335707], [0.007697859032956459, 0.012268462833774356, 0.03115227327399567, 0.06314649987972096, 0.2501804185710849, 0.41664662015876835, 0.09225402934808756, 0.09405821505893673, 0.032595621842675004], [0.015362964700363552, 0.024510378796763224, 0.05371173918142371, 0.09241233728157618, 0.11281810718892929, 0.3512372463938079, 0.16125249208396858, 0.1443649583675384, 0.04432977600562918], [0.18134715025906736, 0.16062176165803108, 0.21761658031088082, 0.19689119170984457, 0.10880829015544041, 0.09326424870466321, 0.03626943005181347, 0.0051813471502590676, 0.0], [0.00744738262277388, 0.018564490016189962, 0.08980032379924446, 0.27231516459794924, 0.2878575283324339, 0.18100377765785214, 0.05709660010793308, 0.06270912034538587, 0.023205612520237454], [0.08253515386183004, 0.11942123497045037, 0.20643977990625637, 0.2418993274913389, 0.18687589158345222, 0.09089056449969432, 0.028123089464030977, 0.028734460974118605, 0.015080497248828205], [0.2682926829268293, 0.24661246612466126, 0.21138211382113822, 0.13821138211382114, 0.06504065040650407, 0.037940379403794036, 0.02710027100271003, 0.005420054200542005, 0.0], [0.03265393234446697, 0.06007896702593107, 0.08718386511578273, 0.12367943655959876, 0.3365702699818589, 0.18226443282467186, 0.07128374773236582, 0.0775797673674101, 0.028705581047913778], [0.01536037810161481, 0.028751476959432847, 0.05986608901142182, 0.14021268215833005, 0.1929893658920835, 0.21150059078377315, 0.10831035840882237, 0.15793619535250097, 0.08507286333202048], [0.03050303246521584, 0.05101676774884053, 0.11666072065643952, 0.22672136996075634, 0.2497324295397788, 0.18105601141633965, 0.06278986799857296, 0.05850874063503389, 0.023011059579022476], [0.08124909642908776, 0.1338730663582478, 0.2177244470146017, 0.2600838513806564, 0.16249819285817552, 0.07561081393667775, 0.03093826803527541, 0.027613127078213097, 0.010409136909064623], [0.013956466069142125, 0.0323943661971831, 0.061331626120358515, 0.09206145966709348, 0.3791293213828425, 0.258258642765685, 0.07208706786171575, 0.06875800256081946, 0.022023047375160053], [0.017917015926236377, 0.03499580888516345, 0.0887468566638726, 0.29107292539815594, 0.2799664710813076, 0.1663872590108969, 0.0538558256496228, 0.04955993294216261, 0.017497904442581726], [0.014882032667876587, 0.039927404718693285, 0.10961887477313975, 0.2148820326678766, 0.27622504537205084, 0.19019963702359347, 0.0751361161524501, 0.05843920145190563, 0.020689655172413793], [0.04140683462210028, 0.07757545522574208, 0.158144175604889, 0.24370167123971065, 0.22673983537041656, 0.1267148914941382, 0.05013719131953105, 0.052132701421800945, 0.023447243701671238], [0.04604772557792692, 0.08501118568232663, 0.17636092468307232, 0.2529828486204325, 0.21588366890380314, 0.13739746457867263, 0.03803131991051454, 0.037658463832960475, 0.010626398210290829], [0.01252055141014291, 0.02668521563171873, 0.061464525104337926, 0.3036549892500316, 0.28632856962185405, 0.20222587580624762, 0.045402807638801064, 0.04552927785506513, 0.016188187681800935], [0.18125, 0.14375, 0.1375, 0.16875, 0.16875, 0.05625, 0.075, 0.04375, 0.025], [0.008505875769446, 0.01723559037493005, 0.051259093452714045, 0.2106323447118075, 0.37672076105204255, 0.19395635142697257, 0.06401790710688304, 0.05797425853385563, 0.019697817571348628], [0.004981168752277974, 0.011298748633215892, 0.026971206414773418, 0.13072530676709998, 0.34114931357064754, 0.26412343579151987, 0.09901591544162314, 0.08844611833313085, 0.03328878629571134], [0.012416807390483758, 0.023442932353233338, 0.04231647958676865, 0.17502731697625906, 0.30704281315188237, 0.2373100228469256, 0.08950034767060694, 0.08989768550710242, 0.023045594516737856], [0.023154848046309694, 0.03907380607814761, 0.13024602026049203, 0.29667149059334297, 0.29667149059334297, 0.14905933429811866, 0.04341534008683068, 0.02170767004341534, 0.0], [0.007727399683455916, 0.01964435341215902, 0.049343636532911274, 0.08844614095521833, 0.2557489991620892, 0.3417745088911647, 0.0992458802718555, 0.10566986314123453, 0.03239921794991155], [0.008537565287263961, 0.02862595419847328, 0.0769385295299317, 0.13961430293290478, 0.3040377661711531, 0.28284451586982723, 0.08638007231820008, 0.06317798312575332, 0.009843310566492567], [0.009960595446584938, 0.02276707530647986, 0.13583625218914186, 0.2543782837127846, 0.27353327495621715, 0.17370840630472856, 0.06490805604203152, 0.05407180385288967, 0.010836252189141856], [0.016377649325626204, 0.04226878612716763, 0.10982658959537572, 0.22904624277456648, 0.2515655105973025, 0.1976156069364162, 0.06526974951830443, 0.06069364161849711, 0.027336223506743737], [0.03055025169241451, 0.10206561360874848, 0.1839958340565874, 0.24405485158826593, 0.2244402013539316, 0.13018573164381184, 0.03749349071341781, 0.03384829022739108, 0.013365735115431349], [0.043393939393939394, 0.06933333333333333, 0.13575757575757577, 0.25503030303030305, 0.2455757575757576, 0.1372121212121212, 0.04872727272727273, 0.04460606060606061, 0.020363636363636365], [0.020685778527262506, 0.058684654300168636, 0.20438448566610457, 0.2981450252951096, 0.21843732433951657, 0.11410905002810567, 0.03642495784148398, 0.03788645306351883, 0.011242270938729624], [0.008953951108584423, 0.016770892552586698, 0.07632177373507675, 0.25341102899374646, 0.28453666856168275, 0.198408186469585, 0.06424104604889141, 0.0679363274587834, 0.029420125071063105], [0.03583795013850415, 0.07219529085872577, 0.1594529085872576, 0.2491343490304709, 0.2349376731301939, 0.15027700831024932, 0.045706371191135735, 0.03687673130193906, 0.015581717451523546], [0.013054830287206266, 0.03524804177545692, 0.07726085924519345, 0.17434132447187278, 0.3594825539995253, 0.20092570614763827, 0.07761690007120817, 0.05174460004747211, 0.010325183954426774], [0.011432009626955475, 0.05685920577617329, 0.16531287605294825, 0.27918170878459686, 0.25962695547533093, 0.13372442839951865, 0.04482551143200963, 0.03414560770156438, 0.014891696750902527], [0.006528835690968444, 0.01616664075858853, 0.10415047411782993, 0.21016632986165087, 0.2656614332348826, 0.21731695942794962, 0.07399347116430903, 0.07756878594745842, 0.028447069796362506], [0.006903006903006903, 0.02293202293202293, 0.0716040716040716, 0.21329121329121328, 0.2917982917982918, 0.2166842166842167, 0.07382707382707383, 0.07534807534807535, 0.027612027612027613], [0.007838638753465252, 0.025810151993117293, 0.0643341936717331, 0.11213077143676513, 0.1483605773826594, 0.3927922760730332, 0.11633687028008795, 0.099990440684447, 0.032406079724691714], [0.01890069472823866, 0.05220678381691868, 0.12852472415202287, 0.25224765018389866, 0.2835104209235799, 0.18175316714344095, 0.04372701266857376, 0.034429914180629344, 0.00469963220269718], [0.23652694610778444, 0.12874251497005987, 0.19760479041916168, 0.2245508982035928, 0.12874251497005987, 0.04491017964071856, 0.023952095808383235, 0.014970059880239521, 0.0]]}, "ranksDetailed": {"labels": ["Unranked", "Combatatant", "Challenger", "Rival", "Duelist", "Elite"], "data": [[0.13110181311018132, 0.4351464435146444, 0.3403068340306834, 0.07531380753138076, 0.01813110181311018, 0.0], [0.06256358087487283, 0.27009155645981686, 0.49364191251271616, 0.15513733468972532, 0.013733468972533061, 0.004832146490335707], [0.007697859032956459, 0.043420736107770024, 0.31332691845080585, 0.5089006495068559, 0.09405821505893673, 0.032595621842675004], [0.015362964700363552, 0.07822211797818694, 0.20523044447050545, 0.5124897384777765, 0.1443649583675384, 0.04432977600562918], [0.18134715025906736, 0.37823834196891193, 0.30569948186528495, 0.12953367875647667, 0.0051813471502590676, 0.0], [0.00744738262277388, 0.10836481381543443, 0.5601726929303832, 0.23810037776578521, 0.06270912034538587, 0.023205612520237454], [0.08253515386183004, 0.32586101487670677, 0.4287752190747911, 0.11901365396372529, 0.028734460974118605, 0.015080497248828205], [0.2682926829268293, 0.45799457994579945, 0.2032520325203252, 0.06504065040650407, 0.005420054200542005, 0.0], [0.03265393234446697, 0.1472628321417138, 0.4602497065414577, 0.25354818055703765, 0.0775797673674101, 0.028705581047913778], [0.01536037810161481, 0.08861756597085467, 0.33320204805041354, 0.3198109491925955, 0.15793619535250097, 0.08507286333202048], [0.03050303246521584, 0.16767748840528005, 0.4764537995005351, 0.2438458794149126, 0.05850874063503389, 0.023011059579022476], [0.08124909642908776, 0.3515975133728495, 0.4225820442388319, 0.10654908197195316, 0.027613127078213097, 0.010409136909064623], [0.013956466069142125, 0.09372599231754161, 0.471190781049936, 0.33034571062740076, 0.06875800256081946, 0.022023047375160053], [0.017917015926236377, 0.12374266554903604, 0.5710393964794636, 0.2202430846605197, 0.04955993294216261, 0.017497904442581726], [0.014882032667876587, 0.14954627949183302, 0.4911070780399274, 0.2653357531760436, 0.05843920145190563, 0.020689655172413793], [0.04140683462210028, 0.23571963083063108, 0.47044150661012724, 0.17685208281366924, 0.052132701421800945, 0.023447243701671238], [0.04604772557792692, 0.261372110365399, 0.46886651752423564, 0.17542878448918717, 0.037658463832960475, 0.010626398210290829], [0.01252055141014291, 0.08814974073605666, 0.5899835588718857, 0.24762868344504868, 0.04552927785506513, 0.016188187681800935], [0.18125, 0.28125, 0.3375, 0.13125, 0.04375, 0.025], [0.008505875769446, 0.06849468382764409, 0.58735310576385, 0.25797425853385564, 0.05797425853385563, 0.019697817571348628], [0.004981168752277974, 0.03826995504798931, 0.4718746203377475, 0.363139351233143, 0.08844611833313085, 0.03328878629571134], [0.012416807390483758, 0.06575941194000198, 0.4820701301281414, 0.32681037051753253, 0.08989768550710242, 0.023045594516737856], [0.023154848046309694, 0.16931982633863965, 0.5933429811866859, 0.19247467438494936, 0.02170767004341534, 0.0], [0.007727399683455916, 0.06898798994507029, 0.3441951401173075, 0.4410203891630202, 0.10566986314123453, 0.03239921794991155], [0.008537565287263961, 0.10556448372840498, 0.44365206910405786, 0.36922458818802734, 0.06317798312575332, 0.009843310566492567], [0.009960595446584938, 0.15860332749562173, 0.5279115586690017, 0.23861646234676007, 0.05407180385288967, 0.010836252189141856], [0.016377649325626204, 0.15209537572254336, 0.48061175337186895, 0.2628853564547206, 0.06069364161849711, 0.027336223506743737], [0.03055025169241451, 0.28606144766533587, 0.4684950529421975, 0.16767922235722965, 0.03384829022739108, 0.013365735115431349], [0.043393939393939394, 0.2050909090909091, 0.5006060606060606, 0.18593939393939393, 0.04460606060606061, 0.020363636363636365], [0.020685778527262506, 0.2630691399662732, 0.5165823496346262, 0.15053400786958965, 0.03788645306351883, 0.011242270938729624], [0.008953951108584423, 0.09309266628766344, 0.5379476975554293, 0.2626492325184764, 0.0679363274587834, 0.029420125071063105], [0.03583795013850415, 0.2316481994459834, 0.4840720221606648, 0.19598337950138503, 0.03687673130193906, 0.015581717451523546], [0.013054830287206266, 0.11250890102065036, 0.533823878471398, 0.2785426062188464, 0.05174460004747211, 0.010325183954426774], [0.011432009626955475, 0.22217208182912154, 0.5388086642599278, 0.17854993983152828, 0.03414560770156438, 0.014891696750902527], [0.006528835690968444, 0.12031711487641847, 0.4758277630965335, 0.29131043059225864, 0.07756878594745842, 0.028447069796362506], [0.006903006903006903, 0.09453609453609453, 0.5050895050895051, 0.2905112905112905, 0.07534807534807535, 0.027612027612027613], [0.007838638753465252, 0.0901443456648504, 0.26049134881942454, 0.5091291463531211, 0.099990440684447, 0.032406079724691714], [0.01890069472823866, 0.18073150796894155, 0.5357580711074785, 0.2254801798120147, 0.034429914180629344, 0.00469963220269718], [0.23652694610778444, 0.3263473053892216, 0.3532934131736527, 0.0688622754491018, 0.014970059880239521, 0.0]]}}}, "eu": {"histType": {"histogram": {"labels": ["0", "100", "200", "300", "400", "500", "600", "700", "800", "900", "1000", "1100", "1200", "1300", "1400", "1500", "1600", "1700", "1800", "1900", "2000", "2100", "2200", "2300", "2400", "2500", "2600", "2700", "2800", "2900", "3000", "3100", "3200"], "data": [[0.0, 0.0, 0.0018656716417910447, 0.0, 0.0018656716417910447, 0.007462686567164179, 0.013059701492537313, 0.026119402985074626, 0.048507462686567165, 0.07835820895522388, 0.07835820895522388, 0.10820895522388059, 0.10261194029850747, 0.11940298507462686, 0.1417910447761194, 0.09328358208955224, 0.06343283582089553, 0.033582089552238806, 0.03544776119402985, 0.016791044776119403, 0.013059701492537313, 0.005597014925373134, 0.0037313432835820895, 0.007462686567164179, 0.0, 0.0, 0.0, 0.0, 0.0, 0.0, 0.0, 0.0, 0.0], [0.0, 0.0002801905295601009, 0.0008405715886803026, 0.0011207621182404036, 0.0016811431773606051, 0.003922667413841412, 0.0070047632390025216, 0.010927430652843934, 0.019613337069207062, 0.03446343513589241, 0.04539086578873634, 0.062482488091902495, 0.08181563463154945, 0.10451106752591763, 0.13533202577752873, 0.130568786775007, 0.14121602689829083, 0.06892687027178482, 0.0947043989913141, 0.023816195012608572, 0.011768002241524236, 0.009246287475483329, 0.004202857943401513, 0.002801905295601009, 0.001961333706920706, 0.0011207621182404036, 0.0002801905295601009, 0.0, 0.0, 0.0, 0.0, 0.0, 0.0], [0.0, 0.0, 0.0, 0.0001210800339024095, 0.0001210800339024095, 0.0001210800339024095, 0.0, 0.000726480203414457, 0.001937280542438552, 0.002663760745853009, 0.005811841627315656, 0.00956532267829035, 0.01198692335633854, 0.015256084271703597, 0.025063567017798764, 0.03499212979779635, 0.18053033054849255, 0.15401380312386487, 0.32594745126528635, 0.08027606247729749, 0.05206441457803608, 0.05145901440852403, 0.018162005085361425, 0.007991282237559027, 0.011623683254631312, 0.005206441457803608, 0.0018162005085361425, 0.002179440610243371, 0.0001210800339024095, 0.000242160067804819, 0.0, 0.0, 0.0], [0.0, 0.0, 0.0, 0.00011293054771315641, 0.00011293054771315641, 0.00022586109542631282, 0.0007905138339920949, 0.0020327498588368154, 0.002484472049689441, 0.005759457933370977, 0.011180124223602485, 0.01693958215697346, 0.020666290231507622, 0.025974025974025976, 0.04212309429700734, 0.052964426877470355, 0.07476002258610955, 0.04980237154150197, 0.277244494635799, 0.148729531338227, 0.0927159796725014, 0.0891022021456804, 0.030942970073404855, 0.01355166572557877, 0.024280067758328628, 0.008018068887634105, 0.004291360813099943, 0.0015810276679841897, 0.003500846979107849, 0.00011293054771315641, 0.0, 0.0, 0.0], [0.0, 0.0, 0.0, 0.0, 0.0, 0.021739130434782608, 0.02717391304347826, 0.04891304347826087, 0.06521739130434782, 0.04891304347826087, 0.07608695652173914, 0.08152173913043478, 0.06521739130434782, 0.11956521739130435, 0.09239130434782608, 0.14673913043478262, 0.03260869565217391, 0.06521739130434782, 0.03260869565217391, 0.04891304347826087, 0.005434782608695652, 0.005434782608695652, 0.0, 0.005434782608695652, 0.010869565217391304, 0.0, 0.0, 0.0, 0.0, 0.0, 0.0, 0.0, 0.0], [0.0, 0.0, 0.00010718113612004287, 0.00021436227224008573, 0.0003215434083601286, 0.00010718113612004287, 0.00021436227224008573, 0.0011789924973204715, 0.0019292604501607716, 0.0039657020364415865, 0.007931404072883173, 0.012004287245444802, 0.018435155412647373, 0.09121114683815648, 0.12936763129689174, 0.13729903536977492, 0.1630225080385852, 0.1112540192926045, 0.14919614147909968, 0.05637727759914255, 0.03622722400857449, 0.03922829581993569, 0.014362272240085745, 0.0053590568060021436, 0.010718113612004287, 0.004394426580921758, 0.0026795284030010718, 0.0007502679528403001, 0.0017148981779206859, 0.0003215434083601286, 0.00010718113612004287, 0.0, 0.0], [0.0001908761213972132, 0.0001908761213972132, 0.0007635044855888528, 0.0015270089711777056, 0.003054017942355411, 0.0041992746707386905, 0.007253292613094102, 0.012597824012216072, 0.025195648024432145, 0.04008398549341478, 0.05936247375453331, 0.07558694407329643, 0.0942928039