{"region": {"us": {"histType": {"histogram": {"labels": ["0", "100", "200", "300", "400", "500", "600", "700", "800", "900", "1000", "1100", "1200", "1300", "1400", "1500", "1600", "1700", "1800", "1900", "2000", "2100", "2200", "2300", "2400", "2500", "2600", "2700", "2800", "2900", "3000", "3100", "3200"], "data": [[0.0, 0.0, 0.0027816411682892906, 0.005563282336578581, 0.004172461752433936, 0.006954102920723227, 0.012517385257301807, 0.013908205841446454, 0.03616133518776078, 0.048678720445062586, 0.08205841446453407, 0.10152990264255911, 0.11821974965229486, 0.13212795549374132, 0.13212795549374132, 0.09874826147426982, 0.06675938803894298, 0.043115438108484005, 0.04450625869262865, 0.01808066759388039, 0.013908205841446454, 0.008344923504867872, 0.004172461752433936, 0.005563282336578581, 0.0, 0.0, 0.0, 0.0, 0.0, 0.0, 0.0, 0.0, 0.0], [0.0, 0.00025258903763576663, 0.00025258903763576663, 0.00025258903763576663, 0.0010103561505430665, 0.002020712301086133, 0.004799191715079565, 0.009345794392523364, 0.01566052033341753, 0.028795150290477394, 0.03839353372063652, 0.05481182116696135, 0.08259661530689569, 0.09396312200050518, 0.1300833543824198, 0.1361454912856782, 0.1437231624147512, 0.08335438241980297, 0.10457186158120738, 0.03359434200555696, 0.01717605455923213, 0.006819904016165698, 0.004041424602172266, 0.0027784794139934328, 0.0017681232634503663, 0.0017681232634503663, 0.0010103561505430665, 0.0010103561505430665, 0.0, 0.0, 0.0, 0.0, 0.0], [0.00011947431302270011, 0.0, 0.0, 0.00023894862604540023, 0.00023894862604540023, 0.00023894862604540023, 0.00023894862604540023, 0.0005973715651135006, 0.0025089605734767025, 0.0034647550776583033, 0.0052568697729988055, 0.006929510155316607, 0.012066905615292712, 0.019115890083632018, 0.025089605734767026, 0.03847072879330944, 0.0884109916367981, 0.16176821983273595, 0.36869772998805256, 0.08721624850657109, 0.052329749103942655, 0.06069295101553166, 0.023894862604540025, 0.00967741935483871, 0.01935483870967742, 0.006332138590203106, 0.0023894862604540022, 0.004062126642771804, 0.00011947431302270011, 0.00047789725209080046, 0.0, 0.0, 0.0], [0.0, 0.0, 0.0, 0.0, 0.0001165093790050099, 0.0, 0.0008155656530350694, 0.0017476406850751485, 0.004776884539205406, 0.007922637772340674, 0.011534428521495981, 0.0129325410695561, 0.02609810089712222, 0.028428288477222417, 0.042409413957823605, 0.050681579867179305, 0.070604683677036, 0.043108470231853664, 0.2669229873004777, 0.15449143656064313, 0.08959571245485262, 0.0975183502271933, 0.03250611674239776, 0.013631597343586158, 0.027962250961202376, 0.006757543982290575, 0.004660375160200396, 0.0019806594430851684, 0.0027962250961202375, 0.0, 0.0, 0.0, 0.0], [0.0, 0.0, 0.0, 0.0, 0.010256410256410256, 0.005128205128205128, 0.03076923076923077, 0.02564102564102564, 0.05641025641025641, 0.05128205128205128, 0.07179487179487179, 0.09230769230769231, 0.10256410256410256, 0.11794871794871795, 0.09230769230769231, 0.10256410256410256, 0.07692307692307693, 0.03076923076923077, 0.06153846153846154, 0.03076923076923077, 0.035897435897435895, 0.005128205128205128, 0.0, 0.0, 0.0, 0.0, 0.0, 0.0, 0.0, 0.0, 0.0, 0.0, 0.0], [0.0, 0.0, 0.0, 0.0, 0.0, 0.0, 0.0, 0.0013891857234451805, 0.0012823252831801668, 0.004701859371660611, 0.007159649497755931, 0.011327206668091472, 0.021372088053002777, 0.06796324000854884, 0.12246206454370592, 0.14939089549048942, 0.17749519128018806, 0.1107074161145544, 0.14992519769181448, 0.05599487069886728, 0.03291301560162428, 0.03964522333832016, 0.015174182517631973, 0.008014533019876043, 0.012182090190211584, 0.004701859371660611, 0.002885231887155375, 0.0013891857234451805, 0.0012823252831801668, 0.0006411626415900834, 0.0, 0.0, 0.0], [0.0, 0.0, 0.00040543279951348065, 0.0022298803973241437, 0.0016217311980539226, 0.0034461787958645854, 0.007095073991485911, 0.01277113318467464, 0.01905534157713359, 0.0356780863571863, 0.05007095073991486, 0.06892357591729172, 0.09365497668761402, 0.11331846746401784, 0.12162983985404419, 0.12021082505574701, 0.11980539225623353, 0.0668964119197243, 0.07257247111291304, 0.028583012365700385, 0.01763632677883641, 0.015811879181025744, 0.008311372390026352, 0.005067909993918508, 0.00628420839245895, 0.0036488951956213257, 0.002432596797080884, 0.0014190147982971822, 0.0010135819987837015, 0.00020271639975674033, 0.00020271639975674033, 0.0, 0.0], [0.0026954177897574125, 0.0026954177897574125, 0.0, 0.008086253369272238, 0.005390835579514825, 0.018867924528301886, 0.013477088948787063, 0.03504043126684636, 0.05660377358490566, 0.12398921832884097, 0.11590296495956873, 0.1293800539083558, 0.09973045822102426, 0.1105121293800539, 0.07008086253369272, 0.07008086253369272, 0.05121293800539083, 0.013477088948787063, 0.02425876010781671, 0.03234501347708895, 0.01078167115902965, 0.0026954177897574125, 0.0026954177897574125, 0.0, 0.0, 0.0, 0.0, 0.0, 0.0, 0.0, 0.0, 0.0, 0.0], [0.00021199915200339198, 0.00021199915200339198, 0.00052999788000848, 0.00031799872800508796, 0.00052999788000848, 0.0012719949120203519, 0.0015899936400254398, 0.004345982616069536, 0.007737969048123808, 0.016217935128259486, 0.025757896968412127, 0.034343862624549505, 0.04123383506465974, 0.04600381598473606, 0.05766376934492262, 0.06656773372906509, 0.20309518761924952, 0.1328174687301251, 0.1452194191223235, 0.06487174051303794, 0.04292982828068688, 0.042611829552681786, 0.02172991308034768, 0.013143947424210304, 0.01823192707229171, 0.005087979648081407, 0.002331990672037312, 0.002967988128047488, 0.00042399830400678397, 0.0, 0.0, 0.0, 0.0], [0.0, 0.0, 0.0, 0.0, 0.0003920031360250882, 0.0007840062720501764, 0.0011760094080752645, 0.0015680125441003528, 0.002352018816150529, 0.009408075264602116, 0.012936103488827911, 0.01568012544100353, 0.022344178753430026, 0.037632301058408466, 0.061936495491963936, 0.07840062720501764, 0.10388083104664837, 0.08859270874166994, 0.17757742061936496, 0.06938455507644062, 0.07369658957271658, 0.09682477459819679, 0.0431203449627597, 0.01685613484907879, 0.047432379459035674, 0.013720109760878087, 0.012152097216777734, 0.00862406899255194, 0.0027440219521756176, 0.0007840062720501764, 0.0, 0.0, 0.0], [0.0, 0.0, 0.00017787264318747776, 0.0, 0.0008893632159373888, 0.0005336179295624333, 0.0012451085023123443, 0.004446816079686944, 0.008537886872998933, 0.014763429384560654, 0.02152258982568481, 0.030060476698683742, 0.05371753824261829, 0.06350053361792957, 0.10120953397367485, 0.12540021344717184, 0.15314834578441835, 0.09640697260761295, 0.14372109569548203, 0.061721807186054786, 0.03753112771255781, 0.03717538242618285, 0.012806830309498399, 0.008360014229811455, 0.01351832088224831, 0.0033795802205620774, 0.002845962290999644, 0.001422981145499822, 0.0019565990750622553, 0.0, 0.0, 0.0, 0.0], [0.0, 0.0, 0.00042918454935622315, 0.00042918454935622315, 0.00042918454935622315, 0.003290414878397711, 0.006294706723891273, 0.012589413447782546, 0.02117310443490701, 0.036337625178826896, 0.0592274678111588, 0.07439198855507868, 0.09799713876967096, 0.11931330472103004, 0.13848354792560802, 0.12160228898426323, 0.10300429184549356, 0.059799713876967094, 0.06223175965665236, 0.026895565092989987, 0.018311874105865523, 0.01530758226037196, 0.008011444921316165, 0.004148783977110157, 0.0038626609442060085, 0.00357653791130186, 0.001430615164520744, 0.0002861230329041488, 0.0011444921316165952, 0.0, 0.0, 0.0, 0.0], [0.0, 0.0, 0.0, 0.0, 0.00012735608762098828, 0.0005094243504839531, 0.0016556291390728477, 0.0020376974019358125, 0.004330106979113602, 0.005221599592460519, 0.013499745287824758, 0.019612837493632195, 0.027890983188996434, 0.033622007131940905, 0.048140601120733574, 0.04470198675496689, 0.22465613856342334, 0.1543555781966378, 0.21408558329088131, 0.07514009169638308, 0.039862455425369335, 0.041772796739684155, 0.01617422312786551, 0.010570555272542028, 0.013499745287824758, 0.0038206826286296485, 0.001782985226693836, 0.0010188487009679063, 0.0019103413143148242, 0.0, 0.0, 0.0, 0.0], [0.00020721094073767094, 0.0, 0.0, 0.00010360547036883547, 0.00010360547036883547, 0.0003108164111065064, 0.0012432656444260257, 0.0015540820555325322, 0.004247824285122255, 0.009946125155408206, 0.016058847907169497, 0.018959801077496893, 0.025279734769995857, 0.06351015333609615, 0.1410070451719851, 0.14825942809780357, 0.1703273932863655, 0.10992540406133444, 0.13603398259428098, 0.05439287194363862, 0.0306672192291753, 0.03232490675507667, 0.01212184003315375, 0.005698300870285951, 0.009324492333195192, 0.0030045586406962288, 0.001968503937007874, 0.002175714877745545, 0.0005180273518441774, 0.0006216328222130128, 0.00010360547036883547, 0.0, 0.0], [0.0, 0.0, 0.0, 0.00018047283883775492, 0.0005414185165132648, 0.00018047283883775492, 0.0012633098718642843, 0.001804728388377549, 0.003970402454430608, 0.006857967875834687, 0.014437827107020393, 0.025266197437285687, 0.0440353726764122, 0.06515069482042952, 0.09601155026168562, 0.11839018227756723, 0.15881609817722434, 0.1173073452445407, 0.15268002165674066, 0.07020393430788666, 0.043493954159898936, 0.036816459122902004, 0.01570113697888468, 0.006316549359321422, 0.010467424652589786, 0.004511820970943873, 0.0028875654214040787, 0.0009023641941887746, 0.0009023641941887746, 0.0009023641941887746, 0.0, 0.0, 0.0], [0.0, 0.0, 0.00024838549428713363, 0.00024838549428713363, 0.0017386984600099354, 0.003229011425732737, 0.0014903129657228018, 0.00546448087431694, 0.011425732737208148, 0.01763537009438649, 0.030799801291604572, 0.04719324391455539, 0.06607054148037754, 0.09264778936910084, 0.1145057128663686, 0.12891207153502235, 0.13040238450074515, 0.09562841530054644, 0.10208643815201192, 0.045454545454545456, 0.029557873820168903, 0.031048186785891704, 0.014157973174366617, 0.006458022851465474, 0.012419274714356682, 0.00546448087431694, 0.0022354694485842027, 0.00273224043715847, 0.0004967709885742673, 0.00024838549428713363, 0.0, 0.0, 0.0], [0.00018528812303131369, 0.0, 0.0005558643690939411, 0.0012970168612191958, 0.0005558643690939411, 0.0014823049842505095, 0.0035204743375949602, 0.0070409486751899205, 0.011858439874004076, 0.019825829164350564, 0.032054845284417266, 0.05262182694089309, 0.07467111358161942, 0.10209375579025384, 0.1245136186770428, 0.12803409301463775, 0.13618677042801555, 0.07930331665740226, 0.11302575504910135, 0.03983694645173244, 0.023161015378914213, 0.0229757272558829, 0.010005558643690939, 0.004632203075782842, 0.005188067444876783, 0.0018528812303131369, 0.0005558643690939411, 0.0012970168612191958, 0.0012970168612191958, 0.00037057624606262737, 0.0, 0.0, 0.0], [0.0, 0.0, 0.00012565971349585322, 0.00025131942699170643, 0.0003769791404875597, 0.00025131942699170643, 0.0008796179944709727, 0.001633576275446092, 0.002764513696908771, 0.0062829856747926615, 0.01244031163608947, 0.014450867052023121, 0.027519477255591857, 0.03392812264388037, 0.14551394822819805, 0.15732596129680823, 0.17416436290525258, 0.11246544357878864, 0.1749183211862277, 0.047625031414928375, 0.025131942699170646, 0.028901734104046242, 0.010304096506659964, 0.006408645388288514, 0.008544860517718019, 0.0031414928373963307, 0.0012565971349585323, 0.0010052777079668257, 0.0018848957024377984, 0.0005026388539834129, 0.0, 0.0, 0.0], [0.0, 0.0, 0.0, 0.006211180124223602, 0.006211180124223602, 0.006211180124223602, 0.0, 0.018633540372670808, 0.049689440993788817, 0.09316770186335403, 0.062111801242236024, 0.08074534161490683, 0.07453416149068323, 0.062111801242236024, 0.043478260869565216, 0.12422360248447205, 0.08695652173913043, 0.08695652173913043, 0.037267080745341616, 0.043478260869565216, 0.049689440993788817, 0.012422360248447204, 0.031055900621118012, 0.0, 0.006211180124223602, 0.006211180124223602, 0.0, 0.012422360248447204, 0.0, 0.0, 0.0, 0.0, 0.0], [0.0002226923505177597, 0.00011134617525887985, 0.0, 0.0, 0.0, 0.00011134617525887985, 0.0002226923505177597, 0.0010021155773299187, 0.002338269680436477, 0.004565193185614074, 0.00757153991760383, 0.009909809598040307, 0.02171250417548157, 0.02972942879412092, 0.051664625320120255, 0.1592250306201982, 0.22703485135285603, 0.14953791337267563, 0.1543257989088075, 0.06536020487696248, 0.037746353412760274, 0.03763500723750139, 0.013472887206324462, 0.0069034628660505516, 0.010911925175370226, 0.004008462309319675, 0.0018928849794009575, 0.0022269235051775972, 0.0005567308762943993, 0.0, 0.0, 0.0, 0.0], [0.0, 0.0, 0.0, 0.00012042389210019268, 0.0, 0.00012042389210019268, 0.0009633911368015414, 0.000361271676300578, 0.0012042389210019267, 0.002288053949903661, 0.004455684007707129, 0.00674373795761079, 0.011440269749518304, 0.016016377649325626, 0.02781791907514451, 0.10344412331406551, 0.18870423892100194, 0.15149325626204238, 0.21266859344894026, 0.09176300578034682, 0.058405587668593446, 0.05744219653179191, 0.02023121387283237, 0.01083815028901734, 0.019629094412331405, 0.0072254335260115606, 0.003371868978805395, 0.0009633911368015414, 0.0015655105973025048, 0.00024084778420038535, 0.0004816955684007707, 0.0, 0.0], [0.00019751135690302193, 9.875567845151097e-05, 0.0, 0.00019751135690302193, 0.00019751135690302193, 0.0005925340707090658, 0.0007900454276120877, 0.0018763578905787084, 0.002962670353545329, 0.005530317993284614, 0.009974323523602608, 0.01333201659095398, 0.01747975508591744, 0.024688919612877742, 0.03377444203041675, 0.1413193758641122, 0.16818092040292318, 0.139541773651985, 0.18980841398380408, 0.08542366186055698, 0.05115544143788268, 0.05727829350187636, 0.021429982223977878, 0.01115939166502074, 0.01431957337546909, 0.0044440055303179935, 0.002370136282836263, 0.0014813351767726645, 0.00039502271380604387, 0.0, 0.0, 0.0, 0.0], [0.0, 0.0, 0.0, 0.001440922190201729, 0.001440922190201729, 0.0, 0.0, 0.007204610951008645, 0.007204610951008645, 0.005763688760806916, 0.012968299711815562, 0.025936599423631124, 0.043227665706051875, 0.08645533141210375, 0.12247838616714697, 0.17435158501440923, 0.1729106628242075, 0.1239193083573487, 0.12103746397694524, 0.04899135446685879, 0.023054755043227664, 0.012968299711815562, 0.001440922190201729, 0.007204610951008645, 0.0, 0.0, 0.0, 0.0, 0.0, 0.0, 0.0, 0.0, 0.0], [0.0, 0.0, 0.0, 9.219138932423711e-05, 0.0, 9.219138932423711e-05, 0.00027657416797271134, 0.0007375311145938969, 0.0016594450078362682, 0.004886143634184567, 0.007375311145938969, 0.012261454780123537, 0.02138840232322301, 0.027657416797271135, 0.040564211302664334, 0.048492670784548726, 0.08758181985802527, 0.1674195630128146, 0.2846870102332442, 0.09698534156909745, 0.05900248916751175, 0.07605789619249562, 0.02009772287268369, 0.010141052825666083, 0.020005531483359453, 0.005162717802157279, 0.0024891675117544023, 0.002396976122430165, 0.002304784733105928, 0.00018438277864847423, 0.0, 0.0, 0.0], [9.972078181092939e-05, 9.972078181092939e-05, 9.972078181092939e-05, 0.0, 0.0002991623454327882, 0.00039888312724371757, 0.0002991623454327882, 0.0008974870362983646, 0.0010969285999202234, 0.005185480654168329, 0.009473474272038292, 0.019146390107698443, 0.032508974870362986, 0.0447746310331073, 0.06451934583167132, 0.07628639808536099, 0.09583167132030315, 0.20841643398484244, 0.23045472676505785, 0.09144395692062225, 0.04597128041483845, 0.04168328679696849, 0.014858396489828481, 0.006382130035899481, 0.004188272836059034, 0.0017949740725967292, 0.0033905065815715996, 0.00039888312724371757, 0.0, 0.0, 0.0, 0.0, 0.0], [0.0, 0.00010753844499408539, 0.0, 0.00010753844499408539, 0.00010753844499408539, 0.00043015377997634156, 0.0007527691149585977, 0.0017206151199053662, 0.0023658457898698784, 0.004624153134745672, 0.008495537154532745, 0.0139799978492311, 0.05022045381223787, 0.08366491020539843, 0.11227013657382515, 0.1405527476072696, 0.15840412947628776, 0.11614152059361221, 0.13840197870738788, 0.0633401441015163, 0.03892891708785891, 0.03387461017313689, 0.014410151629207441, 0.006129691364662867, 0.005807076029680611, 0.0025809226798580494, 0.0012904613399290247, 0.0012904613399290247, 0.0, 0.0, 0.0, 0.0, 0.0], [0.0, 0.0, 0.0, 0.0, 0.00023937761819269897, 0.0, 0.0008378216636744464, 0.0023937761819269898, 0.004907241172950329, 0.007899461400359067, 0.01663674446439258, 0.02549371633752244, 0.04213046080191502, 0.06726511071214841, 0.10365050867743866, 0.1255535607420706, 0.1533213644524237, 0.09814482345900659, 0.16660682226211848, 0.059245960502693, 0.03734290843806104, 0.03842010771992819, 0.01603830041891083, 0.006582884500299222, 0.012567324955116697, 0.005026929982046679, 0.0039497307001795335, 0.0023937761819269898, 0.0020347097546379415, 0.00047875523638539794, 0.0008378216636744464, 0.0, 0.0], [0.0, 0.00017277125086385625, 0.00017277125086385625, 0.0003455425017277125, 0.0010366275051831375, 0.0010366275051831375, 0.0017277125086385626, 0.002591568762957844, 0.0055286800276434, 0.01796821008984105, 0.04232895646164478, 0.059778852798894264, 0.0789564616447823, 0.1046993780234969, 0.12612301313061505, 0.11834830684174154, 0.1465100207325501, 0.07740152038700761, 0.1145473393227367, 0.029889426399447132, 0.023842432619212164, 0.02073255010366275, 0.008465791292328956, 0.004492052522460262, 0.007083621285418107, 0.002073255010366275, 0.002073255010366275, 0.00017277125086385625, 0.0010366275051831375, 0.0008638562543192813, 0.0, 0.0, 0.0], [0.0, 0.0, 0.0, 0.0007265681763138775, 0.0009687575684185032, 0.0021797045289416324, 0.003875030273674013, 0.006781302978929523, 0.013562605957859046, 0.015257931702591427, 0.026398643739404214, 0.042867522402518767, 0.05400823443933156, 0.08210220392346815, 0.12351658997335917, 0.13150883991281181, 0.1491886655364495, 0.09614918866553646, 0.11019617340760475, 0.04795349963671591, 0.02785178009203197, 0.022523613465730202, 0.012351658997335917, 0.009687575684185032, 0.00871881811576653, 0.0031484620973601355, 0.002664083313150884, 0.0033906514894647614, 0.001453136352627755, 0.0009687575684185032, 0.0, 0.0, 0.0], [0.00022444170126809562, 0.0, 0.0, 0.0, 0.00044888340253619125, 0.00044888340253619125, 0.001683312759510717, 0.003366625519021434, 0.0049377174278981036, 0.009538772303894064, 0.01739423184827741, 0.04129727303332959, 0.08427785882616991, 0.11985186847716306, 0.14700931433060263, 0.15104926495342835, 0.13791942542924476, 0.08068679160588037, 0.09572438559084277, 0.03422735944338458, 0.020760857367298845, 0.024351924587588374, 0.00920210975199192, 0.004376613174727865, 0.00718213444057906, 0.002244417012680956, 0.000561104253170239, 0.0008977668050723825, 0.00011222085063404781, 0.00022444170126809562, 0.0, 0.0, 0.0], [0.0, 0.0, 0.0, 0.0002830055186076129, 0.00014150275930380644, 0.00014150275930380644, 0.0014150275930380643, 0.0004245082779114193, 0.0021225413895570966, 0.004669591057025612, 0.007782651761709353, 0.009339182114051225, 0.014574784208292061, 0.0616952030564596, 0.11419272675817178, 0.1389557096363379, 0.17319937738785907, 0.11093816329418424, 0.16654874770058017, 0.059148153388991084, 0.03707372293759728, 0.041035800198103864, 0.018819866987406255, 0.007924154521013159, 0.014574784208292061, 0.004952596575633225, 0.005094099334937032, 0.002264044148860903, 0.0018395358709494835, 0.0005660110372152257, 0.0002830055186076129, 0.0, 0.0], [0.0, 0.0, 0.00017259233690024162, 0.00034518467380048324, 0.0010355540214014498, 0.001380738695201933, 0.0022437003797031413, 0.004659993096306524, 0.0075940628236106315, 0.018294787711425613, 0.030376251294442526, 0.041767345529858474, 0.0680013807386952, 0.09112875388332758, 0.11701760441836383, 0.13203313772868486, 0.14532274767000344, 0.08974801518812564, 0.12392129789437349, 0.04487400759406282, 0.02744218156713842, 0.021919226786330688, 0.010355540214014497, 0.004659993096306524, 0.005522954780807732, 0.0012081463583016915, 0.0022437003797031413, 0.003969623748705558, 0.0025888850535036242, 0.00017259233690024162, 0.0, 0.0, 0.0], [0.00011795234725171031, 0.0, 0.0, 0.0, 0.00011795234725171031, 0.0010615711252653928, 0.0007077140835102619, 0.0023590469450342063, 0.0028308563340410475, 0.005779665015333805, 0.013918376975701816, 0.0217032318943147, 0.03491389478650625, 0.042344892663364, 0.058504364236848315, 0.11653691908468979, 0.2092474640245341, 0.15003538570417552, 0.16088700165133285, 0.07195093182354328, 0.044821891955649916, 0.0331446095777306, 0.013210662892191555, 0.005543760320830385, 0.005543760320830385, 0.0020051899032790753, 0.0022410945977824957, 0.00035385704175513094, 0.00011795234725171031, 0.0, 0.0, 0.0, 0.0], [0.0, 0.0, 0.0, 0.00014936519790888724, 0.00014936519790888724, 0.00044809559372666166, 0.000597460791635549, 0.0016430171769977594, 0.0026885735623599703, 0.005675877520537715, 0.02374906646751307, 0.03300970873786408, 0.06811053024645258, 0.09648991784914115, 0.13278566094100075, 0.14592979835698283, 0.15593726661687826, 0.10365944734876774, 0.11082897684839432, 0.04271844660194175, 0.02584017923823749, 0.020164301717699777, 0.009858103061986557, 0.004480955937266617, 0.0074682598954443615, 0.002539208364451083, 0.0026885735623599703, 0.001194921583271098, 0.001194921583271098, 0.0, 0.0, 0.0, 0.0], [0.0, 0.0, 0.0, 0.0001549666821633349, 0.0, 0.00046490004649000463, 0.0009298000929800093, 0.0009298000929800093, 0.0023245002324500234, 0.0018596001859600185, 0.005268867193553386, 0.011002634433596777, 0.0399814039981404, 0.06415620641562064, 0.09220517588718426, 0.11777467844413451, 0.15558654889198822, 0.10987137765380443, 0.17960638462730513, 0.0701999070199907, 0.041686037501937084, 0.046180071284673795, 0.02030063536339687, 0.011157601115760111, 0.01580660158066016, 0.0063536339686967305, 0.002789400278940028, 0.0007748334108166745, 0.0023245002324500234, 0.0003099333643266698, 0.0, 0.0, 0.0], [0.0, 0.0, 0.0001164551065564225, 0.0, 0.000232910213112845, 0.0003493653196692675, 0.0003493653196692675, 0.0012810061721206475, 0.0010480959590078024, 0.003493653196692675, 0.006754396180272505, 0.016187259811342728, 0.026784674507977176, 0.04460230581110982, 0.05531617561430069, 0.15814603470362176, 0.1816699662280191, 0.11005007569581926, 0.1817864213345755, 0.06439967392570164, 0.04425294049144055, 0.03994410154885292, 0.023523931524397346, 0.01211133108186794, 0.01630371491789915, 0.004425294049144055, 0.0029113776639105625, 0.002096191918015605, 0.0010480959590078024, 0.0008151857458949575, 0.0, 0.0, 0.0], [0.0, 0.0, 0.0, 0.0, 9.493070058857034e-05, 9.493070058857034e-05, 9.493070058857034e-05, 0.0008543763052971331, 0.0018036833111828366, 0.004841465730017087, 0.009113347256502752, 0.01670780330358838, 0.028289348775393963, 0.03626352762483387, 0.054680083539016516, 0.05847731156255933, 0.07157774824378203, 0.07698879817733055, 0.3287450161382191, 0.1145813556104044, 0.06502752990317069, 0.0723371938484906, 0.018226694513005504, 0.009018416555914182, 0.019555724321245492, 0.004936396430605658, 0.0029428517182456806, 0.002468198215302829, 0.0018036833111828366, 0.0004746535029428517, 0.0, 0.0, 0.0], [0.0, 0.0, 0.0, 0.0, 0.0, 0.00010092854259184497, 0.0006055712555510698, 0.0030278562777553493, 0.005349212757367784, 0.009790068631408962, 0.018167137666532097, 0.033710133225676224, 0.05066612838110618, 0.07710940654016955, 0.11455389584174404, 0.13655631812676625, 0.17379895034315704, 0.10930561162696811, 0.15502624142107388, 0.04763827210335083, 0.024323778764634638, 0.025433992733144933, 0.006762212353653613, 0.0033306419055308843, 0.0024222850222042794, 0.0008074283407347598, 0.0006055712555510698, 0.0006055712555510698, 0.0003027856277755349, 0.0, 0.0, 0.0, 0.0], [0.0, 0.0029850746268656717, 0.0, 0.0029850746268656717, 0.005970149253731343, 0.020895522388059702, 0.020895522388059702, 0.03880597014925373, 0.08358208955223881, 0.05970149253731343, 0.050746268656716415, 0.07761194029850746, 0.08059701492537313, 0.11940298507462686, 0.1253731343283582, 0.1044776119402985, 0.07761194029850746, 0.04776119402985075, 0.03880597014925373, 0.014925373134328358, 0.011940298507462687, 0.008955223880597015, 0.0, 0.005970149253731343, 0.0, 0.0, 0.0, 0.0, 0.0, 0.0, 0.0, 0.0, 0.0]]}, "ranks": {"labels": ["Unranked", "Combatatent I", "Combatatent II", "Challenger I", "Challenger II", "Rival I", "Rival II", "Duelist", "Elite"], "data": [[0.13073713490959665, 0.1835883171070932, 0.25034770514603616, 0.23087621696801114, 0.10987482614742698, 0.05702364394993046, 0.019471488178025034, 0.01808066759388039, 0.0], [0.062389492296034355, 0.09320535488759787, 0.17655973730740085, 0.266228845668098, 0.22707754483455417, 0.12402121747916141, 0.03132104066683506, 0.013639808032331396, 0.0055569588279868656], [0.007646356033452807, 0.012186379928315413, 0.03118279569892473, 0.06356033452807647, 0.25017921146953404, 0.4161290322580645, 0.09211469534050179, 0.09426523297491039, 0.032735961768219836], [0.015379238028661308, 0.02446696959105208, 0.05452638937434463, 0.09309099382500291, 0.11371315390888967, 0.3504602120470698, 0.16054992426890366, 0.1436560643131772, 0.044157054642898756], [0.1794871794871795, 0.1641025641025641, 0.2205128205128205, 0.19487179487179487, 0.1076923076923077, 0.09230769230769231, 0.035897435897435895, 0.005128205128205128, 0.0], [0.007373370378285959, 0.018486856165847405, 0.08933532806155162, 0.27185296003419535, 0.28820260739474246, 0.18176960889078864, 0.057063475101517415, 0.06283393887582817, 0.023081855097243], [0.08230285830123657, 0.11899452665720657, 0.20697344415163188, 0.2418406649097912, 0.18670180417595783, 0.09061423069126293, 0.028177579566186904, 0.029191161564970605, 0.015203729981755523], [0.2668463611859838, 0.24528301886792453, 0.21024258760107817, 0.14016172506738545, 0.0646900269541779, 0.04043126684636118, 0.026954177897574125, 0.005390835579514825, 0.0], [0.03296586813652745, 0.06010175959296163, 0.0872376510493958, 0.1242315030739877, 0.3359126563493746, 0.18189527241891032, 0.07112571549713802, 0.07748569005723976, 0.0290438838244647], [0.01568012544100353, 0.028616228929831438, 0.05997647981183849, 0.14033712269698156, 0.1924735397883183, 0.21207369658957273, 0.10858486867894943, 0.15680125441003528, 0.08545668365346923], [0.030594094628246176, 0.05158306652436855, 0.11721807186054785, 0.22660974742084666, 0.2495553183920313, 0.18054073283528993, 0.0624332977588047, 0.05834222696549271, 0.02312344361437211], [0.08097281831187411, 0.13361945636623748, 0.217310443490701, 0.26008583690987125, 0.16280400572246065, 0.07639484978540773, 0.031044349070100143, 0.027467811158798282, 0.010300429184549357], [0.013881813550687723, 0.033112582781456956, 0.06151299032093734, 0.09284258787570046, 0.3790117167600611, 0.2572592969943963, 0.0718288334182374, 0.0685175751400917, 0.022032603158430974], [0.017716535433070866, 0.03501864898466639, 0.08878988810609201, 0.28926647326978866, 0.2802527973477, 0.16690841276419394, 0.05418566100290095, 0.05014504765851637, 0.017716535433070866], [0.014798772784695904, 0.039704024544306084, 0.10918606749684173, 0.21440173253925285, 0.27612344342176504, 0.1913012091680202, 0.07507670095650605, 0.0588341454611081, 0.02057390362750406], [0.04148037754595132, 0.07799304520615996, 0.1587183308494784, 0.24341778440139095, 0.2260307998012916, 0.1269249875807253, 0.050173869846000994, 0.051664182811723795, 0.023596621957277696], [0.046322030757828425, 0.08467667222531036, 0.17676486937187327, 0.25254771169168055, 0.21549008708541784, 0.13729849916620346, 0.03872521771354456, 0.03761348897535668, 0.010561423012784881], [0.012565971349585323, 0.02689117868811259, 0.06144759989947223, 0.3028399095250063, 0.28662980648404124, 0.20218647901482784, 0.04548881628549887, 0.04561447599899472, 0.01633576275446092], [0.18012422360248448, 0.14285714285714285, 0.13664596273291926, 0.16770186335403728, 0.17391304347826086, 0.055900621118012424, 0.07453416149068323, 0.043478260869565216, 0.024844720496894408], [0.00857365549493375, 0.01748134951564414, 0.05144193296960249, 0.21088965594031844, 0.3765727647255317, 0.19318561407415655, 0.06424674312437367, 0.05801135730987641, 0.019596926845562856], [0.0050578034682080926, 0.011199421965317919, 0.02745664739884393, 0.13126204238921002, 0.3401974951830443, 0.2636078998073218, 0.09922928709055877, 0.08851156069364162, 0.033477842003853564], [0.012443215484890382, 0.023306340114556588, 0.04216867469879518, 0.17509381789452894, 0.30772269405490815, 0.23681611692672327, 0.08957140035552044, 0.08986766739087497, 0.023010073079202054], [0.023054755043227664, 0.03890489913544669, 0.12968299711815562, 0.2968299711815562, 0.2968299711815562, 0.14985590778097982, 0.043227665706051875, 0.021613832853025938, 0.0], [0.007744076703235918, 0.019636765926062505, 0.04904581912049415, 0.08905688208721306, 0.25500138287083984, 0.34138471466765, 0.09929012630220338, 0.10629667189084539, 0.032543560431455704], [0.008476266453928998, 0.028619864379736737, 0.07728360590347029, 0.14080574391703232, 0.30424810530514557, 0.28171120861587556, 0.086158755484643, 0.06292381332269645, 0.00977263661747108], [0.010216152274438112, 0.022475535003763845, 0.13388536401763632, 0.2528228841810947, 0.2745456500699, 0.17421228089041832, 0.06645875900634476, 0.05441445316700721, 0.010968921389396709], [0.016277678037103532, 0.04213046080191502, 0.10939557151406344, 0.22920406941950927, 0.2514661879114303, 0.19760622381807302, 0.06558946738479952, 0.06104129263913824, 0.027289048473967684], [0.030580511402902556, 0.10210780926053904, 0.1836558396682792, 0.2444713199723566, 0.22391154111955772, 0.1307878369039392, 0.03749136143745681, 0.033690393918451966, 0.013303386316516931], [0.04335190118672802, 0.06926616614192298, 0.1361104383627997, 0.255025429886171, 0.24533785420198595, 0.13732138532332283, 0.04868006781302979, 0.04456284814725115, 0.020343908936788568], [0.020648636516664796, 0.058691504881607, 0.20412972730333295, 0.29805857928403096, 0.21860621703512512, 0.11435304679609472, 0.03635955560543149, 0.037930647514308156, 0.011222085063404781], [0.009197679354747417, 0.017121833875760578, 0.07626998726475166, 0.2531484363945097, 0.2841375406820433, 0.1983868685439366, 0.06438375548323193, 0.06777982170652327, 0.029574076694495542], [0.03572661373835002, 0.072143596824301, 0.15913013462202277, 0.24905074214704867, 0.2350707628581291, 0.15015533310321022, 0.046082153952364514, 0.03693476009665171, 0.01570590265792199], [0.012974758197688134, 0.035621608870016516, 0.07725878744987025, 0.1750412833215381, 0.3592828497287096, 0.2002830856334041, 0.07737673979712197, 0.05189903279075254, 0.010261854210898797], [0.01135175504107543, 0.05675877520537715, 0.16460044809559374, 0.2787154592979836, 0.259596713965646, 0.1344286781179985, 0.04495892457057506, 0.03450336071695295, 0.01508588498879761], [0.0066635673330234, 0.016271501627150162, 0.10413761041376104, 0.20997985433131877, 0.26545792654579264, 0.2175732217573222, 0.07391910739191074, 0.07763830776383078, 0.028358902835890282], [0.006870851286828928, 0.022941655991615233, 0.071386980319087, 0.21346221031792245, 0.2917200419238384, 0.21649004308838943, 0.07394899266332829, 0.0755793641551182, 0.027599860253872132], [0.007784317448262768, 0.025821150560091134, 0.06455287640022783, 0.11315739510157585, 0.14856654642111258, 0.3920637934307955, 0.11629010822099867, 0.0995823049174103, 0.03218150749952535], [0.01887363746467501, 0.05187727089220832, 0.12777553492127575, 0.2511102139685103, 0.2831045619701251, 0.18257973354864757, 0.04440855874041179, 0.03552684699232943, 0.004743641501816714], [0.23582089552238805, 0.12835820895522387, 0.2, 0.2298507462686567, 0.1253731343283582, 0.041791044776119404, 0.023880597014925373, 0.014925373134328358, 0.0]]}, "ranksDetailed": {"labels": ["Unranked", "Combatatant", "Challenger", "Rival", "Duelist", "Elite"], "data": [[0.13073713490959665, 0.4339360222531293, 0.34075104311543813, 0.07649513212795549, 0.01808066759388039, 0.0], [0.062389492296034355, 0.2697650921949987, 0.4933063905026522, 0.15534225814599648, 0.013639808032331396, 0.0055569588279868656], [0.007646356033452807, 0.043369175627240145, 0.3137395459976105, 0.5082437275985663, 0.09426523297491039, 0.032735961768219836], [0.015379238028661308, 0.07899335896539672, 0.20680414773389258, 0.5110101363159735, 0.1436560643131772, 0.044157054642898756], [0.1794871794871795, 0.38461538461538464, 0.30256410256410254, 0.1282051282051282, 0.005128205128205128, 0.0], [0.007373370378285959, 0.10782218422739902, 0.5600555674289378, 0.23883308399230604, 0.06283393887582817, 0.023081855097243], [0.08230285830123657, 0.32596797080883844, 0.42854246908574906, 0.11879181025744982, 0.029191161564970605, 0.015203729981755523], [0.2668463611859838, 0.4555256064690027, 0.20485175202156333, 0.0673854447439353, 0.005390835579514825, 0.0], [0.03296586813652745, 0.14733941064235742, 0.4601441594233623, 0.2530209879160483, 0.07748569005723976, 0.0290438838244647], [0.01568012544100353, 0.08859270874166994, 0.3328106624852999, 0.32065856526852216, 0.15680125441003528, 0.08545668365346923], [0.030594094628246176, 0.1688011383849164, 0.476165065812878, 0.24297403059409464, 0.05834222696549271, 0.02312344361437211], [0.08097281831187411, 0.3509298998569385, 0.4228898426323319, 0.10743919885550787, 0.027467811158798282, 0.010300429184549357], [0.013881813550687723, 0.09462557310239429, 0.4718543046357616, 0.32908813041263374, 0.0685175751400917, 0.022032603158430974], [0.017716535433070866, 0.1238085370907584, 0.5695192706174886, 0.2210940737670949, 0.05014504765851637, 0.017716535433070866], [0.014798772784695904, 0.1488900920411478, 0.49052517596101786, 0.2663779101245263, 0.0588341454611081, 0.02057390362750406], [0.04148037754595132, 0.23671137605563836, 0.46944858420268254, 0.1770988574267263, 0.051664182811723795, 0.023596621957277696], [0.046322030757828425, 0.26144154159718364, 0.4680377987770984, 0.17602371687974802, 0.03761348897535668, 0.010561423012784881], [0.012565971349585323, 0.08833877858758482, 0.5894697160090475, 0.24767529530032673, 0.04561447599899472, 0.01633576275446092], [0.18012422360248448, 0.2795031055900621, 0.3416149068322981, 0.13043478260869565, 0.043478260869565216, 0.024844720496894408], [0.00857365549493375, 0.06892328248524664, 0.5874624206658501, 0.25743235719853025, 0.05801135730987641, 0.019596926845562856], [0.0050578034682080926, 0.03865606936416185, 0.47145953757225434, 0.3628371868978805, 0.08851156069364162, 0.033477842003853564], [0.012443215484890382, 0.06547501481335177, 0.4828165119494371, 0.32638751728224374, 0.08986766739087497, 0.023010073079202054], [0.023054755043227664, 0.1685878962536023, 0.5936599423631124, 0.1930835734870317, 0.021613832853025938, 0.0], [0.007744076703235918, 0.06868258504655665, 0.3440582649580529, 0.44067484096985343, 0.10629667189084539, 0.032543560431455704], [0.008476266453928998, 0.10590347028320703, 0.4450538492221779, 0.36786996410051853, 0.06292381332269645, 0.00977263661747108], [0.010216152274438112, 0.15636089902140016, 0.5273685342509947, 0.24067103989676308, 0.05441445316700721, 0.010968921389396709], [0.016277678037103532, 0.15152603231597844, 0.48067025733093954, 0.2631956912028725, 0.06104129263913824, 0.027289048473967684], [0.030580511402902556, 0.2857636489288182, 0.4683828610919143, 0.16827919834139599, 0.033690393918451966, 0.013303386316516931], [0.04335190118672802, 0.2053766045047227, 0.5003632840881569, 0.18600145313635263, 0.04456284814725115, 0.020343908936788568], [0.020648636516664796, 0.26282123218493997, 0.5166647963191561, 0.1507126024015262, 0.037930647514308156, 0.011222085063404781], [0.009197679354747417, 0.09339182114051224, 0.537285977076553, 0.26277062402716855, 0.06777982170652327, 0.029574076694495542], [0.03572661373835002, 0.2312737314463238, 0.48412150500517775, 0.19623748705557473, 0.03693476009665171, 0.01570590265792199], [0.012974758197688134, 0.11288039631988676, 0.5343241330502477, 0.2776598254305261, 0.05189903279075254, 0.010261854210898797], [0.01135175504107543, 0.22135922330097088, 0.5383121732636296, 0.17938760268857357, 0.03450336071695295, 0.01508588498879761], [0.0066635673330234, 0.1204091120409112, 0.4754377808771114, 0.2914923291492329, 0.07763830776383078, 0.028358902835890282], [0.006870851286828928, 0.09432863631070222, 0.5051822522417608, 0.2904390357517177, 0.0755793641551182, 0.027599860253872132], [0.007784317448262768, 0.09037402696031897, 0.26172394152268846, 0.5083539016517942, 0.0995823049174103, 0.03218150749952535], [0.01887363746467501, 0.17965280581348406, 0.5342147759386354, 0.22698829228905934, 0.03552684699232943, 0.004743641501816714], [0.23582089552238805, 0.3283582089552239, 0.35522388059701493, 0.06567164179104477, 0.014925373134328358, 0.0]]}}}, "eu": {"histType": {"histogram": {"labels": ["0", "100", "200", "300", "400", "500", "600", "700", "800", "900", "1000", "1100", "1200", "1300", "1400", "1500", "1600", "1700", "1800", "1900", "2000", "2100", "2200", "2300", "2400", "2500", "2600", "2700", "2800", "2900", "3000", "3100", "3200"], "data": [[0.0, 0.0, 0.0018587360594795538, 0.0, 0.0018587360594795538, 0.007434944237918215, 0.013011152416356878, 0.026022304832713755, 0.05018587360594796, 0.07806691449814127, 0.07806691449814127, 0.10780669144981413, 0.10223048327137546, 0.11895910780669144, 0.1412639405204461, 0.09293680297397769, 0.06505576208178439, 0.03345724907063197, 0.03531598513011153, 0.016728624535315983, 0.013011152416356878, 0.0055762081784386614, 0.0037174721189591076, 0.007434944237918215, 0.0, 0.0, 0.0, 0.0, 0.0, 0.0, 0.0, 0.0, 0.0], [0.0, 0.00027862914460852607, 0.0008358874338255781, 0.0011145165784341043, 0.0016717748676511562, 0.003900808024519365, 0.006965728615213151, 0.010866536639732517, 0.019504040122596825, 0.034271384786848706, 0.04513792142658122, 0.06213429924770131, 0.08163833937029813, 0.10420730008358875, 0.13513513513513514, 0.13039843967679018, 0.14182223460573976, 0.06854276957369741, 0.09501253831150738, 0.024240735580941766, 0.012259682362775146, 0.00919476177208136, 0.004179437169127891, 0.0027862914460852605, 0.0022290331568682086, 0.0011145165784341043, 0.0005572582892170521, 0.0, 0.0, 0.0, 0.0, 0.0, 0.0], [0.0, 0.0, 0.0, 0.00012043839576056847, 0.00012043839576056847, 0.00012043839576056847, 0.0, 0.0007226303745634108, 0.0019270143321690955, 0.0026496447067325063, 0.005901481392267855, 0.009514633265084909, 0.012043839576056847, 0.015175237865831626, 0.02505118631819824, 0.035047573166325424, 0.18041671684933155, 0.1539202697820065, 0.3259062989280983, 0.0798506563892569, 0.05202938696856558, 0.05214982536432615, 0.01818619775984584, 0.007828495724436951, 0.01180296278453571, 0.005178851017704444, 0.001806575936408527, 0.0021678911236902325, 0.00012043839576056847, 0.00024087679152113694, 0.0, 0.0, 0.0], [0.0, 0.0, 0.0, 0.00011190689346463742, 0.00011190689346463742, 0.00022381378692927484, 0.000783348254252462, 0.002126230975828111, 0.0024619516562220233, 0.005707251566696508, 0.011302596239928379, 0.01689794091316025, 0.020702775290957924, 0.026186213070725158, 0.042860340196956136, 0.053491495076096685, 0.07520143240823635, 0.051141450313339304, 0.2759623992837959, 0.14782900626678602, 0.09254700089525515, 0.08840644583706356, 0.03088630259623993, 0.01342882721575649, 0.024059982094897046, 0.007945389435989257, 0.004364368845120859, 0.001566696508504924, 0.00346911369740376, 0.00022381378692927484, 0.0, 0.0, 0.0], [0.0, 0.0, 0.0, 0.0, 0.0, 0.021739130434782608, 0.02717391304347826, 0.04891304347826087, 0.06521739130434782, 0.04891304347826087, 0.07608695652173914, 0.08152173913043478, 0.06521739130434782, 0.11956521739130435, 0.09239130434782608, 0.14673913043478262, 0.03260869565217391, 0.06521739130434782, 0.03260869565217391, 0.04891304347826087, 0.005434782608695652, 0.005434782608695652, 0.0, 0.005434782608695652, 0.010869565217391304, 0.0, 0.0, 0.0, 0.0, 0.0, 0.0, 0.0, 0.0], [0.0, 0.0, 0.00010629251700680272, 0.00021258503401360543, 0.00031887755102040814, 0.00010629251700680272, 0.00021258503401360543, 0.00116921768707483, 0.001913265306122449, 0.003932823129251701, 0.007865646258503401, 0.012011054421768707, 0.018494897959183673, 0.09066751700680271, 0.1290391156462585, 0.13754251700680273, 0.16347789115646258, 0.11118197278911565, 0.14987244897959184, 0.05601615646258504, 0.036139455782312924, 0.0391156462585