{"region": {"us": {"histType": {"histogram": {"labels": ["0", "100", "200", "300", "400", "500", "600", "700", "800", "900", "1000", "1100", "1200", "1300", "1400", "1500", "1600", "1700", "1800", "1900", "2000", "2100", "2200", "2300", "2400", "2500", "2600", "2700", "2800", "2900", "3000", "3100", "3200"], "data": [[0.0, 0.0, 0.0030581039755351682, 0.0061162079510703364, 0.0030581039755351682, 0.0061162079510703364, 0.013761467889908258, 0.01529051987767584, 0.039755351681957186, 0.04434250764525994, 0.08868501529051988, 0.10244648318042814, 0.1162079510703364, 0.12691131498470948, 0.12538226299694188, 0.09327217125382263, 0.0764525993883792, 0.045871559633027525, 0.04892966360856269, 0.01834862385321101, 0.012232415902140673, 0.00764525993883792, 0.0030581039755351682, 0.0015290519877675841, 0.0015290519877675841, 0.0, 0.0, 0.0, 0.0, 0.0, 0.0, 0.0, 0.0], [0.0, 0.00026867275658248256, 0.0, 0.00026867275658248256, 0.0010746910263299302, 0.0021493820526598604, 0.004836109618484685, 0.009403546480386889, 0.016389038151531435, 0.028479312197743148, 0.039763567974207416, 0.053197205803331545, 0.08436324556689952, 0.09161740999462654, 0.12493283181085438, 0.13460505104782375, 0.1493820526598603, 0.08248253627082214, 0.10585706609349813, 0.03492745835572273, 0.015314347125201504, 0.007522837184309511, 0.004836109618484685, 0.0032240730789897904, 0.0024180548092423426, 0.0005373455131649651, 0.0010746910263299302, 0.0010746910263299302, 0.0, 0.0, 0.0, 0.0, 0.0], [0.00011630611770179111, 0.0, 0.0, 0.00023261223540358222, 0.00023261223540358222, 0.00023261223540358222, 0.00023261223540358222, 0.0005815305885089556, 0.0025587345894394044, 0.0033728774133519423, 0.0052337752965806, 0.007443591532914631, 0.012212142358688068, 0.019190509420795535, 0.02500581530588509, 0.038962549430100024, 0.13305419865084903, 0.15480344266108398, 0.3369388229820889, 0.08676436380553618, 0.05001163061177018, 0.06013026285182601, 0.021284019539427775, 0.008606652709932543, 0.020469876715515235, 0.005931612002791347, 0.0034891835310537334, 0.0024424284717376133, 0.0, 0.00046522447080716444, 0.0, 0.0, 0.0], [0.0, 0.0, 0.0, 0.0, 0.00011340440009072352, 0.0, 0.0007938308006350647, 0.0018144704014515763, 0.004762984803810388, 0.007938308006350647, 0.011680653209344522, 0.013268314810614652, 0.02574279882059424, 0.029144930823315946, 0.04332048083465639, 0.052052619641642095, 0.07223860285779088, 0.04456792923565434, 0.2889544114311635, 0.14300294851440237, 0.08562032206849626, 0.0906101156724881, 0.03186663642549331, 0.01292810161034248, 0.02347471081877977, 0.007371286005897029, 0.0052166024041732815, 0.002835110002268088, 0.0006804264005443411, 0.0, 0.0, 0.0, 0.0], [0.0, 0.0, 0.0, 0.0, 0.01098901098901099, 0.01098901098901099, 0.027472527472527472, 0.027472527472527472, 0.04945054945054945, 0.054945054945054944, 0.06593406593406594, 0.09340659340659341, 0.1043956043956044, 0.1043956043956044, 0.09340659340659341, 0.1043956043956044, 0.07142857142857142, 0.038461538461538464, 0.054945054945054944, 0.04395604395604396, 0.03296703296703297, 0.005494505494505495, 0.005494505494505495, 0.0, 0.0, 0.0, 0.0, 0.0, 0.0, 0.0, 0.0, 0.0, 0.0], [0.0, 0.0, 0.0, 0.0, 0.0, 0.0, 0.0, 0.0013541666666666667, 0.0013541666666666667, 0.0046875, 0.0071875, 0.011666666666666667, 0.042916666666666665, 0.09104166666666667, 0.11822916666666666, 0.14302083333333335, 0.1690625, 0.105625, 0.13947916666666665, 0.05322916666666667, 0.03239583333333333, 0.03666666666666667, 0.014791666666666667, 0.007604166666666667, 0.010729166666666666, 0.004791666666666666, 0.0027083333333333334, 0.0008333333333333334, 0.0005208333333333333, 0.0, 0.00010416666666666667, 0.0, 0.0], [0.0, 0.0004234596654668643, 0.0006351894982002964, 0.0025407579928011857, 0.0019055684946008892, 0.0033876773237349143, 0.007198814312936693, 0.013127249629472792, 0.021384713106076647, 0.0355706118992166, 0.04869786152868939, 0.06923565530383231, 0.09654880372644506, 0.11348719034511963, 0.11645140800338767, 0.12237984331992378, 0.1166631378361211, 0.07008257463476604, 0.07156468346390006, 0.027948337920813044, 0.016303197120474275, 0.015456277789540547, 0.009316112640271015, 0.005293245818335804, 0.005716705483802668, 0.0035994071564683463, 0.0029642176582680498, 0.0014821088291340249, 0.00021172983273343214, 0.0, 0.0004234596654668643, 0.0, 0.0], [0.002898550724637681, 0.0, 0.0, 0.008695652173913044, 0.008695652173913044, 0.02318840579710145, 0.014492753623188406, 0.04057971014492753, 0.05507246376811594, 0.11014492753623188, 0.11304347826086956, 0.13043478260869565, 0.11594202898550725, 0.10144927536231885, 0.07246376811594203, 0.06666666666666667, 0.05217391304347826, 0.014492753623188406, 0.03188405797101449, 0.028985507246376812, 0.002898550724637681, 0.0, 0.002898550724637681, 0.002898550724637681, 0.0, 0.0, 0.0, 0.0, 0.0, 0.0, 0.0, 0.0, 0.0], [0.0003097893432465923, 0.00020652622883106156, 0.0005163155720776538, 0.0003097893432465923, 0.0005163155720776538, 0.0012391573729863693, 0.0015489467162329617, 0.004233787691036762, 0.007641470466749277, 0.0161090458488228, 0.026228831061544815, 0.03469640644361834, 0.04202808756712102, 0.04719124328789756, 0.060099132589838906, 0.10811648079306072, 0.18897149938042132, 0.12525815778603883, 0.13568773234200743, 0.0617513424204874, 0.04099545642296572, 0.03934324659231722, 0.018897149938042132, 0.013424204874019, 0.014973151590251962, 0.005266418835192069, 0.0034076827757125155, 0.0007228418009087154, 0.0003097893432465923, 0.0, 0.0, 0.0, 0.0], [0.0, 0.0, 0.0, 0.0, 0.0003920031360250882, 0.0007840062720501764, 0.0011760094080752645, 0.0011760094080752645, 0.0027440219521756176, 0.00901607212857703, 0.012544100352802822, 0.01685613484907879, 0.022736181889455115, 0.03684829478635829, 0.06115248921991376, 0.07761662093296746, 0.10192081536652293, 0.0893767150137201, 0.17836142689141513, 0.06860054880439044, 0.07448059584476675, 0.0964327714621717, 0.04351234809878479, 0.01803214425715406, 0.048608388867110934, 0.013720109760878087, 0.010584084672677381, 0.009408075264602116, 0.0027440219521756176, 0.0011760094080752645, 0.0, 0.0, 0.0], [0.0, 0.0, 0.00019047619047619048, 0.0, 0.0009523809523809524, 0.0007619047619047619, 0.002285714285714286, 0.0038095238095238095, 0.008380952380952381, 0.015428571428571429, 0.021904761904761906, 0.03276190476190476, 0.05561904761904762, 0.06628571428571428, 0.10571428571428572, 0.1260952380952381, 0.1523809523809524, 0.09695238095238096, 0.1380952380952381, 0.06152380952380952, 0.036571428571428574, 0.035238095238095235, 0.013142857142857144, 0.009142857142857144, 0.008571428571428572, 0.0038095238095238095, 0.002857142857142857, 0.001142857142857143, 0.00038095238095238096, 0.0, 0.0, 0.0, 0.0], [0.0, 0.0, 0.00044583147570218456, 0.001486104919007282, 0.001486104919007282, 0.002972209838014564, 0.006984693119334225, 0.01307772328726408, 0.02125130034180413, 0.03774706494278496, 0.06078169118739783, 0.07668301382077575, 0.10046069252489226, 0.1223064348342993, 0.13434388467825828, 0.12111755089909347, 0.10595928072521921, 0.060484470203596374, 0.06078169118739783, 0.024817952147421607, 0.016198543617179373, 0.012483281319661168, 0.008470798038341507, 0.003120820329915292, 0.003120820329915292, 0.0017833259028087382, 0.001486104919007282, 0.0001486104919007282, 0.0, 0.0, 0.0, 0.0, 0.0], [0.0, 0.0, 0.0, 0.0, 0.000125, 0.0005, 0.001875, 0.002, 0.0045, 0.00525, 0.01325, 0.0195, 0.02775, 0.033625, 0.049125, 0.1015, 0.215375, 0.143875, 0.19225, 0.067375, 0.039625, 0.037, 0.016125, 0.009625, 0.012, 0.004375, 0.00225, 0.000625, 0.0005, 0.0, 0.0, 0.0, 0.0], [0.0002020814388198444, 0.0, 0.0, 0.0001010407194099222, 0.0001010407194099222, 0.0003031221582297666, 0.0012124886329190664, 0.0018187329493785996, 0.00414266949580681, 0.009901990502172376, 0.01606547438617763, 0.018995655249065373, 0.05496615135899768, 0.10528442962513893, 0.12710922501768213, 0.13286854602404768, 0.15924017379003738, 0.10164696372638173, 0.12306759624128524, 0.051732848337880166, 0.029503890067697283, 0.029604930787107204, 0.011821764170960897, 0.004950995251086188, 0.007578053955744165, 0.0029301808628877436, 0.0028291401434778216, 0.0006062443164595332, 0.0007072850358694554, 0.0006062443164595332, 0.0001010407194099222, 0.0, 0.0], [0.0, 0.0, 0.0001941747572815534, 0.0001941747572815534, 0.0003883495145631068, 0.0003883495145631068, 0.0011650485436893205, 0.0017475728155339806, 0.004271844660194175, 0.006990291262135922, 0.014757281553398059, 0.02679611650485437, 0.04563106796116505, 0.06757281553398058, 0.0970873786407767, 0.11805825242718447, 0.1625242718446602, 0.12058252427184465, 0.15106796116504853, 0.06660194174757282, 0.0429126213592233, 0.03475728155339806, 0.01320388349514563, 0.006990291262135922, 0.009320388349514564, 0.0031067961165048546, 0.001941747572815534, 0.0007766990291262136, 0.0001941747572815534, 0.0007766990291262136, 0.0, 0.0, 0.0], [0.0, 0.0002588661661920787, 0.0002588661661920787, 0.0002588661661920787, 0.001553196997152472, 0.0023297954957287085, 0.001553196997152472, 0.0051773233238415735, 0.01190784364483562, 0.018638363965829668, 0.02951074294589697, 0.046595909914574164, 0.06834066787470877, 0.0911208904996117, 0.11467771162309086, 0.12244369660885322, 0.13202174475796014, 0.09888687548537406, 0.101993269479679, 0.04556044524980585, 0.0279575459487445, 0.031063939943049443, 0.017085166968677193, 0.006989386487186125, 0.012943308309603935, 0.005695055656225731, 0.0025886616619207868, 0.0018120631633445508, 0.0005177323323841574, 0.0002588661661920787, 0.0, 0.0, 0.0], [0.00019193857965451057, 0.00019193857965451057, 0.0007677543186180423, 0.0011516314779270633, 0.00038387715930902113, 0.001343570057581574, 0.003838771593090211, 0.0067178502879078695, 0.012284069097888676, 0.02072936660268714, 0.031861804222648754, 0.053166986564299426, 0.07600767754318619, 0.10307101727447217, 0.1255278310940499, 0.12495201535508638, 0.1324376199616123, 0.08426103646833014, 0.10959692898272552, 0.03915547024952015, 0.022648752399232246, 0.02399232245681382, 0.009788867562380038, 0.0047984644913627635, 0.005758157389635317, 0.001727447216890595, 0.0015355086372360845, 0.001343570057581574, 0.00038387715930902113, 0.00038387715930902113, 0.0, 0.0, 0.0], [0.0, 0.0, 0.00012272950417280314, 0.0002454590083456063, 0.0003681885125184094, 0.00012272950417280314, 0.000859106529209622, 0.001840942562592047, 0.002822778595974472, 0.006381934216985763, 0.012395679921453117, 0.014604810996563574, 0.03816887579774178, 0.10652920962199312, 0.13451153657339224, 0.14482081492390772, 0.1644575355915562, 0.1013745704467354, 0.15451644575355916, 0.04062346588119784, 0.022827687776141383, 0.023932253313696614, 0.009695630829651448, 0.006381934216985763, 0.006995581737849779, 0.0014727540500736377, 0.001840942562592047, 0.0015954835542464408, 0.00012272950417280314, 0.0003681885125184094, 0.0, 0.0, 0.0], [0.0, 0.0, 0.0, 0.006756756756756757, 0.006756756756756757, 0.006756756756756757, 0.0, 0.02702702702702703, 0.033783783783783786, 0.08783783783783784, 0.05405405405405406, 0.10135135135135136, 0.07432432432432433, 0.060810810810810814, 0.060810810810810814, 0.11486486486486487, 0.10135135135135136, 0.08108108108108109, 0.05405405405405406, 0.02027027027027027, 0.02702702702702703, 0.013513513513513514, 0.033783783783783786, 0.0, 0.006756756756756757, 0.013513513513513514, 0.0, 0.013513513513513514, 0.0, 0.0, 0.0, 0.0, 0.0], [0.00021670820240546104, 0.00010835410120273052, 0.0, 0.0, 0.0, 0.00010835410120273052, 0.00021670820240546104, 0.0009751869108245747, 0.0023837902264600714, 0.004767580452920143, 0.007584787084191137, 0.01040199371546213, 0.022104236645357028, 0.030339148336764547, 0.07010510347816665, 0.1921118214324412, 0.2119406219525409, 0.1394517282479142, 0.1395600823491169, 0.061653483584353665, 0.03499837468848196, 0.03651533210532019, 0.013760970852746777, 0.005417705060136526, 0.00855997399501571, 0.003142268934879185, 0.002708852530068263, 0.00021670820240546104, 0.0006501246072163832, 0.0, 0.0, 0.0, 0.0], [0.0, 0.0, 0.0, 0.00011755025273304338, 0.0, 0.00011755025273304338, 0.0010579522745973904, 0.00035265075819913014, 0.0012930527800634772, 0.0022334548019278242, 0.0044669096038556485, 0.007053015163982603, 0.01151992476783825, 0.016104384624426944, 0.07064770189255908, 0.1233102151169625, 0.17550252733043376, 0.14082520277418598, 0.19372281650405548, 0.08663453626425296, 0.05254496297167039, 0.05372046549900082, 0.019630892206418244, 0.010226871987774774, 0.01739743740449042, 0.005172211120253909, 0.003644057834724345, 0.0016457035382626073, 0.00035265075819913014, 0.00023510050546608676, 0.0004702010109321735, 0.0, 0.0], [0.00019114976584153686, 9.557488292076843e-05, 0.0, 0.00019114976584153686, 0.00019114976584153686, 0.0005734492975246105, 0.0007645990633661474, 0.0018159227754946, 0.002962821370543821, 0.005734492975246105, 0.010608812004205295, 0.013571633374749117, 0.01749020357450062, 0.025040619325241327, 0.08209882442894008, 0.13055529006976965, 0.15760298193634714, 0.13141546401605658, 0.1785338812959954, 0.08429704673611775, 0.049890088884641116, 0.051323712128452645, 0.02246009748638058, 0.011182261301729906, 0.0145273822039568, 0.004300869731434579, 0.0018159227754946, 0.0003822995316830737, 0.0003822995316830737, 0.0, 0.0, 0.0, 0.0], [0.0, 0.0, 0.0, 0.001483679525222552, 0.001483679525222552, 0.0, 0.001483679525222552, 0.00741839762611276, 0.00741839762611276, 0.00741839762611276, 0.013353115727002967, 0.025222551928783383, 0.04451038575667656, 0.09050445103857567, 0.12166172106824925, 0.17655786350148367, 0.16765578635014836, 0.12166172106824925, 0.1201780415430267, 0.04896142433234421, 0.026706231454005934, 0.01483679525222552, 0.001483679525222552, 0.0, 0.0, 0.0, 0.0, 0.0, 0.0, 0.0, 0.0, 0.0, 0.0], [0.0, 0.0, 0.0, 8.811349017534584e-05, 0.0, 8.811349017534584e-05, 0.0002643404705260375, 0.0007930214115781126, 0.001674156313331571, 0.004758128469468675, 0.007401533174729051, 0.012776456075425147, 0.02123535113225835, 0.027491408934707903, 0.04053220548065909, 0.04863864657679091, 0.1576350339236937, 0.1531412459247511, 0.25262137633271653, 0.09190237025288572, 0.0520750726936294, 0.0701383381795753, 0.022204599524187154, 0.008723235527359239, 0.014891179839633447, 0.004493787998942638, 0.0038769935677152173, 0.0021147237642083, 0.0002643404705260375, 0.0001762269803506917, 0.0, 0.0, 0.0], [9.718172983479106e-05, 9.718172983479106e-05, 9.718172983479106e-05, 0.0, 0.00038872691933916425, 0.00038872691933916425, 0.0002915451895043732, 0.0009718172983479105, 0.0010689990281827016, 0.005150631681243926, 0.009620991253644314, 0.01904761904761905, 0.03323615160349854, 0.044897959183673466, 0.06608357628765792, 0.07764820213799806, 0.13498542274052477, 0.19319727891156463, 0.21496598639455783, 0.08794946550048591, 0.04402332361516035, 0.03770651117589893, 0.014188532555879495, 0.004956268221574344, 0.004373177842565598, 0.003498542274052478, 0.0006802721088435374, 0.00038872691933916425, 0.0, 0.0, 0.0, 0.0, 0.0], [0.0, 0.00010690613641223006, 0.0, 0.00010690613641223006, 0.00021381227282446012, 0.0005345306820611504, 0.0007483429548856104, 0.0018174043190079111, 0.004276245456489203, 0.012401111823818688, 0.02202266410091939, 0.03624118024374599, 0.05409450502458841, 0.07878982253581356, 0.1024160786829164, 0.13320504596963867, 0.15586914688903142, 0.11107547573230704, 0.13416720119734873, 0.059225999572375454, 0.03570664956168484, 0.029506093649775498, 0.012401111823818688, 0.006521274321146034, 0.004917682274962583, 0.0028864656831302116, 0.00042762454564892024, 0.00032071840923669016, 0.0, 0.0, 0.0, 0.0, 0.0], [0.0, 0.0, 0.0, 0.0, 0.0004928536224741252, 0.0003696402168555939, 0.0013553474618038443, 0.0016017742730409068, 0.004435682602267127, 0.008378511582060127, 0.0161409561360276, 0.026244455396747166, 0.041276490882207986, 0.06628881222276983, 0.0984475110892065, 0.12900443568260228, 0.1527846229669788, 0.09820108427796945, 0.16720059142434696, 0.06037456875308034, 0.03684080827994086, 0.04066042385411533, 0.01724987678659438, 0.007762444553967472, 0.011089206505667817, 0.004805322819122721, 0.004189255791030064, 0.002094627895515032, 0.0012321340561853129, 0.0004928536224741252, 0.0009857072449482504, 0.0, 0.0], [0.0, 0.00018335166850018335, 0.00018335166850018335, 0.0003667033370003667, 0.0011001100110011, 0.0011001100110011, 0.0018335166850018336, 0.005867253392005867, 0.016868353502016868, 0.02621928859552622, 0.04492115878254492, 0.060872753942060875, 0.07957462412907958, 0.10377704437110377, 0.12632929959662634, 0.11752841950861753, 0.14521452145214522, 0.07425742574257425, 0.10359369270260359, 0.02841950861752842, 0.021085441877521087, 0.019801980198019802, 0.008067473414008068, 0.0038503850385038503, 0.005133846718005134, 0.0011001100110011, 0.0022002200220022, 0.0003667033370003667, 0.00018335166850018335, 0.0, 0.0, 0.0, 0.0], [0.0, 0.0, 0.0, 0.0008017103153393907, 0.002672367717797969, 0.0016034206306787815, 0.0037413148049171567, 0.008017103153393906, 0.012827365045430252, 0.016034206306787813, 0.026990913949759488, 0.04275788348476751, 0.05799037947621593, 0.08230892570817744, 0.12426509887760556, 0.12800641368252272, 0.1472474612506681, 0.09941207910208445, 0.10742918225547836, 0.04783538214858365, 0.02512025654730091, 0.022180652057723144, 0.01389631213254944, 0.008818813468733297, 0.008017103153393906, 0.004543025120256547, 0.003206841261357563, 0.0037413148049171567, 0.0005344735435595938, 0.0, 0.0, 0.0, 0.0], [0.00022338880822070814, 0.0, 0.0, 0.0, 0.0004467776164414163, 0.0004467776164414163, 0.0016754160616553112, 0.0034625265274209763, 0.004914553780855579, 0.00960571875349045, 0.026694962582374623, 0.057187534904501285, 0.08176030380877918, 0.11605048587065787, 0.1439740868982464, 0.14386239249413604, 0.13749581145984585, 0.07673405562381325, 0.09326482743214565, 0.03294984921255445, 0.021221936780967274, 0.023344130459064, 0.009494024349380096, 0.004802859376745225, 0.006478275438400536, 0.001563721657544957, 0.0012286384452138948, 0.0007818608287724785, 0.0, 0.0003350832123310622, 0.0, 0.0, 0.0], [0.0, 0.0, 0.0, 0.0002820078962210942, 0.0001410039481105471, 0.0001410039481105471, 0.0014100394811054709, 0.00042301184433164127, 0.0021150592216582064, 0.004653130287648054, 0.007896221094190638, 0.009306260575296108, 0.052594472645234064, 0.08685843203609701, 0.10645798082346306, 0.13367174280879865, 0.15707839819514946, 0.10335589396503102, 0.14890016920473773, 0.06049069373942471, 0.03398195149464185, 0.03778905809362662, 0.01748448956570784, 0.0071912013536379014, 0.01353637901861252, 0.004653130287648054, 0.004794134235758601, 0.002961082910321489, 0.0009870276367738298, 0.0005640157924421884, 0.0002820078962210942, 0.0, 0.0], [0.0, 0.0, 0.0, 0.00017774617845716317, 0.001066477070742979, 0.0014219694276573053, 0.0028439388553146107, 0.004621400639886242, 0.007109847138286527, 0.018130110202630643, 0.029328119445431924, 0.040703874866690366, 0.06896551724137931, 0.08905083540703874, 0.11766797013864203, 0.1317099182367579, 0.1432634198364735, 0.09242801279772485, 0.12300035549235691, 0.04692499111269108, 0.027372911482403128, 0.024528972627088516, 0.009776039815143975, 0.004621400639886242, 0.006043370067543548, 0.0008887308922858159, 0.0037326697476004265, 0.0035549235691432635, 0.0007109847138286527, 0.00035549235691432633, 0.0, 0.0, 0.0], [0.00011474469305794607, 0.0, 0.0, 0.0, 0.00011474469305794607, 0.0010327022375215145, 0.0006884681583476765, 0.002294893861158921, 0.002868617326448652, 0.00585197934595525, 0.014113597246127367, 0.0219162363740677, 0.03580034423407917, 0.043144004589787725, 0.0600114744693058, 0.1800344234079174, 0.19541021227768215, 0.1337923121055651, 0.14503729202524382, 0.06483075157773953, 0.039586919104991396, 0.027309236947791166, 0.012736660929432014, 0.004475043029259896, 0.005393000573723466, 0.0019506597819850832, 0.0010327022375215145, 0.00034423407917383823, 0.00011474469305794607, 0.0, 0.0, 0.0, 0.0], [0.0, 0.0, 0.0, 0.00015590894917368256, 0.00015590894917368256, 0.0004677268475210477, 0.0009354536950420954, 0.0031181789834736516, 0.00608044901777362, 0.008574992204552542, 0.02369816027439975, 0.03352042407234175, 0.06953539133146243, 0.09713127533520424, 0.12550670408481446, 0.14639850327408793, 0.15700031181789834, 0.10305581540380418, 0.10944808231992516, 0.039912690988462736, 0.02666043030869972, 0.018709073900841908, 0.010601808543810414, 0.004365450576863112, 0.00841908325537886, 0.0026504521359526035, 0.002494543186778921, 0.0006236357966947302, 0.0006236357966947302, 0.0, 0.00015590894917368256, 0.0, 0.0], [0.0, 0.0, 0.0, 0.0001601024655779699, 0.0, 0.0006404098623118795, 0.0009606147934678194, 0.0009606147934678194, 0.0024015369836695487, 0.004002561639449248, 0.012968299711815562, 0.021453730387447967, 0.03922510406660262, 0.06147934678194044, 0.09157861031059879, 0.11943643932116554, 0.15593980147294267, 0.11095100864553314, 0.1690682036503362, 0.06836375280179315, 0.04226705091258405, 0.04354787063720781, 0.019532500800512328, 0.010726865193723983, 0.012648094780659622, 0.006083893691962856, 0.0038424591738712775, 0.001440922190201729, 0.0001601024655779699, 0.0001601024655779699, 0.0, 0.0, 0.0], [0.0, 0.0, 0.00011390818999886092, 0.0, 0.00022781637999772184, 0.00034172456999658277, 0.00034172456999658277, 0.00125299008998747, 0.0011390818999886091, 0.0037589702699624104, 0.006834491399931655, 0.01617496297983825, 0.02745187378972548, 0.045449367809545504, 0.10866841325891331, 0.1512700763184873, 0.16938147852830618, 0.10274518737897255, 0.16824239662831758, 0.05968789155940312, 0.04157648934958424, 0.03622280441963777, 0.0224399134297756, 0.011276910809887231, 0.014694156509853059, 0.004784143979952159, 0.003075521129969245, 0.0022781637999772183, 0.00045563275999544367, 0.00011390818999886092, 0.0, 0.0, 0.0], [0.0, 0.0, 9.116601331023795e-05, 0.0, 9.116601331023795e-05, 9.116601331023795e-05, 9.116601331023795e-05, 0.0008204941197921414, 0.0018233202662047588, 0.004649466678822135, 0.00884310329109308, 0.016045218342601877, 0.027805634059622573, 0.03610174127085423, 0.05442610994621205, 0.059257908651654666, 0.07275047862156987, 0.15470872458747378, 0.2856231197009755, 0.10529674537332483, 0.05852858054517276, 0.06336037925061537, 0.016318716382532593, 0.007384447078129274, 0.01458656212963807, 0.005561126811924514, 0.003373142492478804, 0.0012763241863433313, 0.0005469960798614277, 0.0005469960798614277, 0.0, 0.0, 0.0], [0.0, 0.0, 0.0, 0.0, 0.0, 0.00010287007509515482, 0.0010287007509515481, 0.0026746219524740253, 0.005452113980043205, 0.009875527209134862, 0.018002263141652094, 0.03240407365497377, 0.05102355724719679, 0.07653533587079518, 0.11181977162843329, 0.13753729040222198, 0.1737475568357165, 0.1110996811027672, 0.15265919144120976, 0.04742310461886637, 0.02520316839831293, 0.027054829750025718, 0.007715255632136611, 0.003394712478140109, 0.0025717518773788707, 0.0007200905256660837, 0.0012344409011418578, 0.0006172204505709289, 0.00010287007509515482, 0.0, 0.0, 0.0, 0.0], [0.0, 0.0031545741324921135, 0.0, 0.0031545741324921135, 0.006309148264984227, 0.01892744479495268, 0.025236593059936908, 0.0473186119873817, 0.08832807570977919, 0.056782334384858045, 0.0473186119873817, 0.0694006309148265, 0.08201892744479496, 0.11356466876971609, 0.12618296529968454, 0.0914826498422713, 0.0914826498422713, 0.04100946372239748, 0.03470031545741325, 0.022082018927444796, 0.006309148264984227, 0.00946372239747634, 0.0031545741324921135, 0.012618296529968454, 0.0, 0.0, 0.0, 0.0, 0.0, 0.0, 0.0, 0.0, 0.0]]}, "ranks": {"labels": ["Unranked", "Combatatent I", "Combatatent II", "Challenger I", "Challenger II", "Rival I", "Rival II", "Duelist", "Elite"], "data": [[0.13149847094801223, 0.191131498470948, 0.24311926605504589, 0.21865443425076453, 0.12232415902140673, 0.06116207951070336, 0.01834862385321101, 0.012232415902140673, 0.0015290519877675841], [0.06286942504030091, 0.09296077377753896, 0.17598065556152606, 0.2595378828586781, 0.23186458893068243, 0.12573885008060182, 0.030360021493820527, 0.015583019881783988, 0.005104782375067168], [0.007559897650616422, 0.012677366829495232, 0.0314026517794836, 0.0639683647359851, 0.28785764131193303, 0.38427541288671785, 0.08943940451267737, 0.09002093510118632, 0.03279832519190509], [0.015422998412338398, 0.024948968019959175, 0.054887729643910185, 0.09537310047629848, 0.11680653209344523, 0.3673168518938535, 0.15026083012020866, 0.1354048537083239, 0.03957813563166251], [0.1813186813186813, 0.15934065934065933, 0.2087912087912088, 0.1978021978021978, 0.10989010989010989, 0.08791208791208792, 0.04395604395604396, 0.01098901098901099, 0.0], [0.007395833333333333, 0.01885416666666667, 0.13395833333333335, 0.26125, 0.2746875, 0.17010416666666667, 0.055, 0.0590625, 0.0196875], [0.08617404192250688, 0.1179335168325217, 0.21003599407156467, 0.23883125132331146, 0.18674571247088714, 0.0889265297480415, 0.026889688757145883, 0.030065636248147364, 0.014397628625873385], [0.263768115942029, 0.24347826086956523, 0.21739130434782608, 0.1391304347826087, 0.06666666666666667, 0.04927536231884058, 0.014492753623188406, 0.005797101449275362, 0.0], [0.032631144155307726, 0.060925237505163155, 0.08921933085501858, 0.16821561338289961, 0.3142296571664601, 0.17203634861627426, 0.06639818256918628, 0.07166460140437836, 0.024679884345311855], [0.01528812230497844, 0.029400235201881616, 0.05958447667581341, 0.13876911015288124, 0.19129753038024305, 0.2124656997255978, 0.10897687181497452, 0.15797726381811056, 0.0862406899255194], [0.03180952380952381, 0.05466666666666667, 0.1219047619047619, 0.2318095238095238, 0.24933333333333332, 0.1739047619047619, 0.062285714285714285, 0.057523809523809526, 0.016761904761904763], [0.0854510328429187, 0.13746470500817357, 0.22276712735919155, 0.25546143557735174, 0.16644375092881558, 0.07311636201515827, 0.02868182493684054, 0.024074899687917966, 0.00653886164363204], [0.01425, 0.03275, 0.061375, 0.150625, 0.35925, 0.231875, 0.067375, 0.06275, 0.01975], [0.017783166616146307, 0.035061129635243, 0.1602505809841366, 0.2599777710417298, 0.2608871375164191, 0.15176316055370315, 0.052541174093159546, 0.04637769020915429, 0.015358189350308174], [0.015339805825242718, 0.04155339805825243, 0.11320388349514564, 0.21514563106796117, 0.28310679611650486, 0.18854368932038834, 0.07203883495145631, 0.05495145631067961, 0.016116504854368933], [0.04193631892311675, 0.07610665286047114, 0.15946155837432047, 0.23712140823194408, 0.2309086202433342, 0.12529122443696608, 0.05022003624126327, 0.05513849339891276, 0.02381568728967124], [0.04760076775431862, 0.08502879078694818, 0.17907869481765834, 0.2504798464491363, 0.21669865642994243, 0.1328214971209213, 0.03857965451055662, 0.03857965451055662, 0.011132437619961612], [0.012763868433971527, 0.027000490918016692, 0.14469808541973492, 0.27933235149729996, 0.2658321060382916, 0.17550319096710848, 0.04246440844378989, 0.04000981836033382, 0.012395679921453117], [0.16891891891891891, 0.1554054054054054, 0.13513513513513514, 0.17567567567567569, 0.18243243243243243, 0.060810810810810814, 0.04054054054054054, 0.0472972972972973, 0.033783783783783786], [0.008776682197421172, 0.017986780799653268, 0.052443384982121574, 0.2622169249106079, 0.35139235020045506, 0.1749918734424098, 0.061220067179542745, 0.05569400801820349, 0.015277928269585003], [0.005172211120253909, 0.01151992476783825, 0.027624309392265192, 0.19395791700952156, 0.31632773010461973, 0.24203597037733632, 0.09086634536264253, 0.08357822969319384, 0.02891736217232867], [0.012520309662620663, 0.02418044537895441, 0.04253082289974195, 0.21265411449870975, 0.2890184459524037, 0.2260345981076173, 0.08668641880913695, 0.08496607091656312, 0.021408773774252127], [0.026706231454005934, 0.03857566765578635, 0.13501483679525222, 0.29821958456973297, 0.2893175074183976, 0.1513353115727003, 0.04451038575667656, 0.016320474777448073, 0.0], [0.007665873645255088, 0.0201779892501542, 0.04872676006696625, 0.08917085205745, 0.3107762798484448, 0.30619437835932684, 0.09040444091990484, 0.10106617323112169, 0.02581725262137633], [0.008551992225461613, 0.028668610301263362, 0.07813411078717201, 0.143731778425656, 0.3281827016520894, 0.2656948493683188, 0.08124392614188533, 0.056851311953352766, 0.008940719144800777], [0.020205259781911483, 0.05826384434466538, 0.13288432756040197, 0.23562112465255505, 0.26694462262133845, 0.16666666666666666, 0.062433183664742355, 0.04842847979474022, 0.008552490912978406], [0.016633809758501726, 0.04238541153277477, 0.10756530310497782, 0.22745194677180877, 0.25098570724494823, 0.19985214391325776, 0.0645638245441104, 0.06567274519467718, 0.02488910793494332], [0.05372203887055372, 0.1057939127246058, 0.18335166850018336, 0.24385771910524387, 0.21947194719471946, 0.1188118811881188, 0.03428676200953429, 0.03171983865053172, 0.008984231756508984], [0.04569748797434527, 0.06974879743452699, 0.14029930518439337, 0.25227151256012825, 0.24665954035275253, 0.13442009620523784, 0.04596472474612507, 0.04489577765900588, 0.020042757883484766], [0.020775159164525856, 0.0838824974868759, 0.19781078967943705, 0.28783647939238244, 0.2142298670836591, 0.11214118172679549, 0.035295431698871886, 0.03764101418518932, 0.010387579582262928], [0.00916525662718556, 0.017202481669486746, 0.13945290468133106, 0.2401297236322617, 0.2604342921601805, 0.1814720812182741, 0.06190073322053018, 0.062464749012972366, 0.027777777777777776], [0.035371489512975474, 0.07003199431212229, 0.15801635264841807, 0.24937788837539993, 0.23569143263419837, 0.1500177746178457, 0.0472804834696054, 0.038926413082118735, 0.015286171347316033], [0.012966150315547906, 0.036029833620195066, 0.0789443488238669, 0.2400458978772232, 0.32920252438324726, 0.18152610441767067, 0.06792885829030407, 0.04452094090648308, 0.008835341365461847], [0.01948861864671032, 0.0572185843467415, 0.16666666666666666, 0.2719052073589024, 0.2600561272217025, 0.1314312441534144, 0.044589959463673216, 0.03367633302151544, 0.014967259120673527], [0.009125840537944284, 0.03442203009926353, 0.10070445084854307, 0.21101504963176432, 0.2668908101184758, 0.20669228306115914, 0.07300672430355427, 0.07380723663144412, 0.024335574767851424], [0.007176215969928238, 0.023009454379769905, 0.07290124159927099, 0.2599384895774006, 0.27212666590727874, 0.2004784143979952, 0.06902836313930971, 0.0699396286593006, 0.025401526369745984], [0.007657945118059987, 0.02488832163369496, 0.0639073753304768, 0.11368401859786671, 0.22745920320904367, 0.3445163642993892, 0.10493208132008387, 0.08706354271127724, 0.025891147780107576], [0.019133833967698795, 0.05040633679662586, 0.12755889311799198, 0.24935706203065527, 0.2848472379384837, 0.17940541096595, 0.04588005349243905, 0.03816479786030244, 0.005246373829852896], [0.24921135646687698, 0.1167192429022082, 0.19558359621451105, 0.21766561514195584, 0.13249211356466878, 0.03785488958990536, 0.025236593059936908, 0.025236593059936908, 0.0]]}, "ranksDetailed": {"labels": ["Unranked", "Combatatant", "Challenger", "Rival", "Duelist", "Elite"], "data": [[0.13149847094801223, 0.43425076452599387, 0.3409785932721712, 0.07951070336391437, 0.012232415902140673, 0.0015290519877675841], [0.06286942504030091, 0.268941429339065, 0.4914024717893606, 0.15609887157442234, 0.015583019881783988, 0.005104782375067168], [0.007559897650616422, 0.04408001860897883, 0.35182600604791814, 0.4737148173993952, 0.09002093510118632, 0.03279832519190509], [0.015422998412338398, 0.07983669766386936, 0.2121796325697437, 0.5175776820140622, 0.1354048537083239, 0.03957813563166251], [0.1813186813186813, 0.36813186813186816, 0.3076923076923077, 0.13186813186813187, 0.01098901098901099, 0.0], [0.007395833333333333, 0.1528125, 0.5359375, 0.22510416666666666, 0.0590625, 0.0196875], [0.08617404192250688, 0.3279695109040864, 0.4255769637941986, 0.11581621850518738, 0.030065636248147364, 0.014397628625873385], [0.263768115942029, 0.4608695652173913, 0.20579710144927535, 0.06376811594202898, 0.005797101449275362, 0.0], [0.032631144155307726, 0.15014456836018175, 0.48244527054935976, 0.23843453118546054, 0.07166460140437836, 0.024679884345311855], [0.01528812230497844, 0.08898471187769502, 0.3300666405331243, 0.3214425715405723, 0.15797726381811056, 0.0862406899255194], [0.03180952380952381, 0.17657142857142857, 0.48114285714285715, 0.2361904761904762, 0.057523809523809526, 0.016761904761904763], [0.0854510328429187, 0.3602318323673651, 0.4219051865061673, 0.10179818695199881, 0.024074899687917966, 0.00653886164363204], [0.01425, 0.094125, 0.509875, 0.29925, 0.06275, 0.01975], [0.017783166616146307, 0.1953117106193796, 0.5208649085581489, 0.20430433464686268, 0.04637769020915429, 0.015358189350308174], [0.015339805825242718, 0.15475728155339805, 0.498252427184466, 0.26058252427184464, 0.05495145631067961, 0.016116504854368933], [0.04193631892311675, 0.2355682112347916, 0.4680300284752783, 0.17551126067822936, 0.05513849339891276, 0.02381568728967124], [0.04760076775431862, 0.2641074856046065, 0.4671785028790787, 0.17140115163147793, 0.03857965451055662, 0.011132437619961612], [0.012763868433971527, 0.1716985763377516, 0.5451644575355915, 0.21796759941089838, 0.04000981836033382, 0.012395679921453117], [0.16891891891891891, 0.2905405405405405, 0.3581081081081081, 0.10135135135135136, 0.0472972972972973, 0.033783783783783786], [0.008776682197421172, 0.07043016578177484, 0.613609275111063, 0.23621194062195255, 0.05569400801820349, 0.015277928269585003], [0.005172211120253909, 0.039144234160103444, 0.5102856471141413, 0.33290231573997886, 0.08357822969319384, 0.02891736217232867], [0.012520309662620663, 0.06671126827869636, 0.5016725604511134, 0.3127210169167543, 0.08496607091656312, 0.021408773774252127], [0.026706231454005934, 0.17359050445103857, 0.5875370919881305, 0.19584569732937684, 0.016320474777448073, 0.0], [0.007665873645255088, 0.06890474931712046, 0.3999471319058948, 0.39659881927923163, 0.10106617323112169, 0.02581725262137633], [0.008551992225461613, 0.10680272108843537, 0.4719144800777454, 0.3469387755102041, 0.056851311953352766, 0.008940719144800777], [0.020205259781911483, 0.19114817190506736, 0.5025657472738935, 0.22909985033140903, 0.04842847979474022, 0.008552490912978406], [0.016633809758501726, 0.14995071463775259, 0.47843765401675703, 0.26441596845736814, 0.06567274519467718, 0.02488910793494332], [0.05372203887055372, 0.28914558122478917, 0.4633296662999633, 0.1530986431976531, 0.03171983865053172, 0.008984231756508984], [0.04569748797434527, 0.21004810261892037, 0.4989310529128808, 0.1803848209513629, 0.04489577765900588, 0.020042757883484766], [0.020775159164525856, 0.281693287166313, 0.5020663464760415, 0.14743661342566738, 0.03764101418518932, 0.010387579582262928], [0.00916525662718556, 0.15665538635081783, 0.5005640157924421, 0.2433728144388043, 0.062464749012972366, 0.027777777777777776], [0.035371489512975474, 0.22804834696054035, 0.4850693210095983, 0.1972982580874511, 0.038926413082118735, 0.015286171347316033], [0.012966150315547906, 0.11497418244406196, 0.5692484222604705, 0.24945496270797476, 0.04452094090648308, 0.008835341365461847], [0.01948861864671032, 0.22388525101340817, 0.5319613345806049, 0.17602120361708762, 0.03367633302151544, 0.014967259120673527], [0.009125840537944284, 0.1351264809478066, 0.47790585975024014, 0.2796990073647134, 0.07380723663144412, 0.024335574767851424], [0.007176215969928238, 0.0959106959790409, 0.5320651554846794, 0.26950677753730495, 0.0699396286593006, 0.025401526369745984], [0.007657945118059987, 0.08879569696417176, 0.34114322180691037, 0.44944844561947306, 0.08706354271127724, 0.025891147780107576], [0.019133833967698795, 0.17796522991461783, 0.534204299969139, 0.22528546445838907, 0.03816479786030244, 0.005246373829852896], [0.24921135646687698, 0.31230283911671924, 0.3501577287066246, 0.06309148264984227, 0.025236593059936908, 0.0]]}}}, "eu": {"histType": {"histogram": {"labels": ["0", "100", "200", "300", "400", "500", "600", "700", "800", "900", "1000", "1100", "1200", "1300", "1400", "1500", "1600", "1700", "1800", "1900", "2000", "2100", "2200", "2300", "2400", "2500", "2600", "2700", "2800", "2900", "3000", "3100", "3200"], "data": [[0.0, 0.0, 0.00202020202020202, 0.0, 0.0, 0.00404040404040404, 0.012121212121212121, 0.026262626262626262, 0.046464646464646465, 0.07878787878787878, 0.07878787878787878, 0.10505050505050505, 0.08686868686868687, 0.13131313131313133, 0.14343434343434344, 0.09090909090909091, 0.06666666666666667, 0.04040404040404041, 0.04242424242424243, 0.01818181818181818, 0.014141414141414142, 0.00808080808080808, 0.00404040404040404, 0.0, 0.0, 0.0, 0.0, 0.0, 0.0, 0.0, 0.0, 0.0, 0.0], [0.00029507229271171436, 0.00029507229271171436, 0.0005901445854234287, 0.0008852168781351431, 0.002360578341693715, 0.0035408675125405725, 0.006196518146946002, 0.011212747123045146, 0.02095013278253172, 0.03363824136913544, 0.04396577161404544, 0.06639126586013573, 0.08114488049572145, 0.10593095308350546, 0.12776630274417233, 0.13396282089111833, 0.14251991737975805, 0.06668633815284744, 0.09206255532605488, 0.02508114488049572, 0.01150781941575686, 0.01150781941575686, 0.00472115668338743, 0.0026556506344054295, 0.0029507229271171437, 0.0005901445854234287, 0.0005901445854234287, 0.0, 0.0, 0.0, 0.0, 0.0, 0.0], [0.0, 0.0, 0.0, 0.00011724703951225231, 0.00011724703951225231, 0.00011724703951225231, 0.0, 0.0008207292765857662, 0.001875952632196037, 0.002579434869269551, 0.005862351975612616, 0.009497010200492437, 0.011841950990737484, 0.015476609215617306, 0.02567710165318326, 0.0354086059327002, 0.2173760112557158, 0.14737952866690116, 0.29769023332160865, 0.07773478719662329, 0.05123695626685426, 0.0531129088990503, 0.017469808887325595, 0.0065658342126861296, 0.011490209872200726, 0.0048071286200023445, 0.0036346582248798216, 0.0016414585531715324, 0.00023449407902450463, 0.00023449407902450463, 0.0, 0.0, 0.0], [0.0, 0.0, 0.0, 0.0001087547580206634, 0.0001087547580206634, 0.0002175095160413268, 0.0007612833061446438, 0.0020663404023926048, 0.002392604676454595, 0.005981511691136488, 0.011636759108210984, 0.017400761283306143, 0.020554649265905382, 0.02686242523110386, 0.04284937466014138, 0.054377379010331704, 0.07797716150081566, 0.05318107667210441, 0.29015769439913, 0.1397498640565525, 0.08689505165851005, 0.08232735182164219, 0.03066884176182708, 0.013268080478520934, 0.02272974442631865, 0.009352909189777053, 0.004241435562805873, 0.0031538879825992387, 0.0007612833061446438, 0.0002175095160413268, 0.0, 0.0, 0.0], [0.0, 0.0, 0.0, 0.0, 0.0, 0.018072289156626505, 0.030120481927710843, 0.05421686746987952, 0.06626506024096386, 0.05421686746987952, 0.060240963855421686, 0.08433734939759036, 0.06626506024096386, 0.1144578313253012, 0.08433734939759036, 0.14457831325301204, 0.012048192771084338, 0.06626506024096386, 0.04819277108433735, 0.04216867469879518, 0.030120481927710843, 0.006024096385542169, 0.0, 0.006024096385542169, 0.012048192771084338, 0.0, 0.0, 0.0, 0.0, 0.0, 0.0, 0.0, 0.0], [0.0, 0.00010396091069757771, 0.00010396091069757771, 0.00020792182139515541, 0.00031188273209273315, 0.00010396091069757771, 0.00020792182139515541, 0.0011435700176733548, 0.0019752573032539764, 0.003950514606507953, 0.007797068302318328, 0.028797172263229025, 0.058426031812038676, 0.08275288491527186, 0.11997089094500468, 0.13234223931801642, 0.1530304605468344, 0.10666389437571473, 0.14128287763800812, 0.05281214263436948, 0.03129223411997089, 0.03836157604740618, 0.014554527497660879, 0.005405967356274041, 0.010188169248362616, 0.004262397338600686, 0.002495061856741865, 0.0007277263748830439, 0.00020792182139515541, 0.00041584364279031083, 0.00010396091069757771, 0.0, 0.0], [0.0001988862370723946, 0.0003977724741447892, 0.0003977724741447892, 0.0013922036595067622, 0.003579952267303103, 0.003579952267303103, 0.007159904534606206, 0.012927605409705648, 0.024860779634049323, 0.03898170246618934, 0.060859188544152745, 0.07816229116945107, 0.09228321400159109, 0.11157517899761336, 0.10361972951471758, 0.10879077167859984, 0.10819411296738266, 0.067024661