{"region": {"us": {"histType": {"histogram": {"labels": ["0", "100", "200", "300", "400", "500", "600", "700", "800", "900", "1000", "1100", "1200", "1300", "1400", "1500", "1600", "1700", "1800", "1900", "2000", "2100", "2200", "2300", "2400", "2500", "2600", "2700", "2800", "2900", "3000", "3100", "3200"], "data": [[0.0, 0.0, 0.0029585798816568047, 0.005917159763313609, 0.0029585798816568047, 0.0073964497041420114, 0.014792899408284023, 0.013313609467455622, 0.03698224852071006, 0.042899408284023666, 0.08875739644970414, 0.10355029585798817, 0.11538461538461539, 0.1227810650887574, 0.13165680473372782, 0.10059171597633136, 0.07100591715976332, 0.042899408284023666, 0.04881656804733728, 0.019230769230769232, 0.013313609467455622, 0.008875739644970414, 0.0029585798816568047, 0.0014792899408284023, 0.0014792899408284023, 0.0, 0.0, 0.0, 0.0, 0.0, 0.0, 0.0, 0.0], [0.0, 0.00026350461133069827, 0.00026350461133069827, 0.00026350461133069827, 0.001054018445322793, 0.0023715415019762848, 0.005270092226613966, 0.008959156785243741, 0.016600790513833993, 0.029512516469038207, 0.04005270092226614, 0.05401844532279315, 0.08405797101449275, 0.0922266139657444, 0.12490118577075099, 0.13544137022397892, 0.14756258234519104, 0.08353096179183135, 0.10303030303030303, 0.034519104084321475, 0.01686429512516469, 0.007378129117259552, 0.0034255599472990776, 0.002898550724637681, 0.002635046113306983, 0.0007905138339920949, 0.001054018445322793, 0.001054018445322793, 0.0, 0.0, 0.0, 0.0, 0.0], [0.00011708230886313078, 0.0, 0.0, 0.00023416461772626156, 0.00023416461772626156, 0.00023416461772626156, 0.00023416461772626156, 0.000585411544315654, 0.0025758107949888772, 0.0033953869570307925, 0.005268703898840885, 0.00749326776724037, 0.01205947781290247, 0.01920149865355345, 0.025055614096709988, 0.03898840885142255, 0.12118018967334036, 0.15583655309682706, 0.3453928111462358, 0.08699215548530617, 0.05104788666432502, 0.060765718299964876, 0.020489404051047887, 0.009366584709050463, 0.020489404051047887, 0.00597119775201967, 0.003746633883620185, 0.0025758107949888772, 0.0, 0.0004683292354525231, 0.0, 0.0, 0.0], [0.0, 0.0, 0.0, 0.0, 0.00011410314924691921, 0.0, 0.0007987220447284345, 0.0018256503879507074, 0.004792332268370607, 0.007873117298037425, 0.01175262437243268, 0.013350068461889549, 0.025787311729803742, 0.02875399361022364, 0.042902784116841626, 0.05203103605659516, 0.07188498402555911, 0.04404381560931082, 0.28411684162482886, 0.14639434048379735, 0.08763121862163396, 0.09116841624828845, 0.0314924691921497, 0.01312186216339571, 0.024189867640346873, 0.00718849840255591, 0.004906435417617526, 0.003080785029666819, 0.0007987220447284345, 0.0, 0.0, 0.0, 0.0], [0.0, 0.0, 0.0, 0.0, 0.010869565217391304, 0.005434782608695652, 0.02717391304347826, 0.03260869565217391, 0.04891304347826087, 0.05434782608695652, 0.07065217391304347, 0.08695652173913043, 0.10869565217391304, 0.11413043478260869, 0.08695652173913043, 0.10326086956521739, 0.07065217391304347, 0.03804347826086957, 0.059782608695652176, 0.03260869565217391, 0.03804347826086957, 0.005434782608695652, 0.005434782608695652, 0.0, 0.0, 0.0, 0.0, 0.0, 0.0, 0.0, 0.0, 0.0, 0.0], [0.0, 0.0, 0.0, 0.0, 0.0, 0.0, 0.0, 0.0013536026655560183, 0.0013536026655560183, 0.004685547688463141, 0.0071845064556434815, 0.01155768429820908, 0.029987505206164097, 0.09204498125780924, 0.11797167846730529, 0.14514785506039152, 0.17149104539775092, 0.10651811745106206, 0.14171178675551854, 0.05476884631403582, 0.03290295710120783, 0.03685964181591004, 0.015514369012911287, 0.007288629737609329, 0.011453561016243232, 0.005622657226155768, 0.0030195751770095793, 0.000937109537692628, 0.0005206164098292378, 0.0, 0.00010412328196584757, 0.0, 0.0], [0.0, 0.0, 0.0004153686396677051, 0.0024922118380062306, 0.0016614745586708203, 0.0033229491173416407, 0.007476635514018692, 0.012876427829698858, 0.020768431983385256, 0.03509865005192108, 0.0490134994807892, 0.06812045690550364, 0.09449636552440291, 0.11401869158878504, 0.12149532710280374, 0.12004153686396678, 0.11713395638629283, 0.06874350986500519, 0.0731048805815161, 0.02782969885773624, 0.015991692627206646, 0.0161993769470405, 0.009761163032191069, 0.004776739356178609, 0.006230529595015576, 0.0035306334371754933, 0.0026998961578400833, 0.0020768431983385254, 0.00020768431983385254, 0.0, 0.0004153686396677051, 0.0, 0.0], [0.002857142857142857, 0.0, 0.0, 0.008571428571428572, 0.005714285714285714, 0.022857142857142857, 0.014285714285714285, 0.04, 0.054285714285714284, 0.11714285714285715, 0.11142857142857143, 0.12857142857142856, 0.10857142857142857, 0.10285714285714286, 0.07428571428571429, 0.07428571428571429, 0.054285714285714284, 0.014285714285714285, 0.02857142857142857, 0.02857142857142857, 0.002857142857142857, 0.0, 0.002857142857142857, 0.002857142857142857, 0.0, 0.0, 0.0, 0.0, 0.0, 0.0, 0.0, 0.0, 0.0], [0.0003124349093938763, 0.00020828993959591752, 0.0005207248489897938, 0.0003124349093938763, 0.0005207248489897938, 0.0012497396375755051, 0.0015621745469693814, 0.004269943761716309, 0.007602582795250989, 0.01603832534888565, 0.02603624244948969, 0.03468027494272027, 0.04197042282857738, 0.04676109143928348, 0.05936263278483649, 0.09529264736513227, 0.19183503436784002, 0.12934805248906478, 0.1380962299520933, 0.06342428660695688, 0.041449697979587585, 0.04019995834201208, 0.020724848989793793, 0.012705686315350968, 0.015205165590501979, 0.005832118308685691, 0.0032284940637367214, 0.0009373047281816288, 0.0003124349093938763, 0.0, 0.0, 0.0, 0.0], [0.0, 0.0, 0.0, 0.0, 0.0003916960438699569, 0.0007833920877399138, 0.0011750881316098707, 0.0011750881316098707, 0.0023501762632197414, 0.009009009009009009, 0.012142577359968664, 0.016842929886408148, 0.0227183705444575, 0.03760282021151586, 0.060712886799843324, 0.07755581668625147, 0.10379945162553858, 0.08891500195848022, 0.17665491578535056, 0.07011359185272228, 0.07403055229142186, 0.09753231492361927, 0.043478260869565216, 0.01762632197414806, 0.04857030943987466, 0.013709361535448493, 0.010575793184488837, 0.008617312965139052, 0.0027418723070896985, 0.0011750881316098707, 0.0, 0.0, 0.0], [0.0, 0.0, 0.0001853911753800519, 0.0, 0.0009269558769002596, 0.0007415647015202076, 0.002224694104560623, 0.00389321468298109, 0.008157211716722283, 0.015387467556544309, 0.021505376344086023, 0.03133110863922877, 0.05543196143863552, 0.06451612903225806, 0.10270671116054876, 0.12736373748609567, 0.15239154616240266, 0.09974045235446792, 0.13774564330737857, 0.06229143492769744, 0.03781979977753059, 0.035595105672969966, 0.01260659992584353, 0.008898776418242492, 0.010011123470522803, 0.00389321468298109, 0.002224694104560623, 0.002039302929180571, 0.0003707823507601038, 0.0, 0.0, 0.0, 0.0], [0.0, 0.0, 0.00043725404459991256, 0.0016032648301996793, 0.0011660107855997668, 0.0032065296603993585, 0.006267307972598747, 0.013263372686197348, 0.020988194140795804, 0.037895350531992424, 0.06004955545838799, 0.07622795510858475, 0.10027692756157995, 0.12388864596997522, 0.1329252295583734, 0.12170237574697566, 0.10654423553417869, 0.058737793324588256, 0.05975805276198805, 0.0255064859349949, 0.017927415828596416, 0.012534615945197494, 0.008162075499198368, 0.0034980323567993005, 0.0034980323567993005, 0.0021862702229995625, 0.0014575134819997085, 0.0002915026963999417, 0.0, 0.0, 0.0, 0.0, 0.0], [0.0, 0.0, 0.0, 0.0, 0.000125517760763148, 0.000502071043052592, 0.0017572486506840718, 0.002008284172210368, 0.004518639387473327, 0.005271745952052215, 0.013304882640893686, 0.01932973515752479, 0.02786494288941885, 0.03363875988452366, 0.04870089117610142, 0.08120999121375674, 0.22254298983306137, 0.14886406426509352, 0.19467804694364252, 0.07028994602736287, 0.04016568344420735, 0.03815739927199699, 0.01669386218149868, 0.010166938621814987, 0.012175222794025355, 0.0037655328228944395, 0.0026358729760261076, 0.0011296598468683318, 0.000502071043052592, 0.0, 0.0, 0.0, 0.0], [0.00020281918669506134, 0.0, 0.0, 0.00010140959334753067, 0.00010140959334753067, 0.000304228780042592, 0.001216915120170368, 0.0016225534935604908, 0.0041577933272487575, 0.009938140148058007, 0.016022715748909847, 0.018963593955988237, 0.028901734104046242, 0.1054659770814319, 0.13112260419835717, 0.13903255247946456, 0.16276239732278674, 0.10597302504816955, 0.12605212453098064, 0.053240036507453604, 0.029713010850826487, 0.030727106784301794, 0.013081837541831457, 0.005374708447419126, 0.007707129094412331, 0.0030422878004259203, 0.003143697393773451, 0.000608457560085184, 0.0007098671534327148, 0.000608457560085184, 0.00010140959334753067, 0.0, 0.0], [0.0, 0.0, 0.0, 0.00018889308651303362, 0.0005666792595391009, 0.00037778617302606723, 0.0011333585190782018, 0.0017000377786173025, 0.004533434076312807, 0.00680015111446921, 0.014922553834529657, 0.02568945976577257, 0.04646769928220627, 0.06724593879863996, 0.09633547412164714, 0.1163581412920287, 0.15980355119002645, 0.12278050623347185, 0.14790328673970532, 0.06951265583679637, 0.043634302984510764, 0.03513411409142425, 0.01360030222893842, 0.006422364941443143, 0.010766905931242916, 0.0037778617302606727, 0.002455610124669437, 0.0009444654325651682, 0.00018889308651303362, 0.0007555723460521345, 0.0, 0.0, 0.0], [0.0, 0.0, 0.00025523226135783564, 0.00025523226135783564, 0.0017866258295048494, 0.002807554874936192, 0.0015313935681470138, 0.005104645227156712, 0.011230219499744768, 0.017866258295048495, 0.03164880040837162, 0.04696273608984176, 0.06712608473711078, 0.09341500765696784, 0.10923940786115365, 0.12633996937212863, 0.13374170495150586, 0.09877488514548238, 0.10234813680449209, 0.0444104134762634, 0.028330781010719754, 0.031138335885655948, 0.01633486472690148, 0.006891271056661562, 0.011485451761102604, 0.00587034201123022, 0.0017866258295048494, 0.002552322613578356, 0.0005104645227156713, 0.00025523226135783564, 0.0, 0.0, 0.0], [0.00018793459875963165, 0.0, 0.0007517383950385266, 0.0013155421913174216, 0.0005638037962788949, 0.0013155421913174216, 0.003946626573952265, 0.007517383950385266, 0.012215748919376056, 0.020109002067280585, 0.03213681638789701, 0.051682014658898705, 0.07630144709641044, 0.10129674873144145, 0.1259161811689532, 0.1264799849652321, 0.1324938921255403, 0.08175155046043976, 0.1105055440706634, 0.04021800413456117, 0.023303890246194326, 0.023115955647434693, 0.009772599135500847, 0.0058259725615485815, 0.0054501033640293175, 0.0018793459875963165, 0.0015034767900770532, 0.001691411388836685, 0.0003758691975192633, 0.0003758691975192633, 0.0, 0.0, 0.0], [0.0, 0.0, 0.00012310722639418935, 0.0002462144527883787, 0.000369321679182568, 0.00012310722639418935, 0.0008617505847593254, 0.00184660839591284, 0.002831466207066355, 0.006278468546103656, 0.012433829865813123, 0.014526652714514343, 0.0276991259386926, 0.08826788132463376, 0.14021913086298166, 0.1488366367105749, 0.1686569001600394, 0.10599532192539703, 0.15905453650129261, 0.04333374369075465, 0.024252123599655298, 0.024867659731626246, 0.009725470885140957, 0.005909146866921088, 0.00750954081004555, 0.0017235011695186507, 0.0017235011695186507, 0.002092822848701219, 0.00012310722639418935, 0.000369321679182568, 0.0, 0.0, 0.0], [0.0, 0.0, 0.0, 0.006578947368421052, 0.006578947368421052, 0.006578947368421052, 0.0, 0.019736842105263157, 0.05263157894736842, 0.07894736842105263, 0.05921052631578947, 0.10526315789473684, 0.07236842105263158, 0.05921052631578947, 0.05921052631578947, 0.11842105263157894, 0.09210526315789473, 0.08552631578947369, 0.046052631578947366, 0.02631578947368421, 0.02631578947368421, 0.013157894736842105, 0.03289473684210526, 0.0, 0.006578947368421052, 0.013157894736842105, 0.0, 0.013157894736842105, 0.0, 0.0, 0.0, 0.0, 0.0], [0.00021772262138036142, 0.00010886131069018071, 0.0, 0.0, 0.0, 0.00010886131069018071, 0.00021772262138036142, 0.0009797517962116264, 0.0023949488351839754, 0.004681036359677771, 0.007511430437622469, 0.010232963204876986, 0.022098846070106683, 0.030154583061180056, 0.05170912257783584, 0.1907250163291966, 0.21794034400174178, 0.14358806880034836, 0.14435009797517961, 0.0637927280644459, 0.035924232527759635, 0.03755715218811234, 0.013716525146962769, 0.006531678641410843, 0.008926627476594819, 0.0028303940779446984, 0.002939255388634879, 0.00021772262138036142, 0.0005443065534509035, 0.0, 0.0, 0.0, 0.0], [0.0, 0.0, 0.0, 0.00011795234725171031, 0.0, 0.00011795234725171031, 0.0010615711252653928, 0.00035385704175513094, 0.0012974758197688134, 0.0022410945977824957, 0.004482189195564991, 0.006959188487850908, 0.0114413776834159, 0.016159471573484314, 0.048124557678697805, 0.1269167256428403, 0.1795234725171031, 0.14590705355036565, 0.19627270582684594, 0.08952583156404813, 0.05626326963906582, 0.05390422269403161, 0.018990327907525358, 0.010379806558150507, 0.017456947393253125, 0.006251474404340646, 0.0033026657230478887, 0.0016513328615239443, 0.0005897617362585516, 0.00023590469450342062, 0.00047180938900684123, 0.0, 0.0], [0.00019297568506368199, 9.648784253184099e-05, 0.0, 0.00019297568506368199, 0.00019297568506368199, 0.0005789270551910459, 0.0007719027402547279, 0.0018332690081049787, 0.0028946352759552296, 0.0055962948668467774, 0.010613662678502509, 0.013508297954457738, 0.017657275183326902, 0.024797375530683133, 0.06358548822848321, 0.13643380934002317, 0.15988035507526052, 0.13517946738710923, 0.18110768043226552, 0.0856812041682748, 0.050270165959089154, 0.05326128907757623, 0.022288691624855268, 0.011385565418757236, 0.014087225009648784, 0.00482439212659205, 0.0022192203782323426, 0.00048243921265920495, 0.00038595137012736397, 0.0, 0.0, 0.0, 0.0], [0.0, 0.0, 0.0, 0.0014749262536873156, 0.0014749262536873156, 0.0, 0.0014749262536873156, 0.007374631268436578, 0.007374631268436578, 0.007374631268436578, 0.01327433628318584, 0.025073746312684365, 0.04424778761061947, 0.08849557522123894, 0.12094395280235988, 0.18141592920353983, 0.1710914454277286, 0.12094395280235988, 0.11799410029498525, 0.048672566371681415, 0.02654867256637168, 0.014749262536873156, 0.0, 0.0, 0.0, 0.0, 0.0, 0.0, 0.0, 0.0, 0.0, 0.0, 0.0], [0.0, 0.0, 0.0, 8.872327211427557e-05, 0.0, 8.872327211427557e-05, 0.00026616981634282674, 0.0007985094490284802, 0.0015970188980569604, 0.004791056694170881, 0.0073640315854848724, 0.012598704640227132, 0.021382308579540415, 0.027592937627539702, 0.04054653535622394, 0.04862035311862301, 0.13601277615118446, 0.15854848726821044, 0.2616449294649987, 0.09386922189690355, 0.052967793452222516, 0.07142223405199184, 0.022890604205483098, 0.009937006476798864, 0.015526572619998225, 0.004879779966285157, 0.003548930884571023, 0.002572974891313992, 0.00026616981634282674, 0.00017744654422855114, 0.0, 0.0, 0.0], [9.767532721234616e-05, 9.767532721234616e-05, 9.767532721234616e-05, 0.0, 0.0003907013088493846, 0.0003907013088493846, 0.0002930259816370385, 0.0009767532721234617, 0.0010744285993358079, 0.005176792342254347, 0.00966985739402227, 0.018949013479195156, 0.03330728657941004, 0.04502832584489158, 0.06583317054112131, 0.07735885915217816, 0.12268021097870678, 0.19867161554991208, 0.21840203164680602, 0.08751709318226215, 0.04600507911701504, 0.03897245555772612, 0.01426059777300254, 0.005079117015042001, 0.004493065051767923, 0.003711662434069154, 0.0010744285993358079, 0.0003907013088493846, 0.0, 0.0, 0.0, 0.0, 0.0], [0.0, 0.00010508617065994115, 0.0, 0.00010508617065994115, 0.0002101723413198823, 0.0005254308532997058, 0.0007356031946195881, 0.0016813787305590584, 0.0023118957545187053, 0.008722152164775116, 0.021332492643968054, 0.03730559058427911, 0.0546448087431694, 0.07976040353089534, 0.10372005044136191, 0.13387978142076504, 0.1555275325767129, 0.11013030685161833, 0.13366960907944514, 0.061685582177385456, 0.03635981504833964, 0.028793610760823877, 0.013451029844472467, 0.0058848255569567045, 0.005149222362337116, 0.0024169819251786467, 0.0015762925598991173, 0.00031525851197982345, 0.0, 0.0, 0.0, 0.0, 0.0], [0.0, 0.0, 0.0, 0.0, 0.0002421893921046258, 0.0, 0.001332041656575442, 0.0016953257447323807, 0.004722693146040203, 0.008355534027609591, 0.01574231048680068, 0.025550980867038022, 0.04141438604989101, 0.06732865100508598, 0.09978202954710584, 0.12896585129571325, 0.15161055945749577, 0.09905546137079196, 0.16735286994429643, 0.05969968515379026, 0.03705497699200775, 0.0403245337854202, 0.01707435214337612, 0.00787115524340034, 0.010898522644708163, 0.005085977234197142, 0.003996124969726326, 0.0021797045289416324, 0.001210946960523129, 0.0004843787842092516, 0.0009687575684185032, 0.0, 0.0], [0.0, 0.000178826895565093, 0.000178826895565093, 0.000357653791130186, 0.001072961373390558, 0.001072961373390558, 0.00178826895565093, 0.0037553648068669528, 0.017167381974248927, 0.02521459227467811, 0.04631616595135908, 0.059370529327610874, 0.07761087267525035, 0.10425608011444921, 0.12410586552217454, 0.11891988555078684, 0.14502861230329042, 0.07457081545064377, 0.10604434907010014, 0.02861230329041488, 0.022353361945636623, 0.01913447782546495, 0.008762517882689556, 0.003218884120171674, 0.006258941344778255, 0.001251788268955651, 0.001072961373390558, 0.002145922746781116, 0.000178826895565093, 0.0, 0.0, 0.0, 0.0], [0.0, 0.0, 0.0, 0.0007662835249042146, 0.002554278416347382, 0.0020434227330779057, 0.004086845466155811, 0.007407407407407408, 0.013793103448275862, 0.01532567049808429, 0.028352490421455937, 0.041890166028097066, 0.05440613026819923, 0.08199233716475096, 0.12567049808429118, 0.12924648786717752, 0.14891443167305235, 0.0970625798212005, 0.10804597701149425, 0.04955300127713921, 0.025031928480204343, 0.02247765006385696, 0.013026819923371647, 0.008939974457215836, 0.007407407407407408, 0.0038314176245210726, 0.0038314176245210726, 0.0038314176245210726, 0.0005108556832694764, 0.0, 0.0, 0.0, 0.0], [0.00022378874342620565, 0.0, 0.0, 0.0, 0.0004475774868524113, 0.0004475774868524113, 0.0016784155756965425, 0.003468725523106188, 0.004923352355376525, 0.009622915967326843, 0.017679310730670247, 0.05572339711312521, 0.08369699004140092, 0.11704151281190556, 0.14523889448360747, 0.14691731005930403, 0.13718249972026408, 0.07843795457088508, 0.09410316661071948, 0.03345641714221775, 0.021148036253776436, 0.02416918429003021, 0.009175338480474433, 0.004475774868524113, 0.00671366230278617, 0.0017903099474096452, 0.0011189437171310282, 0.0007832606019917199, 0.0, 0.0003356831151393085, 0.0, 0.0, 0.0], [0.0, 0.0, 0.0, 0.00028093833403567916, 0.00014046916701783958, 0.00014046916701783958, 0.0014046916701783959, 0.00042140750105351877, 0.002107037505267594, 0.004635482511588706, 0.007866273352999017, 0.009270965023177412, 0.029498525073746312, 0.08933839022334597, 0.10900407360584352, 0.134850400337126, 0.16280376457367607, 0.10675656693355809, 0.15212810788032027, 0.06110408765276022, 0.035398230088495575, 0.039190897597977246, 0.017980053378283466, 0.007585335018963337, 0.01376597836774828, 0.004916420845624385, 0.004635482511588706, 0.0029498525073746312, 0.0009832841691248771, 0.0005618766680713583, 0.00028093833403567916, 0.0, 0.0], [0.0, 0.0, 0.0001756543123133673, 0.0001756543123133673, 0.0008782715615668365, 0.0015808888108203056, 0.0022835060600737748, 0.004391357807834183, 0.007553135429474793, 0.017916739855963464, 0.02933427015633234, 0.04057614614438784, 0.06955910767609345, 0.08958369927981732, 0.11874231512383629, 0.12980853679957843, 0.14438784472158792, 0.09098893377832426, 0.12383629018092394, 0.046899701387669065, 0.027226418408571932, 0.02459160372387142, 0.009836641489548568, 0.004215703495520815, 0.005620937994027754, 0.0007026172492534692, 0.002810468997013877, 0.005269629369401019, 0.0007026172492534692, 0.0003513086246267346, 0.0, 0.0, 0.0], [0.00011556685542586386, 0.0, 0.0, 0.0, 0.00011556685542586386, 0.0010401016988327747, 0.0006934011325551831, 0.0023113371085172773, 0.0027736045302207326, 0.005778342771293193, 0.01409915636195539, 0.02184213567548827, 0.03594129203744366, 0.04310643707384722, 0.059748064255171617, 0.15774875765630417, 0.20062406101929967, 0.13937362764359182, 0.15012134519819717, 0.0658731075927424, 0.04218190223044031, 0.027967179013059056, 0.014676990639084711, 0.004622674217034555, 0.005431642205015601, 0.0023113371085172773, 0.0009245348434069109, 0.00046226742170345545, 0.00011556685542586386, 0.0, 0.0, 0.0, 0.0], [0.0, 0.0, 0.0, 0.00015267175572519084, 0.00015267175572519084, 0.0004580152671755725, 0.0006106870229007634, 0.0024427480916030535, 0.0061068702290076335, 0.008854961832061069, 0.024427480916030534, 0.03114503816793893, 0.0683969465648855, 0.09633587786259543, 0.12778625954198472, 0.1467175572519084, 0.15633587786259542, 0.10396946564885497, 0.10900763358778626, 0.04152671755725191, 0.026106870229007633, 0.018778625954198474, 0.010076335877862596, 0.0053435114503816794, 0.008091603053435115, 0.0025954198473282443, 0.0030534351145038168, 0.0007633587786259542, 0.0006106870229007634, 0.0, 0.00015267175572519084, 0.0, 0.0], [0.0, 0.0, 0.0, 0.00015780337699226762, 0.0, 0.0006312135079690705, 0.0009468202619536059, 0.0009468202619536059, 0.0023670506548840145, 0.002051443900899479, 0.009783809373520594, 0.022565882909894273, 0.039766451002051444, 0.06233233391194572, 0.09184156540949977, 0.11772131923623165, 0.15464730945242228, 0.11204039766451002, 0.1701120403976645, 0.06832886223765189, 0.04450055231181947, 0.043553732049865866, 0.019883225501025722, 0.011046236389458734, 0.01262427015938141, 0.006943348587659776, 0.0029982641628530852, 0.001735837146914944, 0.00031560675398453525, 0.00015780337699226762, 0.0, 0.0, 0.0], [0.0, 0.0, 0.00011420740063956144, 0.0, 0.00022841480127912289, 0.00034262220191868436, 0.00034262220191868436, 0.001256281407035176, 0.0011420740063956144, 0.0037688442211055275, 0.006852444038373686, 0.016103243490178165, 0.027409776153494745, 0.04511192325262677, 0.08942439470077661, 0.15555047967108268, 0.17393787117405207, 0.10621288259479214, 0.16902695294655093, 0.06144358154408406, 0.04282777523983554, 0.038031064412973964, 0.022384650525354044, 0.01187756966651439, 0.01587482868889904, 0.004796710826861581, 0.002740977615349475, 0.0022841480127912287, 0.0007994518044769301, 0.00011420740063956144, 0.0, 0.0, 0.0], [0.0, 0.0, 9.190331770976932e-05, 0.0, 9.190331770976932e-05, 9.190331770976932e-05, 9.190331770976932e-05, 0.0008271298593879239, 0.001746163036485617, 0.0046870692031982355, 0.008914621817847624, 0.016174983916919402, 0.027846705266060104, 0.036118003859939345, 0.054682474037312745, 0.059185736605091445, 0.07287933094384708, 0.12967558128848453, 0.2969396195202647, 0.1084459148975278, 0.061759029500964985, 0.06727322856355114, 0.017461630364856172, 0.007719878687620623, 0.015347854057531477, 0.00542229574487639, 0.0040437459792298505, 0.0013785497656465398, 0.0005514199062586159, 0.0005514199062586159, 0.0, 0.0, 0.0], [0.0, 0.0, 0.0, 0.0, 0.0, 0.00010182262498727217, 0.0010182262498727218, 0.0026473882496690763, 0.005702066999287242, 0.009469504123816311, 0.017513491497810812, 0.03349964362081254, 0.05080948986864881, 0.07585785561551776, 0.11363404948579574, 0.13776601160777924, 0.17289481722838815, 0.11057937073617757, 0.15283576010589553, 0.04744934324406883, 0.025048365746868955, 0.026881172996639852, 0.007534874249058141, 0.0034619692495672537, 0.002443742999694532, 0.0007127583749109052, 0.0014255167498218105, 0.000610935749923633, 0.00010182262498727217, 0.0, 0.0, 0.0, 0.0], [0.0, 0.003125, 0.0, 0.003125, 0.00625, 0.01875, 0.021875, 0.04375, 0.08125, 0.065625, 0.05, 0.071875, 0.078125, 0.1125, 0.128125, 0.1, 0.0875, 0.040625, 0.034375, 0.021875, 0.00625, 0.009375, 0.003125, 0.0125, 0.0, 0.0, 0.0, 0.0, 0.0, 0.0, 0.0, 0.0, 0.0]]}, "ranks": {"labels": ["Unranked", "Combatatent I", "Combatatent II", "Challenger I", "Challenger II", "Rival I", "Rival II", "Duelist", "Elite"], "data": [[0.12721893491124261, 0.19230769230769232, 0.23816568047337278, 0.23224852071005916, 0.11390532544378698, 0.0621301775147929, 0.019230769230769232, 0.013313609467455622, 0.0014792899408284023], [0.06455862977602109, 0.09407114624505929, 0.17628458498023716, 0.2603425559947299, 0.2310935441370224, 0.1230566534914361, 0.03135704874835309, 0.01370223978919631, 0.005533596837944664], [0.0076103500761035, 0.012761971666081255, 0.03126097646645592, 0.06404402294813254, 0.2770167427701674, 0.3926940639269406, 0.09073878936892636, 0.09062170706006323, 0.03325137571712914], [0.015403925148334094, 0.02510269283432223, 0.054541305340027386, 0.09493382017343678, 0.11592879963486992, 0.3647877681424007, 0.15335463258785942, 0.13578274760383385, 0.040164308534915566], [0.1793478260869565, 0.15760869565217392, 0.22282608695652173, 0.19021739130434784, 0.10869565217391304, 0.08695652173913043, 0.043478260869565216, 0.010869565217391304, 0.0], [0.007392753019575177, 0.018742190753852563, 0.12203248646397334, 0.2631195335276968, 0.278009162848813, 0.17263640149937526, 0.05674718867138692, 0.059662640566430655, 0.021657642648896292], [0.08411214953271028, 0.11713395638629283, 0.20851505711318796, 0.24153686396677052, 0.18587746625129803, 0.08992731048805815, 0.02699896157840083, 0.030737279335410178, 0.015160955347871236], [0.26571428571428574, 0.24, 0.21142857142857144, 0.14857142857142858, 0.06857142857142857, 0.04857142857142857, 0.011428571428571429, 0.005714285714285714, 0.0], [0.03259737554676109, 0.06071651739220996, 0.08873151426786086, 0.15465528014996877, 0.32118308685690483, 0.17485940429077276, 0.06811081024786503, 0.07363049364715685, 0.025515517600499894], [0.014884449667058363, 0.028985507246376812, 0.060321190755973364, 0.1382687034860948, 0.1927144535840188, 0.2107324716020368, 0.11006658832745789, 0.15863689776733256, 0.0853897375636506], [0.03151649981460882, 0.052836484983314794, 0.11994809047089358, 0.23007044864664442, 0.25213199851687057, 0.1746384872080089, 0.06321839080459771, 0.05710048201705599, 0.01853911753800519], [0.08482728465238304, 0.13627751056697274, 0.22416557353155517, 0.25462760530534906, 0.16528202885876694, 0.07316717679638536, 0.030024777729193996, 0.02419472380119516, 0.007433318758198513], [0.014183506966235722, 0.032634617798418475, 0.061503702773942515, 0.12991088238985815, 0.3714070540981549, 0.23509476590937617, 0.07003891050583658, 0.06501820007531066, 0.020208359482866825], [0.017645269242470337, 0.034986309704898085, 0.13436771118547813, 0.2701551566778217, 0.26873542237095627, 0.15586654497515465, 0.05313862691410608, 0.049183652773552376, 0.015921306155562316], [0.015300340007555724, 0.04061201360030223, 0.11371363808084624, 0.21269361541367585, 0.2825840574234983, 0.18889308651303363, 0.07215715904797884, 0.055156781261805815, 0.018889308651303362], [0.0408371618172537, 0.07861153649821337, 0.1605410923940786, 0.2355793772332823, 0.23251659009698825, 0.12659520163348648, 0.04849412965798877, 0.05436447166921899, 0.022460438999489536], [0.04792332268370607, 0.08381883104679572, 0.1775981958278519, 0.2523961661341853, 0.21424544258598008, 0.1347491073106559, 0.03927833114076301, 0.03871452734448412, 0.011276075925577899], [0.012680044318601503, 0.026960482580327464, 0.11596700726332636, 0.28905576757355655, 0.27465222208543644, 0.182691123968977, 0.0439492798227256, 0.040502277483688294, 0.013541794903360826], [0.17105263157894737, 0.16447368421052633, 0.13157894736842105, 0.17763157894736842, 0.17763157894736842, 0.05921052631578947, 0.039473684210526314, 0.046052631578947366, 0.03289473684210526], [0.008708904855214456, 0.017744393642499457, 0.05225342913128674, 0.24243413890703244, 0.36152841280209014, 0.18201611147398214, 0.062050947093403, 0.05780535597648596, 0.01545830611800566], [0.005189903279075253, 0.0114413776834159, 0.027600849256900213, 0.1750412833215381, 0.32543052606746875, 0.24581269167256428, 0.09624911535739561, 0.08327435715970748, 0.029959896201934417], [0.012350443844075647, 0.024121960632960248, 0.042454650714010035, 0.20001929756850637, 0.2950598224623697, 0.2285796989579313, 0.08847935160169819, 0.08693554612118873, 0.021999228097259745], [0.02654867256637168, 0.038348082595870206, 0.13274336283185842, 0.3023598820058997, 0.2920353982300885, 0.1504424778761062, 0.04277286135693215, 0.014749262536873156, 0.0], [0.007630201401827699, 0.019962736225712003, 0.04897524620708012, 0.08916688847484695, 0.2945612634193949, 0.3153225090941354, 0.09315943571998936, 0.1042498447342738, 0.026971874722739774], [0.008595428794686463, 0.028618870873217427, 0.07833561242430162, 0.14319202969329947, 0.3213518265286189, 0.2679234225434655, 0.0840007814026177, 0.05831217034577066, 0.00966985739402227], [0.014396805380411938, 0.058638083228247165, 0.13440521227406474, 0.23759983186212694, 0.2656578394283312, 0.1682429592265658, 0.06347204707860446, 0.04812946616225305, 0.009457755359394703], [0.016347783967062244, 0.041293291353838704, 0.108743037054977, 0.22874788084281908, 0.2506660208282877, 0.1988374909178978, 0.06527004117219666, 0.06527004117219666, 0.024824412690724145], [0.05078683834048641, 0.10568669527896996, 0.18186695278969958, 0.24302575107296137, 0.21959942775393418, 0.1224964234620887, 0.03451359084406295, 0.03111587982832618, 0.010908440629470672], [0.04597701149425287, 0.070242656449553, 0.1363984674329502, 0.2549169859514687, 0.24597701149425288, 0.13435504469987228, 0.04827586206896552, 0.044444444444444446, 0.019412515964240103], [0.02081235313863713, 0.07340270784379546, 0.20073850285330647, 0.29215620454291147, 0.21562045429114915, 0.11334899854537317, 0.03535862146134049, 0.037820297639028756, 0.010741859684457872], [0.009130495856159573, 0.01713723837617643, 0.11883691529709228, 0.24385447394296952, 0.2695603315072342, 0.18527883129653042, 0.06335159432504565, 0.06475628599522405, 0.028093833403567917], [0.034955208150360094, 0.06991041630072019, 0.15914280695591076, 0.24855085192341472, 0.23537677849991218, 0.151589671526436, 0.046372738450728965, 0.038643948708940806, 0.015457579483576322], [0.012827920952270888, 0.03594129203744366, 0.07904772911129088, 0.2174968219114758, 0.3399976886628915, 0.1861782040910667, 0.07199815093031318, 0.04726684386917832, 0.00924534843406911], [0.018778625954198474, 0.055572519083969464, 0.1647328244274809, 0.27450381679389313, 0.2603053435114504, 0.1317557251908397, 0.04488549618320611, 0.03419847328244275, 0.015267175572519083], [0.007101151964652043, 0.03234969228341487, 0.10209878491399715, 0.20956288464573142, 0.2666877071169323, 0.20798485087580873, 0.07495660407132712, 0.07448319394035033, 0.02477513018778602], [0.007195066240292371, 0.02295568752855185, 0.07252169940612152, 0.2449748743718593, 0.28015075376884424, 0.202603928734582, 0.07069438099588854, 0.0722932846048424, 0.026610324349017816], [0.007627975369910854, 0.025089605734767026, 0.06396470912599946, 0.1138682106424042, 0.20255491223233157, 0.35695248598474405, 0.11019207793401342, 0.09245473761602793, 0.02729528535980149], [0.018939008247632623, 0.051013135118623355, 0.12666734548416658, 0.251400061093575, 0.28347418796456575, 0.17992057835250994, 0.04541289074432339, 0.037878016495265246, 0.005294776499338153], [0.24375, 0.121875, 0.190625, 0.228125, 0.128125, 0.0375, 0.025, 0.025, 0.0]]}, "ranksDetailed": {"labels": ["Unranked", "Combatatant", "Challenger", "Rival", "Duelist", "Elite"], "data": [[0.12721893491124261, 0.43047337278106507, 0.34615384615384615, 0.08136094674556213, 0.013313609467455622, 0.0014792899408284023], [0.06455862977602109, 0.27035573122529644, 0.4914361001317523, 0.1544137022397892, 0.01370223978919631, 0.005533596837944664], [0.0076103500761035, 0.044022948132537175, 0.34106076571829996, 0.483432853295867, 0.09062170706006323, 0.03325137571712914], [0.015403925148334094, 0.07964399817434961, 0.2108626198083067, 0.5181424007302602, 0.13578274760383385, 0.040164308534915566], [0.1793478260869565, 0.3804347826086957, 0.29891304347826086, 0.13043478260869565, 0.010869565217391304, 0.0], [0.007392753019575177, 0.1407746772178259, 0.5411286963765097, 0.22938359017076218, 0.059662640566430655, 0.021657642648896292], [0.08411214953271028, 0.3256490134994808, 0.4274143302180685, 0.11692627206645899, 0.030737279335410178, 0.015160955347871236], [0.26571428571428574, 0.4514285714285714, 0.21714285714285714, 0.06, 0.005714285714285714, 0.0], [0.03259737554676109, 0.1494480316600708, 0.47583836700687354, 0.2429702145386378, 0.07363049364715685, 0.025515517600499894], [0.014884449667058363, 0.08930669800235018, 0.3309831570701136, 0.3207990599294947, 0.15863689776733256, 0.0853897375636506], [0.03151649981460882, 0.1727845754542084, 0.482202447163515, 0.2378568780126066, 0.05710048201705599, 0.01853911753800519], [0.08482728465238304, 0.36044308409852793, 0.41990963416411603, 0.10319195452557936, 0.02419472380119516, 0.007433318758198513], [0.014183506966235722, 0.09413832057236099, 0.501317936488013, 0.3051336764152128, 0.06501820007531066, 0.020208359482866825], [0.017645269242470337, 0.16935402089037624, 0.538890579048778, 0.2090051718892607, 0.049183652773552376, 0.015921306155562316], [0.015300340007555724, 0.15432565168114848, 0.49527767283717417, 0.2610502455610125, 0.055156781261805815, 0.018889308651303362], [0.0408371618172537, 0.239152628892292, 0.46809596733027053, 0.17508933129147525, 0.05436447166921899, 0.022460438999489536], [0.04792332268370607, 0.26141702687464763, 0.46664160872016536, 0.1740274384514189, 0.03871452734448412, 0.011276075925577899], [0.012680044318601503, 0.14292748984365383, 0.5637079896589929, 0.22664040379170258, 0.040502277483688294, 0.013541794903360826], [0.17105263157894737, 0.29605263157894735, 0.35526315789473684, 0.09868421052631579, 0.046052631578947366, 0.03289473684210526], [0.008708904855214456, 0.0699978227737862, 0.6039625517091226, 0.24406705856738514, 0.05780535597648596, 0.01545830611800566], [0.005189903279075253, 0.03904222694031611, 0.5004718093890068, 0.3420618070299599, 0.08327435715970748, 0.029959896201934417], [0.012350443844075647, 0.06657661134697028, 0.4950791200308761, 0.31705905055962946, 0.08693554612118873, 0.021999228097259745], [0.02654867256637168, 0.1710914454277286, 0.5943952802359882, 0.19321533923303835, 0.014749262536873156, 0.0], [0.007630201401827699, 0.06893798243279212, 0.38372815189424186, 0.40848194481412475, 0.1042498447342738, 0.026971874722739774], [0.008595428794686463, 0.10695448329751904, 0.46454385622191835, 0.3519242039460832, 0.05831217034577066, 0.00966985739402227], [0.014396805380411938, 0.1930432955023119, 0.5032576712904582, 0.23171500630517025, 0.04812946616225305, 0.009457755359394703], [0.016347783967062244, 0.1500363284088157, 0.4794139016711068, 0.26410753209009447, 0.06527004117219666, 0.024824412690724145], [0.05078683834048641, 0.2875536480686695, 0.4626251788268956, 0.15701001430615164, 0.03111587982832618, 0.010908440629470672], [0.04597701149425287, 0.2066411238825032, 0.5008939974457216, 0.1826309067688378, 0.044444444444444446, 0.019412515964240103], [0.02081235313863713, 0.27414121069710196, 0.5077766588340606, 0.14870762000671367, 0.037820297639028756, 0.010741859684457872], [0.009130495856159573, 0.1359741536732687, 0.5134148054502037, 0.24863042562157606, 0.06475628599522405, 0.028093833403567917], [0.034955208150360094, 0.22905322325663094, 0.48392763042332687, 0.19796240997716494, 0.038643948708940806, 0.015457579483576322], [0.012827920952270888, 0.11498902114873455, 0.5574945105743673, 0.25817635502137987, 0.04726684386917832, 0.00924534843406911], [0.018778625954198474, 0.22030534351145037, 0.5348091603053435, 0.1766412213740458, 0.03419847328244275, 0.015267175572519083], [0.007101151964652043, 0.13444847719741201, 0.4762505917626637, 0.28294145494713585, 0.07448319394035033, 0.02477513018778602], [0.007195066240292371, 0.09547738693467336, 0.5251256281407035, 0.27329830973047053, 0.0722932846048424, 0.026610324349017816], [0.007627975369910854, 0.08905431486076647, 0.3164231228747358, 0.46714456391875747, 0.09245473761602793, 0.02729528535980149], [0.018939008247632623, 0.17768048060278993, 0.5348742490581407, 0.22533346909683333, 0.037878016495265246, 0.005294776499338153], [0.24375, 0.3125, 0.35625, 0.0625, 0.025, 0.0]]}}}, "eu": {"histType": {"histogram": {"labels": ["0", "100", "200", "300", "400", "500", "600", "700", "800", "900", "1000", "1100", "1200", "1300", "1400", "1500", "1600", "1700", "1800", "1900", "2000", "2100", "2200", "2300", "2400", "2500", "2600", "2700", "2800", "2900", "3000", "3100", "3200"], "data": [[0.0, 0.0, 0.001953125, 0.0, 0.0, 0.00390625, 0.01171875, 0.0234375, 0.044921875, 0.080078125, 0.08203125, 0.10546875, 0.0859375, 0.1328125, 0.140625, 0.08984375, 0.06640625, 0.041015625, 0.04296875, 0.021484375, 0.01171875, 0.009765625, 0.00390625, 0.0, 0.0, 0.0, 0.0, 0.0, 0.0, 0.0, 0.0, 0.0, 0.0], [0.0002909514111143439, 0.0002909514111143439, 0.0005819028222286878, 0.0011638056444573757, 0.002036659877800407, 0.003782368344486471, 0.006400931044515566, 0.010765202211230724, 0.020657550189118416, 0.034041315100378236, 0.04597032295606634, 0.0648821646784987, 0.07913878382310154, 0.1053244108233925, 0.1312190864125691, 0.13151003782368345, 0.14198428862379983, 0.06720977596741344, 0.09426825720104742, 0.024439918533604887, 0.011347105033459412, 0.011347105033459412, 0.0043642711667151585, 0.002909514111143439, 0.002909514111143439, 0.0005819028222286878, 0.0005819028222286878, 0.0, 0.0, 0.0, 0.0, 0.0, 0.0], [0.0, 0.0, 0.0, 0.0001177301624676242, 0.0001177301624676242, 0.0001177301624676242, 0.0, 0.0008241111372733694, 0.0018836825994819873, 0.0025900635742877325, 0.005768777960913586, 0.009536143159877561, 0.011890746409230045, 0.015422651283258771, 0.0257829055804097, 0.03484812809041676, 0.21097245114198257, 0.14751589357193312, 0.30386154932893805, 0.07840828820343772, 0.05050623969861078, 0.05392041441017189, 0.016953143395337884, 0.00671061926065458, 0.0111843654344243, 0.005415587473510714, 0.0035319048740287263, 0.0016482222745467388, 0.0002354603249352484, 0.0002354603249352484, 0.0, 0.0, 0.0], [0.0, 0.0, 0.0, 0.00010938525486764385, 0.00010938525486764385, 0.0002187705097352877, 0.0007656967840735069, 0.002078319842485233, 0.0024064756070881644, 0.0059068037628527675, 0.011594837015970248, 0.01739225552395537, 0.02056442791511704, 0.026908772697440384, 0.042879019908116385, 0.054473856924086635, 0.07788230146576242, 0.05294246335593962, 0.2882301465762415, 0.14056005250492234, 0.08718004812951215, 0.08444541675782105, 0.031174797637278494, 0.012907460074381974, 0.022752133012469918, 0.008422664624808576, 0.0042660249398381095, 0.0028440166265587398, 0.0007656967840735069, 0.0002187705097352877, 0.0, 0.0, 0.0], [0.0, 0.0, 0.0, 0.0, 0.0, 0.01744186046511628, 0.03488372093023256, 0.05813953488372093, 0.06395348837209303, 0.05232558139534884, 0.05813953488372093, 0.0872093023255814, 0.05232558139534884, 0.12209302325581395, 0.0872093023255814, 0.13953488372093023, 0.023255813953488372, 0.06395348837209303, 0.046511627906976744, 0.040697674418604654, 0.029069767441860465, 0.005813953488372093, 0.0, 0.005813953488372093, 0.011627906976744186, 0.0, 0.0, 0.0, 0.0, 0.0, 0.0, 0.0, 0.0], [0.0, 0.00010404744563520966, 0.00010404744563520966, 0.00020809489127041931, 0.00031214233690562894, 0.00010404744563520966, 0.00020809489127041931, 0.0011445219019873061, 0.0019769014670689834, 0.003953802934137967, 0.007803558422640724, 0.01883258765997295, 0.05857871189262304, 0.08479866819269587, 0.1196545624804911, 0.13224430340235147, 0.15586307356154405, 0.10789720112371241, 0.14379356986785974, 0.053896576839038604, 0.03173447091873895, 0.037248985537405056, 0.0150868796171054, 0.005306419727395692, 0.010820934346061805, 0.004265945271043596, 0.0027052335865154513, 0.0008323795650816773, 0.00020809489127041931, 0.00031214233690562894, 0.0, 0.0, 0.0], [0.00019661816751867872, 0.00039323633503735744, 0.00039323633503735744, 0.0013763271726307512, 0.0033425088478175385, 0.003539127015336217, 0.007274872198191113, 0.012976799056232795, 0.025167125442390876, 0.039323633503735744, 0.06173810460086512, 0.07746755800235942, 0.09201730239874165, 0.1108926464805348, 0.10656704679512387, 0.10774675580023595, 0.1053873377900118, 0.06822650412898151, 0.07294534014942981, 0.028706