{"region": {"us": {"histType": {"histogram": {"labels": ["0", "100", "200", "300", "400", "500", "600", "700", "800", "900", "1000", "1100", "1200", "1300", "1400", "1500", "1600", "1700", "1800", "1900", "2000", "2100", "2200", "2300", "2400", "2500", "2600", "2700", "2800", "2900", "3000", "3100", "3200"], "data": [[0.0, 0.0, 0.002785515320334262, 0.005571030640668524, 0.002785515320334262, 0.006963788300835654, 0.012534818941504178, 0.013927576601671309, 0.036211699164345405, 0.04874651810584958, 0.08217270194986072, 0.0988857938718663, 0.11838440111420613, 0.13231197771587744, 0.1309192200557103, 0.10167130919220056, 0.06685236768802229, 0.04317548746518106, 0.04735376044568245, 0.016713091922005572, 0.013927576601671309, 0.008356545961002786, 0.006963788300835654, 0.002785515320334262, 0.0, 0.0, 0.0, 0.0, 0.0, 0.0, 0.0, 0.0, 0.0], [0.0, 0.0002519526329050139, 0.0002519526329050139, 0.0002519526329050139, 0.0010078105316200555, 0.0022675736961451248, 0.004787100025195263, 0.009574200050390527, 0.01562106324011086, 0.02821869488536155, 0.038296800201562106, 0.05442176870748299, 0.08390022675736962, 0.0944822373393802, 0.12748803224993702, 0.13529856386999245, 0.145376669186193, 0.08415217939027463, 0.10405643738977072, 0.034013605442176874, 0.017384731670445956, 0.00655076845553036, 0.003779289493575208, 0.0022675736961451248, 0.0030234315948601664, 0.0012597631645250692, 0.0010078105316200555, 0.0010078105316200555, 0.0, 0.0, 0.0, 0.0, 0.0], [0.00011798017932987259, 0.0, 0.0, 0.00023596035865974517, 0.00023596035865974517, 0.00023596035865974517, 0.00023596035865974517, 0.0005899008966493629, 0.0024775837659273244, 0.003421425200566305, 0.005191127890514393, 0.007196790939122228, 0.012033978291647004, 0.019230769230769232, 0.02524775837659273, 0.03881547899952808, 0.09273242095327985, 0.16151486550259556, 0.3642048135913167, 0.08754129306276545, 0.052383199622463426, 0.06052383199622464, 0.022888154789995282, 0.009792354884379424, 0.020292590844738084, 0.005663048607833884, 0.0029495044832468145, 0.0037753657385559227, 0.0, 0.00047192071731949034, 0.0, 0.0, 0.0], [0.0, 0.0, 0.0, 0.0, 0.00011556685542586386, 0.0, 0.0008089679879810471, 0.0017335028313879579, 0.0047382410724604185, 0.007858546168958742, 0.011672252398012251, 0.013059054663122616, 0.02600254247081937, 0.0287761470010401, 0.04287530336299549, 0.05177395123078701, 0.07176701721946147, 0.0437998382064024, 0.2667283023228938, 0.15312608343926962, 0.08910204553334104, 0.09649832428059632, 0.03131861782040911, 0.014445856928232984, 0.027389344735929737, 0.0068184444701259676, 0.0048538079278862825, 0.002542470819369005, 0.0021957702530914134, 0.0, 0.0, 0.0, 0.0], [0.0, 0.0, 0.0, 0.0, 0.010309278350515464, 0.005154639175257732, 0.030927835051546393, 0.02577319587628866, 0.05670103092783505, 0.05154639175257732, 0.07216494845360824, 0.09278350515463918, 0.10309278350515463, 0.11855670103092783, 0.09278350515463918, 0.10309278350515463, 0.07731958762886598, 0.03608247422680412, 0.04639175257731959, 0.030927835051546393, 0.041237113402061855, 0.005154639175257732, 0.0, 0.0, 0.0, 0.0, 0.0, 0.0, 0.0, 0.0, 0.0, 0.0, 0.0], [0.0, 0.0, 0.0, 0.0, 0.0, 0.0, 0.0, 0.0013571354003549432, 0.001252740369558409, 0.004697776385844034, 0.007203257124960852, 0.011483453387618749, 0.021400981313289488, 0.06942269547969517, 0.12109823572397954, 0.14709259839231653, 0.1779935275080906, 0.1099279674287504, 0.14938928906984028, 0.05668650172251801, 0.03424157010126318, 0.03987890176427602, 0.01534606952709051, 0.008247207432926193, 0.012318613633991022, 0.004384591293454432, 0.0028186658315064203, 0.0019835055851341477, 0.001461530431151477, 0.00031318509238960227, 0.0, 0.0, 0.0], [0.0, 0.0, 0.0004023335345001006, 0.002212834439750553, 0.0016093341380004024, 0.003419835043250855, 0.007443170388251861, 0.012673506336753168, 0.019110842888754778, 0.0352041842687588, 0.04908469120901227, 0.06739086702876684, 0.09434721384027359, 0.11245222289277812, 0.12170589418628043, 0.12049889358278013, 0.11989539328102998, 0.067994367330517, 0.07221886944276805, 0.02916918125125729, 0.017099175216254276, 0.015691007845503924, 0.009857171595252465, 0.005029169181251257, 0.0064373365520016095, 0.003419835043250855, 0.002615167974250654, 0.0008046670690002012, 0.0016093341380004024, 0.0002011667672500503, 0.0004023335345001006, 0.0, 0.0], [0.002717391304347826, 0.002717391304347826, 0.0, 0.008152173913043478, 0.005434782608695652, 0.019021739130434784, 0.01358695652173913, 0.04076086956521739, 0.059782608695652176, 0.11956521739130435, 0.11413043478260869, 0.1358695652173913, 0.10054347826086957, 0.11141304347826086, 0.07065217391304347, 0.06793478260869565, 0.051630434782608696, 0.01358695652173913, 0.019021739130434784, 0.03260869565217391, 0.010869565217391304, 0.0, 0.0, 0.0, 0.0, 0.0, 0.0, 0.0, 0.0, 0.0, 0.0, 0.0, 0.0], [0.00020992967355935762, 0.00020992967355935762, 0.000524824183898394, 0.0003148945103390364, 0.000524824183898394, 0.0012595780413561456, 0.001574472551695182, 0.004303558307966831, 0.007557468248136874, 0.016164584864070537, 0.025821349847800986, 0.034533431300514325, 0.041566075364752805, 0.046184528183058675, 0.05888527343339981, 0.06812217907001154, 0.20216227563766137, 0.1327805185262937, 0.1442216857352787, 0.06413351527238376, 0.04335047759000735, 0.04219586438543088, 0.02204261572373255, 0.013855358454917602, 0.01679437388474861, 0.0050383121654245825, 0.0036737692872887582, 0.001679437388474861, 0.0003148945103390364, 0.0, 0.0, 0.0, 0.0], [0.0, 0.0, 0.0, 0.0, 0.0003891050583657588, 0.0007782101167315176, 0.0011673151750972762, 0.0015564202334630351, 0.0023346303501945525, 0.00894941634241245, 0.012840466926070038, 0.01634241245136187, 0.02217898832684825, 0.03735408560311284, 0.06147859922178988, 0.07859922178988327, 0.10311284046692606, 0.088715953307393, 0.17782101167315176, 0.06926070038910506, 0.07392996108949416, 0.09688715953307393, 0.04319066147859922, 0.017120622568093387, 0.04708171206225681, 0.014007782101167316, 0.012451361867704281, 0.008560311284046693, 0.002723735408560311, 0.0011673151750972762, 0.0, 0.0, 0.0], [0.0, 0.0, 0.0001763668430335097, 0.0, 0.0008818342151675485, 0.0005291005291005291, 0.0015873015873015873, 0.004409171075837742, 0.008112874779541446, 0.014638447971781305, 0.020987654320987655, 0.02962962962962963, 0.05343915343915344, 0.06490299823633157, 0.10070546737213404, 0.1271604938271605, 0.15132275132275133, 0.09735449735449736, 0.14320987654320988, 0.06261022927689594, 0.03738977072310406, 0.03738977072310406, 0.013580246913580247, 0.008641975308641974, 0.012522045855379188, 0.0031746031746031746, 0.0019400352733686067, 0.0015873015873015873, 0.0021164021164021165, 0.0, 0.0, 0.0, 0.0], [0.0, 0.0, 0.00042087542087542086, 0.00042087542087542086, 0.0005611672278338945, 0.0032267115600448934, 0.006032547699214366, 0.012345679012345678, 0.02132435465768799, 0.03633557800224467, 0.05948372615039282, 0.0723905723905724, 0.09792368125701459, 0.11868686868686869, 0.13762626262626262, 0.12219416386083053, 0.10578002244668912, 0.06130751964085297, 0.06186868686868687, 0.026795735129068462, 0.017957351290684626, 0.015432098765432098, 0.007575757575757576, 0.004208754208754209, 0.003928170594837262, 0.003367003367003367, 0.0015432098765432098, 0.0012626262626262627, 0.0, 0.0, 0.0, 0.0, 0.0], [0.0, 0.0, 0.0, 0.0, 0.00012629451881788332, 0.0005051780752715333, 0.0017681232634503663, 0.002020712301086133, 0.004546602677443799, 0.0053043697903510986, 0.01338721899469563, 0.01944935589795403, 0.02791108865875221, 0.03372063652437484, 0.04849709522606719, 0.04496084869916646, 0.22796160646627936, 0.15344784036372822, 0.21217479161404396, 0.07325082091437232, 0.04104571861581208, 0.04091942409699419, 0.016418287446324828, 0.011113917655973731, 0.012755746400606213, 0.003662541045718616, 0.0017681232634503663, 0.002147006819904016, 0.0011366506693609498, 0.0, 0.0, 0.0, 0.0], [0.0002041649652919559, 0.0, 0.0, 0.00010208248264597796, 0.00010208248264597796, 0.00030624744793793387, 0.0012249897917517355, 0.0016333197223356473, 0.004185381788485096, 0.00990200081665986, 0.016026949775418537, 0.019089424254797878, 0.025622703144140467, 0.06717027358105349, 0.1384238464679461, 0.1477133523887301, 0.1699673336055533, 0.11055532870559412, 0.13362596978358512, 0.05430788076766027, 0.030522662311147405, 0.03225806451612903, 0.013576970191915068, 0.006022866476112699, 0.009289505920783994, 0.0028583095140873828, 0.0031645569620253164, 0.0009187423438138016, 0.0005104124132298898, 0.0006124948958758677, 0.00010208248264597796, 0.0, 0.0], [0.0, 0.0, 0.0, 0.00017911517105498835, 0.0005373455131649651, 0.00017911517105498835, 0.0014329213684399068, 0.0016120365394948952, 0.003940533763209744, 0.006985491671144546, 0.013970983342289092, 0.024897008776643383, 0.04406233207952714, 0.06537703743507076, 0.0954683861723088, 0.11732043704101737, 0.15905427189682966, 0.12018627977789718, 0.14884470714669532, 0.07003403188250044, 0.04567436861902203, 0.037972416263657535, 0.015583019881783988, 0.005910800644814616, 0.01092602543435429, 0.003940533763209744, 0.003940533763209744, 0.0005373455131649651, 0.0008955758552749418, 0.0005373455131649651, 0.0, 0.0, 0.0], [0.0, 0.0, 0.000248015873015873, 0.000248015873015873, 0.001736111111111111, 0.002976190476190476, 0.001488095238095238, 0.005208333333333333, 0.011160714285714286, 0.017857142857142856, 0.03149801587301587, 0.046130952380952384, 0.06572420634920635, 0.09077380952380952, 0.11557539682539683, 0.1284722222222222, 0.1331845238095238, 0.09647817460317461, 0.10193452380952381, 0.04439484126984127, 0.029265873015873016, 0.031001984126984128, 0.014384920634920634, 0.006944444444444444, 0.012648809523809524, 0.00496031746031746, 0.001984126984126984, 0.002976190476190476, 0.000496031746031746, 0.000248015873015873, 0.0, 0.0, 0.0], [0.00018338529249954154, 0.0, 0.0005501558774986246, 0.0012836970474967907, 0.0005501558774986246, 0.0014670823399963323, 0.0036677058499908306, 0.006968641114982578, 0.012286814597469282, 0.019255455712451863, 0.03190904089492023, 0.05189803777737025, 0.0750045846323125, 0.10049514028974876, 0.12506876948468731, 0.12910324591967723, 0.13533834586466165, 0.08050614340729874, 0.11131487254722171, 0.039977993764900056, 0.024023473317439942, 0.022556390977443608, 0.010269576379974325, 0.004951402897487621, 0.005501558774986246, 0.001650467632495874, 0.001650467632495874, 0.0018338529249954153, 0.00036677058499908307, 0.00036677058499908307, 0.0, 0.0, 0.0], [0.0, 0.0, 0.00012413108242303873, 0.00024826216484607745, 0.0003723932472691162, 0.00012413108242303873, 0.000868917576961271, 0.001861966236345581, 0.002730883813306852, 0.006330685203574975, 0.012288977159880834, 0.014399205561072492, 0.027681231380337637, 0.036742800397219465, 0.14721946375372394, 0.15690168818272096, 0.1734111221449851, 0.11320754716981132, 0.17167328699106257, 0.047666335650446874, 0.024950347567030785, 0.027929493545183714, 0.01067527308838133, 0.006454816285998014, 0.00881330685203575, 0.0024826216484607746, 0.0014895729890764648, 0.0009930486593843098, 0.0019860973187686196, 0.0003723932472691162, 0.0, 0.0, 0.0], [0.0, 0.0, 0.0, 0.006329113924050633, 0.006329113924050633, 0.006329113924050633, 0.0, 0.0189873417721519, 0.0379746835443038, 0.10126582278481013, 0.056962025316455694, 0.08227848101265822, 0.0759493670886076, 0.06329113924050633, 0.04430379746835443, 0.12658227848101267, 0.08860759493670886, 0.0949367088607595, 0.04430379746835443, 0.0379746835443038, 0.0379746835443038, 0.0189873417721519, 0.02531645569620253, 0.0, 0.006329113924050633, 0.006329113924050633, 0.0, 0.012658227848101266, 0.0, 0.0, 0.0, 0.0, 0.0], [0.00021961128802020424, 0.00010980564401010212, 0.0, 0.0, 0.0, 0.00010980564401010212, 0.00021961128802020424, 0.000988250796090919, 0.0024157241682222466, 0.004502031404414187, 0.007466783792686944, 0.010102119248929394, 0.022070934446030525, 0.029867135170747777, 0.051608652684748, 0.16284177006698144, 0.22510157022070934, 0.14878664763368837, 0.15405731854617327, 0.06412649610189963, 0.037992752827495334, 0.037114307675414515, 0.014274733721313276, 0.006917755572636433, 0.010321730536949599, 0.004062808828373779, 0.002964752388272757, 0.0012078620841111233, 0.0005490282200505106, 0.0, 0.0, 0.0, 0.0], [0.0, 0.0, 0.0, 0.0001188495364868077, 0.0, 0.0001188495364868077, 0.0009507962918944616, 0.0003565486094604231, 0.001188495364868077, 0.002258141193249346, 0.004516282386498692, 0.0066555740432612314, 0.011409555502733539, 0.01616353696220585, 0.027810791537913004, 0.10589493700974566, 0.18790111718564298, 0.1512954599477062, 0.21036367958164964, 0.09258378892322319, 0.058711671024483006, 0.05681007844069408, 0.020917518421678154, 0.010815307820299502, 0.019253624910862847, 0.0068932731162348465, 0.0035654860946042312, 0.0015450439743285001, 0.001188495364868077, 0.0002376990729736154, 0.0004753981459472308, 0.0, 0.0], [0.00019495077492933034, 9.747538746466517e-05, 0.0, 0.00019495077492933034, 0.00019495077492933034, 0.0005848523247879911, 0.0007798030997173213, 0.0018520323618286382, 0.0029242616239399553, 0.005556097085485915, 0.010039964908860513, 0.01335412808265913, 0.01754556974363973, 0.024661273028560287, 0.03411638561263281, 0.14094941027390584, 0.16726776488936543, 0.14094941027390584, 0.1863729408324398, 0.08597329174383468, 0.05244175845598986, 0.05673067550443513, 0.022126912954478994, 0.011599571108295155, 0.01413393118237645, 0.005361146310556585, 0.0025343600740812943, 0.0010722292621113169, 0.00038990154985866067, 0.0, 0.0, 0.0, 0.0], [0.0, 0.0, 0.0, 0.001440922190201729, 0.001440922190201729, 0.0, 0.0, 0.007204610951008645, 0.007204610951008645, 0.005763688760806916, 0.012968299711815562, 0.025936599423631124, 0.043227665706051875, 0.08501440922190202, 0.12536023054755044, 0.17002881844380405, 0.17723342939481268, 0.12247838616714697, 0.12247838616714697, 0.04755043227665706, 0.023054755043227664, 0.018731988472622477, 0.002881844380403458, 0.0, 0.0, 0.0, 0.0, 0.0, 0.0, 0.0, 0.0, 0.0, 0.0], [0.0, 0.0, 0.0, 9.018759018759019e-05, 0.0, 9.018759018759019e-05, 0.00027056277056277056, 0.0007215007215007215, 0.0016233766233766235, 0.00487012987012987, 0.007395382395382395, 0.012445887445887446, 0.021284271284271284, 0.027597402597402596, 0.04076479076479077, 0.048701298701298704, 0.09235209235209235, 0.16783910533910534, 0.2804834054834055, 0.09758297258297258, 0.05735930735930736, 0.07548701298701299, 0.021464646464646464, 0.010371572871572872, 0.01875901875901876, 0.00487012987012987, 0.002976190476190476, 0.003427128427128427, 0.0010822510822510823, 9.018759018759019e-05, 0.0, 0.0, 0.0], [9.852216748768474e-05, 9.852216748768474e-05, 9.852216748768474e-05, 0.0, 0.00039408866995073894, 0.00039408866995073894, 0.00029556650246305416, 0.0009852216748768472, 0.001083743842364532, 0.005221674876847291, 0.009556650246305419, 0.019014778325123154, 0.03270935960591133, 0.0445320197044335, 0.0652216748768473, 0.07724137931034483, 0.09891625615763547, 0.20738916256157636, 0.22817733990147784, 0.09133004926108375, 0.04561576354679803, 0.04039408866995074, 0.015270935960591134, 0.005714285714285714, 0.004334975369458128, 0.0025615763546798028, 0.002955665024630542, 0.00039408866995073894, 0.0, 0.0, 0.0, 0.0, 0.0], [0.0, 0.00010422094841063054, 0.0, 0.00010422094841063054, 0.00010422094841063054, 0.0005211047420531526, 0.0007295466388744137, 0.0016675351745700886, 0.0022928608650338717, 0.004481500781657113, 0.008337675872850442, 0.0136529442417926, 0.05721730067743616, 0.08035435122459614, 0.11016154247003648, 0.13934340802501302, 0.15643564356435644, 0.115372589890568, 0.13850964043772798, 0.06607608129233976, 0.039395518499218345, 0.03314226159458051, 0.014695153725898906, 0.006149035956227201, 0.006044815007816571, 0.0025013027618551328, 0.0017717561229807191, 0.0008337675872850443, 0.0, 0.0, 0.0, 0.0, 0.0], [0.0, 0.0, 0.0, 0.0, 0.00023565453045834805, 0.0, 0.0008247908566042182, 0.0023565453045834807, 0.004830917874396135, 0.007540944974667138, 0.01637798986685519, 0.02509720749381407, 0.0421821609520443, 0.06633675032402497, 0.10274537527983975, 0.12583951926475787, 0.15364675385884294, 0.09803228467067279, 0.16613644397313537, 0.060091905266878756, 0.03723341581241899, 0.04006127017791917, 0.01661364439731354, 0.006833981383292094, 0.012018381053375752, 0.005302226935312832, 0.004006127017791917, 0.002827854365500177, 0.0014139271827500884, 0.0004713090609166961, 0.0009426181218333922, 0.0, 0.0], [0.0, 0.00017247326664367022, 0.00017247326664367022, 0.00034494653328734045, 0.0010348395998620215, 0.0010348395998620215, 0.0017247326664367024, 0.0025870989996550535, 0.005691617799241117, 0.018972059330803724, 0.042600896860986545, 0.05950327699206623, 0.07813038978958262, 0.10158675405312177, 0.12780269058295965, 0.11866160745084511, 0.14763711624698173, 0.07778544325629527, 0.11331493618489134, 0.02949292859606761, 0.0243187305967575, 0.020869265263884097, 0.008106243532252502, 0.005174197999310107, 0.006898930665746809, 0.0018972059330803726, 0.0018972059330803726, 0.0006898930665746809, 0.001552259399793032, 0.00034494653328734045, 0.0, 0.0, 0.0], [0.0, 0.0, 0.0, 0.000727802037845706, 0.0009704027171276079, 0.0019408054342552159, 0.0038816108685104317, 0.007035419699175158, 0.013585638039786511, 0.015526443474041727, 0.026928675400291122, 0.04196991751576904, 0.05482775351770985, 0.08224163027656478, 0.1222707423580786, 0.13124696749150896, 0.14968461911693354, 0.09606986899563319, 0.1098981077147016, 0.04997573993207181, 0.026443474041727318, 0.023047064531780688, 0.012372634643377001, 0.009218825812712276, 0.008733624454148471, 0.003153808830664726, 0.0024260067928190197, 0.002911208151382824, 0.002183406113537118, 0.000727802037845706, 0.0, 0.0, 0.0], [0.0002231644722160232, 0.0, 0.0, 0.0, 0.0004463289444320464, 0.0004463289444320464, 0.001673733541620174, 0.00345904931934836, 0.00490961838875251, 0.009596072305288998, 0.01740682883284981, 0.04318232537380049, 0.0845793349698728, 0.11950457487168042, 0.14684222271814326, 0.14929703191251953, 0.1385851372461504, 0.0807855389422004, 0.09584914081678197, 0.033697835304619506, 0.020642713679982147, 0.024101762999330506, 0.00892657888864093, 0.004351707208212452, 0.007252845347020754, 0.0021200624860522204, 0.0007810756527560813, 0.0011158223610801161, 0.0, 0.0002231644722160232, 0.0, 0.0, 0.0], [0.0, 0.0, 0.0, 0.00028149190710767064, 0.00014074595355383532, 0.00014074595355383532, 0.0014074595355383533, 0.000422237860661506, 0.00211118930330753, 0.004644616467276565, 0.007741027445460943, 0.00928923293455313, 0.014637579169598874, 0.061224489795918366, 0.11583391977480648, 0.14004222378606615, 0.17086558761435608, 0.11287825475017593, 0.1653764954257565, 0.059113300492610835, 0.036875439831104855, 0.04053483462350457, 0.01857846586910626, 0.008022519352568614, 0.014919071076706545, 0.005207600281491907, 0.00450387051372273, 0.002955665024630542, 0.0014074595355383533, 0.0005629838142153413, 0.00028149190710767064, 0.0, 0.0], [0.0, 0.0, 0.0001722356183258698, 0.0003444712366517396, 0.0012056493282810886, 0.0013778849466069584, 0.0022390630382363073, 0.0044781260764726145, 0.007578367206338271, 0.017912504305890458, 0.030485704443678954, 0.04168101963486049, 0.06803306923871856, 0.09111264209438512, 0.1174646916982432, 0.13089906992766104, 0.14553909748535998, 0.09128487771271099, 0.12332070272132277, 0.044953496383052016, 0.027557698932139166, 0.021701687909059592, 0.010850843954529796, 0.003961419221495005, 0.005683775404753703, 0.0010334137099552187, 0.002411298656562177, 0.004133654839820875, 0.002411298656562177, 0.0001722356183258698, 0.0, 0.0, 0.0], [0.00011671335200746966, 0.0, 0.0, 0.0, 0.00011671335200746966, 0.0010504201680672268, 0.0007002801120448179, 0.002334267040149393, 0.0028011204481792717, 0.005718954248366013, 0.013888888888888888, 0.021708683473389355, 0.035480859010270774, 0.042483660130718956, 0.058940242763772174, 0.119281045751634, 0.20938375350140057, 0.14939309056956115, 0.16036414565826332, 0.07014472455648926, 0.042833800186741364, 0.032913165266106444, 0.014005602240896359, 0.005835667600373483, 0.005368814192343604, 0.0022175536881419234, 0.002334267040149393, 0.00046685340802987864, 0.00011671335200746966, 0.0, 0.0, 0.0, 0.0], [0.0, 0.0, 0.0, 0.00014729709824716454, 0.00014729709824716454, 0.0004418912947414936, 0.0005891883929886581, 0.00162026808071881, 0.0026513477684489617, 0.006039181028133746, 0.023272941523051996, 0.032405361614376196, 0.06643099130947121, 0.09824716453085874, 0.1312417145382236, 0.14508764177345707, 0.15480925025776993, 0.10354986006775667, 0.11150390337310355, 0.04389453527765503, 0.026513477684489615, 0.019295919870378552, 0.01104728236853734, 0.004860804242156429, 0.007954043305346884, 0.0023567535719546326, 0.002504050670201797, 0.0020621593754603035, 0.0011783767859773163, 0.0, 0.00014729709824716454, 0.0, 0.0], [0.0, 0.0, 0.0, 0.00015432098765432098, 0.0, 0.0006172839506172839, 0.000925925925925926, 0.000925925925925926, 0.0023148148148148147, 0.002006172839506173, 0.005246913580246914, 0.013888888888888888, 0.040740740740740744, 0.06358024691358025, 0.09074074074074075, 0.1175925925925926, 0.1558641975308642, 0.11064814814814815, 0.17669753086419754, 0.06959876543209877, 0.04243827160493827, 0.045987654320987656, 0.02021604938271605, 0.012037037037037037, 0.014660493827160493, 0.006944444444444444, 0.002932098765432099, 0.0010802469135802468, 0.002006172839506173, 0.00015432098765432098, 0.0, 0.0, 0.0], [0.0, 0.0, 0.00011536686663590217, 0.0, 0.00023073373327180433, 0.00034610059990770653, 0.00034610059990770653, 0.0012690355329949238, 0.0011536686663590216, 0.0038071065989847717, 0.006691278264882325, 0.016151361329026302, 0.026880479926165206, 0.044993077988001846, 0.05549146285186894, 0.16082141209044762, 0.18031841255191508, 0.11005999077065066, 0.17916474388555606, 0.06460544531610521, 0.043262574988463316, 0.04037840332256576, 0.023996308260267652, 0.011767420396862021, 0.0159206275957545, 0.004845408398707891, 0.0033456391324411627, 0.001961236732810337, 0.0017305029995385325, 0.00034610059990770653, 0.0, 0.0, 0.0], [0.0, 0.0, 0.0, 0.0, 9.340556697179151e-05, 9.340556697179151e-05, 9.340556697179151e-05, 0.0008406501027461236, 0.0017747057724640388, 0.0047636839155613675, 0.009060339996263777, 0.01643937978703531, 0.02830188679245283, 0.03605454885111153, 0.05492247337941341, 0.05875210162525687, 0.07229590883616664, 0.081543059966374, 0.32514477862880625, 0.11479544180833177, 0.06473005791145152, 0.07014758079581543, 0.01896133009527368, 0.009153745563235569, 0.01896133009527368, 0.005230711750420325, 0.0038296282458434522, 0.002521950308238371, 0.0010274612366897068, 0.0004670278348589576, 0.0, 0.0, 0.0], [0.0, 0.0, 0.0, 0.0, 0.0, 9.997000899730081e-05, 0.0005998200539838049, 0.003099070278916325, 0.005098470458862341, 0.00989703089073278, 0.018094571628511448, 0.03348995301409577, 0.05038488453463961, 0.07727681695491352, 0.11386584024792562, 0.1355593322003399, 0.1733479956013196, 0.10946715985204439, 0.15565330400879737, 0.04698590422873138, 0.025092472258322503, 0.02599220233929821, 0.00739778066580026, 0.0034989503149055285, 0.0024992502249325203, 0.0008997300809757073, 0.0007997600719784065, 0.0005998200539838049, 0.00029991002699190244, 0.0, 0.0, 0.0, 0.0], [0.0, 0.0029850746268656717, 0.0, 0.0029850746268656717, 0.005970149253731343, 0.020895522388059702, 0.020895522388059702, 0.03880597014925373, 0.08358208955223881, 0.05970149253731343, 0.056716417910447764, 0.07164179104477612, 0.08358208955223881, 0.12238805970149254, 0.11940298507462686, 0.1044776119402985, 0.08059701492537313, 0.04776119402985075, 0.03283582089552239, 0.020895522388059702, 0.008955223880597015, 0.008955223880597015, 0.0, 0.005970149253731343, 0.0, 0.0, 0.0, 0.0, 0.0, 0.0, 0.0, 0.0, 0.0]]}, "ranks": {"labels": ["Unranked", "Combatatent I", "Combatatent II", "Challenger I", "Challenger II", "Rival I", "Rival II", "Duelist", "Elite"], "data": [[0.12952646239554316, 0.181058495821727, 0.25069637883008355, 0.23259052924791088, 0.11002785515320335, 0.0584958217270195, 0.019498607242339833, 0.018105849582172703, 0.0], [0.062232300327538424, 0.0927185689090451, 0.17838246409674982, 0.26278659611992944, 0.22952884857646763, 0.12421264802217183, 0.03124212648022172, 0.012597631645250693, 0.0062988158226253465], [0.0075507314771118455, 0.012387918829636621, 0.03126474752241623, 0.06406323737612081, 0.2542472864558754, 0.4115148655025956, 0.09261444077394998, 0.09320434167059934, 0.033152430391694195], [0.01525482491621403, 0.024731307061134866, 0.054778689471859474, 0.0946492545937825, 0.11556685542586387, 0.34947417080781235, 0.15948226048769212, 0.1422627990292384, 0.0437998382064024], [0.18041237113402062, 0.16494845360824742, 0.22164948453608246, 0.1958762886597938, 0.1134020618556701, 0.07216494845360824, 0.04639175257731959, 0.005154639175257732, 0.0], [0.007307652155757386, 0.018686710512579603, 0.09082367679298466, 0.2681908341162961, 0.287921494936841, 0.18227372377074852, 0.05804363712287295, 0.06347217872429273, 0.0232800918676271], [0.08207604103802052, 0.11647555823777912, 0.2067994367330517, 0.24220478776906054, 0.18788976061154697, 0.09052504526252263, 0.02796218064775699, 0.030577348622007644, 0.015489841078253873], [0.2717391304347826, 0.25, 0.21195652173913043, 0.13858695652173914, 0.06521739130434782, 0.035326086956521736, 0.02717391304347826, 0.0, 0.0], [0.03264406423848011, 0.060354781148315315, 0.08775060354781149, 0.12700745250341136, 0.33494279416395506, 0.18064448409782724, 0.07106119449984255, 0.07809383856408103, 0.02750078723627585], [0.015175097276264591, 0.029182879377431907, 0.059533073929961086, 0.14007782101167315, 0.19182879377431908, 0.21206225680933852, 0.10894941634241245, 0.15719844357976653, 0.08599221789883268], [0.030335097001763667, 0.050617283950617285, 0.11834215167548501, 0.22786596119929453, 0.24867724867724866, 0.18095238095238095, 0.062257495590828923, 0.05961199294532628, 0.021340388007054675], [0.08066778900112233, 0.13187429854096522, 0.2166105499438833, 0.25982042648709314, 0.1670875420875421, 0.07491582491582492, 0.03170594837261504, 0.027216610549943884, 0.010101010101010102], [0.014271280626420814, 0.032836574892649656, 0.061631725183127054, 0.09345794392523364, 0.3814094468300076, 0.25511492801212426, 0.07135640313210406, 0.06845162919929275, 0.02147006819904016], [0.017660269497754184, 0.03511637403021641, 0.09279297672519396, 0.2861371988566762, 0.2805226623111474, 0.16425071457737853, 0.05420579828501429, 0.0518579011841568, 0.01745610453246223], [0.014866559197564034, 0.03886799211893247, 0.10943936951459789, 0.21278882321332618, 0.27924055167472683, 0.1891456206340677, 0.07540748701415009, 0.05946623679025614, 0.020777359842378648], [0.04092261904761905, 0.07762896825396826, 0.15649801587301587, 0.24404761904761904, 0.2296626984126984, 0.1259920634920635, 0.0496031746031746, 0.05233134920634921, 0.023313492063492064], [0.04621309370988447, 0.08380707867229048, 0.17549972492206126, 0.25417201540436457, 0.2158444892719604, 0.13588850174216027, 0.03942783788740143, 0.03777737025490556, 0.011369888134971575], [0.01266137040714995, 0.026688182720953326, 0.0644240317775571, 0.3041211519364449, 0.2866186693147964, 0.19885799404170804, 0.04543197616683217, 0.04505958291956306, 0.016137040714995034], [0.17721518987341772, 0.13924050632911392, 0.13924050632911392, 0.17088607594936708, 0.18354430379746836, 0.05063291139240506, 0.06962025316455696, 0.04430379746835443, 0.02531645569620253], [0.008564840232787965, 0.01756890304161634, 0.051938069616778305, 0.21445042275172943, 0.37388821785439774, 0.1917206544416383, 0.06445591303392995, 0.05830679696936423, 0.01910618205775777], [0.004991680532445923, 0.011171856429759925, 0.027573092464939386, 0.13370572854765866, 0.33919657713334916, 0.2609935821250297, 0.10066555740432612, 0.08854290468267174, 0.03315902067981935], [0.012379374208012477, 0.023394092991519642, 0.04220684277220002, 0.17506579588653864, 0.3082171751632713, 0.23413588069012575, 0.0906521103421386, 0.09045715956720927, 0.023491568378984307], [0.023054755043227664, 0.03890489913544669, 0.1282420749279539, 0.2953890489913545, 0.29971181556195964, 0.15273775216138327, 0.040345821325648415, 0.021613832853025938, 0.0], [0.007665945165945166, 0.01984126984126984, 0.04888167388167388, 0.08946608946608947, 0.2601911976911977, 0.33676046176046176, 0.09866522366522366, 0.10732323232323232, 0.031204906204906204], [0.008669950738916255, 0.02857142857142857, 0.07724137931034483, 0.14246305418719213, 0.3063054187192118, 0.2794088669950739, 0.08571428571428572, 0.06137931034482759, 0.010246305418719211], [0.010005211047420531, 0.021990620114643044, 0.1375716519020323, 0.2495049504950495, 0.27180823345492444, 0.1758207399687337, 0.06816050026055237, 0.05398645127670662, 0.011151641479937467], [0.01578885354070932, 0.04147519736066926, 0.10851891127606929, 0.22858489454459763, 0.25167903852951573, 0.1973606692588665, 0.06610109579356663, 0.0635088959585248, 0.026982443737480852], [0.03173508106243532, 0.10210417385305277, 0.17971714384270437, 0.24646429803380476, 0.225422559503277, 0.12901000344946534, 0.03811659192825112, 0.0341497067954467, 0.013280441531562609], [0.043668122270742356, 0.06889859291606017, 0.13706938379427464, 0.2535177098495876, 0.24575448811256673, 0.13779718583212033, 0.048520135856380396, 0.044638524987869965, 0.020135856380397867], [0.020754295916090158, 0.0605891542066503, 0.20408390984155322, 0.2961392546306628, 0.21937067618835082, 0.11437179201071189, 0.035817897790671724, 0.037380049096183886, 0.011492970319125195], [0.009148486980999296, 0.017030260380014074, 0.07586206896551724, 0.2558761435608726, 0.28374384236453204, 0.19774806474313864, 0.06361717100633357, 0.06713581984517945, 0.02983814215341309], [0.03530830175680331, 0.07216672407853944, 0.15914571133310368, 0.24836376162590423, 0.23682397519807097, 0.14915604547020322, 0.04667585256631071, 0.036513951085084394, 0.01584567688598002], [0.012838468720821661, 0.03559757236227824, 0.07796451914098973, 0.17822128851540617, 0.3587768440709617, 0.19887955182072828, 0.07446311858076564, 0.052754435107376284, 0.01050420168067227], [0.011636470761525998, 0.05567830313742819, 0.16467815584032994, 0.27632935631168065, 0.2583591103255266, 0.13639711297687435, 0.04551480335837384, 0.035204006481072324, 0.016202680807188098], [0.006944444444444444, 0.019135802469135803, 0.10432098765432099, 0.20833333333333334, 0.26651234567901233, 0.2146604938271605, 0.07407407407407407, 0.07824074074074074, 0.027777777777777776], [0.007268112598061836, 0.02284263959390863, 0.07187355791416705, 0.21631287494231657, 0.29037840332256576, 0.21469773880941392, 0.07233502538071065, 0.07614213197969544, 0.02814951545916013], [0.0076592564916869044, 0.025499719783299086, 0.06435643564356436, 0.11367457500467028, 0.15383896880254064, 0.38838034746870914, 0.11628993087988045, 0.09826265645432468, 0.03203810947132449], [0.018794361691492553, 0.05158452464260722, 0.12766170148955314, 0.2494251724482655, 0.282815155453364, 0.18254523642907128, 0.04518644406677996, 0.036888933320004, 0.005098470458862341], [0.23582089552238805, 0.12835820895522387, 0.20597014925373133, 0.22388059701492538, 0.12835820895522387, 0.03880597014925373, 0.023880597014925373, 0.014925373134328358, 0.0]]}, "ranksDetailed": {"labels": ["Unranked", "Combatatant", "Challenger", "Rival", "Duelist", "Elite"], "data": [[0.12952646239554316, 0.43175487465181056, 0.3426183844011142, 0.07799442896935933, 0.018105849582172703, 0.0], [0.062232300327538424, 0.2711010330057949, 0.4923154446963971, 0.15545477450239356, 0.012597631645250693, 0.0062988158226253465], [0.0075507314771118455, 0.04365266635205285, 0.3183105238319962, 0.5041293062765455, 0.09320434167059934, 0.033152430391694195], [0.01525482491621403, 0.07950999653299434, 0.21021611001964635, 0.5089564312955045, 0.1422627990292384, 0.0437998382064024], [0.18041237113402062, 0.3865979381443299, 0.30927835051546393, 0.11855670103092783, 0.005154639175257732, 0.0], [0.007307652155757386, 0.10951038730556426, 0.5561123290531371, 0.24031736089362146, 0.06347217872429273, 0.0232800918676271], [0.08207604103802052, 0.32327499497083084, 0.4300945483806075, 0.11848722591027962, 0.030577348622007644, 0.015489841078253873], [0.2717391304347826, 0.46195652173913043, 0.20380434782608695, 0.0625, 0.0, 0.0], [0.03264406423848011, 0.1481053846961268, 0.46195024666736645, 0.2517056785976698, 0.07809383856408103, 0.02750078723627585], [0.015175097276264591, 0.088715953307393, 0.3319066147859922, 0.321011673151751, 0.15719844357976653, 0.08599221789883268], [0.030335097001763667, 0.1689594356261023, 0.4765432098765432, 0.24320987654320989, 0.05961199294532628, 0.021340388007054675], [0.08066778900112233, 0.3484848484848485, 0.42690796857463525, 0.10662177328843996, 0.027216610549943884, 0.010101010101010102], [0.014271280626420814, 0.09446830007577671, 0.4748673907552412, 0.3264713311442283, 0.06845162919929275, 0.02147006819904016], [0.017660269497754184, 0.12790935075541038, 0.5666598611678236, 0.21845651286239282, 0.0518579011841568, 0.01745610453246223], [0.014866559197564034, 0.14830736163353037, 0.49202937488805304, 0.2645531076482178, 0.05946623679025614, 0.020777359842378648], [0.04092261904761905, 0.23412698412698413, 0.47371031746031744, 0.17559523809523808, 0.05233134920634921, 0.023313492063492064], [0.04621309370988447, 0.2593068035943517, 0.47001650467632494, 0.1753163396295617, 0.03777737025490556, 0.011369888134971575], [0.01266137040714995, 0.09111221449851042, 0.5907398212512414, 0.2442899702085402, 0.04505958291956306, 0.016137040714995034], [0.17721518987341772, 0.27848101265822783, 0.35443037974683544, 0.12025316455696203, 0.04430379746835443, 0.02531645569620253], [0.008564840232787965, 0.06950697265839464, 0.5883386406061272, 0.2561765674755682, 0.05830679696936423, 0.01910618205775777], [0.004991680532445923, 0.03874494889469931, 0.47290230568100783, 0.36165913952935586, 0.08854290468267174, 0.03315902067981935], [0.012379374208012477, 0.06560093576371966, 0.48328297104980994, 0.32478799103226436, 0.09045715956720927, 0.023491568378984307], [0.023054755043227664, 0.16714697406340057, 0.5951008645533141, 0.1930835734870317, 0.021613832853025938, 0.0], [0.007665945165945166, 0.06872294372294373, 0.34965728715728717, 0.43542568542568544, 0.10732323232323232, 0.031204906204906204], [0.008669950738916255, 0.1058128078817734, 0.4487684729064039, 0.36512315270935963, 0.06137931034482759, 0.010246305418719211], [0.010005211047420531, 0.15956227201667536, 0.521313183949974, 0.24398124022928608, 0.05398645127670662, 0.011151641479937467], [0.01578885354070932, 0.14999410863673854, 0.48026393307411336, 0.26346176505243313, 0.0635088959585248, 0.026982443737480852], [0.03173508106243532, 0.28182131769575713, 0.47188685753708176, 0.16712659537771646, 0.0341497067954467, 0.013280441531562609], [0.043668122270742356, 0.2059679767103348, 0.4992721979621543, 0.18631732168850074, 0.044638524987869965, 0.020135856380397867], [0.020754295916090158, 0.2646730640482035, 0.5155099308190136, 0.1501896898013836, 0.037380049096183886, 0.011492970319125195], [0.009148486980999296, 0.09289232934553132, 0.5396199859254046, 0.2613652357494722, 0.06713581984517945, 0.02983814215341309], [0.03530830175680331, 0.23131243541164312, 0.4851877368239752, 0.19583189803651396, 0.036513951085084394, 0.01584567688598002], [0.012838468720821661, 0.11356209150326797, 0.5369981325863679, 0.2733426704014939, 0.052754435107376284, 0.01050420168067227], [0.011636470761525998, 0.22035645897775813, 0.5346884666372073, 0.1819119163352482, 0.035204006481072324, 0.016202680807188098], [0.006944444444444444, 0.12345679012345678, 0.4748456790123457, 0.2887345679012346, 0.07824074074074074, 0.027777777777777776], [0.007268112598061836, 0.09471619750807568, 0.5066912782648824, 0.2870327641901246, 0.07614213197969544, 0.02814951545916013], [0.0076592564916869044, 0.08985615542686344, 0.26751354380721093, 0.5046702783485896, 0.09826265645432468, 0.03203810947132449], [0.018794361691492553, 0.17924622613216035, 0.5322403279016296, 0.22773168049585124, 0.036888933320004, 0.005098470458862341], [0.23582089552238805, 0.33432835820895523, 0.3522388059701492, 0.0626865671641791, 0.014925373134328358, 0.0]]}}}, "eu": {"histType": {"histogram": {"labels": ["0", "100", "200", "300", "400", "500", "600", "700", "800", "900", "1000", "1100", "1200", "1300", "1400", "1500", "1600", "1700", "1800", "1900", "2000", "2100", "2200", "2300", "2400", "2500", "2600", "2700", "2800", "2900", "3000", "3100", "3200"], "data": [[0.0, 0.0, 0.0018656716417910447, 0.0, 0.0, 0.005597014925373134, 0.011194029850746268, 0.026119402985074626, 0.05223880597014925, 0.07835820895522388, 0.07462686567164178, 0.10634328358208955, 0.10261194029850747, 0.11940298507462686, 0.1417910447761194, 0.09328358208955224, 0.061567164179104475, 0.041044776119402986, 0.03544776119402985, 0.020522388059701493, 0.007462686567164179, 0.005597014925373134, 0.014925373134328358, 0.0, 0.0, 0.0, 0.0, 0.0, 0.0, 0.0, 0.0, 0.0, 0.0], [0.00028145229383619476, 0.00028145229383619476, 0.0005629045876723895, 0.0014072614691809737, 0.0016887137630171687, 0.003940332113706727, 0.006754855052068675, 0.01125809175344779, 0.019701660568533633, 0.032929918378834785, 0.04615817618913594, 0.06276386152547143, 0.08133971291866028, 0.10357444413171968, 0.13650436251055445, 0.13115676892766676, 0.1396003377427526, 0.06614128905150576, 0.09541232761047003, 0.02476780185758514, 0.011539544047283985, 0.010976639459611595, 0.003940332113706727, 0.0033774275260343373, 0.0028145229383619475, 0.0005629045876723895, 0.0005629045876723895, 0.0, 0.0, 0.0, 0.0, 0.0, 0.0], [0.0, 0.0, 0.0, 0.00011916110581506196, 0.00011916110581506196, 0.00011916110581506196, 0.0, 0.0007149666348903718, 0.0019065776930409914, 0.002621544327931363, 0.005838894184938036, 0.009532888465204958, 0.011916110581506196, 0.015252621544327931, 0.025619637750238324, 0.034914204003813155, 0.18755958055290753, 0.15276453765490944, 0.31839847473784555, 0.07995710200190657, 0.05207340324118208, 0.05314585319351764, 0.01870829361296473, 0.007149666348903718, 0.010724499523355576, 0.005362249761677788, 0.002859866539561487, 0.0021448999046711154, 0.00023832221163012392, 0.00023832221163012392, 0.0, 0.0, 0.0], [0.0, 0.0, 0.0, 0.00011048502927853276, 0.00011048502927853276, 0.00022097005855706552, 0.0007733952049497294, 0.0020992155562921224, 0.0024306706441277206, 0.005855706551762236, 0.011711413103524472, 0.01723566456745111, 0.020660700475085624, 0.026516407026847863, 0.04286819136007071, 0.054027179317202516, 0.07645564026074467, 0.051817478731631866, 0.28096342945530883, 0.1426361727985858, 0.09181305933046072, 0.08783559827643354, 0.02994144293448238, 0.01358965860125953, 0.022649431002099214, 0.008175892166611425, 0.004640371229698376, 0.0034250359076345156, 0.0012153353220638603, 0.00022097005855706552, 0.0, 0.0, 0.0], [0.0, 0.0, 0.0, 0.0, 0.0, 0.021505376344086023, 0.026881720430107527, 0.053763440860215055, 0.05913978494623656, 0.05913978494623656, 0.06989247311827956, 0.08064516129032258, 0.053763440860215055, 0.11290322580645161, 0.0913978494623656, 0.15053763440860216, 0.026881720430107527, 0.06451612903225806, 0.03763440860215054, 0.04838709677419355, 0.021505376344086023, 0.005376344086021506, 0.0, 0.005376344086021506, 0.010752688172043012, 0.0, 0.0, 0.0, 0.0, 0.0, 0.0, 0.0, 0.0], [0.0, 0.00010404744563520966, 0.00010404744563520966, 0.00020809489127041931, 0.00031214233690562894, 0.00010404744563520966, 0.00020809489127041931, 0.0011445219019873061, 0.0018728540214337738, 0.003849755488502757, 0.007803558422640724, 0.01196545624804911, 0.03319113515763188, 0.0882322338986578, 0.12444074497971075, 0.13609405889085424, 0.1603371137238581, 0.10977005514514619, 0.1498283217147019, 0.05587347830610759, 0.03391946727707835, 0.03870564977629799, 0.015607116845281448, 0.005514514618666112, 0.010820934346061805, 0.004682135053584434, 0.00301737592342108, 0.00114452