{"region": {"us": {"histType": {"histogram": {"labels": ["0", "100", "200", "300", "400", "500", "600", "700", "800", "900", "1000", "1100", "1200", "1300", "1400", "1500", "1600", "1700", "1800", "1900", "2000", "2100", "2200", "2300", "2400", "2500", "2600", "2700", "2800", "2900", "3000", "3100", "3200"], "data": [[0.0, 0.0, 0.00375234521575985, 0.00375234521575985, 0.00375234521575985, 0.0075046904315197, 0.016885553470919325, 0.016885553470919325, 0.0375234521575985, 0.0450281425891182, 0.0825515947467167, 0.10881801125703565, 0.10694183864915573, 0.13133208255159476, 0.11444652908067542, 0.10694183864915573, 0.07692307692307693, 0.04878048780487805, 0.03377110694183865, 0.024390243902439025, 0.01125703564727955, 0.01125703564727955, 0.001876172607879925, 0.001876172607879925, 0.00375234521575985, 0.0, 0.0, 0.0, 0.0, 0.0, 0.0, 0.0, 0.0], [0.0, 0.0002924831822170225, 0.0, 0.000584966364434045, 0.000584966364434045, 0.0020473822755191578, 0.00467973091547236, 0.008189529102076631, 0.014331675928634104, 0.026615969581749048, 0.03831529687042995, 0.05527932143901726, 0.08072535829189821, 0.09154723603392804, 0.12284293653114946, 0.13688212927756654, 0.15121380520620065, 0.08218777420298333, 0.11055864287803452, 0.03480549868382568, 0.015501608657502193, 0.009651945013161743, 0.005557180462123428, 0.0020473822755191578, 0.00233986545773618, 0.0002924831822170225, 0.0017548990933021352, 0.00116993272886809, 0.0, 0.0, 0.0, 0.0, 0.0], [0.00011381743683132256, 0.0, 0.0, 0.00022763487366264513, 0.00022763487366264513, 0.00022763487366264513, 0.00022763487366264513, 0.0005690871841566128, 0.0027316184839517414, 0.0033007056681083544, 0.005235602094240838, 0.007739585704529934, 0.012292283177782836, 0.019348964261324837, 0.025495105850216252, 0.03949465058046893, 0.176075574778056, 0.1412474391076713, 0.31413612565445026, 0.08456635556567266, 0.0489414978374687, 0.058615979968131116, 0.02048713862963806, 0.008991577509674482, 0.0186660596403369, 0.006373776462554063, 0.0029592533576143867, 0.001251991805144548, 0.0, 0.00045526974732529026, 0.0, 0.0, 0.0], [0.0, 0.0, 0.0, 0.0, 0.00010931351114997814, 0.00010931351114997814, 0.000765194578049847, 0.0017490161783996502, 0.004591167468299082, 0.007761259291648448, 0.011477918670747704, 0.01355487538259729, 0.025142107564494972, 0.029623961521644076, 0.044271972015741144, 0.05465675557498907, 0.07575426322693485, 0.1390467861827722, 0.2925229558373415, 0.10843900306077832, 0.06591604722343682, 0.06733712286838653, 0.024158285964145168, 0.007979886313948404, 0.014757324005247048, 0.005028421512898994, 0.0036073458679492785, 0.001639702667249672, 0.0, 0.0, 0.0, 0.0, 0.0], [0.0, 0.0, 0.0, 0.0, 0.006329113924050633, 0.006329113924050633, 0.03164556962025317, 0.02531645569620253, 0.056962025316455694, 0.04430379746835443, 0.056962025316455694, 0.0949367088607595, 0.0949367088607595, 0.13291139240506328, 0.08860759493670886, 0.10126582278481013, 0.056962025316455694, 0.03164556962025317, 0.08860759493670886, 0.0379746835443038, 0.0189873417721519, 0.0189873417721519, 0.006329113924050633, 0.0, 0.0, 0.0, 0.0, 0.0, 0.0, 0.0, 0.0, 0.0, 0.0], [0.0, 0.0, 0.0, 0.0, 0.0, 0.0, 0.0, 0.0013598326359832635, 0.0013598326359832635, 0.007635983263598326, 0.020711297071129706, 0.03315899581589958, 0.05376569037656904, 0.08702928870292886, 0.10889121338912133, 0.13315899581589957, 0.16359832635983262, 0.09602510460251046, 0.13315899581589957, 0.05292887029288703, 0.03127615062761506, 0.03587866108786611, 0.015271966527196652, 0.007112970711297071, 0.00993723849372385, 0.0037656903765690376, 0.002510460251046025, 0.0008368200836820083, 0.00041841004184100416, 0.00010460251046025104, 0.00010460251046025104, 0.0, 0.0], [0.0, 0.00022732439190725165, 0.0004546487838145033, 0.0020459195271652648, 0.00136394635144351, 0.0036371902705160265, 0.007047056149124801, 0.01386678790634235, 0.021141168447374403, 0.03546260513753126, 0.050238690611502615, 0.06887929074789725, 0.09547624460104569, 0.1109343032507388, 0.11616276426460559, 0.12207319845419413, 0.11707206183223459, 0.06933393953171176, 0.07274380541032052, 0.0277335758126847, 0.018413275744487385, 0.015685383041600363, 0.010002273243919073, 0.004319163446237781, 0.007274380541032053, 0.003409865878608775, 0.003409865878608775, 0.0009092975676290066, 0.00022732439190725165, 0.0, 0.0004546487838145033, 0.0, 0.0], [0.00303951367781155, 0.0, 0.0, 0.0060790273556231, 0.00911854103343465, 0.02127659574468085, 0.0121580547112462, 0.03951367781155015, 0.057750759878419454, 0.0911854103343465, 0.11854103343465046, 0.13677811550151975, 0.11550151975683891, 0.1033434650455927, 0.07598784194528875, 0.0668693009118541, 0.04559270516717325, 0.02127659574468085, 0.030395136778115502, 0.0364741641337386, 0.00303951367781155, 0.0, 0.00303951367781155, 0.00303951367781155, 0.0, 0.0, 0.0, 0.0, 0.0, 0.0, 0.0, 0.0, 0.0], [0.0003005108684764099, 0.00020034057898427325, 0.0005008514474606832, 0.0003005108684764099, 0.0005008514474606832, 0.0012020434739056396, 0.0015025543423820495, 0.004307322448161875, 0.0077131122908945205, 0.015927076029249726, 0.02614444555744766, 0.034658920164279274, 0.042271862165681656, 0.048983271561654815, 0.06420915556445958, 0.1713913653210458, 0.16958830011018733, 0.11369327857357507, 0.12020434739056396, 0.055895021536612244, 0.035360112190724234, 0.03485926074326355, 0.01813082239807673, 0.010517880396674346, 0.013823499949914855, 0.004006811579685465, 0.002804768105779826, 0.0005008514474606832, 0.0005008514474606832, 0.0, 0.0, 0.0, 0.0], [0.0, 0.0, 0.0, 0.0, 0.0007927070947284979, 0.00039635354736424893, 0.0011890606420927466, 0.0011890606420927466, 0.0015854141894569957, 0.007927070947284977, 0.012683313515655966, 0.015457788347205707, 0.02140309155766944, 0.0364645263575109, 0.05866032500990884, 0.07411811335711455, 0.09908838684106223, 0.08997225525168451, 0.1791518034086405, 0.07094728497820056, 0.07689258818866429, 0.09948474038842647, 0.04399524375743163, 0.0186286167261197, 0.05033690051525961, 0.01466508125247721, 0.01109789932619897, 0.009512485136741973, 0.0027744748315497426, 0.0015854141894569957, 0.0, 0.0, 0.0], [0.0, 0.0, 0.00021645021645021645, 0.0, 0.0015151515151515152, 0.0006493506493506494, 0.0021645021645021645, 0.004112554112554113, 0.008874458874458875, 0.017316017316017316, 0.024891774891774892, 0.0329004329004329, 0.05822510822510823, 0.07532467532467532, 0.10086580086580087, 0.12489177489177489, 0.15411255411255412, 0.09502164502164502, 0.13852813852813853, 0.05476190476190476, 0.03506493506493506, 0.03268398268398268, 0.013636363636363636, 0.007575757575757576, 0.008658008658008658, 0.003463203463203463, 0.003463203463203463, 0.0006493506493506494, 0.0004329004329004329, 0.0, 0.0, 0.0, 0.0], [0.0, 0.0, 0.0009529860228716646, 0.0011118170266836086, 0.0012706480304955528, 0.0027001270648030497, 0.006512071156289708, 0.01207115628970775, 0.019695044472681066, 0.038595933926302416, 0.06162642947903431, 0.07512706480304955, 0.10498729351969505, 0.12039390088945362, 0.13564167725540024, 0.11880559085133419, 0.11308767471410419, 0.05972045743329098, 0.060832274459974585, 0.023030495552731893, 0.01588310038119441, 0.012229987293519696, 0.0068297331639135955, 0.003653113087674714, 0.0031766200762388818, 0.001747141041931385, 0.0003176620076238882, 0.0, 0.0, 0.0, 0.0, 0.0, 0.0], [0.0, 0.0, 0.0, 0.0, 0.00012348728081007656, 0.0004939491232403062, 0.001975796492961225, 0.001975796492961225, 0.004445542109162756, 0.005556927636453445, 0.013583600889108422, 0.019881452210422326, 0.028525561867127687, 0.03383551494196098, 0.08619412200543344, 0.15374166460854533, 0.19350456902938998, 0.12768584835761917, 0.1685601383057545, 0.05692763645344529, 0.03198320572980983, 0.03420597678439121, 0.013583600889108422, 0.008150160533465053, 0.008644109656705359, 0.004075080266732527, 0.001728821931341072, 0.00012348728081007656, 0.0004939491232403062, 0.0, 0.0, 0.0, 0.0], [0.00020249063480814013, 0.0, 0.0, 0.00010124531740407007, 0.00010124531740407007, 0.0003037359522122102, 0.0013161891262529108, 0.0018224157132732612, 0.0041510580135668725, 0.01549053356282272, 0.036245823630657086, 0.04687658195808444, 0.06945428773919206, 0.09557557962944215, 0.11379973676217475, 0.11967196517161081, 0.14650197428368938, 0.09263946542472411, 0.11845702136276197, 0.04930646957578212, 0.027842462286119266, 0.029563632681988458, 0.011238230231851777, 0.005062265870203503, 0.0068846815834767644, 0.003037359522122102, 0.002126151665485471, 0.0007087172218284905, 0.0007087172218284905, 0.0007087172218284905, 0.00010124531740407007, 0.0, 0.0], [0.0, 0.0, 0.0, 0.000421674045962471, 0.000421674045962471, 0.0002108370229812355, 0.001265022137887413, 0.001686696183849884, 0.004427577482605946, 0.0059034366434745945, 0.015391102677630192, 0.02719797596457938, 0.04891418933164664, 0.06788952139995784, 0.09803921568627451, 0.11912291798439806, 0.16044697448872022, 0.1205987771452667, 0.14695340501792115, 0.06852203246890154, 0.03984819734345351, 0.034998945814885093, 0.015180265654648957, 0.006746784735399536, 0.009698503057136832, 0.003373392367699768, 0.0014758591608686486, 0.000421674045962471, 0.0, 0.000843348091924942, 0.0, 0.0, 0.0], [0.0, 0.0, 0.0, 0.00029717682020802375, 0.001188707280832095, 0.00237741456166419, 0.00237741456166419, 0.005052005943536404, 0.011589895988112928, 0.018722139673105497, 0.029717682020802376, 0.04725111441307578, 0.06805349182763744, 0.09153046062407132, 0.1037147102526003, 0.11827637444279346, 0.13759286775631502, 0.09687964338781575, 0.10222882615156018, 0.04843982169390788, 0.03298662704309064, 0.03447251114413076, 0.013670133729569094, 0.009212481426448737, 0.013670133729569094, 0.005052005943536404, 0.00237741456166419, 0.00237741456166419, 0.0005943536404160475, 0.00029717682020802375, 0.0, 0.0, 0.0], [0.0002044153720359771, 0.0, 0.0008176614881439084, 0.0008176614881439084, 0.0006132461161079313, 0.0012264922322158627, 0.0026573998364677024, 0.007358953393295176, 0.012673753066230581, 0.018806214227309895, 0.033524121013900246, 0.05253475061324612, 0.07829108748977923, 0.10282093213409649, 0.11999182338511856, 0.12203597710547834, 0.13654946852003272, 0.08299264104660671, 0.11120196238757155, 0.04231398201144726, 0.023098937040065413, 0.02350776778413737, 0.009607522485690924, 0.005110384300899428, 0.005519215044971382, 0.001635322976287817, 0.001635322976287817, 0.0014309076042518397, 0.0004088307440719542, 0.0006132461161079313, 0.0, 0.0, 0.0], [0.0, 0.0, 0.00012426991425375916, 0.00024853982850751833, 0.0003728097427612775, 0.00024853982850751833, 0.0008698893997763141, 0.0019883186280601466, 0.00298247794209022, 0.009941593140300733, 0.026096681993289423, 0.04436435938859202, 0.0718280104386728, 0.0955635640611408, 0.12551261339629677, 0.13122902945196968, 0.15111221573257114, 0.09133838697651299, 0.13868522430719524, 0.03877221324717286, 0.021622965080154096, 0.022989934136945445, 0.008698893997763142, 0.004846526655896607, 0.006213495712687958, 0.0017397787995526283, 0.0017397787995526283, 0.00024853982850751833, 0.00012426991425375916, 0.0004970796570150367, 0.0, 0.0, 0.0], [0.0, 0.0, 0.0, 0.007575757575757576, 0.015151515151515152, 0.015151515151515152, 0.007575757575757576, 0.015151515151515152, 0.030303030303030304, 0.07575757575757576, 0.045454545454545456, 0.08333333333333333, 0.09090909090909091, 0.06060606060606061, 0.045454545454545456, 0.10606060606060606, 0.11363636363636363, 0.09848484848484848, 0.03787878787878788, 0.022727272727272728, 0.022727272727272728, 0.03787878787878788, 0.022727272727272728, 0.0, 0.007575757575757576, 0.015151515151515152, 0.007575757575757576, 0.015151515151515152, 0.0, 0.0, 0.0, 0.0, 0.0], [0.00020957770093262077, 0.00010478885046631039, 0.0, 0.0, 0.0, 0.00010478885046631039, 0.00020957770093262077, 0.0009430996541967935, 0.0023053547102588287, 0.004820287121450277, 0.007754374934506969, 0.010478885046631038, 0.022424813999790422, 0.04893639316776695, 0.14670439065283453, 0.1623179293723148, 0.19344021796080896, 0.12427957665304412, 0.1271088756156345, 0.05690034580320654, 0.02944566698103322, 0.03196059939222467, 0.012469873205490936, 0.004191554018652416, 0.007335219532641727, 0.0028292989625903803, 0.0014670439065283454, 0.00041915540186524154, 0.0008383108037304831, 0.0, 0.0, 0.0, 0.0], [0.0, 0.0, 0.0, 0.00011950286806883365, 0.0, 0.00011950286806883365, 0.0010755258126195029, 0.00035850860420650097, 0.0014340344168260039, 0.0022705544933078396, 0.010635755258126194, 0.01732791586998088, 0.029039196940726576, 0.0493546845124283, 0.07911089866156788, 0.10599904397705545, 0.15654875717017208, 0.1296606118546845, 0.1754302103250478, 0.07958891013384321, 0.052103250478011474, 0.05353728489483748, 0.01971797323135755, 0.009918738049713193, 0.015535372848948376, 0.005616634799235182, 0.002748565965583174, 0.0013145315487571702, 0.0005975143403441683, 0.0002390057361376673, 0.0005975143403441683, 0.0, 0.0], [0.00018509949097639982, 9.254974548819991e-05, 0.0, 0.00018509949097639982, 0.00018509949097639982, 0.0005552984729291995, 0.0007403979639055993, 0.0017584451642757982, 0.002961591855622397, 0.005552984729291994, 0.010365571494678389, 0.013419713095788986, 0.02008329477093938, 0.07801943544655252, 0.1006015733456733, 0.11531698287829709, 0.14132346136048127, 0.12198056455344748, 0.16427579824155483, 0.07515039333641832, 0.047385469689958354, 0.05071726052753355, 0.01971309578898658, 0.011105969458583989, 0.012586765386395188, 0.0033317908375751965, 0.0014807959278111986, 0.00037019898195279964, 0.0005552984729291995, 0.0, 0.0, 0.0, 0.0], [0.0, 0.0, 0.0, 0.001564945226917058, 0.001564945226917058, 0.001564945226917058, 0.003129890453834116, 0.006259780907668232, 0.00782472613458529, 0.00782472613458529, 0.017214397496087636, 0.028169014084507043, 0.04381846635367762, 0.09859154929577464, 0.11580594679186229, 0.16588419405320814, 0.1674491392801252, 0.1111111111111111, 0.13145539906103287, 0.056338028169014086, 0.02034428794992175, 0.010954616588419406, 0.003129890453834116, 0.0, 0.0, 0.0, 0.0, 0.0, 0.0, 0.0, 0.0, 0.0, 0.0], [0.0, 0.0, 0.0, 8.482483671218933e-05, 0.0, 8.482483671218933e-05, 0.000254474510136568, 0.000763423530409704, 0.0016964967342437867, 0.004750190855882602, 0.007294935957248282, 0.013063024853677156, 0.021206209178047334, 0.027398422258037153, 0.0405462719484265, 0.09907540927983714, 0.1899228093985919, 0.13029094918992282, 0.21952667741114598, 0.0802442955297311, 0.049283230129782, 0.06675714649249301, 0.02001866146407668, 0.006870811773687336, 0.01263890067011621, 0.004241241835609467, 0.0021206209178047334, 0.0013571973873950293, 0.000254474510136568, 0.000254474510136568, 0.0, 0.0, 0.0], [9.440196356084207e-05, 9.440196356084207e-05, 9.440196356084207e-05, 0.0, 0.0003776078542433683, 0.0003776078542433683, 0.0002832058906825262, 0.0009440196356084206, 0.0010384215991692627, 0.005286509959407155, 0.009629000283205891, 0.01916359860285094, 0.03417351080902483, 0.044746530727839136, 0.06683659020107618, 0.07920324742754649, 0.19229679977343528, 0.17407722080619276, 0.19531766260738223, 0.08024166902671576, 0.039176814877749454, 0.0320966676106863, 0.012838667044274521, 0.004248088360237893, 0.005097706032285472, 0.0015104314169734731, 0.0003776078542433683, 0.0003776078542433683, 0.0, 0.0, 0.0, 0.0, 0.0], [0.0, 0.00011544677903486493, 0.0, 0.0005772338951743247, 0.0005772338951743247, 0.0010390210113137843, 0.001500808127453244, 0.003925190487185408, 0.006003232509812976, 0.011775571461556222, 0.02181944123758947, 0.035788501500808124, 0.054721773262525975, 0.07365504502424382, 0.09789886862156545, 0.13126298776264142, 0.1550450242438236, 0.10978988686215654, 0.1388824751789425, 0.06153313322558301, 0.03336411914107596, 0.032209651350727314, 0.01431540060032325, 0.006003232509812976, 0.005541445393673516, 0.001500808127453244, 0.0006926806742091896, 0.0004617871161394597, 0.0, 0.0, 0.0, 0.0, 0.0], [0.0, 0.00013363624214887077, 0.0, 0.0, 0.00040090872644661234, 0.00026727248429774154, 0.0009354536950420954, 0.0014699986636375784, 0.004409995990912735, 0.007216357076039022, 0.01550180408926901, 0.026326339703327543, 0.039957236402512364, 0.06481357744220233, 0.0983562742215689, 0.12414806895630096, 0.15314713350260592, 0.09581718562074035, 0.17613256715221168, 0.05933449151409862, 0.036749966590939466, 0.043431778698383, 0.018575437658693038, 0.008018174528932246, 0.01042362688761192, 0.005345449685954831, 0.0038754510223172525, 0.0018709073900841909, 0.001202726179339837, 0.0010690899371909662, 0.0010690899371909662, 0.0, 0.0], [0.0, 0.00020161290322580645, 0.00020161290322580645, 0.0004032258064516129, 0.0012096774193548388, 0.0020161290322580645, 0.004032258064516129, 0.008467741935483872, 0.017943548387096775, 0.028024193548387095, 0.042741935483870966, 0.062298387096774197, 0.08165322580645161, 0.10060483870967742, 0.12338709677419354, 0.11875, 0.14334677419354838, 0.07580645161290323, 0.10564516129032259, 0.028024193548387095, 0.017943548387096775, 0.020161290322580645, 0.007056451612903226, 0.0030241935483870967, 0.004233870967741936, 0.001411290322580645, 0.0008064516129032258, 0.0004032258064516129, 0.00020161290322580645, 0.0, 0.0, 0.0, 0.0], [0.0, 0.0, 0.0007142857142857143, 0.0010714285714285715, 0.002857142857142857, 0.0010714285714285715, 0.0035714285714285713, 0.009285714285714286, 0.011428571428571429, 0.014642857142857143, 0.03, 0.04428571428571428, 0.05821428571428571, 0.08357142857142857, 0.11178571428571428, 0.13142857142857142, 0.14964285714285713, 0.1025, 0.10928571428571429, 0.04428571428571428, 0.0275, 0.02035714285714286, 0.014285714285714285, 0.008214285714285714, 0.010357142857142856, 0.004642857142857143, 0.0035714285714285713, 0.0014285714285714286, 0.0, 0.0, 0.0, 0.0, 0.0], [0.00022698899103393486, 0.0, 0.0, 0.0, 0.00045397798206786973, 0.00045397798206786973, 0.0019294064237884462, 0.003631823856542958, 0.008625581659289524, 0.02122347066167291, 0.03813415049370106, 0.053569401884008626, 0.07626830098740212, 0.10986267166042447, 0.14016570196345476, 0.14130064691862446, 0.13222108727726706, 0.07842469640222449, 0.09159005788219271, 0.03325388718647146, 0.021677448643740778, 0.02349336057201226, 0.008966065145840427, 0.0040858018386108275, 0.006582680739984111, 0.0014754284417205765, 0.0012484394506866417, 0.000794461468618772, 0.0, 0.00034048348655090226, 0.0, 0.0, 0.0], [0.0, 0.0, 0.0, 0.00030129557095510696, 0.00015064778547755348, 0.00015064778547755348, 0.0015064778547755348, 0.0012051822838204278, 0.006628502561012353, 0.012051822838204279, 0.02304911117806568, 0.029978909310033143, 0.056342271768605, 0.08255498644169931, 0.10078336848448328, 0.12127146730943054, 0.1492919554082555, 0.09822235613136487, 0.13799337149743898, 0.057095510695992766, 0.032238626092196444, 0.0369087074420006, 0.016119313046098222, 0.008285628201265442, 0.012503766194636938, 0.005423320277191925, 0.004971376920759264, 0.002259716782163302, 0.0012051822838204278, 0.0009038867128653209, 0.0006025911419102139, 0.0, 0.0], [0.0, 0.0, 0.0, 0.0, 0.0005565862708719852, 0.0009276437847866419, 0.0016697588126159556, 0.004267161410018553, 0.007235621521335807, 0.016697588126159554, 0.02764378478664193, 0.04267161410018553, 0.0653061224489796, 0.0888682745825603, 0.1150278293135436, 0.12894248608534323, 0.14619666048237476, 0.09276437847866419, 0.1280148423005566, 0.04935064935064935, 0.029499072356215215, 0.024860853432282004, 0.009833024118738404, 0.004081632653061225, 0.006122448979591836, 0.0011131725417439704, 0.0055658627087198514, 0.0012987012987012987, 0.0009276437847866419, 0.0005565862708719852, 0.0, 0.0, 0.0], [0.00011036309458117205, 0.00011036309458117205, 0.0, 0.0, 0.00011036309458117205, 0.0009932678512305484, 0.0006621785674870323, 0.002317624986204613, 0.0028694404591104736, 0.005628517823639775, 0.014457565390133539, 0.02196225582165324, 0.036640547400949124, 0.08696611852996358, 0.15494978479196556, 0.16090939189934886, 0.16653790972298863, 0.10727292793289923, 0.1200750469043152, 0.05153956516940735, 0.027038958172387155, 0.020527535592098002, 0.009932678512305485, 0.0034212559320163337, 0.0026487142699481293, 0.0014347202295552368, 0.0004414523783246882, 0.00033108928374351616, 0.00011036309458117205, 0.0, 0.0, 0.0, 0.0], [0.0, 0.0, 0.0, 0.00016863406408094435, 0.00016863406408094435, 0.001011804384485666, 0.0013490725126475548, 0.002360876897133221, 0.0064080944350758855, 0.009949409780775716, 0.025295109612141653, 0.03456998313659359, 0.06846543001686341, 0.09831365935919055, 0.12715008431703204, 0.1403035413153457, 0.15649241146711637, 0.10387858347386172, 0.10741989881956156, 0.04148397976391231, 0.026812816188870152, 0.019224283305227657, 0.009949409780775716, 0.004721753794266442, 0.008094435075885328, 0.002866779089376054, 0.0021922428330522765, 0.0003372681281618887, 0.0008431703204047217, 0.0, 0.00016863406408094435, 0.0, 0.0], [0.0, 0.0, 0.0, 0.00017295053614666206, 0.0, 0.0006918021445866483, 0.0012106537530266344, 0.002594258042199931, 0.005015565548253199, 0.005188516084399862, 0.013317191283292978, 0.020754064337599448, 0.04133517813905223, 0.06191629194050501, 0.09028017986855759, 0.11881701833275683, 0.15375302663438256, 0.11138014527845036, 0.17346938775510204, 0.06796956070563819, 0.04116222760290557, 0.0423728813559322, 0.017122103078519545, 0.007782774126599792, 0.012106537530266344, 0.007782774126599792, 0.002594258042199931, 0.0008647526807333103, 0.00017295053614666206, 0.00017295053614666206, 0.0, 0.0, 0.0], [0.0, 0.0, 0.00011323745895142112, 0.0, 0.00022647491790284225, 0.0003397123768542634, 0.0003397123768542634, 0.0012456120484656324, 0.0011323745895142113, 0.003963311063299739, 0.007247197372890952, 0.028309364737855284, 0.060468803080058885, 0.09534594043709659, 0.11618163288415807, 0.12829804099196013, 0.14777488393160457, 0.09172234175065111, 0.14981315819273017, 0.04925829464386819, 0.036462461782357604, 0.032499150719057866, 0.018570943268033064, 0.008719284339259427, 0.013928207451024799, 0.0033971237685426338, 0.0029441739327369493, 0.0013588495074170536, 0.00022647491790284225, 0.00011323745895142112, 0.0, 0.0, 0.0], [0.0, 0.0, 8.819897689186806e-05, 0.0, 8.819897689186806e-05, 8.819897689186806e-05, 0.0001763979537837361, 0.0007937907920268125, 0.0017639795378373612, 0.0044981478214852705, 0.008908096666078674, 0.01631681072499559, 0.02769447874404657, 0.036161580525665905, 0.05433056976539072, 0.05997530428647028, 0.13891338860469218, 0.15452460751455283, 0.25269006879520195, 0.09199153289821838, 0.05212559534309402, 0.05741753395660611, 0.014729229140941965, 0.006614923266890104, 0.011289469042159111, 0.0046745457752690065, 0.0019403774916210972, 0.0008819897689186806, 0.0007055918151349444, 0.0006173928382430764, 0.0, 0.0, 0.0], [0.0, 0.0, 0.0, 0.00010847163466753444, 0.0005423581733376722, 0.0006508298080052066, 0.0013016596160104132, 0.00292873413602343, 0.005098166829374118, 0.009220088946740427, 0.016487688469465234, 0.03156524568825252, 0.049246122139060634, 0.07549625772860397, 0.10977329428354485, 0.13515565679574792, 0.17344614383338758, 0.11194272697689554, 0.15554832411324437, 0.0491376505043931, 0.02592472068554073, 0.029938171168239505, 0.007701486061394945, 0.0033626206746935677, 0.0026033192320208264, 0.0008677730773402755, 0.0009762447120078099, 0.0007593014426727411, 0.00021694326933506888, 0.0, 0.0, 0.0, 0.0], [0.0, 0.0034482758620689655, 0.0, 0.0034482758620689655, 0.0034482758620689655, 0.017241379310344827, 0.02413793103448276, 0.041379310344827586, 0.0896551724137931, 0.04827586206896552, 0.04827586206896552, 0.06551724137931035, 0.07931034482758621, 0.1310344827586207, 0.11379310344827587, 0.10689655172413794, 0.0896551724137931, 0.041379310344827586, 0.03793103448275862, 0.017241379310344827, 0.010344827586206896, 0.010344827586206896, 0.0034482758620689655, 0.013793103448275862, 0.0, 0.0, 0.0, 0.0, 0.0, 0.0, 0.0, 0.0, 0.0]]}, "ranks": {"labels": ["Unranked", "Combatatent I", "Combatatent II", "Challenger I", "Challenger II", "Rival I", "Rival II", "Duelist", "Elite"], "data": [[0.1350844277673546, 0.19136960600375236, 0.23827392120075047, 0.22138836772983114, 0.12570356472795496, 0.0525328330206379, 0.016885553470919325, 0.0150093808630394, 0.00375234521575985], [0.057326703714536416, 0.09359461830944721, 0.17227259432582626, 0.259725065808716, 0.23340157940918396, 0.1313249488154431, 0.029540801403919275, 0.01725650775080433, 0.005557180462123428], [0.007625768267698611, 0.012975187798770771, 0.03164124743910767, 0.06498975643068518, 0.3173230138857273, 0.3603460050079672, 0.0872979740496244, 0.08809469610744367, 0.02970635101297519], [0.015085264538696982, 0.025032794053344992, 0.05476606908613905, 0.09892872759073021, 0.21480104940970704, 0.3519895059029296, 0.11488850021862702, 0.09947529514648011, 0.025032794053344992], [0.17088607594936708, 0.1518987341772152, 0.22784810126582278, 0.189873417721519, 0.08860759493670886, 0.11392405063291139, 0.03164556962025317, 0.02531645569620253, 0.0], [0.010355648535564853, 0.05387029288702929, 0.1407949790794979, 0.24205020920502093, 0.2596234309623431, 0.16328451882845188, 0.05407949790794979, 0.058263598326359835, 0.017677824267782426], [0.08524664696521937, 0.11911798135939987, 0.2064105478517845, 0.23823596271879974, 0.18640600136394636, 0.09002045919527166, 0.02887019777222096, 0.030006819731757218, 0.015685383041600363], [0.24012158054711247, 0.2553191489361702, 0.2188449848024316, 0.14285714285714285, 0.0668693009118541, 0.0547112462006079, 0.015197568389057751, 0.0060790273556231, 0.0], [0.03245517379545227, 0.06080336572172693, 0.09125513372733647, 0.23560052088550537, 0.2832815786837624, 0.15326054292296903, 0.05819893819493138, 0.06350796353801462, 0.02163678253030151], [0.013079667063020214, 0.028141101862861673, 0.05786761791518034, 0.13277843836702338, 0.18906064209274673, 0.2140309155766944, 0.11296076099881094, 0.16210860087197781, 0.08997225525168451], [0.03484848484848485, 0.05779220779220779, 0.13354978354978356, 0.22575757575757577, 0.24913419913419912, 0.17056277056277055, 0.05779220779220779, 0.05389610389610389, 0.016666666666666666], [0.08290978398983481, 0.13675349428208386, 0.22538119440914867, 0.25444726810673446, 0.17280813214739518, 0.07258576874205845, 0.02716010165184244, 0.022712833545108006, 0.005241423125794155], [0.014571499135589035, 0.033465053099530746, 0.062361076809088666, 0.23993578661397877, 0.32119041738700915, 0.2012842677204248, 0.056186712768584834, 0.055939738206964684, 0.01506544825882934], [0.023488913637744253, 0.08312240558874152, 0.1650298673686342, 0.23347170193378555, 0.23914143970841348, 0.1460969930140731, 0.04950896021059026, 0.04586412878404374, 0.014275589753973878], [0.014336917562724014, 0.04258907864220957, 0.11680371073160448, 0.21716213367067258, 0.28104575163398693, 0.18680160236137466, 0.06852203246890154, 0.056925996204933584, 0.015812776723592662], [0.041604754829123326, 0.07696879643387816, 0.15958395245170875, 0.22199108469539375, 0.23447251114413076, 0.12719167904903417, 0.05646359583952452, 0.057355126300148586, 0.02436849925705795], [0.04517579721995094, 0.08605887162714636, 0.18111201962387571, 0.24202780049059688, 0.21954210956663942, 0.1367538838920687, 0.03986099754701553, 0.038225674570727716, 0.011242845461978741], [0.016776438424257488, 0.07046104138188145, 0.1673915744998136, 0.25674164284826645, 0.24245060270908414, 0.16080526904436435, 0.03827513359015782, 0.03653535479060519, 0.01056294271156953], [0.16666666666666666, 0.12878787878787878, 0.15151515151515152, 0.15151515151515152, 0.21212121212121213, 0.045454545454545456, 0.03787878787878788, 0.06060606060606061, 0.045454545454545456], [0.008697474588703761, 0.018233259981138006, 0.07136120716755737, 0.30902232002514934, 0.3177197946138531, 0.1594886304097244, 0.05396625799014985, 0.04862202661636802, 0.012889028607356178], [0.005377629063097514, 0.027963671128107076, 0.07839388145315487, 0.18510994263862332, 0.2862093690248566, 0.2202437858508604, 0.08687858508604207, 0.08317399617590822, 0.026649139579349904], [0.012216566404442387, 0.023785284590467377, 0.0981027302174919, 0.21591855622397038, 0.26330402591392876, 0.20620083294770938, 0.08061082832022212, 0.08153632577510411, 0.01832484960666358], [0.0297339593114241, 0.04538341158059468, 0.14241001564945227, 0.28169014084507044, 0.27856025039123633, 0.1674491392801252, 0.0406885758998435, 0.014084507042253521, 0.0], [0.00763423530409704, 0.02035796081092544, 0.04860463143608448, 0.13962168122826363, 0.3202137585885147, 0.26813130884723047, 0.08092289422342862, 0.09364661973025702, 0.020866909831198575], [0.008590578684036627, 0.02879259888605683, 0.07892004153686397, 0.1460398376286227, 0.36637402057962803, 0.24072500708014727, 0.07401113943170018, 0.049183423015198714, 0.0073633531577456815], [0.025513738166705147, 0.057607942738397595, 0.1283768182867698, 0.22916185638420689, 0.2648349111059801, 0.17293927499422765, 0.06084045255137382, 0.05252828446086354, 0.00819672131147541], [0.014833622878524655, 0.04182814379259655, 0.10477081384471469, 0.22250434317786985, 0.24896431912334624, 0.20887344647868503, 0.06334357877856475, 0.07002539088600829, 0.024856341039689964], [0.0625, 0.10504032258064516, 0.18225806451612903, 0.24213709677419354, 0.2191532258064516, 0.12237903225806451, 0.029233870967741934, 0.03024193548387097, 0.007056451612903226], [0.044642857142857144, 0.07428571428571429, 0.1417857142857143, 0.24321428571428572, 0.25214285714285717, 0.13392857142857142, 0.047142857142857146, 0.04285714285714286, 0.02], [0.036545227556463514, 0.09170355237770968, 0.18613097264782658, 0.2814663488820792, 0.21064578367949155, 0.11122460560662809, 0.03529678810577687, 0.036545227556463514, 0.010441493587561003], [0.021994576679722808, 0.05302802048809883, 0.1388972582103043, 0.22205483579391383, 0.24751431153962036, 0.1693281108767701, 0.05799939740885809, 0.061313648689364265, 0.027869840313347393], [0.0313543599257885, 0.07031539888682746, 0.1541743970315399, 0.24397031539888683, 0.23896103896103896, 0.15714285714285714, 0.04972170686456401, 0.03877551020408163, 0.015584415584415584], [0.01280211897141596, 0.03641982121178678, 0.1236066659309127, 0.3158591766913144, 0.2738108376558879, 0.14832799911709524, 0.05032557112901446, 0.03388147003641982, 0.004966339256152742], [0.02141652613827993, 0.05986509274873524, 0.16677908937605396, 0.26745362563237773, 0.2603709949409781, 0.12984822934232715, 0.045868465430016866, 0.03389544688026981, 0.014502529510961214], [0.014873746108612937, 0.03407125562089242, 0.10325147007955725, 0.20909719820131442, 0.2651331719128329, 0.20944309927360774, 0.07315807679003805, 0.06727775856105155, 0.0236942234520927], [0.0073604348318423735, 0.03555656211074623, 0.15581474351715546, 0.24447967387611821, 0.23949722568225568, 0.17800928547163403, 0.05752462914732193, 0.059789378326350354, 0.021968067036575698], [0.007496913035808785, 0.025224907391074265, 0.06385605926971247, 0.114305874051861, 0.29343799611924504, 0.3036690774387017, 0.09313811959781267, 0.07876168636443817, 0.020109366731345918], [0.019850309144158803, 0.048052934157717754, 0.12474237986766461, 0.24492895107929277, 0.28538887081028314, 0.18342553422280075, 0.04718516108037748, 0.04100227790432802, 0.0054235817333767216], [0.23103448275862068, 0.11379310344827587, 0.2103448275862069, 0.2206896551724138, 0.1310344827586207, 0.04482758620689655, 0.020689655172413793, 0.027586206896551724, 0.0]]}, "ranksDetailed": {"labels": ["Unranked", "Combatatant", "Challenger", "Rival", "Duelist", "Elite"], "data": [[0.1350844277673546, 0.42964352720450283, 0.34709193245778613, 0.06941838649155722, 0.0150093808630394, 0.00375234521575985], [0.057326703714536416, 0.26586721263527346, 0.49312664521789995, 0.1608657502193624, 0.01725650775080433, 0.005557180462123428], [0.007625768267698611, 0.04461643523787844, 0.3823127703164125, 0.4476439790575916, 0.08809469610744367, 0.02970635101297519], [0.015085264538696982, 0.07979886313948405, 0.31372977700043725, 0.4668780061215566, 0.09947529514648011, 0.025032794053344992], [0.17088607594936708, 0.379746835443038, 0.27848101265822783, 0.14556962025316456, 0.02531645569620253, 0.0], [0.010355648535564853, 0.1946652719665272, 0.501673640167364, 0.21736401673640168, 0.058263598326359835, 0.017677824267782426], [0.08524664696521937, 0.32552852921118436, 0.42464196408274607, 0.11889065696749261, 0.030006819731757218, 0.015685383041600363], [0.24012158054711247, 0.47416413373860183, 0.20972644376899696, 0.06990881458966565, 0.0060790273556231, 0.0], [0.03245517379545227, 0.1520584994490634, 0.5188820995692678, 0.21145948111790044, 0.06350796353801462, 0.02163678253030151], [0.013079667063020214, 0.08600871977804202, 0.3218390804597701, 0.3269916765755054, 0.16210860087197781, 0.08997225525168451], [0.03484848484848485, 0.19134199134199134, 0.47489177489177486, 0.22835497835497837, 0.05389610389610389, 0.016666666666666666], [0.08290978398983481, 0.36213468869123255, 0.4272554002541296, 0.09974587039390088, 0.022712833545108006, 0.005241423125794155], [0.014571499135589035, 0.09582612990861941, 0.5611262040009879, 0.2574709804890096, 0.055939738206964684, 0.01506544825882934], [0.023488913637744253, 0.2481522729573757, 0.47261314164219903, 0.19560595322466337, 0.04586412878404374, 0.014275589753973878], [0.014336917562724014, 0.15939278937381404, 0.4982078853046595, 0.2553236348302762, 0.056925996204933584, 0.015812776723592662], [0.041604754829123326, 0.23655274888558692, 0.4564635958395245, 0.1836552748885587, 0.057355126300148586, 0.02436849925705795], [0.04517579721995094, 0.26717089125102206, 0.4615699100572363, 0.17661488143908421, 0.038225674570727716, 0.011242845461978741], [0.016776438424257488, 0.23785261588169504, 0.4991922455573506, 0.19908040263452217, 0.03653535479060519, 0.01056294271156953], [0.16666666666666666, 0.2803030303030303, 0.36363636363636365, 0.08333333333333333, 0.06060606060606061, 0.045454545454545456], [0.008697474588703761, 0.08959446714869537, 0.6267421146390024, 0.21345488839987425, 0.04862202661636802, 0.012889028607356178], [0.005377629063097514, 0.10635755258126195, 0.4713193116634799, 0.3071223709369025, 0.08317399617590822, 0.026649139579349904], [0.012216566404442387, 0.12188801480795927, 0.47922258213789914, 0.2868116612679315, 0.08153632577510411, 0.01832484960666358], [0.0297339593114241, 0.18779342723004694, 0.5602503912363067, 0.2081377151799687, 0.014084507042253521, 0.0], [0.00763423530409704, 0.06896259224700993, 0.4598354398167784, 0.3490542030706591, 0.09364661973025702, 0.020866909831198575], [0.008590578684036627, 0.1077126404229208, 0.5124138582082507, 0.31473614651184745, 0.049183423015198714, 0.0073633531577456815], [0.025513738166705147, 0.1859847610251674, 0.493996767490187, 0.23377972754560147, 0.05252828446086354, 0.00819672131147541], [0.014833622878524655, 0.14659895763731123, 0.4714686623012161, 0.2722170252572498, 0.07002539088600829, 0.024856341039689964], [0.0625, 0.2872983870967742, 0.4612903225806452, 0.15161290322580645, 0.03024193548387097, 0.007056451612903226], [0.044642857142857144, 0.21607142857142858, 0.4953571428571429, 0.18107142857142858, 0.04285714285714286, 0.02], [0.036545227556463514, 0.27783452502553624, 0.49211213256157077, 0.14652139371240494, 0.036545227556463514, 0.010441493587561003], [0.021994576679722808, 0.19192527869840315, 0.4695691473335342, 0.2273275082856282, 0.061313648689364265, 0.027869840313347393], [0.0313543599257885, 0.22448979591836735, 0.4829313543599258, 0.20686456400742115, 0.03877551020408163, 0.015584415584415584], [0.01280211897141596, 0.1600264871426995, 0.5896700143472023, 0.1986535702461097, 0.03388147003641982, 0.004966339256152742], [0.02141652613827993, 0.2266441821247892, 0.5278246205733558, 0.175716694772344, 0.03389544688026981, 0.014502529510961214], [0.014873746108612937, 0.13732272570044968, 0.47423037011414737, 0.2826011760636458, 0.06727775856105155, 0.0236942234520927], [0.0073604348318423735, 0.19137130562790172, 0.4839768995583739, 0.23553391461895595, 0.059789378326350354, 0.021968067036575698], [0.007496913035808785, 0.08908096666078673, 0.407743870171106, 0.3968071970365144, 0.07876168636443817, 0.020109366731345918], [0.019850309144158803, 0.17279531402538237, 0.5303178218895759, 0.2306106953031782, 0.04100227790432802, 0.0054235817333767216], [0.23103448275862068, 0.32413793103448274, 0.35172413793103446, 0.06551724137931035, 0.027586206896551724, 0.0]]}}}, "eu": {"histType": {"histogram": {"labels": ["0", "100", "200", "300", "400", "500", "600", "700", "800", "900", "1000", "1100", "1200", "1300", "1400", "1500", "1600", "1700", "1800", "1900", "2000", "2100", "2200", "2300", "2400", "2500", "2600", "2700", "2800", "2900", "3000", "3100", "3200"], "data": [[0.0, 0.0, 0.0023923444976076554, 0.0, 0.0, 0.004784688995215311, 0.009569377990430622, 0.03110047846889952, 0.06698564593301436, 0.07177033492822966, 0.06220095693779904, 0.11722488038277512, 0.07416267942583732, 0.13157894736842105, 0.12679425837320574, 0.11004784688995216, 0.06937799043062201, 0.05263157894736842, 0.023923444976076555, 0.023923444976076555, 0.014354066985645933, 0.004784688995215311, 0.0023923444976076554, 0.0, 0.0, 0.0, 0.0, 0.0, 0.0, 0.0, 0.0, 0.0, 0.0], [0.0003204101249599487, 0.0, 0.0009612303748798462, 0.0009612303748798462, 0.0009612303748798462, 0.003844921499519385, 0.006087792374239026, 0.010573534123678308, 0.019224607497596923, 0.03043896187119513, 0.044216597244472924, 0.061839154117270104, 0.08202499198974687, 0.10509452098686319, 0.13104774110861903, 0.13072733098365907, 0.14290291573213715, 0.06856776674142903, 0.09772508811278437, 0.0256328099967959, 0.013457225248317847, 0.011214354373598205, 0.00512656199935918, 0.00256328099967959, 0.0032041012495994873, 0.0006408202499198974, 0.0006408202499198974, 0.0, 0.0, 0.0, 0.0, 0.0, 0.0], [0.0, 0.0, 0.0, 0.00011450818733539448, 0.00011450818733539448, 0.00011450818733539448, 0.0, 0.0008015573113477613, 0.0019466391847017062, 0.0025191801213786786, 0.005725409366769724, 0.009275163174166953, 0.012595900606893393, 0.015916638039619832, 0.025649833963128362, 0.0767204855147143, 0.2157334249398832, 0.13443261193175313, 0.27905645253635636, 0.07488835451734799, 0.04729188136951792, 0.0518722088629337, 0.01637467078896141, 0.007214015802129852, 0.011794343295545632, 0.004923852055421962, 0.002862704683384862, 0.0014886064353601283, 0.00034352456200618345, 0.00022901637467078896, 0.0, 0.0, 0.0], [0.0, 0.0, 0.0, 0.00010501995379122033, 0.00010501995379122033, 0.00021003990758244065, 0.0007351396765385423, 0.0019953791220331863, 0.0024154589371980675, 0.005776097458517118, 0.011552194917034237, 0.017538332283133794, 0.02142407057340895, 0.027515227893299726, 0.04358328082335644, 0.05618567527830288, 0.08223062381852551, 0.16666666666666666, 0.26780088216761183, 0.10827557235874816, 0.06731779038017223, 0.062171812644402434, 0.020268851081705525, 0.010501995379122032, 0.016173072883847932, 0.004305818105440034, 0.0029405587061541692, 0.0016803192606595252, 0.000315059861373661, 0.00021003990758244065, 0.0, 0.0, 0.0], [0.0, 0.0, 0.0, 0.0, 0.0, 0.020833333333333332, 0.041666666666666664, 0.04861111111111111, 0.05555555555555555, 0.06944444444444445, 0.0625, 0.09722222222222222, 0.0625, 0.0763888888888889, 0.05555555555555555, 0.13194444444444445, 0.020833333333333332, 0.09027777777777778, 0.05555555555555555, 0.041666666666666664, 0.041666666666666664, 0.0, 0.0, 0.006944444444444444, 0.020833333333333332, 0.0, 0.0, 0.0, 0.0, 0.0, 0.0, 0.0, 0.0], [0.0, 0.00010554089709762533, 0.00010554089709762533, 0.00021108179419525067, 0.000316622691292876, 0.00010554089709762533, 0.00021108179419525067, 0.0011609498680738787, 0.003588390501319261, 0.014036939313984169, 0.024063324538258574, 0.03715039577836412, 0.05551451187335092, 0.0787335092348285, 0.1091292875989446, 0.12548812664907652, 0.14923482849604222, 0.10195250659630607, 0.13688654353562005, 0.05245382585751979, 0.0316622691292876, 0.03894459102902375, 0.015197889182058048, 0.005699208443271768, 0.009393139841688655, 0.004854881266490765, 