{"region": {"us": {"histType": {"histogram": {"labels": ["0", "100", "200", "300", "400", "500", "600", "700", "800", "900", "1000", "1100", "1200", "1300", "1400", "1500", "1600", "1700", "1800", "1900", "2000", "2100", "2200", "2300", "2400", "2500", "2600", "2700", "2800", "2900", "3000", "3100", "3200"], "data": [[0.0, 0.0, 0.0027816411682892906, 0.005563282336578581, 0.004172461752433936, 0.006954102920723227, 0.012517385257301807, 0.013908205841446454, 0.03616133518776078, 0.048678720445062586, 0.08205841446453407, 0.10152990264255911, 0.11821974965229486, 0.13212795549374132, 0.13212795549374132, 0.09874826147426982, 0.06675938803894298, 0.043115438108484005, 0.04450625869262865, 0.01808066759388039, 0.013908205841446454, 0.008344923504867872, 0.004172461752433936, 0.005563282336578581, 0.0, 0.0, 0.0, 0.0, 0.0, 0.0, 0.0, 0.0, 0.0], [0.0, 0.00025201612903225806, 0.00025201612903225806, 0.00025201612903225806, 0.0010080645161290322, 0.0020161290322580645, 0.004788306451612903, 0.009576612903225807, 0.015625, 0.028729838709677418, 0.038306451612903226, 0.05493951612903226, 0.08240927419354839, 0.09425403225806452, 0.13004032258064516, 0.13608870967741934, 0.14415322580645162, 0.08316532258064516, 0.10433467741935484, 0.03351814516129032, 0.017137096774193547, 0.006804435483870968, 0.004032258064516129, 0.002772177419354839, 0.0017641129032258064, 0.0017641129032258064, 0.0010080645161290322, 0.0010080645161290322, 0.0, 0.0, 0.0, 0.0, 0.0], [0.00011906179307060365, 0.0, 0.0, 0.0002381235861412073, 0.0002381235861412073, 0.0002381235861412073, 0.0002381235861412073, 0.0005953089653530182, 0.0025002976544826767, 0.0034527919990475055, 0.00523871889510656, 0.007024645791165615, 0.012025241100130969, 0.01928801047743779, 0.025002976544826767, 0.03881414454101679, 0.0881057268722467, 0.16132872961066794, 0.3688534349327301, 0.08727229432075247, 0.0523871889510656, 0.06072151446600786, 0.02381235861412073, 0.009763067031789498, 0.01928801047743779, 0.006310275032741993, 0.002381235861412073, 0.004167162757471128, 0.00011906179307060365, 0.0004762471722824146, 0.0, 0.0, 0.0], [0.0, 0.0, 0.0, 0.0, 0.00011604966925844261, 0.0, 0.0008123476848090983, 0.0017407450388766392, 0.004758036439596147, 0.007891377509574098, 0.011488917256585818, 0.012997562956945572, 0.026111175583149588, 0.028664268306835324, 0.04247417894859, 0.05106185447371475, 0.07113844725542533, 0.043402576302657536, 0.2666821399559011, 0.15411396077521178, 0.08935824532900082, 0.09713357316931646, 0.03237785772310549, 0.013577811303237786, 0.027851920622026228, 0.006730880816989672, 0.004758036439596147, 0.0019728443773935245, 0.0027851920622026225, 0.0, 0.0, 0.0, 0.0], [0.0, 0.0, 0.0, 0.0, 0.010256410256410256, 0.005128205128205128, 0.03076923076923077, 0.02564102564102564, 0.05641025641025641, 0.05128205128205128, 0.07179487179487179, 0.09230769230769231, 0.10256410256410256, 0.11794871794871795, 0.09230769230769231, 0.10256410256410256, 0.07692307692307693, 0.03076923076923077, 0.06153846153846154, 0.03076923076923077, 0.035897435897435895, 0.005128205128205128, 0.0, 0.0, 0.0, 0.0, 0.0, 0.0, 0.0, 0.0, 0.0, 0.0, 0.0], [0.0, 0.0, 0.0, 0.0, 0.0, 0.0, 0.0, 0.0013800424628450105, 0.0012738853503184713, 0.004670912951167728, 0.007218683651804671, 0.01157112526539278, 0.02165605095541401, 0.06794055201698514, 0.12197452229299363, 0.14915074309978768, 0.17738853503184712, 0.11050955414012739, 0.14957537154989384, 0.05615711252653928, 0.033121019108280254, 0.03980891719745223, 0.015286624203821656, 0.008067940552016985, 0.012208067940552018, 0.004777070063694267, 0.0028662420382165603, 0.0013800424628450105, 0.0013800424628450105, 0.0006369426751592356, 0.0, 0.0, 0.0], [0.0, 0.0, 0.00040461258345134534, 0.002225369208982399, 0.0016184503338053813, 0.003439206959336435, 0.007080720210398544, 0.012745296378717378, 0.01901679142221323, 0.035605907343718386, 0.049969654056241146, 0.06878413918672871, 0.09366781306898644, 0.11308921707465103, 0.1213837750354036, 0.12037224357677524, 0.12016993728504957, 0.06696338256119766, 0.07262795872951648, 0.02872749342504552, 0.017600647380133522, 0.01577989075460247, 0.00829455796075258, 0.0050576572931418165, 0.006473801335221525, 0.003641513251062108, 0.002427675500708072, 0.0014161440420797087, 0.0010115314586283633, 0.00020230629172567267, 0.00020230629172567267, 0.0, 0.0], [0.002688172043010753, 0.002688172043010753, 0.0, 0.008064516129032258, 0.005376344086021506, 0.01881720430107527, 0.013440860215053764, 0.03763440860215054, 0.056451612903225805, 0.12365591397849462, 0.11559139784946236, 0.12903225806451613, 0.09946236559139784, 0.11021505376344086, 0.06989247311827956, 0.06989247311827956, 0.051075268817204304, 0.013440860215053764, 0.024193548387096774, 0.03225806451612903, 0.010752688172043012, 0.002688172043010753, 0.002688172043010753, 0.0, 0.0, 0.0, 0.0, 0.0, 0.0, 0.0, 0.0, 0.0, 0.0], [0.0002113718030014796, 0.0002113718030014796, 0.000528429507503699, 0.0003170577045022194, 0.000528429507503699, 0.0012682308180088776, 0.0015852885225110971, 0.004333121961530332, 0.0077150708095540055, 0.016275628831113928, 0.02568167406467977, 0.03445360388924117, 0.04142887338829, 0.046079053054322555, 0.05823293172690763, 0.06668780384696682, 0.20291693088142043, 0.13274149228492918, 0.14510674276051574, 0.06467977171845275, 0.04280279010779962, 0.0424857324032974, 0.02166560980765166, 0.012893679983090255, 0.018283660959627985, 0.0050729232720355105, 0.0024307757345170154, 0.0029592052420207146, 0.0004227436060029592, 0.0, 0.0, 0.0, 0.0], [0.0, 0.0, 0.0, 0.0, 0.0003912363067292645, 0.000782472613458529, 0.0011737089201877935, 0.001564945226917058, 0.002347417840375587, 0.009389671361502348, 0.012910798122065728, 0.016040688575899843, 0.022300469483568074, 0.03755868544600939, 0.061815336463223784, 0.0782472613458529, 0.10367762128325508, 0.08841940532081377, 0.1772300469483568, 0.06964006259780908, 0.07394366197183098, 0.09702660406885759, 0.04303599374021909, 0.016823161189358372, 0.047339593114241005, 0.013693270735524257, 0.012128325508607199, 0.008607198748043818, 0.0027386541471048514, 0.0011737089201877935, 0.0, 0.0, 0.0], [0.0, 0.0, 0.00017711654268508679, 0.0, 0.000885582713425434, 0.0005313496280552603, 0.0012398157987956076, 0.004427913567127169, 0.008501594048884165, 0.014700673042862203, 0.0214311016648955, 0.029932695713779666, 0.05348919589089621, 0.06393907190931633, 0.10113354587318456, 0.12522139567835636, 0.15320580942260006, 0.09635139922068721, 0.14417286574566066, 0.06181367339709529, 0.03737159050655331, 0.03737159050655331, 0.012752391073326248, 0.00832447750619908, 0.013460857244066596, 0.003365214311016649, 0.0028338646829613886, 0.0014169323414806943, 0.0019482819695359546, 0.0, 0.0, 0.0, 0.0], [0.0, 0.0, 0.00042583392476933996, 0.00042583392476933996, 0.00042583392476933996, 0.0032647267565649395, 0.0062455642299503195, 0.012491128459900639, 0.02114975159687722, 0.0361958836053939, 0.059048970901348474, 0.07423704755145494, 0.09751596877217886, 0.11937544357700497, 0.13853797019162525, 0.12178850248403122, 0.10376153300212917, 0.060042583392476936, 0.06231369765791341, 0.0269694819020582, 0.01816891412349184, 0.01533002129169624, 0.00794889992902768, 0.004116394606103619, 0.00383250532292406, 0.0035486160397444995, 0.0014194464158978, 0.00028388928317956, 0.00113555713271824, 0.0, 0.0, 0.0, 0.0], [0.0, 0.0, 0.0, 0.0, 0.00012708095056551024, 0.000508323802262041, 0.001652052357351633, 0.002033295209048164, 0.004447833269792858, 0.00533739992375143, 0.013470580759944084, 0.019570466387088575, 0.02783072817384674, 0.03367645189986021, 0.04829076121489389, 0.045113737450756135, 0.22429787774812557, 0.15414919303596392, 0.21387723980175372, 0.07523192273478206, 0.0397763375270047, 0.041809632736052864, 0.0161392807218198, 0.010547718896937348, 0.013470580759944084, 0.003812428516965307, 0.0017791333079171432, 0.001016647604524082, 0.002033295209048164, 0.0, 0.0, 0.0, 0.0], [0.00020599443815016993, 0.0, 0.0, 0.00010299721907508497, 0.00010299721907508497, 0.0003089916572252549, 0.0012359666289010196, 0.0015449582861262745, 0.004222885982078484, 0.009887733031208157, 0.01617056339478834, 0.019157482747965804, 0.025234318673395817, 0.06344628695025234, 0.1403852095993408, 0.14769801215367184, 0.17046039756926562, 0.10979503553404057, 0.13616232361726233, 0.05469152332887012, 0.030590174065300235, 0.03234112678957668, 0.012462663508085281, 0.005767844268204758, 0.009372746935832732, 0.003192913791327634, 0.0020599443815016993, 0.0021629416005767843, 0.0005149860953754248, 0.0006179833144505098, 0.00010299721907508497, 0.0, 0.0], [0.0, 0.0, 0.0, 0.00017988846914912754, 0.0005396654074473826, 0.00017988846914912754, 0.0012592192840438928, 0.0017988846914912754, 0.003957546321280806, 0.006835761827666847, 0.014391077531930203, 0.025184385680877854, 0.04389278647238712, 0.06547940277028243, 0.09570066558733585, 0.1181867242309768, 0.1586616297895305, 0.11728728188523116, 0.15254542183846015, 0.070516279906458, 0.04389278647238712, 0.036877136175571146, 0.015650296815974095, 0.0064759848893685915, 0.010433531210649397, 0.004497211728728188, 0.0028782155063860407, 0.0008994423457456377, 0.0008994423457456377, 0.0008994423457456377, 0.0, 0.0, 0.0], [0.0, 0.0, 0.00024807740014884643, 0.00024807740014884643, 0.0017365418010419251, 0.0032250062019350038, 0.0014884644008930786, 0.005457702803274621, 0.011411560406846936, 0.017613495410568097, 0.030761597618456957, 0.04713470602828082, 0.06598858843959315, 0.09253287025551972, 0.11461175886876705, 0.12900024807740015, 0.13048871247829322, 0.09550979905730587, 0.10220788886132473, 0.0453981642272389, 0.029521210617712727, 0.03125775241875465, 0.014140411808484247, 0.0064500124038700075, 0.012403870007442322, 0.005457702803274621, 0.002232696601339618, 0.0027288514016373107, 0.0004961548002976929, 0.00024807740014884643, 0.0, 0.0, 0.0], [0.00018480872297172427, 0.0, 0.0005544261689151728, 0.00129366106080207, 0.0005544261689151728, 0.0014784697837737942, 0.0035113657364627612, 0.0070227314729255225, 0.011827758270190353, 0.019774533357974498, 0.031971909074108296, 0.05248567732396969, 0.0746627240805766, 0.10201441508039179, 0.12419146183699871, 0.12788763629643318, 0.1363888375531325, 0.07946775087784143, 0.11310293845869525, 0.03991868416189244, 0.02328589909443726, 0.022916281648493807, 0.00997967104047311, 0.004805026797264831, 0.00517464424320828, 0.0018480872297172426, 0.0007392348918868971, 0.00129366106080207, 0.00129366106080207, 0.00036961744594344855, 0.0, 0.0, 0.0], [0.0, 0.0, 0.00012523481527864746, 0.0002504696305572949, 0.0003757044458359424, 0.00012523481527864746, 0.0008766437069505323, 0.001628052598622417, 0.002755165936130244, 0.006261740763932373, 0.0123982467125861, 0.014527238572323105, 0.027426424546023793, 0.03393863494051346, 0.14577332498434564, 0.15742016280525986, 0.17395115842204134, 0.11233562930494677, 0.17507827175954915, 0.047589229805886035, 0.02529743268628679, 0.028804007514088917, 0.010269254852849092, 0.006386975579211021, 0.008641202254226675, 0.0031308703819661866, 0.0012523481527864746, 0.0010018785222291797, 0.001878522229179712, 0.0005009392611145899, 0.0, 0.0, 0.0], [0.0, 0.0, 0.0, 0.006211180124223602, 0.006211180124223602, 0.006211180124223602, 0.0, 0.018633540372670808, 0.049689440993788817, 0.09316770186335403, 0.062111801242236024, 0.08074534161490683, 0.07453416149068323, 0.062111801242236024, 0.043478260869565216, 0.12422360248447205, 0.08695652173913043, 0.08695652173913043, 0.037267080745341616, 0.043478260869565216, 0.049689440993788817, 0.012422360248447204, 0.031055900621118012, 0.0, 0.006211180124223602, 0.006211180124223602, 0.0, 0.012422360248447204, 0.0, 0.0, 0.0, 0.0, 0.0], [0.00022182786157941438, 0.00011091393078970719, 0.0, 0.0, 0.0, 0.00011091393078970719, 0.00022182786157941438, 0.0009982253771073646, 0.002329192546583851, 0.004547471162377995, 0.0075421472937000885, 0.009982253771073648, 0.021960958296362024, 0.029724933451641525, 0.05157497781721384, 0.15938331854480922, 0.2265971606033718, 0.149622892635315, 0.15461401952085183, 0.06521739130434782, 0.037599822537710735, 0.03748890860692103, 0.013642413487133983, 0.006876663708961846, 0.010980479148181012, 0.003992901508429458, 0.0018855368234250221, 0.0022182786157941437, 0.0005545696539485359, 0.0, 0.0, 0.0, 0.0], [0.0, 0.0, 0.0, 0.00012000480019200768, 0.0, 0.00012000480019200768, 0.0009600384015360614, 0.00036001440057602306, 0.0012000480019200767, 0.002280091203648146, 0.004560182407296292, 0.00672026881075243, 0.01140045601824073, 0.016080643225729028, 0.027841113644545782, 0.1032041281651266, 0.18840753630145204, 0.15144605784231369, 0.2126485059402376, 0.09180367214688588, 0.05820232809312372, 0.057722308892355696, 0.020520820832833315, 0.0109204368174727, 0.01956078243129725, 0.007320292811712469, 0.003360134405376215, 0.0009600384015360614, 0.0015600624024961, 0.00024000960038401536, 0.0004800192007680307, 0.0, 0.0], [0.00019690853598503495, 9.845426799251748e-05, 0.0, 0.00019690853598503495, 0.00019690853598503495, 0.0005907256079551048, 0.0007876341439401398, 0.001870631091857832, 0.0029536280397755243, 0.005611893275573496, 0.010042335335236782, 0.013291326178989859, 0.017426405434675593, 0.024613566998129367, 0.03386826818942601, 0.14108496603327755, 0.16825834399921236, 0.13950969774539726, 0.19011519149355124, 0.08526139608152013, 0.05099931082012405, 0.05730038397164517, 0.021364576154376293, 0.011223786551146992, 0.014374323126907552, 0.004528896327655804, 0.0023629024318204193, 0.0014768140198877621, 0.0003938170719700699, 0.0, 0.0, 0.0, 0.0], [0.0, 0.0, 0.0, 0.0014388489208633094, 0.0014388489208633094, 0.0, 0.0, 0.007194244604316547, 0.007194244604316547, 0.0057553956834532375, 0.012949640287769784, 0.025899280575539568, 0.04316546762589928, 0.08633093525179857, 0.1223021582733813, 0.17410071942446043, 0.17410071942446043, 0.1237410071942446, 0.12086330935251799, 0.04892086330935252, 0.02302158273381295, 0.012949640287769784, 0.0014388489208633094, 0.007194244604316547, 0.0, 0.0, 0.0, 0.0, 0.0, 0.0, 0.0, 0.0, 0.0], [0.0, 0.0, 0.0, 9.167583425009168e-05, 0.0, 9.167583425009168e-05, 0.000275027502750275, 0.0007334066740007334, 0.0016501650165016502, 0.0048588192152548585, 0.007425742574257425, 0.012376237623762377, 0.021543821048771544, 0.027594426109277596, 0.0407040704070407, 0.04858819215254859, 0.08764209754308765, 0.16721672167216722, 0.2844701136780345, 0.09662632929959662, 0.05894756142280895, 0.07590759075907591, 0.02026035936927026, 0.010267693436010267, 0.02016868353502017, 0.005225522552255226, 0.0024752475247524753, 0.0023835716905023837, 0.0022918958562522917, 0.00018335166850018335, 0.0, 0.0, 0.0], [9.938382031405287e-05, 9.938382031405287e-05, 9.938382031405287e-05, 0.0, 0.0003975352812562115, 0.0003975352812562115, 0.0002981514609421586, 0.0009938382031405286, 0.0010932220234545816, 0.00516795865633075, 0.009540846750149075, 0.019181077320612205, 0.03249850924269529, 0.044722719141323794, 0.06499701848539058, 0.07652554164182071, 0.09600477042337507, 0.20801033591731266, 0.23017292784734644, 0.09133373086861458, 0.04581594116477838, 0.04164182071158815, 0.014808189226793878, 0.006360564500099384, 0.0041741204531902205, 0.0017889087656529517, 0.003379049890677798, 0.0003975352812562115, 0.0, 0.0, 0.0, 0.0, 0.0], [0.0, 0.00010658708164570453, 0.0, 0.00010658708164570453, 0.00010658708164570453, 0.0005329354082285227, 0.0007461095715199318, 0.0017053933063312726, 0.0023449157962055, 0.004583244510765295, 0.00842037945001066, 0.01385632061394159, 0.05009592837348113, 0.08324451076529525, 0.11170326156469836, 0.14026859944574718, 0.15860157748880835, 0.11607333191217224, 0.13813685781283308, 0.06416542315071413, 0.03922404604561927, 0.03400127904497975, 0.014602430185461522, 0.006288637817096568, 0.00586228949051375, 0.002558089959496909, 0.0012790449797484545, 0.001385632061394159, 0.0, 0.0, 0.0, 0.0, 0.0], [0.0, 0.0, 0.0, 0.0, 0.00023792529145848205, 0.0, 0.0008327385201046872, 0.0023792529145848203, 0.004877468474898882, 0.007851534618129907, 0.016535807756364502, 0.025339043540328336, 0.042112776588151324, 0.06709493219129194, 0.10337853913871045, 0.125862479181537, 0.15310492505353318, 0.09790625743516536, 0.16690459195812515, 0.05971924815607899, 0.037116345467523196, 0.03854389721627409, 0.016059957173447537, 0.006661908160837497, 0.012610040447299548, 0.005115393766357364, 0.004044729954794195, 0.0023792529145848203, 0.0020223649773970973, 0.0004758505829169641, 0.0008327385201046872, 0.0, 0.0], [0.0, 0.00017238407171177384, 0.00017238407171177384, 0.0003447681434235477, 0.001034304430270643, 0.001034304430270643, 0.0017238407171177384, 0.0025857610756766076, 0.005688674366488536, 0.017927943458024478, 0.04240648164109636, 0.05964488881227375, 0.07895190484399242, 0.10446474745733494, 0.12618514049301843, 0.11825547319427684, 0.14618169281158422, 0.07740044819858645, 0.11498017583175314, 0.029822444406136874, 0.02378900189622479, 0.020858472677124634, 0.008446819513876918, 0.004481985864506119, 0.007067746940182727, 0.002068608860541286, 0.002068608860541286, 0.0003447681434235477, 0.001034304430270643, 0.0008619203585588692, 0.0, 0.0, 0.0], [0.0, 0.0, 0.0, 0.0007258649891120251, 0.0009678199854827002, 0.0021775949673360755, 0.0038712799419308008, 0.006774739898378902, 0.013549479796757804, 0.015243164771352529, 0.026373094604403582, 0.04282603435760948, 0.054197919187031214, 0.08202274376965885, 0.12363900314541496, 0.13162351802564723, 0.14904427776433585, 0.096056133559158, 0.11033147834502782, 0.04790708928139366, 0.02782482458262763, 0.02250181466247278, 0.012339704814904429, 0.009678199854827003, 0.008710379869344302, 0.0031454149528187757, 0.0026615049600774254, 0.003387369949189451, 0.0014517299782240503, 0.0009678199854827002, 0.0, 0.0, 0.0], [0.00022416498542927594, 0.0, 0.0, 0.0, 0.0004483299708585519, 0.0004483299708585519, 0.0016812373907195697, 0.0033624747814391394, 0.004931629679444071, 0.009527011880744228, 0.017484868863483525, 0.04124635731898677, 0.08428603452140776, 0.11981618471194799, 0.14694014794889038, 0.151087200179332, 0.138085631024434, 0.08058731226182471, 0.09571844877830082, 0.03418516027796458, 0.020735261152208025, 0.02432190091907644, 0.009190764402600313, 0.004483299708585519, 0.00717327953373683, 0.0022416498542927594, 0.0005604124635731899, 0.0008966599417171038, 0.00011208249271463797, 0.00022416498542927594, 0.0, 0.0, 0.0], [0.0, 0.0, 0.0, 0.0002826455624646693, 0.00014132278123233464, 0.00014132278123233464, 0.0014132278123233466, 0.00042396834369700395, 0.0021198417184850197, 0.004663651780667044, 0.007772752967778406, 0.009327303561334087, 0.014697569248162803, 0.06161673261729791, 0.11404748445449406, 0.13877897117015262, 0.1734030525720746, 0.1109383832673827, 0.16647823629169023, 0.059072922555115884, 0.037167891464104014, 0.04112492933860938, 0.01879592990390051, 0.00791407574901074, 0.014697569248162803, 0.004946297343131713, 0.005087620124364048, 0.0022611644997173543, 0.0018371961560203504, 0.0005652911249293386, 0.0002826455624646693, 0.0, 0.0], [0.0, 0.0, 0.00017238407171177384, 0.0003447681434235477, 0.001034304430270643, 0.0013790725736941907, 0.0022409929322530597, 0.004654369936217893, 0.007584899155318048, 0.018272711601448027, 0.030339596621272193, 0.04171694535424927, 0.06809170832615066, 0.09101878986381658, 0.11687640062058266, 0.13187381485950697, 0.1456645405964489, 0.08963971729012239, 0.12377176348905361, 0.04499224271677297, 0.027581451473883814, 0.021892777107395275, 0.01034304430270643, 0.004654369936217893, 0.005516290294776763, 0.0012066885019824168, 0.0024133770039648336, 0.0039648336493707985, 0.0025857610756766076, 0.00017238407171177384, 0.0, 0.0, 0.0], [0.00011757789535567314, 0.0, 0.0, 0.0, 0.00011757789535567314, 0.0010582010582010583, 0.0007054673721340388, 0.0023515579071134627, 0.0028218694885361554, 0.005761316872427984, 0.013991769547325103, 0.021869488536155203, 0.035155790711346266, 0.042445620223398, 0.05843621399176955, 0.11663727219282775, 0.20952380952380953, 0.14955908289241623, 0.1606114050558495, 0.07195767195767196, 0.04467960023515579, 0.033156966490299825, 0.013286302175191065, 0.005526161081716637, 0.005526161081716637, 0.0019988242210464435, 0.0022339800117577896, 0.0003527336860670194, 0.00011757789535567314, 0.0, 0.0, 0.0, 0.0], [0.0, 0.0, 0.0, 0.0001485001485001485, 0.0001485001485001485, 0.0004455004455004455, 0.000594000594000594, 0.0016335016335016334, 0.002673002673002673, 0.005643005643005643, 0.023611523611523612, 0.03296703296703297, 0.06786456786456786, 0.09652509652509653, 0.13275913275913276, 0.14553014553014554, 0.1560736560736561, 0.10335610335610336, 0.11122661122661123, 0.04261954261954262, 0.02583902583902584, 0.020493020493020493, 0.009801009801009801, 0.004455004455004455, 0.007722007722007722, 0.0025245025245025244, 0.002673002673002673, 0.001188001188001188, 0.001485001485001485, 0.0, 0.0, 0.0, 0.0], [0.0, 0.0, 0.0, 0.00015482272797646694, 0.0, 0.00046446818392940084, 0.0009289363678588017, 0.0009289363678588017, 0.0023223409196470044, 0.0018578727357176034, 0.005263972751199876, 0.010992413686329153, 0.03994426381792847, 0.06409660938225732, 0.09211952314599783, 0.11766527326211487, 0.15575166434432575, 0.10992413686329153, 0.17974918718067812, 0.070289518501316, 0.04164731382566961, 0.04613717293698715, 0.02028177736491717, 0.01114723641430562, 0.01579191825359963, 0.006347731847035145, 0.002786809103576405, 0.0007741136398823347, 0.0023223409196470044, 0.0003096454559529339, 0.0, 0.0, 0.0], [0.0, 0.0, 0.00011610356437942645, 0.0, 0.0002322071287588529, 0.00034831069313827936, 0.00034831069313827936, 0.001277139208173691, 0.0010449320794148381, 0.0038314176245210726, 0.006734006734006734, 0.016138395448740277, 0.02681992337164751, 0.04458376872169976, 0.05549750377336584, 0.1583652618135377, 0.18135376756066413, 0.10995007546731685, 0.18146987112504354, 0.06432137466620225, 0.04411935446418205, 0.04005572971090213, 0.023685127133402994, 0.012074770695460351, 0.016254499013119702, 0.004528039010797631, 0.002902589109485661, 0.0020898641588296763, 0.0010449320794148381, 0.0008127249506559852, 0.0, 0.0, 0.0], [0.0, 0.0, 0.0, 0.0, 9.459842966606754e-05, 9.459842966606754e-05, 9.459842966606754e-05, 0.0008513858669946079, 0.0017973701636552833, 0.004824519912969445, 0.009081449247942484, 0.01664932362122789, 0.02847412732948633, 0.036042001702771734, 0.054583293917320974, 0.05874562482262794, 0.0717056096868792, 0.07700312174817898, 0.3284457478005865, 0.11455869832560779, 0.0652729164695866, 0.07217860183520954, 0.018352095355217105, 0.008986850818276416, 0.01958187494087598, 0.004919118342635512, 0.002932551319648094, 0.002459559171317756, 0.0017973701636552833, 0.0004729921483303377, 0.0, 0.0, 0.0], [0.0, 0.0, 0.0, 0.0, 0.0, 0.00010059350165979277, 0.0006035610099587567, 0.0030178050497937834, 0.005331455587969017, 0.009858163162659693, 0.0181068302987627, 0.03369882305603058, 0.050497937833215975, 0.07715521577306106, 0.11447540488884418, 0.13620360124735942, 0.1737249773664621, 0.10924454280253496, 0.15521577306106027, 0.047681319786741776, 0.024444220903329646, 0.02565134292324716, 0.006940951614525702, 0.0033195855547731618, 0.0024142440398350266, 0.0008047480132783422, 0.0006035610099587567, 0.0006035610099587567, 0.00030178050497937833, 0.0, 0.0, 0.0, 0.0], [0.0, 0.002976190476190476, 0.0, 0.002976190476190476, 0.005952380952380952, 0.020833333333333332, 0.020833333333333332, 0.03869047619047619, 0.08333333333333333, 0.05952380952380952, 0.050595238095238096, 0.07738095238095238, 0.08035714285714286, 0.11904761904761904, 0.125, 0.10714285714285714, 0.07738095238095238, 0.047619047619047616, 0.03869047619047619, 0.01488095238095238, 0.011904761904761904, 0.008928571428571428, 0.0, 0.005952380952380952, 0.0, 0.0, 0.0, 0.0, 0.0, 0.0, 0.0, 0.0, 0.0]]}, "ranks": {"labels": ["Unranked", "Combatatent I", "Combatatent II", "Challenger I", "Challenger II", "Rival I", "Rival II", "Duelist", "Elite"], "data": [[0.13073713490959665, 0.1835883171070932, 0.25034770514603616, 0.23087621696801114, 0.10987482614742698, 0.05702364394993046, 0.019471488178025034, 0.01808066759388039, 0.0], [0.0625, 0.09324596774193548, 0.1766633064516129, 0.2661290322580645, 0.22731854838709678, 0.1237399193548387, 0.03125, 0.013608870967741936, 0.005544354838709678], [0.007619954756518633, 0.012263364686272175, 0.03131325157756876, 0.06381712108584356, 0.24943445648291462, 0.41624002857483033, 0.09227288962971783, 0.09429694011191808, 0.032741993094416], [0.015318556342114424, 0.024486480213531392, 0.05477544388998491, 0.09353603342230475, 0.11454102355808286, 0.3498897528142045, 0.16026459324590925, 0.14308924219565974, 0.04409887431820819], [0.1794871794871795, 0.1641025641025641, 0.2205128205128205, 0.19487179487179487, 0.1076923076923077, 0.09230769230769231, 0.035897435897435895, 0.005128205128205128, 0.0], [0.00732484076433121, 0.01878980891719745, 0.08959660297239914, 0.2711252653927813, 0.2878980891719745, 0.18152866242038215, 0.05732484076433121, 0.06316348195329087, 0.0232484076433121], [0.0821363544406231, 0.11875379324296986, 0.20675703014363747, 0.24175601861217885, 0.18713331984624723, 0.09063321869310136, 0.028322880841594174, 0.029132106008496864, 0.015375278171151122], [0.26881720430107525, 0.2446236559139785, 0.20967741935483872, 0.13978494623655913, 0.06451612903225806, 0.04032258064516129, 0.026881720430107527, 0.005376344086021506, 0.0], [0.032974001268230815, 0.06013527795392095, 0.08750792644261256, 0.12492073557387444, 0.3356584231663496, 0.1816740646797717, 0.07091523990699641, 0.07704502219403932, 0.029169308814204185], [0.01564945226917058, 0.028951486697965573, 0.05985915492957746, 0.14006259780907668, 0.19209702660406885, 0.21165884194053208, 0.10915492957746478, 0.15688575899843504, 0.08568075117370892], [0.030464045341834927, 0.05136379737867517, 0.11742826780021254, 0.2263549415515409, 0.2495572086432873, 0.1808359900814736, 0.06252213956783563, 0.05844845908607864, 0.023025150549061284], [0.08062455642299503, 0.1332860184528034, 0.21689141234918383, 0.2603264726756565, 0.1638041163946061, 0.07636621717530163, 0.031085876508161817, 0.027395315826827537, 0.01022001419446416], [0.014105985512771636, 0.03304104714703266, 0.06150718007370695, 0.09340449866565002, 0.37844707078408946, 0.25721184394459273, 0.07167365611894777, 0.06849663235481002, 0.02211208539839878], [0.01761252446183953, 0.035328046142754144, 0.08868060562364816, 0.28808322175301265, 0.2802554331033062, 0.16695849212071273, 0.05448552889071995, 0.05057163456586672, 0.01802451333813987], [0.014750854470228458, 0.03957546321280806, 0.10937218924266955, 0.21388738981831265, 0.27594891167476165, 0.19122144270552258, 0.0757330455117827, 0.05900341788091383, 0.02050728548300054], [0.041428925824857354, 0.07789630364673779, 0.1585214586951129, 0.2436120069461672, 0.2259985115355991, 0.12701562887620937, 0.05011163483006698, 0.051848176631108904, 0.02356735301414041], [0.046202180742931066, 0.08445758639807799, 0.1766771391609684, 0.2520790981334319, 0.21585658843097394, 0.13731288116799112, 0.03899464054703382, 0.03770097948623175, 0.010718905932360008], [0.0123982467125861, 0.026925485284909206, 0.061365059486537255, 0.30319348778960553, 0.2862867877269881, 0.20225422667501566, 0.045710707576706325, 0.04546023794614903, 0.016405760801502817], [0.18012422360248448, 0.14285714285714285, 0.13664596273291926, 0.16770186335403728, 0.17391304347826086, 0.055900621118012424, 0.07453416149068323, 0.043478260869565216, 0.024844720496894408], [0.008540372670807454, 0.017524401064773737, 0.05168589174800355, 0.21095829636202307, 0.3762200532386868, 0.19332298136645962, 0.06410825199645076, 0.05800798580301686, 0.019631765749778173], [0.005040201608064322, 0.011280451218048722, 0.02748109924396976, 0.1310452418096724, 0.33985359414376576, 0.26341053642145684, 0.09924396975879035, 0.0891635665426617, 0.03348133925357014], [0.012503692035049719, 0.023333661514226643, 0.04203997243280496, 0.17495323422270356, 0.30776804174460964, 0.23697942305798955, 0.08939647533720586, 0.08988874667716845, 0.023136752978241606], [0.02302158273381295, 0.03884892086330935, 0.12949640287769784, 0.29640287769784174, 0.29784172661870506, 0.14964028776978416, 0.04316546762589928, 0.02158273381294964, 0.0], [0.007700770077007701, 0.019801980198019802, 0.04913824715804914, 0.08929226255958929, 0.2548588192152549, 0.34094242757609095, 0.0991015768243491, 0.10643564356435643, 0.03272827282728273], [0.0086463923673226, 0.02872192407076128, 0.07722122838401908, 0.1415225601272113, 0.30401510634068774, 0.2814549791293977, 0.08586762075134168, 0.06281057443848141, 0.009739614390777182], [0.010232359837987636, 0.02227670006395225, 0.13334043913877638, 0.25197186101044555, 0.2746749094009806, 0.17448305265401834, 0.06704327435514816, 0.054892347047537836, 0.011085056491153272], [0.01617891981917678, 0.04187485129669284, 0.10920770877944326, 0.22924101832024743, 0.2510111824886985, 0.19819176778491554, 0.0655484177968118, 0.06126576255055913, 0.027480371163454677], [0.030684364764695743, 0.10205137045337011, 0.18341665230132737, 0.2444406136872953, 0.22358214101017065, 0.13118427857265988, 0.03740734356145492, 0.03378727805550767, 0.01344595759351836], [0.043309944350350835, 0.06919912896201307, 0.13622066295669005, 0.2552625211710622, 0.24510041132349383, 0.13743043793854343, 0.048632954270505686, 0.04451971933220421, 0.020324219695136706], [0.020623178659493386, 0.0587312261824703, 0.20410221923335575, 0.29802734812822235, 0.2186729432862587, 0.11432414256893074, 0.0363147276395427, 0.03799596503026227, 0.011208249271463798], [0.009185980780101752, 0.017100056529112492, 0.07631430186546072, 0.2528264556246467, 0.2843414358394573, 0.19827586206896552, 0.0644431882419446, 0.06783493499152063, 0.029677784058790277], [0.03568350284433718, 0.07205654197552146, 0.15911049818996725, 0.24875021548008963, 0.23530425788657128, 0.150146526460955, 0.04619893121875539, 0.0368901913463196, 0.015859334597483194], [0.012933568489124045, 0.035861258083480306, 0.07760141093474426, 0.17507348618459728, 0.35908289241622576, 0.2, 0.07724867724867725, 0.05196942974720752, 0.010229276895943563], [0.011286011286011286, 0.05657855657855658, 0.1643896643896644, 0.2782892782892783, 0.25942975942975943, 0.13483813483813484, 0.04484704484704485, 0.03474903474903475, 0.015592515592515593], [0.006657377302988079, 0.016256386437529028, 0.10404087320018579, 0.2097847964081127, 0.2656758012076173, 0.217835578262889, 0.07385044124477473, 0.07756618671620993, 0.02833255921969345], [0.0071984209915244395, 0.022872402182747012, 0.07140369209334727, 0.2138627655869035, 0.29130384302798096, 0.21618483687449205, 0.0737257633809358, 0.07581562753976546, 0.027632648322303496], [0.007757071232617539, 0.02573077286917037, 0.06451612903225806, 0.11332891873994892, 0.14870873143505817, 0.39163749881751964, 0.11663986377826129, 0.09951754800870305, 0.03216346608646296], [0.01891157831204104, 0.05180565335479328, 0.12765315360627705, 0.2506790061362036, 0.28296952016899707, 0.18267779901418368, 0.04466351473694799, 0.03591188009254602, 0.00472789457801026], [0.23511904761904762, 0.12797619047619047, 0.19940476190476192, 0.23214285714285715, 0.125, 0.041666666666666664, 0.023809523809523808, 0.01488095238095238, 0.0]]}, "ranksDetailed": {"labels": ["Unranked", "Combatatant", "Challenger", "Rival", "Duelist", "Elite"], "data": [[0.13073713490959665, 0.4339360222531293, 0.34075104311543813, 0.07649513212795549, 0.01808066759388039, 0.0], [0.0625, 0.2699092741935484, 0.4934475806451613, 0.15498991935483872, 0.013608870967741936, 0.005544354838709678], [0.007619954756518633, 0.043576616263840934, 0.3132515775687582, 0.5085129182045481, 0.09429694011191808, 0.032741993094416], [0.015318556342114424, 0.0792619241035163, 0.20807705698038761, 0.5101543460601138, 0.14308924219565974, 0.04409887431820819], [0.1794871794871795, 0.38461538461538464, 0.30256410256410254, 0.1282051282051282, 0.005128205128205128, 0.0], [0.00732484076433121, 0.1083864118895966, 0.5590233545647558, 0.23885350318471338, 0.06316348195329087, 0.0232484076433121], [0.0821363544406231, 0.3255108233866073, 0.4288893384584261, 0.11895609953469553, 0.029132106008496864, 0.015375278171151122], [0.26881720430107525, 0.4543010752688172, 0.20430107526881722, 0.06720430107526881, 0.005376344086021506, 0.0], [0.032974001268230815, 0.1476432043965335, 0.46057915874022404, 0.25258930458676815, 0.07704502219403932, 0.029169308814204185], [0.01564945226917058, 0.08881064162754304, 0.33215962441314556, 0.3208137715179969, 0.15688575899843504, 0.08568075117370892], [0.030464045341834927, 0.1687920651788877, 0.4759121501948282, 0.24335812964930925, 0.05844845908607864, 0.023025150549061284], [0.08062455642299503, 0.3501774308019872, 0.4241305890702626, 0.10745209368346345, 0.027395315826827537, 0.01022001419446416], [0.014105985512771636, 0.0945482272207396, 0.4718515694497395, 0.32888550006354045, 0.06849663235481002, 0.02211208539839878], [0.01761252446183953, 0.1240086517664023, 0.5683386548563188, 0.22144402101143268, 0.05057163456586672, 0.01802451333813987], [0.014750854470228458, 0.1489476524554776, 0.4898363014930743, 0.2669544882173053, 0.05900341788091383, 0.02050728548300054], [0.041428925824857354, 0.23641776234185066, 0.4696105184817663, 0.17712726370627635, 0.051848176631108904, 0.02356735301414041], [0.046202180742931066, 0.2611347255590464, 0.4679356865644058, 0.17630752171502495, 0.03770097948623175, 0.010718905932360008], [0.0123982467125861, 0.08829054477144646, 0.5894802755165937, 0.24796493425172197, 0.04546023794614903, 0.016405760801502817], [0.18012422360248448, 0.2795031055900621, 0.3416149068322981, 0.13043478260869565, 0.043478260869565216, 0.024844720496894408], [0.008540372670807454, 0.06921029281277728, 0.5871783496007098, 0.2574312333629104, 0.05800798580301686, 0.019631765749778173], [0.005040201608064322, 0.03876155046201848, 0.4708988359534381, 0.3626545061802472, 0.0891635665426617, 0.03348133925357014], [0.012503692035049719, 0.0653736339470316, 0.4827212759673132, 0.32637589839519543, 0.08988874667716845, 0.023136752978241606], [0.02302158273381295, 0.1683453237410072, 0.5942446043165468, 0.19280575539568345, 0.02158273381294964, 0.0], [0.007700770077007701, 0.06894022735606894, 0.34415108177484416, 0.44004400440044006, 0.10643564356435643, 0.03272827282728273], [0.0086463923673226, 0.10594315245478036, 0.44553766646789905, 0.3673225998807394, 0.06281057443848141, 0.009739614390777182], [0.010232359837987636, 0.15561713920272863, 0.5266467704114262, 0.24152632700916649, 0.054892347047537836, 0.011085056491153272], [0.01617891981917678, 0.1510825600761361, 0.480252200808946, 0.26374018558172735, 0.06126576255055913, 0.027480371163454677], [0.030684364764695743, 0.28546802275469746, 0.46802275469746596, 0.1685916221341148, 0.03378727805550767, 0.01344595759351836], [0.043309944350350835, 0.20541979191870313, 0.500362932494556, 0.1860633922090491, 0.04451971933220421, 0.020324219695136706], [0.020623178659493386, 0.26283344541582604, 0.516700291414481, 0.15063887020847344, 0.03799596503026227, 0.011208249271463798], [0.009185980780101752, 0.09341435839457321, 0.537167891464104, 0.26271905031091014, 0.06783493499152063, 0.029677784058790277], [0.03568350284433718, 0.2311670401654887, 0.4840544733666609, 0.1963454576797104, 0.0368901913463196, 0.015859334597483194], [0.012933568489124045, 0.11346266901822458, 0.5341563786008231, 0.27724867724867724, 0.05196942974720752, 0.010229276895943563], [0.011286011286011286, 0.22096822096822097, 0.5377190377190377, 0.1796851796851797, 0.03474903474903475, 0.015592515592515593], [0.006657377302988079, 0.12029725963771482, 0.47546059761573, 0.2916860195076637, 0.07756618671620993, 0.02833255921969345], [0.0071984209915244395, 0.09427609427609428, 0.5051666086148845, 0.28991060025542786, 0.07581562753976546, 0.027632648322303496], [0.007757071232617539, 0.09024690190142844, 0.2620376501750071, 0.5082773625957809, 0.09951754800870305, 0.03216346608646296], [0.01891157831204104, 0.1794588069610703, 0.5336485263052007, 0.22734131375113167, 0.03591188009254602, 0.00472789457801026], [0.23511904761904762, 0.3273809523809524, 0.35714285714285715, 0.06547619047619048, 0.01488095238095238, 0.0]]}}}, "eu": {"histType": {"histogram": {"labels": ["0", "100", "200", "300", "400", "500", "600", "700", "800", "900", "1000", "1100", "1200", "1300", "1400", "1500", "1600", "1700", "1800", "1900", "2000", "2100", "2200", "2300", "2400", "2500", "2600", "2700", "2800", "2900", "3000", "3100", "3200"], "data": [[0.0, 0.0, 0.0018484288354898336, 0.0, 0.0018484288354898336, 0.0073937153419593345, 0.012939001848428836, 0.025878003696857672, 0.04990757855822551, 0.07763401109057301, 0.07763401109057301, 0.10905730129390019, 0.10166358595194085, 0.11829944547134935, 0.14048059149722736, 0.09242144177449169, 0.06469500924214418, 0.036968576709796676, 0.03512014787430684, 0.0166358595194085, 0.012939001848428836, 0.005545286506469501, 0.0036968576709796672, 0.0073937153419593345, 0.0, 0.0, 0.0, 0.0, 0.0, 0.0, 0.0, 0.0, 0.0], [0.0, 0.00027793218454697053, 0.0008337965536409116, 0.0011117287381878821, 0.0016675931072818232, 0.0038910505836575876, 0.006948304613674263, 0.01083935519733185, 0.019455252918287938, 0.03418565869927738, 0.04502501389660923, 0.06197887715397443, 0.08143413007226237, 0.10450250138966093, 0.1356309060589216, 0.13090605892162313, 0.141467481934408, 0.06837131739855476, 0.09505280711506392, 0.024180100055586438, 0.012229016120066704, 0.009171762090050028, 0.004168982768204558, 0.0027793218454697055, 0.0022234574763757642, 0.0011117287381878821, 0.0005558643690939411, 0.0, 0.0, 0.0, 0.0, 0.0, 0.0], [0.0, 0.0, 0.0, 0.00011999040076793856, 0.00011999040076793856, 0.00011999040076793856, 0.0, 0.0007199424046076314, 0.001919846412287017, 0.0026397888168946484, 0.00587952963762899, 0.009479241660667147, 0.011999040076793857, 0.015238780897528198, 0.0251979841612671, 0.03503719702423806, 0.1798656107511399, 0.15382769378449723, 0.32589392848572113, 0.0802735781137509, 0.05207583393328534, 0.05207583393328534, 0.0183585313174946, 0.0077993760499160064, 0.01175905927525798, 0.0051595872330213585, 0.001919846412287017, 0.0021598272138228943, 0.00011999040076793856, 0.00023998080153587713, 0.0, 0.0, 0.0], [0.0, 0.0, 0.0, 0.00011124707976415619, 0.00011124707976415619, 0.00022249415952831238, 0.0007787295583490933, 0.0021136945155189675, 0.002447435754811436, 0.005673601067971966, 0.011569696295472243, 0.017020803203915896, 0.020803203915897208, 0.026143063744576703, 0.04294137278896429, 0.05350984536655913, 0.07587050839915452, 0.051284903771276, 0.27589275781510736, 0.1477361219267994, 0.09222382912448548, 0.0881076871732117, 0.030704194014907107, 0.013349649571698742, 0.02391812214929358, 0.00789854266325509, 0.004338636110802091, 0.0015574591166981867, 0.003448659472688842, 0.00022249415952831238, 0.0, 0.0, 0.0], [0.0, 0.0, 0.0, 0.0, 0.0, 0.0213903743315508, 0.026737967914438502, 0.053475935828877004, 0.06417112299465241, 0.0481283422459893, 0.0748663101604278, 0.08021390374331551, 0.06417112299465241, 0.11764705882352941, 0.09090909090909091, 0.1497326203208556, 0.03208556149732621, 0.06417112299465241, 0.03208556149732621, 0.0481283422459893, 0.0106951871657754, 0.0053475935828877, 0.0, 0.0053475935828877, 0.0106951871657754, 0.0, 0.0, 0.0, 0.0, 0.0, 0.0, 0.0, 0.0], [0.0, 0.0001052853232259423, 0.0001052853232259423, 0.0002105706464518846, 0.0003158559696778269, 0.0001052853232259423, 0.0002105706464518846, 0.0011581385554853654, 0.0018951358180669614, 0.003895556959359865, 0.007896399241945672, 0.01189724152453148, 0.018530216887765846, 0.09012423668140661, 0.1281322383659718, 0.13729206148662876, 0.1627711097073068, 0.11097073068014318, 0.1505580122130975, 0.05632764792587913, 0.03611286586649821, 0.03979785217940619, 0.014529374605180037, 0.005474836807749, 0.011370814908401769, 0.004527268898715519, 0.0027374184038745, 0.0007369