{"region": {"us": {"histType": {"histogram": {"labels": ["0", "100", "200", "300", "400", "500", "600", "700", "800", "900", "1000", "1100", "1200", "1300", "1400", "1500", "1600", "1700", "1800", "1900", "2000", "2100", "2200", "2300", "2400", "2500", "2600", "2700", "2800", "2900", "3000", "3100", "3200"], "data": [[0.0, 0.0, 0.0027739251040221915, 0.005547850208044383, 0.004160887656033287, 0.006934812760055479, 0.012482662968099861, 0.013869625520110958, 0.036061026352288486, 0.04854368932038835, 0.08183079056865465, 0.10124826629680998, 0.11789181692094314, 0.13314840499306518, 0.1317614424410541, 0.09847434119278779, 0.06657420249653259, 0.04299583911234397, 0.04576976421636616, 0.018030513176144243, 0.013869625520110958, 0.008321775312066574, 0.004160887656033287, 0.005547850208044383, 0.0, 0.0, 0.0, 0.0, 0.0, 0.0, 0.0, 0.0, 0.0], [0.0, 0.0002509410288582183, 0.0002509410288582183, 0.0002509410288582183, 0.0010037641154328732, 0.002258469259723965, 0.004767879548306148, 0.009535759096612296, 0.015558343789209535, 0.028607277289836888, 0.03814303638644918, 0.05470514429109159, 0.0820577164366374, 0.09435382685069009, 0.1299874529485571, 0.13601003764115432, 0.1440401505646173, 0.0835633626097867, 0.10439146800501882, 0.033877038895859475, 0.017314930991217063, 0.006775407779171894, 0.004015056461731493, 0.0027603513174404015, 0.0017565872020075283, 0.0017565872020075283, 0.0010037641154328732, 0.0010037641154328732, 0.0, 0.0, 0.0, 0.0, 0.0], [0.00011838522552385462, 0.0, 0.0, 0.00023677045104770924, 0.00023677045104770924, 0.00023677045104770924, 0.00023677045104770924, 0.0005919261276192731, 0.002486089736000947, 0.003433171540191784, 0.005208949923049604, 0.007221498756955132, 0.012075293003433171, 0.01917840653486445, 0.02533443826210489, 0.038830353971824313, 0.08784183733870013, 0.16171421806558542, 0.36829643660471173, 0.08701314076003315, 0.052444654907067595, 0.06096839114478513, 0.023677045104770925, 0.009707588492956078, 0.019533562211436012, 0.006274416952764295, 0.0023677045104770924, 0.004143482893334912, 0.00011838522552385462, 0.0004735409020954185, 0.0, 0.0, 0.0], [0.0, 0.0, 0.0, 0.0, 0.00011544677903486493, 0.0, 0.0008081274532440544, 0.0017317016855229739, 0.004733317940429462, 0.007850380974370815, 0.011660124682521358, 0.013045486030939737, 0.025975525282844608, 0.02909258831678596, 0.042484414684830295, 0.05160471022858462, 0.0714615562225814, 0.04329254213807435, 0.26645116601246827, 0.15365966289540522, 0.08935580697298545, 0.0970907411683214, 0.032209651350727314, 0.013507273147079196, 0.027707226968367582, 0.006695913184022166, 0.004733317940429462, 0.001962595243592704, 0.002770722696836758, 0.0, 0.0, 0.0, 0.0], [0.0, 0.0, 0.0, 0.0, 0.010309278350515464, 0.005154639175257732, 0.030927835051546393, 0.02577319587628866, 0.05670103092783505, 0.05154639175257732, 0.07216494845360824, 0.09278350515463918, 0.10309278350515463, 0.11855670103092783, 0.09278350515463918, 0.10309278350515463, 0.07731958762886598, 0.030927835051546393, 0.061855670103092786, 0.02577319587628866, 0.03608247422680412, 0.005154639175257732, 0.0, 0.0, 0.0, 0.0, 0.0, 0.0, 0.0, 0.0, 0.0, 0.0, 0.0], [0.0, 0.0, 0.0, 0.0, 0.0, 0.0, 0.0, 0.001364399664147775, 0.0012594458438287153, 0.004722921914357683, 0.007136859781696054, 0.011439966414777498, 0.021515533165407223, 0.0675902602854744, 0.12101175482787574, 0.14850965575146935, 0.17768681780016793, 0.1107262804366079, 0.14955919395465994, 0.05678001679261125, 0.033480268681780015, 0.039987405541561716, 0.015848026868178003, 0.00797649034424853, 0.012384550797649035, 0.004722921914357683, 0.002938706968933669, 0.001364399664147775, 0.001364399664147775, 0.0006297229219143577, 0.0, 0.0, 0.0], [0.0, 0.0, 0.0004018485031143259, 0.0022101667671287923, 0.0016073940124573037, 0.00341571227647177, 0.007032348804500703, 0.012658227848101266, 0.018886879646373318, 0.03556359252561784, 0.049829214386176414, 0.06851516978099256, 0.09363070122563794, 0.11251758087201125, 0.12155917219208358, 0.12055455093429777, 0.11995177817962628, 0.06690777576853527, 0.07253365481213582, 0.028933092224231464, 0.01768133413703034, 0.01567209162145871, 0.009041591320072333, 0.005023106288929074, 0.006429576049829215, 0.004018485031143259, 0.0024110910186859553, 0.0014064697609001407, 0.0010046212577858146, 0.00020092425155716296, 0.0004018485031143259, 0.0, 0.0], [0.0026954177897574125, 0.0026954177897574125, 0.0, 0.008086253369272238, 0.005390835579514825, 0.018867924528301886, 0.013477088948787063, 0.03773584905660377, 0.05660377358490566, 0.12398921832884097, 0.11590296495956873, 0.1293800539083558, 0.09973045822102426, 0.1105121293800539, 0.07008086253369272, 0.07008086253369272, 0.05121293800539083, 0.013477088948787063, 0.02425876010781671, 0.03234501347708895, 0.01078167115902965, 0.0026954177897574125, 0.0, 0.0, 0.0, 0.0, 0.0, 0.0, 0.0, 0.0, 0.0, 0.0, 0.0], [0.0002103270585760858, 0.0002103270585760858, 0.0005258176464402145, 0.0003154905878641287, 0.0005258176464402145, 0.0012619623514565149, 0.0015774529393206436, 0.00431170470080976, 0.00757177410873909, 0.01630034703964665, 0.025659901146282468, 0.03449363760647808, 0.04164475759806499, 0.04606162582816279, 0.0585760858134399, 0.06677884109790724, 0.20275528446734672, 0.13229571984435798, 0.14491534335892312, 0.0644652434535703, 0.04301188347880955, 0.04248606583236934, 0.021663687033336838, 0.013250604690293407, 0.018298454096119465, 0.0050478494058260595, 0.002418761173624987, 0.0029445788200652013, 0.0004206541171521716, 0.0, 0.0, 0.0, 0.0], [0.0, 0.0, 0.0, 0.0, 0.0003894080996884735, 0.000778816199376947, 0.0011682242990654205, 0.001557632398753894, 0.002336448598130841, 0.009345794392523364, 0.012850467289719626, 0.015965732087227413, 0.02219626168224299, 0.037383177570093455, 0.06191588785046729, 0.0778816199376947, 0.10397196261682243, 0.08839563862928349, 0.17718068535825546, 0.06931464174454828, 0.07359813084112149, 0.09735202492211838, 0.04322429906542056, 0.017133956386292833, 0.047118380062305294, 0.014018691588785047, 0.012461059190031152, 0.008566978193146417, 0.0027258566978193145, 0.0011682242990654205, 0.0, 0.0, 0.0], [0.0, 0.0, 0.00017608733932030288, 0.0, 0.0008804366966015144, 0.0005282620179609086, 0.001408698714562423, 0.004402183483007572, 0.008452192287374538, 0.014615249163585139, 0.021306568057756648, 0.02993484768445149, 0.053530551153372075, 0.06444796619123085, 0.10125022010917414, 0.12519809825673534, 0.1533720725479838, 0.09631977460820566, 0.14351118154604683, 0.06215883078006691, 0.03733051593590421, 0.03733051593590421, 0.012678288431061807, 0.008276104948054235, 0.013382637788343019, 0.0033456594470857547, 0.002817397429124846, 0.001408698714562423, 0.0019369607325233316, 0.0, 0.0, 0.0, 0.0], [0.0, 0.0, 0.0004212891447830361, 0.0004212891447830361, 0.0005617188597107148, 0.00322988344333661, 0.006178907456817863, 0.012357814913635726, 0.021345316669007162, 0.03595000702148575, 0.058840050554697376, 0.07400645976688668, 0.09675607358517062, 0.1186631091138885, 0.1383232692037635, 0.12245471141693583, 0.10462013762112063, 0.06038477741890184, 0.06249122314281702, 0.02710293498104199, 0.018115433225670552, 0.015447268642044657, 0.008004493750877686, 0.004212891447830361, 0.003791602303047325, 0.0035107428731919674, 0.001404297149276787, 0.0002808594298553574, 0.0011234377194214297, 0.0, 0.0, 0.0, 0.0], [0.0, 0.0, 0.0, 0.0, 0.00012656625743576763, 0.0005062650297430705, 0.0016453613466649792, 0.002025060118972282, 0.004556385267687635, 0.00531578281230224, 0.013416023288191367, 0.019491203645108215, 0.027971142893304646, 0.03366662447791419, 0.048474876597899, 0.045057587647133274, 0.2240222756613087, 0.15403113529932919, 0.21377040880901152, 0.07518035691684596, 0.039741804834831036, 0.04214656372611062, 0.016073914694342488, 0.01063156562460448, 0.013416023288191367, 0.003796987723073029, 0.0018984938615365145, 0.001012530059486141, 0.002025060118972282, 0.0, 0.0, 0.0, 0.0], [0.00020458265139116204, 0.0, 0.0, 0.00010229132569558102, 0.00010229132569558102, 0.00030687397708674305, 0.0012274959083469722, 0.0016366612111292963, 0.004193944353518822, 0.009922258592471358, 0.01605973813420622, 0.01902618657937807, 0.025470540098199674, 0.06342062193126023, 0.13993453355155483, 0.14760638297872342, 0.1698036006546645, 0.10986088379705401, 0.1363543371522095, 0.05472585924713584, 0.030789689034369884, 0.03252864157119476, 0.012581833060556465, 0.005932896890343699, 0.009513093289689035, 0.0031710310965630114, 0.002148117839607201, 0.002148117839607201, 0.0005114566284779051, 0.0006137479541734861, 0.00010229132569558102, 0.0, 0.0], [0.0, 0.0, 0.0, 0.0001787629603146228, 0.0005362888809438684, 0.0001787629603146228, 0.0012513407222023596, 0.001787629603146228, 0.003932785126921702, 0.006792992491955667, 0.014301036825169824, 0.025026814444047193, 0.043796925277082586, 0.06560600643546657, 0.09528065784769396, 0.11726850196639256, 0.15874150875938506, 0.11762602788702181, 0.15319985698963176, 0.07043260636396138, 0.04397568823739721, 0.03754022166607079, 0.015731140507686807, 0.006435466571326421, 0.010368251698248123, 0.00446907400786557, 0.002860207365033965, 0.000893814801573114, 0.000893814801573114, 0.000893814801573114, 0.0, 0.0, 0.0], [0.0, 0.0, 0.00024746349913387774, 0.00024746349913387774, 0.0017322444939371442, 0.0032170254887404106, 0.0014847809948032665, 0.00544419698094531, 0.011383320960158377, 0.01756990843850532, 0.030685473892600842, 0.04726552833457065, 0.06582529076961148, 0.0923038851769364, 0.11482306359811928, 0.12892848304875032, 0.13066072754268745, 0.09601583766394457, 0.10220242514229151, 0.04553328384063351, 0.029200692897797576, 0.030932937391734718, 0.014105419450631032, 0.0066815144766146995, 0.012373174956693888, 0.00544419698094531, 0.0022271714922048997, 0.002722098490472655, 0.0004949269982677555, 0.00024746349913387774, 0.0, 0.0, 0.0], [0.00018338529249954154, 0.0, 0.0005501558774986246, 0.0012836970474967907, 0.0005501558774986246, 0.0014670823399963323, 0.003484320557491289, 0.006968641114982578, 0.0119200440124702, 0.019805611589950485, 0.03172565560242069, 0.0520814230698698, 0.07427104346231432, 0.10177883733724555, 0.12396845772969008, 0.12836970474967907, 0.13607188703465983, 0.07940583165230149, 0.11314872547221713, 0.04052814964239868, 0.0238400880249404, 0.02273977626994315, 0.010269576379974325, 0.00476801760498808, 0.005134788189987163, 0.0018338529249954153, 0.0009169264624977076, 0.0012836970474967907, 0.0012836970474967907, 0.00036677058499908307, 0.0, 0.0, 0.0], [0.0, 0.0, 0.0001244090569793481, 0.0002488181139586962, 0.0003732271709380443, 0.0001244090569793481, 0.0008708633988554367, 0.0018661358546902215, 0.002736999253545658, 0.006220452848967405, 0.012316496640955462, 0.014555859666583727, 0.02761881064941528, 0.03396367255536203, 0.1455585966658373, 0.15687982085095795, 0.17379945260014928, 0.11221696939537198, 0.17578999751181887, 0.04764866882309032, 0.02537944762378701, 0.02873849216222941, 0.010201542672306545, 0.006344861905946753, 0.008708633988554367, 0.0031102264244837023, 0.001244090569793481, 0.0009952724558347848, 0.0018661358546902215, 0.0004976362279173924, 0.0, 0.0, 0.0], [0.0, 0.0, 0.0, 0.006211180124223602, 0.006211180124223602, 0.006211180124223602, 0.0, 0.018633540372670808, 0.049689440993788817, 0.09316770186335403, 0.062111801242236024, 0.08074534161490683, 0.07453416149068323, 0.062111801242236024, 0.043478260869565216, 0.12422360248447205, 0.08695652173913043, 0.08695652173913043, 0.037267080745341616, 0.043478260869565216, 0.049689440993788817, 0.012422360248447204, 0.031055900621118012, 0.0, 0.006211180124223602, 0.006211180124223602, 0.0, 0.012422360248447204, 0.0, 0.0, 0.0, 0.0, 0.0], [0.00022040996253030638, 0.00011020498126515319, 0.0, 0.0, 0.0, 0.00011020498126515319, 0.00022040996253030638, 0.0009918448313863788, 0.0023143046065682168, 0.00451840423187128, 0.007493938726030417, 0.01002865329512894, 0.02215120123429579, 0.029975754904121667, 0.05168613621335685, 0.15979722283447212, 0.22625082653735948, 0.14888692968922196, 0.15428697377121445, 0.06524134890897068, 0.03802071853647785, 0.03757989861141724, 0.013665417676878995, 0.006832708838439497, 0.01102049812651532, 0.003967379325545515, 0.0018734846815076042, 0.002204099625303064, 0.000551024906325766, 0.0, 0.0, 0.0, 0.0], [0.0, 0.0, 0.0, 0.00011916110581506196, 0.0, 0.00011916110581506196, 0.0009532888465204957, 0.0003574833174451859, 0.0011916110581506197, 0.0022640610104861774, 0.004528122020972355, 0.00667302192564347, 0.011439466158245948, 0.016205910390848427, 0.027764537654909438, 0.10283603431839848, 0.1880362249761678, 0.1515729265967588, 0.21186844613918018, 0.09223069590085796, 0.058984747378455674, 0.05791229742612011, 0.020376549094375595, 0.011081982840800763, 0.019542421353670163, 0.007268827454718779, 0.003455672068636797, 0.0009532888465204957, 0.0015490943755958055, 0.00023832221163012392, 0.00047664442326024784, 0.0, 0.0], [0.0001957905041605482, 9.78952520802741e-05, 0.0, 0.0001957905041605482, 0.0001957905041605482, 0.0005873715124816446, 0.0007831620166421928, 0.001860009789525208, 0.002936857562408223, 0.005580029368575624, 0.010083210964268233, 0.013411649534997553, 0.017523250122369063, 0.0245717082721488, 0.03406754772393539, 0.1406754772393539, 0.16798825256975036, 0.13920704845814977, 0.1894273127753304, 0.08536465981399902, 0.0513950073421439, 0.057562408223201175, 0.021536955457660302, 0.011257953989231522, 0.01478218306412139, 0.004503181595692609, 0.0023494860499265785, 0.0014684287812041115, 0.0003915810083210964, 0.0, 0.0, 0.0, 0.0], [0.0, 0.0, 0.0, 0.0014367816091954023, 0.0014367816091954023, 0.0, 0.0, 0.007183908045977011, 0.007183908045977011, 0.005747126436781609, 0.01293103448275862, 0.02586206896551724, 0.04310344827586207, 0.08620689655172414, 0.1221264367816092, 0.17385057471264367, 0.17385057471264367, 0.1235632183908046, 0.1221264367816092, 0.04885057471264368, 0.022988505747126436, 0.01293103448275862, 0.0014367816091954023, 0.007183908045977011, 0.0, 0.0, 0.0, 0.0, 0.0, 0.0, 0.0, 0.0, 0.0], [0.0, 0.0, 0.0, 9.065361254645998e-05, 0.0, 9.065361254645998e-05, 0.0002719608376393799, 0.0007252289003716798, 0.0016317650258362796, 0.004895295077508839, 0.007342942616263258, 0.012510198531411477, 0.021394252560964555, 0.027558698214123833, 0.04070347203336053, 0.04877164354999547, 0.0881153113951591, 0.16689330069803282, 0.28329253920768743, 0.09690871181216572, 0.058743540930106065, 0.07669295621430514, 0.020487716435499955, 0.010153204605203517, 0.020125101985314114, 0.005348563140241139, 0.0024476475387544194, 0.0023569939262079592, 0.0022663403136614995, 0.00018130722509291996, 0.0, 0.0, 0.0], [9.880446596186147e-05, 9.880446596186147e-05, 9.880446596186147e-05, 0.0, 0.0003952178638474459, 0.0003952178638474459, 0.00029641339788558443, 0.0009880446596186147, 0.0010868491255804763, 0.005236636695978659, 0.009485228732338702, 0.019069261930639264, 0.03280308269933801, 0.044560814148799525, 0.06530975200079044, 0.07696867898429009, 0.09653196324473866, 0.20729176958798537, 0.2298191878272898, 0.09139413101472187, 0.045845272206303724, 0.04149787570398182, 0.01472186542831736, 0.006323485821559134, 0.004149787570398182, 0.0017784803873135066, 0.0033593518427032904, 0.0003952178638474459, 0.0, 0.0, 0.0, 0.0, 0.0], [0.0, 0.0001048327916972429, 0.0, 0.0001048327916972429, 0.0001048327916972429, 0.0005241639584862145, 0.0007338295418807003, 0.0016773246671558863, 0.0023063214173393437, 0.004507810042981445, 0.008386623335779431, 0.013733095712338819, 0.04948107768109865, 0.08218890869063843, 0.11101792640738023, 0.13984694412412202, 0.15903134500471747, 0.11667889715903135, 0.1382744522486634, 0.06541566201907957, 0.039417129678163326, 0.03407065730160394, 0.014781423629311249, 0.006499633085229059, 0.005870636335045603, 0.0025159870007338296, 0.0012579935003669148, 0.0014676590837614007, 0.0, 0.0, 0.0, 0.0, 0.0], [0.0, 0.0, 0.0, 0.0, 0.00023573785950023574, 0.0, 0.0008250825082508251, 0.0023573785950023575, 0.004832626119754832, 0.007779349363507779, 0.016383781235266383, 0.025106082036775106, 0.04184347006129184, 0.06671381423856672, 0.10313531353135313, 0.12576614804337577, 0.152993870815653, 0.09806694955209806, 0.16713814238566713, 0.05975954738330976, 0.037246581801037244, 0.039132484677039135, 0.0165016501650165, 0.006600660066006601, 0.01272984441301273, 0.0049504950495049506, 0.004007543611504008, 0.0024752475247524753, 0.002003771805752004, 0.0004714757190004715, 0.000942951438000943, 0.0, 0.0], [0.0, 0.00017176228100309173, 0.00017176228100309173, 0.00034352456200618345, 0.0010305736860185502, 0.0010305736860185502, 0.0017176228100309172, 0.002576434215046376, 0.0056681552731020265, 0.017863277224321537, 0.04225352112676056, 0.059429749227069735, 0.0788388869804191, 0.10425970456887668, 0.12590175197526624, 0.11834421161113019, 0.14651322569563724, 0.07763655101339746, 0.11490896599106837, 0.029714874613534868, 0.023874957059429748, 0.02095499828237719, 0.008416351769151495, 0.004465819306080384, 0.007557540364136035, 0.0020611473720371005, 0.0020611473720371005, 0.00034352456200618345, 0.0010305736860185502, 0.0008588114050154586, 0.0, 0.0, 0.0], [0.0, 0.0, 0.0, 0.0007249879168680521, 0.0009666505558240696, 0.0021749637506041568, 0.0038666022232962784, 0.007008216529724505, 0.013533107781536975, 0.015224746254229097, 0.026341227646205896, 0.04277428709521508, 0.0541324311261479, 0.08216529724504591, 0.12373127114548091, 0.13146447559207347, 0.14910584823586273, 0.09642339294345094, 0.10995650072498792, 0.04833252779120348, 0.027791203479942, 0.02247462542290962, 0.012324794586756888, 0.009424842919284679, 0.008458192363460609, 0.003141614306428226, 0.0026582890285161915, 0.0033832769453842437, 0.0014499758337361043, 0.0009666505558240696, 0.0, 0.0, 0.0], [0.00022348865795060902, 0.0, 0.0, 0.0, 0.00044697731590121804, 0.00044697731590121804, 0.0016761649346295675, 0.0034640741982344394, 0.004916750474913398, 0.009498267962900884, 0.017432115320147504, 0.04123365739188736, 0.08470220136328081, 0.11956643200357582, 0.14716728126047604, 0.15074309978768577, 0.13833947927142698, 0.08067940552016985, 0.09576488993183596, 0.03419376466644318, 0.02078444518940664, 0.024136775058665773, 0.00893954631802436, 0.00446977315901218, 0.007151637054419489, 0.00223488657950609, 0.0005587216448765225, 0.0008939546318024361, 0.00011174432897530451, 0.00022348865795060902, 0.0, 0.0, 0.0], [0.0, 0.0, 0.0, 0.00028169014084507044, 0.00014084507042253522, 0.00014084507042253522, 0.0014084507042253522, 0.00042253521126760566, 0.002112676056338028, 0.004647887323943662, 0.007746478873239437, 0.009295774647887323, 0.014647887323943662, 0.061549295774647884, 0.11422535211267605, 0.13859154929577464, 0.17309859154929577, 0.1108450704225352, 0.1667605633802817, 0.059154929577464786, 0.0376056338028169, 0.04084507042253521, 0.01887323943661972, 0.007887323943661971, 0.014788732394366197, 0.004929577464788733, 0.0050704225352112674, 0.0022535211267605635, 0.0018309859154929577, 0.0005633802816901409, 0.00028169014084507044, 0.0, 0.0], [0.0, 0.0, 0.00017211703958691912, 0.00034423407917383823, 0.0010327022375215145, 0.001376936316695353, 0.002237521514629948, 0.004647160068846815, 0.00774526678141136, 0.018244406196213425, 0.030292598967297763, 0.04165232358003442, 0.06798623063683305, 0.09122203098106713, 0.1172117039586919, 0.13184165232358003, 0.1459552495697074, 0.08932874354561102, 0.12392426850258176, 0.04475043029259897, 0.027538726333907058, 0.021686746987951807, 0.010327022375215147, 0.004475043029259896, 0.005679862306368331, 0.0012048192771084338, 0.0024096385542168677, 0.003958691910499139, 0.0025817555938037868, 0.00017211703958691912, 0.0, 0.0, 0.0], [0.00011697274535033338, 0.0, 0.0, 0.0, 0.00011697274535033338, 0.0010527547081530004, 0.0007018364721020002, 0.0023394549070066676, 0.002807345888408001, 0.005731664522166335, 0.013919756696689671, 0.021756930635162007, 0.03532576909580068, 0.04246110656217102, 0.05895426365656802, 0.11685577260498303, 0.20973213241314773, 0.14949116855772604, 0.16001871563925604, 0.0714703474090537, 0.04444964323312668, 0.03310328693414435, 0.013568838460638671, 0.0054977190314656685, 0.005614691776816002, 0.0019885366709556673, 0.0023394549070066676, 0.0004678909814013335, 0.00011697274535033338, 0.0, 0.0, 0.0, 0.0], [0.0, 0.0, 0.0, 0.00014734050390452334, 0.00014734050390452334, 0.0004420215117135701, 0.0005893620156180934, 0.0016207455429497568, 0.0026521290702814205, 0.0055989391483718875, 0.023427140120819215, 0.03270959186680419, 0.0674819507882717, 0.0959186680418447, 0.13201709149845292, 0.14557241785766908, 0.15632827464269927, 0.1034330337409754, 0.11124208044791513, 0.04302342714012082, 0.026079269191100634, 0.020775011050537792, 0.009871813761603065, 0.004714896124944747, 0.008103727714748784, 0.0026521290702814205, 0.0026521290702814205, 0.0011787240312361867, 0.0014734050390452335, 0.0, 0.00014734050390452334, 0.0, 0.0], [0.0, 0.0, 0.0, 0.00015444015444015445, 0.0, 0.0006177606177606178, 0.0009266409266409266, 0.0009266409266409266, 0.0023166023166023165, 0.002007722007722008, 0.005250965250965251, 0.010965250965250965, 0.03984555984555985, 0.06393822393822393, 0.09204633204633204, 0.11752895752895753, 0.15567567567567567, 0.10996138996138996, 0.17945945945945946, 0.07057915057915058, 0.041544401544401546, 0.046177606177606176, 0.020386100386100385, 0.011274131274131275, 0.015907335907335906, 0.006332046332046332, 0.0027799227799227798, 0.0007722007722007722, 0.0023166023166023165, 0.0003088803088803089, 0.0, 0.0, 0.0], [0.0, 0.0, 0.00011555350127108852, 0.0, 0.00023110700254217703, 0.00034666050381326557, 0.00034666050381326557, 0.0012710885139819736, 0.0011555350127108851, 0.003813265541945921, 0.0067021030737231336, 0.016061936676681304, 0.026808412294892534, 0.04495031199445343, 0.055581234111393575, 0.15842385024266234, 0.1811878899930668, 0.109660272706263, 0.1810723364917957, 0.06459440721053848, 0.04367922348047146, 0.04009706494106771, 0.023804021261844235, 0.012017564132193206, 0.016408597180494568, 0.004506586549572452, 0.00311994453431939, 0.0020799630228795934, 0.0010399815114397967, 0.0009244280101687081, 0.0, 0.0, 0.0], [0.0, 0.0, 0.0, 0.0, 9.391435011269723e-05, 9.391435011269723e-05, 9.391435011269723e-05, 0.0008452291510142749, 0.0017843726521412473, 0.004789631855747558, 0.00910969196093163, 0.01652892561983471, 0.028456048084147256, 0.03615702479338843, 0.054564237415477085, 0.059072126220886555, 0.07193839218632607, 0.07691585274229902, 0.3272915101427498, 0.1148572501878287, 0.06508264462809918, 0.07250187828700225, 0.018313298271975958, 0.009015777610818933, 0.019722013523666416, 0.00507137490608565, 0.003005259203606311, 0.002441773102930128, 0.0017843726521412473, 0.0004695717505634861, 0.0, 0.0, 0.0], [0.0, 0.0, 0.0, 0.0, 0.0, 0.00010013016921998598, 0.0006007810153199159, 0.0030039050765995794, 0.005306898968659257, 0.009812756583558626, 0.018023430459597478, 0.03364373685791529, 0.05036547511765295, 0.07720036046860919, 0.11404826274156403, 0.13587663963152097, 0.17312506258135577, 0.10974266546510464, 0.15520176229097826, 0.04776209071793331, 0.024632021628116552, 0.02613397416641634, 0.007109242014619005, 0.0033042955842595375, 0.0026033843997196357, 0.0009011715229798738, 0.0006007810153199159, 0.0006007810153199159, 0.00030039050765995795, 0.0, 0.0, 0.0, 0.0], [0.0, 0.002976190476190476, 0.0, 0.002976190476190476, 0.005952380952380952, 0.020833333333333332, 0.020833333333333332, 0.03869047619047619, 0.08333333333333333, 0.05952380952380952, 0.050595238095238096, 0.07738095238095238, 0.08035714285714286, 0.11904761904761904, 0.125, 0.10714285714285714, 0.07738095238095238, 0.047619047619047616, 0.03869047619047619, 0.01488095238095238, 0.011904761904761904, 0.008928571428571428, 0.0, 0.005952380952380952, 0.0, 0.0, 0.0, 0.0, 0.0, 0.0, 0.0, 0.0, 0.0]]}, "ranks": {"labels": ["Unranked", "Combatatent I", "Combatatent II", "Challenger I", "Challenger II", "Rival I", "Rival II", "Duelist", "Elite"], "data": [[0.130374479889043, 0.18307905686546463, 0.2510402219140083, 0.2302357836338419, 0.10957004160887657, 0.05825242718446602, 0.019417475728155338, 0.018030513176144243, 0.0], [0.06248431618569636, 0.09284818067754078, 0.17641154328732747, 0.2659974905897114, 0.22760351317440403, 0.12421580928481807, 0.03136762860727729, 0.013550815558343789, 0.005520702634880803], [0.007576654433526696, 0.012430448680004735, 0.03125369953829762, 0.06416479223392921, 0.24955605540428555, 0.41553214158872975, 0.09222209068308275, 0.09435302474251213, 0.03291109269563158], [0.01523897483260217, 0.024705610713461095, 0.05506811359963057, 0.09408912491341491, 0.11475409836065574, 0.34945740013853616, 0.1600092357423228, 0.1428076656661279, 0.043869776033248674], [0.18041237113402062, 0.16494845360824742, 0.22164948453608246, 0.1958762886597938, 0.10824742268041238, 0.08762886597938144, 0.03608247422680412, 0.005154639175257732, 0.0], [0.0073467674223341725, 0.01857682619647355, 0.08910579345088161, 0.2695214105793451, 0.2884130982367758, 0.18198992443324938, 0.05782955499580185, 0.06381192275398824, 0.023404701931150292], [0.08177617038376532, 0.11834438416716898, 0.20614828209764918, 0.24211372312638135, 0.18685955394816153, 0.0906168374522805, 0.02853124372111714, 0.029736789230460116, 0.015873015873015872], [0.2695417789757412, 0.24528301886792453, 0.21024258760107817, 0.14016172506738545, 0.0646900269541779, 0.04043126684636118, 0.026954177897574125, 0.0026954177897574125, 0.0], [0.032811021137869385, 0.06015353875276054, 0.08770638342622779, 0.12535492691134714, 0.3350510043117047, 0.18130192449258598, 0.071090545798717, 0.07740035755599958, 0.029130297612787886], [0.01557632398753894, 0.02881619937694704, 0.05957943925233645, 0.139797507788162, 0.1923676012461059, 0.21144859813084113, 0.10864485981308411, 0.15771028037383178, 0.08605919003115264], [0.030463109702412398, 0.051241415742208134, 0.11797851734460292, 0.22644831836590948, 0.24969184715618947, 0.18066561014263074, 0.06233491811938722, 0.05828490931502025, 0.022891354111639374], [0.08046622665355989, 0.13284651032158404, 0.21541918269905913, 0.26077798062069935, 0.16500491504002246, 0.07653419463558489, 0.031175396713944672, 0.027664653840752704, 0.010110939474792866], [0.014175420832805975, 0.03290722693329958, 0.061637767371218836, 0.09353246424503227, 0.3780534109606379, 0.2573092013669156, 0.07138336919377294, 0.06885204404505758, 0.022149095051259334], [0.017696399345335515, 0.035085924713584286, 0.0888911620294599, 0.28754091653027825, 0.2796644844517185, 0.16724631751227495, 0.05462356792144026, 0.05104337152209493, 0.01820785597381342], [0.01465856274579907, 0.03932785126921702, 0.10940293171254915, 0.2125491598140865, 0.27636753664640684, 0.1919914193779049, 0.07561673221308544, 0.05970682874508402, 0.020378977475867], [0.04132640435535759, 0.0779510022271715, 0.15812917594654788, 0.2437515466468696, 0.226676565206632, 0.12719623855481316, 0.04974016332590943, 0.051719871318980454, 0.023509032417718387], [0.04621309370988447, 0.08380707867229048, 0.17604988079955988, 0.25233816247936913, 0.2154777186869613, 0.13790573995965524, 0.03961122317990097, 0.03777737025490556, 0.010819732257472951], [0.012565314754914158, 0.02687235630753919, 0.06158248320477731, 0.30243841751679523, 0.2860164219955213, 0.20315999004727545, 0.04565812391142075, 0.04528489674048271, 0.01642199552127395], [0.18012422360248448, 0.14285714285714285, 0.13664596273291926, 0.16770186335403728, 0.17391304347826086, 0.055900621118012424, 0.07453416149068323, 0.043478260869565216, 0.024844720496894408], [0.008485783557416795, 0.017522592021159356, 0.05212695613841745, 0.21148335904782897, 0.37513775622658146, 0.19285871721401807, 0.06469032400264492, 0.05807802512673573, 0.019616486665197268], [0.005004766444232603, 0.011201143946615824, 0.027645376549094377, 0.1306005719733079, 0.3396091515729266, 0.2628693994280267, 0.10021448999046711, 0.08937082936129648, 0.033484270734032415], [0.012432697014194811, 0.023494860499265784, 0.042094958394517865, 0.17474302496328928, 0.30719530102790016, 0.23651492902594223, 0.08967205090553108, 0.090357317670093, 0.023494860499265784], [0.022988505747126436, 0.03879310344827586, 0.12931034482758622, 0.2959770114942529, 0.2974137931034483, 0.15086206896551724, 0.04310344827586207, 0.021551724137931036, 0.0], [0.007705557066449098, 0.019853141147674735, 0.048952950775088384, 0.089475115583356, 0.2550086120931919, 0.34004170066177136, 0.09890309128818783, 0.1073338772550086, 0.03272595412927205], [0.00869479300464381, 0.028554490662977966, 0.07736389684813753, 0.14227843098508053, 0.303823732832724, 0.2808022922636103, 0.08625629878470507, 0.06254322695385832, 0.009682837664262424], [0.010063948002935318, 0.022119719048118252, 0.13166998637173707, 0.25086487053150225, 0.27571024216374884, 0.17538526050948736, 0.06772198343641891, 0.05535171401614425, 0.011112275919907747], [0.01603017444601603, 0.04148986327204149, 0.10855728429985856, 0.2289014615747289, 0.25106082036775107, 0.19825553983969826, 0.06588873173031588, 0.06223479490806223, 0.027581329561527583], [0.030573686018550327, 0.1016832703538303, 0.18309859154929578, 0.24424596358639641, 0.2241497767090347, 0.13105462040535898, 0.037444177258673994, 0.03383716935760907, 0.01391274476125043], [0.04349927501208313, 0.06911551474142098, 0.1362977283711938, 0.25519574673755435, 0.24552924117931368, 0.13726437892701787, 0.04881585306911552, 0.04422426292895119, 0.020057999033349445], [0.020672700860431333, 0.05866577271203487, 0.20426863336685663, 0.2979103810481618, 0.2190188847915968, 0.11442619287071182, 0.036316906916973965, 0.03754609453570231, 0.01117443289753045], [0.009154929577464789, 0.01704225352112676, 0.07619718309859155, 0.2528169014084507, 0.28394366197183096, 0.19859154929577466, 0.06492957746478874, 0.0676056338028169, 0.02971830985915493], [0.03580034423407917, 0.07194492254733219, 0.15920826161790017, 0.24905335628227193, 0.23528399311531842, 0.15008605851979345, 0.04612736660929432, 0.03648881239242685, 0.016006884681583476], [0.01286700198853667, 0.03567668733185168, 0.0777868756579717, 0.17581003626155106, 0.3592233009708738, 0.19920458533161772, 0.0767341209498187, 0.05216984442624868, 0.010527547081530003], [0.011197878296743775, 0.056136731987623395, 0.1634006188301164, 0.277589509356122, 0.25976130838367467, 0.13511124208044792, 0.04523353469868867, 0.0353617209370856, 0.01620745542949757], [0.0069498069498069494, 0.016216216216216217, 0.10378378378378378, 0.20957528957528956, 0.26563706563706563, 0.21760617760617762, 0.07397683397683398, 0.07783783783783783, 0.028416988416988417], [0.007279870580078576, 0.022764039750404436, 0.07175872428934597, 0.21400508435405594, 0.2908481626993298, 0.2162006008782066, 0.07314536630459903, 0.07591865033510516, 0.02807950080887451], [0.007700976709241172, 0.02563861758076634, 0.06461307287753569, 0.11363636363636363, 0.1488542449286251, 0.3910593538692712, 0.11617205108940647, 0.09983095416979715, 0.03249436513899324], [0.018824471813357363, 0.051667167317512766, 0.12756583558626214, 0.249924902373085, 0.2828677280464604, 0.1827375588264744, 0.04485831581055372, 0.03654751176529488, 0.005006508460999299], [0.23511904761904762, 0.12797619047619047, 0.19940476190476192, 0.23214285714285715, 0.125, 0.041666666666666664, 0.023809523809523808, 0.01488095238095238, 0.0]]}, "ranksDetailed": {"labels": ["Unranked", "Combatatant", "Challenger", "Rival", "Duelist", "Elite"], "data": [[0.130374479889043, 0.43411927877947293, 0.33980582524271846, 0.07766990291262135, 0.018030513176144243, 0.0], [0.06248431618569636, 0.26925972396486825, 0.4936010037641154, 0.15558343789209536, 0.013550815558343789, 0.005520702634880803], [0.007576654433526696, 0.043684148218302354, 0.31372084763821473, 0.5077542322718125, 0.09435302474251213, 0.03291109269563158], [0.01523897483260217, 0.07977372431309167, 0.20884322327407065, 0.5094666358808589, 0.1428076656661279, 0.043869776033248674], [0.18041237113402062, 0.3865979381443299, 0.30412371134020616, 0.12371134020618557, 0.005154639175257732, 0.0], [0.0073467674223341725, 0.10768261964735516, 0.5579345088161209, 0.2398194794290512, 0.06381192275398824, 0.023404701931150292], [0.08177617038376532, 0.32449266626481815, 0.4289732770745429, 0.11914808117339763, 0.029736789230460116, 0.015873015873015872], [0.2695417789757412, 0.4555256064690027, 0.20485175202156333, 0.0673854447439353, 0.0026954177897574125, 0.0], [0.032811021137869385, 0.14785992217898833, 0.46040593122305185, 0.25239247029130296, 0.07740035755599958, 0.029130297612787886], [0.01557632398753894, 0.08839563862928349, 0.33216510903426794, 0.32009345794392524, 0.15771028037383178, 0.08605919003115264], [0.030463109702412398, 0.16921993308681105, 0.476140165522099, 0.24300052826201796, 0.05828490931502025, 0.022891354111639374], [0.08046622665355989, 0.34826569302064314, 0.4257828956607218, 0.10770959134952957, 0.027664653840752704, 0.010110939474792866], [0.014175420832805975, 0.09454499430451842, 0.4715858752056702, 0.3286925705606885, 0.06885204404505758, 0.022149095051259334], [0.017696399345335515, 0.1239770867430442, 0.5672054009819967, 0.22186988543371522, 0.05104337152209493, 0.01820785597381342], [0.01465856274579907, 0.14873078298176617, 0.4889166964604934, 0.26760815159099033, 0.05970682874508402, 0.020378977475867], [0.04132640435535759, 0.23608017817371937, 0.4704281118535016, 0.1769364018807226, 0.051719871318980454, 0.023509032417718387], [0.04621309370988447, 0.25985695947185034, 0.46781588116633044, 0.1775169631395562, 0.03777737025490556, 0.010819732257472951], [0.012565314754914158, 0.0884548395123165, 0.5884548395123165, 0.24881811395869619, 0.04528489674048271, 0.01642199552127395], [0.18012422360248448, 0.2795031055900621, 0.3416149068322981, 0.13043478260869565, 0.043478260869565216, 0.024844720496894408], [0.008485783557416795, 0.06964954815957682, 0.5866211152744104, 0.257549041216663, 0.05807802512673573, 0.019616486665197268], [0.005004766444232603, 0.0388465204957102, 0.4702097235462345, 0.3630838894184938, 0.08937082936129648, 0.033484270734032415], [0.012432697014194811, 0.06558981889378365, 0.4819383259911894, 0.32618697993147333, 0.090357317670093, 0.023494860499265784], [0.022988505747126436, 0.16810344827586207, 0.5933908045977011, 0.1939655172413793, 0.021551724137931036, 0.0], [0.007705557066449098, 0.06880609192276312, 0.3444837276765479, 0.4389447919499592, 0.1073338772550086, 0.03272595412927205], [0.00869479300464381, 0.1059183875111155, 0.44610216381780454, 0.3670585910483154, 0.06254322695385832, 0.009682837664262424], [0.010063948002935318, 0.15378970541985534, 0.526575112695251, 0.24310724394590627, 0.05535171401614425, 0.011112275919907747], [0.01603017444601603, 0.15004714757190005, 0.47996228194248, 0.26414427157001413, 0.06223479490806223, 0.027581329561527583], [0.030573686018550327, 0.2847818619031261, 0.46839574029543113, 0.16849879766403297, 0.03383716935760907, 0.01391274476125043], [0.04349927501208313, 0.2054132431126148, 0.500724987916868, 0.1860802319961334, 0.04422426292895119, 0.020057999033349445], [0.020672700860431333, 0.2629344060788915, 0.5169292658397586, 0.15074309978768577, 0.03754609453570231, 0.01117443289753045], [0.009154929577464789, 0.09323943661971831, 0.5367605633802817, 0.2635211267605634, 0.0676056338028169, 0.02971830985915493], [0.03580034423407917, 0.23115318416523237, 0.4843373493975904, 0.1962134251290878, 0.03648881239242685, 0.016006884681583476], [0.01286700198853667, 0.11346356298982337, 0.5350333372324249, 0.2759387062814364, 0.05216984442624868, 0.010527547081530003], [0.011197878296743775, 0.21953735081773978, 0.5373508177397966, 0.18034477677913657, 0.0353617209370856, 0.01620745542949757], [0.0069498069498069494, 0.12, 0.4752123552123552, 0.2915830115830116, 0.07783783783783783, 0.028416988416988417], [0.007279870580078576, 0.0945227640397504, 0.5048532470533857, 0.28934596718280564, 0.07591865033510516, 0.02807950080887451], [0.007700976709241172, 0.09025169045830203, 0.26249060856498874, 0.5072314049586777, 0.09983095416979715, 0.03249436513899324], [0.018824471813357363, 0.17923300290377492, 0.5327926304195454, 0.22759587463702813, 0.03654751176529488, 0.005006508460999299], [0.23511904761904762, 0.3273809523809524, 0.35714285714285715, 0.06547619047619048, 0.01488095238095238, 0.0]]}}}, "eu": {"histType": {"histogram": {"labels": ["0", "100", "200", "300", "400", "500", "600", "700", "800", "900", "1000", "1100", "1200", "1300", "1400", "1500", "1600", "1700", "1800", "1900", "2000", "2100", "2200", "2300", "2400", "2500", "2600", "2700", "2800", "2900", "3000", "3100", "3200"], "data": [[0.0, 0.0, 0.0018315018315018315, 0.0, 0.0018315018315018315, 0.007326007326007326, 0.01282051282051282, 0.02564102564102564, 0.04945054945054945, 0.07692307692307693, 0.07692307692307693, 0.10805860805860806, 0.10073260073260074, 0.11904761904761904, 0.1391941391941392, 0.09340659340659341, 0.0641025641025641, 0.040293040293040296, 0.0347985347985348, 0.018315018315018316, 0.01282051282051282, 0.005494505494505495, 0.003663003663003663, 0.007326007326007326, 0.0, 0.0, 0.0, 0.0, 0.0, 0.0, 0.0, 0.0, 0.0], [0.0, 0.0002771618625277162, 0.0008314855875831486, 0.0011086474501108647, 0.0016629711751662971, 0.003880266075388027, 0.006929046563192905, 0.010809312638580931, 0.019401330376940133, 0.03436807095343681, 0.04490022172949002, 0.06208425720620843, 0.08176274944567627, 0.10421286031042129, 0.1352549889135255, 0.13137472283813748, 0.14079822616407983, 0.06818181818181818, 0.09506651884700665, 0.024390243902439025, 0.012195121951219513, 0.009700665188470067, 0.0041574279379157425, 0.002771618625277162, 0.0022172949002217295, 0.0011086474501108647, 0.0005543237250554324, 0.0, 0.0, 0.0, 0.0, 0.0, 0.0], [0.0, 0.0, 0.0, 0.00011954572624028691, 0.00011954572624028691, 0.00011954572624028691, 0.0, 0.0007172743574417215, 0.0019127316198445906, 0.002630005977286312, 0.005857740585774059, 0.009563658099222952, 0.011954572624028692, 0.015301852958756725, 0.02546323968918111, 0.035026897788404066, 0.17943813508667064, 0.15397489539748954, 0.32540346682606097, 0.08021518230723251, 0.052121936640765094, 0.052241482367005376, 0.018410041841004185, 0.007890017931858936, 0.011715481171548118, 0.005140466228332337, 0.0019127316198445906, 0.0022713687985654514, 0.00023909145248057382, 0.00023909145248057382, 0.0, 0.0, 0.0], [0.0, 0.0, 0.0, 0.00011072970878086591, 0.00011072970878086591, 0.00022145941756173182, 0.0007751079614660613, 0.0021038644668364523, 0.00243605359317905, 0.005868674565385893, 0.011737349130771787, 0.017163104861034215, 0.020706455542021926, 0.02646440039862695, 0.04296312700697597, 0.05381463846750083, 0.07618203964123574, 0.051489314583102644, 0.27516332632045176, 0.1474919720961134, 0.09234857712324217, 0.08791938877200753, 0.030672129332299857, 0.013287565053703909, 0.023585427970324438, 0.00786180932344148, 0.004318458642453771, 0.0015502159229321226, 0.003432620972206843, 0.00022145941756173182, 0.0, 0.0, 0.0], [0.0, 0.0, 0.0, 0.0, 0.0, 0.021164021164021163, 0.026455026455026454, 0.05291005291005291, 0.06349206349206349, 0.047619047619047616, 0.07407407407407407, 0.07936507936507936, 0.06349206349206349, 0.1164021164021164, 0.08994708994708994, 0.14814814814814814, 0.031746031746031744, 0.06349206349206349, 0.031746031746031744, 0.05291005291005291, 0.015873015873015872, 0.005291005291005291, 0.0, 0.005291005291005291, 0.010582010582010581, 0.0, 0.0, 0.0, 0.0, 0.0, 0.0, 0.0, 0.0], [0.0, 0.00010436234606553955, 0.00010436234606553955, 0.0002087246921310791, 0.00031308703819661864, 0.00010436234606553955, 0.0002087246921310791, 0.001147985806720935, 0.001878522229179712, 0.0038614068044249637, 0.007827175954915467, 0.01179294510540597, 0.018472135253600502, 0.08933416823210186, 0.1279482362763515, 0.1369233980379879, 0.16197036109371737, 0.11125026090586516, 0.1509079524107702, 0.056355666875391355, 0.03673554581506992, 0.04017950323523273, 0.01492381548