{"region": {"us": {"histType": {"histogram": {"labels": ["0", "100", "200", "300", "400", "500", "600", "700", "800", "900", "1000", "1100", "1200", "1300", "1400", "1500", "1600", "1700", "1800", "1900", "2000", "2100", "2200", "2300", "2400", "2500", "2600", "2700", "2800", "2900", "3000", "3100"], "data": [[0.0, 0.0, 0.0, 0.007194244604316547, 0.007194244604316547, 0.007194244604316547, 0.02877697841726619, 0.02877697841726619, 0.06474820143884892, 0.050359712230215826, 0.05755395683453238, 0.10071942446043165, 0.10071942446043165, 0.15827338129496402, 0.09352517985611511, 0.08633093525179857, 0.07194244604316546, 0.03597122302158273, 0.02877697841726619, 0.05755395683453238, 0.014388489208633094, 0.0, 0.0, 0.0, 0.0, 0.0, 0.0, 0.0, 0.0, 0.0, 0.0, 0.0], [0.0, 0.0015220700152207, 0.0, 0.00076103500761035, 0.0015220700152207, 0.0015220700152207, 0.0045662100456621, 0.0136986301369863, 0.01750380517503805, 0.0350076103500761, 0.05555555555555555, 0.06621004566210045, 0.09208523592085235, 0.10121765601217655, 0.14535768645357686, 0.1278538812785388, 0.1293759512937595, 0.07077625570776255, 0.07229832572298325, 0.02359208523592085, 0.0121765601217656, 0.01445966514459665, 0.00380517503805175, 0.00228310502283105, 0.0030441400304414, 0.00380517503805175, 0.0, 0.0, 0.0, 0.0, 0.0, 0.0], [0.00023479690068091102, 0.0, 0.00023479690068091102, 0.00023479690068091102, 0.00046959380136182204, 0.000704390702042733, 0.00046959380136182204, 0.0018783752054472881, 0.0075135008217891526, 0.00915707912655553, 0.015261798544259216, 0.02301009626672928, 0.04202864522188307, 0.05494247475933318, 0.07630899272129608, 0.0981451044846208, 0.14463489081944117, 0.10683258980981451, 0.18830711434609063, 0.06456914768725053, 0.044846208030054006, 0.0575252406668232, 0.023949283869452925, 0.009391876027236441, 0.019957736557877435, 0.005165531814980042, 0.004226344212256398, 0.0, 0.0, 0.0, 0.0, 0.0], [0.0, 0.00020157226365652087, 0.0, 0.0, 0.00020157226365652087, 0.0008062890546260835, 0.002620439427534771, 0.004233017536786938, 0.010078613182826043, 0.02297923805684338, 0.03245313444869986, 0.03426728482160855, 0.06591413021568232, 0.08526506752670833, 0.11630719612981254, 0.13646442249546462, 0.16730497883491233, 0.09494053618222133, 0.11731505744809514, 0.04233017536786938, 0.02539810522072163, 0.022576093529530338, 0.008062890546260835, 0.004434589800443459, 0.003829873009473896, 0.0012094335819391251, 0.0008062890546260835, 0.0, 0.0, 0.0, 0.0, 0.0], [0.0, 0.0, 0.0, 0.0, 0.0, 0.0, 0.0, 0.0784313725490196, 0.0784313725490196, 0.09803921568627451, 0.058823529411764705, 0.09803921568627451, 0.0784313725490196, 0.11764705882352941, 0.0196078431372549, 0.0196078431372549, 0.058823529411764705, 0.058823529411764705, 0.058823529411764705, 0.09803921568627451, 0.0392156862745098, 0.0196078431372549, 0.0, 0.0196078431372549, 0.0, 0.0, 0.0, 0.0, 0.0, 0.0, 0.0, 0.0], [0.0, 0.0, 0.0, 0.0, 0.0, 0.0, 0.00035056967572304995, 0.0031551270815074494, 0.0028045574057843996, 0.010867659947414548, 0.016827344434706397, 0.02857142857142857, 0.055740578439964945, 0.08711656441717791, 0.11638913234005259, 0.12936021034180542, 0.15460122699386503, 0.09973707274320771, 0.11761612620508326, 0.05521472392638037, 0.032953549517966696, 0.04329535495179667, 0.016476774758983348, 0.005959684487291849, 0.013146362839614373, 0.005609114811568799, 0.0036809815950920245, 0.0005258545135845749, 0.0, 0.0, 0.0, 0.0], [0.0, 0.0, 0.0009578544061302681, 0.0014367816091954023, 0.0014367816091954023, 0.0023946360153256703, 0.0038314176245210726, 0.01053639846743295, 0.022509578544061302, 0.035440613026819924, 0.05651340996168582, 0.06561302681992337, 0.09291187739463602, 0.11973180076628352, 0.13218390804597702, 0.11494252873563218, 0.11398467432950192, 0.06657088122605365, 0.05890804597701149, 0.02921455938697318, 0.017720306513409962, 0.01867816091954023, 0.008141762452107279, 0.007183908045977011, 0.011015325670498084, 0.006226053639846743, 0.0019157088122605363, 0.0, 0.0, 0.0, 0.0, 0.0], [0.0, 0.0, 0.007692307692307693, 0.015384615384615385, 0.015384615384615385, 0.007692307692307693, 0.03076923076923077, 0.07692307692307693, 0.09230769230769231, 0.12307692307692308, 0.09230769230769231, 0.13846153846153847, 0.13076923076923078, 0.09230769230769231, 0.038461538461538464, 0.038461538461538464, 0.03076923076923077, 0.023076923076923078, 0.023076923076923078, 0.023076923076923078, 0.0, 0.0, 0.0, 0.0, 0.0, 0.0, 0.0, 0.0, 0.0, 0.0, 0.0, 0.0], [0.0003621220351258374, 0.0003621220351258374, 0.0009053050878145935, 0.0007242440702516748, 0.0014484881405033496, 0.003078037298569618, 0.00416440340394713, 0.010320478001086366, 0.01955458989679522, 0.047256925583921784, 0.0706137968495383, 0.0977729494839761, 0.1142495020822017, 0.12185406481984429, 0.1347093970668115, 0.10682600036212203, 0.08600398334238639, 0.049610718812239725, 0.051964512040557666, 0.028245518739815317, 0.01683867463335144, 0.015752308527973928, 0.00977729494839761, 0.0027159152634437804, 0.00416440340394713, 0.0005431830526887561, 0.0001810610175629187, 0.0, 0.0, 0.0, 0.0, 0.0], [0.0, 0.0, 0.000473260766682442, 0.0, 0.001419782300047326, 0.001893043066729768, 0.00473260766682442, 0.005205868433506862, 0.01372456223379082, 0.026502602934216753, 0.03644107903454804, 0.04637955513487932, 0.0743019403691434, 0.09607193563653574, 0.12636062470421203, 0.13156649313771887, 0.16138192143871274, 0.0776147657359205, 0.10506389020350212, 0.03502129673450071, 0.015144344533838144, 0.02082347373402745, 0.008045433033601515, 0.007572172266919072, 0.003786086133459536, 0.000473260766682442, 0.0, 0.0, 0.0, 0.0, 0.0, 0.0], [0.0, 0.0, 0.0010624169986719787, 0.0010624169986719787, 0.0015936254980079682, 0.0029216467463479417, 0.007436918990703851, 0.010358565737051793, 0.018061088977423638, 0.03691899070385126, 0.07357237715803452, 0.08180610889774237, 0.10411686586985391, 0.11367861885790173, 0.1450199203187251, 0.12138114209827357, 0.09800796812749003, 0.05604249667994688, 0.055776892430278883, 0.027091633466135457, 0.015139442231075698, 0.014077025232403718, 0.006905710491367862, 0.003452855245683931, 0.0031872509960159364, 0.0013280212483399733, 0.0, 0.0, 0.0, 0.0, 0.0, 0.0], [0.0, 0.0, 0.0, 0.0, 0.0002544529262086514, 0.0010178117048346056, 0.0030534351145038168, 0.0061068702290076335, 0.010687022900763359, 0.015776081424936386, 0.036132315521628496, 0.05089058524173028, 0.06870229007633588, 0.08473282442748091, 0.138676844783715, 0.12188295165394403, 0.15165394402035623, 0.09287531806615776, 0.11119592875318066, 0.03994910941475827, 0.021628498727735368, 0.022137404580152672, 0.008396946564885497, 0.006870229007633588, 0.004834605597964376, 0.002544529262086514, 0.0, 0.0, 0.0, 0.0, 0.0, 0.0], [0.00022706630336058128, 0.0, 0.0, 0.00045413260672116256, 0.00045413260672116256, 0.0011353315168029065, 0.0027247956403269754, 0.00522252497729337, 0.013396911898274296, 0.03224341507720254, 0.054722979109900094, 0.06017257039055404, 0.08287920072661217, 0.10853769300635786, 0.1396457765667575, 0.12920072661217075, 0.14100817438692098, 0.0765213442325159, 0.07447774750227067, 0.030653950953678476, 0.01725703905540418, 0.013623978201634877, 0.005449591280653951, 0.0036330608537693005, 0.0036330608537693005, 0.0020435967302452314, 0.0006811989100817438, 0.0, 0.0, 0.0, 0.0, 0.0], [0.0, 0.0, 0.0, 0.0, 0.0, 0.0007499062617172854, 0.0, 0.0007499062617172854, 0.0037495313085864268, 0.00862392200974878, 0.01687289088863892, 0.022872140982377203, 0.05174353205849269, 0.07236595425571804, 0.10311211098612673, 0.1308586426696663, 0.17172853393325835, 0.11811023622047244, 0.13348331458567678, 0.06036745406824147, 0.03224596925384327, 0.03712035995500562, 0.014998125234345707, 0.00862392200974878, 0.006374203224596925, 0.0037495313085864268, 0.0014998125234345708, 0.0, 0.0, 0.0, 0.0, 0.0], [0.0, 0.0, 0.0, 0.0, 0.002107481559536354, 0.001053740779768177, 0.0, 0.006322444678609062, 0.009483667017913594, 0.0273972602739726, 0.03582718651211802, 0.06743940990516333, 0.06533192834562697, 0.09905163329820864, 0.10221285563751317, 0.13066385669125394, 0.13171759747102213, 0.09272918861959958, 0.0821917808219178, 0.037934668071654375, 0.02845100105374078, 0.03161222339304531, 0.014752370916754479, 0.008429926238145416, 0.01053740779768177, 0.006322444678609062, 0.008429926238145416, 0.0, 0.0, 0.0, 0.0, 0.0], [0.0003291639236339697, 0.0, 0.0006583278472679394, 0.0003291639236339697, 0.0006583278472679394, 0.0013166556945358788, 0.0032916392363396972, 0.003620803159973667, 0.010862409479921, 0.017445687952600396, 0.03225806451612903, 0.04937458854509546, 0.08294930875576037, 0.09611586570111916, 0.13298222514812377, 0.141211323238973, 0.13396971691902568, 0.08163265306122448, 0.09874917709019092, 0.04180381830151415, 0.020737327188940093, 0.025674786043449638, 0.01020408163265306, 0.004608294930875576, 0.004608294930875576, 0.003620803159973667, 0.0009874917709019092, 0.0, 0.0, 0.0, 0.0, 0.0], [0.0, 0.0, 0.0, 0.0006040471156750226, 0.000906070673512534, 0.0003020235578375113, 0.0033222591362126247, 0.006040471156750227, 0.009664753850800362, 0.019933554817275746, 0.03986710963455149, 0.04953186348535186, 0.07641196013289037, 0.09513742071881606, 0.12503775294472969, 0.13017215342796737, 0.1443672606463304, 0.08788885533071579, 0.10812443370582905, 0.03231652068861371, 0.019027484143763214, 0.023557837511325883, 0.009664753850800362, 0.003926306251887647, 0.008456659619450317, 0.0030202355783751134, 0.002718212020537602, 0.0, 0.0, 0.0, 0.0, 0.0], [0.0, 0.0, 0.0, 0.0, 0.0, 0.0, 0.0, 0.0, 0.02631578947368421, 0.10526315789473684, 0.07894736842105263, 0.05263157894736842, 0.05263157894736842, 0.13157894736842105, 0.10526315789473684, 0.10526315789473684, 0.13157894736842105, 0.02631578947368421, 0.07894736842105263, 0.02631578947368421, 0.05263157894736842, 0.02631578947368421, 0.0, 0.0, 0.0, 0.0, 0.0, 0.0, 0.0, 0.0, 0.0, 0.0], [0.00017041581458759374, 0.00017041581458759374, 0.00017041581458759374, 0.00017041581458759374, 0.00017041581458759374, 0.00017041581458759374, 0.0005112474437627812, 0.0015337423312883436, 0.005112474437627812, 0.009202453987730062, 0.02044989775051125, 0.026755282890252214, 0.05299931833674165, 0.08248125426039536, 0.12048398091342877, 0.1356509884117246, 0.15286298568507156, 0.11025903203817314, 0.10514655760054534, 0.061860940695296525, 0.03715064758009543, 0.04430811179277437, 0.016359918200409, 0.008691206543967281, 0.005112474437627812, 0.002044989775051125, 0.0, 0.0, 0.0, 0.0, 0.0, 0.0], [0.0, 0.0, 0.0, 0.0003048780487804878, 0.0, 0.0003048780487804878, 0.00274390243902439, 0.0012195121951219512, 0.00426829268292683, 0.005182926829268293, 0.01524390243902439, 0.024390243902439025, 0.03597560975609756, 0.0524390243902439, 0.08323170731707318, 0.11189024390243903, 0.15609756097560976, 0.1198170731707317, 0.1521341463414634, 0.06646341463414634, 0.045121951219512194, 0.05579268292682927, 0.02195121951219512, 0.011585365853658536, 0.019817073170731708, 0.008841463414634146, 0.004573170731707317, 0.0006097560975609756, 0.0, 0.0, 0.0, 0.0], [0.00016326530612244898, 0.0, 0.0, 0.00032653061224489796, 0.0004897959183673469, 0.0013061224489795918, 0.0013061224489795918, 0.004081632653061225, 0.006857142857142857, 0.01273469387755102, 0.026285714285714287, 0.03493877551020408, 0.048, 0.07118367346938775, 0.11118367346938776, 0.12130612244897959, 0.14204081632653062, 0.10204081632653061, 0.13355102040816327, 0.06285714285714286, 0.037714285714285714, 0.04130612244897959, 0.016653061224489795, 0.008, 0.012081632653061225, 0.0034285714285714284, 0.00016326530612244898, 0.0, 0.0, 0.0, 0.0, 0.0], [0.0, 0.0, 0.0, 0.0, 0.0, 0.0027472527472527475, 0.0, 0.005494505494505495, 0.008241758241758242, 0.005494505494505495, 0.013736263736263736, 0.04120879120879121, 0.057692307692307696, 0.12637362637362637, 0.15384615384615385, 0.14560439560439561, 0.18681318681318682, 0.11813186813186813, 0.08516483516483517, 0.03571428571428571, 0.013736263736263736, 0.0, 0.0, 0.0, 0.0, 0.0, 0.0, 0.0, 0.0, 0.0, 0.0, 0.0], [0.0, 0.0, 0.0, 0.00012583364791745311, 0.0, 0.00025166729583490623, 0.00025166729583490623, 0.0011325028312570782, 0.0036491757896061406, 0.009437523593808984, 0.015351705045929281, 0.02655089971058261, 0.046306782433622753, 0.061406820183717126, 0.09739524348810873, 0.12608531521328803, 0.1723920976469108, 0.11224361394236819, 0.15930539826349566, 0.06253932301497421, 0.03561092236063924, 0.04114760286900717, 0.011954196552158047, 0.005033345916698125, 0.008305020762551907, 0.0025166729583490626, 0.001006669183339625, 0.0, 0.0, 0.0, 0.0, 0.0], [0.00010924186148131964, 0.00010924186148131964, 0.00021848372296263927, 0.00010924186148131964, 0.0006554511688879179, 0.0010924186148131964, 0.00043696744592527855, 0.0017478697837011142, 0.001857111645182434, 0.009504041948874808, 0.014092200131090233, 0.034411186366615686, 0.06434345641249727, 0.09733449857985581, 0.14201441992571553, 0.1746777365086301, 0.17729954118418179, 0.10268734979244046, 0.0978807078872624, 0.03965479571771903, 0.01878960017478698, 0.013327507100720996, 0.004041948874808827, 0.001857111645182434, 0.0014201441992571554, 0.00032772558444395895, 0.0, 0.0, 0.0, 0.0, 0.0, 0.0], [0.0, 0.00024003840614498319, 0.0, 0.00024003840614498319, 0.00048007681228996637, 0.0014402304368698992, 0.0019203072491598655, 0.004080652904464715, 0.007441190590494479, 0.014402304368698993, 0.025924147863658185, 0.04800768122899664, 0.07177148343734997, 0.0885741718674988, 0.12722035525684108, 0.1298607777244359, 0.15602496399423907, 0.10105616898703793, 0.0972155544887182, 0.04872779644743159, 0.027604416706673067, 0.0256841094575132, 0.009841574651944312, 0.006961113778204513, 0.0043206913106096975, 0.0009601536245799327, 0.0, 0.0, 0.0, 0.0, 0.0, 0.0], [0.0, 0.0, 0.0, 0.0, 0.0004127115146512588, 0.0, 0.0006190672719768881, 0.0012381345439537762, 0.0035080478745356997, 0.004952538175815105, 0.015683037556747832, 0.024969046636401156, 0.04209657449442839, 0.06933553446141147, 0.10627321502269914, 0.1320676846884028, 0.15559224102352456, 0.09389186958316137, 0.14878250103177879, 0.06025588113908378, 0.03693768056128766, 0.04849360297152291, 0.018984729673957902, 0.010936855138258357, 0.015476681799422205, 0.005571605447791993, 0.003714403631861329, 0.0002063557573256294, 0.0, 0.0, 0.0, 0.0], [0.0, 0.00076103500761035, 0.00076103500761035, 0.00076103500761035, 0.0015220700152207, 0.00532724505327245, 0.0060882800608828, 0.0121765601217656, 0.0289193302891933, 0.0487062404870624, 0.0578386605783866, 0.08904109589041095, 0.0943683409436834, 0.12252663622526636, 0.13622526636225266, 0.1111111111111111, 0.09817351598173515, 0.05403348554033485, 0.0715372907153729, 0.0228310502283105, 0.00989345509893455, 0.0213089802130898, 0.0030441400304414, 0.0, 0.0030441400304414, 0.0, 0.0, 0.0, 0.0, 0.0, 0.0, 0.0], [0.0, 0.0, 0.0, 0.0, 0.0, 0.0, 0.00477326968973747, 0.028639618138424822, 0.045346062052505964, 0.0477326968973747, 0.07875894988066826, 0.09785202863961814, 0.09069212410501193, 0.08591885441527446, 0.11455847255369929, 0.10978520286396182, 0.10739856801909307, 0.06443914081145585, 0.06443914081145585, 0.031026252983293555, 0.00954653937947494, 0.00477326968973747, 0.002386634844868735, 0.0, 0.011933174224343675, 0.0, 0.0, 0.0, 0.0, 0.0, 0.0, 0.0], [0.000449842555105713, 0.0, 0.0, 0.0, 0.0006747638326585695, 0.001349527665317139, 0.004048582995951417, 0.009671614934772829, 0.014394961763382817, 0.02766531713900135, 0.048358074673864146, 0.06477732793522267, 0.09334233018443545, 0.10863697705802969, 0.1452991452991453, 0.13337831758884391, 0.1277552856500225, 0.06680161943319839, 0.07197480881691408, 0.02766531713900135, 0.017094017094017096, 0.019568151147098516, 0.008097165991902834, 0.004048582995951417, 0.003148897885739991, 0.000449842555105713, 0.001349527665317139, 0.0, 0.0, 0.0, 0.0, 0.0], [0.0, 0.0, 0.0, 0.000445632798573975, 0.000445632798573975, 0.0, 0.00267379679144385, 0.001336898395721925, 0.004901960784313725, 0.017825311942959002, 0.027183600713012478, 0.03609625668449198, 0.05570409982174688, 0.07620320855614973, 0.10873440285204991, 0.13101604278074866, 0.14527629233511585, 0.08957219251336898, 0.12076648841354724, 0.05258467023172905, 0.03297682709447415, 0.03431372549019608, 0.02094474153297683, 0.012477718360071301, 0.02094474153297683, 0.006238859180035651, 0.00089126559714795, 0.000445632798573975, 0.0, 0.0, 0.0, 0.0], [0.0, 0.0, 0.0, 0.0, 0.0, 0.0003151591553734636, 0.0009454774661203908, 0.002206114087614245, 0.004727387330601954, 0.013551843681058934, 0.017964071856287425, 0.03687362117869524, 0.06429246769618657, 0.0926567916797983, 0.12354238890639774, 0.1471793255594075, 0.15600378190986447, 0.082256539552474, 0.11723920579892846, 0.05200126063662149, 0.030255278915852505, 0.030885597226599434, 0.011030570438071227, 0.00787897888433659, 0.00441222817522849, 0.0034667507091080997, 0.0003151591553734636, 0.0, 0.0, 0.0, 0.0, 0.0], [0.0001834862385321101, 0.0001834862385321101, 0.0001834862385321101, 0.0001834862385321101, 0.0005504587155963303, 0.001834862385321101, 0.002568807339449541, 0.004220183486238532, 0.008073394495412844, 0.015963302752293577, 0.03761467889908257, 0.05669724770642202, 0.08605504587155963, 0.10917431192660551, 0.13724770642201836, 0.1344954128440367, 0.14238532110091742, 0.08954128440366972, 0.07871559633027522, 0.038899082568807336, 0.01981651376146789, 0.02036697247706422, 0.008440366972477064, 0.0033027522935779817, 0.0031192660550458714, 0.0001834862385321101, 0.0, 0.0, 0.0, 0.0, 0.0, 0.0], [0.0, 0.0, 0.0, 0.0, 0.0013736263736263737, 0.0004578754578754579, 0.0, 0.003663003663003663, 0.00641025641025641, 0.009615384615384616, 0.02976190476190476, 0.04212454212454213, 0.07280219780219781, 0.09615384615384616, 0.13278388278388278, 0.16025641025641027, 0.1346153846153846, 0.0902014652014652, 0.08516483516483517, 0.044413919413919416, 0.03205128205128205, 0.023809523809523808, 0.016025641025641024, 0.005036630036630037, 0.010073260073260074, 0.0027472527472527475, 0.0004578754578754579, 0.0, 0.0, 0.0, 0.0, 0.0], [0.0, 0.0, 0.0, 0.0, 0.0, 0.001034126163391934, 0.0006894174422612892, 0.002412961047914512, 0.004136504653567736, 0.005515339538090314, 0.011720096518441917, 0.024129610479145122, 0.03688383316097897, 0.058255773871078935, 0.09651844191658049, 0.12202688728024819, 0.15201654601861428, 0.10237849017580145, 0.1437435367114788, 0.07169941399517407, 0.04274388142019993, 0.06377111340916926, 0.023784901758014478, 0.014822475008617718, 0.014477766287487074, 0.006549465701482247, 0.0006894174422612892, 0.0, 0.0, 0.0, 0.0, 0.0], [0.0, 0.0, 0.0, 0.0, 0.00020092425155716296, 0.00020092425155716296, 0.0012055455093429777, 0.0024110910186859553, 0.004018485031143259, 0.009644364074743821, 0.017480409885473176, 0.04159132007233273, 0.0699216395418927, 0.10709262607996785, 0.14185252159935705, 0.12276471770142657, 0.1382358850713281, 0.08740204942736589, 0.10789632308619651, 0.047418123367490454, 0.030138637733574444, 0.03134418324291742, 0.01828410689170183, 0.006630500301386378, 0.009041591320072333, 0.0032147880249146074, 0.0020092425155716293, 0.0, 0.0, 0.0, 0.0, 0.0], [0.0, 0.0, 0.00013852334118298935, 0.0, 0.0, 0.00013852334118298935, 0.0005540933647319574, 0.0015237567530128828, 0.0031860368472087547, 0.009558110541626265, 0.01856212771852057, 0.03476935863693032, 0.06635268042665189, 0.09655076880454357, 0.13949300457127026, 0.15431500207785012, 0.15750103892505887, 0.09405734866324976, 0.11538994320543011, 0.040725862307798864, 0.022994874636376228, 0.02521124809530406, 0.007618783765064413, 0.0051253636237706054, 0.0042942235766726695, 0.0009696633882809254, 0.0009696633882809254, 0.0, 0.0, 0.0, 0.0, 0.0], [0.0, 0.0, 0.0, 0.0, 0.0, 0.0003240440699935191, 0.0008101101749837978, 0.0012961762799740765, 0.0032404406999351912, 0.008587167854828257, 0.012961762799740765, 0.028515878159429683, 0.052657161373946854, 0.08684381075826313, 0.13528839922229424, 0.1631561892417369, 0.17514581983149707, 0.10823071937783539, 0.1265392093324692, 0.037589112119248216, 0.020738820479585224, 0.02478937135450421, 0.005346727154893065, 0.002430330524951393, 0.0035644847699287103, 0.0017822423849643552, 0.00016202203499675956, 0.0, 0.0, 0.0, 0.0, 0.0], [0.0, 0.00909090909090909, 0.0, 0.0, 0.00909090909090909, 0.02727272727272727, 0.05454545454545454, 0.02727272727272727, 0.13636363636363635, 0.08181818181818182, 0.05454545454545454, 0.05454545454545454, 0.08181818181818182, 0.12727272727272726, 0.045454545454545456, 0.08181818181818182, 0.05454545454545454, 0.05454545454545454, 0.03636363636363636, 0.01818181818181818, 0.01818181818181818, 0.01818181818181818, 0.00909090909090909, 0.0, 0.0, 0.0, 0.0, 0.0, 0.0, 0.0, 0.0, 0.0]]}, "ranks": {"labels": ["Unranked", "Combatatent I", "Combatatent II", "Challenger I", "Challenger II", "Rival I", "Rival II", "Duelist", "Elite"], "data": [[0.19424460431654678, 0.15827338129496402, 0.2589928057553957, 0.17985611510791366, 0.1079136690647482, 0.07194244604316546, 0.02877697841726619, 0.0, 0.0], [0.076103500761035, 0.121765601217656, 0.1933028919330289, 0.2732115677321157, 0.20015220700152206, 0.0867579908675799, 0.0213089802130898, 0.02054794520547945, 0.00684931506849315], [0.020896924160601082, 0.03827189481098849, 0.09697111998121624, 0.17445409720591687, 0.25146748062925567, 0.22376144634890818, 0.07396102371448697, 0.09086640056351256, 0.029349612585113878], [0.041120741785930254, 0.0667204192703084, 0.15117919774239064, 0.25277161862527714, 0.26224551501713367, 0.14049586776859505, 0.04454747026809111, 0.03507357387623463, 0.005845595646039105], [0.2549019607843137, 0.1568627450980392, 0.19607843137254902, 0.0392156862745098, 0.11764705882352941, 0.13725490196078433, 0.058823529411764705, 0.0392156862745098, 0.0], [0.01717791411042945, 0.04539877300613497, 0.14285714285714285, 0.24574934268185802, 0.2543382997370727, 0.14443470639789657, 0.06134969325153374, 0.06573181419807186, 0.02296231375985977], [0.07854406130268199, 0.1221264367816092, 0.21264367816091953, 0.2471264367816092, 0.18055555555555555, 0.07710727969348659, 0.028735632183908046, 0.034003831417624523, 0.019157088122605363], [0.36923076923076925, 0.23076923076923078, 0.2230769230769231, 0.07692307692307693, 0.05384615384615385, 0.046153846153846156, 0.0, 0.0, 0.0], [0.08817671555314141, 0.1683867463335144, 0.23610356690204598, 0.24153539742893354, 0.13561470215462612, 0.06807894260365743, 0.028969762810066992, 0.028245518739815317, 0.004888647474198805], [0.05395172740179839, 0.08282063416942735, 0.17037387600567913, 0.2579271178419309, 0.2389966871746332, 0.12541410317084714, 0.029815428300993846, 0.03644107903454804, 0.004259346900141978], [0.07941567065073041, 0.1553784860557769, 0.21779548472775564, 0.2664010624169987, 0.15405046480743692, 0.0701195219123506, 0.027888446215139442, 0.024435590969455512, 0.0045152722443559095], [0.03689567430025445, 0.08702290076335878, 0.1534351145038168, 0.26055979643765903, 0.244529262086514, 0.13256997455470737, 0.04020356234096692, 0.03740458015267176, 0.007379134860050891], [0.055858310626702996, 0.11489554950045414, 0.19141689373297002, 0.2688465031789282, 0.21752951861943687, 0.09014532243415077, 0.03224341507720254, 0.022706630336058128, 0.006357856494096276], [0.013873265841769778, 0.03974503187101612, 0.12410948631421072, 0.23397075365579303, 0.2898387701537308, 0.1679790026246719, 0.05811773528308961, 0.06074240719910011, 0.011623547056617924], [0.04636459430979979, 0.10326659641728135, 0.1643835616438356, 0.2328767123287671, 0.2244467860906217, 0.10326659641728135, 0.045310853530031614, 0.0547945205479452, 0.02528977871443625], [0.03851217906517446, 0.08163265306122448, 0.17906517445687953, 0.27419354838709675, 0.21560236998025017, 0.12343647136273865, 0.03785385121790652, 0.04048716260697827, 0.009216589861751152], [0.04077318030806403, 0.08939897311990336, 0.17154938085170643, 0.2552099063726971, 0.2322561159770462, 0.12684989429175475, 0.03261854424645122, 0.037148897614013895, 0.014195107218363033], [0.13157894736842105, 0.13157894736842105, 0.18421052631578946, 0.21052631578947367, 0.15789473684210525, 0.10526315789473684, 0.05263157894736842, 0.02631578947368421, 0.0], [0.017382413087934562, 0.04720518064076346, 0.13548057259713703, 0.2561349693251534, 0.2631220177232447, 0.14042263122017723, 0.06373551465576005, 0.06935923653715065, 0.007157464212678937], [0.01402439024390244, 0.039634146341463415, 0.08841463414634146, 0.1951219512195122, 0.2759146341463415, 0.1871951219512195, 0.07652439024390244, 0.08932926829268292, 0.03384146341463415], [0.02726530612244898, 0.061224489795918366, 0.11918367346938775, 0.23248979591836735, 0.24408163265306124, 0.16816326530612244, 0.06595918367346938, 0.06595918367346938, 0.0156734693877551], [0.02197802197802198, 0.054945054945054944, 0.18406593406593408, 0.29945054945054944, 0.30494505494505497, 0.11263736263736264, 0.02197802197802198, 0.0, 0.0], [0.014848370454259468, 0.04190260475651189, 0.10771360261733988, 0.22348055870139674, 0.284635711589279, 0.1954196552158047, 0.06203598842330439, 0.05813514533786335, 0.011828362904240594], [0.01584006991479135, 0.04850338649770592, 0.16167795499235307, 0.3166921564343456, 0.2799868909766222, 0.12060301507537688, 0.03572208870439152, 0.019226567620712256, 0.0017478697837011142], [0.030244839174267884, 0.07393182909265482, 0.1603456553048488, 0.257081132981277, 0.257081132981277, 0.12337974075852136, 0.05016802688430149, 0.04248679788766203, 0.00528084493518963], [0.010730499380932727, 0.04065208419314899, 0.11143210895583987, 0.23834089971110195, 0.24948411060668593, 0.18303755674783326, 0.06293850598431697, 0.07841518778373917, 0.024969046636401156], [0.1050228310502283, 0.14687975646879756, 0.21689497716894976, 0.24733637747336376, 0.15220700152207, 0.0837138508371385, 0.02054794520547945, 0.0243531202435312, 0.0030441400304414], [0.12649164677804295, 0.1766109785202864, 0.1766109785202864, 0.2243436754176611, 0.1718377088305489, 0.08353221957040573, 0.021479713603818614, 0.007159904534606206, 0.011933174224343675], [0.058254610886189835, 0.11313540260908682, 0.20197930724246513, 0.2786774628879892, 0.19455690508322088, 0.08704453441295547, 0.029689608636977057, 0.03171390013495277, 0.004948268106162843], [0.027629233511586453, 0.06327985739750445, 0.1319073083778966, 0.23975044563279857, 0.23484848484848486, 0.14616755793226383, 0.06016042780748663, 0.0677361853832442, 0.0285204991087344], [0.021745981720768987, 0.05483769303498267, 0.15694925937598486, 0.27072171446580523, 0.23826032146233847, 0.14875512133627483, 0.05074062401512764, 0.04979514654900725, 0.008194138039710053], [0.03394495412844037, 0.09431192660550458, 0.19522935779816514, 0.27174311926605504, 0.23192660550458716, 0.1018348623853211, 0.035596330275229356, 0.03211009174311927, 0.0033027522935779817], [0.02152014652014652, 0.07188644688644688, 0.16895604395604397, 0.29304029304029305, 0.22481684981684982, 0.10897435897435898, 0.052655677655677656, 0.04487179487179487, 0.013278388278388278], [0.013788348845225784, 0.035849706997587036, 0.09513960703205791, 0.21854532919682867, 0.2543950361944157, 0.18890037917959324, 0.06928645294725956, 0.10237849017580145, 0.02171664943123061], [0.01768133413703034, 0.05907172995780591, 0.17701426562186057, 0.2646172393007836, 0.225637934498694, 0.1350210970464135, 0.0504319871408479, 0.05625879043600562, 0.01426562186055857], [0.015099044188945837, 0.053331486355450895, 0.16290344923119546, 0.2938080066491204, 0.2515583875883086, 0.13852334118298934, 0.04058733896661588, 0.03795539548413908, 0.00623355035323452], [0.014257939079714841, 0.04147764095917045, 0.13950097213221, 0.2984445884640311, 0.2833765392093325, 0.14614387556707711, 0.03872326636422554, 0.03256642903434867, 0.005508749189889825], [0.34545454545454546, 0.10909090909090909, 0.20909090909090908, 0.12727272727272726, 0.10909090909090909, 0.05454545454545454, 0.01818181818181818, 0.02727272727272727, 0.0]]}, "ranksDetailed": {"labels": ["Unranked", "Combatatant", "Challenger", "Rival", "Duelist", "Elite"], "data": [[0.19424460431654678, 0.4172661870503597, 0.28776978417266186, 0.10071942446043165, 0.0, 0.0], [0.076103500761035, 0.3150684931506849, 0.4733637747336377, 0.1080669710806697, 0.02054794520547945, 0.00684931506849315], [0.020896924160601082, 0.13524301479220474, 0.4259215778351726, 0.29772247006339514, 0.09086640056351256, 0.029349612585113878], [0.041120741785930254, 0.21789961701269905, 0.5150171336424108, 0.18504333803668616, 0.03507357387623463, 0.005845595646039105], [0.2549019607843137, 0.35294117647058826, 0.1568627450980392, 0.19607843137254902, 0.0392156862745098, 0.0], [0.01717791411042945, 0.18825591586327783, 0.5000876424189308, 0.20578439964943032, 0.06573181419807186, 0.02296231375985977], [0.07854406130268199, 0.33477011494252873, 0.42768199233716475, 0.10584291187739464, 0.034003831417624523, 0.019157088122605363], [0.36923076923076925, 0.45384615384615384, 0.13076923076923078, 0.046153846153846156, 0.0, 0.0], [0.08817671555314141, 0.4044903132355604, 0.37715009958355966, 0.09704870541372443, 0.028245518739815317, 0.004888647474198805], [0.05395172740179839, 0.25319451017510647, 0.49692380501656414, 0.155229531471841, 0.03644107903454804, 0.004259346900141978], [0.07941567065073041, 0.37317397078353254, 0.4204515272244356, 0.09800796812749003, 0.024435590969455512, 0.0045152722443559095], [0.03689567430025445, 0.24045801526717558, 0.5050890585241731, 0.1727735368956743, 0.03740458015267176, 0.007379134860050891], [0.055858310626702996, 0.30631244323342416, 0.48637602179836514, 0.12238873751135332, 0.022706630336058128, 0.006357856494096276], [0.013873265841769778, 0.16385451818522684, 0.5238095238095238, 0.22609673790776152, 0.06074240719910011, 0.011623547056617924], [0.04636459430979979, 0.26765015806111697, 0.45732349841938885, 0.14857744994731295, 0.0547945205479452, 0.02528977871443625], [0.03851217906517446, 0.260697827518104, 0.4897959183673469, 0.16129032258064516, 0.04048716260697827, 0.009216589861751152], [0.04077318030806403, 0.26094835397160976, 0.4874660223497433, 0.15946843853820597, 0.037148897614013895, 0.014195107218363033], [0.13157894736842105, 0.3157894736842105, 0.3684210526315789, 0.15789473684210525, 0.02631578947368421, 0.0], [0.017382413087934562, 0.18268575323790048, 0.5192569870483981, 0.20415814587593728, 0.06935923653715065, 0.007157464212678937], [0.01402439024390244, 0.12804878048780488, 0.47103658536585363, 0.26371951219512196, 0.08932926829268292, 0.03384146341463415], [0.02726530612244898, 0.18040816326530612, 0.4765714285714286, 0.23412244897959184, 0.06595918367346938, 0.0156734693877551], [0.02197802197802198, 0.23901098901098902, 0.6043956043956044, 0.1346153846153846, 0.0, 0.0], [0.014848370454259468, 0.14961620737385176, 0.5081162702906757, 0.2574556436391091, 0.05813514533786335, 0.011828362904240594], [0.01584006991479135, 0.210181341490059, 0.5966790474109679, 0.1563251037797684, 0.019226567620712256, 0.0017478697837011142], [0.030244839174267884, 0.2342774843975036, 0.514162265962554, 0.17354776764282284, 0.04248679788766203, 0.00528084493518963], [0.010730499380932727, 0.15208419314898886, 0.48782501031778785, 0.24597606273215022, 0.07841518778373917, 0.024969046636401156], [0.1050228310502283, 0.3637747336377473, 0.3995433789954338, 0.10426179604261795, 0.0243531202435312, 0.0030441400304414], [0.12649164677804295, 0.3532219570405728, 0.39618138424821003, 0.10501193317422435, 0.007159904534606206, 0.011933174224343675], [0.058254610886189835, 0.31511470985155193, 0.4732343679712101, 0.11673414304993253, 0.03171390013495277, 0.004948268106162843], [0.027629233511586453, 0.19518716577540107, 0.47459893048128343, 0.20632798573975045, 0.0677361853832442, 0.0285204991087344], [0.021745981720768987, 0.21178695241096754, 0.5089820359281437, 0.19949574535140246, 0.04979514654900725, 0.008194138039710053], [0.03394495412844037, 0.2895412844036697, 0.5036697247706422, 0.13743119266055046, 0.03211009174311927, 0.0033027522935779817], [0.02152014652014652, 0.24084249084249085, 0.5178571428571429, 0.16163003663003664, 0.04487179487179487, 0.013278388278388278], [0.013788348845225784, 0.13098931402964495, 0.4729403653912444, 0.2581868321268528, 0.10237849017580145, 0.02171664943123061], [0.01768133413703034, 0.23608599557966647, 0.4902551737994776, 0.1854530841872614, 0.05625879043600562, 0.01426562186055857], [0.015099044188945837, 0.21623493558664636, 0.545366394237429, 0.1791106801496052, 0.03795539548413908, 0.00623355035323452], [0.014257939079714841, 0.18097861309138044, 0.5818211276733636, 0.18486714193130266, 0.03256642903434867, 0.005508749189889825], [0.34545454545454546, 0.3181818181818182, 0.23636363636363636, 0.07272727272727272, 0.02727272727272727, 0.0]]}}}, "eu": {"histType": {"histogram": {"labels": ["0", "100", "200", "300", "400", "500", "600", "700", "800", "900", "1000", "1100", "1200", "1300", "1400", "1500", "1600", "1700", "1800", "1900", "2000", "2100", "2200", "2300", "2400", "2500", "2600", "2700", "2800", "2900", "3000", "3100"], "data": [[0.0, 0.0, 0.0, 0.0, 0.0, 0.010752688172043012, 0.021505376344086023, 0.03225806451612903, 0.10752688172043011, 0.07526881720430108, 0.08602150537634409, 0.07526881720430108, 0.10752688172043011, 0.08602150537634409, 0.07526881720430108, 0.08602150537634409, 0.10752688172043011, 0.053763440860215055, 0.03225806451612903, 0.0, 0.010752688172043012, 0.021505376344086023, 0.010752688172043012, 0.0, 0.0, 0.0, 0.0, 0.0, 0.0, 0.0, 0.0, 0.0], [0.0, 0.0, 0.0008237232289950577, 0.0008237232289950577, 0.0008237232289950577, 0.004118616144975288, 0.009060955518945634, 0.007413509060955519, 0.027182866556836903, 0.032948929159802305, 0.04942339373970346, 0.08401976935749589, 0.08649093904448106, 0.12273476112026359, 0.1342668863261944, 0.13179571663920922, 0.1243822075782537, 0.06177924217462932, 0.060955518945634266, 0.026359143327841845, 0.009060955518945634, 0.01400329489291598, 0.004118616144975288, 0.004942339373970346, 0.002471169686985173, 0.0, 0.0, 0.0, 0.0, 0.0, 0.0, 0.0], [0.0, 0.0, 0.0, 0.0002602811035918792, 0.0002602811035918792, 0.0007808433107756377, 0.0007808433107756377, 0.0026028110359187923, 0.007287870900572618, 0.009109838625715773, 0.017959396147839667, 0.02706923477355544, 0.03722019781363873, 0.055179593961478396, 0.08302967204580948, 0.09552316501821968, 0.15694950546590317, 0.09994794377928162, 0.17647058823529413, 0.06298802706923477, 0.04737116085372202, 0.05804268610098907, 0.02342529932326913, 0.01015096304008329, 0.017699115044247787, 0.0052056220718375845, 0.0028630921395106715, 0.0018219677251431546, 0.0, 0.0, 0.0, 0.0], [0.0, 0.00018426386585590566, 0.0, 0.00018426386585590566, 0.00018426386585590566, 0.000552791597567717, 0.0012898470609913396, 0.004975124378109453, 0.007739082365948038, 0.015109637000184264, 0.029482218536944906, 0.04477611940298507, 0.06412382531785517, 0.08291873963515754, 0.11682329095264418, 0.13875069098949697, 0.15680854984337572, 0.1041090842085867, 0.11921872120877096, 0.04975124378109453, 0.02174313617099687, 0.02211166390270868, 0.008107610097659848, 0.004422332780541736, 0.0036852773171181133, 0.0018426386585590566, 0.001105583195135434, 0.0, 0.0, 0.0, 0.0, 0.0], [0.0, 0.0, 0.0, 0.0, 0.0, 0.0, 0.04081632653061224, 0.061224489795918366, 0.12244897959183673, 0.061224489795918366, 0.08163265306122448, 0.10204081632653061, 0.061224489795918366, 0.04081632653061224, 0.12244897959183673, 0.10204081632653061, 0.061224489795918366, 0.04081632653061224, 0.02040816326530612, 0.04081632653061224, 0.0, 0.02040816326530612, 0.0, 0.02040816326530612, 0.0, 0.0, 0.0, 0.0, 0.0, 0.0, 0.0, 0.0], [0.0, 0.00017328019407381737, 0.00034656038814763474, 0.00034656038814763474, 0.0005198405822214521, 0.00017328019407381737, 0.00017328019407381737, 0.0029457632992548953, 0.004332004851845434, 0.008837289897764685, 0.01715473921330792, 0.026685149887367875, 0.05163749783399758, 0.08144169121469416, 0.11003292323687403, 0.12424189915092705, 0.14243631952867788, 0.10240859469762606, 0.12562814070351758, 0.06394039161323861, 0.03361635765032057, 0.05077109686362849, 0.019927222318488997, 0.008144169121469416, 0.01386241552590539, 0.005891526598509791, 0.0029457632992548953, 0.001386241552590539, 0.0, 0.0, 0.0, 0.0], [0.0, 0.00044682752457551384, 0.00044682752457551384, 0.0013404825737265416, 0.0013404825737265416, 0.003127792672028597, 0.004468275245755138, 0.012064343163538873, 0.028150134048257374, 0.035746201966041107, 0.05183199285075961, 0.07864164432529044, 0.08936550491510277, 0.10947274352100089, 0.1063449508489723, 0.11528150134048257, 0.1126005361930295, 0.06076854334226988, 0.06478999106344951, 0.03395889186773905, 0.02100089365504915, 0.023681858802502235, 0.011170688114387846, 0.008936550491510277, 0.012957998212689902, 0.005361930294906166, 0.004915102770330653, 0.0017873100983020554, 0.0, 0.0, 0.0, 0.0], [0.0, 0.0, 0.0, 0.0, 0.0, 0.024691358024691357, 0.0, 0.08641975308641975, 0.037037037037037035, 0.1111111111111111, 0.08641975308641975, 0.1111111111111111, 0.09876543209876543, 0.06172839506172839, 0.07407407407407407, 0.14814814814814814, 0.1111111111111111, 0.024691358024691357, 0.0, 0.024691358024691357, 0.0, 0.0, 0.0, 0.0, 0.0, 0.0, 0.0, 0.0, 0.0, 0.0, 0.0, 0.0], [0.0005375380756136893, 0.00017917935853789643, 0.0007167174341515857, 0.0007167174341515857, 0.0010750761512273786, 0.001612614226841068, 0.0050170220390611, 0.010929940870811682, 0.027414441856298155, 0.04479483963447411, 0.07382189571761333, 0.09604013617631249, 0.12112524637161799, 0.1205877082960043, 0.11790001791793585, 0.10320731051782835, 0.08869378247625874, 0.05249955205160366, 0.05070775846622469, 0.029922952875828704, 0.018455473929403332, 0.017022039061100162, 0.006629636265902168, 0.0050170220390611, 0.004300304604909514, 0.0008958967926894822, 0.00017917935853789643, 0.0, 0.0, 0.0, 0.0, 0.0], [0.0, 0.0, 0.0, 0.0, 0.0, 0.0006027727546714888, 0.0018083182640144665, 0.007836045810729355, 0.015069318866787222, 0.0216998191681736, 0.04581072935503315, 0.04942736588306208, 0.06811332127787824, 0.10427968655816756, 0.12356841470765521, 0.1301989150090416, 0.1410488245931284, 0.08318264014466546, 0.10427968655816756, 0.027727546714888487, 0.03134418324291742, 0.02652200120554551, 0.009644364074743821, 0.0024110910186859553, 0.0030138637733574444, 0.0024110910186859553, 0.0, 0.0, 0.0, 0.0, 0.0, 0.0], [0.00032658393207054214, 0.0, 0.0, 0.0013063357282821686, 0.0016329196603527107, 0.0022860875244937948, 0.0032658393207054214, 0.011430437622468974, 0.022207707380796866, 0.03821032005225343, 0.06270411495754409, 0.0868713259307642, 0.10646636185499674, 0.11267145656433704, 0.13357282821685174, 0.11528412802090138, 0.09503592423252775, 0.05682560418027433, 0.06139777922926192, 0.0310254735467015, 0.018941868060091443, 0.019595035924232528, 0.006531678641410843, 0.004898758981058132, 0.005551926845199217, 0.001959503592423253, 0.0, 0.0, 0.0, 0.0, 0.0, 0.0], [0.0, 0.0, 0.0, 0.0, 0.0008116883116883117, 0.0010822510822510823, 0.0021645021645021645, 0.00487012987012987, 0.012175324675324676, 0.023268398268398268, 0.03463203463203463, 0.04816017316017316, 0.07575757575757576, 0.08576839826839827, 0.12067099567099566, 0.12283549783549784, 0.14583333333333334, 0.08928571428571429, 0.10443722943722944, 0.047619047619047616, 0.027867965367965368, 0.027056277056277056, 0.011634199134199134, 0.004058441558441558, 0.007034632034632035, 0.0008116883116883117, 0.0008116883116883117, 0.0010822510822510823, 0.0, 0.0, 0.00027056277056277056, 0.0], [0.0, 0.0, 0.00027078256160303275, 0.0005415651232060655, 0.00027078256160303275, 0.002166260492824262, 0.0029786081776333605, 0.010018954779312212, 0.015434606011372868, 0.024099647982669916, 0.0463038180341186, 0.06444624966152179, 0.09450311399945843, 0.10343893853235851, 0.14053614947197401, 0.13864067154075277, 0.11724884917411318, 0.07392363931762795, 0.0801516382344977, 0.03276468995396697, 0.017330083942594096, 0.0157053885729759, 0.00785269428648795, 0.004061738424045491, 0.004332520985648524, 0.0016246953696181965, 0.001353912