{"region": {"us": {"histType": {"histogram": {"labels": ["0", "100", "200", "300", "400", "500", "600", "700", "800", "900", "1000", "1100", "1200", "1300", "1400", "1500", "1600", "1700", "1800", "1900", "2000", "2100", "2200", "2300", "2400", "2500", "2600", "2700", "2800", "2900", "3000"], "data": [[0.0, 0.0, 0.0038461538461538464, 0.0038461538461538464, 0.0, 0.011538461538461539, 0.019230769230769232, 0.011538461538461539, 0.038461538461538464, 0.03461538461538462, 0.07307692307692308, 0.09230769230769231, 0.08076923076923077, 0.1076923076923077, 0.11538461538461539, 0.10384615384615385, 0.08076923076923077, 0.06538461538461539, 0.05, 0.05, 0.019230769230769232, 0.015384615384615385, 0.023076923076923078, 0.0, 0.0, 0.0, 0.0, 0.0, 0.0, 0.0, 0.0], [0.0, 0.0009341429238673517, 0.0, 0.00046707146193367583, 0.0009341429238673517, 0.0014012143858010276, 0.005604857543204111, 0.012610929472209247, 0.011676786548341896, 0.02148528724894909, 0.03643157403082672, 0.05044371788883699, 0.06959364782811771, 0.07566557683325549, 0.11303129378794956, 0.12517515179822514, 0.152732368052312, 0.08874357776739841, 0.1279775805698272, 0.0425035030359645, 0.02148528724894909, 0.017748715553479684, 0.007473143390938813, 0.004203643157403083, 0.004203643157403083, 0.0037365716954694066, 0.0037365716954694066, 0.0, 0.0, 0.0, 0.0], [0.00014684287812041116, 0.0, 0.0, 0.0002936857562408223, 0.0002936857562408223, 0.0002936857562408223, 0.0002936857562408223, 0.0007342143906020558, 0.003964757709251102, 0.004845814977973568, 0.009251101321585903, 0.013656387665198238, 0.022173274596182086, 0.03465491923641703, 0.05066079295154185, 0.07973568281938326, 0.13450807635829662, 0.10837004405286343, 0.24434654919236418, 0.0828193832599119, 0.05433186490455213, 0.07415565345080763, 0.023201174743024962, 0.01644640234948605, 0.024816446402349486, 0.007048458149779736, 0.004698972099853157, 0.002790014684287812, 0.0013215859030837004, 0.00014684287812041116, 0.0], [0.0, 0.0, 0.0, 0.0, 0.00013473457289140393, 0.00026946914578280785, 0.0016168148746968471, 0.0026946914578280788, 0.006736728644570197, 0.011721907841552142, 0.019132309350579357, 0.02223120452708165, 0.04068984101320399, 0.05753166262462948, 0.08326596604688763, 0.11748854756130422, 0.15952573430342226, 0.1129075720829965, 0.17421180274858528, 0.06952303961196443, 0.044058205335489084, 0.04661816222042576, 0.012395580706009162, 0.0047157100511991375, 0.007949339800592831, 0.002155753166262463, 0.0016168148746968471, 0.0008084074373484236, 0.0, 0.0, 0.0], [0.0, 0.0, 0.0, 0.0, 0.010416666666666666, 0.0, 0.0, 0.041666666666666664, 0.03125, 0.0625, 0.052083333333333336, 0.07291666666666667, 0.08333333333333333, 0.125, 0.07291666666666667, 0.0625, 0.0625, 0.07291666666666667, 0.0625, 0.09375, 0.020833333333333332, 0.0625, 0.0, 0.010416666666666666, 0.0, 0.0, 0.0, 0.0, 0.0, 0.0, 0.0], [0.0, 0.0, 0.0, 0.0, 0.0, 0.00027236824186299875, 0.0, 0.0019065776930409914, 0.001770393572109492, 0.007353942530300967, 0.012392755004766444, 0.021517091107176905, 0.034999319079395345, 0.06278087974942122, 0.09178809750783058, 0.12801307367560943, 0.15824594852240229, 0.10649598256843253, 0.15252621544327932, 0.0653683780471197, 0.03894865858640882, 0.05338417540514776, 0.02015524989786191, 0.010213809069862453, 0.016886830995505923, 0.005719733079122974, 0.004766444232602479, 0.003132234781424486, 0.0013618412093149939, 0.0, 0.0], [0.0, 0.0, 0.00029824038174768865, 0.001789442290486132, 0.001789442290486132, 0.0029824038174768863, 0.0044736057262153295, 0.00864897107068297, 0.01968386519534745, 0.02833283626603042, 0.04145541306292872, 0.04771846107963018, 0.07396361467342678, 0.09036683566954966, 0.12138383537130927, 0.1288398449150015, 0.12555920071577692, 0.08231434536236207, 0.09126155681479273, 0.03549060542797495, 0.024753951685058156, 0.02385923053981509, 0.008947211452430659, 0.007157769161944528, 0.012526096033402923, 0.0056665672532060845, 0.005964807634953773, 0.003280644199224575, 0.0014912019087384432, 0.0, 0.0], [0.0037593984962406013, 0.0, 0.0037593984962406013, 0.011278195488721804, 0.0037593984962406013, 0.015037593984962405, 0.018796992481203006, 0.05639097744360902, 0.05639097744360902, 0.10902255639097744, 0.09774436090225563, 0.10526315789473684, 0.10902255639097744, 0.08646616541353383, 0.06766917293233082, 0.06766917293233082, 0.05263157894736842, 0.02631578947368421, 0.03383458646616541, 0.03007518796992481, 0.02631578947368421, 0.018796992481203006, 0.0, 0.0, 0.0, 0.0, 0.0, 0.0, 0.0, 0.0, 0.0], [0.00033886818027787193, 0.00022591212018524794, 0.0005647803004631198, 0.0007906924206483678, 0.0006777363605557439, 0.0018072969614819836, 0.0019202530215746076, 0.0057607590647238225, 0.011182649949169773, 0.023833728679543656, 0.039647577092511016, 0.05726872246696035, 0.07296961481983509, 0.08539478143002371, 0.10832486162882639, 0.12899582062577658, 0.12459053428216424, 0.07488986784140969, 0.0909296283745623, 0.049587710380661926, 0.032644301366768325, 0.032757257426860954, 0.017734101434541964, 0.011182649949169773, 0.015136112052411612, 0.006099627245001694, 0.003953462103241839, 0.0007906924206483678, 0.0, 0.0, 0.0], [0.0, 0.0, 0.0, 0.0, 0.0004870920603994155, 0.0004870920603994155, 0.0004870920603994155, 0.0004870920603994155, 0.001948368241597662, 0.00535801266439357, 0.009254749147588894, 0.008280565026790063, 0.00974184120798831, 0.025328787140769606, 0.0472479298587433, 0.07014125669751584, 0.09059912323429128, 0.0974184120798831, 0.18022406234778374, 0.08280565026790063, 0.08183146614710181, 0.10910862152946907, 0.05114466634193863, 0.024354603019970774, 0.058451047247929856, 0.01607403799318071, 0.010228933268387726, 0.013151485630784217, 0.00535801266439357, 0.0, 0.0], [0.0, 0.0, 0.0007022471910112359, 0.0, 0.002106741573033708, 0.001053370786516854, 0.004564606741573034, 0.004213483146067416, 0.011938202247191011, 0.018960674157303372, 0.03089887640449438, 0.037570224719101125, 0.06320224719101124, 0.07935393258426966, 0.09901685393258428, 0.11973314606741572, 0.14606741573033707, 0.09620786516853932, 0.13799157303370788, 0.05021067415730337, 0.03089887640449438, 0.029845505617977528, 0.011235955056179775, 0.007724719101123595, 0.007724719101123595, 0.004564606741573034, 0.0038623595505617976, 0.00035112359550561797, 0.0, 0.0, 0.0], [0.0, 0.0, 0.0007892659826361484, 0.0007892659826361484, 0.0009865824782951855, 0.002170481452249408, 0.004538279400157853, 0.008879242304656669, 0.015390686661404893, 0.025651144435674823, 0.05643251775848461, 0.06906077348066299, 0.0931333859510655, 0.1026045777426993, 0.13693764798737174, 0.1345698500394633, 0.11957379636937648, 0.06748224151539069, 0.0718232044198895, 0.0351223362273086, 0.018153117600631413, 0.017363851617995266, 0.008681925808997633, 0.0029597474348855564, 0.003749013417521705, 0.0027624309392265192, 0.0003946329913180742, 0.0, 0.0, 0.0, 0.0], [0.0, 0.0, 0.0, 0.0, 0.00036569756811117204, 0.0007313951362223441, 0.0027427317608337905, 0.0036569756811117207, 0.007313951362223441, 0.010422380691168404, 0.027061620040226733, 0.03967818614006217, 0.055951727921009324, 0.07131102578167856, 0.11373194368257451, 0.11428049003474126, 0.1479246663009691, 0.1007496800146279, 0.14463338818796856, 0.056865971841287256, 0.03035289815322728, 0.034009873834339004, 0.01243371731577985, 0.00877674163466813, 0.010056683123057231, 0.0038398244651673065, 0.0018284878405558603, 0.0012799414883891023, 0.0, 0.0, 0.0], [0.0002582978173834431, 0.0, 0.0, 0.00012914890869172155, 0.0002582978173834431, 0.0003874467260751647, 0.0016789358129923801, 0.0027121270825261525, 0.005553403073744027, 0.01588531576908175, 0.02492573937750226, 0.032932971716388995, 0.04274828877695983, 0.06212062508071807, 0.0892418959059796, 0.12165827198760171, 0.15136252098669767, 0.10616040294459511, 0.14658401136510396, 0.0676740281544621, 0.03939041715097508, 0.041456799690042616, 0.016014464677773472, 0.007878083430195014, 0.011106806147488053, 0.0045202118042102545, 0.0027121270825261525, 0.0029704248999095958, 0.001420637995608937, 0.0002582978173834431, 0.0], [0.0, 0.0, 0.0002552974214960429, 0.0, 0.0005105948429920858, 0.0005105948429920858, 0.0007658922644881287, 0.0010211896859841716, 0.0033188664794485574, 0.0040847587439366865, 0.012764871074802144, 0.017870819504723003, 0.03957110033188665, 0.05335716109267297, 0.08067398519274956, 0.11335205514424304, 0.1582844013275466, 0.11947919326014807, 0.1613479703854991, 0.08348225682920603, 0.048506510084248146, 0.046464130712279804, 0.01940260403369926, 0.012509573653306101, 0.012509573653306101, 0.005361245851416901, 0.0012764871074802144, 0.0015317845289762573, 0.0017870819504723003, 0.0, 0.0], [0.0, 0.0, 0.0, 0.0, 0.0009456264775413711, 0.0014184397163120568, 0.0014184397163120568, 0.006146572104018913, 0.009929078014184398, 0.013711583924349883, 0.021749408983451537, 0.033569739952718676, 0.05390070921985816, 0.06855791962174941, 0.08794326241134752, 0.11725768321513003, 0.13380614657210402, 0.10212765957446808, 0.11725768321513003, 0.062411347517730496, 0.04822695035460993, 0.04018912529550828, 0.02553191489361702, 0.012293144208037825, 0.018439716312056736, 0.008037825059101654, 0.006146572104018913, 0.0037825059101654845, 0.005200945626477541, 0.0, 0.0], [0.00024248302618816683, 0.0, 0.00048496605237633366, 0.00048496605237633366, 0.00048496605237633366, 0.0012124151309408342, 0.0024248302618816685, 0.004364694471387003, 0.008001939864209506, 0.014064015518913677, 0.02352085354025218, 0.042919495635305525, 0.06959262851600388, 0.08341416100872939, 0.11687681862269642, 0.1316682832201746, 0.1345780795344326, 0.0950533462657614, 0.11542192046556742, 0.0511639185257032, 0.029340446168768186, 0.03443258971871969, 0.014306498545101843, 0.004849660523763337, 0.010911736178467508, 0.0036372453928225023, 0.002909796314258002, 0.0033947623666343357, 0.00024248302618816683, 0.0, 0.0], [0.0, 0.0, 0.0001841959845275373, 0.0003683919690550746, 0.0005525879535826119, 0.0003683919690550746, 0.0014735678762202984, 0.003683919690550746, 0.00478909559771597, 0.01289371891692761, 0.02523484988027261, 0.02983974949346104, 0.057837539141646716, 0.06723153435255111, 0.10204457542825567, 0.13114754098360656, 0.1530668631423835, 0.09357156013998895, 0.16080309449254007, 0.05157487566771044, 0.030944925400626266, 0.0326026892613741, 0.014183090808620373, 0.006446859458463805, 0.011051759071652238, 0.0027629397679130594, 0.001841959845275373, 0.0027629397679130594, 0.0007367839381101492, 0.0, 0.0], [0.0, 0.0, 0.0, 0.014084507042253521, 0.014084507042253521, 0.014084507042253521, 0.0, 0.0, 0.014084507042253521, 0.08450704225352113, 0.028169014084507043, 0.07042253521126761, 0.056338028169014086, 0.056338028169014086, 0.11267605633802817, 0.14084507042253522, 0.14084507042253522, 0.04225352112676056, 0.04225352112676056, 0.04225352112676056, 0.014084507042253521, 0.04225352112676056, 0.028169014084507043, 0.028169014084507043, 0.014084507042253521, 0.0, 0.0, 0.0, 0.0, 0.0, 0.0], [0.00012799180852425445, 0.0, 0.0, 0.00012799180852425445, 0.00012799180852425445, 0.0002559836170485089, 0.00038397542557276333, 0.0017918853193395622, 0.0030718034045821067, 0.006783565851785486, 0.013055164469473954, 0.019454754895686675, 0.03583770638679125, 0.05414053500575963, 0.09253807756303596, 0.13912709586586458, 0.17202099065659798, 0.12607193139639064, 0.1320875463970306, 0.06873160117752464, 0.04530910021758607, 0.04492512479201331, 0.017406885959298606, 0.008191475745552285, 0.010879303724561628, 0.004735696915397414, 0.0026878279790093435, 0.00012799180852425445, 0.0, 0.0, 0.0], [0.0, 0.0, 0.0, 0.00016929067208396818, 0.0, 0.00033858134416793635, 0.0011850347045877772, 0.0008464533604198408, 0.002200778737091586, 0.0037243947858473, 0.009480277636702217, 0.01303538175046555, 0.020992043338412054, 0.03267309971220586, 0.055696631115625526, 0.08447604536990012, 0.13120027086507532, 0.12425935330963264, 0.18791264601320468, 0.0973421364482817, 0.0675469781615033, 0.0814288132723887, 0.027594379549686812, 0.015066869815473168, 0.02133062468257999, 0.010326730997122058, 0.006094464195022855, 0.003893685457931268, 0.0011850347045877772, 0.0, 0.0], [0.0003315649867374005, 0.00011052166224580017, 0.0, 0.00022104332449160034, 0.00022104332449160034, 0.0007736516357206013, 0.0007736516357206013, 0.002431476569407604, 0.003978779840848806, 0.007515473032714412, 0.015583554376657824, 0.021330680813439435, 0.02553050397877984, 0.04221927497789567, 0.061560565870910695, 0.09184350132625994, 0.132736516357206, 0.13317860300618922, 0.17959770114942528, 0.09571175950486295, 0.05526083112290009, 0.06609195402298851, 0.02442528735632184, 0.01182581786030062, 0.017241379310344827, 0.005526083112290009, 0.003205128205128205, 0.0007736516357206013, 0.0, 0.0, 0.0], [0.0, 0.0, 0.0, 0.0, 0.001890359168241966, 0.0, 0.0, 0.005671077504725898, 0.00945179584120983, 0.005671077504725898, 0.017013232514177693, 0.030245746691871456, 0.04914933837429111, 0.08695652173913043, 0.1001890359168242, 0.15311909262759923, 0.17958412098298676, 0.1323251417769376, 0.14933837429111532, 0.03780718336483932, 0.017013232514177693, 0.017013232514177693, 0.003780718336483932, 0.003780718336483932, 0.0, 0.0, 0.0, 0.0, 0.0, 0.0, 0.0], [0.0, 0.0, 0.0, 0.00028011204481792715, 9.337068160597572e-05, 9.337068160597572e-05, 0.00028011204481792715, 0.0009337068160597573, 0.002147525676937442, 0.006069094304388422, 0.009430438842203548, 0.017833800186741362, 0.030905695611577966, 0.03790849673202614, 0.06069094304388422, 0.07889822595704948, 0.12492997198879552, 0.09934640522875816, 0.21792717086834734, 0.0938375350140056, 0.061718020541549956, 0.08944911297852474, 0.026050420168067228, 0.010924369747899159, 0.01699346405228758, 0.006535947712418301, 0.002147525676937442, 0.0038281979458450045, 0.0007469654528478057, 0.0, 0.0], [0.00018779342723004695, 9.389671361502347e-05, 9.389671361502347e-05, 9.389671361502347e-05, 0.0006572769953051643, 0.0006572769953051643, 0.0005633802816901409, 0.0013145539906103286, 0.001596244131455399, 0.006854460093896714, 0.012206572769953052, 0.026103286384976526, 0.04854460093896713, 0.07004694835680751, 0.10807511737089202, 0.15342723004694836, 0.19821596244131456, 0.12497652582159624, 0.13295774647887323, 0.05032863849765258, 0.028169014084507043, 0.020187793427230045, 0.007042253521126761, 0.0028169014084507044, 0.0024413145539906103, 0.0018779342723004694, 0.00046948356807511736, 0.0, 0.0, 0.0, 0.0], [0.0, 0.0001327844907714779, 0.0, 0.0001327844907714779, 0.0002655689815429558, 0.0009294914354003453, 0.001195060416943301, 0.002390120833886602, 0.0039835347231443365, 0.006772009029345372, 0.014207940512548135, 0.024432346301951933, 0.03731244190678529, 0.04992696853007569, 0.0883016863630328, 0.141149913690081, 0.1663789669366618, 0.11685035187890054, 0.1484530606825123, 0.07754614261054309, 0.04156154561147258, 0.03704687292524233, 0.020448811578807596, 0.008896560881689018, 0.007701500464745718, 0.002788474306201036, 0.0006639224538573894, 0.0005311379630859116, 0.0, 0.0, 0.0], [0.0, 0.0, 0.0, 0.0, 0.00031323414252153485, 0.0, 0.0009397024275646045, 0.001096319498825372, 0.0017227877838684417, 0.00422866092404072, 0.011119812059514487, 0.01691464369616288, 0.029600626468285044, 0.05121378230227095, 0.09099451840250587, 0.12231793265465936, 0.15160532498042287, 0.09725920125293656, 0.1826155050900548, 0.0682850430696946, 0.04166014095536413, 0.05403288958496476, 0.022866092404072044, 0.014252153484729836, 0.017697729052466717, 0.00845732184808144, 0.005168363351605325, 0.0029757243539545813, 0.0026624902114330464, 0.0, 0.0], [0.00042069835927639884, 0.0008413967185527977, 0.00042069835927639884, 0.0012620950778291964, 0.002524190155658393, 0.0033655868742111907, 0.004627681952040387, 0.008413967185527976, 0.015986537652503154, 0.030710980227177113, 0.04249053428691628, 0.06100126209507783, 0.06647034076567102, 0.09213294068153134, 0.12452671434581405, 0.10938157341186369, 0.12074042911232646, 0.08035338662179217, 0.12158182583087926, 0.03323517038283551, 0.023559108119478336, 0.027766091712242324, 0.007993268826251577, 0.005889777029869584, 0.009676062263357174, 0.0037862852334875894, 0.0008413967185527977, 0.0, 0.0, 0.0, 0.0], [0.0, 0.0, 0.0, 0.002191380569758948, 0.0014609203798392988, 0.0029218407596785976, 0.004382761139517896, 0.01241782322863404, 0.013148283418553688, 0.014609203798392988, 0.02483564645726808, 0.03798392987582177, 0.050401753104455806, 0.056245434623813005, 0.09203798392987582, 0.1183345507669832, 0.13878743608473337, 0.12052593133674215, 0.15412710007304603, 0.0547845142439737, 0.029218407596785977, 0.02556610664718773, 0.02191380569758948, 0.005843681519357195, 0.009495982468955442, 0.003652300949598247, 0.0029218407596785976, 0.002191380569758948, 0.0, 0.0, 0.0], [0.000314070351758794, 0.0, 0.0, 0.0, 0.000628140703517588, 0.0009422110552763819, 0.0032977386934673367, 0.005653266331658292, 0.008479899497487437, 0.016959798994974875, 0.03187814070351759, 0.04883793969849246, 0.06673994974874371, 0.09469221105527638, 0.13787688442211055, 0.1408605527638191, 0.13740577889447236, 0.08731155778894473, 0.10270100502512562, 0.03690326633165829, 0.024497487437185928, 0.02559673366834171, 0.0103643216080402, 0.004868090452261307, 0.007380653266331658, 0.0032977386934673367, 0.0009422110552763819, 0.001256281407035176, 0.000314070351758794, 0.0, 0.0], [0.0, 0.0, 0.0, 0.0005116398055768739, 0.0007674597083653108, 0.00025581990278843696, 0.0028140189306728063, 0.0020465592223074956, 0.004604758250191865, 0.011000255819902788, 0.017139933486825274, 0.025837810181632132, 0.03862880532105398, 0.05397799948836019, 0.07981580966999233, 0.11614223586595038, 0.1289332310053722, 0.1107700179073932, 0.15093374264517778, 0.06497825530826298, 0.047326682015860835, 0.05423381939114863, 0.023023791250959325, 0.014070094653364031, 0.02532617037605526, 0.010744435917114352, 0.007930416986441546, 0.004604758250191865, 0.003581478639038117, 0.0, 0.0], [0.0, 0.0, 0.0, 0.0, 0.0002213368747233289, 0.0, 0.0011066843736166445, 0.0013280212483399733, 0.003098716246126605, 0.011730854360336431, 0.01637892872952634, 0.027224435590969456, 0.049358123063302346, 0.07060646303674192, 0.10203629924745462, 0.12682602921646746, 0.15117308543603364, 0.10270030987162461, 0.1522797698096503, 0.061752988047808766, 0.04050464807436919, 0.04072598494909252, 0.01615759185480301, 0.00597609561752988, 0.006861443116423196, 0.003098716246126605, 0.007082779991146525, 0.0015493581230633024, 0.0002213368747233289, 0.0, 0.0], [0.0002772002772002772, 0.0001386001386001386, 0.0001386001386001386, 0.0001386001386001386, 0.0005544005544005544, 0.0012474012474012475, 0.0012474012474012475, 0.003187803187803188, 0.0058212058212058215, 0.009286209286209286, 0.024393624393624393, 0.03631323631323631, 0.06056826056826057, 0.08371448371448371, 0.12030492030492031, 0.14899514899514898, 0.15744975744975745, 0.10824670824670825, 0.10783090783090783, 0.05488565488565489, 0.02855162855162855, 0.022314622314622314, 0.01178101178101178, 0.0042966042966042966, 0.00498960498960499, 0.002356202356202356, 0.0009702009702009702, 0.0, 0.0, 0.0, 0.0], [0.0, 0.0, 0.0, 0.00023980815347721823, 0.0007194244604316547, 0.0009592326139088729, 0.0014388489208633094, 0.0035971223021582736, 0.005275779376498801, 0.008872901678657074, 0.018465227817745802, 0.027817745803357313, 0.046762589928057555, 0.06498800959232615, 0.10311750599520383, 0.13477218225419665, 0.1580335731414868, 0.11798561151079137, 0.12685851318944844, 0.05971223021582734, 0.04220623501199041, 0.03261390887290168, 0.017745803357314148, 0.005995203836930456, 0.011990407673860911, 0.005035971223021582, 0.0026378896882494006, 0.0019184652278177458, 0.00023980815347721823, 0.0, 0.0], [0.0, 0.0, 0.0, 0.000273224043715847, 0.0, 0.001092896174863388, 0.001639344262295082, 0.00273224043715847, 0.005737704918032787, 0.006010928961748634, 0.012295081967213115, 0.02185792349726776, 0.03224043715846994, 0.04781420765027322, 0.08688524590163935, 0.1087431693989071, 0.14344262295081966, 0.10655737704918032, 0.17158469945355193, 0.0773224043715847, 0.045081967213114756, 0.059562841530054644, 0.022950819672131147, 0.01448087431693989, 0.018852459016393444, 0.00819672131147541, 0.003278688524590164, 0.000819672131147541, 0.000546448087431694, 0.0, 0.0], [0.0, 0.0, 0.00030609121518212427, 0.0, 0.00015304560759106213, 0.0004591368227731864, 0.0006121824303642485, 0.0021426385062748698, 0.0021426385062748698, 0.006121824303642486, 0.012702785430058157, 0.027701254973982247, 0.046372819100091826, 0.07820630547903275, 0.11463116008570554, 0.12335475971839609, 0.14508723599632692, 0.10407101316192226, 0.1374349556167738, 0.05723905723905724, 0.03673094582185491, 0.039638812366085095, 0.023415977961432508, 0.009182736455463728, 0.01775329048056321, 0.005203550658096113, 0.004897459442913988, 0.0026017753290480563, 0.0018365472910927456, 0.0, 0.0], [0.0, 0.0, 9.675858732462506e-05, 0.0, 9.675858732462506e-05, 0.00019351717464925012, 0.00019351717464925012, 0.0013546202225447508, 0.0021286889211417515, 0.005805515239477504, 0.011707789066279633, 0.022447992259313015, 0.03880019351717465, 0.055152394775036286, 0.08137397194000967, 0.09995162070633769, 0.13110788582486696, 0.11001451378809869, 0.19912917271407837, 0.07982583454281568, 0.04837929366231253, 0.059700048379293665, 0.01857764876632801, 0.009869375907111757, 0.013836477987421384, 0.0049346879535558785, 0.0022254475084663764, 0.0019351717464925011, 0.0011611030478955006, 0.0, 0.0], [0.0, 0.0, 0.0, 0.0, 0.0, 0.00012250398137939484, 0.0006125199068969741, 0.0004900159255175794, 0.0024500796275878966, 0.005512679162072767, 0.008330270733798849, 0.020458164890358937, 0.034301114786230553, 0.05880191106210952, 0.09298052186696068, 0.13659193923802523, 0.17946833272081342, 0.12446404508146515, 0.17983584466495162, 0.06357956633590592, 0.031116011270366287, 0.03932377802278574, 0.009677814528972192, 0.002940095553105476, 0.004165135366899424, 0.0019600637020703174, 0.0023275756462085018, 0.0004900159255175794, 0.0, 0.0, 0.0], [0.0, 0.004273504273504274, 0.0, 0.004273504273504274, 0.004273504273504274, 0.021367521367521368, 0.02564102564102564, 0.021367521367521368, 0.07692307692307693, 0.042735042735042736, 0.042735042735042736, 0.07264957264957266, 0.07692307692307693, 0.12393162393162394, 0.09401709401709402, 0.11538461538461539, 0.08547008547008547, 0.07264957264957266, 0.042735042735042736, 0.01282051282051282, 0.021367521367521368, 0.01282051282051282, 0.01282051282051282, 0.01282051282051282, 0.0, 0.0, 0.0, 0.0, 0.0, 0.0, 0.0]]}, "ranks": {"labels": ["Unranked", "Combatatent I", "Combatatent II", "Challenger I", "Challenger II", "Rival I", "Rival II", "Duelist", "Elite"], "data": [[0.12307692307692308, 0.16538461538461538, 0.18846153846153846, 0.21923076923076923, 0.14615384615384616, 0.08461538461538462, 0.03461538461538462, 0.038461538461538464, 0.0], [0.05511443250817375, 0.08687529191966371, 0.1452592246613732, 0.23820644558617468, 0.2414759458197104, 0.15133115366651098, 0.0406352171882298, 0.029425502101821578, 0.011676786548341896], [0.010866372980910427, 0.02290748898678414, 0.05682819383259912, 0.1303964757709251, 0.24287812041116005, 0.28913362701908957, 0.09236417033773862, 0.11380323054331865, 0.0408223201174743], [0.023174346537321477, 0.04136351387766101, 0.09822150363783347, 0.20075451360819185, 0.27243330638641877, 0.21274589059552682, 0.07504715710051199, 0.06372945297763406, 0.012530315278900566], [0.14583333333333334, 0.125, 0.20833333333333334, 0.13541666666666666, 0.13541666666666666, 0.125, 0.052083333333333336, 0.07291666666666667, 0.0], [0.01130328203731445, 0.03390984611194335, 0.09778019882881656, 0.21980117118344, 0.2647419310908348, 0.18793408688546914, 0.06890916519133869, 0.08375323437287212, 0.03186708429797085], [0.06799880703847301, 0.08917387414255891, 0.16433045034297644, 0.25022368028631076, 0.207873546078139, 0.1103489412466448, 0.041157172681181034, 0.03996421115419028, 0.028929317029525798], [0.2781954887218045, 0.20300751879699247, 0.19548872180451127, 0.13533834586466165, 0.07894736842105263, 0.04887218045112782, 0.041353383458646614, 0.018796992481203006, 0.0], [0.0471026770586242, 0.09691629955947137, 0.15836439624985882, 0.23732068225460295, 0.19948040212357393, 0.11849090703716254, 0.05467073308483, 0.06167400881057269, 0.025979893821303512], [0.009254749147588894, 0.01753531417437896, 0.03507062834875792, 0.11738918655625913, 0.18801753531417437, 0.22260107160253287, 0.12226010716025329, 0.18460789089137847, 0.10326351680467609], [0.04353932584269663, 0.0684691011235955, 0.1425561797752809, 0.21875, 0.2422752808988764, 0.16537921348314608, 0.05372191011235955, 0.0488061797752809, 0.016502808988764044], [0.05919494869771113, 0.1254932912391476, 0.1957379636937648, 0.27150749802683505, 0.18705603788476716, 0.0909629044988161, 0.03413575374901342, 0.029005524861878452, 0.006906077348066298], [0.025233132199670872, 0.06673980618028891, 0.1272627537026879, 0.22801243371731578, 0.248674346315597, 0.1740720424209179, 0.05778021576156519, 0.05522033278478698, 0.017004936917169502], [0.026862973007878082, 0.057858711093891256, 0.10486891385767791, 0.2109001678935813, 0.2575229239312928, 0.18352059925093633, 0.07012785741960481, 0.0653493477980111, 0.022988505747126436], [0.010467194281337758, 0.030635690579525147, 0.09292826142455961, 0.19402604033699258, 0.2777635945876947, 0.20908858820525913, 0.08424814909369416, 0.07837630839928517, 0.022466173091651775], [0.033569739952718676, 0.05531914893617021, 0.12245862884160756, 0.20520094562647753, 0.2359338061465721, 0.1470449172576832, 0.08085106382978724, 0.07801418439716312, 0.04160756501182033], [0.03176527643064985, 0.06644034917555772, 0.15300678952473326, 0.24854510184287099, 0.229631425800194, 0.1440349175557711, 0.0518913676042677, 0.05358874878758487, 0.021096023278370513], [0.024313869957634925, 0.05507459937373365, 0.12506907349419782, 0.23319211641186222, 0.24663842328237245, 0.19045864800147358, 0.05286424755940321, 0.05323263952845828, 0.01915638239086388], [0.14084507042253522, 0.09859154929577464, 0.11267605633802817, 0.2535211267605634, 0.18309859154929578, 0.056338028169014086, 0.04225352112676056, 0.09859154929577464, 0.014084507042253521], [0.012671189043901191, 0.03250991936516063, 0.08997824139255088, 0.23166517342890056, 0.2980929220529886, 0.1692051708690644, 0.07692307692307693, 0.0705234864968642, 0.01843082042749264], [0.008464533604198408, 0.022515659387167767, 0.05366514305061791, 0.14017267648552564, 0.25545962417470797, 0.24005417301506687, 0.1127475876079228, 0.12409006263754867, 0.04283054003724395], [0.016357206012378427, 0.03691423519009726, 0.06774977895667551, 0.15340406719717065, 0.26591511936339524, 0.23110079575596817, 0.09946949602122016, 0.10234305923961097, 0.02674624226348364], [0.022684310018903593, 0.04725897920604915, 0.13610586011342155, 0.2533081285444234, 0.31190926275992437, 0.17391304347826086, 0.030245746691871456, 0.024574669187145556, 0.0], [0.009897292250233426, 0.02726423902894491, 0.06881419234360411, 0.1395891690009337, 0.2242763772175537, 0.2676937441643324, 0.1057889822595705, 0.12642390289449112, 0.030252100840336135], [0.012112676056338029, 0.03830985915492958, 0.11859154929577465, 0.2615023474178404, 0.3231924882629108, 0.1596244131455399, 0.051830985915492955, 0.03004694835680751, 0.004788732394366197], [0.01580135440180587, 0.03864028681450007, 0.08723941043686098, 0.2294516000531138, 0.28322931881556235, 0.19107688222015667, 0.07648386668437127, 0.06639224538573894, 0.011685035187890054], [0.008300704776820673, 0.028034455755677368, 0.08081440877055598, 0.21331245105716523, 0.24886452623335945, 0.21910728269381363, 0.07345340642129992, 0.09115113547376665, 0.036961628817541115], [0.068573832562053, 0.10349179638199411, 0.15860328144720234, 0.23390828775767775, 0.20109381573411864, 0.1384097602019352, 0.03996634413125789, 0.041649137568363484, 0.01430374421539756], [0.05113221329437546, 0.06281957633308985, 0.10664718772826881, 0.21037253469685901, 0.25931336742147554, 0.18845872899926955, 0.04967129291453616, 0.053323593864134405, 0.018261504747991233], [0.036275125628140704, 0.08071608040201005, 0.1614321608040201, 0.27873743718592964, 0.2247173366834171, 0.12327261306532664, 0.04082914572864322, 0.04082914572864322, 0.013190954773869347], [0.022000511639805577, 0.042977743668457406, 0.09260680480941418, 0.1959580455359427, 0.23970324891276543, 0.1834228702993093, 0.07981580966999233, 0.09132770529547199, 0.052187260168841135], [0.017485613103142984, 0.043603364320495795, 0.11996458610004426, 0.2288623284639221, 0.25387339530765823, 0.18570163789287294, 0.06883576803895529, 0.06285967242142541, 0.018813634351482957], [0.02203742203742204, 0.06070686070686071, 0.1442827442827443, 0.2693000693000693, 0.2656964656964657, 0.13984753984753984, 0.05142065142065142, 0.03839223839223839, 0.008316008316008316], [0.021103117505995205, 0.04628297362110312, 0.11175059952038369, 0.2378896882494005, 0.2760191846522782, 0.15947242206235013, 0.06930455635491607, 0.05635491606714628, 0.02182254196642686], [0.017486338797814208, 0.03415300546448088, 0.08005464480874316, 0.19562841530054645, 0.25, 0.21420765027322405, 0.07978142076502732, 0.09699453551912568, 0.03169398907103825], [0.011937557392102846, 0.04040404040404041, 0.12457912457912458, 0.2379859198041016, 0.24915824915824916, 0.16942148760330578, 0.06198347107438017, 0.07223752678298133, 0.03229262320171411], [0.009869375907111757, 0.034155781325592646, 0.09395258829221094, 0.18132559264634737, 0.24112239961296564, 0.24141267537493952, 0.08592162554426705, 0.08814707305273344, 0.02409288824383164], [0.009187798603454611, 0.028788435624157786, 0.09310302584834007, 0.22957246110498591, 0.30393237780227855, 0.2154845032463555, 0.059046919024868305, 0.05194168810486341, 0.008942790640695822], [0.20085470085470086, 0.11538461538461539, 0.20085470085470086, 0.2094017094017094, 0.1581196581196581, 0.04700854700854701, 0.029914529914529916, 0.038461538461538464, 0.0]]}, "ranksDetailed": {"labels": ["Unranked", "Combatatant", "Challenger", "Rival", "Duelist", "Elite"], "data": [[0.12307692307692308, 0.35384615384615387, 0.36538461538461536, 0.11923076923076924, 0.038461538461538464, 0.0], [0.05511443250817375, 0.2321345165810369, 0.4796823914058851, 0.19196637085474078, 0.029425502101821578, 0.011676786548341896], [0.010866372980910427, 0.07973568281938326, 0.3732745961820852, 0.3814977973568282, 0.11380323054331865, 0.0408223201174743], [0.023174346537321477, 0.13958501751549449, 0.4731878199946106, 0.2877930476960388, 0.06372945297763406, 0.012530315278900566], [0.14583333333333334, 0.3333333333333333, 0.2708333333333333, 0.17708333333333334, 0.07291666666666667, 0.0], [0.01130328203731445, 0.13169004494075992, 0.48454310227427483, 0.25684325207680786, 0.08375323437287212, 0.03186708429797085], [0.06799880703847301, 0.25350432448553534, 0.45809722636444977, 0.15150611392782581, 0.03996421115419028, 0.028929317029525798], [0.2781954887218045, 0.39849624060150374, 0.21428571428571427, 0.09022556390977443, 0.018796992481203006, 0.0], [0.0471026770586242, 0.25528069580933016, 0.4368010843781769, 0.17316164012199253, 0.06167400881057269, 0.025979893821303512], [0.009254749147588894, 0.05260594252313687, 0.3054067218704335, 0.34486117876278616, 0.18460789089137847, 0.10326351680467609], [0.04353932584269663, 0.2110252808988764, 0.4610252808988764, 0.21910112359550563, 0.0488061797752809, 0.016502808988764044], [0.05919494869771113, 0.3212312549329124, 0.4585635359116022, 0.1250986582478295, 0.029005524861878452, 0.006906077348066298], [0.025233132199670872, 0.19400255988297677, 0.47668678003291276, 0.2318522581824831, 0.05522033278478698, 0.017004936917169502], [0.026862973007878082, 0.16272762495156917, 0.46842309182487407, 0.25364845667054114, 0.0653493477980111, 0.022988505747126436], [0.010467194281337758, 0.12356395200408476, 0.4717896349246873, 0.29333673729895327, 0.07837630839928517, 0.022466173091651775], [0.033569739952718676, 0.17777777777777778, 0.44113475177304967, 0.22789598108747045, 0.07801418439716312, 0.04160756501182033], [0.03176527643064985, 0.21944713870029098, 0.478176527643065, 0.1959262851600388, 0.05358874878758487, 0.021096023278370513], [0.024313869957634925, 0.18014367286793148, 0.47983053969423467, 0.24332289556087677, 0.05323263952845828, 0.01915638239086388], [0.14084507042253522, 0.2112676056338028, 0.43661971830985913, 0.09859154929577464, 0.09859154929577464, 0.014084507042253521], [0.012671189043901191, 0.1224881607577115, 0.5297580954818891, 0.2461282477921413, 0.0705234864968642, 0.01843082042749264], [0.008464533604198408, 0.07618080243778567, 0.39563230066023364, 0.3528017606229897, 0.12409006263754867, 0.04283054003724395], [0.016357206012378427, 0.10466401414677277, 0.4193191865605659, 0.33057029177718833, 0.10234305923961097, 0.02674624226348364], [0.022684310018903593, 0.1833648393194707, 0.5652173913043478, 0.20415879017013233, 0.024574669187145556, 0.0], [0.009897292250233426, 0.09607843137254903, 0.3638655462184874, 0.3734827264239029, 0.12642390289449112, 0.030252100840336135], [0.012112676056338029, 0.15690140845070422, 0.5846948356807512, 0.21145539906103286, 0.03004694835680751, 0.004788732394366197], [0.01580135440180587, 0.12587969725136103, 0.5126809188686762, 0.26756074890452797, 0.06639224538573894, 0.011685035187890054], [0.008300704776820673, 0.10884886452623337, 0.46217697729052465, 0.29256068911511357, 0.09115113547376665, 0.036961628817541115], [0.068573832562053, 0.26209507782919644, 0.43500210349179635, 0.1783761043331931, 0.041649137568363484, 0.01430374421539756], [0.05113221329437546, 0.16946676406135866, 0.46968590211833455, 0.2381300219138057, 0.053323593864134405, 0.018261504747991233], [0.036275125628140704, 0.24214824120603015, 0.5034547738693468, 0.16410175879396985, 0.04082914572864322, 0.013190954773869347], [0.022000511639805577, 0.13558454847787157, 0.4356612944487081, 0.2632386799693016, 0.09132770529547199, 0.052187260168841135], [0.017485613103142984, 0.16356795042054006, 0.48273572377158036, 0.2545374059318282, 0.06285967242142541, 0.018813634351482957], [0.02203742203742204, 0.204989604989605, 0.534996534996535, 0.19126819126819128, 0.03839223839223839, 0.008316008316008316], [0.021103117505995205, 0.1580335731414868, 0.5139088729016786, 0.22877697841726619, 0.05635491606714628, 0.02182254196642686], [0.017486338797814208, 0.11420765027322405, 0.4456284153005464, 0.2939890710382514, 0.09699453551912568, 0.03169398907103825], [0.011937557392102846, 0.16498316498316498, 0.4871441689623508, 0.23140495867768596, 0.07223752678298133, 0.03229262320171411], [0.009869375907111757, 0.12810836961780359, 0.422447992259313, 0.32733430091920657, 0.08814707305273344, 0.02409288824383164], [0.009187798603454611, 0.12189146147249785, 0.5335048389072645, 0.2745314222712238, 0.05194168810486341, 0.008942790640695822], [0.20085470085470086, 0.3162393162393162, 0.36752136752136755, 0.07692307692307693, 0.038461538461538464, 0.0]]}}}, "eu": {"histType": {"histogram": {"labels": ["0", "100", "200", "300", "400", "500", "600", "700", "800", "900", "1000", "1100", "1200", "1300", "1400", "1500", "1600", "1700", "1800", "1900", "2000", "2100", "2200", "2300", "2400", "2500", "2600", "2700", "2800", "2900", "3000"], "data": [[0.0, 0.0, 0.0, 0.0, 0.0, 0.009852216748768473, 0.014778325123152709, 0.014778325123152709, 0.04926108374384237, 0.04926108374384237, 0.07881773399014778, 0.059113300492610835, 0.054187192118226604, 0.11330049261083744, 0.14285714285714285, 0.10837438423645321, 0.09359605911330049, 0.07881773399014778, 0.04926108374384237, 0.034482758620689655, 0.009852216748768473, 0.009852216748768473, 0.014778325123152709, 0.009852216748768473, 0.0049261083743842365, 0.0, 0.0, 0.0, 0.0, 0.0, 0.0], [0.0, 0.0, 0.0005027652086475615, 0.001005530417295123, 0.0015082956259426848, 0.0030165912518853697, 0.006033182503770739, 0.008547008547008548, 0.020110608345902465, 0.027149321266968326, 0.03720462543991956, 0.05279034690799397, 0.06636500754147813, 0.08697838109602815, 0.1231774761186526, 0.11965811965811966, 0.1503267973856209, 0.08094519859225742, 0.1216691804927099, 0.03720462543991956, 0.017596782302664656, 0.0196078431372549, 0.004524886877828055, 0.003519356460532931, 0.006535947712418301, 0.0015082956259426848, 0.002011060834590246, 0.0005027652086475615, 0.0, 0.0, 0.0], [0.0, 0.0, 0.0, 0.00015552099533437013, 0.00015552099533437013, 0.00015552099533437013, 0.00046656298600311044, 0.0015552099533437014, 0.003110419906687403, 0.0038880248833592537, 0.010575427682737169, 0.015552099533437015, 0.024727838258164853, 0.030948678071539656, 0.053654743390357695, 0.07667185069984447, 0.1374805598755832, 0.10793157076205288, 0.2312597200622084, 0.0869362363919129, 0.05878693623639191, 0.07387247278382582, 0.028460342146189737, 0.013841368584758942, 0.021306376360808708, 0.008864696734059098, 0.0035769828926905133, 0.0037325038880248835, 0.0023328149300155523, 0.0, 0.0], [0.0, 0.0, 0.0, 0.00012868356710848025, 0.00012868356710848025, 0.0002573671342169605, 0.0009007849697593617, 0.0027023549092780852, 0.004503924848796808, 0.009265216831810578, 0.018273066529404195, 0.027924334062540215, 0.03693218376013383, 0.0488997555012225, 0.08454510359027152, 0.11195470338437781, 0.16600180156993952, 0.1198044009779951, 0.17114914425427874, 0.0787543430703899, 0.04439583065242569, 0.042980311414232406, 0.011710204606871702, 0.0055333933856646506, 0.008107064727834255, 0.0025736713421696047, 0.000514734268433921, 0.0012868356710848024, 0.0006434178355424012, 0.00012868356710848025, 0.0], [0.0, 0.0, 0.0, 0.0, 0.010309278350515464, 0.020618556701030927, 0.030927835051546393, 0.05154639175257732, 0.041237113402061855, 0.030927835051546393, 0.08247422680412371, 0.1134020618556701, 0.030927835051546393, 0.020618556701030927, 0.09278350515463918, 0.10309278350515463, 0.05154639175257732, 0.09278350515463918, 0.061855670103092786, 0.061855670103092786, 0.041237113402061855, 0.010309278350515464, 0.030927835051546393, 0.010309278350515464, 0.0, 0.010309278350515464, 0.0, 0.0, 0.0, 0.0, 0.0], [0.0, 0.00013810247203424942, 0.00013810247203424942, 0.00027620494406849883, 0.0004143074161027482, 0.00013810247203424942, 0.0004143074161027482, 0.002071537080513741, 0.003038254384753487, 0.0066289186576439715, 0.012153017539013948, 0.02085347327717166, 0.034249413064493854, 0.058279243198453255, 0.0911476315426046, 0.116282281452838, 0.1498411821571606, 0.1064770059384063, 0.15467476867835933, 0.07540394973070018, 0.04212125397044607, 0.060074575334898496, 0.022096395525479907, 0.009943377986465957, 0.017539013948349676, 0.0075956359618837175, 0.003590664272890485, 0.002623946968650739, 0.0013810247203424942, 0.0004143074161027482, 0.0], [0.00027533039647577095, 0.00027533039647577095, 0.00027533039647577095, 0.0013766519823788547, 0.003303964757709251, 0.0024779735682819385, 0.003579295154185022, 0.011288546255506607, 0.02064977973568282, 0.027257709251101322, 0.042951541850220265, 0.05892070484581498, 0.07433920704845814, 0.08838105726872247, 0.09416299559471365, 0.1269273127753304, 0.12720264317180616, 0.07764317180616741, 0.08507709251101321, 0.04405286343612335, 0.026982378854625552, 0.027257709251101322, 0.01238986784140969, 0.007158590308370044, 0.01238986784140969, 0.006883259911894273, 0.006607929515418502, 0.005506607929515419, 0.004405286343612335, 0.0, 0.0], [0.0, 0.0, 0.0, 0.0, 0.010471204188481676, 0.020942408376963352, 0.005235602094240838, 0.05759162303664921, 0.02617801047120419, 0.06806282722513089, 0.07853403141361257, 0.10471204188481675, 0.08900523560209424, 0.06282722513089005, 0.11518324607329843, 0.12041884816753927, 0.08900523560209424, 0.06282722513089005, 0.010471204188481676, 0.03664921465968586, 0.03664921465968586, 0.005235602094240838, 0.0, 0.0, 0.0, 0.0, 0.0, 0.0, 0.0, 0.0, 0.0], [0.00033810436154626394, 0.00011270145384875464, 0.00045080581539501857, 0.00045080581539501857, 0.0007889101769412826, 0.0015