{"region": {"us": {"histType": {"histogram": {"labels": ["0", "100", "200", "300", "400", "500", "600", "700", "800", "900", "1000", "1100", "1200", "1300", "1400", "1500", "1600", "1700", "1800", "1900", "2000", "2100", "2200", "2300", "2400", "2500", "2600", "2700", "2800", "2900", "3000", "3100"], "data": [[0.0, 0.0, 0.003484320557491289, 0.003484320557491289, 0.003484320557491289, 0.010452961672473868, 0.024390243902439025, 0.013937282229965157, 0.03484320557491289, 0.027874564459930314, 0.06968641114982578, 0.08013937282229965, 0.07665505226480836, 0.11149825783972125, 0.10452961672473868, 0.12195121951219512, 0.07665505226480836, 0.07317073170731707, 0.05574912891986063, 0.059233449477351915, 0.010452961672473868, 0.017421602787456445, 0.020905923344947737, 0.0, 0.0, 0.0, 0.0, 0.0, 0.0, 0.0, 0.0, 0.0], [0.0, 0.0008791208791208791, 0.0, 0.00043956043956043956, 0.0008791208791208791, 0.0013186813186813187, 0.005714285714285714, 0.011868131868131869, 0.01010989010989011, 0.0210989010989011, 0.03560439560439561, 0.046153846153846156, 0.06637362637362637, 0.07472527472527472, 0.10593406593406593, 0.12263736263736263, 0.15296703296703296, 0.09054945054945054, 0.13846153846153847, 0.04923076923076923, 0.02241758241758242, 0.018461538461538463, 0.0074725274725274725, 0.005714285714285714, 0.003076923076923077, 0.0035164835164835165, 0.004395604395604396, 0.0, 0.0, 0.0, 0.0, 0.0], [0.00013986013986013986, 0.0, 0.0, 0.0002797202797202797, 0.0002797202797202797, 0.0002797202797202797, 0.0002797202797202797, 0.0006993006993006993, 0.0037762237762237762, 0.004615384615384616, 0.008671328671328672, 0.012447552447552447, 0.020559440559440558, 0.032167832167832165, 0.04755244755244755, 0.07342657342657342, 0.12615384615384614, 0.10545454545454545, 0.25020979020979023, 0.08783216783216784, 0.05888111888111888, 0.0793006993006993, 0.024755244755244755, 0.013846153846153847, 0.02895104895104895, 0.009790209790209791, 0.004055944055944056, 0.0036363636363636364, 0.0011188811188811189, 0.0008391608391608392, 0.0, 0.0], [0.0, 0.0, 0.0, 0.0, 0.00012784454103809768, 0.00025568908207619537, 0.001150600869342879, 0.002429046279723856, 0.0063922270519048835, 0.011250319611352595, 0.017770391204295577, 0.02083866018920992, 0.03758629506520072, 0.053950396318077215, 0.07811301457427768, 0.10854001534134493, 0.16172334441319355, 0.11071337253899259, 0.18524673996420352, 0.07248785476860138, 0.046407568396829454, 0.0493479928407057, 0.015213500383533623, 0.0063922270519048835, 0.00933265149578113, 0.002429046279723856, 0.0010227563283047815, 0.0010227563283047815, 0.00025568908207619537, 0.0, 0.0, 0.0], [0.0, 0.0, 0.0, 0.0, 0.009615384615384616, 0.0, 0.0, 0.038461538461538464, 0.028846153846153848, 0.057692307692307696, 0.04807692307692308, 0.07692307692307693, 0.07692307692307693, 0.11538461538461539, 0.0673076923076923, 0.0673076923076923, 0.08653846153846154, 0.038461538461538464, 0.08653846153846154, 0.10576923076923077, 0.028846153846153848, 0.057692307692307696, 0.0, 0.009615384615384616, 0.0, 0.0, 0.0, 0.0, 0.0, 0.0, 0.0, 0.0], [0.0, 0.0, 0.0, 0.0, 0.0, 0.0002635740643120717, 0.0, 0.0018450184501845018, 0.001713231418028466, 0.007116499736425936, 0.011597258829731154, 0.019768054823405375, 0.03439641539272536, 0.05930416447021613, 0.08842909857670005, 0.1224301528729573, 0.15682656826568267, 0.10556141275698472, 0.15906694781233527, 0.06787032156035847, 0.04111755403268318, 0.05719557195571956, 0.02029520295202952, 0.009488666315234581, 0.019504480759093307, 0.006721138639957828, 0.003953610964681075, 0.0036900369003690036, 0.0014496573537163943, 0.00039536109646810753, 0.0, 0.0], [0.0, 0.0, 0.00028121484814398203, 0.001687289088863892, 0.001687289088863892, 0.003093363329583802, 0.004780652418447694, 0.008717660292463443, 0.018841394825646795, 0.02784026996625422, 0.03993250843644545, 0.04640044994375703, 0.07058492688413948, 0.08689538807649044, 0.11192350956130484, 0.1296400449943757, 0.12823397075365578, 0.08323959505061868, 0.09758155230596176, 0.03655793025871766, 0.028683914510686165, 0.023903262092238472, 0.012373453318335208, 0.0064679415073115865, 0.012373453318335208, 0.00562429696287964, 0.007592800899887514, 0.0022497187851518562, 0.002530933633295838, 0.00028121484814398203, 0.0, 0.0], [0.0035714285714285713, 0.0, 0.0035714285714285713, 0.010714285714285714, 0.010714285714285714, 0.014285714285714285, 0.017857142857142856, 0.05, 0.05357142857142857, 0.10714285714285714, 0.09285714285714286, 0.09642857142857143, 0.10357142857142858, 0.10357142857142858, 0.07142857142857142, 0.06428571428571428, 0.06428571428571428, 0.02857142857142857, 0.025, 0.03571428571428571, 0.02142857142857143, 0.02142857142857143, 0.0, 0.0, 0.0, 0.0, 0.0, 0.0, 0.0, 0.0, 0.0, 0.0], [0.00042278828876440123, 0.00031709121657330094, 0.0005284853609555016, 0.0005284853609555016, 0.0006341824331466019, 0.0019025472994398055, 0.001691153155057605, 0.005496247753937216, 0.01025261600253673, 0.02103371736602896, 0.03657118697812071, 0.05232005073459465, 0.06701194376915759, 0.07758165098826762, 0.09977803614839868, 0.12250290666948525, 0.13117006658915548, 0.08371208117535145, 0.09681851812704788, 0.056230842405665366, 0.036359792833738504, 0.03720536941126731, 0.015431772539900645, 0.012366557446358737, 0.01744001691153155, 0.008350068703096925, 0.00359370045449741, 0.0026424268047775075, 0.00010569707219110031, 0.0, 0.0, 0.0], [0.0, 0.0, 0.0, 0.0, 0.0, 0.00041597337770382697, 0.00041597337770382697, 0.00041597337770382697, 0.00041597337770382697, 0.005407653910149751, 0.0074875207986688855, 0.007071547420965058, 0.012895174708818636, 0.024958402662229616, 0.04367720465890183, 0.06405990016638935, 0.08860232945091515, 0.08610648918469219, 0.17678868552412647, 0.08985024958402663, 0.08652246256239601, 0.1127287853577371, 0.05574043261231281, 0.02454242928452579, 0.058652246256239604, 0.021214642262895173, 0.010399334442595673, 0.012479201331114808, 0.0074875207986688855, 0.0016638935108153079, 0.0, 0.0], [0.0, 0.0, 0.0006682258603407952, 0.0, 0.0023387905111927833, 0.0010023387905111927, 0.004009355162044771, 0.003341129301703976, 0.012362178416304711, 0.019044437019712663, 0.03040427664550618, 0.03875709989976612, 0.061476779151353154, 0.07484129635816907, 0.09488807216839291, 0.11526896090878717, 0.14300033411293017, 0.09421984630805212, 0.14567323755429334, 0.04911460073504845, 0.037086535248914136, 0.03407951887738055, 0.011359839625793518, 0.009021049114600735, 0.008686936184430337, 0.0036752422318743734, 0.004343468092215168, 0.0013364517206815904, 0.0, 0.0, 0.0, 0.0], [0.0, 0.00018914318138831096, 0.0005674295441649329, 0.0005674295441649329, 0.0009457159069415548, 0.0020805749952714204, 0.004917722716096085, 0.008511443162473993, 0.015131454511064877, 0.024777756761868736, 0.052770947607338754, 0.06601097030452052, 0.09059958388500094, 0.10081331567996973, 0.13693966332513713, 0.13183279742765272, 0.12161906563268395, 0.07414412710421789, 0.07357669756005296, 0.036126347645167395, 0.021373179496879138, 0.01607717041800643, 0.00794401361830906, 0.004539436353319463, 0.00397200680915453, 0.0030262909022129754, 0.0005674295441649329, 0.0003782863627766219, 0.0, 0.0, 0.0, 0.0], [0.0, 0.0, 0.0, 0.0, 0.00035423308537017357, 0.0007084661707403471, 0.002656748140276302, 0.003365214311016649, 0.007438894792773645, 0.010095642933049946, 0.02532766560396741, 0.03825717321997875, 0.05419766206163656, 0.06942968473255402, 0.10910379029401346, 0.1126461211477152, 0.14488133191640098, 0.10538434289762663, 0.1500177116542685, 0.057385759829968117, 0.03276656039674106, 0.03400637619553666, 0.013106624158696423, 0.0093871767623096, 0.012221041445270989, 0.004073680481756996, 0.001594048884165781, 0.0012398157987956076, 0.00035423308537017357, 0.0, 0.0, 0.0], [0.0002410509822827528, 0.0, 0.0, 0.0001205254911413764, 0.0002410509822827528, 0.0004821019645655056, 0.0015668313848378932, 0.002410509822827528, 0.005182596119079185, 0.014945160901530674, 0.02314089429914427, 0.02940821983849584, 0.03977341207665421, 0.0556827769073159, 0.08268048692298421, 0.11208870676148006, 0.14776425213932748, 0.10497770278413884, 0.15752681692177894, 0.07520790647221888, 0.0454381101602989, 0.04881282391225744, 0.016994094250934073, 0.008918886344461854, 0.012896227552127274, 0.004941545136796432, 0.0019284078582620225, 0.0034952392430999154, 0.0025310353139689043, 0.000602627455706882, 0.0, 0.0], [0.0, 0.0, 0.00024449877750611245, 0.0, 0.0004889975550122249, 0.0004889975550122249, 0.0004889975550122249, 0.0012224938875305623, 0.003911980440097799, 0.003911980440097799, 0.01295843520782396, 0.018337408312958436, 0.037408312958435205, 0.05232273838630807, 0.07775061124694377, 0.10953545232273838, 0.15501222493887531, 0.11295843520782396, 0.16772616136919316, 0.08312958435207823, 0.05061124694376528, 0.05305623471882641, 0.020537897310513448, 0.011980440097799512, 0.014180929095354523, 0.006601466992665036, 0.0012224938875305623, 0.001466992665036675, 0.0019559902200488996, 0.0004889975550122249, 0.0, 0.0], [0.0, 0.0, 0.0, 0.0, 0.0013175230566534915, 0.000878348704435661, 0.000878348704435661, 0.006148440931049627, 0.012296881862099254, 0.014053579270970576, 0.020202020202020204, 0.03337725076855512, 0.049187527448397016, 0.06236275801493193, 0.08300395256916997, 0.11067193675889328, 0.13438735177865613, 0.10628019323671498, 0.12428634167764603, 0.05884936319718929, 0.050505050505050504, 0.04743083003952569, 0.025472112428634168, 0.014931927975406236, 0.018006148440931048, 0.010101010101010102, 0.005270092226613966, 0.002635046113306983, 0.006587615283267457, 0.000878348704435661, 0.0, 0.0], [0.0002311604253351826, 0.0, 0.0004623208506703652, 0.0006934812760055479, 0.0004623208506703652, 0.0009246417013407304, 0.002311604253351826, 0.003929727230698105, 0.0076282940360610264, 0.013638465094775775, 0.02311604253351826, 0.042764678687008784, 0.06796116504854369, 0.08136846971798428, 0.11026352288488211, 0.12852519648636154, 0.1343042071197411, 0.0970873786407767, 0.1208969024503005, 0.052704576976421634, 0.030282015718908924, 0.03698566805362922, 0.014794267221451687, 0.005085529357374018, 0.011789181692094313, 0.00439204808136847, 0.003005085529357374, 0.002311604253351826, 0.0018492834026814608, 0.0002311604253351826, 0.0, 0.0], [0.0, 0.0, 0.00017424638438752395, 0.0003484927687750479, 0.0005227391531625719, 0.0003484927687750479, 0.0012197246907126678, 0.003484927687750479, 0.004356159609688099, 0.012023000522739153, 0.023174769123540686, 0.027879421502003832, 0.05297090085380728, 0.06656211883603415, 0.10123714932915143, 0.12458616483707963, 0.14828367311378288, 0.09757797525701342, 0.16832200731834815, 0.055758843004007665, 0.03240982749607946, 0.03484927687750479, 0.016030667363652204, 0.00575013068478829, 0.01184875413835163, 0.004181913225300575, 0.0022652029970378113, 0.0015682174594877157, 0.0020909566126502874, 0.00017424638438752395, 0.0, 0.0], [0.0, 0.0, 0.0, 0.010752688172043012, 0.010752688172043012, 0.010752688172043012, 0.0, 0.010752688172043012, 0.021505376344086023, 0.06451612903225806, 0.021505376344086023, 0.053763440860215055, 0.043010752688172046, 0.043010752688172046, 0.07526881720430108, 0.10752688172043011, 0.11827956989247312, 0.0967741935483871, 0.053763440860215055, 0.043010752688172046, 0.053763440860215055, 0.021505376344086023, 0.021505376344086023, 0.03225806451612903, 0.08602150537634409, 0.0, 0.0, 0.0, 0.0, 0.0, 0.0, 0.0], [0.0002467003823855927, 0.00012335019119279634, 0.0, 0.00012335019119279634, 0.0002467003823855927, 0.0002467003823855927, 0.00037005057357838907, 0.0016035524855063526, 0.0032071049710127053, 0.006660910324411003, 0.012211668928086838, 0.017639077340569877, 0.034291353151597384, 0.051190329345010485, 0.08794868632046379, 0.13371160725299125, 0.16985321327248057, 0.12655729616380906, 0.13790551375354632, 0.07252991242136425, 0.047243123226841, 0.04897002590354015, 0.017639077340569877, 0.008757863574688541, 0.011348217589737265, 0.004070556309362279, 0.003823855926976687, 0.0014802022943135563, 0.0, 0.0, 0.0, 0.0], [0.0, 0.0, 0.0, 0.00016178611875101117, 0.0, 0.00032357223750202233, 0.0014560750687591004, 0.0008089305937550558, 0.002103219543763145, 0.0033975084937712344, 0.008574664293803592, 0.011972172787574826, 0.02087040931888044, 0.0304157903251901, 0.05144798576282155, 0.08218734832551366, 0.12797281993204984, 0.1202070862320013, 0.1913929784824462, 0.0986895324381168, 0.06908267270668177, 0.08639378741303996, 0.029930431968937066, 0.015531467400097072, 0.023135414981394598, 0.010839669956317749, 0.005986086393787413, 0.004530011325028313, 0.001941433425012134, 0.0006471444750040447, 0.0, 0.0], [0.0003197271661515507, 0.00010657572205051689, 0.0, 0.00021315144410103377, 0.00021315144410103377, 0.0007460300543536182, 0.0008526057764041351, 0.0024512416071618883, 0.003836725993818608, 0.007460300543536183, 0.014814025365021848, 0.01992966002344666, 0.024832143237770436, 0.039646168602792284, 0.057337738463178085, 0.08888415219013109, 0.126185654907812, 0.13034210806778215, 0.18501545347969733, 0.09836939145262709, 0.060535010124693596, 0.06863476500053288, 0.027816263455184908, 0.012575935201960993, 0.017265266972183738, 0.006074816156879463, 0.002877544495363956, 0.0026643930512629224, 0.0, 0.0, 0.0, 0.0], [0.0, 0.0, 0.0, 0.0017953321364452424, 0.0017953321364452424, 0.0, 0.0, 0.005385996409335727, 0.008976660682226212, 0.005385996409335727, 0.01615798922800718, 0.026929982046678635, 0.0466786355475763, 0.09156193895870736, 0.09515260323159784, 0.14542190305206462, 0.17055655296229802, 0.12567324955116696, 0.15439856373429084, 0.05206463195691203, 0.02154398563734291, 0.017953321364452424, 0.008976660682226212, 0.0, 0.003590664272890485, 0.0, 0.0, 0.0, 0.0, 0.0, 0.0, 0.0], [0.0, 0.0, 0.0, 0.0002673082063619353, 0.0, 0.00017820547090795688, 0.0002673082063619353, 0.0008019246190858059, 0.0023166711218034395, 0.005880780539962577, 0.008732068074489887, 0.016751314265347945, 0.028691080816181058, 0.03581929965249933, 0.05675844248418426, 0.07333155127862426, 0.11708099438652766, 0.09248863940122962, 0.22035106477768868, 0.09721108438029047, 0.06584692150049007, 0.09926044729573198, 0.03065134099616858, 0.012385280228103002, 0.019424396328967298, 0.00739552704268021, 0.0029403902699812884, 0.0031185957408892454, 0.002049362915441504, 0.0, 0.0, 0.0], [0.00018253171488546134, 9.126585744273067e-05, 9.126585744273067e-05, 0.00027379757232819205, 0.0005475951446563841, 0.0005475951446563841, 0.0005475951446563841, 0.00136898786164096, 0.0016427854339691522, 0.006571141735876609, 0.012047093182440448, 0.025189376654193667, 0.0467281190106781, 0.0675367345076207, 0.10203522862097289, 0.1478506890572237, 0.192479693346719, 0.12685954184539563, 0.14410878890207174, 0.052112804599799216, 0.03002646709865839, 0.022451400930911747, 0.00949164917404399, 0.003376836725381035, 0.0029205074381673814, 0.0014602537190836907, 0.0014602537190836907, 0.0, 0.0, 0.0, 0.0, 0.0], [0.0, 0.00012591286829513975, 0.0, 0.00012591286829513975, 0.0002518257365902795, 0.0008813900780659784, 0.001007302946361118, 0.002266431629312516, 0.003651473180559053, 0.006169730546461848, 0.012843112566104256, 0.022790229161420296, 0.034500125912868294, 0.04759506421556283, 0.07957693276252834, 0.13057164442205993, 0.16633089901787962, 0.12062452782674389, 0.15550239234449761, 0.07945101989423319, 0.04532863258625031, 0.044573155376479476, 0.02127927474187862, 0.009569377990430622, 0.009947116595316042, 0.002140518761017376, 0.002140518761017376, 0.0007554772097708386, 0.0, 0.0, 0.0, 0.0], [0.0, 0.0, 0.0, 0.0, 0.0003000750187546887, 0.0, 0.000900225056264066, 0.000900225056264066, 0.0016504126031507878, 0.0037509377344336083, 0.010202550637659414, 0.016204051012753188, 0.02805701425356339, 0.04831207801950488, 0.08402100525131283, 0.1167291822955739, 0.1528882220555139, 0.10067516879219805, 0.18514628657164292, 0.06886721680420105, 0.04696174043510878, 0.0541635408852213, 0.025206301575393848, 0.013203300825206302, 0.019504876219054765, 0.007651912978244561, 0.006001500375093774, 0.004351087771942986, 0.0037509377344336083, 0.0006001500375093774, 0.0, 0.0], [0.0003894080996884735, 0.0003894080996884735, 0.0003894080996884735, 0.000778816199376947, 0.002336448598130841, 0.003115264797507788, 0.0050623052959501555, 0.00895638629283489, 0.01557632398753894, 0.031931464174454825, 0.03933021806853582, 0.05724299065420561, 0.06230529595015576, 0.08761682242990654, 0.11838006230529595, 0.10942367601246106, 0.12461059190031153, 0.07593457943925233, 0.1351246105919003, 0.036214953271028034, 0.02764797507788162, 0.028037383177570093, 0.00895638629283489, 0.004672897196261682, 0.00778816199376947, 0.004672897196261682, 0.003115264797507788, 0.0, 0.0, 0.0, 0.0, 0.0], [0.0, 0.0, 0.0, 0.0020422055820285907, 0.002722940776038121, 0.002722940776038121, 0.0040844111640571815, 0.010891763104152484, 0.011572498298162015, 0.012933968686181076, 0.025867937372362152, 0.035398230088495575, 0.05105513955071477, 0.05718175629680054, 0.0878148400272294, 0.11504424778761062, 0.13682777399591559, 0.1123213070115725, 0.1640571817562968, 0.05650102110279102, 0.03607896528250511, 0.02722940776038121, 0.01906058543226685, 0.008849557522123894, 0.010211027910142955, 0.004765146358066712, 0.002722940776038121, 0.0020422055820285907, 0.0, 0.0, 0.0, 0.0], [0.00030016509079993996, 0.0, 0.0, 0.0, 0.0006003301815998799, 0.0009004952723998199, 0.0033018159987993397, 0.005402971634398919, 0.00795437490619841, 0.01575866726699685, 0.03061683926159388, 0.04517484616539096, 0.06138376106858772, 0.08884886687678223, 0.1340237130421732, 0.14182800540297164, 0.13927660213117216, 0.08869878433138226, 0.11256190904997748, 0.03887137925859223, 0.0255140327179949, 0.027164940717394566, 0.011406273450397719, 0.005252889088998949, 0.00915503526939817, 0.0028515683625994297, 0.00105057781779979, 0.00105057781779979, 0.00030016509079993996, 0.00075041272699985, 0.0, 0.0], [0.0, 0.0, 0.0, 0.000471253534401508, 0.000471253534401508, 0.000235626767200754, 0.00235626767200754, 0.001413760603204524, 0.00471253534401508, 0.009896324222431668, 0.016965127238454288, 0.02191328934967012, 0.03746465598491989, 0.053016022620169655, 0.07610744580584354, 0.10697455230914232, 0.12723845428840716, 0.10673892554194156, 0.1566918001885014, 0.06903864278982093, 0.05113100848256362, 0.05772855796418473, 0.026154571159283695, 0.015551366635249765, 0.028510838831291234, 0.011074458058435438, 0.007775683317624882, 0.00471253534401508, 0.00353440150801131, 0.002120640904806786, 0.0, 0.0], [0.0, 0.0, 0.0, 0.0, 0.0002113718030014796, 0.0, 0.001056859015007398, 0.001056859015007398, 0.0029592052420207146, 0.01056859015007398, 0.016275628831113928, 0.027689706193193827, 0.046924540266328474, 0.06785034876347495, 0.09786514478968505, 0.1223842739378567, 0.15007398013105053, 0.10230395265271612, 0.15683787782709788, 0.06446839991545128, 0.04502219403931516, 0.04269710420629888, 0.017332487846121326, 0.006552525893045867, 0.006975269499048827, 0.0025364616360177552, 0.006552525893045867, 0.0019023462270133164, 0.0016909744240118367, 0.0002113718030014796, 0.0, 0.0], [0.00013383297644539615, 0.00013383297644539615, 0.00013383297644539615, 0.00013383297644539615, 0.0005353319057815846, 0.0012044967880085653, 0.0013383297644539614, 0.0032119914346895075, 0.00521948608137045, 0.008966809421841542, 0.02288543897216274, 0.03439507494646681, 0.057815845824411134, 0.07842612419700214, 0.11429336188436831, 0.14413811563169165, 0.16247323340471093, 0.11268736616702356, 0.11148286937901498, 0.05741434689507495, 0.03332441113490364, 0.023554603854389723, 0.012044967880085654, 0.004817987152034261, 0.005487152034261242, 0.0013383297644539614, 0.0021413276231263384, 0.0002676659528907923, 0.0, 0.0, 0.0, 0.0], [0.0, 0.0, 0.0, 0.00022431583669807088, 0.00022431583669807088, 0.0011215791834903544, 0.0013458950201884253, 0.0029161058770749214, 0.005832211754149843, 0.008972633467922835, 0.0177209510991476, 0.02534768954688201, 0.04351727231942575, 0.062135486765365636, 0.09623149394347241, 0.13369223867205024, 0.15769403319874384, 0.1186630776132795, 0.13503813369223866, 0.06101390758187528, 0.04329295648272768, 0.036563481381785556, 0.016823687752355317, 0.006729475100942127, 0.014131897711978465, 0.0029161058770749214, 0.0029161058770749214, 0.0029161058770749214, 0.002018842530282638, 0.0, 0.0, 0.0], [0.0, 0.0, 0.0, 0.0002656042496679947, 0.0, 0.0010624169986719787, 0.0018592297476759628, 0.0026560424966799467, 0.0058432934926958835, 0.0058432934926958835, 0.01248339973439575, 0.021779548472775564, 0.03240371845949535, 0.04648074369189907, 0.08339973439575034, 0.10810092961487384, 0.13891102257636123, 0.10544488711819389, 0.17583001328021247, 0.07782204515272244, 0.04701195219123506, 0.06268260292164675, 0.022045152722443558, 0.013811420982735724, 0.019123505976095617, 0.010092961487383798, 0.0029216467463479417, 0.0010624169986719787, 0.0007968127490039841, 0.0002656042496679947, 0.0, 0.0], [0.0, 0.0, 0.0002928686484111876, 0.0, 0.0002928686484111876, 0.00043930297261678136, 0.0005857372968223752, 0.0019036462146727192, 0.0019036462146727192, 0.005564504319812564, 0.01200761458485869, 0.02665104700541807, 0.0448089032069117, 0.07380289939961927, 0.10880070288475618, 0.11949040855176453, 0.14262703177624836, 0.10074681505344853, 0.15141309122858398, 0.05593791184653683, 0.0401230048323327, 0.04275882266803339, 0.023722360521306194, 0.010689705667008347, 0.018743593498316006, 0.005857372968223752, 0.0046858983745790015, 0.0032215551325230633, 0.002782252159906282, 0.0001464343242055938, 0.0, 0.0], [0.0, 0.0, 9.254974548819991e-05, 0.0, 9.254974548819991e-05, 0.00018509949097639982, 0.00037019898195279964, 0.0012031466913465989, 0.002036094400740398, 0.005738084220268394, 0.011198519204072188, 0.021008792225821377, 0.036557149467838966, 0.051550208236927346, 0.07552059231837112, 0.09338269319759371, 0.12410920869967608, 0.0998611753817677, 0.2112910689495604, 0.08597871355853771, 0.05284590467376215, 0.06756131420638593, 0.021008792225821377, 0.008329477093937991, 0.017306802406293384, 0.006015733456732994, 0.002869042110134197, 0.002221193891716798, 0.0014807959278111986, 0.00018509949097639982, 0.0, 0.0], [0.0, 0.0, 0.0, 0.0, 0.0, 0.00011963153487259242, 0.0007177892092355545, 0.000598157674362962, 0.002272999162579256, 0.005383419069266659, 0.008254575906208877, 0.0189017825098696, 0.033257566694580694, 0.05754276827371695, 0.08864696734059098, 0.13051800454599832, 0.17454240937911233, 0.12429716473262352, 0.19141045579614788, 0.06663476492403397, 0.032420145950472545, 0.04091398492642661, 0.010647206603660725, 0.00346931451130518, 0.0051441559995214735, 0.0009570522789807393, 0.0013159468835985165, 0.0017944730230888863, 0.00023926306974518484, 0.0, 0.0, 0.0], [0.0, 0.004098360655737705, 0.0, 0.004098360655737705, 0.004098360655737705, 0.020491803278688523, 0.028688524590163935, 0.020491803278688523, 0.06967213114754098, 0.040983606557377046, 0.045081967213114756, 0.0778688524590164, 0.06967213114754098, 0.11065573770491803, 0.10245901639344263, 0.11065573770491803, 0.10245901639344263, 0.05737704918032787, 0.05327868852459016, 0.020491803278688523, 0.020491803278688523, 0.012295081967213115, 0.00819672131147541, 0.01639344262295082, 0.0, 0.0, 0.0, 0.0, 0.0, 0.0, 0.0, 0.0]]}, "ranks": {"labels": ["Unranked", "Combatatent I", "Combatatent II", "Challenger I", "Challenger II", "Rival I", "Rival II", "Duelist", "Elite"], "data": [[0.12195121951219512, 0.14982578397212543, 0.18815331010452963, 0.2264808362369338, 0.14982578397212543, 0.10452961672473868, 0.020905923344947737, 0.03832752613240418, 0.0], [0.052307692307692305, 0.08175824175824176, 0.1410989010989011, 0.22857142857142856, 0.24351648351648353, 0.16747252747252747, 0.04263736263736264, 0.03164835164835165, 0.01098901098901099], [0.01034965034965035, 0.02111888111888112, 0.05272727272727273, 0.12097902097902098, 0.2316083916083916, 0.2972027972027972, 0.09972027972027972, 0.11790209790209791, 0.048391608391608394], [0.021605727435438506, 0.0386090513935055, 0.09153669138327794, 0.1866530299156226, 0.27243671695218613, 0.22372794681667094, 0.08041421631296343, 0.0709537202761442, 0.014062899514190744], [0.1346153846153846, 0.125, 0.19230769230769232, 0.1346153846153846, 0.125, 0.17307692307692307, 0.04807692307692308, 0.0673076923076923, 0.0], [0.010938323668950976, 0.03136531365313653, 0.09370057986294149, 0.21085925144965736, 0.26238798102266736, 0.1953083816552451, 0.07274644175013179, 0.08697944122298366, 0.03571428571428571], [0.06692913385826772, 0.08633295838020247, 0.15748031496062992, 0.24156355455568054, 0.21147356580427445, 0.1186726659167604, 0.044150731158605176, 0.04274465691788527, 0.03065241844769404], [0.2714285714285714, 0.18928571428571428, 0.20714285714285716, 0.1357142857142857, 0.09285714285714286, 0.039285714285714285, 0.04285714285714286, 0.02142857142857143, 0.0], [0.04280731423739562, 0.08889123771271536, 0.14459359475742523, 0.22228094281788394, 0.21488214776450693, 0.12704788077370258, 0.06236127259274918, 0.06500369939752669, 0.032131909946094495], [0.007071547420965058, 0.014559068219633943, 0.037853577371048254, 0.10773710482529118, 0.17470881863560733, 0.22004991680532446, 0.13311148086522462, 0.1930116472545757, 0.11189683860232945], [0.04276645506181089, 0.0691613765452723, 0.1363180755095222, 0.2101570330771801, 0.23722018042098228, 0.17240227196792515, 0.059472101570330775, 0.054460407617774806, 0.01804209822920147], [0.05768867032343484, 0.11878191791185928, 0.19141289956497068, 0.2687724607527899, 0.19576319273690185, 0.09305844524304899, 0.0380177794590505, 0.028560620389634955, 0.00794401361830906], [0.024619199433227063, 0.06358483882394615, 0.12362734679419057, 0.22174991144172865, 0.2502656748140276, 0.17888770811193766, 0.061282323769040026, 0.056500177116542684, 0.019482819695359546], [0.02518982764854767, 0.05254911413764011, 0.09545618898397011, 0.19476919368446427, 0.2527419549234663, 0.19838495841870554, 0.07978787513559117, 0.07472580450765337, 0.02639508255996143], [0.010757946210268949, 0.03129584352078239, 0.08973105134474328, 0.18728606356968217, 0.2679706601466993, 0.21271393643031786, 0.08875305623471882, 0.08557457212713937, 0.02591687041564792], [0.03557312252964427, 0.05357927097057532, 0.11155028546332894, 0.19367588932806323, 0.2406675450153711, 0.15634606938954765, 0.07729468599033816, 0.0878348704435661, 0.043478260869565216], [0.030282015718908924, 0.06588072122052704, 0.14932963476652797, 0.23878871937124363, 0.2313915857605178, 0.1514100785945446, 0.052473416551086456, 0.056865464632454926, 0.023578363384188627], [0.02247778358599059, 0.05105419062554452, 0.11953301968984144, 0.22582331416623105, 0.2458616483707963, 0.19951211012371492, 0.05697856769472034, 0.05663007492594529, 0.02212929081721554], [0.12903225806451613, 0.07526881720430108, 0.08602150537634409, 0.1827956989247312, 0.21505376344086022, 0.053763440860215055, 0.0967741935483871, 0.07526881720430108, 0.08602150537634409], [0.012828419884050821, 0.029850746268656716, 0.08548168249660787, 0.22166029357345504, 0.2964105094362896, 0.17848772665597631, 0.07919082274577526, 0.07536696681879856, 0.020722832120389785], [0.008251092056301569, 0.020546837081378416, 0.05128619964407054, 0.13363533408833522, 0.2481799061640511, 0.24235560588901472, 0.11680957773823006, 0.1318556867820741, 0.047079760556544246], [0.016199509751678567, 0.034743685388468504, 0.06447831184056271, 0.14622189065330918, 0.25652776297559415, 0.2378770116167537, 0.10604284344026431, 0.10902696365767878, 0.028882020675690078], [0.02333931777378815, 0.04308797127468582, 0.13824057450628366, 0.24057450628366248, 0.296229802513465, 0.19389587073608616, 0.03411131059245961, 0.026929982046678635, 0.003590664272890485], [0.009712198164483649, 0.025483382339837834, 0.06451038046868039, 0.13008999376280853, 0.20956963378775728, 0.27033769936737057, 0.11307137129109864, 0.14229706852000357, 0.03492827229795955], [0.011864561467554987, 0.03723646983663412, 0.1142648535182988, 0.2498859176781966, 0.31933923519211466, 0.17331386328374554, 0.05293419731678379, 0.03531988683033677, 0.005841014876334763], [0.014479979853941073, 0.03563334172752455, 0.08209519012843113, 0.21014857718458826, 0.2869554268446235, 0.20032737345756738, 0.07995467136741374, 0.07542180810878872, 0.014983631327121633], [0.007501875468867217, 0.026406601650412604, 0.07636909227306826, 0.20075018754688673, 0.2535633908477119, 0.22310577644411103, 0.07786946736684171, 0.09257314328582146, 0.04186046511627907], [0.0689252336448598, 0.09657320872274143, 0.1499221183800623, 0.22780373831775702, 0.20054517133956387, 0.154595015576324, 0.04439252336448598, 0.041666666666666664, 0.01557632398753894], [0.04697072838665759, 0.06126616746085772, 0.10823689584751532, 0.20285908781484002, 0.2491490810074881, 0.1953710006807352, 0.06126616746085772, 0.05513955071477195, 0.019741320626276378], [0.034218820351193155, 0.07579168542698485, 0.15023262794536996, 0.27585171844514483, 0.2279753864625544, 0.1325228875881735, 0.044424433438391114, 0.04382410325679124, 0.015158337085396968], [0.019557021677662583, 0.03887841658812441, 0.09048067860508954, 0.18308199811498585, 0.23397737983034872, 0.19274269557021678, 0.08411875589066918, 0.0994344957587182, 0.05772855796418473], [0.01585288522511097, 0.04396533502430776, 0.11477488902980343, 0.22024941872754175, 0.25237793278376663, 0.19425068695835976, 0.07207778482350455, 0.06658211794546608, 0.019868949482139082], [0.021011777301927194, 0.05728051391862955, 0.13624197002141328, 0.25843147751605994, 0.2751605995717345, 0.14467344753747324, 0.05754817987152034, 0.040417558886509636, 0.009234475374732334], [0.02063705697622252, 0.04306864064602961, 0.10565275908479138, 0.22992373261552265, 0.27635711081202335, 0.16913414087034545, 0.07021085688649618, 0.060116644235083, 0.02489905787348587], [0.01752988047808765, 0.034262948207171316, 0.07888446215139443, 0.19150066401062418, 0.24435590969455512, 0.21859229747675962, 0.08207171314741035, 0.09853917662682603, 0.034262948207171316], [0.010982574315419534, 0.03865866159027676, 0.11861180260653097, 0.22829111143652073, 0.24337384682969687, 0.18289647093278666, 0.06457753697466687, 0.07717088885634793, 0.0354371064577537], [0.00971772327626099, 0.03220731142989357, 0.08810735770476631, 0.16890328551596484, 0.22397038408144376, 0.25451180009254976, 0.0956038870893105, 0.0968995835261453, 0.03007866728366497], [0.009091996650317024, 0.02715635841607848, 0.09080033496829765, 0.21916497188658932, 0.29883957411173584, 0.22801770546716113, 0.06244766120349324, 0.055030506041392514, 0.0094508912549348], [0.19262295081967212, 0.12295081967213115, 0.18032786885245902, 0.21311475409836064, 0.1598360655737705, 0.06557377049180328, 0.028688524590163935, 0.036885245901639344, 0.0]]}, "ranksDetailed": {"labels": ["Unranked", "Combatatant", "Challenger", "Rival", "Duelist", "Elite"], "data": [[0.12195121951219512, 0.33797909407665505, 0.37630662020905925, 0.1254355400696864, 0.03832752613240418, 0.0], [0.052307692307692305, 0.22285714285714286, 0.47208791208791206, 0.21010989010989012, 0.03164835164835165, 0.01098901098901099], [0.01034965034965035, 0.07384615384615385, 0.3525874125874126, 0.39692307692307693, 0.11790209790209791, 0.048391608391608394], [0.021605727435438506, 0.13014574277678342, 0.45908974686780873, 0.3041421631296344, 0.0709537202761442, 0.014062899514190744], [0.1346153846153846, 0.3173076923076923, 0.25961538461538464, 0.22115384615384615, 0.0673076923076923, 0.0], [0.010938323668950976, 0.12506589351607802, 0.4732472324723247, 0.2680548234053769, 0.08697944122298366, 0.03571428571428571], [0.06692913385826772, 0.2438132733408324, 0.453037120359955, 0.16282339707536558, 0.04274465691788527, 0.03065241844769404], [0.2714285714285714, 0.3964285714285714, 0.22857142857142856, 0.08214285714285714, 0.02142857142857143, 0.0], [0.04280731423739562, 0.23348483247014057, 0.4371630905823909, 0.18940915336645175, 0.06500369939752669, 0.032131909946094495], [0.007071547420965058, 0.0524126455906822, 0.28244592346089853, 0.3531613976705491, 0.1930116472545757, 0.11189683860232945], [0.04276645506181089, 0.2054794520547945, 0.4473772134981624, 0.23187437353825593, 0.054460407617774806, 0.01804209822920147], [0.05768867032343484, 0.31019481747683, 0.46453565348969167, 0.13107622470209948, 0.028560620389634955, 0.00794401361830906], [0.024619199433227063, 0.18721218561813674, 0.4720155862557563, 0.24017003188097769, 0.056500177116542684, 0.019482819695359546], [0.02518982764854767, 0.14800530312161023, 0.44751114860793056, 0.27817283355429673, 0.07472580450765337, 0.02639508255996143], [0.010757946210268949, 0.12102689486552567, 0.45525672371638143, 0.3014669926650367, 0.08557457212713937, 0.02591687041564792], [0.03557312252964427, 0.16512955643390426, 0.43434343434343436, 0.23364075537988582, 0.0878348704435661, 0.043478260869565216], [0.030282015718908924, 0.215210355987055, 0.47018030513176146, 0.20388349514563106, 0.056865464632454926, 0.023578363384188627], [0.02247778358599059, 0.17058721031538596, 0.47168496253702735, 0.25649067781843526, 0.05663007492594529, 0.02212929081721554], [0.12903225806451613, 0.16129032258064516, 0.3978494623655914, 0.15053763440860216, 0.07526881720430108, 0.08602150537634409], [0.012828419884050821, 0.11533242876526459, 0.5180708030097446, 0.25767854940175156, 0.07536696681879856, 0.020722832120389785], [0.008251092056301569, 0.07183303672544895, 0.38181524025238633, 0.35916518362724476, 0.1318556867820741, 0.047079760556544246], [0.016199509751678567, 0.09922199722903123, 0.40274965362890336, 0.343919855057018, 0.10902696365767878, 0.028882020675690078], [0.02333931777378815, 0.1813285457809695, 0.5368043087971275, 0.22800718132854578, 0.026929982046678635, 0.003590664272890485], [0.009712198164483649, 0.08999376280851822, 0.3396596275505658, 0.38340907065846924, 0.14229706852000357, 0.03492827229795955], [0.011864561467554987, 0.1515013233549329, 0.5692251528703112, 0.22624806060052935, 0.03531988683033677, 0.005841014876334763], [0.014479979853941073, 0.11772853185595568, 0.4971040040292118, 0.2802820448249811, 0.07542180810878872, 0.014983631327121633], [0.007501875468867217, 0.10277569392348088, 0.4543135783945986, 0.30097524381095275, 0.09257314328582146, 0.04186046511627907], [0.0689252336448598, 0.24649532710280375, 0.42834890965732086, 0.19898753894080998, 0.041666666666666664, 0.01557632398753894], [0.04697072838665759, 0.16950306330837303, 0.45200816882232814, 0.25663716814159293, 0.05513955071477195, 0.019741320626276378], [0.034218820351193155, 0.2260243133723548, 0.5038271049076992, 0.1769473210265646, 0.04382410325679124, 0.015158337085396968], [0.019557021677662583, 0.12935909519321395, 0.4170593779453346, 0.276861451460886, 0.0994344957587182, 0.05772855796418473], [0.01585288522511097, 0.15874022405411117, 0.4726273515113084, 0.2663284717818643, 0.06658211794546608, 0.019868949482139082], [0.021011777301927194, 0.19352248394004282, 0.5335920770877944, 0.20222162740899358, 0.040417558886509636, 0.009234475374732334], [0.02063705697622252, 0.148721399730821, 0.506280843427546, 0.23934499775684162, 0.060116644235083, 0.02489905787348587], [0.01752988047808765, 0.11314741035856574, 0.4358565737051793, 0.30066401062417, 0.09853917662682603, 0.034262948207171316], [0.010982574315419534, 0.15727046419680774, 0.4716649582662176, 0.2474740079074535, 0.07717088885634793, 0.0354371064577537], [0.00971772327626099, 0.12031466913465988, 0.3928736695974086, 0.35011568718186026, 0.0968995835261453, 0.03007866728366497], [0.009091996650317024, 0.11795669338437612, 0.5180045459983251, 0.29046536667065437, 0.055030506041392514, 0.0094508912549348], [0.19262295081967212, 0.30327868852459017, 0.3729508196721312, 0.0942622950819672, 0.036885245901639344, 0.0]]}}}, "eu": {"histType": {"histogram": {"labels": ["0", "100", "200", "300", "400", "500", "600", "700", "800", "900", "1000", "1100", "1200", "1300", "1400", "1500", "1600", "1700", "1800", "1900", "2000", "2100", "2200", "2300", "2400", "2500", "2600", "2700", "2800", "2900", "3000", "3100"], "data": [[0.0, 0.0, 0.0043859649122807015, 0.0, 0.0, 0.008771929824561403, 0.017543859649122806, 0.017543859649122806, 0.043859649122807015, 0.043859649122807015, 0.06578947368421052, 0.06578947368421052, 0.06578947368421052, 0.09649122807017543, 0.15350877192982457, 0.12280701754385964, 0.08333333333333333, 0.08333333333333333, 0.043859649122807015, 0.03070175438596491, 0.013157894736842105, 0.013157894736842105, 0.0, 0.008771929824561403, 0.017543859649122806, 0.0, 0.0, 0.0, 0.0, 0.0, 0.0, 0.0], [0.0, 0.0, 0.0004723665564478035, 0.0014170996693434106, 0.000944733112895607, 0.0033065658951346244, 0.004723665564478035, 0.007557864903164856, 0.017949929145016533, 0.02550779404818139, 0.03684459140292867, 0.04959848842701937, 0.06282475200755787, 0.07841284837033538, 0.1213982050070855, 0.11856400566839868, 0.1511572980632971, 0.09211147850732168, 0.12801133679735474, 0.03920642418516769, 0.01747756258856873, 0.02172886159659896, 0.006140765233821445, 0.003778932451582428, 0.006140765233821445, 0.0014170996693434106, 0.001889466225791214, 0.0014170996693434106, 0.0, 0.0, 0.0, 0.0], [0.0, 0.0, 0.0, 0.0001475143826523086, 0.0001475143826523086, 0.0001475143826523086, 0.0001475143826523086, 0.001475143826523086, 0.002950287653046172, 0.0038353739489600234, 0.009588434872400058, 0.014898952647883169, 0.021684614249889364, 0.02935536214780941, 0.048827260657914144, 0.07110193243841274, 0.13468063136155775, 0.10355509662192064, 0.24236613069774304, 0.08614839946894823, 0.06269361262723115, 0.07995279539755126, 0.02847027585189556, 0.015193981413187787, 0.022717214928455524, 0.008998377341790825, 0.0038353739489600234, 0.003245316418350789, 0.0020652013571323203, 0.0017701725918277031, 0.0, 0.0], [0.0, 0.0, 0.0, 0.00012281994595922377, 0.00012281994595922377, 0.00024563989191844754, 0.0008597396217145664, 0.002702038811102923, 0.0040530582166543845, 0.008720216163104888, 0.016703512650454434, 0.02665192827315156, 0.03475804470646033, 0.04605747973470892, 0.078481945467944, 0.10623925325472856, 0.16187668877425693, 0.1187668877425694, 0.18312453942520265, 0.07995578481945467, 0.04740849914026038, 0.04839105870793417, 0.013510194055514615, 0.00650945713583886, 0.00847457627118644, 0.0031933185949398184, 0.0008597396217145664, 0.0007369196757553427, 0.0009825595676737902, 0.0004912797838368951, 0.0, 0.0], [0.0, 0.0, 0.0, 0.0, 0.0, 0.019417475728155338, 0.02912621359223301, 0.04854368932038835, 0.04854368932038835, 0.02912621359223301, 0.07766990291262135, 0.10679611650485436, 0.02912621359223301, 0.02912621359223301, 0.0970873786407767, 0.11650485436893204, 0.04854368932038835, 0.0970873786407767, 0.06796116504854369, 0.04854368932038835, 0.038834951456310676, 0.019417475728155338, 0.019417475728155338, 0.009708737864077669, 0.009708737864077669, 0.009708737864077669, 0.0, 0.0, 0.0, 0.0, 0.0, 0.0], [0.0, 0.00013326226012793177, 0.00013326226012793177, 0.00026652452025586353, 0.0003997867803837953, 0.00013326226012793177, 0.00026652452025586353, 0.0019989339019189766, 0.002931769722814499, 0.006263326226012793, 0.011593816631130065, 0.02025586353944563, 0.03184968017057569, 0.05623667377398721, 0.08675373134328358, 0.11167377398720682, 0.1501865671641791, 0.10820895522388059, 0.15964818763326227, 0.07502665245202558, 0.04650852878464819, 0.05863539445628998, 0.022921108742004266, 0.01052771855010661, 0.019856076759061835, 0.008795309168443496, 0.003464818763326226, 0.002398720682302772, 0.0014658848614072495, 0.0014658848614072495, 0.0, 0.0], [0.0002560163850486431, 0.0002560163850486431, 0.0002560163850486431, 0.0012800819252432156, 0.0033282130056323605, 0.002560163850486431, 0.00409626216077829, 0.010752688172043012, 0.01945724526369688, 0.02713773681515617, 0.04121863799283154, 0.055811571940604196, 0.07168458781362007, 0.08397337429595494, 0.09395801331285203, 0.12237583205325141, 0.12672811059907835, 0.08038914490527393, 0.08755760368663594, 