{"region": {"us": {"histType": {"histogram": {"labels": ["0", "100", "200", "300", "400", "500", "600", "700", "800", "900", "1000", "1100", "1200", "1300", "1400", "1500", "1600", "1700", "1800", "1900", "2000", "2100", "2200", "2300", "2400", "2500", "2600", "2700", "2800", "2900", "3000", "3100"], "data": [[0.0, 0.0, 0.010526315789473684, 0.021052631578947368, 0.0, 0.010526315789473684, 0.021052631578947368, 0.021052631578947368, 0.09473684210526316, 0.05263157894736842, 0.08421052631578947, 0.12631578947368421, 0.06315789473684211, 0.16842105263157894, 0.1368421052631579, 0.042105263157894736, 0.031578947368421054, 0.031578947368421054, 0.042105263157894736, 0.042105263157894736, 0.0, 0.0, 0.0, 0.0, 0.0, 0.0, 0.0, 0.0, 0.0, 0.0, 0.0, 0.0], [0.0, 0.0018587360594795538, 0.0, 0.0009293680297397769, 0.0009293680297397769, 0.0, 0.0027881040892193307, 0.015799256505576207, 0.017657992565055763, 0.03717472118959108, 0.05483271375464684, 0.06598513011152417, 0.11059479553903345, 0.10594795539033457, 0.15148698884758363, 0.11617100371747212, 0.11802973977695168, 0.06319702602230483, 0.07527881040892194, 0.019516728624535316, 0.013011152416356878, 0.017657992565055763, 0.006505576208178439, 0.0009293680297397769, 0.0037174721189591076, 0.0, 0.0, 0.0, 0.0, 0.0, 0.0, 0.0], [0.0, 0.0, 0.0, 0.0003980891719745223, 0.0011942675159235668, 0.0003980891719745223, 0.0011942675159235668, 0.0031847133757961785, 0.010748407643312101, 0.01592356687898089, 0.023487261146496817, 0.03861464968152866, 0.06130573248407643, 0.08479299363057324, 0.10748407643312102, 0.11982484076433121, 0.1500796178343949, 0.08439490445859872, 0.1389331210191083, 0.05374203821656051, 0.028264331210191083, 0.04020700636942675, 0.017914012738853503, 0.006369426751592357, 0.006767515923566879, 0.004777070063694267, 0.0, 0.0, 0.0, 0.0, 0.0, 0.0], [0.0, 0.0002501876407305479, 0.0, 0.0, 0.0002501876407305479, 0.0007505629221916438, 0.003252439329497123, 0.004503377533149862, 0.011758819114335751, 0.025769326995246436, 0.03727795846885164, 0.03952964723542657, 0.0710532899674756, 0.101826369777333, 0.12334250688016012, 0.1300975731798849, 0.14911183387540655, 0.09657242932199149, 0.101826369777333, 0.044783587690768074, 0.018513885414060547, 0.02501876407305479, 0.00600450337753315, 0.0035026269702276708, 0.0035026269702276708, 0.0015011258443832875, 0.0, 0.0, 0.0, 0.0, 0.0, 0.0], [0.0, 0.0, 0.0, 0.0, 0.0, 0.0, 0.0, 0.08108108108108109, 0.05405405405405406, 0.13513513513513514, 0.05405405405405406, 0.08108108108108109, 0.05405405405405406, 0.10810810810810811, 0.0, 0.0, 0.10810810810810811, 0.0, 0.08108108108108109, 0.10810810810810811, 0.02702702702702703, 0.05405405405405406, 0.02702702702702703, 0.02702702702702703, 0.0, 0.0, 0.0, 0.0, 0.0, 0.0, 0.0, 0.0], [0.0, 0.0, 0.0, 0.0, 0.0, 0.0, 0.0008403361344537816, 0.0035714285714285713, 0.005042016806722689, 0.013865546218487394, 0.023949579831932775, 0.03550420168067227, 0.06281512605042017, 0.09369747899159664, 0.1180672268907563, 0.1207983193277311, 0.148109243697479, 0.09684873949579832, 0.11239495798319328, 0.053361344537815124, 0.03004201680672269, 0.04264705882352941, 0.01638655462184874, 0.006092436974789916, 0.010294117647058823, 0.003991596638655462, 0.0014705882352941176, 0.0002100840336134454, 0.0, 0.0, 0.0, 0.0], [0.0, 0.0, 0.0, 0.0018126888217522659, 0.0012084592145015106, 0.0018126888217522659, 0.004833836858006042, 0.009667673716012085, 0.025981873111782478, 0.038066465256797584, 0.05861027190332326, 0.07492447129909366, 0.10634441087613293, 0.1311178247734139, 0.13474320241691842, 0.09728096676737161, 0.09969788519637462, 0.06102719033232629, 0.054380664652567974, 0.027794561933534745, 0.018731117824773415, 0.01812688821752266, 0.01027190332326284, 0.00906344410876133, 0.011480362537764351, 0.0012084592145015106, 0.0018126888217522659, 0.0, 0.0, 0.0, 0.0, 0.0], [0.0, 0.0, 0.01098901098901099, 0.01098901098901099, 0.02197802197802198, 0.0, 0.03296703296703297, 0.10989010989010989, 0.12087912087912088, 0.15384615384615385, 0.10989010989010989, 0.08791208791208792, 0.10989010989010989, 0.0989010989010989, 0.03296703296703297, 0.02197802197802198, 0.03296703296703297, 0.03296703296703297, 0.01098901098901099, 0.0, 0.0, 0.0, 0.0, 0.0, 0.0, 0.0, 0.0, 0.0, 0.0, 0.0, 0.0, 0.0], [0.0006493506493506494, 0.00021645021645021645, 0.0010822510822510823, 0.0008658008658008658, 0.002813852813852814, 0.003246753246753247, 0.004978354978354979, 0.01406926406926407, 0.025974025974025976, 0.05562770562770563, 0.07467532467532467, 0.09610389610389611, 0.11601731601731602, 0.12987012987012986, 0.12835497835497836, 0.0880952380952381, 0.07727272727272727, 0.05, 0.049134199134199134, 0.027705627705627706, 0.01753246753246753, 0.01883116883116883, 0.00974025974025974, 0.004545454545454545, 0.001948051948051948, 0.0004329004329004329, 0.00021645021645021645, 0.0, 0.0, 0.0, 0.0, 0.0], [0.0, 0.0, 0.0005268703898840885, 0.0, 0.001053740779768177, 0.001053740779768177, 0.005268703898840885, 0.006322444678609062, 0.015279241306638568, 0.02476290832455216, 0.03477344573234984, 0.05426765015806112, 0.07903055848261328, 0.11169652265542676, 0.12434141201264488, 0.1280295047418335, 0.1612223393045311, 0.07850368809272919, 0.09114857744994731, 0.0321390937829294, 0.015279241306638568, 0.01791359325605901, 0.01053740779768177, 0.0036880927291886197, 0.0026343519494204425, 0.0005268703898840885, 0.0, 0.0, 0.0, 0.0, 0.0, 0.0], [0.0, 0.0, 0.0003222687721559781, 0.0009668063164679343, 0.002578150177247825, 0.0029004189494038026, 0.007089912987431518, 0.0103126007089913, 0.019980663873670642, 0.039639058975185305, 0.0825008056719304, 0.09345794392523364, 0.11440541411537222, 0.11891717692555591, 0.13116339026748308, 0.11118272639381244, 0.08991298743151789, 0.05478569126651627, 0.05188527231711247, 0.024170157911698357, 0.014824363519174991, 0.013857557202707057, 0.007734450531743474, 0.004189494038027715, 0.002578150177247825, 0.0006445375443119562, 0.0, 0.0, 0.0, 0.0, 0.0, 0.0], [0.0, 0.0, 0.0, 0.0, 0.0002979737783075089, 0.0008939213349225268, 0.0032777115613825984, 0.006257449344457688, 0.011918951132300357, 0.01966626936829559, 0.03843861740166865, 0.05303933253873659, 0.07747318235995232, 0.09564958283671036, 0.1361740166865316, 0.12514898688915377, 0.150476758045292, 0.08730631704410012, 0.09743742550655542, 0.03873659117997616, 0.019964243146603097, 0.019964243146603097, 0.010131108462455305, 0.0032777115613825984, 0.004171632896305125, 0.0002979737783075089, 0.0, 0.0, 0.0, 0.0, 0.0, 0.0], [0.0, 0.0, 0.0, 0.0005755395683453237, 0.0005755395683453237, 0.0014388489208633094, 0.0034532374100719426, 0.006906474820143885, 0.014100719424460431, 0.03827338129496403, 0.05841726618705036, 0.07338129496402877, 0.09151079136690647, 0.12345323741007194, 0.14589928057553958, 0.12316546762589928, 0.11827338129496402, 0.06503597122302159, 0.06330935251798561, 0.02964028776978417, 0.01669064748201439, 0.010647482014388488, 0.007482014388489209, 0.0028776978417266188, 0.0031654676258992807, 0.0017266187050359713, 0.0, 0.0, 0.0, 0.0, 0.0, 0.0], [0.0, 0.0, 0.0, 0.00046061722708429296, 0.0, 0.0, 0.00046061722708429296, 0.0009212344541685859, 0.0036849378166743437, 0.005988023952095809, 0.02164900967296177, 0.029018885306310457, 0.055734684477199446, 0.08383233532934131, 0.10962690004606172, 0.12713035467526485, 0.17227084292952557, 0.11192998618148318, 0.11837862736066329, 0.06264394288346384, 0.03454629203132197, 0.033164440350069095, 0.011054813450023031, 0.006909258406264394, 0.006909258406264394, 0.0036849378166743437, 0.0, 0.0, 0.0, 0.0, 0.0, 0.0], [0.0, 0.0, 0.0, 0.0, 0.0017605633802816902, 0.0, 0.0017605633802816902, 0.01056338028169014, 0.017605633802816902, 0.040492957746478875, 0.056338028169014086, 0.09507042253521127, 0.1056338028169014, 0.125, 0.10035211267605634, 0.09507042253521127, 0.1056338028169014, 0.07570422535211267, 0.05985915492957746, 0.02992957746478873, 0.040492957746478875, 0.007042253521126761, 0.008802816901408451, 0.007042253521126761, 0.0035211267605633804, 0.01232394366197183, 0.0, 0.0, 0.0, 0.0, 0.0, 0.0], [0.0007662835249042146, 0.0, 0.0003831417624521073, 0.0, 0.0007662835249042146, 0.0003831417624521073, 0.0026819923371647508, 0.005747126436781609, 0.009578544061302681, 0.018773946360153258, 0.03409961685823755, 0.052873563218390804, 0.08544061302681992, 0.1049808429118774, 0.1425287356321839, 0.13218390804597702, 0.135632183908046, 0.08007662835249042, 0.0896551724137931, 0.04367816091954023, 0.01800766283524904, 0.021839080459770115, 0.009578544061302681, 0.00421455938697318, 0.00421455938697318, 0.0011494252873563218, 0.0007662835249042146, 0.0, 0.0, 0.0, 0.0, 0.0], [0.0, 0.0, 0.0, 0.0, 0.001796138302649304, 0.001347103726986978, 0.003592276605298608, 0.007184553210597216, 0.015267175572519083, 0.026044005388414906, 0.057476425684777725, 0.0673551863493489, 0.09384822631342614, 0.12707678491243826, 0.13201616524472384, 0.11495285136955545, 0.12572968118545128, 0.06376290974405029, 0.0862146385271666, 0.030085316569375842, 0.01796138302649304, 0.014369106421194431, 0.005388414907947912, 0.003592276605298608, 0.00224517287831163, 0.00224517287831163, 0.000449034575662326, 0.0, 0.0, 0.0, 0.0, 0.0], [0.0, 0.0, 0.0, 0.0, 0.0, 0.0, 0.0, 0.0, 0.04, 0.16, 0.08, 0.08, 0.12, 0.12, 0.08, 0.08, 0.08, 0.04, 0.04, 0.04, 0.04, 0.0, 0.0, 0.0, 0.0, 0.0, 0.0, 0.0, 0.0, 0.0, 0.0, 0.0], [0.0001951219512195122, 0.0001951219512195122, 0.0003902439024390244, 0.0001951219512195122, 0.0001951219512195122, 0.0, 0.0007804878048780488, 0.0017560975609756098, 0.006243902439024391, 0.01053658536585366, 0.02224390243902439, 0.0335609756097561, 0.06419512195121951, 0.08878048780487804, 0.11278048780487805, 0.13385365853658537, 0.14360975609756096, 0.10165853658536585, 0.10692682926829268, 0.0624390243902439, 0.03648780487804878, 0.04390243902439024, 0.01678048780487805, 0.0066341463414634145, 0.004878048780487805, 0.0007804878048780488, 0.0, 0.0, 0.0, 0.0, 0.0, 0.0], [0.0, 0.0, 0.0, 0.0005099439061703213, 0.0, 0.0, 0.0035696073431922487, 0.0010198878123406426, 0.005099439061703213, 0.006629270780214177, 0.026007139214686385, 0.03518612952575217, 0.05864354920958695, 0.07088220295767465, 0.12544620091789904, 0.13615502294747578, 0.14482406935237124, 0.10198878123406425, 0.11881693013768485, 0.049464558898521166, 0.03263640999490056, 0.03518612952575217, 0.014788373278939317, 0.009178990311065782, 0.014278429372768995, 0.007649158592554819, 0.002039775624681285, 0.0, 0.0, 0.0, 0.0, 0.0], [0.0005635390250774866, 0.0, 0.0, 0.0002817695125387433, 0.0019723865877712033, 0.003663003663003663, 0.002817695125387433, 0.007326007326007326, 0.013524936601859678, 0.024513947590870666, 0.050154973231896306, 0.06565229642152719, 0.08030431107354184, 0.10510002817695126, 0.1256692025922795, 0.11862496477881093, 0.11637080867850098, 0.07495069033530571, 0.09101155255001409, 0.04705550859397013, 0.022541561003099463, 0.024513947590870666, 0.009016624401239785, 0.006480698788391096, 0.006762468300929839, 0.0011270780501549732, 0.0, 0.0, 0.0, 0.0, 0.0, 0.0], [0.0, 0.0, 0.0, 0.0, 0.0, 0.003215434083601286, 0.0, 0.006430868167202572, 0.012861736334405145, 0.00964630225080386, 0.00964630225080386, 0.04180064308681672, 0.07717041800643087, 0.1639871382636656, 0.15112540192926044, 0.15112540192926044, 0.17363344051446947, 0.09646302250803858, 0.06430868167202572, 0.02572347266881029, 0.012861736334405145, 0.0, 0.0, 0.0, 0.0, 0.0, 0.0, 0.0, 0.0, 0.0, 0.0, 0.0], [0.0, 0.0, 0.0, 0.0002904022070567736, 0.0001452011035283868, 0.00043560331058516046, 0.00043560331058516046, 0.0018876143458690286, 0.004065630898794831, 0.012196892696384493, 0.018585741251633512, 0.03484826484681284, 0.058080441411354725, 0.0771017859735734, 0.12342093799912879, 0.12922898214026426, 0.16465805140119064, 0.09350951067228111, 0.14273268476840423, 0.053724408305503124, 0.0264266008421664, 0.03252504719035865, 0.0132133004210832, 0.004210832002323217, 0.00595324524466386, 0.001597212138812255, 0.000726005517641934, 0.0, 0.0, 0.0, 0.0, 0.0], [0.00011693171188026193, 0.00011693171188026193, 0.00023386342376052386, 0.0, 0.0008185219831618335, 0.0009354536950420954, 0.0005846585594013096, 0.0018709073900841909, 0.0023386342376052385, 0.010523854069223574, 0.01648737137511693, 0.03858746492048644, 0.07121141253507951, 0.11248830682881197, 0.14826941066417212, 0.1688493919550982, 0.16557530402245088, 0.0896866230121609, 0.09354536950420954, 0.03952291861552853, 0.01894293732460243, 0.012628624883068288, 0.004560336763330215, 0.001520112254443405, 0.0005846585594013096, 0.0, 0.0, 0.0, 0.0, 0.0, 0.0, 0.0], [0.00034904013961605586, 0.0, 0.0, 0.0006980802792321117, 0.0, 0.0010471204188481676, 0.0020942408376963353, 0.0038394415357766143, 0.011518324607329843, 0.01849912739965096, 0.03315881326352531, 0.05270506108202443, 0.0893542757417103, 0.11099476439790576, 0.124956369982548, 0.11797556719022688, 0.14136125654450263, 0.08900523560209424, 0.08865619546247819, 0.045724258289703314, 0.02547993019197208, 0.024083769633507852, 0.0118673647469459, 0.004188481675392671, 0.002443280977312391, 0.0, 0.0, 0.0, 0.0, 0.0, 0.0, 0.0], [0.0, 0.0, 0.0, 0.0, 0.0005129520389843549, 0.00025647601949217746, 0.0010259040779687098, 0.0007694280584765325, 0.003847140292382662, 0.005898948448320082, 0.019748653500897665, 0.024878173890741217, 0.04590920748909977, 0.08130289817902026, 0.10797640420620672, 0.12362144139522954, 0.1559374198512439, 0.08643241856886381, 0.150294947422416, 0.0546293921518338, 0.03949730700179533, 0.04308797127468582, 0.022569889715311618, 0.01205437291613234, 0.012567324955116697, 0.0056424724288279045, 0.001538856116953065, 0.0, 0.0, 0.0, 0.0, 0.0], [0.0, 0.0009057971014492754, 0.0009057971014492754, 0.0018115942028985507, 0.0036231884057971015, 0.0036231884057971015, 0.005434782608695652, 0.01177536231884058, 0.035326086956521736, 0.049818840579710144, 0.07155797101449275, 0.09782608695652174, 0.09420289855072464, 0.12590579710144928, 0.12590579710144928, 0.1105072463768116, 0.09329710144927536, 0.04710144927536232, 0.06521739130434782, 0.020833333333333332, 0.012681159420289856, 0.018115942028985508, 0.0009057971014492754, 0.0009057971014492754, 0.0018115942028985507, 0.0, 0.0, 0.0, 0.0, 0.0, 0.0, 0.0], [0.0, 0.0, 0.0, 0.0, 0.0, 0.0, 0.006578947368421052, 0.02631578947368421, 0.06578947368421052, 0.05263157894736842, 0.10526315789473684, 0.09868421052631579, 0.08223684210526316, 0.10197368421052631, 0.11842105263157894, 0.10526315789473684, 0.09868421052631579, 0.06907894736842106, 0.039473684210526314, 0.019736842105263157, 0.0, 0.0, 0.003289473684210526, 0.003289473684210526, 0.003289473684210526, 0.0, 0.0, 0.0, 0.0, 0.0, 0.0, 0.0], [0.0008149959250203749, 0.0, 0.0, 0.0, 0.0016299918500407497, 0.0019016571583808748, 0.004346644933441999, 0.009236620483564249, 0.017658245042108122, 0.02689486552567237, 0.05025808204292312, 0.07199130671013311, 0.10187449062754686, 0.1198044009779951, 0.1469709318120076, 0.12360771529475686, 0.1165444172779136, 0.062211355609888615, 0.06574300461831024, 0.029339853300733496, 0.015484922575387123, 0.020918228742189623, 0.00597663678348275, 0.0027166530834012497, 0.0027166530834012497, 0.0005433306166802499, 0.0008149959250203749, 0.0, 0.0, 0.0, 0.0, 0.0], [0.0, 0.0, 0.0, 0.0, 0.0, 0.0005257623554153522, 0.002103049421661409, 0.002103049421661409, 0.00473186119873817, 0.01892744479495268, 0.02786540483701367, 0.03995793901156677, 0.05625657202944269, 0.08569926393270241, 0.11461619348054679, 0.12197686645636173, 0.1508937960042061, 0.08780231335436382, 0.10883280757097792, 0.052050473186119876, 0.029442691903259727, 0.04048370136698212, 0.017350157728706624, 0.013144058885383806, 0.019453207150368034, 0.0057833859095688745, 0.0, 0.0, 0.0, 0.0, 0.0, 0.0], [0.0, 0.0, 0.0, 0.0, 0.0003827018752391887, 0.0, 0.0015308075009567547, 0.001148105625717566, 0.004975124378109453, 0.013394565633371604, 0.021431305013394564, 0.03788748564867968, 0.06620742441637964, 0.10983543819364715, 0.1312667432070417, 0.13892078071182548, 0.1446613088404133, 0.0876387294297742, 0.10868733256792958, 0.050899349406812094, 0.02870264064293915, 0.02525832376578645, 0.013394565633371604, 0.0057405281285878304, 0.0057405281285878304, 0.0019135093761959434, 0.0003827018752391887, 0.0, 0.0, 0.0, 0.0, 0.0], [0.00021677866897897247, 0.00021677866897897247, 0.00021677866897897247, 0.00043355733795794494, 0.00043355733795794494, 0.00260134402774767, 0.00260134402774767, 0.0056362453934532845, 0.008671146759158898, 0.02081075222198136, 0.04422284847171038, 0.06243225666594407, 0.09473227834381097, 0.11987860394537178, 0.13050075872534142, 0.12789941469759375, 0.13115109473227834, 0.08389334489486235, 0.07652287014957729, 0.034034251029698676, 0.02211142423585519, 0.01669195751138088, 0.009755040104053762, 0.00260134402774767, 0.0017342293518317797, 0.0, 0.0, 0.0, 0.0, 0.0, 0.0, 0.0], [0.0, 0.0, 0.0, 0.0, 0.0006042296072507553, 0.0, 0.0006042296072507553, 0.002416918429003021, 0.006042296072507553, 0.014501510574018127, 0.03262839879154079, 0.04229607250755287, 0.08338368580060423, 0.10936555891238671, 0.13413897280966766, 0.13534743202416918, 0.13897280966767372, 0.09003021148036254, 0.0755287009063444, 0.045921450151057405, 0.03323262839879154, 0.029607250755287008, 0.011480362537764351, 0.0036253776435045317, 0.008459214501510574, 0.0018126888217522659, 0.0, 0.0, 0.0, 0.0, 0.0, 0.0], [0.0, 0.0, 0.00039952057530962844, 0.0, 0.0, 0.0007990411506192569, 0.00039952057530962844, 0.0023971234518577705, 0.003995205753096284, 0.0051937674790251695, 0.01278465840990811, 0.021973631642029565, 0.03915301638034359, 0.05673192169396724, 0.09428685577307232, 0.11745904914103077, 0.15541350379544547, 0.09788254095085897, 0.1378345984818218, 0.07750699161006792, 0.047542948461845785, 0.0659208949260887, 0.028765481422293248, 0.013184178985217739, 0.015181781861765881, 0.0043947263284059125, 0.0007990411506192569, 0.0, 0.0, 0.0, 0.0, 0.0], [0.0, 0.0, 0.0, 0.0, 0.0002269117313365101, 0.0002269117313365101, 0.0006807351940095302, 0.0029498525073746312, 0.004538234626730202, 0.009984116178806445, 0.018152938506920808, 0.04606308146131155, 0.0762423417290674, 0.11776718856364875, 0.1345586566825505, 0.12321307011572498, 0.1345586566825505, 0.08599954617653732, 0.10687542545949626, 0.0471976401179941, 0.027456319491717722, 0.033129112775130476, 0.016110732924892218, 0.005672793283412752, 0.007034263671431813, 0.0013614703880190605, 0.0, 0.0, 0.0, 0.0, 0.0, 0.0], [0.0, 0.0, 0.00016504373659019642, 0.0, 0.0, 0.00033008747318039283, 0.000825218682950982, 0.0018154811024921605, 0.004456180887935303, 0.012213236507674533, 0.025911866644660834, 0.04489189635253342, 0.0826869120316884, 0.12312262749628651, 0.15728668097045717, 0.14012213236507676, 0.14523848819937282, 0.07179402541673544, 0.09787093579798646, 0.03300874731803928, 0.018154811024921603, 0.0229410793860373, 0.007592011883149035, 0.003630962204984321, 0.0037960059415745174, 0.0018154811024921605, 0.00033008747318039283, 0.0, 0.0, 0.0, 0.0, 0.0], [0.0, 0.0, 0.0, 0.0, 0.0, 0.00018942981625307822, 0.0011365788975184693, 0.0013260087137715476, 0.0043568857738207995, 0.009471490812653912, 0.017427543095283198, 0.03750710361810949, 0.06478499715855275, 0.1096798636105323, 0.13695775715097555, 0.15514301951127107, 0.1687819662814927, 0.08808486455768137, 0.11782534570941466, 0.03315021784428869, 0.019890130706573216, 0.023678727031634778, 0.004735745406326956, 0.0017048683462777042, 0.0034097366925554084, 0.0007577192650123129, 0.0, 0.0, 0.0, 0.0, 0.0, 0.0], [0.0, 0.013157894736842105, 0.0, 0.0, 0.013157894736842105, 0.039473684210526314, 0.039473684210526314, 0.06578947368421052, 0.17105263157894737, 0.07894736842105263, 0.07894736842105263, 0.039473684210526314, 0.06578947368421052, 0.039473684210526314, 0.07894736842105263, 0.09210526315789473, 0.013157894736842105, 0.10526315789473684, 0.05263157894736842, 0.0, 0.013157894736842105, 0.0, 0.0, 0.0, 0.0, 0.0, 0.0, 0.0, 0.0, 0.0, 0.0, 0.0]]}, "ranks": {"labels": ["Unranked", "Combatatent I", "Combatatent II", "Challenger I", "Challenger II", "Rival I", "Rival II", "Duelist", "Elite"], "data": [[0.23157894736842105, 0.21052631578947367, 0.23157894736842105, 0.17894736842105263, 0.06315789473684211, 0.08421052631578947, 0.0, 0.0, 0.0], [0.07713754646840149, 0.120817843866171, 0.21654275092936803, 0.26765799256505574, 0.1812267657992565, 0.08736059479553904, 0.020446096654275093, 0.02509293680297398, 0.0037174721189591076], [0.03304140127388535, 0.06210191082802548, 0.1460987261146497, 0.22730891719745222, 0.23447452229299362, 0.17038216560509553, 0.050557324840764334, 0.06449044585987261, 0.011544585987261146], [0.04653490117588191, 0.0768076057042782, 0.1728796597448086, 0.25344008006004504, 0.24568426319739806, 0.12884663497623217, 0.03627720790592945, 0.03452589442081561, 0.005003752814610958], [0.2702702702702703, 0.13513513513513514, 0.16216216216216217, 0.0, 0.10810810810810811, 0.16216216216216217, 0.05405405405405406, 0.10810810810810811, 0.0], [0.023319327731092437, 0.05945378151260504, 0.1565126050420168, 0.2388655462184874, 0.2449579831932773, 0.14243697478991596, 0.053361344537815124, 0.06512605042016807, 0.015966386554621848], [0.08338368580060423, 0.13353474320241693, 0.23746223564954683, 0.23202416918429003, 0.1607250755287009, 0.07129909365558912, 0.029607250755287008, 0.03746223564954683, 0.014501510574018127], [0.46153846153846156, 0.1978021978021978, 0.2087912087912088, 0.054945054945054944, 0.06593406593406594, 0.01098901098901099, 0.0, 0.0, 0.0], [0.10952380952380952, 0.17077922077922078, 0.24588744588744588, 0.21645021645021645, 0.12727272727272726, 0.06277056277056277, 0.0316017316017316, 0.033116883116883114, 0.0025974025974025974], [0.05426765015806112, 0.08904109589041095, 0.19072708113804004, 0.2523709167544784, 0.23972602739726026, 0.10906217070600632, 0.029504741833508957, 0.0321390937829294, 0.003161222339304531], [0.0837898807605543, 0.17595874959716404, 0.23332259104092815, 0.24234611666129552, 0.14469867869803416, 0.06445375443119562, 0.026426039316790204, 0.025781501772478246, 0.003222687721559781], [0.04231227651966627, 0.09147794994040524, 0.1731227651966627, 0.26132300357568533, 0.23778307508939214, 0.12038140643623362, 0.03575685339690107, 0.033373063170441, 0.004469606674612634], [0.06532374100719425, 0.13179856115107913, 0.21496402877697843, 0.26906474820143883, 0.1833093525179856, 0.08028776978417267, 0.02935251798561151, 0.021007194244604316, 0.004892086330935252], [0.011515430677107323, 0.050667894979272224, 0.13956701980654077, 0.23675725472132658, 0.28420082911100875, 0.15845232611699678, 0.05711653615845232, 0.051128512206356516, 0.010594196222938737], [0.0721830985915493, 0.15140845070422534, 0.2306338028169014, 0.1954225352112676, 0.1813380281690141, 0.07394366197183098, 0.056338028169014086, 0.022887323943661973, 0.01584507042253521], [0.03908045977011494, 0.08697318007662835, 0.19042145593869733, 0.2747126436781609, 0.2157088122605364, 0.11379310344827587, 0.037547892720306515, 0.035632183908045977, 0.006130268199233717], [0.0552312528064661, 0.12483161203412663, 0.2209250112258644, 0.2469690166142793, 0.18949259092950158, 0.10507409070498429, 0.02918724741805119, 0.02334979793444095, 0.004939380332285586], [0.2, 0.16, 0.24, 0.16, 0.12, 0.04, 0.08, 0.0, 0.0], [0.02048780487804878, 0.05580487804878049, 0.15297560975609756, 0.2466341463414634, 0.24526829268292683, 0.14224390243902438, 0.06360975609756098, 0.06731707317073171, 0.0056585365853658535], [0.016828148903620603, 0.06119326874043855, 0.1295257521672616, 0.2616012238653748, 0.24681285058643548, 0.15400305966343703, 0.046914839367669554, 0.059153493115757266, 0.0239673635900051], [0.0546632854325162, 0.1158072696534235, 0.1854043392504931, 0.24429416737109044, 0.1913214990138067, 0.12087912087912088, 0.039729501267962805, 0.04001127078050155, 0.007889546351084813], [0.03215434083601286, 0.05144694533762058, 0.24115755627009647, 0.3022508038585209, 0.27009646302250806, 0.07717041800643087, 0.02572347266881029, 0.0, 0.0], [0.019456947872803835, 0.05343400609844635, 0.13518222738492813, 0.2526499201393931, 0.25816756207347175, 0.17104689995643968, 0.051836793959634093, 0.04994917961376506, 0.008276462901118048], [0.017539756782039288, 0.05507483629560337, 0.18369971936389148, 0.31711880261927033, 0.2552619270346118, 0.11716557530402245, 0.034845650140318055, 0.018709073900841908, 0.0005846585594013096], [0.03804537521815009, 0.08586387434554973, 0.20034904013961605, 0.24293193717277486, 0.23036649214659685, 0.1137870855148342, 0.04607329842931937, 0.04013961605584642, 0.002443280977312391], [0.01231084893562452, 0.04462682739163888, 0.12721210566812002, 0.23159784560143626, 0.24236983842010773, 0.17850730956655553, 0.06591433700948961, 0.07771223390612977, 0.019748653500897665], [0.11322463768115942, 0.1693840579710145, 0.22010869565217392, 0.23641304347826086, 0.1403985507246377, 0.07608695652173914, 0.022644927536231884, 0.019927536231884056, 0.0018115942028985507], [0.1513157894736842, 0.20394736842105263, 0.18421052631578946, 0.2236842105263158, 0.16776315789473684, 0.05592105263157895, 0.003289473684210526, 0.006578947368421052, 0.003289473684210526], [0.06248302091822874, 0.12224938875305623, 0.22167889160554197, 0.2705786471067645, 0.17875577288780223, 0.08149959250203749, 0.02906818799239337, 0.02961151860907362, 0.004074979625101874], [0.028391167192429023, 0.06782334384858044, 0.14195583596214512, 0.23659305993690852, 0.2386961093585699, 0.13512092534174552, 0.055205047318611984, 0.07097791798107256, 0.025236593059936908], [0.021431305013394564, 0.059318790662074246, 0.1760428626100268, 0.2701875239188672, 0.23230003827018753, 0.14006888633754305, 0.04822043628013777, 0.044393417527745886, 0.008036739380022962], [0.04183828311294169, 0.10665510513765446, 0.21461088228918274, 0.2584001734229352, 0.21504443962714068, 0.09733362237155864, 0.03533492304357251, 0.02904834164318231, 0.0017342293518317797], [0.02416918429003021, 0.07492447129909366, 0.19274924471299093, 0.26948640483383685, 0.22900302114803625, 0.09969788519637462, 0.05498489425981873, 0.04471299093655589, 0.01027190332326284], [0.013184178985217739, 0.034758290051937674, 0.09588493807431082, 0.21174590491410308, 0.25329604474630446, 0.18457850579304835, 0.07830603276068718, 0.10787055533359968, 0.02037554934079105], [0.01860676196959383, 0.06421601996823235, 0.19400953029271614, 0.2577717267982755, 0.2205582028590878, 0.13274336283185842, 0.04878602223734967, 0.054912638983435444, 0.008395734059450873], [0.01980524839082357, 0.07080376299719425, 0.2058095395279749, 0.29740881333553393, 0.21703251361610826, 0.11371513451064533, 0.03531935963030203, 0.034164053474170654, 0.0059415745172470705], [0.016480394014017807, 0.05493464671339269, 0.17446486076908505, 0.29210077666224665, 0.2568668308391741, 0.13733661678348172, 0.033529077476794844, 0.03011934078423944, 0.004167455957567721], [0.42105263157894735, 0.11842105263157894, 0.10526315789473684, 0.17105263157894737, 0.11842105263157894, 0.05263157894736842, 0.013157894736842105, 0.0, 0.0]]}, "ranksDetailed": {"labels": ["Unranked", "Combatatant", "Challenger", "Rival", "Duelist", "Elite"], "data": [[0.23157894736842105, 0.4421052631578947, 0.24210526315789474, 0.08421052631578947, 0.0, 0.0], [0.07713754646840149, 0.33736059479553904, 0.44888475836431224, 0.10780669144981413, 0.02509293680297398, 0.0037174721189591076], [0.03304140127388535, 0.20820063694267515, 0.46178343949044587, 0.22093949044585987, 0.06449044585987261, 0.011544585987261146], [0.04653490117588191, 0.24968726544908681, 0.4991243432574431, 0.16512384288216161, 0.03452589442081561, 0.005003752814610958], [0.2702702702702703, 0.2972972972972973, 0.10810810810810811, 0.21621621621621623, 0.10810810810810811, 0.0], [0.023319327731092437, 0.21596638655462186, 0.4838235294117647, 0.1957983193277311, 0.06512605042016807, 0.015966386554621848], [0.08338368580060423, 0.37099697885196375, 0.39274924471299094, 0.10090634441087613, 0.03746223564954683, 0.014501510574018127], [0.46153846153846156, 0.4065934065934066, 0.12087912087912088, 0.01098901098901099, 0.0, 0.0], [0.10952380952380952, 0.4166666666666667, 0.3437229437229437, 0.09437229437229437, 0.033116883116883114, 0.0025974025974025974], [0.05426765015806112, 0.279768177028451, 0.49209694415173866, 0.13856691253951528, 0.0321390937829294, 0.003161222339304531], [0.0837898807605543, 0.4092813406380922, 0.3870447953593297, 0.09087979374798583, 0.025781501772478246, 0.003222687721559781], [0.04231227651966627, 0.26460071513706795, 0.49910607866507745, 0.15613825983313467, 0.033373063170441, 0.004469606674612634], [0.06532374100719425, 0.34676258992805753, 0.45237410071942447, 0.10964028776978417, 0.021007194244604316, 0.004892086330935252], [0.011515430677107323, 0.190234914785813, 0.5209580838323353, 0.2155688622754491, 0.051128512206356516, 0.010594196222938737], [0.0721830985915493, 0.38204225352112675, 0.3767605633802817, 0.13028169014084506, 0.022887323943661973, 0.01584507042253521], [0.03908045977011494, 0.27739463601532566, 0.4904214559386973, 0.15134099616858238, 0.035632183908045977, 0.006130268199233717], [0.0552312528064661, 0.345756623259991, 0.4364616075437809, 0.13426133812303548, 0.02334979793444095, 0.004939380332285586], [0.2, 0.4, 0.28, 0.12, 0.0, 0.0], [0.02048780487804878, 0.20878048780487804, 0.49190243902439024, 0.20585365853658535, 0.06731707317073171, 0.0056585365853658535], [0.016828148903620603, 0.19071902090770015, 0.5084140744518103, 0.20091789903110657, 0.059153493115757266, 0.0239673635900051], [0.0546632854325162, 0.3012116089039166, 0.4356156663848971, 0.16060862214708369, 0.04001127078050155, 0.007889546351084813], [0.03215434083601286, 0.29260450160771706, 0.572347266881029, 0.10289389067524116, 0.0, 0.0], [0.019456947872803835, 0.18861623348337447, 0.5108174822128648, 0.22288369391607377, 0.04994917961376506, 0.008276462901118048], [0.017539756782039288, 0.23877455565949485, 0.5723807296538821, 0.1520112254443405, 0.018709073900841908, 0.0005846585594013096], [0.03804537521815009, 0.2862129144851658, 0.4732984293193717, 0.15986038394415358, 0.04013961605584642, 0.002443280977312391], [0.01231084893562452, 0.17183893305975892, 0.473967684021544, 0.24442164657604515, 0.07771223390612977, 0.019748653500897665], [0.11322463768115942, 0.3894927536231884, 0.37681159420289856, 0.09873188405797101, 0.019927536231884056, 0.0018115942028985507], [0.1513157894736842, 0.3881578947368421, 0.39144736842105265, 0.05921052631578947, 0.006578947368421052, 0.003289473684210526], [0.06248302091822874, 0.3439282803585982, 0.4493344199945667, 0.11056778049443086, 0.02961151860907362, 0.004074979625101874], [0.028391167192429023, 0.20977917981072555, 0.47528916929547843, 0.19032597266035753, 0.07097791798107256, 0.025236593059936908], [0.021431305013394564, 0.23536165327210104, 0.5024875621890548, 0.18828932261768083, 0.044393417527745886, 0.008036739380022962], [0.04183828311294169, 0.3212659874268372, 0.47344461305007585, 0.13266854541513115, 0.02904834164318231, 0.0017342293518317797], [0.02416918429003021, 0.2676737160120846, 0.4984894259818731, 0.15468277945619335, 0.04471299093655589, 0.01027190332326284], [0.013184178985217739, 0.1306432281262485, 0.4650419496604075, 0.2628845385537355, 0.10787055533359968, 0.02037554934079105], [0.01860676196959383, 0.2582255502609485, 0.47832992965736326, 0.18152938506920807, 0.054912638983435444, 0.008395734059450873], [0.01980524839082357, 0.2766133025251692, 0.5144413269516421, 0.14903449414094735, 0.034164053474170654, 0.0059415745172470705], [0.016480394014017807, 0.22939950748247775, 0.5489676075014207, 0.17086569426027656, 0.03011934078423944, 0.004167455957567721], [0.42105263157894735, 0.2236842105263158, 0.2894736842105263, 0.06578947368421052, 0.0, 0.0]]}}}, "eu": {"histType": {"histogram": {"labels": ["0", "100", "200", "300", "400", "500", "600", "700", "800", "900", "1000", "1100", "1200", "1300", "1400", "1500", "1600", "1700", "1800", "1900", "2000", "2100", "2200", "2300", "2400", "2500", "2600", "2700", "2800", "2900", "3000", "3100"], "data": [[0.0, 0.0, 0.0, 0.0, 0.0, 0.013888888888888888, 0.041666666666666664, 0.041666666666666664, 0.09722222222222222, 0.06944444444444445, 0.08333333333333333, 0.1111111111111111, 0.1111111111111111, 0.1111111111111111, 0.05555555555555555, 0.09722222222222222, 0.041666666666666664, 0.05555555555555555, 0.05555555555555555, 0.0, 0.0, 0.0, 0.013888888888888888, 0.0, 0.0, 0.0, 0.0, 0.0, 0.0, 0.0, 0.0, 0.0], [0.0, 0.0, 0.0, 0.0020060180541624875, 0.0020060180541624875, 0.003009027081243731, 0.007021063189568706, 0.007021063189568706, 0.028084252758274825, 0.033099297893681046, 0.05917753259779338, 0.09227683049147442, 0.10431293881644935, 0.1334002006018054, 0.13941825476429287, 0.11634904714142427, 0.10531594784353059, 0.05115346038114343, 0.06018054162487462, 0.022066198595787363, 0.011033099297893681, 0.0160481444332999, 0.004012036108324975, 0.003009027081243731, 0.0, 0.0, 0.0, 0.0, 0.0, 0.0, 0.0, 0.0], [0.0, 0.0, 0.0, 0.0, 0.0004562043795620438, 0.0009124087591240876, 0.0013686131386861315, 0.005474452554744526, 0.013686131386861315, 0.01824817518248175, 0.03193430656934307, 0.046532846715328466, 0.07208029197080291, 0.09352189781021898, 0.11633211678832117, 0.10812043795620438, 0.14005474452554745, 0.08531021897810219, 0.1322992700729927, 0.047901459854014596, 0.022354014598540146, 0.02874087591240876, 0.01322992700729927, 0.008667883211678832, 0.008667883211678832, 0.0031934306569343066, 0.0009124087591240876, 0.0, 0.0, 0.0, 0.0, 0.0], [0.0, 0.0, 0.0, 0.00022232103156958648, 0.00044464206313917296, 0.00022232103156958648, 0.0017785682525566918, 0.007114273010226767, 0.010004446420631391, 0.018452645620275678, 0.036905291240551356, 0.0493552690084482, 0.07314361938639395, 0.0935971542907959, 0.1218319253001334, 0.12894619831036017, 0.15095598043574923, 0.1004891062694531, 0.10493552690084482, 0.04335260115606936, 0.021120497999110716, 0.020898176967541128, 0.005335704757670075, 0.004001778568252557, 0.004891062694530902, 0.0013339261894175188, 0.0006669630947087594, 0.0, 0.0, 0.0, 0.0, 0.0], [0.0, 0.0, 0.0, 0.0, 0.0, 0.0, 0.05128205128205128, 0.07692307692307693, 0.10256410256410256, 0.02564102564102564, 0.1282051282051282, 0.15384615384615385, 0.0, 0.05128205128205128, 0.1282051282051282, 0.07692307692307693, 0.07692307692307693, 0.02564102564102564, 0.0, 0.02564102564102564, 0.05128205128205128, 0.0, 0.0, 0.0, 0.0, 0.02564102564102564, 0.0, 0.0, 0.0, 0.0, 0.0, 0.0], [0.0, 0.0004123711340206186, 0.0002061855670103093, 0.0002061855670103093, 0.0006185567010309278, 0.0004123711340206186, 0.0002061855670103093, 0.003917525773195876, 0.0047422680412371136, 0.01154639175257732, 0.023298969072164947, 0.03402061855670103, 0.06041237113402062, 0.09154639175257732, 0.11072164948453608, 0.11587628865979381, 0.13319587628865978, 0.09567010309278351, 0.11628865979381443, 0.060824742268041236, 0.04020618556701031, 0.04371134020618557, 0.02309278350515464, 0.007422680412371134, 0.011958762886597939, 0.005979381443298969, 0.003092783505154639, 0.0004123711340206186, 0.0, 0.0, 0.0, 0.0], [0.0, 0.0, 0.0010857763300760044, 0.0016286644951140066, 0.0010857763300760044, 0.003800217155266015, 0.003800217155266015, 0.014657980456026058, 0.03203040173724213, 0.03420195439739414, 0.06568946796959826, 0.07600434310532031, 0.10369163952225842, 0.11563517915309446, 0.10477741585233442, 0.11183496199782844, 0.08903365906623235, 0.06243213897937025, 0.05971769815418024, 0.03257328990228013, 0.016286644951140065, 0.023887079261672096, 0.017915309446254073, 0.008686210640608035, 0.009229098805646038, 0.003800217155266015, 0.006514657980456026, 0.0, 0.0, 0.0, 0.0, 0.0], [0.0, 0.0, 0.0, 0.0, 0.01639344262295082, 0.01639344262295082, 0.0, 0.14754098360655737, 0.08196721311475409, 0.08196721311475409, 0.08196721311475409, 0.11475409836065574, 0.08196721311475409, 0.08196721311475409, 0.04918032786885246, 0.13114754098360656, 0.08196721311475409, 0.03278688524590164, 0.0, 0.0, 0.0, 0.0, 0.0, 0.0, 0.0, 0.0, 0.0, 0.0, 0.0, 0.0, 0.0, 0.0], [0.0004248990864669641, 0.00021244954323348204, 0.0008497981729339282, 0.0010622477161674102, 0.0006373486297004461, 0.0021244954323348204, 0.00616103675377098, 0.014871468026343744, 0.03335457828765668, 0.04843849585723391, 0.08073082642872317, 0.09772678988740174, 0.12470788187805396, 0.12513278096452093, 0.10558742298704057, 0.09050350541746335, 0.08136817505842363, 0.0520501380922031, 0.047376248141066495, 0.028893137879753557, 0.020395156150414276, 0.01763331208837901, 0.00934777990227321, 0.0057361376673040155, 0.0036116422349691947, 0.0010622477161674102, 0.0, 0.0, 0.0, 0.0, 0.0, 0.0], [0.0, 0.0, 0.0, 0.0, 0.0, 0.001349527665317139, 0.0006747638326585695, 0.007422402159244264, 0.011470985155195682, 0.022941970310391364, 0.04588394062078273, 0.05128205128205128, 0.07422402159244265, 0.11403508771929824, 0.13562753036437247, 0.12010796221322537, 0.150472334682861, 0.06815114709851552, 0.10053981106612686, 0.030364372469635626, 0.022941970310391364, 0.024291497975708502, 0.010121457489878543, 0.002699055330634278, 0.0033738191632928477, 0.0020242914979757085, 0.0, 0.0, 0.0, 0.0, 0.0, 0.0], [0.0003957261574990107, 0.0, 0.0003957261574990107, 0.0003957261574990107, 0.001187178472497032, 0.002374356944994064, 0.002374356944994064, 0.010288880094974277, 0.02809655718242976, 0.04155124653739612, 0.0664819944598338, 0.0890383854372774, 0.1187178472497032, 0.12386228729719034, 0.1187178472497032, 0.10209734863474476, 0.08468539770478829, 0.06133755441234666, 0.060546102097348634, 0.032845271072417886, 0.015829046299960427, 0.018599129402453504, 0.010684606252473288, 0.004748713889988128, 0.002374356944994064, 0.002374356944994064, 0.0, 0.0, 0.0, 0.0, 0.0, 0.0], [0.0, 0.0, 0.0, 0.0006451612903225806, 0.0003225806451612903, 0.000967741935483871, 0.0016129032258064516, 0.004838709677419355, 0.013548387096774193, 0.027096774193548386, 0.034516129032258064, 0.05129032258064516, 0.08096774193548387, 0.09483870967741935, 0.11806451612903225, 0.12032258064516128, 0.14516129032258066, 0.08967741935483871, 0.10387096774193548, 0.046129032258064515, 0.02, 0.026129032258064518, 0.01129032258064516, 0.0016129032258064516, 0.004516129032258065, 0.0016129032258064516, 0.0003225806451612903, 0.0003225806451612903, 0.0, 0.0, 0.0003225806451612903, 0.0], [0.0, 0.0, 0.0003566333808844508, 0.0010699001426533524, 0.0007132667617689016, 0.0003566333808844508, 0.0021398002853067048, 0.010342368045649072, 0.01925820256776034, 0.03138373751783167, 0.055991440798858774, 0.07382310984308131, 0.10627674750356633, 0.11554921540656206, 0.1369472182596291, 0.11947218259629101, 0.1080599144079886, 0.0709700427960057, 0.06740370898716119, 0.028887303851640515, 0.015691868758915834, 0.018544935805991442, 0.007132667617689016, 0.0024964336661911554, 0.0039229671897289585, 0.0021398002853067048, 0.0010699001426533524, 0.0, 0.0, 0.0, 0.0, 0.0], [0.0, 0.0, 0.0, 0.0, 0.0, 0.0004203446826397646, 0.0008406893652795292, 0.0016813787305590584, 0.004203446826397646, 0.008406893652795292, 0.017234131988230348, 0.0273224043715847, 0.05884825556956705, 0.07776376628835645, 0.11937788986969315, 0.13913408995376209, 0.16351408154686844, 0.11601513240857503, 0.10844892812105927, 0.05884825556956705, 0.034468263976460696, 0.03572929802437999, 0.010508617065994116, 0.008406893652795292, 0.005044136191677175, 0.0025220680958385876, 0.0008406893652795292, 0.0004203446826397646, 0.0, 0.0, 0.0, 0.0], [0.0, 0.0, 0.002066115702479339, 0.0, 0.0, 0.002066115702479339, 0.012396694214876033, 0.010330578512396695, 0.022727272727272728, 0.04338842975206612, 0.0640495867768595, 0.07024793388429752, 0.08471074380165289, 0.11570247933884298, 0.09710743801652892, 0.10330578512396695, 0.1012396694214876, 0.08471074380165289, 0.08677685950413223, 0.02066115702479339, 0.028925619834710745, 0.014462809917355372, 0.004132231404958678, 0.002066115702479339, 0.024793388429752067, 0.004132231404958678, 0.0, 0.0, 0.0, 0.0, 0.0, 0.0], [0.0, 0.0, 0.0003671071953010279, 0.00