{"region": {"us": {"histType": {"histogram": {"labels": ["0", "100", "200", "300", "400", "500", "600", "700", "800", "900", "1000", "1100", "1200", "1300", "1400", "1500", "1600", "1700", "1800", "1900", "2000", "2100", "2200", "2300", "2400", "2500", "2600", "2700", "2800", "2900", "3000", "3100"], "data": [[0.0, 0.0, 0.0, 0.004878048780487805, 0.0, 0.014634146341463415, 0.01951219512195122, 0.01951219512195122, 0.05365853658536585, 0.05365853658536585, 0.06341463414634146, 0.09268292682926829, 0.09268292682926829, 0.1024390243902439, 0.14146341463414633, 0.08292682926829269, 0.04878048780487805, 0.05853658536585366, 0.04878048780487805, 0.04878048780487805, 0.01951219512195122, 0.03414634146341464, 0.0, 0.0, 0.0, 0.0, 0.0, 0.0, 0.0, 0.0, 0.0, 0.0], [0.0, 0.001128668171557562, 0.0, 0.000564334085778781, 0.001693002257336343, 0.000564334085778781, 0.0056433408577878106, 0.012415349887133182, 0.013544018058690745, 0.023702031602708805, 0.03893905191873589, 0.05304740406320542, 0.08126410835214447, 0.08013544018058691, 0.12471783295711061, 0.12979683972911965, 0.1523702031602709, 0.07957110609480812, 0.10270880361173815, 0.03781038374717833, 0.023702031602708805, 0.013544018058690745, 0.006772009029345372, 0.0039503386004514675, 0.0056433408577878106, 0.005079006772009029, 0.001693002257336343, 0.0, 0.0, 0.0, 0.0, 0.0], [0.00016644474034620507, 0.0, 0.00016644474034620507, 0.00033288948069241014, 0.00033288948069241014, 0.00016644474034620507, 0.00033288948069241014, 0.0008322237017310253, 0.004826897470039946, 0.005992010652463382, 0.010486018641810918, 0.01514647137150466, 0.025798934753661785, 0.04011318242343542, 0.06408122503328895, 0.09254327563249001, 0.1418109187749667, 0.11334886817576564, 0.21904127829560585, 0.07290279627163782, 0.050932090545938745, 0.06641145139813581, 0.024467376830892142, 0.013648468708388815, 0.02330226364846871, 0.006491344873501998, 0.0036617842876165113, 0.002663115845539281, 0.0, 0.0, 0.0, 0.0], [0.0, 0.0001523229246001523, 0.0, 0.0, 0.0001523229246001523, 0.0001523229246001523, 0.0018278750952018278, 0.002894135567402894, 0.008073115003808072, 0.013556740289413557, 0.023457730388423456, 0.025894897182025894, 0.04935262757044935, 0.06793602437166793, 0.10053313023610053, 0.12505712109672507, 0.1632901751713633, 0.11271896420411272, 0.15201827875095203, 0.0587966488956588, 0.03747143945163747, 0.03229246001523229, 0.010053313023610053, 0.004417364813404418, 0.0062452399086062454, 0.0018278750952018278, 0.0015232292460015233, 0.0003046458492003046, 0.0, 0.0, 0.0, 0.0], [0.0, 0.0, 0.0, 0.0, 0.0, 0.013333333333333334, 0.0, 0.05333333333333334, 0.04, 0.08, 0.05333333333333334, 0.06666666666666667, 0.13333333333333333, 0.13333333333333333, 0.04, 0.013333333333333334, 0.09333333333333334, 0.05333333333333334, 0.06666666666666667, 0.09333333333333334, 0.013333333333333334, 0.02666666666666667, 0.013333333333333334, 0.013333333333333334, 0.0, 0.0, 0.0, 0.0, 0.0, 0.0, 0.0, 0.0], [0.0, 0.0, 0.0, 0.0, 0.0, 0.0, 0.0002954646181119811, 0.002215984635839858, 0.002215984635839858, 0.008273009307135471, 0.013886837051263111, 0.022898507903678533, 0.041217314226621365, 0.07061604372876348, 0.10149209632146551, 0.13532279509528733, 0.15969862608952579, 0.10488993942975329, 0.1391638351307431, 0.05805879745900428, 0.03693307726399764, 0.045206086571133106, 0.021273452504062637, 0.007386615452799527, 0.01625055399615896, 0.00546609543507165, 0.005170630816959669, 0.001920520017727877, 0.00014773230905599054, 0.0, 0.0, 0.0], [0.0, 0.0, 0.0010611956137247967, 0.0014149274849663955, 0.0014149274849663955, 0.002829854969932791, 0.004598514326140785, 0.010965688008489564, 0.019455252918287938, 0.0307746727980191, 0.04598514326140785, 0.05730456314113902, 0.08065086664308455, 0.10081358330385568, 0.1266360099044924, 0.12875840113194198, 0.12203749557835161, 0.07534488857446056, 0.07216130173328617, 0.03289706402546869, 0.02157764414573753, 0.02157764414573753, 0.008489564909798374, 0.0067209055535903785, 0.011319419879731164, 0.0067209055535903785, 0.005659709939865582, 0.002829854969932791, 0.0, 0.0, 0.0, 0.0], [0.0, 0.0, 0.004830917874396135, 0.00966183574879227, 0.004830917874396135, 0.014492753623188406, 0.024154589371980676, 0.05314009661835749, 0.07729468599033816, 0.11594202898550725, 0.10144927536231885, 0.10144927536231885, 0.1111111111111111, 0.09178743961352658, 0.06280193236714976, 0.057971014492753624, 0.05314009661835749, 0.028985507246376812, 0.014492753623188406, 0.04830917874396135, 0.024154589371980676, 0.0, 0.0, 0.0, 0.0, 0.0, 0.0, 0.0, 0.0, 0.0, 0.0, 0.0], [0.00040567951318458417, 0.00040567951318458417, 0.000676132521974307, 0.000676132521974307, 0.0009465855307640297, 0.002434077079107505, 0.002434077079107505, 0.006896551724137931, 0.013522650439486139, 0.030425963488843813, 0.049087221095334685, 0.07085868830290737, 0.09249492900608519, 0.10953346855983773, 0.13576741041244084, 0.12346179851250845, 0.10547667342799188, 0.06315077755240027, 0.07167004732927654, 0.03529411764705882, 0.025828262339418526, 0.023529411764705882, 0.01257606490872211, 0.005679513184584178, 0.010547667342799188, 0.004732927653820149, 0.0014874915483434753, 0.0, 0.0, 0.0, 0.0, 0.0], [0.0, 0.0, 0.0007877116975187081, 0.0, 0.0019692792437967705, 0.0015754233950374162, 0.005120126033871603, 0.003938558487593541, 0.0145726664040961, 0.020874359984245767, 0.03387160299330445, 0.04293028751476959, 0.06892477353288697, 0.08270972823946436, 0.11106734935013785, 0.1295785742418275, 0.15360378101614808, 0.09098070106341079, 0.12130760141788105, 0.04293028751476959, 0.02205592753052383, 0.024025206774320598, 0.008270972823946435, 0.0070894052776683735, 0.0070894052776683735, 0.003938558487593541, 0.0007877116975187081, 0.0, 0.0, 0.0, 0.0, 0.0], [0.0, 0.00021640337589266391, 0.0008656135035706557, 0.0008656135035706557, 0.0010820168794633195, 0.0023804371348193033, 0.005410084397316598, 0.010387362042847868, 0.01709586669552045, 0.031162086128543605, 0.06275697900887253, 0.07227872754814975, 0.0978143259034841, 0.10365721705258601, 0.14499026184808483, 0.12876000865613504, 0.10690326769097598, 0.06665223977494049, 0.0690326769097598, 0.031811296256221595, 0.015581043064271802, 0.014715429560701147, 0.005193681021423934, 0.004328067517853278, 0.003029647262497295, 0.002813243886604631, 0.00021640337589266391, 0.0, 0.0, 0.0, 0.0, 0.0], [0.0, 0.0, 0.0, 0.0, 0.00019936204146730463, 0.000996810207336523, 0.00259170653907496, 0.003987240829346092, 0.008373205741626795, 0.011562998405103669, 0.03110047846889952, 0.04445773524720893, 0.06120414673046252, 0.07515948963317384, 0.11862041467304625, 0.11463317384370016, 0.15330940988835726, 0.09868421052631579, 0.13277511961722488, 0.05303030303030303, 0.027910685805422646, 0.02970494417862839, 0.011164274322169059, 0.006180223285486443, 0.00817384370015949, 0.003987240829346092, 0.0021929824561403508, 0.0, 0.0, 0.0, 0.0, 0.0], [0.000310896937665164, 0.0, 0.0, 0.000310896937665164, 0.000155448468832582, 0.00077724234416291, 0.001709933157158402, 0.00310896937665164, 0.00699518109746619, 0.019120161666407585, 0.03326597233017255, 0.04181563811596456, 0.05891496968754858, 0.07927871910461681, 0.11518731540494326, 0.1319757500388621, 0.14969687548577645, 0.09699984455153117, 0.11782993937509716, 0.05238613399658013, 0.027825275921032178, 0.029846106015855745, 0.01010415047411783, 0.005751593346805534, 0.00854966578579201, 0.003575314783149386, 0.00233172703248873, 0.001399036219493238, 0.00077724234416291, 0.0, 0.0, 0.0], [0.0, 0.0, 0.0002860411899313501, 0.0, 0.0002860411899313501, 0.0002860411899313501, 0.0005720823798627002, 0.0011441647597254005, 0.004862700228832952, 0.005720823798627002, 0.014588100686498856, 0.02145308924485126, 0.04004576659038902, 0.05863844393592677, 0.09038901601830664, 0.12013729977116705, 0.1713386727688787, 0.1198512585812357, 0.15102974828375287, 0.07093821510297482, 0.044050343249427915, 0.04033180778032037, 0.015446224256292907, 0.010297482837528604, 0.011727688787185355, 0.002574370709382151, 0.002860411899313501, 0.0011441647597254005, 0.0, 0.0, 0.0, 0.0], [0.0, 0.0, 0.0, 0.0, 0.0005730659025787965, 0.0017191977077363897, 0.0005730659025787965, 0.0057306590257879654, 0.013753581661891117, 0.01489971346704871, 0.022349570200573064, 0.04756446991404011, 0.05329512893982808, 0.07507163323782234, 0.10544412607449857, 0.11346704871060172, 0.132378223495702, 0.09111747851002866, 0.11633237822349571, 0.055587392550143264, 0.042406876790830945, 0.03724928366762178, 0.024068767908309457, 0.008595988538681949, 0.017191977077363897, 0.010315186246418338, 0.004584527220630372, 0.005157593123209169, 0.0005730659025787965, 0.0, 0.0, 0.0], [0.0002690341673392521, 0.0, 0.0005380683346785041, 0.0002690341673392521, 0.0008071025020177562, 0.0010761366693570083, 0.0026903416733925207, 0.0045735808447672855, 0.00780199085283831, 0.015065913370998116, 0.026096314231907454, 0.045466774280333605, 0.07398439601829432, 0.09227871939736347, 0.12052730696798493, 0.13397901533494755, 0.13559322033898305, 0.09093354856066721, 0.1033091202582728, 0.048426150121065374, 0.025289211729889696, 0.03362927091740651, 0.0129136400322841, 0.0053806833467850415, 0.010761366693570083, 0.002959375840731773, 0.003766478342749529, 0.0016142050040355124, 0.0, 0.0, 0.0, 0.0], [0.0, 0.0, 0.0, 0.0006314460113660282, 0.0006314460113660282, 0.0006314460113660282, 0.0014733740265207324, 0.003999158071984845, 0.006524942117448958, 0.015365186276573352, 0.029888444537992002, 0.03578194064407493, 0.06398652915175752, 0.07556303936013471, 0.11387076404967375, 0.1317617343717112, 0.1547042727846769, 0.08861292359503263, 0.14228583456114502, 0.044832666806988004, 0.025889286466007157, 0.027573142496316566, 0.012839402231109241, 0.006314460113660282, 0.008419280151547043, 0.003157230056830141, 0.0027362660492527887, 0.0025257840454641126, 0.0, 0.0, 0.0, 0.0], [0.0, 0.0, 0.0, 0.03389830508474576, 0.0, 0.01694915254237288, 0.0, 0.0, 0.01694915254237288, 0.0847457627118644, 0.03389830508474576, 0.1016949152542373, 0.0847457627118644, 0.05084745762711865, 0.0847457627118644, 0.1016949152542373, 0.15254237288135594, 0.03389830508474576, 0.06779661016949153, 0.03389830508474576, 0.0, 0.05084745762711865, 0.05084745762711865, 0.0, 0.0, 0.0, 0.0, 0.0, 0.0, 0.0, 0.0, 0.0], [0.00013933398355858994, 0.0, 0.0, 0.00013933398355858994, 0.00013933398355858994, 0.00027866796711717987, 0.0004180019506757698, 0.0012540058520273095, 0.0032046816218475687, 0.007942037062839627, 0.015187404207886303, 0.02131809948446426, 0.04124285913334262, 0.06256095861780689, 0.10408248571826668, 0.15062003622683573, 0.16803678417165946, 0.1148112024522781, 0.11954855789327017, 0.06520830430542009, 0.04054618921554967, 0.042775532952487115, 0.017834749895499512, 0.007942037062839627, 0.009892712832659885, 0.0039013515396405184, 0.0009753378849101296, 0.0, 0.0, 0.0, 0.0, 0.0], [0.0, 0.0, 0.0, 0.00019142419601837673, 0.0, 0.00038284839203675346, 0.0015313935681470138, 0.0007656967840735069, 0.002871362940275651, 0.004402756508422665, 0.010911179173047474, 0.015888208269525268, 0.024310872894333844, 0.03905053598774885, 0.06565849923430321, 0.09379785604900459, 0.13859111791730475, 0.12040581929555896, 0.18281010719754978, 0.0913093415007657, 0.06068147013782542, 0.0698698315467075, 0.026990811638591117, 0.01225114854517611, 0.020290964777947933, 0.008231240428790199, 0.005359877488514548, 0.0032542113323124045, 0.00019142419601837673, 0.0, 0.0, 0.0], [0.00024108003857280618, 0.00012054001928640309, 0.0, 0.00024108003857280618, 0.00024108003857280618, 0.0009643201542912247, 0.0008437801350048216, 0.002651880424300868, 0.004339440694310511, 0.008799421407907425, 0.01747830279652845, 0.024831243972999035, 0.028809064609450336, 0.0468900675024108, 0.0703953712632594, 0.1054725168756027, 0.14669720347155255, 0.12668756027000963, 0.16791224686595949, 0.08329315332690453, 0.05050626808100289, 0.05653326904532305, 0.02157666345226615, 0.012174541947926712, 0.01518804243008679, 0.005665380906460945, 0.0014464802314368371, 0.0, 0.0, 0.0, 0.0, 0.0], [0.0, 0.0, 0.0, 0.0, 0.0021231422505307855, 0.0021231422505307855, 0.0, 0.006369426751592357, 0.006369426751592357, 0.008492569002123142, 0.012738853503184714, 0.03184713375796178, 0.04883227176220807, 0.1040339702760085, 0.12526539278131635, 0.15498938428874734, 0.1910828025477707, 0.11889596602972399, 0.11889596602972399, 0.03821656050955414, 0.016985138004246284, 0.012738853503184714, 0.0, 0.0, 0.0, 0.0, 0.0, 0.0, 0.0, 0.0, 0.0, 0.0], [0.0, 0.0, 0.0, 0.0002077922077922078, 0.0002077922077922078, 0.0002077922077922078, 0.0005194805194805195, 0.0009350649350649351, 0.0028051948051948054, 0.006857142857142857, 0.011116883116883117, 0.020675324675324677, 0.03574025974025974, 0.04436363636363636, 0.072, 0.09651948051948052, 0.14566233766233766, 0.11553246753246753, 0.20467532467532468, 0.07896103896103897, 0.047896103896103895, 0.06722077922077922, 0.019844155844155845, 0.006961038961038961, 0.012467532467532468, 0.004675324675324675, 0.0017662337662337662, 0.002077922077922078, 0.0001038961038961039, 0.0, 0.0, 0.0], [0.00019803940984255866, 0.0, 0.00019803940984255866, 0.00019803940984255866, 0.000891177344291514, 0.0006931379344489553, 0.0003960788196851173, 0.0012872561639766314, 0.001782354688583028, 0.008020596098623626, 0.012674522229923754, 0.028715714427171007, 0.05327260124764828, 0.077631448658283, 0.12070502029903951, 0.1652638875136152, 0.19229626695712446, 0.11763540944647985, 0.12110109911872463, 0.04366768987028419, 0.024853945935241113, 0.017031389246460044, 0.00584216259035548, 0.0018813743935043074, 0.002574512327953263, 0.0010892167541340727, 9.901970492127933e-05, 0.0, 0.0, 0.0, 0.0, 0.0], [0.0, 0.00015441630636195183, 0.0, 0.00015441630636195183, 0.00030883261272390367, 0.0007720815318097591, 0.0010809141445336627, 0.002625077208153181, 0.005404570722668314, 0.008029647930821495, 0.016676961087090797, 0.030265596046942556, 0.048023471278567015, 0.06161210623841878, 0.11164298949969116, 0.15055589870290303, 0.15781346510191477, 0.1096355775169858, 0.13202594193946882, 0.06670784434836319, 0.03180975911056207, 0.03443483631871526, 0.014206300185299567, 0.008338480543545398, 0.00509573810994441, 0.0021618282890673254, 0.00046324891908585547, 0.0, 0.0, 0.0, 0.0, 0.0], [0.0, 0.0, 0.0, 0.0, 0.0003414134516899966, 0.0, 0.0008535336292249915, 0.0010242403550699897, 0.002389894161829976, 0.004438374871969956, 0.012803004438374873, 0.018777739842949812, 0.03414134516899966, 0.05786958006145442, 0.10054626152270399, 0.1302492318197337, 0.15756230795493342, 0.09474223284397405, 0.1689996585865483, 0.06264936838511437, 0.0394332536701946, 0.04848071013997952, 0.02304540798907477, 0.012461590986684876, 0.015534312051894844, 0.006145442130419939, 0.005804028678729942, 0.0015363605326049847, 0.0001707067258449983, 0.0, 0.0, 0.0], [0.000513347022587269, 0.001026694045174538, 0.000513347022587269, 0.000513347022587269, 0.001540041067761807, 0.004106776180698152, 0.00513347022587269, 0.008726899383983572, 0.023100616016427104, 0.03490759753593429, 0.048767967145790556, 0.06981519507186858, 0.07802874743326489, 0.10318275154004107, 0.12885010266940453, 0.1175564681724846, 0.10780287474332649, 0.07546201232032854, 0.10061601642710473, 0.026180698151950718, 0.02053388090349076, 0.02566735112936345, 0.01026694045174538, 0.001540041067761807, 0.00513347022587269, 0.000513347022587269, 0.0, 0.0, 0.0, 0.0, 0.0, 0.0], [0.0, 0.0, 0.0, 0.00272975432211101, 0.0018198362147406734, 0.00272975432211101, 0.003639672429481347, 0.012738853503184714, 0.015468607825295723, 0.020018198362147407, 0.034576888080072796, 0.047315741583257506, 0.059144676979071886, 0.05368516833484986, 0.10646041856232939, 0.12010919017288443, 0.14558689717925385, 0.10009099181073704, 0.13193812556869883, 0.050955414012738856, 0.030937215650591446, 0.022747952684258416, 0.014558689717925387, 0.00818926296633303, 0.00818926296633303, 0.00272975432211101, 0.003639672429481347, 0.0, 0.0, 0.0, 0.0, 0.0], [0.00035192679922576106, 0.0, 0.0, 0.0, 0.0007038535984515221, 0.0010557803976772831, 0.003695231391870491, 0.00668660918528946, 0.010381840577159952, 0.018652120358965334, 0.03783213091676931, 0.05542847087805736, 0.07759985922928031, 0.10346647897237375, 0.13848319549533697, 0.14516980468062643, 0.12968502551469294, 0.08199894421960233, 0.09062115080063347, 0.03044166813302833, 0.022347351750835825, 0.024810839345416152, 0.0070385359845152205, 0.005630828787612177, 0.0054548653879992965, 0.0012317437972901636, 0.0010557803976772831, 0.00017596339961288053, 0.0, 0.0, 0.0, 0.0], [0.0, 0.0, 0.0, 0.0006379585326953748, 0.0003189792663476874, 0.0, 0.0028708133971291866, 0.001594896331738437, 0.004465709728867623, 0.012121212121212121, 0.021052631578947368, 0.02966507177033493, 0.044657097288676235, 0.06220095693779904, 0.10207336523125997, 0.11578947368421053, 0.14098883572567783, 0.10845295055821372, 0.13556618819776714, 0.05901116427432217, 0.0456140350877193, 0.043381180223285486, 0.020095693779904306, 0.007655502392344498, 0.023923444976076555, 0.010207336523125997, 0.004465709728867623, 0.002551834130781499, 0.0006379585326953748, 0.0, 0.0, 0.0], [0.0, 0.0, 0.0, 0.0, 0.000249003984063745, 0.0, 0.001245019920318725, 0.0017430278884462151, 0.0034860557768924302, 0.01245019920318725, 0.0199203187250996, 0.030378486055776893, 0.05154382470119522, 0.07445219123505976, 0.10956175298804781, 0.13819721115537847, 0.15438247011952191, 0.10059760956175298, 0.13745019920318724, 0.05901394422310757, 0.034611553784860555, 0.036354581673306775, 0.013197211155378486, 0.00597609561752988, 0.00597609561752988, 0.006225099601593625, 0.00298804780876494, 0.0, 0.0, 0.0, 0.0, 0.0], [0.0004559270516717325, 0.00015197568389057752, 0.00015197568389057752, 0.00015197568389057752, 0.0004559270516717325, 0.0012158054711246201, 0.001519756838905775, 0.0033434650455927053, 0.006686930091185411, 0.01094224924012158, 0.02796352583586626, 0.041033434650455926, 0.06975683890577508, 0.09544072948328268, 0.1351063829787234, 0.14756838905775077, 0.15075987841945288, 0.10075987841945289, 0.09756838905775075, 0.04635258358662614, 0.022340425531914895, 0.021732522796352585, 0.009422492401215805, 0.003799392097264438, 0.0033434650455927053, 0.001975683890577508, 0.0, 0.0, 0.0, 0.0, 0.0, 0.0], [0.0, 0.0, 0.0, 0.0005787037037037037, 0.0008680555555555555, 0.0011574074074074073, 0.0008680555555555555, 0.004050925925925926, 0.005208333333333333, 0.007523148148148148, 0.02025462962962963, 0.03530092592592592, 0.05439814814814815, 0.07928240740740741, 0.11516203703703703, 0.1467013888888889, 0.1519097222222222, 0.10821759259259259, 0.1099537037037037, 0.055844907407407406, 0.03616898148148148, 0.02922453703703704, 0.014756944444444444, 0.004918981481481482, 0.012152777777777778, 0.0023148148148148147, 0.00318287037037037, 0.0, 0.0, 0.0, 0.0, 0.0], [0.0, 0.0, 0.0, 0.0, 0.0, 0.0005842827928717499, 0.0011685655857434998, 0.0026292725679228747, 0.004674262342973999, 0.004966403739409875, 0.012854221443178498, 0.02132632193981887, 0.034764826175869123, 0.05083260297984225, 0.09085597429155712, 0.11685655857434998, 0.14899211218229624, 0.1083844580777096, 0.15687992988606486, 0.07683318726263512, 0.043236926672509494, 0.058720420683610865, 0.021034180543382998, 0.015775635407537247, 0.017236342389716622, 0.009056383289512124, 0.001460706982179375, 0.0008764241893076249, 0.0, 0.0, 0.0, 0.0], [0.0, 0.0, 0.0003354579000335458, 0.0, 0.0001677289500167729, 0.0005031868500503186, 0.0006709158000670916, 0.0021804763502180475, 0.003186850050318685, 0.007212344850721235, 0.01392150285139215, 0.031700771553170075, 0.05434417980543442, 0.09007044615900704, 0.12663535726266353, 0.12898356256289836, 0.14374371016437437, 0.09392821200939282, 0.1251257967125126, 0.05417645085541765, 0.03337806105333781, 0.0358939953035894, 0.020127474002012747, 0.008218718550821872, 0.013586044951358605, 0.005367326400536733, 0.004528681650452868, 0.0018450184501845018, 0.0001677289500167729, 0.0, 0.0, 0.0], [0.0, 0.0, 0.00010926573426573427, 0.0, 0.0003277972027972028, 0.00021853146853146853, 0.0003277972027972028, 0.0013111888111888112, 0.002513111888111888, 0.00666520979020979, 0.013986013986013986, 0.025786713286713288, 0.04501748251748252, 0.0666520979020979, 0.09943181818181818, 0.11920891608391608, 0.15952797202797203, 0.10817307692307693, 0.16695804195804195, 0.06359265734265734, 0.03562062937062937, 0.04807692307692308, 0.013221153846153846, 0.006774475524475524, 0.010161713286713286, 0.0034965034965034965, 0.0018575174825174825, 0.0009833916083916085, 0.0, 0.0, 0.0, 0.0], [0.0, 0.0, 0.0, 0.0, 0.0, 0.00013063357282821686, 0.0007838014369693011, 0.0005225342913128674, 0.00248203788373612, 0.005878510777269758, 0.009666884389288047, 0.022207707380796866, 0.038014369693011106, 0.06401045068582625, 0.10711952971913782, 0.14826910516002612, 0.18236446766819073, 0.11900718484650555, 0.16773350751143043, 0.052384062704114956, 0.027171783148269107, 0.033834095362508164, 0.008883082952318745, 0.0028739386022207706, 0.002612671456564337, 0.002612671456564337, 0.0014369693011103853, 0.0, 0.0, 0.0, 0.0, 0.0], [0.0, 0.005681818181818182, 0.0, 0.005681818181818182, 0.005681818181818182, 0.017045454545454544, 0.03977272727272727, 0.017045454545454544, 0.07954545454545454, 0.06818181818181818, 0.045454545454545456, 0.056818181818181816, 0.08522727272727272, 0.11931818181818182, 0.07954545454545454, 0.09659090909090909, 0.09659090909090909, 0.0625, 0.05113636363636364, 0.017045454545454544, 0.011363636363636364, 0.022727272727272728, 0.011363636363636364, 0.005681818181818182, 0.0, 0.0, 0.0, 0.0, 0.0, 0.0, 0.0, 0.0]]}, "ranks": {"labels": ["Unranked", "Combatatent I", "Combatatent II", "Challenger I", "Challenger II", "Rival I", "Rival II", "Duelist", "Elite"], "data": [[0.16585365853658537, 0.15609756097560976, 0.1951219512195122, 0.22439024390243903, 0.1073170731707317, 0.08780487804878048, 0.02926829268292683, 0.03414634146341464, 0.0], [0.05925507900677201, 0.09198645598194131, 0.1613995485327314, 0.25451467268623024, 0.231941309255079, 0.12584650112866816, 0.03837471783295711, 0.024266365688487584, 0.012415349887133182], [0.0131491344873502, 0.02563249001331558, 0.0659121171770972, 0.15662450066577896, 0.2551597869507324, 0.2591544607190413, 0.08372170439414114, 0.10452729693741677, 0.036118508655126495], [0.02680883472962681, 0.04935262757044935, 0.1172886519421173, 0.2255902513328256, 0.276009139375476, 0.184006092916984, 0.06428027418126428, 0.04676313785224676, 0.009900990099009901], [0.18666666666666668, 0.12, 0.26666666666666666, 0.05333333333333334, 0.14666666666666667, 0.13333333333333333, 0.04, 0.05333333333333334, 0.0], [0.013000443196927168, 0.036785344954941644, 0.11183335795538485, 0.23681489141675285, 0.26458856551927906, 0.16797163539666124, 0.06618407445708377, 0.07386615452799528, 0.028955532574974147], [0.07251503360452777, 0.10328970640254687, 0.18146444994694022, 0.2553944110364344, 0.19738238415281217, 0.08984789529536612, 0.03678811460912628, 0.03678811460912628, 0.026529890343119915], [0.30434782608695654, 0.2028985507246377, 0.2028985507246377, 0.12077294685990338, 0.0821256038647343, 0.03864734299516908, 0.04830917874396135, 0.0, 0.0], [0.058823529411764705, 0.11994590939824205, 0.20202839756592292, 0.2592292089249493, 0.16862745098039217, 0.09208924949290061, 0.04070317782285328, 0.04178498985801217, 0.016768086544962812], [0.04883812524615991, 0.07680189050807404, 0.15163450177235133, 0.24064592359196535, 0.24458448207955888, 0.14572666404096102, 0.04056715242221347, 0.03938558487593541, 0.011815675462780622], [0.06946548366154512, 0.1350357065570223, 0.20147154295607012, 0.27375027050421985, 0.17355550746591647, 0.08288249296689028, 0.033542523263362906, 0.02423717809997836, 0.00605929452499459], [0.027711323763955343, 0.07555821371610845, 0.13636363636363635, 0.2332535885167464, 0.25199362041467305, 0.16028708133971292, 0.05342902711323764, 0.04704944178628389, 0.014354066985645933], [0.032488729986009636, 0.0750816104461371, 0.1381936887921654, 0.24716306544380537, 0.24669672003730764, 0.14643245764029225, 0.05160889165241722, 0.04570184983677911, 0.016632986165086273], [0.013157894736842105, 0.036041189931350116, 0.09868421052631579, 0.21052631578947367, 0.2911899313501144, 0.19193363844393593, 0.07408466819221968, 0.06607551487414187, 0.018306636155606407], [0.03724928366762178, 0.06991404011461318, 0.12836676217765042, 0.21891117478510028, 0.22349570200573066, 0.14269340974212033, 0.07163323782234957, 0.06991404011461318, 0.03782234957020057], [0.033091202582728005, 0.07156308851224105, 0.16626311541565778, 0.25450632230293246, 0.22652676889965026, 0.12994350282485875, 0.047080979284369114, 0.05192359429647565, 0.0191014258810869], [0.029256998526625975, 0.06567038518206693, 0.13954956851189224, 0.24563249842138496, 0.24331719637970953, 0.16649126499684277, 0.04651652283729741, 0.046727004841086085, 0.016838560303094087], [0.15254237288135594, 0.13559322033898305, 0.13559322033898305, 0.1864406779661017, 0.1864406779661017, 0.0847457627118644, 0.01694915254237288, 0.1016949152542373, 0.0], [0.013515396405183224, 0.03650550369235057, 0.10380381775114951, 0.2547025219451024, 0.28284798662393756, 0.15591472760206215, 0.06938832381217779, 0.06855231991082625, 0.014769402257210533], [0.010145482388973967, 0.02679938744257274, 0.06336140888208269, 0.15945635528330782, 0.2589969372128637, 0.22990045941807044, 0.10490045941807044, 0.10911179173047474, 0.03732771822358346], [0.018442622950819672, 0.04230954676952748, 0.07569913211186113, 0.1758678881388621, 0.2733847637415622, 0.21154773384763742, 0.09016393442622951, 0.0902844744455159, 0.022299903567984572], [0.025477707006369428, 0.044585987261146494, 0.15286624203821655, 0.2802547770700637, 0.3099787685774947, 0.14437367303609341, 0.029723991507430998, 0.012738853503184714, 0.0], [0.01174025974025974, 0.031792207792207795, 0.08010389610389611, 0.1685194805194805, 0.2611948051948052, 0.24633766233766233, 0.0851948051948052, 0.09402597402597403, 0.02109090909090909], [0.013664719279136548, 0.041390236657094764, 0.13090404990593127, 0.2859689078126547, 0.3099316764036043, 0.14526190711951678, 0.04436082780473314, 0.024754926230319833, 0.0037627487870086147], [0.01852995676343422, 0.04694255713403336, 0.1096355775169858, 0.2621988882025942, 0.26744904261890057, 0.17032118591723286, 0.06022235948116121, 0.05697961704756022, 0.0077208153180975915], [0.00904745646978491, 0.03158074428132469, 0.09201092523045408, 0.23079549334243768, 0.25230454079890746, 0.20365312393308296, 0.06742915670877432, 0.08398770911573916, 0.029190850119494707], [0.08008213552361396, 0.11858316221765913, 0.18121149897330596, 0.2464065708418891, 0.18326488706365504, 0.11088295687885011, 0.0364476386036961, 0.03747433264887064, 0.005646817248459959], [0.059144676979071886, 0.0818926296633303, 0.11282984531392175, 0.22656960873521384, 0.2456778889899909, 0.1637852593266606, 0.05004549590536852, 0.04549590536851683, 0.014558689717925387], [0.041527362308639806, 0.09326060179482668, 0.18106633820165405, 0.2836530001759634, 0.21168396973429526, 0.10680978356501848, 0.03660038711947915, 0.037480204117543554, 0.007918352982579624], [0.02200956937799043, 0.05071770334928229, 0.10685805422647528, 0.2178628389154705, 0.24944178628389155, 0.16395534290271133, 0.07623604465709728, 0.0711323763955343, 0.04178628389154705], [0.019173306772908367, 0.05029880478087649, 0.12599601593625498, 0.2477589641434263, 0.2549800796812749, 0.17056772908366533, 0.06050796812749004, 0.05552788844621514, 0.015189243027888447], [0.02507598784194529, 0.06899696048632219, 0.16519756838905775, 0.2826747720364742, 0.25151975683890576, 0.12477203647416413, 0.04148936170212766, 0.034954407294832825, 0.005319148936170213], [0.02025462962962963, 0.05555555555555555, 0.13368055555555555, 0.26186342592592593, 0.2601273148148148, 0.14293981481481483, 0.059027777777777776, 0.048900462962962965, 0.01765046296296296], [0.014022787028921999, 0.03418054338299737, 0.08559742915571136, 0.2077125328659071, 0.2573765702600058, 0.20157756354075373, 0.07537248028045573, 0.09553023663453111, 0.028629856850715747], [0.014256960751425697, 0.04562227440456223, 0.14441462596444146, 0.2556189198255619, 0.2376719221737672, 0.1564911103656491, 0.05618919825561892, 0.06424018785642402, 0.02549480040254948], [0.011472902097902098, 0.03977272727272727, 0.11166958041958042, 0.21864073426573427, 0.26770104895104896, 0.20072115384615385, 0.06545017482517483, 0.06807255244755245, 0.016499125874125876], [0.009797517962116264, 0.03187459177008491, 0.10202482037883737, 0.25538863487916397, 0.3013716525146963, 0.19699542782495102, 0.050293925538863485, 0.04559111691704768, 0.00666231221423906], [0.23863636363636365, 0.10227272727272728, 0.20454545454545456, 0.17613636363636365, 0.1590909090909091, 0.0625, 0.017045454545454544, 0.03977272727272727, 0.0]]}, "ranksDetailed": {"labels": ["Unranked", "Combatatant", "Challenger", "Rival", "Duelist", "Elite"], "data": [[0.16585365853658537, 0.35121951219512193, 0.33170731707317075, 0.11707317073170732, 0.03414634146341464, 0.0], [0.05925507900677201, 0.2533860045146727, 0.48645598194130923, 0.16422121896162528, 0.024266365688487584, 0.012415349887133182], [0.0131491344873502, 0.09154460719041278, 0.4117842876165113, 0.3428761651131824, 0.10452729693741677, 0.036118508655126495], [0.02680883472962681, 0.16664127951256663, 0.5015993907083016, 0.24828636709824828, 0.04676313785224676, 0.009900990099009901], [0.18666666666666668, 0.38666666666666666, 0.2, 0.17333333333333334, 0.05333333333333334, 0.0], [0.013000443196927168, 0.1486187029103265, 0.5014034569360319, 0.234155709853745, 0.07386615452799528, 0.028955532574974147], [0.07251503360452777, 0.2847541563494871, 0.4527767951892466, 0.1266360099044924, 0.03678811460912628, 0.026529890343119915], [0.30434782608695654, 0.4057971014492754, 0.2028985507246377, 0.08695652173913043, 0.0, 0.0], [0.058823529411764705, 0.32197430696416496, 0.42785665990534144, 0.13279242731575389, 0.04178498985801217, 0.016768086544962812], [0.04883812524615991, 0.22843639228042537, 0.4852304056715242, 0.18629381646317447, 0.03938558487593541, 0.011815675462780622], [0.06946548366154512, 0.3365072495130924, 0.4473057779701363, 0.1164250162302532, 0.02423717809997836, 0.00605929452499459], [0.027711323763955343, 0.21192185007974482, 0.4852472089314195, 0.21371610845295055, 0.04704944178628389, 0.014354066985645933], [0.032488729986009636, 0.2132752992383025, 0.49385978548111303, 0.19804134929270947, 0.04570184983677911, 0.016632986165086273], [0.013157894736842105, 0.1347254004576659, 0.5017162471395881, 0.2660183066361556, 0.06607551487414187, 0.018306636155606407], [0.03724928366762178, 0.1982808022922636, 0.44240687679083096, 0.21432664756446992, 0.06991404011461318, 0.03782234957020057], [0.033091202582728005, 0.23782620392789885, 0.48103309120258275, 0.17702448210922786, 0.05192359429647565, 0.0191014258810869], [0.029256998526625975, 0.20521995369395918, 0.4889496948010945, 0.21300778783414018, 0.046727004841086085, 0.016838560303094087], [0.15254237288135594, 0.2711864406779661, 0.3728813559322034, 0.1016949152542373, 0.1016949152542373, 0.0], [0.013515396405183224, 0.14030932144350006, 0.53755050856904, 0.22530305141423992, 0.06855231991082625, 0.014769402257210533], [0.010145482388973967, 0.09016079632465544, 0.4184532924961715, 0.3348009188361409, 0.10911179173047474, 0.03732771822358346], [0.018442622950819672, 0.11800867888138862, 0.4492526518804243, 0.3017116682738669, 0.0902844744455159, 0.022299903567984572], [0.025477707006369428, 0.19745222929936307, 0.5902335456475584, 0.1740976645435244, 0.012738853503184714, 0.0], [0.01174025974025974, 0.1118961038961039, 0.4297142857142857, 0.3315324675324675, 0.09402597402597403, 0.02109090909090909], [0.013664719279136548, 0.17229428656302603, 0.595900584216259, 0.1896227349242499, 0.024754926230319833, 0.0037627487870086147], [0.01852995676343422, 0.15657813465101914, 0.5296479308214948, 0.23054354539839408, 0.05697961704756022, 0.0077208153180975915], [0.00904745646978491, 0.12359166951177876, 0.48310003414134517, 0.2710822806418573, 0.08398770911573916, 0.029190850119494707], [0.08008213552361396, 0.2997946611909651, 0.4296714579055442, 0.1473305954825462, 0.03747433264887064, 0.005646817248459959], [0.059144676979071886, 0.19472247497725204, 0.47224749772520475, 0.21383075523202913, 0.04549590536851683, 0.014558689717925387], [0.041527362308639806, 0.2743269399964807, 0.49533696991025866, 0.14341017068449763, 0.037480204117543554, 0.007918352982579624], [0.02200956937799043, 0.15757575757575756, 0.46730462519936206, 0.24019138755980862, 0.0711323763955343, 0.04178628389154705], [0.019173306772908367, 0.17629482071713148, 0.5027390438247012, 0.23107569721115537, 0.05552788844621514, 0.015189243027888447], [0.02507598784194529, 0.23419452887537995, 0.53419452887538, 0.1662613981762918, 0.034954407294832825, 0.005319148936170213], [0.02025462962962963, 0.1892361111111111, 0.5219907407407407, 0.2019675925925926, 0.048900462962962965, 0.01765046296296296], [0.014022787028921999, 0.11977797253870874, 0.46508910312591295, 0.27695004382120947, 0.09553023663453111, 0.028629856850715747], [0.014256960751425697, 0.1900369003690037, 0.4932908419993291, 0.21268030862126802, 0.06424018785642402, 0.02549480040254948], [0.011472902097902098, 0.15144230769230768, 0.48634178321678323, 0.26617132867132864, 0.06807255244755245, 0.016499125874125876], [0.009797517962116264, 0.1338994121489223, 0.5567602873938602, 0.2472893533638145, 0.04559111691704768, 0.00666231221423906], [0.23863636363636365, 0.3068181818181818, 0.3352272727272727, 0.07954545454545454, 0.03977272727272727, 0.0]]}}}, "eu": {"histType": {"histogram": {"labels": ["0", "100", "200", "300", "400", "500", "600", "700", "800", "900", "1000", "1100", "1200", "1300", "1400", "1500", "1600", "1700", "1800", "1900", "2000", "2100", "2200", "2300", "2400", "2500", "2600", "2700", "2800", "2900", "3000", "3100"], "data": [[0.0, 0.0, 0.0, 0.0, 0.0, 0.012048192771084338, 0.006024096385542169, 0.024096385542168676, 0.03614457831325301, 0.07228915662650602, 0.0783132530120482, 0.07228915662650602, 0.07228915662650602, 0.0963855421686747, 0.13855421686746988, 0.10240963855421686, 0.0963855421686747, 0.08433734939759036, 0.03614457831325301, 0.024096385542168676, 0.006024096385542169, 0.024096385542168676, 0.018072289156626505, 0.0, 0.0, 0.0, 0.0, 0.0, 0.0, 0.0, 0.0, 0.0], [0.0, 0.0006042296072507553, 0.0006042296072507553, 0.0006042296072507553, 0.0006042296072507553, 0.0036253776435045317, 0.004833836858006042, 0.008459214501510574, 0.019939577039274924, 0.03262839879154079, 0.03927492447129909, 0.06042296072507553, 0.08036253776435046, 0.09728096676737161, 0.1311178247734139, 0.12507552870090635, 0.13957703927492446, 0.08036253776435046, 0.09607250755287008, 0.029607250755287008, 0.012688821752265862, 0.019939577039274924, 0.004833836858006042, 0.0036253776435045317, 0.004833836858006042, 0.0030211480362537764, 0.0, 0.0, 0.0, 0.0, 0.0, 0.0], [0.0, 0.00017765144785930004, 0.0, 0.00017765144785930004, 0.00017765144785930004, 0.0003553028957186001, 0.0005329543435779002, 0.0015988630307337006, 0.004263634748623201, 0.004974240540060401, 0.012790904245869605, 0.019186356368804405, 0.028246580209628707, 0.03730680405045301, 0.06910641321726772, 0.08562799786818262, 0.14585183869248533, 0.10925564043346954, 0.21122757150470775, 0.07905489429738852, 0.053650737253508614, 0.06519808136436311, 0.023449991117427606, 0.013679161485166104, 0.019186356368804405, 0.007994315153668502, 0.0030200746136081007, 0.003908331852904601, 0.0, 0.0, 0.0, 0.0], [0.0, 0.0, 0.0, 0.00014281633818908883, 0.00014281633818908883, 0.00028563267637817766, 0.000999714367323622, 0.003427592116538132, 0.005284204512996287, 0.010425592687803485, 0.020708369037417882, 0.030991145387032275, 0.042273636103970294, 0.05926878034847186, 0.09854327335047129, 0.13181948014852898, 0.1650956869465867, 0.11753784632962011, 0.15795487003713224, 0.05912596401028278, 0.03684661525278492, 0.03570408454727221, 0.00971151099685804, 0.004427306483861753, 0.005998286203941731, 0.0014281633818908884, 0.0005712653527563553, 0.0012853470437017994, 0.0, 0.0, 0.0, 0.0], [0.0, 0.0, 0.0, 0.0, 0.0, 0.029850746268656716, 0.029850746268656716, 0.07462686567164178, 0.07462686567164178, 0.04477611940298507, 0.08955223880597014, 0.08955223880597014, 0.04477611940298507, 0.029850746268656716, 0.1044776119402985, 0.07462686567164178, 0.04477611940298507, 0.07462686567164178, 0.05970149253731343, 0.04477611940298507, 0.029850746268656716, 0.04477611940298507, 0.0, 0.0, 0.014925373134328358, 0.0, 0.0, 0.0, 0.0, 0.0, 0.0, 0.0], [0.0, 0.0001483679525222552, 0.0001483679525222552, 0.0002967359050445104, 0.00044510385756676556, 0.0001483679525222552, 0.0002967359050445104, 0.0020771513353115725, 0.003115727002967359, 0.0066765578635014835, 0.015133531157270029, 0.02225519287833828, 0.03902077151335311, 0.06320474777448071, 0.1026706231454006, 0.12195845697329377, 0.1502967359050445, 0.10548961424332344, 0.14658753709198813, 0.07077151335311573, 0.03649851632047478, 0.05415430267062315, 0.021810089020771514, 0.00830860534124629, 0.01483679525222552, 0.00741839762611276, 0.00370919881305638, 0.002373887240356083, 0.0001483679525222552, 0.0, 0.0, 0.0], [0.0, 0.0, 0.00032615786040443573, 0.001304631441617743, 0.0029354207436399216, 0.002609262883235486, 0.005544683626875407, 0.011741682974559686, 0.022504892367906065, 0.029354207436399216, 0.04664057403783431, 0.06327462491846053, 0.07925636007827788, 0.09556425309849967, 0.1131767775603392, 0.12524461839530332, 0.11806914546640573, 0.07729941291585127, 0.0675146771037182, 0.03946510110893672, 0.020221787345075015, 0.026418786692759294, 0.014024787997390736, 0.007175472928897586, 0.012393998695368558, 0.006523157208088715, 0.005870841487279843, 0.005544683626875407, 0.0, 0.0, 0.0, 0.0], [0.0, 0.0, 0.0, 0.0, 0.0, 0.013422818791946308, 0.006711409395973154, 0.04697986577181208, 0.03355704697986577, 0.06711409395973154, 0.06711409395973154, 0.10738255033557047, 0.10067114093959731, 0.03355704697986577, 0.1342281879194631, 0.14093959731543623, 0.10067114093959731, 0.0738255033557047, 0.020134228187919462, 0.040268456375838924, 0.013422818791946308, 0.0, 0.0, 0.0, 0.0, 0.0, 0.0, 0.0, 0.0, 0.0, 0.0, 0.0], [0.0004088307440719542, 0.0001362769146906514, 0.0005451076587626056, 0.0005451076587626056, 0.0005451076587626056, 0.0019078768056691197, 0.0035431997819569366, 0.007904061052057782, 0.01853366039792859, 0.030662305805396566, 0.05137639683837558, 0.06936494957754157, 0.10384300899427637, 0.10997547015535568, 0.12005996184246388, 0.12060506950122649, 0.10561460888525484, 0.06295993458708095, 0.068411011174707, 0.03733987462523849, 0.024666121559007905, 0.023575906241482692, 0.013082583810302535, 0.008312891796129736, 0.00872172254020169, 0.0046334150994821474, 0.0025892613791223765, 0.0001362769146906514, 0.0, 0.0, 0.0, 0.0], [0.0, 0.0, 0.0005122950819672131, 0.0005122950819672131, 0.0015368852459016393, 0.0010245901639344263, 0.0005122950819672131, 0.007172131147540984, 0.011270491803278689, 0.017418032786885244, 0.04405737704918033, 0.04559426229508197, 0.06762295081967214, 0.08811475409836066, 0.10245901639344263, 0.1173155737704918, 0.1521516393442623, 0.08811475409836066, 0.12346311475409837, 0.03381147540983607, 0.03790983606557377, 0.030737704918032786, 0.010245901639344262, 0.009221311475409836, 0.0056352459016393444, 0.0030737704918032786, 0.0005122950819672131, 0.0, 0.0, 0.0, 0.0, 0.0], [0.0002610966057441253, 0.0005221932114882506, 0.000783289817232376, 0.0010443864229765013, 0.0028720626631853785, 0.0020887728459530026, 0.004960835509138381, 0.01174934725848564, 0.0195822454308094, 0.03524804177545692, 0.057441253263707574, 0.07545691906005222, 0.09738903394255875, 0.10783289817232376, 0.1412532637075718, 0.12610966057441253, 0.102088772845953, 0.06031331592689295, 0.06579634464751959, 0.032114882506527415, 0.018798955613577025, 0.