{"region": {"us": {"histType": {"histogram": {"labels": ["0", "100", "200", "300", "400", "500", "600", "700", "800", "900", "1000", "1100", "1200", "1300", "1400", "1500", "1600", "1700", "1800", "1900", "2000", "2100", "2200", "2300", "2400", "2500", "2600", "2700", "2800", "2900", "3000"], "data": [[0.0, 0.0, 0.0035587188612099642, 0.0035587188612099642, 0.0035587188612099642, 0.010676156583629894, 0.02491103202846975, 0.014234875444839857, 0.03558718861209965, 0.028469750889679714, 0.07473309608540925, 0.08185053380782918, 0.07473309608540925, 0.1103202846975089, 0.10320284697508897, 0.11387900355871886, 0.08896797153024912, 0.060498220640569395, 0.05338078291814947, 0.05693950177935943, 0.010676156583629894, 0.02491103202846975, 0.021352313167259787, 0.0, 0.0, 0.0, 0.0, 0.0, 0.0, 0.0, 0.0], [0.0, 0.0008956560680698612, 0.0, 0.0004478280340349306, 0.0008956560680698612, 0.0013434841021047917, 0.006269592476489028, 0.011195700850873265, 0.010300044782803403, 0.020152261531571878, 0.036274070756829375, 0.04746977160770264, 0.06672637707120466, 0.0747872816838334, 0.10882221227048813, 0.1244961934617107, 0.15315718763994626, 0.08956560680698612, 0.13434841021047916, 0.04612628750559785, 0.02283922973578146, 0.019256605463502014, 0.00806090461262875, 0.005373936408419167, 0.004030452306314375, 0.003134796238244514, 0.004030452306314375, 0.0, 0.0, 0.0, 0.0], [0.0001417635384179189, 0.0, 0.0, 0.0002835270768358378, 0.0002835270768358378, 0.0002835270768358378, 0.0002835270768358378, 0.0007088176920895946, 0.0038276155372838107, 0.004678196767791324, 0.008931102920328891, 0.012616954919194782, 0.021264530762687837, 0.032889140912957186, 0.04805783952367451, 0.07485114828466119, 0.12928834703714204, 0.10603912673660335, 0.24794442869294017, 0.08916926566487099, 0.05542954352140629, 0.07853700028352707, 0.02367451091579246, 0.01431811738020981, 0.027360362914658348, 0.008931102920328891, 0.004819960306209243, 0.0035440884604479726, 0.0015593989225971081, 0.0002835270768358378, 0.0], [0.0, 0.0, 0.0, 0.0, 0.00012992074834351045, 0.0002598414966870209, 0.0011692867350915942, 0.002598414966870209, 0.006366116668832012, 0.01143302585422892, 0.018188904768091464, 0.020917240483305184, 0.038586462258022605, 0.055086397297648436, 0.07977133948291543, 0.1118617643237625, 0.16214109393270104, 0.11030271534364038, 0.18097960244251007, 0.07301546056905288, 0.04495257892685462, 0.04872028062881642, 0.013121995582694557, 0.007535403403923607, 0.00844484864232818, 0.0019488112251526569, 0.001429128231778615, 0.0007795244900610628, 0.0002598414966870209, 0.0, 0.0], [0.0, 0.0, 0.0, 0.0, 0.00980392156862745, 0.0, 0.0, 0.0392156862745098, 0.029411764705882353, 0.06862745098039216, 0.049019607843137254, 0.06862745098039216, 0.0784313725490196, 0.11764705882352941, 0.06862745098039216, 0.06862745098039216, 0.06862745098039216, 0.049019607843137254, 0.09803921568627451, 0.08823529411764706, 0.029411764705882353, 0.058823529411764705, 0.0, 0.00980392156862745, 0.0, 0.0, 0.0, 0.0, 0.0, 0.0, 0.0], [0.0, 0.0, 0.0, 0.0, 0.0, 0.00026592208482914504, 0.0, 0.0018614545938040155, 0.0017284935513894428, 0.007179896290386917, 0.011966493817311527, 0.019811195319771307, 0.035500598324690866, 0.05996543012897221, 0.08948278154500731, 0.12285600319106502, 0.15689403004919558, 0.10716660018614546, 0.15702699109161017, 0.06860789788591942, 0.039622390639542614, 0.05544475468687674, 0.020343039489429598, 0.009706156096263794, 0.018880468022869298, 0.005717324823826619, 0.004786597526924611, 0.0035899481451934583, 0.0013296104241457252, 0.00026592208482914504, 0.0], [0.0, 0.0, 0.00028555111364934324, 0.0017133066818960593, 0.0017133066818960593, 0.0028555111364934323, 0.0048543689320388345, 0.008566533409480296, 0.01856082238720731, 0.028840662478583665, 0.04054825813820674, 0.04683038263849229, 0.06967447173043975, 0.0885208452312964, 0.1142204454597373, 0.13135351227869788, 0.12992575671045117, 0.08138206739006282, 0.0970873786407767, 0.03540833809251856, 0.026270702455739578, 0.022844089091947458, 0.011993146773272416, 0.0065676756139348945, 0.011993146773272416, 0.005425471159337522, 0.0074243289548829245, 0.0031410622501427754, 0.0019988577955454027, 0.0, 0.0], [0.0036231884057971015, 0.0, 0.0036231884057971015, 0.010869565217391304, 0.010869565217391304, 0.014492753623188406, 0.018115942028985508, 0.050724637681159424, 0.05434782608695652, 0.10507246376811594, 0.09420289855072464, 0.10144927536231885, 0.10869565217391304, 0.10507246376811594, 0.06159420289855073, 0.06884057971014493, 0.05434782608695652, 0.028985507246376812, 0.028985507246376812, 0.03260869565217391, 0.021739130434782608, 0.021739130434782608, 0.0, 0.0, 0.0, 0.0, 0.0, 0.0, 0.0, 0.0, 0.0], [0.0003230321955421557, 0.0003230321955421557, 0.0005383869925702595, 0.0006460643910843114, 0.0005383869925702595, 0.0019381931732529343, 0.002045870571766986, 0.005599224722730699, 0.010552385054377087, 0.021966189296866587, 0.03757941208140411, 0.0537310218585119, 0.06805211586088081, 0.08000430709594056, 0.10110907720469474, 0.12576720146441261, 0.1280284268332077, 0.0821578550662216, 0.09561752988047809, 0.05405405405405406, 0.034349090125982557, 0.03510283191558092, 0.017228383762248303, 0.011090772046947346, 0.01819748034887477, 0.007322063098955529, 0.0035533541509637128, 0.0025842575643372457, 0.0, 0.0, 0.0], [0.0, 0.0, 0.0, 0.0, 0.00043706293706293706, 0.00043706293706293706, 0.00043706293706293706, 0.00043706293706293706, 0.00043706293706293706, 0.005244755244755245, 0.008304195804195804, 0.008741258741258742, 0.01048951048951049, 0.024912587412587412, 0.0472027972027972, 0.06468531468531469, 0.08741258741258741, 0.09090909090909091, 0.18138111888111888, 0.08610139860139861, 0.08697552447552448, 0.10926573426573427, 0.05201048951048951, 0.024475524475524476, 0.06162587412587413, 0.017045454545454544, 0.0118006993006993, 0.013111888111888112, 0.006118881118881119, 0.0, 0.0], [0.0, 0.0, 0.0006779661016949153, 0.0, 0.002711864406779661, 0.0006779661016949153, 0.004067796610169492, 0.003389830508474576, 0.013220338983050847, 0.017966101694915255, 0.030508474576271188, 0.03966101694915254, 0.06135593220338983, 0.07694915254237288, 0.09627118644067796, 0.11457627118644068, 0.14440677966101695, 0.09423728813559322, 0.1440677966101695, 0.05186440677966102, 0.03389830508474576, 0.031186440677966103, 0.01288135593220339, 0.007457627118644068, 0.008813559322033898, 0.004067796610169492, 0.004067796610169492, 0.001016949152542373, 0.0, 0.0, 0.0], [0.0, 0.0, 0.0005744925315970893, 0.0005744925315970893, 0.0009574875526618154, 0.0021064726158559937, 0.004787437763309077, 0.008617387973956338, 0.015319800842589047, 0.0248946763692072, 0.0534278054385293, 0.06721562619685945, 0.09230180007659901, 0.10206817311374952, 0.1369207200306396, 0.13251627728839524, 0.12351589429337419, 0.07123707391803906, 0.07200306396016852, 0.0337035618536959, 0.02049023362696285, 0.01685178092684795, 0.00938337801608579, 0.0032554576790501722, 0.0034469551895825352, 0.002872462657985446, 0.0005744925315970893, 0.00038299502106472615, 0.0, 0.0, 0.0], [0.0, 0.0, 0.0, 0.0, 0.00035778175313059033, 0.0007155635062611807, 0.0026833631484794273, 0.0035778175313059034, 0.007155635062611807, 0.010554561717352416, 0.025760286225402506, 0.038998211091234344, 0.054740608228980324, 0.06905187835420394, 0.1112701252236136, 0.11162790697674418, 0.1475849731663685, 0.10429338103756708, 0.14597495527728085, 0.05760286225402504, 0.0332737030411449, 0.03363148479427549, 0.013416815742397137, 0.009838998211091235, 0.0110912343470483, 0.0032200357781753132, 0.0017889087656529517, 0.0016100178890876566, 0.00017889087656529517, 0.0, 0.0], [0.00024554941682013506, 0.0, 0.0, 0.00012277470841006753, 0.00024554941682013506, 0.00036832412523020257, 0.0015960712093308778, 0.0024554941682013503, 0.005279312461632903, 0.015224063842848374, 0.02394106813996317, 0.030570902394106814, 0.040024554941682014, 0.0570902394106814, 0.08385512584407612, 0.11368937998772254, 0.15174953959484347, 0.10399017802332719, 0.15715162676488642, 0.07366482504604052, 0.04333947206875384, 0.04567219152854512, 0.016574585635359115, 0.007489257213014119, 0.012768569674647023, 0.004174340085942296, 0.002823818293431553, 0.0031921424186617557, 0.0024554941682013503, 0.00024554941682013506, 0.0], [0.0, 0.0, 0.00024857071836937607, 0.0, 0.0004971414367387521, 0.0004971414367387521, 0.0004971414367387521, 0.0012428535918468805, 0.0037285607755406414, 0.003977131493910017, 0.013174248073576932, 0.018145662440964456, 0.03803131991051454, 0.052448421575938355, 0.0790454884414616, 0.10837683320904798, 0.15858811831966194, 0.11483967188665176, 0.16604523987074324, 0.08501118568232663, 0.049714143673875215, 0.05021128511061397, 0.019885657469550087, 0.010937111608252548, 0.014168530947054437, 0.00571712652249565, 0.0014914243102162564, 0.0014914243102162564, 0.0019885657469550086, 0.0, 0.0], [0.0, 0.0, 0.0, 0.0, 0.0013477088948787063, 0.0013477088948787063, 0.0013477088948787063, 0.005840071877807727, 0.010332434860736747, 0.013926325247079964, 0.020664869721473494, 0.03324348607367475, 0.04986522911051213, 0.06289308176100629, 0.0876010781671159, 0.11006289308176101, 0.13746630727762804, 0.10422282120395328, 0.12174303683737646, 0.059748427672955975, 0.051662174303683736, 0.0426774483378257, 0.029200359389038633, 0.012578616352201259, 0.017070979335130278, 0.009433962264150943, 0.005840071877807727, 0.0031446540880503146, 0.006289308176100629, 0.0004492362982929021, 0.0], [0.00023474178403755868, 0.0, 0.00046948356807511736, 0.00046948356807511736, 0.00046948356807511736, 0.0011737089201877935, 0.002347417840375587, 0.004225352112676056, 0.007746478873239437, 0.014084507042253521, 0.023474178403755867, 0.04225352112676056, 0.06901408450704226, 0.08262910798122065, 0.11173708920187793, 0.1288732394366197, 0.13708920187793427, 0.09624413145539906, 0.11737089201877934, 0.05211267605633803, 0.03028169014084507, 0.03591549295774648, 0.014084507042253521, 0.005633802816901409, 0.0107981220657277, 0.003755868544600939, 0.003051643192488263, 0.0028169014084507044, 0.0014084507042253522, 0.00023474178403755868, 0.0], [0.0, 0.0, 0.00017717930545712261, 0.00035435861091424523, 0.0005315379163713678, 0.00035435861091424523, 0.0012402551381998582, 0.003543586109142452, 0.004429482636428065, 0.012756909992912827, 0.024096385542168676, 0.028703047484053862, 0.05421686746987952, 0.0666194188518781, 0.10170092133238838, 0.12473423104181432, 0.1513111268603827, 0.09585400425230334, 0.16672572643515238, 0.055102763997165134, 0.030120481927710843, 0.03454996456413891, 0.015946137491141033, 0.005846917080085046, 0.011162296243798725, 0.004252303330970942, 0.001771793054571226, 0.002126151665485471, 0.0015946137491141034, 0.00017717930545712261, 0.0], [0.0, 0.0, 0.0, 0.011627906976744186, 0.011627906976744186, 0.011627906976744186, 0.0, 0.0, 0.023255813953488372, 0.06976744186046512, 0.023255813953488372, 0.05813953488372093, 0.046511627906976744, 0.046511627906976744, 0.08139534883720931, 0.12790697674418605, 0.12790697674418605, 0.09302325581395349, 0.03488372093023256, 0.046511627906976744, 0.03488372093023256, 0.03488372093023256, 0.046511627906976744, 0.011627906976744186, 0.05813953488372093, 0.0, 0.0, 0.0, 0.0, 0.0, 0.0], [0.00012454851164528583, 0.00012454851164528583, 0.0, 0.00024909702329057166, 0.00024909702329057166, 0.00024909702329057166, 0.0003736455349358575, 0.0016191306513887158, 0.003113712791132146, 0.00660107111720015, 0.012703948187819156, 0.017934985676921162, 0.03437538921409889, 0.052185826379374765, 0.08942583136131524, 0.13600697471665213, 0.17050691244239632, 0.1266658363432557, 0.13662971727487858, 0.0694980694980695, 0.047452982936853905, 0.04683024037862748, 0.019305019305019305, 0.008344750280234152, 0.010835720513139867, 0.004110100884294433, 0.003611906837713289, 0.0008718395815170009, 0.0, 0.0, 0.0], [0.0, 0.0, 0.0, 0.00016388069485414618, 0.0, 0.00032776138970829236, 0.0013110455588331695, 0.0008194034742707309, 0.0021304490331039002, 0.00344149459193707, 0.008685676827269747, 0.012291052114060964, 0.020812848246476567, 0.030973451327433628, 0.05293346443788922, 0.08357915437561456, 0.1291379875450672, 0.12127171419206817, 0.1909210095050803, 0.09783677482792527, 0.06817436905932481, 0.08456243854473942, 0.030154047853162898, 0.014257620452310717, 0.022943297279580464, 0.011471648639790232, 0.0050803015404785315, 0.0042608980662078005, 0.0021304490331039002, 0.00032776138970829236, 0.0], [0.0003232062055591467, 0.00010773540185304891, 0.0, 0.00021547080370609782, 0.00021547080370609782, 0.0007541478129713424, 0.0008618832148243913, 0.002477914242620125, 0.003878474466709761, 0.007541478129713424, 0.0149752208575738, 0.020146520146520148, 0.024886877828054297, 0.04061624649859944, 0.058931264813617754, 0.09017453135100194, 0.12637362637362637, 0.13176039646627882, 0.18271924154277094, 0.09814695108812756, 0.06054729584141349, 0.06701141995259642, 0.02661064425770308, 0.012497306614953674, 0.018315018315018316, 0.00495582848524025, 0.003339797457444516, 0.0016160310277957336, 0.0, 0.0, 0.0], [0.0, 0.0, 0.0, 0.0018181818181818182, 0.0018181818181818182, 0.0, 0.0, 0.005454545454545455, 0.00909090909090909, 0.005454545454545455, 0.016363636363636365, 0.025454545454545455, 0.04909090909090909, 0.09090909090909091, 0.09636363636363636, 0.1509090909090909, 0.16727272727272727, 0.12727272727272726, 0.15636363636363637, 0.05090909090909091, 0.02, 0.016363636363636365, 0.005454545454545455, 0.0, 0.0036363636363636364, 0.0, 0.0, 0.0, 0.0, 0.0, 0.0], [0.0, 0.0, 0.0, 0.0002705139765554554, 0.0, 0.00018034265103697024, 0.0002705139765554554, 0.0009017132551848512, 0.002344454463480613, 0.005861136158701533, 0.009017132551848512, 0.017132551848512173, 0.02903516681695221, 0.03660955816050496, 0.057168620378719566, 0.07520288548241659, 0.11902614968440037, 0.09486023444544635, 0.21893597835888187, 0.09684400360685302, 0.0636609558160505, 0.09729486023444545, 0.029125338142470696, 0.011722272317403066, 0.02055906221821461, 0.006221821460775473, 0.0031559963931469793, 0.002705139765554554, 0.0018935978358881876, 0.0, 0.0], [0.00018438277864847423, 9.219138932423711e-05, 9.219138932423711e-05, 0.00018438277864847423, 0.0006453397252696598, 0.0005531483359454227, 0.0005531483359454227, 0.0013828708398635568, 0.0016594450078362682, 0.0065455886420208356, 0.012261454780123537, 0.02553701484281368, 0.04738637411265788, 0.06877477643588088, 0.10389969576841523, 0.15036415598783073, 0.1939706831381949, 0.125195906702314, 0.1416059740020282, 0.05005992440306076, 0.03014658430902554, 0.022955655941735043, 0.00765188531391168, 0.0031345072370240618, 0.0022125933437816907, 0.0019360191758089795, 0.0010141052825666083, 0.0, 0.0, 0.0, 0.0], [0.0, 0.00012773023374632777, 0.0, 0.00012773023374632777, 0.00025546046749265553, 0.0008941116362242943, 0.0010218418699706221, 0.0022991442074338994, 0.0038319070123898325, 0.00625878145357006, 0.01315621407587176, 0.022991442074338998, 0.03538127474773279, 0.04815429812236557, 0.08136415889641078, 0.13501085706986843, 0.16860390854515264, 0.1191723080853238, 0.1514880572231447, 0.08034231702644015, 0.04304508877251245, 0.04266189807127347, 0.02043683739941244, 0.009835227998467238, 0.008813386128496616, 0.0022991442074338994, 0.0016604930387022609, 0.0007663814024779665, 0.0, 0.0, 0.0], [0.0, 0.0, 0.0, 0.0, 0.00030349013657056146, 0.0, 0.0009104704097116844, 0.0009104704097116844, 0.0018209408194233688, 0.0039453717754172985, 0.01031866464339909, 0.01638846737481032, 0.028528072837632777, 0.049013657056145674, 0.08512898330804249, 0.11927162367223065, 0.1534142640364188, 0.10045523520485584, 0.18300455235204857, 0.06813353566009105, 0.044764795144157814, 0.05493171471927162, 0.024279210925644917, 0.013353566009104704, 0.019878603945371776, 0.007738998482549317, 0.005918057663125948, 0.00409711684370258, 0.0031866464339908953, 0.00030349013657056146, 0.0], [0.00039840637450199205, 0.00039840637450199205, 0.00039840637450199205, 0.0007968127490039841, 0.002390438247011952, 0.0031872509960159364, 0.004780876494023904, 0.008366533864541833, 0.01593625498007968, 0.03227091633466136, 0.0398406374501992, 0.05617529880478088, 0.0649402390438247, 0.09043824701195219, 0.11792828685258964, 0.1147410358565737, 0.12191235059760956, 0.07888446215139443, 0.12629482071713147, 0.037848605577689244, 0.026294820717131476, 0.02749003984063745, 0.007569721115537849, 0.00597609561752988, 0.006772908366533864, 0.005577689243027889, 0.002390438247011952, 0.0, 0.0, 0.0, 0.0], [0.0, 0.0, 0.0, 0.0020905923344947735, 0.0013937282229965157, 0.0027874564459930314, 0.004181184668989547, 0.011149825783972125, 0.011846689895470384, 0.0132404181184669, 0.027177700348432057, 0.036933797909407665, 0.05226480836236934, 0.0578397212543554, 0.0843205574912892, 0.11707317073170732, 0.13867595818815331, 0.11289198606271778, 0.15958188153310104, 0.0578397212543554, 0.03554006968641115, 0.027177700348432057, 0.020209059233449476, 0.008362369337979094, 0.009059233449477353, 0.003484320557491289, 0.0027874564459930314, 0.0020905923344947735, 0.0, 0.0, 0.0], [0.00030446034404018875, 0.0, 0.0, 0.0, 0.0006089206880803775, 0.0009133810321205663, 0.0033490637844420766, 0.005480286192723398, 0.008220429289085097, 0.0162886284061501, 0.030902724920079158, 0.04673466281016898, 0.06271883087227889, 0.09118587304003653, 0.1357893134419242, 0.13989952808646675, 0.13731161516212514, 0.09042472217993607, 0.1083878824783072, 0.03897092403714416, 0.02527020855533567, 0.026183589587456233, 0.01111280255746689, 0.00487136550464302, 0.009133810321205664, 0.002892373268381793, 0.0010656112041406607, 0.0009133810321205663, 0.00030446034404018875, 0.0007611508601004719, 0.0], [0.0, 0.0, 0.0, 0.0004813477737665463, 0.0007220216606498195, 0.00024067388688327315, 0.0024067388688327317, 0.0016847172081829122, 0.00457280385078219, 0.009867629362214199, 0.016365824308062576, 0.022382671480144403, 0.03802647412755716, 0.05439229843561973, 0.07749699157641396, 0.1095066185318893, 0.12707581227436823, 0.10806257521058965, 0.1552346570397112, 0.06931407942238267, 0.049819494584837545, 0.05583634175691937, 0.02454873646209386, 0.014921780986762936, 0.027918170878459686, 0.01131167268351384, 0.008182912154031288, 0.00457280385078219, 0.00457280385078219, 0.0004813477737665463, 0.0], [0.0, 0.0, 0.0, 0.0, 0.00021454623471358077, 0.0, 0.001072731173567904, 0.001072731173567904, 0.003003647285990131, 0.01094185797039262, 0.01694915254237288, 0.02767646427805192, 0.04762926410641493, 0.069083887577773, 0.09912036043767432, 0.12293499249088179, 0.15039691053422014, 0.10126582278481013, 0.1574769362797683, 0.06329113924050633, 0.04290924694271615, 0.04248015447328899, 0.01652006007294572, 0.0064363870414074235, 0.006650933276121004, 0.003003647285990131, 0.006221840806693842, 0.0025745548165629693, 0.001072731173567904, 0.0, 0.0], [0.000135189941868325, 0.000135189941868325, 0.000135189941868325, 0.000135189941868325, 0.0005407597674733, 0.00135189941868325, 0.001216709476814925, 0.0032445586048398, 0.005272407732864675, 0.0091929160470461, 0.0232526700013519, 0.03487900500202785, 0.05867243477085305, 0.0789509260511018, 0.11829119913478438, 0.14641070704339598, 0.15965932134649183, 0.11099094227389482, 0.11112613221576315, 0.05650939570095985, 0.03163444639718805, 0.022847100175746926, 0.012707854535622549, 0.0037853183723131, 0.005542787616601325, 0.0010815195349466, 0.002027849128024875, 0.00027037988373665, 0.0, 0.0, 0.0], [0.0, 0.0, 0.0, 0.000228675966155957, 0.000457351932311914, 0.001143379830779785, 0.001372055796935742, 0.003430139492339355, 0.005716899153898925, 0.008918362680082323, 0.018065401326320604, 0.025611708209467184, 0.04436313743425566, 0.06357191859135605, 0.09970272124399726, 0.13377544020123486, 0.15961582437685798, 0.11776812257031787, 0.13217470843814316, 0.061513834895952434, 0.03978961811113652, 0.03590212668648525, 0.016007317630916992, 0.0066316030185227534, 0.013263206037045507, 0.0038874914246512693, 0.0038874914246512693, 0.0029727875600274413, 0.000228675966155957, 0.0, 0.0], [0.0, 0.0, 0.0, 0.0002675943270002676, 0.0, 0.0010703773080010704, 0.0018731602890018732, 0.002675943270002676, 0.005887075194005887, 0.005887075194005887, 0.01230933904201231, 0.02113995183302114, 0.03237891356703238, 0.046561412898046564, 0.08482740165908483, 0.10917848541610918, 0.1412898046561413, 0.10543216483810543, 0.17393631255017394, 0.075996788868076, 0.0470966015520471, 0.06208188386406208, 0.022745517795022745, 0.013914905004013914, 0.018999197217019, 0.009900990099009901, 0.0029435375970029436, 0.0008027829810008028, 0.0008027829810008028, 0.0, 0.0], [0.0, 0.0, 0.0002962962962962963, 0.0, 0.00014814814814814815, 0.00044444444444444447, 0.0005925925925925926, 0.002074074074074074, 0.001925925925925926, 0.005481481481481481, 0.01274074074074074, 0.026962962962962963, 0.04533333333333334, 0.07481481481481482, 0.11140740740740741, 0.1197037037037037, 0.14325925925925925, 0.10251851851851852, 0.14859259259259258, 0.05555555555555555, 0.03911111111111111, 0.040740740740740744, 0.023703703703703703, 0.010814814814814815, 0.017925925925925925, 0.005333333333333333, 0.004888888888888889, 0.003259259259259259, 0.0023703703703703703, 0.0, 0.0], [0.0, 0.0, 9.379103357719002e-05, 0.0, 9.379103357719002e-05, 0.00018758206715438003, 0.0002813731007315701, 0.0013130744700806604, 0.0020634027386981805, 0.005627462014631401, 0.011348715062839992, 0.021478146689176515, 0.03723504033014444, 0.05242918776964922, 0.07794034890264491, 0.09538548114800226, 0.1252110298255487, 0.10176327143125118, 0.2096229600450197, 0.08459951228662539, 0.05017820296379666, 0.06555993247045583, 0.019883699118364285, 0.009472894391296192, 0.016507221909585444, 0.005908835115362971, 0.0021571937722753703, 0.0022509848058525606, 0.0012192834365034703, 0.00018758206715438003, 0.0], [0.0, 0.0, 0.0, 0.0, 0.0, 0.00012061271257990592, 0.0007236762754794355, 0.0006030635628995297, 0.0022916415390182125, 0.005306959353515861, 0.008322277168013509, 0.01917742130020504, 0.03377155952237366, 0.0570498130502955, 0.09094198528524906, 0.13122663128693765, 0.17633578579182246, 0.12459293209504282, 0.18803521891207334, 0.06549270293088892, 0.03280665782173441, 0.0407670968520082, 0.010010855144132191, 0.0036183813773971777, 0.004100832227716802, 0.0012061271257990593, 0.001567965263538777, 0.0019298034012784947, 0.0, 0.0, 0.0], [0.0, 0.004132231404958678, 0.0, 0.004132231404958678, 0.004132231404958678, 0.02066115702479339, 0.028925619834710745, 0.02066115702479339, 0.07024793388429752, 0.045454545454545456, 0.04132231404958678, 0.07024793388429752, 0.0743801652892562, 0.1115702479338843, 0.10330578512396695, 0.1115702479338843, 0.09917355371900827, 0.06198347107438017, 0.049586776859504134, 0.01652892561983471, 0.028925619834710745, 0.008264462809917356, 0.008264462809917356, 0.01652892561983471, 0.0, 0.0, 0.0, 0.0, 0.0, 0.0, 0.0]]}, "ranks": {"labels": ["Unranked", "Combatatent I", "Combatatent II", "Challenger I", "Challenger II", "Rival I", "Rival II", "Duelist", "Elite"], "data": [[0.12455516014234876, 0.15658362989323843, 0.18505338078291814, 0.21708185053380782, 0.1494661921708185, 0.09608540925266904, 0.02491103202846975, 0.046263345195729534, 0.0], [0.05150022391401702, 0.08374384236453201, 0.14151365875503807, 0.23331840573219884, 0.24272279444693237, 0.16121809225257502, 0.04209583519928348, 0.032691446484549934, 0.011195700850873265], [0.010490501842925999, 0.021548057839523675, 0.054153671675645026, 0.1229089878083357, 0.23532747377374538, 0.2961440317550326, 0.09639920612418486, 0.11652962857952935, 0.046498440601077405], [0.021956606470053267, 0.03910614525139665, 0.09367285955567103, 0.19163310380667792, 0.27244380927634143, 0.2196959854488762, 0.07925165648954138, 0.06937767961543459, 0.012862154086007535], [0.14705882352941177, 0.11764705882352941, 0.19607843137254902, 0.13725490196078433, 0.11764705882352941, 0.16666666666666666, 0.049019607843137254, 0.06862745098039216, 0.0], [0.01103576652040952, 0.031777689137082836, 0.09546602845366307, 0.21233878473607234, 0.26406063023534104, 0.19239462837388646, 0.07286265124318575, 0.08549395027257013, 0.03456987102778886], [0.067390062821245, 0.08737864077669903, 0.15819531696173614, 0.24557395773843518, 0.211307824100514, 0.1162193032552827, 0.04254711593375214, 0.04140491147915477, 0.02998286693318104], [0.2717391304347826, 0.1956521739130435, 0.213768115942029, 0.13043478260869565, 0.08333333333333333, 0.03985507246376811, 0.043478260869565216, 0.021739130434782608, 0.0], [0.04447076558630343, 0.09131043393991602, 0.14805642295682137, 0.22687627866910737, 0.2101862818994293, 0.1246904274792721, 0.0593302465812426, 0.06342198772477657, 0.03165715516313126], [0.00743006993006993, 0.017045454545454544, 0.035402097902097904, 0.11188811188811189, 0.17832167832167833, 0.2229020979020979, 0.13155594405594406, 0.18575174825174826, 0.1097027972027972], [0.04271186440677966, 0.07016949152542373, 0.13830508474576272, 0.21084745762711865, 0.23864406779661018, 0.17288135593220338, 0.05694915254237288, 0.05152542372881356, 0.017966101694915255], [0.05783224818077365, 0.12064343163538874, 0.19436997319034852, 0.26943699731903487, 0.19475296821141325, 0.08866334737648411, 0.03753351206434316, 0.029490616621983913, 0.007276905400229797], [0.025044722719141325, 0.06475849731663685, 0.12379248658318426, 0.22289803220035778, 0.2518783542039356, 0.17549194991055456, 0.06135957066189624, 0.05688729874776386, 0.017889087656529516], [0.025537139349294045, 0.05451197053406998, 0.0971147943523634, 0.19754450583179864, 0.25573971761817066, 0.19643953345610804, 0.07771639042357274, 0.06973603437691836, 0.02565991405770411], [0.010688540889883172, 0.03131991051454139, 0.0904797414864529, 0.18742232165050957, 0.2734277902063137, 0.2140193885160328, 0.08675118071091226, 0.08103405418841661, 0.024857071836937607], [0.034141958670260555, 0.05390835579514825, 0.11275831087151841, 0.1976639712488769, 0.2416891284815813, 0.1522911051212938, 0.08086253369272237, 0.08445642407906559, 0.042228212039532795], [0.031220657276995304, 0.06572769953051644, 0.1516431924882629, 0.24061032863849766, 0.23333333333333334, 0.1460093896713615, 0.05375586854460094, 0.05563380281690141, 0.022065727699530517], [0.023387668320340185, 0.05279943302622254, 0.12083628632175762, 0.2264351523742027, 0.24716513111268604, 0.19790928419560597, 0.054039688164422395, 0.05634301913536499, 0.02108433734939759], [0.12790697674418605, 0.08139534883720931, 0.09302325581395349, 0.20930232558139536, 0.22093023255813954, 0.05813953488372093, 0.05813953488372093, 0.09302325581395349, 0.05813953488372093], [0.012703948187819156, 0.030638933864740318, 0.08656121559347366, 0.22543280607796737, 0.29717274878565203, 0.17561340141985304, 0.07796736828994894, 0.07448000996388093, 0.019429567816664592], [0.00819403474270731, 0.02097672894133071, 0.05178629957391019, 0.13651261881350377, 0.2504097017371354, 0.24188790560471976, 0.11504424778761062, 0.12897410685021304, 0.046214355948869225], [0.016375781081663435, 0.035121741004093945, 0.06550312432665374, 0.1491057961646197, 0.2581340228399052, 0.23518638224520577, 0.10622710622710622, 0.10611937082525318, 0.028226675285498815], [0.023636363636363636, 0.04181818181818182, 0.14, 0.24727272727272728, 0.29454545454545455, 0.19272727272727272, 0.034545454545454546, 0.02181818181818182, 0.0036363636363636364], [0.009828674481514879, 0.026149684400360685, 0.06564472497745717, 0.13237150586113616, 0.2138863841298467, 0.26825969341749323, 0.11118124436429215, 0.1381424706943192, 0.0345356176735798], [0.011892689222826588, 0.03779846962293722, 0.11616115054853876, 0.25426385175624594, 0.3191665898405089, 0.16871024246335392, 0.05310224025076058, 0.03374204849267078, 0.005162717802157279], [0.014816707114574019, 0.036147656150210754, 0.08353557287009836, 0.21637501596627923, 0.2877762166304764, 0.19785413207306168, 0.07702133094903564, 0.07293396346915315, 0.013539404777110742], [0.007890743550834597, 0.026707132018209408, 0.07754172989377846, 0.20440060698027315, 0.25386949924127467, 0.2206373292867982, 0.07526555386949924, 0.09256449165402124, 0.041122913505311075], [0.06892430278884462, 0.09601593625498007, 0.1553784860557769, 0.23266932270916335, 0.200796812749004, 0.14342629482071714, 0.04701195219123506, 0.041035856573705176, 0.014741035856573706], [0.046689895470383276, 0.06411149825783972, 0.11010452961672473, 0.2013937282229965, 0.2515679442508711, 0.19094076655052264, 0.06202090592334495, 0.05574912891986063, 0.017421602787456445], [0.0351651697366418, 0.07763738773024814, 0.15390470391231542, 0.2756888415283909, 0.2277363373420612, 0.12909118587304003, 0.04353782919774699, 0.042167757649566144, 0.015070787029989343], [0.019975932611311673, 0.03874849578820698, 0.09241877256317689, 0.18700361010830324, 0.23513838748495788, 0.18989169675090253, 0.08447653429602887, 0.09530685920577617, 0.05703971119133574], [0.01630551383823214, 0.044625616820424804, 0.11671315168418794, 0.2220553529285561, 0.2516627333190303, 0.1930916112422227, 0.07058571122076808, 0.06543660158764214, 0.01952370735893585], [0.02136001081519535, 0.05813167500337975, 0.13762336082195484, 0.26470190617818035, 0.27065026362038663, 0.14411247803163443, 0.0551574962822766, 0.03934027308368258, 0.00892253616330945], [0.021266864852504, 0.04367710953578779, 0.10793505602561171, 0.23347816144523212, 0.27738394694717583, 0.16761948319231648, 0.06585867825291562, 0.058541047335924995, 0.024239652412531443], [0.017661225582017662, 0.03344929087503345, 0.07894032646507894, 0.194005887075194, 0.2467219694942467, 0.21621621621621623, 0.08081348675408082, 0.09874230666309874, 0.03344929087503345], [0.010962962962962963, 0.039703703703703706, 0.12014814814814814, 0.2311111111111111, 0.2457777777777778, 0.18059259259259258, 0.06266666666666666, 0.07525925925925926, 0.033777777777777775], [0.009660476458450572, 0.03282686175201651, 0.08966422809979366, 0.17332583005064717, 0.22697430125679985, 0.25257925342337273, 0.09182142187206903, 0.0949165259801163, 0.028231101106734196], [0.009045953443492944, 0.02749969846821855, 0.09082137257266916, 0.2221686165721867, 0.30092871788686526, 0.22458087082378483, 0.06175370884091183, 0.054396333373537574, 0.008804728018333133], [0.19834710743801653, 0.1115702479338843, 0.1859504132231405, 0.21487603305785125, 0.16115702479338842, 0.06198347107438017, 0.03305785123966942, 0.03305785123966942, 0.0]]}, "ranksDetailed": {"labels": ["Unranked", "Combatatant", "Challenger", "Rival", "Duelist", "Elite"], "data": [[0.12455516014234876, 0.3416370106761566, 0.3665480427046263, 0.12099644128113879, 0.046263345195729534, 0.0], [0.05150022391401702, 0.22525750111957007, 0.4760412001791312, 0.20331392745185847, 0.032691446484549934, 0.011195700850873265], [0.010490501842925999, 0.0757017295151687, 0.3582364615820811, 0.39254323787921747, 0.11652962857952935, 0.046498440601077405], [0.021956606470053267, 0.1327790048070677, 0.46407691308301935, 0.29894764193841755, 0.06937767961543459, 0.012862154086007535], [0.14705882352941177, 0.3137254901960784, 0.2549019607843137, 0.21568627450980393, 0.06862745098039216, 0.0], [0.01103576652040952, 0.1272437175907459, 0.47639941497141336, 0.2652572796170722, 0.08549395027257013, 0.03456987102778886], [0.067390062821245, 0.24557395773843518, 0.4568817818389492, 0.15876641918903484, 0.04140491147915477, 0.02998286693318104], [0.2717391304347826, 0.40942028985507245, 0.213768115942029, 0.08333333333333333, 0.021739130434782608, 0.0], [0.04447076558630343, 0.23936685689673737, 0.43706256056853665, 0.1840206740605147, 0.06342198772477657, 0.03165715516313126], [0.00743006993006993, 0.05244755244755245, 0.2902097902097902, 0.354458041958042, 0.18575174825174826, 0.1097027972027972], [0.04271186440677966, 0.20847457627118643, 0.44949152542372883, 0.22983050847457628, 0.05152542372881356, 0.017966101694915255], [0.05783224818077365, 0.31501340482573725, 0.4641899655304481, 0.12619685944082726, 0.029490616621983913, 0.007276905400229797], [0.025044722719141325, 0.1885509838998211, 0.47477638640429337, 0.23685152057245082, 0.05688729874776386, 0.017889087656529516], [0.025537139349294045, 0.1516267648864334, 0.4532842234499693, 0.2741559238796808, 0.06973603437691836, 0.02565991405770411], [0.010688540889883172, 0.12179965200099428, 0.4608501118568233, 0.30077056922694506, 0.08103405418841661, 0.024857071836937607], [0.034141958670260555, 0.16666666666666666, 0.4393530997304582, 0.23315363881401618, 0.08445642407906559, 0.042228212039532795], [0.031220657276995304, 0.21737089201877935, 0.47394366197183097, 0.19976525821596244, 0.05563380281690141, 0.022065727699530517], [0.023387668320340185, 0.17363571934798017, 0.4736002834868887, 0.25194897236002833, 0.05634301913536499, 0.02108433734939759], [0.12790697674418605, 0.1744186046511628, 0.43023255813953487, 0.11627906976744186, 0.09302325581395349, 0.05813953488372093], [0.012703948187819156, 0.11720014945821397, 0.5226055548636194, 0.253580769709802, 0.07448000996388093, 0.019429567816664592], [0.00819403474270731, 0.0727630285152409, 0.38692232055063913, 0.35693215339233036, 0.12897410685021304, 0.046214355948869225], [0.016375781081663435, 0.10062486533074769, 0.4072398190045249, 0.341413488472312, 0.10611937082525318, 0.028226675285498815], [0.023636363636363636, 0.18181818181818182, 0.5418181818181819, 0.22727272727272727, 0.02181818181818182, 0.0036363636363636364], [0.009828674481514879, 0.09179440937781785, 0.3462578899909829, 0.3794409377817854, 0.1381424706943192, 0.0345356176735798], [0.011892689222826588, 0.153959620171476, 0.5734304415967548, 0.2218124827141145, 0.03374204849267078, 0.005162717802157279], [0.014816707114574019, 0.1196832290203091, 0.5041512325967556, 0.2748754630220973, 0.07293396346915315, 0.013539404777110742], [0.007890743550834597, 0.10424886191198786, 0.4582701062215478, 0.2959028831562974, 0.09256449165402124, 0.041122913505311075], [0.06892430278884462, 0.251394422310757, 0.4334661354581673, 0.1904382470119522, 0.041035856573705176, 0.014741035856573706], [0.046689895470383276, 0.17421602787456447, 0.4529616724738676, 0.2529616724738676, 0.05574912891986063, 0.017421602787456445], [0.0351651697366418, 0.23154209164256356, 0.5034251788704521, 0.17262901507078704, 0.042167757649566144, 0.015070787029989343], [0.019975932611311673, 0.13116726835138387, 0.42214199759326115, 0.2743682310469314, 0.09530685920577617, 0.05703971119133574], [0.01630551383823214, 0.16133876850461273, 0.4737180862475864, 0.26367732246299075, 0.06543660158764214, 0.01952370735893585], [0.02136001081519535, 0.1957550358253346, 0.535352169798567, 0.19926997431391105, 0.03934027308368258, 0.00892253616330945], [0.021266864852504, 0.1516121655613995, 0.510862108392408, 0.23347816144523212, 0.058541047335924995, 0.024239652412531443], [0.017661225582017662, 0.1123896173401124, 0.44072785656944075, 0.297029702970297, 0.09874230666309874, 0.03344929087503345], [0.010962962962962963, 0.15985185185185186, 0.47688888888888886, 0.24325925925925926, 0.07525925925925926, 0.033777777777777775], [0.009660476458450572, 0.12249108985181016, 0.400300131307447, 0.34440067529544177, 0.0949165259801163, 0.028231101106734196], [0.009045953443492944, 0.11832107104088771, 0.5230973344590519, 0.28633457966469666, 0.054396333373537574, 0.008804728018333133], [0.19834710743801653, 0.2975206611570248, 0.3760330578512397, 0.09504132231404959, 0.03305785123966942, 0.0]]}}}, "eu": {"histType": {"histogram": {"labels": ["0", "100", "200", "300", "400", "500", "600", "700", "800", "900", "1000", "1100", "1200", "1300", "1400", "1500", "1600", "1700", "1800", "1900", "2000", "2100", "2200", "2300", "2400", "2500", "2600", "2700", "2800", "2900", "3000"], "data": [[0.0, 0.0, 0.0045045045045045045, 0.0, 0.0, 0.009009009009009009, 0.013513513513513514, 0.018018018018018018, 0.04954954954954955, 0.04504504504504504, 0.08558558558558559, 0.05405405405405406, 0.05405405405405406, 0.1036036036036036, 0.13963963963963963, 0.12612612612612611, 0.07657657657657657, 0.0945945945945946, 0.04504504504504504, 0.02702702702702703, 0.02252252252252252, 0.009009009009009009, 0.0, 0.018018018018018018, 0.0045045045045045045, 0.0, 0.0, 0.0, 0.0, 0.0, 0.0], [0.0, 0.0, 0.00048007681228996637, 0.0009601536245799327, 0.0009601536245799327, 0.003360537686029765, 0.004800768122899664, 0.00816130580892943, 0.018242918867018725, 0.027364378300528083, 0.03600576092174748, 0.050888142102736435, 0.06337013922227556, 0.08257321171387422, 0.12049927988478157, 0.1214594335093615, 0.15362457993278925, 0.0801728276524244, 0.1301008161305809, 0.03600576092174748, 0.019683149303888623, 0.019683149303888623, 0.007201152184349496, 0.003840614498319731, 0.005760921747479597, 0.002400384061449832, 0.0014402304368698992, 0.0009601536245799327, 0.0, 0.0, 0.0], [0.0, 0.0, 0.0, 0.00014997000599880023, 0.00014997000599880023, 0.00014997000599880023, 0.00029994001199760045, 0.0014997000599880025, 0.002999400119976005, 0.003899220155968806, 0.009898020395920816, 0.014997000599880024, 0.022945410917816437, 0.029994001199760048, 0.04994001199760048, 0.07318536292741452, 0.13752249550089982, 0.10362927414517097, 0.23740251949610078, 0.08578284343131373, 0.0616376724655069, 0.07918416316736653, 0.028944211157768445, 0.014547090581883623, 0.021745650869826036, 0.008848230353929214, 0.002999400119976005, 0.004199160167966407, 0.0028494301139772044, 0.0005998800239952009, 0.0], [0.0, 0.0, 0.0, 0.00012454851164528583, 0.00012454851164528583, 0.00024909702329057166, 0.0008718395815170009, 0.0026155187445510027, 0.0042346493959397186, 0.008842944326815294, 0.017436791630340016, 0.02702702702702703, 0.03574542284219703, 0.04645659484369162, 0.08108108108108109, 0.10760991406152697, 0.16315855025532444, 0.11807198903973097, 0.18084443890895505, 0.07983559596462822, 0.04595840079711047, 0.04595840079711047, 0.0132021422344003, 0.00660107111720015, 0.008344750280234152, 0.0027400672561962883, 0.0004981940465811433, 0.0011209366048075726, 0.0009963880931622867, 0.00024909702329057166, 0.0], [0.0, 0.0, 0.0, 0.0, 0.009900990099009901, 0.019801980198019802, 0.019801980198019802, 0.04950495049504951, 0.04950495049504951, 0.0297029702970297, 0.07920792079207921, 0.10891089108910891, 0.0297029702970297, 0.0297029702970297, 0.09900990099009901, 0.10891089108910891, 0.0594059405940594, 0.0891089108910891, 0.0594059405940594, 0.04950495049504951, 0.04950495049504951, 0.009900990099009901, 0.019801980198019802, 0.009900990099009901, 0.009900990099009901, 0.009900990099009901, 0.0, 0.0, 0.0, 0.0, 0.0], [0.0, 0.00013457139012245997, 0.00013457139012245997, 0.00026914278024491994, 0.0004037141703673799, 0.00013457139012245997, 0.00026914278024491994, 0.0020185708518368995, 0.002960570582694119, 0.0063248553357556185, 0.011573139550531557, 0.020320279908491456, 0.03337370475037007, 0.056519983851433184, 0.08800968914008882, 0.11398196743372359, 0.1508545283272776, 0.10698425514735567, 0.1590633831247477, 0.07549454985870004, 0.04413941596016687, 0.05853855470327009, 0.022473422150450815, 0.009554568698694657, 0.019781994348001614, 0.008612568967837438, 0.002960570582694119, 0.003095141972816579, 0.0012111425111021397, 0.0008074283407347598, 0.0], [0.00026198585276395077, 0.00026198585276395077, 0.00026198585276395077, 0.0013099292638197536, 0.003143830233167409, 0.0026198585276395073, 0.004453759496987163, 0.010479434110558029, 0.01991092481006026, 0.027770500392978778, 0.041917736442232116, 0.05580298663872151, 0.0728320670683783, 0.08645533141210375, 0.09274299187843857, 0.12208540738800105, 0.12915902541262772, 0.07676185485983757, 0.0888132040869793, 0.04741943935027509, 0.028556457951270632, 0.030390358920618286, 0.012837306785433586, 0.007335603877390621, 0.011265391668849881, 0.007335603877390621, 0.007335603877390621, 0.004715745349751114, 0.004977731202515065, 0.0007859575582918522, 0.0], [0.0, 0.0, 0.0, 0.0, 0.00980392156862745, 0.024509803921568627, 0.004901960784313725, 0.05392156862745098, 0.02450980