{"region": {"us": {"histType": {"histogram": {"labels": ["0", "100", "200", "300", "400", "500", "600", "700", "800", "900", "1000", "1100", "1200", "1300", "1400", "1500", "1600", "1700", "1800", "1900", "2000", "2100", "2200", "2300", "2400", "2500", "2600", "2700", "2800", "2900", "3000", "3100"], "data": [[0.0, 0.0, 0.0, 0.009615384615384616, 0.0, 0.009615384615384616, 0.019230769230769232, 0.028846153846153848, 0.09615384615384616, 0.038461538461538464, 0.10576923076923077, 0.11538461538461539, 0.057692307692307696, 0.18269230769230768, 0.1346153846153846, 0.04807692307692308, 0.038461538461538464, 0.028846153846153848, 0.038461538461538464, 0.04807692307692308, 0.0, 0.0, 0.0, 0.0, 0.0, 0.0, 0.0, 0.0, 0.0, 0.0, 0.0, 0.0], [0.0, 0.0018099547511312218, 0.0, 0.0009049773755656109, 0.0009049773755656109, 0.0, 0.0027149321266968325, 0.015384615384615385, 0.016289592760180997, 0.03800904977375565, 0.056108597285067875, 0.06515837104072399, 0.1085972850678733, 0.10950226244343891, 0.1520361990950226, 0.11131221719457013, 0.1248868778280543, 0.058823529411764705, 0.07873303167420814, 0.01809954751131222, 0.012669683257918552, 0.017194570135746608, 0.005429864253393665, 0.0018099547511312218, 0.0036199095022624436, 0.0, 0.0, 0.0, 0.0, 0.0, 0.0, 0.0], [0.0, 0.0, 0.0, 0.0003681885125184094, 0.0007363770250368188, 0.0003681885125184094, 0.0014727540500736377, 0.002577319587628866, 0.010677466863033874, 0.013622974963181149, 0.020618556701030927, 0.03608247422680412, 0.05743740795287187, 0.07952871870397643, 0.09867452135493372, 0.11487481590574374, 0.15206185567010308, 0.08505154639175258, 0.14948453608247422, 0.05228276877761414, 0.03350515463917526, 0.04823269513991164, 0.021723122238586155, 0.0066273932253313695, 0.008468335787923416, 0.005154639175257732, 0.0003681885125184094, 0.0, 0.0, 0.0, 0.0, 0.0], [0.0, 0.00024366471734892786, 0.0, 0.0, 0.00024366471734892786, 0.0007309941520467836, 0.00341130604288499, 0.0043859649122807015, 0.011939571150097465, 0.026559454191033137, 0.03386939571150097, 0.04069200779727095, 0.07236842105263158, 0.10014619883040936, 0.12134502923976608, 0.12962962962962962, 0.14961013645224172, 0.09381091617933723, 0.10916179337231968, 0.04312865497076023, 0.020224171539961013, 0.024610136452241714, 0.006578947368421052, 0.0026803118908382065, 0.003167641325536062, 0.0014619883040935672, 0.0, 0.0, 0.0, 0.0, 0.0, 0.0], [0.0, 0.0, 0.0, 0.0, 0.0, 0.0, 0.02564102564102564, 0.07692307692307693, 0.05128205128205128, 0.1282051282051282, 0.05128205128205128, 0.10256410256410256, 0.05128205128205128, 0.10256410256410256, 0.0, 0.0, 0.10256410256410256, 0.0, 0.07692307692307693, 0.10256410256410256, 0.02564102564102564, 0.05128205128205128, 0.02564102564102564, 0.02564102564102564, 0.0, 0.0, 0.0, 0.0, 0.0, 0.0, 0.0, 0.0], [0.0, 0.0, 0.0, 0.0, 0.0, 0.0, 0.0006129955046996322, 0.0038823048630976706, 0.0036779730281977932, 0.012668573763792398, 0.022476501838986515, 0.0343277482631794, 0.06293420514916225, 0.09031467102574581, 0.11667347772783, 0.1238250919493257, 0.14630159378831223, 0.09603596240294238, 0.11667347772783, 0.05312627707396812, 0.03351042092357989, 0.042909685328974254, 0.015324887617490806, 0.008377605230894973, 0.009807928075194115, 0.00469963220269718, 0.0016346546791990192, 0.0002043318348998774, 0.0, 0.0, 0.0, 0.0], [0.0, 0.0, 0.0, 0.0017667844522968198, 0.001177856301531213, 0.002355712603062426, 0.004122497055359246, 0.011189634864546525, 0.024734982332155476, 0.04004711425206125, 0.05771495877502945, 0.0712603062426384, 0.11071849234393404, 0.1254416961130742, 0.13780918727915195, 0.09422850412249706, 0.10306242638398115, 0.059481743227326266, 0.05418138987043581, 0.028857479387514724, 0.0176678445229682, 0.01884570082449941, 0.010011778563015312, 0.01060070671378092, 0.010011778563015312, 0.002944640753828033, 0.0017667844522968198, 0.0, 0.0, 0.0, 0.0, 0.0], [0.0, 0.0, 0.010416666666666666, 0.010416666666666666, 0.020833333333333332, 0.0, 0.03125, 0.10416666666666667, 0.11458333333333333, 0.13541666666666666, 0.11458333333333333, 0.09375, 0.11458333333333333, 0.08333333333333333, 0.03125, 0.03125, 0.03125, 0.03125, 0.03125, 0.010416666666666666, 0.0, 0.0, 0.0, 0.0, 0.0, 0.0, 0.0, 0.0, 0.0, 0.0, 0.0, 0.0], [0.0006368074718743367, 0.0004245383145828911, 0.0010613457864572277, 0.0008490766291657822, 0.0025472298874973467, 0.0031840373593716833, 0.004882190617703248, 0.014009764381235407, 0.025472298874973466, 0.0549777117384844, 0.07471874336658883, 0.09955423476968796, 0.11335172999363193, 0.13118233920611336, 0.128635109318616, 0.08978985353428147, 0.07662916578221185, 0.049670982806198256, 0.0503077902780726, 0.026109106346847804, 0.01634472511144131, 0.018891954998938653, 0.00997665039269794, 0.004245383145828911, 0.00191042241562301, 0.0004245383145828911, 0.00021226915729144556, 0.0, 0.0, 0.0, 0.0, 0.0], [0.0, 0.0, 0.0005200208008320333, 0.0, 0.0010400416016640667, 0.0010400416016640667, 0.005200208008320333, 0.005720228809152366, 0.016640665626625067, 0.0234009360374415, 0.03536141445657826, 0.05408216328653146, 0.08164326573062923, 0.10660426417056683, 0.12168486739469579, 0.13312532501300053, 0.16172646905876234, 0.078003120124805, 0.09204368174726989, 0.031201248049921998, 0.015080603224128965, 0.01924076963078523, 0.010400416016640665, 0.0031201248049922, 0.0026001040041601664, 0.0005200208008320333, 0.0, 0.0, 0.0, 0.0, 0.0, 0.0], [0.0, 0.0003139717425431711, 0.0003139717425431711, 0.0009419152276295133, 0.0015698587127158557, 0.003453689167974882, 0.007221350078492936, 0.01098901098901099, 0.01978021978021978, 0.038618524332810045, 0.08351648351648351, 0.09230769230769231, 0.11554160125588697, 0.11773940345368916, 0.13500784929356358, 0.11240188383045525, 0.08822605965463108, 0.05620094191522763, 0.04772370486656201, 0.026373626373626374, 0.013500784929356358, 0.013186813186813187, 0.007849293563579277, 0.004081632653061225, 0.002511773940345369, 0.0006279434850863422, 0.0, 0.0, 0.0, 0.0, 0.0, 0.0], [0.0, 0.0, 0.0, 0.0, 0.00029342723004694836, 0.0008802816901408451, 0.003227699530516432, 0.005575117370892019, 0.01232394366197183, 0.01965962441314554, 0.03726525821596244, 0.0528169014084507, 0.07746478873239436, 0.0977112676056338, 0.136443661971831, 0.12323943661971831, 0.14964788732394366, 0.08890845070422536, 0.09683098591549295, 0.03931924882629108, 0.020246478873239437, 0.020246478873239437, 0.009096244131455399, 0.004988262910798122, 0.0035211267605633804, 0.00029342723004694836, 0.0, 0.0, 0.0, 0.0, 0.0, 0.0], [0.0002788622420524261, 0.0, 0.0, 0.0005577244841048522, 0.0008365867261572784, 0.002230897936419409, 0.003067484662576687, 0.006692693809258227, 0.013943112102621304, 0.038761851645287226, 0.05800334634690463, 0.06999442275515895, 0.0897936419408812, 0.12130507529280535, 0.1497490239821528, 0.12046848856664807, 0.12409369771332962, 0.06553262688232013, 0.06358059118795314, 0.02788622420524261, 0.01645287228109314, 0.011991076408254323, 0.007250418293363078, 0.002230897936419409, 0.0039040713887339654, 0.0013943112102621305, 0.0, 0.0, 0.0, 0.0, 0.0, 0.0], [0.0, 0.0, 0.0, 0.0, 0.0, 0.0, 0.0004506534474988734, 0.0009013068949977468, 0.003605227579990987, 0.005858494817485353, 0.020730058584948176, 0.028841820639927896, 0.05768364127985579, 0.08246958089229382, 0.11311401532221721, 0.12753492564218116, 0.1694456962595764, 0.11041009463722397, 0.12122577737719693, 0.0644434429923389, 0.031545741324921134, 0.03244704821991888, 0.012618296529968454, 0.007210455159981974, 0.0067598017124831005, 0.0027039206849932404, 0.0, 0.0, 0.0, 0.0, 0.0, 0.0], [0.0, 0.0, 0.0, 0.0, 0.00338409475465313, 0.0, 0.001692047377326565, 0.01015228426395939, 0.015228426395939087, 0.04060913705583756, 0.05752961082910321, 0.08967851099830795, 0.10829103214890017, 0.12521150592216582, 0.10152284263959391, 0.10152284263959391, 0.1065989847715736, 0.07106598984771574, 0.05752961082910321, 0.03553299492385787, 0.032148900169204735, 0.011844331641285956, 0.008460236886632826, 0.00676818950930626, 0.005076142131979695, 0.01015228426395939, 0.0, 0.0, 0.0, 0.0, 0.0, 0.0], [0.0007507507507507507, 0.00037537537537537537, 0.00037537537537537537, 0.00037537537537537537, 0.0007507507507507507, 0.00037537537537537537, 0.003003003003003003, 0.005255255255255256, 0.010510510510510511, 0.017642642642642644, 0.033783783783783786, 0.052177177177177174, 0.08483483483483484, 0.10548048048048048, 0.14264264264264265, 0.13288288288288289, 0.13663663663663664, 0.07995495495495496, 0.08896396396396396, 0.03866366366366367, 0.021021021021021023, 0.0228978978978979, 0.010135135135135136, 0.004129129129129129, 0.004129129129129129, 0.0015015015015015015, 0.0007507507507507507, 0.0, 0.0, 0.0, 0.0, 0.0], [0.0, 0.0, 0.0, 0.0, 0.0012626262626262627, 0.0012626262626262627, 0.003787878787878788, 0.006734006734006734, 0.01430976430976431, 0.023989898989898988, 0.05176767676767677, 0.06439393939393939, 0.09343434343434344, 0.11868686868686869, 0.1308922558922559, 0.117003367003367, 0.13047138047138046, 0.07365319865319865, 0.08627946127946128, 0.03156565656565657, 0.016835016835016835, 0.01936026936026936, 0.005050505050505051, 0.003367003367003367, 0.003367003367003367, 0.0025252525252525255, 0.0, 0.0, 0.0, 0.0, 0.0, 0.0], [0.0, 0.0, 0.0, 0.0, 0.0, 0.0, 0.0, 0.0, 0.04, 0.2, 0.04, 0.08, 0.12, 0.12, 0.04, 0.12, 0.08, 0.04, 0.04, 0.04, 0.04, 0.0, 0.0, 0.0, 0.0, 0.0, 0.0, 0.0, 0.0, 0.0, 0.0, 0.0], [0.00019252984212552945, 0.00019252984212552945, 0.0003850596842510589, 0.00019252984212552945, 0.00019252984212552945, 0.0, 0.0007701193685021178, 0.0017327685791297652, 0.0061609549480169425, 0.010396611474778591, 0.02137081247593377, 0.03369272237196765, 0.06372737774355025, 0.08933384674624567, 0.11474778590681556, 0.1353484790142472, 0.14131690412013861, 0.10204081632653061, 0.1072391220639199, 0.0627647285329226, 0.03446284174046977, 0.044666923373122835, 0.015979976896418946, 0.007508663842895649, 0.004813246053138236, 0.0007701193685021178, 0.0, 0.0, 0.0, 0.0, 0.0, 0.0], [0.0, 0.0, 0.0, 0.00048192771084337347, 0.0, 0.0, 0.0033734939759036144, 0.0014457831325301205, 0.005783132530120482, 0.006746987951807229, 0.022650602409638555, 0.03325301204819277, 0.056385542168674696, 0.07132530120481928, 0.11710843373493976, 0.13253012048192772, 0.15228915662650602, 0.10843373493975904, 0.11710843373493976, 0.05349397590361446, 0.03228915662650603, 0.04096385542168675, 0.009156626506024097, 0.010602409638554217, 0.014939759036144579, 0.0077108433734939755, 0.0019277108433734939, 0.0, 0.0, 0.0, 0.0, 0.0], [0.0004935834155972359, 0.0, 0.0, 0.00024679170779861795, 0.0012339585389930898, 0.0027147087857847976, 0.0019743336623889436, 0.006416584402764067, 0.01209279368213228, 0.02073050345508391, 0.040473840078973346, 0.05651530108588351, 0.07033563672260612, 0.09575518262586377, 0.1209279368213228, 0.1221618953603159, 0.12018756169792695, 0.08292201382033564, 0.10414610069101678, 0.052813425468904246, 0.029861796643632775, 0.030848963474827247, 0.011599210266535044, 0.006416584402764067, 0.007403751233958539, 0.0017275419545903258, 0.0, 0.0, 0.0, 0.0, 0.0, 0.0], [0.0, 0.0, 0.0, 0.0, 0.0, 0.0031645569620253164, 0.0, 0.006329113924050633, 0.012658227848101266, 0.00949367088607595, 0.00949367088607595, 0.04113924050632911, 0.06962025316455696, 0.16772151898734178, 0.1518987341772152, 0.1518987341772152, 0.17721518987341772, 0.10126582278481013, 0.060126582278481014, 0.02531645569620253, 0.012658227848101266, 0.0, 0.0, 0.0, 0.0, 0.0, 0.0, 0.0, 0.0, 0.0, 0.0, 0.0], [0.0, 0.0, 0.0, 0.0002863278453829635, 0.00014316392269148176, 0.0002863278453829635, 0.000572655690765927, 0.0018611309949892628, 0.004008589835361489, 0.011882605583392984, 0.017752326413743736, 0.03264137437365784, 0.0572655690765927, 0.07616320687186828, 0.11968503937007874, 0.1278453829634932, 0.16721546170365068, 0.09763779527559055, 0.1443092340730136, 0.05597709377236936, 0.025626342161775232, 0.0329277022190408, 0.01317108088761632, 0.004724409448818898, 0.005440229062276306, 0.0018611309949892628, 0.0007158196134574087, 0.0, 0.0, 0.0, 0.0, 0.0], [0.00011619800139437602, 0.00011619800139437602, 0.00023239600278875203, 0.0, 0.0006971880083662561, 0.0011619800139437602, 0.00046479200557750407, 0.0017429700209156402, 0.0020915640250987683, 0.010574018126888218, 0.016732512200790146, 0.03764815245177783, 0.07041598884499187, 0.11120148733441784, 0.15094120381129444, 0.1690680920288171, 0.1666279339995352, 0.0910992330931908, 0.09319079711828956, 0.038926330467115966, 0.018475482221705787, 0.01196839414362073, 0.004531722054380665, 0.0009295840111550081, 0.0010457820125493841, 0.0, 0.0, 0.0, 0.0, 0.0, 0.0, 0.0], [0.0, 0.00033500837520938025, 0.0, 0.00033500837520938025, 0.00033500837520938025, 0.001340033500837521, 0.001340033500837521, 0.0036850921273031824, 0.010050251256281407, 0.017085427135678392, 0.03149078726968174, 0.05661641541038526, 0.08743718592964825, 0.10753768844221105, 0.13266331658291458, 0.11725293132328309, 0.13936348408710217, 0.09313232830820771, 0.08777219430485762, 0.044221105527638194, 0.02780569514237856, 0.022110552763819097, 0.010385259631490788, 0.005360134003350084, 0.0023450586264656616, 0.0, 0.0, 0.0, 0.0, 0.0, 0.0, 0.0], [0.0, 0.0, 0.0, 0.0, 0.0005001250312578145, 0.0, 0.0007501875468867217, 0.001000250062515629, 0.0042510627656914225, 0.006001500375093774, 0.0207551887971993, 0.023505876469117278, 0.04351087771942986, 0.08102025506376594, 0.10552638159539884, 0.12253063265816454, 0.15453863465866466, 0.08727181795448863, 0.15503875968992248, 0.0555138784696174, 0.03875968992248062, 0.043010752688172046, 0.02250562640660165, 0.014003500875218804, 0.01350337584396099, 0.004751187796949237, 0.0017504376094023505, 0.0, 0.0, 0.0, 0.0, 0.0], [0.0, 0.0008896797153024911, 0.0008896797153024911, 0.0017793594306049821, 0.0026690391459074734, 0.0035587188612099642, 0.004448398576512456, 0.014234875444839857, 0.03202846975088968, 0.04893238434163701, 0.06316725978647687, 0.10409252669039146, 0.09608540925266904, 0.12366548042704627, 0.12811387900355872, 0.10498220640569395, 0.09697508896797152, 0.05249110320284697, 0.06227758007117438, 0.02402135231316726, 0.012455516014234875, 0.017793594306049824, 0.0008896797153024911, 0.0008896797153024911, 0.0026690391459074734, 0.0, 0.0, 0.0, 0.0, 0.0, 0.0, 0.0], [0.0, 0.0, 0.0, 0.0, 0.0, 0.0, 0.006493506493506494, 0.025974025974025976, 0.06493506493506493, 0.05519480519480519, 0.10064935064935066, 0.10064935064935066, 0.07792207792207792, 0.1038961038961039, 0.11038961038961038, 0.10064935064935066, 0.11363636363636363, 0.05844155844155844, 0.045454545454545456, 0.025974025974025976, 0.0, 0.0, 0.003246753246753247, 0.003246753246753247, 0.003246753246753247, 0.0, 0.0, 0.0, 0.0, 0.0, 0.0, 0.0], [0.0005299417064122947, 0.0, 0.0, 0.0, 0.0010598834128245894, 0.001589825119236884, 0.005829358770535241, 0.008744038155802861, 0.01589825119236884, 0.02676205617382088, 0.05113937466878643, 0.07074721780604133, 0.1041335453100159, 0.11738208797032326, 0.14414414414414414, 0.1242713301536831, 0.11844197138314785, 0.06597774244833068, 0.06624271330153683, 0.029146793852676205, 0.01377848436671966, 0.021197668256491786, 0.006624271330153683, 0.0023847376788553257, 0.002649708532061473, 0.0005299417064122947, 0.000794912559618442, 0.0, 0.0, 0.0, 0.0, 0.0], [0.0, 0.0, 0.0, 0.0, 0.0, 0.0005151983513652757, 0.0020607934054611026, 0.0020607934054611026, 0.006697578567748583, 0.02009273570324575, 0.028851107676455434, 0.03657908294693457, 0.05564142194744977, 0.08706852138073158, 0.11334363730036064, 0.1226172076249356, 0.1478619268418341, 0.08964451313755796, 0.11179804224626481, 0.05048943843379701, 0.026790314270994334, 0.04276146316331788, 0.015971148892323546, 0.014940752189592994, 0.0190623390005152, 0.005151983513652756, 0.0, 0.0, 0.0, 0.0, 0.0, 0.0], [0.0, 0.0, 0.0, 0.0, 0.00037397157816005983, 0.0, 0.0014958863126402393, 0.0014958863126402393, 0.004487658937920718, 0.014210919970082274, 0.02243829468960359, 0.036275243081525806, 0.06656694091249066, 0.10957367240089753, 0.13089005235602094, 0.14098728496634255, 0.14547494390426327, 0.08414360508601346, 0.11106955871353777, 0.0493642483171279, 0.028421839940164548, 0.02617801047120419, 0.012341062079281975, 0.005609573672400898, 0.006357516828721017, 0.0018698578908002991, 0.00037397157816005983, 0.0, 0.0, 0.0, 0.0, 0.0], [0.00021321961620469082, 0.00021321961620469082, 0.00021321961620469082, 0.00042643923240938164, 0.00042643923240938164, 0.002345415778251599, 0.0029850746268656717, 0.005756929637526652, 0.008315565031982943, 0.02068230277185501, 0.04371002132196162, 0.06162046908315565, 0.09680170575692963, 0.12217484008528785, 0.12835820895522387, 0.1300639658848614, 0.13411513859275054, 0.08059701492537313, 0.07398720682302772, 0.034968017057569294, 0.02025586353944563, 0.018550106609808104, 0.008528784648187633, 0.002771855010660981, 0.0019189765458422175, 0.0, 0.0, 0.0, 0.0, 0.0, 0.0, 0.0], [0.0, 0.0, 0.0, 0.0, 0.0005790387955993051, 0.0011580775911986102, 0.0005790387955993051, 0.0017371163867979154, 0.006369426751592357, 0.01447596988998263, 0.030110017371163866, 0.044585987261146494, 0.08164447017950202, 0.10770121598147075, 0.13317892298784018, 0.13665315576143602, 0.14070642733063116, 0.09090909090909091, 0.07759119861030689, 0.04342790966994789, 0.0335842501447597, 0.029530978575564564, 0.009843659525188187, 0.006369426751592357, 0.007527504342790967, 0.0017371163867979154, 0.0, 0.0, 0.0, 0.0, 0.0, 0.0], [0.0, 0.0, 0.0, 0.0, 0.0, 0.0007836990595611285, 0.00039184952978056425, 0.0023510971786833857, 0.003918495297805642, 0.004310344827586207, 0.01293103448275862, 0.02115987460815047, 0.03918495297805643, 0.06230407523510972, 0.09012539184952978, 0.11677115987460815, 0.15830721003134796, 0.0975705329153605, 0.13871473354231975, 0.07366771159874608, 0.047021943573667714, 0.06935736677115988, 0.02821316614420063, 0.011755485893416929, 0.016065830721003135, 0.004310344827586207, 0.0007836990595611285, 0.0, 0.0, 0.0, 0.0, 0.0], [0.0, 0.0, 0.0, 0.0, 0.00022401433691756272, 0.0, 0.0006720430107526882, 0.0029121863799283156, 0.004480286738351254, 0.009408602150537635, 0.019489247311827957, 0.04457885304659498, 0.07549283154121864, 0.11603942652329749, 0.1364247311827957, 0.12298387096774194, 0.1346326164874552, 0.08803763440860216, 0.10663082437275985, 0.04659498207885305, 0.02889784946236559, 0.031137992831541218, 0.01568100358422939, 0.005824372759856631, 0.008064516129032258, 0.0017921146953405018, 0.0, 0.0, 0.0, 0.0, 0.0, 0.0], [0.0, 0.0, 0.00016207455429497568, 0.0, 0.0, 0.00016207455429497568, 0.0009724473257698541, 0.0017828200972447325, 0.0043760129659643435, 0.011345218800648298, 0.02625607779578606, 0.043111831442463534, 0.08055105348460291, 0.11977309562398704, 0.15915721231766614, 0.1419773095623987, 0.146515397082658, 0.07228525121555916, 0.10145867098865478, 0.03176661264181523, 0.01766612641815235, 0.023987034035656402, 0.007941653160453808, 0.002593192868719611, 0.004051863857374392, 0.0017828200972447325, 0.00032414910858995135, 0.0, 0.0, 0.0, 0.0, 0.0], [0.0, 0.0, 0.0, 0.0, 0.0, 0.00018552875695732838, 0.0011131725417439704, 0.0011131725417439704, 0.004081632653061225, 0.01020408163265306, 0.01595547309833024, 0.035435992578849725, 0.06345083487940631, 0.10797773654916512, 0.13747680890538033, 0.1614100185528757, 0.1679035250463822, 0.09053803339517626, 0.11669758812615956, 0.033766233766233764, 0.018738404452690167, 0.02300556586270872, 0.0050092764378478665, 0.0016697588126159556, 0.003339517625231911, 0.0009276437847866419, 0.0, 0.0, 0.0, 0.0, 0.0, 0.0], [0.0, 0.01282051282051282, 0.0, 0.0, 0.01282051282051282, 0.038461538461538464, 0.038461538461538464, 0.038461538461538464, 0.19230769230769232, 0.07692307692307693, 0.0641025641025641, 0.0641025641025641, 0.0641025641025641, 0.05128205128205128, 0.08974358974358974, 0.07692307692307693, 0.01282051282051282, 0.10256410256410256, 0.05128205128205128, 0.0, 0.01282051282051282, 0.0, 0.0, 0.0, 0.0, 0.0, 0.0, 0.0, 0.0, 0.0, 0.0, 0.0]]}, "ranks": {"labels": ["Unranked", "Combatatent I", "Combatatent II", "Challenger I", "Challenger II", "Rival I", "Rival II", "Duelist", "Elite"], "data": [[0.20192307692307693, 0.22115384615384615, 0.2403846153846154, 0.18269230769230768, 0.0673076923076923, 0.08653846153846154, 0.0, 0.0, 0.0], [0.0760180995475113, 0.12126696832579185, 0.21809954751131222, 0.26334841628959277, 0.18371040723981902, 0.08959276018099548, 0.019909502262443438, 0.024434389140271493, 0.0036199095022624436], [0.029823269513991165, 0.05670103092783505, 0.13696612665684832, 0.21354933726067746, 0.23711340206185566, 0.1793078055964654, 0.055964653902798235, 0.07658321060382917, 0.013991163475699559], [0.04751461988304093, 0.07456140350877193, 0.17251461988304093, 0.25097465886939574, 0.24342105263157895, 0.13255360623781676, 0.03996101364522417, 0.03386939571150097, 0.004629629629629629], [0.28205128205128205, 0.15384615384615385, 0.15384615384615385, 0.0, 0.10256410256410256, 0.15384615384615385, 0.05128205128205128, 0.10256410256410256, 0.0], [0.020841847159787496, 0.056804250102165915, 0.15324887617490804, 0.2404985696771557, 0.2423375561912546, 0.14671025745811198, 0.05659991826726604, 0.06661217817736004, 0.016346546791990192], [0.08539458186101295, 0.12897526501766785, 0.23616018845700826, 0.232037691401649, 0.1625441696113074, 0.0706713780918728, 0.030035335689045935, 0.039458186101295645, 0.014723203769140165], [0.4270833333333333, 0.20833333333333334, 0.19791666666666666, 0.0625, 0.0625, 0.041666666666666664, 0.0, 0.0, 0.0], [0.10804500106134579, 0.1742729781362768, 0.24453406919974527, 0.21842496285289748, 0.1263001485884101, 0.0638930163447251, 0.028868605391636597, 0.03311398853746551, 0.0025472298874973467], [0.053562142485699425, 0.08944357774310972, 0.18824752990119606, 0.2548101924076963, 0.23972958918356735, 0.11024440977639105, 0.028081123244929798, 0.0327613104524181, 0.0031201248049922], [0.08320251177394035, 0.17582417582417584, 0.23328100470957613, 0.24740973312401884, 0.14442700156985872, 0.061224489795918366, 0.026373626373626374, 0.02511773940345369, 0.0031397174254317113], [0.04196009389671362, 0.09008215962441314, 0.17517605633802816, 0.2596830985915493, 0.238556338028169, 0.11913145539906103, 0.03726525821596244, 0.03433098591549296, 0.0038145539906103286], [0.06636921360847742, 0.1279977691020636, 0.21109871723368656, 0.2702175125488009, 0.18962632459564974, 0.07975460122699386, 0.028165086447295037, 0.02147239263803681, 0.005298382598996096], [0.010815682739972961, 0.04957187922487607, 0.14015322217214962, 0.24064894096439837, 0.27985579089680035, 0.15998197386210006, 0.05723298783235692, 0.05227579990986931, 0.00946372239747634], [0.07106598984771574, 0.14720812182741116, 0.233502538071066, 0.20304568527918782, 0.17766497461928935, 0.07445008460236886, 0.050761421319796954, 0.02707275803722504, 0.015228426395939087], [0.039414414414414414, 0.08596096096096097, 0.19031531531531531, 0.2755255255255255, 0.21659159159159158, 0.11223723723723723, 0.03641141141141141, 0.037162162162162164, 0.0063813813813813815], [0.05134680134680135, 0.11616161616161616, 0.21212121212121213, 0.2478956228956229, 0.20412457912457913, 0.10353535353535354, 0.031144781144781145, 0.027777777777777776, 0.005892255892255892], [0.24, 0.12, 0.24, 0.16, 0.12, 0.04, 0.08, 0.0, 0.0], [0.02021563342318059, 0.05506353484790143, 0.15306122448979592, 0.25009626492106274, 0.24335772044666923, 0.14266461301501732, 0.06180207932229496, 0.06815556411243742, 0.005583365421640354], [0.01783132530120482, 0.055903614457831326, 0.12771084337349398, 0.24963855421686748, 0.26072289156626505, 0.15421686746987953, 0.04867469879518072, 0.060722891566265064, 0.02457831325301205], [0.04590325765054294, 0.09698914116485687, 0.1660908193484699, 0.2430898321816387, 0.2031095755182626, 0.13672260612043435, 0.050098716683119444, 0.04886475814412636, 0.009131293188548864], [0.03164556962025317, 0.05063291139240506, 0.23734177215189872, 0.3037974683544304, 0.27848101265822783, 0.07278481012658228, 0.02531645569620253, 0.0, 0.0], [0.01904080171796707, 0.050393700787401574, 0.13342877594846098, 0.24753042233357195, 0.2648532569792412, 0.17609162491052255, 0.049821045096635645, 0.05082319255547602, 0.008017179670722978], [0.017197304206367652, 0.054380664652567974, 0.1816174761794097, 0.32000929584011156, 0.25772716709272603, 0.11503602138043226, 0.03555658842667906, 0.017429700209156403, 0.0010457820125493841], [0.03450586264656617, 0.088107202680067, 0.19497487437185929, 0.24991624790619765, 0.2324958123953099, 0.11256281407035176, 0.04723618090452261, 0.03785594639865997, 0.0023450586264656616], [0.012503125781445362, 0.04426106526631658, 0.1245311327831958, 0.2280570142535634, 0.2418104526131533, 0.18204551137784447, 0.06726681670417604, 0.0795198799699925, 0.020005001250312578], [0.1094306049822064, 0.16725978647686832, 0.2197508896797153, 0.23309608540925267, 0.1494661921708185, 0.07384341637010676, 0.02491103202846975, 0.019572953736654804, 0.0026690391459074734], [0.1525974025974026, 0.2012987012987013, 0.18181818181818182, 0.21103896103896103, 0.17207792207792208, 0.06168831168831169, 0.00974025974025974, 0.006493506493506494, 0.003246753246753247], [0.06041335453100159, 0.12188659247482776, 0.22151563328033916, 0.26841547429782725, 0.18441971383147854, 0.08108108108108109, 0.028086910439851617, 0.030206677265500796, 0.00397456279809221], [0.03142709943328181, 0.06543019062339, 0.14270994332818135, 0.23596084492529623, 0.23750643997939205, 0.13652756311179803, 0.05255023183925812, 0.07367336424523442, 0.024214322514167955], [0.022064323111443532, 0.05871353777112939, 0.17614061331338818, 0.2718773373223635, 0.22961854899027673, 0.14285714285714285, 0.04599850411368736, 0.044128646222887064, 0.008601346297681375], [0.04157782515991471, 0.10533049040511727, 0.21897654584221748, 0.2584221748400853, 0.21471215351812367, 0.09616204690831556, 0.03304904051172708, 0.029850746268656716, 0.0019189765458422175], [0.024898668210770122, 0.07469600463231037, 0.18934568616097278, 0.2698320787492762, 0.23161551823972207, 0.09843659525188188, 0.0561667631731326, 0.045744064852345105, 0.009264620729588882], [0.011755485893416929, 0.03409090909090909, 0.10148902821316615, 0.20689655172413793, 0.25587774294670845, 0.18221003134796238, 0.07719435736677116, 0.10932601880877743, 0.02115987460815047], [0.017697132616487456, 0.06406810035842293, 0.19153225806451613, 0.2594086021505376, 0.22267025089605735, 0.13216845878136202, 0.04995519713261649, 0.05264336917562724, 0.00985663082437276], [0.01880064829821718, 0.06936790923824959, 0.20032414910858995, 0.30113452188006484, 0.2188006482982172, 0.1173419773095624, 0.03354943273905997, 0.03452188006482982, 0.006158833063209076], [0.016697588126159554, 0.05139146567717996, 0.17142857142857143, 0.298886827458256, 0.2584415584415584, 0.13543599257884972, 0.033766233766233764, 0.029684601113172542, 0.004267161410018553], [0.41025641025641024, 0.1282051282051282, 0.11538461538461539, 0.16666666666666666, 0.11538461538461539, 0.05128205128205128, 0.01282051282051282, 0.0, 0.0]]}, "ranksDetailed": {"labels": ["Unranked", "Combatatant", "Challenger", "Rival", "Duelist", "Elite"], "data": [[0.20192307692307693, 0.46153846153846156, 0.25, 0.08653846153846154, 0.0, 0.0], [0.0760180995475113, 0.3393665158371041, 0.4470588235294118, 0.10950226244343891, 0.024434389140271493, 0.0036199095022624436], [0.029823269513991165, 0.19366715758468336, 0.45066273932253315, 0.23527245949926362, 0.07658321060382917, 0.013991163475699559], [0.04751461988304093, 0.24707602339181287, 0.49439571150097467, 0.17251461988304093, 0.03386939571150097, 0.004629629629629629], [0.28205128205128205, 0.3076923076923077, 0.10256410256410256, 0.20512820512820512, 0.10256410256410256, 0.0], [0.020841847159787496, 0.21005312627707398, 0.4828361258684103, 0.20331017572537802, 0.06661217817736004, 0.016346546791990192], [0.08539458186101295, 0.3651354534746761, 0.3945818610129564, 0.10070671378091872, 0.039458186101295645, 0.014723203769140165], [0.4270833333333333, 0.40625, 0.125, 0.041666666666666664, 0.0, 0.0], [0.10804500106134579, 0.4188070473360221, 0.3447251114413076, 0.09276162173636171, 0.03311398853746551, 0.0025472298874973467], [0.053562142485699425, 0.27769110764430577, 0.49453978159126366, 0.13832553302132086, 0.0327613104524181, 0.0031201248049922], [0.08320251177394035, 0.40910518053375194, 0.39183673469387753, 0.08759811616954474, 0.02511773940345369, 0.0031397174254317113], [0.04196009389671362, 0.2652582159624413, 0.4982394366197183, 0.15639671361502347, 0.03433098591549296, 0.0038145539906103286], [0.06636921360847742, 0.3390964863357501, 0.45984383714445065, 0.1079196876742889, 0.02147239263803681, 0.005298382598996096], [0.010815682739972961, 0.1897251013970257, 0.5205047318611987, 0.21721496169445698, 0.05227579990986931, 0.00946372239747634], [0.07106598984771574, 0.38071065989847713, 0.38071065989847713, 0.12521150592216582, 0.02707275803722504, 0.015228426395939087], [0.039414414414414414, 0.27627627627627627, 0.49211711711711714, 0.14864864864864866, 0.037162162162162164, 0.0063813813813813815], [0.05134680134680135, 0.3282828282828283, 0.45202020202020204, 0.13468013468013468, 0.027777777777777776, 0.005892255892255892], [0.24, 0.36, 0.28, 0.12, 0.0, 0.0], [0.02021563342318059, 0.20812475933769733, 0.493453985367732, 0.2044666923373123, 0.06815556411243742, 0.005583365421640354], [0.01783132530120482, 0.1836144578313253, 0.5103614457831326, 0.20289156626506025, 0.060722891566265064, 0.02457831325301205], [0.04590325765054294, 0.26307996051332677, 0.4461994076999013, 0.1868213228035538, 0.04886475814412636, 0.009131293188548864], [0.03164556962025317, 0.2879746835443038, 0.5822784810126582, 0.0981012658227848, 0.0, 0.0], [0.01904080171796707, 0.18382247673586255, 0.5123836793128131, 0.2259126700071582, 0.05082319255547602, 0.008017179670722978], [0.017197304206367652, 0.23599814083197768, 0.5777364629328375, 0.1505926098071113, 0.017429700209156403, 0.0010457820125493841], [0.03450586264656617, 0.2830820770519263, 0.4824120603015075, 0.15979899497487438, 0.03785594639865997, 0.0023450586264656616], [0.012503125781445362, 0.16879219804951237, 0.46986746686671665, 0.2493123280820205, 0.0795198799699925, 0.020005001250312578], [0.1094306049822064, 0.38701067615658363, 0.38256227758007116, 0.09875444839857651, 0.019572953736654804, 0.0026690391459074734], [0.1525974025974026, 0.38311688311688313, 0.38311688311688313, 0.07142857142857142, 0.006493506493506494, 0.003246753246753247], [0.06041335453100159, 0.34340222575516693, 0.4528351881293058, 0.10916799152093269, 0.030206677265500796, 0.00397456279809221], [0.03142709943328181, 0.20814013395157135, 0.4734672849046883, 0.18907779495105614, 0.07367336424523442, 0.024214322514167955], [0.022064323111443532, 0.23485415108451757, 0.5014958863126402, 0.1888556469708302, 0.044128646222887064, 0.008601346297681375], [0.04157782515991471, 0.32430703624733476, 0.47313432835820896, 0.12921108742004264, 0.029850746268656716, 0.0019189765458422175], [0.024898668210770122, 0.26404169079328316, 0.5014475969889982, 0.15460335842501446, 0.045744064852345105, 0.009264620729588882], [0.011755485893416929, 0.13557993730407525, 0.4627742946708464, 0.25940438871473354, 0.10932601880877743, 0.02115987460815047], [0.017697132616487456, 0.25560035842293904, 0.482078853046595, 0.1821236559139785, 0.05264336917562724, 0.00985663082437276], [0.01880064829821718, 0.26969205834683957, 0.5199351701782821, 0.15089141004862236, 0.03452188006482982, 0.006158833063209076], [0.016697588126159554, 0.22282003710575138, 0.5573283858998145, 0.1692022263450835, 0.029684601113172542, 0.004267161410018553], [0.41025641025641024, 0.24358974358974358, 0.28205128205128205, 0.0641025641025641, 0.0, 0.0]]}}}, "eu": {"histType": {"histogram": {"labels": ["0", "100", "200", "300", "400", "500", "600", "700", "800", "900", "1000", "1100", "1200", "1300", "1400", "1500", "1600", "1700", "1800", "1900", "2000", "2100", "2200", "2300", "2400", "2500", "2600", "2700", "2800", "2900", "3000", "3100"], "data": [[0.0, 0.0, 0.0, 0.0, 0.0, 0.013888888888888888, 0.027777777777777776, 0.041666666666666664, 0.1111111111111111, 0.06944444444444445, 0.08333333333333333, 0.09722222222222222, 0.125, 0.1111111111111111, 0.05555555555555555, 0.09722222222222222, 0.041666666666666664, 0.041666666666666664, 0.05555555555555555, 0.013888888888888888, 0.0, 0.013888888888888888, 0.0, 0.0, 0.0, 0.0, 0.0, 0.0, 0.0, 0.0, 0.0, 0.0], [0.0, 0.0, 0.0, 0.0009891196834817012, 0.002967359050445104, 0.002967359050445104, 0.006923837784371909, 0.006923837784371909, 0.03165182987141444, 0.03165182987141444, 0.05440158259149357, 0.08803165182987141, 0.10583580613254204, 0.13353115727002968, 0.142433234421365, 0.11671612265084075, 0.10583580613254204, 0.050445103857566766, 0.06033630069238378, 0.02373887240356083, 0.011869436201780416, 0.01582591493570722, 0.002967359050445104, 0.003956478733926805, 0.0, 0.0, 0.0, 0.0, 0.0, 0.0, 0.0, 0.0], [0.0, 0.0, 0.0, 0.0, 0.0004222972972972973, 0.0008445945945945946, 0.0016891891891891893, 0.0046452702702702705, 0.01266891891891892, 0.016891891891891893, 0.030405405405405407, 0.03885135135135135, 0.06841216216216216, 0.08741554054054054, 0.1102195945945946, 0.10008445945945946, 0.14527027027027026, 0.08826013513513513, 0.13260135135135134, 0.051942567567567564, 0.03125, 0.03800675675675676, 0.016891891891891893, 0.007601351351351352, 0.011402027027027027, 0.002533783783783784, 0.0016891891891891893, 0.0, 0.0, 0.0, 0.0, 0.0], [0.0, 0.0, 0.0, 0.0002173913043478261, 0.0004347826086956522, 0.0002173913043478261, 0.0017391304347826088, 0.007173913043478261, 0.009565217391304347, 0.019130434782608695, 0.035652173913043476, 0.04934782608695652, 0.07282608695652174, 0.09152173913043478, 0.12260869565217392, 0.12978260869565217, 0.1508695652173913, 0.09913043478260869, 0.1082608695652174, 0.04521739130434783, 0.01891304347826087, 0.02108695652173913, 0.005652173913043478, 0.0036956521739130435, 0.005, 0.0013043478260869566, 0.0006521739130434783, 0.0, 0.0, 0.0, 0.0, 0.0], [0.0, 0.0, 0.0, 0.0, 0.0, 0.0, 0.04878048780487805, 0.07317073170731707, 0.0975609756097561, 0.024390243902439025, 0.14634146341463414, 0.0975609756097561, 0.024390243902439025, 0.04878048780487805, 0.17073170731707318, 0.04878048780487805, 0.0975609756097561, 0.024390243902439025, 0.0, 0.024390243902439025, 0.0, 0.04878048780487805, 0.0, 0.0, 0.0, 0.024390243902439025, 0.0, 0.0, 0.0, 0.0, 0.0, 0.0], [0.0, 0.0004008819402685909, 0.00020044097013429546, 0.00020044097013429546, 0.0006013229104028864, 0.0004008819402685909, 0.00020044097013429546, 0.004008819402685909, 0.0044097013429545, 0.011224694327520546, 0.022649829625175387, 0.032872319102024455, 0.06053317298055723, 0.09200240529164161, 0.10903988775305673, 0.11344958909601123, 0.13489677290038085, 0.09761475245540188, 0.11765884946883143, 0.06213670074163159, 0.035478051713770296, 0.04710362798155943, 0.023050711565443978, 0.00661455201443175, 0.013830426939266387, 0.005612347163760273, 0.003407496492283023, 0.0004008819402685909, 0.0, 0.0, 0.0, 0.0], [0.0, 0.0, 0.0010570824524312897, 0.0015856236786469344, 0.0010570824524312897, 0.003171247357293869, 0.004228329809725159, 0.013742071881606765, 0.033298097251585626, 0.03488372093023256, 0.06501057082452431, 0.07399577167019028, 0.10200845665961945, 0.11839323467230443, 0.10517970401691332, 0.10570824524312897, 0.09513742071881606, 0.06342494714587738, 0.05708245243128964, 0.035940803382663845, 0.0153276955602537, 0.023784355179704016, 0.01744186046511628, 0.008456659619450317, 0.009513742071881607, 0.004228329809725159, 0.006342494714587738, 0.0, 0.0, 0.0, 0.0, 0.0], [0.0, 0.0, 0.0, 0.0, 0.016129032258064516, 0.016129032258064516, 0.0, 0.14516129032258066, 0.0967741935483871, 0.08064516129032258, 0.08064516129032258, 0.11290322580645161, 0.08064516129032258, 0.08064516129032258, 0.04838709677419355, 0.12903225806451613, 0.08064516129032258, 0.03225806451612903, 0.0, 0.0, 0.0, 0.0, 0.0, 0.0, 0.0, 0.0, 0.0, 0.0, 0.0, 0.0, 0.0, 0.0], [0.0004174493842621582, 0.0002087246921310791, 0.0008348987685243164, 0.0010436234606553956, 0.0006261740763932373, 0.00229597161344187, 0.0064704654560634525, 0.0139845543727823, 0.03235232728031726, 0.04842412857441035, 0.08140262993112085, 0.09559590899603423, 0.12773951158422042, 0.12231266958881236, 0.10603214360258818, 0.09142141515341265, 0.08348987685243164, 0.052807347109163016, 0.047589229805886035, 0.0279691087455646, 0.019828845752452515, 0.017324149446879565, 0.00939261114589856, 0.005844291379670215, 0.0033395950740972655, 0.0012523481527864746, 0.0, 0.0, 0.0, 0.0, 0.0, 0.0], [0.0, 0.0, 0.0, 0.0, 0.0, 0.0006648936170212766, 0.0013297872340425532, 0.007313829787234043, 0.013297872340425532, 0.020611702127659573, 0.04853723404255319, 0.0511968085106383, 0.07180851063829788, 0.11303191489361702, 0.13364361702127658, 0.12433510638297872, 0.14627659574468085, 0.0711436170212766, 0.09707446808510638, 0.034574468085106384, 0.023936170212765957, 0.022606382978723406, 0.010638297872340425, 0.0026595744680851063, 0.003324468085106383, 0.0019946808510638296, 0.0, 0.0, 0.0, 0.0, 0.0, 0.0], [0.0003856536829926726, 0.0, 0.0003856536829926726, 0.0003856536829926726, 0.0011569610489780178, 0.0019282684149633628, 0.0030852294639413806, 0.009641342074816815, 0.028152718858465098, 0.042807558812186654, 0.06363285769379097, 0.08792903972232935, 0.12032394909371384, 0.12649440802159662, 0.12070960277670652, 0.10181257231006556, 0.08908600077130736, 0.060933281912842266, 0.05669109139992287, 0.031623602005399154, 0.016583108368684922, 0.017354415734670267, 0.009641342074816815, 0.005013497878904744, 0.0019282684149633628, 0.0023139220979560356, 0.0, 0.0, 0.0, 0.0, 0.0, 0.0], [0.0, 0.0, 0.0, 0.0006341154090044388, 0.0003170577045022194, 0.0012682308180088776, 0.0012682308180088776, 0.0050729232720355105, 0.013950538998097653, 0.02599873176918199, 0.03709575142675967, 0.0523145212428662, 0.07989854153455929, 0.09448319594166138, 0.11636017755231452, 0.11953075459733671, 0.14679771718452758, 0.09036144578313253, 0.10304375396322131, 0.04660748256182625, 0.020291693088142042, 0.024730500951173115, 0.01046290424857324, 0.0015852885225110971, 0.0050729232720355105, 0.0019023462270133164, 0.0003170577045022194, 0.0003170577045022194, 0.0, 0.0, 0.0003170577045022194, 0.0], [0.0, 0.00034317089910775565, 0.00034317089910775565, 0.001029512697323267, 0.0006863417982155113, 0.00034317089910775565, 0.002745367192862045, 0.009608785175017159, 0.019217570350034317, 0.02848318462594372, 0.053534660260809885, 0.0720658888126287, 0.10809883321894304, 0.11496225120109815, 0.13658201784488674, 0.12010981468771448, 0.11187371310912834, 0.07035003431708992, 0.07069320521619767, 0.028140013726835965, 0.015442690459849005, 0.01818805765271105, 0.0068634179821551134, 0.002745367192862045, 0.004461221688400824, 0.002059025394646534, 0.001029512697323267, 0.0, 0.0, 0.0, 0.0, 0.0], [0.0, 0.0, 0.0, 0.0, 0.00041135335252982314, 0.00041135335252982314, 0.0012340600575894694, 0.0012340600575894694, 0.004113533525298231, 0.00781571369806664, 0.01851090086384204, 0.025503907856849032, 0.059234882764294526, 0.08185931715343481, 0.11888111888111888, 0.13410119292472233, 0.16659810777457837, 0.11600164541341013, 0.1085972850678733, 0.055121349238996295, 0.03578774167009461, 0.0374331550802139, 0.01192924722336487, 0.00658165364047717, 0.0053475935828877, 0.0016454134101192926, 0.0016454134101192926, 0.0, 0.0, 0.0, 0.0, 0.0], [0.0, 0.0, 0.002008032128514056, 0.0, 0.0, 0.002008032128514056, 0.010040160642570281, 0.012048192771084338, 0.02208835341365462, 0.04216867469879518, 0.06224899598393574, 0.07630522088353414, 0.08433734939759036, 0.11244979919678715, 0.10441767068273092, 0.10240963855421686, 0.10642570281124498, 0.07028112449799197, 0.08433734939759036, 0.030120481927710843, 0.02208835341365462, 0.020080321285140562, 0.004016064257028112, 0.002008032128514056, 0.018072289156626505, 0.010040160642570281, 0.0, 0.0, 0.0, 0.0, 0.0, 0.0], [0.0, 0.0, 0.000718132854578097, 0.0003590664272890485