{"region": {"us": {"histType": {"histogram": {"labels": ["0", "100", "200", "300", "400", "500", "600", "700", "800", "900", "1000", "1100", "1200", "1300", "1400", "1500", "1600", "1700", "1800", "1900", "2000", "2100", "2200", "2300", "2400", "2500", "2600", "2700", "2800", "2900", "3000", "3100"], "data": [[0.0, 0.0, 0.021739130434782608, 0.010869565217391304, 0.0, 0.010869565217391304, 0.021739130434782608, 0.021739130434782608, 0.07608695652173914, 0.05434782608695652, 0.09782608695652174, 0.13043478260869565, 0.06521739130434782, 0.17391304347826086, 0.13043478260869565, 0.043478260869565216, 0.03260869565217391, 0.03260869565217391, 0.05434782608695652, 0.021739130434782608, 0.0, 0.0, 0.0, 0.0, 0.0, 0.0, 0.0, 0.0, 0.0, 0.0, 0.0, 0.0], [0.0, 0.001876172607879925, 0.0, 0.0009380863039399625, 0.0009380863039399625, 0.0, 0.0028142589118198874, 0.017823639774859287, 0.016885553470919325, 0.039399624765478425, 0.05628517823639775, 0.0675422138836773, 0.10412757973733583, 0.11163227016885553, 0.1529080675422139, 0.11069418386491557, 0.11632270168855535, 0.06285178236397748, 0.07410881801125703, 0.0225140712945591, 0.013133208255159476, 0.01594746716697936, 0.006566604127579738, 0.001876172607879925, 0.0028142589118198874, 0.0, 0.0, 0.0, 0.0, 0.0, 0.0, 0.0], [0.0, 0.0, 0.0, 0.00041186161449752884, 0.0012355848434925864, 0.00041186161449752884, 0.0012355848434925864, 0.0032948929159802307, 0.011532125205930808, 0.016062602965403624, 0.025535420098846788, 0.04036243822075782, 0.06672158154859967, 0.0885502471169687, 0.11449752883031301, 0.11696869851729819, 0.14950576606260296, 0.08525535420098847, 0.13467874794069193, 0.051482701812191105, 0.02471169686985173, 0.039538714991762765, 0.013179571663920923, 0.004942339373970346, 0.004942339373970346, 0.004942339373970346, 0.0, 0.0, 0.0, 0.0, 0.0, 0.0], [0.0, 0.00025297242600556537, 0.0, 0.0, 0.00025297242600556537, 0.0010118897040222615, 0.003794586390083481, 0.0043005312420946115, 0.012142676448267139, 0.02580318745256767, 0.037186946622818115, 0.041993422716923856, 0.07007336200354161, 0.10093599797622059, 0.12243865418669365, 0.12901593726283836, 0.14950670376928915, 0.09587654945610928, 0.10295977738426511, 0.04477611940298507, 0.01745509739438401, 0.025044270174550975, 0.0065772830761447005, 0.004047558816089046, 0.0027826966860612194, 0.0017708069820389577, 0.0, 0.0, 0.0, 0.0, 0.0, 0.0], [0.0, 0.0, 0.0, 0.0, 0.0, 0.0, 0.0, 0.08108108108108109, 0.05405405405405406, 0.13513513513513514, 0.05405405405405406, 0.08108108108108109, 0.05405405405405406, 0.10810810810810811, 0.0, 0.0, 0.10810810810810811, 0.0, 0.08108108108108109, 0.10810810810810811, 0.02702702702702703, 0.08108108108108109, 0.0, 0.02702702702702703, 0.0, 0.0, 0.0, 0.0, 0.0, 0.0, 0.0, 0.0], [0.0, 0.0, 0.0, 0.0, 0.0, 0.0, 0.0010624734381640458, 0.003824904377390565, 0.0053123671908202295, 0.014237144071398216, 0.02358691032724182, 0.03591160220994475, 0.06417339566510838, 0.09349766255843604, 0.11899702507437314, 0.12090947726306843, 0.1487462813429664, 0.09562260943476412, 0.11177220569485763, 0.050786230344241394, 0.031661708457288565, 0.041861453463663406, 0.01593710157246069, 0.006799830004249894, 0.009349766255843604, 0.004249893752656183, 0.0014874628134296643, 0.00021249468763280918, 0.0, 0.0, 0.0, 0.0], [0.0, 0.0, 0.0, 0.0018270401948842874, 0.001218026796589525, 0.0018270401948842874, 0.0054811205846528625, 0.0097442143727162, 0.024969549330085262, 0.035931790499390985, 0.05907429963459196, 0.07734470158343483, 0.10596833130328867, 0.12971985383678442, 0.13520097442143728, 0.09926918392204628, 0.09866017052375152, 0.06272838002436054, 0.05237515225334957, 0.027405602923264313, 0.0194884287454324, 0.016443361753958587, 0.013398294762484775, 0.009135200974421437, 0.010353227771010963, 0.0006090133982947625, 0.0018270401948842874, 0.0, 0.0, 0.0, 0.0, 0.0], [0.0, 0.0, 0.01098901098901099, 0.01098901098901099, 0.02197802197802198, 0.0, 0.03296703296703297, 0.10989010989010989, 0.12087912087912088, 0.15384615384615385, 0.10989010989010989, 0.08791208791208792, 0.0989010989010989, 0.08791208791208792, 0.06593406593406594, 0.03296703296703297, 0.01098901098901099, 0.03296703296703297, 0.01098901098901099, 0.0, 0.0, 0.0, 0.0, 0.0, 0.0, 0.0, 0.0, 0.0, 0.0, 0.0, 0.0, 0.0], [0.0006547359231776517, 0.00021824530772588389, 0.0010912265386294195, 0.0008729812309035355, 0.0024006983849847226, 0.003273679615888258, 0.005674378000872981, 0.013749454386730685, 0.026189436927106065, 0.055216062854648626, 0.07420340462680053, 0.09777389786119599, 0.11545176778699258, 0.13051069402007856, 0.12483631601920558, 0.09057180270624182, 0.07813182016586644, 0.048886948930597994, 0.04954168485377564, 0.026625927542557836, 0.01811436054124836, 0.017677869925796594, 0.011567001309471846, 0.004364906154517678, 0.001745962461807071, 0.00043649061545176777, 0.00021824530772588389, 0.0, 0.0, 0.0, 0.0, 0.0], [0.0, 0.0, 0.0005299417064122947, 0.0, 0.0010598834128245894, 0.0010598834128245894, 0.005299417064122946, 0.006359300476947536, 0.01589825119236884, 0.02384737678855326, 0.034446210916799155, 0.05511393746687864, 0.0784313725490196, 0.11287758346581876, 0.12082670906200318, 0.13142554319024907, 0.16322204557498676, 0.07525172231054585, 0.08956014838367779, 0.034976152623211444, 0.014308426073131956, 0.018018018018018018, 0.011128775834658187, 0.003179650238473768, 0.002649708532061473, 0.0005299417064122947, 0.0, 0.0, 0.0, 0.0, 0.0, 0.0], [0.0, 0.0, 0.00032562683165092806, 0.0006512536633018561, 0.0013025073266037122, 0.002930641484858352, 0.007489417127971344, 0.010420058612829698, 0.01986323673070661, 0.039400846629762294, 0.08368609573428851, 0.09247802018886356, 0.11364376424617388, 0.1185281667209378, 0.13155323998697493, 0.11006186909801367, 0.09084988603060892, 0.05405405405405406, 0.05275154672745034, 0.02637577336372517, 0.013676326929338978, 0.014327580592640833, 0.007489417127971344, 0.00488440247476392, 0.0026050146532074245, 0.0006512536633018561, 0.0, 0.0, 0.0, 0.0, 0.0, 0.0], [0.0, 0.0, 0.0, 0.0, 0.0002994908655286014, 0.0008984725965858042, 0.0032943995208146153, 0.005989817310572028, 0.011680143755615454, 0.021263851452530697, 0.03653788559448937, 0.053608864929619644, 0.07966457023060797, 0.09613656783468104, 0.13507038035339922, 0.12488769092542677, 0.15064390536088648, 0.0865528601377658, 0.09763402216232404, 0.039832285115303984, 0.01737047020065888, 0.020964360587002098, 0.009883198562443846, 0.0035938903863432167, 0.003893381251871818, 0.0002994908655286014, 0.0, 0.0, 0.0, 0.0, 0.0, 0.0], [0.0, 0.0, 0.0, 0.0005820721769499418, 0.0002910360884749709, 0.0014551804423748546, 0.0037834691501746217, 0.006984866123399301, 0.014260768335273575, 0.03783469150174622, 0.06053550640279395, 0.07159487776484284, 0.0940046565774156, 0.12485448195576251, 0.14348079161816066, 0.119906868451688, 0.12252619324796275, 0.06111757857974389, 0.06548311990686845, 0.029976717112922, 0.014842840512223517, 0.011932479627473807, 0.006984866123399301, 0.002328288707799767, 0.0034924330616996507, 0.0017462165308498253, 0.0, 0.0, 0.0, 0.0, 0.0, 0.0], [0.0, 0.0, 0.0, 0.0, 0.0, 0.0, 0.00046490004649000463, 0.0009298000929800093, 0.0032543003254300326, 0.005578800557880056, 0.021385402138540215, 0.030218503021850304, 0.05485820548582055, 0.08368200836820083, 0.11064621106462111, 0.1278475127847513, 0.16736401673640167, 0.11157601115760112, 0.12180381218038122, 0.06462110646211065, 0.032543003254300325, 0.03533240353324035, 0.010227801022780102, 0.007438400743840074, 0.006508600650860065, 0.003719200371920037, 0.0, 0.0, 0.0, 0.0, 0.0, 0.0], [0.0, 0.0, 0.0, 0.0, 0.0017730496453900709, 0.0, 0.0035460992907801418, 0.010638297872340425, 0.014184397163120567, 0.044326241134751775, 0.05851063829787234, 0.09219858156028368, 0.10106382978723404, 0.12943262411347517, 0.10106382978723404, 0.0975177304964539, 0.10638297872340426, 0.0726950354609929, 0.05851063829787234, 0.028368794326241134, 0.040780141843971635, 0.010638297872340425, 0.0070921985815602835, 0.0070921985815602835, 0.0035460992907801418, 0.010638297872340425, 0.0, 0.0, 0.0, 0.0, 0.0, 0.0], [0.0003850596842510589, 0.0003850596842510589, 0.0003850596842510589, 0.0, 0.0007701193685021178, 0.0003850596842510589, 0.0026954177897574125, 0.005775895263765884, 0.011551790527531768, 0.01771274547554871, 0.03350019252984213, 0.05198305737389295, 0.08509819021948402, 0.10473623411628802, 0.14516750096264922, 0.13284559106661534, 0.13438582980361957, 0.08163265306122448, 0.08740854832499037, 0.04235656526761648, 0.019638043896804003, 0.02194840200231036, 0.009626492106276472, 0.0034655371582595304, 0.004235656526761648, 0.0011551790527531767, 0.0007701193685021178, 0.0, 0.0, 0.0, 0.0, 0.0], [0.0, 0.0, 0.0, 0.0, 0.002300966405890474, 0.0009203865623561896, 0.0036815462494247586, 0.007363092498849517, 0.015646571560055222, 0.02577082374597331, 0.05936493327197423, 0.06764841233317993, 0.09572020248504372, 0.12701334560515418, 0.13115508513575702, 0.11412793373216751, 0.1316152784169351, 0.06488725264611137, 0.0786930510814542, 0.031293143120110445, 0.013345605154164749, 0.017487344684767602, 0.0036815462494247586, 0.0036815462494247586, 0.0018407731247123793, 0.002300966405890474, 0.0004601932811780948, 0.0, 0.0, 0.0, 0.0, 0.0], [0.0, 0.0, 0.0, 0.0, 0.0, 0.0, 0.0, 0.0, 0.041666666666666664, 0.16666666666666666, 0.08333333333333333, 0.08333333333333333, 0.08333333333333333, 0.125, 0.08333333333333333, 0.041666666666666664, 0.125, 0.041666666666666664, 0.041666666666666664, 0.041666666666666664, 0.041666666666666664, 0.0, 0.0, 0.0, 0.0, 0.0, 0.0, 0.0, 0.0, 0.0, 0.0, 0.0], [0.00019665683382497542, 0.00019665683382497542, 0.00039331366764995085, 0.00019665683382497542, 0.00019665683382497542, 0.0, 0.0007866273352999017, 0.0017699115044247787, 0.006293018682399214, 0.010422812192723696, 0.023008849557522124, 0.0344149459193707, 0.06411012782694199, 0.08810226155358898, 0.11327433628318584, 0.1311701081612586, 0.14434611602753195, 0.10206489675516224, 0.1063913470993117, 0.06312684365781711, 0.035398230088495575, 0.04523107177974434, 0.01592920353982301, 0.007669616519174041, 0.004523107177974435, 0.0007866273352999017, 0.0, 0.0, 0.0, 0.0, 0.0, 0.0], [0.0, 0.0, 0.0, 0.0005194805194805195, 0.0, 0.0, 0.0036363636363636364, 0.001038961038961039, 0.005194805194805195, 0.006753246753246753, 0.025974025974025976, 0.035844155844155845, 0.06025974025974026, 0.07636363636363637, 0.12467532467532468, 0.12831168831168832, 0.14805194805194805, 0.10077922077922077, 0.11688311688311688, 0.054025974025974026, 0.027532467532467533, 0.039480519480519484, 0.013506493506493506, 0.008831168831168832, 0.012987012987012988, 0.007272727272727273, 0.002077922077922078, 0.0, 0.0, 0.0, 0.0, 0.0], [0.0005941770647653001, 0.0, 0.0, 0.0005941770647653001, 0.0023767082590612004, 0.0032679738562091504, 0.0023767082590612004, 0.008318478906714201, 0.014557338086749852, 0.025846702317290554, 0.05377302436125966, 0.0707070707070707, 0.07902554961378491, 0.11081402257872847, 0.1289364230540701, 0.11705288175876412, 0.11913250148544266, 0.0748663101604278, 0.08377896613190731, 0.040106951871657755, 0.02109328579916815, 0.022281639928698752, 0.00861556743909685, 0.006833036244800951, 0.004456327985739751, 0.0005941770647653001, 0.0, 0.0, 0.0, 0.0, 0.0, 0.0], [0.0, 0.0, 0.0, 0.0, 0.0, 0.003215434083601286, 0.0, 0.006430868167202572, 0.01607717041800643, 0.012861736334405145, 0.00964630225080386, 0.04180064308681672, 0.0707395498392283, 0.17041800643086816, 0.14790996784565916, 0.14790996784565916, 0.17363344051446947, 0.09646302250803858, 0.06430868167202572, 0.028938906752411574, 0.00964630225080386, 0.0, 0.0, 0.0, 0.0, 0.0, 0.0, 0.0, 0.0, 0.0, 0.0, 0.0], [0.0, 0.0, 0.0, 0.00014598540145985403, 0.00029197080291970805, 0.00043795620437956203, 0.00043795620437956203, 0.0020437956204379564, 0.003941605839416058, 0.012408759124087591, 0.019124087591240877, 0.03386861313868613, 0.05956204379562044, 0.07635036496350366, 0.12671532846715328, 0.12627737226277372, 0.16686131386861314, 0.09357664233576643, 0.13985401459854013, 0.05401459854014599, 0.02583941605839416, 0.032846715328467155, 0.0127007299270073, 0.004963503649635037, 0.005401459854014599, 0.001605839416058394, 0.00072992700729927, 0.0, 0.0, 0.0, 0.0, 0.0], [0.0, 0.00011720581340834506, 0.00035161744022503517, 0.0, 0.0007032348804500703, 0.0009376465072667605, 0.0007032348804500703, 0.001875293014533521, 0.002226910454758556, 0.010314111579934365, 0.016643225503984997, 0.037740271917487106, 0.07266760431317393, 0.11251758087201125, 0.14955461790904828, 0.16736990154711673, 0.16443975621190812, 0.08966244725738397, 0.09435067979371776, 0.039615564932020626, 0.018518518518518517, 0.013009845288326301, 0.004336615096108767, 0.0017580872011251757, 0.0005860290670417253, 0.0, 0.0, 0.0, 0.0, 0.0, 0.0, 0.0], [0.00035612535612535614, 0.0, 0.0, 0.0007122507122507123, 0.0, 0.0010683760683760685, 0.0017806267806267807, 0.003917378917378918, 0.01103988603988604, 0.018518518518518517, 0.033831908831908834, 0.0551994301994302, 0.08903133903133903, 0.11182336182336182, 0.12037037037037036, 0.11787749287749288, 0.14066951566951566, 0.09259259259259259, 0.08867521367521368, 0.04487179487179487, 0.027065527065527065, 0.021367521367521368, 0.011752136752136752, 0.004985754985754986, 0.002492877492877493, 0.0, 0.0, 0.0, 0.0, 0.0, 0.0, 0.0], [0.0, 0.00026001040041601667, 0.0, 0.0, 0.0005200208008320333, 0.0, 0.0010400416016640667, 0.00078003120124805, 0.004420176807072283, 0.005720228809152366, 0.01950078003120125, 0.0249609984399376, 0.046801872074883, 0.08086323452938117, 0.10998439937597504, 0.12428497139885596, 0.1547061882475299, 0.08606344253770151, 0.14768590743629745, 0.056422256890275614, 0.039521580863234526, 0.0436817472698908, 0.021320852834113363, 0.012740509620384815, 0.011960478419136765, 0.005200208008320333, 0.0015600624024961, 0.0, 0.0, 0.0, 0.0, 0.0], [0.0, 0.0009191176470588235, 0.0009191176470588235, 0.001838235294117647, 0.0027573529411764708, 0.0027573529411764708, 0.0055147058823529415, 0.011948529411764705, 0.03676470588235294, 0.04963235294117647, 0.07169117647058823, 0.10018382352941177, 0.09375, 0.11948529411764706, 0.1332720588235294, 0.10845588235294118, 0.08823529411764706, 0.04963235294117647, 0.06709558823529412, 0.021139705882352942, 0.012867647058823529, 0.016544117647058824, 0.001838235294117647, 0.0009191176470588235, 0.001838235294117647, 0.0, 0.0, 0.0, 0.0, 0.0, 0.0, 0.0], [0.0, 0.0, 0.0, 0.0, 0.0, 0.0, 0.006734006734006734, 0.026936026936026935, 0.06734006734006734, 0.05723905723905724, 0.10774410774410774, 0.09764309764309764, 0.07407407407407407, 0.10437710437710437, 0.12121212121212122, 0.09764309764309764, 0.09764309764309764, 0.06734006734006734, 0.04377104377104377, 0.020202020202020204, 0.0, 0.0, 0.003367003367003367, 0.003367003367003367, 0.003367003367003367, 0.0, 0.0, 0.0, 0.0, 0.0, 0.0, 0.0], [0.0008230452674897119, 0.0, 0.0, 0.0, 0.0016460905349794238, 0.0016460905349794238, 0.00411522633744856, 0.00905349794238683, 0.01783264746227709, 0.027983539094650206, 0.04910836762688615, 0.07160493827160494, 0.10342935528120713, 0.12016460905349795, 0.14732510288065845, 0.12071330589849108, 0.11742112482853223, 0.062002743484224965, 0.06858710562414266, 0.027434842249657063, 0.014266117969821674, 0.02139917695473251, 0.006584362139917695, 0.0027434842249657062, 0.0027434842249657062, 0.0005486968449931413, 0.0008230452674897119, 0.0, 0.0, 0.0, 0.0, 0.0], [0.0, 0.0, 0.0, 0.0, 0.0, 0.0005293806246691371, 0.0021175224986765486, 0.0021175224986765486, 0.004764425622022234, 0.019057702488088937, 0.028057173107464268, 0.04076230809952356, 0.05664372683959767, 0.08681842244573848, 0.1111699311805188, 0.1296982530439386, 0.1455796717840127, 0.0884065643197459, 0.10746426680783483, 0.0513499205929063, 0.030174695606140816, 0.03864478560084701, 0.017469560614081524, 0.014822657490735839, 0.018528321863419798, 0.005823186871360508, 0.0, 0.0, 0.0, 0.0, 0.0, 0.0], [0.0, 0.0, 0.0, 0.0, 0.0003853564547206166, 0.0, 0.0015414258188824663, 0.0011560693641618498, 0.005009633911368015, 0.012716763005780347, 0.022350674373795763, 0.038535645472061654, 0.06435452793834297, 0.10982658959537572, 0.13410404624277455, 0.14065510597302505, 0.14219653179190753, 0.08439306358381503, 0.11059730250481696, 0.05163776493256262, 0.027745664739884393, 0.026204238921001925, 0.014258188824662813, 0.004624277456647399, 0.005394990366088632, 0.0019267822736030828, 0.0003853564547206166, 0.0, 0.0, 0.0, 0.0, 0.0], [0.0002183406113537118, 0.0002183406113537118, 0.0002183406113537118, 0.0004366812227074236, 0.0004366812227074236, 0.003056768558951965, 0.00240174672489083, 0.0054585152838427945, 0.008733624454148471, 0.02074235807860262, 0.045414847161572056, 0.060043668122270744, 0.0962882096069869, 0.12096069868995633, 0.12794759825327512, 0.12838427947598252, 0.13253275109170307, 0.08231441048034935, 0.07576419213973799, 0.03537117903930131, 0.022707423580786028, 0.016157205240174673, 0.009825327510917031, 0.0026200873362445414, 0.0017467248908296944, 0.0, 0.0, 0.0, 0.0, 0.0, 0.0, 0.0], [0.0, 0.0, 0.0, 0.0, 0.0006131207847946045, 0.0, 0.0006131207847946045, 0.002452483139178418, 0.005518087063151441, 0.014714898835070508, 0.03249540159411404, 0.04230533415082771, 0.08461066830165542, 0.11281422440220723, 0.12568976088289394, 0.14469650521152666, 0.14101778050275904, 0.08828939301042306, 0.07480073574494175, 0.04291845493562232, 0.03372164316370325, 0.026364193746167996, 0.0134886572654813, 0.0030656039239730227, 0.008583690987124463, 0.001226241569589209, 0.0, 0.0, 0.0, 0.0, 0.0, 0.0], [0.0, 0.0, 0.0, 0.0, 0.0, 0.0008090614886731392, 0.0004045307443365696, 0.0024271844660194173, 0.0036407766990291263, 0.0056634304207119745, 0.012135922330097087, 0.024676375404530743, 0.03640776699029126, 0.055825242718446605, 0.09425566343042072, 0.11650485436893204, 0.15655339805825244, 0.09304207119741101, 0.1436084142394822, 0.07928802588996764, 0.044902912621359224, 0.06674757281553398, 0.02953074433656958, 0.013349514563106795, 0.014967637540453074, 0.004449838187702265, 0.0008090614886731392, 0.0, 0.0, 0.0, 0.0, 0.0], [0.0, 0.0, 0.0, 0.0, 0.00022799817601459188, 0.0, 0.0006839945280437756, 0.0027359781121751026, 0.004331965344277246, 0.009575923392612859, 0.01937984496124031, 0.04582763337893297, 0.0759233926128591, 0.11901504787961696, 0.13360693114455086, 0.1238030095759234, 0.13292293661650706, 0.08549931600547196, 0.10784313725490197, 0.04947560419516644, 0.027131782945736434, 0.03283173734610123, 0.014819881440948472, 0.006155950752393981, 0.007067943456452348, 0.0011399908800729594, 0.0, 0.0, 0.0, 0.0, 0.0, 0.0], [0.0, 0.0, 0.00016666666666666666, 0.0, 0.0, 0.00016666666666666666, 0.001, 0.002, 0.004666666666666667, 0.012666666666666666, 0.026, 0.04616666666666667, 0.08383333333333333, 0.12283333333333334, 0.15566666666666668, 0.14133333333333334, 0.14266666666666666, 0.07133333333333333, 0.09833333333333333, 0.03283333333333333, 0.019333333333333334, 0.022166666666666668, 0.007333333333333333, 0.0031666666666666666, 0.004, 0.002, 0.0003333333333333333, 0.0, 0.0, 0.0, 0.0, 0.0], [0.0, 0.0, 0.0, 0.0, 0.0, 0.00019109497420217848, 0.0011465698452130708, 0.0011465698452130708, 0.004395184406650105, 0.009745843684311103, 0.017389642652398243, 0.03764570991782916, 0.06535448117714504, 0.11083508503726353, 0.13567743168354673, 0.1553602140263711, 0.16816357729791706, 0.08866806802981081, 0.11656793426332887, 0.033250525511179053, 0.019491687368622206, 0.023695776801070132, 0.005159564303458819, 0.0017198547678196063, 0.003630804509841391, 0.0007643798968087139, 0.0, 0.0, 0.0, 0.0, 0.0, 0.0], [0.0, 0.013333333333333334, 0.0, 0.0, 0.013333333333333334, 0.04, 0.04, 0.08, 0.13333333333333333, 0.09333333333333334, 0.09333333333333334, 0.02666666666666667, 0.06666666666666667, 0.04, 0.08, 0.09333333333333334, 0.013333333333333334, 0.10666666666666667, 0.05333333333333334, 0.0, 0.013333333333333334, 0.0, 0.0, 0.0, 0.0, 0.0, 0.0, 0.0, 0.0, 0.0, 0.0, 0.0]]}, "ranks": {"labels": ["Unranked", "Combatatent I", "Combatatent II", "Challenger I", "Challenger II", "Rival I", "Rival II", "Duelist", "Elite"], "data": [[0.21739130434782608, 0.22826086956521738, 0.2391304347826087, 0.17391304347826086, 0.06521739130434782, 0.07608695652173914, 0.0, 0.0, 0.0], [0.08067542213883677, 0.12382739212007504, 0.21575984990619138, 0.26360225140712945, 0.17917448405253283, 0.08911819887429644, 0.020637898686679174, 0.024390243902439025, 0.0028142589118198874], [0.03418451400329489, 0.06589785831960461, 0.15527182866556838, 0.23146622734761121, 0.23476112026359144, 0.16227347611202636, 0.048599670510708404, 0.057660626029654036, 0.009884678747940691], [0.047558816089046295, 0.07918036933974197, 0.17100935997976222, 0.25145459144953203, 0.24538325322539842, 0.1300278269668606, 0.03516316721477359, 0.03566911206678472, 0.004553503668100177], [0.2702702702702703, 0.13513513513513514, 0.16216216216216217, 0.0, 0.10810810810810811, 0.16216216216216217, 0.05405405405405406, 0.10810810810810811, 0.0], [0.024436889077773055, 0.05949851253718657, 0.1576710582235444, 0.23990650233744157, 0.24436889077773055, 0.13982150446238845, 0.05439864003399915, 0.06459838504037399, 0.01529961750956226], [0.08099878197320341, 0.1364190012180268, 0.2356881851400731, 0.23447015834348356, 0.16138855054811205, 0.06881851400730817, 0.030450669914738125, 0.0389768574908648, 0.012789281364190013], [0.46153846153846156, 0.1978021978021978, 0.18681318681318682, 0.0989010989010989, 0.04395604395604396, 0.01098901098901099, 0.0, 0.0, 0.0], [0.10934089917066783, 0.1719773024879965, 0.24596246180707115, 0.2154081187254474, 0.12701876909646442, 0.06219991270187691, 0.03208206023570493, 0.03360977738978612, 0.0024006983849847226], [0.05405405405405406, 0.08956014838367779, 0.19130895601483835, 0.25225225225225223, 0.2384737678855326, 0.10810810810810811, 0.03073661897191309, 0.03232644409114997, 0.003179650238473768], [0.0823835884076848, 0.17616411592315206, 0.2321719309671117, 0.2416151090849886, 0.14490394008466298, 0.06675350048844025, 0.026050146532074242, 0.026701400195376097, 0.0032562683165092803], [0.0434261755016472, 0.09014675052410902, 0.17580113806528902, 0.259958071278826, 0.2371967654986523, 0.12159329140461216, 0.03324348607367475, 0.034441449535789155, 0.0041928721174004195], [0.06519208381839348, 0.13213038416763678, 0.21885913853317812, 0.26338766006984865, 0.18364377182770664, 0.08178114086146682, 0.02852153667054715, 0.021245634458672877, 0.005238649592549476], [0.010227801022780102, 0.05160390516039052, 0.13854021385402138, 0.2384937238493724, 0.2789400278940028, 0.16225011622501162, 0.056717805671780565, 0.05299860529986053, 0.010227801022780102], [0.07446808510638298, 0.15070921985815602, 0.23049645390070922, 0.19858156028368795, 0.17907801418439717, 0.07446808510638298, 0.05319148936170213, 0.024822695035460994, 0.014184397163120567], [0.040046207162110124, 0.08548324990373508, 0.18983442433577205, 0.27801309202926455, 0.21601848286484404, 0.11282248748556026, 0.036580670003850596, 0.03504043126684636, 0.0061609549480169425], [0.05568338702254947, 0.12701334560515418, 0.22273354809019788, 0.24528301886792453, 0.1965025310630465, 0.09940174873446847, 0.02393005062126093, 0.024850437183617118, 0.004601932811780948], [0.20833333333333334, 0.16666666666666666, 0.20833333333333334, 0.125, 0.16666666666666666, 0.041666666666666664, 0.08333333333333333, 0.0, 0.0], [0.020452310717797444, 0.057423795476892824, 0.15221238938053097, 0.24444444444444444, 0.2464110127826942, 0.14296951819075712, 0.061946902654867256, 0.0688298918387414, 0.005309734513274336], [0.017142857142857144, 0.06181818181818182, 0.13662337662337662, 0.252987012987013, 0.24883116883116882, 0.15532467532467534, 0.043116883116883116, 0.06181818181818182, 0.022337662337662337], [0.057932263814616754, 0.12448009506833037, 0.18983957219251338, 0.24598930481283424, 0.19399881164587046, 0.10903149138443256, 0.03594771241830065, 0.03773024361259655, 0.005050505050505051], [0.03858520900321544, 0.05144694533762058, 0.24115755627009647, 0.2958199356913183, 0.27009646302250806, 0.08038585209003216, 0.022508038585209004, 0.0, 0.0], [0.01970802919708029, 0.052992700729927004, 0.13591240875912408, 0.252992700729927, 0.26043795620437954, 0.1689051094890511, 0.0508029197080292, 0.05051094890510949, 0.007737226277372263], [0.017229254571026722, 0.0543834974214721, 0.18518518518518517, 0.316924519456165, 0.2541022034692921, 0.1175574308485701, 0.03492733239568683, 0.019104547585560242, 0.0005860290670417253], [0.03739316239316239, 0.08903133903133903, 0.20085470085470086, 0.23824786324786323, 0.23326210826210828, 0.11253561253561253, 0.04807692307692308, 0.038105413105413107, 0.002492877492877493], [0.012740509620384815, 0.044461778471138844, 0.12766510660426417, 0.23426937077483098, 0.24076963078523142, 0.17758710348413936, 0.06604264170566823, 0.07774310972438897, 0.0187207488299532], [0.1130514705882353, 0.171875, 0.21323529411764705, 0.2417279411764706, 0.13786764705882354, 0.078125, 0.02297794117647059, 0.019301470588235295, 0.001838235294117647], [0.15824915824915825, 0.2053872053872054, 0.17845117845117844, 0.21885521885521886, 0.16498316498316498, 0.06060606060606061, 0.003367003367003367, 0.006734006734006734, 0.003367003367003367], [0.06310013717421124, 0.12071330589849108, 0.22359396433470508, 0.26803840877914953, 0.1794238683127572, 0.08285322359396434, 0.027434842249657063, 0.030727023319615913, 0.00411522633744856], [0.028586553732133403, 0.06881948120698782, 0.14346214928533615, 0.24086818422445738, 0.2339862361037586, 0.13340391741662255, 0.0555849655902594, 0.07093700370566437, 0.024351508734780307], [0.020809248554913295, 0.06088631984585742, 0.17418111753371868, 0.2747591522157996, 0.22658959537572254, 0.1418111753371869, 0.04816955684007707, 0.04508670520231214, 0.007707129094412331], [0.04192139737991266, 0.1054585152838428, 0.21724890829694324, 0.25633187772925764, 0.21484716157205241, 0.09759825327510917, 0.036244541484716154, 0.028602620087336245, 0.0017467248908296944], [0.023911710606989576, 0.07480073574494175, 0.19742489270386265, 0.2703862660944206, 0.22930717351318208, 0.09748620478234211, 0.0539546290619252, 0.04291845493562232, 0.009809932556713672], [0.012944983818770227, 0.03681229773462783, 0.09223300970873786, 0.21076051779935276, 0.24959546925566342, 0.18891585760517798, 0.07888349514563107, 0.10962783171521036, 0.020226537216828478], [0.017555859553123575, 0.06520747834017328, 0.19493844049247605, 0.25740994072047424, 0.21842225262197904, 0.135202918376653, 0.049247606019151846, 0.053807569539443684, 0.008207934336525308], [0.020666666666666667, 0.07216666666666667, 0.20666666666666667, 0.297, 0.214, 0.11466666666666667, 0.035833333333333335, 0.03266666666666666, 0.006333333333333333], [0.016625262755589527, 0.0550353525702274, 0.17618956621440857, 0.2910376457099178, 0.2568316453277279, 0.13548633670934454, 0.033823810433785594, 0.030575195872348557, 0.004395184406650105], [0.41333333333333333, 0.12, 0.10666666666666667, 0.17333333333333334, 0.12, 0.05333333333333334, 0.013333333333333334, 0.0, 0.0]]}, "ranksDetailed": {"labels": ["Unranked", "Combatatant", "Challenger", "Rival", "Duelist", "Elite"], "data": [[0.21739130434782608, 0.4673913043478261, 0.2391304347826087, 0.07608695652173914, 0.0, 0.0], [0.08067542213883677, 0.3395872420262664, 0.4427767354596623, 0.10975609756097561, 0.024390243902439025, 0.0028142589118198874], [0.03418451400329489, 0.22116968698517298, 0.46622734761120266, 0.21087314662273476, 0.057660626029654036, 0.009884678747940691], [0.047558816089046295, 0.2501897293195042, 0.4968378446749304, 0.16519099418163422, 0.03566911206678472, 0.004553503668100177], [0.2702702702702703, 0.2972972972972973, 0.10810810810810811, 0.21621621621621623, 0.10810810810810811, 0.0], [0.024436889077773055, 0.21716957076073098, 0.48427539311517215, 0.19422014449638758, 0.06459838504037399, 0.01529961750956226], [0.08099878197320341, 0.37210718635809986, 0.39585870889159563, 0.09926918392204628, 0.0389768574908648, 0.012789281364190013], [0.46153846153846156, 0.38461538461538464, 0.14285714285714285, 0.01098901098901099, 0.0, 0.0], [0.10934089917066783, 0.41793976429506763, 0.34242688782191183, 0.09428197293758184, 0.03360977738978612, 0.0024006983849847226], [0.05405405405405406, 0.28086910439851615, 0.4907260201377848, 0.13884472708002119, 0.03232644409114997, 0.003179650238473768], [0.0823835884076848, 0.40833604689026376, 0.3865190491696516, 0.0928036470205145, 0.026701400195376097, 0.0032562683165092803], [0.0434261755016472, 0.265947888589398, 0.4971548367774783, 0.15483677747828692, 0.034441449535789155, 0.0041928721174004195], [0.06519208381839348, 0.3509895227008149, 0.4470314318975553, 0.11030267753201398, 0.021245634458672877, 0.005238649592549476], [0.010227801022780102, 0.1901441190144119, 0.5174337517433751, 0.21896792189679218, 0.05299860529986053, 0.010227801022780102], [0.07446808510638298, 0.38120567375886527, 0.3776595744680851, 0.1276595744680851, 0.024822695035460994, 0.014184397163120567], [0.040046207162110124, 0.27531767423950715, 0.4940315748941086, 0.14940315748941085, 0.03504043126684636, 0.0061609549480169425], [0.05568338702254947, 0.34974689369535206, 0.441785549930971, 0.12333179935572941, 0.024850437183617118, 0.004601932811780948], [0.20833333333333334, 0.375, 0.2916666666666667, 0.125, 0.0, 0.0], [0.020452310717797444, 0.2096361848574238, 0.49085545722713864, 0.2049164208456244, 0.0688298918387414, 0.005309734513274336], [0.017142857142857144, 0.19844155844155845, 0.5018181818181818, 0.19844155844155845, 0.06181818181818182, 0.022337662337662337], [0.057932263814616754, 0.3143196672608437, 0.43998811645870467, 0.14497920380273321, 0.03773024361259655, 0.005050505050505051], [0.03858520900321544, 0.29260450160771706, 0.5659163987138264, 0.10289389067524116, 0.0, 0.0], [0.01970802919708029, 0.1889051094890511, 0.5134306569343066, 0.2197080291970803, 0.05051094890510949, 0.007737226277372263], [0.017229254571026722, 0.23956868260665728, 0.5710267229254571, 0.15248476324425692, 0.019104547585560242, 0.0005860290670417253], [0.03739316239316239, 0.2898860398860399, 0.47150997150997154, 0.1606125356125356, 0.038105413105413107, 0.002492877492877493], [0.012740509620384815, 0.17212688507540302, 0.4750390015600624, 0.2436297451898076, 0.07774310972438897, 0.0187207488299532], [0.1130514705882353, 0.3851102941176471, 0.3795955882352941, 0.10110294117647059, 0.019301470588235295, 0.001838235294117647], [0.15824915824915825, 0.3838383838383838, 0.3838383838383838, 0.06397306397306397, 0.006734006734006734, 0.003367003367003367], [0.06310013717421124, 0.3443072702331962, 0.4474622770919067, 0.1102880658436214, 0.030727023319615913, 0.00411522633744856], [0.028586553732133403, 0.21228163049232399, 0.474854420328216, 0.18898888300688194, 0.07093700370566437, 0.024351508734780307], [0.020809248554913295, 0.2350674373795761, 0.5013487475915221, 0.18998073217726397, 0.04508670520231214, 0.007707129094412331], [0.04192139737991266, 0.322707423580786, 0.47117903930131005, 0.13384279475982533, 0.028602620087336245, 0.0017467248908296944], [0.023911710606989576, 0.27222562844880444, 0.4996934396076027, 0.15144083384426732, 0.04291845493562232, 0.009809932556713672], [0.012944983818770227, 0.1290453074433657, 0.4603559870550162, 0.26779935275080907, 0.10962783171521036, 0.020226537216828478], [0.017555859553123575, 0.2601459188326493, 0.47583219334245325, 0.18445052439580484, 0.053807569539443684, 0.008207934336525308], [0.020666666666666667, 0.2788333333333333, 0.511, 0.1505, 0.03266666666666666, 0.006333333333333333], [0.016625262755589527, 0.23122491878463597, 0.5478692910376457, 0.16931014714313014, 0.030575195872348557, 0.004395184406650105], [0.41333333333333333, 0.22666666666666666, 0.29333333333333333, 0.06666666666666667, 0.0, 0.0]]}}}, "eu": {"histType": {"histogram": {"labels": ["0", "100", "200", "300", "400", "500", "600", "700", "800", "900", "1000", "1100", "1200", "1300", "1400", "1500", "1600", "1700", "1800", "1900", "2000", "2100", "2200", "2300", "2400", "2500", "2600", "2700", "2800", "2900", "3000", "3100"], "data": [[0.0, 0.0, 0.0, 0.0, 0.0, 0.014285714285714285, 0.02857142857142857, 0.04285714285714286, 0.1, 0.05714285714285714, 0.08571428571428572, 0.11428571428571428, 0.11428571428571428, 0.12857142857142856, 0.05714285714285714, 0.08571428571428572, 0.04285714285714286, 0.07142857142857142, 0.04285714285714286, 0.0, 0.0, 0.0, 0.0, 0.014285714285714285, 0.0, 0.0, 0.0, 0.0, 0.0, 0.0, 0.0, 0.0], [0.0, 0.0, 0.0, 0.0020242914979757085, 0.0020242914979757085, 0.003036437246963563, 0.006072874493927126, 0.00708502024291498, 0.02631578947368421, 0.0354251012145749, 0.058704453441295545, 0.0951417004048583, 0.10222672064777327, 0.13157894736842105, 0.1396761133603239, 0.1194331983805668, 0.10526315789473684, 0.05161943319838057, 0.058704453441295545, 0.02327935222672065, 0.009109311740890687, 0.016194331983805668, 0.005060728744939271, 0.0020242914979757085, 0.0, 0.0, 0.0, 0.0, 0.0, 0.0, 0.0, 0.0], [0.0, 0.0, 0.0, 0.0, 0.0004761904761904762, 0.0009523809523809524, 0.0019047619047619048, 0.005238095238095238, 0.014285714285714285, 0.018571428571428572, 0.035238095238095235, 0.05, 0.0761904761904762, 0.09428571428571429, 0.12047619047619047, 0.11238095238095239, 0.1523809523809524, 0.08190476190476191, 0.12428571428571429, 0.03619047619047619, 0.01904761904761905, 0.02857142857142857, 0.011904761904761904, 0.005714285714285714, 0.009047619047619047, 0.0009523809523809524, 0.0, 0.0, 0.0, 0.0, 0.0, 0.0], [0.0, 0.0, 0.0, 0.00022461814914645105, 0.0004492362982929021, 0.00022461814914645105, 0.0017969451931716084, 0.0071877807726864335, 0.010332434860736747, 0.018194070080862535, 0.03796046720575023, 0.04851752021563342, 0.07389937106918239, 0.09366576819407008, 0.12219227313566937, 0.12713387241689128, 0.15206648697214736, 0.10220125786163523, 0.10175202156334232, 0.0444743935309973, 0.019991015274034143, 0.021114106019766397, 0.005840071877807727, 0.004492362982929021, 0.004492362982929021, 0.0015723270440251573, 0.00022461814914645105, 0.0, 0.0, 0.0, 0.0, 0.0], [0.0, 0.0, 0.0, 0.0, 0.0, 0.0, 0.05128205128205128, 0.07692307692307693, 0.1282051282051282, 0.02564102564102564, 0.10256410256410256, 0.15384615384615385, 0.0, 0.05128205128205128, 0.1282051282051282, 0.07692307692307693, 0.07692307692307693, 0.02564102564102564, 0.0, 0.05128205128205128, 0.02564102564102564, 0.0, 0.0, 0.0, 0.0, 0.02564102564102564, 0.0, 0.0, 0.0, 0.0, 0.0, 0.0], [0.0, 0.00041631973355537054, 0.00020815986677768527, 0.00020815986677768527, 0.0006244796003330558, 0.00041631973355537054, 0.00020815986677768527, 0.003746877601998335, 0.004995836802664446, 0.011656952539550375, 0.023938384679433804, 0.03455453788509576, 0.06119900083263947, 0.09388009991673606, 0.11282264779350541, 0.11053288925895087, 0.1355120732722731, 0.09616985845129059, 0.11594504579517069, 0.05974188176519567, 0.03871773522064946, 0.04579517069109076, 0.021232306411323898, 0.006869275603663613, 0.01144879267277269, 0.005412156536219817, 0.0033305578684429643, 0.00041631973355537054, 0.0, 0.0, 0.0, 0.0], [0.0, 0.0, 0.001095290251916758, 0.0016429353778751369, 0.001095290251916758, 0.0032858707557502738, 0.0038335158817086527, 0.013691128148959474, 0.03285870755750274, 0.035596933187294635, 0.06626506024096386, 0.07721796276013143, 0.10788608981380066, 0.11171960569550932, 0.10514786418400876, 0.10843373493975904, 0.09364731653888281, 0.060240963855421686, 0.060240963855421686, 0.030120481927710843, 0.01642935377875137, 0.024644030668127054, 0.017524644030668127, 0.007667031763417305, 0.009309967141292442, 0.00547645125958379, 0.004928806133625411, 0.0, 0.0, 0.0, 0.0, 0.0], [0.0, 0.0, 0.0, 0.0, 0.016666666666666666, 0.016666666666666666, 0.016666666666666666, 0.13333333333333333, 0.08333333333333333, 0.06666666666666667, 0.1, 0.11666666666666667, 0.06666666666666667, 0.1, 0.03333333333333333, 0.15, 0.06666666666666667, 0.03333333333333333, 0.0, 0.0, 0.0, 0.0, 0.0, 0.0, 0.0, 0.0, 0.0, 0.0, 0.0, 0.0, 0.0, 0.0], [0.00042854081851296334, 0.00021427040925648167, 0.0008570816370259267, 0.0010713520462824085, 0.0006428112277694451, 0.002142704092564817, 0.0064281122776944505, 0.015856010284979644, 0.03214056138847225, 0.04971073494750375, 0.08163702592671952, 0.09556460252839083, 0.12620527105206772, 0.12084851082065566, 0.10542104135418899, 0.09106492393400471, 0.08292264838225841, 0.05099635740304264, 0.04799657167345189, 0.028712234840368545, 0.021427040925648167, 0.017570173559031496, 0.009427898007285194, 0.005999571459181487, 0.0036425969573601886, 0.0010713520462824085, 0.0, 0.0, 0.0, 0.0, 0.0, 0.0], [0.0, 0.0, 0.0, 0.0, 0.0, 0.0013605442176870747, 0.0020408163265306124, 0.006802721088435374, 0.010884353741496598, 0.022448979591836733, 0.047619047619047616, 0.05102040816326531, 0.07414965986394557, 0.11156462585034013, 0.13673469387755102, 0.11972789115646258, 0.14965986394557823, 0.07006802721088436, 0.09863945578231292, 0.029931972789115645, 0.02585034013605442, 0.02312925170068027, 0.01020408163265306, 0.0027210884353741495, 0.003401360544217687, 0.0020408163265306124, 0.0, 0.0, 0.0, 0.0, 0.0, 0.0], [0.00040064102564102563, 0.0, 0.0, 0.0, 0.001201923076923077, 0.0028044871794871795, 0.0028044871794871795, 0.010817307692307692, 0.026041666666666668, 0.040865384615384616, 0.06810897435897435, 0.08974358974358974, 0.11979166666666667, 0.12219551282051282, 0.11778846153846154, 0.10056089743589744, 0.08733974358974358, 0.059695512820512824, 0.059695512820512824, 0.03325320512820513, 0.018028846153846152, 0.018830128205128204, 0.010817307692307692, 0.004407051282051282, 0.002403846153846154, 0.002403846153846154, 0.0, 0.0, 0.0, 0.0, 0.0, 0.0], [0.0, 0.0, 0.0, 0.0006485084306095979, 0.00032425421530479895, 0.0009727626459143969, 0.0012970168612191958, 0.0048638132295719845, 0.013618677042801557, 0.02756160830090791, 0.03437094682230869, 0.05058365758754864, 0.08009079118028535, 0.09760051880674449, 0.11511024643320363, 0.12062256809338522, 0.14559014267185474, 0.0914396887159533, 0.10214007782101167, 0.04734111543450065, 0.020103761348897537, 0.02594033722438392, 0.010700389105058366, 0.0019455252918287938, 0.004539559014267186, 0.001621271076523995, 0.00032425421530479895, 0.00032425421530479895, 0.0, 0.0, 0.00032425421530479895, 0.0], [0.0, 0.0, 0.0003635041802980734, 0.0010905125408942203, 0.0007270083605961468, 0.0003635041802980734, 0.002544529262086514, 0.010541621228644129, 0.019265721555797893, 0.03162486368593239, 0.05779716466739367, 0.07088331515812432, 0.1079607415485278, 0.11741185023627772, 0.13195201744820065, 0.12250090876045075, 0.10687022900763359, 0.07197382769901854, 0.06543075245365322, 0.029807342784442022, 0.01708469647400945, 0.01708469647400945, 0.007270083605961469, 0.0029080334423845873, 0.003271537622682661, 0.0018175209014903672, 0.0014540167211922936, 0.0, 0.0, 0.0, 0.0, 0.0], [0.0, 0.0, 0.0, 0.0, 0.0, 0.0004246284501061571, 0.0008492569002123143, 0.0016985138004246285, 0.004246284501061571, 0.009766454352441613, 0.01740976645435244, 0.027600849256900213, 0.05987261146496815, 0.07770700636942675, 0.11847133757961784, 0.140552016985138, 0.1583864118895966, 0.11677282377919321, 0.10870488322717622, 0.056900212314225054, 0.03524416135881104, 0.037367303609341825, 0.011464968152866241, 0.007643312101910828, 0.006369426751592357, 0.0016985138004246285, 0.0004246284501061571, 0.0004246284501061571, 0.0, 0.0, 0.0, 0.0], [0.0, 0.0, 0.0020920502092050207, 0.0, 0.0, 0.0020920502092050207, 0.010460251046025104, 0.010460251046025104, 0.02510460251046025, 0.04184100418410042, 0.06694560669456066, 0.06903765690376569, 0.08158995815899582, 0.11715481171548117, 0.1087866108786611, 0.09623430962343096, 0.09623430962343096, 0.08786610878661087, 0.08368200836820083, 0.03138075313807531, 0.01882845188284519, 0.014644351464435146, 0.0041841004184100415, 0.0041841004184100415, 0.02510460251046025, 0.0020920502092050207, 0.0, 0.0, 0.0, 0.0, 0.0, 0.0], [0.0, 0.0, 0.00037023324694557573, 0.00037023324694557573, 0.0