{"region": {"us": {"histType": {"histogram": {"labels": ["0", "100", "200", "300", "400", "500", "600", "700", "800", "900", "1000", "1100", "1200", "1300", "1400", "1500", "1600", "1700", "1800", "1900", "2000", "2100", "2200", "2300", "2400", "2500", "2600", "2700", "2800", "2900", "3000"], "data": [[0.0, 0.0, 0.0, 0.0044444444444444444, 0.0, 0.013333333333333334, 0.017777777777777778, 0.017777777777777778, 0.04888888888888889, 0.035555555555555556, 0.07555555555555556, 0.09777777777777778, 0.09777777777777778, 0.09333333333333334, 0.13333333333333333, 0.09333333333333334, 0.057777777777777775, 0.057777777777777775, 0.057777777777777775, 0.04, 0.017777777777777778, 0.04, 0.0, 0.0, 0.0, 0.0, 0.0, 0.0, 0.0, 0.0, 0.0], [0.0, 0.001053740779768177, 0.0, 0.0005268703898840885, 0.0015806111696522655, 0.001053740779768177, 0.005795574288724974, 0.011064278187565859, 0.012644889357218124, 0.022128556375131718, 0.03951527924130664, 0.0505795574288725, 0.07534246575342465, 0.0779768177028451, 0.12223393045310854, 0.13593256059009484, 0.14805057955742887, 0.08535300316122234, 0.1095890410958904, 0.037407797681770286, 0.02476290832455216, 0.0136986301369863, 0.007903055848261328, 0.004741833508956797, 0.004214963119072708, 0.004741833508956797, 0.002107481559536354, 0.0, 0.0, 0.0, 0.0], [0.00015815277558121145, 0.0, 0.0, 0.0003163055511624229, 0.0003163055511624229, 0.00015815277558121145, 0.00047445832674363435, 0.0009489166534872687, 0.004744583267436343, 0.005535347145342401, 0.010121777637197533, 0.014075597026727818, 0.023722916337181717, 0.03779851336390953, 0.05962359639411672, 0.08951447097896569, 0.14028151194053456, 0.11102324845801044, 0.22773999683694449, 0.07923454056618694, 0.0510833465127313, 0.06816384627550214, 0.02403922188834414, 0.01423374980230903, 0.022615846908113236, 0.007116874901154515, 0.003953819389530286, 0.0023722916337181716, 0.0006326111023248458, 0.0, 0.0], [0.0, 0.0, 0.0, 0.0, 0.0002897291032884253, 0.00014486455164421265, 0.0015935100680863393, 0.0028972910328842532, 0.007243227582210633, 0.012892945096334927, 0.021295089091699262, 0.024337244676227728, 0.04505287556135014, 0.06489931913660728, 0.09561060408518035, 0.12530783717224395, 0.15891641315370128, 0.11169056931768796, 0.1635520788063161, 0.0628712154135883, 0.03940315804722584, 0.03737505432420687, 0.010140518615094886, 0.004056207446037955, 0.006374040272345357, 0.0018832391713747645, 0.0018832391713747645, 0.0002897291032884253, 0.0, 0.0, 0.0], [0.0, 0.0, 0.0, 0.0, 0.0, 0.013333333333333334, 0.0, 0.05333333333333334, 0.04, 0.08, 0.05333333333333334, 0.06666666666666667, 0.10666666666666667, 0.14666666666666667, 0.05333333333333334, 0.02666666666666667, 0.08, 0.05333333333333334, 0.02666666666666667, 0.09333333333333334, 0.04, 0.04, 0.013333333333333334, 0.013333333333333334, 0.0, 0.0, 0.0, 0.0, 0.0, 0.0, 0.0], [0.0, 0.0, 0.0, 0.0, 0.0, 0.0, 0.0001429592566118656, 0.0022873481057898498, 0.002144388849177984, 0.007862759113652609, 0.013438170121515368, 0.021729807005003574, 0.03888491779842745, 0.06790564689063616, 0.09721229449606862, 0.13423874195854182, 0.15997140814867764, 0.10450321658327377, 0.14581844174410294, 0.058756254467476766, 0.03716940671908506, 0.0494639027877055, 0.02087205146533238, 0.007719799857040743, 0.015868477483917082, 0.0062902072909220876, 0.004002859185132237, 0.0035739814152966403, 0.0001429592566118656, 0.0, 0.0], [0.0, 0.0, 0.0006655574043261231, 0.0019966722129783694, 0.0013311148086522463, 0.0026622296173044926, 0.004658901830282862, 0.009650582362728786, 0.02129783693843594, 0.030615640599001664, 0.045257903494176376, 0.05124792013311148, 0.07953410981697172, 0.09417637271214642, 0.1274542429284526, 0.1264559068219634, 0.1271214642262895, 0.07920133111480865, 0.07720465890183029, 0.034608985024958405, 0.018302828618968387, 0.023627287853577372, 0.007321131447587354, 0.008319467554076539, 0.011314475873544094, 0.0066555740432612314, 0.005990016638935108, 0.002329450915141431, 0.0009983361064891847, 0.0, 0.0], [0.0, 0.0, 0.0043859649122807015, 0.013157894736842105, 0.0043859649122807015, 0.008771929824561403, 0.013157894736842105, 0.05263157894736842, 0.07456140350877193, 0.11842105263157894, 0.09649122807017543, 0.10087719298245613, 0.10526315789473684, 0.09649122807017543, 0.07017543859649122, 0.06140350877192982, 0.05263157894736842, 0.02631578947368421, 0.03070175438596491, 0.03070175438596491, 0.039473684210526314, 0.0, 0.0, 0.0, 0.0, 0.0, 0.0, 0.0, 0.0, 0.0, 0.0], [0.00037764350453172205, 0.00037764350453172205, 0.0006294058408862034, 0.0007552870090634441, 0.0006294058408862034, 0.002014098690835851, 0.0022658610271903325, 0.006168177240684794, 0.013091641490433032, 0.027945619335347432, 0.04405840886203424, 0.06533232628398791, 0.08333333333333333, 0.09856495468277945, 0.12865055387713997, 0.12890231621349446, 0.11216012084592145, 0.06722054380664652, 0.0789274924471299, 0.04091137965760322, 0.029833836858006044, 0.026057401812688823, 0.013721047331319234, 0.007804632426988922, 0.012336354481369587, 0.004657603222557905, 0.003272910372608258, 0.0, 0.0, 0.0, 0.0], [0.0, 0.0, 0.0007510326699211416, 0.0, 0.001877581674802854, 0.0011265490048817123, 0.00488171235448742, 0.004130679684566279, 0.013894104393541119, 0.021404431092752536, 0.031167855801727377, 0.04130679684566279, 0.06721742395794217, 0.08261359369132558, 0.10439354111903867, 0.12429590687194893, 0.15208411565903115, 0.0912504693954187, 0.12955313556139691, 0.04581299286518964, 0.026661659782200527, 0.025535110777318813, 0.008261359369132557, 0.006759294029290274, 0.007510326699211416, 0.005257228689447991, 0.0022530980097634247, 0.0, 0.0, 0.0, 0.0], [0.0002087246921310791, 0.0, 0.0008348987685243164, 0.0006261740763932373, 0.0010436234606553956, 0.002504696305572949, 0.005009392611145898, 0.00939261114589856, 0.017324149446879565, 0.029430181590482152, 0.06115633479440618, 0.07034022124817366, 0.09747443122521394, 0.10060530160718013, 0.13817574619077436, 0.13233145481110414, 0.11312878313504487, 0.06867042371112503, 0.06762680025046963, 0.036109371738676684, 0.015654351909830933, 0.01607180129409309, 0.0064704654560634525, 0.003757044458359424, 0.0033395950740972655, 0.002504696305572949, 0.0002087246921310791, 0.0, 0.0, 0.0, 0.0], [0.0, 0.0, 0.0, 0.0, 0.00019227071716977504, 0.0009613535858488752, 0.0028840607575466256, 0.003845414343395501, 0.007690828686791002, 0.011728513747356277, 0.029994231878484906, 0.04153047490867141, 0.05883483945395116, 0.07363968467602384, 0.11420880599884638, 0.11440107671601615, 0.15285522014997116, 0.1009421265141319, 0.13689675062487983, 0.053066717938857914, 0.03095558546433378, 0.03172466833301288, 0.011728513747356277, 0.005960392232263027, 0.009613535858488752, 0.003845414343395501, 0.0021149778888675257, 0.0003845414343395501, 0.0, 0.0, 0.0], [0.0002904443799012489, 0.0, 0.0, 0.0002904443799012489, 0.00014522218995062446, 0.0007261109497531223, 0.001887888469358118, 0.002904443799012489, 0.006389776357827476, 0.01829799593377868, 0.029915771129828638, 0.036741214057507986, 0.05257043276212605, 0.07261109497531222, 0.1063026430438571, 0.13157130409526577, 0.1497240778390938, 0.10020331106593088, 0.12910252686610513, 0.05576532094103979, 0.03311065930874237, 0.03282021492884113, 0.011762997386000581, 0.007406331687481847, 0.009729886726691839, 0.0036305547487656114, 0.0030496659889631137, 0.0020331106593087424, 0.0010165553296543712, 0.0, 0.0], [0.0, 0.0, 0.0002754820936639118, 0.0, 0.0005509641873278236, 0.0002754820936639118, 0.0005509641873278236, 0.0011019283746556473, 0.003856749311294766, 0.004683195592286501, 0.014600550964187328, 0.019834710743801654, 0.04159779614325069, 0.05702479338842975, 0.08209366391184574, 0.11818181818181818, 0.16887052341597797, 0.1231404958677686, 0.1487603305785124, 0.07768595041322314, 0.048209366391184574, 0.04022038567493113, 0.018457300275482095, 0.009641873278236915, 0.011845730027548209, 0.003856749311294766, 0.0024793388429752068, 0.001652892561983471, 0.0005509641873278236, 0.0, 0.0], [0.0, 0.0, 0.0, 0.0005293806246691371, 0.0010587612493382743, 0.0021175224986765486, 0.0015881418740074113, 0.005293806246691371, 0.010058231868713605, 0.015352038115404976, 0.022763366860772894, 0.04287983059820011, 0.05399682371625199, 0.06829010058231869, 0.09581789306511382, 0.11911064055055585, 0.13446267866596082, 0.0984647961884595, 0.11328745367919534, 0.06034939121228163, 0.04076230809952356, 0.04129168872419269, 0.024351508734780307, 0.010587612493382742, 0.01641079936474325, 0.008999470619375331, 0.005823186871360508, 0.005293806246691371, 0.0010587612493382743, 0.0, 0.0], [0.00025967281225655674, 0.0, 0.0005193456245131135, 0.00025967281225655674, 0.0005193456245131135, 0.001038691249026227, 0.003116073747078681, 0.004674110620618021, 0.00804985717995326, 0.015580368735393405, 0.024149571539859777, 0.04466372370812776, 0.07244871461957933, 0.08932744741625552, 0.11633341989093741, 0.13477018956115294, 0.13580888081017917, 0.08776941054271618, 0.11113996364580628, 0.048818488704232665, 0.029862373409504026, 0.03271877434432615, 0.01194494936380161, 0.005972474681900805, 0.01038691249026227, 0.004154764996104908, 0.004154764996104908, 0.0015580368735393405, 0.0, 0.0, 0.0], [0.0, 0.0, 0.00019940179461615153, 0.00039880358923230307, 0.0005982053838484546, 0.0005982053838484546, 0.0013958125623130609, 0.003988035892323031, 0.005782652043868395, 0.01415752741774676, 0.02711864406779661, 0.034097706879361915, 0.06360917248255234, 0.07357926221335992, 0.10648055832502493, 0.13220338983050847, 0.15154536390827517, 0.09471585244267199, 0.1461615154536391, 0.04825523429710867, 0.02851445663010967, 0.030309072781655035, 0.013958125623130608, 0.00518444666001994, 0.00897308075772682, 0.0031904287138584246, 0.002193419740777667, 0.0027916251246261218, 0.0, 0.0, 0.0], [0.0, 0.0, 0.0, 0.03125, 0.0, 0.015625, 0.0, 0.0, 0.015625, 0.078125, 0.03125, 0.078125, 0.078125, 0.0625, 0.109375, 0.09375, 0.15625, 0.015625, 0.09375, 0.046875, 0.0, 0.046875, 0.03125, 0.015625, 0.0, 0.0, 0.0, 0.0, 0.0, 0.0, 0.0], [0.0001352447930754666, 0.0, 0.0, 0.0001352447930754666, 0.0001352447930754666, 0.0002704895861509332, 0.0005409791723018664, 0.0012172031376791995, 0.0032458750338111983, 0.007573708412226129, 0.014876927238301325, 0.02069245334054639, 0.03895050040573438, 0.0591019745739789, 0.10116310522044901, 0.14511766296997566, 0.1695969705166351, 0.1202326210440898, 0.12320800649175007, 0.06424127671084663, 0.04327833378414931, 0.044766026507979444, 0.017311333513659724, 0.008385177170678928, 0.009331890722207196, 0.005409791723018664, 0.0010819583446037328, 0.0, 0.0, 0.0, 0.0], [0.0, 0.0, 0.0, 0.00018244845831052726, 0.0, 0.00036489691662105453, 0.0014595876664842181, 0.0007297938332421091, 0.002554278416347382, 0.004196314541142127, 0.01076445904032111, 0.013866082831600074, 0.022988505747126436, 0.035942346287173875, 0.06312716657544244, 0.09359605911330049, 0.1350118591497902, 0.12023353402663747, 0.18828680897646416, 0.090311986863711, 0.0642218573253056, 0.07516876482393724, 0.024995438788542237, 0.0140485312899106, 0.019704433497536946, 0.00875752599890531, 0.005291005291005291, 0.0038314176245210726, 0.00036489691662105453, 0.0, 0.0], [0.00023391812865497077, 0.00011695906432748539, 0.0, 0.00023391812865497077, 0.00023391812865497077, 0.0009356725146198831, 0.0009356725146198831, 0.0025730994152046785, 0.0043274853801169594, 0.008304093567251461, 0.01672514619883041, 0.02327485380116959, 0.027953216374269004, 0.044678362573099414, 0.06725146198830409, 0.10163742690058479, 0.14432748538011697, 0.1297076023391813, 0.17345029239766083, 0.08526315789473685, 0.04935672514619883, 0.05812865497076023, 0.02374269005847953, 0.013567251461988304, 0.01567251461988304, 0.005029239766081871, 0.0023391812865497076, 0.0, 0.0, 0.0, 0.0], [0.0, 0.0, 0.0, 0.0, 0.001996007984031936, 0.0, 0.0, 0.003992015968063872, 0.00998003992015968, 0.005988023952095809, 0.015968063872255488, 0.027944111776447105, 0.05189620758483034, 0.09580838323353294, 0.10578842315369262, 0.15568862275449102, 0.1936127744510978, 0.12375249500998003, 0.1317365269461078, 0.03992015968063872, 0.02594810379241517, 0.00998003992015968, 0.0, 0.0, 0.0, 0.0, 0.0, 0.0, 0.0, 0.0, 0.0], [0.0, 0.0, 0.0, 0.0002988345452734336, 0.00019922303018228907, 0.00019922303018228907, 0.0004980575754557227, 0.0008965036358203008, 0.002390676362187469, 0.006873194541288973, 0.010658432114752465, 0.019723079988046618, 0.033569080585715706, 0.04153800179300727, 0.06683932662615798, 0.0892519175216655, 0.13696583325032374, 0.110269947205897, 0.2133678653252316, 0.08616396055384003, 0.05139954178703058, 0.07440980177308497, 0.021814921804960655, 0.007769698177109274, 0.014144835142942524, 0.005777467875286383, 0.0017930072716406016, 0.002988345452734336, 0.00019922303018228907, 0.0, 0.0], [0.00019445794846864364, 9.722897423432182e-05, 0.00019445794846864364, 0.00019445794846864364, 0.0007778317938745746, 0.000583373845405931, 0.000583373845405931, 0.0012639766650461837, 0.001750121536217793, 0.007194944093339815, 0.012736995624696159, 0.02751579970831308, 0.052989790957705396, 0.07515799708313077, 0.11589693728731162, 0.15974720466699077, 0.19426349052017503, 0.11910549343704424, 0.1273699562469616, 0.045697617890131256, 0.025182304326689352, 0.018667963052989792, 0.006125425376762275, 0.002722411278561011, 0.0020418084589207586, 0.001750121536217793, 0.00019445794846864364, 0.0, 0.0, 0.0, 0.0], [0.0, 0.00029116319697190275, 0.0, 0.00014558159848595138, 0.00029116319697190275, 0.0008734895909157083, 0.001164652787887611, 0.002329305575775222, 0.0048041927500363955, 0.008006987916727326, 0.015722812636482748, 0.027223758916872908, 0.04440238753821517, 0.05735914980346484, 0.10147037414470811, 0.15082253603144563, 0.16305139030426555, 0.10874945406900567, 0.14019507934197117, 0.06871451448536905, 0.036249818023001895, 0.03523074683360023, 0.016159557431940603, 0.008298151113699229, 0.005823263939438055, 0.002038142378803319, 0.0005823263939438055, 0.0, 0.0, 0.0, 0.0], [0.0, 0.0, 0.0, 0.0, 0.0003311806590495115, 0.0, 0.0008279516476237788, 0.0008279516476237788, 0.0024838549428713363, 0.004470938897168405, 0.012088094055307171, 0.018049345918198376, 0.03195893359827786, 0.055307170061268424, 0.09819506540818017, 0.12551746977976486, 0.15515813876469614, 0.09670475244245737, 0.1732074846828945, 0.0647458188441795, 0.04338466633548601, 0.04918032786885246, 0.02301705580394105, 0.012916045702930949, 0.015896671634376552, 0.007120384169564497, 0.005630071203841696, 0.0024838549428713363, 0.0004967709885742673, 0.0, 0.0], [0.0004764173415912339, 0.0009528346831824678, 0.0004764173415912339, 0.0004764173415912339, 0.0019056693663649356, 0.004287756074321105, 0.004764173415912339, 0.007622677465459742, 0.02048594568842306, 0.033825631252977606, 0.04811815150071463, 0.06717484516436398, 0.07479752262982373, 0.09337779895188185, 0.13196760362077178, 0.11576941400666985, 0.11005240590757503, 0.07527393997141496, 0.10624106717484516, 0.03239637922820391, 0.02096236303001429, 0.0252501191043354, 0.00857551214864221, 0.005240590757503573, 0.007146260123868509, 0.0019056693663649356, 0.0004764173415912339, 0.0, 0.0, 0.0, 0.0], [0.0, 0.0, 0.0, 0.0024813895781637717, 0.0016542597187758478, 0.0024813895781637717, 0.0041356492969396195, 0.010752688172043012, 0.01488833746898263, 0.017369727047146403, 0.02977667493796526, 0.043010752688172046, 0.05459057071960298, 0.05624483043837883, 0.10504549214226634, 0.12655086848635236, 0.1381306865177833, 0.1141439205955335, 0.1381306865177833, 0.04880066170388751, 0.02729528535980149, 0.023986765922249794, 0.017369727047146403, 0.009098428453267164, 0.006617038875103391, 0.0033085194375516956, 0.0024813895781637717, 0.0016542597187758478, 0.0, 0.0, 0.0], [0.0003360215053763441, 0.0, 0.0, 0.0, 0.0006720430107526882, 0.0010080645161290322, 0.003360215053763441, 0.006216397849462365, 0.009072580645161291, 0.018145161290322582, 0.035114247311827954, 0.05258736559139785, 0.07560483870967742, 0.10265456989247312, 0.13743279569892472, 0.13978494623655913, 0.1352486559139785, 0.08366935483870967, 0.09475806451612903, 0.03276209677419355, 0.02301747311827957, 0.024361559139784945, 0.008568548387096774, 0.006720430107526882, 0.0058803763440860215, 0.0016801075268817205, 0.0006720430107526882, 0.0006720430107526882, 0.0, 0.0, 0.0], [0.0, 0.0, 0.0, 0.0005927682276229994, 0.0002963841138114997, 0.0005927682276229994, 0.0023710729104919974, 0.0026674570243034974, 0.005038529934795495, 0.011262596324836989, 0.01896858328393598, 0.026970954356846474, 0.04119739181979846, 0.05749851807943094, 0.09247184350918791, 0.11707172495554238, 0.13604030823947835, 0.10580912863070539, 0.13900414937759337, 0.06876111440426794, 0.04742145820983995, 0.04564315352697095, 0.023710729104919975, 0.012151748666271488, 0.021636040308239478, 0.011558980438648489, 0.006520450503852994, 0.0026674570243034974, 0.002074688796680498, 0.0, 0.0], [0.0, 0.0, 0.0, 0.0, 0.0002376425855513308, 0.0, 0.001188212927756654, 0.0014258555133079848, 0.004039923954372623, 0.012595057034220532, 0.01806083650190114, 0.028754752851711026, 0.05156844106463878, 0.07271863117870722, 0.1088403041825095, 0.13236692015209126, 0.15565589353612166, 0.09695817490494296, 0.14472433460076045, 0.05917300380228137, 0.03517110266159696, 0.03826045627376426, 0.015922053231939164, 0.00594106463878327, 0.005228136882129277, 0.006178707224334601, 0.004039923954372623, 0.0009505703422053232, 0.0, 0.0, 0.0], [0.0002935995302407516, 0.0001467997651203758, 0.0001467997651203758, 0.0001467997651203758, 0.00044039929536112744, 0.0013211978860833823, 0.0016147974163241339, 0.0032295948326482677, 0.005871990604815032, 0.010129183793305931, 0.026130358191426895, 0.038314738696418084, 0.0673810921902525, 0.08984145625366999, 0.13197298884321784, 0.14782736347621844, 0.15091015854374634, 0.10349383440986494, 0.10246623605402232, 0.04932472108044627, 0.02627715795654727, 0.021873165002935995, 0.010716382853787433, 0.0036699941280093954, 0.004110393423370522, 0.002055196711685261, 0.0002935995302407516, 0.0, 0.0, 0.0, 0.0], [0.0, 0.0, 0.0, 0.0005343307507347048, 0.0005343307507347048, 0.0010686615014694097, 0.0016029922522041143, 0.0032059845044082286, 0.005076142131979695, 0.008282126636387924, 0.018701576275714667, 0.03125834891798023, 0.053433075073470476, 0.07453913972749132, 0.11140796152818595, 0.14266631044616618, 0.15575741383916644, 0.11194229227892065, 0.11434678065722682, 0.05583756345177665, 0.039540475554368154, 0.029655356665776116, 0.014159764894469677, 0.007747795885653219, 0.010686615014694095, 0.004274646005877639, 0.003473149879775581, 0.0002671653753673524, 0.0, 0.0, 0.0], [0.0, 0.0, 0.0, 0.0, 0.0, 0.000854457419538593, 0.0011392765593847907, 0.0028481913984619764, 0.005126744517231558, 0.005981201936770151, 0.013101680432925093, 0.02193107376815722, 0.033608658501851324, 0.048134434634007406, 0.08971802905155227, 0.11392765593847906, 0.14668185702079178, 0.10737681572201652, 0.16434064369125606, 0.07519225291939619, 0.044716604955853036, 0.05981201936770151, 0.02193107376815722, 0.015380233551694674, 0.016804329250925662, 0.007974935915693534, 0.002563372258615779, 0.000854457419538593, 0.0, 0.0, 0.0], [0.0, 0.0, 0.0003244646333549643, 0.0, 0.00016223231667748214, 0.0004866969500324465, 0.0006489292667099286, 0.002109020116807268, 0.0029201817001946787, 0.006651524983776768, 0.01427644386761843, 0.02936404931862427, 0.05191434133679429, 0.08630759247242051, 0.12426995457495132, 0.12443218689162881, 0.14536015574302402, 0.09571706683971447, 0.1327060350421804, 0.05386112913692408, 0.0345554834523037, 0.036340038935756006, 0.02255029201817002, 0.007787151200519144, 0.014763140817650877, 0.005191434133679429, 0.004542504866969501, 0.0022712524334847503, 0.0004866969500324465, 0.0, 0.0], [0.0, 0.0, 0.00010385294423096895, 0.0, 0.00010385294423096895, 0.0002077058884619379, 0.0004154117769238758, 0.0013500882750025964, 0.002388617717312286, 0.006335029598089106, 0.013189323917333056, 0.024197736005815765, 0.042060442413542426, 0.0622079135943504, 0.09035206148094299, 0.11278429743483227, 0.14892512202720948, 0.11226503271367744, 0.1802887111849621, 0.06771211963859175, 0.040814207082770795, 0.05203032505971544, 0.015993353411569218, 0.008100529650015578, 0.011112265032713677, 0.0031155883269290683, 0.002077058884619379, 0.0017655000519264722, 0.00010385294423096895, 0.0, 0.0], [0.0, 0.0, 0.0, 0.0, 0.0, 0.00012756729174639623, 0.0006378364587319811, 0.0005102691669855849, 0.0025513458349279245, 0.0059956627120806225, 0.008419441255262151, 0.021814006888633754, 0.03571884168899094, 0.06187013649700217, 0.10154356423013139, 0.1452991452991453, 0.18012501594591146, 0.11927541778288046, 0.17438448781732363, 0.05676744482714632, 0.029468044393417527, 0.03546370710549815, 0.009695114172726112, 0.0026789131266743206, 0.003316749585406302, 0.002423778543181528, 0.0019135093761959434, 0.0, 0.0, 0.0, 0.0], [0.0, 0.005076142131979695, 0.0, 0.005076142131979695, 0.005076142131979695, 0.02030456852791878, 0.03553299492385787, 0.025380710659898477, 0.07614213197969544, 0.050761421319796954, 0.04568527918781726, 0.07106598984771574, 0.09137055837563451, 0.1116751269035533, 0.08121827411167512, 0.1116751269035533, 0.07614213197969544, 0.05583756345177665, 0.050761421319796954, 0.025380710659898477, 0.01015228426395939, 0.025380710659898477, 0.01015228426395939, 0.01015228426395939, 0.0, 0.0, 0.0, 0.0, 0.0, 0.0, 0.0]]}, "ranks": {"labels": ["Unranked", "Combatatent I", "Combatatent II", "Challenger I", "Challenger II", "Rival I", "Rival II", "Duelist", "Elite"], "data": [[0.13777777777777778, 0.17333333333333334, 0.19111111111111112, 0.22666666666666666, 0.11555555555555555, 0.09333333333333334, 0.022222222222222223, 0.04, 0.0], [0.05584826132771338, 0.09009483667017913, 0.15331928345626974, 0.2581664910432034, 0.23340358271865122, 0.1332982086406744, 0.038461538461538464, 0.026343519494204427, 0.011064278187565859], [0.012652222046496917, 0.024197374663925353, 0.06152142970109126, 0.1491380673730824, 0.251304760398545, 0.27170646844852125, 0.08635141546734146, 0.10643681796615531, 0.036691443934841056], [0.02506156743444879, 0.04563233376792699, 0.1099521946979574, 0.2209184412574243, 0.27060698247138926, 0.196870925684485, 0.06895552658264523, 0.05157178038533971, 0.010430247718383311], [0.18666666666666668, 0.12, 0.25333333333333335, 0.08, 0.13333333333333333, 0.09333333333333334, 0.06666666666666667, 0.06666666666666667, 0.0], [0.012437455325232308, 0.035167977126518944, 0.10679056468906362, 0.23145103645461043, 0.2644746247319514, 0.1766976411722659, 0.06504646175839886, 0.07805575411007863, 0.029878484631879913], [0.07287853577371048, 0.09650582362728785, 0.17371048252911814, 0.253910149750416, 0.20632279534109818, 0.09650582362728785, 0.03361064891846922, 0.03926788685524126, 0.027287853577371048], [0.2894736842105263, 0.19736842105263158, 0.20175438596491227, 0.13157894736842105, 0.07894736842105263, 0.043859649122807015, 0.05701754385964912, 0.0, 0.0], [0.05425478348439074, 0.10939073514602216, 0.1818982880161128, 0.25755287009063443, 0.17938066465256797, 0.10322255790533737, 0.046450151057401814, 0.04758308157099698, 0.02026686807653575], [0.04806609087495306, 0.07247465264739016, 0.14983101764926773, 0.22868944799098762, 0.24333458505444988, 0.15546376267367631, 0.04656402553511078, 0.040555764175741645, 0.015020653398422831], [0.06637445209768315, 0.13149655604257984, 0.19807973283239408, 0.27050720100187853, 0.1817992068461699, 0.08662074723439783, 0.03276977666457942, 0.026299311208515967, 0.006053016071801294], [0.027302441838108055, 0.07152470678715632, 0.132474524129975, 0.22860988271486252, 0.25379734666410303, 0.16304556815996923, 0.05787348586810229, 0.049413574312632186, 0.015958469525091327], [0.03093232645948301, 0.06665698518733662, 0.1251815277374383, 0.23787394713912285, 0.2499273889050247, 0.15814696485623003, 0.059831542259657276, 0.05198954400232356, 0.019459773453383677], [0.011294765840220386, 0.03443526170798898, 0.09862258953168045, 0.20027548209366391, 0.29201101928374656, 0.19421487603305784, 0.08044077134986226, 0.06831955922865014, 0.020385674931129475], [0.035997882477501325, 0.065643197458973, 0.12228692429857067, 0.21492853361566966, 0.23292747485442034, 0.14610905240868186, 0.06829010058231869, 0.07623080995235575, 0.037586024351508734], [0.03401713840560893, 0.06881329524798753, 0.16177616203583484, 0.25110360945209037, 0.22357829135289536, 0.13762659049597506, 0.0521942352635679, 0.050636198390028565, 0.020254479356011424], [0.02711864406779661, 0.06121635094715852, 0.13718843469591227, 0.2386839481555334, 0.24626121635094717, 0.17387836490528416, 0.04905284147557328, 0.04945164506480558, 0.017148554336989034], [0.140625, 0.109375, 0.140625, 0.203125, 0.171875, 0.109375, 0.03125, 0.09375, 0.0], [0.013253989721395727, 0.03556938057884772, 0.09805247497971328, 0.24628076819042466, 0.2898295915607249, 0.1594536110359751, 0.0712740059507709, 0.0704625371923181, 0.01582364078982959], [0.009487319832147418, 0.024630541871921183, 0.05893085203430031, 0.15672322568874292, 0.25524539317642764, 0.23499361430395913, 0.10782703886152162, 0.11421273490239008, 0.03794927932858967], [0.017894736842105262, 0.04, 0.07263157894736842, 0.1688888888888889, 0.27403508771929824, 0.2184795321637427, 0.0895906432748538, 0.09543859649122807, 0.02304093567251462], [0.021956087824351298, 0.043912175648702596, 0.14770459081836326, 0.26147704590818366, 0.31736526946107785, 0.1596806387225549, 0.03792415169660679, 0.00998003992015968, 0.0], [0.011355712720390477, 0.030381512102799085, 0.07510708237872298, 0.1560912441478235, 0.24723578045622074, 0.25829265863133777, 0.09263870903476441, 0.1039944217551549, 0.024902878772786134], [0.012834224598930482, 0.04025279533300924, 0.12814778804083618, 0.27564414195430237, 0.31336898395721924, 0.1532328633932912, 0.04501701507049101, 0.02751579970831308, 0.003986387943607195], [0.01790653661377202, 0.042946571553355656, 0.10176153734168002, 0.25229291017615374, 0.27180084437327123, 0.17877420294074828, 0.06638520890959383, 0.059688455379240064, 0.00844373271218518], [0.00894187779433681, 0.03013743997350555, 0.08726610365954628, 0.223712535187945, 0.2518628912071535, 0.20748468289451896, 0.07385328696804107, 0.08511342937572446, 0.03162775293922835], [0.07527393997141496, 0.11529299666507861, 0.16817532158170556, 0.24773701762744163, 0.18532634587899, 0.12196283944735588, 0.03763696998570748, 0.03906622201048118, 0.009528346831824679], [0.053763440860215055, 0.07278742762613731, 0.11083540115798181, 0.23159636062861869, 0.2522746071133168, 0.16459884201819686, 0.04962779156327544, 0.050454921422663356, 0.014061207609594707], [0.03881048387096774, 0.08770161290322581, 0.17825940860215053, 0.2772177419354839, 0.21891801075268819, 0.11391129032258064, 0.03662634408602151, 0.0396505376344086, 0.008904569892473119], [0.022821576763485476, 0.04593953764078246, 0.0986959098992294, 0.2095435684647303, 0.24184943687018376, 0.17190278601066983, 0.08328393598103141, 0.08150563129816242, 0.04445761707172496], [0.019486692015209126, 0.046815589353612165, 0.12428707224334601, 0.24120722433460076, 0.25261406844106465, 0.17751901140684412, 0.061549429657794676, 0.06012357414448669, 0.016397338403041826], [0.023341162654139755, 0.06444509688784499, 0.1572225484439225, 0.2798003523194363, 0.25440399295361127, 0.12933059307105108, 0.04873752201996477, 0.03625954198473282, 0.0064591896652965355], [0.02030456852791878, 0.049959925193694896, 0.1279722148009618, 0.2540742719743521, 0.2676997061180871, 0.14400213732300293, 0.06572268234036868, 0.05156291744589901, 0.018701576275714667], [0.015949871831387068, 0.03503275420108231, 0.08174309313585873, 0.20364568499003133, 0.2540586727428083, 0.2062090572486471, 0.07804044431785816, 0.0971233266875534, 0.02819709484477357], [0.013303049967553536, 0.0436404931862427, 0.1382219338092148, 0.24870214146658015, 0.24107722258273848, 0.16320571057754704, 0.05791693705386113, 0.06667748215444516, 0.027255029201817], [0.01090455914425174, 0.03738705992314882, 0.10426835600789282, 0.20313635891577525, 0.2611901547408869, 0.21715650638695608, 0.07165853151936857, 0.07612420812130023, 0.018174265240419565], [0.009822681464472509, 0.030233448143895905, 0.09758897818599312, 0.2468427095292767, 0.29940043372879194, 0.20704171450440106, 0.053578262533486416, 0.04783773440489859, 0.007654037504783774], [0.2233502538071066, 0.116751269035533, 0.20304568527918782, 0.19289340101522842, 0.1319796954314721, 0.06091370558375635, 0.025380710659898477, 0.04568527918781726, 0.0]]}, "ranksDetailed": {"labels": ["Unranked", "Combatatant", "Challenger", "Rival", "Duelist", "Elite"], "data": [[0.13777777777777778, 0.36444444444444446, 0.3422222222222222, 0.11555555555555555, 0.04, 0.0], [0.05584826132771338, 0.2434141201264489, 0.4915700737618546, 0.17175974710221287, 0.026343519494204427, 0.011064278187565859], [0.012652222046496917, 0.08571880436501661, 0.4004428277716274, 0.35805788391586274, 0.10643681796615531, 0.036691443934841056], [0.02506156743444879, 0.1555845284658844, 0.4915254237288136, 0.26582645226713025, 0.05157178038533971, 0.010430247718383311], [0.18666666666666668, 0.37333333333333335, 0.21333333333333335, 0.16, 0.06666666666666667, 0.0], [0.012437455325232308, 0.14195854181558257, 0.49592566118656184, 0.24174410293066476, 0.07805575411007863, 0.029878484631879913], [0.07287853577371048, 0.270216306156406, 0.46023294509151413, 0.13011647254575706, 0.03926788685524126, 0.027287853577371048], [0.2894736842105263, 0.3991228070175439, 0.21052631578947367, 0.10087719298245613, 0.0, 0.0], [0.05425478348439074, 0.29128902316213495, 0.4369335347432024, 0.14967270896273918, 0.04758308157099698, 0.02026686807653575], [0.04806609087495306, 0.2223056702966579, 0.4720240330454375, 0.20202778820878708, 0.040555764175741645, 0.015020653398422831], [0.06637445209768315, 0.3295762888749739, 0.45230640784804843, 0.11939052389897725, 0.026299311208515967, 0.006053016071801294], [0.027302441838108055, 0.20399923091713132, 0.4824072293789656, 0.22091905402807152, 0.049413574312632186, 0.015958469525091327], [0.03093232645948301, 0.1918385129247749, 0.48780133604414755, 0.21797850711588732, 0.05198954400232356, 0.019459773453383677], [0.011294765840220386, 0.13305785123966943, 0.4922865013774105, 0.2746556473829201, 0.06831955922865014, 0.020385674931129475], [0.035997882477501325, 0.18793012175754367, 0.44785600847009, 0.21439915299100054, 0.07623080995235575, 0.037586024351508734], [0.03401713840560893, 0.23058945728382238, 0.47468190080498573, 0.18982082575954298, 0.050636198390028565, 0.020254479356011424], [0.02711864406779661, 0.1984047856430708, 0.48494516450648056, 0.22293120638085742, 0.04945164506480558, 0.017148554336989034], [0.140625, 0.25, 0.375, 0.140625, 0.09375, 0.0], [0.013253989721395727, 0.133621855558561, 0.5361103597511496, 0.23072761698674601, 0.0704625371923181, 0.01582364078982959], [0.009487319832147418, 0.0835613939062215, 0.4119686188651706, 0.34282065316548077, 0.11421273490239008, 0.03794927932858967], [0.017894736842105262, 0.11263157894736842, 0.4429239766081871, 0.3080701754385965, 0.09543859649122807, 0.02304093567251462], [0.021956087824351298, 0.19161676646706588, 0.5788423153692615, 0.19760479041916168, 0.00998003992015968, 0.0], [0.011355712720390477, 0.10548859448152206, 0.40332702460404424, 0.3509313676661022, 0.1039944217551549, 0.024902878772786134], [0.012834224598930482, 0.16840058337384542, 0.5890131259115217, 0.1982498784637822, 0.02751579970831308, 0.003986387943607195], [0.01790653661377202, 0.14470810889503566, 0.524093754549425, 0.24515941185034212, 0.059688455379240064, 0.00844373271218518], [0.00894187779433681, 0.11740354363305183, 0.47557542639509853, 0.28133796986256004, 0.08511342937572446, 0.03162775293922835], [0.07527393997141496, 0.2834683182467842, 0.43306336350643165, 0.15959980943306337, 0.03906622201048118, 0.009528346831824679], [0.053763440860215055, 0.18362282878411912, 0.4838709677419355, 0.2142266335814723, 0.050454921422663356, 0.014061207609594707], [0.03881048387096774, 0.26596102150537637, 0.49613575268817206, 0.15053763440860216, 0.0396505376344086, 0.008904569892473119], [0.022821576763485476, 0.14463544754001187, 0.45139300533491405, 0.2551867219917012, 0.08150563129816242, 0.04445761707172496], [0.019486692015209126, 0.17110266159695817, 0.4938212927756654, 0.2390684410646388, 0.06012357414448669, 0.016397338403041826], [0.023341162654139755, 0.22166764533176747, 0.5342043452730476, 0.17806811509101586, 0.03625954198473282, 0.0064591896652965355], [0.02030456852791878, 0.17793213999465668, 0.5217739780924392, 0.20972481966337161, 0.05156291744589901, 0.018701576275714667], [0.015949871831387068, 0.11677584733694105, 0.45770435773283963, 0.28424950156650525, 0.0971233266875534, 0.02819709484477357], [0.013303049967553536, 0.1818624269954575, 0.4897793640493186, 0.22112264763140818, 0.06667748215444516, 0.027255029201817], [0.01090455914425174, 0.14165541593104164, 0.46432651365666217, 0.2888150379063246, 0.07612420812130023, 0.018174265240419565], [0.009822681464472509, 0.12782242632988902, 0.5462431432580687, 0.2606199770378875, 0.04783773440489859, 0.007654037504783774], [0.2233502538071066, 0.3197969543147208, 0.3248730964467005, 0.08629441624365482, 0.04568527918781726, 0.0]]}}}, "eu": {"histType": {"histogram": {"labels": ["0", "100", "200", "300", "400", "500", "600", "700", "800", "900", "1000", "1100", "1200", "1300", "1400", "1500", "1600", "1700", "1800", "1900", "2000", "2100", "2200", "2300", "2400", "2500", "2600", "2700", "2800", "2900", "3000"], "data": [[0.0, 0.0, 0.0, 0.0, 0.0, 0.01098901098901099, 0.01098901098901099, 0.02197802197802198, 0.04945054945054945, 0.06043956043956044, 0.07692307692307693, 0.054945054945054944, 0.07142857142857142, 0.10989010989010989, 0.14285714285714285, 0.09340659340659341, 0.0989010989010989, 0.08241758241758242, 0.038461538461538464, 0.02197802197802198, 0.01098901098901099, 0.027472527472527472, 0.01098901098901099, 0.0, 0.005494505494505495, 0.0, 0.0, 0.0, 0.0, 0.0, 0.0], [0.0, 0.0, 0.0005589714924538849, 0.0011179429849077697, 0.0011179429849077697, 0.003353828954723309, 0.005030743432084964, 0.008384572386808273, 0.021240916713247623, 0.02850754611514813, 0.03856903297931805, 0.05589714924538849, 0.07490217998882057, 0.09055338177752935, 0.13024035774175516, 0.12297372833985466, 0.14812744550027948, 0.07657909446618222, 0.11179429849077697, 0.03018446059250978, 0.014533258803801007, 0.017887087758524316, 0.005589714924538848, 0.003353828954723309, 0.005030743432084964, 0.003353828954723309, 0.0011179429849077697, 0.0, 0.0, 0.0, 0.0], [0.0, 0.00016792611251049538, 0.0, 0.00016792611251049538, 0.00016792611251049538, 0.00016792611251049538, 0.00033585222502099076, 0.0018471872376154492, 0.003526448362720403, 0.004701931150293871, 0.012258606213266163, 0.017296389588581023, 0.026700251889168764, 0.034760705289672546, 0.061628883291351806, 0.08329135180520571, 0.14458438287153652, 0.11049538203190597, 0.21561712846347608, 0.08094038623005878, 0.05927791771620487, 0.06700251889168765, 0.026364399664147775, 0.01343408900083963, 0.01998320738874895, 0.008060453400503778, 0.0033585222502099076, 0.003526448362720403, 0.00033585222502099076, 0.0, 0.0], [0.0, 0.0, 0.0, 0.0001375515818431912, 0.0001375515818431912, 0.0002751031636863824, 0.0009628610729023383, 0.003026134800550206, 0.0049518569463548835, 0.009903713892709767, 0.020220082530949104, 0.029986244841815682, 0.04071526822558459, 0.05474552957359009, 0.09353507565337002, 0.12420907840440165, 0.1671251719394773, 0.11760660247592847, 0.1607977991746905, 0.06918844566712518, 0.03782668500687758, 0.03686382393397524, 0.011966987620357633, 0.0049518569463548835, 0.0068775790921595595, 0.0017881705639614855, 0.0005502063273727648, 0.001375515818431912, 0.0002751031636863824, 0.0, 0.0], [0.0, 0.0, 0.0, 0.0, 0.0, 0.025974025974025976, 0.025974025974025976, 0.06493506493506493, 0.06493506493506493, 0.03896103896103896, 0.07792207792207792, 0.07792207792207792, 0.03896103896103896, 0.03896103896103896, 0.09090909090909091, 0.07792207792207792, 0.07792207792207792, 0.09090909090909091, 0.03896103896103896, 0.09090909090909091, 0.025974025974025976, 0.03896103896103896, 0.0, 0.0, 0.012987012987012988, 0.0, 0.0, 0.0, 0.0, 0.0, 0.0], [0.0, 0.00014421690222094028, 0.00014421690222094028, 0.00028843380444188056, 0.0004326507066628209, 0.00014421690222094028, 0.00028843380444188056, 0.002163253533314104, 0.0030285549466397463, 0.006778194404384194, 0.013989039515431208, 0.021055667724257283, 0.037496394577444477, 0.06186905105278338, 0.09763484280357658, 0.11854629362561292, 0.15128353042976636, 0.1070089414479377, 0.14969714450533603, 0.07225266801269109, 0.038650129795212, 0.05595615806172483, 0.022353619844245744, 0.008941447937698297, 0.015286991635419672, 0.007355062013267955, 0.0031727718488606866, 0.0030285549466397463, 0.001009518315546582, 0.0, 0.0], [0.00030553009471432935, 0.00030553009471432935, 0.00030553009471432935, 0.0015276504735716467, 0.003360831041857623, 0.002444240757714635, 0.00488848151542927, 0.010388023220287198, 0.021387106630003056, 0.02933088909257562, 0.04552398411243507, 0.061106018942865874, 0.08188206538344027, 0.09104796822487014, 0.10388023220287199, 0.12862816987473266, 0.11671249618087381, 0.07638252367858234, 0.07791017415215398, 0.04338527344943477, 0.021998166819431713, 0.025358997861289336, 0.012526733883287504, 0.008554842652001222, 0.010388023220287198, 0.007027192178429576, 0.006110601894286587, 0.006416131989000917, 0.0009165902841429881, 0.0, 0.0], [0.0, 0.0, 0.0, 0.0, 0.0, 0.012578616352201259, 0.006289308176100629, 0.05660377358490566, 0.031446540880503145, 0.06918238993710692, 0.07547169811320754, 0.10062893081761007, 0.08176100628930817, 0.05660377358490566, 0.12578616352201258, 0.13836477987421383, 0.0880503144654088, 0.06289308176100629, 0.031446540880503145, 0.050314465408805034, 0.012578616352201259, 0.0, 0.0, 0.0, 0.0, 0.0, 0.0, 0.0, 0.0, 0.0, 0.0], [0.00037893141341417203, 0.00012631047113805733, 0.0005052418845522293, 0.0005052418845522293, 0.0006315523556902868, 0.0016420361247947454, 0.003284072249589491, 0.007578628268283441, 0.016041429834533282, 0.027914614121510674, 0.04572439055197676, 0.06441834028040924, 0.09283819628647215, 0.09991158267020336, 0.11570039156246052, 0.12037387899456865, 0.11140583554376658, 0.06909182771251737, 0.0790703549324239, 0.043829733484905896, 0.02854616647720096, 0.024883162814197297, 0.015030946065428824, 0.0085891120373879, 0.01237842617152962, 0.005557660730074523, 0.0035366931918656055, 0.0005052418845522293, 0.0, 0.0, 0.0], [0.0, 0.0, 0.0004885197850512946, 0.0, 0.0014655593551538837, 0.0014655593551538837, 0.0004885197850512946, 0.008304836345872008, 0.01074743527112848, 0.016609672691744015, 0.04250122129946263, 0.04152418172936004, 0.06595017098192477, 0.08695652173913043, 0.10356619443087445, 0.11040547142159257, 0.15144113336590131, 0.08793356130923302, 0.12994626282364435, 0.0361504640937958, 0.04250122129946263, 0.02979970688812897, 0.012701514411333659, 0.007816316560820713, 0.006839276990718124, 0.003419638495359062, 0.0009770395701025891, 0.0, 0.0, 0.0, 0.0], [0.00025201612903225806, 0.0005040322580645161, 0.0007560483870967742, 0.0010080645161290322, 0.0025201612903225806, 0.002772177419354839, 0.005040322580645161, 0.010836693548387098, 0.018649193548387098, 0.03755040322580645, 0.05493951612903226, 0.07585685483870967, 0.0950100806451613, 0.10408266129032258, 0.13911290322580644, 0.13256048387096775, 0.10307459677419355, 0.06224798387096774, 0.06577620967741936, 0.03326612903225806, 0.018901209677419355, 0.016129032258064516, 0.005040322580645161, 0.006048387096774193, 0.004284274193548387, 0.0025201612903225806, 0.0012600806451612903, 0.0, 0.0, 0.0, 0.0], [0.0, 0.0, 0.0, 0.0002058460271716756, 0.0006175380815150268, 0.0008233841086867024, 0.0016467682173734047, 0.004528612597776863, 0.00885137916838205, 0.015850144092