{"region": {"us": {"histType": {"histogram": {"labels": ["0", "100", "200", "300", "400", "500", "600", "700", "800", "900", "1000", "1100", "1200", "1300", "1400", "1500", "1600", "1700", "1800", "1900", "2000", "2100", "2200", "2300", "2400", "2500", "2600", "2700", "2800", "2900", "3000"], "data": [[0.0, 0.0, 0.00411522633744856, 0.00411522633744856, 0.0, 0.012345679012345678, 0.01646090534979424, 0.01646090534979424, 0.04526748971193416, 0.0411522633744856, 0.06584362139917696, 0.09465020576131687, 0.09053497942386832, 0.102880658436214, 0.11934156378600823, 0.102880658436214, 0.06995884773662552, 0.053497942386831275, 0.05761316872427984, 0.04938271604938271, 0.00823045267489712, 0.02880658436213992, 0.01646090534979424, 0.0, 0.0, 0.0, 0.0, 0.0, 0.0, 0.0, 0.0], [0.0, 0.0009950248756218905, 0.0, 0.0004975124378109452, 0.0009950248756218905, 0.0009950248756218905, 0.005472636815920398, 0.012935323383084577, 0.010945273631840797, 0.020895522388059702, 0.04079601990049751, 0.050746268656716415, 0.07213930348258707, 0.07761194029850746, 0.11194029850746269, 0.12935323383084577, 0.15572139303482588, 0.08159203980099503, 0.12388059701492538, 0.04129353233830846, 0.020398009950248756, 0.016417910447761194, 0.007960199004975124, 0.005472636815920398, 0.003482587064676617, 0.004477611940298508, 0.0029850746268656717, 0.0, 0.0, 0.0, 0.0], [0.00015169902912621358, 0.0, 0.0, 0.00030339805825242716, 0.00030339805825242716, 0.00030339805825242716, 0.00030339805825242716, 0.000758495145631068, 0.003944174757281553, 0.0051577669902912624, 0.009557038834951456, 0.013804611650485438, 0.023361650485436893, 0.036256067961165046, 0.05506674757281554, 0.08388956310679611, 0.1404733009708738, 0.10907160194174757, 0.23786407766990292, 0.07873179611650485, 0.05157766990291262, 0.07175364077669903, 0.023361650485436893, 0.016383495145631068, 0.022906553398058253, 0.006826456310679611, 0.004399271844660194, 0.0027305825242718447, 0.000758495145631068, 0.0, 0.0], [0.0, 0.0, 0.0, 0.0, 0.00027968116347364006, 0.00027968116347364006, 0.0016780869808418403, 0.0027968116347364003, 0.006992029086841001, 0.012305971192840163, 0.020416724933575724, 0.023213536568312123, 0.04265137742973011, 0.06055097189204307, 0.0900573346385121, 0.12250034960145434, 0.1598377849251853, 0.1117326248077192, 0.16738917633897357, 0.06768284156062089, 0.041812333939309186, 0.04069360928541463, 0.011187246538945601, 0.004614739197315061, 0.006852188505104181, 0.0022374493077891204, 0.0016780869808418403, 0.0005593623269472801, 0.0, 0.0, 0.0], [0.0, 0.0, 0.0, 0.0, 0.0, 0.011235955056179775, 0.0, 0.0449438202247191, 0.033707865168539325, 0.06741573033707865, 0.056179775280898875, 0.06741573033707865, 0.0898876404494382, 0.1348314606741573, 0.06741573033707865, 0.056179775280898875, 0.07865168539325842, 0.056179775280898875, 0.056179775280898875, 0.0898876404494382, 0.033707865168539325, 0.0449438202247191, 0.0, 0.011235955056179775, 0.0, 0.0, 0.0, 0.0, 0.0, 0.0, 0.0], [0.0, 0.0, 0.0, 0.0, 0.0, 0.0001397624039133473, 0.0001397624039133473, 0.0019566736547868622, 0.0019566736547868622, 0.007547169811320755, 0.012718378756114606, 0.02180293501048218, 0.0363382250174703, 0.06554856743535989, 0.0957372466806429, 0.1323549965059399, 0.15946890286512927, 0.106638714185884, 0.14619147449336128, 0.06261355695317959, 0.03731656184486373, 0.05185185185185185, 0.02026554856743536, 0.009084556254367574, 0.015932914046121592, 0.00573025856044724, 0.004751921733053809, 0.0034940600978336828, 0.0004192872117400419, 0.0, 0.0], [0.0, 0.0, 0.00031645569620253165, 0.0015822784810126582, 0.0012658227848101266, 0.002848101265822785, 0.005063291139240506, 0.009177215189873418, 0.020253164556962026, 0.028481012658227847, 0.043037974683544304, 0.04968354430379747, 0.07310126582278481, 0.09462025316455697, 0.12626582278481013, 0.1240506329113924, 0.12626582278481013, 0.08449367088607596, 0.08417721518987342, 0.035443037974683546, 0.022468354430379745, 0.023734177215189875, 0.007911392405063292, 0.007278481012658228, 0.012025316455696202, 0.00569620253164557, 0.006962025316455696, 0.002531645569620253, 0.0012658227848101266, 0.0, 0.0], [0.0, 0.0, 0.0040650406504065045, 0.012195121951219513, 0.0040650406504065045, 0.012195121951219513, 0.016260162601626018, 0.056910569105691054, 0.07317073170731707, 0.10975609756097561, 0.09349593495934959, 0.1016260162601626, 0.11382113821138211, 0.08536585365853659, 0.06910569105691057, 0.06097560975609756, 0.056910569105691054, 0.032520325203252036, 0.02032520325203252, 0.028455284552845527, 0.044715447154471545, 0.0040650406504065045, 0.0, 0.0, 0.0, 0.0, 0.0, 0.0, 0.0, 0.0, 0.0], [0.0003576964349588649, 0.0003576964349588649, 0.0005961607249314415, 0.0007153928699177298, 0.0007153928699177298, 0.0019077143197806128, 0.002026946464766901, 0.005842375104328127, 0.012280910933587696, 0.02599260760701085, 0.041731250745200905, 0.060093001073089305, 0.07940860856086801, 0.09121259091451055, 0.11863598426135687, 0.1313938237748897, 0.1172051985215214, 0.07118159055681411, 0.08584714439012758, 0.043877429354954096, 0.031000357696434958, 0.030046500536544653, 0.015619410993203768, 0.009419339453916776, 0.013473232383450578, 0.0044115893644926674, 0.0045308215094789555, 0.0001192321449862883, 0.0, 0.0, 0.0], [0.0, 0.0, 0.0, 0.0005420054200542005, 0.0, 0.0005420054200542005, 0.0005420054200542005, 0.0005420054200542005, 0.001084010840108401, 0.004878048780487805, 0.007588075880758808, 0.011382113821138212, 0.01084010840108401, 0.024932249322493227, 0.05094850948509485, 0.07479674796747968, 0.0948509485094851, 0.09647696476964769, 0.17452574525745257, 0.08617886178861789, 0.08346883468834689, 0.11165311653116532, 0.04769647696476965, 0.022764227642276424, 0.05420054200542006, 0.014634146341463415, 0.00921409214092141, 0.013008130081300813, 0.0027100271002710027, 0.0, 0.0], [0.0, 0.0, 0.0007280669821623589, 0.0, 0.002184200946487077, 0.0010921004732435385, 0.004368401892974154, 0.004368401892974154, 0.013105205678922462, 0.019657808518383692, 0.030942846741900256, 0.03858755005460503, 0.06479796141244995, 0.08081543502002184, 0.10265744448489261, 0.12704768838733163, 0.1503458318165271, 0.09100837277029487, 0.13068802329814344, 0.05060065526028395, 0.029850746268656716, 0.02584637786676374, 0.009828904259191846, 0.006188569348380051, 0.007644703312704768, 0.0036403349108117948, 0.004004368401892974, 0.0, 0.0, 0.0, 0.0], [0.0, 0.0, 0.0008131734092295182, 0.0006098800569221387, 0.0012197601138442774, 0.002236226875381175, 0.00487904045537711, 0.00914820085383208, 0.015450294775360847, 0.028257775970725756, 0.05956495222606221, 0.07094937995527546, 0.09514128887985362, 0.10042691603984549, 0.1372230128074812, 0.13275055905671884, 0.11791014433828013, 0.06668021955682049, 0.06932303313681643, 0.0367960967676357, 0.017076641593819882, 0.015856881479975604, 0.007928440739987802, 0.002642813579995934, 0.0042691603984549705, 0.002439520227688555, 0.0004065867046147591, 0.0, 0.0, 0.0, 0.0], [0.0, 0.0, 0.0, 0.0, 0.00018782870022539445, 0.0009391435011269722, 0.0028174305033809165, 0.0035687453042824945, 0.007700976709241172, 0.011269722013523666, 0.027610818933132983, 0.04169797145003756, 0.058226897069872274, 0.07137490608564989, 0.11513899323816679, 0.11213373403456048, 0.15063861758076635, 0.10255447032306536, 0.13955672426746807, 0.053906836964688204, 0.03136739293764087, 0.03305785123966942, 0.012772351615326822, 0.006574004507888805, 0.010706235912847483, 0.0031930879038317055, 0.002441773102930128, 0.0005634861006761833, 0.0, 0.0, 0.0], [0.0002729257641921397, 0.0, 0.0, 0.00013646288209606986, 0.00013646288209606986, 0.0006823144104803493, 0.0016375545851528383, 0.0025927947598253275, 0.006004366812227074, 0.016512008733624454, 0.027156113537117905, 0.03507096069868996, 0.047489082969432314, 0.0679585152838428, 0.09593340611353712, 0.12841157205240175, 0.1513373362445415, 0.10180131004366812, 0.1398744541484716, 0.06168122270742358, 0.037800218340611355, 0.036981441048034934, 0.013100436681222707, 0.006550218340611353, 0.01064410480349345, 0.0035480349344978166, 0.0025927947598253275, 0.0024563318777292577, 0.0016375545851528383, 0.0, 0.0], [0.0, 0.0, 0.0002653927813163482, 0.0, 0.0005307855626326964, 0.0005307855626326964, 0.0005307855626326964, 0.0010615711252653928, 0.0037154989384288748, 0.004246284501061571, 0.014596602972399151, 0.019373673036093417, 0.03980891719745223, 0.055201698513800426, 0.08174097664543524, 0.11703821656050956, 0.16427813163481952, 0.12075371549893843, 0.15684713375796178, 0.07643312101910828, 0.046974522292993634, 0.045647558386411886, 0.017250530785562632, 0.01167728237791932, 0.013535031847133758, 0.0031847133757961785, 0.0021231422505307855, 0.0018577494692144374, 0.0007961783439490446, 0.0, 0.0], [0.0, 0.0, 0.0, 0.0, 0.000996512207274539, 0.001993024414549078, 0.0004982561036372695, 0.0064773293472845045, 0.009965122072745391, 0.015944195316392625, 0.02192326856003986, 0.039860488290981565, 0.05430991529646238, 0.06975585450921774, 0.09118086696562033, 0.11609367214748381, 0.12954658694569007, 0.10463378176382661, 0.11659192825112108, 0.05829596412556054, 0.04434479322371699, 0.04185351270553064, 0.024414549078226207, 0.01245640259093174, 0.016442451420029897, 0.007972097658196313, 0.005480817140009965, 0.006975585450921774, 0.001993024414549078, 0.0, 0.0], [0.00025025025025025025, 0.0, 0.0005005005005005005, 0.0005005005005005005, 0.0005005005005005005, 0.0015015015015015015, 0.0025025025025025025, 0.004004004004004004, 0.008258258258258258, 0.014264264264264264, 0.02252252252252252, 0.045295295295295294, 0.07282282282282282, 0.08558558558558559, 0.11611611611611612, 0.13263263263263264, 0.13688688688688688, 0.09284284284284285, 0.11161161161161161, 0.0497997997997998, 0.028528528528528527, 0.03453453453453453, 0.013263263263263263, 0.0045045045045045045, 0.01126126126126126, 0.0032532532532532532, 0.004754754754754755, 0.0015015015015015015, 0.0, 0.0, 0.0], [0.0, 0.0, 0.00019179133103183735, 0.0003835826620636747, 0.0005753739930955121, 0.0005753739930955121, 0.0015343306482546988, 0.0038358266206367474, 0.004986574606827772, 0.013617184503260453, 0.026658995013425394, 0.032604526275412354, 0.06118143459915612, 0.06942846183352512, 0.10548523206751055, 0.13156885308784044, 0.15113156885308784, 0.09436133486766399, 0.1540084388185654, 0.049673954737245875, 0.029344073647871116, 0.031070195627157654, 0.01457614115841964, 0.005178365937859608, 0.009589566551591868, 0.0038358266206367474, 0.0015343306482546988, 0.0028768699654775605, 0.00019179133103183735, 0.0, 0.0], [0.0, 0.0, 0.0, 0.015151515151515152, 0.015151515151515152, 0.015151515151515152, 0.0, 0.0, 0.015151515151515152, 0.07575757575757576, 0.030303030303030304, 0.07575757575757576, 0.07575757575757576, 0.06060606060606061, 0.10606060606060606, 0.13636363636363635, 0.13636363636363635, 0.030303030303030304, 0.07575757575757576, 0.045454545454545456, 0.0, 0.045454545454545456, 0.015151515151515152, 0.015151515151515152, 0.015151515151515152, 0.0, 0.0, 0.0, 0.0, 0.0, 0.0], [0.0001312852829197847, 0.0, 0.0, 0.0001312852829197847, 0.0001312852829197847, 0.00039385584875935406, 0.00039385584875935406, 0.0014441381121176316, 0.0031508467900748325, 0.0073519758435079425, 0.013916239989497177, 0.019824077720887488, 0.03675987921753971, 0.0582906656163844, 0.0951818301168439, 0.14533280819220165, 0.16935801496652225, 0.1226204542470789, 0.12655901273467243, 0.06643035315741105, 0.04529342260732572, 0.04398056977812787, 0.01785479847709072, 0.007745831692267297, 0.01089667848234213, 0.005382696599711172, 0.0013128528291978469, 0.0001312852829197847, 0.0, 0.0, 0.0], [0.0, 0.0, 0.0, 0.0001755926251097454, 0.0, 0.0003511852502194908, 0.0012291483757682178, 0.000877963125548727, 0.0024582967515364355, 0.004038630377524144, 0.009833187006145742, 0.013520632133450394, 0.021949078138718173, 0.03459174714661984, 0.0591747146619842, 0.09025460930640913, 0.13204565408252852, 0.12098331870061457, 0.18823529411764706, 0.09376646180860404, 0.06777875329236172, 0.07761194029850746, 0.0266900790166813, 0.01369622475856014, 0.02054433713784021, 0.010359964881474977, 0.005092186128182617, 0.003511852502194908, 0.0012291483757682178, 0.0, 0.0], [0.00022823234052265205, 0.00022823234052265205, 0.0, 0.00022823234052265205, 0.00022823234052265205, 0.0007988131918292822, 0.0007988131918292822, 0.0025105557457491727, 0.004108182129407737, 0.008102248088554148, 0.01609038000684697, 0.022252653200958577, 0.027159648522195594, 0.04336414469930389, 0.06436152002738788, 0.09745520940317243, 0.13933584388907908, 0.13214652516261555, 0.17436950815930619, 0.09174940089010612, 0.05203697363916467, 0.06150861577085473, 0.023964395754878465, 0.012552778728745863, 0.016318612347369622, 0.004678762980714367, 0.0031952527673171287, 0.00022823234052265205, 0.0, 0.0, 0.0], [0.0, 0.0, 0.0, 0.0, 0.001941747572815534, 0.0, 0.0, 0.003883495145631068, 0.007766990291262136, 0.007766990291262136, 0.017475728155339806, 0.02912621359223301, 0.05048543689320388, 0.0912621359223301, 0.1029126213592233, 0.15728155339805824, 0.1786407766990291, 0.1378640776699029, 0.12815533980582525, 0.04854368932038835, 0.017475728155339806, 0.017475728155339806, 0.001941747572815534, 0.0, 0.0, 0.0, 0.0, 0.0, 0.0, 0.0, 0.0], [0.0, 0.0, 0.0, 0.0002894076789504148, 9.646922631680494e-05, 0.00019293845263360988, 0.0004823461315840247, 0.0009646922631680494, 0.0022187922052865137, 0.006463438163225931, 0.010032799536947714, 0.018811499131776963, 0.03183484468454563, 0.040131198147790856, 0.06338028169014084, 0.08479644993247154, 0.13148755546980515, 0.10254678757476365, 0.22023924368126568, 0.09019872660621261, 0.05431217441636118, 0.08113061933243296, 0.024792591163418868, 0.00877869959482925, 0.014952730079104765, 0.006270499710592321, 0.0018329153000192938, 0.003279953694771368, 0.0004823461315840247, 0.0, 0.0], [0.00019109497420217848, 0.0, 0.00019109497420217848, 9.554748710108924e-05, 0.0006688324097076247, 0.0006688324097076247, 0.0006688324097076247, 0.0012421173323141602, 0.0017198547678196063, 0.007166061532581693, 0.01261226829734378, 0.02637110643990063, 0.05102235811198166, 0.07261609019682783, 0.11179055990827441, 0.15832218612650487, 0.19606344353143512, 0.12038983374737244, 0.13166443722530097, 0.047391553602140264, 0.025893369004395185, 0.019873877317026563, 0.006688324097076247, 0.0021975922033250525, 0.0021975922033250525, 0.0018154022549206955, 0.0004777374355054462, 0.0, 0.0, 0.0, 0.0], [0.0, 0.0001388888888888889, 0.0, 0.0001388888888888889, 0.0002777777777777778, 0.0008333333333333334, 0.0011111111111111111, 0.002361111111111111, 0.004583333333333333, 0.007222222222222222, 0.014861111111111111, 0.025972222222222223, 0.03986111111111111, 0.05388888888888889, 0.09347222222222222, 0.1498611111111111, 0.16111111111111112, 0.11597222222222223, 0.1448611111111111, 0.07097222222222223, 0.03861111111111111, 0.03791666666666667, 0.017361111111111112, 0.008611111111111111, 0.006805555555555555, 0.002638888888888889, 0.0001388888888888889, 0.0004166666666666667, 0.0, 0.0, 0.0], [0.0, 0.0, 0.0, 0.0, 0.00032273680813296756, 0.0, 0.0008068420203324189, 0.0008068420203324189, 0.002097789252864289, 0.004356946909795062, 0.0119412619009198, 0.017266419235113763, 0.03130547038889785, 0.052767468129740196, 0.09536872680329192, 0.12360819751492658, 0.1542681942875585, 0.09795062126835566, 0.17556882362433435, 0.06599967726319186, 0.0437308375020171, 0.051799257705341294, 0.02226883976117476, 0.013877682749717605, 0.01758915604324673, 0.006293367758592868, 0.005647894142326932, 0.002743262869130224, 0.0016136840406648378, 0.0, 0.0], [0.00044543429844097997, 0.0008908685968819599, 0.00044543429844097997, 0.00044543429844097997, 0.0022271714922048997, 0.0035634743875278397, 0.004454342984409799, 0.008463251670378619, 0.01915367483296214, 0.032071269487750555, 0.044097995545657014, 0.06503340757238307, 0.07126948775055679, 0.0935412026726058, 0.12605790645879733, 0.11670378619153675, 0.11670378619153675, 0.07483296213808463, 0.11358574610244988, 0.032071269487750555, 0.020489977728285078, 0.028953229398663696, 0.0062360801781737195, 0.005345211581291759, 0.009799554565701559, 0.0026726057906458797, 0.00044543429844097997, 0.0, 0.0, 0.0, 0.0], [0.0, 0.0, 0.0, 0.002336448598130841, 0.001557632398753894, 0.003115264797507788, 0.003894080996884735, 0.011682242990654205, 0.014797507788161994, 0.01557632398753894, 0.029595015576323987, 0.0397196261682243, 0.053738317757009345, 0.05451713395638629, 0.10202492211838006, 0.11682242990654206, 0.14797507788161993, 0.11214953271028037, 0.14563862928348908, 0.04906542056074766, 0.02881619937694704, 0.02881619937694704, 0.014018691588785047, 0.00778816199376947, 0.008566978193146417, 0.002336448598130841, 0.003894080996884735, 0.001557632398753894, 0.0, 0.0, 0.0], [0.00032483352281955497, 0.0, 0.0, 0.0, 0.0006496670456391099, 0.0009745005684586649, 0.0034107519896053274, 0.00584700341075199, 0.008932921877537761, 0.017541010232255967, 0.03378268637323372, 0.04953711222998213, 0.07130095825889232, 0.1010232255968816, 0.13902874776676952, 0.13724216339126197, 0.13821666395972065, 0.08559363326295273, 0.09712522332304693, 0.03556927074874127, 0.0245249309728764, 0.024200097450056846, 0.00844567159330843, 0.005684586649342212, 0.00714633750203021, 0.0021114178983271076, 0.00048725028422933245, 0.0012993340912782199, 0.0, 0.0, 0.0], [0.0, 0.0, 0.0, 0.0005511160099200882, 0.0008266740148801323, 0.0002755580049600441, 0.002204464039680353, 0.0019289060347203086, 0.004408928079360706, 0.010195646183521631, 0.01956461835216313, 0.026729126481124278, 0.03802700468448608, 0.05731606503168917, 0.08514742353265363, 0.118765500137779, 0.1350234224304216, 0.10829429594929733, 0.1424634885643428, 0.0675117112152108, 0.04491595480848719, 0.050151556902728024, 0.02369798842656379, 0.013777900248002205, 0.02369798842656379, 0.010471204188481676, 0.0077156241388812346, 0.003306696059520529, 0.003031138054560485, 0.0, 0.0], [0.0, 0.0, 0.0, 0.0, 0.00022999080036798528, 0.0, 0.0011499540018399263, 0.0013799448022079118, 0.003219871205151794, 0.011959521619135235, 0.017479300827966882, 0.028058877644894203, 0.050597976080956765, 0.07198712051517939, 0.10487580496780129, 0.13040478380864765, 0.15225390984360626, 0.09981600735970561, 0.15179392824287027, 0.058647654093836245, 0.03794848206071757, 0.03771849126034959, 0.01655933762649494, 0.005979760809567618, 0.0068997240110395585, 0.0027598896044158236, 0.006209751609935602, 0.0018399264029438822, 0.00022999080036798528, 0.0, 0.0], [0.0002852660105548424, 0.0001426330052774212, 0.0001426330052774212, 0.0001426330052774212, 0.0004278990158322636, 0.0012836970474967907, 0.0015689630580516332, 0.0031379261161032664, 0.005847953216374269, 0.009699044358864642, 0.026529738981600343, 0.037797746398516616, 0.06275852232206533, 0.08700613321922693, 0.12594494365996292, 0.14491513336185993, 0.15803736984738267, 0.10241049778918841, 0.10526315789473684, 0.052916844957923266, 0.02752817001854229, 0.022536014833832548, 0.012266438453858223, 0.003993724147767793, 0.004564256168877478, 0.0025673940949935813, 0.0002852660105548424, 0.0, 0.0, 0.0, 0.0], [0.0, 0.0, 0.0, 0.000503651473180559, 0.000503651473180559, 0.001007302946361118, 0.0015109544195416771, 0.004029211785444472, 0.005036514731805591, 0.008310249307479225, 0.017879627297909845, 0.028959959707882146, 0.04960967010828507, 0.06975572903550743, 0.10853689247041047, 0.14051876101737598, 0.1586502140518761, 0.11332158146562579, 0.12138000503651473, 0.054898010576680936, 0.03802568622513221, 0.034248300176278015, 0.015361369932007051, 0.006547469151347267, 0.012591286829513977, 0.003777386048854193, 0.003777386048854193, 0.001007302946361118, 0.0002518257365902795, 0.0, 0.0], [0.0, 0.0, 0.0, 0.0002789400278940028, 0.0, 0.0011157601115760112, 0.0019525801952580196, 0.002789400278940028, 0.006136680613668061, 0.005857740585774059, 0.012552301255230125, 0.021757322175732216, 0.03347280334728033, 0.04825662482566248, 0.08702928870292886, 0.11129707112970712, 0.14672245467224546, 0.10488145048814505, 0.16764295676429566, 0.07531380753138076, 0.04630404463040446, 0.05885634588563459, 0.022315202231520222, 0.016457461645746164, 0.017294281729428172, 0.008368200836820083, 0.002510460251046025, 0.0008368200836820083, 0.0, 0.0, 0.0], [0.0, 0.0, 0.0003170074496750674, 0.0, 0.0001585037248375337, 0.00047551117451260106, 0.0006340148993501347, 0.002060548422887938, 0.0026945633222380727, 0.006181645268663814, 0.013472816611190363, 0.029006181645268664, 0.049294658424472976, 0.08083689966714218, 0.11919480107782533, 0.12490093517197653, 0.14566492312569346, 0.10223490252020923, 0.13076557299096528, 0.05674433349183706, 0.034553812014582345, 0.03851640513552068, 0.022190521477254716, 0.010302742114439689, 0.01632588365826597, 0.005230622919638612, 0.004755111745126011, 0.0022190521477254716, 0.0012680297987002695, 0.0, 0.0], [0.0, 0.0, 0.00010026067776218167, 0.0, 0.00010026067776218167, 0.00020052135552436334, 0.000300782033286545, 0.0013033888109083617, 0.0022057349107679966, 0.006115901343493082, 0.012532584720272709, 0.02326047724082615, 0.04020453178263485, 0.058853017846400645, 0.08512131542009224, 0.10677762181672348, 0.1384599959895729, 0.11279326248245439, 0.19119711249248045, 0.07359133747744134, 0.04481652295969521, 0.05434128734710247, 0.01744535793061961, 0.00902346099859635, 0.012833366753559254, 0.00421094846601163, 0.0023059955885301785, 0.0013033888109083617, 0.00060156406657309, 0.0, 0.0], [0.0, 0.0, 0.0, 0.0, 0.0, 0.00012496875781054737, 0.0006248437890527368, 0.0004998750312421895, 0.0024993751562109472, 0.005748562859285179, 0.008372906773306673, 0.020494876280929768, 0.03499125218695326, 0.06085978505373656, 0.09772556860784803, 0.14108972756810798, 0.18107973006748312, 0.12171957010747313, 0.1759560109972507, 0.060109972506873284, 0.030492376905773555, 0.037115721069732564, 0.009122719320169958, 0.0029992501874531365, 0.004123969007748063, 0.002124468882779305, 0.002124468882779305, 0.0, 0.0, 0.0, 0.0], [0.0, 0.004608294930875576, 0.0, 0.004608294930875576, 0.004608294930875576, 0.02304147465437788, 0.03225806451612903, 0.02304147465437788, 0.07834101382488479, 0.055299539170506916, 0.04608294930875576, 0.05069124423963134, 0.0967741935483871, 0.11981566820276497, 0.10599078341013825, 0.0967741935483871, 0.08294930875576037, 0.06451612903225806, 0.03686635944700461, 0.013824884792626729, 0.013824884792626729, 0.02304147465437788, 0.009216589861751152, 0.013824884792626729, 0.0, 0.0, 0.0, 0.0, 0.0, 0.0, 0.0]]}, "ranks": {"labels": ["Unranked", "Combatatent I", "Combatatent II", "Challenger I", "Challenger II", "Rival I", "Rival II", "Duelist", "Elite"], "data": [[0.13991769547325103, 0.16049382716049382, 0.1934156378600823, 0.2222222222222222, 0.12345679012345678, 0.09876543209876543, 0.01646090534979424, 0.04526748971193416, 0.0], [0.05373134328358209, 0.09154228855721393, 0.14975124378109453, 0.24129353233830847, 0.2373134328358209, 0.1482587064676617, 0.03731343283582089, 0.029850746268656716, 0.010945273631840797], [0.011225728155339806, 0.023361650485436893, 0.05961771844660194, 0.13895631067961164, 0.24954490291262135, 0.2809466019417476, 0.08722694174757281, 0.11149878640776699, 0.03762135922330097], [0.024332261222206684, 0.04363026150188785, 0.10320234932177318, 0.21255768423996643, 0.27157040973290447, 0.20626485806180953, 0.07061949377709412, 0.05649559502167529, 0.011327087120682422], [0.15730337078651685, 0.12359550561797752, 0.2247191011235955, 0.12359550561797752, 0.1348314606741573, 0.12359550561797752, 0.056179775280898875, 0.056179775280898875, 0.0], [0.011740041928721174, 0.034521313766596784, 0.1018867924528302, 0.2280922431865828, 0.26610761705101327, 0.1787561146051712, 0.06736547868623341, 0.08120195667365479, 0.030328441649196364], [0.0689873417721519, 0.09272151898734177, 0.16772151898734178, 0.25031645569620253, 0.2107594936708861, 0.10443037974683544, 0.037658227848101265, 0.03892405063291139, 0.028481012658227847], [0.2886178861788618, 0.1951219512195122, 0.1991869918699187, 0.13008130081300814, 0.08943089430894309, 0.036585365853658534, 0.056910569105691054, 0.0040650406504065045, 0.0], [0.05079289376415882, 0.10182425181829022, 0.17062119947537857, 0.2500298080362466, 0.18838678907833553, 0.11017050196733039, 0.050554429474186244, 0.05508525098366519, 0.022534875402408488], [0.008130081300813009, 0.018970189701897018, 0.03577235772357724, 0.12574525745257453, 0.1913279132791328, 0.22005420054200542, 0.12411924119241192, 0.1821138211382114, 0.09376693766937669], [0.04550418638514744, 0.06953039679650527, 0.1456133964324718, 0.22970513287222424, 0.241354204586822, 0.15835456862031308, 0.05278485620677102, 0.04186385147433564, 0.015289406625409537], [0.0626143525106729, 0.13051433218133768, 0.19556820491969912, 0.26997357186420007, 0.18459036389510064, 0.08883919495832486, 0.03435657653994714, 0.02642813579995934, 0.007115267330758284], [0.026483846731780617, 0.06930879038317055, 0.12960180315552217, 0.22727272727272727, 0.2531930879038317, 0.16604057099924868, 0.05879038317054846, 0.05240420736288505, 0.0169045830202855], [0.027974890829694322, 0.06222707423580786, 0.11544759825327511, 0.22434497816593887, 0.2531386462882096, 0.1734443231441048, 0.06591157205240175, 0.05663209606986899, 0.02087882096069869], [0.010881104033970275, 0.03397027600849257, 0.09501061571125266, 0.1987791932059448, 0.28503184713375795, 0.20010615711252655, 0.08014861995753715, 0.07457537154989384, 0.021496815286624203], [0.03587443946188341, 0.06178375685102142, 0.12406576980568013, 0.20727453911310414, 0.2341803687095167, 0.14449427005480817, 0.07473841554559044, 0.0787244643746886, 0.03886397608370702], [0.03228228228228228, 0.06781781781781782, 0.15840840840840842, 0.24874874874874875, 0.22972972972972974, 0.13838838838838838, 0.05155155155155155, 0.0523023023023023, 0.02077077077077077], [0.025700038358266206, 0.059263521288837745, 0.13060989643268126, 0.23705408515535098, 0.24549290372075183, 0.1822017644802455, 0.0508247027234369, 0.0508247027234369, 0.01802838511699271], [0.13636363636363635, 0.10606060606060606, 0.13636363636363635, 0.24242424242424243, 0.16666666666666666, 0.09090909090909091, 0.030303030303030304, 0.07575757575757576, 0.015151515151515152], [0.01312852829197847, 0.03374031771038467, 0.09505054483392411, 0.24051463830904557, 0.29197846921360116, 0.16305632138637258, 0.07522646711303663, 0.06958119994748589, 0.017723513194170933], [0.009130816505706761, 0.023353819139596138, 0.05654082528533801, 0.14942932396839334, 0.2530289727831431, 0.2398595258999122, 0.10992098331870062, 0.1179982440737489, 0.040737489025460934], [0.01723154170946023, 0.03834303320780555, 0.07052379322149949, 0.1618167294305603, 0.27148236905169465, 0.2227547643501084, 0.09540111833846857, 0.09802579025447906, 0.024420860435923772], [0.021359223300970873, 0.04660194174757282, 0.141747572815534, 0.26019417475728157, 0.31650485436893205, 0.15922330097087378, 0.03495145631067961, 0.019417475728155338, 0.0], [0.010708084121165348, 0.028844298668724677, 0.07196604283233649, 0.14817673162261238, 0.23403434304456877, 0.26905267219756895, 0.0956974725062705, 0.11470191009068108, 0.026818444916071774], [0.01261226829734378, 0.03898337473724441, 0.12363844830880948, 0.2701127460347793, 0.31645327727880757, 0.15688897381998854, 0.04806038601184789, 0.02875979361742786, 0.004490731893751194], [0.016666666666666666, 0.04083333333333333, 0.09375, 0.24333333333333335, 0.27708333333333335, 0.18486111111111111, 0.06958333333333333, 0.06388888888888888, 0.01], [0.008391157011457156, 0.029207681136033566, 0.08407293851863805, 0.2189769243182185, 0.25221881555591413, 0.21171534613522672, 0.07358399225431661, 0.08794578021623366, 0.03388736485396159], [0.07216035634743875, 0.1091314031180401, 0.16481069042316257, 0.24276169265033407, 0.1915367483296214, 0.12962138084632516, 0.03652561247216036, 0.04053452115812917, 0.012917594654788419], [0.0529595015576324, 0.06931464174454828, 0.10825545171339564, 0.21884735202492211, 0.2601246105919003, 0.17757009345794392, 0.045950155763239874, 0.050623052959501556, 0.016355140186915886], [0.037680688647068375, 0.08331979860321585, 0.17232418385577392, 0.2762709111580315, 0.22381029722267337, 0.11661523469222024, 0.04060419035244437, 0.038330355692707485, 0.011044339775864869], [0.020391292367043262, 0.04629374483328741, 0.09534306971617526, 0.20391292367043262, 0.24331771837971894, 0.17553044915954807, 0.0793607054284927, 0.08762744557729402, 0.04822265086800771], [0.017939282428702852, 0.04553817847286108, 0.12258509659613616, 0.23528058877644895, 0.25206991720331184, 0.1844526218951242, 0.06393744250229991, 0.060257589696412144, 0.017939282428702852], [0.02267864783910997, 0.06432748538011696, 0.14976465554129226, 0.27086007702182285, 0.26044786763657113, 0.13635715304521467, 0.04935101982598773, 0.038796177435458566, 0.007416916274425902], [0.0209015361369932, 0.046839587005791994, 0.11936539914379249, 0.24905565348778644, 0.2719717955175019, 0.1526063963737094, 0.061697305464618483, 0.05615713925963233, 0.02140518761017376], [0.01813110181311018, 0.03430962343096234, 0.08172942817294282, 0.198326359832636, 0.2516039051603905, 0.2097629009762901, 0.0794979079497908, 0.09762900976290098, 0.02900976290097629], [0.01252179426216516, 0.042478998256459025, 0.13013155809161514, 0.24409573624980188, 0.24789982564590268, 0.16294182913298463, 0.05912188936440006, 0.07100966872721509, 0.029798700269456333], [0.010326849809504712, 0.035793061961098854, 0.0990575496290355, 0.19189893723681573, 0.2512532584720273, 0.23190294766392622, 0.0777020252656908, 0.08081010627631843, 0.021255263685582514], [0.0094976255936016, 0.02886778305423644, 0.09585103724068983, 0.238815296175956, 0.30279930017495627, 0.2086978255436141, 0.05786053486628343, 0.049237690577355664, 0.008372906773306673], [0.22580645161290322, 0.0967741935483871, 0.21658986175115208, 0.20276497695852536, 0.14746543778801843, 0.04608294930875576, 0.018433179723502304, 0.04608294930875576, 0.0]]}, "ranksDetailed": {"labels": ["Unranked", "Combatatant", "Challenger", "Rival", "Duelist", "Elite"], "data": [[0.13991769547325103, 0.35390946502057613, 0.345679012345679, 0.11522633744855967, 0.04526748971193416, 0.0], [0.05373134328358209, 0.24129353233830847, 0.4786069651741294, 0.1855721393034826, 0.029850746268656716, 0.010945273631840797], [0.011225728155339806, 0.08297936893203883, 0.388501213592233, 0.36817354368932037, 0.11149878640776699, 0.03762135922330097], [0.024332261222206684, 0.14683261082366103, 0.48412809397287093, 0.27688435183890364, 0.05649559502167529, 0.011327087120682422], [0.15730337078651685, 0.34831460674157305, 0.25842696629213485, 0.1797752808988764, 0.056179775280898875, 0.0], [0.011740041928721174, 0.13640810621942698, 0.4941998602375961, 0.24612159329140462, 0.08120195667365479, 0.030328441649196364], [0.0689873417721519, 0.26044303797468354, 0.4610759493670886, 0.14208860759493672, 0.03892405063291139, 0.028481012658227847], [0.2886178861788618, 0.3943089430894309, 0.21951219512195122, 0.09349593495934959, 0.0040650406504065045, 0.0], [0.05079289376415882, 0.27244545129366876, 0.4384165971145821, 0.16072493144151664, 0.05508525098366519, 0.022534875402408488], [0.008130081300813009, 0.054742547425474256, 0.3170731707317073, 0.34417344173441733, 0.1821138211382114, 0.09376693766937669], [0.04550418638514744, 0.21514379322897706, 0.4710593374590462, 0.2111394248270841, 0.04186385147433564, 0.015289406625409537], [0.0626143525106729, 0.3260825371010368, 0.45456393575930065, 0.123195771498272, 0.02642813579995934, 0.007115267330758284], [0.026483846731780617, 0.19891059353869273, 0.48046581517655895, 0.22483095416979715, 0.05240420736288505, 0.0169045830202855], [0.027974890829694322, 0.17767467248908297, 0.4774836244541485, 0.23935589519650655, 0.05663209606986899, 0.02087882096069869], [0.010881104033970275, 0.12898089171974522, 0.48381104033970274, 0.2802547770700637, 0.07457537154989384, 0.021496815286624203], [0.03587443946188341, 0.18584952665670154, 0.4414549078226208, 0.2192326856003986, 0.0787244643746886, 0.03886397608370702], [0.03228228228228228, 0.22622622622622623, 0.47847847847847846, 0.18993993993993993, 0.0523023023023023, 0.02077077077077077], [0.025700038358266206, 0.189873417721519, 0.4825469888761028, 0.2330264672036824, 0.0508247027234369, 0.01802838511699271], [0.13636363636363635, 0.24242424242424243, 0.4090909090909091, 0.12121212121212122, 0.07575757575757576, 0.015151515151515152], [0.01312852829197847, 0.12879086254430877, 0.5324931075226467, 0.2382827884994092, 0.06958119994748589, 0.017723513194170933], [0.009130816505706761, 0.07989464442493416, 0.40245829675153644, 0.3497805092186128, 0.1179982440737489, 0.040737489025460934], [0.01723154170946023, 0.10886682642930504, 0.43329909848225495, 0.318155882688577, 0.09802579025447906, 0.024420860435923772], [0.021359223300970873, 0.1883495145631068, 0.5766990291262136, 0.1941747572815534, 0.019417475728155338, 0.0], [0.010708084121165348, 0.10081034150106116, 0.3822110746671812, 0.3647501447038395, 0.11470191009068108, 0.026818444916071774], [0.01261226829734378, 0.16262182304605388, 0.5865660233135869, 0.20494935983183643, 0.02875979361742786, 0.004490731893751194], [0.016666666666666666, 0.13458333333333333, 0.5204166666666666, 0.2544444444444444, 0.06388888888888888, 0.01], [0.008391157011457156, 0.11328061965467162, 0.47119573987413266, 0.2852993383895433, 0.08794578021623366, 0.03388736485396159], [0.07216035634743875, 0.2739420935412027, 0.43429844097995546, 0.16614699331848554, 0.04053452115812917, 0.012917594654788419], [0.0529595015576324, 0.17757009345794392, 0.47897196261682246, 0.2235202492211838, 0.050623052959501556, 0.016355140186915886], [0.037680688647068375, 0.2556439824589898, 0.5000812083807049, 0.1572194250446646, 0.038330355692707485, 0.011044339775864869], [0.020391292367043262, 0.14163681454946267, 0.44723064205015156, 0.2548911545880408, 0.08762744557729402, 0.04822265086800771], [0.017939282428702852, 0.16812327506899724, 0.4873505059797608, 0.24839006439742412, 0.060257589696412144, 0.017939282428702852], [0.02267864783910997, 0.2140921409214092, 0.5313079446583939, 0.1857081728712024, 0.038796177435458566, 0.007416916274425902], [0.0209015361369932, 0.16620498614958448, 0.5210274490052883, 0.21430370183832786, 0.05615713925963233, 0.02140518761017376], [0.01813110181311018, 0.11603905160390517, 0.4499302649930265, 0.2892608089260809, 0.09762900976290098, 0.02900976290097629], [0.01252179426216516, 0.17261055634807418, 0.49199556189570454, 0.22206371849738468, 0.07100966872721509, 0.029798700269456333], [0.010326849809504712, 0.13485061159013434, 0.443152195708843, 0.30960497292961703, 0.08081010627631843, 0.021255263685582514], [0.0094976255936016, 0.12471882029492627, 0.5416145963509122, 0.2665583604098975, 0.049237690577355664, 0.008372906773306673], [0.22580645161290322, 0.31336405529953915, 0.35023041474654376, 0.06451612903225806, 0.04608294930875576, 0.0]]}}}, "eu": {"histType": {"histogram": {"labels": ["0", "100", "200", "300", "400", "500", "600", "700", "800", "900", "1000", "1100", "1200", "1300", "1400", "1500", "1600", "1700", "1800", "1900", "2000", "2100", "2200", "2300", "2400", "2500", "2600", "2700", "2800", "2900", "3000"], "data": [[0.0, 0.0, 0.0, 0.0, 0.0, 0.010582010582010581, 0.010582010582010581, 0.021164021164021163, 0.05291005291005291, 0.0582010582010582, 0.07407407407407407, 0.05291005291005291, 0.06878306878306878, 0.10582010582010581, 0.12698412698412698, 0.1164021164021164, 0.08994708994708994, 0.07407407407407407, 0.05291005291005291, 0.031746031746031744, 0.010582010582010581, 0.015873015873015872, 0.010582010582010581, 0.010582010582010581, 0.005291005291005291, 0.0, 0.0, 0.0, 0.0, 0.0, 0.0], [0.0, 0.0, 0.0005293806246691371, 0.0010587612493382743, 0.0010587612493382743, 0.0026469031233456856, 0.004764425622022234, 0.009528851244044468, 0.017998941238750663, 0.028057173107464268, 0.03811540497617787, 0.05505558496559026, 0.07252514557967178, 0.0884065643197459, 0.1254632080465855, 0.12334568554790895, 0.15087347803070408, 0.0799364743250397, 0.1169931180518793, 0.03229221810481736, 0.013763896241397565, 0.019587083112758072, 0.004235044997353097, 0.004764425622022234, 0.004764425622022234, 0.0021175224986765486, 0.0021175224986765486, 0.0, 0.0, 0.0, 0.0], [0.0, 0.0, 0.0, 0.00016225864027259452, 0.00016225864027259452, 0.00016225864027259452, 0.00032451728054518905, 0.0017848450429985396, 0.003407431445724485, 0.004380983287360052, 0.011520363459354211, 0.016712639948077236, 0.02547460652279734, 0.0326139866947915, 0.057277300016225864, 0.08323868245984099, 0.13694629239006978, 0.11066039266590946, 0.22424144085672562, 0.08388771702093137, 0.05906214505922441, 0.07058250851857861, 0.026448158364432907, 0.013791984423170534, 0.020606847314619505, 0.008761966574720104, 0.003082914165179296, 0.0038942073665422685, 0.0008112932013629726, 0.0, 0.0], [0.0, 0.0, 0.0, 0.00013333333333333334, 0.00013333333333333334, 0.0002666666666666667, 0.0009333333333333333, 0.0029333333333333334, 0.004666666666666667, 0.0096, 0.019466666666666667, 0.0292, 0.0388, 0.05226666666666667, 0.08906666666666667, 0.12026666666666666, 0.16346666666666668, 0.11893333333333334, 0.166, 0.07373333333333333, 0.039733333333333336, 0.04226666666666667, 0.0116, 0.004266666666666667, 0.007466666666666667, 0.0021333333333333334, 0.0006666666666666666, 0.0014666666666666667, 0.0005333333333333334, 0.0, 0.0], [0.0, 0.0, 0.0, 0.0, 0.0, 0.022222222222222223, 0.022222222222222223, 0.06666666666666667, 0.044444444444444446, 0.03333333333333333, 0.1, 0.08888888888888889, 0.03333333333333333, 0.03333333333333333, 0.08888888888888889, 0.08888888888888889, 0.05555555555555555, 0.08888888888888889, 0.07777777777777778, 0.07777777777777778, 0.022222222222222223, 0.022222222222222223, 0.011111111111111112, 0.011111111111111112, 0.0, 0.011111111111111112, 0.0, 0.0, 0.0, 0.0, 0.0], [0.0, 0.00014104372355430183, 0.00014104372355430183, 0.00028208744710860365, 0.0004231311706629055, 0.00014104372355430183, 0.0004231311706629055, 0.0021156558533145277, 0.0029619181946403386, 0.00691114245416079, 0.012834978843441466, 0.020874471086036673, 0.036248236953455575, 0.059520451339915376, 0.09365303244005642, 0.11777150916784203, 0.15119887165021156, 0.10648801128349789, 0.15162200282087446, 0.07376586741889986, 0.041889985895627646, 0.057404795486600844, 0.02214386459802539, 0.009167842031029619, 0.016784203102961918, 0.007757404795486601, 0.003244005641748942, 0.002256699576868829, 0.0018335684062059238, 0.0, 0.0], [0.0002907822041291073, 0.0002907822041291073, 0.0002907822041291073, 0.0017446932247746438, 0.0034893864495492877, 0.002617039837161966, 0.004361733061936609, 0.01075894155277697, 0.020645536493166618, 0.029369002617039838, 0.043617330619366096, 0.05815644082582146, 0.07938354172724629, 0.08810700785111951, 0.09944751381215469, 0.12881651642919453, 0.1235824367548706, 0.07763884850247164, 0.07763884850247164, 0.04739749927304449, 0.024134922942715905, 0.02587961616749055, 0.0119220703692934, 0.008141901715615005, 0.0119220703692934, 0.005815644082582146, 0.0061064262867112536, 0.004361733061936609, 0.004070950857807502, 0.0, 0.0], [0.0, 0.0, 0.0, 0.0, 0.005780346820809248, 0.023121387283236993, 0.011560693641618497, 0.05202312138728324, 0.028901734104046242, 0.08670520231213873, 0.06936416184971098, 0.08670520231213873, 0.08670520231213873, 0.06358381502890173, 0.11560693641618497, 0.1329479768786127, 0.08670520231213873, 0.06358381502890173, 0.023121387283236993, 0.028901734104046242, 0.03468208092485549, 0.0, 0.0, 0.0, 0.0, 0.0, 0.0, 0.0, 0.0, 0.0, 0.0], [0.00035710034519700033, 0.00011903344839900012, 0.0004761337935960005, 0.0004761337935960005, 0.000952267587192001, 0.0015474348291870015, 0.0027377693131770027, 0.007022973455541007, 0.014879181049875016, 0.025354124508987025, 0.04213784073324604, 0.05987382454469706, 0.08558504939888109, 0.0935602904416141, 0.10915367218188311, 0.1