{"region": {"us": {"histType": {"histogram": {"labels": ["0", "100", "200", "300", "400", "500", "600", "700", "800", "900", "1000", "1100", "1200", "1300", "1400", "1500", "1600", "1700", "1800", "1900", "2000", "2100", "2200", "2300", "2400", "2500", "2600", "2700"], "data": [[0.0, 0.0, 0.0, 0.0, 0.0, 0.0, 0.029411764705882353, 0.014705882352941176, 0.1323529411764706, 0.10294117647058823, 0.07352941176470588, 0.14705882352941177, 0.04411764705882353, 0.17647058823529413, 0.11764705882352941, 0.07352941176470588, 0.014705882352941176, 0.0, 0.07352941176470588, 0.0, 0.0, 0.0, 0.0, 0.0, 0.0, 0.0, 0.0, 0.0], [0.0, 0.002207505518763797, 0.0, 0.0011037527593818985, 0.0011037527593818985, 0.0033112582781456954, 0.00772626931567329, 0.013245033112582781, 0.019867549668874173, 0.04083885209713024, 0.056291390728476824, 0.0717439293598234, 0.10706401766004416, 0.12582781456953643, 0.16114790286975716, 0.09823399558498896, 0.10044150110375276, 0.056291390728476824, 0.07836644591611479, 0.01545253863134658, 0.013245033112582781, 0.016556291390728478, 0.006622516556291391, 0.0033112582781456954, 0.0, 0.0, 0.0, 0.0], [0.0, 0.0, 0.0, 0.0, 0.0005221932114882506, 0.0, 0.0010443864229765013, 0.0036553524804177544, 0.01671018276762402, 0.018276762402088774, 0.03342036553524804, 0.051697127937336815, 0.09451697127937336, 0.11592689295039164, 0.13733681462140993, 0.12950391644908615, 0.13577023498694518, 0.07989556135770234, 0.10339425587467363, 0.031331592689295036, 0.015665796344647518, 0.017754569190600523, 0.007832898172323759, 0.004177545691906005, 0.001566579634464752, 0.0, 0.0, 0.0], [0.0, 0.00030120481927710846, 0.0, 0.0, 0.00030120481927710846, 0.0009036144578313253, 0.004216867469879518, 0.006626506024096385, 0.015963855421686747, 0.02650602409638554, 0.04156626506024096, 0.04427710843373494, 0.08433734939759036, 0.10361445783132531, 0.13042168674698795, 0.1256024096385542, 0.15271084337349397, 0.09216867469879518, 0.08975903614457831, 0.03433734939759036, 0.016566265060240965, 0.017771084337349398, 0.005421686746987952, 0.0036144578313253013, 0.0018072289156626507, 0.0012048192771084338, 0.0, 0.0], [0.0, 0.0, 0.0, 0.0, 0.034482758620689655, 0.0, 0.0, 0.06896551724137931, 0.06896551724137931, 0.06896551724137931, 0.10344827586206896, 0.10344827586206896, 0.0, 0.10344827586206896, 0.0, 0.034482758620689655, 0.06896551724137931, 0.13793103448275862, 0.10344827586206896, 0.034482758620689655, 0.0, 0.0, 0.034482758620689655, 0.034482758620689655, 0.0, 0.0, 0.0, 0.0], [0.0, 0.0, 0.0, 0.0, 0.0, 0.00024254183846713557, 0.00048508367693427115, 0.003395585738539898, 0.00606354596167839, 0.018433179723502304, 0.025466893039049237, 0.04001940334707737, 0.07082221683240358, 0.0975018190637885, 0.12393887945670629, 0.12199854474896919, 0.14625272859568275, 0.0982294445791899, 0.10211011399466408, 0.04875090953189425, 0.03031772980839195, 0.03589619209313607, 0.015037593984962405, 0.0053359204462769825, 0.00654862963861266, 0.0031530439000727628, 0.0, 0.0], [0.0, 0.0, 0.0007087172218284905, 0.002126151665485471, 0.001417434443656981, 0.002126151665485471, 0.005669737774627924, 0.010630758327427357, 0.026222537207654145, 0.041105598866052445, 0.058114812189936214, 0.08788093550673282, 0.11764705882352941, 0.13536498936924168, 0.1261516654854713, 0.10559886605244508, 0.09213323883770376, 0.058823529411764705, 0.04606661941885188, 0.020552799433026223, 0.01559177888022679, 0.01913536498936924, 0.013465627214741318, 0.004961020552799433, 0.0063784549964564135, 0.001417434443656981, 0.0007087172218284905, 0.0], [0.0, 0.0, 0.0, 0.024691358024691357, 0.012345679012345678, 0.0, 0.037037037037037035, 0.12345679012345678, 0.14814814814814814, 0.13580246913580246, 0.07407407407407407, 0.13580246913580246, 0.09876543209876543, 0.07407407407407407, 0.07407407407407407, 0.0, 0.012345679012345678, 0.037037037037037035, 0.012345679012345678, 0.0, 0.0, 0.0, 0.0, 0.0, 0.0, 0.0, 0.0, 0.0], [0.0005089058524173028, 0.0002544529262086514, 0.0010178117048346056, 0.0010178117048346056, 0.0017811704834605599, 0.004580152671755725, 0.006870229007633588, 0.015012722646310433, 0.03104325699745547, 0.06412213740458016, 0.07862595419847328, 0.09643765903307888, 0.12010178117048347, 0.1272264631043257, 0.11628498727735369, 0.08371501272264631, 0.07862595419847328, 0.0450381679389313, 0.04580152671755725, 0.029262086513994912, 0.020865139949109414, 0.01959287531806616, 0.007379134860050891, 0.0030534351145038168, 0.0007633587786259542, 0.0010178117048346056, 0.0, 0.0], [0.0, 0.0, 0.0, 0.0, 0.0, 0.0018170805572380376, 0.0060569351907934586, 0.004239854633555421, 0.018170805572380374, 0.026650514839491216, 0.03755299818291944, 0.05693519079345851, 0.08419139915202907, 0.12113870381586916, 0.12113870381586916, 0.13446396123561477, 0.15505754088431253, 0.07692307692307693, 0.07813446396123562, 0.030890369473046637, 0.010902483343428226, 0.019987886129618413, 0.009085402786190187, 0.004239854633555421, 0.0024227740763173833, 0.0, 0.0, 0.0], [0.00039385584875935406, 0.0, 0.0, 0.0011815675462780622, 0.0019692792437967705, 0.0023631350925561244, 0.0070894052776683735, 0.011027963765261915, 0.026388341866876722, 0.04529342260732572, 0.08428515163450177, 0.09255612445844821, 0.13076014178810555, 0.12406459235919653, 0.1295785742418275, 0.09925167388735723, 0.08428515163450177, 0.04765655769988184, 0.04844426939740055, 0.02678219771563608, 0.01260338716029933, 0.012209531311539977, 0.00669554942890902, 0.0027569909413154787, 0.0023631350925561244, 0.0, 0.0, 0.0], [0.0, 0.0, 0.0, 0.0003365870077415012, 0.0, 0.0006731740154830024, 0.0026926960619320095, 0.00572197913160552, 0.013800067317401549, 0.024907438572871088, 0.03399528778189162, 0.060922248401211715, 0.08179064288118479, 0.09996634129922585, 0.13901043419724, 0.12554695388757994, 0.15213732749915854, 0.07943453382699428, 0.09155166610568832, 0.035678222820599126, 0.015146415348367553, 0.02221474251093908, 0.008751262201279031, 0.002019522046449007, 0.003702457085156513, 0.0, 0.0, 0.0], [0.0, 0.0003635041802980734, 0.0, 0.0003635041802980734, 0.0003635041802980734, 0.0014540167211922936, 0.004725554343874954, 0.008360596146855689, 0.020356234096692113, 0.04289349327517267, 0.06942929843693202, 0.09051254089422028, 0.1079607415485278, 0.13086150490730644, 0.14431115957833515, 0.11486732097419121, 0.10069065794256633, 0.05343511450381679, 0.05888767720828789, 0.019265721555797893, 0.012359142130134497, 0.008360596146855689, 0.0061795710650672485, 0.0021810250817884407, 0.0010905125408942203, 0.0007270083605961468, 0.0, 0.0], [0.0, 0.0, 0.0, 0.0, 0.0, 0.0, 0.0005387931034482759, 0.0010775862068965517, 0.003232758620689655, 0.005387931034482759, 0.024245689655172414, 0.034482758620689655, 0.05872844827586207, 0.08782327586206896, 0.12607758620689655, 0.1255387931034483, 0.1788793103448276, 0.10775862068965517, 0.10829741379310345, 0.057112068965517244, 0.026400862068965518, 0.032327586206896554, 0.012392241379310345, 0.004310344827586207, 0.003771551724137931, 0.0016163793103448276, 0.0, 0.0], [0.0, 0.0, 0.0, 0.0020964360587002098, 0.0020964360587002098, 0.0, 0.0020964360587002098, 0.008385744234800839, 0.020964360587002098, 0.039832285115303984, 0.0649895178197065, 0.1090146750524109, 0.1090146750524109, 0.11949685534591195, 0.09433962264150944, 0.09433962264150944, 0.1069182389937107, 0.07127882599580712, 0.05870020964360587, 0.029350104821802937, 0.027253668763102725, 0.008385744234800839, 0.010482180293501049, 0.010482180293501049, 0.010482180293501049, 0.0, 0.0, 0.0], [0.0004409171075837742, 0.0, 0.0004409171075837742, 0.0, 0.0004409171075837742, 0.0008818342151675485, 0.002204585537918871, 0.007936507936507936, 0.011904761904761904, 0.021604938271604937, 0.034832451499118164, 0.051587301587301584, 0.09435626102292768, 0.10846560846560846, 0.1419753086419753, 0.14109347442680775, 0.13139329805996472, 0.07760141093474426, 0.08112874779541446, 0.03968253968253968, 0.016313932980599646, 0.018518518518518517, 0.007495590828924162, 0.0030864197530864196, 0.005291005291005291, 0.0013227513227513227, 0.0, 0.0], [0.0, 0.0, 0.0, 0.0, 0.0010799136069114472, 0.0005399568034557236, 0.003779697624190065, 0.0091792656587473, 0.016198704103671708, 0.029697624190064796, 0.06857451403887689, 0.08585313174946005, 0.11393088552915767, 0.12958963282937366, 0.13228941684665227, 0.10637149028077754, 0.12473002159827214, 0.06371490280777538, 0.06749460043196544, 0.01673866090712743, 0.011339092872570195, 0.01079913606911447, 0.0032397408207343412, 0.0021598272138228943, 0.0021598272138228943, 0.0005399568034557236, 0.0, 0.0], [0.0, 0.0, 0.0, 0.0, 0.0, 0.0, 0.0, 0.0, 0.05, 0.15, 0.1, 0.1, 0.15, 0.05, 0.15, 0.05, 0.05, 0.05, 0.0, 0.05, 0.05, 0.0, 0.0, 0.0, 0.0, 0.0, 0.0, 0.0], [0.0, 0.0002206531332744925, 0.0, 0.0002206531332744925, 0.0006619593998234775, 0.0, 0.0006619593998234775, 0.0019858781994704323, 0.00617828773168579, 0.014342453662842012, 0.027802294792586054, 0.03684907325684025, 0.0703883495145631, 0.09223300970873786, 0.11606354810238305, 0.12864077669902912, 0.14187996469549868, 0.09377758164165931, 0.10458958517210945, 0.06067961165048544, 0.03574580759046778, 0.04479258605472198, 0.01323918799646955, 0.006840247131509268, 0.002206531332744925, 0.0, 0.0, 0.0], [0.0, 0.0, 0.0, 0.0012461059190031153, 0.0, 0.0, 0.003115264797507788, 0.0024922118380062306, 0.006230529595015576, 0.009345794392523364, 0.03364485981308411, 0.03613707165109034, 0.07601246105919003, 0.08909657320872275, 0.14517133956386294, 0.12897196261682242, 0.14205607476635515, 0.0940809968847352, 0.09906542056074766, 0.041121495327102804, 0.029906542056074768, 0.02679127725856698, 0.01557632398753894, 0.006230529595015576, 0.013084112149532711, 0.0006230529595015577, 0.0, 0.0], [0.00040666937779585197, 0.0, 0.00040666937779585197, 0.0012200081333875558, 0.0020333468889792597, 0.0032533550223668157, 0.0036600244001626678, 0.013826758845058967, 0.020333468889792598, 0.037820252135014235, 0.07401382675884506, 0.10126067507116714, 0.123627490849939, 0.14314762098413988, 0.1313542090280602, 0.10614070760471736, 0.09190727938186255, 0.04554697031313542, 0.05490036600244002, 0.017893452623017485, 0.015046766978446523, 0.0077267181781211875, 0.0036600244001626678, 0.00040666937779585197, 0.00040666937779585197, 0.0, 0.0, 0.0], [0.0, 0.0, 0.0, 0.0, 0.0, 0.003663003663003663, 0.0, 0.0, 0.01098901098901099, 0.007326007326007326, 0.01098901098901099, 0.04395604395604396, 0.10256410256410256, 0.16483516483516483, 0.18681318681318682, 0.12454212454212454, 0.17216117216117216, 0.10622710622710622, 0.03663003663003663, 0.02564102564102564, 0.003663003663003663, 0.0, 0.0, 0.0, 0.0, 0.0, 0.0, 0.0], [0.0, 0.0, 0.0, 0.0001643925694558606, 0.0001643925694558606, 0.0001643925694558606, 0.0004931777083675817, 0.0014795331251027453, 0.005753739930955121, 0.012822620417557126, 0.023508137432188065, 0.03863225382212724, 0.07233273056057866, 0.09534769028439914, 0.136774617787276, 0.1321716258425119, 0.1540358375801414, 0.09074469833963505, 0.1251027453559099, 0.04487917146144994, 0.019069538056879828, 0.027782344238040442, 0.009699161597895776, 0.004274206805852375, 0.0034522439585730723, 0.0011507479861910242, 0.0, 0.0], [0.0, 0.0001269035532994924, 0.0002538071065989848, 0.0, 0.00038071065989847715, 0.0007614213197969543, 0.0006345177664974619, 0.001649746192893401, 0.0024111675126903555, 0.01065989847715736, 0.01916243654822335, 0.04352791878172589, 0.08096446700507615, 0.1267766497461929, 0.1597715736040609, 0.1534263959390863, 0.15786802030456853, 0.08616751269035533, 0.08807106598984772, 0.03413705583756345, 0.017893401015228426, 0.01065989847715736, 0.0031725888324873096, 0.0012690355329949238, 0.0002538071065989848, 0.0, 0.0, 0.0], [0.0, 0.0, 0.0004589261128958238, 0.0, 0.0, 0.0018357044515832951, 0.0013767783386874712, 0.004130335016062414, 0.012391005048187242, 0.020192748967416244, 0.043139054612207434, 0.06516750803120698, 0.11473152822395594, 0.111977971546581, 0.127581459385039, 0.10601193207893529, 0.13079394217530976, 0.07893529141808169, 0.08444240477283158, 0.04038549793483249, 0.022487379531895366, 0.016521340064249657, 0.012849931161083065, 0.0036714089031665903, 0.0009178522257916476, 0.0, 0.0, 0.0], [0.0, 0.0, 0.0, 0.0, 0.0006138735420503376, 0.0, 0.0006138735420503376, 0.001534683855125844, 0.004297114794352364, 0.007673419275629221, 0.022099447513812154, 0.0285451197053407, 0.05555555555555555, 0.08717004297114794, 0.11233885819521179, 0.1252302025782689, 0.15561694290976058, 0.0865561694290976, 0.13720073664825047, 0.05923879680785758, 0.03376304481276857, 0.03713934929404543, 0.02394106813996317, 0.009515039901780233, 0.007673419275629221, 0.0027624309392265192, 0.0009208103130755065, 0.0], [0.0, 0.001059322033898305, 0.0, 0.001059322033898305, 0.001059322033898305, 0.00423728813559322, 0.00423728813559322, 0.012711864406779662, 0.04449152542372881, 0.05190677966101695, 0.07415254237288135, 0.1027542372881356, 0.09851694915254237, 0.13241525423728814, 0.11652542372881355, 0.09533898305084745, 0.08792372881355932, 0.06038135593220339, 0.06038135593220339, 0.0211864406779661, 0.013771186440677966, 0.012711864406779662, 0.001059322033898305, 0.0, 0.00211864406779661, 0.0, 0.0, 0.0], [0.0, 0.0, 0.0, 0.0, 0.0, 0.0, 0.00819672131147541, 0.045081967213114756, 0.045081967213114756, 0.07377049180327869, 0.11885245901639344, 0.0942622950819672, 0.06557377049180328, 0.11885245901639344, 0.13934426229508196, 0.09016393442622951, 0.0778688524590164, 0.04918032786885246, 0.04918032786885246, 0.012295081967213115, 0.0, 0.00819672131147541, 0.004098360655737705, 0.0, 0.0, 0.0, 0.0, 0.0], [0.00032030749519538755, 0.0, 0.0, 0.0, 0.0009609224855861628, 0.0025624599615631004, 0.005445227418321589, 0.009609224855861628, 0.016335682254964765, 0.026585522101217167, 0.0515695067264574, 0.07527226137091608, 0.11242793081358103, 0.13741191543882128, 0.13452914798206278, 0.11947469570787957, 0.10442024343369635, 0.06021780909673286, 0.07046764894298527, 0.02626521460602178, 0.01313260730301089, 0.021460602178090968, 0.006085842408712364, 0.0019218449711723255, 0.0019218449711723255, 0.0012812299807815502, 0.00032030749519538755, 0.0], [0.0, 0.0, 0.0, 0.0, 0.0, 0.0006038647342995169, 0.0024154589371980675, 0.0024154589371980675, 0.007246376811594203, 0.01932367149758454, 0.027777777777777776, 0.042874396135265704, 0.07427536231884058, 0.08091787439613526, 0.11714975845410629, 0.12318840579710146, 0.14190821256038647, 0.09118357487922706, 0.0966183574879227, 0.04710144927536232, 0.033816425120772944, 0.04045893719806763, 0.024154589371980676, 0.011473429951690822, 0.012681159420289856, 0.0024154589371980675, 0.0, 0.0], [0.0, 0.0, 0.0, 0.0, 0.0, 0.000437636761487965, 0.00087527352297593, 0.00175054704595186, 0.00700218818380744, 0.01400437636761488, 0.024945295404814005, 0.04113785557986871, 0.07045951859956236, 0.12035010940919037, 0.1422319474835886, 0.13391684901531728, 0.13916849015317287, 0.07921225382932166, 0.10065645514223195, 0.04463894967177243, 0.03238512035010941, 0.029321663019693654, 0.00962800875273523, 0.003938730853391685, 0.00262582056892779, 0.001312910284463895, 0.0, 0.0], [0.00025056376847907793, 0.0, 0.00025056376847907793, 0.0005011275369581559, 0.00025056376847907793, 0.003006765221748935, 0.003006765221748935, 0.005512402906539714, 0.00952142320220496, 0.02505637684790779, 0.04986218992733651, 0.06439488849912303, 0.10122776246554749, 0.12327737409170635, 0.1305437233775996, 0.12628413931345528, 0.1270358306188925, 0.08043096968178401, 0.0691556001002255, 0.03157103482836382, 0.022550739163117013, 0.016286644951140065, 0.007516913054372337, 0.0017539463793535455, 0.0007516913054372337, 0.0, 0.0, 0.0], [0.0, 0.0, 0.0, 0.0, 0.0007496251874062968, 0.0, 0.0, 0.0014992503748125937, 0.005247376311844078, 0.01199400299850075, 0.04422788605697151, 0.05322338830584707, 0.0967016491754123, 0.10719640179910045, 0.13943028485757122, 0.15217391304347827, 0.1184407796101949, 0.08545727136431784, 0.07196401799100449, 0.04422788605697151, 0.03073463268365817, 0.017991004497751123, 0.01199400299850075, 0.0022488755622188904, 0.0037481259370314842, 0.0007496251874062968, 0.0, 0.0], [0.0, 0.0, 0.0, 0.0, 0.0, 0.0004847309743092584, 0.001454192922927775, 0.0024236548715462916, 0.003877847794474067, 0.0033931168201648087, 0.010179350460494426, 0.02666020358700921, 0.036839554047503636, 0.05913717886572952, 0.0930683470673776, 0.11342704798836646, 0.1478429471643238, 0.10033931168201649, 0.14444983034415898, 0.0814348036839554, 0.04411051866214251, 0.06834706737760543, 0.03296170625302957, 0.013572467280659235, 0.012118274357731459, 0.003877847794474067, 0.0, 0.0], [0.0, 0.0, 0.0, 0.0, 0.00024378352023403217, 0.0, 0.00048756704046806434, 0.0029254022428083864, 0.004144319843978547, 0.01121404193076548, 0.019990248659190638, 0.04436860068259386, 0.08142369575816674, 0.11579717211116529, 0.14066309117503656, 0.12286689419795221, 0.12774256460263286, 0.08873720136518772, 0.10775231594344223, 0.046318868844466114, 0.02901023890784983, 0.032423208191126277, 0.01657727937591419, 0.0021940516821062897, 0.0048756704046806435, 0.00024378352023403217, 0.0, 0.0], [0.0, 0.0, 0.00018726591760299626, 0.0, 0.0, 0.00018726591760299626, 0.0005617977528089888, 0.002059925093632959, 0.0052434456928838954, 0.01610486891385768, 0.03239700374531835, 0.05917602996254682, 0.09644194756554307, 0.1307116104868914, 0.1604868913857678, 0.13782771535580524, 0.1297752808988764, 0.06423220973782771, 0.08857677902621723, 0.030337078651685393, 0.015168539325842697, 0.01741573033707865, 0.007116104868913857, 0.0026217228464419477, 0.0026217228464419477, 0.000749063670411985, 0.0, 0.0], [0.0, 0.0, 0.0, 0.0, 0.0, 0.00043888523151195964, 0.0010972130787798991, 0.0017555409260478386, 0.006144393241167435, 0.01141101601931095, 0.020847048496818083, 0.04213298222514812, 0.07395216150976519, 0.11542681588764538, 0.14768488040377442, 0.15141540487162608, 0.16984858459512836, 0.07658547289883695, 0.10379635725257845, 0.030283080974325215, 0.019310950186526222, 0.018433179723502304, 0.005047180162387536, 0.0026333113890717576, 0.0017555409260478386, 0.0, 0.0, 0.0], [0.0, 0.0, 0.0, 0.0, 0.0, 0.05, 0.05, 0.11666666666666667, 0.11666666666666667, 0.08333333333333333, 0.05, 0.03333333333333333, 0.08333333333333333, 0.08333333333333333, 0.06666666666666667, 0.11666666666666667, 0.03333333333333333, 0.06666666666666667, 0.016666666666666666, 0.016666666666666666, 0.016666666666666666, 0.0, 0.0, 0.0, 0.0, 0.0, 0.0, 0.0]]}, "ranks": {"labels": ["Unranked", "Combatatent I", "Combatatent II", "Challenger I", "Challenger II", "Rival I", "Rival II", "Duelist", "Elite"], "data": [[0.27941176470588236, 0.22058823529411764, 0.22058823529411764, 0.19117647058823528, 0.014705882352941176, 0.07352941176470588, 0.0, 0.0, 0.0], [0.08940397350993377, 0.1280353200883002, 0.23289183222958057, 0.25938189845474613, 0.15673289183222958, 0.08498896247240618, 0.02207505518763797, 0.026490066225165563, 0.0], [0.0402088772845953, 0.08511749347258486, 0.21044386422976502, 0.2668407310704961, 0.21566579634464753, 0.12010443864229765, 0.030287206266318537, 0.029765013054830286, 0.001566579634464752], [0.054819277108433734, 0.0858433734939759, 0.18795180722891566, 0.2560240963855422, 0.24487951807228917, 0.11054216867469879, 0.030120481927710843, 0.026807228915662652, 0.0030120481927710845], [0.2413793103448276, 0.20689655172413793, 0.10344827586206896, 0.034482758620689655, 0.20689655172413793, 0.13793103448275862, 0.0, 0.06896551724137931, 0.0], [0.028619936939121998, 0.0654862963861266, 0.1683240358961921, 0.2459374242056755, 0.24448217317487267, 0.12878971622604898, 0.05238903710890128, 0.056269706524375455, 0.009701673538685424], [0.09000708717221828, 0.14599574769666904, 0.25301204819277107, 0.23175053153791636, 0.15095676824946846, 0.05669737774627923, 0.025513819985825654, 0.03756201275690999, 0.008504606661941885], [0.48148148148148145, 0.20987654320987653, 0.1728395061728395, 0.07407407407407407, 0.04938271604938271, 0.012345679012345678, 0.0, 0.0, 0.0], [0.12620865139949108, 0.17506361323155217, 0.24732824427480915, 0.2, 0.12366412213740458, 0.0628498727735369, 0.03307888040712468, 0.030025445292620866, 0.0017811704834605599], [0.05693519079345851, 0.09448818897637795, 0.20533010296789825, 0.25560266505148393, 0.23198061780738946, 0.09630526953361598, 0.023622047244094488, 0.03331314354936402, 0.0024227740763173833], [0.09570697124852304, 0.17684127609294997, 0.2548247341473021, 0.2288302481291847, 0.13194170933438362, 0.06301693580149666, 0.024812918471839307, 0.021662071681764473, 0.0023631350925561244], [0.04813194210703467, 0.09491753618310333, 0.18175698418041064, 0.26455738808481993, 0.23157186132615282, 0.1124200605856614, 0.029956243688993606, 0.032985526758667116, 0.003702457085156513], [0.07888040712468193, 0.1599418393311523, 0.23882224645583425, 0.25917848055252635, 0.15412577244638315, 0.07015630679752817, 0.020356234096692113, 0.016721192293711377, 0.0018175209014903672], [0.010237068965517241, 0.05872844827586207, 0.14655172413793102, 0.2516163793103448, 0.28663793103448276, 0.14601293103448276, 0.045797413793103446, 0.0490301724137931, 0.005387931034482759], [0.07547169811320754, 0.1740041928721174, 0.22851153039832284, 0.18867924528301888, 0.17819706498951782, 0.07337526205450734, 0.041928721174004195, 0.029350104821802937, 0.010482180293501049], [0.04585537918871252, 0.08641975308641975, 0.20282186948853614, 0.2830687830687831, 0.20899470899470898, 0.10229276895943562, 0.034832451499118164, 0.0291005291005291, 0.006613756613756613], [0.06047516198704104, 0.15442764578833693, 0.2435205183585313, 0.2386609071274298, 0.18844492440604751, 0.07883369330453564, 0.01673866090712743, 0.016198704103671708, 0.0026997840172786176], [0.2, 0.2, 0.2, 0.2, 0.1, 0.05, 0.05, 0.0, 0.0], [0.024271844660194174, 0.0646513680494263, 0.16262135922330098, 0.2447043248014122, 0.235657546337158, 0.14055604589585172, 0.06045895851721095, 0.0648720211827008, 0.002206531332744925], [0.022429906542056073, 0.06978193146417445, 0.16510903426791276, 0.27414330218068533, 0.23613707165109035, 0.12398753894080997, 0.04610591900311527, 0.048598130841121495, 0.013707165109034268], [0.0829605530703538, 0.1752745018300122, 0.26677511183407887, 0.23749491663277755, 0.13745424969499798, 0.06506710044733631, 0.02277348515656771, 0.011793411956079707, 0.00040666937779585197], [0.02197802197802198, 0.054945054945054944, 0.2673992673992674, 0.31135531135531136, 0.2783882783882784, 0.054945054945054944, 0.01098901098901099, 0.0, 0.0], [0.021042248890350158, 0.06214039125431531, 0.1676804208449778, 0.2689462436297879, 0.24478053591977642, 0.1476245273713628, 0.04142692750287687, 0.04175571264178859, 0.004602991944764097], [0.016878172588832487, 0.06269035532994924, 0.20774111675126902, 0.3131979695431472, 0.24403553299492386, 0.1081218274111675, 0.03197969543147208, 0.015101522842639594, 0.0002538071065989848], [0.04038549793483249, 0.10830656264341441, 0.22670949977053695, 0.2335933914639743, 0.20972923359339146, 0.10876548875631023, 0.038549793483249196, 0.03304268012849931, 0.0009178522257916476], [0.014732965009208104, 0.05064456721915286, 0.1427255985267035, 0.23756906077348067, 0.2421731123388582, 0.17004297114794353, 0.06015960712093309, 0.07059545733578883, 0.011356660527931247], [0.12076271186440678, 0.17690677966101695, 0.2309322033898305, 0.211864406779661, 0.1483050847457627, 0.07203389830508475, 0.023305084745762712, 0.013771186440677966, 0.00211864406779661], [0.1721311475409836, 0.21311475409836064, 0.18442622950819673, 0.22950819672131148, 0.12704918032786885, 0.06147540983606557, 0.0, 0.012295081967213115, 0.0], [0.0618193465727098, 0.1268417680973735, 0.2498398462524023, 0.25400384368994233, 0.1646380525304292, 0.08456117873158232, 0.02530429212043562, 0.029468289557975657, 0.003523382447149263], [0.0320048309178744, 0.07065217391304347, 0.15519323671497584, 0.24033816425120774, 0.23309178743961353, 0.12077294685990338, 0.05676328502415459, 0.07608695652173914, 0.015096618357487922], [0.024070021881838075, 0.06608315098468272, 0.19080962800875273, 0.2761487964989059, 0.21838074398249452, 0.12954048140043764, 0.04814004376367615, 0.04288840262582057, 0.003938730853391685], [0.04735655224254573, 0.11425707842645953, 0.22450513655725382, 0.2568278626910549, 0.20746680030067652, 0.08844901027311451, 0.034828363818591834, 0.02555750438486595, 0.0007516913054372337], [0.019490254872563718, 0.09745127436281859, 0.20389805097451275, 0.29160419790104947, 0.20389805097451275, 0.09895052473763119, 0.047976011994003, 0.03223388305847077, 0.004497751124437781], [0.0116335433834222, 0.036839554047503636, 0.09597673291323315, 0.20649539505574407, 0.2481822588463403, 0.19243819680077556, 0.07755695588948133, 0.11488124091129423, 0.015996122152205527], [0.01901511457825451, 0.0643588493417845, 0.19722086786933204, 0.2635299853729888, 0.21647976596782056, 0.13603120429058996, 0.04705021940516821, 0.051194539249146756, 0.005119453924914676], [0.024344569288389514, 0.09157303370786517, 0.22715355805243445, 0.298314606741573, 0.1940074906367041, 0.1052434456928839, 0.02883895131086142, 0.027153558052434457, 0.0033707865168539327], [0.020847048496818083, 0.0629800307219662, 0.18937897739741058, 0.2991002852754005, 0.24643405749396533, 0.1217906517445688, 0.031599736668861095, 0.026113671274961597, 0.0017555409260478386], [0.4166666666666667, 0.08333333333333333, 0.16666666666666666, 0.18333333333333332, 0.1, 0.016666666666666666, 0.03333333333333333, 0.0, 0.0]]}, "ranksDetailed": {"labels": ["Unranked", "Combatatant", "Challenger", "Rival", "Duelist", "Elite"], "data": [[0.27941176470588236, 0.4411764705882353, 0.20588235294117646, 0.07352941176470588, 0.0, 0.0], [0.08940397350993377, 0.3609271523178808, 0.41611479028697573, 0.10706401766004416, 0.026490066225165563, 0.0], [0.0402088772845953, 0.29556135770234987, 0.4825065274151436, 0.1503916449086162, 0.029765013054830286, 0.001566579634464752], [0.054819277108433734, 0.27379518072289155, 0.5009036144578313, 0.14066265060240965, 0.026807228915662652, 0.0030120481927710845], [0.2413793103448276, 0.3103448275862069, 0.2413793103448276, 0.13793103448275862, 0.06896551724137931, 0.0], [0.028619936939121998, 0.2338103322823187, 0.49041959738054813, 0.1811787533349503, 0.056269706524375455, 0.009701673538685424], [0.09000708717221828, 0.39900779588944013, 0.3827072997873848, 0.08221119773210489, 0.03756201275690999, 0.008504606661941885], [0.48148148148148145, 0.38271604938271603, 0.12345679012345678, 0.012345679012345678, 0.0, 0.0], [0.12620865139949108, 0.4223918575063613, 0.3236641221374046, 0.09592875318066157, 0.030025445292620866, 0.0017811704834605599], [0.05693519079345851, 0.29981829194427617, 0.4875832828588734, 0.11992731677771049, 0.03331314354936402, 0.0024227740763173833], [0.09570697124852304, 0.4316660102402521, 0.3607719574635683, 0.08782985427333596, 0.021662071681764473, 0.0023631350925561244], [0.04813194210703467, 0.276674520363514, 0.49612924941097275, 0.142376304274655, 0.032985526758667116, 0.003702457085156513], [0.07888040712468193, 0.3987640857869866, 0.4133042529989095, 0.09051254089422028, 0.016721192293711377, 0.0018175209014903672], [0.010237068965517241, 0.2052801724137931, 0.5382543103448276, 0.19181034482758622, 0.0490301724137931, 0.005387931034482759], [0.07547169811320754, 0.4025157232704403, 0.3668763102725367, 0.11530398322851153, 0.029350104821802937, 0.010482180293501049], [0.04585537918871252, 0.2892416225749559, 0.49206349206349204, 0.1371252204585538, 0.0291005291005291, 0.006613756613756613], [0.06047516198704104, 0.39794816414686823, 0.4271058315334773, 0.09557235421166306, 0.016198704103671708, 0.0026997840172786176], [0.2, 0.4, 0.3, 0.1, 0.0, 0.0], [0.024271844660194174, 0.22727272727272727, 0.48036187113857015, 0.20101500441306266, 0.0648720211827008, 0.002206531332744925], [0.022429906542056073, 0.23489096573208723, 0.5102803738317757, 0.17009345794392525, 0.048598130841121495, 0.013707165109034268], [0.0829605530703538, 0.44204961366409107, 0.37494916632777553, 0.08784058560390402, 0.011793411956079707, 0.00040666937779585197], [0.02197802197802198, 0.32234432234432236, 0.5897435897435898, 0.06593406593406594, 0.0, 0.0], [0.021042248890350158, 0.22982081209929311, 0.5137267795495644, 0.1890514548742397, 0.04175571264178859, 0.004602991944764097], [0.016878172588832487, 0.27043147208121826, 0.557233502538071, 0.1401015228426396, 0.015101522842639594, 0.0002538071065989848], [0.04038549793483249, 0.3350160624139514, 0.44332262505736575, 0.14731528223955942, 0.03304268012849931, 0.0009178522257916476], [0.014732965009208104, 0.19337016574585636, 0.47974217311233885, 0.2302025782688766, 0.07059545733578883, 0.011356660527931247], [0.12076271186440678, 0.4078389830508475, 0.3601694915254237, 0.09533898305084745, 0.013771186440677966, 0.00211864406779661], [0.1721311475409836, 0.3975409836065574, 0.35655737704918034, 0.06147540983606557, 0.012295081967213115, 0.0], [0.0618193465727098, 0.37668161434977576, 0.41864189622037157, 0.10986547085201794, 0.029468289557975657, 0.003523382447149263], [0.0320048309178744, 0.22584541062801933, 0.47342995169082125, 0.17753623188405798, 0.07608695652173914, 0.015096618357487922], [0.024070021881838075, 0.25689277899343543, 0.49452954048140046, 0.17768052516411378, 0.04288840262582057, 0.003938730853391685], [0.04735655224254573, 0.33876221498371334, 0.4642946629917314, 0.12327737409170635, 0.02555750438486595, 0.0007516913054372337], [0.019490254872563718, 0.30134932533733133, 0.4955022488755622, 0.1469265367316342, 0.03223388305847077, 0.004497751124437781], [0.0116335433834222, 0.1328162869607368, 0.45467765390208437, 0.2699951526902569, 0.11488124091129423, 0.015996122152205527], [0.01901511457825451, 0.2615797172111165, 0.48000975134080937, 0.18308142369575817, 0.051194539249146756, 0.005119453924914676], [0.024344569288389514, 0.3187265917602996, 0.49232209737827715, 0.13408239700374533, 0.027153558052434457, 0.0033707865168539327], [0.020847048496818083, 0.2523590081193768, 0.5455343427693659, 0.1533903884134299, 0.026113671274961597, 0.0017555409260478386], [0.4166666666666667, 0.25, 0.2833333333333333, 0.05, 0.0, 0.0]]}}}, "eu": {"histType": {"histogram": {"labels": ["0", "100", "200", "300", "400", "500", "600", "700", "800", "900", "1000", "1100", "1200", "1300", "1400", "1500", "1600", "1700", "1800", "1900", "2000", "2100", "2200", "2300", "2400", "2500", "2600", "2700"], "data": [[0.0, 0.0, 0.0, 0.0, 0.0, 0.017241379310344827, 0.05172413793103448, 0.06896551724137931, 0.06896551724137931, 0.08620689655172414, 0.10344827586206896, 0.15517241379310345, 0.08620689655172414, 0.08620689655172414, 0.08620689655172414, 0.06896551724137931, 0.05172413793103448, 0.017241379310344827, 0.0, 0.034482758620689655, 0.017241379310344827, 0.0, 0.0, 0.0, 0.0, 0.0, 0.0, 0.0], [0.0011737089201877935, 0.0, 0.0, 0.0, 0.002347417840375587, 0.002347417840375587, 0.004694835680751174, 0.009389671361502348, 0.029342723004694836, 0.03873239436619718, 0.05985915492957746, 0.10211267605633803, 0.12323943661971831, 0.13615023474178403, 0.1396713615023474, 0.10211267605633803, 0.10446009389671361, 0.03755868544600939, 0.05868544600938967, 0.018779342723004695, 0.01056338028169014, 0.017605633802816902, 0.0011737089201877935, 0.0, 0.0, 0.0, 0.0, 0.0], [0.0, 0.0, 0.0, 0.0, 0.002355712603062426, 0.0005889281507656066, 0.001177856301531213, 0.008244994110718492, 0.014134275618374558, 0.02591283863368669, 0.04770318021201413, 0.05123674911660778, 0.09422850412249706, 0.11130742049469965, 0.15371024734982333, 0.13015312131919907, 0.1419316843345112, 0.0706713780918728, 0.0812720848056537, 0.02591283863368669, 0.014723203769140165, 0.018256772673733806, 0.005889281507656066, 0.0005889281507656066, 0.0, 0.0, 0.0, 0.0], [0.0, 0.0, 0.0, 0.0, 0.00026574541589157585, 0.00026574541589157585, 0.002125963327132607, 0.009301089556205155, 0.012490034546904066, 0.019399415360085038, 0.04119053946319426, 0.05341482859420675, 0.07998937018336434, 0.10948711134732926, 0.1344671804411374, 0.12941801753919746, 0.14562848790858357, 0.09593409513685888, 0.08610151474887058, 0.03800159447249535, 0.017539197448844007, 0.01488174328992825, 0.00451767207015679, 0.002125963327132607, 0.0018602179112410311, 0.0013287270794578793, 0.00026574541589157585, 0.0], [0.0, 0.0, 0.0, 0.0, 0.0, 0.0, 0.06451612903225806, 0.12903225806451613, 0.06451612903225806, 0.03225806451612903, 0.16129032258064516, 0.12903225806451613, 0.0, 0.06451612903225806, 0.06451612903225806, 0.0967741935483871, 0.03225806451612903, 0.03225806451612903, 0.03225806451612903, 0.06451612903225806, 0.0, 0.03225806451612903, 0.0, 0.0, 0.0, 0.0, 0.0, 0.0], [0.0, 0.00023518344308560678, 0.00023518344308560678, 0.0, 0.0007055503292568204, 0.00047036688617121356, 0.00047036688617121356, 0.003998118532455315, 0.006820319849482596, 0.013405456255879586, 0.023047977422389464, 0.03762935089369708, 0.06890874882408278, 0.09995296331138288, 0.12464722483537159, 0.1107714016933208, 0.13334901222953904, 0.08701787394167451, 0.11288805268109126, 0.0590310442144873, 0.034807149576669805, 0.04186265286923801, 0.018344308560677328, 0.00940733772342427, 0.00729068673565381, 0.0035277516462841017, 0.0011759172154280338, 0.0], [0.0, 0.0006297229219143577, 0.0012594458438287153, 0.0006297229219143577, 0.0012594458438287153, 0.004408060453400504, 0.003778337531486146, 0.015113350125944584, 0.03526448362720403, 0.039672544080604534, 0.06801007556675064, 0.08312342569269521, 0.11083123425692695, 0.1190176322418136, 0.11020151133501259, 0.09382871536523929, 0.09256926952141058, 0.05289672544080604, 0.05415617128463476, 0.030226700251889168, 0.020151133501259445, 0.02959697732997481, 0.015743073047858942, 0.005037783375314861, 0.006297229219143577, 0.005037783375314861, 0.0012594458438287153, 0.0], [0.0, 0.0, 0.0, 0.0, 0.0, 0.020833333333333332, 0.0, 0.1875, 0.0625, 0.041666666666666664, 0.1875, 0.125, 0.0625, 0.125, 0.041666666666666664, 0.10416666666666667, 0.041666666666666664, 0.0, 0.0, 0.0, 0.0, 0.0, 0.0, 0.0, 0.0, 0.0, 0.0, 0.0], [0.0004973887092762995, 0.0002486943546381497, 0.000994777418552599, 0.0007460830639144492, 0.0007460830639144492, 0.002238249191743347, 0.0067147475752300425, 0.017905993533946778, 0.03531459835861726, 0.05719970156677443, 0.0855508579955235, 0.09773688137279284, 0.12981845312111415, 0.11290723700571997, 0.10370554588410844, 0.08430738622233275, 0.07585177816463566, 0.05123103705545884, 0.04774931609052475, 0.029843322556577966, 0.021636408853519026, 0.01865207659786123, 0.009947774185525988, 0.005471275802039294, 0.002735637901019647, 0.0002486943546381497, 0.0, 0.0], [0.0, 0.0, 0.0, 0.0, 0.0007763975155279503, 0.0007763975155279503, 0.0015527950310559005, 0.004658385093167702, 0.010869565217391304, 0.024844720496894408, 0.05124223602484472, 0.06055900621118013, 0.07841614906832298, 0.11956521739130435, 0.1513975155279503, 0.1172360248447205, 0.1358695652173913, 0.06832298136645963, 0.08695652173913043, 0.03183229813664596, 0.020186335403726708, 0.017857142857142856, 0.011645962732919254, 0.002329192546583851, 0.003105590062111801, 0.0, 0.0, 0.0], [0.0004914004914004914, 0.0, 0.0, 0.0, 0.0014742014742014742, 0.0034398034398034397, 0.004422604422604423, 0.011793611793611793, 0.028992628992628992, 0.04914004914004914, 0.07321867321867322, 0.09828009828009827, 0.12039312039312039, 0.11891891891891893, 0.11597051597051597, 0.09385749385749385, 0.08108108108108109, 0.057985257985257985, 0.05995085995085995, 0.02800982800982801, 0.016216216216216217, 0.02113022113022113, 0.008353808353808353, 0.0034398034398034397, 0.0034398034398034397, 0.0, 0.0, 0.0], [0.0, 0.0, 0.0, 0.00036075036075036075, 0.00036075036075036075, 0.0007215007215007215, 0.001443001443001443, 0.006493506493506494, 0.015151515151515152, 0.026334776334776336, 0.0386002886002886, 0.05303030303030303, 0.0891053391053391, 0.09776334776334776, 0.12012987012987013, 0.12301587301587301, 0.13672438672438672, 0.09523809523809523, 0.09487734487734488, 0.04148629148629149, 0.024531024531024532, 0.020562770562770564, 0.008658008658008658, 0.00036075036075036075, 0.00468975468975469, 0.00036075036075036075, 0.0, 0.0], [0.0, 0.0, 0.0, 0.0009385265133740028, 0.0004692632566870014, 0.0009385265133740028, 0.0018770530267480056, 0.014077897700610043, 0.02627874237447208, 0.03613327076489911, 0.07883622712341623, 0.08118254340685124, 0.11637728765837635, 0.14124824026278743, 0.1313937118723604, 0.1018301267010793, 0.09713749413420929, 0.05584232754575317, 0.052088221492257156, 0.025809479117785077, 0.014077897700610043, 0.01360863444392304, 0.004692632566870014, 0.0018770530267480056, 0.0028155795401220087, 0.0004692632566870014, 0.0, 0.0], [0.0, 0.0, 0.0, 0.0, 0.0, 0.0, 0.000496031746031746, 0.001984126984126984, 0.004464285714285714, 0.010416666666666666, 0.018849206349206348, 0.031746031746031744, 0.06646825396825397, 0.09474206349206349, 0.1259920634920635, 0.13740079365079366, 0.16021825396825398, 0.10863095238095238, 0.09623015873015874, 0.05257936507936508, 0.03273809523809524, 0.03571428571428571, 0.013392857142857142, 0.003472222222222222, 0.003472222222222222, 0.000496031746031746, 0.000496031746031746, 0.0], [0.0, 0.0, 0.0, 0.0, 0.0, 0.0025, 0.005, 0.0175, 0.0325, 0.04, 0.0625, 0.0725, 0.0925, 0.1275, 0.1225, 0.0825, 0.1, 0.09, 0.065, 0.0275, 0.015, 0.0125, 0.02, 0.0125, 0.0, 0.0, 0.0, 0.0], [0.0, 0.0, 0.0, 0.0, 0.0004299226139294927, 0.0012897678417884782, 0.0034393809114359416, 0.00816852966466036, 0.012467755803955288, 0.018916595012897677, 0.03353396388650043, 0.06233877901977644, 0.07609630266552021, 0.12725709372312985, 0.13327601031814273, 0.11049011177987962, 0.13370593293207222, 0.0825451418744626, 0.07996560619088564, 0.04299226139294927, 0.021926053310404127, 0.024505588993981083, 0.010748065348237317, 0.006448839208942391, 0.006878761822871883, 0.0017196904557179708, 0.0008598452278589854, 0.0], [0.0, 0.0, 0.0, 0.0004967709885742673, 0.0, 0.0004967709885742673, 0.004967709885742673, 0.009935419771485345, 0.01987083954297069, 0.030303030303030304, 0.06507699950322901, 0.09190263288623944, 0.09836065573770492, 0.12468951813214109, 0.13114754098360656, 0.11674118231495281, 0.10432190760059612, 0.06408345752608048, 0.06954793840039741, 0.024838549428713365, 0.017386984600099353, 0.01092896174863388, 0.00546448087431694, 0.007451564828614009, 0.001987083954297069, 0.0, 0.0, 0.0], [0.0, 0.0, 0.0, 0.0, 0.0, 0.0, 0.0, 0.0625, 0.0625, 0.0625, 0.0, 0.0625, 0.1875, 0.0625, 0.1875, 0.1875, 0.0625, 0.0, 0.0625, 0.0, 0.0, 0.0, 0.0, 0.0, 0.0, 0.0, 0.0, 0.0], [0.0, 0.0, 0.00022977941176470588, 0.0, 0.00022977941176470588, 0.00022977941176470588, 0.0011488970588235295, 0.0027573529411764708, 0.006893382352941176, 0.013097426470588236, 0.023207720588235295, 0.04044117647058824, 0.06502757352941177, 0.09489889705882353, 0.11374080882352941, 0.11856617647058823, 0.14315257352941177, 0.09627757352941177, 0.10386029411764706, 0.058363970588235295, 0.046185661764705885, 0.04802389705882353, 0.015395220588235295, 0.004365808823529412, 0.00390625, 0.0, 0.0, 0.0], [0.0, 0.0006116207951070336, 0.0, 0.0, 0.0, 0.0, 0.0006116207951070336, 0.0024464831804281344, 0.0061162079510703364, 0.021406727828746176, 0.017737003058103974, 0.04097859327217125, 0.07033639143730887, 0.10275229357798166, 0.11559633027522936, 0.1217125382262997, 0.15168195718654434, 0.09113149847094801, 0.10397553516819572, 0.0617737003058104, 0.027522935779816515, 0.03058103975535168, 0.01345565749235474, 0.009785932721712538, 0.005504587155963303, 0.004281345565749235, 0.0, 0.0], [0.0, 0.0, 0.0, 0.0008853474988933156, 0.0, 0.0008853474988933156, 0.0026560424966799467, 0.009296148738379814, 0.023461708720672863, 0.05444887118193891, 0.0650730411686587, 0.10978308986277113, 0.14209827357237717, 0.13147410358565736, 0.13103142983621072, 0.09694555112881806, 0.10004426737494466, 0.04869411243913236, 0.03762726870296591, 0.02036299247454626, 0.007082779991146525, 0.011066843736166445, 0.004426737494466578, 0.002213368747233289, 0.0004426737494466578, 0