{"region": {"us": {"histType": {"histogram": {"labels": ["0", "100", "200", "300", "400", "500", "600", "700", "800", "900", "1000", "1100", "1200", "1300", "1400", "1500", "1600", "1700", "1800", "1900", "2000", "2100", "2200", "2300", "2400", "2500", "2600", "2700", "2800", "2900", "3000", "3100"], "data": [[0.0, 0.0, 0.0033783783783783786, 0.0033783783783783786, 0.0033783783783783786, 0.010135135135135136, 0.02702702702702703, 0.013513513513513514, 0.037162162162162164, 0.030405405405405407, 0.06756756756756757, 0.08445945945945946, 0.08108108108108109, 0.11148648648648649, 0.10135135135135136, 0.11486486486486487, 0.08445945945945946, 0.06418918918918919, 0.05067567567567568, 0.05405405405405406, 0.02364864864864865, 0.013513513513513514, 0.02027027027027027, 0.0, 0.0, 0.0, 0.0, 0.0, 0.0, 0.0, 0.0, 0.0], [0.0, 0.0008613264427217916, 0.0, 0.0004306632213608958, 0.0008613264427217916, 0.0012919896640826874, 0.005598621877691645, 0.010766580534022395, 0.0103359173126615, 0.021963824289405683, 0.03488372093023256, 0.04478897502153316, 0.06718346253229975, 0.07536606373815675, 0.1029285099052541, 0.1227390180878553, 0.14944013781223084, 0.090869939707149, 0.1429801894918174, 0.05167958656330749, 0.02239448751076658, 0.017226528854435832, 0.00818260120585702, 0.00516795865633075, 0.004737295434969853, 0.002153316106804479, 0.004737295434969853, 0.0004306632213608958, 0.0, 0.0, 0.0, 0.0], [0.00013776002204160352, 0.0, 0.0, 0.00027552004408320705, 0.00027552004408320705, 0.00027552004408320705, 0.00027552004408320705, 0.0006888001102080177, 0.0037195205951232953, 0.004546080727372916, 0.008265601322496211, 0.012398401983744317, 0.019699683151949303, 0.031271525003444, 0.0469761675161868, 0.07094641135142582, 0.1209532993525279, 0.10607521697203472, 0.2573357211737154, 0.08747761399641824, 0.05827248932359829, 0.08058961289433807, 0.025623364099738255, 0.014602562336409974, 0.02851632456261193, 0.010056481609037058, 0.004408320705331313, 0.0035817605730816917, 0.0016531202644992423, 0.0011020801763328282, 0.0, 0.0], [0.0, 0.0, 0.0, 0.0, 0.00012594458438287153, 0.00025188916876574307, 0.0011335012594458438, 0.0023929471032745593, 0.00654911838790932, 0.011335012594458438, 0.01712846347607053, 0.020025188916876574, 0.0371536523929471, 0.052267002518891686, 0.07745591939546599, 0.104911838790932, 0.16158690176322418, 0.11146095717884132, 0.1853904282115869, 0.07531486146095717, 0.04874055415617128, 0.0491183879093199, 0.015869017632241814, 0.007556675062972292, 0.008816120906801008, 0.0031486146095717885, 0.0010075566750629723, 0.0008816120906801007, 0.00012594458438287153, 0.00025188916876574307, 0.0, 0.0], [0.0, 0.0, 0.0, 0.0, 0.009174311926605505, 0.0, 0.009174311926605505, 0.03669724770642202, 0.027522935779816515, 0.05504587155963303, 0.045871559633027525, 0.07339449541284404, 0.08256880733944955, 0.11009174311926606, 0.07339449541284404, 0.10091743119266056, 0.05504587155963303, 0.03669724770642202, 0.08256880733944955, 0.10091743119266056, 0.027522935779816515, 0.045871559633027525, 0.01834862385321101, 0.009174311926605505, 0.0, 0.0, 0.0, 0.0, 0.0, 0.0, 0.0, 0.0], [0.0, 0.0, 0.0, 0.00013032712107389547, 0.0, 0.00013032712107389547, 0.0, 0.0019549068161084323, 0.0016942525739606412, 0.007167991659064251, 0.011338459533428907, 0.01902775967678874, 0.03375472435813893, 0.057995568877883485, 0.08744949824058386, 0.1208132412355011, 0.1560015639254529, 0.10582562231200313, 0.16238759285807378, 0.06829141144272123, 0.04196533298579434, 0.05786524175680959, 0.0202007037664538, 0.00951387983839437, 0.019158086797862635, 0.007428645901212042, 0.0036491593900690733, 0.0036491593900690733, 0.0018245796950345367, 0.0007819627264433729, 0.0, 0.0], [0.0, 0.0, 0.0002763957987838585, 0.001658374792703151, 0.001658374792703151, 0.002763957987838585, 0.0046987285793255945, 0.008844665561083471, 0.018518518518518517, 0.02736318407960199, 0.03897180762852405, 0.046710889994472087, 0.07075732448866777, 0.08595909342177999, 0.11028192371475953, 0.12880044223327805, 0.12548369264787176, 0.08485351022664456, 0.09977888336097292, 0.03924820342730791, 0.027086788280818133, 0.027086788280818133, 0.012161415146489774, 0.006909894969596462, 0.011885019347705915, 0.005804311774461028, 0.006357103372028745, 0.0019347705914870095, 0.002763957987838585, 0.0013819789939192924, 0.0, 0.0], [0.003472222222222222, 0.0, 0.003472222222222222, 0.010416666666666666, 0.013888888888888888, 0.013888888888888888, 0.017361111111111112, 0.04861111111111111, 0.052083333333333336, 0.1076388888888889, 0.08680555555555555, 0.09722222222222222, 0.09375, 0.11458333333333333, 0.06944444444444445, 0.06944444444444445, 0.06597222222222222, 0.03125, 0.020833333333333332, 0.034722222222222224, 0.017361111111111112, 0.027777777777777776, 0.0, 0.0, 0.0, 0.0, 0.0, 0.0, 0.0, 0.0, 0.0, 0.0], [0.0004152823920265781, 0.00031146179401993354, 0.0005191029900332226, 0.0006229235880398671, 0.0005191029900332226, 0.0019725913621262458, 0.0016611295681063123, 0.00529485049833887, 0.009759136212624584, 0.020764119601328904, 0.03540282392026578, 0.05056063122923588, 0.06592607973421927, 0.0757890365448505, 0.09696843853820598, 0.11669435215946844, 0.13693936877076412, 0.08357558139534883, 0.10008305647840532, 0.05658222591362126, 0.03820598006644518, 0.03945182724252492, 0.016403654485049834, 0.011731727574750831, 0.018687707641196014, 0.007786544850498339, 0.0039451827242524915, 0.0031146179401993356, 0.00031146179401993354, 0.0, 0.0, 0.0], [0.0, 0.0, 0.0, 0.0, 0.0, 0.0003951007506914263, 0.0003951007506914263, 0.0003951007506914263, 0.0003951007506914263, 0.005926511260371394, 0.0075069142631371, 0.007902015013828527, 0.011853022520742789, 0.022915843540102725, 0.04306598182536547, 0.06361122086131964, 0.08494666139865666, 0.08652706440142237, 0.17977084156459897, 0.08613196365073093, 0.08376135914658238, 0.11734492295535362, 0.05452390359541683, 0.02568154879494271, 0.0616357171078625, 0.02133544053733702, 0.014223627024891347, 0.01066772026866851, 0.005926511260371394, 0.0031608060055314103, 0.0, 0.0], [0.0, 0.0, 0.0006626905235255136, 0.0, 0.0019880715705765406, 0.0009940357852882703, 0.003976143141153081, 0.003644797879390325, 0.011928429423459244, 0.018886679920477135, 0.030483764082173626, 0.03711066931742876, 0.060304837640821736, 0.07455268389662027, 0.09642147117296222, 0.11365142478462557, 0.14049039098740887, 0.09410205434062292, 0.14678595096090125, 0.04970178926441352, 0.03512259774685222, 0.03876739562624255, 0.011928429423459244, 0.00927766732935719, 0.009609012591119947, 0.003976143141153081, 0.003644797879390325, 0.0016567263088137839, 0.0003313452617627568, 0.0, 0.0, 0.0], [0.00018730099269526128, 0.0, 0.0005619029780857839, 0.0005619029780857839, 0.0009365049634763064, 0.0022476119123431356, 0.004869825810076793, 0.008615845663982019, 0.014984079415620903, 0.023787226072298183, 0.051695073983892115, 0.06592994942873197, 0.09102828244989698, 0.09945682712118374, 0.1344821127551976, 0.13279640382094024, 0.12380595617156771, 0.0721108821876756, 0.07698070799775239, 0.03652369357557595, 0.020977711181869262, 0.016482487357182992, 0.0074920397078104516, 0.005431728788162577, 0.004120621839295748, 0.002060310919647874, 0.0014984079415620902, 0.00037460198539052256, 0.0, 0.0, 0.0, 0.0], [0.0, 0.0, 0.0, 0.0, 0.0003514320857494289, 0.0007028641714988579, 0.0028114566859954314, 0.0033386048146195747, 0.007731505886487436, 0.010367246529608153, 0.024951678088209455, 0.037954665260938325, 0.05271481286241434, 0.06852925672113865, 0.10824108241082411, 0.11316113161131611, 0.14356000702864172, 0.1043753294675804, 0.15129151291512916, 0.05886487436302935, 0.03549464066069232, 0.033210332103321034, 0.01300298717272887, 0.009664382358109295, 0.011772974872605868, 0.003514320857494289, 0.0021085925144965737, 0.0017571604287471446, 0.0005271481286241434, 0.0, 0.0, 0.0], [0.0002361553902467824, 0.0, 0.0, 0.0001180776951233912, 0.0002361553902467824, 0.0004723107804935648, 0.0015350100366040855, 0.0023615539024678237, 0.005077340890305821, 0.014523556500177117, 0.02267091746369111, 0.028220569134490496, 0.0388475616955957, 0.05407958436651317, 0.08076514346439957, 0.1098122564647538, 0.14570787578226474, 0.1073326248671626, 0.15869642224583777, 0.07309009328137915, 0.048884165781083955, 0.053134962805526036, 0.017711654268508677, 0.008619671744007558, 0.013697012634313378, 0.005077340890305821, 0.0027157869878379976, 0.003070020073208171, 0.0023615539024678237, 0.0009446215609871296, 0.0, 0.0], [0.0, 0.0, 0.00024061597690086623, 0.0, 0.00048123195380173246, 0.00048123195380173246, 0.00048123195380173246, 0.0014436958614051972, 0.0038498556304138597, 0.004331087584215592, 0.013233878729547642, 0.0178055822906641, 0.037295476419634266, 0.0519730510105871, 0.07531280076997113, 0.10779595765158806, 0.15567853705486046, 0.11333012512030799, 0.1686717998075072, 0.08373435996150144, 0.05149181905678537, 0.05245428296438884, 0.02237728585178056, 0.010346487006737248, 0.014918190567853706, 0.0064966313763233875, 0.002165543792107796, 0.001203079884504331, 0.0016843118383060634, 0.0007218479307025986, 0.0, 0.0], [0.0, 0.0, 0.0, 0.0, 0.001718213058419244, 0.000859106529209622, 0.000859106529209622, 0.005584192439862543, 0.010738831615120275, 0.015893470790378006, 0.018900343642611683, 0.03178694158075601, 0.04939862542955326, 0.062285223367697595, 0.08161512027491409, 0.10652920962199312, 0.13702749140893472, 0.10438144329896908, 0.12843642611683848, 0.06142611683848797, 0.04939862542955326, 0.048109965635738834, 0.02663230240549828, 0.014175257731958763, 0.018470790378006873, 0.009879725085910653, 0.005154639175257732, 0.003865979381443299, 0.003865979381443299, 0.003006872852233677, 0.0, 0.0], [0.00022794620469569182, 0.0, 0.00045589240939138365, 0.0006838386140870754, 0.0006838386140870754, 0.0009117848187827673, 0.0022794620469569183, 0.0038750854798267607, 0.00752222475495783, 0.013220879872350126, 0.023022566674264874, 0.04285388648279006, 0.06861180761340324, 0.08114884887166629, 0.11009801686801915, 0.12468657396854342, 0.13540004558924093, 0.09573740597219056, 0.1228630043309779, 0.05151584226122635, 0.02986095281513563, 0.038294962388876225, 0.015500341919307043, 0.0059266013220879874, 0.012764987462958741, 0.003647139275131069, 0.003419193070435377, 0.00250740825165261, 0.0020515158422612263, 0.00022794620469569182, 0.0, 0.0], [0.0, 0.0, 0.000171939477303989, 0.000343878954607978, 0.0005158184319119669, 0.000343878954607978, 0.001203576341127923, 0.003266850068775791, 0.004298486932599725, 0.011519944979367263, 0.022524071526822557, 0.026822558459422285, 0.0515818431911967, 0.06516506189821183, 0.09817744154057771, 0.12396836313617607, 0.14872764786795048, 0.09645804676753783, 0.17365887207702888, 0.057083906464924346, 0.033184319119669875, 0.036279229711141676, 0.015130674002751032, 0.0068775790921595595, 0.011691884456671253, 0.003610729023383769, 0.003094910591471802, 0.0017193947730398899, 0.001375515818431912, 0.001203576341127923, 0.0, 0.0], [0.0, 0.0, 0.0, 0.010309278350515464, 0.010309278350515464, 0.010309278350515464, 0.0, 0.010309278350515464, 0.020618556701030927, 0.061855670103092786, 0.020618556701030927, 0.05154639175257732, 0.05154639175257732, 0.041237113402061855, 0.061855670103092786, 0.12371134020618557, 0.1134020618556701, 0.08247422680412371, 0.061855670103092786, 0.030927835051546393, 0.07216494845360824, 0.030927835051546393, 0.041237113402061855, 0.010309278350515464, 0.07216494845360824, 0.010309278350515464, 0.0, 0.0, 0.0, 0.0, 0.0, 0.0], [0.00024369440721335446, 0.00012184720360667723, 0.0, 0.00012184720360667723, 0.00024369440721335446, 0.00024369440721335446, 0.0003655416108200317, 0.0018277080541001583, 0.0030461800901669307, 0.006701596198367248, 0.01181917874984769, 0.0176678445229682, 0.03338613378822956, 0.050688436700377724, 0.08626782015352748, 0.130985743877178, 0.1685146825880346, 0.1300109662483246, 0.1380528816863653, 0.07310832216400634, 0.04752040940660412, 0.05056658949677105, 0.018277080541001585, 0.009016693066894114, 0.011697331546241014, 0.0032898744973802853, 0.003777263311806994, 0.0024369440721335447, 0.0, 0.0, 0.0, 0.0], [0.0, 0.0, 0.0, 0.0001599488163787588, 0.0, 0.0003198976327575176, 0.0014395393474088292, 0.000799744081893794, 0.0022392834293026233, 0.0033589251439539347, 0.008317338451695458, 0.01199616122840691, 0.020473448496481125, 0.029750479846449136, 0.0508637236084453, 0.08061420345489444, 0.12523992322456814, 0.1183621241202815, 0.19497760716570697, 0.09964811260396673, 0.07005758157389635, 0.08589251439539347, 0.029910428662827896, 0.015355086372360844, 0.02495201535508637, 0.011036468330134356, 0.005758157389635317, 0.005438259756877799, 0.0017594369801663468, 0.0012795905310300703, 0.0, 0.0], [0.00031689025034329775, 0.00010563008344776593, 0.0, 0.00021126016689553185, 0.00021126016689553185, 0.0007394105841343615, 0.0008450406675821274, 0.002535122002746382, 0.0038026830041195735, 0.0072884757578958485, 0.014365691348896165, 0.01943593535438893, 0.024611809443329462, 0.03887187070877786, 0.05651209464455477, 0.08788422942854125, 0.12210837646561741, 0.12844618147248335, 0.18992289003908314, 0.10003168902503433, 0.06253300940107742, 0.06897644449139115, 0.027041301362628077, 0.013415020597866272, 0.01837963451991127, 0.005492764339283828, 0.002535122002746382, 0.0033801626703285096, 0.0, 0.0, 0.0, 0.0], [0.0, 0.0, 0.0, 0.0017761989342806395, 0.0017761989342806395, 0.0, 0.0, 0.0053285968028419185, 0.008880994671403197, 0.0053285968028419185, 0.015985790408525755, 0.02664298401420959, 0.046181172291296625, 0.09236234458259325, 0.0941385435168739, 0.1438721136767318, 0.16873889875666073, 0.12078152753108348, 0.15808170515097691, 0.055062166962699825, 0.023090586145648313, 0.019538188277087035, 0.007104795737122558, 0.0017761989342806395, 0.003552397868561279, 0.0, 0.0, 0.0, 0.0, 0.0, 0.0, 0.0], [0.0, 0.0, 0.0, 0.0002639450994193208, 0.0, 0.00017596339961288053, 0.0002639450994193208, 0.0007918352982579623, 0.0021115607953545662, 0.005718810487418617, 0.008710188280837586, 0.016276614464191447, 0.028154143938060882, 0.035016716522963225, 0.05542847087805736, 0.07100123174379729, 0.11543199014604962, 0.09106105929966567, 0.21995424951610065, 0.09757170508534226, 0.06800985395037833, 0.10320253387295443, 0.031937357029737816, 0.012405419672708076, 0.020851662854126343, 0.007302481083934542, 0.00334330459264473, 0.0025514692943867674, 0.002463487594580327, 0.0, 0.0, 0.0], [0.00018091361374943465, 9.045680687471733e-05, 9.045680687471733e-05, 0.000271370420624152, 0.000542740841248304, 0.000542740841248304, 0.0006331976481230212, 0.0012663952962460425, 0.0016282225237449117, 0.006512890094979647, 0.011759384893713252, 0.024875621890547265, 0.04613297150610583, 0.0668475802804161, 0.10140208050655812, 0.14427860696517414, 0.19167797376752602, 0.12654907281772954, 0.14690185436454092, 0.05373134328358209, 0.030303030303030304, 0.023880597014925373, 0.009407507914970602, 0.004070556309362279, 0.0029850746268656717, 0.0014473089099954772, 0.0018091361374943465, 0.00018091361374943465, 0.0, 0.0, 0.0, 0.0], [0.0, 0.0001239771881973717, 0.0, 0.0001239771881973717, 0.0002479543763947434, 0.0008678403173816018, 0.0011157946937763452, 0.0022315893875526904, 0.0033473840813290356, 0.006074882221671213, 0.012769650384329284, 0.02194396231093479, 0.03297793206050087, 0.04760724026779073, 0.0774857426233573, 0.12645673196131912, 0.16662534093726755, 0.12124969005702951, 0.15819489213984628, 0.08170096702206794, 0.0459955368212249, 0.0459955368212249, 0.021076121993553187, 0.010166129432184479, 0.009918175055789735, 0.002727498140342177, 0.0021076121993553187, 0.0008678403173816018, 0.0, 0.0, 0.0, 0.0], [0.0, 0.0, 0.0, 0.0, 0.0002965599051008304, 0.0, 0.0008896797153024911, 0.0008896797153024911, 0.001631079478054567, 0.00370699881376038, 0.009934756820877817, 0.01601423487544484, 0.027431791221826807, 0.04774614472123369, 0.08348161328588374, 0.11506524317912219, 0.15258007117437722, 0.0986061684460261, 0.18994661921708186, 0.0683570581257414, 0.04463226571767497, 0.0566429418742586, 0.025948991696322657, 0.012752075919335706, 0.019276393831553974, 0.008896797153024912, 0.005634638196915777, 0.00370699881376038, 0.004744958481613286, 0.0011862396204033216, 0.0, 0.0], [0.0003819709702062643, 0.0003819709702062643, 0.0003819709702062643, 0.0007639419404125286, 0.002291825821237586, 0.0030557677616501145, 0.004583651642475172, 0.00878533231474408, 0.015278838808250574, 0.03170359052711994, 0.037815126050420166, 0.057295645530939646, 0.061879297173414824, 0.08594346829640948, 0.11764705882352941, 0.11191749427043544, 0.12261268143621085, 0.0748663101604278, 0.13750954927425516, 0.040106951871657755, 0.026737967914438502, 0.026737967914438502, 0.0106951871657754, 0.0038197097020626434, 0.008403361344537815, 0.002291825821237586, 0.0053475935828877, 0.0003819709702062643, 0.0003819709702062643, 0.0, 0.0, 0.0], [0.0, 0.0, 0.0, 0.002005347593582888, 0.00267379679144385, 0.00267379679144385, 0.004679144385026738, 0.011363636363636364, 0.011363636363636364, 0.013368983957219251, 0.02540106951871658, 0.03542780748663102, 0.0481283422459893, 0.05414438502673797, 0.08689839572192513, 0.11229946524064172, 0.14171122994652408, 0.11163101604278075, 0.1697860962566845, 0.05815508021390375, 0.03074866310160428, 0.02807486631016043, 0.019385026737967916, 0.008689839572192513, 0.011363636363636364, 0.004679144385026738, 0.002005347593582888, 0.00267379679144385, 0.0006684491978609625, 0.0, 0.0, 0.0], [0.00029568302779420464, 0.0, 0.0, 0.0, 0.0005913660555884093, 0.0008870490833826139, 0.003252513305736251, 0.005322294500295683, 0.00768775872264932, 0.015227675931401537, 0.02897693672383205, 0.044500295683027796, 0.060615020697811946, 0.08752217622708457, 0.13187463039621525, 0.13956238911886457, 0.1407451212300414, 0.0901833234772324, 0.1157599053814311, 0.038143110585452396, 0.02631578947368421, 0.02942046126552336, 0.011827321111768185, 0.0056179775280898875, 0.009166173861620342, 0.003252513305736251, 0.0011827321111768185, 0.0010348905972797163, 0.00014784151389710232, 0.0008870490833826139, 0.0, 0.0], [0.0, 0.0, 0.0, 0.0004579803068468056, 0.0004579803068468056, 0.0002289901534234028, 0.002289901534234028, 0.0013739409205404168, 0.004350812915044653, 0.009617586443782918, 0.017632241813602016, 0.021525074421799864, 0.03618044424089764, 0.05106480421341882, 0.07556675062972293, 0.1064804213418823, 0.12548660407602474, 0.10350354934737806, 0.16052209754980537, 0.07144492786810167, 0.052667735287382646, 0.055873597435310285, 0.027249828257384933, 0.014426379665674376, 0.029997710098465767, 0.012823448591710557, 0.008014655369819098, 0.004350812915044653, 0.0034348523013510417, 0.002976871994504236, 0.0, 0.0], [0.0, 0.0, 0.0, 0.00020842017507294707, 0.00020842017507294707, 0.0, 0.0010421008753647354, 0.0010421008753647354, 0.0029178824510212586, 0.010421008753647354, 0.015839933305543976, 0.028136723634847854, 0.04564401834097541, 0.066902876198416, 0.09733222175906628, 0.12025844101709045, 0.14902042517715716, 0.10087536473530638, 0.1617340558566069, 0.06627761567319716, 0.04418507711546478, 0.04355981659024594, 0.01563151313047103, 0.0070862859524802, 0.00854522717799083, 0.0025010421008753647, 0.006461025427261359, 0.0022926219258024177, 0.0016673614005835765, 0.00020842017507294707, 0.0, 0.0], [0.00013183915622940013, 0.00013183915622940013, 0.00013183915622940013, 0.00013183915622940013, 0.0005273566249176005, 0.0011865524060646012, 0.0013183915622940012, 0.0032959789057350032, 0.005405405405405406, 0.008833223467369809, 0.022544495715227424, 0.03401450230718523, 0.056295319709953856, 0.07712590639419907, 0.11298615688859591, 0.14225444957152275, 0.16361239288068558, 0.11206328279499012, 0.11272247857613711, 0.058404746209624256, 0.03572841133816743, 0.023599208965062624, 0.013052076466710614, 0.004614370468029005, 0.005800922874093606, 0.0011865524060646012, 0.0025049439683586024, 0.0003955174686882004, 0.0, 0.0, 0.0, 0.0], [0.0, 0.0, 0.0, 0.00021982853374367993, 0.00021982853374367993, 0.0010991426687183997, 0.0013189712024620796, 0.002857770938667839, 0.006155198944823038, 0.007693998681028797, 0.016926797098263356, 0.024400967245548473, 0.043086392613761265, 0.0602330182457683, 0.09628489777973182, 0.13189712024620795, 0.15783688722796219, 0.11760826555286877, 0.13541437678610685, 0.06418993185315454, 0.042866564080017586, 0.03846999340514399, 0.017586282699494395, 0.0068146845460540775, 0.015827654429544955, 0.003956913607386239, 0.003077599472411519, 0.0010991426687183997, 0.0021982853374367993, 0.0006594856012310398, 0.0, 0.0], [0.0, 0.0, 0.0, 0.0002628811777076761, 0.0, 0.0010515247108307045, 0.002365930599369085, 0.0026288117770767614, 0.0057833859095688745, 0.0057833859095688745, 0.012355415352260778, 0.022082018927444796, 0.031545741324921134, 0.04600420609884332, 0.08096740273396424, 0.10883280757097792, 0.13801261829652997, 0.10383806519453208, 0.17902208201892744, 0.07833859095688749, 0.047055730809674026, 0.062302839116719244, 0.02365930599369085, 0.014721345951629864, 0.017613038906414302, 0.010515247108307046, 0.0028916929547844372, 0.0007886435331230284, 0.0013144058885383807, 0.0002628811777076761, 0.0, 0.0], [0.0, 0.0, 0.0002886419396738346, 0.0, 0.0002886419396738346, 0.00043296290951075193, 0.0005772838793476692, 0.002020493577716842, 0.001876172607879925, 0.00533987588396594, 0.011834319526627219, 0.02626641651031895, 0.04329629095107519, 0.07302641073748016, 0.1050656660412758, 0.11805455332659835, 0.14504257468610188, 0.0992928272477991, 0.1560109683937076, 0.0567181411459085, 0.04069851349401068, 0.0417087602828691, 0.024390243902439025, 0.00966950497907346, 0.02034925674700534, 0.005917159763313609, 0.005195554914129023, 0.0036080242459229327, 0.002886419396738346, 0.0001443209698369173, 0.0, 0.0], [0.0, 0.0, 9.115770282588879e-05, 0.0, 9.115770282588879e-05, 0.00027347310847766635, 0.00036463081130355516, 0.0010938924339106654, 0.0020054694621695532, 0.005742935278030993, 0.011212397447584321, 0.020601640838650865, 0.035916134913400184, 0.05031905195989061, 0.07383773928896992, 0.09161349134001823, 0.12105742935278031, 0.09744758432087511, 0.21485870556061987, 0.08641750227894257, 0.05405651777575205, 0.07055606198723792, 0.02178669097538742, 0.009298085688240657, 0.018140382862351867, 0.005742935278030993, 0.003372835004557885, 0.0023701002734731083, 0.0015496809480401094, 0.00018231540565177758, 0.0, 0.0], [0.0, 0.0, 0.0, 0.0, 0.0, 0.00011870845204178538, 0.0007122507122507123, 0.0005935422602089269, 0.002255460588793922, 0.0052231718898385565, 0.008072174738841406, 0.018874643874643875, 0.032644824311490975, 0.05626780626780627, 0.08808167141500475, 0.1291547958214625, 0.17224596391263058, 0.12345679012345678, 0.1955128205128205, 0.06659544159544159, 0.03359449192782526, 0.04309116809116809, 0.010802469135802469, 0.003205128205128205, 0.004985754985754986, 0.0011870845204178537, 0.0013057929724596391, 0.0017806267806267807, 0.00023741690408357076, 0.0, 0.0, 0.0], [0.0, 0.004016064257028112, 0.0, 0.004016064257028112, 0.004016064257028112, 0.020080321285140562, 0.028112449799196786, 0.020080321285140562, 0.06827309236947791, 0.040160642570281124, 0.040160642570281124, 0.08032128514056225, 0.07228915662650602, 0.11244979919678715, 0.10441767068273092, 0.11244979919678715, 0.10040160642570281, 0.06827309236947791, 0.040160642570281124, 0.024096385542168676, 0.01606425702811245, 0.01606425702811245, 0.008032128514056224, 0.01606425702811245, 0.0, 0.0, 0.0, 0.0, 0.0, 0.0, 0.0, 0.0]]}, "ranks": {"labels": ["Unranked", "Combatatent I", "Combatatent II", "Challenger I", "Challenger II", "Rival I", "Rival II", "Duelist", "Elite"], "data": [[0.12837837837837837, 0.15202702702702703, 0.19256756756756757, 0.21621621621621623, 0.14864864864864866, 0.08783783783783784, 0.04054054054054054, 0.033783783783783786, 0.0], [0.05211024978466839, 0.07967269595176572, 0.1425495262704565, 0.22566752799310938, 0.24031007751937986, 0.173557278208441, 0.043496985357450474, 0.0305770887166236, 0.012058570198105082], [0.010194241631078661, 0.02066400330624053, 0.050971208155393306, 0.11792257886761262, 0.2270285163245626, 0.304036368645819, 0.09904945584791293, 0.12081553933048629, 0.04931808789089406], [0.021788413098236776, 0.0371536523929471, 0.08942065491183879, 0.18236775818639797, 0.2730478589420655, 0.22481108312342568, 0.08463476070528968, 0.072544080604534, 0.014231738035264483], [0.13761467889908258, 0.11926605504587157, 0.1926605504587156, 0.1743119266055046, 0.09174311926605505, 0.1651376146788991, 0.045871559633027525, 0.07339449541284404, 0.0], [0.011077805291281115, 0.030366219210217645, 0.09175029323602242, 0.20826273947608498, 0.261827186237456, 0.1988791867587645, 0.07376515052782484, 0.08757982536165776, 0.03649159390069073], [0.06578220011055833, 0.08568269762299613, 0.15671641791044777, 0.23908236594803758, 0.2103372028745163, 0.12078496406854616, 0.04532891100055279, 0.046158098396904365, 0.030127142067440577], [0.2708333333333333, 0.1840277777777778, 0.20833333333333334, 0.1388888888888889, 0.09722222222222222, 0.03819444444444445, 0.034722222222222224, 0.027777777777777776, 0.0], [0.04183970099667774, 0.08596345514950166, 0.14171511627906977, 0.2136627906976744, 0.22051495016611294, 0.13143687707641197, 0.0634343853820598, 0.06758720930232558, 0.03384551495016611], [0.0075069142631371, 0.015408929276965626, 0.03476886606084552, 0.10667720268668511, 0.17147372580007902, 0.22402212564203872, 0.12564203871987356, 0.19755037534571315, 0.11694982220466218], [0.042080848243870116, 0.06759443339960239, 0.13485752153744202, 0.2100728959575878, 0.2345924453280318, 0.17395626242544732, 0.05765407554671968, 0.05997349237905898, 0.019218025182239893], [0.05675220078666417, 0.11762502341262408, 0.19048510957108072, 0.2672785165761379, 0.1959168383592433, 0.09589810825997377, 0.038584004495223825, 0.02940625585315602, 0.008053942685896235], [0.025303110173958882, 0.06290634334914778, 0.12124406958355298, 0.22140221402214022, 0.2479353364962221, 0.1799332279037076, 0.06571780003514321, 0.0558777016341592, 0.01968019680196802], [0.024560160585665368, 0.0508914865981816, 0.09292714606210886, 0.19057739992915337, 0.25304050064942735, 0.19754398394143347, 0.0831266973668674, 0.07946628881804227, 0.02786633604912032], [0.011308950914340712, 0.031039461020211743, 0.08926852743022137, 0.1831087584215592, 0.26900866217516844, 0.21342637151106833, 0.0904716073147257, 0.08517805582290663, 0.027189605389797884], [0.03565292096219931, 0.0506872852233677, 0.11168384879725086, 0.18814432989690721, 0.24140893470790378, 0.16151202749140894, 0.07774914089347079, 0.08891752577319588, 0.044243986254295535], [0.02986095281513563, 0.06587645315705494, 0.14976065648506953, 0.23478459083656258, 0.2311374515614315, 0.15249601094141782, 0.05174378846592204, 0.05972190563027126, 0.024618190107134716], [0.021664374140302613, 0.04934662998624484, 0.11674690508940853, 0.2221458046767538, 0.2451856946354883, 0.2063273727647868, 0.05759972489683631, 0.05828748280605227, 0.02269601100412655], [0.12371134020618557, 0.07216494845360824, 0.09278350515463918, 0.18556701030927836, 0.1958762886597938, 0.061855670103092786, 0.10309278350515463, 0.08247422680412371, 0.08247422680412371], [0.012915803582307785, 0.02948702327281589, 0.08407457048860728, 0.2172535640307055, 0.2985256488363592, 0.1787498476909955, 0.07993176556598026, 0.07786036310466675, 0.02120141342756184], [0.008317338451695458, 0.020313499680102366, 0.05022392834293026, 0.13147792706333974, 0.24360204734484964, 0.24744081893793987, 0.1172424824056302, 0.13115802943058222, 0.05022392834293026], [0.01605577268406042, 0.0338016267032851, 0.06348368015210731, 0.14439632407309602, 0.2505545579381008, 0.2429491919298616, 0.10953839653533326, 0.1094327664518855, 0.02978768353226999], [0.023090586145648313, 0.04262877442273535, 0.13854351687388988, 0.23801065719360567, 0.2895204262877442, 0.1989342806394316, 0.037300177619893425, 0.028419182948490232, 0.003552397868561279], [0.009326060179482667, 0.024986802745029034, 0.0631708604610241, 0.12642970262185466, 0.20649304944571528, 0.2693999648073201, 0.11613584374450114, 0.14754531057540032, 0.03651240541967271], [0.011759384893713252, 0.036635006784260515, 0.11298055178652193, 0.24568068747173225, 0.3182270465852555, 0.17756671189507012, 0.05336951605608322, 0.03735866123925825, 0.00642243328810493], [0.014133399454500373, 0.03471361269526407, 0.0805851723282916, 0.20394247458467643, 0.28787503099429707, 0.2040664517728738, 0.08182494421026532, 0.07723778824696256, 0.015621125712868833], [0.00741399762752076, 0.025948991696322657, 0.07517793594306049, 0.19854685646500594, 0.2511862396204033, 0.22627520759193356, 0.07666073546856465, 0.09534400948991696, 0.04344602609727165], [0.06760886172650879, 0.09511077158135982, 0.14782276546982429, 0.22956455309396487, 0.19747899159663865, 0.15813598166539344, 0.046218487394957986, 0.04125286478227655, 0.01680672268907563], [0.0481283422459893, 0.060828877005347594, 0.10227272727272728, 0.19919786096256684, 0.2533422459893048, 0.20120320855614973, 0.05748663101604278, 0.05614973262032086, 0.0213903743315508], [0.03326434062684802, 0.07347723240685984, 0.14813719692489652, 0.2714370195150798, 0.2309284447072738, 0.135866351271437, 0.044352454169130695, 0.04686575990538143, 0.015671200473092846], [0.01877719258071903, 0.039157316235401876, 0.08724524845431647, 0.18204717197160522, 0.2289901534234028, 0.1976185024043966, 0.08701625830089306, 0.09754980535836959, 0.06159835127089535], [0.015839933305543976, 0.04397665694039183, 0.11254689453939141, 0.21759066277615674, 0.24989578991246353, 0.19987494789495625, 0.07232180075031264, 0.06627761567319716, 0.021675698207586493], [0.02109426499670402, 0.056558998022412654, 0.13342122610415294, 0.25524060646011865, 0.2756756756756757, 0.14673698088332235, 0.06011865524060646, 0.04126565589980224, 0.00988793671720501], [0.019564739503187514, 0.04132776434381183, 0.10331941085952957, 0.22818201802593976, 0.2754451527808309, 0.17080677071883932, 0.07166410200043966, 0.06287096065069246, 0.02681908111672895], [0.017875920084121977, 0.034437434279705574, 0.07754994742376446, 0.18980021030494218, 0.24185068349106204, 0.221608832807571, 0.08280757097791798, 0.10068349106203996, 0.03338590956887487], [0.010824072737768798, 0.03810073603694617, 0.11632270168855535, 0.22312021936787416, 0.244335401933901, 0.18660701399913407, 0.06682060903449272, 0.07576850916438159, 0.03810073603694617], [0.009662716499544212, 0.031814038286235184, 0.08623518687329079, 0.16545123062898814, 0.21850501367365543, 0.2586144029170465, 0.09671832269826801, 0.101640838650866, 0.031358249772105745], [0.008903133903133903, 0.02694681861348528, 0.08891263057929724, 0.21723646723646722, 0.29570275403608737, 0.23195631528964863, 0.06374643874643875, 0.05709876543209876, 0.00949667616334283], [0.18875502008032127, 0.12048192771084337, 0.18473895582329317, 0.21686746987951808, 0.1686746987951807, 0.05220883534136546, 0.028112449799196786, 0.040160642570281124, 0.0]]}, "ranksDetailed": {"labels": ["Unranked", "Combatatant", "Challenger", "Rival", "Duelist", "Elite"], "data": [[0.12837837837837837, 0.34459459459459457, 0.36486486486486486, 0.12837837837837837, 0.033783783783783786, 0.0], [0.05211024978466839, 0.2222222222222222, 0.46597760551248923, 0.21705426356589147, 0.0305770887166236, 0.012058570198105082], [0.010194241631078661, 0.07163521146163383, 0.3449510951921752, 0.4030858244937319, 0.12081553933048629, 0.04931808789089406], [0.021788413098236776, 0.1265743073047859, 0.45541561712846346, 0.3094458438287154, 0.072544080604534, 0.014231738035264483], [0.13761467889908258, 0.3119266055045872, 0.26605504587155965, 0.21100917431192662, 0.07339449541284404, 0.0], [0.011077805291281115, 0.12211651244624007, 0.47008992571354097, 0.2726443372865893, 0.08757982536165776, 0.03649159390069073], [0.06578220011055833, 0.2423991155334439, 0.4494195688225539, 0.16611387506909894, 0.046158098396904365, 0.030127142067440577], [0.2708333333333333, 0.3923611111111111, 0.2361111111111111, 0.07291666666666667, 0.027777777777777776, 0.0], [0.04183970099667774, 0.22767857142857142, 0.43417774086378735, 0.19487126245847175, 0.06758720930232558, 0.03384551495016611], [0.0075069142631371, 0.050177795337811144, 0.27815092848676415, 0.3496641643619123, 0.19755037534571315, 0.11694982220466218], [0.042080848243870116, 0.2024519549370444, 0.44466534128561963, 0.23161033797216699, 0.05997349237905898, 0.019218025182239893], [0.05675220078666417, 0.3081101329837048, 0.46319535493538116, 0.1344821127551976, 0.02940625585315602, 0.008053942685896235], [0.025303110173958882, 0.18415041293270076, 0.46933755051836235, 0.24565102793885082, 0.0558777016341592, 0.01968019680196802], [0.024560160585665368, 0.14381863266029046, 0.4436179005785807, 0.28067068130830086, 0.07946628881804227, 0.02786633604912032], [0.011308950914340712, 0.12030798845043311, 0.4521174205967276, 0.30389797882579406, 0.08517805582290663, 0.027189605389797884], [0.03565292096219931, 0.16237113402061856, 0.42955326460481097, 0.23926116838487974, 0.08891752577319588, 0.044243986254295535], [0.02986095281513563, 0.21563710964212446, 0.46592204239799406, 0.20423979940733986, 0.05972190563027126, 0.024618190107134716], [0.021664374140302613, 0.16609353507565336, 0.4673314993122421, 0.2639270976616231, 0.05828748280605227, 0.02269601100412655], [0.12371134020618557, 0.16494845360824742, 0.38144329896907214, 0.16494845360824742, 0.08247422680412371, 0.08247422680412371], [0.012915803582307785, 0.11356159376142318, 0.5157792128670647, 0.25868161325697575, 0.07786036310466675, 0.02120141342756184], [0.008317338451695458, 0.07053742802303263, 0.37507997440818935, 0.3646833013435701, 0.13115802943058222, 0.05022392834293026], [0.01605577268406042, 0.09728530685539241, 0.39495088201119677, 0.3524875884651949, 0.1094327664518855, 0.02978768353226999], [0.023090586145648313, 0.1811722912966252, 0.5275310834813499, 0.23623445825932504, 0.028419182948490232, 0.003552397868561279], [0.009326060179482667, 0.08815766320605314, 0.33292275206756994, 0.38553580855182124, 0.14754531057540032, 0.03651240541967271], [0.011759384893713252, 0.14961555857078246, 0.5639077340569878, 0.23093622795115332, 0.03735866123925825, 0.00642243328810493], [0.014133399454500373, 0.11529878502355567, 0.49181750557897347, 0.2858913959831391, 0.07723778824696256, 0.015621125712868833], [0.00741399762752076, 0.10112692763938315, 0.44973309608540923, 0.3029359430604982, 0.09534400948991696, 0.04344602609727165], [0.06760886172650879, 0.24293353705118412, 0.4270435446906035, 0.2043544690603514, 0.04125286478227655, 0.01680672268907563], [0.0481283422459893, 0.16310160427807488, 0.45254010695187163, 0.2586898395721925, 0.05614973262032086, 0.0213903743315508], [0.03326434062684802, 0.22161442933175635, 0.5023654642223536, 0.1802188054405677, 0.04686575990538143, 0.015671200473092846], [0.01877719258071903, 0.12640256468971833, 0.41103732539500804, 0.28463476070528965, 0.09754980535836959, 0.06159835127089535], [0.015839933305543976, 0.15652355147978325, 0.46748645268862027, 0.2721967486452689, 0.06627761567319716, 0.021675698207586493], [0.02109426499670402, 0.1899802241265656, 0.5309162821357943, 0.2068556361239288, 0.04126565589980224, 0.00988793671720501], [0.019564739503187514, 0.1446471752033414, 0.5036271708067708, 0.24247087271927897, 0.06287096065069246, 0.02681908111672895], [0.017875920084121977, 0.11198738170347003, 0.4316508937960042, 0.30441640378548895, 0.10068349106203996, 0.03338590956887487], [0.010824072737768798, 0.15442343772550152, 0.46745562130177515, 0.25342762303362676, 0.07576850916438159, 0.03810073603694617], [0.009662716499544212, 0.11804922515952598, 0.3839562443026436, 0.3553327256153145, 0.101640838650866, 0.031358249772105745], [0.008903133903133903, 0.11585944919278253, 0.5129392212725546, 0.29570275403608737, 0.05709876543209876, 0.00949667616334283], [0.18875502008032127, 0.30522088353413657, 0.3855421686746988, 0.08032128514056225, 0.040160642570281124, 0.0]]}}}, "eu": {"histType": {"histogram": {"labels": ["0", "100", "200", "300", "400", "500", "600", "700", "800", "900", "1000", "1100", "1200", "1300", "1400", "1500", "1600", "1700", "1800", "1900", "2000", "2100", "2200", "2300", "2400", "2500", "2600", "2700", "2800", "2900", "3000", "3100"], "data": [[0.0, 0.0, 0.004366812227074236, 0.0, 0.0, 0.008733624454148471, 0.017467248908296942, 0.017467248908296942, 0.048034934497816595, 0.043668122270742356, 0.06550218340611354, 0.0611353711790393, 0.0611353711790393, 0.10043668122270742, 0.13973799126637554, 0.1222707423580786, 0.09606986899563319, 0.07860262008733625, 0.048034934497816595, 0.03056768558951965, 0.013100436681222707, 0.013100436681222707, 0.004366812227074236, 0.008733624454148471, 0.017467248908296942, 0.0, 0.0, 0.0, 0.0, 0.0, 0.0, 0.0], [0.0, 0.0, 0.00046382189239332097, 0.0013914656771799629, 0.0009276437847866419, 0.004174397031539889, 0.00463821892393321, 0.0074211502782931356, 0.017161410018552876, 0.025510204081632654, 0.03525046382189239, 0.050556586270871985, 0.06261595547309833, 0.07838589981447125, 0.12152133580705009, 0.11549165120593692, 0.15166975881261596, 0.08534322820037106, 0.13543599257884972, 0.03896103896103896, 0.02040816326530612, 0.021335807050092765, 0.006493506493506494, 0.00463821892393321, 0.00510204081632653, 0.0027829313543599257, 0.00046382189239332097, 0.0018552875695732839, 0.0, 0.0, 0.0, 0.0], [0.0, 0.0, 0.0, 0.00014530659691950015, 0.00014530659691950015, 0.00014530659691950015, 0.00014530659691950015, 0.0014530659691950015, 0.002906131938390003, 0.004359197907585004, 0.009009009009009009, 0.014530659691950014, 0.021360069747166522, 0.028480092996222027, 0.04795117698343505, 0.06931124673060157, 0.13193839000290614, 0.1043301365882011, 0.24455100261551874, 0.08674803836094158, 0.06248183667538506, 0.08267945364719559, 0.02833478639930253, 0.014821272885789015, 0.024120895088637025, 0.009154315605928508, 0.0036326649229875036, 0.0033420517291485033, 0.0015983725661145017, 0.002179598953792502, 0.00014530659691950015, 0.0], [0.0, 0.0, 0.0, 0.00012097749818533752, 0.00012097749818533752, 0.00024195499637067505, 0.0008468424872973627, 0.0026615049600774254, 0.003992257440116139, 0.00834744737478829, 0.016452939753205904, 0.02588918461166223, 0.03411565448826518, 0.04597144931042826, 0.07633680135494798, 0.10331478345027825, 0.16126300508105493, 0.11746915073796274, 0.1860633922090491, 0.08008710379869344, 0.05202032421969514, 0.04911686426324704, 0.013428502298572466, 0.007016694894749577, 0.009194289862085652, 0.0029034599564481006, 0.0008468424872973627, 0.0004839099927413501, 0.0010887974836680378, 0.0006048874909266877, 0.0, 0.0], [0.0, 0.0, 0.0, 0.0, 0.0, 0.018691588785046728, 0.028037383177570093, 0.04672897196261682, 0.04672897196261682, 0.028037383177570093, 0.07476635514018691, 0.09345794392523364, 0.037383177570093455, 0.028037383177570093, 0.08411214953271028, 0.1308411214953271, 0.06542056074766354, 0.08411214953271028, 0.07476635514018691, 0.056074766355140186, 0.04672897196261682, 0.0, 0.0, 0.037383177570093455, 0.009345794392523364, 0.009345794392523364, 0.0, 0.0, 0.0, 0.0, 0.0, 0.0], [0.0, 0.00013163090693694878, 0.00013163090693694878, 0.00026326181387389757, 0.0003948927208108464, 0.00013163090693694878, 0.0003948927208108464, 0.001974463604054232, 0.003027510859549822, 0.006186652626036593, 0.011188627089640647, 0.020271159668290115, 0.030801632223246018, 0.054890088192707645, 0.08595498222982756, 0.1082006055021719, 0.15137554297749112, 0.10793734368829801, 0.16256417006713175, 0.07450309332631302, 0.04659734105567987, 0.06120837172568119, 0.022245623272344348, 0.01092536527576675, 0.021060945109911806, 0.008556008950901672, 0.0036856653942345663, 0.002632618138738976, 0.0011846781624325392, 0.0014479399763064368, 0.00013163090693694878, 0.0], [0.00025119316754584274, 0.00025119316754584274, 0.00025119316754584274, 0.0012559658377292139, 0.00301